point 202
Index	Vertical (A-B)	Force	Z Height	Time Stamp	
     	V	nN	?m	?sec	
1	-8.2092E-1	4.0762E0	5.4805E0	1.2000E2	
2	-8.2321E-1	6.7938E-1	5.4792E0	2.3400E3	
3	-8.2260E-1	1.5852E0	5.4765E0	4.5600E3	
4	-8.2069E-1	4.4158E0	5.4733E0	6.7800E3	
5	-8.2520E-1	-2.2645E0	5.4699E0	9.0000E3	
6	-8.2375E-1	-1.1320E-1	5.4663E0	1.1220E4	
7	-8.2161E-1	3.0571E0	5.4625E0	1.3440E4	
8	-8.2108E-1	3.8497E0	5.4587E0	1.5660E4	
9	-8.2458E-1	-1.3587E0	5.4547E0	1.7880E4	
10	-8.2336E-1	4.5293E-1	5.4506E0	2.0100E4	
11	-8.2375E-1	-1.1320E-1	5.4463E0	2.2320E4	
12	-8.2191E-1	2.6042E0	5.4421E0	2.4540E4	
13	-8.1909E-1	6.7936E0	5.4378E0	2.6760E4	
14	-8.2283E-1	1.2455E0	5.4334E0	2.8980E4	
15	-8.2138E-1	3.3968E0	5.4289E0	3.1200E4	
16	-8.2024E-1	5.0952E0	5.4245E0	3.3420E4	
17	-8.2100E-1	3.9629E0	5.4200E0	3.5640E4	
18	-8.2138E-1	3.3968E0	5.4155E0	3.7860E4	
19	-8.1924E-1	6.5671E0	5.4110E0	4.0080E4	
20	-8.2085E-1	4.1894E0	5.4063E0	4.2300E4	
21	-8.2069E-1	4.4158E0	5.4017E0	4.4520E4	
22	-8.2115E-1	3.7365E0	5.3972E0	4.6740E4	
23	-8.1955E-1	6.1142E0	5.3925E0	4.8960E4	
24	-8.2100E-1	3.9629E0	5.3877E0	5.1180E4	
25	-8.2085E-1	4.1894E0	5.3830E0	5.3400E4	
26	-8.1917E-1	6.6803E0	5.3784E0	5.5620E4	
27	-8.1863E-1	7.4729E0	5.3736E0	5.7840E4	
28	-8.1932E-1	6.4539E0	5.3688E0	6.0060E4	
29	-8.2352E-1	2.2648E-1	5.3640E0	6.2280E4	
30	-8.1825E-1	8.0391E0	5.3593E0	6.4500E4	
31	-8.2092E-1	4.0762E0	5.3545E0	6.6720E4	
32	-8.1917E-1	6.6803E0	5.3498E0	6.8940E4	
33	-8.1795E-1	8.4920E0	5.3450E0	7.1160E4	
34	-8.2016E-1	5.2084E0	5.3400E0	7.3380E4	
35	-8.1886E-1	7.1332E0	5.3352E0	7.5600E4	
36	-8.1909E-1	6.7936E0	5.3303E0	7.7820E4	
37	-8.1779E-1	8.7184E0	5.3255E0	8.0040E4	
38	-8.1673E-1	1.0304E1	5.3206E0	8.2260E4	
39	-8.1932E-1	6.4539E0	5.3157E0	8.4480E4	
40	-8.1879E-1	7.2465E0	5.3108E0	8.6700E4	
41	-8.1711E-1	9.7374E0	5.3058E0	8.8920E4	
42	-8.1810E-1	8.2655E0	5.3009E0	9.1140E4	
43	-8.1902E-1	6.9068E0	5.2960E0	9.3360E4	
44	-8.1970E-1	5.8878E0	5.2912E0	9.5580E4	
45	-8.1787E-1	8.6052E0	5.2861E0	9.7800E4	
46	-8.1848E-1	7.6994E0	5.2812E0	1.0002E5	
47	-8.1841E-1	7.8126E0	5.2763E0	1.0224E5	
48	-8.1482E-1	1.3134E1	5.2712E0	1.0446E5	
49	-8.1757E-1	9.0581E0	5.2663E0	1.0668E5	
50	-8.2008E-1	5.3216E0	5.2613E0	1.0890E5	
51	-8.1665E-1	1.0417E1	5.2562E0	1.1112E5	
52	-8.1978E-1	5.7745E0	5.2513E0	1.1334E5	
53	-8.1650E-1	1.0643E1	5.2463E0	1.1556E5	
54	-8.1467E-1	1.3361E1	5.2412E0	1.1778E5	
55	-8.1757E-1	9.0581E0	5.2362E0	1.2000E5	
56	-8.1612E-1	1.1209E1	5.2311E0	1.2222E5	
57	-8.1711E-1	9.7374E0	5.2261E0	1.2444E5	
58	-8.1703E-1	9.8507E0	5.2209E0	1.2666E5	
59	-8.1604E-1	1.1323E1	5.2160E0	1.2888E5	
60	-8.1650E-1	1.0643E1	5.2109E0	1.3110E5	
61	-8.1512E-1	1.2681E1	5.2059E0	1.3332E5	
62	-8.1673E-1	1.0304E1	5.2008E0	1.3554E5	
63	-8.1734E-1	9.3978E0	5.1957E0	1.3776E5	
64	-8.1573E-1	1.1776E1	5.1905E0	1.3998E5	
65	-8.1734E-1	9.3978E0	5.1854E0	1.4220E5	
66	-8.1581E-1	1.1662E1	5.1803E0	1.4442E5	
67	-8.1757E-1	9.0581E0	5.1751E0	1.4664E5	
68	-8.1314E-1	1.5625E1	5.1700E0	1.4886E5	
69	-8.1322E-1	1.5512E1	5.1650E0	1.5108E5	
70	-8.1573E-1	1.1776E1	5.1598E0	1.5330E5	
71	-8.1413E-1	1.4153E1	5.1547E0	1.5552E5	
72	-8.1337E-1	1.5286E1	5.1494E0	1.5774E5	
73	-8.1734E-1	9.3978E0	5.1444E0	1.5996E5	
74	-8.1154E-1	1.8003E1	5.1392E0	1.6218E5	
75	-8.1337E-1	1.5286E1	5.1340E0	1.6440E5	
76	-8.1375E-1	1.4719E1	5.1288E0	1.6662E5	
77	-8.1421E-1	1.4040E1	5.1236E0	1.6884E5	
78	-8.1474E-1	1.3247E1	5.1184E0	1.7106E5	
79	-8.1169E-1	1.7776E1	5.1133E0	1.7328E5	
80	-8.1314E-1	1.5625E1	5.1081E0	1.7550E5	
81	-8.1108E-1	1.8682E1	5.1028E0	1.7772E5	
82	-8.1291E-1	1.5965E1	5.0976E0	1.7994E5	
83	-8.1116E-1	1.8569E1	5.0923E0	1.8216E5	
84	-8.1161E-1	1.7890E1	5.0872E0	1.8438E5	
85	-8.1047E-1	1.9588E1	5.0820E0	1.8660E5	
86	-8.1100E-1	1.8795E1	5.0768E0	1.8882E5	
87	-8.1314E-1	1.5625E1	5.0714E0	1.9104E5	
88	-8.1337E-1	1.5286E1	5.0663E0	1.9326E5	
89	-8.1070E-1	1.9248E1	5.0609E0	1.9548E5	
90	-8.1276E-1	1.6191E1	5.0558E0	1.9770E5	
91	-8.0902E-1	2.1739E1	5.0505E0	1.9992E5	
92	-8.0872E-1	2.2192E1	5.0451E0	2.0214E5	
93	-8.0910E-1	2.1626E1	5.0398E0	2.0436E5	
94	-8.1070E-1	1.9248E1	5.0346E0	2.0658E5	
95	-8.0864E-1	2.2305E1	5.0292E0	2.0880E5	
96	-8.1001E-1	2.0267E1	5.0240E0	2.1102E5	
97	-8.0757E-1	2.3891E1	5.0188E0	2.1324E5	
98	-8.0803E-1	2.3211E1	5.0133E0	2.1546E5	
99	-8.0750E-1	2.4004E1	5.0081E0	2.1768E5	
100	-8.0681E-1	2.5023E1	5.0028E0	2.1990E5	
101	-8.0711E-1	2.4570E1	4.9974E0	2.2212E5	
102	-8.0589E-1	2.6382E1	4.9920E0	2.2434E5	
103	-8.0833E-1	2.2758E1	4.9867E0	2.2656E5	
104	-8.0826E-1	2.2872E1	4.9813E0	2.2878E5	
105	-8.0849E-1	2.2532E1	4.9760E0	2.3100E5	
106	-8.0742E-1	2.4117E1	4.9707E0	2.3322E5	
107	-8.0505E-1	2.7627E1	4.9653E0	2.3544E5	
108	-8.0505E-1	2.7627E1	4.9600E0	2.3766E5	
109	-8.0505E-1	2.7627E1	4.9545E0	2.3988E5	
110	-8.0574E-1	2.6608E1	4.9492E0	2.4210E5	
111	-8.0544E-1	2.7061E1	4.9437E0	2.4432E5	
112	-8.0650E-1	2.5476E1	4.9384E0	2.4654E5	
113	-8.0597E-1	2.6268E1	4.9330E0	2.4876E5	
114	-8.0742E-1	2.4117E1	4.9276E0	2.5098E5	
115	-8.0566E-1	2.6721E1	4.9221E0	2.5320E5	
116	-8.0528E-1	2.7287E1	4.9168E0	2.5542E5	
117	-8.0688E-1	2.4910E1	4.9113E0	2.5764E5	
118	-8.0650E-1	2.5476E1	4.9059E0	2.5986E5	
119	-8.0635E-1	2.5702E1	4.9005E0	2.6208E5	
120	-8.0460E-1	2.8306E1	4.8951E0	2.6430E5	
121	-8.0429E-1	2.8759E1	4.8896E0	2.6652E5	
122	-8.0368E-1	2.9665E1	4.8842E0	2.6874E5	
123	-8.0444E-1	2.8533E1	4.8787E0	2.7096E5	
124	-8.0498E-1	2.7740E1	4.8732E0	2.7318E5	
125	-8.0414E-1	2.8986E1	4.8678E0	2.7540E5	
126	-8.0177E-1	3.2496E1	4.8623E0	2.7762E5	
127	-8.0460E-1	2.8306E1	4.8569E0	2.7984E5	
128	-8.0345E-1	3.0005E1	4.8514E0	2.8206E5	
129	-8.0521E-1	2.7401E1	4.8459E0	2.8428E5	
130	-8.0406E-1	2.9099E1	4.8405E0	2.8650E5	
131	-8.0460E-1	2.8306E1	4.8349E0	2.8872E5	
132	-8.0345E-1	3.0005E1	4.8294E0	2.9094E5	
133	-8.0528E-1	2.7287E1	4.8239E0	2.9316E5	
134	-8.0360E-1	2.9778E1	4.8183E0	2.9538E5	
135	-8.0505E-1	2.7627E1	4.8129E0	2.9760E5	
136	-8.0399E-1	2.9212E1	4.8074E0	2.9982E5	
137	-8.0238E-1	3.1590E1	4.8019E0	3.0204E5	
138	-8.0421E-1	2.8873E1	4.7963E0	3.0426E5	
139	-8.0467E-1	2.8193E1	4.7909E0	3.0648E5	
140	-8.0246E-1	3.1477E1	4.7852E0	3.0870E5	
141	-8.0185E-1	3.2383E1	4.7797E0	3.1092E5	
142	-8.0414E-1	2.8986E1	4.7741E0	3.1314E5	
143	-8.0193E-1	3.2269E1	4.7686E0	3.1536E5	
144	-8.0109E-1	3.3515E1	4.7631E0	3.1758E5	
145	-8.0002E-1	3.5100E1	4.7574E0	3.1980E5	
146	-8.0254E-1	3.1364E1	4.7518E0	3.2202E5	
147	-8.0223E-1	3.1816E1	4.7462E0	3.2424E5	
148	-8.0093E-1	3.3741E1	4.7407E0	3.2646E5	
149	-8.0025E-1	3.4760E1	4.7352E0	3.2868E5	
150	-8.0070E-1	3.4081E1	4.7294E0	3.3090E5	
151	-8.0139E-1	3.3062E1	4.7239E0	3.3312E5	
152	-7.9948E-1	3.5893E1	4.7184E0	3.3534E5	
153	-8.0086E-1	3.3855E1	4.7128E0	3.3756E5	
154	-8.0154E-1	3.2835E1	4.7071E0	3.3978E5	
155	-8.0009E-1	3.4987E1	4.7015E0	3.4200E5	
156	-8.0116E-1	3.3402E1	4.6959E0	3.4422E5	
157	-7.9849E-1	3.7365E1	4.6902E0	3.4644E5	
158	-7.9941E-1	3.6006E1	4.6846E0	3.4866E5	
159	-7.9910E-1	3.6459E1	4.6790E0	3.5088E5	
160	-7.9956E-1	3.5779E1	4.6733E0	3.5310E5	
161	-7.9712E-1	3.9403E1	4.6676E0	3.5532E5	
162	-7.9788E-1	3.8270E1	4.6620E0	3.5754E5	
163	-7.9704E-1	3.9516E1	4.6564E0	3.5976E5	
164	-7.9628E-1	4.0648E1	4.6507E0	3.6198E5	
165	-7.9918E-1	3.6345E1	4.6450E0	3.6420E5	
166	-7.9651E-1	4.0308E1	4.6394E0	3.6642E5	
167	-7.9788E-1	3.8270E1	4.6337E0	3.6864E5	
168	-7.9475E-1	4.2913E1	4.6280E0	3.7086E5	
169	-7.9514E-1	4.2346E1	4.6222E0	3.7308E5	
170	-7.9582E-1	4.1327E1	4.6165E0	3.7530E5	
171	-7.9620E-1	4.0761E1	4.6109E0	3.7752E5	
172	-7.9597E-1	4.1101E1	4.6051E0	3.7974E5	
173	-7.9567E-1	4.1554E1	4.5995E0	3.8196E5	
174	-7.9460E-1	4.3139E1	4.5936E0	3.8418E5	
175	-7.9369E-1	4.4498E1	4.5879E0	3.8640E5	
176	-7.9620E-1	4.0761E1	4.5822E0	3.8862E5	
177	-7.9727E-1	3.9176E1	4.5766E0	3.9084E5	
178	-7.9430E-1	4.3592E1	4.5708E0	3.9306E5	
179	-7.9529E-1	4.2120E1	4.5650E0	3.9528E5	
180	-7.9155E-1	4.7668E1	4.5593E0	3.9750E5	
181	-7.9269E-1	4.5970E1	4.5535E0	3.9972E5	
182	-7.9056E-1	4.9140E1	4.5478E0	4.0194E5	
183	-7.9414E-1	4.3818E1	4.5421E0	4.0416E5	
184	-7.8964E-1	5.0499E1	4.5362E0	4.0638E5	
185	-7.9201E-1	4.6989E1	4.5305E0	4.0860E5	
186	-7.9437E-1	4.3479E1	4.5248E0	4.1082E5	
187	-7.9254E-1	4.6196E1	4.5190E0	4.1304E5	
188	-7.9262E-1	4.6083E1	4.5132E0	4.1526E5	
189	-7.9178E-1	4.7328E1	4.5073E0	4.1748E5	
190	-7.9109E-1	4.8347E1	4.5015E0	4.1970E5	
191	-7.9041E-1	4.9366E1	4.4957E0	4.2192E5	
192	-7.9010E-1	4.9819E1	4.4900E0	4.2414E5	
193	-7.9353E-1	4.4724E1	4.4841E0	4.2636E5	
194	-7.9048E-1	4.9253E1	4.4784E0	4.2858E5	
195	-7.9147E-1	4.7781E1	4.4725E0	4.3080E5	
196	-7.9247E-1	4.6309E1	4.4667E0	4.3302E5	
197	-7.9086E-1	4.8687E1	4.4609E0	4.3524E5	
198	-7.9201E-1	4.6989E1	4.4551E0	4.3746E5	
199	-7.9117E-1	4.8234E1	4.4492E0	4.3968E5	
200	-7.9109E-1	4.8347E1	4.4434E0	4.4190E5	
201	-7.8972E-1	5.0385E1	4.4375E0	4.4412E5	
202	-7.9102E-1	4.8461E1	4.4317E0	4.4634E5	
203	-7.9041E-1	4.9366E1	4.4258E0	4.4856E5	
204	-7.9224E-1	4.6649E1	4.4199E0	4.5078E5	
205	-7.9239E-1	4.6423E1	4.4140E0	4.5300E5	
206	-7.9102E-1	4.8461E1	4.4081E0	4.5522E5	
207	-7.8796E-1	5.2990E1	4.4023E0	4.5744E5	
208	-7.8972E-1	5.0385E1	4.3964E0	4.5966E5	
209	-7.9094E-1	4.8574E1	4.3905E0	4.6188E5	
210	-7.8751E-1	5.3669E1	4.3847E0	4.6410E5	
211	-7.9018E-1	4.9706E1	4.3787E0	4.6632E5	
212	-7.8964E-1	5.0499E1	4.3728E0	4.6854E5	
213	-7.8773E-1	5.3329E1	4.3671E0	4.7076E5	
214	-7.8979E-1	5.0272E1	4.3611E0	4.7298E5	
215	-7.8705E-1	5.4348E1	4.3551E0	4.7520E5	
216	-7.9117E-1	4.8234E1	4.3493E0	4.7742E5	
217	-7.8957E-1	5.0612E1	4.3433E0	4.7964E5	
218	-7.8819E-1	5.2650E1	4.3374E0	4.8186E5	
219	-7.9132E-1	4.8008E1	4.3314E0	4.8408E5	
220	-7.9140E-1	4.7895E1	4.3256E0	4.8630E5	
221	-7.8781E-1	5.3216E1	4.3196E0	4.8852E5	
222	-7.8903E-1	5.1405E1	4.3137E0	4.9074E5	
223	-7.8629E-1	5.5481E1	4.3078E0	4.9296E5	
224	-7.8903E-1	5.1405E1	4.3018E0	4.9518E5	
225	-7.8857E-1	5.2084E1	4.2958E0	4.9740E5	
226	-7.8850E-1	5.2197E1	4.2898E0	4.9962E5	
227	-7.8850E-1	5.2197E1	4.2838E0	5.0184E5	
228	-7.8606E-1	5.5820E1	4.2779E0	5.0406E5	
229	-7.8522E-1	5.7066E1	4.2719E0	5.0628E5	
230	-7.8674E-1	5.4801E1	4.2660E0	5.0850E5	
231	-7.8735E-1	5.3895E1	4.2601E0	5.1072E5	
232	-7.8613E-1	5.5707E1	4.2541E0	5.1294E5	
233	-7.8690E-1	5.4575E1	4.2480E0	5.1516E5	
234	-7.8598E-1	5.5934E1	4.2421E0	5.1738E5	
235	-7.8522E-1	5.7066E1	4.2361E0	5.1960E5	
236	-7.8583E-1	5.6160E1	4.2301E0	5.2182E5	
237	-7.8560E-1	5.6500E1	4.2240E0	5.2404E5	
238	-7.8445E-1	5.8198E1	4.2180E0	5.2626E5	
239	-7.8247E-1	6.1142E1	4.2121E0	5.2848E5	
240	-7.8270E-1	6.0802E1	4.2061E0	5.3070E5	
241	-7.8270E-1	6.0802E1	4.2000E0	5.3292E5	
242	-7.8362E-1	5.9444E1	4.1940E0	5.3514E5	
243	-7.8018E-1	6.4539E1	4.1879E0	5.3736E5	
244	-7.8140E-1	6.2727E1	4.1819E0	5.3958E5	
245	-7.8407E-1	5.8764E1	4.1759E0	5.4180E5	
246	-7.8262E-1	6.0915E1	4.1699E0	5.4402E5	
247	-7.8217E-1	6.1595E1	4.1638E0	5.4624E5	
248	-7.7805E-1	6.7709E1	4.1578E0	5.4846E5	
249	-7.7988E-1	6.4992E1	4.1518E0	5.5068E5	
250	-7.8079E-1	6.3633E1	4.1456E0	5.5290E5	
251	-7.8011E-1	6.4652E1	4.1396E0	5.5512E5	
252	-7.8011E-1	6.4652E1	4.1336E0	5.5734E5	
253	-7.8278E-1	6.0689E1	4.1275E0	5.5956E5	
254	-7.7957E-1	6.5445E1	4.1214E0	5.6178E5	
255	-7.8079E-1	6.3633E1	4.1153E0	5.6400E5	
256	-7.8011E-1	6.4652E1	4.1093E0	5.6622E5	
257	-7.8018E-1	6.4539E1	4.1032E0	5.6844E5	
258	-7.7873E-1	6.6690E1	4.0971E0	5.7066E5	
259	-7.7652E-1	6.9974E1	4.0910E0	5.7288E5	
260	-7.7827E-1	6.7369E1	4.0849E0	5.7510E5	
261	-7.7728E-1	6.8841E1	4.0789E0	5.7732E5	
262	-7.7850E-1	6.7030E1	4.0727E0	5.7954E5	
263	-7.7789E-1	6.7935E1	4.0665E0	5.8176E5	
264	-7.7789E-1	6.7935E1	4.0604E0	5.8398E5	
265	-7.7759E-1	6.8388E1	4.0544E0	5.8620E5	
266	-7.7744E-1	6.8615E1	4.0482E0	5.8842E5	
267	-7.7629E-1	7.0313E1	4.0421E0	5.9064E5	
268	-7.7576E-1	7.1106E1	4.0361E0	5.9286E5	
269	-7.8018E-1	6.4539E1	4.0299E0	5.9508E5	
270	-7.7805E-1	6.7709E1	4.0237E0	5.9730E5	
271	-7.7499E-1	7.2238E1	4.0176E0	5.9952E5	
272	-7.7675E-1	6.9634E1	4.0115E0	6.0174E5	
273	-7.7820E-1	6.7483E1	4.0054E0	6.0396E5	
274	-7.7629E-1	7.0313E1	3.9992E0	6.0618E5	
275	-7.7690E-1	6.9407E1	3.9930E0	6.0840E5	
276	-7.7637E-1	7.0200E1	3.9869E0	6.1062E5	
277	-7.7545E-1	7.1559E1	3.9808E0	6.1284E5	
278	-7.7522E-1	7.1898E1	3.9744E0	6.1506E5	
279	-7.7545E-1	7.1559E1	3.9683E0	6.1728E5	
280	-7.7736E-1	6.8728E1	3.9622E0	6.1950E5	
281	-7.7484E-1	7.2465E1	3.9561E0	6.2172E5	
282	-7.7652E-1	6.9974E1	3.9499E0	6.2394E5	
283	-7.7385E-1	7.3936E1	3.9437E0	6.2616E5	
284	-7.7583E-1	7.0993E1	3.9375E0	6.2838E5	
285	-7.7492E-1	7.2351E1	3.9314E0	6.3060E5	
286	-7.7652E-1	6.9974E1	3.9251E0	6.3282E5	
287	-7.7431E-1	7.3257E1	3.9190E0	6.3504E5	
288	-7.7736E-1	6.8728E1	3.9127E0	6.3726E5	
289	-7.7614E-1	7.0540E1	3.9065E0	6.3948E5	
290	-7.7431E-1	7.3257E1	3.9003E0	6.4170E5	
291	-7.7377E-1	7.4050E1	3.8941E0	6.4392E5	
292	-7.7309E-1	7.5069E1	3.8879E0	6.4614E5	
293	-7.7377E-1	7.4050E1	3.8817E0	6.4836E5	
294	-7.7423E-1	7.3370E1	3.8754E0	6.5058E5	
295	-7.7393E-1	7.3823E1	3.8693E0	6.5280E5	
296	-7.7339E-1	7.4616E1	3.8630E0	6.5502E5	
297	-7.7316E-1	7.4955E1	3.8567E0	6.5724E5	
298	-7.7362E-1	7.4276E1	3.8504E0	6.5946E5	
299	-7.7484E-1	7.2465E1	3.8443E0	6.6168E5	
300	-7.7339E-1	7.4616E1	3.8380E0	6.6390E5	
301	-7.7209E-1	7.6541E1	3.8318E0	6.6612E5	
302	-7.6988E-1	7.9824E1	3.8256E0	6.6834E5	
303	-7.7202E-1	7.6654E1	3.8194E0	6.7056E5	
304	-7.7217E-1	7.6427E1	3.8130E0	6.7278E5	
305	-7.7271E-1	7.5635E1	3.8068E0	6.7500E5	
306	-7.7011E-1	7.9484E1	3.8005E0	6.7722E5	
307	-7.7080E-1	7.8465E1	3.7942E0	6.7944E5	
308	-7.6920E-1	8.0843E1	3.7880E0	6.8166E5	
309	-7.7171E-1	7.7107E1	3.7817E0	6.8388E5	
310	-7.7042E-1	7.9032E1	3.7754E0	6.8610E5	
311	-7.7011E-1	7.9484E1	3.7691E0	6.8832E5	
312	-7.7049E-1	7.8918E1	3.7629E0	6.9054E5	
313	-7.7141E-1	7.7560E1	3.7565E0	6.9276E5	
314	-7.6996E-1	7.9711E1	3.7502E0	6.9498E5	
315	-7.6775E-1	8.2994E1	3.7439E0	6.9720E5	
316	-7.6851E-1	8.1862E1	3.7376E0	6.9942E5	
317	-7.6683E-1	8.4353E1	3.7313E0	7.0164E5	
318	-7.6698E-1	8.4127E1	3.7250E0	7.0386E5	
319	-7.6889E-1	8.1296E1	3.7187E0	7.0608E5	
320	-7.7003E-1	7.9598E1	3.7124E0	7.0830E5	
321	-7.6553E-1	8.6278E1	3.7061E0	7.1052E5	
322	-7.6851E-1	8.1862E1	3.6998E0	7.1274E5	
323	-7.6408E-1	8.8429E1	3.6935E0	7.1496E5	
324	-7.6714E-1	8.3900E1	3.6871E0	7.1718E5	
325	-7.6508E-1	8.6957E1	3.6808E0	7.1940E5	
326	-7.6523E-1	8.6731E1	3.6744E0	7.2162E5	
327	-7.6424E-1	8.8203E1	3.6680E0	7.2384E5	
328	-7.6591E-1	8.5712E1	3.6617E0	7.2606E5	
329	-7.6370E-1	8.8995E1	3.6554E0	7.2828E5	
330	-7.6553E-1	8.6278E1	3.6491E0	7.3050E5	
331	-7.6355E-1	8.9222E1	3.6426E0	7.3272E5	
332	-7.6111E-1	9.2845E1	3.6364E0	7.3494E5	
333	-7.6256E-1	9.0694E1	3.6300E0	7.3716E5	
334	-7.6302E-1	9.0014E1	3.6236E0	7.3938E5	
335	-7.6157E-1	9.2166E1	3.6173E0	7.4160E5	
336	-7.6225E-1	9.1147E1	3.6109E0	7.4382E5	
337	-7.6454E-1	8.7750E1	3.6045E0	7.4604E5	
338	-7.6355E-1	8.9222E1	3.5981E0	7.4826E5	
339	-7.6462E-1	8.7637E1	3.5918E0	7.5048E5	
340	-7.6294E-1	9.0128E1	3.5854E0	7.5270E5	
341	-7.6447E-1	8.7863E1	3.5790E0	7.5492E5	
342	-7.6187E-1	9.1713E1	3.5725E0	7.5714E5	
343	-7.6126E-1	9.2619E1	3.5662E0	7.5936E5	
344	-7.6027E-1	9.4091E1	3.5598E0	7.6158E5	
345	-7.6210E-1	9.1373E1	3.5534E0	7.6380E5	
346	-7.6164E-1	9.2053E1	3.5470E0	7.6602E5	
347	-7.6042E-1	9.3864E1	3.5405E0	7.6824E5	
348	-7.6195E-1	9.1600E1	3.5342E0	7.7046E5	
349	-7.5996E-1	9.4544E1	3.5278E0	7.7268E5	
350	-7.6103E-1	9.2958E1	3.5213E0	7.7490E5	
351	-7.6180E-1	9.1826E1	3.5149E0	7.7712E5	
352	-7.6271E-1	9.0467E1	3.5084E0	7.7934E5	
353	-7.6096E-1	9.3072E1	3.5020E0	7.8156E5	
354	-7.5974E-1	9.4883E1	3.4957E0	7.8378E5	
355	-7.6042E-1	9.3864E1	3.4892E0	7.8600E5	
356	-7.6073E-1	9.3411E1	3.4828E0	7.8822E5	
357	-7.5989E-1	9.4657E1	3.4762E0	7.9044E5	
358	-7.6103E-1	9.2958E1	3.4700E0	7.9266E5	
359	-7.6141E-1	9.2392E1	3.4634E0	7.9488E5	
360	-7.6103E-1	9.2958E1	3.4570E0	7.9710E5	
361	-7.6096E-1	9.3072E1	3.4505E0	7.9932E5	
362	-7.6149E-1	9.2279E1	3.4441E0	8.0154E5	
363	-7.6019E-1	9.4204E1	3.4375E0	8.0376E5	
364	-7.6019E-1	9.4204E1	3.4311E0	8.0598E5	
365	-7.5859E-1	9.6582E1	3.4246E0	8.0820E5	
366	-7.6080E-1	9.3298E1	3.4182E0	8.1042E5	
367	-7.5859E-1	9.6582E1	3.4116E0	8.1264E5	
368	-7.5859E-1	9.6582E1	3.4053E0	8.1486E5	
369	-7.5745E-1	9.8280E1	3.3987E0	8.1708E5	
370	-7.5752E-1	9.8167E1	3.3923E0	8.1930E5	
371	-7.5943E-1	9.5336E1	3.3858E0	8.2152E5	
372	-7.5722E-1	9.8620E1	3.3793E0	8.2374E5	
373	-7.5768E-1	9.7940E1	3.3728E0	8.2596E5	
374	-7.5821E-1	9.7148E1	3.3663E0	8.2818E5	
375	-7.5539E-1	1.0134E2	3.3598E0	8.3040E5	
376	-7.5829E-1	9.7034E1	3.3533E0	8.3262E5	
377	-7.5699E-1	9.8959E1	3.3467E0	8.3484E5	
378	-7.5867E-1	9.6468E1	3.3402E0	8.3706E5	
379	-7.5706E-1	9.8846E1	3.3337E0	8.3928E5	
380	-7.5317E-1	1.0462E2	3.3273E0	8.4150E5	
381	-7.5531E-1	1.0145E2	3.3208E0	8.4372E5	
382	-7.5531E-1	1.0145E2	3.3142E0	8.4594E5	
383	-7.5348E-1	1.0417E2	3.3077E0	8.4816E5	
384	-7.5508E-1	1.0179E2	3.3011E0	8.5038E5	
385	-7.5401E-1	1.0338E2	3.2947E0	8.5260E5	
386	-7.5569E-1	1.0088E2	3.2881E0	8.5482E5	
387	-7.5226E-1	1.0598E2	3.2816E0	8.5704E5	
388	-7.5241E-1	1.0575E2	3.2750E0	8.5926E5	
389	-7.5203E-1	1.0632E2	3.2686E0	8.6148E5	
390	-7.5287E-1	1.0507E2	3.2619E0	8.6370E5	
391	-7.5020E-1	1.0904E2	3.2554E0	8.6592E5	
392	-7.5256E-1	1.0553E2	3.2488E0	8.6814E5	
393	-7.5279E-1	1.0519E2	3.2421E0	8.7036E5	
394	-7.5089E-1	1.0802E2	3.2357E0	8.7258E5	
395	-7.4738E-1	1.1323E2	3.2291E0	8.7480E5	
396	-7.5058E-1	1.0847E2	3.2226E0	8.7702E5	
397	-7.5096E-1	1.0790E2	3.2159E0	8.7924E5	
398	-7.5027E-1	1.0892E2	3.2094E0	8.8146E5	
399	-7.4997E-1	1.0938E2	3.2028E0	8.8368E5	
400	-7.4768E-1	1.1277E2	3.1961E0	8.8590E5	
401	-7.4677E-1	1.1413E2	3.1898E0	8.8812E5	
402	-7.4982E-1	1.0960E2	3.1831E0	8.9034E5	
403	-7.4829E-1	1.1187E2	3.1765E0	8.9256E5	
404	-7.4707E-1	1.1368E2	3.1698E0	8.9478E5	
405	-7.5043E-1	1.0870E2	3.1633E0	8.9700E5	
406	-7.4791E-1	1.1243E2	3.1568E0	8.9922E5	
407	-7.4860E-1	1.1141E2	3.1501E0	9.0144E5	
408	-7.4547E-1	1.1606E2	3.1434E0	9.0366E5	
409	-7.4608E-1	1.1515E2	3.1369E0	9.0588E5	
410	-7.4593E-1	1.1538E2	3.1303E0	9.0810E5	
411	-7.4844E-1	1.1164E2	3.1237E0	9.1032E5	
412	-7.4791E-1	1.1243E2	3.1171E0	9.1254E5	
413	-7.4608E-1	1.1515E2	3.1104E0	9.1476E5	
414	-7.4699E-1	1.1379E2	3.1038E0	9.1698E5	
415	-7.4539E-1	1.1617E2	3.0971E0	9.1920E5	
416	-7.4532E-1	1.1628E2	3.0906E0	9.2142E5	
417	-7.4715E-1	1.1357E2	3.0839E0	9.2364E5	
418	-7.4738E-1	1.1323E2	3.0773E0	9.2586E5	
419	-7.4760E-1	1.1289E2	3.0706E0	9.2808E5	
420	-7.4669E-1	1.1424E2	3.0639E0	9.3030E5	
421	-7.4738E-1	1.1323E2	3.0574E0	9.3252E5	
422	-7.4379E-1	1.1855E2	3.0507E0	9.3474E5	
423	-7.4432E-1	1.1775E2	3.0441E0	9.3696E5	
424	-7.4715E-1	1.1357E2	3.0374E0	9.3918E5	
425	-7.4669E-1	1.1424E2	3.0308E0	9.4140E5	
426	-7.4654E-1	1.1447E2	3.0241E0	9.4362E5	
427	-7.4608E-1	1.1515E2	3.0175E0	9.4584E5	
428	-7.4455E-1	1.1742E2	3.0108E0	9.4806E5	
429	-7.4387E-1	1.1843E2	3.0040E0	9.5028E5	
430	-7.4554E-1	1.1594E2	2.9975E0	9.5250E5	
431	-7.4463E-1	1.1730E2	2.9908E0	9.5472E5	
432	-7.4387E-1	1.1843E2	2.9841E0	9.5694E5	
433	-7.4608E-1	1.1515E2	2.9774E0	9.5916E5	
434	-7.4341E-1	1.1911E2	2.9708E0	9.6138E5	
435	-7.4501E-1	1.1674E2	2.9641E0	9.6360E5	
436	-7.4516E-1	1.1651E2	2.9574E0	9.6582E5	
437	-7.4455E-1	1.1742E2	2.9508E0	9.6804E5	
438	-7.4432E-1	1.1775E2	2.9439E0	9.7026E5	
439	-7.4272E-1	1.2013E2	2.9373E0	9.7248E5	
440	-7.4562E-1	1.1583E2	2.9307E0	9.7470E5	
441	-7.4242E-1	1.2059E2	2.9239E0	9.7692E5	
442	-7.4203E-1	1.2115E2	2.9172E0	9.7914E5	
443	-7.4272E-1	1.2013E2	2.9105E0	9.8136E5	
444	-7.4219E-1	1.2093E2	2.9037E0	9.8358E5	
445	-7.4074E-1	1.2308E2	2.8971E0	9.8580E5	
446	-7.4036E-1	1.2364E2	2.8903E0	9.8802E5	
447	-7.4303E-1	1.1968E2	2.8836E0	9.9024E5	
448	-7.4242E-1	1.2059E2	2.8770E0	9.9246E5	
449	-7.4104E-1	1.2262E2	2.8702E0	9.9468E5	
450	-7.3967E-1	1.2466E2	2.8634E0	9.9690E5	
451	-7.3921E-1	1.2534E2	2.8568E0	9.9912E5	
452	-7.3936E-1	1.2511E2	2.8500E0	1.0013E6	
453	-7.3959E-1	1.2477E2	2.8433E0	1.0036E6	
454	-7.3845E-1	1.2647E2	2.8365E0	1.0058E6	
455	-7.4059E-1	1.2330E2	2.8298E0	1.0080E6	
456	-7.3891E-1	1.2579E2	2.8230E0	1.0102E6	
457	-7.3822E-1	1.2681E2	2.8163E0	1.0124E6	
458	-7.3799E-1	1.2715E2	2.8095E0	1.0147E6	
459	-7.3708E-1	1.2851E2	2.8029E0	1.0169E6	
460	-7.3578E-1	1.3044E2	2.7961E0	1.0191E6	
461	-7.3570E-1	1.3055E2	2.7893E0	1.0213E6	
462	-7.3486E-1	1.3179E2	2.7826E0	1.0235E6	
463	-7.3608E-1	1.2998E2	2.7759E0	1.0258E6	
464	-7.3708E-1	1.2851E2	2.7690E0	1.0280E6	
465	-7.3578E-1	1.3044E2	2.7623E0	1.0302E6	
466	-7.3517E-1	1.3134E2	2.7556E0	1.0324E6	
467	-7.3441E-1	1.3247E2	2.7487E0	1.0346E6	
468	-7.3517E-1	1.3134E2	2.7420E0	1.0369E6	
469	-7.3616E-1	1.2987E2	2.7352E0	1.0391E6	
470	-7.3364E-1	1.3361E2	2.7284E0	1.0413E6	
471	-7.3265E-1	1.3508E2	2.7217E0	1.0435E6	
472	-7.3395E-1	1.3315E2	2.7148E0	1.0457E6	
473	-7.3471E-1	1.3202E2	2.7081E0	1.0480E6	
474	-7.3471E-1	1.3202E2	2.7012E0	1.0502E6	
475	-7.3296E-1	1.3463E2	2.6945E0	1.0524E6	
476	-7.3296E-1	1.3463E2	2.6877E0	1.0546E6	
477	-7.3166E-1	1.3655E2	2.6808E0	1.0568E6	
478	-7.3265E-1	1.3508E2	2.6740E0	1.0591E6	
479	-7.3181E-1	1.3632E2	2.6673E0	1.0613E6	
480	-7.3273E-1	1.3497E2	2.6604E0	1.0635E6	
481	-7.3326E-1	1.3417E2	2.6536E0	1.0657E6	
482	-7.3280E-1	1.3485E2	2.6469E0	1.0679E6	
483	-7.3120E-1	1.3723E2	2.6401E0	1.0702E6	
484	-7.3395E-1	1.3315E2	2.6332E0	1.0724E6	
485	-7.3502E-1	1.3157E2	2.6264E0	1.0746E6	
486	-7.3257E-1	1.3519E2	2.6195E0	1.0768E6	
487	-7.3174E-1	1.3644E2	2.6128E0	1.0790E6	
488	-7.3189E-1	1.3621E2	2.6059E0	1.0813E6	
489	-7.3143E-1	1.3689E2	2.5991E0	1.0835E6	
490	-7.3128E-1	1.3712E2	2.5924E0	1.0857E6	
491	-7.3204E-1	1.3598E2	2.5855E0	1.0879E6	
492	-7.3212E-1	1.3587E2	2.5787E0	1.0901E6	
493	-7.3067E-1	1.3802E2	2.5719E0	1.0924E6	
494	-7.3250E-1	1.3530E2	2.5649E0	1.0946E6	
495	-7.3036E-1	1.3848E2	2.5581E0	1.0968E6	
496	-7.3143E-1	1.3689E2	2.5512E0	1.0990E6	
497	-7.3013E-1	1.3881E2	2.5443E0	1.1012E6	
498	-7.2807E-1	1.4187E2	2.5376E0	1.1035E6	
499	-7.3105E-1	1.3746E2	2.5307E0	1.1057E6	
500	-7.3242E-1	1.3542E2	2.5239E0	1.1079E6	
501	-7.3090E-1	1.3768E2	2.5171E0	1.1101E6	
502	-7.2922E-1	1.4017E2	2.5102E0	1.1123E6	
503	-7.2998E-1	1.3904E2	2.5033E0	1.1146E6	
504	-7.3112E-1	1.3734E2	2.4964E0	1.1168E6	
505	-7.2975E-1	1.3938E2	2.4895E0	1.1190E6	
506	-7.2754E-1	1.4266E2	2.4827E0	1.1212E6	
507	-7.2777E-1	1.4232E2	2.4758E0	1.1234E6	
508	-7.2823E-1	1.4165E2	2.4690E0	1.1257E6	
509	-7.2845E-1	1.4131E2	2.4622E0	1.1279E6	
510	-7.2609E-1	1.4482E2	2.4552E0	1.1301E6	
511	-7.2853E-1	1.4119E2	2.4484E0	1.1323E6	
512	-7.2922E-1	1.4017E2	2.4415E0	1.1345E6	
513	-7.2456E-1	1.4708E2	2.4346E0	1.1368E6	
514	-7.2708E-1	1.4334E2	2.4276E0	1.1390E6	
515	-7.2502E-1	1.4640E2	2.4208E0	1.1412E6	
516	-7.2243E-1	1.5025E2	2.4138E0	1.1434E6	
517	-7.2372E-1	1.4833E2	2.4070E0	1.1456E6	
518	-7.2372E-1	1.4833E2	2.4000E0	1.1479E6	
519	-7.2571E-1	1.4538E2	2.3932E0	1.1501E6	
520	-7.2334E-1	1.4889E2	2.3863E0	1.1523E6	
521	-7.2044E-1	1.5319E2	2.3794E0	1.1545E6	
522	-7.2571E-1	1.4538E2	2.3726E0	1.1567E6	
523	-7.2380E-1	1.4821E2	2.3656E0	1.1590E6	
524	-7.2304E-1	1.4934E2	2.3586E0	1.1612E6	
525	-7.2258E-1	1.5002E2	2.3518E0	1.1634E6	
526	-7.2250E-1	1.5014E2	2.3448E0	1.1656E6	
527	-7.2052E-1	1.5308E2	2.3379E0	1.1678E6	
528	-7.2083E-1	1.5263E2	2.3310E0	1.1701E6	
529	-7.1991E-1	1.5399E2	2.3241E0	1.1723E6	
530	-7.2205E-1	1.5082E2	2.3171E0	1.1745E6	
531	-7.2044E-1	1.5319E2	2.3102E0	1.1767E6	
532	-7.1915E-1	1.5512E2	2.3033E0	1.1789E6	
533	-7.1983E-1	1.5410E2	2.2964E0	1.1812E6	
534	-7.2227E-1	1.5048E2	2.2895E0	1.1834E6	
535	-7.1808E-1	1.5670E2	2.2826E0	1.1856E6	
536	-7.1808E-1	1.5670E2	2.2756E0	1.1878E6	
537	-7.1915E-1	1.5512E2	2.2687E0	1.1900E6	
538	-7.1732E-1	1.5784E2	2.2617E0	1.1923E6	
539	-7.1960E-1	1.5444E2	2.2548E0	1.1945E6	
540	-7.1762E-1	1.5738E2	2.2478E0	1.1967E6	
541	-7.1907E-1	1.5523E2	2.2409E0	1.1989E6	
542	-7.1701E-1	1.5829E2	2.2340E0	1.2011E6	
543	-7.2113E-1	1.5218E2	2.2271E0	1.2034E6	
544	-7.1777E-1	1.5716E2	2.2200E0	1.2056E6	
545	-7.1815E-1	1.5659E2	2.2131E0	1.2078E6	
546	-7.1945E-1	1.5467E2	2.2062E0	1.2100E6	
547	-7.1587E-1	1.5999E2	2.1992E0	1.2122E6	
548	-7.1945E-1	1.5467E2	2.1922E0	1.2145E6	
549	-7.1556E-1	1.6044E2	2.1853E0	1.2167E6	
550	-7.1785E-1	1.5704E2	2.1783E0	1.2189E6	
551	-7.1587E-1	1.5999E2	2.1713E0	1.2211E6	
552	-7.1732E-1	1.5784E2	2.1643E0	1.2233E6	
553	-7.1823E-1	1.5648E2	2.1574E0	1.2256E6	
554	-7.1625E-1	1.5942E2	2.1503E0	1.2278E6	
555	-7.1877E-1	1.5569E2	2.1435E0	1.2300E6	
556	-7.1770E-1	1.5727E2	2.1365E0	1.2322E6	
557	-7.1495E-1	1.6135E2	2.1294E0	1.2344E6	
558	-7.1709E-1	1.5818E2	2.1225E0	1.2367E6	
559	-7.1541E-1	1.6067E2	2.1155E0	1.2389E6	
560	-7.1594E-1	1.5987E2	2.1086E0	1.2411E6	
561	-7.1709E-1	1.5818E2	2.1016E0	1.2433E6	
562	-7.1693E-1	1.5840E2	2.0946E0	1.2455E6	
563	-7.1526E-1	1.6089E2	2.0876E0	1.2478E6	
564	-7.1632E-1	1.5931E2	2.0806E0	1.2500E6	
565	-7.1419E-1	1.6248E2	2.0736E0	1.2522E6	
566	-7.1724E-1	1.5795E2	2.0667E0	1.2544E6	
567	-7.1655E-1	1.5897E2	2.0596E0	1.2566E6	
568	-7.1449E-1	1.6203E2	2.0526E0	1.2589E6	
569	-7.1342E-1	1.6361E2	2.0456E0	1.2611E6	
570	-7.1625E-1	1.5942E2	2.0386E0	1.2633E6	
571	-7.1320E-1	1.6395E2	2.0317E0	1.2655E6	
572	-7.1465E-1	1.6180E2	2.0246E0	1.2677E6	
573	-7.1411E-1	1.6259E2	2.0176E0	1.2700E6	
574	-7.1373E-1	1.6316E2	2.0106E0	1.2722E6	
575	-7.1159E-1	1.6633E2	2.0036E0	1.2744E6	
576	-7.1190E-1	1.6588E2	1.9966E0	1.2766E6	
577	-7.0877E-1	1.7052E2	1.9896E0	1.2788E6	
578	-7.1114E-1	1.6701E2	1.9825E0	1.2811E6	
579	-7.0961E-1	1.6927E2	1.9757E0	1.2833E6	
580	-7.1007E-1	1.6859E2	1.9685E0	1.2855E6	
581	-7.0877E-1	1.7052E2	1.9616E0	1.2877E6	
582	-7.1014E-1	1.6848E2	1.9544E0	1.2899E6	
583	-7.0877E-1	1.7052E2	1.9475E0	1.2922E6	
584	-7.0763E-1	1.7222E2	1.9405E0	1.2944E6	
585	-7.0648E-1	1.7391E2	1.9334E0	1.2966E6	
586	-7.0938E-1	1.6961E2	1.9263E0	1.2988E6	
587	-7.0839E-1	1.7108E2	1.9194E0	1.3010E6	
588	-7.0969E-1	1.6916E2	1.9123E0	1.3033E6	
589	-7.0580E-1	1.7493E2	1.9053E0	1.3055E6	
590	-7.0435E-1	1.7709E2	1.8983E0	1.3077E6	
591	-7.0610E-1	1.7448E2	1.8912E0	1.3099E6	
592	-7.0503E-1	1.7607E2	1.8842E0	1.3121E6	
593	-7.0480E-1	1.7641E2	1.8772E0	1.3144E6	
594	-7.0518E-1	1.7584E2	1.8701E0	1.3166E6	
595	-7.0686E-1	1.7335E2	1.8630E0	1.3188E6	
596	-7.0419E-1	1.7731E2	1.8559E0	1.3210E6	
597	-7.0366E-1	1.7810E2	1.8490E0	1.3232E6	
598	-7.0122E-1	1.8173E2	1.8419E0	1.3255E6	
599	-7.0473E-1	1.7652E2	1.8349E0	1.3277E6	
600	-7.0541E-1	1.7550E2	1.8278E0	1.3299E6	
601	-7.0633E-1	1.7414E2	1.8208E0	1.3321E6	
602	-7.0282E-1	1.7935E2	1.8138E0	1.3343E6	
603	-7.0450E-1	1.7686E2	1.8066E0	1.3366E6	
604	-7.0404E-1	1.7754E2	1.7995E0	1.3388E6	
605	-7.0389E-1	1.7776E2	1.7926E0	1.3410E6	
606	-7.0312E-1	1.7890E2	1.7855E0	1.3432E6	
607	-7.0503E-1	1.7607E2	1.7784E0	1.3454E6	
608	-7.0290E-1	1.7924E2	1.7713E0	1.3477E6	
609	-7.0312E-1	1.7890E2	1.7643E0	1.3499E6	
610	-7.0335E-1	1.7856E2	1.7572E0	1.3521E6	
611	-7.0457E-1	1.7675E2	1.7501E0	1.3543E6	
612	-7.0297E-1	1.7912E2	1.7431E0	1.3565E6	
613	-7.0244E-1	1.7992E2	1.7361E0	1.3588E6	
614	-7.0503E-1	1.7607E2	1.7289E0	1.3610E6	
615	-7.0480E-1	1.7641E2	1.7219E0	1.3632E6	
616	-7.0145E-1	1.8139E2	1.7148E0	1.3654E6	
617	-7.0198E-1	1.8060E2	1.7077E0	1.3676E6	
618	-7.0274E-1	1.7946E2	1.7006E0	1.3699E6	
619	-7.0122E-1	1.8173E2	1.6935E0	1.3721E6	
620	-7.0389E-1	1.7776E2	1.6865E0	1.3743E6	
621	-7.0351E-1	1.7833E2	1.6794E0	1.3765E6	
622	-7.0305E-1	1.7901E2	1.6723E0	1.3787E6	
623	-6.9977E-1	1.8388E2	1.6653E0	1.3810E6	
624	-6.9992E-1	1.8365E2	1.6581E0	1.3832E6	
625	-7.0114E-1	1.8184E2	1.6511E0	1.3854E6	
626	-7.0160E-1	1.8116E2	1.6440E0	1.3876E6	
627	-6.9687E-1	1.8818E2	1.6370E0	1.3898E6	
628	-7.0244E-1	1.7992E2	1.6298E0	1.3921E6	
629	-7.0198E-1	1.8060E2	1.6228E0	1.3943E6	
630	-6.9992E-1	1.8365E2	1.6156E0	1.3965E6	
631	-6.9855E-1	1.8569E2	1.6085E0	1.3987E6	
632	-7.0137E-1	1.8150E2	1.6015E0	1.4009E6	
633	-6.9939E-1	1.8444E2	1.5944E0	1.4032E6	
634	-6.9832E-1	1.8603E2	1.5872E0	1.4054E6	
635	-6.9740E-1	1.8739E2	1.5803E0	1.4076E6	
636	-7.0030E-1	1.8309E2	1.5731E0	1.4098E6	
637	-6.9946E-1	1.8433E2	1.5660E0	1.4120E6	
638	-6.9626E-1	1.8909E2	1.5589E0	1.4143E6	
639	-6.9633E-1	1.8897E2	1.5518E0	1.4165E6	
640	-6.9626E-1	1.8909E2	1.5447E0	1.4187E6	
641	-6.9801E-1	1.8648E2	1.5375E0	1.4209E6	
642	-6.9572E-1	1.8988E2	1.5304E0	1.4231E6	
643	-6.9695E-1	1.8807E2	1.5234E0	1.4254E6	
644	-6.9717E-1	1.8773E2	1.5162E0	1.4276E6	
645	-6.9641E-1	1.8886E2	1.5091E0	1.4298E6	
646	-6.9374E-1	1.9282E2	1.5020E0	1.4320E6	
647	-6.9389E-1	1.9260E2	1.4949E0	1.4342E6	
648	-6.9313E-1	1.9373E2	1.4878E0	1.4365E6	
649	-6.9351E-1	1.9316E2	1.4808E0	1.4387E6	
650	-6.9595E-1	1.8954E2	1.4736E0	1.4409E6	
651	-6.9199E-1	1.9543E2	1.4665E0	1.4431E6	
652	-6.9305E-1	1.9384E2	1.4594E0	1.4453E6	
653	-6.9473E-1	1.9135E2	1.4523E0	1.4476E6	
654	-6.9069E-1	1.9735E2	1.4451E0	1.4498E6	
655	-6.8802E-1	2.0132E2	1.4380E0	1.4520E6	
656	-6.9290E-1	1.9407E2	1.4309E0	1.4542E6	
657	-6.9031E-1	1.9792E2	1.4238E0	1.4564E6	
658	-6.9092E-1	1.9701E2	1.4166E0	1.4587E6	
659	-6.8985E-1	1.9860E2	1.4096E0	1.4609E6	
660	-6.9153E-1	1.9611E2	1.4024E0	1.4631E6	
661	-6.9077E-1	1.9724E2	1.3954E0	1.4653E6	
662	-6.9168E-1	1.9588E2	1.3882E0	1.4675E6	
663	-6.8863E-1	2.0041E2	1.3811E0	1.4698E6	
664	-6.9138E-1	1.9633E2	1.3739E0	1.4720E6	
665	-6.8909E-1	1.9973E2	1.3668E0	1.4742E6	
666	-6.8756E-1	2.0199E2	1.3598E0	1.4764E6	
667	-6.8932E-1	1.9939E2	1.3526E0	1.4786E6	
668	-6.8878E-1	2.0018E2	1.3455E0	1.4809E6	
669	-6.8726E-1	2.0245E2	1.3383E0	1.4831E6	
670	-6.8977E-1	1.9871E2	1.3313E0	1.4853E6	
671	-6.8703E-1	2.0279E2	1.3241E0	1.4875E6	
672	-6.8779E-1	2.0166E2	1.3170E0	1.4897E6	
673	-6.8794E-1	2.0143E2	1.3098E0	1.4920E6	
674	-6.9084E-1	1.9713E2	1.3027E0	1.4942E6	
675	-6.8535E-1	2.0528E2	1.2956E0	1.4964E6	
676	-6.8810E-1	2.0120E2	1.2885E0	1.4986E6	
677	-6.8993E-1	1.9848E2	1.2813E0	1.5008E6	
678	-6.8802E-1	2.0132E2	1.2743E0	1.5031E6	
679	-6.8649E-1	2.0358E2	1.2671E0	1.5053E6	
680	-6.8619E-1	2.0403E2	1.2599E0	1.5075E6	
681	-6.8893E-1	1.9996E2	1.2527E0	1.5097E6	
682	-6.8535E-1	2.0528E2	1.2457E0	1.5119E6	
683	-6.8764E-1	2.0188E2	1.2387E0	1.5142E6	
684	-6.8855E-1	2.0052E2	1.2315E0	1.5164E6	
685	-6.8817E-1	2.0109E2	1.2242E0	1.5186E6	
686	-6.8787E-1	2.0154E2	1.2171E0	1.5208E6	
687	-6.8604E-1	2.0426E2	1.2100E0	1.5230E6	
688	-6.8840E-1	2.0075E2	1.2028E0	1.5253E6	
689	-6.8558E-1	2.0494E2	1.1958E0	1.5275E6	
690	-6.8748E-1	2.0211E2	1.1887E0	1.5297E6	
691	-6.8695E-1	2.0290E2	1.1815E0	1.5319E6	
692	-6.8466E-1	2.0630E2	1.1744E0	1.5341E6	
693	-6.8474E-1	2.0618E2	1.1673E0	1.5364E6	
694	-6.8382E-1	2.0754E2	1.1600E0	1.5386E6	
695	-6.8550E-1	2.0505E2	1.1529E0	1.5408E6	
696	-6.8558E-1	2.0494E2	1.1458E0	1.5430E6	
697	-6.8375E-1	2.0766E2	1.1387E0	1.5452E6	
698	-6.8497E-1	2.0584E2	1.1316E0	1.5475E6	
699	-7.2609E-1	1.4482E2	1.1244E0	1.5497E6	
700	-7.2853E-1	1.4119E2	1.1173E0	1.5519E6	
701	-7.2311E-1	1.4923E2	1.1101E0	1.5541E6	
702	-7.1754E-1	1.5750E2	1.1032E0	1.5563E6	
703	-7.1075E-1	1.6757E2	1.0959E0	1.5586E6	
704	-7.0526E-1	1.7573E2	1.0888E0	1.5608E6	
705	-6.9817E-1	1.8626E2	1.0816E0	1.5630E6	
706	-6.8771E-1	2.0177E2	1.0744E0	1.5652E6	
707	-6.8619E-1	2.0403E2	1.0674E0	1.5674E6	
708	-6.8161E-1	2.1083E2	1.0602E0	1.5697E6	
709	-6.7833E-1	2.1570E2	1.0531E0	1.5719E6	
710	-6.7291E-1	2.2373E2	1.0459E0	1.5741E6	
711	-6.7024E-1	2.2770E2	1.0387E0	1.5763E6	
712	-6.6338E-1	2.3789E2	1.0317E0	1.5785E6	
713	-6.5735E-1	2.4683E2	1.0245E0	1.5808E6	
714	-6.5323E-1	2.5295E2	1.0174E0	1.5830E6	
715	-6.4850E-1	2.5997E2	1.0103E0	1.5852E6	
716	-6.4308E-1	2.6801E2	1.0031E0	1.5874E6	
717	-6.4079E-1	2.7140E2	9.9593E-1	1.5896E6	
718	-6.4194E-1	2.6970E2	9.8889E-1	1.5919E6	
719	-6.3683E-1	2.7729E2	9.8167E-1	1.5941E6	
720	-6.3660E-1	2.7763E2	9.7457E-1	1.5963E6	
721	-6.2607E-1	2.9325E2	9.6734E-1	1.5985E6	
722	-6.2355E-1	2.9699E2	9.6029E-1	1.6007E6	
723	-6.2096E-1	3.0084E2	9.5318E-1	1.6030E6	
724	-6.1516E-1	3.0945E2	9.4602E-1	1.6052E6	
725	-6.1440E-1	3.1058E2	9.3878E-1	1.6074E6	
726	-6.0921E-1	3.1828E2	9.3173E-1	1.6096E6	
727	-6.0631E-1	3.2258E2	9.2447E-1	1.6118E6	
728	-6.0104E-1	3.3039E2	9.1744E-1	1.6141E6	
729	-5.9906E-1	3.3334E2	9.1027E-1	1.6163E6	
730	-5.9563E-1	3.3843E2	9.0317E-1	1.6185E6	
731	-5.8830E-1	3.4930E2	8.9600E-1	1.6207E6	
732	-5.8701E-1	3.5123E2	8.8893E-1	1.6229E6	
733	-5.8250E-1	3.5791E2	8.8174E-1	1.6252E6	
734	-5.7953E-1	3.6232E2	8.7461E-1	1.6274E6	
735	-5.7304E-1	3.7195E2	8.6745E-1	1.6296E6	
736	-5.6633E-1	3.8191E2	8.6036E-1	1.6318E6	
737	-5.6557E-1	3.8304E2	8.5313E-1	1.6340E6	
738	-5.5908E-1	3.9267E2	8.4604E-1	1.6363E6	
739	-5.5893E-1	3.9289E2	8.3896E-1	1.6385E6	
740	-5.4955E-1	4.0682E2	8.3179E-1	1.6407E6	
741	-5.4626E-1	4.1169E2	8.2472E-1	1.6429E6	
742	-5.4260E-1	4.1712E2	8.1760E-1	1.6451E6	
743	-5.4024E-1	4.2063E2	8.1045E-1	1.6474E6	
744	-5.3024E-1	4.3547E2	8.0328E-1	1.6496E6	
745	-5.2490E-1	4.4339E2	7.9617E-1	1.6518E6	
746	-5.2185E-1	4.4792E2	7.8903E-1	1.6540E6	
747	-5.1590E-1	4.5675E2	7.8196E-1	1.6562E6	
748	-5.0903E-1	4.6694E2	7.7468E-1	1.6585E6	
749	-5.0163E-1	4.7793E2	7.6763E-1	1.6607E6	
750	-4.9377E-1	4.8959E2	7.6048E-1	1.6629E6	
751	-4.8546E-1	5.0193E2	7.5346E-1	1.6651E6	
752	-4.8111E-1	5.0838E2	7.4636E-1	1.6673E6	
753	-4.7203E-1	5.2186E2	7.3926E-1	1.6696E6	
754	-4.7020E-1	5.2457E2	7.3212E-1	1.6718E6	
755	-4.6326E-1	5.3488E2	7.2496E-1	1.6740E6	
756	-4.5876E-1	5.4156E2	7.1791E-1	1.6762E6	
757	-4.4991E-1	5.5469E2	7.1074E-1	1.6784E6	
758	-4.4502E-1	5.6194E2	7.0367E-1	1.6807E6	
759	-4.4220E-1	5.6613E2	6.9656E-1	1.6829E6	
760	-4.3297E-1	5.7983E2	6.8941E-1	1.6851E6	
761	-4.2610E-1	5.9002E2	6.8229E-1	1.6873E6	
762	-4.1786E-1	6.0225E2	6.7517E-1	1.6895E6	
763	-4.0947E-1	6.1470E2	6.6806E-1	1.6918E6	
764	-3.9764E-1	6.3225E2	6.6097E-1	1.6940E6	
765	-3.9085E-1	6.4233E2	6.5391E-1	1.6962E6	
766	-3.8605E-1	6.4946E2	6.4679E-1	1.6984E6	
767	-3.7971E-1	6.5886E2	6.3978E-1	1.7006E6	
768	-3.6949E-1	6.7403E2	6.3259E-1	1.7029E6	
769	-3.6606E-1	6.7913E2	6.2541E-1	1.7051E6	
770	-3.5957E-1	6.8875E2	6.1843E-1	1.7073E6	
771	-3.4782E-1	7.0619E2	6.1131E-1	1.7095E6	
772	-3.4180E-1	7.1513E2	6.0432E-1	1.7117E6	
773	-3.3127E-1	7.3076E2	5.9710E-1	1.7140E6	
774	-3.1998E-1	7.4752E2	5.9117E-1	1.7158E6	
775	-3.1998E-1	7.4752E2	5.9117E-1	1.7158E6	
776	-3.1998E-1	7.4752E2	5.9117E-1	1.7158E6	
777	-3.1998E-1	7.4752E2	5.9117E-1	1.7158E6	
778	-3.1998E-1	7.4752E2	5.9117E-1	1.7158E6	
779	-3.1998E-1	7.4752E2	5.9117E-1	1.7158E6	
780	-3.1998E-1	7.4752E2	5.9117E-1	1.7158E6	
781	-3.1998E-1	7.4752E2	5.9117E-1	1.7158E6	
782	-3.1998E-1	7.4752E2	5.9117E-1	1.7158E6	
783	-3.1998E-1	7.4752E2	5.9117E-1	1.7158E6	
784	-3.1998E-1	7.4752E2	5.9117E-1	1.7158E6	
785	-3.1998E-1	7.4752E2	5.9117E-1	1.7158E6	
786	-3.1998E-1	7.4752E2	5.9117E-1	1.7158E6	
787	-3.1998E-1	7.4752E2	5.9117E-1	1.7158E6	
788	-3.1998E-1	7.4752E2	5.9117E-1	1.7158E6	
789	-3.1998E-1	7.4752E2	5.9117E-1	1.7158E6	
790	-3.1998E-1	7.4752E2	5.9117E-1	1.7158E6	
791	-3.1998E-1	7.4752E2	5.9117E-1	1.7158E6	
792	-3.1998E-1	7.4752E2	5.9117E-1	1.7158E6	
793	-3.1998E-1	7.4752E2	5.9117E-1	1.7158E6	
794	-3.1998E-1	7.4752E2	5.9117E-1	1.7158E6	
795	-3.1998E-1	7.4752E2	5.9117E-1	1.7158E6	
796	-3.1998E-1	7.4752E2	5.9117E-1	1.7158E6	
797	-3.1998E-1	7.4752E2	5.9117E-1	1.7158E6	
798	-3.1998E-1	7.4752E2	5.9117E-1	1.7158E6	
799	-3.1998E-1	7.4752E2	5.9117E-1	1.7158E6	
800	-3.1998E-1	7.4752E2	5.9117E-1	1.7158E6	
801	-3.1998E-1	7.4752E2	5.9117E-1	1.7158E6	
802	-3.1998E-1	7.4752E2	5.9117E-1	1.7158E6	
803	-3.1998E-1	7.4752E2	5.9117E-1	1.7158E6	
804	-3.1998E-1	7.4752E2	5.9117E-1	1.7158E6	
805	-3.1998E-1	7.4752E2	5.9117E-1	1.7158E6	
806	-3.1998E-1	7.4752E2	5.9117E-1	1.7158E6	
807	-3.1998E-1	7.4752E2	5.9117E-1	1.7158E6	
808	-3.1998E-1	7.4752E2	5.9117E-1	1.7158E6	
809	-3.1998E-1	7.4752E2	5.9117E-1	1.7158E6	
810	-3.1998E-1	7.4752E2	5.9117E-1	1.7158E6	
811	-3.1998E-1	7.4752E2	5.9117E-1	1.7158E6	
812	-3.1998E-1	7.4752E2	5.9117E-1	1.7158E6	
813	-3.1998E-1	7.4752E2	5.9117E-1	1.7158E6	
814	-3.1998E-1	7.4752E2	5.9117E-1	1.7158E6	
815	-3.1998E-1	7.4752E2	5.9117E-1	1.7158E6	
816	-3.1998E-1	7.4752E2	5.9117E-1	1.7158E6	
817	-3.1998E-1	7.4752E2	5.9117E-1	1.7158E6	
818	-3.1998E-1	7.4752E2	5.9117E-1	1.7158E6	
819	-3.1998E-1	7.4752E2	5.9117E-1	1.7158E6	
820	-3.1998E-1	7.4752E2	5.9117E-1	1.7158E6	
821	-3.1998E-1	7.4752E2	5.9117E-1	1.7158E6	
822	-3.1998E-1	7.4752E2	5.9117E-1	1.7158E6	
823	-3.1998E-1	7.4752E2	5.9117E-1	1.7158E6	
824	-3.1998E-1	7.4752E2	5.9117E-1	1.7158E6	
825	-3.1998E-1	7.4752E2	5.9117E-1	1.7158E6	
826	-3.1998E-1	7.4752E2	5.9117E-1	1.7158E6	
827	-3.1998E-1	7.4752E2	5.9117E-1	1.7158E6	
828	-3.1998E-1	7.4752E2	5.9117E-1	1.7158E6	
829	-3.1998E-1	7.4752E2	5.9117E-1	1.7158E6	
830	-3.1998E-1	7.4752E2	5.9117E-1	1.7158E6	
831	-3.1998E-1	7.4752E2	5.9117E-1	1.7158E6	
832	-3.1998E-1	7.4752E2	5.9117E-1	1.7158E6	
833	-3.1998E-1	7.4752E2	5.9117E-1	1.7158E6	
834	-3.1998E-1	7.4752E2	5.9117E-1	1.7158E6	
835	-3.1998E-1	7.4752E2	5.9117E-1	1.7158E6	
836	-3.1998E-1	7.4752E2	5.9117E-1	1.7158E6	
837	-3.1998E-1	7.4752E2	5.9117E-1	1.7158E6	
838	-3.1998E-1	7.4752E2	5.9117E-1	1.7158E6	
839	-3.1998E-1	7.4752E2	5.9117E-1	1.7158E6	
840	-3.1998E-1	7.4752E2	5.9117E-1	1.7158E6	
841	-3.1998E-1	7.4752E2	5.9117E-1	1.7158E6	
842	-3.1998E-1	7.4752E2	5.9117E-1	1.7158E6	
843	-3.1998E-1	7.4752E2	5.9117E-1	1.7158E6	
844	-3.1998E-1	7.4752E2	5.9117E-1	1.7158E6	
845	-3.1998E-1	7.4752E2	5.9117E-1	1.7158E6	
846	-3.1998E-1	7.4752E2	5.9117E-1	1.7158E6	
847	-3.1998E-1	7.4752E2	5.9117E-1	1.7158E6	
848	-3.1998E-1	7.4752E2	5.9117E-1	1.7158E6	
849	-3.1998E-1	7.4752E2	5.9117E-1	1.7158E6	
850	-3.1998E-1	7.4752E2	5.9117E-1	1.7158E6	
851	-3.1998E-1	7.4752E2	5.9117E-1	1.7158E6	
852	-3.1998E-1	7.4752E2	5.9117E-1	1.7158E6	
853	-3.1998E-1	7.4752E2	5.9117E-1	1.7158E6	
854	-3.1998E-1	7.4752E2	5.9117E-1	1.7158E6	
855	-3.1998E-1	7.4752E2	5.9117E-1	1.7158E6	
856	-3.1998E-1	7.4752E2	5.9117E-1	1.7158E6	
857	-3.1998E-1	7.4752E2	5.9117E-1	1.7158E6	
858	-3.1998E-1	7.4752E2	5.9117E-1	1.7158E6	
859	-3.1998E-1	7.4752E2	5.9117E-1	1.7158E6	
860	-3.1998E-1	7.4752E2	5.9117E-1	1.7158E6	
861	-3.1998E-1	7.4752E2	5.9117E-1	1.7158E6	
862	-3.1998E-1	7.4752E2	5.9117E-1	1.7158E6	
863	-3.1998E-1	7.4752E2	5.9117E-1	1.7158E6	
864	-3.1998E-1	7.4752E2	5.9117E-1	1.7158E6	
865	-3.1998E-1	7.4752E2	5.9117E-1	1.7158E6	
866	-3.1998E-1	7.4752E2	5.9117E-1	1.7158E6	
867	-3.1998E-1	7.4752E2	5.9117E-1	1.7158E6	
868	-3.1998E-1	7.4752E2	5.9117E-1	1.7158E6	
869	-3.1998E-1	7.4752E2	5.9117E-1	1.7158E6	
870	-3.1998E-1	7.4752E2	5.9117E-1	1.7158E6	
871	-3.1998E-1	7.4752E2	5.9117E-1	1.7158E6	
872	-3.1998E-1	7.4752E2	5.9117E-1	1.7158E6	
873	-3.1998E-1	7.4752E2	5.9117E-1	1.7158E6	
874	-3.1998E-1	7.4752E2	5.9117E-1	1.7158E6	
875	-3.1998E-1	7.4752E2	5.9117E-1	1.7158E6	
876	-3.1998E-1	7.4752E2	5.9117E-1	1.7158E6	
877	-3.1998E-1	7.4752E2	5.9117E-1	1.7158E6	
878	-3.1998E-1	7.4752E2	5.9117E-1	1.7158E6	
879	-3.1998E-1	7.4752E2	5.9117E-1	1.7158E6	
880	-3.1998E-1	7.4752E2	5.9117E-1	1.7158E6	
881	-3.1998E-1	7.4752E2	5.9117E-1	1.7158E6	
882	-3.1998E-1	7.4752E2	5.9117E-1	1.7158E6	
883	-3.1998E-1	7.4752E2	5.9117E-1	1.7158E6	
884	-3.1998E-1	7.4752E2	5.9117E-1	1.7158E6	
885	-3.1998E-1	7.4752E2	5.9117E-1	1.7158E6	
886	-3.1998E-1	7.4752E2	5.9117E-1	1.7158E6	
887	-3.1998E-1	7.4752E2	5.9117E-1	1.7158E6	
888	-3.1998E-1	7.4752E2	5.9117E-1	1.7158E6	
889	-3.1998E-1	7.4752E2	5.9117E-1	1.7158E6	
890	-3.1998E-1	7.4752E2	5.9117E-1	1.7158E6	
891	-3.1998E-1	7.4752E2	5.9117E-1	1.7158E6	
892	-3.1998E-1	7.4752E2	5.9117E-1	1.7158E6	
893	-3.1998E-1	7.4752E2	5.9117E-1	1.7158E6	
894	-3.1998E-1	7.4752E2	5.9117E-1	1.7158E6	
895	-3.1998E-1	7.4752E2	5.9117E-1	1.7158E6	
896	-3.1998E-1	7.4752E2	5.9117E-1	1.7158E6	
897	-3.1998E-1	7.4752E2	5.9117E-1	1.7158E6	
898	-3.1998E-1	7.4752E2	5.9117E-1	1.7158E6	
899	-3.1998E-1	7.4752E2	5.9117E-1	1.7158E6	
900	-3.1998E-1	7.4752E2	5.9117E-1	1.7158E6	
901	-3.1998E-1	7.4752E2	5.9117E-1	1.7158E6	
902	-3.1998E-1	7.4752E2	5.9117E-1	1.7158E6	
903	-3.1998E-1	7.4752E2	5.9117E-1	1.7158E6	
904	-3.1998E-1	7.4752E2	5.9117E-1	1.7158E6	
905	-3.1998E-1	7.4752E2	5.9117E-1	1.7158E6	
906	-3.1998E-1	7.4752E2	5.9117E-1	1.7158E6	
907	-3.1998E-1	7.4752E2	5.9117E-1	1.7158E6	
908	-3.1998E-1	7.4752E2	5.9117E-1	1.7158E6	
909	-3.1998E-1	7.4752E2	5.9117E-1	1.7158E6	
910	-3.1998E-1	7.4752E2	5.9117E-1	1.7158E6	
911	-3.1998E-1	7.4752E2	5.9117E-1	1.7158E6	
912	-3.1998E-1	7.4752E2	5.9117E-1	1.7158E6	
913	-3.1998E-1	7.4752E2	5.9117E-1	1.7158E6	
914	-3.1998E-1	7.4752E2	5.9117E-1	1.7158E6	
915	-3.1998E-1	7.4752E2	5.9117E-1	1.7158E6	
916	-3.1998E-1	7.4752E2	5.9117E-1	1.7158E6	
917	-3.1998E-1	7.4752E2	5.9117E-1	1.7158E6	
918	-3.1998E-1	7.4752E2	5.9117E-1	1.7158E6	
919	-3.1998E-1	7.4752E2	5.9117E-1	1.7158E6	
920	-3.1998E-1	7.4752E2	5.9117E-1	1.7158E6	
921	-3.1998E-1	7.4752E2	5.9117E-1	1.7158E6	
922	-3.1998E-1	7.4752E2	5.9117E-1	1.7158E6	
923	-3.1998E-1	7.4752E2	5.9117E-1	1.7158E6	
924	-3.1998E-1	7.4752E2	5.9117E-1	1.7158E6	
925	-3.1998E-1	7.4752E2	5.9117E-1	1.7158E6	
926	-3.1998E-1	7.4752E2	5.9117E-1	1.7158E6	
927	-3.1998E-1	7.4752E2	5.9117E-1	1.7158E6	
928	-3.1998E-1	7.4752E2	5.9117E-1	1.7158E6	
929	-3.1998E-1	7.4752E2	5.9117E-1	1.7158E6	
930	-3.1998E-1	7.4752E2	5.9117E-1	1.7158E6	
931	-3.1998E-1	7.4752E2	5.9117E-1	1.7158E6	
932	-3.1998E-1	7.4752E2	5.9117E-1	1.7158E6	
933	-3.1998E-1	7.4752E2	5.9117E-1	1.7158E6	
934	-3.1998E-1	7.4752E2	5.9117E-1	1.7158E6	
935	-3.1998E-1	7.4752E2	5.9117E-1	1.7158E6	
936	-3.1998E-1	7.4752E2	5.9117E-1	1.7158E6	
937	-3.1998E-1	7.4752E2	5.9117E-1	1.7158E6	
938	-3.1998E-1	7.4752E2	5.9117E-1	1.7158E6	
939	-3.1998E-1	7.4752E2	5.9117E-1	1.7158E6	
940	-3.1998E-1	7.4752E2	5.9117E-1	1.7158E6	
941	-3.1998E-1	7.4752E2	5.9117E-1	1.7158E6	
942	-3.1998E-1	7.4752E2	5.9117E-1	1.7158E6	
943	-3.1998E-1	7.4752E2	5.9117E-1	1.7158E6	
944	-3.1998E-1	7.4752E2	5.9117E-1	1.7158E6	
945	-3.1998E-1	7.4752E2	5.9117E-1	1.7158E6	
946	-3.1998E-1	7.4752E2	5.9117E-1	1.7158E6	
947	-3.1998E-1	7.4752E2	5.9117E-1	1.7158E6	
948	-3.1998E-1	7.4752E2	5.9117E-1	1.7158E6	
949	-3.1998E-1	7.4752E2	5.9117E-1	1.7158E6	
950	-3.1998E-1	7.4752E2	5.9117E-1	1.7158E6	
951	-3.1998E-1	7.4752E2	5.9117E-1	1.7158E6	
952	-3.1998E-1	7.4752E2	5.9117E-1	1.7158E6	
953	-3.1998E-1	7.4752E2	5.9117E-1	1.7158E6	
954	-3.1998E-1	7.4752E2	5.9117E-1	1.7158E6	
955	-3.1998E-1	7.4752E2	5.9117E-1	1.7158E6	
956	-3.1998E-1	7.4752E2	5.9117E-1	1.7158E6	
957	-3.1998E-1	7.4752E2	5.9117E-1	1.7158E6	
958	-3.1998E-1	7.4752E2	5.9117E-1	1.7158E6	
959	-3.1998E-1	7.4752E2	5.9117E-1	1.7158E6	
960	-3.1998E-1	7.4752E2	5.9117E-1	1.7158E6	
961	-3.1998E-1	7.4752E2	5.9117E-1	1.7158E6	
962	-3.1998E-1	7.4752E2	5.9117E-1	1.7158E6	
963	-3.1998E-1	7.4752E2	5.9117E-1	1.7158E6	
964	-3.1998E-1	7.4752E2	5.9117E-1	1.7158E6	
965	-3.1998E-1	7.4752E2	5.9117E-1	1.7158E6	
966	-3.1998E-1	7.4752E2	5.9117E-1	1.7158E6	
967	-3.1998E-1	7.4752E2	5.9117E-1	1.7158E6	
968	-3.1998E-1	7.4752E2	5.9117E-1	1.7158E6	
969	-3.1998E-1	7.4752E2	5.9117E-1	1.7158E6	
970	-3.1998E-1	7.4752E2	5.9117E-1	1.7158E6	
971	-3.1998E-1	7.4752E2	5.9117E-1	1.7158E6	
972	-3.1998E-1	7.4752E2	5.9117E-1	1.7158E6	
973	-3.1998E-1	7.4752E2	5.9117E-1	1.7158E6	
974	-3.1998E-1	7.4752E2	5.9117E-1	1.7158E6	
975	-3.1998E-1	7.4752E2	5.9117E-1	1.7158E6	
976	-3.1998E-1	7.4752E2	5.9117E-1	1.7158E6	
977	-3.1998E-1	7.4752E2	5.9117E-1	1.7158E6	
978	-3.1998E-1	7.4752E2	5.9117E-1	1.7158E6	
979	-3.1998E-1	7.4752E2	5.9117E-1	1.7158E6	
980	-3.1998E-1	7.4752E2	5.9117E-1	1.7158E6	
981	-3.1998E-1	7.4752E2	5.9117E-1	1.7158E6	
982	-3.1998E-1	7.4752E2	5.9117E-1	1.7158E6	
983	-3.1998E-1	7.4752E2	5.9117E-1	1.7158E6	
984	-3.1998E-1	7.4752E2	5.9117E-1	1.7158E6	
985	-3.1998E-1	7.4752E2	5.9117E-1	1.7158E6	
986	-3.1998E-1	7.4752E2	5.9117E-1	1.7158E6	
987	-3.1998E-1	7.4752E2	5.9117E-1	1.7158E6	
988	-3.1998E-1	7.4752E2	5.9117E-1	1.7158E6	
989	-3.1998E-1	7.4752E2	5.9117E-1	1.7158E6	
990	-3.1998E-1	7.4752E2	5.9117E-1	1.7158E6	
991	-3.1998E-1	7.4752E2	5.9117E-1	1.7158E6	
992	-3.1998E-1	7.4752E2	5.9117E-1	1.7158E6	
993	-3.1998E-1	7.4752E2	5.9117E-1	1.7158E6	
994	-3.1998E-1	7.4752E2	5.9117E-1	1.7158E6	
995	-3.1998E-1	7.4752E2	5.9117E-1	1.7158E6	
996	-3.1998E-1	7.4752E2	5.9117E-1	1.7158E6	
997	-3.1998E-1	7.4752E2	5.9117E-1	1.7158E6	
998	-3.1998E-1	7.4752E2	5.9117E-1	1.7158E6	
999	-3.1998E-1	7.4752E2	5.9117E-1	1.7158E6	
1000	-3.1998E-1	7.4752E2	5.9117E-1	1.7158E6	
1001	-3.1998E-1	7.4752E2	5.9117E-1	1.7158E6	
1002	-3.1998E-1	7.4752E2	5.9117E-1	1.7158E6	
1003	-3.1998E-1	7.4752E2	5.9117E-1	1.7158E6	
1004	-3.1998E-1	7.4752E2	5.9117E-1	1.7158E6	
1005	-3.1998E-1	7.4752E2	5.9117E-1	1.7158E6	
1006	-3.1998E-1	7.4752E2	5.9117E-1	1.7158E6	
1007	-3.1998E-1	7.4752E2	5.9117E-1	1.7158E6	
1008	-3.1998E-1	7.4752E2	5.9117E-1	1.7158E6	
1009	-3.1998E-1	7.4752E2	5.9117E-1	1.7158E6	
1010	-3.1998E-1	7.4752E2	5.9117E-1	1.7158E6	
1011	-3.1998E-1	7.4752E2	5.9117E-1	1.7158E6	
1012	-3.1998E-1	7.4752E2	5.9117E-1	1.7158E6	
1013	-3.1998E-1	7.4752E2	5.9117E-1	1.7158E6	
1014	-3.1998E-1	7.4752E2	5.9117E-1	1.7158E6	
1015	-3.1998E-1	7.4752E2	5.9117E-1	1.7158E6	
1016	-3.1998E-1	7.4752E2	5.9117E-1	1.7158E6	
1017	-3.1998E-1	7.4752E2	5.9117E-1	1.7158E6	
1018	-3.1998E-1	7.4752E2	5.9117E-1	1.7158E6	
1019	-3.1998E-1	7.4752E2	5.9117E-1	1.7158E6	
1020	-3.1998E-1	7.4752E2	5.9117E-1	1.7158E6	
1021	-3.1998E-1	7.4752E2	5.9117E-1	1.7158E6	
1022	-3.1998E-1	7.4752E2	5.9117E-1	1.7158E6	
1023	-3.1998E-1	7.4752E2	5.9117E-1	1.7158E6	
1024	-3.1998E-1	7.4752E2	5.9117E-1	1.7158E6	
1025	-3.2280E-1	7.4333E2	5.9105E-1	1.7158E6	
1026	-3.7132E-1	6.7132E2	5.9243E-1	1.7181E6	
1027	-3.9146E-1	6.4142E2	5.9521E-1	1.7203E6	
1028	-4.1206E-1	6.1085E2	5.9834E-1	1.7225E6	
1029	-4.2938E-1	5.8515E2	6.0177E-1	1.7247E6	
1030	-4.4800E-1	5.5752E2	6.0530E-1	1.7269E6	
1031	-4.6440E-1	5.3318E2	6.0902E-1	1.7292E6	
1032	-4.7928E-1	5.1110E2	6.1290E-1	1.7314E6	
1033	-4.9545E-1	4.8710E2	6.1678E-1	1.7336E6	
1034	-5.1025E-1	4.6513E2	6.2086E-1	1.7358E6	
1035	-5.2277E-1	4.4656E2	6.2487E-1	1.7380E6	
1036	-5.3116E-1	4.3411E2	6.2904E-1	1.7403E6	
1037	-5.4710E-1	4.1044E2	6.3330E-1	1.7425E6	
1038	-5.6053E-1	3.9052E2	6.3740E-1	1.7447E6	
1039	-5.7190E-1	3.7364E2	6.4178E-1	1.7469E6	
1040	-5.8426E-1	3.5530E2	6.4607E-1	1.7491E6	
1041	-5.9425E-1	3.4047E2	6.5038E-1	1.7514E6	
1042	-6.0516E-1	3.2428E2	6.5474E-1	1.7536E6	
1043	-6.2012E-1	3.0209E2	6.5920E-1	1.7558E6	
1044	-6.2721E-1	2.9156E2	6.6361E-1	1.7580E6	
1045	-6.3797E-1	2.7559E2	6.6796E-1	1.7602E6	
1046	-6.5155E-1	2.5544E2	6.7250E-1	1.7625E6	
1047	-6.5590E-1	2.4898E2	6.7696E-1	1.7647E6	
1048	-6.6780E-1	2.3132E2	6.8142E-1	1.7669E6	
1049	-6.7680E-1	2.1796E2	6.8598E-1	1.7691E6	
1050	-6.8665E-1	2.0335E2	6.9045E-1	1.7713E6	
1051	-6.9679E-1	1.8829E2	6.9500E-1	1.7736E6	
1052	-7.0488E-1	1.7629E2	6.9960E-1	1.7758E6	
1053	-7.1190E-1	1.6588E2	7.0422E-1	1.7780E6	
1054	-7.2060E-1	1.5297E2	7.0875E-1	1.7802E6	
1055	-7.3128E-1	1.3712E2	7.1328E-1	1.7824E6	
1056	-7.3196E-1	1.3610E2	7.1798E-1	1.7847E6	
1057	-7.4341E-1	1.1911E2	7.2260E-1	1.7869E6	
1058	-7.4875E-1	1.1119E2	7.2713E-1	1.7891E6	
1059	-7.5562E-1	1.0100E2	7.3177E-1	1.7913E6	
1060	-7.6622E-1	8.5259E1	7.3657E-1	1.7935E6	
1061	-7.6935E-1	8.0617E1	7.4117E-1	1.7958E6	
1062	-7.7713E-1	6.9068E1	7.4585E-1	1.7980E6	
1063	-7.8484E-1	5.7632E1	7.5055E-1	1.8002E6	
1064	-7.8842E-1	5.2310E1	7.5508E-1	1.8024E6	
1065	-7.9483E-1	4.2799E1	7.5986E-1	1.8046E6	
1066	-8.0154E-1	3.2835E1	7.6461E-1	1.8069E6	
1067	-8.0711E-1	2.4570E1	7.6936E-1	1.8091E6	
1068	-8.1444E-1	1.3700E1	7.7398E-1	1.8113E6	
1069	-8.1932E-1	6.4539E0	7.7872E-1	1.8135E6	
1070	-8.2687E-1	-4.7555E0	7.8345E-1	1.8157E6	
1071	-8.3008E-1	-9.5109E0	7.8832E-1	1.8180E6	
1072	-8.3611E-1	-1.8456E1	7.9292E-1	1.8202E6	
1073	-8.4198E-1	-2.7174E1	7.9774E-1	1.8224E6	
1074	-8.5091E-1	-4.0422E1	8.0251E-1	1.8246E6	
1075	-8.5083E-1	-4.0308E1	8.0734E-1	1.8268E6	
1076	-8.5846E-1	-5.1631E1	8.1218E-1	1.8291E6	
1077	-8.6006E-1	-5.4009E1	8.1685E-1	1.8313E6	
1078	-8.6624E-1	-6.3180E1	8.2176E-1	1.8335E6	
1079	-8.6891E-1	-6.7143E1	8.2647E-1	1.8357E6	
1080	-8.7631E-1	-7.8126E1	8.3134E-1	1.8379E6	
1081	-8.7891E-1	-8.1975E1	8.3613E-1	1.8402E6	
1082	-8.8074E-1	-8.4693E1	8.4103E-1	1.8424E6	
1083	-8.8554E-1	-9.1826E1	8.4585E-1	1.8446E6	
1084	-8.9424E-1	-1.0473E2	8.5070E-1	1.8468E6	
1085	-8.9684E-1	-1.0858E2	8.5557E-1	1.8490E6	
1086	-8.9760E-1	-1.0972E2	8.6038E-1	1.8513E6	
1087	-8.9851E-1	-1.1107E2	8.6523E-1	1.8535E6	
1088	-9.0691E-1	-1.2353E2	8.7010E-1	1.8557E6	
1089	-9.0973E-1	-1.2772E2	8.7500E-1	1.8579E6	
1090	-9.0935E-1	-1.2715E2	8.7980E-1	1.8601E6	
1091	-9.1438E-1	-1.3463E2	8.8476E-1	1.8624E6	
1092	-9.1515E-1	-1.3576E2	8.8973E-1	1.8646E6	
1093	-9.2102E-1	-1.4448E2	8.9460E-1	1.8668E6	
1094	-9.1988E-1	-1.4278E2	8.9947E-1	1.8690E6	
1095	-9.2056E-1	-1.4380E2	9.0439E-1	1.8712E6	
1096	-9.2949E-1	-1.5704E2	9.0929E-1	1.8735E6	
1097	-9.2758E-1	-1.5421E2	9.1421E-1	1.8757E6	
1098	-9.2819E-1	-1.5512E2	9.1920E-1	1.8779E6	
1099	-9.3063E-1	-1.5874E2	9.2410E-1	1.8801E6	
1100	-9.3651E-1	-1.6746E2	9.2912E-1	1.8823E6	
1101	-9.3742E-1	-1.6882E2	9.3408E-1	1.8846E6	
1102	-9.3948E-1	-1.7188E2	9.3905E-1	1.8868E6	
1103	-9.3964E-1	-1.7210E2	9.4405E-1	1.8890E6	
1104	-9.3918E-1	-1.7142E2	9.4900E-1	1.8912E6	
1105	-9.4299E-1	-1.7709E2	9.5402E-1	1.8934E6	
1106	-9.4398E-1	-1.7856E2	9.5895E-1	1.8957E6	
1107	-9.4803E-1	-1.8456E2	9.6396E-1	1.8979E6	
1108	-9.4933E-1	-1.8648E2	9.6888E-1	1.9001E6	
1109	-9.4780E-1	-1.8422E2	9.7394E-1	1.9023E6	
1110	-9.5215E-1	-1.9067E2	9.7900E-1	1.9045E6	
1111	-9.5139E-1	-1.8954E2	9.8400E-1	1.9068E6	
1112	-9.5253E-1	-1.9124E2	9.8912E-1	1.9090E6	
1113	-9.5215E-1	-1.9067E2	9.9397E-1	1.9112E6	
1114	-9.5543E-1	-1.9554E2	9.9904E-1	1.9134E6	
1115	-9.5551E-1	-1.9565E2	1.0042E0	1.9156E6	
1116	-9.5963E-1	-2.0177E2	1.0092E0	1.9179E6	
1117	-9.5757E-1	-1.9871E2	1.0143E0	1.9201E6	
1118	-9.6306E-1	-2.0686E2	1.0194E0	1.9223E6	
1119	-9.5978E-1	-2.0199E2	1.0244E0	1.9245E6	
1120	-9.5970E-1	-2.0188E2	1.0296E0	1.9267E6	
1121	-9.6375E-1	-2.0788E2	1.0346E0	1.9290E6	
1122	-9.6611E-1	-2.1139E2	1.0395E0	1.9312E6	
1123	-9.6321E-1	-2.0709E2	1.0447E0	1.9334E6	
1124	-9.6527E-1	-2.1015E2	1.0497E0	1.9356E6	
1125	-9.6771E-1	-2.1377E2	1.0549E0	1.9378E6	
1126	-9.6718E-1	-2.1298E2	1.0600E0	1.9401E6	
1127	-9.6901E-1	-2.1570E2	1.0652E0	1.9423E6	
1128	-9.6550E-1	-2.1049E2	1.0703E0	1.9445E6	
1129	-9.6725E-1	-2.1309E2	1.0754E0	1.9467E6	
1130	-9.6664E-1	-2.1219E2	1.0805E0	1.9489E6	
1131	-9.6710E-1	-2.1286E2	1.0857E0	1.9512E6	
1132	-9.6535E-1	-2.1026E2	1.0908E0	1.9534E6	
1133	-9.6588E-1	-2.1105E2	1.0961E0	1.9556E6	
1134	-9.6710E-1	-2.1286E2	1.1011E0	1.9578E6	
1135	-9.6878E-1	-2.1536E2	1.1063E0	1.9600E6	
1136	-9.6352E-1	-2.0754E2	1.1115E0	1.9623E6	
1137	-9.6237E-1	-2.0584E2	1.1166E0	1.9645E6	
1138	-9.6535E-1	-2.1026E2	1.1219E0	1.9667E6	
1139	-9.6451E-1	-2.0901E2	1.1270E0	1.9689E6	
1140	-9.6313E-1	-2.0698E2	1.1321E0	1.9711E6	
1141	-9.6184E-1	-2.0505E2	1.1374E0	1.9734E6	
1142	-9.6558E-1	-2.1060E2	1.1426E0	1.9756E6	
1143	-9.6344E-1	-2.0743E2	1.1478E0	1.9778E6	
1144	-9.6161E-1	-2.0471E2	1.1530E0	1.9800E6	
1145	-9.6207E-1	-2.0539E2	1.1583E0	1.9822E6	
1146	-9.5879E-1	-2.0052E2	1.1635E0	1.9845E6	
1147	-9.5604E-1	-1.9645E2	1.1687E0	1.9867E6	
1148	-9.5451E-1	-1.9418E2	1.1740E0	1.9889E6	
1149	-9.5238E-1	-1.9101E2	1.1792E0	1.9911E6	
1150	-9.5108E-1	-1.8909E2	1.1845E0	1.9933E6	
1151	-9.4513E-1	-1.8026E2	1.1897E0	1.9956E6	
1152	-9.4513E-1	-1.8026E2	1.1950E0	1.9978E6	
1153	-9.4269E-1	-1.7663E2	1.2003E0	2.0000E6	
1154	-9.3842E-1	-1.7029E2	1.2055E0	2.0022E6	
1155	-9.3781E-1	-1.6939E2	1.2108E0	2.0044E6	
1156	-9.3811E-1	-1.6984E2	1.2160E0	2.0067E6	
1157	-9.3201E-1	-1.6078E2	1.2213E0	2.0089E6	
1158	-9.3193E-1	-1.6067E2	1.2266E0	2.0111E6	
1159	-9.2712E-1	-1.5353E2	1.2319E0	2.0133E6	
1160	-9.2636E-1	-1.5240E2	1.2372E0	2.0155E6	
1161	-9.2323E-1	-1.4776E2	1.2424E0	2.0178E6	
1162	-9.2079E-1	-1.4414E2	1.2478E0	2.0200E6	
1163	-9.1789E-1	-1.3983E2	1.2531E0	2.0222E6	
1164	-9.1423E-1	-1.3440E2	1.2584E0	2.0244E6	
1165	-9.0904E-1	-1.2670E2	1.2638E0	2.0266E6	
1166	-9.0950E-1	-1.2738E2	1.2691E0	2.0289E6	
1167	-9.0424E-1	-1.1957E2	1.2745E0	2.0311E6	
1168	-9.0088E-1	-1.1458E2	1.2797E0	2.0333E6	
1169	-8.9844E-1	-1.1096E2	1.2851E0	2.0355E6	
1170	-8.8882E-1	-9.6695E1	1.2905E0	2.0377E6	
1171	-8.8890E-1	-9.6808E1	1.2958E0	2.0400E6	
1172	-8.8425E-1	-8.9901E1	1.3012E0	2.0422E6	
1173	-8.8043E-1	-8.4240E1	1.3066E0	2.0444E6	
1174	-8.7997E-1	-8.3561E1	1.3119E0	2.0466E6	
1175	-8.7891E-1	-8.1975E1	1.3174E0	2.0488E6	
1176	-8.7044E-1	-6.9407E1	1.3227E0	2.0511E6	
1177	-8.5831E-1	-5.1404E1	1.3282E0	2.0533E6	
1178	-8.3061E-1	-1.0304E1	1.3336E0	2.0555E6	
1179	-7.6263E-1	9.0581E1	1.3389E0	2.0577E6	
1180	-7.1930E-1	1.5489E2	1.3444E0	2.0599E6	
1181	-7.0267E-1	1.7958E2	1.3497E0	2.0622E6	
1182	-7.0145E-1	1.8139E2	1.3551E0	2.0644E6	
1183	-6.9893E-1	1.8512E2	1.3605E0	2.0666E6	
1184	-6.9283E-1	1.9418E2	1.3660E0	2.0688E6	
1185	-6.9153E-1	1.9611E2	1.3715E0	2.0710E6	
1186	-6.9298E-1	1.9396E2	1.3769E0	2.0733E6	
1187	-6.8985E-1	1.9860E2	1.3823E0	2.0755E6	
1188	-6.8649E-1	2.0358E2	1.3878E0	2.0777E6	
1189	-6.8695E-1	2.0290E2	1.3933E0	2.0799E6	
1190	-6.8810E-1	2.0120E2	1.3987E0	2.0821E6	
1191	-6.8764E-1	2.0188E2	1.4042E0	2.0844E6	
1192	-6.8810E-1	2.0120E2	1.4097E0	2.0866E6	
1193	-6.8893E-1	1.9996E2	1.4151E0	2.0888E6	
1194	-6.8657E-1	2.0347E2	1.4205E0	2.0910E6	
1195	-6.8909E-1	1.9973E2	1.4260E0	2.0932E6	
1196	-6.9031E-1	1.9792E2	1.4316E0	2.0955E6	
1197	-6.8985E-1	1.9860E2	1.4371E0	2.0977E6	
1198	-6.9092E-1	1.9701E2	1.4426E0	2.0999E6	
1199	-6.8863E-1	2.0041E2	1.4480E0	2.1021E6	
1200	-6.8810E-1	2.0120E2	1.4536E0	2.1043E6	
1201	-6.9099E-1	1.9690E2	1.4591E0	2.1066E6	
1202	-6.9252E-1	1.9464E2	1.4646E0	2.1088E6	
1203	-6.9107E-1	1.9679E2	1.4701E0	2.1110E6	
1204	-6.9046E-1	1.9769E2	1.4756E0	2.1132E6	
1205	-6.8954E-1	1.9905E2	1.4813E0	2.1154E6	
1206	-6.9099E-1	1.9690E2	1.4868E0	2.1177E6	
1207	-6.9321E-1	1.9362E2	1.4923E0	2.1199E6	
1208	-6.8939E-1	1.9928E2	1.4978E0	2.1221E6	
1209	-6.9229E-1	1.9497E2	1.5034E0	2.1243E6	
1210	-6.9229E-1	1.9497E2	1.5089E0	2.1265E6	
1211	-6.9389E-1	1.9260E2	1.5145E0	2.1288E6	
1212	-6.9229E-1	1.9497E2	1.5200E0	2.1310E6	
1213	-6.9038E-1	1.9781E2	1.5256E0	2.1332E6	
1214	-6.9656E-1	1.8863E2	1.5312E0	2.1354E6	
1215	-6.9351E-1	1.9316E2	1.5368E0	2.1376E6	
1216	-6.9405E-1	1.9237E2	1.5423E0	2.1399E6	
1217	-6.9633E-1	1.8897E2	1.5480E0	2.1421E6	
1218	-6.9656E-1	1.8863E2	1.5536E0	2.1443E6	
1219	-6.9672E-1	1.8841E2	1.5592E0	2.1465E6	
1220	-6.9382E-1	1.9271E2	1.5648E0	2.1487E6	
1221	-6.9496E-1	1.9101E2	1.5705E0	2.1510E6	
1222	-6.9679E-1	1.8829E2	1.5760E0	2.1532E6	
1223	-6.9817E-1	1.8626E2	1.5816E0	2.1554E6	
1224	-6.9626E-1	1.8909E2	1.5873E0	2.1576E6	
1225	-6.9572E-1	1.8988E2	1.5929E0	2.1598E6	
1226	-6.9786E-1	1.8671E2	1.5986E0	2.1621E6	
1227	-6.9908E-1	1.8490E2	1.6043E0	2.1643E6	
1228	-6.9672E-1	1.8841E2	1.6098E0	2.1665E6	
1229	-6.9695E-1	1.8807E2	1.6154E0	2.1687E6	
1230	-6.9504E-1	1.9090E2	1.6212E0	2.1709E6	
1231	-6.9878E-1	1.8535E2	1.6268E0	2.1732E6	
1232	-6.9847E-1	1.8580E2	1.6325E0	2.1754E6	
1233	-7.0000E-1	1.8354E2	1.6381E0	2.1776E6	
1234	-6.9794E-1	1.8660E2	1.6437E0	2.1798E6	
1235	-6.9771E-1	1.8694E2	1.6495E0	2.1820E6	
1236	-7.0007E-1	1.8343E2	1.6551E0	2.1843E6	
1237	-6.9855E-1	1.8569E2	1.6607E0	2.1865E6	
1238	-6.9855E-1	1.8569E2	1.6665E0	2.1887E6	
1239	-6.9870E-1	1.8546E2	1.6723E0	2.1909E6	
1240	-7.0152E-1	1.8127E2	1.6779E0	2.1931E6	
1241	-6.9923E-1	1.8467E2	1.6836E0	2.1954E6	
1242	-6.9710E-1	1.8784E2	1.6893E0	2.1976E6	
1243	-6.9824E-1	1.8614E2	1.6950E0	2.1998E6	
1244	-6.9664E-1	1.8852E2	1.7007E0	2.2020E6	
1245	-7.0053E-1	1.8275E2	1.7065E0	2.2042E6	
1246	-6.9824E-1	1.8614E2	1.7122E0	2.2065E6	
1247	-6.9923E-1	1.8467E2	1.7179E0	2.2087E6	
1248	-6.9756E-1	1.8716E2	1.7236E0	2.2109E6	
1249	-6.9916E-1	1.8478E2	1.7294E0	2.2131E6	
1250	-7.0145E-1	1.8139E2	1.7352E0	2.2153E6	
1251	-7.0053E-1	1.8275E2	1.7409E0	2.2176E6	
1252	-6.9893E-1	1.8512E2	1.7466E0	2.2198E6	
1253	-6.9870E-1	1.8546E2	1.7524E0	2.2220E6	
1254	-7.0076E-1	1.8241E2	1.7582E0	2.2242E6	
1255	-7.0084E-1	1.8229E2	1.7639E0	2.2264E6	
1256	-7.0099E-1	1.8207E2	1.7697E0	2.2287E6	
1257	-6.9977E-1	1.8388E2	1.7755E0	2.2309E6	
1258	-6.9931E-1	1.8456E2	1.7814E0	2.2331E6	
1259	-7.0137E-1	1.8150E2	1.7870E0	2.2353E6	
1260	-7.0236E-1	1.8003E2	1.7928E0	2.2375E6	
1261	-7.0145E-1	1.8139E2	1.7986E0	2.2398E6	
1262	-7.0297E-1	1.7912E2	1.8044E0	2.2420E6	
1263	-7.0015E-1	1.8331E2	1.8102E0	2.2442E6	
1264	-7.0168E-1	1.8105E2	1.8160E0	2.2464E6	
1265	-7.0236E-1	1.8003E2	1.8218E0	2.2486E6	
1266	-7.0320E-1	1.7878E2	1.8277E0	2.2509E6	
1267	-6.9984E-1	1.8377E2	1.8334E0	2.2531E6	
1268	-7.0328E-1	1.7867E2	1.8394E0	2.2553E6	
1269	-7.0175E-1	1.8093E2	1.8452E0	2.2575E6	
1270	-7.0335E-1	1.7856E2	1.8510E0	2.2597E6	
1271	-7.0282E-1	1.7935E2	1.8568E0	2.2620E6	
1272	-7.0045E-1	1.8286E2	1.8627E0	2.2642E6	
1273	-7.0076E-1	1.8241E2	1.8686E0	2.2664E6	
1274	-7.0221E-1	1.8026E2	1.8744E0	2.2686E6	
1275	-7.0007E-1	1.8343E2	1.8802E0	2.2708E6	
1276	-7.0335E-1	1.7856E2	1.8861E0	2.2731E6	
1277	-7.0213E-1	1.8037E2	1.8920E0	2.2753E6	
1278	-7.0290E-1	1.7924E2	1.8978E0	2.2775E6	
1279	-7.0381E-1	1.7788E2	1.9036E0	2.2797E6	
1280	-7.0389E-1	1.7776E2	1.9095E0	2.2819E6	
1281	-7.0457E-1	1.7675E2	1.9154E0	2.2842E6	
1282	-7.0488E-1	1.7629E2	1.9214E0	2.2864E6	
1283	-7.0671E-1	1.7358E2	1.9272E0	2.2886E6	
1284	-7.0335E-1	1.7856E2	1.9331E0	2.2908E6	
1285	-7.0518E-1	1.7584E2	1.9390E0	2.2930E6	
1286	-7.0511E-1	1.7595E2	1.9450E0	2.2953E6	
1287	-7.0724E-1	1.7278E2	1.9509E0	2.2975E6	
1288	-7.0824E-1	1.7131E2	1.9568E0	2.2997E6	
1289	-7.0694E-1	1.7324E2	1.9628E0	2.3019E6	
1290	-7.0641E-1	1.7403E2	1.9686E0	2.3041E6	
1291	-7.0877E-1	1.7052E2	1.9745E0	2.3064E6	
1292	-7.0976E-1	1.6905E2	1.9804E0	2.3086E6	
1293	-7.0801E-1	1.7165E2	1.9864E0	2.3108E6	
1294	-7.0709E-1	1.7301E2	1.9923E0	2.3130E6	
1295	-7.1030E-1	1.6825E2	1.9983E0	2.3152E6	
1296	-7.0869E-1	1.7063E2	2.0042E0	2.3175E6	
1297	-7.0969E-1	1.6916E2	2.0103E0	2.3197E6	
1298	-7.0976E-1	1.6905E2	2.0161E0	2.3219E6	
1299	-7.1037E-1	1.6814E2	2.0221E0	2.3241E6	
1300	-7.1075E-1	1.6757E2	2.0281E0	2.3263E6	
1301	-7.1259E-1	1.6486E2	2.0341E0	2.3286E6	
1302	-7.1251E-1	1.6497E2	2.0401E0	2.3308E6	
1303	-7.1053E-1	1.6791E2	2.0460E0	2.3330E6	
1304	-7.1289E-1	1.6440E2	2.0520E0	2.3352E6	
1305	-7.1342E-1	1.6361E2	2.0580E0	2.3374E6	
1306	-7.1205E-1	1.6565E2	2.0641E0	2.3397E6	
1307	-7.1198E-1	1.6576E2	2.0700E0	2.3419E6	
1308	-7.1213E-1	1.6554E2	2.0760E0	2.3441E6	
1309	-7.0999E-1	1.6871E2	2.0820E0	2.3463E6	
1310	-7.1266E-1	1.6474E2	2.0880E0	2.3485E6	
1311	-7.1434E-1	1.6225E2	2.0941E0	2.3508E6	
1312	-7.1526E-1	1.6089E2	2.1001E0	2.3530E6	
1313	-7.1320E-1	1.6395E2	2.1062E0	2.3552E6	
1314	-7.1327E-1	1.6384E2	2.1122E0	2.3574E6	
1315	-7.1526E-1	1.6089E2	2.1183E0	2.3596E6	
1316	-7.1411E-1	1.6259E2	2.1242E0	2.3619E6	
1317	-7.1228E-1	1.6531E2	2.1304E0	2.3641E6	
1318	-7.1312E-1	1.6406E2	2.1364E0	2.3663E6	
1319	-7.1396E-1	1.6282E2	2.1425E0	2.3685E6	
1320	-7.1548E-1	1.6055E2	2.1486E0	2.3707E6	
1321	-7.1457E-1	1.6191E2	2.1546E0	2.3730E6	
1322	-7.1487E-1	1.6146E2	2.1607E0	2.3752E6	
1323	-7.1404E-1	1.6271E2	2.1668E0	2.3774E6	
1324	-7.1335E-1	1.6372E2	2.1728E0	2.3796E6	
1325	-7.1297E-1	1.6429E2	2.1790E0	2.3818E6	
1326	-7.1396E-1	1.6282E2	2.1850E0	2.3841E6	
1327	-7.1693E-1	1.5840E2	2.1911E0	2.3863E6	
1328	-7.1342E-1	1.6361E2	2.1972E0	2.3885E6	
1329	-7.1434E-1	1.6225E2	2.2034E0	2.3907E6	
1330	-7.1434E-1	1.6225E2	2.2094E0	2.3929E6	
1331	-7.1640E-1	1.5920E2	2.2155E0	2.3952E6	
1332	-7.1411E-1	1.6259E2	2.2217E0	2.3974E6	
1333	-7.1350E-1	1.6350E2	2.2279E0	2.3996E6	
1334	-7.1213E-1	1.6554E2	2.2339E0	2.4018E6	
1335	-7.1358E-1	1.6338E2	2.2401E0	2.4040E6	
1336	-7.1327E-1	1.6384E2	2.2463E0	2.4063E6	
1337	-7.1388E-1	1.6293E2	2.2524E0	2.4085E6	
1338	-7.1655E-1	1.5897E2	2.2586E0	2.4107E6	
1339	-7.1609E-1	1.5965E2	2.2646E0	2.4129E6	
1340	-7.1434E-1	1.6225E2	2.2709E0	2.4151E6	
1341	-7.1526E-1	1.6089E2	2.2770E0	2.4174E6	
1342	-7.1381E-1	1.6305E2	2.2831E0	2.4196E6	
1343	-7.1495E-1	1.6135E2	2.2894E0	2.4218E6	
1344	-7.1777E-1	1.5716E2	2.2955E0	2.4240E6	
1345	-7.1693E-1	1.5840E2	2.3017E0	2.4262E6	
1346	-7.1846E-1	1.5614E2	2.3079E0	2.4285E6	
1347	-7.1541E-1	1.6067E2	2.3142E0	2.4307E6	
1348	-7.1701E-1	1.5829E2	2.3203E0	2.4329E6	
1349	-7.1564E-1	1.6033E2	2.3266E0	2.4351E6	
1350	-7.1732E-1	1.5784E2	2.3328E0	2.4373E6	
1351	-7.1770E-1	1.5727E2	2.3390E0	2.4396E6	
1352	-7.1655E-1	1.5897E2	2.3451E0	2.4418E6	
1353	-7.2037E-1	1.5331E2	2.3514E0	2.4440E6	
1354	-7.1541E-1	1.6067E2	2.3577E0	2.4462E6	
1355	-7.1815E-1	1.5659E2	2.3639E0	2.4484E6	
1356	-7.1793E-1	1.5693E2	2.3700E0	2.4507E6	
1357	-7.1991E-1	1.5399E2	2.3763E0	2.4529E6	
1358	-7.1831E-1	1.5636E2	2.3825E0	2.4551E6	
1359	-7.2021E-1	1.5353E2	2.3888E0	2.4573E6	
1360	-7.2105E-1	1.5229E2	2.3951E0	2.4595E6	
1361	-7.2197E-1	1.5093E2	2.4014E0	2.4618E6	
1362	-7.2220E-1	1.5059E2	2.4076E0	2.4640E6	
1363	-7.2205E-1	1.5082E2	2.4139E0	2.4662E6	
1364	-7.2189E-1	1.5104E2	2.4201E0	2.4684E6	
1365	-7.2075E-1	1.5274E2	2.4265E0	2.4706E6	
1366	-7.2258E-1	1.5002E2	2.4327E0	2.4729E6	
1367	-7.2388E-1	1.4810E2	2.4390E0	2.4751E6	
1368	-7.2182E-1	1.5116E2	2.4453E0	2.4773E6	
1369	-7.2487E-1	1.4663E2	2.4515E0	2.4795E6	
1370	-7.2182E-1	1.5116E2	2.4578E0	2.4817E6	
1371	-7.2441E-1	1.4731E2	2.4642E0	2.4840E6	
1372	-7.2250E-1	1.5014E2	2.4705E0	2.4862E6	
1373	-7.2357E-1	1.4855E2	2.4768E0	2.4884E6	
1374	-7.2403E-1	1.4787E2	2.4832E0	2.4906E6	
1375	-7.2739E-1	1.4289E2	2.4895E0	2.4928E6	
1376	-7.2441E-1	1.4731E2	2.4958E0	2.4951E6	
1377	-7.2624E-1	1.4459E2	2.5022E0	2.4973E6	
1378	-7.2617E-1	1.4470E2	2.5084E0	2.4995E6	
1379	-7.2472E-1	1.4685E2	2.5148E0	2.5017E6	
1380	-7.2723E-1	1.4312E2	2.5212E0	2.5039E6	
1381	-7.2655E-1	1.4414E2	2.5274E0	2.5062E6	
1382	-7.2563E-1	1.4550E2	2.5338E0	2.5084E6	
1383	-7.2578E-1	1.4527E2	2.5402E0	2.5106E6	
1384	-7.2502E-1	1.4640E2	2.5465E0	2.5128E6	
1385	-7.2578E-1	1.4527E2	2.5529E0	2.5150E6	
1386	-7.2731E-1	1.4300E2	2.5593E0	2.5173E6	
1387	-7.2533E-1	1.4595E2	2.5657E0	2.5195E6	
1388	-7.2533E-1	1.4595E2	2.5720E0	2.5217E6	
1389	-7.2792E-1	1.4210E2	2.5784E0	2.5239E6	
1390	-7.2906E-1	1.4040E2	2.5848E0	2.5261E6	
1391	-7.2754E-1	1.4266E2	2.5912E0	2.5284E6	
1392	-7.2792E-1	1.4210E2	2.5976E0	2.5306E6	
1393	-7.2716E-1	1.4323E2	2.6039E0	2.5328E6	
1394	-7.2731E-1	1.4300E2	2.6104E0	2.5350E6	
1395	-7.2693E-1	1.4357E2	2.6169E0	2.5372E6	
1396	-7.2533E-1	1.4595E2	2.6231E0	2.5395E6	
1397	-7.2601E-1	1.4493E2	2.6297E0	2.5417E6	
1398	-7.2701E-1	1.4346E2	2.6360E0	2.5439E6	
1399	-7.2830E-1	1.4153E2	2.6425E0	2.5461E6	
1400	-7.2830E-1	1.4153E2	2.6488E0	2.5483E6	
1401	-7.2845E-1	1.4131E2	2.6553E0	2.5506E6	
1402	-7.2815E-1	1.4176E2	2.6617E0	2.5528E6	
1403	-7.2929E-1	1.4006E2	2.6682E0	2.5550E6	
1404	-7.3082E-1	1.3780E2	2.6747E0	2.5572E6	
1405	-7.2731E-1	1.4300E2	2.6810E0	2.5594E6	
1406	-7.2937E-1	1.3995E2	2.6875E0	2.5617E6	
1407	-7.2769E-1	1.4244E2	2.6940E0	2.5639E6	
1408	-7.2868E-1	1.4097E2	2.7005E0	2.5661E6	
1409	-7.2975E-1	1.3938E2	2.7069E0	2.5683E6	
1410	-7.3029E-1	1.3859E2	2.7134E0	2.5705E6	
1411	-7.2929E-1	1.4006E2	2.7199E0	2.5728E6	
1412	-7.2906E-1	1.4040E2	2.7264E0	2.5750E6	
1413	-7.2868E-1	1.4097E2	2.7328E0	2.5772E6	
1414	-7.2708E-1	1.4334E2	2.7393E0	2.5794E6	
1415	-7.2838E-1	1.4142E2	2.7458E0	2.5816E6	
1416	-7.2807E-1	1.4187E2	2.7523E0	2.5839E6	
1417	-7.3128E-1	1.3712E2	2.7588E0	2.5861E6	
1418	-7.2937E-1	1.3995E2	2.7653E0	2.5883E6	
1419	-7.3082E-1	1.3780E2	2.7718E0	2.5905E6	
1420	-7.3158E-1	1.3666E2	2.7783E0	2.5927E6	
1421	-7.3112E-1	1.3734E2	2.7848E0	2.5950E6	
1422	-7.3013E-1	1.3881E2	2.7914E0	2.5972E6	
1423	-7.3082E-1	1.3780E2	2.7980E0	2.5994E6	
1424	-7.3280E-1	1.3485E2	2.8044E0	2.6016E6	
1425	-7.3242E-1	1.3542E2	2.8110E0	2.6038E6	
1426	-7.3479E-1	1.3191E2	2.8175E0	2.6061E6	
1427	-7.3288E-1	1.3474E2	2.8241E0	2.6083E6	
1428	-7.3273E-1	1.3497E2	2.8306E0	2.6105E6	
1429	-7.3273E-1	1.3497E2	2.8372E0	2.6127E6	
1430	-7.3418E-1	1.3281E2	2.8438E0	2.6149E6	
1431	-7.3738E-1	1.2806E2	2.8503E0	2.6172E6	
1432	-7.3532E-1	1.3112E2	2.8567E0	2.6194E6	
1433	-7.3570E-1	1.3055E2	2.8634E0	2.6216E6	
1434	-7.3524E-1	1.3123E2	2.8700E0	2.6238E6	
1435	-7.3647E-1	1.2942E2	2.8766E0	2.6260E6	
1436	-7.3669E-1	1.2908E2	2.8832E0	2.6283E6	
1437	-7.3486E-1	1.3179E2	2.8898E0	2.6305E6	
1438	-7.3395E-1	1.3315E2	2.8963E0	2.6327E6	
1439	-7.3792E-1	1.2727E2	2.9029E0	2.6349E6	
1440	-7.3822E-1	1.2681E2	2.9096E0	2.6371E6	
1441	-7.3822E-1	1.2681E2	2.9161E0	2.6394E6	
1442	-7.3776E-1	1.2749E2	2.9227E0	2.6416E6	
1443	-7.3997E-1	1.2421E2	2.9292E0	2.6438E6	
1444	-7.3738E-1	1.2806E2	2.9360E0	2.6460E6	
1445	-7.3860E-1	1.2625E2	2.9425E0	2.6482E6	
1446	-7.3967E-1	1.2466E2	2.9492E0	2.6505E6	
1447	-7.3906E-1	1.2557E2	2.9558E0	2.6527E6	
1448	-7.3761E-1	1.2772E2	2.9624E0	2.6549E6	
1449	-7.3799E-1	1.2715E2	2.9690E0	2.6571E6	
1450	-7.4173E-1	1.2160E2	2.9756E0	2.6593E6	
1451	-7.3959E-1	1.2477E2	2.9823E0	2.6616E6	
1452	-7.3860E-1	1.2625E2	2.9890E0	2.6638E6	
1453	-7.4112E-1	1.2251E2	2.9957E0	2.6660E6	
1454	-7.4028E-1	1.2376E2	3.0022E0	2.6682E6	
1455	-7.3975E-1	1.2455E2	3.0090E0	2.6704E6	
1456	-7.4005E-1	1.2410E2	3.0156E0	2.6727E6	
1457	-7.4287E-1	1.1991E2	3.0223E0	2.6749E6	
1458	-7.4097E-1	1.2274E2	3.0290E0	2.6771E6	
1459	-7.4196E-1	1.2126E2	3.0358E0	2.6793E6	
1460	-7.4074E-1	1.2308E2	3.0423E0	2.6815E6	
1461	-7.4036E-1	1.2364E2	3.0489E0	2.6838E6	
1462	-7.4257E-1	1.2036E2	3.0557E0	2.6860E6	
1463	-7.4265E-1	1.2025E2	3.0624E0	2.6882E6	
1464	-7.4005E-1	1.2410E2	3.0691E0	2.6904E6	
1465	-7.4005E-1	1.2410E2	3.0757E0	2.6926E6	
1466	-7.4280E-1	1.2002E2	3.0825E0	2.6949E6	
1467	-7.4127E-1	1.2228E2	3.0892E0	2.6971E6	
1468	-7.4326E-1	1.1934E2	3.0959E0	2.6993E6	
1469	-7.4280E-1	1.2002E2	3.1026E0	2.7015E6	
1470	-7.4379E-1	1.1855E2	3.1093E0	2.7037E6	
1471	-7.4135E-1	1.2217E2	3.1160E0	2.7060E6	
1472	-7.3929E-1	1.2523E2	3.1228E0	2.7082E6	
1473	-7.4104E-1	1.2262E2	3.1294E0	2.7104E6	
1474	-7.4203E-1	1.2115E2	3.1361E0	2.7126E6	
1475	-7.4211E-1	1.2104E2	3.1429E0	2.7148E6	
1476	-7.4364E-1	1.1877E2	3.1497E0	2.7171E6	
1477	-7.4524E-1	1.1640E2	3.1565E0	2.7193E6	
1478	-7.4211E-1	1.2104E2	3.1631E0	2.7215E6	
1479	-7.4165E-1	1.2172E2	3.1699E0	2.7237E6	
1480	-7.4486E-1	1.1696E2	3.1767E0	2.7259E6	
1481	-7.4341E-1	1.1911E2	3.1835E0	2.7282E6	
1482	-7.4371E-1	1.1866E2	3.1902E0	2.7304E6	
1483	-7.4432E-1	1.1775E2	3.1970E0	2.7326E6	
1484	-7.4600E-1	1.1526E2	3.2038E0	2.7348E6	
1485	-7.4371E-1	1.1866E2	3.2105E0	2.7370E6	
1486	-7.4600E-1	1.1526E2	3.2174E0	2.7393E6	
1487	-7.4455E-1	1.1742E2	3.2241E0	2.7415E6	
1488	-7.4600E-1	1.1526E2	3.2309E0	2.7437E6	
1489	-7.4425E-1	1.1787E2	3.2377E0	2.7459E6	
1490	-7.4524E-1	1.1640E2	3.2445E0	2.7481E6	
1491	-7.4524E-1	1.1640E2	3.2513E0	2.7504E6	
1492	-7.4677E-1	1.1413E2	3.2580E0	2.7526E6	
1493	-7.4890E-1	1.1096E2	3.2649E0	2.7548E6	
1494	-7.4669E-1	1.1424E2	3.2716E0	2.7570E6	
1495	-7.4760E-1	1.1289E2	3.2786E0	2.7592E6	
1496	-7.4806E-1	1.1221E2	3.2854E0	2.7615E6	
1497	-7.4860E-1	1.1141E2	3.2922E0	2.7637E6	
1498	-7.4944E-1	1.1017E2	3.2990E0	2.7659E6	
1499	-7.4936E-1	1.1028E2	3.3058E0	2.7681E6	
1500	-7.4860E-1	1.1141E2	3.3127E0	2.7703E6	
1501	-7.5027E-1	1.0892E2	3.3194E0	2.7726E6	
1502	-7.5020E-1	1.0904E2	3.3263E0	2.7748E6	
1503	-7.5127E-1	1.0745E2	3.3332E0	2.7770E6	
1504	-7.5310E-1	1.0473E2	3.3400E0	2.7792E6	
1505	-7.5241E-1	1.0575E2	3.3469E0	2.7814E6	
1506	-7.5287E-1	1.0507E2	3.3537E0	2.7837E6	
1507	-7.5333E-1	1.0439E2	3.3606E0	2.7859E6	
1508	-7.5127E-1	1.0745E2	3.3674E0	2.7881E6	
1509	-7.5363E-1	1.0394E2	3.3744E0	2.7903E6	
1510	-7.5249E-1	1.0564E2	3.3812E0	2.7925E6	
1511	-7.5333E-1	1.0439E2	3.3880E0	2.7948E6	
1512	-7.5317E-1	1.0462E2	3.3949E0	2.7970E6	
1513	-7.5294E-1	1.0496E2	3.4018E0	2.7992E6	
1514	-7.5195E-1	1.0643E2	3.4087E0	2.8014E6	
1515	-7.5226E-1	1.0598E2	3.4155E0	2.8036E6	
1516	-7.5409E-1	1.0326E2	3.4225E0	2.8059E6	
1517	-7.5523E-1	1.0156E2	3.4294E0	2.8081E6	
1518	-7.5508E-1	1.0179E2	3.4363E0	2.8103E6	
1519	-7.5500E-1	1.0190E2	3.4432E0	2.8125E6	
1520	-7.5340E-1	1.0428E2	3.4501E0	2.8147E6	
1521	-7.5607E-1	1.0032E2	3.4570E0	2.8170E6	
1522	-7.5394E-1	1.0349E2	3.4639E0	2.8192E6	
1523	-7.5623E-1	1.0009E2	3.4709E0	2.8214E6	
1524	-7.5554E-1	1.0111E2	3.4778E0	2.8236E6	
1525	-7.5455E-1	1.0258E2	3.4846E0	2.8258E6	
1526	-7.5447E-1	1.0270E2	3.4915E0	2.8281E6	
1527	-7.5516E-1	1.0168E2	3.4986E0	2.8303E6	
1528	-7.5348E-1	1.0417E2	3.5055E0	2.8325E6	
1529	-7.5409E-1	1.0326E2	3.5125E0	2.8347E6	
1530	-7.5623E-1	1.0009E2	3.5194E0	2.8369E6	
1531	-7.5310E-1	1.0473E2	3.5263E0	2.8392E6	
1532	-7.5485E-1	1.0213E2	3.5334E0	2.8414E6	
1533	-7.5546E-1	1.0122E2	3.5403E0	2.8436E6	
1534	-7.5592E-1	1.0054E2	3.5473E0	2.8458E6	
1535	-7.5562E-1	1.0100E2	3.5542E0	2.8480E6	
1536	-7.5531E-1	1.0145E2	3.5611E0	2.8503E6	
1537	-7.5806E-1	9.7374E1	3.5682E0	2.8525E6	
1538	-7.5768E-1	9.7940E1	3.5752E0	2.8547E6	
1539	-7.5531E-1	1.0145E2	3.5821E0	2.8569E6	
1540	-7.5745E-1	9.8280E1	3.5891E0	2.8591E6	
1541	-7.5706E-1	9.8846E1	3.5961E0	2.8614E6	
1542	-7.5783E-1	9.7714E1	3.6031E0	2.8636E6	
1543	-7.5745E-1	9.8280E1	3.6101E0	2.8658E6	
1544	-7.5844E-1	9.6808E1	3.6171E0	2.8680E6	
1545	-7.5806E-1	9.7374E1	3.6241E0	2.8702E6	
1546	-7.5737E-1	9.8393E1	3.6310E0	2.8725E6	
1547	-7.5890E-1	9.6129E1	3.6381E0	2.8747E6	
1548	-7.5798E-1	9.7487E1	3.6451E0	2.8769E6	
1549	-7.5684E-1	9.9186E1	3.6521E0	2.8791E6	
1550	-7.5699E-1	9.8959E1	3.6591E0	2.8813E6	
1551	-7.5752E-1	9.8167E1	3.6661E0	2.8836E6	
1552	-7.5874E-1	9.6355E1	3.6732E0	2.8858E6	
1553	-7.5768E-1	9.7940E1	3.6802E0	2.8880E6	
1554	-7.5890E-1	9.6129E1	3.6872E0	2.8902E6	
1555	-7.5905E-1	9.5902E1	3.6942E0	2.8924E6	
1556	-7.6103E-1	9.2958E1	3.7013E0	2.8947E6	
1557	-7.6218E-1	9.1260E1	3.7083E0	2.8969E6	
1558	-7.6126E-1	9.2619E1	3.7153E0	2.8991E6	
1559	-7.6134E-1	9.2505E1	3.7224E0	2.9013E6	
1560	-7.6164E-1	9.2053E1	3.7295E0	2.9035E6	
1561	-7.6302E-1	9.0014E1	3.7365E0	2.9058E6	
1562	-7.5989E-1	9.4657E1	3.7437E0	2.9080E6	
1563	-7.6157E-1	9.2166E1	3.7507E0	2.9102E6	
1564	-7.6263E-1	9.0581E1	3.7577E0	2.9124E6	
1565	-7.6416E-1	8.8316E1	3.7648E0	2.9146E6	
1566	-7.6271E-1	9.0467E1	3.7719E0	2.9169E6	
1567	-7.6096E-1	9.3072E1	3.7789E0	2.9191E6	
1568	-7.6263E-1	9.0581E1	3.7861E0	2.9213E6	
1569	-7.6744E-1	8.3447E1	3.7931E0	2.9235E6	
1570	-7.6363E-1	8.9109E1	3.8003E0	2.9257E6	
1571	-7.6523E-1	8.6731E1	3.8073E0	2.9280E6	
1572	-7.6530E-1	8.6618E1	3.8144E0	2.9302E6	
1573	-7.6576E-1	8.5938E1	3.8214E0	2.9324E6	
1574	-7.6523E-1	8.6731E1	3.8286E0	2.9346E6	
1575	-7.6721E-1	8.3787E1	3.8357E0	2.9368E6	
1576	-7.6668E-1	8.4580E1	3.8428E0	2.9391E6	
1577	-7.6630E-1	8.5146E1	3.8499E0	2.9413E6	
1578	-7.6927E-1	8.0730E1	3.8570E0	2.9435E6	
1579	-7.6996E-1	7.9711E1	3.8641E0	2.9457E6	
1580	-7.6668E-1	8.4580E1	3.8712E0	2.9479E6	
1581	-7.6813E-1	8.2428E1	3.8785E0	2.9502E6	
1582	-7.6614E-1	8.5372E1	3.8855E0	2.9524E6	
1583	-7.6714E-1	8.3900E1	3.8927E0	2.9546E6	
1584	-7.6591E-1	8.5712E1	3.8998E0	2.9568E6	
1585	-7.6767E-1	8.3108E1	3.9070E0	2.9590E6	
1586	-7.7011E-1	7.9484E1	3.9141E0	2.9613E6	
1587	-7.6958E-1	8.0277E1	3.9212E0	2.9635E6	
1588	-7.6851E-1	8.1862E1	3.9285E0	2.9657E6	
1589	-7.6828E-1	8.2202E1	3.9356E0	2.9679E6	
1590	-7.6859E-1	8.1749E1	3.9428E0	2.9701E6	
1591	-7.6866E-1	8.1636E1	3.9499E0	2.9724E6	
1592	-7.6973E-1	8.0051E1	3.9572E0	2.9746E6	
1593	-7.6813E-1	8.2428E1	3.9642E0	2.9768E6	
1594	-7.6698E-1	8.4127E1	3.9714E0	2.9790E6	
1595	-7.6881E-1	8.1409E1	3.9786E0	2.9812E6	
1596	-7.7187E-1	7.6880E1	3.9858E0	2.9835E6	
1597	-7.7217E-1	7.6427E1	3.9930E0	2.9857E6	
1598	-7.6912E-1	8.0956E1	4.0001E0	2.9879E6	
1599	-7.7118E-1	7.7899E1	4.0073E0	2.9901E6	
1600	-7.7003E-1	7.9598E1	4.0145E0	2.9923E6	
1601	-7.7103E-1	7.8126E1	4.0217E0	2.9946E6	
1602	-7.6797E-1	8.2655E1	4.0290E0	2.9968E6	
1603	-7.6912E-1	8.0956E1	4.0361E0	2.9990E6	
1604	-7.7034E-1	7.9145E1	4.0433E0	3.0012E6	
1605	-7.7202E-1	7.6654E1	4.0505E0	3.0034E6	
1606	-7.7026E-1	7.9258E1	4.0577E0	3.0057E6	
1607	-7.7187E-1	7.6880E1	4.0649E0	3.0079E6	
1608	-7.7065E-1	7.8692E1	4.0721E0	3.0101E6	
1609	-7.7095E-1	7.8239E1	4.0794E0	3.0123E6	
1610	-7.7278E-1	7.5522E1	4.0866E0	3.0145E6	
1611	-7.7217E-1	7.6427E1	4.0938E0	3.0168E6	
1612	-7.7187E-1	7.6880E1	4.1011E0	3.0190E6	
1613	-7.7232E-1	7.6201E1	4.1083E0	3.0212E6	
1614	-7.7248E-1	7.5975E1	4.1155E0	3.0234E6	
1615	-7.7400E-1	7.3710E1	4.1228E0	3.0256E6	
1616	-7.7217E-1	7.6427E1	4.1300E0	3.0279E6	
1617	-7.7240E-1	7.6088E1	4.1372E0	3.0301E6	
1618	-7.7469E-1	7.2691E1	4.1445E0	3.0323E6	
1619	-7.7293E-1	7.5295E1	4.1519E0	3.0345E6	
1620	-7.7553E-1	7.1445E1	4.1591E0	3.0367E6	
1621	-7.7644E-1	7.0087E1	4.1663E0	3.0390E6	
1622	-7.7499E-1	7.2238E1	4.1735E0	3.0412E6	
1623	-7.7721E-1	6.8955E1	4.1809E0	3.0434E6	
1624	-7.7492E-1	7.2351E1	4.1882E0	3.0456E6	
1625	-7.7728E-1	6.8841E1	4.1953E0	3.0478E6	
1626	-7.7591E-1	7.0879E1	4.2027E0	3.0501E6	
1627	-7.7988E-1	6.4992E1	4.2099E0	3.0523E6	
1628	-7.8217E-1	6.1595E1	4.2172E0	3.0545E6	
1629	-7.8133E-1	6.2840E1	4.2245E0	3.0567E6	
1630	-7.7629E-1	7.0313E1	4.2318E0	3.0589E6	
1631	-7.7820E-1	6.7483E1	4.2390E0	3.0612E6	
1632	-7.7995E-1	6.4878E1	4.2464E0	3.0634E6	
1633	-7.8026E-1	6.4425E1	4.2538E0	3.0656E6	
1634	-7.7820E-1	6.7483E1	4.2610E0	3.0678E6	
1635	-7.7835E-1	6.7256E1	4.2683E0	3.0700E6	
1636	-7.8255E-1	6.1029E1	4.2755E0	3.0723E6	
1637	-7.8194E-1	6.1935E1	4.2828E0	3.0745E6	
1638	-7.8148E-1	6.2614E1	4.2903E0	3.0767E6	
1639	-7.8300E-1	6.0349E1	4.2976E0	3.0789E6	
1640	-7.8094E-1	6.3406E1	4.3049E0	3.0811E6	
1641	-7.7995E-1	6.4878E1	4.3122E0	3.0834E6	
1642	-7.8278E-1	6.0689E1	4.3196E0	3.0856E6	
1643	-7.8133E-1	6.2840E1	4.3268E0	3.0878E6	
1644	-7.8156E-1	6.2501E1	4.3341E0	3.0900E6	
1645	-7.8346E-1	5.9670E1	4.3415E0	3.0922E6	
1646	-7.8323E-1	6.0010E1	4.3488E0	3.0945E6	
1647	-7.8300E-1	6.0349E1	4.3562E0	3.0967E6	
1648	-7.8468E-1	5.7858E1	4.3635E0	3.0989E6	
1649	-7.8377E-1	5.9217E1	4.3709E0	3.1011E6	
1650	-7.8339E-1	5.9783E1	4.3783E0	3.1033E6	
1651	-7.8575E-1	5.6273E1	4.3856E0	3.1056E6	
1652	-7.8278E-1	6.0689E1	4.3930E0	3.1078E6	
1653	-7.8461E-1	5.7972E1	4.4002E0	3.1100E6	
1654	-7.8133E-1	6.2840E1	4.4077E0	3.1122E6	
1655	-7.8262E-1	6.0915E1	4.4150E0	3.1144E6	
1656	-7.8384E-1	5.9104E1	4.4224E0	3.1167E6	
1657	-7.8445E-1	5.8198E1	4.4297E0	3.1189E6	
1658	-7.8476E-1	5.7745E1	4.4371E0	3.1211E6	
1659	-7.8461E-1	5.7972E1	4.4445E0	3.1233E6	
1660	-7.8484E-1	5.7632E1	4.4518E0	3.1255E6	
1661	-7.8445E-1	5.8198E1	4.4593E0	3.1278E6	
1662	-7.8667E-1	5.4915E1	4.4666E0	3.1300E6	
1663	-7.8445E-1	5.8198E1	4.4740E0	3.1322E6	
1664	-7.8423E-1	5.8538E1	4.4814E0	3.1344E6	
1665	-7.8644E-1	5.5254E1	4.4887E0	3.1366E6	
1666	-7.8865E-1	5.1971E1	4.4961E0	3.1389E6	
1667	-7.8621E-1	5.5594E1	4.5035E0	3.1411E6	
1668	-7.8545E-1	5.6726E1	4.5109E0	3.1433E6	
1669	-7.8735E-1	5.3895E1	4.5182E0	3.1455E6	
1670	-7.8583E-1	5.6160E1	4.5257E0	3.1477E6	
1671	-7.8667E-1	5.4915E1	4.5331E0	3.1500E6	
1672	-7.8453E-1	5.8085E1	4.5405E0	3.1522E6	
1673	-7.8583E-1	5.6160E1	4.5479E0	3.1544E6	
1674	-7.8598E-1	5.5934E1	4.5553E0	3.1566E6	
1675	-7.8873E-1	5.1857E1	4.5628E0	3.1588E6	
1676	-7.8773E-1	5.3329E1	4.5701E0	3.1611E6	
1677	-7.8857E-1	5.2084E1	4.5776E0	3.1633E6	
1678	-7.8743E-1	5.3782E1	4.5850E0	3.1655E6	
1679	-7.9033E-1	4.9480E1	4.5924E0	3.1677E6	
1680	-7.9010E-1	4.9819E1	4.5998E0	3.1699E6	
1681	-7.8896E-1	5.1518E1	4.6073E0	3.1722E6	
1682	-7.8918E-1	5.1178E1	4.6145E0	3.1744E6	
1683	-7.8949E-1	5.0725E1	4.6221E0	3.1766E6	
1684	-7.8781E-1	5.3216E1	4.6294E0	3.1788E6	
1685	-7.9124E-1	4.8121E1	4.6369E0	3.1810E6	
1686	-7.9132E-1	4.8008E1	4.6443E0	3.1833E6	
1687	-7.9063E-1	4.9027E1	4.6517E0	3.1855E6	
1688	-7.9109E-1	4.8347E1	4.6592E0	3.1877E6	
1689	-7.9094E-1	4.8574E1	4.6665E0	3.1899E6	
1690	-7.9323E-1	4.5177E1	4.6741E0	3.1921E6	
1691	-7.9185E-1	4.7215E1	4.6815E0	3.1944E6	
1692	-7.9224E-1	4.6649E1	4.6889E0	3.1966E6	
1693	-7.9384E-1	4.4271E1	4.6963E0	3.1988E6	
1694	-7.9536E-1	4.2007E1	4.7038E0	3.2010E6	
1695	-7.9536E-1	4.2007E1	4.7112E0	3.2032E6	
1696	-7.9277E-1	4.5856E1	4.7187E0	3.2055E6	
1697	-7.9384E-1	4.4271E1	4.7261E0	3.2077E6	
1698	-7.9353E-1	4.4724E1	4.7336E0	3.2099E6	
1699	-7.9498E-1	4.2573E1	4.7411E0	3.2121E6	
1700	-7.9483E-1	4.2799E1	4.7485E0	3.2143E6	
1701	-7.9422E-1	4.3705E1	4.7560E0	3.2166E6	
1702	-7.9575E-1	4.1441E1	4.7634E0	3.2188E6	
1703	-7.9483E-1	4.2799E1	4.7709E0	3.2210E6	
1704	-7.9613E-1	4.0875E1	4.7783E0	3.2232E6	
1705	-7.9849E-1	3.7365E1	4.7857E0	3.2254E6	
1706	-7.9681E-1	3.9855E1	4.7932E0	3.2277E6	
1707	-7.9384E-1	4.4271E1	4.8007E0	3.2299E6	
1708	-7.9712E-1	3.9403E1	4.8082E0	3.2321E6	
1709	-7.9895E-1	3.6685E1	4.8156E0	3.2343E6	
1710	-7.9872E-1	3.7025E1	4.8231E0	3.2365E6	
1711	-7.9582E-1	4.1327E1	4.8306E0	3.2388E6	
1712	-7.9903E-1	3.6572E1	4.8380E0	3.2410E6	
1713	-7.9514E-1	4.2346E1	4.8455E0	3.2432E6	
1714	-7.9849E-1	3.7365E1	4.8530E0	3.2454E6	
1715	-7.9636E-1	4.0535E1	4.8604E0	3.2476E6	
1716	-7.9781E-1	3.8384E1	4.8679E0	3.2499E6	
1717	-7.9742E-1	3.8950E1	4.8754E0	3.2521E6	
1718	-7.9826E-1	3.7704E1	4.8829E0	3.2543E6	
1719	-7.9857E-1	3.7251E1	4.8903E0	3.2565E6	
1720	-7.9712E-1	3.9403E1	4.8978E0	3.2587E6	
1721	-7.9613E-1	4.0875E1	4.9054E0	3.2610E6	
1722	-7.9781E-1	3.8384E1	4.9127E0	3.2632E6	
1723	-7.9796E-1	3.8157E1	4.9202E0	3.2654E6	
1724	-7.9727E-1	3.9176E1	4.9277E0	3.2676E6	
1725	-8.0147E-1	3.2949E1	4.9351E0	3.2698E6	
1726	-8.0040E-1	3.4534E1	4.9427E0	3.2721E6	
1727	-8.0040E-1	3.4534E1	4.9502E0	3.2743E6	
1728	-7.9918E-1	3.6345E1	4.9577E0	3.2765E6	
1729	-7.9803E-1	3.8044E1	4.9652E0	3.2787E6	
1730	-7.9887E-1	3.6798E1	4.9727E0	3.2809E6	
1731	-8.0101E-1	3.3628E1	4.9802E0	3.2832E6	
1732	-8.0124E-1	3.3288E1	4.9877E0	3.2854E6	
1733	-8.0086E-1	3.3855E1	4.9951E0	3.2876E6	
1734	-8.0139E-1	3.3062E1	5.0027E0	3.2898E6	
1735	-8.0116E-1	3.3402E1	5.0102E0	3.2920E6	
1736	-8.0200E-1	3.2156E1	5.0177E0	3.2943E6	
1737	-8.0017E-1	3.4874E1	5.0251E0	3.2965E6	
1738	-8.0040E-1	3.4534E1	5.0328E0	3.2987E6	
1739	-8.0353E-1	2.9892E1	5.0402E0	3.3009E6	
1740	-8.0391E-1	2.9325E1	5.0476E0	3.3031E6	
1741	-8.0292E-1	3.0797E1	5.0552E0	3.3054E6	
1742	-8.0276E-1	3.1024E1	5.0627E0	3.3076E6	
1743	-8.0475E-1	2.8080E1	5.0701E0	3.3098E6	
1744	-8.0353E-1	2.9892E1	5.0777E0	3.3120E6	
1745	-8.0215E-1	3.1930E1	5.0851E0	3.3142E6	
1746	-8.0574E-1	2.6608E1	5.0928E0	3.3165E6	
1747	-8.0681E-1	2.5023E1	5.1002E0	3.3187E6	
1748	-8.0597E-1	2.6268E1	5.1078E0	3.3209E6	
1749	-8.0566E-1	2.6721E1	5.1152E0	3.3231E6	
1750	-8.0681E-1	2.5023E1	5.1228E0	3.3253E6	
1751	-8.0963E-1	2.0834E1	5.1302E0	3.3276E6	
1752	-8.0750E-1	2.4004E1	5.1377E0	3.3298E6	
1753	-8.0833E-1	2.2758E1	5.1453E0	3.3320E6	
1754	-8.0826E-1	2.2872E1	5.1528E0	3.3342E6	
1755	-8.0742E-1	2.4117E1	5.1602E0	3.3364E6	
1756	-8.0559E-1	2.6835E1	5.1678E0	3.3387E6	
1757	-8.0650E-1	2.5476E1	5.1753E0	3.3409E6	
1758	-8.0925E-1	2.1400E1	5.1828E0	3.3431E6	
1759	-8.1039E-1	1.9701E1	5.1904E0	3.3453E6	
1760	-8.0719E-1	2.4457E1	5.1977E0	3.3475E6	
1761	-8.1024E-1	1.9928E1	5.2053E0	3.3498E6	
1762	-8.1100E-1	1.8795E1	5.2129E0	3.3520E6	
1763	-8.0948E-1	2.1060E1	5.2203E0	3.3542E6	
1764	-8.0956E-1	2.0947E1	5.2280E0	3.3564E6	
1765	-8.1108E-1	1.8682E1	5.2355E0	3.3586E6	
1766	-8.0986E-1	2.0494E1	5.2430E0	3.3609E6	
1767	-8.1085E-1	1.9022E1	5.2504E0	3.3631E6	
1768	-8.1230E-1	1.6871E1	5.2579E0	3.3653E6	
1769	-8.0933E-1	2.1286E1	5.2653E0	3.3675E6	
1770	-8.1024E-1	1.9928E1	5.2729E0	3.3697E6	
1771	-8.1093E-1	1.8909E1	5.2805E0	3.3720E6	
1772	-8.1131E-1	1.8343E1	5.2880E0	3.3742E6	
1773	-8.1230E-1	1.6871E1	5.2954E0	3.3764E6	
1774	-8.1123E-1	1.8456E1	5.3029E0	3.3786E6	
1775	-8.1009E-1	2.0154E1	5.3104E0	3.3808E6	
1776	-8.1093E-1	1.8909E1	5.3181E0	3.3831E6	
1777	-8.1230E-1	1.6871E1	5.3255E0	3.3853E6	
1778	-8.1314E-1	1.5625E1	5.3330E0	3.3875E6	
1779	-8.1367E-1	1.4833E1	5.3405E0	3.3897E6	
1780	-8.1291E-1	1.5965E1	5.3479E0	3.3919E6	
1781	-8.1360E-1	1.4946E1	5.3554E0	3.3942E6	
1782	-8.1123E-1	1.8456E1	5.3629E0	3.3964E6	
1783	-8.1345E-1	1.5172E1	5.3704E0	3.3986E6	
1784	-8.1062E-1	1.9362E1	5.3780E0	3.4008E6	
1785	-8.1268E-1	1.6305E1	5.3855E0	3.4030E6	
1786	-8.1474E-1	1.3247E1	5.3930E0	3.4053E6	
1787	-8.1245E-1	1.6644E1	5.4005E0	3.4075E6	
1788	-8.1261E-1	1.6418E1	5.4080E0	3.4097E6	
1789	-8.1223E-1	1.6984E1	5.4155E0	3.4119E6	
1790	-8.1566E-1	1.1889E1	5.4230E0	3.4141E6	
1791	-8.1345E-1	1.5172E1	5.4304E0	3.4164E6	
1792	-8.1543E-1	1.2228E1	5.4380E0	3.4186E6	
1793	-8.1375E-1	1.4719E1	5.4455E0	3.4208E6	
1794	-8.1337E-1	1.5286E1	5.4529E0	3.4230E6	
1795	-8.1429E-1	1.3927E1	5.4604E0	3.4252E6	
1796	-8.1703E-1	9.8507E0	5.4680E0	3.4275E6	
1797	-8.1612E-1	1.1209E1	5.4755E0	3.4297E6	
1798	-8.1680E-1	1.0190E1	5.4819E0	3.4316E6	
1799	-8.1680E-1	1.0190E1	5.4819E0	3.4316E6	
1800	-8.1680E-1	1.0190E1	5.4819E0	3.4316E6	
1801	-8.1680E-1	1.0190E1	5.4819E0	3.4316E6	
1802	-8.1680E-1	1.0190E1	5.4819E0	3.4316E6	
1803	-8.1680E-1	1.0190E1	5.4819E0	3.4316E6	
1804	-8.1680E-1	1.0190E1	5.4819E0	3.4316E6	
1805	-8.1680E-1	1.0190E1	5.4819E0	3.4316E6	
1806	-8.1680E-1	1.0190E1	5.4819E0	3.4316E6	
1807	-8.1680E-1	1.0190E1	5.4819E0	3.4316E6	
1808	-8.1680E-1	1.0190E1	5.4819E0	3.4316E6	
1809	-8.1680E-1	1.0190E1	5.4819E0	3.4316E6	
1810	-8.1680E-1	1.0190E1	5.4819E0	3.4316E6	
1811	-8.1680E-1	1.0190E1	5.4819E0	3.4316E6	
1812	-8.1680E-1	1.0190E1	5.4819E0	3.4316E6	
1813	-8.1680E-1	1.0190E1	5.4819E0	3.4316E6	
1814	-8.1680E-1	1.0190E1	5.4819E0	3.4316E6	
1815	-8.1680E-1	1.0190E1	5.4819E0	3.4316E6	
1816	-8.1680E-1	1.0190E1	5.4819E0	3.4316E6	
1817	-8.1680E-1	1.0190E1	5.4819E0	3.4316E6	
1818	-8.1680E-1	1.0190E1	5.4819E0	3.4316E6	
1819	-8.1680E-1	1.0190E1	5.4819E0	3.4316E6	
1820	-8.1680E-1	1.0190E1	5.4819E0	3.4316E6	
1821	-8.1680E-1	1.0190E1	5.4819E0	3.4316E6	
1822	-8.1680E-1	1.0190E1	5.4819E0	3.4316E6	
1823	-8.1680E-1	1.0190E1	5.4819E0	3.4316E6	
1824	-8.1680E-1	1.0190E1	5.4819E0	3.4316E6	
1825	-8.1680E-1	1.0190E1	5.4819E0	3.4316E6	
1826	-8.1680E-1	1.0190E1	5.4819E0	3.4316E6	
1827	-8.1680E-1	1.0190E1	5.4819E0	3.4316E6	
1828	-8.1680E-1	1.0190E1	5.4819E0	3.4316E6	
1829	-8.1680E-1	1.0190E1	5.4819E0	3.4316E6	
1830	-8.1680E-1	1.0190E1	5.4819E0	3.4316E6	
1831	-8.1680E-1	1.0190E1	5.4819E0	3.4316E6	
1832	-8.1680E-1	1.0190E1	5.4819E0	3.4316E6	
1833	-8.1680E-1	1.0190E1	5.4819E0	3.4316E6	
1834	-8.1680E-1	1.0190E1	5.4819E0	3.4316E6	
1835	-8.1680E-1	1.0190E1	5.4819E0	3.4316E6	
1836	-8.1680E-1	1.0190E1	5.4819E0	3.4316E6	
1837	-8.1680E-1	1.0190E1	5.4819E0	3.4316E6	
1838	-8.1680E-1	1.0190E1	5.4819E0	3.4316E6	
1839	-8.1680E-1	1.0190E1	5.4819E0	3.4316E6	
1840	-8.1680E-1	1.0190E1	5.4819E0	3.4316E6	
1841	-8.1680E-1	1.0190E1	5.4819E0	3.4316E6	
1842	-8.1680E-1	1.0190E1	5.4819E0	3.4316E6	
1843	-8.1680E-1	1.0190E1	5.4819E0	3.4316E6	
1844	-8.1680E-1	1.0190E1	5.4819E0	3.4316E6	
1845	-8.1680E-1	1.0190E1	5.4819E0	3.4316E6	
1846	-8.1680E-1	1.0190E1	5.4819E0	3.4316E6	
1847	-8.1680E-1	1.0190E1	5.4819E0	3.4316E6	
1848	-8.1680E-1	1.0190E1	5.4819E0	3.4316E6	
1849	-8.1680E-1	1.0190E1	5.4819E0	3.4316E6	
1850	-8.1680E-1	1.0190E1	5.4819E0	3.4316E6	
1851	-8.1680E-1	1.0190E1	5.4819E0	3.4316E6	
1852	-8.1680E-1	1.0190E1	5.4819E0	3.4316E6	
1853	-8.1680E-1	1.0190E1	5.4819E0	3.4316E6	
1854	-8.1680E-1	1.0190E1	5.4819E0	3.4316E6	
1855	-8.1680E-1	1.0190E1	5.4819E0	3.4316E6	
1856	-8.1680E-1	1.0190E1	5.4819E0	3.4316E6	
1857	-8.1680E-1	1.0190E1	5.4819E0	3.4316E6	
1858	-8.1680E-1	1.0190E1	5.4819E0	3.4316E6	
1859	-8.1680E-1	1.0190E1	5.4819E0	3.4316E6	
1860	-8.1680E-1	1.0190E1	5.4819E0	3.4316E6	
1861	-8.1680E-1	1.0190E1	5.4819E0	3.4316E6	
1862	-8.1680E-1	1.0190E1	5.4819E0	3.4316E6	
1863	-8.1680E-1	1.0190E1	5.4819E0	3.4316E6	
1864	-8.1680E-1	1.0190E1	5.4819E0	3.4316E6	
1865	-8.1680E-1	1.0190E1	5.4819E0	3.4316E6	
1866	-8.1680E-1	1.0190E1	5.4819E0	3.4316E6	
1867	-8.1680E-1	1.0190E1	5.4819E0	3.4316E6	
1868	-8.1680E-1	1.0190E1	5.4819E0	3.4316E6	
1869	-8.1680E-1	1.0190E1	5.4819E0	3.4316E6	
1870	-8.1680E-1	1.0190E1	5.4819E0	3.4316E6	
1871	-8.1680E-1	1.0190E1	5.4819E0	3.4316E6	
1872	-8.1680E-1	1.0190E1	5.4819E0	3.4316E6	
1873	-8.1680E-1	1.0190E1	5.4819E0	3.4316E6	
1874	-8.1680E-1	1.0190E1	5.4819E0	3.4316E6	
1875	-8.1680E-1	1.0190E1	5.4819E0	3.4316E6	
1876	-8.1680E-1	1.0190E1	5.4819E0	3.4316E6	
1877	-8.1680E-1	1.0190E1	5.4819E0	3.4316E6	
1878	-8.1680E-1	1.0190E1	5.4819E0	3.4316E6	
1879	-8.1680E-1	1.0190E1	5.4819E0	3.4316E6	
1880	-8.1680E-1	1.0190E1	5.4819E0	3.4316E6	
1881	-8.1680E-1	1.0190E1	5.4819E0	3.4316E6	
1882	-8.1680E-1	1.0190E1	5.4819E0	3.4316E6	
1883	-8.1680E-1	1.0190E1	5.4819E0	3.4316E6	
1884	-8.1680E-1	1.0190E1	5.4819E0	3.4316E6	
1885	-8.1680E-1	1.0190E1	5.4819E0	3.4316E6	
1886	-8.1680E-1	1.0190E1	5.4819E0	3.4316E6	
1887	-8.1680E-1	1.0190E1	5.4819E0	3.4316E6	
1888	-8.1680E-1	1.0190E1	5.4819E0	3.4316E6	
1889	-8.1680E-1	1.0190E1	5.4819E0	3.4316E6	
1890	-8.1680E-1	1.0190E1	5.4819E0	3.4316E6	
1891	-8.1680E-1	1.0190E1	5.4819E0	3.4316E6	
1892	-8.1680E-1	1.0190E1	5.4819E0	3.4316E6	
1893	-8.1680E-1	1.0190E1	5.4819E0	3.4316E6	
1894	-8.1680E-1	1.0190E1	5.4819E0	3.4316E6	
1895	-8.1680E-1	1.0190E1	5.4819E0	3.4316E6	
1896	-8.1680E-1	1.0190E1	5.4819E0	3.4316E6	
1897	-8.1680E-1	1.0190E1	5.4819E0	3.4316E6	
1898	-8.1680E-1	1.0190E1	5.4819E0	3.4316E6	
1899	-8.1680E-1	1.0190E1	5.4819E0	3.4316E6	
1900	-8.1680E-1	1.0190E1	5.4819E0	3.4316E6	
1901	-8.1680E-1	1.0190E1	5.4819E0	3.4316E6	
1902	-8.1680E-1	1.0190E1	5.4819E0	3.4316E6	
1903	-8.1680E-1	1.0190E1	5.4819E0	3.4316E6	
1904	-8.1680E-1	1.0190E1	5.4819E0	3.4316E6	
1905	-8.1680E-1	1.0190E1	5.4819E0	3.4316E6	
1906	-8.1680E-1	1.0190E1	5.4819E0	3.4316E6	
1907	-8.1680E-1	1.0190E1	5.4819E0	3.4316E6	
1908	-8.1680E-1	1.0190E1	5.4819E0	3.4316E6	
1909	-8.1680E-1	1.0190E1	5.4819E0	3.4316E6	
1910	-8.1680E-1	1.0190E1	5.4819E0	3.4316E6	
1911	-8.1680E-1	1.0190E1	5.4819E0	3.4316E6	
1912	-8.1680E-1	1.0190E1	5.4819E0	3.4316E6	
1913	-8.1680E-1	1.0190E1	5.4819E0	3.4316E6	
1914	-8.1680E-1	1.0190E1	5.4819E0	3.4316E6	
1915	-8.1680E-1	1.0190E1	5.4819E0	3.4316E6	
1916	-8.1680E-1	1.0190E1	5.4819E0	3.4316E6	
1917	-8.1680E-1	1.0190E1	5.4819E0	3.4316E6	
1918	-8.1680E-1	1.0190E1	5.4819E0	3.4316E6	
1919	-8.1680E-1	1.0190E1	5.4819E0	3.4316E6	
1920	-8.1680E-1	1.0190E1	5.4819E0	3.4316E6	
1921	-8.1680E-1	1.0190E1	5.4819E0	3.4316E6	
1922	-8.1680E-1	1.0190E1	5.4819E0	3.4316E6	
1923	-8.1680E-1	1.0190E1	5.4819E0	3.4316E6	
1924	-8.1680E-1	1.0190E1	5.4819E0	3.4316E6	
1925	-8.1680E-1	1.0190E1	5.4819E0	3.4316E6	
1926	-8.1680E-1	1.0190E1	5.4819E0	3.4316E6	
1927	-8.1680E-1	1.0190E1	5.4819E0	3.4316E6	
1928	-8.1680E-1	1.0190E1	5.4819E0	3.4316E6	
1929	-8.1680E-1	1.0190E1	5.4819E0	3.4316E6	
1930	-8.1680E-1	1.0190E1	5.4819E0	3.4316E6	
1931	-8.1680E-1	1.0190E1	5.4819E0	3.4316E6	
1932	-8.1680E-1	1.0190E1	5.4819E0	3.4316E6	
1933	-8.1680E-1	1.0190E1	5.4819E0	3.4316E6	
1934	-8.1680E-1	1.0190E1	5.4819E0	3.4316E6	
1935	-8.1680E-1	1.0190E1	5.4819E0	3.4316E6	
1936	-8.1680E-1	1.0190E1	5.4819E0	3.4316E6	
1937	-8.1680E-1	1.0190E1	5.4819E0	3.4316E6	
1938	-8.1680E-1	1.0190E1	5.4819E0	3.4316E6	
1939	-8.1680E-1	1.0190E1	5.4819E0	3.4316E6	
1940	-8.1680E-1	1.0190E1	5.4819E0	3.4316E6	
1941	-8.1680E-1	1.0190E1	5.4819E0	3.4316E6	
1942	-8.1680E-1	1.0190E1	5.4819E0	3.4316E6	
1943	-8.1680E-1	1.0190E1	5.4819E0	3.4316E6	
1944	-8.1680E-1	1.0190E1	5.4819E0	3.4316E6	
1945	-8.1680E-1	1.0190E1	5.4819E0	3.4316E6	
1946	-8.1680E-1	1.0190E1	5.4819E0	3.4316E6	
1947	-8.1680E-1	1.0190E1	5.4819E0	3.4316E6	
1948	-8.1680E-1	1.0190E1	5.4819E0	3.4316E6	
1949	-8.1680E-1	1.0190E1	5.4819E0	3.4316E6	
1950	-8.1680E-1	1.0190E1	5.4819E0	3.4316E6	
1951	-8.1680E-1	1.0190E1	5.4819E0	3.4316E6	
1952	-8.1680E-1	1.0190E1	5.4819E0	3.4316E6	
1953	-8.1680E-1	1.0190E1	5.4819E0	3.4316E6	
1954	-8.1680E-1	1.0190E1	5.4819E0	3.4316E6	
1955	-8.1680E-1	1.0190E1	5.4819E0	3.4316E6	
1956	-8.1680E-1	1.0190E1	5.4819E0	3.4316E6	
1957	-8.1680E-1	1.0190E1	5.4819E0	3.4316E6	
1958	-8.1680E-1	1.0190E1	5.4819E0	3.4316E6	
1959	-8.1680E-1	1.0190E1	5.4819E0	3.4316E6	
1960	-8.1680E-1	1.0190E1	5.4819E0	3.4316E6	
1961	-8.1680E-1	1.0190E1	5.4819E0	3.4316E6	
1962	-8.1680E-1	1.0190E1	5.4819E0	3.4316E6	
1963	-8.1680E-1	1.0190E1	5.4819E0	3.4316E6	
1964	-8.1680E-1	1.0190E1	5.4819E0	3.4316E6	
1965	-8.1680E-1	1.0190E1	5.4819E0	3.4316E6	
1966	-8.1680E-1	1.0190E1	5.4819E0	3.4316E6	
1967	-8.1680E-1	1.0190E1	5.4819E0	3.4316E6	
1968	-8.1680E-1	1.0190E1	5.4819E0	3.4316E6	
1969	-8.1680E-1	1.0190E1	5.4819E0	3.4316E6	
1970	-8.1680E-1	1.0190E1	5.4819E0	3.4316E6	
1971	-8.1680E-1	1.0190E1	5.4819E0	3.4316E6	
1972	-8.1680E-1	1.0190E1	5.4819E0	3.4316E6	
1973	-8.1680E-1	1.0190E1	5.4819E0	3.4316E6	
1974	-8.1680E-1	1.0190E1	5.4819E0	3.4316E6	
1975	-8.1680E-1	1.0190E1	5.4819E0	3.4316E6	
1976	-8.1680E-1	1.0190E1	5.4819E0	3.4316E6	
1977	-8.1680E-1	1.0190E1	5.4819E0	3.4316E6	
1978	-8.1680E-1	1.0190E1	5.4819E0	3.4316E6	
1979	-8.1680E-1	1.0190E1	5.4819E0	3.4316E6	
1980	-8.1680E-1	1.0190E1	5.4819E0	3.4316E6	
1981	-8.1680E-1	1.0190E1	5.4819E0	3.4316E6	
1982	-8.1680E-1	1.0190E1	5.4819E0	3.4316E6	
1983	-8.1680E-1	1.0190E1	5.4819E0	3.4316E6	
1984	-8.1680E-1	1.0190E1	5.4819E0	3.4316E6	
1985	-8.1680E-1	1.0190E1	5.4819E0	3.4316E6	
1986	-8.1680E-1	1.0190E1	5.4819E0	3.4316E6	
1987	-8.1680E-1	1.0190E1	5.4819E0	3.4316E6	
1988	-8.1680E-1	1.0190E1	5.4819E0	3.4316E6	
1989	-8.1680E-1	1.0190E1	5.4819E0	3.4316E6	
1990	-8.1680E-1	1.0190E1	5.4819E0	3.4316E6	
1991	-8.1680E-1	1.0190E1	5.4819E0	3.4316E6	
1992	-8.1680E-1	1.0190E1	5.4819E0	3.4316E6	
1993	-8.1680E-1	1.0190E1	5.4819E0	3.4316E6	
1994	-8.1680E-1	1.0190E1	5.4819E0	3.4316E6	
1995	-8.1680E-1	1.0190E1	5.4819E0	3.4316E6	
1996	-8.1680E-1	1.0190E1	5.4819E0	3.4316E6	
1997	-8.1680E-1	1.0190E1	5.4819E0	3.4316E6	
1998	-8.1680E-1	1.0190E1	5.4819E0	3.4316E6	
1999	-8.1680E-1	1.0190E1	5.4819E0	3.4316E6	
2000	-8.1680E-1	1.0190E1	5.4819E0	3.4316E6	
2001	-8.1680E-1	1.0190E1	5.4819E0	3.4316E6	
2002	-8.1680E-1	1.0190E1	5.4819E0	3.4316E6	
2003	-8.1680E-1	1.0190E1	5.4819E0	3.4316E6	
2004	-8.1680E-1	1.0190E1	5.4819E0	3.4316E6	
2005	-8.1680E-1	1.0190E1	5.4819E0	3.4316E6	
2006	-8.1680E-1	1.0190E1	5.4819E0	3.4316E6	
2007	-8.1680E-1	1.0190E1	5.4819E0	3.4316E6	
2008	-8.1680E-1	1.0190E1	5.4819E0	3.4316E6	
2009	-8.1680E-1	1.0190E1	5.4819E0	3.4316E6	
2010	-8.1680E-1	1.0190E1	5.4819E0	3.4316E6	
2011	-8.1680E-1	1.0190E1	5.4819E0	3.4316E6	
2012	-8.1680E-1	1.0190E1	5.4819E0	3.4316E6	
2013	-8.1680E-1	1.0190E1	5.4819E0	3.4316E6	
2014	-8.1680E-1	1.0190E1	5.4819E0	3.4316E6	
2015	-8.1680E-1	1.0190E1	5.4819E0	3.4316E6	
2016	-8.1680E-1	1.0190E1	5.4819E0	3.4316E6	
2017	-8.1680E-1	1.0190E1	5.4819E0	3.4316E6	
2018	-8.1680E-1	1.0190E1	5.4819E0	3.4316E6	
2019	-8.1680E-1	1.0190E1	5.4819E0	3.4316E6	
2020	-8.1680E-1	1.0190E1	5.4819E0	3.4316E6	
2021	-8.1680E-1	1.0190E1	5.4819E0	3.4316E6	
2022	-8.1680E-1	1.0190E1	5.4819E0	3.4316E6	
2023	-8.1680E-1	1.0190E1	5.4819E0	3.4316E6	
2024	-8.1680E-1	1.0190E1	5.4819E0	3.4316E6	
2025	-8.1680E-1	1.0190E1	5.4819E0	3.4316E6	
2026	-8.1680E-1	1.0190E1	5.4819E0	3.4316E6	
2027	-8.1680E-1	1.0190E1	5.4819E0	3.4316E6	
2028	-8.1680E-1	1.0190E1	5.4819E0	3.4316E6	
2029	-8.1680E-1	1.0190E1	5.4819E0	3.4316E6	
2030	-8.1680E-1	1.0190E1	5.4819E0	3.4316E6	
2031	-8.1680E-1	1.0190E1	5.4819E0	3.4316E6	
2032	-8.1680E-1	1.0190E1	5.4819E0	3.4316E6	
2033	-8.1680E-1	1.0190E1	5.4819E0	3.4316E6	
2034	-8.1680E-1	1.0190E1	5.4819E0	3.4316E6	
2035	-8.1680E-1	1.0190E1	5.4819E0	3.4316E6	
2036	-8.1680E-1	1.0190E1	5.4819E0	3.4316E6	
2037	-8.1680E-1	1.0190E1	5.4819E0	3.4316E6	
2038	-8.1680E-1	1.0190E1	5.4819E0	3.4316E6	
2039	-8.1680E-1	1.0190E1	5.4819E0	3.4316E6	
2040	-8.1680E-1	1.0190E1	5.4819E0	3.4316E6	
2041	-8.1680E-1	1.0190E1	5.4819E0	3.4316E6	
2042	-8.1680E-1	1.0190E1	5.4819E0	3.4316E6	
2043	-8.1680E-1	1.0190E1	5.4819E0	3.4316E6	
2044	-8.1680E-1	1.0190E1	5.4819E0	3.4316E6	
2045	-8.1680E-1	1.0190E1	5.4819E0	3.4316E6	
2046	-8.1680E-1	1.0190E1	5.4819E0	3.4316E6	
2047	-8.1680E-1	1.0190E1	5.4819E0	3.4316E6	
2048	-8.1680E-1	1.0190E1	5.4819E0	3.4316E6	
