point 023
Index	Vertical (A-B)	Force	Z Height	Time Stamp	
     	V	nN	?m	?sec	
1	-7.8629E-1	3.3119E0	5.4402E0	1.2000E2	
2	-7.8651E-1	2.9722E0	5.4389E0	2.3400E3	
3	-7.8766E-1	1.2739E0	5.4363E0	4.5600E3	
4	-7.8545E-1	4.5574E0	5.4331E0	6.7800E3	
5	-7.8842E-1	1.4160E-1	5.4297E0	9.0000E3	
6	-7.8651E-1	2.9722E0	5.4263E0	1.1220E4	
7	-7.8697E-1	2.2929E0	5.4225E0	1.3440E4	
8	-7.8804E-1	7.0773E-1	5.4186E0	1.5660E4	
9	-7.8720E-1	1.9532E0	5.4146E0	1.7880E4	
10	-7.8674E-1	2.6326E0	5.4105E0	2.0100E4	
11	-7.8667E-1	2.7458E0	5.4064E0	2.2320E4	
12	-7.8804E-1	7.0773E-1	5.4020E0	2.4540E4	
13	-7.8773E-1	1.1606E0	5.3977E0	2.6760E4	
14	-7.8720E-1	1.9532E0	5.3933E0	2.8980E4	
15	-7.8812E-1	5.9450E-1	5.3890E0	3.1200E4	
16	-7.8728E-1	1.8400E0	5.3846E0	3.3420E4	
17	-7.8651E-1	2.9722E0	5.3801E0	3.5640E4	
18	-7.8682E-1	2.5193E0	5.3754E0	3.7860E4	
19	-7.8583E-1	3.9913E0	5.3709E0	4.0080E4	
20	-7.8522E-1	4.8971E0	5.3664E0	4.2300E4	
21	-7.8362E-1	7.2748E0	5.3618E0	4.4520E4	
22	-7.8514E-1	5.0103E0	5.3570E0	4.6740E4	
23	-7.8621E-1	3.4251E0	5.3524E0	4.8960E4	
24	-7.8438E-1	6.1426E0	5.3478E0	5.1180E4	
25	-7.8644E-1	3.0855E0	5.3430E0	5.3400E4	
26	-7.8392E-1	6.8219E0	5.3382E0	5.5620E4	
27	-7.8529E-1	4.7839E0	5.3336E0	5.7840E4	
28	-7.8476E-1	5.5764E0	5.3289E0	6.0060E4	
29	-7.8476E-1	5.5764E0	5.3239E0	6.2280E4	
30	-7.8575E-1	4.1045E0	5.3193E0	6.4500E4	
31	-7.8011E-1	1.2483E1	5.3144E0	6.6720E4	
32	-7.8308E-1	8.0674E0	5.3096E0	6.8940E4	
33	-7.8529E-1	4.7839E0	5.3048E0	7.1160E4	
34	-7.8400E-1	6.7087E0	5.2999E0	7.3380E4	
35	-7.8613E-1	3.5384E0	5.2951E0	7.5600E4	
36	-7.8430E-1	6.2558E0	5.2902E0	7.7820E4	
37	-7.8239E-1	9.0864E0	5.2854E0	8.0040E4	
38	-7.8445E-1	6.0293E0	5.2805E0	8.2260E4	
39	-7.8201E-1	9.6526E0	5.2756E0	8.4480E4	
40	-7.8392E-1	6.8219E0	5.2707E0	8.6700E4	
41	-7.8239E-1	9.0864E0	5.2657E0	8.8920E4	
42	-7.8331E-1	7.7277E0	5.2609E0	9.1140E4	
43	-7.8102E-1	1.1124E1	5.2560E0	9.3360E4	
44	-7.8255E-1	8.8600E0	5.2510E0	9.5580E4	
45	-7.8209E-1	9.5393E0	5.2461E0	9.7800E4	
46	-7.8156E-1	1.0332E1	5.2410E0	1.0002E5	
47	-7.8133E-1	1.0672E1	5.2360E0	1.0224E5	
48	-7.8186E-1	9.8790E0	5.2311E0	1.0446E5	
49	-7.8262E-1	8.7468E0	5.2261E0	1.0668E5	
50	-7.8125E-1	1.0785E1	5.2211E0	1.0890E5	
51	-7.8125E-1	1.0785E1	5.2162E0	1.1112E5	
52	-7.8026E-1	1.2257E1	5.2110E0	1.1334E5	
53	-7.7858E-1	1.4748E1	5.2061E0	1.1556E5	
54	-7.8079E-1	1.1464E1	5.2011E0	1.1778E5	
55	-7.8033E-1	1.2144E1	5.1960E0	1.2000E5	
56	-7.8247E-1	8.9732E0	5.1909E0	1.2222E5	
57	-7.7797E-1	1.5654E1	5.1858E0	1.2444E5	
58	-7.7965E-1	1.3163E1	5.1808E0	1.2666E5	
59	-7.7995E-1	1.2710E1	5.1757E0	1.2888E5	
60	-7.7866E-1	1.4634E1	5.1707E0	1.3110E5	
61	-7.7850E-1	1.4861E1	5.1656E0	1.3332E5	
62	-7.7850E-1	1.4861E1	5.1604E0	1.3554E5	
63	-7.7911E-1	1.3955E1	5.1553E0	1.3776E5	
64	-7.8018E-1	1.2370E1	5.1503E0	1.3998E5	
65	-7.7927E-1	1.3729E1	5.1451E0	1.4220E5	
66	-7.8049E-1	1.1917E1	5.1400E0	1.4442E5	
67	-7.7988E-1	1.2823E1	5.1348E0	1.4664E5	
68	-7.7515E-1	1.9843E1	5.1297E0	1.4886E5	
69	-7.7614E-1	1.8371E1	5.1246E0	1.5108E5	
70	-7.7827E-1	1.5201E1	5.1195E0	1.5330E5	
71	-7.7530E-1	1.9616E1	5.1144E0	1.5552E5	
72	-7.7637E-1	1.8031E1	5.1091E0	1.5774E5	
73	-7.7530E-1	1.9616E1	5.1040E0	1.5996E5	
74	-7.7431E-1	2.1088E1	5.0988E0	1.6218E5	
75	-7.7599E-1	1.8597E1	5.0937E0	1.6440E5	
76	-7.7492E-1	2.0183E1	5.0885E0	1.6662E5	
77	-7.7606E-1	1.8484E1	5.0833E0	1.6884E5	
78	-7.7698E-1	1.7125E1	5.0780E0	1.7106E5	
79	-7.7309E-1	2.2900E1	5.0729E0	1.7328E5	
80	-7.7370E-1	2.1994E1	5.0677E0	1.7550E5	
81	-7.7385E-1	2.1768E1	5.0625E0	1.7772E5	
82	-7.7675E-1	1.7465E1	5.0573E0	1.7994E5	
83	-7.7652E-1	1.7805E1	5.0519E0	1.8216E5	
84	-7.7499E-1	2.0069E1	5.0467E0	1.8438E5	
85	-7.7515E-1	1.9843E1	5.0415E0	1.8660E5	
86	-7.7522E-1	1.9730E1	5.0362E0	1.8882E5	
87	-7.7461E-1	2.0635E1	5.0311E0	1.9104E5	
88	-7.7530E-1	1.9616E1	5.0257E0	1.9326E5	
89	-7.7415E-1	2.1315E1	5.0205E0	1.9548E5	
90	-7.7148E-1	2.5278E1	5.0152E0	1.9770E5	
91	-7.7583E-1	1.8824E1	5.0099E0	1.9992E5	
92	-7.7255E-1	2.3693E1	5.0045E0	2.0214E5	
93	-7.7263E-1	2.3579E1	4.9993E0	2.0436E5	
94	-7.7477E-1	2.0409E1	4.9940E0	2.0658E5	
95	-7.7576E-1	1.8937E1	4.9887E0	2.0880E5	
96	-7.7461E-1	2.0635E1	4.9834E0	2.1102E5	
97	-7.7400E-1	2.1541E1	4.9781E0	2.1324E5	
98	-7.7271E-1	2.3466E1	4.9727E0	2.1546E5	
99	-7.7248E-1	2.3806E1	4.9675E0	2.1768E5	
100	-7.7606E-1	1.8484E1	4.9621E0	2.1990E5	
101	-7.7370E-1	2.1994E1	4.9568E0	2.2212E5	
102	-7.7293E-1	2.3126E1	4.9513E0	2.2434E5	
103	-7.7286E-1	2.3240E1	4.9460E0	2.2656E5	
104	-7.7209E-1	2.4372E1	4.9407E0	2.2878E5	
105	-7.7423E-1	2.1202E1	4.9354E0	2.3100E5	
106	-7.7232E-1	2.4032E1	4.9299E0	2.3322E5	
107	-7.7202E-1	2.4485E1	4.9245E0	2.3544E5	
108	-7.7118E-1	2.5731E1	4.9193E0	2.3766E5	
109	-7.7507E-1	1.9956E1	4.9138E0	2.3988E5	
110	-7.7187E-1	2.4712E1	4.9084E0	2.4210E5	
111	-7.7309E-1	2.2900E1	4.9031E0	2.4432E5	
112	-7.6797E-1	3.0486E1	4.8976E0	2.4654E5	
113	-7.7156E-1	2.5164E1	4.8923E0	2.4876E5	
114	-7.7255E-1	2.3693E1	4.8868E0	2.5098E5	
115	-7.7179E-1	2.4825E1	4.8814E0	2.5320E5	
116	-7.6897E-1	2.9014E1	4.8759E0	2.5542E5	
117	-7.6790E-1	3.0599E1	4.8706E0	2.5764E5	
118	-7.7065E-1	2.6523E1	4.8651E0	2.5986E5	
119	-7.6805E-1	3.0373E1	4.8597E0	2.6208E5	
120	-7.6958E-1	2.8108E1	4.8543E0	2.6430E5	
121	-7.7164E-1	2.5051E1	4.8487E0	2.6652E5	
122	-7.6813E-1	3.0260E1	4.8433E0	2.6874E5	
123	-7.6790E-1	3.0599E1	4.8379E0	2.7096E5	
124	-7.7003E-1	2.7429E1	4.8324E0	2.7318E5	
125	-7.6744E-1	3.1279E1	4.8269E0	2.7540E5	
126	-7.7118E-1	2.5731E1	4.8214E0	2.7762E5	
127	-7.7049E-1	2.6750E1	4.8160E0	2.7984E5	
128	-7.6935E-1	2.8448E1	4.8104E0	2.8206E5	
129	-7.6775E-1	3.0826E1	4.8050E0	2.8428E5	
130	-7.6866E-1	2.9467E1	4.7995E0	2.8650E5	
131	-7.6836E-1	2.9920E1	4.7940E0	2.8872E5	
132	-7.6538E-1	3.4336E1	4.7884E0	2.9094E5	
133	-7.6729E-1	3.1505E1	4.7831E0	2.9316E5	
134	-7.7003E-1	2.7429E1	4.7775E0	2.9538E5	
135	-7.6866E-1	2.9467E1	4.7720E0	2.9760E5	
136	-7.6828E-1	3.0033E1	4.7663E0	2.9982E5	
137	-7.6881E-1	2.9241E1	4.7609E0	3.0204E5	
138	-7.6622E-1	3.3090E1	4.7553E0	3.0426E5	
139	-7.6790E-1	3.0599E1	4.7497E0	3.0648E5	
140	-7.6347E-1	3.7166E1	4.7442E0	3.0870E5	
141	-7.6790E-1	3.0599E1	4.7386E0	3.1092E5	
142	-7.6637E-1	3.2864E1	4.7331E0	3.1314E5	
143	-7.6729E-1	3.1505E1	4.7274E0	3.1536E5	
144	-7.6538E-1	3.4336E1	4.7219E0	3.1758E5	
145	-7.6477E-1	3.5242E1	4.7163E0	3.1980E5	
146	-7.6347E-1	3.7166E1	4.7108E0	3.2202E5	
147	-7.6614E-1	3.3204E1	4.7051E0	3.2424E5	
148	-7.6271E-1	3.8299E1	4.6995E0	3.2646E5	
149	-7.6424E-1	3.6034E1	4.6940E0	3.2868E5	
150	-7.6569E-1	3.3883E1	4.6883E0	3.3090E5	
151	-7.6614E-1	3.3204E1	4.6828E0	3.3312E5	
152	-7.6538E-1	3.4336E1	4.6771E0	3.3534E5	
153	-7.6408E-1	3.6261E1	4.6715E0	3.3756E5	
154	-7.6332E-1	3.7393E1	4.6658E0	3.3978E5	
155	-7.6271E-1	3.8299E1	4.6602E0	3.4200E5	
156	-7.6416E-1	3.6147E1	4.6546E0	3.4422E5	
157	-7.6340E-1	3.7280E1	4.6489E0	3.4644E5	
158	-7.6103E-1	4.0790E1	4.6433E0	3.4866E5	
159	-7.6302E-1	3.7846E1	4.6377E0	3.5088E5	
160	-7.6241E-1	3.8752E1	4.6319E0	3.5310E5	
161	-7.6118E-1	4.0563E1	4.6263E0	3.5532E5	
162	-7.5836E-1	4.4753E1	4.6206E0	3.5754E5	
163	-7.6126E-1	4.0450E1	4.6149E0	3.5976E5	
164	-7.6180E-1	3.9657E1	4.6093E0	3.6198E5	
165	-7.6202E-1	3.9318E1	4.6036E0	3.6420E5	
166	-7.6141E-1	4.0224E1	4.5979E0	3.6642E5	
167	-7.6233E-1	3.8865E1	4.5922E0	3.6864E5	
168	-7.6126E-1	4.0450E1	4.5865E0	3.7086E5	
169	-7.6103E-1	4.0790E1	4.5808E0	3.7308E5	
170	-7.6134E-1	4.0337E1	4.5751E0	3.7530E5	
171	-7.6035E-1	4.1809E1	4.5693E0	3.7752E5	
172	-7.5996E-1	4.2375E1	4.5637E0	3.7974E5	
173	-7.6050E-1	4.1582E1	4.5579E0	3.8196E5	
174	-7.6141E-1	4.0224E1	4.5522E0	3.8418E5	
175	-7.6065E-1	4.1356E1	4.5464E0	3.8640E5	
176	-7.5790E-1	4.5432E1	4.5408E0	3.8862E5	
177	-7.5943E-1	4.3167E1	4.5350E0	3.9084E5	
178	-7.5958E-1	4.2941E1	4.5292E0	3.9306E5	
179	-7.5851E-1	4.4526E1	4.5234E0	3.9528E5	
180	-7.5699E-1	4.6791E1	4.5176E0	3.9750E5	
181	-7.5775E-1	4.5658E1	4.5120E0	3.9972E5	
182	-7.5645E-1	4.7583E1	4.5062E0	4.0194E5	
183	-7.5668E-1	4.7244E1	4.5004E0	4.0416E5	
184	-7.5813E-1	4.5092E1	4.4946E0	4.0638E5	
185	-7.5470E-1	5.0187E1	4.4887E0	4.0860E5	
186	-7.5745E-1	4.6111E1	4.4829E0	4.1082E5	
187	-7.5600E-1	4.8263E1	4.4772E0	4.1304E5	
188	-7.5768E-1	4.5772E1	4.4714E0	4.1526E5	
189	-7.5645E-1	4.7583E1	4.4656E0	4.1748E5	
190	-7.5661E-1	4.7357E1	4.4597E0	4.1970E5	
191	-7.5836E-1	4.4753E1	4.4541E0	4.2192E5	
192	-7.5798E-1	4.5319E1	4.4480E0	4.2414E5	
193	-7.5424E-1	5.0867E1	4.4423E0	4.2636E5	
194	-7.5768E-1	4.5772E1	4.4364E0	4.2858E5	
195	-7.5615E-1	4.8036E1	4.4306E0	4.3080E5	
196	-7.5615E-1	4.8036E1	4.4248E0	4.3302E5	
197	-7.5500E-1	4.9734E1	4.4190E0	4.3524E5	
198	-7.5592E-1	4.8376E1	4.4131E0	4.3746E5	
199	-7.5676E-1	4.7130E1	4.4073E0	4.3968E5	
200	-7.5211E-1	5.4037E1	4.4014E0	4.4190E5	
201	-7.5516E-1	4.9508E1	4.3956E0	4.4412E5	
202	-7.5607E-1	4.8149E1	4.3897E0	4.4634E5	
203	-7.5325E-1	5.2339E1	4.3839E0	4.4856E5	
204	-7.5523E-1	4.9395E1	4.3779E0	4.5078E5	
205	-7.5462E-1	5.0301E1	4.3720E0	4.5300E5	
206	-7.5462E-1	5.0301E1	4.3661E0	4.5522E5	
207	-7.5500E-1	4.9734E1	4.3604E0	4.5744E5	
208	-7.5768E-1	4.5772E1	4.3544E0	4.5966E5	
209	-7.5401E-1	5.1206E1	4.3485E0	4.6188E5	
210	-7.5233E-1	5.3697E1	4.3426E0	4.6410E5	
211	-7.5478E-1	5.0074E1	4.3367E0	4.6632E5	
212	-7.5577E-1	4.8602E1	4.3308E0	4.6854E5	
213	-7.5371E-1	5.1659E1	4.3248E0	4.7076E5	
214	-7.5455E-1	5.0414E1	4.3190E0	4.7298E5	
215	-7.5233E-1	5.3697E1	4.3130E0	4.7520E5	
216	-7.5104E-1	5.5622E1	4.3071E0	4.7742E5	
217	-7.5233E-1	5.3697E1	4.3012E0	4.7964E5	
218	-7.5027E-1	5.6754E1	4.2952E0	4.8186E5	
219	-7.5157E-1	5.4830E1	4.2893E0	4.8408E5	
220	-7.5096E-1	5.5735E1	4.2834E0	4.8630E5	
221	-7.5287E-1	5.2905E1	4.2774E0	4.8852E5	
222	-7.5035E-1	5.6641E1	4.2715E0	4.9074E5	
223	-7.4806E-1	6.0038E1	4.2655E0	4.9296E5	
224	-7.5089E-1	5.5849E1	4.2595E0	4.9518E5	
225	-7.5012E-1	5.6981E1	4.2535E0	4.9740E5	
226	-7.5035E-1	5.6641E1	4.2476E0	4.9962E5	
227	-7.5043E-1	5.6528E1	4.2416E0	5.0184E5	
228	-7.4760E-1	6.0717E1	4.2356E0	5.0406E5	
229	-7.4936E-1	5.8113E1	4.2296E0	5.0628E5	
230	-7.4928E-1	5.8226E1	4.2236E0	5.0850E5	
231	-7.5027E-1	5.6754E1	4.2176E0	5.1072E5	
232	-7.4707E-1	6.1510E1	4.2117E0	5.1294E5	
233	-7.4928E-1	5.8226E1	4.2057E0	5.1516E5	
234	-7.4799E-1	6.0151E1	4.1996E0	5.1738E5	
235	-7.4799E-1	6.0151E1	4.1936E0	5.1960E5	
236	-7.4867E-1	5.9132E1	4.1877E0	5.2182E5	
237	-7.4646E-1	6.2416E1	4.1816E0	5.2404E5	
238	-7.4806E-1	6.0038E1	4.1756E0	5.2626E5	
239	-7.4883E-1	5.8906E1	4.1696E0	5.2848E5	
240	-7.4699E-1	6.1623E1	4.1634E0	5.3070E5	
241	-7.4478E-1	6.4907E1	4.1575E0	5.3292E5	
242	-7.4593E-1	6.3208E1	4.1516E0	5.3514E5	
243	-7.4532E-1	6.4114E1	4.1455E0	5.3736E5	
244	-7.4608E-1	6.2982E1	4.1395E0	5.3958E5	
245	-7.4753E-1	6.0831E1	4.1334E0	5.4180E5	
246	-7.4570E-1	6.3548E1	4.1273E0	5.4402E5	
247	-7.4608E-1	6.2982E1	4.1212E0	5.4624E5	
248	-7.4608E-1	6.2982E1	4.1152E0	5.4846E5	
249	-7.4631E-1	6.2642E1	4.1091E0	5.5068E5	
250	-7.4722E-1	6.1284E1	4.1030E0	5.5290E5	
251	-7.4501E-1	6.4567E1	4.0970E0	5.5512E5	
252	-7.4310E-1	6.7398E1	4.0908E0	5.5734E5	
253	-7.4387E-1	6.6265E1	4.0848E0	5.5956E5	
254	-7.4326E-1	6.7171E1	4.0787E0	5.6178E5	
255	-7.4348E-1	6.6832E1	4.0726E0	5.6400E5	
256	-7.4318E-1	6.7284E1	4.0666E0	5.6622E5	
257	-7.4333E-1	6.7058E1	4.0605E0	5.6844E5	
258	-7.4104E-1	7.0455E1	4.0543E0	5.7066E5	
259	-7.4219E-1	6.8756E1	4.0483E0	5.7288E5	
260	-7.4081E-1	7.0794E1	4.0422E0	5.7510E5	
261	-7.4219E-1	6.8756E1	4.0361E0	5.7732E5	
262	-7.4341E-1	6.6945E1	4.0300E0	5.7954E5	
263	-7.4348E-1	6.6832E1	4.0238E0	5.8176E5	
264	-7.4257E-1	6.8190E1	4.0177E0	5.8398E5	
265	-7.4471E-1	6.5020E1	4.0115E0	5.8620E5	
266	-7.4295E-1	6.7624E1	4.0054E0	5.8842E5	
267	-7.4188E-1	6.9209E1	3.9993E0	5.9064E5	
268	-7.4203E-1	6.8983E1	3.9932E0	5.9286E5	
269	-7.4158E-1	6.9662E1	3.9870E0	5.9508E5	
270	-7.4333E-1	6.7058E1	3.9809E0	5.9730E5	
271	-7.4120E-1	7.0228E1	3.9748E0	5.9952E5	
272	-7.4257E-1	6.8190E1	3.9685E0	6.0174E5	
273	-7.4226E-1	6.8643E1	3.9623E0	6.0396E5	
274	-7.4013E-1	7.1813E1	3.9562E0	6.0618E5	
275	-7.4287E-1	6.7737E1	3.9501E0	6.0840E5	
276	-7.4142E-1	6.9889E1	3.9438E0	6.1062E5	
277	-7.4104E-1	7.0455E1	3.9377E0	6.1284E5	
278	-7.3853E-1	7.4191E1	3.9315E0	6.1506E5	
279	-7.3990E-1	7.2153E1	3.9254E0	6.1728E5	
280	-7.3997E-1	7.2040E1	3.9192E0	6.1950E5	
281	-7.3975E-1	7.2380E1	3.9131E0	6.2172E5	
282	-7.3921E-1	7.3172E1	3.9068E0	6.2394E5	
283	-7.4036E-1	7.1474E1	3.9006E0	6.2616E5	
284	-7.3982E-1	7.2266E1	3.8944E0	6.2838E5	
285	-7.3936E-1	7.2946E1	3.8882E0	6.3060E5	
286	-7.3944E-1	7.2833E1	3.8820E0	6.3282E5	
287	-7.3982E-1	7.2266E1	3.8757E0	6.3504E5	
288	-7.3746E-1	7.5776E1	3.8696E0	6.3726E5	
289	-7.4005E-1	7.1927E1	3.8634E0	6.3948E5	
290	-7.3860E-1	7.4078E1	3.8572E0	6.4170E5	
291	-7.3853E-1	7.4191E1	3.8509E0	6.4392E5	
292	-7.3746E-1	7.5776E1	3.8446E0	6.4614E5	
293	-7.3616E-1	7.7701E1	3.8384E0	6.4836E5	
294	-7.3685E-1	7.6682E1	3.8322E0	6.5058E5	
295	-7.3746E-1	7.5776E1	3.8260E0	6.5280E5	
296	-7.3837E-1	7.4418E1	3.8197E0	6.5502E5	
297	-7.3868E-1	7.3965E1	3.8135E0	6.5724E5	
298	-7.3425E-1	8.0532E1	3.8072E0	6.5946E5	
299	-7.3517E-1	7.9173E1	3.8009E0	6.6168E5	
300	-7.3448E-1	8.0192E1	3.7947E0	6.6390E5	
301	-7.3441E-1	8.0305E1	3.7884E0	6.6612E5	
302	-7.3448E-1	8.0192E1	3.7822E0	6.6834E5	
303	-7.3326E-1	8.2004E1	3.7759E0	6.7056E5	
304	-7.3265E-1	8.2910E1	3.7695E0	6.7278E5	
305	-7.3311E-1	8.2230E1	3.7634E0	6.7500E5	
306	-7.3555E-1	7.8607E1	3.7572E0	6.7722E5	
307	-7.3380E-1	8.1211E1	3.7508E0	6.7944E5	
308	-7.3418E-1	8.0645E1	3.7445E0	6.8166E5	
309	-7.3257E-1	8.3023E1	3.7382E0	6.8388E5	
310	-7.3311E-1	8.2230E1	3.7320E0	6.8610E5	
311	-7.3303E-1	8.2343E1	3.7256E0	6.8832E5	
312	-7.3280E-1	8.2683E1	3.7193E0	6.9054E5	
313	-7.3074E-1	8.5740E1	3.7130E0	6.9276E5	
314	-7.3181E-1	8.4155E1	3.7067E0	6.9498E5	
315	-7.3174E-1	8.4268E1	3.7004E0	6.9720E5	
316	-7.3288E-1	8.2570E1	3.6941E0	6.9942E5	
317	-7.3318E-1	8.2117E1	3.6877E0	7.0164E5	
318	-7.3021E-1	8.6533E1	3.6815E0	7.0386E5	
319	-7.3074E-1	8.5740E1	3.6750E0	7.0608E5	
320	-7.2884E-1	8.8571E1	3.6688E0	7.0830E5	
321	-7.2815E-1	8.9590E1	3.6623E0	7.1052E5	
322	-7.3250E-1	8.3136E1	3.6561E0	7.1274E5	
323	-7.3151E-1	8.4608E1	3.6498E0	7.1496E5	
324	-7.3265E-1	8.2910E1	3.6434E0	7.1718E5	
325	-7.2952E-1	8.7552E1	3.6371E0	7.1940E5	
326	-7.3204E-1	8.3815E1	3.6307E0	7.2162E5	
327	-7.2983E-1	8.7099E1	3.6244E0	7.2384E5	
328	-7.3036E-1	8.6306E1	3.6180E0	7.2606E5	
329	-7.2868E-1	8.8797E1	3.6117E0	7.2828E5	
330	-7.3204E-1	8.3815E1	3.6052E0	7.3050E5	
331	-7.2830E-1	8.9363E1	3.5989E0	7.3272E5	
332	-7.2929E-1	8.7892E1	3.5925E0	7.3494E5	
333	-7.2929E-1	8.7892E1	3.5861E0	7.3716E5	
334	-7.2952E-1	8.7552E1	3.5797E0	7.3938E5	
335	-7.2952E-1	8.7552E1	3.5733E0	7.4160E5	
336	-7.2861E-1	8.8911E1	3.5669E0	7.4382E5	
337	-7.2495E-1	9.4345E1	3.5606E0	7.4604E5	
338	-7.2662E-1	9.1854E1	3.5542E0	7.4826E5	
339	-7.3174E-1	8.4268E1	3.5478E0	7.5048E5	
340	-7.2563E-1	9.3326E1	3.5414E0	7.5270E5	
341	-7.2861E-1	8.8911E1	3.5350E0	7.5492E5	
342	-7.2731E-1	9.0835E1	3.5286E0	7.5714E5	
343	-7.2914E-1	8.8118E1	3.5221E0	7.5936E5	
344	-7.2716E-1	9.1062E1	3.5157E0	7.6158E5	
345	-7.2762E-1	9.0383E1	3.5094E0	7.6380E5	
346	-7.2540E-1	9.3666E1	3.5029E0	7.6602E5	
347	-7.2800E-1	8.9816E1	3.4964E0	7.6824E5	
348	-7.2670E-1	9.1741E1	3.4901E0	7.7046E5	
349	-7.2723E-1	9.0949E1	3.4836E0	7.7268E5	
350	-7.2594E-1	9.2873E1	3.4771E0	7.7490E5	
351	-7.2632E-1	9.2307E1	3.4707E0	7.7712E5	
352	-7.2685E-1	9.1515E1	3.4643E0	7.7934E5	
353	-7.2601E-1	9.2760E1	3.4578E0	7.8156E5	
354	-7.2716E-1	9.1062E1	3.4514E0	7.8378E5	
355	-7.2578E-1	9.3100E1	3.4450E0	7.8600E5	
356	-7.2433E-1	9.5251E1	3.4385E0	7.8822E5	
357	-7.2441E-1	9.5138E1	3.4321E0	7.9044E5	
358	-7.2594E-1	9.2873E1	3.4256E0	7.9266E5	
359	-7.2342E-1	9.6610E1	3.4192E0	7.9488E5	
360	-7.2517E-1	9.4006E1	3.4126E0	7.9710E5	
361	-7.2273E-1	9.7629E1	3.4062E0	7.9932E5	
362	-7.2327E-1	9.6836E1	3.3996E0	8.0154E5	
363	-7.2220E-1	9.8422E1	3.3932E0	8.0376E5	
364	-7.2128E-1	9.9780E1	3.3868E0	8.0598E5	
365	-7.2128E-1	9.9780E1	3.3803E0	8.0820E5	
366	-7.2220E-1	9.8422E1	3.3738E0	8.1042E5	
367	-7.2296E-1	9.7289E1	3.3673E0	8.1264E5	
368	-7.2311E-1	9.7063E1	3.3608E0	8.1486E5	
369	-7.2296E-1	9.7289E1	3.3544E0	8.1708E5	
370	-7.2159E-1	9.9327E1	3.3478E0	8.1930E5	
371	-7.2174E-1	9.9101E1	3.3413E0	8.2152E5	
372	-7.2235E-1	9.8195E1	3.3348E0	8.2374E5	
373	-7.2350E-1	9.6497E1	3.3282E0	8.2596E5	
374	-7.1907E-1	1.0306E2	3.3217E0	8.2818E5	
375	-7.1907E-1	1.0306E2	3.3152E0	8.3040E5	
376	-7.2021E-1	1.0137E2	3.3087E0	8.3262E5	
377	-7.1838E-1	1.0408E2	3.3022E0	8.3484E5	
378	-7.1953E-1	1.0238E2	3.2956E0	8.3706E5	
379	-7.1693E-1	1.0623E2	3.2891E0	8.3928E5	
380	-7.1915E-1	1.0295E2	3.2826E0	8.4150E5	
381	-7.1808E-1	1.0454E2	3.2761E0	8.4372E5	
382	-7.1754E-1	1.0533E2	3.2695E0	8.4594E5	
383	-7.1648E-1	1.0691E2	3.2629E0	8.4816E5	
384	-7.1838E-1	1.0408E2	3.2565E0	8.5038E5	
385	-7.1907E-1	1.0306E2	3.2498E0	8.5260E5	
386	-7.1762E-1	1.0522E2	3.2434E0	8.5482E5	
387	-7.1739E-1	1.0555E2	3.2367E0	8.5704E5	
388	-7.1556E-1	1.0827E2	3.2302E0	8.5926E5	
389	-7.1838E-1	1.0408E2	3.2236E0	8.6148E5	
390	-7.1724E-1	1.0578E2	3.2170E0	8.6370E5	
391	-7.1648E-1	1.0691E2	3.2105E0	8.6592E5	
392	-7.1762E-1	1.0522E2	3.2039E0	8.6814E5	
393	-7.1579E-1	1.0793E2	3.1974E0	8.7036E5	
394	-7.1495E-1	1.0918E2	3.1908E0	8.7258E5	
395	-7.1243E-1	1.1291E2	3.1841E0	8.7480E5	
396	-7.1594E-1	1.0771E2	3.1776E0	8.7702E5	
397	-7.1663E-1	1.0669E2	3.1710E0	8.7924E5	
398	-7.1777E-1	1.0499E2	3.1644E0	8.8146E5	
399	-7.1640E-1	1.0703E2	3.1577E0	8.8368E5	
400	-7.1434E-1	1.1008E2	3.1511E0	8.8590E5	
401	-7.1373E-1	1.1099E2	3.1446E0	8.8812E5	
402	-7.1472E-1	1.0952E2	3.1381E0	8.9034E5	
403	-7.1701E-1	1.0612E2	3.1314E0	8.9256E5	
404	-7.1526E-1	1.0873E2	3.1248E0	8.9478E5	
405	-7.1297E-1	1.1212E2	3.1182E0	8.9700E5	
406	-7.1129E-1	1.1461E2	3.1116E0	8.9922E5	
407	-7.1426E-1	1.1020E2	3.1050E0	9.0144E5	
408	-7.1144E-1	1.1439E2	3.0984E0	9.0366E5	
409	-7.1220E-1	1.1325E2	3.0917E0	9.0588E5	
410	-7.1167E-1	1.1405E2	3.0850E0	9.0810E5	
411	-7.1388E-1	1.1076E2	3.0784E0	9.1032E5	
412	-7.0984E-1	1.1676E2	3.0717E0	9.1254E5	
413	-7.1304E-1	1.1201E2	3.0652E0	9.1476E5	
414	-7.1075E-1	1.1541E2	3.0585E0	9.1698E5	
415	-7.1182E-1	1.1382E2	3.0519E0	9.1920E5	
416	-7.1030E-1	1.1608E2	3.0452E0	9.2142E5	
417	-7.0999E-1	1.1654E2	3.0386E0	9.2364E5	
418	-7.1068E-1	1.1552E2	3.0319E0	9.2586E5	
419	-7.0847E-1	1.1880E2	3.0253E0	9.2808E5	
420	-7.1098E-1	1.1507E2	3.0186E0	9.3030E5	
421	-7.1365E-1	1.1110E2	3.0119E0	9.3252E5	
422	-7.0915E-1	1.1778E2	3.0053E0	9.3474E5	
423	-7.1068E-1	1.1552E2	2.9987E0	9.3696E5	
424	-7.1182E-1	1.1382E2	2.9920E0	9.3918E5	
425	-7.1129E-1	1.1461E2	2.9853E0	9.4140E5	
426	-7.1022E-1	1.1620E2	2.9786E0	9.4362E5	
427	-7.1037E-1	1.1597E2	2.9719E0	9.4584E5	
428	-7.0854E-1	1.1869E2	2.9652E0	9.4806E5	
429	-7.1106E-1	1.1495E2	2.9586E0	9.5028E5	
430	-7.0847E-1	1.1880E2	2.9519E0	9.5250E5	
431	-7.1091E-1	1.1518E2	2.9452E0	9.5472E5	
432	-7.0786E-1	1.1971E2	2.9384E0	9.5694E5	
433	-7.0862E-1	1.1858E2	2.9318E0	9.5916E5	
434	-7.0595E-1	1.2254E2	2.9250E0	9.6138E5	
435	-7.0694E-1	1.2107E2	2.9184E0	9.6360E5	
436	-7.0862E-1	1.1858E2	2.9116E0	9.6582E5	
437	-7.0778E-1	1.1982E2	2.9049E0	9.6804E5	
438	-7.0404E-1	1.2537E2	2.8982E0	9.7026E5	
439	-7.0648E-1	1.2175E2	2.8915E0	9.7248E5	
440	-7.0877E-1	1.1835E2	2.8849E0	9.7470E5	
441	-7.0618E-1	1.2220E2	2.8779E0	9.7692E5	
442	-7.0503E-1	1.2390E2	2.8713E0	9.7914E5	
443	-7.0557E-1	1.2310E2	2.8646E0	9.8136E5	
444	-7.0419E-1	1.2514E2	2.8579E0	9.8358E5	
445	-7.0427E-1	1.2503E2	2.8512E0	9.8580E5	
446	-7.0282E-1	1.2718E2	2.8444E0	9.8802E5	
447	-7.0526E-1	1.2356E2	2.8377E0	9.9024E5	
448	-7.0526E-1	1.2356E2	2.8309E0	9.9246E5	
449	-7.0450E-1	1.2469E2	2.8242E0	9.9468E5	
450	-7.0396E-1	1.2548E2	2.8174E0	9.9690E5	
451	-7.0412E-1	1.2526E2	2.8108E0	9.9912E5	
452	-7.0244E-1	1.2775E2	2.8040E0	1.0013E6	
453	-7.0122E-1	1.2956E2	2.7972E0	1.0036E6	
454	-7.0312E-1	1.2673E2	2.7905E0	1.0058E6	
455	-7.0366E-1	1.2594E2	2.7838E0	1.0080E6	
456	-7.0351E-1	1.2616E2	2.7769E0	1.0102E6	
457	-7.0168E-1	1.2888E2	2.7702E0	1.0124E6	
458	-7.0435E-1	1.2492E2	2.7635E0	1.0147E6	
459	-7.0099E-1	1.2990E2	2.7567E0	1.0169E6	
460	-7.0152E-1	1.2911E2	2.7498E0	1.0191E6	
461	-7.0084E-1	1.3012E2	2.7431E0	1.0213E6	
462	-7.0206E-1	1.2831E2	2.7363E0	1.0235E6	
463	-7.0312E-1	1.2673E2	2.7296E0	1.0258E6	
464	-6.9839E-1	1.3375E2	2.7227E0	1.0280E6	
465	-7.0175E-1	1.2877E2	2.7160E0	1.0302E6	
466	-7.0129E-1	1.2945E2	2.7092E0	1.0324E6	
467	-7.0137E-1	1.2933E2	2.7023E0	1.0346E6	
468	-6.9885E-1	1.3307E2	2.6955E0	1.0369E6	
469	-6.9977E-1	1.3171E2	2.6888E0	1.0391E6	
470	-7.0023E-1	1.3103E2	2.6821E0	1.0413E6	
471	-6.9870E-1	1.3330E2	2.6752E0	1.0435E6	
472	-6.9885E-1	1.3307E2	2.6683E0	1.0457E6	
473	-6.9748E-1	1.3511E2	2.6616E0	1.0480E6	
474	-6.9893E-1	1.3296E2	2.6548E0	1.0502E6	
475	-6.9672E-1	1.3624E2	2.6480E0	1.0524E6	
476	-6.9717E-1	1.3556E2	2.6411E0	1.0546E6	
477	-6.9733E-1	1.3533E2	2.6344E0	1.0568E6	
478	-6.9908E-1	1.3273E2	2.6275E0	1.0591E6	
479	-6.9817E-1	1.3409E2	2.6207E0	1.0613E6	
480	-6.9801E-1	1.3431E2	2.6138E0	1.0635E6	
481	-6.9786E-1	1.3454E2	2.6071E0	1.0657E6	
482	-6.9679E-1	1.3613E2	2.6001E0	1.0679E6	
483	-6.9923E-1	1.3250E2	2.5933E0	1.0702E6	
484	-6.9656E-1	1.3647E2	2.5865E0	1.0724E6	
485	-6.9626E-1	1.3692E2	2.5797E0	1.0746E6	
486	-6.9626E-1	1.3692E2	2.5729E0	1.0768E6	
487	-6.9542E-1	1.3816E2	2.5658E0	1.0790E6	
488	-6.9595E-1	1.3737E2	2.5591E0	1.0813E6	
489	-6.9572E-1	1.3771E2	2.5523E0	1.0835E6	
490	-6.9382E-1	1.4054E2	2.5454E0	1.0857E6	
491	-6.9473E-1	1.3918E2	2.5385E0	1.0879E6	
492	-6.9260E-1	1.4235E2	2.5316E0	1.0901E6	
493	-6.9237E-1	1.4269E2	2.5248E0	1.0924E6	
494	-6.9557E-1	1.3794E2	2.5180E0	1.0946E6	
495	-6.9542E-1	1.3816E2	2.5111E0	1.0968E6	
496	-6.9397E-1	1.4032E2	2.5043E0	1.0990E6	
497	-6.9328E-1	1.4133E2	2.4974E0	1.1012E6	
498	-6.9298E-1	1.4179E2	2.4905E0	1.1035E6	
499	-6.9420E-1	1.3998E2	2.4836E0	1.1057E6	
500	-6.9237E-1	1.4269E2	2.4767E0	1.1079E6	
501	-6.9176E-1	1.4360E2	2.4698E0	1.1101E6	
502	-6.9221E-1	1.4292E2	2.4629E0	1.1123E6	
503	-6.9099E-1	1.4473E2	2.4561E0	1.1146E6	
504	-6.9466E-1	1.3930E2	2.4492E0	1.1168E6	
505	-6.9237E-1	1.4269E2	2.4424E0	1.1190E6	
506	-6.9305E-1	1.4167E2	2.4354E0	1.1212E6	
507	-6.9359E-1	1.4088E2	2.4285E0	1.1234E6	
508	-6.9237E-1	1.4269E2	2.4216E0	1.1257E6	
509	-6.9000E-1	1.4620E2	2.4147E0	1.1279E6	
510	-6.9359E-1	1.4088E2	2.4078E0	1.1301E6	
511	-6.9214E-1	1.4303E2	2.4010E0	1.1323E6	
512	-6.9138E-1	1.4416E2	2.3940E0	1.1345E6	
513	-6.8962E-1	1.4677E2	2.3871E0	1.1368E6	
514	-6.8970E-1	1.4666E2	2.3802E0	1.1390E6	
515	-6.9054E-1	1.4541E2	2.3733E0	1.1412E6	
516	-6.8665E-1	1.5118E2	2.3664E0	1.1434E6	
517	-6.9145E-1	1.4405E2	2.3595E0	1.1456E6	
518	-6.9099E-1	1.4473E2	2.3525E0	1.1479E6	
519	-6.8741E-1	1.5005E2	2.3457E0	1.1501E6	
520	-6.8825E-1	1.4881E2	2.3387E0	1.1523E6	
521	-6.8947E-1	1.4700E2	2.3318E0	1.1545E6	
522	-6.8794E-1	1.4926E2	2.3248E0	1.1567E6	
523	-6.8794E-1	1.4926E2	2.3179E0	1.1590E6	
524	-6.8726E-1	1.5028E2	2.3109E0	1.1612E6	
525	-6.8909E-1	1.4756E2	2.3040E0	1.1634E6	
526	-6.8672E-1	1.5107E2	2.2971E0	1.1656E6	
527	-6.8604E-1	1.5209E2	2.2901E0	1.1678E6	
528	-6.8558E-1	1.5277E2	2.2831E0	1.1701E6	
529	-6.8520E-1	1.5334E2	2.2764E0	1.1723E6	
530	-6.8703E-1	1.5062E2	2.2693E0	1.1745E6	
531	-6.8794E-1	1.4926E2	2.2624E0	1.1767E6	
532	-6.8787E-1	1.4937E2	2.2554E0	1.1789E6	
533	-6.8604E-1	1.5209E2	2.2484E0	1.1812E6	
534	-6.8802E-1	1.4915E2	2.2415E0	1.1834E6	
535	-6.8443E-1	1.5447E2	2.2347E0	1.1856E6	
536	-6.8695E-1	1.5073E2	2.2275E0	1.1878E6	
537	-6.8596E-1	1.5220E2	2.2206E0	1.1900E6	
538	-6.8352E-1	1.5583E2	2.2137E0	1.1923E6	
539	-6.8520E-1	1.5334E2	2.2067E0	1.1945E6	
540	-6.8314E-1	1.5639E2	2.1997E0	1.1967E6	
541	-6.8649E-1	1.5141E2	2.1927E0	1.1989E6	
542	-6.8413E-1	1.5492E2	2.1858E0	1.2011E6	
543	-6.8474E-1	1.5402E2	2.1788E0	1.2034E6	
544	-6.8535E-1	1.5311E2	2.1718E0	1.2056E6	
545	-6.8657E-1	1.5130E2	2.1648E0	1.2078E6	
546	-6.8260E-1	1.5719E2	2.1578E0	1.2100E6	
547	-6.8352E-1	1.5583E2	2.1510E0	1.2122E6	
548	-6.8527E-1	1.5322E2	2.1439E0	1.2145E6	
549	-6.8214E-1	1.5787E2	2.1368E0	1.2167E6	
550	-6.8260E-1	1.5719E2	2.1299E0	1.2189E6	
551	-6.8222E-1	1.5775E2	2.1230E0	1.2211E6	
552	-6.8062E-1	1.6013E2	2.1159E0	1.2233E6	
553	-6.8153E-1	1.5877E2	2.1089E0	1.2256E6	
554	-6.8283E-1	1.5685E2	2.1019E0	1.2278E6	
555	-6.7902E-1	1.6251E2	2.0950E0	1.2300E6	
556	-6.8314E-1	1.5639E2	2.0880E0	1.2322E6	
557	-6.8123E-1	1.5922E2	2.0810E0	1.2344E6	
558	-6.8085E-1	1.5979E2	2.0739E0	1.2367E6	
559	-6.8031E-1	1.6058E2	2.0670E0	1.2389E6	
560	-6.8153E-1	1.5877E2	2.0599E0	1.2411E6	
561	-6.8169E-1	1.5854E2	2.0529E0	1.2433E6	
562	-6.8153E-1	1.5877E2	2.0459E0	1.2455E6	
563	-6.7932E-1	1.6205E2	2.0388E0	1.2478E6	
564	-6.7863E-1	1.6307E2	2.0319E0	1.2500E6	
565	-6.8047E-1	1.6036E2	2.0248E0	1.2522E6	
566	-6.7970E-1	1.6149E2	2.0178E0	1.2544E6	
567	-6.7917E-1	1.6228E2	2.0108E0	1.2566E6	
568	-6.7841E-1	1.6341E2	2.0037E0	1.2589E6	
569	-6.8031E-1	1.6058E2	1.9967E0	1.2611E6	
570	-6.7955E-1	1.6171E2	1.9897E0	1.2633E6	
571	-6.7795E-1	1.6409E2	1.9826E0	1.2655E6	
572	-6.7902E-1	1.6251E2	1.9757E0	1.2677E6	
573	-6.7612E-1	1.6681E2	1.9686E0	1.2700E6	
574	-6.7795E-1	1.6409E2	1.9615E0	1.2722E6	
575	-6.7856E-1	1.6319E2	1.9547E0	1.2744E6	
576	-6.7749E-1	1.6477E2	1.9475E0	1.2766E6	
577	-6.7688E-1	1.6568E2	1.9405E0	1.2788E6	
578	-6.7825E-1	1.6364E2	1.9334E0	1.2811E6	
579	-6.7604E-1	1.6692E2	1.9264E0	1.2833E6	
580	-6.7650E-1	1.6624E2	1.9193E0	1.2855E6	
581	-6.7383E-1	1.7021E2	1.9122E0	1.2877E6	
582	-6.7383E-1	1.7021E2	1.9051E0	1.2899E6	
583	-6.7665E-1	1.6602E2	1.8981E0	1.2922E6	
584	-6.7673E-1	1.6590E2	1.8911E0	1.2944E6	
585	-6.7581E-1	1.6726E2	1.8840E0	1.2966E6	
586	-6.7558E-1	1.6760E2	1.8769E0	1.2988E6	
587	-6.7726E-1	1.6511E2	1.8699E0	1.3010E6	
588	-6.7429E-1	1.6953E2	1.8629E0	1.3033E6	
589	-6.7528E-1	1.6806E2	1.8558E0	1.3055E6	
590	-6.7459E-1	1.6907E2	1.8486E0	1.3077E6	
591	-6.7383E-1	1.7021E2	1.8416E0	1.3099E6	
592	-6.7390E-1	1.7009E2	1.8346E0	1.3121E6	
593	-6.7482E-1	1.6873E2	1.8276E0	1.3144E6	
594	-6.7375E-1	1.7032E2	1.8204E0	1.3166E6	
595	-6.7360E-1	1.7055E2	1.8133E0	1.3188E6	
596	-6.7101E-1	1.7440E2	1.8062E0	1.3210E6	
597	-6.7223E-1	1.7258E2	1.7992E0	1.3232E6	
598	-6.7345E-1	1.7077E2	1.7921E0	1.3255E6	
599	-6.7177E-1	1.7326E2	1.7850E0	1.3277E6	
600	-6.7345E-1	1.7077E2	1.7779E0	1.3299E6	
601	-6.7291E-1	1.7157E2	1.7709E0	1.3321E6	
602	-6.7245E-1	1.7224E2	1.7637E0	1.3343E6	
603	-6.7314E-1	1.7123E2	1.7567E0	1.3366E6	
604	-6.7299E-1	1.7145E2	1.7496E0	1.3388E6	
605	-6.7062E-1	1.7496E2	1.7425E0	1.3410E6	
606	-6.7085E-1	1.7462E2	1.7354E0	1.3432E6	
607	-6.7177E-1	1.7326E2	1.7284E0	1.3454E6	
608	-6.7093E-1	1.7451E2	1.7211E0	1.3477E6	
609	-6.7085E-1	1.7462E2	1.7141E0	1.3499E6	
610	-6.7108E-1	1.7428E2	1.7070E0	1.3521E6	
611	-6.6978E-1	1.7621E2	1.6998E0	1.3543E6	
612	-6.7215E-1	1.7270E2	1.6928E0	1.3565E6	
613	-6.6978E-1	1.7621E2	1.6858E0	1.3588E6	
614	-6.7047E-1	1.7519E2	1.6785E0	1.3610E6	
615	-6.7101E-1	1.7440E2	1.6714E0	1.3632E6	
616	-6.6864E-1	1.7791E2	1.6644E0	1.3654E6	
617	-6.6765E-1	1.7938E2	1.6573E0	1.3676E6	
618	-6.6719E-1	1.8006E2	1.6501E0	1.3699E6	
619	-6.6826E-1	1.7847E2	1.6431E0	1.3721E6	
620	-6.6948E-1	1.7666E2	1.6360E0	1.3743E6	
621	-6.7108E-1	1.7428E2	1.6288E0	1.3765E6	
622	-6.6994E-1	1.7598E2	1.6218E0	1.3787E6	
623	-6.6879E-1	1.7768E2	1.6146E0	1.3810E6	
624	-6.6589E-1	1.8198E2	1.6075E0	1.3832E6	
625	-6.6628E-1	1.8142E2	1.6003E0	1.3854E6	
626	-6.6734E-1	1.7983E2	1.5933E0	1.3876E6	
627	-6.6765E-1	1.7938E2	1.5862E0	1.3898E6	
628	-6.6544E-1	1.8266E2	1.5790E0	1.3921E6	
629	-6.6795E-1	1.7893E2	1.5719E0	1.3943E6	
630	-6.6399E-1	1.8481E2	1.5648E0	1.3965E6	
631	-6.6658E-1	1.8096E2	1.5577E0	1.3987E6	
632	-6.6727E-1	1.7994E2	1.5505E0	1.4009E6	
633	-6.6666E-1	1.8085E2	1.5434E0	1.4032E6	
634	-6.6284E-1	1.8651E2	1.5363E0	1.4054E6	
635	-6.6727E-1	1.7994E2	1.5290E0	1.4076E6	
636	-6.6414E-1	1.8459E2	1.5219E0	1.4098E6	
637	-6.6612E-1	1.8164E2	1.5148E0	1.4120E6	
638	-6.6475E-1	1.8368E2	1.5077E0	1.4143E6	
639	-6.6292E-1	1.8640E2	1.5006E0	1.4165E6	
640	-6.6597E-1	1.8187E2	1.4934E0	1.4187E6	
641	-6.6490E-1	1.8345E2	1.4863E0	1.4209E6	
642	-6.6536E-1	1.8277E2	1.4790E0	1.4231E6	
643	-6.6376E-1	1.8515E2	1.4720E0	1.4254E6	
644	-6.6246E-1	1.8708E2	1.4649E0	1.4276E6	
645	-6.6216E-1	1.8753E2	1.4577E0	1.4298E6	
646	-6.6231E-1	1.8730E2	1.4505E0	1.4320E6	
647	-6.6200E-1	1.8776E2	1.4434E0	1.4342E6	
648	-6.6193E-1	1.8787E2	1.4363E0	1.4365E6	
649	-6.6101E-1	1.8923E2	1.4291E0	1.4387E6	
650	-6.6208E-1	1.8764E2	1.4220E0	1.4409E6	
651	-6.6315E-1	1.8606E2	1.4149E0	1.4431E6	
652	-6.6154E-1	1.8844E2	1.4077E0	1.4453E6	
653	-6.6071E-1	1.8968E2	1.4006E0	1.4476E6	
654	-6.5948E-1	1.9149E2	1.3933E0	1.4498E6	
655	-6.6025E-1	1.9036E2	1.3863E0	1.4520E6	
656	-6.6246E-1	1.8708E2	1.3791E0	1.4542E6	
657	-6.6025E-1	1.9036E2	1.3720E0	1.4564E6	
658	-6.5842E-1	1.9308E2	1.3648E0	1.4587E6	
659	-6.5971E-1	1.9115E2	1.3577E0	1.4609E6	
660	-6.5933E-1	1.9172E2	1.3505E0	1.4631E6	
661	-6.5903E-1	1.9217E2	1.3434E0	1.4653E6	
662	-6.5926E-1	1.9183E2	1.3362E0	1.4675E6	
663	-6.5697E-1	1.9523E2	1.3291E0	1.4698E6	
664	-6.6040E-1	1.9013E2	1.3218E0	1.4720E6	
665	-6.5529E-1	1.9772E2	1.3147E0	1.4742E6	
666	-6.5742E-1	1.9455E2	1.3075E0	1.4764E6	
667	-6.5697E-1	1.9523E2	1.3003E0	1.4786E6	
668	-6.5956E-1	1.9138E2	1.2931E0	1.4809E6	
669	-6.5582E-1	1.9693E2	1.2860E0	1.4831E6	
670	-6.5750E-1	1.9444E2	1.2789E0	1.4853E6	
671	-6.5933E-1	1.9172E2	1.2717E0	1.4875E6	
672	-6.6010E-1	1.9059E2	1.2647E0	1.4897E6	
673	-6.5834E-1	1.9319E2	1.2573E0	1.4920E6	
674	-6.5659E-1	1.9580E2	1.2502E0	1.4942E6	
675	-6.5475E-1	1.9851E2	1.2431E0	1.4964E6	
676	-6.5598E-1	1.9670E2	1.2359E0	1.4986E6	
677	-6.5567E-1	1.9715E2	1.2287E0	1.5008E6	
678	-6.5750E-1	1.9444E2	1.2216E0	1.5031E6	
679	-6.5514E-1	1.9795E2	1.2145E0	1.5053E6	
680	-6.5506E-1	1.9806E2	1.2073E0	1.5075E6	
681	-6.5536E-1	1.9761E2	1.2001E0	1.5097E6	
682	-6.5437E-1	1.9908E2	1.1929E0	1.5119E6	
683	-6.5384E-1	1.9987E2	1.1856E0	1.5142E6	
684	-6.5521E-1	1.9783E2	1.1786E0	1.5164E6	
685	-6.5636E-1	1.9614E2	1.1714E0	1.5186E6	
686	-6.5292E-1	2.0123E2	1.1642E0	1.5208E6	
687	-6.5331E-1	2.0066E2	1.1570E0	1.5230E6	
688	-6.5376E-1	1.9999E2	1.1499E0	1.5253E6	
689	-6.5437E-1	1.9908E2	1.1428E0	1.5275E6	
690	-6.5338E-1	2.0055E2	1.1356E0	1.5297E6	
691	-6.5407E-1	1.9953E2	1.1283E0	1.5319E6	
692	-6.5285E-1	2.0134E2	1.1212E0	1.5341E6	
693	-6.5102E-1	2.0406E2	1.1140E0	1.5364E6	
694	-6.5247E-1	2.0191E2	1.1068E0	1.5386E6	
695	-6.5170E-1	2.0304E2	1.0996E0	1.5408E6	
696	-6.5170E-1	2.0304E2	1.0925E0	1.5430E6	
697	-6.5125E-1	2.0372E2	1.0852E0	1.5452E6	
698	-6.4896E-1	2.0712E2	1.0781E0	1.5475E6	
699	-6.4842E-1	2.0791E2	1.0709E0	1.5497E6	
700	-6.5094E-1	2.0417E2	1.0638E0	1.5519E6	
701	-6.5094E-1	2.0417E2	1.0564E0	1.5541E6	
702	-6.9443E-1	1.3964E2	1.0493E0	1.5563E6	
703	-6.9183E-1	1.4349E2	1.0421E0	1.5586E6	
704	-6.8993E-1	1.4632E2	1.0349E0	1.5608E6	
705	-6.8398E-1	1.5515E2	1.0278E0	1.5630E6	
706	-6.7841E-1	1.6341E2	1.0206E0	1.5652E6	
707	-6.7368E-1	1.7043E2	1.0133E0	1.5674E6	
708	-6.6849E-1	1.7813E2	1.0062E0	1.5697E6	
709	-6.6559E-1	1.8244E2	9.9895E-1	1.5719E6	
710	-6.6032E-1	1.9025E2	9.9177E-1	1.5741E6	
711	-6.6116E-1	1.8900E2	9.8455E-1	1.5763E6	
712	-6.5498E-1	1.9817E2	9.7734E-1	1.5785E6	
713	-6.4545E-1	2.1233E2	9.7018E-1	1.5808E6	
714	-6.3873E-1	2.2229E2	9.6304E-1	1.5830E6	
715	-6.3446E-1	2.2863E2	9.5578E-1	1.5852E6	
716	-6.2729E-1	2.3927E2	9.4858E-1	1.5874E6	
717	-6.2759E-1	2.3882E2	9.4135E-1	1.5896E6	
718	-6.2195E-1	2.4720E2	9.3404E-1	1.5919E6	
719	-6.1127E-1	2.6305E2	9.2688E-1	1.5941E6	
720	-6.0371E-1	2.7426E2	9.1982E-1	1.5963E6	
721	-5.9700E-1	2.8422E2	9.1252E-1	1.5985E6	
722	-5.9044E-1	2.9396E2	9.0543E-1	1.6007E6	
723	-5.8731E-1	2.9860E2	8.9800E-1	1.6030E6	
724	-5.8250E-1	3.0574E2	8.9097E-1	1.6052E6	
725	-5.7388E-1	3.1853E2	8.8367E-1	1.6074E6	
726	-5.7457E-1	3.1751E2	8.7644E-1	1.6096E6	
727	-5.6084E-1	3.3789E2	8.6923E-1	1.6118E6	
728	-5.5984E-1	3.3937E2	8.6210E-1	1.6141E6	
729	-5.5496E-1	3.4661E2	8.5486E-1	1.6163E6	
730	-5.4810E-1	3.5680E2	8.4763E-1	1.6185E6	
731	-5.4382E-1	3.6314E2	8.4040E-1	1.6207E6	
732	-5.4016E-1	3.6858E2	8.3320E-1	1.6229E6	
733	-5.3329E-1	3.7877E2	8.2590E-1	1.6252E6	
734	-5.2979E-1	3.8398E2	8.1887E-1	1.6274E6	
735	-5.2322E-1	3.9371E2	8.1167E-1	1.6296E6	
736	-5.1926E-1	3.9960E2	8.0439E-1	1.6318E6	
737	-5.1346E-1	4.0821E2	7.9716E-1	1.6340E6	
738	-5.0964E-1	4.1387E2	7.8993E-1	1.6363E6	
739	-5.0766E-1	4.1681E2	7.8268E-1	1.6385E6	
740	-5.0262E-1	4.2429E2	7.7547E-1	1.6407E6	
741	-5.0140E-1	4.2610E2	7.6825E-1	1.6429E6	
742	-4.9461E-1	4.3617E2	7.6101E-1	1.6451E6	
743	-4.9034E-1	4.4251E2	7.5377E-1	1.6474E6	
744	-4.8492E-1	4.5055E2	7.4658E-1	1.6496E6	
745	-4.7638E-1	4.6323E2	7.3938E-1	1.6518E6	
746	-4.7173E-1	4.7014E2	7.3221E-1	1.6540E6	
747	-4.6837E-1	4.7512E2	7.2499E-1	1.6562E6	
748	-4.6181E-1	4.8486E2	7.1775E-1	1.6585E6	
749	-4.5723E-1	4.9165E2	7.1056E-1	1.6607E6	
750	-4.5074E-1	5.0128E2	7.0330E-1	1.6629E6	
751	-4.4159E-1	5.1487E2	6.9616E-1	1.6651E6	
752	-4.3709E-1	5.2155E2	6.8895E-1	1.6673E6	
753	-4.3152E-1	5.2981E2	6.8167E-1	1.6696E6	
754	-4.2290E-1	5.4261E2	6.7456E-1	1.6718E6	
755	-4.1756E-1	5.5053E2	6.6730E-1	1.6740E6	
756	-4.0619E-1	5.6740E2	6.6009E-1	1.6762E6	
757	-4.0024E-1	5.7623E2	6.5287E-1	1.6784E6	
758	-3.9619E-1	5.8224E2	6.4568E-1	1.6807E6	
759	-3.9055E-1	5.9061E2	6.3845E-1	1.6829E6	
760	-3.8498E-1	5.9888E2	6.3120E-1	1.6851E6	
761	-3.7918E-1	6.0748E2	6.2401E-1	1.6873E6	
762	-3.7071E-1	6.2005E2	6.1685E-1	1.6895E6	
763	-3.6301E-1	6.3149E2	6.0955E-1	1.6918E6	
764	-3.6018E-1	6.3568E2	6.0250E-1	1.6940E6	
765	-3.5240E-1	6.4723E2	5.9527E-1	1.6962E6	
766	-3.4935E-1	6.5176E2	5.8807E-1	1.6984E6	
767	-3.3913E-1	6.6693E2	5.8085E-1	1.7006E6	
768	-3.3005E-1	6.8040E2	5.7363E-1	1.7029E6	
769	-3.2631E-1	6.8595E2	5.6649E-1	1.7051E6	
770	-3.1845E-1	6.9761E2	5.5912E-1	1.7073E6	
771	-3.0991E-1	7.1029E2	5.5210E-1	1.7095E6	
772	-3.0655E-1	7.1528E2	5.4485E-1	1.7117E6	
773	-2.9778E-1	7.2830E2	5.3764E-1	1.7140E6	
774	-2.8877E-1	7.4166E2	5.3116E-1	1.7160E6	
775	-2.8809E-1	7.4268E2	5.3066E-1	1.7161E6	
776	-2.8809E-1	7.4268E2	5.3066E-1	1.7161E6	
777	-2.8809E-1	7.4268E2	5.3066E-1	1.7161E6	
778	-2.8809E-1	7.4268E2	5.3066E-1	1.7161E6	
779	-2.8809E-1	7.4268E2	5.3066E-1	1.7161E6	
780	-2.8809E-1	7.4268E2	5.3066E-1	1.7161E6	
781	-2.8809E-1	7.4268E2	5.3066E-1	1.7161E6	
782	-2.8809E-1	7.4268E2	5.3066E-1	1.7161E6	
783	-2.8809E-1	7.4268E2	5.3066E-1	1.7161E6	
784	-2.8809E-1	7.4268E2	5.3066E-1	1.7161E6	
785	-2.8809E-1	7.4268E2	5.3066E-1	1.7161E6	
786	-2.8809E-1	7.4268E2	5.3066E-1	1.7161E6	
787	-2.8809E-1	7.4268E2	5.3066E-1	1.7161E6	
788	-2.8809E-1	7.4268E2	5.3066E-1	1.7161E6	
789	-2.8809E-1	7.4268E2	5.3066E-1	1.7161E6	
790	-2.8809E-1	7.4268E2	5.3066E-1	1.7161E6	
791	-2.8809E-1	7.4268E2	5.3066E-1	1.7161E6	
792	-2.8809E-1	7.4268E2	5.3066E-1	1.7161E6	
793	-2.8809E-1	7.4268E2	5.3066E-1	1.7161E6	
794	-2.8809E-1	7.4268E2	5.3066E-1	1.7161E6	
795	-2.8809E-1	7.4268E2	5.3066E-1	1.7161E6	
796	-2.8809E-1	7.4268E2	5.3066E-1	1.7161E6	
797	-2.8809E-1	7.4268E2	5.3066E-1	1.7161E6	
798	-2.8809E-1	7.4268E2	5.3066E-1	1.7161E6	
799	-2.8809E-1	7.4268E2	5.3066E-1	1.7161E6	
800	-2.8809E-1	7.4268E2	5.3066E-1	1.7161E6	
801	-2.8809E-1	7.4268E2	5.3066E-1	1.7161E6	
802	-2.8809E-1	7.4268E2	5.3066E-1	1.7161E6	
803	-2.8809E-1	7.4268E2	5.3066E-1	1.7161E6	
804	-2.8809E-1	7.4268E2	5.3066E-1	1.7161E6	
805	-2.8809E-1	7.4268E2	5.3066E-1	1.7161E6	
806	-2.8809E-1	7.4268E2	5.3066E-1	1.7161E6	
807	-2.8809E-1	7.4268E2	5.3066E-1	1.7161E6	
808	-2.8809E-1	7.4268E2	5.3066E-1	1.7161E6	
809	-2.8809E-1	7.4268E2	5.3066E-1	1.7161E6	
810	-2.8809E-1	7.4268E2	5.3066E-1	1.7161E6	
811	-2.8809E-1	7.4268E2	5.3066E-1	1.7161E6	
812	-2.8809E-1	7.4268E2	5.3066E-1	1.7161E6	
813	-2.8809E-1	7.4268E2	5.3066E-1	1.7161E6	
814	-2.8809E-1	7.4268E2	5.3066E-1	1.7161E6	
815	-2.8809E-1	7.4268E2	5.3066E-1	1.7161E6	
816	-2.8809E-1	7.4268E2	5.3066E-1	1.7161E6	
817	-2.8809E-1	7.4268E2	5.3066E-1	1.7161E6	
818	-2.8809E-1	7.4268E2	5.3066E-1	1.7161E6	
819	-2.8809E-1	7.4268E2	5.3066E-1	1.7161E6	
820	-2.8809E-1	7.4268E2	5.3066E-1	1.7161E6	
821	-2.8809E-1	7.4268E2	5.3066E-1	1.7161E6	
822	-2.8809E-1	7.4268E2	5.3066E-1	1.7161E6	
823	-2.8809E-1	7.4268E2	5.3066E-1	1.7161E6	
824	-2.8809E-1	7.4268E2	5.3066E-1	1.7161E6	
825	-2.8809E-1	7.4268E2	5.3066E-1	1.7161E6	
826	-2.8809E-1	7.4268E2	5.3066E-1	1.7161E6	
827	-2.8809E-1	7.4268E2	5.3066E-1	1.7161E6	
828	-2.8809E-1	7.4268E2	5.3066E-1	1.7161E6	
829	-2.8809E-1	7.4268E2	5.3066E-1	1.7161E6	
830	-2.8809E-1	7.4268E2	5.3066E-1	1.7161E6	
831	-2.8809E-1	7.4268E2	5.3066E-1	1.7161E6	
832	-2.8809E-1	7.4268E2	5.3066E-1	1.7161E6	
833	-2.8809E-1	7.4268E2	5.3066E-1	1.7161E6	
834	-2.8809E-1	7.4268E2	5.3066E-1	1.7161E6	
835	-2.8809E-1	7.4268E2	5.3066E-1	1.7161E6	
836	-2.8809E-1	7.4268E2	5.3066E-1	1.7161E6	
837	-2.8809E-1	7.4268E2	5.3066E-1	1.7161E6	
838	-2.8809E-1	7.4268E2	5.3066E-1	1.7161E6	
839	-2.8809E-1	7.4268E2	5.3066E-1	1.7161E6	
840	-2.8809E-1	7.4268E2	5.3066E-1	1.7161E6	
841	-2.8809E-1	7.4268E2	5.3066E-1	1.7161E6	
842	-2.8809E-1	7.4268E2	5.3066E-1	1.7161E6	
843	-2.8809E-1	7.4268E2	5.3066E-1	1.7161E6	
844	-2.8809E-1	7.4268E2	5.3066E-1	1.7161E6	
845	-2.8809E-1	7.4268E2	5.3066E-1	1.7161E6	
846	-2.8809E-1	7.4268E2	5.3066E-1	1.7161E6	
847	-2.8809E-1	7.4268E2	5.3066E-1	1.7161E6	
848	-2.8809E-1	7.4268E2	5.3066E-1	1.7161E6	
849	-2.8809E-1	7.4268E2	5.3066E-1	1.7161E6	
850	-2.8809E-1	7.4268E2	5.3066E-1	1.7161E6	
851	-2.8809E-1	7.4268E2	5.3066E-1	1.7161E6	
852	-2.8809E-1	7.4268E2	5.3066E-1	1.7161E6	
853	-2.8809E-1	7.4268E2	5.3066E-1	1.7161E6	
854	-2.8809E-1	7.4268E2	5.3066E-1	1.7161E6	
855	-2.8809E-1	7.4268E2	5.3066E-1	1.7161E6	
856	-2.8809E-1	7.4268E2	5.3066E-1	1.7161E6	
857	-2.8809E-1	7.4268E2	5.3066E-1	1.7161E6	
858	-2.8809E-1	7.4268E2	5.3066E-1	1.7161E6	
859	-2.8809E-1	7.4268E2	5.3066E-1	1.7161E6	
860	-2.8809E-1	7.4268E2	5.3066E-1	1.7161E6	
861	-2.8809E-1	7.4268E2	5.3066E-1	1.7161E6	
862	-2.8809E-1	7.4268E2	5.3066E-1	1.7161E6	
863	-2.8809E-1	7.4268E2	5.3066E-1	1.7161E6	
864	-2.8809E-1	7.4268E2	5.3066E-1	1.7161E6	
865	-2.8809E-1	7.4268E2	5.3066E-1	1.7161E6	
866	-2.8809E-1	7.4268E2	5.3066E-1	1.7161E6	
867	-2.8809E-1	7.4268E2	5.3066E-1	1.7161E6	
868	-2.8809E-1	7.4268E2	5.3066E-1	1.7161E6	
869	-2.8809E-1	7.4268E2	5.3066E-1	1.7161E6	
870	-2.8809E-1	7.4268E2	5.3066E-1	1.7161E6	
871	-2.8809E-1	7.4268E2	5.3066E-1	1.7161E6	
872	-2.8809E-1	7.4268E2	5.3066E-1	1.7161E6	
873	-2.8809E-1	7.4268E2	5.3066E-1	1.7161E6	
874	-2.8809E-1	7.4268E2	5.3066E-1	1.7161E6	
875	-2.8809E-1	7.4268E2	5.3066E-1	1.7161E6	
876	-2.8809E-1	7.4268E2	5.3066E-1	1.7161E6	
877	-2.8809E-1	7.4268E2	5.3066E-1	1.7161E6	
878	-2.8809E-1	7.4268E2	5.3066E-1	1.7161E6	
879	-2.8809E-1	7.4268E2	5.3066E-1	1.7161E6	
880	-2.8809E-1	7.4268E2	5.3066E-1	1.7161E6	
881	-2.8809E-1	7.4268E2	5.3066E-1	1.7161E6	
882	-2.8809E-1	7.4268E2	5.3066E-1	1.7161E6	
883	-2.8809E-1	7.4268E2	5.3066E-1	1.7161E6	
884	-2.8809E-1	7.4268E2	5.3066E-1	1.7161E6	
885	-2.8809E-1	7.4268E2	5.3066E-1	1.7161E6	
886	-2.8809E-1	7.4268E2	5.3066E-1	1.7161E6	
887	-2.8809E-1	7.4268E2	5.3066E-1	1.7161E6	
888	-2.8809E-1	7.4268E2	5.3066E-1	1.7161E6	
889	-2.8809E-1	7.4268E2	5.3066E-1	1.7161E6	
890	-2.8809E-1	7.4268E2	5.3066E-1	1.7161E6	
891	-2.8809E-1	7.4268E2	5.3066E-1	1.7161E6	
892	-2.8809E-1	7.4268E2	5.3066E-1	1.7161E6	
893	-2.8809E-1	7.4268E2	5.3066E-1	1.7161E6	
894	-2.8809E-1	7.4268E2	5.3066E-1	1.7161E6	
895	-2.8809E-1	7.4268E2	5.3066E-1	1.7161E6	
896	-2.8809E-1	7.4268E2	5.3066E-1	1.7161E6	
897	-2.8809E-1	7.4268E2	5.3066E-1	1.7161E6	
898	-2.8809E-1	7.4268E2	5.3066E-1	1.7161E6	
899	-2.8809E-1	7.4268E2	5.3066E-1	1.7161E6	
900	-2.8809E-1	7.4268E2	5.3066E-1	1.7161E6	
901	-2.8809E-1	7.4268E2	5.3066E-1	1.7161E6	
902	-2.8809E-1	7.4268E2	5.3066E-1	1.7161E6	
903	-2.8809E-1	7.4268E2	5.3066E-1	1.7161E6	
904	-2.8809E-1	7.4268E2	5.3066E-1	1.7161E6	
905	-2.8809E-1	7.4268E2	5.3066E-1	1.7161E6	
906	-2.8809E-1	7.4268E2	5.3066E-1	1.7161E6	
907	-2.8809E-1	7.4268E2	5.3066E-1	1.7161E6	
908	-2.8809E-1	7.4268E2	5.3066E-1	1.7161E6	
909	-2.8809E-1	7.4268E2	5.3066E-1	1.7161E6	
910	-2.8809E-1	7.4268E2	5.3066E-1	1.7161E6	
911	-2.8809E-1	7.4268E2	5.3066E-1	1.7161E6	
912	-2.8809E-1	7.4268E2	5.3066E-1	1.7161E6	
913	-2.8809E-1	7.4268E2	5.3066E-1	1.7161E6	
914	-2.8809E-1	7.4268E2	5.3066E-1	1.7161E6	
915	-2.8809E-1	7.4268E2	5.3066E-1	1.7161E6	
916	-2.8809E-1	7.4268E2	5.3066E-1	1.7161E6	
917	-2.8809E-1	7.4268E2	5.3066E-1	1.7161E6	
918	-2.8809E-1	7.4268E2	5.3066E-1	1.7161E6	
919	-2.8809E-1	7.4268E2	5.3066E-1	1.7161E6	
920	-2.8809E-1	7.4268E2	5.3066E-1	1.7161E6	
921	-2.8809E-1	7.4268E2	5.3066E-1	1.7161E6	
922	-2.8809E-1	7.4268E2	5.3066E-1	1.7161E6	
923	-2.8809E-1	7.4268E2	5.3066E-1	1.7161E6	
924	-2.8809E-1	7.4268E2	5.3066E-1	1.7161E6	
925	-2.8809E-1	7.4268E2	5.3066E-1	1.7161E6	
926	-2.8809E-1	7.4268E2	5.3066E-1	1.7161E6	
927	-2.8809E-1	7.4268E2	5.3066E-1	1.7161E6	
928	-2.8809E-1	7.4268E2	5.3066E-1	1.7161E6	
929	-2.8809E-1	7.4268E2	5.3066E-1	1.7161E6	
930	-2.8809E-1	7.4268E2	5.3066E-1	1.7161E6	
931	-2.8809E-1	7.4268E2	5.3066E-1	1.7161E6	
932	-2.8809E-1	7.4268E2	5.3066E-1	1.7161E6	
933	-2.8809E-1	7.4268E2	5.3066E-1	1.7161E6	
934	-2.8809E-1	7.4268E2	5.3066E-1	1.7161E6	
935	-2.8809E-1	7.4268E2	5.3066E-1	1.7161E6	
936	-2.8809E-1	7.4268E2	5.3066E-1	1.7161E6	
937	-2.8809E-1	7.4268E2	5.3066E-1	1.7161E6	
938	-2.8809E-1	7.4268E2	5.3066E-1	1.7161E6	
939	-2.8809E-1	7.4268E2	5.3066E-1	1.7161E6	
940	-2.8809E-1	7.4268E2	5.3066E-1	1.7161E6	
941	-2.8809E-1	7.4268E2	5.3066E-1	1.7161E6	
942	-2.8809E-1	7.4268E2	5.3066E-1	1.7161E6	
943	-2.8809E-1	7.4268E2	5.3066E-1	1.7161E6	
944	-2.8809E-1	7.4268E2	5.3066E-1	1.7161E6	
945	-2.8809E-1	7.4268E2	5.3066E-1	1.7161E6	
946	-2.8809E-1	7.4268E2	5.3066E-1	1.7161E6	
947	-2.8809E-1	7.4268E2	5.3066E-1	1.7161E6	
948	-2.8809E-1	7.4268E2	5.3066E-1	1.7161E6	
949	-2.8809E-1	7.4268E2	5.3066E-1	1.7161E6	
950	-2.8809E-1	7.4268E2	5.3066E-1	1.7161E6	
951	-2.8809E-1	7.4268E2	5.3066E-1	1.7161E6	
952	-2.8809E-1	7.4268E2	5.3066E-1	1.7161E6	
953	-2.8809E-1	7.4268E2	5.3066E-1	1.7161E6	
954	-2.8809E-1	7.4268E2	5.3066E-1	1.7161E6	
955	-2.8809E-1	7.4268E2	5.3066E-1	1.7161E6	
956	-2.8809E-1	7.4268E2	5.3066E-1	1.7161E6	
957	-2.8809E-1	7.4268E2	5.3066E-1	1.7161E6	
958	-2.8809E-1	7.4268E2	5.3066E-1	1.7161E6	
959	-2.8809E-1	7.4268E2	5.3066E-1	1.7161E6	
960	-2.8809E-1	7.4268E2	5.3066E-1	1.7161E6	
961	-2.8809E-1	7.4268E2	5.3066E-1	1.7161E6	
962	-2.8809E-1	7.4268E2	5.3066E-1	1.7161E6	
963	-2.8809E-1	7.4268E2	5.3066E-1	1.7161E6	
964	-2.8809E-1	7.4268E2	5.3066E-1	1.7161E6	
965	-2.8809E-1	7.4268E2	5.3066E-1	1.7161E6	
966	-2.8809E-1	7.4268E2	5.3066E-1	1.7161E6	
967	-2.8809E-1	7.4268E2	5.3066E-1	1.7161E6	
968	-2.8809E-1	7.4268E2	5.3066E-1	1.7161E6	
969	-2.8809E-1	7.4268E2	5.3066E-1	1.7161E6	
970	-2.8809E-1	7.4268E2	5.3066E-1	1.7161E6	
971	-2.8809E-1	7.4268E2	5.3066E-1	1.7161E6	
972	-2.8809E-1	7.4268E2	5.3066E-1	1.7161E6	
973	-2.8809E-1	7.4268E2	5.3066E-1	1.7161E6	
974	-2.8809E-1	7.4268E2	5.3066E-1	1.7161E6	
975	-2.8809E-1	7.4268E2	5.3066E-1	1.7161E6	
976	-2.8809E-1	7.4268E2	5.3066E-1	1.7161E6	
977	-2.8809E-1	7.4268E2	5.3066E-1	1.7161E6	
978	-2.8809E-1	7.4268E2	5.3066E-1	1.7161E6	
979	-2.8809E-1	7.4268E2	5.3066E-1	1.7161E6	
980	-2.8809E-1	7.4268E2	5.3066E-1	1.7161E6	
981	-2.8809E-1	7.4268E2	5.3066E-1	1.7161E6	
982	-2.8809E-1	7.4268E2	5.3066E-1	1.7161E6	
983	-2.8809E-1	7.4268E2	5.3066E-1	1.7161E6	
984	-2.8809E-1	7.4268E2	5.3066E-1	1.7161E6	
985	-2.8809E-1	7.4268E2	5.3066E-1	1.7161E6	
986	-2.8809E-1	7.4268E2	5.3066E-1	1.7161E6	
987	-2.8809E-1	7.4268E2	5.3066E-1	1.7161E6	
988	-2.8809E-1	7.4268E2	5.3066E-1	1.7161E6	
989	-2.8809E-1	7.4268E2	5.3066E-1	1.7161E6	
990	-2.8809E-1	7.4268E2	5.3066E-1	1.7161E6	
991	-2.8809E-1	7.4268E2	5.3066E-1	1.7161E6	
992	-2.8809E-1	7.4268E2	5.3066E-1	1.7161E6	
993	-2.8809E-1	7.4268E2	5.3066E-1	1.7161E6	
994	-2.8809E-1	7.4268E2	5.3066E-1	1.7161E6	
995	-2.8809E-1	7.4268E2	5.3066E-1	1.7161E6	
996	-2.8809E-1	7.4268E2	5.3066E-1	1.7161E6	
997	-2.8809E-1	7.4268E2	5.3066E-1	1.7161E6	
998	-2.8809E-1	7.4268E2	5.3066E-1	1.7161E6	
999	-2.8809E-1	7.4268E2	5.3066E-1	1.7161E6	
1000	-2.8809E-1	7.4268E2	5.3066E-1	1.7161E6	
1001	-2.8809E-1	7.4268E2	5.3066E-1	1.7161E6	
1002	-2.8809E-1	7.4268E2	5.3066E-1	1.7161E6	
1003	-2.8809E-1	7.4268E2	5.3066E-1	1.7161E6	
1004	-2.8809E-1	7.4268E2	5.3066E-1	1.7161E6	
1005	-2.8809E-1	7.4268E2	5.3066E-1	1.7161E6	
1006	-2.8809E-1	7.4268E2	5.3066E-1	1.7161E6	
1007	-2.8809E-1	7.4268E2	5.3066E-1	1.7161E6	
1008	-2.8809E-1	7.4268E2	5.3066E-1	1.7161E6	
1009	-2.8809E-1	7.4268E2	5.3066E-1	1.7161E6	
1010	-2.8809E-1	7.4268E2	5.3066E-1	1.7161E6	
1011	-2.8809E-1	7.4268E2	5.3066E-1	1.7161E6	
1012	-2.8809E-1	7.4268E2	5.3066E-1	1.7161E6	
1013	-2.8809E-1	7.4268E2	5.3066E-1	1.7161E6	
1014	-2.8809E-1	7.4268E2	5.3066E-1	1.7161E6	
1015	-2.8809E-1	7.4268E2	5.3066E-1	1.7161E6	
1016	-2.8809E-1	7.4268E2	5.3066E-1	1.7161E6	
1017	-2.8809E-1	7.4268E2	5.3066E-1	1.7161E6	
1018	-2.8809E-1	7.4268E2	5.3066E-1	1.7161E6	
1019	-2.8809E-1	7.4268E2	5.3066E-1	1.7161E6	
1020	-2.8809E-1	7.4268E2	5.3066E-1	1.7161E6	
1021	-2.8809E-1	7.4268E2	5.3066E-1	1.7161E6	
1022	-2.8809E-1	7.4268E2	5.3066E-1	1.7161E6	
1023	-2.8809E-1	7.4268E2	5.3066E-1	1.7161E6	
1024	-2.8809E-1	7.4268E2	5.3066E-1	1.7161E6	
1025	-2.8877E-1	7.4166E2	5.3060E-1	1.7161E6	
1026	-3.3127E-1	6.7859E2	5.3183E-1	1.7184E6	
1027	-3.5919E-1	6.3715E2	5.3450E-1	1.7206E6	
1028	-3.7910E-1	6.0760E2	5.3764E-1	1.7228E6	
1029	-3.9360E-1	5.8608E2	5.4096E-1	1.7250E6	
1030	-4.1183E-1	5.5902E2	5.4441E-1	1.7272E6	
1031	-4.2694E-1	5.3661E2	5.4823E-1	1.7295E6	
1032	-4.4800E-1	5.0535E2	5.5203E-1	1.7317E6	
1033	-4.5914E-1	4.8882E2	5.5593E-1	1.7339E6	
1034	-4.7195E-1	4.6980E2	5.5997E-1	1.7361E6	
1035	-4.8538E-1	4.4987E2	5.6400E-1	1.7383E6	
1036	-4.9767E-1	4.3164E2	5.6814E-1	1.7406E6	
1037	-5.1224E-1	4.1002E2	5.7228E-1	1.7428E6	
1038	-5.2177E-1	3.9587E2	5.7654E-1	1.7450E6	
1039	-5.3574E-1	3.7515E2	5.8072E-1	1.7472E6	
1040	-5.4375E-1	3.6326E2	5.8506E-1	1.7494E6	
1041	-5.5389E-1	3.4820E2	5.8930E-1	1.7517E6	
1042	-5.6892E-1	3.2589E2	5.9373E-1	1.7539E6	
1043	-5.7961E-1	3.1004E2	5.9811E-1	1.7561E6	
1044	-5.8922E-1	2.9577E2	6.0252E-1	1.7583E6	
1045	-5.9769E-1	2.8321E2	6.0691E-1	1.7605E6	
1046	-6.0936E-1	2.6588E2	6.1146E-1	1.7628E6	
1047	-6.1386E-1	2.5920E2	6.1594E-1	1.7650E6	
1048	-6.3034E-1	2.3475E2	6.2043E-1	1.7672E6	
1049	-6.3309E-1	2.3067E2	6.2491E-1	1.7694E6	
1050	-6.5247E-1	2.0191E2	6.2949E-1	1.7716E6	
1051	-6.5506E-1	1.9806E2	6.3396E-1	1.7739E6	
1052	-6.6811E-1	1.7870E2	6.3853E-1	1.7761E6	
1053	-6.7902E-1	1.6251E2	6.4312E-1	1.7783E6	
1054	-6.8237E-1	1.5753E2	6.4767E-1	1.7805E6	
1055	-6.9847E-1	1.3363E2	6.5232E-1	1.7827E6	
1056	-7.0473E-1	1.2435E2	6.5686E-1	1.7850E6	
1057	-7.1320E-1	1.1178E2	6.6140E-1	1.7872E6	
1058	-7.2357E-1	9.6383E1	6.6619E-1	1.7894E6	
1059	-7.3051E-1	8.6080E1	6.7079E-1	1.7916E6	
1060	-7.3624E-1	7.7588E1	6.7541E-1	1.7938E6	
1061	-7.4684E-1	6.1850E1	6.8010E-1	1.7961E6	
1062	-7.5035E-1	5.6641E1	6.8482E-1	1.7983E6	
1063	-7.6416E-1	3.6147E1	6.8942E-1	1.8005E6	
1064	-7.7057E-1	2.6636E1	6.9408E-1	1.8027E6	
1065	-7.7728E-1	1.6673E1	6.9888E-1	1.8049E6	
1066	-7.8171E-1	1.0105E1	7.0355E-1	1.8072E6	
1067	-7.8979E-1	-1.8965E0	7.0824E-1	1.8094E6	
1068	-7.9697E-1	-1.2540E1	7.1295E-1	1.8116E6	
1069	-8.0612E-1	-2.6127E1	7.1773E-1	1.8138E6	
1070	-8.0971E-1	-3.1448E1	7.2249E-1	1.8160E6	
1071	-8.1474E-1	-3.8921E1	7.2726E-1	1.8183E6	
1072	-8.2153E-1	-4.8998E1	7.3198E-1	1.8205E6	
1073	-8.3031E-1	-6.2019E1	7.3668E-1	1.8227E6	
1074	-8.3405E-1	-6.7567E1	7.4156E-1	1.8249E6	
1075	-8.4648E-1	-8.6023E1	7.4637E-1	1.8271E6	
1076	-8.4846E-1	-8.8967E1	7.5111E-1	1.8294E6	
1077	-8.5518E-1	-9.8931E1	7.5589E-1	1.8316E6	
1078	-8.5754E-1	-1.0244E2	7.6078E-1	1.8338E6	
1079	-8.6418E-1	-1.1229E2	7.6555E-1	1.8360E6	
1080	-8.6983E-1	-1.2067E2	7.7023E-1	1.8382E6	
1081	-8.7730E-1	-1.3177E2	7.7516E-1	1.8405E6	
1082	-8.8097E-1	-1.3720E2	7.7993E-1	1.8427E6	
1083	-8.8783E-1	-1.4739E2	7.8486E-1	1.8449E6	
1084	-8.8669E-1	-1.4569E2	7.8973E-1	1.8471E6	
1085	-8.9233E-1	-1.5407E2	7.9453E-1	1.8493E6	
1086	-8.9577E-1	-1.5917E2	7.9937E-1	1.8516E6	
1087	-9.0347E-1	-1.7060E2	8.0427E-1	1.8538E6	
1088	-9.0698E-1	-1.7581E2	8.0920E-1	1.8560E6	
1089	-9.1240E-1	-1.8385E2	8.1404E-1	1.8582E6	
1090	-9.1278E-1	-1.8442E2	8.1902E-1	1.8604E6	
1091	-9.1789E-1	-1.9200E2	8.2391E-1	1.8627E6	
1092	-9.2216E-1	-1.9834E2	8.2871E-1	1.8649E6	
1093	-9.3018E-1	-2.1023E2	8.3371E-1	1.8671E6	
1094	-9.2499E-1	-2.0253E2	8.3856E-1	1.8693E6	
1095	-9.3483E-1	-2.1714E2	8.4352E-1	1.8715E6	
1096	-9.3323E-1	-2.1476E2	8.4850E-1	1.8738E6	
1097	-9.4261E-1	-2.2869E2	8.5342E-1	1.8760E6	
1098	-9.4147E-1	-2.2699E2	8.5831E-1	1.8782E6	
1099	-9.4933E-1	-2.3865E2	8.6332E-1	1.8804E6	
1100	-9.4490E-1	-2.3208E2	8.6829E-1	1.8826E6	
1101	-9.5230E-1	-2.4307E2	8.7314E-1	1.8849E6	
1102	-9.5512E-1	-2.4726E2	8.7816E-1	1.8871E6	
1103	-9.5863E-1	-2.5247E2	8.8319E-1	1.8893E6	
1104	-9.5772E-1	-2.5111E2	8.8821E-1	1.8915E6	
1105	-9.6184E-1	-2.5722E2	8.9310E-1	1.8937E6	
1106	-9.6275E-1	-2.5858E2	8.9815E-1	1.8960E6	
1107	-9.7015E-1	-2.6956E2	9.0312E-1	1.8982E6	
1108	-9.7427E-1	-2.7568E2	9.0814E-1	1.9004E6	
1109	-9.7244E-1	-2.7296E2	9.1321E-1	1.9026E6	
1110	-9.7626E-1	-2.7862E2	9.1822E-1	1.9048E6	
1111	-9.7908E-1	-2.8281E2	9.2326E-1	1.9071E6	
1112	-9.8419E-1	-2.9040E2	9.2838E-1	1.9093E6	
1113	-9.8419E-1	-2.9040E2	9.3327E-1	1.9115E6	
1114	-9.8869E-1	-2.9708E2	9.3838E-1	1.9137E6	
1115	-9.8930E-1	-2.9798E2	9.4338E-1	1.9159E6	
1116	-9.9037E-1	-2.9957E2	9.4842E-1	1.9182E6	
1117	-9.8785E-1	-2.9583E2	9.5349E-1	1.9204E6	
1118	-9.9915E-1	-3.1259E2	9.5858E-1	1.9226E6	
1119	-9.9617E-1	-3.0817E2	9.6369E-1	1.9248E6	
1120	-9.9808E-1	-3.1100E2	9.6868E-1	1.9270E6	
1121	-9.9937E-1	-3.1293E2	9.7385E-1	1.9293E6	
1122	-1.0014E0	-3.1598E2	9.7892E-1	1.9315E6	
1123	-1.0031E0	-3.1848E2	9.8405E-1	1.9337E6	
1124	-1.0049E0	-3.2119E2	9.8918E-1	1.9359E6	
1125	-1.0075E0	-3.2493E2	9.9422E-1	1.9381E6	
1126	-1.0088E0	-3.2697E2	9.9929E-1	1.9404E6	
1127	-1.0117E0	-3.3127E2	1.0045E0	1.9426E6	
1128	-1.0082E0	-3.2606E2	1.0095E0	1.9448E6	
1129	-1.0152E0	-3.3637E2	1.0147E0	1.9470E6	
1130	-1.0110E0	-3.3025E2	1.0198E0	1.9492E6	
1131	-1.0176E0	-3.3999E2	1.0250E0	1.9515E6	
1132	-1.0149E0	-3.3591E2	1.0301E0	1.9537E6	
1133	-1.0178E0	-3.4033E2	1.0354E0	1.9559E6	
1134	-1.0187E0	-3.4157E2	1.0404E0	1.9581E6	
1135	-1.0157E0	-3.3716E2	1.0456E0	1.9603E6	
1136	-1.0215E0	-3.4576E2	1.0509E0	1.9626E6	
1137	-1.0218E0	-3.4622E2	1.0560E0	1.9648E6	
1138	-1.0194E0	-3.4271E2	1.0612E0	1.9670E6	
1139	-1.0162E0	-3.3795E2	1.0663E0	1.9692E6	
1140	-1.0148E0	-3.3580E2	1.0716E0	1.9714E6	
1141	-1.0213E0	-3.4542E2	1.0768E0	1.9737E6	
1142	-1.0194E0	-3.4271E2	1.0820E0	1.9759E6	
1143	-1.0186E0	-3.4146E2	1.0873E0	1.9781E6	
1144	-1.0222E0	-3.4678E2	1.0925E0	1.9803E6	
1145	-1.0185E0	-3.4135E2	1.0977E0	1.9825E6	
1146	-1.0212E0	-3.4531E2	1.1029E0	1.9848E6	
1147	-1.0242E0	-3.4984E2	1.1082E0	1.9870E6	
1148	-1.0215E0	-3.4576E2	1.1135E0	1.9892E6	
1149	-1.0203E0	-3.4395E2	1.1186E0	1.9914E6	
1150	-1.0207E0	-3.4452E2	1.1240E0	1.9936E6	
1151	-1.0172E0	-3.3931E2	1.1291E0	1.9959E6	
1152	-1.0200E0	-3.4350E2	1.1345E0	1.9981E6	
1153	-1.0177E0	-3.4010E2	1.1397E0	2.0003E6	
1154	-1.0209E0	-3.4486E2	1.1450E0	2.0025E6	
1155	-1.0176E0	-3.3999E2	1.1503E0	2.0047E6	
1156	-1.0176E0	-3.3999E2	1.1555E0	2.0070E6	
1157	-1.0169E0	-3.3897E2	1.1608E0	2.0092E6	
1158	-1.0147E0	-3.3569E2	1.1662E0	2.0114E6	
1159	-1.0188E0	-3.4180E2	1.1715E0	2.0136E6	
1160	-1.0178E0	-3.4033E2	1.1767E0	2.0158E6	
1161	-1.0117E0	-3.3116E2	1.1820E0	2.0181E6	
1162	-1.0086E0	-3.2663E2	1.1874E0	2.0203E6	
1163	-1.0051E0	-3.2142E2	1.1927E0	2.0225E6	
1164	-1.0024E0	-3.1746E2	1.1981E0	2.0247E6	
1165	-1.0012E0	-3.1564E2	1.2035E0	2.0269E6	
1166	-9.9556E-1	-3.0727E2	1.2087E0	2.0292E6	
1167	-9.9792E-1	-3.1078E2	1.2141E0	2.0314E6	
1168	-9.9319E-1	-3.0376E2	1.2194E0	2.0336E6	
1169	-9.8953E-1	-2.9832E2	1.2248E0	2.0358E6	
1170	-9.8869E-1	-2.9708E2	1.2301E0	2.0380E6	
1171	-9.8404E-1	-2.9017E2	1.2355E0	2.0403E6	
1172	-9.8373E-1	-2.8972E2	1.2409E0	2.0425E6	
1173	-9.8061E-1	-2.8507E2	1.2463E0	2.0447E6	
1174	-9.7801E-1	-2.8122E2	1.2517E0	2.0469E6	
1175	-9.7389E-1	-2.7511E2	1.2570E0	2.0491E6	
1176	-9.7748E-1	-2.8043E2	1.2625E0	2.0514E6	
1177	-9.7672E-1	-2.7930E2	1.2678E0	2.0536E6	
1178	-9.6657E-1	-2.6424E2	1.2733E0	2.0558E6	
1179	-9.6245E-1	-2.5813E2	1.2787E0	2.0580E6	
1180	-9.5886E-1	-2.5280E2	1.2841E0	2.0602E6	
1181	-9.5772E-1	-2.5111E2	1.2895E0	2.0625E6	
1182	-9.5238E-1	-2.4318E2	1.2950E0	2.0647E6	
1183	-9.4910E-1	-2.3831E2	1.3004E0	2.0669E6	
1184	-9.4109E-1	-2.2642E2	1.3058E0	2.0691E6	
1185	-9.3819E-1	-2.2212E2	1.3112E0	2.0713E6	
1186	-9.3109E-1	-2.1159E2	1.3168E0	2.0736E6	
1187	-9.2834E-1	-2.0751E2	1.3221E0	2.0758E6	
1188	-9.2163E-1	-1.9755E2	1.3277E0	2.0780E6	
1189	-9.1766E-1	-1.9166E2	1.3331E0	2.0802E6	
1190	-9.0088E-1	-1.6675E2	1.3386E0	2.0824E6	
1191	-8.8417E-1	-1.4196E2	1.3440E0	2.0847E6	
1192	-8.6540E-1	-1.1410E2	1.3496E0	2.0869E6	
1193	-8.5129E-1	-9.3156E1	1.3549E0	2.0891E6	
1194	-8.3565E-1	-6.9945E1	1.3606E0	2.0913E6	
1195	-8.1184E-1	-3.4619E1	1.3660E0	2.0935E6	
1196	-7.7744E-1	1.6446E1	1.3716E0	2.0958E6	
1197	-7.3395E-1	8.0985E1	1.3770E0	2.0980E6	
1198	-7.2144E-1	9.9554E1	1.3826E0	2.1002E6	
1199	-7.0747E-1	1.2027E2	1.3880E0	2.1024E6	
1200	-6.9664E-1	1.3635E2	1.3936E0	2.1046E6	
1201	-6.9145E-1	1.4405E2	1.3990E0	2.1069E6	
1202	-6.8832E-1	1.4869E2	1.4046E0	2.1091E6	
1203	-6.8626E-1	1.5175E2	1.4102E0	2.1113E6	
1204	-6.8260E-1	1.5719E2	1.4156E0	2.1135E6	
1205	-6.7719E-1	1.6522E2	1.4212E0	2.1157E6	
1206	-6.7627E-1	1.6658E2	1.4267E0	2.1180E6	
1207	-6.7299E-1	1.7145E2	1.4323E0	2.1202E6	
1208	-6.7169E-1	1.7338E2	1.4379E0	2.1224E6	
1209	-6.6940E-1	1.7677E2	1.4434E0	2.1246E6	
1210	-6.6345E-1	1.8561E2	1.4490E0	2.1268E6	
1211	-6.6399E-1	1.8481E2	1.4546E0	2.1291E6	
1212	-6.6788E-1	1.7904E2	1.4601E0	2.1313E6	
1213	-6.6727E-1	1.7994E2	1.4657E0	2.1335E6	
1214	-6.6521E-1	1.8300E2	1.4713E0	2.1357E6	
1215	-6.6620E-1	1.8153E2	1.4769E0	2.1379E6	
1216	-6.6444E-1	1.8413E2	1.4826E0	2.1402E6	
1217	-6.6483E-1	1.8357E2	1.4881E0	2.1424E6	
1218	-6.6475E-1	1.8368E2	1.4938E0	2.1446E6	
1219	-6.6643E-1	1.8119E2	1.4994E0	2.1468E6	
1220	-6.6780E-1	1.7915E2	1.5050E0	2.1490E6	
1221	-6.6849E-1	1.7813E2	1.5107E0	2.1513E6	
1222	-6.6612E-1	1.8164E2	1.5162E0	2.1535E6	
1223	-6.6902E-1	1.7734E2	1.5219E0	2.1557E6	
1224	-6.6795E-1	1.7893E2	1.5275E0	2.1579E6	
1225	-6.6727E-1	1.7994E2	1.5332E0	2.1601E6	
1226	-6.6864E-1	1.7791E2	1.5389E0	2.1624E6	
1227	-6.6658E-1	1.8096E2	1.5445E0	2.1646E6	
1228	-6.6971E-1	1.7632E2	1.5501E0	2.1668E6	
1229	-6.6628E-1	1.8142E2	1.5558E0	2.1690E6	
1230	-6.6803E-1	1.7881E2	1.5615E0	2.1712E6	
1231	-6.6910E-1	1.7723E2	1.5672E0	2.1735E6	
1232	-6.6689E-1	1.8051E2	1.5729E0	2.1757E6	
1233	-6.6956E-1	1.7655E2	1.5785E0	2.1779E6	
1234	-6.6727E-1	1.7994E2	1.5842E0	2.1801E6	
1235	-6.6780E-1	1.7915E2	1.5899E0	2.1823E6	
1236	-6.6933E-1	1.7689E2	1.5956E0	2.1846E6	
1237	-6.7070E-1	1.7485E2	1.6013E0	2.1868E6	
1238	-6.6940E-1	1.7677E2	1.6070E0	2.1890E6	
1239	-6.7268E-1	1.7191E2	1.6128E0	2.1912E6	
1240	-6.6910E-1	1.7723E2	1.6184E0	2.1934E6	
1241	-6.7108E-1	1.7428E2	1.6242E0	2.1957E6	
1242	-6.7207E-1	1.7281E2	1.6299E0	2.1979E6	
1243	-6.7307E-1	1.7134E2	1.6357E0	2.2001E6	
1244	-6.7329E-1	1.7100E2	1.6414E0	2.2023E6	
1245	-6.7078E-1	1.7474E2	1.6472E0	2.2045E6	
1246	-6.7268E-1	1.7191E2	1.6529E0	2.2068E6	
1247	-6.7245E-1	1.7224E2	1.6586E0	2.2090E6	
1248	-6.7451E-1	1.6919E2	1.6644E0	2.2112E6	
1249	-6.7429E-1	1.6953E2	1.6702E0	2.2134E6	
1250	-6.7337E-1	1.7089E2	1.6759E0	2.2156E6	
1251	-6.7314E-1	1.7123E2	1.6816E0	2.2179E6	
1252	-6.7268E-1	1.7191E2	1.6874E0	2.2201E6	
1253	-6.7383E-1	1.7021E2	1.6932E0	2.2223E6	
1254	-6.7261E-1	1.7202E2	1.6990E0	2.2245E6	
1255	-6.7238E-1	1.7236E2	1.7048E0	2.2267E6	
1256	-6.7368E-1	1.7043E2	1.7105E0	2.2290E6	
1257	-6.7162E-1	1.7349E2	1.7163E0	2.2312E6	
1258	-6.7230E-1	1.7247E2	1.7221E0	2.2334E6	
1259	-6.7451E-1	1.6919E2	1.7279E0	2.2356E6	
1260	-6.7543E-1	1.6783E2	1.7337E0	2.2378E6	
1261	-6.7474E-1	1.6885E2	1.7396E0	2.2401E6	
1262	-6.7398E-1	1.6998E2	1.7454E0	2.2423E6	
1263	-6.7467E-1	1.6896E2	1.7512E0	2.2445E6	
1264	-6.7398E-1	1.6998E2	1.7570E0	2.2467E6	
1265	-6.7741E-1	1.6489E2	1.7628E0	2.2489E6	
1266	-6.7581E-1	1.6726E2	1.7687E0	2.2512E6	
1267	-6.7513E-1	1.6828E2	1.7745E0	2.2534E6	
1268	-6.7451E-1	1.6919E2	1.7804E0	2.2556E6	
1269	-6.7505E-1	1.6840E2	1.7863E0	2.2578E6	
1270	-6.7688E-1	1.6568E2	1.7921E0	2.2600E6	
1271	-6.7612E-1	1.6681E2	1.7980E0	2.2623E6	
1272	-6.7444E-1	1.6930E2	1.8039E0	2.2645E6	
1273	-6.7711E-1	1.6534E2	1.8096E0	2.2667E6	
1274	-6.7581E-1	1.6726E2	1.8157E0	2.2689E6	
1275	-6.7650E-1	1.6624E2	1.8215E0	2.2711E6	
1276	-6.7833E-1	1.6353E2	1.8273E0	2.2734E6	
1277	-6.7329E-1	1.7100E2	1.8331E0	2.2756E6	
1278	-6.7726E-1	1.6511E2	1.8391E0	2.2778E6	
1279	-6.7612E-1	1.6681E2	1.8450E0	2.2800E6	
1280	-6.7673E-1	1.6590E2	1.8509E0	2.2822E6	
1281	-6.7780E-1	1.6432E2	1.8568E0	2.2845E6	
1282	-6.7764E-1	1.6455E2	1.8627E0	2.2867E6	
1283	-6.7886E-1	1.6273E2	1.8687E0	2.2889E6	
1284	-6.7673E-1	1.6590E2	1.8746E0	2.2911E6	
1285	-6.7932E-1	1.6205E2	1.8805E0	2.2933E6	
1286	-6.7856E-1	1.6319E2	1.8864E0	2.2956E6	
1287	-6.7986E-1	1.6126E2	1.8923E0	2.2978E6	
1288	-6.7863E-1	1.6307E2	1.8983E0	2.3000E6	
1289	-6.7986E-1	1.6126E2	1.9041E0	2.3022E6	
1290	-6.7810E-1	1.6387E2	1.9101E0	2.3044E6	
1291	-6.8016E-1	1.6081E2	1.9161E0	2.3067E6	
1292	-6.7604E-1	1.6692E2	1.9221E0	2.3089E6	
1293	-6.7902E-1	1.6251E2	1.9279E0	2.3111E6	
1294	-6.7993E-1	1.6115E2	1.9340E0	2.3133E6	
1295	-6.8016E-1	1.6081E2	1.9399E0	2.3155E6	
1296	-6.8283E-1	1.5685E2	1.9459E0	2.3178E6	
1297	-6.8245E-1	1.5741E2	1.9519E0	2.3200E6	
1298	-6.8336E-1	1.5605E2	1.9580E0	2.3222E6	
1299	-6.8130E-1	1.5911E2	1.9639E0	2.3244E6	
1300	-6.8344E-1	1.5594E2	1.9698E0	2.3266E6	
1301	-6.8161E-1	1.5866E2	1.9759E0	2.3289E6	
1302	-6.8367E-1	1.5560E2	1.9819E0	2.3311E6	
1303	-6.8123E-1	1.5922E2	1.9878E0	2.3333E6	
1304	-6.8161E-1	1.5866E2	1.9939E0	2.3355E6	
1305	-6.8214E-1	1.5787E2	2.0000E0	2.3377E6	
1306	-6.8367E-1	1.5560E2	2.0059E0	2.3400E6	
1307	-6.8298E-1	1.5662E2	2.0119E0	2.3422E6	
1308	-6.8275E-1	1.5696E2	2.0180E0	2.3444E6	
1309	-6.8413E-1	1.5492E2	2.0240E0	2.3466E6	
1310	-6.8222E-1	1.5775E2	2.0300E0	2.3488E6	
1311	-6.8336E-1	1.5605E2	2.0362E0	2.3511E6	
1312	-6.8481E-1	1.5390E2	2.0422E0	2.3533E6	
1313	-6.8550E-1	1.5288E2	2.0483E0	2.3555E6	
1314	-6.8321E-1	1.5628E2	2.0543E0	2.3577E6	
1315	-6.8497E-1	1.5368E2	2.0603E0	2.3599E6	
1316	-6.8672E-1	1.5107E2	2.0664E0	2.3622E6	
1317	-6.8565E-1	1.5266E2	2.0725E0	2.3644E6	
1318	-6.8695E-1	1.5073E2	2.0785E0	2.3666E6	
1319	-6.8420E-1	1.5481E2	2.0846E0	2.3688E6	
1320	-6.8588E-1	1.5232E2	2.0907E0	2.3710E6	
1321	-6.8550E-1	1.5288E2	2.0968E0	2.3733E6	
1322	-6.8649E-1	1.5141E2	2.1030E0	2.3755E6	
1323	-6.8863E-1	1.4824E2	2.1090E0	2.3777E6	
1324	-6.8748E-1	1.4994E2	2.1151E0	2.3799E6	
1325	-6.8832E-1	1.4869E2	2.1211E0	2.3821E6	
1326	-6.8512E-1	1.5345E2	2.1274E0	2.3844E6	
1327	-6.8565E-1	1.5266E2	2.1335E0	2.3866E6	
1328	-6.8840E-1	1.4858E2	2.1396E0	2.3888E6	
1329	-6.8726E-1	1.5028E2	2.1458E0	2.3910E6	
1330	-6.8893E-1	1.4779E2	2.1519E0	2.3932E6	
1331	-6.8947E-1	1.4700E2	2.1580E0	2.3955E6	
1332	-6.8756E-1	1.4983E2	2.1641E0	2.3977E6	
1333	-6.8886E-1	1.4790E2	2.1702E0	2.3999E6	
1334	-6.8932E-1	1.4722E2	2.1764E0	2.4021E6	
1335	-6.8817E-1	1.4892E2	2.1825E0	2.4043E6	
1336	-6.8764E-1	1.4971E2	2.1887E0	2.4066E6	
1337	-6.9275E-1	1.4213E2	2.1949E0	2.4088E6	
1338	-6.8901E-1	1.4767E2	2.2010E0	2.4110E6	
1339	-6.8787E-1	1.4937E2	2.2072E0	2.4132E6	
1340	-6.8848E-1	1.4847E2	2.2134E0	2.4154E6	
1341	-6.8901E-1	1.4767E2	2.2196E0	2.4177E6	
1342	-6.9107E-1	1.4462E2	2.2258E0	2.4199E6	
1343	-6.8985E-1	1.4643E2	2.2320E0	2.4221E6	
1344	-6.8909E-1	1.4756E2	2.2382E0	2.4243E6	
1345	-6.8817E-1	1.4892E2	2.2443E0	2.4265E6	
1346	-6.9016E-1	1.4598E2	2.2506E0	2.4288E6	
1347	-6.9229E-1	1.4281E2	2.2568E0	2.4310E6	
1348	-6.9191E-1	1.4337E2	2.2630E0	2.4332E6	
1349	-6.8993E-1	1.4632E2	2.2692E0	2.4354E6	
1350	-6.9237E-1	1.4269E2	2.2755E0	2.4376E6	
1351	-6.9023E-1	1.4586E2	2.2817E0	2.4399E6	
1352	-6.9336E-1	1.4122E2	2.2879E0	2.4421E6	
1353	-6.9328E-1	1.4133E2	2.2941E0	2.4443E6	
1354	-6.9206E-1	1.4315E2	2.3003E0	2.4465E6	
1355	-6.9359E-1	1.4088E2	2.3066E0	2.4487E6	
1356	-6.9244E-1	1.4258E2	2.3130E0	2.4510E6	
1357	-6.9321E-1	1.4145E2	2.3191E0	2.4532E6	
1358	-6.9229E-1	1.4281E2	2.3254E0	2.4554E6	
1359	-6.9382E-1	1.4054E2	2.3316E0	2.4576E6	
1360	-6.9298E-1	1.4179E2	2.3379E0	2.4598E6	
1361	-6.9443E-1	1.3964E2	2.3442E0	2.4621E6	
1362	-6.9557E-1	1.3794E2	2.3504E0	2.4643E6	
1363	-6.9534E-1	1.3828E2	2.3567E0	2.4665E6	
1364	-6.9260E-1	1.4235E2	2.3630E0	2.4687E6	
1365	-6.9321E-1	1.4145E2	2.3693E0	2.4709E6	
1366	-6.9481E-1	1.3907E2	2.3756E0	2.4732E6	
1367	-6.9557E-1	1.3794E2	2.3819E0	2.4754E6	
1368	-6.9313E-1	1.4156E2	2.3882E0	2.4776E6	
1369	-6.9557E-1	1.3794E2	2.3944E0	2.4798E6	
1370	-6.9725E-1	1.3545E2	2.4008E0	2.4820E6	
1371	-6.9603E-1	1.3726E2	2.4072E0	2.4843E6	
1372	-6.9717E-1	1.3556E2	2.4134E0	2.4865E6	
1373	-6.9534E-1	1.3828E2	2.4198E0	2.4887E6	
1374	-6.9656E-1	1.3647E2	2.4261E0	2.4909E6	
1375	-6.9702E-1	1.3579E2	2.4324E0	2.4931E6	
1376	-6.9611E-1	1.3714E2	2.4387E0	2.4954E6	
1377	-6.9756E-1	1.3499E2	2.4452E0	2.4976E6	
1378	-6.9870E-1	1.3330E2	2.4515E0	2.4998E6	
1379	-6.9809E-1	1.3420E2	2.4579E0	2.5020E6	
1380	-6.9893E-1	1.3296E2	2.4641E0	2.5042E6	
1381	-6.9824E-1	1.3397E2	2.4705E0	2.5065E6	
1382	-6.9748E-1	1.3511E2	2.4770E0	2.5087E6	
1383	-6.9839E-1	1.3375E2	2.4832E0	2.5109E6	
1384	-7.0091E-1	1.3001E2	2.4896E0	2.5131E6	
1385	-7.0045E-1	1.3069E2	2.4959E0	2.5153E6	
1386	-7.0023E-1	1.3103E2	2.5023E0	2.5176E6	
1387	-7.0198E-1	1.2843E2	2.5088E0	2.5198E6	
1388	-6.9916E-1	1.3262E2	2.5151E0	2.5220E6	
1389	-7.0190E-1	1.2854E2	2.5216E0	2.5242E6	
1390	-6.9885E-1	1.3307E2	2.5280E0	2.5264E6	
1391	-7.0084E-1	1.3012E2	2.5343E0	2.5287E6	
1392	-7.0160E-1	1.2899E2	2.5408E0	2.5309E6	
1393	-7.0190E-1	1.2854E2	2.5471E0	2.5331E6	
1394	-7.0084E-1	1.3012E2	2.5535E0	2.5353E6	
1395	-7.0175E-1	1.2877E2	2.5600E0	2.5375E6	
1396	-6.9969E-1	1.3182E2	2.5664E0	2.5398E6	
1397	-7.0282E-1	1.2718E2	2.5727E0	2.5420E6	
1398	-7.0320E-1	1.2661E2	2.5792E0	2.5442E6	
1399	-7.0168E-1	1.2888E2	2.5857E0	2.5464E6	
1400	-7.0145E-1	1.2922E2	2.5921E0	2.5486E6	
1401	-7.0000E-1	1.3137E2	2.5986E0	2.5509E6	
1402	-7.0282E-1	1.2718E2	2.6050E0	2.5531E6	
1403	-7.0465E-1	1.2446E2	2.6114E0	2.5553E6	
1404	-7.0343E-1	1.2628E2	2.6179E0	2.5575E6	
1405	-7.0549E-1	1.2322E2	2.6244E0	2.5597E6	
1406	-7.0190E-1	1.2854E2	2.6309E0	2.5620E6	
1407	-7.0450E-1	1.2469E2	2.6373E0	2.5642E6	
1408	-7.0396E-1	1.2548E2	2.6437E0	2.5664E6	
1409	-7.0671E-1	1.2141E2	2.6502E0	2.5686E6	
1410	-7.0450E-1	1.2469E2	2.6567E0	2.5708E6	
1411	-7.0290E-1	1.2707E2	2.6633E0	2.5731E6	
1412	-7.0412E-1	1.2526E2	2.6696E0	2.5753E6	
1413	-7.0526E-1	1.2356E2	2.6762E0	2.5775E6	
1414	-7.0671E-1	1.2141E2	2.6827E0	2.5797E6	
1415	-7.0290E-1	1.2707E2	2.6892E0	2.5819E6	
1416	-7.0526E-1	1.2356E2	2.6957E0	2.5842E6	
1417	-7.0534E-1	1.2344E2	2.7021E0	2.5864E6	
1418	-7.0610E-1	1.2231E2	2.7088E0	2.5886E6	
1419	-7.0496E-1	1.2401E2	2.7152E0	2.5908E6	
1420	-7.0816E-1	1.1926E2	2.7218E0	2.5930E6	
1421	-7.0740E-1	1.2039E2	2.7284E0	2.5953E6	
1422	-7.0610E-1	1.2231E2	2.7348E0	2.5975E6	
1423	-7.0618E-1	1.2220E2	2.7414E0	2.5997E6	
1424	-7.0396E-1	1.2548E2	2.7479E0	2.6019E6	
1425	-7.0656E-1	1.2163E2	2.7544E0	2.6041E6	
1426	-7.0976E-1	1.1688E2	2.7610E0	2.6064E6	
1427	-7.0732E-1	1.2050E2	2.7676E0	2.6086E6	
1428	-7.0778E-1	1.1982E2	2.7741E0	2.6108E6	
1429	-7.0732E-1	1.2050E2	2.7807E0	2.6130E6	
1430	-7.0633E-1	1.2197E2	2.7872E0	2.6152E6	
1431	-7.0732E-1	1.2050E2	2.7938E0	2.6175E6	
1432	-7.0992E-1	1.1665E2	2.8004E0	2.6197E6	
1433	-7.0969E-1	1.1699E2	2.8070E0	2.6219E6	
1434	-7.0892E-1	1.1812E2	2.8136E0	2.6241E6	
1435	-7.0831E-1	1.1903E2	2.8201E0	2.6263E6	
1436	-7.1060E-1	1.1563E2	2.8267E0	2.6286E6	
1437	-7.0847E-1	1.1880E2	2.8333E0	2.6308E6	
1438	-7.0976E-1	1.1688E2	2.8399E0	2.6330E6	
1439	-7.0839E-1	1.1892E2	2.8466E0	2.6352E6	
1440	-7.0930E-1	1.1756E2	2.8531E0	2.6374E6	
1441	-7.1335E-1	1.1156E2	2.8597E0	2.6397E6	
1442	-7.0885E-1	1.1824E2	2.8664E0	2.6419E6	
1443	-7.1136E-1	1.1450E2	2.8730E0	2.6441E6	
1444	-7.1114E-1	1.1484E2	2.8796E0	2.6463E6	
1445	-7.1014E-1	1.1631E2	2.8863E0	2.6485E6	
1446	-7.1510E-1	1.0895E2	2.8928E0	2.6508E6	
1447	-7.1251E-1	1.1280E2	2.8995E0	2.6530E6	
1448	-7.1167E-1	1.1405E2	2.9061E0	2.6552E6	
1449	-7.1312E-1	1.1190E2	2.9128E0	2.6574E6	
1450	-7.1625E-1	1.0725E2	2.9194E0	2.6596E6	
1451	-7.1335E-1	1.1156E2	2.9261E0	2.6619E6	
1452	-7.1472E-1	1.0952E2	2.9327E0	2.6641E6	
1453	-7.1335E-1	1.1156E2	2.9393E0	2.6663E6	
1454	-7.1365E-1	1.1110E2	2.9460E0	2.6685E6	
1455	-7.1342E-1	1.1144E2	2.9527E0	2.6707E6	
1456	-7.1556E-1	1.0827E2	2.9594E0	2.6730E6	
1457	-7.1533E-1	1.0861E2	2.9661E0	2.6752E6	
1458	-7.1564E-1	1.0816E2	2.9728E0	2.6774E6	
1459	-7.1548E-1	1.0839E2	2.9794E0	2.6796E6	
1460	-7.1907E-1	1.0306E2	2.9861E0	2.6818E6	
1461	-7.1365E-1	1.1110E2	2.9927E0	2.6841E6	
1462	-7.1671E-1	1.0657E2	2.9995E0	2.6863E6	
1463	-7.1487E-1	1.0929E2	3.0063E0	2.6885E6	
1464	-7.1625E-1	1.0725E2	3.0130E0	2.6907E6	
1465	-7.1701E-1	1.0612E2	3.0196E0	2.6929E6	
1466	-7.1869E-1	1.0363E2	3.0264E0	2.6952E6	
1467	-7.1808E-1	1.0454E2	3.0331E0	2.6974E6	
1468	-7.1938E-1	1.0261E2	3.0398E0	2.6996E6	
1469	-7.1861E-1	1.0374E2	3.0465E0	2.7018E6	
1470	-7.1594E-1	1.0771E2	3.0533E0	2.7040E6	
1471	-7.1884E-1	1.0340E2	3.0600E0	2.7063E6	
1472	-7.1983E-1	1.0193E2	3.0667E0	2.7085E6	
1473	-7.1854E-1	1.0386E2	3.0735E0	2.7107E6	
1474	-7.1953E-1	1.0238E2	3.0802E0	2.7129E6	
1475	-7.1823E-1	1.0431E2	3.0870E0	2.7151E6	
1476	-7.1899E-1	1.0318E2	3.0937E0	2.7174E6	
1477	-7.1915E-1	1.0295E2	3.1005E0	2.7196E6	
1478	-7.1938E-1	1.0261E2	3.1072E0	2.7218E6	
1479	-7.2029E-1	1.0125E2	3.1140E0	2.7240E6	
1480	-7.2029E-1	1.0125E2	3.1207E0	2.7262E6	
1481	-7.2258E-1	9.7855E1	3.1275E0	2.7285E6	
1482	-7.1945E-1	1.0250E2	3.1342E0	2.7307E6	
1483	-7.1922E-1	1.0284E2	3.1411E0	2.7329E6	
1484	-7.2151E-1	9.9441E1	3.1479E0	2.7351E6	
1485	-7.2014E-1	1.0148E2	3.1547E0	2.7373E6	
1486	-7.1846E-1	1.0397E2	3.1614E0	2.7396E6	
1487	-7.2151E-1	9.9441E1	3.1682E0	2.7418E6	
1488	-7.2212E-1	9.8535E1	3.1750E0	2.7440E6	
1489	-7.2113E-1	1.0001E2	3.1818E0	2.7462E6	
1490	-7.2113E-1	1.0001E2	3.1887E0	2.7484E6	
1491	-7.2159E-1	9.9327E1	3.1955E0	2.7507E6	
1492	-7.2403E-1	9.5704E1	3.2022E0	2.7529E6	
1493	-7.2075E-1	1.0057E2	3.2091E0	2.7551E6	
1494	-7.2342E-1	9.6610E1	3.2158E0	2.7573E6	
1495	-7.2311E-1	9.7063E1	3.2227E0	2.7595E6	
1496	-7.2433E-1	9.5251E1	3.2296E0	2.7618E6	
1497	-7.2205E-1	9.8648E1	3.2364E0	2.7640E6	
1498	-7.2273E-1	9.7629E1	3.2433E0	2.7662E6	
1499	-7.2510E-1	9.4119E1	3.2500E0	2.7684E6	
1500	-7.2433E-1	9.5251E1	3.2570E0	2.7706E6	
1501	-7.2433E-1	9.5251E1	3.2639E0	2.7729E6	
1502	-7.2220E-1	9.8422E1	3.2707E0	2.7751E6	
1503	-7.2723E-1	9.0949E1	3.2776E0	2.7773E6	
1504	-7.2655E-1	9.1968E1	3.2844E0	2.7795E6	
1505	-7.2548E-1	9.3553E1	3.2913E0	2.7817E6	
1506	-7.2571E-1	9.3213E1	3.2981E0	2.7840E6	
1507	-7.2289E-1	9.7403E1	3.3050E0	2.7862E6	
1508	-7.2502E-1	9.4232E1	3.3119E0	2.7884E6	
1509	-7.2670E-1	9.1741E1	3.3187E0	2.7906E6	
1510	-7.2693E-1	9.1402E1	3.3256E0	2.7928E6	
1511	-7.2571E-1	9.3213E1	3.3325E0	2.7951E6	
1512	-7.2693E-1	9.1402E1	3.3394E0	2.7973E6	
1513	-7.2960E-1	8.7439E1	3.3463E0	2.7995E6	
1514	-7.2853E-1	8.9024E1	3.3532E0	2.8017E6	
1515	-7.2769E-1	9.0269E1	3.3601E0	2.8039E6	
1516	-7.3036E-1	8.6306E1	3.3670E0	2.8062E6	
1517	-7.2754E-1	9.0496E1	3.3739E0	2.8084E6	
1518	-7.2739E-1	9.0722E1	3.3808E0	2.8106E6	
1519	-7.2800E-1	8.9816E1	3.3878E0	2.8128E6	
1520	-7.2609E-1	9.2647E1	3.3948E0	2.8150E6	
1521	-7.3097E-1	8.5401E1	3.4016E0	2.8173E6	
1522	-7.2952E-1	8.7552E1	3.4085E0	2.8195E6	
1523	-7.3189E-1	8.4042E1	3.4155E0	2.8217E6	
1524	-7.2998E-1	8.6873E1	3.4224E0	2.8239E6	
1525	-7.2952E-1	8.7552E1	3.4294E0	2.8261E6	
1526	-7.3257E-1	8.3023E1	3.4363E0	2.8284E6	
1527	-7.2876E-1	8.8684E1	3.4432E0	2.8306E6	
1528	-7.3311E-1	8.2230E1	3.4502E0	2.8328E6	
1529	-7.3051E-1	8.6080E1	3.4572E0	2.8350E6	
1530	-7.3059E-1	8.5967E1	3.4641E0	2.8372E6	
1531	-7.3029E-1	8.6420E1	3.4712E0	2.8395E6	
1532	-7.3257E-1	8.3023E1	3.4781E0	2.8417E6	
1533	-7.3151E-1	8.4608E1	3.4850E0	2.8439E6	
1534	-7.3196E-1	8.3929E1	3.4920E0	2.8461E6	
1535	-7.3608E-1	7.7814E1	3.4990E0	2.8483E6	
1536	-7.3372E-1	8.1324E1	3.5060E0	2.8506E6	
1537	-7.3395E-1	8.0985E1	3.5129E0	2.8528E6	
1538	-7.3219E-1	8.3589E1	3.5199E0	2.8550E6	
1539	-7.3425E-1	8.0532E1	3.5270E0	2.8572E6	
1540	-7.3463E-1	7.9966E1	3.5340E0	2.8594E6	
1541	-7.3288E-1	8.2570E1	3.5410E0	2.8617E6	
1542	-7.3288E-1	8.2570E1	3.5480E0	2.8639E6	
1543	-7.3586E-1	7.8154E1	3.5551E0	2.8661E6	
1544	-7.3296E-1	8.2457E1	3.5620E0	2.8683E6	
1545	-7.3410E-1	8.0758E1	3.5690E0	2.8705E6	
1546	-7.3738E-1	7.5890E1	3.5761E0	2.8728E6	
1547	-7.3349E-1	8.1664E1	3.5830E0	2.8750E6	
1548	-7.3418E-1	8.0645E1	3.5901E0	2.8772E6	
1549	-7.3502E-1	7.9400E1	3.5971E0	2.8794E6	
1550	-7.3639E-1	7.7362E1	3.6041E0	2.8816E6	
1551	-7.3837E-1	7.4418E1	3.6112E0	2.8839E6	
1552	-7.3608E-1	7.7814E1	3.6182E0	2.8861E6	
1553	-7.3723E-1	7.6116E1	3.6254E0	2.8883E6	
1554	-7.3616E-1	7.7701E1	3.6323E0	2.8905E6	
1555	-7.3486E-1	7.9626E1	3.6394E0	2.8927E6	
1556	-7.3769E-1	7.5437E1	3.6465E0	2.8950E6	
1557	-7.3761E-1	7.5550E1	3.6536E0	2.8972E6	
1558	-7.3624E-1	7.7588E1	3.6606E0	2.8994E6	
1559	-7.3753E-1	7.5663E1	3.6676E0	2.9016E6	
1560	-7.3753E-1	7.5663E1	3.6747E0	2.9038E6	
1561	-7.3593E-1	7.8041E1	3.6817E0	2.9061E6	
1562	-7.3814E-1	7.4757E1	3.6888E0	2.9083E6	
1563	-7.3944E-1	7.2833E1	3.6959E0	2.9105E6	
1564	-7.3914E-1	7.3285E1	3.7030E0	2.9127E6	
1565	-7.3799E-1	7.4984E1	3.7102E0	2.9149E6	
1566	-7.3685E-1	7.6682E1	3.7172E0	2.9172E6	
1567	-7.3883E-1	7.3738E1	3.7243E0	2.9194E6	
1568	-7.3639E-1	7.7362E1	3.7313E0	2.9216E6	
1569	-7.4104E-1	7.0455E1	3.7386E0	2.9238E6	
1570	-7.4066E-1	7.1021E1	3.7457E0	2.9260E6	
1571	-7.4120E-1	7.0228E1	3.7527E0	2.9283E6	
1572	-7.4211E-1	6.8870E1	3.7599E0	2.9305E6	
1573	-7.4150E-1	6.9775E1	3.7670E0	2.9327E6	
1574	-7.4066E-1	7.1021E1	3.7741E0	2.9349E6	
1575	-7.4333E-1	6.7058E1	3.7812E0	2.9371E6	
1576	-7.3944E-1	7.2833E1	3.7884E0	2.9394E6	
1577	-7.4280E-1	6.7851E1	3.7956E0	2.9416E6	
1578	-7.4127E-1	7.0115E1	3.8026E0	2.9438E6	
1579	-7.4181E-1	6.9323E1	3.8098E0	2.9460E6	
1580	-7.4051E-1	7.1247E1	3.8168E0	2.9482E6	
1581	-7.4348E-1	6.6832E1	3.8240E0	2.9505E6	
1582	-7.4173E-1	6.9436E1	3.8312E0	2.9527E6	
1583	-7.4295E-1	6.7624E1	3.8383E0	2.9549E6	
1584	-7.4440E-1	6.5473E1	3.8455E0	2.9571E6	
1585	-7.4295E-1	6.7624E1	3.8527E0	2.9593E6	
1586	-7.4257E-1	6.8190E1	3.8598E0	2.9616E6	
1587	-7.4585E-1	6.3322E1	3.8671E0	2.9638E6	
1588	-7.4440E-1	6.5473E1	3.8742E0	2.9660E6	
1589	-7.4577E-1	6.3435E1	3.8813E0	2.9682E6	
1590	-7.4623E-1	6.2755E1	3.8886E0	2.9704E6	
1591	-7.4577E-1	6.3435E1	3.8957E0	2.9727E6	
1592	-7.4745E-1	6.0944E1	3.9028E0	2.9749E6	
1593	-7.4707E-1	6.1510E1	3.9100E0	2.9771E6	
1594	-7.4471E-1	6.5020E1	3.9172E0	2.9793E6	
1595	-7.4768E-1	6.0604E1	3.9245E0	2.9815E6	
1596	-7.4585E-1	6.3322E1	3.9317E0	2.9838E6	
1597	-7.4883E-1	5.8906E1	3.9388E0	2.9860E6	
1598	-7.4799E-1	6.0151E1	3.9460E0	2.9882E6	
1599	-7.4875E-1	5.9019E1	3.9533E0	2.9904E6	
1600	-7.4699E-1	6.1623E1	3.9605E0	2.9926E6	
1601	-7.4577E-1	6.3435E1	3.9678E0	2.9949E6	
1602	-7.4768E-1	6.0604E1	3.9749E0	2.9971E6	
1603	-7.4928E-1	5.8226E1	3.9821E0	2.9993E6	
1604	-7.4776E-1	6.0491E1	3.9894E0	3.0015E6	
1605	-7.4913E-1	5.8453E1	3.9966E0	3.0037E6	
1606	-7.4982E-1	5.7434E1	4.0039E0	3.0060E6	
1607	-7.4677E-1	6.1963E1	4.0110E0	3.0082E6	
1608	-7.4524E-1	6.4227E1	4.0184E0	3.0104E6	
1609	-7.4966E-1	5.7660E1	4.0255E0	3.0126E6	
1610	-7.4852E-1	5.9359E1	4.0328E0	3.0148E6	
1611	-7.5089E-1	5.5849E1	4.0401E0	3.0171E6	
1612	-7.4791E-1	6.0264E1	4.0473E0	3.0193E6	
1613	-7.4867E-1	5.9132E1	4.0546E0	3.0215E6	
1614	-7.5119E-1	5.5396E1	4.0618E0	3.0237E6	
1615	-7.4913E-1	5.8453E1	4.0691E0	3.0259E6	
1616	-7.4875E-1	5.9019E1	4.0764E0	3.0282E6	
1617	-7.4768E-1	6.0604E1	4.0836E0	3.0304E6	
1618	-7.5020E-1	5.6868E1	4.0909E0	3.0326E6	
1619	-7.5233E-1	5.3697E1	4.0983E0	3.0348E6	
1620	-7.4982E-1	5.7434E1	4.1054E0	3.0370E6	
1621	-7.5211E-1	5.4037E1	4.1127E0	3.0393E6	
1622	-7.5012E-1	5.6981E1	4.1200E0	3.0415E6	
1623	-7.5378E-1	5.1546E1	4.1273E0	3.0437E6	
1624	-7.5439E-1	5.0640E1	4.1346E0	3.0459E6	
1625	-7.5050E-1	5.6415E1	4.1419E0	3.0481E6	
1626	-7.5287E-1	5.2905E1	4.1492E0	3.0504E6	
1627	-7.4974E-1	5.7547E1	4.1566E0	3.0526E6	
1628	-7.5081E-1	5.5962E1	4.1638E0	3.0548E6	
1629	-7.5302E-1	5.2678E1	4.1712E0	3.0570E6	
1630	-7.5485E-1	4.9961E1	4.1785E0	3.0592E6	
1631	-7.5424E-1	5.0867E1	4.1858E0	3.0615E6	
1632	-7.5424E-1	5.0867E1	4.1931E0	3.0637E6	
1633	-7.5554E-1	4.8942E1	4.2004E0	3.0659E6	
1634	-7.5539E-1	4.9168E1	4.2078E0	3.0681E6	
1635	-7.5264E-1	5.3244E1	4.2151E0	3.0703E6	
1636	-7.5653E-1	4.7470E1	4.2223E0	3.0726E6	
1637	-7.5523E-1	4.9395E1	4.2297E0	3.0748E6	
1638	-7.5348E-1	5.1999E1	4.2371E0	3.0770E6	
1639	-7.5859E-1	4.4413E1	4.2444E0	3.0792E6	
1640	-7.5439E-1	5.0640E1	4.2517E0	3.0814E6	
1641	-7.5920E-1	4.3507E1	4.2591E0	3.0837E6	
1642	-7.5539E-1	4.9168E1	4.2665E0	3.0859E6	
1643	-7.5706E-1	4.6677E1	4.2738E0	3.0881E6	
1644	-7.5668E-1	4.7244E1	4.2812E0	3.0903E6	
1645	-7.5981E-1	4.2601E1	4.2885E0	3.0925E6	
1646	-7.5783E-1	4.5545E1	4.2958E0	3.0948E6	
1647	-7.5623E-1	4.7923E1	4.3033E0	3.0970E6	
1648	-7.5874E-1	4.4186E1	4.3106E0	3.0992E6	
1649	-7.5714E-1	4.6564E1	4.3181E0	3.1014E6	
1650	-7.6164E-1	3.9884E1	4.3254E0	3.1036E6	
1651	-7.5569E-1	4.8715E1	4.3327E0	3.1059E6	
1652	-7.6027E-1	4.1922E1	4.3402E0	3.1081E6	
1653	-7.6103E-1	4.0790E1	4.3476E0	3.1103E6	
1654	-7.6012E-1	4.2148E1	4.3549E0	3.1125E6	
1655	-7.5996E-1	4.2375E1	4.3623E0	3.1147E6	
1656	-7.5859E-1	4.4413E1	4.3698E0	3.1170E6	
1657	-7.6118E-1	4.0563E1	4.3771E0	3.1192E6	
1658	-7.6118E-1	4.0563E1	4.3845E0	3.1214E6	
1659	-7.6088E-1	4.1016E1	4.3919E0	3.1236E6	
1660	-7.6111E-1	4.0676E1	4.3993E0	3.1258E6	
1661	-7.6088E-1	4.1016E1	4.4067E0	3.1281E6	
1662	-7.6111E-1	4.0676E1	4.4141E0	3.1303E6	
1663	-7.6408E-1	3.6261E1	4.4216E0	3.1325E6	
1664	-7.6050E-1	4.1582E1	4.4289E0	3.1347E6	
1665	-7.6256E-1	3.8525E1	4.4364E0	3.1369E6	
1666	-7.6401E-1	3.6374E1	4.4438E0	3.1392E6	
1667	-7.6157E-1	3.9997E1	4.4512E0	3.1414E6	
1668	-7.6324E-1	3.7506E1	4.4587E0	3.1436E6	
1669	-7.6271E-1	3.8299E1	4.4660E0	3.1458E6	
1670	-7.6485E-1	3.5128E1	4.4735E0	3.1480E6	
1671	-7.6439E-1	3.5808E1	4.4809E0	3.1503E6	
1672	-7.6462E-1	3.5468E1	4.4884E0	3.1525E6	
1673	-7.6347E-1	3.7166E1	4.4958E0	3.1547E6	
1674	-7.6630E-1	3.2977E1	4.5033E0	3.1569E6	
1675	-7.6447E-1	3.5694E1	4.5108E0	3.1591E6	
1676	-7.6477E-1	3.5242E1	4.5181E0	3.1614E6	
1677	-7.6447E-1	3.5694E1	4.5256E0	3.1636E6	
1678	-7.6614E-1	3.3204E1	4.5331E0	3.1658E6	
1679	-7.6530E-1	3.4449E1	4.5405E0	3.1680E6	
1680	-7.6500E-1	3.4902E1	4.5479E0	3.1702E6	
1681	-7.6706E-1	3.1845E1	4.5555E0	3.1725E6	
1682	-7.6897E-1	2.9014E1	4.5629E0	3.1747E6	
1683	-7.6851E-1	2.9694E1	4.5703E0	3.1769E6	
1684	-7.6637E-1	3.2864E1	4.5778E0	3.1791E6	
1685	-7.6439E-1	3.5808E1	4.5853E0	3.1813E6	
1686	-7.6889E-1	2.9127E1	4.5928E0	3.1836E6	
1687	-7.6607E-1	3.3317E1	4.6003E0	3.1858E6	
1688	-7.6736E-1	3.1392E1	4.6077E0	3.1880E6	
1689	-7.6561E-1	3.3996E1	4.6152E0	3.1902E6	
1690	-7.6767E-1	3.0939E1	4.6226E0	3.1924E6	
1691	-7.6744E-1	3.1279E1	4.6301E0	3.1947E6	
1692	-7.6942E-1	2.8335E1	4.6376E0	3.1969E6	
1693	-7.6843E-1	2.9807E1	4.6450E0	3.1991E6	
1694	-7.6744E-1	3.1279E1	4.6526E0	3.2013E6	
1695	-7.6912E-1	2.8788E1	4.6600E0	3.2035E6	
1696	-7.6584E-1	3.3656E1	4.6674E0	3.2058E6	
1697	-7.6897E-1	2.9014E1	4.6750E0	3.2080E6	
1698	-7.6683E-1	3.2184E1	4.6825E0	3.2102E6	
1699	-7.6912E-1	2.8788E1	4.6900E0	3.2124E6	
1700	-7.6660E-1	3.2524E1	4.6975E0	3.2146E6	
1701	-7.7019E-1	2.7203E1	4.7050E0	3.2169E6	
1702	-7.7202E-1	2.4485E1	4.7125E0	3.2191E6	
1703	-7.7057E-1	2.6636E1	4.7200E0	3.2213E6	
1704	-7.7171E-1	2.4938E1	4.7275E0	3.2235E6	
1705	-7.7179E-1	2.4825E1	4.7351E0	3.2257E6	
1706	-7.7095E-1	2.6070E1	4.7424E0	3.2280E6	
1707	-7.7278E-1	2.3353E1	4.7499E0	3.2302E6	
1708	-7.7377E-1	2.1881E1	4.7575E0	3.2324E6	
1709	-7.7141E-1	2.5391E1	4.7650E0	3.2346E6	
1710	-7.7316E-1	2.2787E1	4.7725E0	3.2368E6	
1711	-7.7309E-1	2.2900E1	4.7800E0	3.2391E6	
1712	-7.7370E-1	2.1994E1	4.7875E0	3.2413E6	
1713	-7.7339E-1	2.2447E1	4.7951E0	3.2435E6	
1714	-7.7499E-1	2.0069E1	4.8025E0	3.2457E6	
1715	-7.7522E-1	1.9730E1	4.8101E0	3.2479E6	
1716	-7.7286E-1	2.3240E1	4.8176E0	3.2502E6	
1717	-7.7606E-1	1.8484E1	4.8251E0	3.2524E6	
1718	-7.7614E-1	1.8371E1	4.8326E0	3.2546E6	
1719	-7.7621E-1	1.8258E1	4.8402E0	3.2568E6	
1720	-7.7576E-1	1.8937E1	4.8476E0	3.2590E6	
1721	-7.7644E-1	1.7918E1	4.8552E0	3.2613E6	
1722	-7.7629E-1	1.8144E1	4.8628E0	3.2635E6	
1723	-7.7919E-1	1.3842E1	4.8703E0	3.2657E6	
1724	-7.7675E-1	1.7465E1	4.8779E0	3.2679E6	
1725	-7.7698E-1	1.7125E1	4.8854E0	3.2701E6	
1726	-7.7972E-1	1.3049E1	4.8929E0	3.2724E6	
1727	-7.7850E-1	1.4861E1	4.9004E0	3.2746E6	
1728	-7.7637E-1	1.8031E1	4.9080E0	3.2768E6	
1729	-7.7789E-1	1.5767E1	4.9156E0	3.2790E6	
1730	-7.7774E-1	1.5993E1	4.9231E0	3.2812E6	
1731	-7.7827E-1	1.5201E1	4.9306E0	3.2835E6	
1732	-7.7591E-1	1.8711E1	4.9381E0	3.2857E6	
1733	-7.7660E-1	1.7692E1	4.9457E0	3.2879E6	
1734	-7.7705E-1	1.7012E1	4.9533E0	3.2901E6	
1735	-7.7858E-1	1.4748E1	4.9609E0	3.2923E6	
1736	-7.7988E-1	1.2823E1	4.9684E0	3.2946E6	
1737	-7.8056E-1	1.1804E1	4.9759E0	3.2968E6	
1738	-7.7950E-1	1.3389E1	4.9834E0	3.2990E6	
1739	-7.7805E-1	1.5540E1	4.9910E0	3.3012E6	
1740	-7.8140E-1	1.0558E1	4.9986E0	3.3034E6	
1741	-7.7950E-1	1.3389E1	5.0062E0	3.3057E6	
1742	-7.8033E-1	1.2144E1	5.0138E0	3.3079E6	
1743	-7.8232E-1	9.1997E0	5.0212E0	3.3101E6	
1744	-7.8110E-1	1.1011E1	5.0289E0	3.3123E6	
1745	-7.8316E-1	7.9542E0	5.0364E0	3.3145E6	
1746	-7.8094E-1	1.1238E1	5.0440E0	3.3168E6	
1747	-7.8079E-1	1.1464E1	5.0516E0	3.3190E6	
1748	-7.8049E-1	1.1917E1	5.0592E0	3.3212E6	
1749	-7.8171E-1	1.0105E1	5.0667E0	3.3234E6	
1750	-7.8209E-1	9.5393E0	5.0743E0	3.3256E6	
1751	-7.8278E-1	8.5203E0	5.0819E0	3.3279E6	
1752	-7.8262E-1	8.7468E0	5.0894E0	3.3301E6	
1753	-7.8377E-1	7.0484E0	5.0970E0	3.3323E6	
1754	-7.8384E-1	6.9351E0	5.1045E0	3.3345E6	
1755	-7.8140E-1	1.0558E1	5.1122E0	3.3367E6	
1756	-7.8537E-1	4.6706E0	5.1197E0	3.3390E6	
1757	-7.8430E-1	6.2558E0	5.1274E0	3.3412E6	
1758	-7.8552E-1	4.4442E0	5.1349E0	3.3434E6	
1759	-7.8316E-1	7.9542E0	5.1425E0	3.3456E6	
1760	-7.8377E-1	7.0484E0	5.1500E0	3.3478E6	
1761	-7.8697E-1	2.2929E0	5.1577E0	3.3501E6	
1762	-7.8438E-1	6.1426E0	5.1652E0	3.3523E6	
1763	-7.8461E-1	5.8029E0	5.1728E0	3.3545E6	
1764	-7.8392E-1	6.8219E0	5.1804E0	3.3567E6	
1765	-7.8629E-1	3.3119E0	5.1879E0	3.3589E6	
1766	-7.8827E-1	3.6805E-1	5.1956E0	3.3612E6	
1767	-7.8842E-1	1.4160E-1	5.2031E0	3.3634E6	
1768	-7.8674E-1	2.6326E0	5.2107E0	3.3656E6	
1769	-7.8995E-1	-2.1229E0	5.2182E0	3.3678E6	
1770	-7.8819E-1	4.8128E-1	5.2259E0	3.3700E6	
1771	-7.8766E-1	1.2739E0	5.2334E0	3.3723E6	
1772	-7.8812E-1	5.9450E-1	5.2411E0	3.3745E6	
1773	-7.9033E-1	-2.6890E0	5.2487E0	3.3767E6	
1774	-7.9033E-1	-2.6890E0	5.2563E0	3.3789E6	
1775	-7.8835E-1	2.5483E-1	5.2639E0	3.3811E6	
1776	-7.9063E-1	-3.1419E0	5.2713E0	3.3834E6	
1777	-7.9094E-1	-3.5948E0	5.2790E0	3.3856E6	
1778	-7.9155E-1	-4.5007E0	5.2866E0	3.3878E6	
1779	-7.8979E-1	-1.8965E0	5.2942E0	3.3900E6	
1780	-7.9018E-1	-2.4626E0	5.3018E0	3.3922E6	
1781	-7.8941E-1	-1.3303E0	5.3094E0	3.3945E6	
1782	-7.8903E-1	-7.6420E-1	5.3169E0	3.3967E6	
1783	-7.9086E-1	-3.4816E0	5.3246E0	3.3989E6	
1784	-7.9124E-1	-4.0478E0	5.3321E0	3.4011E6	
1785	-7.8941E-1	-1.3303E0	5.3397E0	3.4033E6	
1786	-7.9163E-1	-4.6139E0	5.3473E0	3.4056E6	
1787	-7.9262E-1	-6.0858E0	5.3549E0	3.4078E6	
1788	-7.9117E-1	-3.9345E0	5.3624E0	3.4100E6	
1789	-7.9025E-1	-2.5758E0	5.3700E0	3.4122E6	
1790	-7.9491E-1	-9.4826E0	5.3777E0	3.4144E6	
1791	-7.9292E-1	-6.5387E0	5.3852E0	3.4167E6	
1792	-7.9338E-1	-7.2181E0	5.3928E0	3.4189E6	
1793	-7.9193E-1	-5.0668E0	5.4004E0	3.4211E6	
1794	-7.9277E-1	-6.3123E0	5.4080E0	3.4233E6	
1795	-7.9330E-1	-7.1048E0	5.4157E0	3.4255E6	
1796	-7.9399E-1	-8.1239E0	5.4232E0	3.4278E6	
1797	-7.9193E-1	-5.0668E0	5.4309E0	3.4300E6	
1798	-7.9597E-1	-1.1068E1	5.4382E0	3.4321E6	
1799	-7.9597E-1	-1.1068E1	5.4382E0	3.4321E6	
1800	-7.9597E-1	-1.1068E1	5.4382E0	3.4321E6	
1801	-7.9597E-1	-1.1068E1	5.4382E0	3.4321E6	
1802	-7.9597E-1	-1.1068E1	5.4382E0	3.4321E6	
1803	-7.9597E-1	-1.1068E1	5.4382E0	3.4321E6	
1804	-7.9597E-1	-1.1068E1	5.4382E0	3.4321E6	
1805	-7.9597E-1	-1.1068E1	5.4382E0	3.4321E6	
1806	-7.9597E-1	-1.1068E1	5.4382E0	3.4321E6	
1807	-7.9597E-1	-1.1068E1	5.4382E0	3.4321E6	
1808	-7.9597E-1	-1.1068E1	5.4382E0	3.4321E6	
1809	-7.9597E-1	-1.1068E1	5.4382E0	3.4321E6	
1810	-7.9597E-1	-1.1068E1	5.4382E0	3.4321E6	
1811	-7.9597E-1	-1.1068E1	5.4382E0	3.4321E6	
1812	-7.9597E-1	-1.1068E1	5.4382E0	3.4321E6	
1813	-7.9597E-1	-1.1068E1	5.4382E0	3.4321E6	
1814	-7.9597E-1	-1.1068E1	5.4382E0	3.4321E6	
1815	-7.9597E-1	-1.1068E1	5.4382E0	3.4321E6	
1816	-7.9597E-1	-1.1068E1	5.4382E0	3.4321E6	
1817	-7.9597E-1	-1.1068E1	5.4382E0	3.4321E6	
1818	-7.9597E-1	-1.1068E1	5.4382E0	3.4321E6	
1819	-7.9597E-1	-1.1068E1	5.4382E0	3.4321E6	
1820	-7.9597E-1	-1.1068E1	5.4382E0	3.4321E6	
1821	-7.9597E-1	-1.1068E1	5.4382E0	3.4321E6	
1822	-7.9597E-1	-1.1068E1	5.4382E0	3.4321E6	
1823	-7.9597E-1	-1.1068E1	5.4382E0	3.4321E6	
1824	-7.9597E-1	-1.1068E1	5.4382E0	3.4321E6	
1825	-7.9597E-1	-1.1068E1	5.4382E0	3.4321E6	
1826	-7.9597E-1	-1.1068E1	5.4382E0	3.4321E6	
1827	-7.9597E-1	-1.1068E1	5.4382E0	3.4321E6	
1828	-7.9597E-1	-1.1068E1	5.4382E0	3.4321E6	
1829	-7.9597E-1	-1.1068E1	5.4382E0	3.4321E6	
1830	-7.9597E-1	-1.1068E1	5.4382E0	3.4321E6	
1831	-7.9597E-1	-1.1068E1	5.4382E0	3.4321E6	
1832	-7.9597E-1	-1.1068E1	5.4382E0	3.4321E6	
1833	-7.9597E-1	-1.1068E1	5.4382E0	3.4321E6	
1834	-7.9597E-1	-1.1068E1	5.4382E0	3.4321E6	
1835	-7.9597E-1	-1.1068E1	5.4382E0	3.4321E6	
1836	-7.9597E-1	-1.1068E1	5.4382E0	3.4321E6	
1837	-7.9597E-1	-1.1068E1	5.4382E0	3.4321E6	
1838	-7.9597E-1	-1.1068E1	5.4382E0	3.4321E6	
1839	-7.9597E-1	-1.1068E1	5.4382E0	3.4321E6	
1840	-7.9597E-1	-1.1068E1	5.4382E0	3.4321E6	
1841	-7.9597E-1	-1.1068E1	5.4382E0	3.4321E6	
1842	-7.9597E-1	-1.1068E1	5.4382E0	3.4321E6	
1843	-7.9597E-1	-1.1068E1	5.4382E0	3.4321E6	
1844	-7.9597E-1	-1.1068E1	5.4382E0	3.4321E6	
1845	-7.9597E-1	-1.1068E1	5.4382E0	3.4321E6	
1846	-7.9597E-1	-1.1068E1	5.4382E0	3.4321E6	
1847	-7.9597E-1	-1.1068E1	5.4382E0	3.4321E6	
1848	-7.9597E-1	-1.1068E1	5.4382E0	3.4321E6	
1849	-7.9597E-1	-1.1068E1	5.4382E0	3.4321E6	
1850	-7.9597E-1	-1.1068E1	5.4382E0	3.4321E6	
1851	-7.9597E-1	-1.1068E1	5.4382E0	3.4321E6	
1852	-7.9597E-1	-1.1068E1	5.4382E0	3.4321E6	
1853	-7.9597E-1	-1.1068E1	5.4382E0	3.4321E6	
1854	-7.9597E-1	-1.1068E1	5.4382E0	3.4321E6	
1855	-7.9597E-1	-1.1068E1	5.4382E0	3.4321E6	
1856	-7.9597E-1	-1.1068E1	5.4382E0	3.4321E6	
1857	-7.9597E-1	-1.1068E1	5.4382E0	3.4321E6	
1858	-7.9597E-1	-1.1068E1	5.4382E0	3.4321E6	
1859	-7.9597E-1	-1.1068E1	5.4382E0	3.4321E6	
1860	-7.9597E-1	-1.1068E1	5.4382E0	3.4321E6	
1861	-7.9597E-1	-1.1068E1	5.4382E0	3.4321E6	
1862	-7.9597E-1	-1.1068E1	5.4382E0	3.4321E6	
1863	-7.9597E-1	-1.1068E1	5.4382E0	3.4321E6	
1864	-7.9597E-1	-1.1068E1	5.4382E0	3.4321E6	
1865	-7.9597E-1	-1.1068E1	5.4382E0	3.4321E6	
1866	-7.9597E-1	-1.1068E1	5.4382E0	3.4321E6	
1867	-7.9597E-1	-1.1068E1	5.4382E0	3.4321E6	
1868	-7.9597E-1	-1.1068E1	5.4382E0	3.4321E6	
1869	-7.9597E-1	-1.1068E1	5.4382E0	3.4321E6	
1870	-7.9597E-1	-1.1068E1	5.4382E0	3.4321E6	
1871	-7.9597E-1	-1.1068E1	5.4382E0	3.4321E6	
1872	-7.9597E-1	-1.1068E1	5.4382E0	3.4321E6	
1873	-7.9597E-1	-1.1068E1	5.4382E0	3.4321E6	
1874	-7.9597E-1	-1.1068E1	5.4382E0	3.4321E6	
1875	-7.9597E-1	-1.1068E1	5.4382E0	3.4321E6	
1876	-7.9597E-1	-1.1068E1	5.4382E0	3.4321E6	
1877	-7.9597E-1	-1.1068E1	5.4382E0	3.4321E6	
1878	-7.9597E-1	-1.1068E1	5.4382E0	3.4321E6	
1879	-7.9597E-1	-1.1068E1	5.4382E0	3.4321E6	
1880	-7.9597E-1	-1.1068E1	5.4382E0	3.4321E6	
1881	-7.9597E-1	-1.1068E1	5.4382E0	3.4321E6	
1882	-7.9597E-1	-1.1068E1	5.4382E0	3.4321E6	
1883	-7.9597E-1	-1.1068E1	5.4382E0	3.4321E6	
1884	-7.9597E-1	-1.1068E1	5.4382E0	3.4321E6	
1885	-7.9597E-1	-1.1068E1	5.4382E0	3.4321E6	
1886	-7.9597E-1	-1.1068E1	5.4382E0	3.4321E6	
1887	-7.9597E-1	-1.1068E1	5.4382E0	3.4321E6	
1888	-7.9597E-1	-1.1068E1	5.4382E0	3.4321E6	
1889	-7.9597E-1	-1.1068E1	5.4382E0	3.4321E6	
1890	-7.9597E-1	-1.1068E1	5.4382E0	3.4321E6	
1891	-7.9597E-1	-1.1068E1	5.4382E0	3.4321E6	
1892	-7.9597E-1	-1.1068E1	5.4382E0	3.4321E6	
1893	-7.9597E-1	-1.1068E1	5.4382E0	3.4321E6	
1894	-7.9597E-1	-1.1068E1	5.4382E0	3.4321E6	
1895	-7.9597E-1	-1.1068E1	5.4382E0	3.4321E6	
1896	-7.9597E-1	-1.1068E1	5.4382E0	3.4321E6	
1897	-7.9597E-1	-1.1068E1	5.4382E0	3.4321E6	
1898	-7.9597E-1	-1.1068E1	5.4382E0	3.4321E6	
1899	-7.9597E-1	-1.1068E1	5.4382E0	3.4321E6	
1900	-7.9597E-1	-1.1068E1	5.4382E0	3.4321E6	
1901	-7.9597E-1	-1.1068E1	5.4382E0	3.4321E6	
1902	-7.9597E-1	-1.1068E1	5.4382E0	3.4321E6	
1903	-7.9597E-1	-1.1068E1	5.4382E0	3.4321E6	
1904	-7.9597E-1	-1.1068E1	5.4382E0	3.4321E6	
1905	-7.9597E-1	-1.1068E1	5.4382E0	3.4321E6	
1906	-7.9597E-1	-1.1068E1	5.4382E0	3.4321E6	
1907	-7.9597E-1	-1.1068E1	5.4382E0	3.4321E6	
1908	-7.9597E-1	-1.1068E1	5.4382E0	3.4321E6	
1909	-7.9597E-1	-1.1068E1	5.4382E0	3.4321E6	
1910	-7.9597E-1	-1.1068E1	5.4382E0	3.4321E6	
1911	-7.9597E-1	-1.1068E1	5.4382E0	3.4321E6	
1912	-7.9597E-1	-1.1068E1	5.4382E0	3.4321E6	
1913	-7.9597E-1	-1.1068E1	5.4382E0	3.4321E6	
1914	-7.9597E-1	-1.1068E1	5.4382E0	3.4321E6	
1915	-7.9597E-1	-1.1068E1	5.4382E0	3.4321E6	
1916	-7.9597E-1	-1.1068E1	5.4382E0	3.4321E6	
1917	-7.9597E-1	-1.1068E1	5.4382E0	3.4321E6	
1918	-7.9597E-1	-1.1068E1	5.4382E0	3.4321E6	
1919	-7.9597E-1	-1.1068E1	5.4382E0	3.4321E6	
1920	-7.9597E-1	-1.1068E1	5.4382E0	3.4321E6	
1921	-7.9597E-1	-1.1068E1	5.4382E0	3.4321E6	
1922	-7.9597E-1	-1.1068E1	5.4382E0	3.4321E6	
1923	-7.9597E-1	-1.1068E1	5.4382E0	3.4321E6	
1924	-7.9597E-1	-1.1068E1	5.4382E0	3.4321E6	
1925	-7.9597E-1	-1.1068E1	5.4382E0	3.4321E6	
1926	-7.9597E-1	-1.1068E1	5.4382E0	3.4321E6	
1927	-7.9597E-1	-1.1068E1	5.4382E0	3.4321E6	
1928	-7.9597E-1	-1.1068E1	5.4382E0	3.4321E6	
1929	-7.9597E-1	-1.1068E1	5.4382E0	3.4321E6	
1930	-7.9597E-1	-1.1068E1	5.4382E0	3.4321E6	
1931	-7.9597E-1	-1.1068E1	5.4382E0	3.4321E6	
1932	-7.9597E-1	-1.1068E1	5.4382E0	3.4321E6	
1933	-7.9597E-1	-1.1068E1	5.4382E0	3.4321E6	
1934	-7.9597E-1	-1.1068E1	5.4382E0	3.4321E6	
1935	-7.9597E-1	-1.1068E1	5.4382E0	3.4321E6	
1936	-7.9597E-1	-1.1068E1	5.4382E0	3.4321E6	
1937	-7.9597E-1	-1.1068E1	5.4382E0	3.4321E6	
1938	-7.9597E-1	-1.1068E1	5.4382E0	3.4321E6	
1939	-7.9597E-1	-1.1068E1	5.4382E0	3.4321E6	
1940	-7.9597E-1	-1.1068E1	5.4382E0	3.4321E6	
1941	-7.9597E-1	-1.1068E1	5.4382E0	3.4321E6	
1942	-7.9597E-1	-1.1068E1	5.4382E0	3.4321E6	
1943	-7.9597E-1	-1.1068E1	5.4382E0	3.4321E6	
1944	-7.9597E-1	-1.1068E1	5.4382E0	3.4321E6	
1945	-7.9597E-1	-1.1068E1	5.4382E0	3.4321E6	
1946	-7.9597E-1	-1.1068E1	5.4382E0	3.4321E6	
1947	-7.9597E-1	-1.1068E1	5.4382E0	3.4321E6	
1948	-7.9597E-1	-1.1068E1	5.4382E0	3.4321E6	
1949	-7.9597E-1	-1.1068E1	5.4382E0	3.4321E6	
1950	-7.9597E-1	-1.1068E1	5.4382E0	3.4321E6	
1951	-7.9597E-1	-1.1068E1	5.4382E0	3.4321E6	
1952	-7.9597E-1	-1.1068E1	5.4382E0	3.4321E6	
1953	-7.9597E-1	-1.1068E1	5.4382E0	3.4321E6	
1954	-7.9597E-1	-1.1068E1	5.4382E0	3.4321E6	
1955	-7.9597E-1	-1.1068E1	5.4382E0	3.4321E6	
1956	-7.9597E-1	-1.1068E1	5.4382E0	3.4321E6	
1957	-7.9597E-1	-1.1068E1	5.4382E0	3.4321E6	
1958	-7.9597E-1	-1.1068E1	5.4382E0	3.4321E6	
1959	-7.9597E-1	-1.1068E1	5.4382E0	3.4321E6	
1960	-7.9597E-1	-1.1068E1	5.4382E0	3.4321E6	
1961	-7.9597E-1	-1.1068E1	5.4382E0	3.4321E6	
1962	-7.9597E-1	-1.1068E1	5.4382E0	3.4321E6	
1963	-7.9597E-1	-1.1068E1	5.4382E0	3.4321E6	
1964	-7.9597E-1	-1.1068E1	5.4382E0	3.4321E6	
1965	-7.9597E-1	-1.1068E1	5.4382E0	3.4321E6	
1966	-7.9597E-1	-1.1068E1	5.4382E0	3.4321E6	
1967	-7.9597E-1	-1.1068E1	5.4382E0	3.4321E6	
1968	-7.9597E-1	-1.1068E1	5.4382E0	3.4321E6	
1969	-7.9597E-1	-1.1068E1	5.4382E0	3.4321E6	
1970	-7.9597E-1	-1.1068E1	5.4382E0	3.4321E6	
1971	-7.9597E-1	-1.1068E1	5.4382E0	3.4321E6	
1972	-7.9597E-1	-1.1068E1	5.4382E0	3.4321E6	
1973	-7.9597E-1	-1.1068E1	5.4382E0	3.4321E6	
1974	-7.9597E-1	-1.1068E1	5.4382E0	3.4321E6	
1975	-7.9597E-1	-1.1068E1	5.4382E0	3.4321E6	
1976	-7.9597E-1	-1.1068E1	5.4382E0	3.4321E6	
1977	-7.9597E-1	-1.1068E1	5.4382E0	3.4321E6	
1978	-7.9597E-1	-1.1068E1	5.4382E0	3.4321E6	
1979	-7.9597E-1	-1.1068E1	5.4382E0	3.4321E6	
1980	-7.9597E-1	-1.1068E1	5.4382E0	3.4321E6	
1981	-7.9597E-1	-1.1068E1	5.4382E0	3.4321E6	
1982	-7.9597E-1	-1.1068E1	5.4382E0	3.4321E6	
1983	-7.9597E-1	-1.1068E1	5.4382E0	3.4321E6	
1984	-7.9597E-1	-1.1068E1	5.4382E0	3.4321E6	
1985	-7.9597E-1	-1.1068E1	5.4382E0	3.4321E6	
1986	-7.9597E-1	-1.1068E1	5.4382E0	3.4321E6	
1987	-7.9597E-1	-1.1068E1	5.4382E0	3.4321E6	
1988	-7.9597E-1	-1.1068E1	5.4382E0	3.4321E6	
1989	-7.9597E-1	-1.1068E1	5.4382E0	3.4321E6	
1990	-7.9597E-1	-1.1068E1	5.4382E0	3.4321E6	
1991	-7.9597E-1	-1.1068E1	5.4382E0	3.4321E6	
1992	-7.9597E-1	-1.1068E1	5.4382E0	3.4321E6	
1993	-7.9597E-1	-1.1068E1	5.4382E0	3.4321E6	
1994	-7.9597E-1	-1.1068E1	5.4382E0	3.4321E6	
1995	-7.9597E-1	-1.1068E1	5.4382E0	3.4321E6	
1996	-7.9597E-1	-1.1068E1	5.4382E0	3.4321E6	
1997	-7.9597E-1	-1.1068E1	5.4382E0	3.4321E6	
1998	-7.9597E-1	-1.1068E1	5.4382E0	3.4321E6	
1999	-7.9597E-1	-1.1068E1	5.4382E0	3.4321E6	
2000	-7.9597E-1	-1.1068E1	5.4382E0	3.4321E6	
2001	-7.9597E-1	-1.1068E1	5.4382E0	3.4321E6	
2002	-7.9597E-1	-1.1068E1	5.4382E0	3.4321E6	
2003	-7.9597E-1	-1.1068E1	5.4382E0	3.4321E6	
2004	-7.9597E-1	-1.1068E1	5.4382E0	3.4321E6	
2005	-7.9597E-1	-1.1068E1	5.4382E0	3.4321E6	
2006	-7.9597E-1	-1.1068E1	5.4382E0	3.4321E6	
2007	-7.9597E-1	-1.1068E1	5.4382E0	3.4321E6	
2008	-7.9597E-1	-1.1068E1	5.4382E0	3.4321E6	
2009	-7.9597E-1	-1.1068E1	5.4382E0	3.4321E6	
2010	-7.9597E-1	-1.1068E1	5.4382E0	3.4321E6	
2011	-7.9597E-1	-1.1068E1	5.4382E0	3.4321E6	
2012	-7.9597E-1	-1.1068E1	5.4382E0	3.4321E6	
2013	-7.9597E-1	-1.1068E1	5.4382E0	3.4321E6	
2014	-7.9597E-1	-1.1068E1	5.4382E0	3.4321E6	
2015	-7.9597E-1	-1.1068E1	5.4382E0	3.4321E6	
2016	-7.9597E-1	-1.1068E1	5.4382E0	3.4321E6	
2017	-7.9597E-1	-1.1068E1	5.4382E0	3.4321E6	
2018	-7.9597E-1	-1.1068E1	5.4382E0	3.4321E6	
2019	-7.9597E-1	-1.1068E1	5.4382E0	3.4321E6	
2020	-7.9597E-1	-1.1068E1	5.4382E0	3.4321E6	
2021	-7.9597E-1	-1.1068E1	5.4382E0	3.4321E6	
2022	-7.9597E-1	-1.1068E1	5.4382E0	3.4321E6	
2023	-7.9597E-1	-1.1068E1	5.4382E0	3.4321E6	
2024	-7.9597E-1	-1.1068E1	5.4382E0	3.4321E6	
2025	-7.9597E-1	-1.1068E1	5.4382E0	3.4321E6	
2026	-7.9597E-1	-1.1068E1	5.4382E0	3.4321E6	
2027	-7.9597E-1	-1.1068E1	5.4382E0	3.4321E6	
2028	-7.9597E-1	-1.1068E1	5.4382E0	3.4321E6	
2029	-7.9597E-1	-1.1068E1	5.4382E0	3.4321E6	
2030	-7.9597E-1	-1.1068E1	5.4382E0	3.4321E6	
2031	-7.9597E-1	-1.1068E1	5.4382E0	3.4321E6	
2032	-7.9597E-1	-1.1068E1	5.4382E0	3.4321E6	
2033	-7.9597E-1	-1.1068E1	5.4382E0	3.4321E6	
2034	-7.9597E-1	-1.1068E1	5.4382E0	3.4321E6	
2035	-7.9597E-1	-1.1068E1	5.4382E0	3.4321E6	
2036	-7.9597E-1	-1.1068E1	5.4382E0	3.4321E6	
2037	-7.9597E-1	-1.1068E1	5.4382E0	3.4321E6	
2038	-7.9597E-1	-1.1068E1	5.4382E0	3.4321E6	
2039	-7.9597E-1	-1.1068E1	5.4382E0	3.4321E6	
2040	-7.9597E-1	-1.1068E1	5.4382E0	3.4321E6	
2041	-7.9597E-1	-1.1068E1	5.4382E0	3.4321E6	
2042	-7.9597E-1	-1.1068E1	5.4382E0	3.4321E6	
2043	-7.9597E-1	-1.1068E1	5.4382E0	3.4321E6	
2044	-7.9597E-1	-1.1068E1	5.4382E0	3.4321E6	
2045	-7.9597E-1	-1.1068E1	5.4382E0	3.4321E6	
2046	-7.9597E-1	-1.1068E1	5.4382E0	3.4321E6	
2047	-7.9597E-1	-1.1068E1	5.4382E0	3.4321E6	
2048	-7.9597E-1	-1.1068E1	5.4382E0	3.4321E6	
