point 187
Index	Vertical (A-B)	Force	Z Height	Time Stamp	
     	V	nN	?m	?sec	
1	-8.1703E-1	-3.1133E-1	5.3445E0	1.2000E2	
2	-8.1726E-1	-6.5101E-1	5.3430E0	2.3400E3	
3	-8.1657E-1	3.6803E-1	5.3404E0	4.5600E3	
4	-8.1688E-1	-8.4878E-2	5.3372E0	6.7800E3	
5	-8.1657E-1	3.6803E-1	5.3338E0	9.0000E3	
6	-8.1718E-1	-5.3778E-1	5.3302E0	1.1220E4	
7	-8.1818E-1	-2.0097E0	5.3264E0	1.3440E4	
8	-8.1696E-1	-1.9810E-1	5.3224E0	1.5660E4	
9	-8.1696E-1	-1.9810E-1	5.3184E0	1.7880E4	
10	-8.1589E-1	1.3871E0	5.3142E0	2.0100E4	
11	-8.1657E-1	3.6803E-1	5.3100E0	2.2320E4	
12	-8.1688E-1	-8.4878E-2	5.3058E0	2.4540E4	
13	-8.1497E-1	2.7458E0	5.3015E0	2.6760E4	
14	-8.1642E-1	5.9448E-1	5.2971E0	2.8980E4	
15	-8.1543E-1	2.0664E0	5.2927E0	3.1200E4	
16	-8.1642E-1	5.9448E-1	5.2883E0	3.3420E4	
17	-8.1360E-1	4.7838E0	5.2837E0	3.5640E4	
18	-8.1505E-1	2.6325E0	5.2791E0	3.7860E4	
19	-8.1467E-1	3.1987E0	5.2745E0	4.0080E4	
20	-8.1413E-1	3.9912E0	5.2700E0	4.2300E4	
21	-8.1383E-1	4.4442E0	5.2654E0	4.4520E4	
22	-8.1383E-1	4.4442E0	5.2608E0	4.6740E4	
23	-8.1306E-1	5.5764E0	5.2560E0	4.8960E4	
24	-8.1207E-1	7.0483E0	5.2513E0	5.1180E4	
25	-8.1436E-1	3.6516E0	5.2466E0	5.3400E4	
26	-8.1436E-1	3.6516E0	5.2419E0	5.5620E4	
27	-8.1383E-1	4.4442E0	5.2372E0	5.7840E4	
28	-8.1253E-1	6.3690E0	5.2325E0	6.0060E4	
29	-8.1337E-1	5.1235E0	5.2277E0	6.2280E4	
30	-8.1253E-1	6.3690E0	5.2229E0	6.4500E4	
31	-8.1161E-1	7.7277E0	5.2181E0	6.6720E4	
32	-8.1001E-1	1.0105E1	5.2133E0	6.8940E4	
33	-8.1245E-1	6.4822E0	5.2084E0	7.1160E4	
34	-8.1268E-1	6.1425E0	5.2036E0	7.3380E4	
35	-8.1268E-1	6.1425E0	5.1987E0	7.5600E4	
36	-8.1299E-1	5.6896E0	5.1939E0	7.7820E4	
37	-8.1291E-1	5.8029E0	5.1890E0	8.0040E4	
38	-8.1017E-1	9.8790E0	5.1842E0	8.2260E4	
39	-8.1306E-1	5.5764E0	5.1791E0	8.4480E4	
40	-8.1184E-1	7.3880E0	5.1744E0	8.6700E4	
41	-8.1161E-1	7.7277E0	5.1695E0	8.8920E4	
42	-8.0917E-1	1.1351E1	5.1646E0	9.1140E4	
43	-8.1200E-1	7.1616E0	5.1595E0	9.3360E4	
44	-8.1116E-1	8.4071E0	5.1547E0	9.5580E4	
45	-8.1055E-1	9.3129E0	5.1495E0	9.7800E4	
46	-8.1154E-1	7.8409E0	5.1447E0	1.0002E5	
47	-8.0978E-1	1.0445E1	5.1397E0	1.0224E5	
48	-8.0940E-1	1.1011E1	5.1348E0	1.0446E5	
49	-8.1520E-1	2.4061E0	5.1298E0	1.0668E5	
50	-8.1284E-1	5.9161E0	5.1248E0	1.0890E5	
51	-8.0910E-1	1.1464E1	5.1198E0	1.1112E5	
52	-8.1169E-1	7.6145E0	5.1148E0	1.1334E5	
53	-8.1093E-1	8.7467E0	5.1099E0	1.1556E5	
54	-8.0933E-1	1.1124E1	5.1048E0	1.1778E5	
55	-8.1024E-1	9.7658E0	5.0997E0	1.2000E5	
56	-8.1070E-1	9.0864E0	5.0948E0	1.2222E5	
57	-8.0902E-1	1.1577E1	5.0897E0	1.2444E5	
58	-8.0948E-1	1.0898E1	5.0846E0	1.2666E5	
59	-8.0910E-1	1.1464E1	5.0796E0	1.2888E5	
60	-8.0978E-1	1.0445E1	5.0745E0	1.3110E5	
61	-8.0757E-1	1.3729E1	5.0693E0	1.3332E5	
62	-8.0910E-1	1.1464E1	5.0643E0	1.3554E5	
63	-8.1131E-1	8.1806E0	5.0592E0	1.3776E5	
64	-8.1009E-1	9.9922E0	5.0541E0	1.3998E5	
65	-8.0864E-1	1.2144E1	5.0490E0	1.4220E5	
66	-8.0772E-1	1.3502E1	5.0439E0	1.4442E5	
67	-8.0902E-1	1.1577E1	5.0388E0	1.4664E5	
68	-8.0780E-1	1.3389E1	5.0336E0	1.4886E5	
69	-8.1062E-1	9.1996E0	5.0286E0	1.5108E5	
70	-8.0925E-1	1.1238E1	5.0234E0	1.5330E5	
71	-8.0788E-1	1.3276E1	5.0183E0	1.5552E5	
72	-8.0750E-1	1.3842E1	5.0131E0	1.5774E5	
73	-8.0948E-1	1.0898E1	5.0079E0	1.5996E5	
74	-8.0795E-1	1.3163E1	5.0028E0	1.6218E5	
75	-8.0788E-1	1.3276E1	4.9976E0	1.6440E5	
76	-8.0887E-1	1.1804E1	4.9924E0	1.6662E5	
77	-8.0704E-1	1.4521E1	4.9872E0	1.6884E5	
78	-8.0658E-1	1.5201E1	4.9821E0	1.7106E5	
79	-8.0711E-1	1.4408E1	4.9769E0	1.7328E5	
80	-8.0788E-1	1.3276E1	4.9716E0	1.7550E5	
81	-8.0750E-1	1.3842E1	4.9664E0	1.7772E5	
82	-8.0597E-1	1.6106E1	4.9612E0	1.7994E5	
83	-8.0650E-1	1.5314E1	4.9560E0	1.8216E5	
84	-8.0605E-1	1.5993E1	4.9508E0	1.8438E5	
85	-8.0650E-1	1.5314E1	4.9456E0	1.8660E5	
86	-8.0574E-1	1.6446E1	4.9403E0	1.8882E5	
87	-8.0467E-1	1.8031E1	4.9351E0	1.9104E5	
88	-8.0521E-1	1.7239E1	4.9298E0	1.9326E5	
89	-8.0627E-1	1.5654E1	4.9246E0	1.9548E5	
90	-8.0421E-1	1.8711E1	4.9194E0	1.9770E5	
91	-8.0521E-1	1.7239E1	4.9140E0	1.9992E5	
92	-8.0353E-1	1.9730E1	4.9088E0	2.0214E5	
93	-8.0429E-1	1.8597E1	4.9035E0	2.0436E5	
94	-8.0399E-1	1.9050E1	4.8982E0	2.0658E5	
95	-8.0452E-1	1.8258E1	4.8929E0	2.0880E5	
96	-8.0238E-1	2.1428E1	4.8876E0	2.1102E5	
97	-8.0482E-1	1.7805E1	4.8823E0	2.1324E5	
98	-8.0231E-1	2.1541E1	4.8770E0	2.1546E5	
99	-8.0170E-1	2.2447E1	4.8717E0	2.1768E5	
100	-8.0208E-1	2.1881E1	4.8664E0	2.1990E5	
101	-8.0185E-1	2.2221E1	4.8610E0	2.2212E5	
102	-8.0002E-1	2.4938E1	4.8557E0	2.2434E5	
103	-8.0292E-1	2.0635E1	4.8504E0	2.2656E5	
104	-8.0261E-1	2.1088E1	4.8450E0	2.2878E5	
105	-7.9979E-1	2.5278E1	4.8397E0	2.3100E5	
106	-8.0070E-1	2.3919E1	4.8343E0	2.3322E5	
107	-8.0093E-1	2.3579E1	4.8290E0	2.3544E5	
108	-8.0185E-1	2.2221E1	4.8237E0	2.3766E5	
109	-8.0025E-1	2.4598E1	4.8183E0	2.3988E5	
110	-8.0032E-1	2.4485E1	4.8129E0	2.4210E5	
111	-7.9910E-1	2.6297E1	4.8075E0	2.4432E5	
112	-8.0170E-1	2.2447E1	4.8021E0	2.4654E5	
113	-8.0086E-1	2.3693E1	4.7967E0	2.4876E5	
114	-7.9872E-1	2.6863E1	4.7911E0	2.5098E5	
115	-7.9910E-1	2.6297E1	4.7858E0	2.5320E5	
116	-7.9834E-1	2.7429E1	4.7805E0	2.5542E5	
117	-7.9590E-1	3.1052E1	4.7751E0	2.5764E5	
118	-7.9750E-1	2.8674E1	4.7697E0	2.5986E5	
119	-7.9987E-1	2.5164E1	4.7642E0	2.6208E5	
120	-7.9971E-1	2.5391E1	4.7588E0	2.6430E5	
121	-7.9636E-1	3.0373E1	4.7533E0	2.6652E5	
122	-7.9926E-1	2.6070E1	4.7480E0	2.6874E5	
123	-7.9910E-1	2.6297E1	4.7425E0	2.7096E5	
124	-8.0055E-1	2.4145E1	4.7370E0	2.7318E5	
125	-8.0162E-1	2.2560E1	4.7315E0	2.7540E5	
126	-7.9926E-1	2.6070E1	4.7261E0	2.7762E5	
127	-7.9750E-1	2.8674E1	4.7205E0	2.7984E5	
128	-8.0017E-1	2.4712E1	4.7151E0	2.8206E5	
129	-7.9796E-1	2.7995E1	4.7097E0	2.8428E5	
130	-7.9803E-1	2.7882E1	4.7041E0	2.8650E5	
131	-7.9941E-1	2.5844E1	4.6986E0	2.8872E5	
132	-7.9865E-1	2.6976E1	4.6930E0	2.9094E5	
133	-7.9887E-1	2.6636E1	4.6875E0	2.9316E5	
134	-7.9880E-1	2.6750E1	4.6821E0	2.9538E5	
135	-7.9613E-1	3.0713E1	4.6765E0	2.9760E5	
136	-7.9819E-1	2.7655E1	4.6710E0	2.9982E5	
137	-7.9514E-1	3.2184E1	4.6656E0	3.0204E5	
138	-7.9765E-1	2.8448E1	4.6600E0	3.0426E5	
139	-7.9453E-1	3.3090E1	4.6545E0	3.0648E5	
140	-7.9765E-1	2.8448E1	4.6488E0	3.0870E5	
141	-7.9666E-1	2.9920E1	4.6434E0	3.1092E5	
142	-7.9712E-1	2.9241E1	4.6378E0	3.1314E5	
143	-7.9659E-1	3.0033E1	4.6322E0	3.1536E5	
144	-7.9620E-1	3.0599E1	4.6267E0	3.1758E5	
145	-7.9796E-1	2.7995E1	4.6211E0	3.1980E5	
146	-7.9597E-1	3.0939E1	4.6155E0	3.2202E5	
147	-7.9613E-1	3.0713E1	4.6100E0	3.2424E5	
148	-7.9582E-1	3.1165E1	4.6044E0	3.2646E5	
149	-7.9659E-1	3.0033E1	4.5989E0	3.2868E5	
150	-7.9613E-1	3.0713E1	4.5933E0	3.3090E5	
151	-7.9597E-1	3.0939E1	4.5876E0	3.3312E5	
152	-7.9491E-1	3.2524E1	4.5819E0	3.3534E5	
153	-7.9544E-1	3.1732E1	4.5764E0	3.3756E5	
154	-7.9582E-1	3.1165E1	4.5708E0	3.3978E5	
155	-7.9536E-1	3.1845E1	4.5651E0	3.4200E5	
156	-7.9559E-1	3.1505E1	4.5596E0	3.4422E5	
157	-7.9544E-1	3.1732E1	4.5539E0	3.4644E5	
158	-7.9346E-1	3.4675E1	4.5482E0	3.4866E5	
159	-7.9315E-1	3.5128E1	4.5426E0	3.5088E5	
160	-7.9399E-1	3.3883E1	4.5370E0	3.5310E5	
161	-7.9384E-1	3.4109E1	4.5313E0	3.5532E5	
162	-7.9445E-1	3.3203E1	4.5256E0	3.5754E5	
163	-7.9300E-1	3.5355E1	4.5199E0	3.5976E5	
164	-7.9109E-1	3.8185E1	4.5143E0	3.6198E5	
165	-7.9445E-1	3.3203E1	4.5086E0	3.6420E5	
166	-7.9254E-1	3.6034E1	4.5030E0	3.6642E5	
167	-7.9109E-1	3.8185E1	4.4972E0	3.6864E5	
168	-7.9178E-1	3.7166E1	4.4916E0	3.7086E5	
169	-7.9185E-1	3.7053E1	4.4859E0	3.7308E5	
170	-7.9170E-1	3.7280E1	4.4801E0	3.7530E5	
171	-7.9109E-1	3.8185E1	4.4744E0	3.7752E5	
172	-7.9063E-1	3.8865E1	4.4689E0	3.7974E5	
173	-7.8979E-1	4.0110E1	4.4630E0	3.8196E5	
174	-7.9140E-1	3.7733E1	4.4574E0	3.8418E5	
175	-7.9185E-1	3.7053E1	4.4515E0	3.8640E5	
176	-7.8918E-1	4.1016E1	4.4459E0	3.8862E5	
177	-7.8827E-1	4.2375E1	4.4401E0	3.9084E5	
178	-7.8789E-1	4.2941E1	4.4344E0	3.9306E5	
179	-7.8697E-1	4.4300E1	4.4286E0	3.9528E5	
180	-7.8903E-1	4.1243E1	4.4229E0	3.9750E5	
181	-7.9102E-1	3.8299E1	4.4172E0	3.9972E5	
182	-7.8865E-1	4.1809E1	4.4113E0	4.0194E5	
183	-7.8590E-1	4.5885E1	4.4057E0	4.0416E5	
184	-7.8735E-1	4.3733E1	4.3999E0	4.0638E5	
185	-7.8766E-1	4.3281E1	4.3940E0	4.0860E5	
186	-7.8621E-1	4.5432E1	4.3884E0	4.1082E5	
187	-7.8659E-1	4.4866E1	4.3826E0	4.1304E5	
188	-7.8659E-1	4.4866E1	4.3768E0	4.1526E5	
189	-7.8827E-1	4.2375E1	4.3709E0	4.1748E5	
190	-7.8659E-1	4.4866E1	4.3651E0	4.1970E5	
191	-7.8651E-1	4.4979E1	4.3594E0	4.2192E5	
192	-7.8613E-1	4.5545E1	4.3536E0	4.2414E5	
193	-7.8300E-1	5.0187E1	4.3478E0	4.2636E5	
194	-7.8812E-1	4.2601E1	4.3420E0	4.2858E5	
195	-7.8773E-1	4.3167E1	4.3362E0	4.3080E5	
196	-7.8491E-1	4.7357E1	4.3303E0	4.3302E5	
197	-7.8506E-1	4.7130E1	4.3244E0	4.3524E5	
198	-7.8438E-1	4.8149E1	4.3186E0	4.3746E5	
199	-7.8506E-1	4.7130E1	4.3128E0	4.3968E5	
200	-7.8415E-1	4.8489E1	4.3070E0	4.4190E5	
201	-7.8766E-1	4.3281E1	4.3011E0	4.4412E5	
202	-7.8453E-1	4.7923E1	4.2952E0	4.4634E5	
203	-7.8415E-1	4.8489E1	4.2894E0	4.4856E5	
204	-7.8545E-1	4.6564E1	4.2835E0	4.5078E5	
205	-7.8674E-1	4.4639E1	4.2777E0	4.5300E5	
206	-7.8552E-1	4.6451E1	4.2718E0	4.5522E5	
207	-7.8545E-1	4.6564E1	4.2660E0	4.5744E5	
208	-7.8407E-1	4.8602E1	4.2602E0	4.5966E5	
209	-7.8545E-1	4.6564E1	4.2542E0	4.6188E5	
210	-7.8392E-1	4.8829E1	4.2483E0	4.6410E5	
211	-7.8583E-1	4.5998E1	4.2424E0	4.6632E5	
212	-7.8400E-1	4.8715E1	4.2365E0	4.6854E5	
213	-7.8346E-1	4.9508E1	4.2307E0	4.7076E5	
214	-7.8194E-1	5.1773E1	4.2248E0	4.7298E5	
215	-7.8369E-1	4.9168E1	4.2189E0	4.7520E5	
216	-7.8545E-1	4.6564E1	4.2130E0	4.7742E5	
217	-7.8423E-1	4.8376E1	4.2071E0	4.7964E5	
218	-7.8232E-1	5.1206E1	4.2012E0	4.8186E5	
219	-7.8430E-1	4.8263E1	4.1952E0	4.8408E5	
220	-7.8224E-1	5.1320E1	4.1893E0	4.8630E5	
221	-7.8300E-1	5.0187E1	4.1833E0	4.8852E5	
222	-7.8270E-1	5.0640E1	4.1774E0	4.9074E5	
223	-7.8156E-1	5.2339E1	4.1715E0	4.9296E5	
224	-7.8369E-1	4.9168E1	4.1655E0	4.9518E5	
225	-7.8285E-1	5.0414E1	4.1597E0	4.9740E5	
226	-7.8308E-1	5.0074E1	4.1536E0	4.9962E5	
227	-7.8201E-1	5.1659E1	4.1477E0	5.0184E5	
228	-7.8117E-1	5.2905E1	4.1417E0	5.0406E5	
229	-7.8094E-1	5.3244E1	4.1358E0	5.0628E5	
230	-7.8110E-1	5.3018E1	4.1298E0	5.0850E5	
231	-7.7911E-1	5.5962E1	4.1238E0	5.1072E5	
232	-7.8125E-1	5.2792E1	4.1179E0	5.1294E5	
233	-7.8156E-1	5.2339E1	4.1119E0	5.1516E5	
234	-7.8033E-1	5.4150E1	4.1058E0	5.1738E5	
235	-7.8148E-1	5.2452E1	4.0999E0	5.1960E5	
236	-7.8094E-1	5.3244E1	4.0939E0	5.2182E5	
237	-7.8125E-1	5.2792E1	4.0879E0	5.2404E5	
238	-7.7927E-1	5.5735E1	4.0818E0	5.2626E5	
239	-7.7782E-1	5.7887E1	4.0759E0	5.2848E5	
240	-7.7873E-1	5.6528E1	4.0699E0	5.3070E5	
241	-7.7866E-1	5.6641E1	4.0639E0	5.3292E5	
242	-7.7843E-1	5.6981E1	4.0578E0	5.3514E5	
243	-7.7827E-1	5.7207E1	4.0519E0	5.3736E5	
244	-7.7797E-1	5.7660E1	4.0458E0	5.3958E5	
245	-7.7858E-1	5.6754E1	4.0398E0	5.4180E5	
246	-7.7759E-1	5.8226E1	4.0337E0	5.4402E5	
247	-7.7713E-1	5.8906E1	4.0278E0	5.4624E5	
248	-7.7850E-1	5.6868E1	4.0217E0	5.4846E5	
249	-7.7881E-1	5.6415E1	4.0156E0	5.5068E5	
250	-7.7599E-1	6.0604E1	4.0095E0	5.5290E5	
251	-7.7454E-1	6.2755E1	4.0035E0	5.5512E5	
252	-7.7599E-1	6.0604E1	3.9975E0	5.5734E5	
253	-7.7415E-1	6.3322E1	3.9914E0	5.5956E5	
254	-7.7469E-1	6.2529E1	3.9853E0	5.6178E5	
255	-7.7438E-1	6.2982E1	3.9794E0	5.6400E5	
256	-7.7324E-1	6.4680E1	3.9732E0	5.6622E5	
257	-7.7583E-1	6.0831E1	3.9671E0	5.6844E5	
258	-7.7103E-1	6.7964E1	3.9610E0	5.7066E5	
259	-7.7393E-1	6.3661E1	3.9549E0	5.7288E5	
260	-7.7370E-1	6.4001E1	3.9489E0	5.7510E5	
261	-7.7492E-1	6.2189E1	3.9428E0	5.7732E5	
262	-7.7057E-1	6.8643E1	3.9367E0	5.7954E5	
263	-7.7255E-1	6.5699E1	3.9307E0	5.8176E5	
264	-7.7187E-1	6.6718E1	3.9245E0	5.8398E5	
265	-7.7362E-1	6.4114E1	3.9184E0	5.8620E5	
266	-7.7423E-1	6.3208E1	3.9123E0	5.8842E5	
267	-7.7301E-1	6.5020E1	3.9062E0	5.9064E5	
268	-7.7225E-1	6.6152E1	3.9001E0	5.9286E5	
269	-7.7278E-1	6.5360E1	3.8940E0	5.9508E5	
270	-7.7248E-1	6.5812E1	3.8878E0	5.9730E5	
271	-7.7400E-1	6.3548E1	3.8818E0	5.9952E5	
272	-7.7080E-1	6.8303E1	3.8756E0	6.0174E5	
273	-7.7057E-1	6.8643E1	3.8694E0	6.0396E5	
274	-7.7339E-1	6.4454E1	3.8633E0	6.0618E5	
275	-7.7293E-1	6.5133E1	3.8571E0	6.0840E5	
276	-7.7103E-1	6.7964E1	3.8510E0	6.1062E5	
277	-7.6904E-1	7.0908E1	3.8447E0	6.1284E5	
278	-7.7408E-1	6.3435E1	3.8387E0	6.1506E5	
279	-7.7065E-1	6.8530E1	3.8324E0	6.1728E5	
280	-7.7103E-1	6.7964E1	3.8264E0	6.1950E5	
281	-7.7095E-1	6.8077E1	3.8202E0	6.2172E5	
282	-7.7156E-1	6.7171E1	3.8140E0	6.2394E5	
283	-7.7179E-1	6.6832E1	3.8079E0	6.2616E5	
284	-7.7156E-1	6.7171E1	3.8017E0	6.2838E5	
285	-7.6912E-1	7.0794E1	3.7956E0	6.3060E5	
286	-7.7141E-1	6.7398E1	3.7893E0	6.3282E5	
287	-7.6981E-1	6.9775E1	3.7831E0	6.3504E5	
288	-7.6973E-1	6.9889E1	3.7769E0	6.3726E5	
289	-7.7103E-1	6.7964E1	3.7707E0	6.3948E5	
290	-7.6836E-1	7.1927E1	3.7645E0	6.4170E5	
291	-7.7095E-1	6.8077E1	3.7583E0	6.4392E5	
292	-7.7194E-1	6.6605E1	3.7522E0	6.4614E5	
293	-7.6775E-1	7.2832E1	3.7459E0	6.4836E5	
294	-7.7026E-1	6.9096E1	3.7397E0	6.5058E5	
295	-7.6813E-1	7.2266E1	3.7334E0	6.5280E5	
296	-7.6920E-1	7.0681E1	3.7272E0	6.5502E5	
297	-7.6935E-1	7.0455E1	3.7209E0	6.5724E5	
298	-7.6805E-1	7.2380E1	3.7147E0	6.5946E5	
299	-7.6691E-1	7.4078E1	3.7085E0	6.6168E5	
300	-7.6813E-1	7.2266E1	3.7023E0	6.6390E5	
301	-7.6927E-1	7.0568E1	3.6961E0	6.6612E5	
302	-7.7141E-1	6.7398E1	3.6898E0	6.6834E5	
303	-7.6790E-1	7.2606E1	3.6836E0	6.7056E5	
304	-7.6790E-1	7.2606E1	3.6773E0	6.7278E5	
305	-7.6866E-1	7.1474E1	3.6711E0	6.7500E5	
306	-7.6675E-1	7.4304E1	3.6648E0	6.7722E5	
307	-7.6523E-1	7.6569E1	3.6585E0	6.7944E5	
308	-7.6813E-1	7.2266E1	3.6522E0	6.8166E5	
309	-7.6622E-1	7.5097E1	3.6460E0	6.8388E5	
310	-7.6752E-1	7.3172E1	3.6398E0	6.8610E5	
311	-7.6668E-1	7.4418E1	3.6335E0	6.8832E5	
312	-7.6538E-1	7.6342E1	3.6272E0	6.9054E5	
313	-7.6378E-1	7.8720E1	3.6209E0	6.9276E5	
314	-7.6416E-1	7.8154E1	3.6146E0	6.9498E5	
315	-7.6416E-1	7.8154E1	3.6083E0	6.9720E5	
316	-7.6569E-1	7.5890E1	3.6021E0	6.9942E5	
317	-7.6324E-1	7.9513E1	3.5957E0	7.0164E5	
318	-7.6561E-1	7.6003E1	3.5894E0	7.0386E5	
319	-7.6286E-1	8.0079E1	3.5830E0	7.0608E5	
320	-7.6263E-1	8.0419E1	3.5769E0	7.0830E5	
321	-7.6302E-1	7.9852E1	3.5704E0	7.1052E5	
322	-7.6073E-1	8.3249E1	3.5642E0	7.1274E5	
323	-7.6370E-1	7.8833E1	3.5578E0	7.1496E5	
324	-7.6187E-1	8.1551E1	3.5516E0	7.1718E5	
325	-7.6408E-1	7.8267E1	3.5452E0	7.1940E5	
326	-7.6157E-1	8.2004E1	3.5389E0	7.2162E5	
327	-7.6180E-1	8.1664E1	3.5327E0	7.2384E5	
328	-7.6180E-1	8.1664E1	3.5262E0	7.2606E5	
329	-7.6180E-1	8.1664E1	3.5198E0	7.2828E5	
330	-7.6019E-1	8.4042E1	3.5136E0	7.3050E5	
331	-7.6241E-1	8.0758E1	3.5071E0	7.3272E5	
332	-7.5928E-1	8.5401E1	3.5008E0	7.3494E5	
333	-7.6019E-1	8.4042E1	3.4944E0	7.3716E5	
334	-7.5836E-1	8.6759E1	3.4881E0	7.3938E5	
335	-7.6126E-1	8.2457E1	3.4817E0	7.4160E5	
336	-7.5821E-1	8.6986E1	3.4754E0	7.4382E5	
337	-7.5882E-1	8.6080E1	3.4690E0	7.4604E5	
338	-7.5996E-1	8.4382E1	3.4626E0	7.4826E5	
339	-7.5806E-1	8.7212E1	3.4561E0	7.5048E5	
340	-7.5813E-1	8.7099E1	3.4499E0	7.5270E5	
341	-7.5783E-1	8.7552E1	3.4434E0	7.5492E5	
342	-7.6019E-1	8.4042E1	3.4371E0	7.5714E5	
343	-7.5714E-1	8.8571E1	3.4307E0	7.5936E5	
344	-7.5836E-1	8.6759E1	3.4243E0	7.6158E5	
345	-7.5829E-1	8.6872E1	3.4179E0	7.6380E5	
346	-7.5653E-1	8.9477E1	3.4114E0	7.6602E5	
347	-7.5676E-1	8.9137E1	3.4051E0	7.6824E5	
348	-7.5539E-1	9.1175E1	3.3987E0	7.7046E5	
349	-7.5706E-1	8.8684E1	3.3922E0	7.7268E5	
350	-7.5630E-1	8.9816E1	3.3860E0	7.7490E5	
351	-7.5836E-1	8.6759E1	3.3795E0	7.7712E5	
352	-7.5806E-1	8.7212E1	3.3730E0	7.7934E5	
353	-7.5737E-1	8.8231E1	3.3666E0	7.8156E5	
354	-7.5821E-1	8.6986E1	3.3600E0	7.8378E5	
355	-7.5798E-1	8.7325E1	3.3538E0	7.8600E5	
356	-7.5645E-1	8.9590E1	3.3473E0	7.8822E5	
357	-7.5821E-1	8.6986E1	3.3409E0	7.9044E5	
358	-7.5768E-1	8.7778E1	3.3345E0	7.9266E5	
359	-7.5729E-1	8.8344E1	3.3279E0	7.9488E5	
360	-7.5638E-1	8.9703E1	3.3216E0	7.9710E5	
361	-7.5630E-1	8.9816E1	3.3151E0	7.9932E5	
362	-7.5600E-1	9.0269E1	3.3087E0	8.0154E5	
363	-7.5729E-1	8.8344E1	3.3022E0	8.0376E5	
364	-7.5706E-1	8.8684E1	3.2957E0	8.0598E5	
365	-7.5500E-1	9.1741E1	3.2893E0	8.0820E5	
366	-7.5478E-1	9.2081E1	3.2828E0	8.1042E5	
367	-7.5401E-1	9.3213E1	3.2763E0	8.1264E5	
368	-7.5523E-1	9.1402E1	3.2698E0	8.1486E5	
369	-7.5630E-1	8.9816E1	3.2633E0	8.1708E5	
370	-7.5439E-1	9.2647E1	3.2568E0	8.1930E5	
371	-7.5523E-1	9.1402E1	3.2504E0	8.2152E5	
372	-7.5455E-1	9.2421E1	3.2438E0	8.2374E5	
373	-7.5439E-1	9.2647E1	3.2374E0	8.2596E5	
374	-7.5294E-1	9.4798E1	3.2309E0	8.2818E5	
375	-7.5279E-1	9.5025E1	3.2243E0	8.3040E5	
376	-7.5218E-1	9.5931E1	3.2180E0	8.3262E5	
377	-7.5333E-1	9.4232E1	3.2114E0	8.3484E5	
378	-7.4974E-1	9.9554E1	3.2049E0	8.3706E5	
379	-7.5485E-1	9.1968E1	3.1983E0	8.3928E5	
380	-7.5027E-1	9.8761E1	3.1919E0	8.4150E5	
381	-7.5378E-1	9.3553E1	3.1854E0	8.4372E5	
382	-7.5233E-1	9.5704E1	3.1789E0	8.4594E5	
383	-7.5172E-1	9.6610E1	3.1723E0	8.4816E5	
384	-7.5134E-1	9.7176E1	3.1659E0	8.5038E5	
385	-7.5096E-1	9.7742E1	3.1593E0	8.5260E5	
386	-7.4982E-1	9.9441E1	3.1527E0	8.5482E5	
387	-7.4867E-1	1.0114E2	3.1462E0	8.5704E5	
388	-7.4905E-1	1.0057E2	3.1397E0	8.5926E5	
389	-7.4944E-1	1.0001E2	3.1331E0	8.6148E5	
390	-7.4951E-1	9.9893E1	3.1266E0	8.6370E5	
391	-7.4638E-1	1.0454E2	3.1199E0	8.6592E5	
392	-7.4829E-1	1.0171E2	3.1136E0	8.6814E5	
393	-7.4989E-1	9.9327E1	3.1069E0	8.7036E5	
394	-7.4867E-1	1.0114E2	3.1004E0	8.7258E5	
395	-7.4905E-1	1.0057E2	3.0939E0	8.7480E5	
396	-7.4745E-1	1.0295E2	3.0873E0	8.7702E5	
397	-7.4982E-1	9.9441E1	3.0807E0	8.7924E5	
398	-7.4547E-1	1.0589E2	3.0742E0	8.8146E5	
399	-7.4257E-1	1.1020E2	3.0676E0	8.8368E5	
400	-7.4509E-1	1.0646E2	3.0610E0	8.8590E5	
401	-7.4608E-1	1.0499E2	3.0544E0	8.8812E5	
402	-7.4524E-1	1.0623E2	3.0479E0	8.9034E5	
403	-7.4562E-1	1.0567E2	3.0413E0	8.9256E5	
404	-7.4547E-1	1.0589E2	3.0348E0	8.9478E5	
405	-7.4516E-1	1.0635E2	3.0281E0	8.9700E5	
406	-7.4409E-1	1.0793E2	3.0214E0	8.9922E5	
407	-7.4417E-1	1.0782E2	3.0150E0	9.0144E5	
408	-7.4387E-1	1.0827E2	3.0084E0	9.0366E5	
409	-7.4463E-1	1.0714E2	3.0017E0	9.0588E5	
410	-7.4387E-1	1.0827E2	2.9951E0	9.0810E5	
411	-7.4432E-1	1.0759E2	2.9884E0	9.1032E5	
412	-7.4249E-1	1.1031E2	2.9819E0	9.1254E5	
413	-7.4684E-1	1.0386E2	2.9753E0	9.1476E5	
414	-7.4371E-1	1.0850E2	2.9687E0	9.1698E5	
415	-7.4356E-1	1.0873E2	2.9621E0	9.1920E5	
416	-7.4272E-1	1.0997E2	2.9554E0	9.2142E5	
417	-7.4188E-1	1.1122E2	2.9488E0	9.2364E5	
418	-7.4516E-1	1.0635E2	2.9422E0	9.2586E5	
419	-7.4455E-1	1.0725E2	2.9356E0	9.2808E5	
420	-7.4440E-1	1.0748E2	2.9289E0	9.3030E5	
421	-7.4265E-1	1.1008E2	2.9223E0	9.3252E5	
422	-7.4234E-1	1.1054E2	2.9156E0	9.3474E5	
423	-7.4127E-1	1.1212E2	2.9089E0	9.3696E5	
424	-7.4432E-1	1.0759E2	2.9024E0	9.3918E5	
425	-7.4669E-1	1.0408E2	2.8957E0	9.4140E5	
426	-7.4364E-1	1.0861E2	2.8891E0	9.4362E5	
427	-7.4280E-1	1.0986E2	2.8824E0	9.4584E5	
428	-7.4348E-1	1.0884E2	2.8757E0	9.4806E5	
429	-7.4211E-1	1.1088E2	2.8691E0	9.5028E5	
430	-7.4211E-1	1.1088E2	2.8624E0	9.5250E5	
431	-7.4036E-1	1.1348E2	2.8557E0	9.5472E5	
432	-7.4188E-1	1.1122E2	2.8491E0	9.5694E5	
433	-7.4333E-1	1.0906E2	2.8424E0	9.5916E5	
434	-7.4219E-1	1.1076E2	2.8357E0	9.6138E5	
435	-7.4242E-1	1.1042E2	2.8291E0	9.6360E5	
436	-7.4135E-1	1.1201E2	2.8224E0	9.6582E5	
437	-7.4089E-1	1.1269E2	2.8157E0	9.6804E5	
438	-7.4158E-1	1.1167E2	2.8090E0	9.7026E5	
439	-7.4043E-1	1.1337E2	2.8024E0	9.7248E5	
440	-7.4089E-1	1.1269E2	2.7957E0	9.7470E5	
441	-7.4242E-1	1.1042E2	2.7889E0	9.7692E5	
442	-7.4310E-1	1.0940E2	2.7823E0	9.7914E5	
443	-7.4066E-1	1.1303E2	2.7755E0	9.8136E5	
444	-7.4020E-1	1.1371E2	2.7688E0	9.8358E5	
445	-7.3860E-1	1.1608E2	2.7622E0	9.8580E5	
446	-7.3944E-1	1.1484E2	2.7554E0	9.8802E5	
447	-7.3891E-1	1.1563E2	2.7487E0	9.9024E5	
448	-7.3883E-1	1.1575E2	2.7420E0	9.9246E5	
449	-7.3730E-1	1.1801E2	2.7353E0	9.9468E5	
450	-7.3700E-1	1.1846E2	2.7285E0	9.9690E5	
451	-7.3753E-1	1.1767E2	2.7219E0	9.9912E5	
452	-7.3814E-1	1.1676E2	2.7150E0	1.0013E6	
453	-7.3669E-1	1.1892E2	2.7085E0	1.0036E6	
454	-7.3631E-1	1.1948E2	2.7016E0	1.0058E6	
455	-7.3486E-1	1.2163E2	2.6949E0	1.0080E6	
456	-7.3364E-1	1.2344E2	2.6882E0	1.0102E6	
457	-7.3685E-1	1.1869E2	2.6815E0	1.0124E6	
458	-7.3334E-1	1.2390E2	2.6747E0	1.0147E6	
459	-7.3509E-1	1.2129E2	2.6681E0	1.0169E6	
460	-7.3601E-1	1.1993E2	2.6612E0	1.0191E6	
461	-7.3532E-1	1.2095E2	2.6545E0	1.0213E6	
462	-7.3517E-1	1.2118E2	2.6477E0	1.0235E6	
463	-7.3341E-1	1.2378E2	2.6410E0	1.0258E6	
464	-7.3311E-1	1.2424E2	2.6342E0	1.0280E6	
465	-7.3097E-1	1.2741E2	2.6275E0	1.0302E6	
466	-7.3174E-1	1.2628E2	2.6207E0	1.0324E6	
467	-7.3158E-1	1.2650E2	2.6139E0	1.0346E6	
468	-7.3120E-1	1.2707E2	2.6072E0	1.0369E6	
469	-7.3151E-1	1.2661E2	2.6004E0	1.0391E6	
470	-7.3174E-1	1.2628E2	2.5936E0	1.0413E6	
471	-7.3212E-1	1.2571E2	2.5869E0	1.0435E6	
472	-7.2922E-1	1.3001E2	2.5801E0	1.0457E6	
473	-7.3158E-1	1.2650E2	2.5733E0	1.0480E6	
474	-7.3090E-1	1.2752E2	2.5666E0	1.0502E6	
475	-7.3174E-1	1.2628E2	2.5598E0	1.0524E6	
476	-7.3090E-1	1.2752E2	2.5529E0	1.0546E6	
477	-7.3311E-1	1.2424E2	2.5462E0	1.0568E6	
478	-7.2968E-1	1.2933E2	2.5394E0	1.0591E6	
479	-7.3013E-1	1.2865E2	2.5326E0	1.0613E6	
480	-7.2983E-1	1.2911E2	2.5258E0	1.0635E6	
481	-7.3242E-1	1.2526E2	2.5191E0	1.0657E6	
482	-7.2945E-1	1.2967E2	2.5122E0	1.0679E6	
483	-7.2968E-1	1.2933E2	2.5054E0	1.0702E6	
484	-7.3067E-1	1.2786E2	2.4986E0	1.0724E6	
485	-7.2708E-1	1.3318E2	2.4917E0	1.0746E6	
486	-7.3105E-1	1.2729E2	2.4850E0	1.0768E6	
487	-7.3021E-1	1.2854E2	2.4782E0	1.0790E6	
488	-7.3021E-1	1.2854E2	2.4713E0	1.0813E6	
489	-7.2777E-1	1.3216E2	2.4645E0	1.0835E6	
490	-7.2830E-1	1.3137E2	2.4576E0	1.0857E6	
491	-7.2807E-1	1.3171E2	2.4508E0	1.0879E6	
492	-7.2922E-1	1.3001E2	2.4440E0	1.0901E6	
493	-7.2845E-1	1.3114E2	2.4372E0	1.0924E6	
494	-7.2983E-1	1.2911E2	2.4304E0	1.0946E6	
495	-7.2891E-1	1.3046E2	2.4235E0	1.0968E6	
496	-7.2647E-1	1.3409E2	2.4167E0	1.0990E6	
497	-7.2823E-1	1.3148E2	2.4099E0	1.1012E6	
498	-7.2952E-1	1.2956E2	2.4031E0	1.1035E6	
499	-7.2632E-1	1.3431E2	2.3962E0	1.1057E6	
500	-7.2746E-1	1.3262E2	2.3893E0	1.1079E6	
501	-7.2815E-1	1.3160E2	2.3825E0	1.1101E6	
502	-7.2601E-1	1.3477E2	2.3757E0	1.1123E6	
503	-7.2891E-1	1.3046E2	2.3689E0	1.1146E6	
504	-7.2792E-1	1.3194E2	2.3620E0	1.1168E6	
505	-7.2777E-1	1.3216E2	2.3551E0	1.1190E6	
506	-7.2807E-1	1.3171E2	2.3482E0	1.1212E6	
507	-7.2632E-1	1.3431E2	2.3415E0	1.1234E6	
508	-7.2563E-1	1.3533E2	2.3345E0	1.1257E6	
509	-7.2472E-1	1.3669E2	2.3277E0	1.1279E6	
510	-7.2655E-1	1.3397E2	2.3208E0	1.1301E6	
511	-7.2533E-1	1.3579E2	2.3139E0	1.1323E6	
512	-7.2372E-1	1.3816E2	2.3070E0	1.1345E6	
513	-7.2342E-1	1.3862E2	2.3002E0	1.1368E6	
514	-7.2433E-1	1.3726E2	2.2933E0	1.1390E6	
515	-7.2281E-1	1.3952E2	2.2864E0	1.1412E6	
516	-7.2487E-1	1.3647E2	2.2796E0	1.1434E6	
517	-7.2311E-1	1.3907E2	2.2728E0	1.1456E6	
518	-7.2365E-1	1.3828E2	2.2657E0	1.1479E6	
519	-7.2472E-1	1.3669E2	2.2589E0	1.1501E6	
520	-7.2174E-1	1.4111E2	2.2520E0	1.1523E6	
521	-7.2014E-1	1.4349E2	2.2451E0	1.1545E6	
522	-7.2044E-1	1.4303E2	2.2381E0	1.1567E6	
523	-7.2159E-1	1.4133E2	2.2313E0	1.1590E6	
524	-7.2083E-1	1.4247E2	2.2244E0	1.1612E6	
525	-7.2105E-1	1.4213E2	2.2175E0	1.1634E6	
526	-7.1899E-1	1.4518E2	2.2105E0	1.1656E6	
527	-7.2067E-1	1.4269E2	2.2036E0	1.1678E6	
528	-7.1838E-1	1.4609E2	2.1967E0	1.1701E6	
529	-7.1976E-1	1.4405E2	2.1898E0	1.1723E6	
530	-7.1861E-1	1.4575E2	2.1829E0	1.1745E6	
531	-7.2044E-1	1.4303E2	2.1761E0	1.1767E6	
532	-7.2014E-1	1.4349E2	2.1691E0	1.1789E6	
533	-7.1953E-1	1.4439E2	2.1621E0	1.1812E6	
534	-7.1930E-1	1.4473E2	2.1552E0	1.1834E6	
535	-7.1800E-1	1.4666E2	2.1484E0	1.1856E6	
536	-7.1892E-1	1.4530E2	2.1414E0	1.1878E6	
537	-7.1556E-1	1.5028E2	2.1345E0	1.1900E6	
538	-7.1609E-1	1.4949E2	2.1276E0	1.1923E6	
539	-7.1625E-1	1.4926E2	2.1207E0	1.1945E6	
540	-7.1785E-1	1.4688E2	2.1137E0	1.1967E6	
541	-7.1793E-1	1.4677E2	2.1069E0	1.1989E6	
542	-7.1617E-1	1.4937E2	2.0998E0	1.2011E6	
543	-7.1754E-1	1.4734E2	2.0929E0	1.2034E6	
544	-7.1762E-1	1.4722E2	2.0859E0	1.2056E6	
545	-7.1815E-1	1.4643E2	2.0791E0	1.2078E6	
546	-7.1686E-1	1.4835E2	2.0721E0	1.2100E6	
547	-7.1381E-1	1.5288E2	2.0652E0	1.2122E6	
548	-7.1510E-1	1.5096E2	2.0582E0	1.2145E6	
549	-7.1648E-1	1.4892E2	2.0512E0	1.2167E6	
550	-7.1327E-1	1.5368E2	2.0443E0	1.2189E6	
551	-7.1823E-1	1.4632E2	2.0373E0	1.2211E6	
552	-7.1335E-1	1.5356E2	2.0304E0	1.2233E6	
553	-7.1487E-1	1.5130E2	2.0234E0	1.2256E6	
554	-7.1434E-1	1.5209E2	2.0164E0	1.2278E6	
555	-7.1510E-1	1.5096E2	2.0095E0	1.2300E6	
556	-7.1457E-1	1.5175E2	2.0024E0	1.2322E6	
557	-7.1350E-1	1.5334E2	1.9955E0	1.2344E6	
558	-7.1411E-1	1.5243E2	1.9885E0	1.2367E6	
559	-7.1396E-1	1.5266E2	1.9817E0	1.2389E6	
560	-7.1526E-1	1.5073E2	1.9747E0	1.2411E6	
561	-7.1442E-1	1.5198E2	1.9676E0	1.2433E6	
562	-7.1388E-1	1.5277E2	1.9608E0	1.2455E6	
563	-7.1434E-1	1.5209E2	1.9537E0	1.2478E6	
564	-7.1350E-1	1.5334E2	1.9467E0	1.2500E6	
565	-7.1419E-1	1.5232E2	1.9398E0	1.2522E6	
566	-7.1404E-1	1.5254E2	1.9327E0	1.2544E6	
567	-7.1297E-1	1.5413E2	1.9259E0	1.2566E6	
568	-7.1457E-1	1.5175E2	1.9187E0	1.2589E6	
569	-7.1220E-1	1.5526E2	1.9118E0	1.2611E6	
570	-7.1281E-1	1.5436E2	1.9049E0	1.2633E6	
571	-7.1228E-1	1.5515E2	1.8979E0	1.2655E6	
572	-7.1228E-1	1.5515E2	1.8908E0	1.2677E6	
573	-7.1060E-1	1.5764E2	1.8838E0	1.2700E6	
574	-7.1136E-1	1.5651E2	1.8769E0	1.2722E6	
575	-7.0839E-1	1.6092E2	1.8699E0	1.2744E6	
576	-7.0938E-1	1.5945E2	1.8627E0	1.2766E6	
577	-7.1022E-1	1.5820E2	1.8558E0	1.2788E6	
578	-7.1075E-1	1.5741E2	1.8488E0	1.2811E6	
579	-7.1159E-1	1.5617E2	1.8418E0	1.2833E6	
580	-7.1281E-1	1.5436E2	1.8348E0	1.2855E6	
581	-7.0770E-1	1.6194E2	1.8278E0	1.2877E6	
582	-7.0961E-1	1.5911E2	1.8208E0	1.2899E6	
583	-7.0976E-1	1.5888E2	1.8138E0	1.2922E6	
584	-7.0839E-1	1.6092E2	1.8068E0	1.2944E6	
585	-7.0755E-1	1.6217E2	1.7998E0	1.2966E6	
586	-7.0740E-1	1.6239E2	1.7927E0	1.2988E6	
587	-7.0671E-1	1.6341E2	1.7858E0	1.3010E6	
588	-7.0740E-1	1.6239E2	1.7787E0	1.3033E6	
589	-7.0618E-1	1.6421E2	1.7717E0	1.3055E6	
590	-7.0953E-1	1.5922E2	1.7647E0	1.3077E6	
591	-7.0580E-1	1.6477E2	1.7577E0	1.3099E6	
592	-7.0351E-1	1.6817E2	1.7507E0	1.3121E6	
593	-7.0618E-1	1.6421E2	1.7437E0	1.3144E6	
594	-7.0335E-1	1.6840E2	1.7366E0	1.3166E6	
595	-7.0564E-1	1.6500E2	1.7295E0	1.3188E6	
596	-7.0320E-1	1.6862E2	1.7225E0	1.3210E6	
597	-7.0496E-1	1.6602E2	1.7155E0	1.3232E6	
598	-7.0297E-1	1.6896E2	1.7083E0	1.3255E6	
599	-7.0541E-1	1.6534E2	1.7014E0	1.3277E6	
600	-7.0503E-1	1.6590E2	1.6943E0	1.3299E6	
601	-7.0320E-1	1.6862E2	1.6874E0	1.3321E6	
602	-7.0145E-1	1.7123E2	1.6803E0	1.3343E6	
603	-7.0335E-1	1.6840E2	1.6733E0	1.3366E6	
604	-7.0381E-1	1.6772E2	1.6663E0	1.3388E6	
605	-7.0320E-1	1.6862E2	1.6592E0	1.3410E6	
606	-7.0168E-1	1.7089E2	1.6521E0	1.3432E6	
607	-7.0320E-1	1.6862E2	1.6451E0	1.3454E6	
608	-7.0229E-1	1.6998E2	1.6379E0	1.3477E6	
609	-7.0030E-1	1.7292E2	1.6310E0	1.3499E6	
610	-7.0290E-1	1.6907E2	1.6238E0	1.3521E6	
611	-7.0244E-1	1.6975E2	1.6168E0	1.3543E6	
612	-7.0335E-1	1.6840E2	1.6098E0	1.3565E6	
613	-7.0297E-1	1.6896E2	1.6028E0	1.3588E6	
614	-7.0000E-1	1.7338E2	1.5957E0	1.3610E6	
615	-7.0000E-1	1.7338E2	1.5887E0	1.3632E6	
616	-7.0137E-1	1.7134E2	1.5816E0	1.3654E6	
617	-7.0061E-1	1.7247E2	1.5745E0	1.3676E6	
618	-7.0244E-1	1.6975E2	1.5674E0	1.3699E6	
619	-7.0000E-1	1.7338E2	1.5604E0	1.3721E6	
620	-7.0053E-1	1.7258E2	1.5534E0	1.3743E6	
621	-7.0061E-1	1.7247E2	1.5463E0	1.3765E6	
622	-7.0137E-1	1.7134E2	1.5392E0	1.3787E6	
623	-7.0076E-1	1.7224E2	1.5321E0	1.3810E6	
624	-7.0076E-1	1.7224E2	1.5251E0	1.3832E6	
625	-6.9954E-1	1.7406E2	1.5181E0	1.3854E6	
626	-7.0053E-1	1.7258E2	1.5110E0	1.3876E6	
627	-6.9824E-1	1.7598E2	1.5039E0	1.3898E6	
628	-7.0023E-1	1.7304E2	1.4968E0	1.3921E6	
629	-7.0053E-1	1.7258E2	1.4897E0	1.3943E6	
630	-6.9885E-1	1.7508E2	1.4826E0	1.3965E6	
631	-6.9893E-1	1.7496E2	1.4756E0	1.3987E6	
632	-7.0030E-1	1.7292E2	1.4685E0	1.4009E6	
633	-7.0107E-1	1.7179E2	1.4613E0	1.4032E6	
634	-7.0007E-1	1.7326E2	1.4543E0	1.4054E6	
635	-6.9786E-1	1.7655E2	1.4473E0	1.4076E6	
636	-6.9740E-1	1.7723E2	1.4402E0	1.4098E6	
637	-6.9824E-1	1.7598E2	1.4331E0	1.4120E6	
638	-6.9862E-1	1.7542E2	1.4261E0	1.4143E6	
639	-6.9672E-1	1.7825E2	1.4190E0	1.4165E6	
640	-6.9389E-1	1.8244E2	1.4119E0	1.4187E6	
641	-6.9725E-1	1.7745E2	1.4048E0	1.4209E6	
642	-6.9603E-1	1.7926E2	1.3977E0	1.4231E6	
643	-6.9252E-1	1.8447E2	1.3907E0	1.4254E6	
644	-6.9550E-1	1.8006E2	1.3835E0	1.4276E6	
645	-6.9679E-1	1.7813E2	1.3764E0	1.4298E6	
646	-6.9504E-1	1.8074E2	1.3693E0	1.4320E6	
647	-6.9588E-1	1.7949E2	1.3624E0	1.4342E6	
648	-6.9542E-1	1.8017E2	1.3552E0	1.4365E6	
649	-6.9267E-1	1.8425E2	1.3481E0	1.4387E6	
650	-6.9298E-1	1.8379E2	1.3411E0	1.4409E6	
651	-6.9191E-1	1.8538E2	1.3339E0	1.4431E6	
652	-6.9221E-1	1.8493E2	1.3267E0	1.4453E6	
653	-6.9374E-1	1.8266E2	1.3197E0	1.4476E6	
654	-6.9145E-1	1.8606E2	1.3126E0	1.4498E6	
655	-6.9069E-1	1.8719E2	1.3056E0	1.4520E6	
656	-6.9099E-1	1.8674E2	1.2984E0	1.4542E6	
657	-6.8787E-1	1.9138E2	1.2914E0	1.4564E6	
658	-6.9092E-1	1.8685E2	1.2842E0	1.4587E6	
659	-6.9168E-1	1.8572E2	1.2771E0	1.4609E6	
660	-6.9008E-1	1.8810E2	1.2700E0	1.4631E6	
661	-6.8947E-1	1.8900E2	1.2630E0	1.4653E6	
662	-6.9153E-1	1.8595E2	1.2558E0	1.4675E6	
663	-6.9038E-1	1.8764E2	1.2487E0	1.4698E6	
664	-6.8993E-1	1.8832E2	1.2416E0	1.4720E6	
665	-6.8794E-1	1.9127E2	1.2346E0	1.4742E6	
666	-6.9092E-1	1.8685E2	1.2274E0	1.4764E6	
667	-6.8939E-1	1.8912E2	1.2204E0	1.4786E6	
668	-6.8695E-1	1.9274E2	1.2133E0	1.4809E6	
669	-6.8863E-1	1.9025E2	1.2062E0	1.4831E6	
670	-6.8848E-1	1.9047E2	1.1991E0	1.4853E6	
671	-6.8748E-1	1.9195E2	1.1919E0	1.4875E6	
672	-6.8756E-1	1.9183E2	1.1849E0	1.4897E6	
673	-6.8726E-1	1.9229E2	1.1777E0	1.4920E6	
674	-6.8710E-1	1.9251E2	1.1706E0	1.4942E6	
675	-6.8657E-1	1.9330E2	1.1636E0	1.4964E6	
676	-6.8787E-1	1.9138E2	1.1564E0	1.4986E6	
677	-6.9000E-1	1.8821E2	1.1494E0	1.5008E6	
678	-6.8573E-1	1.9455E2	1.1422E0	1.5031E6	
679	-6.8527E-1	1.9523E2	1.1351E0	1.5053E6	
680	-6.8642E-1	1.9353E2	1.1280E0	1.5075E6	
681	-6.8489E-1	1.9580E2	1.1209E0	1.5097E6	
682	-6.8565E-1	1.9466E2	1.1137E0	1.5119E6	
683	-6.8687E-1	1.9285E2	1.1067E0	1.5142E6	
684	-6.8581E-1	1.9444E2	1.0995E0	1.5164E6	
685	-7.2052E-1	1.4292E2	1.0924E0	1.5186E6	
686	-7.1640E-1	1.4903E2	1.0854E0	1.5208E6	
687	-7.1571E-1	1.5005E2	1.0782E0	1.5230E6	
688	-7.1548E-1	1.5039E2	1.0711E0	1.5253E6	
689	-7.1091E-1	1.5719E2	1.0640E0	1.5275E6	
690	-7.0564E-1	1.6500E2	1.0571E0	1.5297E6	
691	-6.9489E-1	1.8096E2	1.0498E0	1.5319E6	
692	-6.9618E-1	1.7904E2	1.0427E0	1.5341E6	
693	-6.9298E-1	1.8379E2	1.0356E0	1.5364E6	
694	-6.8588E-1	1.9432E2	1.0285E0	1.5386E6	
695	-6.8169E-1	2.0055E2	1.0214E0	1.5408E6	
696	-6.7780E-1	2.0633E2	1.0143E0	1.5430E6	
697	-6.6872E-1	2.1980E2	1.0071E0	1.5452E6	
698	-6.6483E-1	2.2557E2	1.0000E0	1.5475E6	
699	-6.5605E-1	2.3859E2	9.9284E-1	1.5497E6	
700	-6.5567E-1	2.3916E2	9.8591E-1	1.5519E6	
701	-6.5468E-1	2.4063E2	9.7866E-1	1.5541E6	
702	-6.4804E-1	2.5048E2	9.7156E-1	1.5563E6	
703	-6.4621E-1	2.5320E2	9.6459E-1	1.5586E6	
704	-6.4217E-1	2.5920E2	9.5745E-1	1.5608E6	
705	-6.3873E-1	2.6430E2	9.5029E-1	1.5630E6	
706	-6.3538E-1	2.6928E2	9.4311E-1	1.5652E6	
707	-6.2881E-1	2.7902E2	9.3601E-1	1.5674E6	
708	-6.2363E-1	2.8672E2	9.2897E-1	1.5697E6	
709	-6.2141E-1	2.9000E2	9.2187E-1	1.5719E6	
710	-6.1546E-1	2.9883E2	9.1475E-1	1.5741E6	
711	-6.1058E-1	3.0608E2	9.0768E-1	1.5763E6	
712	-6.1058E-1	3.0608E2	9.0051E-1	1.5785E6	
713	-6.0280E-1	3.1763E2	8.9341E-1	1.5808E6	
714	-6.0020E-1	3.2148E2	8.8631E-1	1.5830E6	
715	-5.9570E-1	3.2816E2	8.7925E-1	1.5852E6	
716	-5.9319E-1	3.3189E2	8.7209E-1	1.5874E6	
717	-5.8701E-1	3.4106E2	8.6506E-1	1.5896E6	
718	-5.8556E-1	3.4322E2	8.5792E-1	1.5919E6	
719	-5.8228E-1	3.4808E2	8.5078E-1	1.5941E6	
720	-5.7991E-1	3.5159E2	8.4370E-1	1.5963E6	
721	-5.7457E-1	3.5952E2	8.3659E-1	1.5985E6	
722	-5.6870E-1	3.6824E2	8.2952E-1	1.6007E6	
723	-5.6511E-1	3.7356E2	8.2242E-1	1.6030E6	
724	-5.6053E-1	3.8035E2	8.1536E-1	1.6052E6	
725	-5.5992E-1	3.8126E2	8.0817E-1	1.6074E6	
726	-5.5649E-1	3.8635E2	8.0105E-1	1.6096E6	
727	-5.4535E-1	4.0289E2	7.9404E-1	1.6118E6	
728	-5.4703E-1	4.0039E2	7.8697E-1	1.6141E6	
729	-5.3658E-1	4.1591E2	7.7982E-1	1.6163E6	
730	-5.3093E-1	4.2429E2	7.7269E-1	1.6185E6	
731	-5.2452E-1	4.3380E2	7.6571E-1	1.6207E6	
732	-5.1758E-1	4.4410E2	7.5862E-1	1.6229E6	
733	-5.1239E-1	4.5180E2	7.5144E-1	1.6252E6	
734	-5.0835E-1	4.5780E2	7.4441E-1	1.6274E6	
735	-5.0087E-1	4.6890E2	7.3740E-1	1.6296E6	
736	-4.9889E-1	4.7184E2	7.3028E-1	1.6318E6	
737	-4.9225E-1	4.8169E2	7.2320E-1	1.6340E6	
738	-4.8462E-1	4.9301E2	7.1616E-1	1.6363E6	
739	-4.8149E-1	4.9766E2	7.0902E-1	1.6385E6	
740	-4.8088E-1	4.9856E2	7.0198E-1	1.6407E6	
741	-4.7661E-1	5.0490E2	6.9482E-1	1.6429E6	
742	-4.7188E-1	5.1192E2	6.8771E-1	1.6451E6	
743	-4.6303E-1	5.2506E2	6.8073E-1	1.6474E6	
744	-4.5990E-1	5.2970E2	6.7360E-1	1.6496E6	
745	-4.5563E-1	5.3604E2	6.6659E-1	1.6518E6	
746	-4.4746E-1	5.4815E2	6.5947E-1	1.6540E6	
747	-4.4540E-1	5.5121E2	6.5247E-1	1.6562E6	
748	-4.3739E-1	5.6310E2	6.4521E-1	1.6585E6	
749	-4.2953E-1	5.7476E2	6.3826E-1	1.6607E6	
750	-4.2679E-1	5.7884E2	6.3110E-1	1.6629E6	
751	-4.2206E-1	5.8586E2	6.2419E-1	1.6651E6	
752	-4.1893E-1	5.9050E2	6.1709E-1	1.6673E6	
753	-4.1359E-1	5.9843E2	6.1002E-1	1.6696E6	
754	-4.0718E-1	6.0794E2	6.0297E-1	1.6718E6	
755	-3.9726E-1	6.2266E2	5.9593E-1	1.6740E6	
756	-3.9230E-1	6.3002E2	5.8883E-1	1.6762E6	
757	-3.8673E-1	6.3828E2	5.8185E-1	1.6784E6	
758	-3.8284E-1	6.4406E2	5.7482E-1	1.6807E6	
759	-3.7674E-1	6.5311E2	5.6771E-1	1.6829E6	
760	-3.6980E-1	6.6342E2	5.6074E-1	1.6851E6	
761	-3.6110E-1	6.7633E2	5.5371E-1	1.6873E6	
762	-3.5934E-1	6.7893E2	5.4663E-1	1.6895E6	
763	-3.4988E-1	6.9297E2	5.3957E-1	1.6918E6	
764	-3.4065E-1	7.0667E2	5.3249E-1	1.6940E6	
765	-3.3386E-1	7.1675E2	5.2548E-1	1.6962E6	
766	-3.2578E-1	7.2875E2	5.1842E-1	1.6984E6	
767	-3.1792E-1	7.4041E2	5.1146E-1	1.7006E6	
768	-3.1799E-1	7.4030E2	5.0845E-1	1.7016E6	
769	-3.1654E-1	7.4245E2	5.0798E-1	1.7017E6	
770	-3.1654E-1	7.4245E2	5.0798E-1	1.7017E6	
771	-3.1654E-1	7.4245E2	5.0798E-1	1.7017E6	
772	-3.1654E-1	7.4245E2	5.0798E-1	1.7017E6	
773	-3.1654E-1	7.4245E2	5.0798E-1	1.7017E6	
774	-3.1654E-1	7.4245E2	5.0798E-1	1.7017E6	
775	-3.1654E-1	7.4245E2	5.0798E-1	1.7017E6	
776	-3.1654E-1	7.4245E2	5.0798E-1	1.7017E6	
777	-3.1654E-1	7.4245E2	5.0798E-1	1.7017E6	
778	-3.1654E-1	7.4245E2	5.0798E-1	1.7017E6	
779	-3.1654E-1	7.4245E2	5.0798E-1	1.7017E6	
780	-3.1654E-1	7.4245E2	5.0798E-1	1.7017E6	
781	-3.1654E-1	7.4245E2	5.0798E-1	1.7017E6	
782	-3.1654E-1	7.4245E2	5.0798E-1	1.7017E6	
783	-3.1654E-1	7.4245E2	5.0798E-1	1.7017E6	
784	-3.1654E-1	7.4245E2	5.0798E-1	1.7017E6	
785	-3.1654E-1	7.4245E2	5.0798E-1	1.7017E6	
786	-3.1654E-1	7.4245E2	5.0798E-1	1.7017E6	
787	-3.1654E-1	7.4245E2	5.0798E-1	1.7017E6	
788	-3.1654E-1	7.4245E2	5.0798E-1	1.7017E6	
789	-3.1654E-1	7.4245E2	5.0798E-1	1.7017E6	
790	-3.1654E-1	7.4245E2	5.0798E-1	1.7017E6	
791	-3.1654E-1	7.4245E2	5.0798E-1	1.7017E6	
792	-3.1654E-1	7.4245E2	5.0798E-1	1.7017E6	
793	-3.1654E-1	7.4245E2	5.0798E-1	1.7017E6	
794	-3.1654E-1	7.4245E2	5.0798E-1	1.7017E6	
795	-3.1654E-1	7.4245E2	5.0798E-1	1.7017E6	
796	-3.1654E-1	7.4245E2	5.0798E-1	1.7017E6	
797	-3.1654E-1	7.4245E2	5.0798E-1	1.7017E6	
798	-3.1654E-1	7.4245E2	5.0798E-1	1.7017E6	
799	-3.1654E-1	7.4245E2	5.0798E-1	1.7017E6	
800	-3.1654E-1	7.4245E2	5.0798E-1	1.7017E6	
801	-3.1654E-1	7.4245E2	5.0798E-1	1.7017E6	
802	-3.1654E-1	7.4245E2	5.0798E-1	1.7017E6	
803	-3.1654E-1	7.4245E2	5.0798E-1	1.7017E6	
804	-3.1654E-1	7.4245E2	5.0798E-1	1.7017E6	
805	-3.1654E-1	7.4245E2	5.0798E-1	1.7017E6	
806	-3.1654E-1	7.4245E2	5.0798E-1	1.7017E6	
807	-3.1654E-1	7.4245E2	5.0798E-1	1.7017E6	
808	-3.1654E-1	7.4245E2	5.0798E-1	1.7017E6	
809	-3.1654E-1	7.4245E2	5.0798E-1	1.7017E6	
810	-3.1654E-1	7.4245E2	5.0798E-1	1.7017E6	
811	-3.1654E-1	7.4245E2	5.0798E-1	1.7017E6	
812	-3.1654E-1	7.4245E2	5.0798E-1	1.7017E6	
813	-3.1654E-1	7.4245E2	5.0798E-1	1.7017E6	
814	-3.1654E-1	7.4245E2	5.0798E-1	1.7017E6	
815	-3.1654E-1	7.4245E2	5.0798E-1	1.7017E6	
816	-3.1654E-1	7.4245E2	5.0798E-1	1.7017E6	
817	-3.1654E-1	7.4245E2	5.0798E-1	1.7017E6	
818	-3.1654E-1	7.4245E2	5.0798E-1	1.7017E6	
819	-3.1654E-1	7.4245E2	5.0798E-1	1.7017E6	
820	-3.1654E-1	7.4245E2	5.0798E-1	1.7017E6	
821	-3.1654E-1	7.4245E2	5.0798E-1	1.7017E6	
822	-3.1654E-1	7.4245E2	5.0798E-1	1.7017E6	
823	-3.1654E-1	7.4245E2	5.0798E-1	1.7017E6	
824	-3.1654E-1	7.4245E2	5.0798E-1	1.7017E6	
825	-3.1654E-1	7.4245E2	5.0798E-1	1.7017E6	
826	-3.1654E-1	7.4245E2	5.0798E-1	1.7017E6	
827	-3.1654E-1	7.4245E2	5.0798E-1	1.7017E6	
828	-3.1654E-1	7.4245E2	5.0798E-1	1.7017E6	
829	-3.1654E-1	7.4245E2	5.0798E-1	1.7017E6	
830	-3.1654E-1	7.4245E2	5.0798E-1	1.7017E6	
831	-3.1654E-1	7.4245E2	5.0798E-1	1.7017E6	
832	-3.1654E-1	7.4245E2	5.0798E-1	1.7017E6	
833	-3.1654E-1	7.4245E2	5.0798E-1	1.7017E6	
834	-3.1654E-1	7.4245E2	5.0798E-1	1.7017E6	
835	-3.1654E-1	7.4245E2	5.0798E-1	1.7017E6	
836	-3.1654E-1	7.4245E2	5.0798E-1	1.7017E6	
837	-3.1654E-1	7.4245E2	5.0798E-1	1.7017E6	
838	-3.1654E-1	7.4245E2	5.0798E-1	1.7017E6	
839	-3.1654E-1	7.4245E2	5.0798E-1	1.7017E6	
840	-3.1654E-1	7.4245E2	5.0798E-1	1.7017E6	
841	-3.1654E-1	7.4245E2	5.0798E-1	1.7017E6	
842	-3.1654E-1	7.4245E2	5.0798E-1	1.7017E6	
843	-3.1654E-1	7.4245E2	5.0798E-1	1.7017E6	
844	-3.1654E-1	7.4245E2	5.0798E-1	1.7017E6	
845	-3.1654E-1	7.4245E2	5.0798E-1	1.7017E6	
846	-3.1654E-1	7.4245E2	5.0798E-1	1.7017E6	
847	-3.1654E-1	7.4245E2	5.0798E-1	1.7017E6	
848	-3.1654E-1	7.4245E2	5.0798E-1	1.7017E6	
849	-3.1654E-1	7.4245E2	5.0798E-1	1.7017E6	
850	-3.1654E-1	7.4245E2	5.0798E-1	1.7017E6	
851	-3.1654E-1	7.4245E2	5.0798E-1	1.7017E6	
852	-3.1654E-1	7.4245E2	5.0798E-1	1.7017E6	
853	-3.1654E-1	7.4245E2	5.0798E-1	1.7017E6	
854	-3.1654E-1	7.4245E2	5.0798E-1	1.7017E6	
855	-3.1654E-1	7.4245E2	5.0798E-1	1.7017E6	
856	-3.1654E-1	7.4245E2	5.0798E-1	1.7017E6	
857	-3.1654E-1	7.4245E2	5.0798E-1	1.7017E6	
858	-3.1654E-1	7.4245E2	5.0798E-1	1.7017E6	
859	-3.1654E-1	7.4245E2	5.0798E-1	1.7017E6	
860	-3.1654E-1	7.4245E2	5.0798E-1	1.7017E6	
861	-3.1654E-1	7.4245E2	5.0798E-1	1.7017E6	
862	-3.1654E-1	7.4245E2	5.0798E-1	1.7017E6	
863	-3.1654E-1	7.4245E2	5.0798E-1	1.7017E6	
864	-3.1654E-1	7.4245E2	5.0798E-1	1.7017E6	
865	-3.1654E-1	7.4245E2	5.0798E-1	1.7017E6	
866	-3.1654E-1	7.4245E2	5.0798E-1	1.7017E6	
867	-3.1654E-1	7.4245E2	5.0798E-1	1.7017E6	
868	-3.1654E-1	7.4245E2	5.0798E-1	1.7017E6	
869	-3.1654E-1	7.4245E2	5.0798E-1	1.7017E6	
870	-3.1654E-1	7.4245E2	5.0798E-1	1.7017E6	
871	-3.1654E-1	7.4245E2	5.0798E-1	1.7017E6	
872	-3.1654E-1	7.4245E2	5.0798E-1	1.7017E6	
873	-3.1654E-1	7.4245E2	5.0798E-1	1.7017E6	
874	-3.1654E-1	7.4245E2	5.0798E-1	1.7017E6	
875	-3.1654E-1	7.4245E2	5.0798E-1	1.7017E6	
876	-3.1654E-1	7.4245E2	5.0798E-1	1.7017E6	
877	-3.1654E-1	7.4245E2	5.0798E-1	1.7017E6	
878	-3.1654E-1	7.4245E2	5.0798E-1	1.7017E6	
879	-3.1654E-1	7.4245E2	5.0798E-1	1.7017E6	
880	-3.1654E-1	7.4245E2	5.0798E-1	1.7017E6	
881	-3.1654E-1	7.4245E2	5.0798E-1	1.7017E6	
882	-3.1654E-1	7.4245E2	5.0798E-1	1.7017E6	
883	-3.1654E-1	7.4245E2	5.0798E-1	1.7017E6	
884	-3.1654E-1	7.4245E2	5.0798E-1	1.7017E6	
885	-3.1654E-1	7.4245E2	5.0798E-1	1.7017E6	
886	-3.1654E-1	7.4245E2	5.0798E-1	1.7017E6	
887	-3.1654E-1	7.4245E2	5.0798E-1	1.7017E6	
888	-3.1654E-1	7.4245E2	5.0798E-1	1.7017E6	
889	-3.1654E-1	7.4245E2	5.0798E-1	1.7017E6	
890	-3.1654E-1	7.4245E2	5.0798E-1	1.7017E6	
891	-3.1654E-1	7.4245E2	5.0798E-1	1.7017E6	
892	-3.1654E-1	7.4245E2	5.0798E-1	1.7017E6	
893	-3.1654E-1	7.4245E2	5.0798E-1	1.7017E6	
894	-3.1654E-1	7.4245E2	5.0798E-1	1.7017E6	
895	-3.1654E-1	7.4245E2	5.0798E-1	1.7017E6	
896	-3.1654E-1	7.4245E2	5.0798E-1	1.7017E6	
897	-3.1654E-1	7.4245E2	5.0798E-1	1.7017E6	
898	-3.1654E-1	7.4245E2	5.0798E-1	1.7017E6	
899	-3.1654E-1	7.4245E2	5.0798E-1	1.7017E6	
900	-3.1654E-1	7.4245E2	5.0798E-1	1.7017E6	
901	-3.1654E-1	7.4245E2	5.0798E-1	1.7017E6	
902	-3.1654E-1	7.4245E2	5.0798E-1	1.7017E6	
903	-3.1654E-1	7.4245E2	5.0798E-1	1.7017E6	
904	-3.1654E-1	7.4245E2	5.0798E-1	1.7017E6	
905	-3.1654E-1	7.4245E2	5.0798E-1	1.7017E6	
906	-3.1654E-1	7.4245E2	5.0798E-1	1.7017E6	
907	-3.1654E-1	7.4245E2	5.0798E-1	1.7017E6	
908	-3.1654E-1	7.4245E2	5.0798E-1	1.7017E6	
909	-3.1654E-1	7.4245E2	5.0798E-1	1.7017E6	
910	-3.1654E-1	7.4245E2	5.0798E-1	1.7017E6	
911	-3.1654E-1	7.4245E2	5.0798E-1	1.7017E6	
912	-3.1654E-1	7.4245E2	5.0798E-1	1.7017E6	
913	-3.1654E-1	7.4245E2	5.0798E-1	1.7017E6	
914	-3.1654E-1	7.4245E2	5.0798E-1	1.7017E6	
915	-3.1654E-1	7.4245E2	5.0798E-1	1.7017E6	
916	-3.1654E-1	7.4245E2	5.0798E-1	1.7017E6	
917	-3.1654E-1	7.4245E2	5.0798E-1	1.7017E6	
918	-3.1654E-1	7.4245E2	5.0798E-1	1.7017E6	
919	-3.1654E-1	7.4245E2	5.0798E-1	1.7017E6	
920	-3.1654E-1	7.4245E2	5.0798E-1	1.7017E6	
921	-3.1654E-1	7.4245E2	5.0798E-1	1.7017E6	
922	-3.1654E-1	7.4245E2	5.0798E-1	1.7017E6	
923	-3.1654E-1	7.4245E2	5.0798E-1	1.7017E6	
924	-3.1654E-1	7.4245E2	5.0798E-1	1.7017E6	
925	-3.1654E-1	7.4245E2	5.0798E-1	1.7017E6	
926	-3.1654E-1	7.4245E2	5.0798E-1	1.7017E6	
927	-3.1654E-1	7.4245E2	5.0798E-1	1.7017E6	
928	-3.1654E-1	7.4245E2	5.0798E-1	1.7017E6	
929	-3.1654E-1	7.4245E2	5.0798E-1	1.7017E6	
930	-3.1654E-1	7.4245E2	5.0798E-1	1.7017E6	
931	-3.1654E-1	7.4245E2	5.0798E-1	1.7017E6	
932	-3.1654E-1	7.4245E2	5.0798E-1	1.7017E6	
933	-3.1654E-1	7.4245E2	5.0798E-1	1.7017E6	
934	-3.1654E-1	7.4245E2	5.0798E-1	1.7017E6	
935	-3.1654E-1	7.4245E2	5.0798E-1	1.7017E6	
936	-3.1654E-1	7.4245E2	5.0798E-1	1.7017E6	
937	-3.1654E-1	7.4245E2	5.0798E-1	1.7017E6	
938	-3.1654E-1	7.4245E2	5.0798E-1	1.7017E6	
939	-3.1654E-1	7.4245E2	5.0798E-1	1.7017E6	
940	-3.1654E-1	7.4245E2	5.0798E-1	1.7017E6	
941	-3.1654E-1	7.4245E2	5.0798E-1	1.7017E6	
942	-3.1654E-1	7.4245E2	5.0798E-1	1.7017E6	
943	-3.1654E-1	7.4245E2	5.0798E-1	1.7017E6	
944	-3.1654E-1	7.4245E2	5.0798E-1	1.7017E6	
945	-3.1654E-1	7.4245E2	5.0798E-1	1.7017E6	
946	-3.1654E-1	7.4245E2	5.0798E-1	1.7017E6	
947	-3.1654E-1	7.4245E2	5.0798E-1	1.7017E6	
948	-3.1654E-1	7.4245E2	5.0798E-1	1.7017E6	
949	-3.1654E-1	7.4245E2	5.0798E-1	1.7017E6	
950	-3.1654E-1	7.4245E2	5.0798E-1	1.7017E6	
951	-3.1654E-1	7.4245E2	5.0798E-1	1.7017E6	
952	-3.1654E-1	7.4245E2	5.0798E-1	1.7017E6	
953	-3.1654E-1	7.4245E2	5.0798E-1	1.7017E6	
954	-3.1654E-1	7.4245E2	5.0798E-1	1.7017E6	
955	-3.1654E-1	7.4245E2	5.0798E-1	1.7017E6	
956	-3.1654E-1	7.4245E2	5.0798E-1	1.7017E6	
957	-3.1654E-1	7.4245E2	5.0798E-1	1.7017E6	
958	-3.1654E-1	7.4245E2	5.0798E-1	1.7017E6	
959	-3.1654E-1	7.4245E2	5.0798E-1	1.7017E6	
960	-3.1654E-1	7.4245E2	5.0798E-1	1.7017E6	
961	-3.1654E-1	7.4245E2	5.0798E-1	1.7017E6	
962	-3.1654E-1	7.4245E2	5.0798E-1	1.7017E6	
963	-3.1654E-1	7.4245E2	5.0798E-1	1.7017E6	
964	-3.1654E-1	7.4245E2	5.0798E-1	1.7017E6	
965	-3.1654E-1	7.4245E2	5.0798E-1	1.7017E6	
966	-3.1654E-1	7.4245E2	5.0798E-1	1.7017E6	
967	-3.1654E-1	7.4245E2	5.0798E-1	1.7017E6	
968	-3.1654E-1	7.4245E2	5.0798E-1	1.7017E6	
969	-3.1654E-1	7.4245E2	5.0798E-1	1.7017E6	
970	-3.1654E-1	7.4245E2	5.0798E-1	1.7017E6	
971	-3.1654E-1	7.4245E2	5.0798E-1	1.7017E6	
972	-3.1654E-1	7.4245E2	5.0798E-1	1.7017E6	
973	-3.1654E-1	7.4245E2	5.0798E-1	1.7017E6	
974	-3.1654E-1	7.4245E2	5.0798E-1	1.7017E6	
975	-3.1654E-1	7.4245E2	5.0798E-1	1.7017E6	
976	-3.1654E-1	7.4245E2	5.0798E-1	1.7017E6	
977	-3.1654E-1	7.4245E2	5.0798E-1	1.7017E6	
978	-3.1654E-1	7.4245E2	5.0798E-1	1.7017E6	
979	-3.1654E-1	7.4245E2	5.0798E-1	1.7017E6	
980	-3.1654E-1	7.4245E2	5.0798E-1	1.7017E6	
981	-3.1654E-1	7.4245E2	5.0798E-1	1.7017E6	
982	-3.1654E-1	7.4245E2	5.0798E-1	1.7017E6	
983	-3.1654E-1	7.4245E2	5.0798E-1	1.7017E6	
984	-3.1654E-1	7.4245E2	5.0798E-1	1.7017E6	
985	-3.1654E-1	7.4245E2	5.0798E-1	1.7017E6	
986	-3.1654E-1	7.4245E2	5.0798E-1	1.7017E6	
987	-3.1654E-1	7.4245E2	5.0798E-1	1.7017E6	
988	-3.1654E-1	7.4245E2	5.0798E-1	1.7017E6	
989	-3.1654E-1	7.4245E2	5.0798E-1	1.7017E6	
990	-3.1654E-1	7.4245E2	5.0798E-1	1.7017E6	
991	-3.1654E-1	7.4245E2	5.0798E-1	1.7017E6	
992	-3.1654E-1	7.4245E2	5.0798E-1	1.7017E6	
993	-3.1654E-1	7.4245E2	5.0798E-1	1.7017E6	
994	-3.1654E-1	7.4245E2	5.0798E-1	1.7017E6	
995	-3.1654E-1	7.4245E2	5.0798E-1	1.7017E6	
996	-3.1654E-1	7.4245E2	5.0798E-1	1.7017E6	
997	-3.1654E-1	7.4245E2	5.0798E-1	1.7017E6	
998	-3.1654E-1	7.4245E2	5.0798E-1	1.7017E6	
999	-3.1654E-1	7.4245E2	5.0798E-1	1.7017E6	
1000	-3.1654E-1	7.4245E2	5.0798E-1	1.7017E6	
1001	-3.1654E-1	7.4245E2	5.0798E-1	1.7017E6	
1002	-3.1654E-1	7.4245E2	5.0798E-1	1.7017E6	
1003	-3.1654E-1	7.4245E2	5.0798E-1	1.7017E6	
1004	-3.1654E-1	7.4245E2	5.0798E-1	1.7017E6	
1005	-3.1654E-1	7.4245E2	5.0798E-1	1.7017E6	
1006	-3.1654E-1	7.4245E2	5.0798E-1	1.7017E6	
1007	-3.1654E-1	7.4245E2	5.0798E-1	1.7017E6	
1008	-3.1654E-1	7.4245E2	5.0798E-1	1.7017E6	
1009	-3.1654E-1	7.4245E2	5.0798E-1	1.7017E6	
1010	-3.1654E-1	7.4245E2	5.0798E-1	1.7017E6	
1011	-3.1654E-1	7.4245E2	5.0798E-1	1.7017E6	
1012	-3.1654E-1	7.4245E2	5.0798E-1	1.7017E6	
1013	-3.1654E-1	7.4245E2	5.0798E-1	1.7017E6	
1014	-3.1654E-1	7.4245E2	5.0798E-1	1.7017E6	
1015	-3.1654E-1	7.4245E2	5.0798E-1	1.7017E6	
1016	-3.1654E-1	7.4245E2	5.0798E-1	1.7017E6	
1017	-3.1654E-1	7.4245E2	5.0798E-1	1.7017E6	
1018	-3.1654E-1	7.4245E2	5.0798E-1	1.7017E6	
1019	-3.1654E-1	7.4245E2	5.0798E-1	1.7017E6	
1020	-3.1654E-1	7.4245E2	5.0798E-1	1.7017E6	
1021	-3.1654E-1	7.4245E2	5.0798E-1	1.7017E6	
1022	-3.1654E-1	7.4245E2	5.0798E-1	1.7017E6	
1023	-3.1654E-1	7.4245E2	5.0798E-1	1.7017E6	
1024	-3.1654E-1	7.4245E2	5.0798E-1	1.7017E6	
1025	-3.1799E-1	7.4030E2	5.0794E-1	1.7018E6	
1026	-3.6774E-1	6.6648E2	5.0934E-1	1.7040E6	
1027	-3.9223E-1	6.3013E2	5.1203E-1	1.7062E6	
1028	-4.1847E-1	5.9118E2	5.1524E-1	1.7084E6	
1029	-4.3358E-1	5.6876E2	5.1859E-1	1.7106E6	
1030	-4.5448E-1	5.3774E2	5.2216E-1	1.7129E6	
1031	-4.7096E-1	5.1328E2	5.2589E-1	1.7151E6	
1032	-4.8454E-1	4.9313E2	5.2984E-1	1.7173E6	
1033	-5.0087E-1	4.6890E2	5.3374E-1	1.7195E6	
1034	-5.1476E-1	4.4829E2	5.3782E-1	1.7217E6	
1035	-5.3093E-1	4.2429E2	5.4182E-1	1.7240E6	
1036	-5.4153E-1	4.0855E2	5.4604E-1	1.7262E6	
1037	-5.5428E-1	3.8964E2	5.5020E-1	1.7284E6	
1038	-5.6526E-1	3.7333E2	5.5444E-1	1.7306E6	
1039	-5.8029E-1	3.5103E2	5.5869E-1	1.7328E6	
1040	-5.9059E-1	3.3574E2	5.6303E-1	1.7351E6	
1041	-6.0432E-1	3.1536E2	5.6744E-1	1.7373E6	
1042	-6.1264E-1	3.0302E2	5.7175E-1	1.7395E6	
1043	-6.2500E-1	2.8468E2	5.7611E-1	1.7417E6	
1044	-6.3423E-1	2.7098E2	5.8059E-1	1.7439E6	
1045	-6.4171E-1	2.5988E2	5.8504E-1	1.7462E6	
1046	-6.5750E-1	2.3644E2	5.8951E-1	1.7484E6	
1047	-6.6757E-1	2.2150E2	5.9401E-1	1.7506E6	
1048	-6.7566E-1	2.0950E2	5.9843E-1	1.7528E6	
1049	-6.8657E-1	1.9330E2	6.0299E-1	1.7550E6	
1050	-6.9153E-1	1.8595E2	6.0746E-1	1.7573E6	
1051	-7.0290E-1	1.6907E2	6.1201E-1	1.7595E6	
1052	-7.1259E-1	1.5469E2	6.1661E-1	1.7617E6	
1053	-7.1808E-1	1.4654E2	6.2109E-1	1.7639E6	
1054	-7.2937E-1	1.2979E2	6.2574E-1	1.7661E6	
1055	-7.3792E-1	1.1710E2	6.3035E-1	1.7684E6	
1056	-7.4905E-1	1.0057E2	6.3496E-1	1.7706E6	
1057	-7.5150E-1	9.6950E1	6.3960E-1	1.7728E6	
1058	-7.6355E-1	7.9060E1	6.4422E-1	1.7750E6	
1059	-7.7141E-1	6.7398E1	6.4880E-1	1.7772E6	
1060	-7.7950E-1	5.5396E1	6.5347E-1	1.7795E6	
1061	-7.8209E-1	5.1546E1	6.5811E-1	1.7817E6	
1062	-7.9208E-1	3.6713E1	6.6276E-1	1.7839E6	
1063	-8.0040E-1	2.4372E1	6.6744E-1	1.7861E6	
1064	-8.0887E-1	1.1804E1	6.7211E-1	1.7883E6	
1065	-8.1528E-1	2.2929E0	6.7687E-1	1.7906E6	
1066	-8.2344E-1	-9.8223E0	6.8153E-1	1.7928E6	
1067	-8.2916E-1	-1.8314E1	6.8621E-1	1.7950E6	
1068	-8.3366E-1	-2.4995E1	6.9107E-1	1.7972E6	
1069	-8.4038E-1	-3.4958E1	6.9566E-1	1.7994E6	
1070	-8.4328E-1	-3.9261E1	7.0041E-1	1.8017E6	
1071	-8.5487E-1	-5.6471E1	7.0519E-1	1.8039E6	
1072	-8.5678E-1	-5.9302E1	7.0990E-1	1.8061E6	
1073	-8.6723E-1	-7.4814E1	7.1469E-1	1.8083E6	
1074	-8.7357E-1	-8.4212E1	7.1942E-1	1.8105E6	
1075	-8.7936E-1	-9.2817E1	7.2415E-1	1.8128E6	
1076	-8.8646E-1	-1.0335E2	7.2903E-1	1.8150E6	
1077	-8.9127E-1	-1.1048E2	7.3373E-1	1.8172E6	
1078	-8.9828E-1	-1.2090E2	7.3857E-1	1.8194E6	
1079	-9.0256E-1	-1.2724E2	7.4337E-1	1.8216E6	
1080	-9.0797E-1	-1.3528E2	7.4824E-1	1.8239E6	
1081	-9.1469E-1	-1.4524E2	7.5307E-1	1.8261E6	
1082	-9.2026E-1	-1.5351E2	7.5792E-1	1.8283E6	
1083	-9.2369E-1	-1.5860E2	7.6262E-1	1.8305E6	
1084	-9.3010E-1	-1.6811E2	7.6753E-1	1.8327E6	
1085	-9.3254E-1	-1.7174E2	7.7235E-1	1.8350E6	
1086	-9.3857E-1	-1.8068E2	7.7722E-1	1.8372E6	
1087	-9.4315E-1	-1.8747E2	7.8208E-1	1.8394E6	
1088	-9.4818E-1	-1.9495E2	7.8703E-1	1.8416E6	
1089	-9.5245E-1	-2.0129E2	7.9189E-1	1.8438E6	
1090	-9.6039E-1	-2.1306E2	7.9673E-1	1.8461E6	
1091	-9.6130E-1	-2.1442E2	8.0163E-1	1.8483E6	
1092	-9.6359E-1	-2.1782E2	8.0648E-1	1.8505E6	
1093	-9.6771E-1	-2.2393E2	8.1141E-1	1.8527E6	
1094	-9.7298E-1	-2.3174E2	8.1637E-1	1.8549E6	
1095	-9.7565E-1	-2.3571E2	8.2122E-1	1.8572E6	
1096	-9.8076E-1	-2.4329E2	8.2616E-1	1.8594E6	
1097	-9.8328E-1	-2.4703E2	8.3115E-1	1.8616E6	
1098	-9.9037E-1	-2.5756E2	8.3608E-1	1.8638E6	
1099	-9.8671E-1	-2.5213E2	8.4099E-1	1.8660E6	
1100	-9.9327E-1	-2.6186E2	8.4598E-1	1.8683E6	
1101	-9.9640E-1	-2.6651E2	8.5081E-1	1.8705E6	
1102	-1.0004E0	-2.7251E2	8.5594E-1	1.8727E6	
1103	-1.0046E0	-2.7873E2	8.6082E-1	1.8749E6	
1104	-1.0040E0	-2.7771E2	8.6575E-1	1.8771E6	
1105	-1.0041E0	-2.7794E2	8.7074E-1	1.8794E6	
1106	-1.0136E0	-2.9209E2	8.7576E-1	1.8816E6	
1107	-1.0141E0	-2.9277E2	8.8070E-1	1.8838E6	
1108	-1.0155E0	-2.9481E2	8.8573E-1	1.8860E6	
1109	-1.0184E0	-2.9911E2	8.9075E-1	1.8882E6	
1110	-1.0237E0	-3.0704E2	8.9576E-1	1.8905E6	
1111	-1.0227E0	-3.0557E2	9.0076E-1	1.8927E6	
1112	-1.0274E0	-3.1247E2	9.0582E-1	1.8949E6	
1113	-1.0314E0	-3.1848E2	9.1073E-1	1.8971E6	
1114	-1.0331E0	-3.2097E2	9.1583E-1	1.8993E6	
1115	-1.0318E0	-3.1904E2	9.2095E-1	1.9016E6	
1116	-1.0346E0	-3.2323E2	9.2583E-1	1.9038E6	
1117	-1.0374E0	-3.2731E2	9.3097E-1	1.9060E6	
1118	-1.0400E0	-3.3127E2	9.3604E-1	1.9082E6	
1119	-1.0407E0	-3.3229E2	9.4110E-1	1.9104E6	
1120	-1.0434E0	-3.3625E2	9.4621E-1	1.9127E6	
1121	-1.0459E0	-3.3999E2	9.5131E-1	1.9149E6	
1122	-1.0448E0	-3.3829E2	9.5637E-1	1.9171E6	
1123	-1.0442E0	-3.3750E2	9.6136E-1	1.9193E6	
1124	-1.0500E0	-3.4610E2	9.6652E-1	1.9215E6	
1125	-1.0452E0	-3.3897E2	9.7164E-1	1.9238E6	
1126	-1.0476E0	-3.4248E2	9.7667E-1	1.9260E6	
1127	-1.0469E0	-3.4146E2	9.8181E-1	1.9282E6	
1128	-1.0483E0	-3.4350E2	9.8695E-1	1.9304E6	
1129	-1.0484E0	-3.4373E2	9.9208E-1	1.9326E6	
1130	-1.0509E0	-3.4735E2	9.9718E-1	1.9349E6	
1131	-1.0504E0	-3.4667E2	1.0023E0	1.9371E6	
1132	-1.0500E0	-3.4610E2	1.0075E0	1.9393E6	
1133	-1.0506E0	-3.4690E2	1.0126E0	1.9415E6	
1134	-1.0527E0	-3.5007E2	1.0178E0	1.9437E6	
1135	-1.0500E0	-3.4599E2	1.0230E0	1.9460E6	
1136	-1.0522E0	-3.4939E2	1.0281E0	1.9482E6	
1137	-1.0504E0	-3.4667E2	1.0333E0	1.9504E6	
1138	-1.0516E0	-3.4837E2	1.0384E0	1.9526E6	
1139	-1.0546E0	-3.5290E2	1.0436E0	1.9548E6	
1140	-1.0529E0	-3.5041E2	1.0489E0	1.9571E6	
1141	-1.0519E0	-3.4893E2	1.0541E0	1.9593E6	
1142	-1.0498E0	-3.4576E2	1.0592E0	1.9615E6	
1143	-1.0509E0	-3.4735E2	1.0644E0	1.9637E6	
1144	-1.0473E0	-3.4203E2	1.0696E0	1.9659E6	
1145	-1.0464E0	-3.4067E2	1.0748E0	1.9682E6	
1146	-1.0473E0	-3.4203E2	1.0800E0	1.9704E6	
1147	-1.0477E0	-3.4259E2	1.0853E0	1.9726E6	
1148	-1.0397E0	-3.3070E2	1.0904E0	1.9748E6	
1149	-1.0371E0	-3.2685E2	1.0957E0	1.9770E6	
1150	-1.0344E0	-3.2289E2	1.1009E0	1.9793E6	
1151	-1.0305E0	-3.1712E2	1.1062E0	1.9815E6	
1152	-1.0292E0	-3.1519E2	1.1114E0	1.9837E6	
1153	-1.0223E0	-3.0500E2	1.1167E0	1.9859E6	
1154	-1.0184E0	-2.9923E2	1.1219E0	1.9881E6	
1155	-1.0162E0	-2.9583E2	1.1272E0	1.9904E6	
1156	-1.0200E0	-3.0149E2	1.1325E0	1.9926E6	
1157	-1.0149E0	-2.9391E2	1.1378E0	1.9948E6	
1158	-1.0104E0	-2.8734E2	1.1430E0	1.9970E6	
1159	-1.0110E0	-2.8813E2	1.1484E0	1.9992E6	
1160	-1.0022E0	-2.7511E2	1.1536E0	2.0015E6	
1161	-1.0020E0	-2.7488E2	1.1590E0	2.0037E6	
1162	-9.9594E-1	-2.6583E2	1.1643E0	2.0059E6	
1163	-9.9152E-1	-2.5926E2	1.1696E0	2.0081E6	
1164	-9.8808E-1	-2.5416E2	1.1749E0	2.0103E6	
1165	-9.8320E-1	-2.4692E2	1.1801E0	2.0126E6	
1166	-9.8145E-1	-2.4431E2	1.1856E0	2.0148E6	
1167	-9.7527E-1	-2.3514E2	1.1910E0	2.0170E6	
1168	-9.7336E-1	-2.3231E2	1.1963E0	2.0192E6	
1169	-9.7374E-1	-2.3288E2	1.2015E0	2.0214E6	
1170	-9.6886E-1	-2.2563E2	1.2069E0	2.0237E6	
1171	-9.6756E-1	-2.2371E2	1.2122E0	2.0259E6	
1172	-9.6336E-1	-2.1748E2	1.2176E0	2.0281E6	
1173	-9.6252E-1	-2.1623E2	1.2230E0	2.0303E6	
1174	-9.5879E-1	-2.1068E2	1.2284E0	2.0325E6	
1175	-9.5940E-1	-2.1159E2	1.2337E0	2.0348E6	
1176	-9.5604E-1	-2.0661E2	1.2392E0	2.0370E6	
1177	-9.5497E-1	-2.0502E2	1.2445E0	2.0392E6	
1178	-9.5299E-1	-2.0208E2	1.2499E0	2.0414E6	
1179	-9.5062E-1	-1.9857E2	1.2554E0	2.0436E6	
1180	-9.4780E-1	-1.9438E2	1.2606E0	2.0459E6	
1181	-9.4421E-1	-1.8906E2	1.2661E0	2.0481E6	
1182	-9.3887E-1	-1.8113E2	1.2715E0	2.0503E6	
1183	-9.3658E-1	-1.7774E2	1.2769E0	2.0525E6	
1184	-9.3163E-1	-1.7038E2	1.2823E0	2.0547E6	
1185	-9.3163E-1	-1.7038E2	1.2878E0	2.0570E6	
1186	-9.2583E-1	-1.6177E2	1.2932E0	2.0592E6	
1187	-9.2010E-1	-1.5328E2	1.2987E0	2.0614E6	
1188	-9.1530E-1	-1.4615E2	1.3041E0	2.0636E6	
1189	-9.1187E-1	-1.4105E2	1.3095E0	2.0658E6	
1190	-9.0744E-1	-1.3448E2	1.3150E0	2.0681E6	
1191	-9.0263E-1	-1.2735E2	1.3206E0	2.0703E6	
1192	-8.9340E-1	-1.1365E2	1.3260E0	2.0725E6	
1193	-8.8211E-1	-9.6893E1	1.3315E0	2.0747E6	
1194	-8.3214E-1	-2.2730E1	1.3369E0	2.0769E6	
1195	-7.7667E-1	5.9585E1	1.3424E0	2.0792E6	
1196	-7.6439E-1	7.7814E1	1.3478E0	2.0814E6	
1197	-7.3174E-1	1.2628E2	1.3533E0	2.0836E6	
1198	-7.1068E-1	1.5753E2	1.3589E0	2.0858E6	
1199	-7.0145E-1	1.7123E2	1.3643E0	2.0880E6	
1200	-6.9664E-1	1.7836E2	1.3698E0	2.0903E6	
1201	-6.9824E-1	1.7598E2	1.3754E0	2.0925E6	
1202	-6.9687E-1	1.7802E2	1.3809E0	2.0947E6	
1203	-6.9695E-1	1.7791E2	1.3863E0	2.0969E6	
1204	-6.9984E-1	1.7360E2	1.3919E0	2.0991E6	
1205	-6.9962E-1	1.7394E2	1.3974E0	2.1014E6	
1206	-7.0015E-1	1.7315E2	1.4029E0	2.1036E6	
1207	-6.9786E-1	1.7655E2	1.4085E0	2.1058E6	
1208	-6.9916E-1	1.7462E2	1.4141E0	2.1080E6	
1209	-6.9855E-1	1.7553E2	1.4196E0	2.1102E6	
1210	-6.9992E-1	1.7349E2	1.4251E0	2.1125E6	
1211	-7.0023E-1	1.7304E2	1.4307E0	2.1147E6	
1212	-6.9931E-1	1.7440E2	1.4363E0	2.1169E6	
1213	-6.9893E-1	1.7496E2	1.4418E0	2.1191E6	
1214	-6.9847E-1	1.7564E2	1.4475E0	2.1213E6	
1215	-7.0129E-1	1.7145E2	1.4531E0	2.1236E6	
1216	-7.0007E-1	1.7326E2	1.4586E0	2.1258E6	
1217	-7.0274E-1	1.6930E2	1.4642E0	2.1280E6	
1218	-7.0168E-1	1.7089E2	1.4698E0	2.1302E6	
1219	-7.0374E-1	1.6783E2	1.4754E0	2.1324E6	
1220	-7.0007E-1	1.7326E2	1.4809E0	2.1347E6	
1221	-7.0091E-1	1.7202E2	1.4867E0	2.1369E6	
1222	-7.0076E-1	1.7224E2	1.4922E0	2.1391E6	
1223	-7.0030E-1	1.7292E2	1.4978E0	2.1413E6	
1224	-7.0328E-1	1.6851E2	1.5034E0	2.1435E6	
1225	-7.0152E-1	1.7111E2	1.5090E0	2.1458E6	
1226	-7.0084E-1	1.7213E2	1.5147E0	2.1480E6	
1227	-7.0198E-1	1.7043E2	1.5204E0	2.1502E6	
1228	-7.0137E-1	1.7134E2	1.5259E0	2.1524E6	
1229	-7.0404E-1	1.6738E2	1.5317E0	2.1546E6	
1230	-7.0381E-1	1.6772E2	1.5373E0	2.1569E6	
1231	-7.0312E-1	1.6873E2	1.5430E0	2.1591E6	
1232	-7.0312E-1	1.6873E2	1.5487E0	2.1613E6	
1233	-7.0129E-1	1.7145E2	1.5542E0	2.1635E6	
1234	-7.0053E-1	1.7258E2	1.5599E0	2.1657E6	
1235	-6.9756E-1	1.7700E2	1.5656E0	2.1680E6	
1236	-7.0206E-1	1.7032E2	1.5713E0	2.1702E6	
1237	-6.9969E-1	1.7383E2	1.5770E0	2.1724E6	
1238	-7.0000E-1	1.7338E2	1.5827E0	2.1746E6	
1239	-6.9954E-1	1.7406E2	1.5884E0	2.1768E6	
1240	-7.0267E-1	1.6941E2	1.5941E0	2.1791E6	
1241	-7.0168E-1	1.7089E2	1.5998E0	2.1813E6	
1242	-7.0122E-1	1.7157E2	1.6054E0	2.1835E6	
1243	-7.0190E-1	1.7055E2	1.6112E0	2.1857E6	
1244	-6.9901E-1	1.7485E2	1.6168E0	2.1879E6	
1245	-7.0000E-1	1.7338E2	1.6226E0	2.1902E6	
1246	-7.0007E-1	1.7326E2	1.6284E0	2.1924E6	
1247	-7.0236E-1	1.6987E2	1.6341E0	2.1946E6	
1248	-7.0267E-1	1.6941E2	1.6399E0	2.1968E6	
1249	-7.0030E-1	1.7292E2	1.6456E0	2.1990E6	
1250	-7.0206E-1	1.7032E2	1.6513E0	2.2013E6	
1251	-7.0099E-1	1.7191E2	1.6570E0	2.2035E6	
1252	-7.0297E-1	1.6896E2	1.6627E0	2.2057E6	
1253	-7.0320E-1	1.6862E2	1.6685E0	2.2079E6	
1254	-7.0236E-1	1.6987E2	1.6744E0	2.2101E6	
1255	-7.0183E-1	1.7066E2	1.6800E0	2.2124E6	
1256	-7.0168E-1	1.7089E2	1.6857E0	2.2146E6	
1257	-7.0129E-1	1.7145E2	1.6915E0	2.2168E6	
1258	-7.0152E-1	1.7111E2	1.6973E0	2.2190E6	
1259	-7.0274E-1	1.6930E2	1.7031E0	2.2212E6	
1260	-7.0358E-1	1.6806E2	1.7089E0	2.2235E6	
1261	-7.0320E-1	1.6862E2	1.7146E0	2.2257E6	
1262	-7.0183E-1	1.7066E2	1.7206E0	2.2279E6	
1263	-7.0389E-1	1.6760E2	1.7262E0	2.2301E6	
1264	-7.0526E-1	1.6556E2	1.7320E0	2.2323E6	
1265	-7.0305E-1	1.6885E2	1.7377E0	2.2346E6	
1266	-7.0473E-1	1.6636E2	1.7436E0	2.2368E6	
1267	-7.0595E-1	1.6455E2	1.7495E0	2.2390E6	
1268	-7.0610E-1	1.6432E2	1.7552E0	2.2412E6	
1269	-7.0724E-1	1.6262E2	1.7611E0	2.2434E6	
1270	-7.0518E-1	1.6568E2	1.7668E0	2.2457E6	
1271	-7.0618E-1	1.6421E2	1.7727E0	2.2479E6	
1272	-7.0656E-1	1.6364E2	1.7786E0	2.2501E6	
1273	-7.0763E-1	1.6205E2	1.7845E0	2.2523E6	
1274	-7.0900E-1	1.6002E2	1.7902E0	2.2545E6	
1275	-7.0900E-1	1.6002E2	1.7961E0	2.2568E6	
1276	-7.0869E-1	1.6047E2	1.8020E0	2.2590E6	
1277	-7.0602E-1	1.6443E2	1.8078E0	2.2612E6	
1278	-7.0900E-1	1.6002E2	1.8136E0	2.2634E6	
1279	-7.0702E-1	1.6296E2	1.8195E0	2.2656E6	
1280	-7.0984E-1	1.5877E2	1.8254E0	2.2679E6	
1281	-7.0831E-1	1.6104E2	1.8312E0	2.2701E6	
1282	-7.0946E-1	1.5934E2	1.8372E0	2.2723E6	
1283	-7.0732E-1	1.6251E2	1.8429E0	2.2745E6	
1284	-7.1022E-1	1.5820E2	1.8489E0	2.2767E6	
1285	-7.1014E-1	1.5832E2	1.8548E0	2.2790E6	
1286	-7.0892E-1	1.6013E2	1.8607E0	2.2812E6	
1287	-7.1121E-1	1.5673E2	1.8665E0	2.2834E6	
1288	-7.0992E-1	1.5866E2	1.8725E0	2.2856E6	
1289	-7.1289E-1	1.5424E2	1.8783E0	2.2878E6	
1290	-7.1114E-1	1.5685E2	1.8843E0	2.2901E6	
1291	-7.1121E-1	1.5673E2	1.8902E0	2.2923E6	
1292	-7.1060E-1	1.5764E2	1.8962E0	2.2945E6	
1293	-7.1129E-1	1.5662E2	1.9020E0	2.2967E6	
1294	-7.1190E-1	1.5571E2	1.9079E0	2.2989E6	
1295	-7.1228E-1	1.5515E2	1.9139E0	2.3012E6	
1296	-7.1144E-1	1.5639E2	1.9198E0	2.3034E6	
1297	-7.1144E-1	1.5639E2	1.9258E0	2.3056E6	
1298	-7.1312E-1	1.5390E2	1.9316E0	2.3078E6	
1299	-7.1404E-1	1.5254E2	1.9376E0	2.3100E6	
1300	-7.1182E-1	1.5583E2	1.9436E0	2.3123E6	
1301	-7.1404E-1	1.5254E2	1.9496E0	2.3145E6	
1302	-7.1327E-1	1.5368E2	1.9555E0	2.3167E6	
1303	-7.1404E-1	1.5254E2	1.9615E0	2.3189E6	
1304	-7.1266E-1	1.5458E2	1.9675E0	2.3211E6	
1305	-7.1381E-1	1.5288E2	1.9735E0	2.3234E6	
1306	-7.1594E-1	1.4971E2	1.9794E0	2.3256E6	
1307	-7.1526E-1	1.5073E2	1.9855E0	2.3278E6	
1308	-7.1442E-1	1.5198E2	1.9915E0	2.3300E6	
1309	-7.1091E-1	1.5719E2	1.9975E0	2.3322E6	
1310	-7.1320E-1	1.5379E2	2.0034E0	2.3345E6	
1311	-7.1114E-1	1.5685E2	2.0094E0	2.3367E6	
1312	-7.1609E-1	1.4949E2	2.0155E0	2.3389E6	
1313	-7.1205E-1	1.5549E2	2.0215E0	2.3411E6	
1314	-7.1426E-1	1.5220E2	2.0275E0	2.3433E6	
1315	-7.1503E-1	1.5107E2	2.0335E0	2.3456E6	
1316	-7.1365E-1	1.5311E2	2.0395E0	2.3478E6	
1317	-7.1411E-1	1.5243E2	2.0455E0	2.3500E6	
1318	-7.1442E-1	1.5198E2	2.0515E0	2.3522E6	
1319	-7.1655E-1	1.4881E2	2.0577E0	2.3544E6	
1320	-7.1503E-1	1.5107E2	2.0638E0	2.3567E6	
1321	-7.1388E-1	1.5277E2	2.0697E0	2.3589E6	
1322	-7.1587E-1	1.4983E2	2.0759E0	2.3611E6	
1323	-7.1770E-1	1.4711E2	2.0819E0	2.3633E6	
1324	-7.1541E-1	1.5051E2	2.0880E0	2.3655E6	
1325	-7.1640E-1	1.4903E2	2.0941E0	2.3678E6	
1326	-7.1526E-1	1.5073E2	2.1002E0	2.3700E6	
1327	-7.1312E-1	1.5390E2	2.1063E0	2.3722E6	
1328	-7.1404E-1	1.5254E2	2.1123E0	2.3744E6	
1329	-7.1579E-1	1.4994E2	2.1184E0	2.3766E6	
1330	-7.1533E-1	1.5062E2	2.1245E0	2.3789E6	
1331	-7.1426E-1	1.5220E2	2.1306E0	2.3811E6	
1332	-7.1854E-1	1.4586E2	2.1367E0	2.3833E6	
1333	-7.1877E-1	1.4552E2	2.1429E0	2.3855E6	
1334	-7.1831E-1	1.4620E2	2.1489E0	2.3877E6	
1335	-7.1617E-1	1.4937E2	2.1550E0	2.3900E6	
1336	-7.1609E-1	1.4949E2	2.1611E0	2.3922E6	
1337	-7.1671E-1	1.4858E2	2.1673E0	2.3944E6	
1338	-7.2029E-1	1.4326E2	2.1735E0	2.3966E6	
1339	-7.1915E-1	1.4496E2	2.1795E0	2.3988E6	
1340	-7.2021E-1	1.4337E2	2.1858E0	2.4011E6	
1341	-7.1922E-1	1.4484E2	2.1919E0	2.4033E6	
1342	-7.1953E-1	1.4439E2	2.1980E0	2.4055E6	
1343	-7.1747E-1	1.4745E2	2.2042E0	2.4077E6	
1344	-7.2090E-1	1.4235E2	2.2104E0	2.4099E6	
1345	-7.2060E-1	1.4281E2	2.2165E0	2.4122E6	
1346	-7.1960E-1	1.4428E2	2.2227E0	2.4144E6	
1347	-7.1999E-1	1.4371E2	2.2289E0	2.4166E6	
1348	-7.2060E-1	1.4281E2	2.2351E0	2.4188E6	
1349	-7.2166E-1	1.4122E2	2.2412E0	2.4210E6	
1350	-7.2075E-1	1.4258E2	2.2475E0	2.4233E6	
1351	-7.2296E-1	1.3930E2	2.2536E0	2.4255E6	
1352	-7.2319E-1	1.3896E2	2.2598E0	2.4277E6	
1353	-7.2266E-1	1.3975E2	2.2660E0	2.4299E6	
1354	-7.2136E-1	1.4167E2	2.2723E0	2.4321E6	
1355	-7.2441E-1	1.3714E2	2.2785E0	2.4344E6	
1356	-7.2197E-1	1.4077E2	2.2847E0	2.4366E6	
1357	-7.2227E-1	1.4032E2	2.2909E0	2.4388E6	
1358	-7.2243E-1	1.4009E2	2.2972E0	2.4410E6	
1359	-7.2395E-1	1.3782E2	2.3034E0	2.4432E6	
1360	-7.2510E-1	1.3613E2	2.3096E0	2.4455E6	
1361	-7.2380E-1	1.3805E2	2.3159E0	2.4477E6	
1362	-7.2411E-1	1.3760E2	2.3222E0	2.4499E6	
1363	-7.2449E-1	1.3703E2	2.3284E0	2.4521E6	
1364	-7.2456E-1	1.3692E2	2.3347E0	2.4543E6	
1365	-7.2472E-1	1.3669E2	2.3410E0	2.4566E6	
1366	-7.2540E-1	1.3567E2	2.3472E0	2.4588E6	
1367	-7.2601E-1	1.3477E2	2.3535E0	2.4610E6	
1368	-7.2517E-1	1.3601E2	2.3598E0	2.4632E6	
1369	-7.2510E-1	1.3613E2	2.3660E0	2.4654E6	
1370	-7.2586E-1	1.3499E2	2.3722E0	2.4677E6	
1371	-7.2281E-1	1.3952E2	2.3787E0	2.4699E6	
1372	-7.2617E-1	1.3454E2	2.3849E0	2.4721E6	
1373	-7.2670E-1	1.3375E2	2.3912E0	2.4743E6	
1374	-7.2922E-1	1.3001E2	2.3975E0	2.4765E6	
1375	-7.2495E-1	1.3635E2	2.4038E0	2.4788E6	
1376	-7.2777E-1	1.3216E2	2.4102E0	2.4810E6	
1377	-7.2586E-1	1.3499E2	2.4166E0	2.4832E6	
1378	-7.2899E-1	1.3035E2	2.4227E0	2.4854E6	
1379	-7.2784E-1	1.3205E2	2.4292E0	2.4876E6	
1380	-7.2723E-1	1.3296E2	2.4355E0	2.4899E6	
1381	-7.2624E-1	1.3443E2	2.4419E0	2.4921E6	
1382	-7.2685E-1	1.3352E2	2.4482E0	2.4943E6	
1383	-7.2662E-1	1.3386E2	2.4545E0	2.4965E6	
1384	-7.2853E-1	1.3103E2	2.4609E0	2.4987E6	
1385	-7.2891E-1	1.3046E2	2.4673E0	2.5010E6	
1386	-7.2723E-1	1.3296E2	2.4736E0	2.5032E6	
1387	-7.2716E-1	1.3307E2	2.4800E0	2.5054E6	
1388	-7.2830E-1	1.3137E2	2.4863E0	2.5076E6	
1389	-7.2662E-1	1.3386E2	2.4927E0	2.5098E6	
1390	-7.2845E-1	1.3114E2	2.4991E0	2.5121E6	
1391	-7.2929E-1	1.2990E2	2.5054E0	2.5143E6	
1392	-7.2807E-1	1.3171E2	2.5118E0	2.5165E6	
1393	-7.2815E-1	1.3160E2	2.5182E0	2.5187E6	
1394	-7.2990E-1	1.2899E2	2.5246E0	2.5209E6	
1395	-7.3097E-1	1.2741E2	2.5310E0	2.5232E6	
1396	-7.2891E-1	1.3046E2	2.5375E0	2.5254E6	
1397	-7.2777E-1	1.3216E2	2.5438E0	2.5276E6	
1398	-7.2937E-1	1.2979E2	2.5502E0	2.5298E6	
1399	-7.2968E-1	1.2933E2	2.5567E0	2.5320E6	
1400	-7.3067E-1	1.2786E2	2.5630E0	2.5343E6	
1401	-7.3151E-1	1.2661E2	2.5695E0	2.5365E6	
1402	-7.3151E-1	1.2661E2	2.5759E0	2.5387E6	
1403	-7.2929E-1	1.2990E2	2.5824E0	2.5409E6	
1404	-7.3265E-1	1.2492E2	2.5888E0	2.5431E6	
1405	-7.3036E-1	1.2831E2	2.5953E0	2.5454E6	
1406	-7.3135E-1	1.2684E2	2.6017E0	2.5476E6	
1407	-7.3265E-1	1.2492E2	2.6082E0	2.5498E6	
1408	-7.3318E-1	1.2412E2	2.6146E0	2.5520E6	
1409	-7.3181E-1	1.2616E2	2.6212E0	2.5542E6	
1410	-7.3021E-1	1.2854E2	2.6275E0	2.5565E6	
1411	-7.3280E-1	1.2469E2	2.6340E0	2.5587E6	
1412	-7.3486E-1	1.2163E2	2.6405E0	2.5609E6	
1413	-7.3257E-1	1.2503E2	2.6469E0	2.5631E6	
1414	-7.3471E-1	1.2186E2	2.6534E0	2.5653E6	
1415	-7.3265E-1	1.2492E2	2.6598E0	2.5676E6	
1416	-7.3334E-1	1.2390E2	2.6664E0	2.5698E6	
1417	-7.3547E-1	1.2073E2	2.6728E0	2.5720E6	
1418	-7.3517E-1	1.2118E2	2.6793E0	2.5742E6	
1419	-7.3555E-1	1.2061E2	2.6859E0	2.5764E6	
1420	-7.3509E-1	1.2129E2	2.6924E0	2.5787E6	
1421	-7.3517E-1	1.2118E2	2.6988E0	2.5809E6	
1422	-7.3814E-1	1.1676E2	2.7054E0	2.5831E6	
1423	-7.3593E-1	1.2005E2	2.7120E0	2.5853E6	
1424	-7.3685E-1	1.1869E2	2.7185E0	2.5875E6	
1425	-7.3631E-1	1.1948E2	2.7250E0	2.5898E6	
1426	-7.3517E-1	1.2118E2	2.7316E0	2.5920E6	
1427	-7.3959E-1	1.1461E2	2.7380E0	2.5942E6	
1428	-7.3883E-1	1.1575E2	2.7445E0	2.5964E6	
1429	-7.3639E-1	1.1937E2	2.7511E0	2.5986E6	
1430	-7.3814E-1	1.1676E2	2.7577E0	2.6009E6	
1431	-7.3914E-1	1.1529E2	2.7643E0	2.6031E6	
1432	-7.3753E-1	1.1767E2	2.7708E0	2.6053E6	
1433	-7.3837E-1	1.1642E2	2.7773E0	2.6075E6	
1434	-7.3959E-1	1.1461E2	2.7839E0	2.6097E6	
1435	-7.4013E-1	1.1382E2	2.7905E0	2.6120E6	
1436	-7.3814E-1	1.1676E2	2.7970E0	2.6142E6	
1437	-7.3792E-1	1.1710E2	2.8036E0	2.6164E6	
1438	-7.4059E-1	1.1314E2	2.8102E0	2.6186E6	
1439	-7.3959E-1	1.1461E2	2.8168E0	2.6208E6	
1440	-7.4219E-1	1.1076E2	2.8233E0	2.6231E6	
1441	-7.3944E-1	1.1484E2	2.8300E0	2.6253E6	
1442	-7.4059E-1	1.1314E2	2.8366E0	2.6275E6	
1443	-7.3921E-1	1.1518E2	2.8432E0	2.6297E6	
1444	-7.4158E-1	1.1167E2	2.8497E0	2.6319E6	
1445	-7.4158E-1	1.1167E2	2.8563E0	2.6342E6	
1446	-7.4242E-1	1.1042E2	2.8630E0	2.6364E6	
1447	-7.3807E-1	1.1688E2	2.8696E0	2.6386E6	
1448	-7.3944E-1	1.1484E2	2.8762E0	2.6408E6	
1449	-7.4089E-1	1.1269E2	2.8830E0	2.6430E6	
1450	-7.4272E-1	1.0997E2	2.8895E0	2.6453E6	
1451	-7.4242E-1	1.1042E2	2.8961E0	2.6475E6	
1452	-7.4287E-1	1.0974E2	2.9027E0	2.6497E6	
1453	-7.4387E-1	1.0827E2	2.9094E0	2.6519E6	
1454	-7.4051E-1	1.1325E2	2.9161E0	2.6541E6	
1455	-7.4158E-1	1.1167E2	2.9227E0	2.6564E6	
1456	-7.4028E-1	1.1359E2	2.9294E0	2.6586E6	
1457	-7.4348E-1	1.0884E2	2.9360E0	2.6608E6	
1458	-7.4295E-1	1.0963E2	2.9426E0	2.6630E6	
1459	-7.4356E-1	1.0873E2	2.9493E0	2.6652E6	
1460	-7.4097E-1	1.1257E2	2.9560E0	2.6675E6	
1461	-7.4448E-1	1.0737E2	2.9627E0	2.6697E6	
1462	-7.4226E-1	1.1065E2	2.9694E0	2.6719E6	
1463	-7.4432E-1	1.0759E2	2.9760E0	2.6741E6	
1464	-7.4371E-1	1.0850E2	2.9827E0	2.6763E6	
1465	-7.4432E-1	1.0759E2	2.9894E0	2.6786E6	
1466	-7.4478E-1	1.0691E2	2.9961E0	2.6808E6	
1467	-7.4348E-1	1.0884E2	3.0028E0	2.6830E6	
1468	-7.4493E-1	1.0669E2	3.0095E0	2.6852E6	
1469	-7.4432E-1	1.0759E2	3.0162E0	2.6874E6	
1470	-7.4226E-1	1.1065E2	3.0230E0	2.6897E6	
1471	-7.4432E-1	1.0759E2	3.0297E0	2.6919E6	
1472	-7.4280E-1	1.0986E2	3.0364E0	2.6941E6	
1473	-7.4341E-1	1.0895E2	3.0431E0	2.6963E6	
1474	-7.4417E-1	1.0782E2	3.0498E0	2.6985E6	
1475	-7.4715E-1	1.0340E2	3.0565E0	2.7008E6	
1476	-7.4699E-1	1.0363E2	3.0633E0	2.7030E6	
1477	-7.4600E-1	1.0510E2	3.0700E0	2.7052E6	
1478	-7.4615E-1	1.0488E2	3.0768E0	2.7074E6	
1479	-7.4883E-1	1.0091E2	3.0835E0	2.7096E6	
1480	-7.4707E-1	1.0352E2	3.0902E0	2.7119E6	
1481	-7.4974E-1	9.9554E1	3.0970E0	2.7141E6	
1482	-7.4821E-1	1.0182E2	3.1038E0	2.7163E6	
1483	-7.4806E-1	1.0204E2	3.1105E0	2.7185E6	
1484	-7.4799E-1	1.0216E2	3.1173E0	2.7207E6	
1485	-7.4753E-1	1.0284E2	3.1241E0	2.7230E6	
1486	-7.4745E-1	1.0295E2	3.1308E0	2.7252E6	
1487	-7.4890E-1	1.0080E2	3.1377E0	2.7274E6	
1488	-7.5027E-1	9.8761E1	3.1443E0	2.7296E6	
1489	-7.5165E-1	9.6723E1	3.1511E0	2.7318E6	
1490	-7.4921E-1	1.0035E2	3.1579E0	2.7341E6	
1491	-7.4928E-1	1.0023E2	3.1647E0	2.7363E6	
1492	-7.5310E-1	9.4572E1	3.1716E0	2.7385E6	
1493	-7.5127E-1	9.7289E1	3.1783E0	2.7407E6	
1494	-7.4905E-1	1.0057E2	3.1852E0	2.7429E6	
1495	-7.5165E-1	9.6723E1	3.1920E0	2.7452E6	
1496	-7.5195E-1	9.6270E1	3.1987E0	2.7474E6	
1497	-7.5134E-1	9.7176E1	3.2055E0	2.7496E6	
1498	-7.5371E-1	9.3666E1	3.2125E0	2.7518E6	
1499	-7.5211E-1	9.6044E1	3.2192E0	2.7540E6	
1500	-7.5241E-1	9.5591E1	3.2259E0	2.7563E6	
1501	-7.5104E-1	9.7629E1	3.2328E0	2.7585E6	
1502	-7.5401E-1	9.3213E1	3.2396E0	2.7607E6	
1503	-7.5417E-1	9.2987E1	3.2465E0	2.7629E6	
1504	-7.5325E-1	9.4345E1	3.2533E0	2.7651E6	
1505	-7.5363E-1	9.3779E1	3.2601E0	2.7674E6	
1506	-7.5333E-1	9.4232E1	3.2671E0	2.7696E6	
1507	-7.5500E-1	9.1741E1	3.2739E0	2.7718E6	
1508	-7.5478E-1	9.2081E1	3.2807E0	2.7740E6	
1509	-7.5211E-1	9.6044E1	3.2876E0	2.7762E6	
1510	-7.5203E-1	9.6157E1	3.2944E0	2.7785E6	
1511	-7.5584E-1	9.0496E1	3.3013E0	2.7807E6	
1512	-7.5394E-1	9.3326E1	3.3082E0	2.7829E6	
1513	-7.5752E-1	8.8005E1	3.3150E0	2.7851E6	
1514	-7.5455E-1	9.2421E1	3.3221E0	2.7873E6	
1515	-7.5500E-1	9.1741E1	3.3288E0	2.7896E6	
1516	-7.5562E-1	9.0835E1	3.3357E0	2.7918E6	
1517	-7.5630E-1	8.9816E1	3.3427E0	2.7940E6	
1518	-7.5661E-1	8.9363E1	3.3495E0	2.7962E6	
1519	-7.5592E-1	9.0382E1	3.3564E0	2.7984E6	
1520	-7.5668E-1	8.9250E1	3.3633E0	2.8007E6	
1521	-7.5447E-1	9.2534E1	3.3702E0	2.8029E6	
1522	-7.5653E-1	8.9477E1	3.3771E0	2.8051E6	
1523	-7.5722E-1	8.8458E1	3.3840E0	2.8073E6	
1524	-7.5775E-1	8.7665E1	3.3909E0	2.8095E6	
1525	-7.5661E-1	8.9363E1	3.3979E0	2.8118E6	
1526	-7.5638E-1	8.9703E1	3.4048E0	2.8140E6	
1527	-7.5729E-1	8.8344E1	3.4117E0	2.8162E6	
1528	-7.5829E-1	8.6872E1	3.4187E0	2.8184E6	
1529	-7.5630E-1	8.9816E1	3.4256E0	2.8206E6	
1530	-7.5661E-1	8.9363E1	3.4325E0	2.8229E6	
1531	-7.5600E-1	9.0269E1	3.4394E0	2.8251E6	
1532	-7.5714E-1	8.8571E1	3.4464E0	2.8273E6	
1533	-7.5745E-1	8.8118E1	3.4533E0	2.8295E6	
1534	-7.5867E-1	8.6306E1	3.4602E0	2.8317E6	
1535	-7.5798E-1	8.7325E1	3.4673E0	2.8340E6	
1536	-7.5706E-1	8.8684E1	3.4742E0	2.8362E6	
1537	-7.5798E-1	8.7325E1	3.4812E0	2.8384E6	
1538	-7.5890E-1	8.5967E1	3.4882E0	2.8406E6	
1539	-7.5851E-1	8.6533E1	3.4951E0	2.8428E6	
1540	-7.6035E-1	8.3815E1	3.5022E0	2.8451E6	
1541	-7.5706E-1	8.8684E1	3.5090E0	2.8473E6	
1542	-7.6019E-1	8.4042E1	3.5160E0	2.8495E6	
1543	-7.6172E-1	8.1777E1	3.5230E0	2.8517E6	
1544	-7.6111E-1	8.2683E1	3.5300E0	2.8539E6	
1545	-7.6065E-1	8.3362E1	3.5370E0	2.8562E6	
1546	-7.5905E-1	8.5740E1	3.5439E0	2.8584E6	
1547	-7.6118E-1	8.2570E1	3.5510E0	2.8606E6	
1548	-7.6111E-1	8.2683E1	3.5579E0	2.8628E6	
1549	-7.6393E-1	7.8494E1	3.5650E0	2.8650E6	
1550	-7.6233E-1	8.0872E1	3.5720E0	2.8673E6	
1551	-7.6080E-1	8.3136E1	3.5790E0	2.8695E6	
1552	-7.6195E-1	8.1438E1	3.5860E0	2.8717E6	
1553	-7.6347E-1	7.9173E1	3.5930E0	2.8739E6	
1554	-7.6225E-1	8.0985E1	3.6002E0	2.8761E6	
1555	-7.6317E-1	7.9626E1	3.6071E0	2.8784E6	
1556	-7.6378E-1	7.8720E1	3.6142E0	2.8806E6	
1557	-7.6660E-1	7.4531E1	3.6212E0	2.8828E6	
1558	-7.6324E-1	7.9513E1	3.6282E0	2.8850E6	
1559	-7.6576E-1	7.5776E1	3.6353E0	2.8872E6	
1560	-7.6759E-1	7.3059E1	3.6423E0	2.8895E6	
1561	-7.6859E-1	7.1587E1	3.6493E0	2.8917E6	
1562	-7.6523E-1	7.6569E1	3.6563E0	2.8939E6	
1563	-7.6820E-1	7.2153E1	3.6635E0	2.8961E6	
1564	-7.6820E-1	7.2153E1	3.6704E0	2.8983E6	
1565	-7.6630E-1	7.4984E1	3.6776E0	2.9006E6	
1566	-7.6759E-1	7.3059E1	3.6846E0	2.9028E6	
1567	-7.6797E-1	7.2493E1	3.6916E0	2.9050E6	
1568	-7.6668E-1	7.4418E1	3.6987E0	2.9072E6	
1569	-7.6607E-1	7.5323E1	3.7058E0	2.9094E6	
1570	-7.6988E-1	6.9662E1	3.7129E0	2.9117E6	
1571	-7.6859E-1	7.1587E1	3.7200E0	2.9139E6	
1572	-7.6973E-1	6.9889E1	3.7271E0	2.9161E6	
1573	-7.6973E-1	6.9889E1	3.7341E0	2.9183E6	
1574	-7.7042E-1	6.8870E1	3.7412E0	2.9205E6	
1575	-7.6889E-1	7.1134E1	3.7484E0	2.9228E6	
1576	-7.6591E-1	7.5550E1	3.7555E0	2.9250E6	
1577	-7.6881E-1	7.1247E1	3.7626E0	2.9272E6	
1578	-7.6836E-1	7.1927E1	3.7696E0	2.9294E6	
1579	-7.6820E-1	7.2153E1	3.7768E0	2.9316E6	
1580	-7.6965E-1	7.0002E1	3.7839E0	2.9339E6	
1581	-7.7133E-1	6.7511E1	3.7911E0	2.9361E6	
1582	-7.6851E-1	7.1700E1	3.7981E0	2.9383E6	
1583	-7.7217E-1	6.6265E1	3.8053E0	2.9405E6	
1584	-7.6973E-1	6.9889E1	3.8124E0	2.9427E6	
1585	-7.7217E-1	6.6265E1	3.8195E0	2.9450E6	
1586	-7.6797E-1	7.2493E1	3.8266E0	2.9472E6	
1587	-7.6790E-1	7.2606E1	3.8338E0	2.9494E6	
1588	-7.7003E-1	6.9436E1	3.8409E0	2.9516E6	
1589	-7.7026E-1	6.9096E1	3.8481E0	2.9538E6	
1590	-7.7087E-1	6.8190E1	3.8552E0	2.9561E6	
1591	-7.7217E-1	6.6265E1	3.8624E0	2.9583E6	
1592	-7.7141E-1	6.7398E1	3.8696E0	2.9605E6	
1593	-7.7309E-1	6.4907E1	3.8768E0	2.9627E6	
1594	-7.7339E-1	6.4454E1	3.8839E0	2.9649E6	
1595	-7.7156E-1	6.7171E1	3.8910E0	2.9672E6	
1596	-7.7454E-1	6.2755E1	3.8981E0	2.9694E6	
1597	-7.7263E-1	6.5586E1	3.9054E0	2.9716E6	
1598	-7.7225E-1	6.6152E1	3.9125E0	2.9738E6	
1599	-7.7194E-1	6.6605E1	3.9197E0	2.9760E6	
1600	-7.7492E-1	6.2189E1	3.9268E0	2.9783E6	
1601	-7.7446E-1	6.2869E1	3.9341E0	2.9805E6	
1602	-7.7156E-1	6.7171E1	3.9412E0	2.9827E6	
1603	-7.7469E-1	6.2529E1	3.9484E0	2.9849E6	
1604	-7.7347E-1	6.4341E1	3.9557E0	2.9871E6	
1605	-7.7255E-1	6.5699E1	3.9628E0	2.9894E6	
1606	-7.7507E-1	6.1963E1	3.9700E0	2.9916E6	
1607	-7.7431E-1	6.3095E1	3.9773E0	2.9938E6	
1608	-7.7393E-1	6.3661E1	3.9844E0	2.9960E6	
1609	-7.7538E-1	6.1510E1	3.9917E0	2.9982E6	
1610	-7.7431E-1	6.3095E1	3.9989E0	3.0005E6	
1611	-7.7538E-1	6.1510E1	4.0061E0	3.0027E6	
1612	-7.7606E-1	6.0491E1	4.0134E0	3.0049E6	
1613	-7.7827E-1	5.7207E1	4.0206E0	3.0071E6	
1614	-7.7812E-1	5.7434E1	4.0278E0	3.0093E6	
1615	-7.7599E-1	6.0604E1	4.0350E0	3.0116E6	
1616	-7.7835E-1	5.7094E1	4.0423E0	3.0138E6	
1617	-7.7789E-1	5.7773E1	4.0496E0	3.0160E6	
1618	-7.7591E-1	6.0717E1	4.0567E0	3.0182E6	
1619	-7.8003E-1	5.4603E1	4.0640E0	3.0204E6	
1620	-7.7789E-1	5.7773E1	4.0712E0	3.0227E6	
1621	-7.7911E-1	5.5962E1	4.0785E0	3.0249E6	
1622	-7.8094E-1	5.3244E1	4.0857E0	3.0271E6	
1623	-7.8079E-1	5.3471E1	4.0929E0	3.0293E6	
1624	-7.8117E-1	5.2905E1	4.1002E0	3.0315E6	
1625	-7.8194E-1	5.1773E1	4.1075E0	3.0338E6	
1626	-7.8117E-1	5.2905E1	4.1148E0	3.0360E6	
1627	-7.8125E-1	5.2792E1	4.1220E0	3.0382E6	
1628	-7.8087E-1	5.3358E1	4.1293E0	3.0404E6	
1629	-7.8064E-1	5.3697E1	4.1366E0	3.0426E6	
1630	-7.8270E-1	5.0640E1	4.1440E0	3.0449E6	
1631	-7.8110E-1	5.3018E1	4.1511E0	3.0471E6	
1632	-7.8354E-1	4.9395E1	4.1585E0	3.0493E6	
1633	-7.8323E-1	4.9848E1	4.1658E0	3.0515E6	
1634	-7.8682E-1	4.4526E1	4.1730E0	3.0537E6	
1635	-7.8461E-1	4.7810E1	4.1803E0	3.0560E6	
1636	-7.8300E-1	5.0187E1	4.1876E0	3.0582E6	
1637	-7.8484E-1	4.7470E1	4.1949E0	3.0604E6	
1638	-7.8415E-1	4.8489E1	4.2021E0	3.0626E6	
1639	-7.8339E-1	4.9621E1	4.2095E0	3.0648E6	
1640	-7.8552E-1	4.6451E1	4.2168E0	3.0671E6	
1641	-7.8453E-1	4.7923E1	4.2241E0	3.0693E6	
1642	-7.8148E-1	5.2452E1	4.2314E0	3.0715E6	
1643	-7.8377E-1	4.9055E1	4.2387E0	3.0737E6	
1644	-7.8575E-1	4.6111E1	4.2461E0	3.0759E6	
1645	-7.8552E-1	4.6451E1	4.2534E0	3.0782E6	
1646	-7.8384E-1	4.8942E1	4.2607E0	3.0804E6	
1647	-7.8323E-1	4.9848E1	4.2680E0	3.0826E6	
1648	-7.8423E-1	4.8376E1	4.2754E0	3.0848E6	
1649	-7.8636E-1	4.5205E1	4.2828E0	3.0870E6	
1650	-7.8506E-1	4.7130E1	4.2900E0	3.0893E6	
1651	-7.8560E-1	4.6338E1	4.2974E0	3.0915E6	
1652	-7.8522E-1	4.6904E1	4.3048E0	3.0937E6	
1653	-7.8537E-1	4.6677E1	4.3121E0	3.0959E6	
1654	-7.8522E-1	4.6904E1	4.3194E0	3.0981E6	
1655	-7.8629E-1	4.5319E1	4.3268E0	3.1004E6	
1656	-7.8491E-1	4.7357E1	4.3341E0	3.1026E6	
1657	-7.8621E-1	4.5432E1	4.3415E0	3.1048E6	
1658	-7.8590E-1	4.5885E1	4.3489E0	3.1070E6	
1659	-7.8667E-1	4.4753E1	4.3563E0	3.1092E6	
1660	-7.8568E-1	4.6224E1	4.3636E0	3.1115E6	
1661	-7.8514E-1	4.7017E1	4.3710E0	3.1137E6	
1662	-7.8682E-1	4.4526E1	4.3783E0	3.1159E6	
1663	-7.8651E-1	4.4979E1	4.3858E0	3.1181E6	
1664	-7.8621E-1	4.5432E1	4.3931E0	3.1203E6	
1665	-7.8674E-1	4.4639E1	4.4004E0	3.1226E6	
1666	-7.9178E-1	3.7166E1	4.4078E0	3.1248E6	
1667	-7.9041E-1	3.9204E1	4.4153E0	3.1270E6	
1668	-7.8674E-1	4.4639E1	4.4225E0	3.1292E6	
1669	-7.8613E-1	4.5545E1	4.4301E0	3.1314E6	
1670	-7.8880E-1	4.1582E1	4.4374E0	3.1337E6	
1671	-7.8918E-1	4.1016E1	4.4448E0	3.1359E6	
1672	-7.8949E-1	4.0563E1	4.4521E0	3.1381E6	
1673	-7.8934E-1	4.0790E1	4.4596E0	3.1403E6	
1674	-7.8972E-1	4.0223E1	4.4670E0	3.1425E6	
1675	-7.9247E-1	3.6147E1	4.4744E0	3.1448E6	
1676	-7.9178E-1	3.7166E1	4.4818E0	3.1470E6	
1677	-7.9109E-1	3.8185E1	4.4891E0	3.1492E6	
1678	-7.9407E-1	3.3770E1	4.4966E0	3.1514E6	
1679	-7.9369E-1	3.4336E1	4.5040E0	3.1536E6	
1680	-7.9132E-1	3.7846E1	4.5114E0	3.1559E6	
1681	-7.9346E-1	3.4675E1	4.5189E0	3.1581E6	
1682	-7.9315E-1	3.5128E1	4.5263E0	3.1603E6	
1683	-7.9582E-1	3.1165E1	4.5335E0	3.1625E6	
1684	-7.9620E-1	3.0599E1	4.5411E0	3.1647E6	
1685	-7.9491E-1	3.2524E1	4.5485E0	3.1670E6	
1686	-7.9529E-1	3.1958E1	4.5559E0	3.1692E6	
1687	-7.9468E-1	3.2864E1	4.5634E0	3.1714E6	
1688	-7.9536E-1	3.1845E1	4.5708E0	3.1736E6	
1689	-7.9529E-1	3.1958E1	4.5783E0	3.1758E6	
1690	-7.9720E-1	2.9127E1	4.5856E0	3.1781E6	
1691	-7.9643E-1	3.0260E1	4.5931E0	3.1803E6	
1692	-7.9597E-1	3.0939E1	4.6006E0	3.1825E6	
1693	-7.9399E-1	3.3883E1	4.6079E0	3.1847E6	
1694	-7.9506E-1	3.2298E1	4.6154E0	3.1869E6	
1695	-7.9422E-1	3.3543E1	4.6229E0	3.1892E6	
1696	-7.9819E-1	2.7655E1	4.6303E0	3.1914E6	
1697	-7.9880E-1	2.6750E1	4.6377E0	3.1936E6	
1698	-7.9475E-1	3.2751E1	4.6452E0	3.1958E6	
1699	-7.9773E-1	2.8335E1	4.6526E0	3.1980E6	
1700	-7.9865E-1	2.6976E1	4.6601E0	3.2003E6	
1701	-7.9590E-1	3.1052E1	4.6675E0	3.2025E6	
1702	-7.9865E-1	2.6976E1	4.6750E0	3.2047E6	
1703	-7.9903E-1	2.6410E1	4.6824E0	3.2069E6	
1704	-7.9979E-1	2.5278E1	4.6898E0	3.2091E6	
1705	-7.9796E-1	2.7995E1	4.6973E0	3.2114E6	
1706	-7.9865E-1	2.6976E1	4.7047E0	3.2136E6	
1707	-7.9712E-1	2.9241E1	4.7123E0	3.2158E6	
1708	-7.9987E-1	2.5164E1	4.7198E0	3.2180E6	
1709	-7.9933E-1	2.5957E1	4.7271E0	3.2202E6	
1710	-7.9903E-1	2.6410E1	4.7346E0	3.2225E6	
1711	-8.0200E-1	2.1994E1	4.7421E0	3.2247E6	
1712	-7.9903E-1	2.6410E1	4.7496E0	3.2269E6	
1713	-8.0093E-1	2.3579E1	4.7570E0	3.2291E6	
1714	-8.0101E-1	2.3466E1	4.7645E0	3.2313E6	
1715	-7.9956E-1	2.5617E1	4.7720E0	3.2336E6	
1716	-8.0063E-1	2.4032E1	4.7793E0	3.2358E6	
1717	-8.0208E-1	2.1881E1	4.7869E0	3.2380E6	
1718	-7.9979E-1	2.5278E1	4.7944E0	3.2402E6	
1719	-8.0063E-1	2.4032E1	4.8018E0	3.2424E6	
1720	-8.0101E-1	2.3466E1	4.8093E0	3.2447E6	
1721	-8.0231E-1	2.1541E1	4.8168E0	3.2469E6	
1722	-8.0338E-1	1.9956E1	4.8243E0	3.2491E6	
1723	-8.0315E-1	2.0296E1	4.8319E0	3.2513E6	
1724	-8.0238E-1	2.1428E1	4.8392E0	3.2535E6	
1725	-8.0139E-1	2.2900E1	4.8467E0	3.2558E6	
1726	-8.0086E-1	2.3693E1	4.8542E0	3.2580E6	
1727	-8.0368E-1	1.9503E1	4.8617E0	3.2602E6	
1728	-8.0627E-1	1.5654E1	4.8692E0	3.2624E6	
1729	-8.0437E-1	1.8484E1	4.8766E0	3.2646E6	
1730	-8.0299E-1	2.0522E1	4.8841E0	3.2669E6	
1731	-8.0345E-1	1.9843E1	4.8916E0	3.2691E6	
1732	-8.0559E-1	1.6673E1	4.8991E0	3.2713E6	
1733	-8.0414E-1	1.8824E1	4.9066E0	3.2735E6	
1734	-8.0620E-1	1.5767E1	4.9141E0	3.2757E6	
1735	-8.0254E-1	2.1202E1	4.9216E0	3.2780E6	
1736	-8.0742E-1	1.3955E1	4.9291E0	3.2802E6	
1737	-8.0643E-1	1.5427E1	4.9366E0	3.2824E6	
1738	-8.0818E-1	1.2823E1	4.9440E0	3.2846E6	
1739	-8.0505E-1	1.7465E1	4.9516E0	3.2868E6	
1740	-8.0772E-1	1.3502E1	4.9590E0	3.2891E6	
1741	-8.0566E-1	1.6559E1	4.9666E0	3.2913E6	
1742	-8.0833E-1	1.2596E1	4.9740E0	3.2935E6	
1743	-8.0894E-1	1.1691E1	4.9815E0	3.2957E6	
1744	-8.1078E-1	8.9732E0	4.9891E0	3.2979E6	
1745	-8.1131E-1	8.1806E0	4.9965E0	3.3002E6	
1746	-8.1100E-1	8.6335E0	5.0041E0	3.3024E6	
1747	-8.0696E-1	1.4634E1	5.0116E0	3.3046E6	
1748	-8.1070E-1	9.0864E0	5.0191E0	3.3068E6	
1749	-8.0933E-1	1.1124E1	5.0266E0	3.3090E6	
1750	-8.0978E-1	1.0445E1	5.0341E0	3.3113E6	
1751	-8.1139E-1	8.0674E0	5.0415E0	3.3135E6	
1752	-8.1184E-1	7.3880E0	5.0491E0	3.3157E6	
1753	-8.1093E-1	8.7467E0	5.0566E0	3.3179E6	
1754	-8.0994E-1	1.0219E1	5.0640E0	3.3201E6	
1755	-8.0925E-1	1.1238E1	5.0716E0	3.3224E6	
1756	-8.1207E-1	7.0483E0	5.0791E0	3.3246E6	
1757	-8.1116E-1	8.4071E0	5.0867E0	3.3268E6	
1758	-8.1367E-1	4.6706E0	5.0941E0	3.3290E6	
1759	-8.1261E-1	6.2558E0	5.1017E0	3.3312E6	
1760	-8.1200E-1	7.1616E0	5.1092E0	3.3335E6	
1761	-8.1230E-1	6.7087E0	5.1168E0	3.3357E6	
1762	-8.1284E-1	5.9161E0	5.1242E0	3.3379E6	
1763	-8.1223E-1	6.8219E0	5.1317E0	3.3401E6	
1764	-8.1177E-1	7.5012E0	5.1392E0	3.3423E6	
1765	-8.1520E-1	2.4061E0	5.1467E0	3.3446E6	
1766	-8.1268E-1	6.1425E0	5.1542E0	3.3468E6	
1767	-8.1329E-1	5.2367E0	5.1616E0	3.3490E6	
1768	-8.1345E-1	5.0103E0	5.1693E0	3.3512E6	
1769	-8.1551E-1	1.9532E0	5.1767E0	3.3534E6	
1770	-8.1421E-1	3.8780E0	5.1842E0	3.3557E6	
1771	-8.1276E-1	6.0293E0	5.1917E0	3.3579E6	
1772	-8.1543E-1	2.0664E0	5.1992E0	3.3601E6	
1773	-8.1413E-1	3.9912E0	5.2068E0	3.3623E6	
1774	-8.1284E-1	5.9161E0	5.2143E0	3.3645E6	
1775	-8.1459E-1	3.3119E0	5.2217E0	3.3668E6	
1776	-8.1505E-1	2.6325E0	5.2292E0	3.3690E6	
1777	-8.1467E-1	3.1987E0	5.2368E0	3.3712E6	
1778	-8.1635E-1	7.0770E-1	5.2442E0	3.3734E6	
1779	-8.1619E-1	9.3415E-1	5.2517E0	3.3756E6	
1780	-8.1352E-1	4.8971E0	5.2592E0	3.3779E6	
1781	-8.1566E-1	1.7267E0	5.2667E0	3.3801E6	
1782	-8.1680E-1	2.8348E-2	5.2742E0	3.3823E6	
1783	-8.1741E-1	-8.7746E-1	5.2817E0	3.3845E6	
1784	-8.1726E-1	-6.5101E-1	5.2893E0	3.3867E6	
1785	-8.1703E-1	-3.1133E-1	5.2967E0	3.3890E6	
1786	-8.1795E-1	-1.6700E0	5.3041E0	3.3912E6	
1787	-8.1619E-1	9.3415E-1	5.3117E0	3.3934E6	
1788	-8.1871E-1	-2.8023E0	5.3191E0	3.3956E6	
1789	-8.1718E-1	-5.3778E-1	5.3266E0	3.3978E6	
1790	-8.1902E-1	-3.2552E0	5.3342E0	3.4001E6	
1791	-8.1734E-1	-7.6423E-1	5.3416E0	3.4023E6	
1792	-8.2115E-1	-6.4255E0	5.3453E0	3.4034E6	
1793	-8.2115E-1	-6.4255E0	5.3453E0	3.4034E6	
1794	-8.2115E-1	-6.4255E0	5.3453E0	3.4034E6	
1795	-8.2115E-1	-6.4255E0	5.3453E0	3.4034E6	
1796	-8.2115E-1	-6.4255E0	5.3453E0	3.4034E6	
1797	-8.2115E-1	-6.4255E0	5.3453E0	3.4034E6	
1798	-8.2115E-1	-6.4255E0	5.3453E0	3.4034E6	
1799	-8.2115E-1	-6.4255E0	5.3453E0	3.4034E6	
1800	-8.2115E-1	-6.4255E0	5.3453E0	3.4034E6	
1801	-8.2115E-1	-6.4255E0	5.3453E0	3.4034E6	
1802	-8.2115E-1	-6.4255E0	5.3453E0	3.4034E6	
1803	-8.2115E-1	-6.4255E0	5.3453E0	3.4034E6	
1804	-8.2115E-1	-6.4255E0	5.3453E0	3.4034E6	
1805	-8.2115E-1	-6.4255E0	5.3453E0	3.4034E6	
1806	-8.2115E-1	-6.4255E0	5.3453E0	3.4034E6	
1807	-8.2115E-1	-6.4255E0	5.3453E0	3.4034E6	
1808	-8.2115E-1	-6.4255E0	5.3453E0	3.4034E6	
1809	-8.2115E-1	-6.4255E0	5.3453E0	3.4034E6	
1810	-8.2115E-1	-6.4255E0	5.3453E0	3.4034E6	
1811	-8.2115E-1	-6.4255E0	5.3453E0	3.4034E6	
1812	-8.2115E-1	-6.4255E0	5.3453E0	3.4034E6	
1813	-8.2115E-1	-6.4255E0	5.3453E0	3.4034E6	
1814	-8.2115E-1	-6.4255E0	5.3453E0	3.4034E6	
1815	-8.2115E-1	-6.4255E0	5.3453E0	3.4034E6	
1816	-8.2115E-1	-6.4255E0	5.3453E0	3.4034E6	
1817	-8.2115E-1	-6.4255E0	5.3453E0	3.4034E6	
1818	-8.2115E-1	-6.4255E0	5.3453E0	3.4034E6	
1819	-8.2115E-1	-6.4255E0	5.3453E0	3.4034E6	
1820	-8.2115E-1	-6.4255E0	5.3453E0	3.4034E6	
1821	-8.2115E-1	-6.4255E0	5.3453E0	3.4034E6	
1822	-8.2115E-1	-6.4255E0	5.3453E0	3.4034E6	
1823	-8.2115E-1	-6.4255E0	5.3453E0	3.4034E6	
1824	-8.2115E-1	-6.4255E0	5.3453E0	3.4034E6	
1825	-8.2115E-1	-6.4255E0	5.3453E0	3.4034E6	
1826	-8.2115E-1	-6.4255E0	5.3453E0	3.4034E6	
1827	-8.2115E-1	-6.4255E0	5.3453E0	3.4034E6	
1828	-8.2115E-1	-6.4255E0	5.3453E0	3.4034E6	
1829	-8.2115E-1	-6.4255E0	5.3453E0	3.4034E6	
1830	-8.2115E-1	-6.4255E0	5.3453E0	3.4034E6	
1831	-8.2115E-1	-6.4255E0	5.3453E0	3.4034E6	
1832	-8.2115E-1	-6.4255E0	5.3453E0	3.4034E6	
1833	-8.2115E-1	-6.4255E0	5.3453E0	3.4034E6	
1834	-8.2115E-1	-6.4255E0	5.3453E0	3.4034E6	
1835	-8.2115E-1	-6.4255E0	5.3453E0	3.4034E6	
1836	-8.2115E-1	-6.4255E0	5.3453E0	3.4034E6	
1837	-8.2115E-1	-6.4255E0	5.3453E0	3.4034E6	
1838	-8.2115E-1	-6.4255E0	5.3453E0	3.4034E6	
1839	-8.2115E-1	-6.4255E0	5.3453E0	3.4034E6	
1840	-8.2115E-1	-6.4255E0	5.3453E0	3.4034E6	
1841	-8.2115E-1	-6.4255E0	5.3453E0	3.4034E6	
1842	-8.2115E-1	-6.4255E0	5.3453E0	3.4034E6	
1843	-8.2115E-1	-6.4255E0	5.3453E0	3.4034E6	
1844	-8.2115E-1	-6.4255E0	5.3453E0	3.4034E6	
1845	-8.2115E-1	-6.4255E0	5.3453E0	3.4034E6	
1846	-8.2115E-1	-6.4255E0	5.3453E0	3.4034E6	
1847	-8.2115E-1	-6.4255E0	5.3453E0	3.4034E6	
1848	-8.2115E-1	-6.4255E0	5.3453E0	3.4034E6	
1849	-8.2115E-1	-6.4255E0	5.3453E0	3.4034E6	
1850	-8.2115E-1	-6.4255E0	5.3453E0	3.4034E6	
1851	-8.2115E-1	-6.4255E0	5.3453E0	3.4034E6	
1852	-8.2115E-1	-6.4255E0	5.3453E0	3.4034E6	
1853	-8.2115E-1	-6.4255E0	5.3453E0	3.4034E6	
1854	-8.2115E-1	-6.4255E0	5.3453E0	3.4034E6	
1855	-8.2115E-1	-6.4255E0	5.3453E0	3.4034E6	
1856	-8.2115E-1	-6.4255E0	5.3453E0	3.4034E6	
1857	-8.2115E-1	-6.4255E0	5.3453E0	3.4034E6	
1858	-8.2115E-1	-6.4255E0	5.3453E0	3.4034E6	
1859	-8.2115E-1	-6.4255E0	5.3453E0	3.4034E6	
1860	-8.2115E-1	-6.4255E0	5.3453E0	3.4034E6	
1861	-8.2115E-1	-6.4255E0	5.3453E0	3.4034E6	
1862	-8.2115E-1	-6.4255E0	5.3453E0	3.4034E6	
1863	-8.2115E-1	-6.4255E0	5.3453E0	3.4034E6	
1864	-8.2115E-1	-6.4255E0	5.3453E0	3.4034E6	
1865	-8.2115E-1	-6.4255E0	5.3453E0	3.4034E6	
1866	-8.2115E-1	-6.4255E0	5.3453E0	3.4034E6	
1867	-8.2115E-1	-6.4255E0	5.3453E0	3.4034E6	
1868	-8.2115E-1	-6.4255E0	5.3453E0	3.4034E6	
1869	-8.2115E-1	-6.4255E0	5.3453E0	3.4034E6	
1870	-8.2115E-1	-6.4255E0	5.3453E0	3.4034E6	
1871	-8.2115E-1	-6.4255E0	5.3453E0	3.4034E6	
1872	-8.2115E-1	-6.4255E0	5.3453E0	3.4034E6	
1873	-8.2115E-1	-6.4255E0	5.3453E0	3.4034E6	
1874	-8.2115E-1	-6.4255E0	5.3453E0	3.4034E6	
1875	-8.2115E-1	-6.4255E0	5.3453E0	3.4034E6	
1876	-8.2115E-1	-6.4255E0	5.3453E0	3.4034E6	
1877	-8.2115E-1	-6.4255E0	5.3453E0	3.4034E6	
1878	-8.2115E-1	-6.4255E0	5.3453E0	3.4034E6	
1879	-8.2115E-1	-6.4255E0	5.3453E0	3.4034E6	
1880	-8.2115E-1	-6.4255E0	5.3453E0	3.4034E6	
1881	-8.2115E-1	-6.4255E0	5.3453E0	3.4034E6	
1882	-8.2115E-1	-6.4255E0	5.3453E0	3.4034E6	
1883	-8.2115E-1	-6.4255E0	5.3453E0	3.4034E6	
1884	-8.2115E-1	-6.4255E0	5.3453E0	3.4034E6	
1885	-8.2115E-1	-6.4255E0	5.3453E0	3.4034E6	
1886	-8.2115E-1	-6.4255E0	5.3453E0	3.4034E6	
1887	-8.2115E-1	-6.4255E0	5.3453E0	3.4034E6	
1888	-8.2115E-1	-6.4255E0	5.3453E0	3.4034E6	
1889	-8.2115E-1	-6.4255E0	5.3453E0	3.4034E6	
1890	-8.2115E-1	-6.4255E0	5.3453E0	3.4034E6	
1891	-8.2115E-1	-6.4255E0	5.3453E0	3.4034E6	
1892	-8.2115E-1	-6.4255E0	5.3453E0	3.4034E6	
1893	-8.2115E-1	-6.4255E0	5.3453E0	3.4034E6	
1894	-8.2115E-1	-6.4255E0	5.3453E0	3.4034E6	
1895	-8.2115E-1	-6.4255E0	5.3453E0	3.4034E6	
1896	-8.2115E-1	-6.4255E0	5.3453E0	3.4034E6	
1897	-8.2115E-1	-6.4255E0	5.3453E0	3.4034E6	
1898	-8.2115E-1	-6.4255E0	5.3453E0	3.4034E6	
1899	-8.2115E-1	-6.4255E0	5.3453E0	3.4034E6	
1900	-8.2115E-1	-6.4255E0	5.3453E0	3.4034E6	
1901	-8.2115E-1	-6.4255E0	5.3453E0	3.4034E6	
1902	-8.2115E-1	-6.4255E0	5.3453E0	3.4034E6	
1903	-8.2115E-1	-6.4255E0	5.3453E0	3.4034E6	
1904	-8.2115E-1	-6.4255E0	5.3453E0	3.4034E6	
1905	-8.2115E-1	-6.4255E0	5.3453E0	3.4034E6	
1906	-8.2115E-1	-6.4255E0	5.3453E0	3.4034E6	
1907	-8.2115E-1	-6.4255E0	5.3453E0	3.4034E6	
1908	-8.2115E-1	-6.4255E0	5.3453E0	3.4034E6	
1909	-8.2115E-1	-6.4255E0	5.3453E0	3.4034E6	
1910	-8.2115E-1	-6.4255E0	5.3453E0	3.4034E6	
1911	-8.2115E-1	-6.4255E0	5.3453E0	3.4034E6	
1912	-8.2115E-1	-6.4255E0	5.3453E0	3.4034E6	
1913	-8.2115E-1	-6.4255E0	5.3453E0	3.4034E6	
1914	-8.2115E-1	-6.4255E0	5.3453E0	3.4034E6	
1915	-8.2115E-1	-6.4255E0	5.3453E0	3.4034E6	
1916	-8.2115E-1	-6.4255E0	5.3453E0	3.4034E6	
1917	-8.2115E-1	-6.4255E0	5.3453E0	3.4034E6	
1918	-8.2115E-1	-6.4255E0	5.3453E0	3.4034E6	
1919	-8.2115E-1	-6.4255E0	5.3453E0	3.4034E6	
1920	-8.2115E-1	-6.4255E0	5.3453E0	3.4034E6	
1921	-8.2115E-1	-6.4255E0	5.3453E0	3.4034E6	
1922	-8.2115E-1	-6.4255E0	5.3453E0	3.4034E6	
1923	-8.2115E-1	-6.4255E0	5.3453E0	3.4034E6	
1924	-8.2115E-1	-6.4255E0	5.3453E0	3.4034E6	
1925	-8.2115E-1	-6.4255E0	5.3453E0	3.4034E6	
1926	-8.2115E-1	-6.4255E0	5.3453E0	3.4034E6	
1927	-8.2115E-1	-6.4255E0	5.3453E0	3.4034E6	
1928	-8.2115E-1	-6.4255E0	5.3453E0	3.4034E6	
1929	-8.2115E-1	-6.4255E0	5.3453E0	3.4034E6	
1930	-8.2115E-1	-6.4255E0	5.3453E0	3.4034E6	
1931	-8.2115E-1	-6.4255E0	5.3453E0	3.4034E6	
1932	-8.2115E-1	-6.4255E0	5.3453E0	3.4034E6	
1933	-8.2115E-1	-6.4255E0	5.3453E0	3.4034E6	
1934	-8.2115E-1	-6.4255E0	5.3453E0	3.4034E6	
1935	-8.2115E-1	-6.4255E0	5.3453E0	3.4034E6	
1936	-8.2115E-1	-6.4255E0	5.3453E0	3.4034E6	
1937	-8.2115E-1	-6.4255E0	5.3453E0	3.4034E6	
1938	-8.2115E-1	-6.4255E0	5.3453E0	3.4034E6	
1939	-8.2115E-1	-6.4255E0	5.3453E0	3.4034E6	
1940	-8.2115E-1	-6.4255E0	5.3453E0	3.4034E6	
1941	-8.2115E-1	-6.4255E0	5.3453E0	3.4034E6	
1942	-8.2115E-1	-6.4255E0	5.3453E0	3.4034E6	
1943	-8.2115E-1	-6.4255E0	5.3453E0	3.4034E6	
1944	-8.2115E-1	-6.4255E0	5.3453E0	3.4034E6	
1945	-8.2115E-1	-6.4255E0	5.3453E0	3.4034E6	
1946	-8.2115E-1	-6.4255E0	5.3453E0	3.4034E6	
1947	-8.2115E-1	-6.4255E0	5.3453E0	3.4034E6	
1948	-8.2115E-1	-6.4255E0	5.3453E0	3.4034E6	
1949	-8.2115E-1	-6.4255E0	5.3453E0	3.4034E6	
1950	-8.2115E-1	-6.4255E0	5.3453E0	3.4034E6	
1951	-8.2115E-1	-6.4255E0	5.3453E0	3.4034E6	
1952	-8.2115E-1	-6.4255E0	5.3453E0	3.4034E6	
1953	-8.2115E-1	-6.4255E0	5.3453E0	3.4034E6	
1954	-8.2115E-1	-6.4255E0	5.3453E0	3.4034E6	
1955	-8.2115E-1	-6.4255E0	5.3453E0	3.4034E6	
1956	-8.2115E-1	-6.4255E0	5.3453E0	3.4034E6	
1957	-8.2115E-1	-6.4255E0	5.3453E0	3.4034E6	
1958	-8.2115E-1	-6.4255E0	5.3453E0	3.4034E6	
1959	-8.2115E-1	-6.4255E0	5.3453E0	3.4034E6	
1960	-8.2115E-1	-6.4255E0	5.3453E0	3.4034E6	
1961	-8.2115E-1	-6.4255E0	5.3453E0	3.4034E6	
1962	-8.2115E-1	-6.4255E0	5.3453E0	3.4034E6	
1963	-8.2115E-1	-6.4255E0	5.3453E0	3.4034E6	
1964	-8.2115E-1	-6.4255E0	5.3453E0	3.4034E6	
1965	-8.2115E-1	-6.4255E0	5.3453E0	3.4034E6	
1966	-8.2115E-1	-6.4255E0	5.3453E0	3.4034E6	
1967	-8.2115E-1	-6.4255E0	5.3453E0	3.4034E6	
1968	-8.2115E-1	-6.4255E0	5.3453E0	3.4034E6	
1969	-8.2115E-1	-6.4255E0	5.3453E0	3.4034E6	
1970	-8.2115E-1	-6.4255E0	5.3453E0	3.4034E6	
1971	-8.2115E-1	-6.4255E0	5.3453E0	3.4034E6	
1972	-8.2115E-1	-6.4255E0	5.3453E0	3.4034E6	
1973	-8.2115E-1	-6.4255E0	5.3453E0	3.4034E6	
1974	-8.2115E-1	-6.4255E0	5.3453E0	3.4034E6	
1975	-8.2115E-1	-6.4255E0	5.3453E0	3.4034E6	
1976	-8.2115E-1	-6.4255E0	5.3453E0	3.4034E6	
1977	-8.2115E-1	-6.4255E0	5.3453E0	3.4034E6	
1978	-8.2115E-1	-6.4255E0	5.3453E0	3.4034E6	
1979	-8.2115E-1	-6.4255E0	5.3453E0	3.4034E6	
1980	-8.2115E-1	-6.4255E0	5.3453E0	3.4034E6	
1981	-8.2115E-1	-6.4255E0	5.3453E0	3.4034E6	
1982	-8.2115E-1	-6.4255E0	5.3453E0	3.4034E6	
1983	-8.2115E-1	-6.4255E0	5.3453E0	3.4034E6	
1984	-8.2115E-1	-6.4255E0	5.3453E0	3.4034E6	
1985	-8.2115E-1	-6.4255E0	5.3453E0	3.4034E6	
1986	-8.2115E-1	-6.4255E0	5.3453E0	3.4034E6	
1987	-8.2115E-1	-6.4255E0	5.3453E0	3.4034E6	
1988	-8.2115E-1	-6.4255E0	5.3453E0	3.4034E6	
1989	-8.2115E-1	-6.4255E0	5.3453E0	3.4034E6	
1990	-8.2115E-1	-6.4255E0	5.3453E0	3.4034E6	
1991	-8.2115E-1	-6.4255E0	5.3453E0	3.4034E6	
1992	-8.2115E-1	-6.4255E0	5.3453E0	3.4034E6	
1993	-8.2115E-1	-6.4255E0	5.3453E0	3.4034E6	
1994	-8.2115E-1	-6.4255E0	5.3453E0	3.4034E6	
1995	-8.2115E-1	-6.4255E0	5.3453E0	3.4034E6	
1996	-8.2115E-1	-6.4255E0	5.3453E0	3.4034E6	
1997	-8.2115E-1	-6.4255E0	5.3453E0	3.4034E6	
1998	-8.2115E-1	-6.4255E0	5.3453E0	3.4034E6	
1999	-8.2115E-1	-6.4255E0	5.3453E0	3.4034E6	
2000	-8.2115E-1	-6.4255E0	5.3453E0	3.4034E6	
2001	-8.2115E-1	-6.4255E0	5.3453E0	3.4034E6	
2002	-8.2115E-1	-6.4255E0	5.3453E0	3.4034E6	
2003	-8.2115E-1	-6.4255E0	5.3453E0	3.4034E6	
2004	-8.2115E-1	-6.4255E0	5.3453E0	3.4034E6	
2005	-8.2115E-1	-6.4255E0	5.3453E0	3.4034E6	
2006	-8.2115E-1	-6.4255E0	5.3453E0	3.4034E6	
2007	-8.2115E-1	-6.4255E0	5.3453E0	3.4034E6	
2008	-8.2115E-1	-6.4255E0	5.3453E0	3.4034E6	
2009	-8.2115E-1	-6.4255E0	5.3453E0	3.4034E6	
2010	-8.2115E-1	-6.4255E0	5.3453E0	3.4034E6	
2011	-8.2115E-1	-6.4255E0	5.3453E0	3.4034E6	
2012	-8.2115E-1	-6.4255E0	5.3453E0	3.4034E6	
2013	-8.2115E-1	-6.4255E0	5.3453E0	3.4034E6	
2014	-8.2115E-1	-6.4255E0	5.3453E0	3.4034E6	
2015	-8.2115E-1	-6.4255E0	5.3453E0	3.4034E6	
2016	-8.2115E-1	-6.4255E0	5.3453E0	3.4034E6	
2017	-8.2115E-1	-6.4255E0	5.3453E0	3.4034E6	
2018	-8.2115E-1	-6.4255E0	5.3453E0	3.4034E6	
2019	-8.2115E-1	-6.4255E0	5.3453E0	3.4034E6	
2020	-8.2115E-1	-6.4255E0	5.3453E0	3.4034E6	
2021	-8.2115E-1	-6.4255E0	5.3453E0	3.4034E6	
2022	-8.2115E-1	-6.4255E0	5.3453E0	3.4034E6	
2023	-8.2115E-1	-6.4255E0	5.3453E0	3.4034E6	
2024	-8.2115E-1	-6.4255E0	5.3453E0	3.4034E6	
2025	-8.2115E-1	-6.4255E0	5.3453E0	3.4034E6	
2026	-8.2115E-1	-6.4255E0	5.3453E0	3.4034E6	
2027	-8.2115E-1	-6.4255E0	5.3453E0	3.4034E6	
2028	-8.2115E-1	-6.4255E0	5.3453E0	3.4034E6	
2029	-8.2115E-1	-6.4255E0	5.3453E0	3.4034E6	
2030	-8.2115E-1	-6.4255E0	5.3453E0	3.4034E6	
2031	-8.2115E-1	-6.4255E0	5.3453E0	3.4034E6	
2032	-8.2115E-1	-6.4255E0	5.3453E0	3.4034E6	
2033	-8.2115E-1	-6.4255E0	5.3453E0	3.4034E6	
2034	-8.2115E-1	-6.4255E0	5.3453E0	3.4034E6	
2035	-8.2115E-1	-6.4255E0	5.3453E0	3.4034E6	
2036	-8.2115E-1	-6.4255E0	5.3453E0	3.4034E6	
2037	-8.2115E-1	-6.4255E0	5.3453E0	3.4034E6	
2038	-8.2115E-1	-6.4255E0	5.3453E0	3.4034E6	
2039	-8.2115E-1	-6.4255E0	5.3453E0	3.4034E6	
2040	-8.2115E-1	-6.4255E0	5.3453E0	3.4034E6	
2041	-8.2115E-1	-6.4255E0	5.3453E0	3.4034E6	
2042	-8.2115E-1	-6.4255E0	5.3453E0	3.4034E6	
2043	-8.2115E-1	-6.4255E0	5.3453E0	3.4034E6	
2044	-8.2115E-1	-6.4255E0	5.3453E0	3.4034E6	
2045	-8.2115E-1	-6.4255E0	5.3453E0	3.4034E6	
2046	-8.2115E-1	-6.4255E0	5.3453E0	3.4034E6	
2047	-8.2115E-1	-6.4255E0	5.3453E0	3.4034E6	
2048	-8.2115E-1	-6.4255E0	5.3453E0	3.4034E6	
