point 044
Index	Vertical (A-B)	Force	Z Height	Time Stamp	
     	V	nN	?m	?sec	
1	-7.9720E-1	1.6135E0	5.5554E0	1.2000E2	
2	-7.9750E-1	1.1606E0	5.5542E0	2.3400E3	
3	-8.0078E-1	-3.7081E0	5.5514E0	4.5600E3	
4	-7.9712E-1	1.7267E0	5.5484E0	6.7800E3	
5	-7.9407E-1	6.2558E0	5.5450E0	9.0000E3	
6	-7.9720E-1	1.6135E0	5.5413E0	1.1220E4	
7	-7.9521E-1	4.5574E0	5.5376E0	1.3440E4	
8	-7.9887E-1	-8.7746E-1	5.5337E0	1.5660E4	
9	-7.9803E-1	3.6803E-1	5.5296E0	1.7880E4	
10	-7.9826E-1	2.8348E-2	5.5255E0	2.0100E4	
11	-7.9613E-1	3.1987E0	5.5214E0	2.2320E4	
12	-7.9765E-1	9.3415E-1	5.5170E0	2.4540E4	
13	-7.9567E-1	3.8780E0	5.5128E0	2.6760E4	
14	-7.9765E-1	9.3415E-1	5.5084E0	2.8980E4	
15	-7.9597E-1	3.4251E0	5.5040E0	3.1200E4	
16	-7.9643E-1	2.7458E0	5.4996E0	3.3420E4	
17	-7.9803E-1	3.6803E-1	5.4950E0	3.5640E4	
18	-7.9536E-1	4.3309E0	5.4905E0	3.7860E4	
19	-7.9536E-1	4.3309E0	5.4860E0	4.0080E4	
20	-7.9865E-1	-5.3778E-1	5.4814E0	4.2300E4	
21	-7.9697E-1	1.9532E0	5.4767E0	4.4520E4	
22	-7.9559E-1	3.9912E0	5.4721E0	4.6740E4	
23	-7.9514E-1	4.6706E0	5.4675E0	4.8960E4	
24	-7.9544E-1	4.2177E0	5.4628E0	5.1180E4	
25	-7.9323E-1	7.5012E0	5.4581E0	5.3400E4	
26	-7.9544E-1	4.2177E0	5.4534E0	5.5620E4	
27	-7.9453E-1	5.5764E0	5.4486E0	5.7840E4	
28	-7.9247E-1	8.6335E0	5.4439E0	6.0060E4	
29	-7.9361E-1	6.9351E0	5.4392E0	6.2280E4	
30	-7.9124E-1	1.0445E1	5.4344E0	6.4500E4	
31	-7.9361E-1	6.9351E0	5.4295E0	6.6720E4	
32	-7.9208E-1	9.1996E0	5.4247E0	6.8940E4	
33	-7.9399E-1	6.3690E0	5.4199E0	7.1160E4	
34	-7.9323E-1	7.5012E0	5.4150E0	7.3380E4	
35	-7.8918E-1	1.3502E1	5.4102E0	7.5600E4	
36	-7.9216E-1	9.0864E0	5.4054E0	7.7820E4	
37	-7.9224E-1	8.9732E0	5.4004E0	8.0040E4	
38	-7.9124E-1	1.0445E1	5.3956E0	8.2260E4	
39	-7.8957E-1	1.2936E1	5.3906E0	8.4480E4	
40	-7.9094E-1	1.0898E1	5.3857E0	8.6700E4	
41	-7.8926E-1	1.3389E1	5.3808E0	8.8920E4	
42	-7.9102E-1	1.0785E1	5.3760E0	9.1140E4	
43	-7.9140E-1	1.0219E1	5.3710E0	9.3360E4	
44	-7.9132E-1	1.0332E1	5.3661E0	9.5580E4	
45	-7.8964E-1	1.2823E1	5.3611E0	9.7800E4	
46	-7.8850E-1	1.4521E1	5.3561E0	1.0002E5	
47	-7.9010E-1	1.2144E1	5.3513E0	1.0224E5	
48	-7.9132E-1	1.0332E1	5.3463E0	1.0446E5	
49	-7.9033E-1	1.1804E1	5.3412E0	1.0668E5	
50	-7.9056E-1	1.1464E1	5.3362E0	1.0890E5	
51	-7.9094E-1	1.0898E1	5.3311E0	1.1112E5	
52	-7.8987E-1	1.2483E1	5.3263E0	1.1334E5	
53	-7.8941E-1	1.3163E1	5.3211E0	1.1556E5	
54	-7.8819E-1	1.4974E1	5.3162E0	1.1778E5	
55	-7.9124E-1	1.0445E1	5.3111E0	1.2000E5	
56	-7.8979E-1	1.2596E1	5.3060E0	1.2222E5	
57	-7.8972E-1	1.2710E1	5.3009E0	1.2444E5	
58	-7.8835E-1	1.4748E1	5.2959E0	1.2666E5	
59	-7.8728E-1	1.6333E1	5.2909E0	1.2888E5	
60	-7.8873E-1	1.4182E1	5.2857E0	1.3110E5	
61	-7.8873E-1	1.4182E1	5.2807E0	1.3332E5	
62	-7.8812E-1	1.5087E1	5.2755E0	1.3554E5	
63	-7.8842E-1	1.4634E1	5.2705E0	1.3776E5	
64	-7.8934E-1	1.3276E1	5.2654E0	1.3998E5	
65	-7.8789E-1	1.5427E1	5.2602E0	1.4220E5	
66	-7.8888E-1	1.3955E1	5.2551E0	1.4442E5	
67	-7.8827E-1	1.4861E1	5.2501E0	1.4664E5	
68	-7.8804E-1	1.5201E1	5.2449E0	1.4886E5	
69	-7.8835E-1	1.4748E1	5.2398E0	1.5108E5	
70	-7.8758E-1	1.5880E1	5.2346E0	1.5330E5	
71	-7.8781E-1	1.5540E1	5.2295E0	1.5552E5	
72	-7.8682E-1	1.7012E1	5.2243E0	1.5774E5	
73	-7.8674E-1	1.7125E1	5.2192E0	1.5996E5	
74	-7.8667E-1	1.7239E1	5.2140E0	1.6218E5	
75	-7.8705E-1	1.6673E1	5.2089E0	1.6440E5	
76	-7.8606E-1	1.8144E1	5.2036E0	1.6662E5	
77	-7.8697E-1	1.6786E1	5.1985E0	1.6884E5	
78	-7.8674E-1	1.7125E1	5.1932E0	1.7106E5	
79	-7.8812E-1	1.5087E1	5.1880E0	1.7328E5	
80	-7.8880E-1	1.4068E1	5.1828E0	1.7550E5	
81	-7.8735E-1	1.6220E1	5.1776E0	1.7772E5	
82	-7.8590E-1	1.8371E1	5.1723E0	1.7994E5	
83	-7.8423E-1	2.0862E1	5.1671E0	1.8216E5	
84	-7.8560E-1	1.8824E1	5.1619E0	1.8438E5	
85	-7.8575E-1	1.8597E1	5.1567E0	1.8660E5	
86	-7.8568E-1	1.8711E1	5.1514E0	1.8882E5	
87	-7.8445E-1	2.0522E1	5.1461E0	1.9104E5	
88	-7.8552E-1	1.8937E1	5.1409E0	1.9326E5	
89	-7.8644E-1	1.7578E1	5.1356E0	1.9548E5	
90	-7.8362E-1	2.1768E1	5.1303E0	1.9770E5	
91	-7.8354E-1	2.1881E1	5.1251E0	1.9992E5	
92	-7.8522E-1	1.9390E1	5.1197E0	2.0214E5	
93	-7.8499E-1	1.9730E1	5.1145E0	2.0436E5	
94	-7.8636E-1	1.7692E1	5.1092E0	2.0658E5	
95	-7.8423E-1	2.0862E1	5.1038E0	2.0880E5	
96	-7.8232E-1	2.3693E1	5.0985E0	2.1102E5	
97	-7.8323E-1	2.2334E1	5.0934E0	2.1324E5	
98	-7.8255E-1	2.3353E1	5.0880E0	2.1546E5	
99	-7.8308E-1	2.2560E1	5.0827E0	2.1768E5	
100	-7.8094E-1	2.5731E1	5.0774E0	2.1990E5	
101	-7.8209E-1	2.4032E1	5.0719E0	2.2212E5	
102	-7.8064E-1	2.6183E1	5.0666E0	2.2434E5	
103	-7.8110E-1	2.5504E1	5.0612E0	2.2656E5	
104	-7.7980E-1	2.7429E1	5.0559E0	2.2878E5	
105	-7.8308E-1	2.2560E1	5.0505E0	2.3100E5	
106	-7.8156E-1	2.4825E1	5.0452E0	2.3322E5	
107	-7.8079E-1	2.5957E1	5.0398E0	2.3544E5	
108	-7.8209E-1	2.4032E1	5.0344E0	2.3766E5	
109	-7.8163E-1	2.4712E1	5.0291E0	2.3988E5	
110	-7.8110E-1	2.5504E1	5.0237E0	2.4210E5	
111	-7.7805E-1	3.0033E1	5.0183E0	2.4432E5	
112	-7.8094E-1	2.5731E1	5.0128E0	2.4654E5	
113	-7.7911E-1	2.8448E1	5.0075E0	2.4876E5	
114	-7.8125E-1	2.5278E1	5.0021E0	2.5098E5	
115	-7.7950E-1	2.7882E1	4.9966E0	2.5320E5	
116	-7.8011E-1	2.6976E1	4.9912E0	2.5542E5	
117	-7.8156E-1	2.4825E1	4.9858E0	2.5764E5	
118	-7.8033E-1	2.6636E1	4.9804E0	2.5986E5	
119	-7.7873E-1	2.9014E1	4.9749E0	2.6208E5	
120	-7.7850E-1	2.9354E1	4.9694E0	2.6430E5	
121	-7.8117E-1	2.5391E1	4.9640E0	2.6652E5	
122	-7.7675E-1	3.1958E1	4.9585E0	2.6874E5	
123	-7.7660E-1	3.2184E1	4.9530E0	2.7096E5	
124	-7.7873E-1	2.9014E1	4.9476E0	2.7318E5	
125	-7.7614E-1	3.2864E1	4.9421E0	2.7540E5	
126	-7.7888E-1	2.8788E1	4.9366E0	2.7762E5	
127	-7.7721E-1	3.1279E1	4.9312E0	2.7984E5	
128	-7.7652E-1	3.2298E1	4.9257E0	2.8206E5	
129	-7.7667E-1	3.2071E1	4.9203E0	2.8428E5	
130	-7.7644E-1	3.2411E1	4.9146E0	2.8650E5	
131	-7.7705E-1	3.1505E1	4.9092E0	2.8872E5	
132	-7.7789E-1	3.0260E1	4.9038E0	2.9094E5	
133	-7.7530E-1	3.4109E1	4.8982E0	2.9316E5	
134	-7.7576E-1	3.3430E1	4.8927E0	2.9538E5	
135	-7.7660E-1	3.2184E1	4.8872E0	2.9760E5	
136	-7.7522E-1	3.4223E1	4.8816E0	2.9982E5	
137	-7.7347E-1	3.6827E1	4.8761E0	3.0204E5	
138	-7.7492E-1	3.4675E1	4.8705E0	3.0426E5	
139	-7.7293E-1	3.7619E1	4.8651E0	3.0648E5	
140	-7.7477E-1	3.4902E1	4.8594E0	3.0870E5	
141	-7.7477E-1	3.4902E1	4.8539E0	3.1092E5	
142	-7.7309E-1	3.7393E1	4.8484E0	3.1314E5	
143	-7.7278E-1	3.7846E1	4.8427E0	3.1536E5	
144	-7.7454E-1	3.5242E1	4.8371E0	3.1758E5	
145	-7.7324E-1	3.7166E1	4.8317E0	3.1980E5	
146	-7.7637E-1	3.2524E1	4.8260E0	3.2202E5	
147	-7.7652E-1	3.2298E1	4.8204E0	3.2424E5	
148	-7.7515E-1	3.4336E1	4.8148E0	3.2646E5	
149	-7.7553E-1	3.3770E1	4.8093E0	3.2868E5	
150	-7.7637E-1	3.2524E1	4.8036E0	3.3090E5	
151	-7.7339E-1	3.6940E1	4.7981E0	3.3312E5	
152	-7.7415E-1	3.5808E1	4.7924E0	3.3534E5	
153	-7.7522E-1	3.4223E1	4.7868E0	3.3756E5	
154	-7.7339E-1	3.6940E1	4.7812E0	3.3978E5	
155	-7.7431E-1	3.5581E1	4.7756E0	3.4200E5	
156	-7.7278E-1	3.7846E1	4.7699E0	3.4422E5	
157	-7.7423E-1	3.5694E1	4.7643E0	3.4644E5	
158	-7.7332E-1	3.7053E1	4.7587E0	3.4866E5	
159	-7.7202E-1	3.8978E1	4.7531E0	3.5088E5	
160	-7.7324E-1	3.7166E1	4.7474E0	3.5310E5	
161	-7.7362E-1	3.6600E1	4.7417E0	3.5532E5	
162	-7.7568E-1	3.3543E1	4.7361E0	3.5754E5	
163	-7.7324E-1	3.7166E1	4.7304E0	3.5976E5	
164	-7.7316E-1	3.7280E1	4.7247E0	3.6198E5	
165	-7.7362E-1	3.6600E1	4.7190E0	3.6420E5	
166	-7.7209E-1	3.8865E1	4.7134E0	3.6642E5	
167	-7.7293E-1	3.7619E1	4.7076E0	3.6864E5	
168	-7.7179E-1	3.9318E1	4.7019E0	3.7086E5	
169	-7.7080E-1	4.0790E1	4.6962E0	3.7308E5	
170	-7.7133E-1	3.9997E1	4.6904E0	3.7530E5	
171	-7.7003E-1	4.1922E1	4.6848E0	3.7752E5	
172	-7.7301E-1	3.7506E1	4.6791E0	3.7974E5	
173	-7.7156E-1	3.9657E1	4.6734E0	3.8196E5	
174	-7.7011E-1	4.1809E1	4.6676E0	3.8418E5	
175	-7.6958E-1	4.2601E1	4.6620E0	3.8640E5	
176	-7.7072E-1	4.0903E1	4.6563E0	3.8862E5	
177	-7.7087E-1	4.0676E1	4.6506E0	3.9084E5	
178	-7.7057E-1	4.1129E1	4.6447E0	3.9306E5	
179	-7.6996E-1	4.2035E1	4.6391E0	3.9528E5	
180	-7.6752E-1	4.5658E1	4.6332E0	3.9750E5	
181	-7.6881E-1	4.3733E1	4.6275E0	3.9972E5	
182	-7.6767E-1	4.5432E1	4.6217E0	4.0194E5	
183	-7.6935E-1	4.2941E1	4.6159E0	4.0416E5	
184	-7.6912E-1	4.3281E1	4.6102E0	4.0638E5	
185	-7.6790E-1	4.5092E1	4.6044E0	4.0860E5	
186	-7.6729E-1	4.5998E1	4.5985E0	4.1082E5	
187	-7.6630E-1	4.7470E1	4.5929E0	4.1304E5	
188	-7.6805E-1	4.4866E1	4.5870E0	4.1526E5	
189	-7.6775E-1	4.5319E1	4.5813E0	4.1748E5	
190	-7.6538E-1	4.8829E1	4.5754E0	4.1970E5	
191	-7.6714E-1	4.6224E1	4.5696E0	4.2192E5	
192	-7.6469E-1	4.9848E1	4.5639E0	4.2414E5	
193	-7.6607E-1	4.7810E1	4.5580E0	4.2636E5	
194	-7.6447E-1	5.0187E1	4.5521E0	4.2858E5	
195	-7.6691E-1	4.6564E1	4.5463E0	4.3080E5	
196	-7.6439E-1	5.0301E1	4.5404E0	4.3302E5	
197	-7.6553E-1	4.8602E1	4.5346E0	4.3524E5	
198	-7.6523E-1	4.9055E1	4.5289E0	4.3746E5	
199	-7.6714E-1	4.6224E1	4.5229E0	4.3968E5	
200	-7.6378E-1	5.1206E1	4.5170E0	4.4190E5	
201	-7.6401E-1	5.0867E1	4.5112E0	4.4412E5	
202	-7.6447E-1	5.0187E1	4.5054E0	4.4634E5	
203	-7.6302E-1	5.2339E1	4.4995E0	4.4856E5	
204	-7.6355E-1	5.1546E1	4.4936E0	4.5078E5	
205	-7.6172E-1	5.4263E1	4.4878E0	4.5300E5	
206	-7.6233E-1	5.3358E1	4.4819E0	4.5522E5	
207	-7.6347E-1	5.1659E1	4.4760E0	4.5744E5	
208	-7.6187E-1	5.4037E1	4.4701E0	4.5966E5	
209	-7.6393E-1	5.0980E1	4.4641E0	4.6188E5	
210	-7.6019E-1	5.6528E1	4.4582E0	4.6410E5	
211	-7.6462E-1	4.9961E1	4.4525E0	4.6632E5	
212	-7.6050E-1	5.6075E1	4.4465E0	4.6854E5	
213	-7.6195E-1	5.3924E1	4.4406E0	4.7076E5	
214	-7.6241E-1	5.3244E1	4.4346E0	4.7298E5	
215	-7.6263E-1	5.2905E1	4.4287E0	4.7520E5	
216	-7.5943E-1	5.7660E1	4.4228E0	4.7742E5	
217	-7.5928E-1	5.7887E1	4.4170E0	4.7964E5	
218	-7.6324E-1	5.1999E1	4.4109E0	4.8186E5	
219	-7.6134E-1	5.4830E1	4.4049E0	4.8408E5	
220	-7.6057E-1	5.5962E1	4.3992E0	4.8630E5	
221	-7.5806E-1	5.9698E1	4.3932E0	4.8852E5	
222	-7.6057E-1	5.5962E1	4.3871E0	4.9074E5	
223	-7.6126E-1	5.4943E1	4.3812E0	4.9296E5	
224	-7.6019E-1	5.6528E1	4.3752E0	4.9518E5	
225	-7.5935E-1	5.7773E1	4.3693E0	4.9740E5	
226	-7.5966E-1	5.7321E1	4.3634E0	4.9962E5	
227	-7.6195E-1	5.3924E1	4.3574E0	5.0184E5	
228	-7.6012E-1	5.6641E1	4.3513E0	5.0406E5	
229	-7.6073E-1	5.5735E1	4.3455E0	5.0628E5	
230	-7.6065E-1	5.5849E1	4.3394E0	5.0850E5	
231	-7.5974E-1	5.7207E1	4.3334E0	5.1072E5	
232	-7.6027E-1	5.6415E1	4.3274E0	5.1294E5	
233	-7.6256E-1	5.3018E1	4.3213E0	5.1516E5	
234	-7.5905E-1	5.8226E1	4.3154E0	5.1738E5	
235	-7.5699E-1	6.1283E1	4.3093E0	5.1960E5	
236	-7.5714E-1	6.1057E1	4.3034E0	5.2182E5	
237	-7.5981E-1	5.7094E1	4.2974E0	5.2404E5	
238	-7.5996E-1	5.6868E1	4.2913E0	5.2626E5	
239	-7.5714E-1	6.1057E1	4.2853E0	5.2848E5	
240	-7.6057E-1	5.5962E1	4.2793E0	5.3070E5	
241	-7.5912E-1	5.8113E1	4.2733E0	5.3292E5	
242	-7.5668E-1	6.1736E1	4.2672E0	5.3514E5	
243	-7.5813E-1	5.9585E1	4.2612E0	5.3736E5	
244	-7.5790E-1	5.9925E1	4.2552E0	5.3958E5	
245	-7.5790E-1	5.9925E1	4.2491E0	5.4180E5	
246	-7.5790E-1	5.9925E1	4.2431E0	5.4402E5	
247	-7.5554E-1	6.3435E1	4.2370E0	5.4624E5	
248	-7.5592E-1	6.2869E1	4.2309E0	5.4846E5	
249	-7.5577E-1	6.3095E1	4.2248E0	5.5068E5	
250	-7.5562E-1	6.3322E1	4.2188E0	5.5290E5	
251	-7.5600E-1	6.2755E1	4.2127E0	5.5512E5	
252	-7.5584E-1	6.2982E1	4.2066E0	5.5734E5	
253	-7.5699E-1	6.1283E1	4.2006E0	5.5956E5	
254	-7.5462E-1	6.4793E1	4.1944E0	5.6178E5	
255	-7.5531E-1	6.3774E1	4.1884E0	5.6400E5	
256	-7.5638E-1	6.2189E1	4.1823E0	5.6622E5	
257	-7.5813E-1	5.9585E1	4.1761E0	5.6844E5	
258	-7.5356E-1	6.6379E1	4.1701E0	5.7066E5	
259	-7.5729E-1	6.0831E1	4.1639E0	5.7288E5	
260	-7.5470E-1	6.4680E1	4.1578E0	5.7510E5	
261	-7.5500E-1	6.4227E1	4.1516E0	5.7732E5	
262	-7.5714E-1	6.1057E1	4.1457E0	5.7954E5	
263	-7.5417E-1	6.5473E1	4.1396E0	5.8176E5	
264	-7.5195E-1	6.8756E1	4.1334E0	5.8398E5	
265	-7.5249E-1	6.7964E1	4.1273E0	5.8620E5	
266	-7.5188E-1	6.8870E1	4.1210E0	5.8842E5	
267	-7.5226E-1	6.8303E1	4.1151E0	5.9064E5	
268	-7.5401E-1	6.5699E1	4.1089E0	5.9286E5	
269	-7.5150E-1	6.9436E1	4.1027E0	5.9508E5	
270	-7.5157E-1	6.9323E1	4.0966E0	5.9730E5	
271	-7.5401E-1	6.5699E1	4.0905E0	5.9952E5	
272	-7.4997E-1	7.1700E1	4.0842E0	6.0174E5	
273	-7.5127E-1	6.9775E1	4.0781E0	6.0396E5	
274	-7.5249E-1	6.7964E1	4.0719E0	6.0618E5	
275	-7.5104E-1	7.0115E1	4.0659E0	6.0840E5	
276	-7.4768E-1	7.5097E1	4.0597E0	6.1062E5	
277	-7.4974E-1	7.2040E1	4.0535E0	6.1284E5	
278	-7.5157E-1	6.9323E1	4.0473E0	6.1506E5	
279	-7.4944E-1	7.2493E1	4.0411E0	6.1728E5	
280	-7.4791E-1	7.4757E1	4.0349E0	6.1950E5	
281	-7.5249E-1	6.7964E1	4.0288E0	6.2172E5	
282	-7.4707E-1	7.6003E1	4.0225E0	6.2394E5	
283	-7.4951E-1	7.2380E1	4.0164E0	6.2616E5	
284	-7.4852E-1	7.3852E1	4.0101E0	6.2838E5	
285	-7.4898E-1	7.3172E1	4.0040E0	6.3060E5	
286	-7.4707E-1	7.6003E1	3.9977E0	6.3282E5	
287	-7.4791E-1	7.4757E1	3.9915E0	6.3504E5	
288	-7.4951E-1	7.2380E1	3.9852E0	6.3726E5	
289	-7.4844E-1	7.3965E1	3.9792E0	6.3948E5	
290	-7.4944E-1	7.2493E1	3.9728E0	6.4170E5	
291	-7.5012E-1	7.1474E1	3.9667E0	6.4392E5	
292	-7.4623E-1	7.7248E1	3.9604E0	6.4614E5	
293	-7.4463E-1	7.9626E1	3.9542E0	6.4836E5	
294	-7.4699E-1	7.6116E1	3.9480E0	6.5058E5	
295	-7.4707E-1	7.6003E1	3.9417E0	6.5280E5	
296	-7.4562E-1	7.8154E1	3.9355E0	6.5502E5	
297	-7.4608E-1	7.7475E1	3.9291E0	6.5724E5	
298	-7.4593E-1	7.7701E1	3.9230E0	6.5946E5	
299	-7.4432E-1	8.0079E1	3.9167E0	6.6168E5	
300	-7.4455E-1	7.9739E1	3.9103E0	6.6390E5	
301	-7.4883E-1	7.3399E1	3.9042E0	6.6612E5	
302	-7.4455E-1	7.9739E1	3.8980E0	6.6834E5	
303	-7.4684E-1	7.6342E1	3.8916E0	6.7056E5	
304	-7.4730E-1	7.5663E1	3.8853E0	6.7278E5	
305	-7.4562E-1	7.8154E1	3.8790E0	6.7500E5	
306	-7.4448E-1	7.9852E1	3.8728E0	6.7722E5	
307	-7.4577E-1	7.7928E1	3.8666E0	6.7944E5	
308	-7.4509E-1	7.8947E1	3.8602E0	6.8166E5	
309	-7.4432E-1	8.0079E1	3.8539E0	6.8388E5	
310	-7.4608E-1	7.7475E1	3.8477E0	6.8610E5	
311	-7.4509E-1	7.8947E1	3.8413E0	6.8832E5	
312	-7.4532E-1	7.8607E1	3.8351E0	6.9054E5	
313	-7.4211E-1	8.3362E1	3.8288E0	6.9276E5	
314	-7.4425E-1	8.0192E1	3.8224E0	6.9498E5	
315	-7.4631E-1	7.7135E1	3.8160E0	6.9720E5	
316	-7.4310E-1	8.1891E1	3.8097E0	6.9942E5	
317	-7.4486E-1	7.9286E1	3.8035E0	7.0164E5	
318	-7.4509E-1	7.8947E1	3.7971E0	7.0386E5	
319	-7.4577E-1	7.7928E1	3.7908E0	7.0608E5	
320	-7.4219E-1	8.3249E1	3.7845E0	7.0830E5	
321	-7.4409E-1	8.0419E1	3.7781E0	7.1052E5	
322	-7.4280E-1	8.2343E1	3.7718E0	7.1274E5	
323	-7.4226E-1	8.3136E1	3.7654E0	7.1496E5	
324	-7.4196E-1	8.3589E1	3.7591E0	7.1718E5	
325	-7.3952E-1	8.7212E1	3.7528E0	7.1940E5	
326	-7.3906E-1	8.7892E1	3.7463E0	7.2162E5	
327	-7.4158E-1	8.4155E1	3.7401E0	7.2384E5	
328	-7.4165E-1	8.4042E1	3.7337E0	7.2606E5	
329	-7.3967E-1	8.6986E1	3.7274E0	7.2828E5	
330	-7.4150E-1	8.4268E1	3.7210E0	7.3050E5	
331	-7.4158E-1	8.4155E1	3.7146E0	7.3272E5	
332	-7.4081E-1	8.5287E1	3.7081E0	7.3494E5	
333	-7.4135E-1	8.4495E1	3.7019E0	7.3716E5	
334	-7.3975E-1	8.6872E1	3.6955E0	7.3938E5	
335	-7.3975E-1	8.6872E1	3.6891E0	7.4160E5	
336	-7.4135E-1	8.4495E1	3.6827E0	7.4382E5	
337	-7.4028E-1	8.6080E1	3.6763E0	7.4604E5	
338	-7.3837E-1	8.8911E1	3.6699E0	7.4826E5	
339	-7.3761E-1	9.0043E1	3.6635E0	7.5048E5	
340	-7.3662E-1	9.1515E1	3.6572E0	7.5270E5	
341	-7.3883E-1	8.8231E1	3.6507E0	7.5492E5	
342	-7.3669E-1	9.1402E1	3.6443E0	7.5714E5	
343	-7.3769E-1	8.9930E1	3.6378E0	7.5936E5	
344	-7.3647E-1	9.1741E1	3.6314E0	7.6158E5	
345	-7.3586E-1	9.2647E1	3.6251E0	7.6380E5	
346	-7.3685E-1	9.1175E1	3.6187E0	7.6602E5	
347	-7.3502E-1	9.3892E1	3.6122E0	7.6824E5	
348	-7.3761E-1	9.0043E1	3.6058E0	7.7046E5	
349	-7.3326E-1	9.6497E1	3.5994E0	7.7268E5	
350	-7.3692E-1	9.1062E1	3.5929E0	7.7490E5	
351	-7.3578E-1	9.2760E1	3.5864E0	7.7712E5	
352	-7.3509E-1	9.3779E1	3.5801E0	7.7934E5	
353	-7.3586E-1	9.2647E1	3.5736E0	7.8156E5	
354	-7.3578E-1	9.2760E1	3.5671E0	7.8378E5	
355	-7.3509E-1	9.3779E1	3.5607E0	7.8600E5	
356	-7.3616E-1	9.2194E1	3.5543E0	7.8822E5	
357	-7.3257E-1	9.7516E1	3.5478E0	7.9044E5	
358	-7.3372E-1	9.5817E1	3.5413E0	7.9266E5	
359	-7.3578E-1	9.2760E1	3.5348E0	7.9488E5	
360	-7.3318E-1	9.6610E1	3.5284E0	7.9710E5	
361	-7.3235E-1	9.7855E1	3.5219E0	7.9932E5	
362	-7.3578E-1	9.2760E1	3.5154E0	8.0154E5	
363	-7.3463E-1	9.4459E1	3.5089E0	8.0376E5	
364	-7.3547E-1	9.3213E1	3.5025E0	8.0598E5	
365	-7.3349E-1	9.6157E1	3.4960E0	8.0820E5	
366	-7.3311E-1	9.6723E1	3.4896E0	8.1042E5	
367	-7.3280E-1	9.7176E1	3.4830E0	8.1264E5	
368	-7.3174E-1	9.8761E1	3.4766E0	8.1486E5	
369	-7.3204E-1	9.8308E1	3.4700E0	8.1708E5	
370	-7.3433E-1	9.4912E1	3.4636E0	8.1930E5	
371	-7.3303E-1	9.6836E1	3.4571E0	8.2152E5	
372	-7.3227E-1	9.7969E1	3.4505E0	8.2374E5	
373	-7.3135E-1	9.9327E1	3.4439E0	8.2596E5	
374	-7.3196E-1	9.8422E1	3.4374E0	8.2818E5	
375	-7.3135E-1	9.9327E1	3.4309E0	8.3040E5	
376	-7.3341E-1	9.6270E1	3.4244E0	8.3262E5	
377	-7.3021E-1	1.0103E2	3.4179E0	8.3484E5	
378	-7.3151E-1	9.9101E1	3.4114E0	8.3706E5	
379	-7.3288E-1	9.7063E1	3.4048E0	8.3928E5	
380	-7.3273E-1	9.7289E1	3.3983E0	8.4150E5	
381	-7.3013E-1	1.0114E2	3.3918E0	8.4372E5	
382	-7.3021E-1	1.0103E2	3.3851E0	8.4594E5	
383	-7.2929E-1	1.0238E2	3.3787E0	8.4816E5	
384	-7.2990E-1	1.0148E2	3.3722E0	8.5038E5	
385	-7.2945E-1	1.0216E2	3.3656E0	8.5260E5	
386	-7.3105E-1	9.9780E1	3.3590E0	8.5482E5	
387	-7.3135E-1	9.9327E1	3.3525E0	8.5704E5	
388	-7.2853E-1	1.0352E2	3.3460E0	8.5926E5	
389	-7.2868E-1	1.0329E2	3.3393E0	8.6148E5	
390	-7.2861E-1	1.0340E2	3.3328E0	8.6370E5	
391	-7.2632E-1	1.0680E2	3.3263E0	8.6592E5	
392	-7.3013E-1	1.0114E2	3.3197E0	8.6814E5	
393	-7.2845E-1	1.0363E2	3.3131E0	8.7036E5	
394	-7.2906E-1	1.0272E2	3.3065E0	8.7258E5	
395	-7.2868E-1	1.0329E2	3.3000E0	8.7480E5	
396	-7.2884E-1	1.0306E2	3.2933E0	8.7702E5	
397	-7.2716E-1	1.0555E2	3.2868E0	8.7924E5	
398	-7.2891E-1	1.0295E2	3.2801E0	8.8146E5	
399	-7.2617E-1	1.0703E2	3.2736E0	8.8368E5	
400	-7.2823E-1	1.0397E2	3.2669E0	8.8590E5	
401	-7.2701E-1	1.0578E2	3.2604E0	8.8812E5	
402	-7.2426E-1	1.0986E2	3.2538E0	8.9034E5	
403	-7.2632E-1	1.0680E2	3.2472E0	8.9256E5	
404	-7.2533E-1	1.0827E2	3.2405E0	8.9478E5	
405	-7.2456E-1	1.0940E2	3.2340E0	8.9700E5	
406	-7.2586E-1	1.0748E2	3.2274E0	8.9922E5	
407	-7.2563E-1	1.0782E2	3.2207E0	9.0144E5	
408	-7.2533E-1	1.0827E2	3.2141E0	9.0366E5	
409	-7.2517E-1	1.0850E2	3.2075E0	9.0588E5	
410	-7.2556E-1	1.0793E2	3.2008E0	9.0810E5	
411	-7.2296E-1	1.1178E2	3.1943E0	9.1032E5	
412	-7.2258E-1	1.1235E2	3.1877E0	9.1254E5	
413	-7.2296E-1	1.1178E2	3.1809E0	9.1476E5	
414	-7.2136E-1	1.1416E2	3.1743E0	9.1698E5	
415	-7.2250E-1	1.1246E2	3.1678E0	9.1920E5	
416	-7.2067E-1	1.1518E2	3.1611E0	9.2142E5	
417	-7.2113E-1	1.1450E2	3.1544E0	9.2364E5	
418	-7.2121E-1	1.1439E2	3.1477E0	9.2586E5	
419	-7.2243E-1	1.1257E2	3.1410E0	9.2808E5	
420	-7.2182E-1	1.1348E2	3.1344E0	9.3030E5	
421	-7.2166E-1	1.1371E2	3.1278E0	9.3252E5	
422	-7.2105E-1	1.1461E2	3.1210E0	9.3474E5	
423	-7.2136E-1	1.1416E2	3.1144E0	9.3696E5	
424	-7.2296E-1	1.1178E2	3.1078E0	9.3918E5	
425	-7.2052E-1	1.1541E2	3.1011E0	9.4140E5	
426	-7.1892E-1	1.1778E2	3.0945E0	9.4362E5	
427	-7.2029E-1	1.1575E2	3.0878E0	9.4584E5	
428	-7.1854E-1	1.1835E2	3.0810E0	9.4806E5	
429	-7.1754E-1	1.1982E2	3.0743E0	9.5028E5	
430	-7.1846E-1	1.1846E2	3.0677E0	9.5250E5	
431	-7.2105E-1	1.1461E2	3.0611E0	9.5472E5	
432	-7.1869E-1	1.1812E2	3.0542E0	9.5694E5	
433	-7.1846E-1	1.1846E2	3.0476E0	9.5916E5	
434	-7.1930E-1	1.1722E2	3.0410E0	9.6138E5	
435	-7.1785E-1	1.1937E2	3.0342E0	9.6360E5	
436	-7.2128E-1	1.1427E2	3.0275E0	9.6582E5	
437	-7.1869E-1	1.1812E2	3.0208E0	9.6804E5	
438	-7.2052E-1	1.1541E2	3.0140E0	9.7026E5	
439	-7.1815E-1	1.1892E2	3.0074E0	9.7248E5	
440	-7.1922E-1	1.1733E2	3.0007E0	9.7470E5	
441	-7.1884E-1	1.1790E2	2.9940E0	9.7692E5	
442	-7.1754E-1	1.1982E2	2.9872E0	9.7914E5	
443	-7.1663E-1	1.2118E2	2.9805E0	9.8136E5	
444	-7.1739E-1	1.2005E2	2.9737E0	9.8358E5	
445	-7.1884E-1	1.1790E2	2.9670E0	9.8580E5	
446	-7.1762E-1	1.1971E2	2.9603E0	9.8802E5	
447	-7.1930E-1	1.1722E2	2.9535E0	9.9024E5	
448	-7.1732E-1	1.2016E2	2.9468E0	9.9246E5	
449	-7.1609E-1	1.2197E2	2.9402E0	9.9468E5	
450	-7.1762E-1	1.1971E2	2.9334E0	9.9690E5	
451	-7.1609E-1	1.2197E2	2.9267E0	9.9912E5	
452	-7.1709E-1	1.2050E2	2.9199E0	1.0013E6	
453	-7.1777E-1	1.1948E2	2.9130E0	1.0036E6	
454	-7.1655E-1	1.2129E2	2.9063E0	1.0058E6	
455	-7.1678E-1	1.2095E2	2.8995E0	1.0080E6	
456	-7.1571E-1	1.2254E2	2.8928E0	1.0102E6	
457	-7.1411E-1	1.2492E2	2.8860E0	1.0124E6	
458	-7.1579E-1	1.2243E2	2.8792E0	1.0147E6	
459	-7.1518E-1	1.2333E2	2.8726E0	1.0169E6	
460	-7.1449E-1	1.2435E2	2.8658E0	1.0191E6	
461	-7.1541E-1	1.2299E2	2.8589E0	1.0213E6	
462	-7.1342E-1	1.2594E2	2.8522E0	1.0235E6	
463	-7.1548E-1	1.2288E2	2.8455E0	1.0258E6	
464	-7.1442E-1	1.2446E2	2.8386E0	1.0280E6	
465	-7.1266E-1	1.2707E2	2.8319E0	1.0302E6	
466	-7.1358E-1	1.2571E2	2.8251E0	1.0324E6	
467	-7.1152E-1	1.2877E2	2.8183E0	1.0346E6	
468	-7.1190E-1	1.2820E2	2.8114E0	1.0369E6	
469	-7.1320E-1	1.2628E2	2.8047E0	1.0391E6	
470	-7.1274E-1	1.2695E2	2.7979E0	1.0413E6	
471	-7.1205E-1	1.2797E2	2.7911E0	1.0435E6	
472	-7.1274E-1	1.2695E2	2.7843E0	1.0457E6	
473	-7.1396E-1	1.2514E2	2.7775E0	1.0480E6	
474	-7.1129E-1	1.2911E2	2.7707E0	1.0502E6	
475	-7.1159E-1	1.2865E2	2.7639E0	1.0524E6	
476	-7.1129E-1	1.2911E2	2.7570E0	1.0546E6	
477	-7.0992E-1	1.3114E2	2.7502E0	1.0568E6	
478	-7.0869E-1	1.3296E2	2.7433E0	1.0591E6	
479	-7.0930E-1	1.3205E2	2.7366E0	1.0613E6	
480	-7.1053E-1	1.3024E2	2.7298E0	1.0635E6	
481	-7.0824E-1	1.3363E2	2.7229E0	1.0657E6	
482	-7.0816E-1	1.3375E2	2.7160E0	1.0679E6	
483	-7.0824E-1	1.3363E2	2.7092E0	1.0702E6	
484	-7.0671E-1	1.3590E2	2.7024E0	1.0724E6	
485	-7.0847E-1	1.3330E2	2.6956E0	1.0746E6	
486	-7.0770E-1	1.3443E2	2.6887E0	1.0768E6	
487	-7.0885E-1	1.3273E2	2.6819E0	1.0790E6	
488	-7.0702E-1	1.3545E2	2.6751E0	1.0813E6	
489	-7.0763E-1	1.3454E2	2.6682E0	1.0835E6	
490	-7.0808E-1	1.3386E2	2.6614E0	1.0857E6	
491	-7.0717E-1	1.3522E2	2.6545E0	1.0879E6	
492	-7.0709E-1	1.3533E2	2.6476E0	1.0901E6	
493	-7.0457E-1	1.3907E2	2.6408E0	1.0924E6	
494	-7.0824E-1	1.3363E2	2.6339E0	1.0946E6	
495	-7.0503E-1	1.3839E2	2.6270E0	1.0968E6	
496	-7.0496E-1	1.3850E2	2.6202E0	1.0990E6	
497	-7.0854E-1	1.3318E2	2.6133E0	1.1012E6	
498	-7.0602E-1	1.3692E2	2.6064E0	1.1035E6	
499	-7.0511E-1	1.3828E2	2.5996E0	1.1057E6	
500	-7.0518E-1	1.3816E2	2.5927E0	1.1079E6	
501	-7.0610E-1	1.3681E2	2.5859E0	1.1101E6	
502	-7.0694E-1	1.3556E2	2.5790E0	1.1123E6	
503	-7.0648E-1	1.3624E2	2.5719E0	1.1146E6	
504	-7.0641E-1	1.3635E2	2.5651E0	1.1168E6	
505	-7.0610E-1	1.3681E2	2.5583E0	1.1190E6	
506	-7.0526E-1	1.3805E2	2.5514E0	1.1212E6	
507	-7.0381E-1	1.4020E2	2.5445E0	1.1234E6	
508	-7.0435E-1	1.3941E2	2.5376E0	1.1257E6	
509	-7.0595E-1	1.3703E2	2.5308E0	1.1279E6	
510	-7.0473E-1	1.3884E2	2.5237E0	1.1301E6	
511	-7.0488E-1	1.3862E2	2.5169E0	1.1323E6	
512	-7.0274E-1	1.4179E2	2.5100E0	1.1345E6	
513	-7.0541E-1	1.3782E2	2.5031E0	1.1368E6	
514	-7.0244E-1	1.4224E2	2.4961E0	1.1390E6	
515	-7.0435E-1	1.3941E2	2.4893E0	1.1412E6	
516	-7.0244E-1	1.4224E2	2.4823E0	1.1434E6	
517	-7.0335E-1	1.4088E2	2.4754E0	1.1456E6	
518	-7.0328E-1	1.4099E2	2.4685E0	1.1479E6	
519	-7.0358E-1	1.4054E2	2.4616E0	1.1501E6	
520	-7.0381E-1	1.4020E2	2.4547E0	1.1523E6	
521	-7.0396E-1	1.3998E2	2.4477E0	1.1545E6	
522	-7.0213E-1	1.4269E2	2.4407E0	1.1567E6	
523	-7.0168E-1	1.4337E2	2.4339E0	1.1590E6	
524	-7.0000E-1	1.4586E2	2.4269E0	1.1612E6	
525	-6.9862E-1	1.4790E2	2.4200E0	1.1634E6	
526	-7.0076E-1	1.4473E2	2.4131E0	1.1656E6	
527	-7.0068E-1	1.4484E2	2.4061E0	1.1678E6	
528	-6.9977E-1	1.4620E2	2.3991E0	1.1701E6	
529	-6.9893E-1	1.4745E2	2.3923E0	1.1723E6	
530	-6.9931E-1	1.4688E2	2.3853E0	1.1745E6	
531	-6.9778E-1	1.4915E2	2.3784E0	1.1767E6	
532	-6.9771E-1	1.4926E2	2.3715E0	1.1789E6	
533	-7.0030E-1	1.4541E2	2.3645E0	1.1812E6	
534	-6.9870E-1	1.4779E2	2.3575E0	1.1834E6	
535	-7.0068E-1	1.4484E2	2.3505E0	1.1856E6	
536	-6.9717E-1	1.5005E2	2.3436E0	1.1878E6	
537	-6.9656E-1	1.5096E2	2.3365E0	1.1900E6	
538	-6.9656E-1	1.5096E2	2.3297E0	1.1923E6	
539	-7.0000E-1	1.4586E2	2.3226E0	1.1945E6	
540	-6.9374E-1	1.5515E2	2.3157E0	1.1967E6	
541	-6.9565E-1	1.5232E2	2.3087E0	1.1989E6	
542	-6.9702E-1	1.5028E2	2.3017E0	1.2011E6	
543	-6.9679E-1	1.5062E2	2.2948E0	1.2034E6	
544	-6.9595E-1	1.5186E2	2.2878E0	1.2056E6	
545	-6.9603E-1	1.5175E2	2.2809E0	1.2078E6	
546	-6.9603E-1	1.5175E2	2.2738E0	1.2100E6	
547	-6.9656E-1	1.5096E2	2.2669E0	1.2122E6	
548	-6.9611E-1	1.5164E2	2.2599E0	1.2145E6	
549	-6.9595E-1	1.5186E2	2.2529E0	1.2167E6	
550	-6.9435E-1	1.5424E2	2.2459E0	1.2189E6	
551	-6.9405E-1	1.5469E2	2.2389E0	1.2211E6	
552	-6.9229E-1	1.5730E2	2.2318E0	1.2233E6	
553	-6.9511E-1	1.5311E2	2.2250E0	1.2256E6	
554	-6.9298E-1	1.5628E2	2.2179E0	1.2278E6	
555	-6.9283E-1	1.5651E2	2.2108E0	1.2300E6	
556	-6.9168E-1	1.5820E2	2.2040E0	1.2322E6	
557	-6.9061E-1	1.5979E2	2.1968E0	1.2344E6	
558	-6.9283E-1	1.5651E2	2.1900E0	1.2367E6	
559	-6.9328E-1	1.5583E2	2.1829E0	1.2389E6	
560	-6.9260E-1	1.5685E2	2.1759E0	1.2411E6	
561	-6.9321E-1	1.5594E2	2.1689E0	1.2433E6	
562	-6.9160E-1	1.5832E2	2.1619E0	1.2455E6	
563	-6.9321E-1	1.5594E2	2.1548E0	1.2478E6	
564	-6.8954E-1	1.6138E2	2.1478E0	1.2500E6	
565	-6.9138E-1	1.5866E2	2.1408E0	1.2522E6	
566	-6.9000E-1	1.6070E2	2.1337E0	1.2544E6	
567	-6.9153E-1	1.5843E2	2.1268E0	1.2566E6	
568	-6.9237E-1	1.5719E2	2.1197E0	1.2589E6	
569	-6.9252E-1	1.5696E2	2.1127E0	1.2611E6	
570	-6.8985E-1	1.6092E2	2.1057E0	1.2633E6	
571	-6.9077E-1	1.5956E2	2.0986E0	1.2655E6	
572	-6.9000E-1	1.6070E2	2.0917E0	1.2677E6	
573	-6.9191E-1	1.5787E2	2.0845E0	1.2700E6	
574	-6.8939E-1	1.6160E2	2.0775E0	1.2722E6	
575	-6.8924E-1	1.6183E2	2.0705E0	1.2744E6	
576	-6.8779E-1	1.6398E2	2.0635E0	1.2766E6	
577	-6.8802E-1	1.6364E2	2.0564E0	1.2788E6	
578	-6.8893E-1	1.6228E2	2.0494E0	1.2811E6	
579	-6.8939E-1	1.6160E2	2.0423E0	1.2833E6	
580	-6.9054E-1	1.5990E2	2.0353E0	1.2855E6	
581	-6.9275E-1	1.5662E2	2.0282E0	1.2877E6	
582	-6.8901E-1	1.6217E2	2.0212E0	1.2899E6	
583	-6.8642E-1	1.6602E2	2.0140E0	1.2922E6	
584	-6.8855E-1	1.6285E2	2.0071E0	1.2944E6	
585	-6.8901E-1	1.6217E2	2.0000E0	1.2966E6	
586	-6.9077E-1	1.5956E2	1.9929E0	1.2988E6	
587	-6.9054E-1	1.5990E2	1.9858E0	1.3010E6	
588	-6.8855E-1	1.6285E2	1.9787E0	1.3033E6	
589	-6.8893E-1	1.6228E2	1.9718E0	1.3055E6	
590	-6.8726E-1	1.6477E2	1.9647E0	1.3077E6	
591	-6.8672E-1	1.6556E2	1.9577E0	1.3099E6	
592	-6.8611E-1	1.6647E2	1.9506E0	1.3121E6	
593	-6.8672E-1	1.6556E2	1.9435E0	1.3144E6	
594	-6.8695E-1	1.6522E2	1.9364E0	1.3166E6	
595	-6.8741E-1	1.6455E2	1.9293E0	1.3188E6	
596	-6.8558E-1	1.6726E2	1.9222E0	1.3210E6	
597	-6.8527E-1	1.6772E2	1.9151E0	1.3232E6	
598	-6.8451E-1	1.6885E2	1.9081E0	1.3255E6	
599	-6.8481E-1	1.6840E2	1.9009E0	1.3277E6	
600	-6.8611E-1	1.6647E2	1.8938E0	1.3299E6	
601	-6.8581E-1	1.6692E2	1.8868E0	1.3321E6	
602	-6.8169E-1	1.7304E2	1.8798E0	1.3343E6	
603	-6.8222E-1	1.7224E2	1.8726E0	1.3366E6	
604	-6.8069E-1	1.7451E2	1.8655E0	1.3388E6	
605	-6.8382E-1	1.6987E2	1.8585E0	1.3410E6	
606	-6.8657E-1	1.6579E2	1.8514E0	1.3432E6	
607	-6.8077E-1	1.7440E2	1.8442E0	1.3454E6	
608	-6.8237E-1	1.7202E2	1.8372E0	1.3477E6	
609	-6.8123E-1	1.7372E2	1.8301E0	1.3499E6	
610	-6.8283E-1	1.7134E2	1.8230E0	1.3521E6	
611	-6.8161E-1	1.7315E2	1.8159E0	1.3543E6	
612	-6.8008E-1	1.7542E2	1.8088E0	1.3565E6	
613	-6.7902E-1	1.7700E2	1.8017E0	1.3588E6	
614	-6.7818E-1	1.7825E2	1.7946E0	1.3610E6	
615	-6.7947E-1	1.7632E2	1.7874E0	1.3632E6	
616	-6.7955E-1	1.7621E2	1.7804E0	1.3654E6	
617	-6.8031E-1	1.7508E2	1.7732E0	1.3676E6	
618	-6.7787E-1	1.7870E2	1.7661E0	1.3699E6	
619	-6.7856E-1	1.7768E2	1.7590E0	1.3721E6	
620	-6.7940E-1	1.7643E2	1.7519E0	1.3743E6	
621	-6.7940E-1	1.7643E2	1.7448E0	1.3765E6	
622	-6.7932E-1	1.7655E2	1.7376E0	1.3787E6	
623	-6.7825E-1	1.7813E2	1.7306E0	1.3810E6	
624	-6.7657E-1	1.8062E2	1.7234E0	1.3832E6	
625	-6.7841E-1	1.7791E2	1.7163E0	1.3854E6	
626	-6.7757E-1	1.7915E2	1.7092E0	1.3876E6	
627	-6.7673E-1	1.8040E2	1.7020E0	1.3898E6	
628	-6.7856E-1	1.7768E2	1.6949E0	1.3921E6	
629	-6.7902E-1	1.7700E2	1.6877E0	1.3943E6	
630	-6.7635E-1	1.8096E2	1.6806E0	1.3965E6	
631	-6.7909E-1	1.7689E2	1.6735E0	1.3987E6	
632	-6.7635E-1	1.8096E2	1.6663E0	1.4009E6	
633	-6.7734E-1	1.7949E2	1.6592E0	1.4032E6	
634	-6.7932E-1	1.7655E2	1.6522E0	1.4054E6	
635	-6.7429E-1	1.8402E2	1.6449E0	1.4076E6	
636	-6.7703E-1	1.7994E2	1.6378E0	1.4098E6	
637	-6.7802E-1	1.7847E2	1.6307E0	1.4120E6	
638	-6.7444E-1	1.8379E2	1.6235E0	1.4143E6	
639	-6.7345E-1	1.8527E2	1.6164E0	1.4165E6	
640	-6.7520E-1	1.8266E2	1.6094E0	1.4187E6	
641	-6.7490E-1	1.8311E2	1.6022E0	1.4209E6	
642	-6.7574E-1	1.8187E2	1.5950E0	1.4231E6	
643	-6.7284E-1	1.8617E2	1.5879E0	1.4254E6	
644	-6.7474E-1	1.8334E2	1.5807E0	1.4276E6	
645	-6.7520E-1	1.8266E2	1.5736E0	1.4298E6	
646	-6.7558E-1	1.8210E2	1.5665E0	1.4320E6	
647	-6.7505E-1	1.8289E2	1.5593E0	1.4342E6	
648	-6.7612E-1	1.8130E2	1.5521E0	1.4365E6	
649	-6.7268E-1	1.8640E2	1.5450E0	1.4387E6	
650	-6.7253E-1	1.8662E2	1.5379E0	1.4409E6	
651	-6.7177E-1	1.8776E2	1.5307E0	1.4431E6	
652	-6.7192E-1	1.8753E2	1.5236E0	1.4453E6	
653	-6.7398E-1	1.8447E2	1.5164E0	1.4476E6	
654	-6.7299E-1	1.8595E2	1.5093E0	1.4498E6	
655	-6.7436E-1	1.8391E2	1.5021E0	1.4520E6	
656	-6.7093E-1	1.8900E2	1.4949E0	1.4542E6	
657	-6.7139E-1	1.8832E2	1.4878E0	1.4564E6	
658	-6.7184E-1	1.8764E2	1.4806E0	1.4587E6	
659	-6.6917E-1	1.9161E2	1.4734E0	1.4609E6	
660	-6.7421E-1	1.8413E2	1.4663E0	1.4631E6	
661	-6.7207E-1	1.8730E2	1.4591E0	1.4653E6	
662	-6.7146E-1	1.8821E2	1.4520E0	1.4675E6	
663	-6.6910E-1	1.9172E2	1.4448E0	1.4698E6	
664	-6.6917E-1	1.9161E2	1.4377E0	1.4720E6	
665	-6.7085E-1	1.8912E2	1.4304E0	1.4742E6	
666	-6.6795E-1	1.9342E2	1.4233E0	1.4764E6	
667	-6.6963E-1	1.9093E2	1.4161E0	1.4786E6	
668	-6.6818E-1	1.9308E2	1.4091E0	1.4809E6	
669	-6.6689E-1	1.9500E2	1.4018E0	1.4831E6	
670	-6.6772E-1	1.9376E2	1.3947E0	1.4853E6	
671	-6.6811E-1	1.9319E2	1.3875E0	1.4875E6	
672	-6.6734E-1	1.9432E2	1.3803E0	1.4897E6	
673	-6.6620E-1	1.9602E2	1.3732E0	1.4920E6	
674	-6.6391E-1	1.9942E2	1.3660E0	1.4942E6	
675	-6.6788E-1	1.9353E2	1.3588E0	1.4964E6	
676	-6.6734E-1	1.9432E2	1.3516E0	1.4986E6	
677	-6.6635E-1	1.9580E2	1.3445E0	1.5008E6	
678	-6.6711E-1	1.9466E2	1.3373E0	1.5031E6	
679	-6.6475E-1	1.9817E2	1.3302E0	1.5053E6	
680	-6.6269E-1	2.0123E2	1.3229E0	1.5075E6	
681	-6.6452E-1	1.9851E2	1.3157E0	1.5097E6	
682	-6.6483E-1	1.9806E2	1.3086E0	1.5119E6	
683	-6.6437E-1	1.9874E2	1.3014E0	1.5142E6	
684	-6.6551E-1	1.9704E2	1.2944E0	1.5164E6	
685	-6.6574E-1	1.9670E2	1.2871E0	1.5186E6	
686	-6.6513E-1	1.9761E2	1.2798E0	1.5208E6	
687	-6.6681E-1	1.9512E2	1.2728E0	1.5230E6	
688	-6.6277E-1	2.0112E2	1.2654E0	1.5253E6	
689	-6.6460E-1	1.9840E2	1.2584E0	1.5275E6	
690	-6.6391E-1	1.9942E2	1.2511E0	1.5297E6	
691	-6.6414E-1	1.9908E2	1.2440E0	1.5319E6	
692	-6.6399E-1	1.9931E2	1.2369E0	1.5341E6	
693	-6.6368E-1	1.9976E2	1.2296E0	1.5364E6	
694	-6.6505E-1	1.9772E2	1.2225E0	1.5386E6	
695	-6.6475E-1	1.9817E2	1.2153E0	1.5408E6	
696	-6.6200E-1	2.0225E2	1.2081E0	1.5430E6	
697	-6.6208E-1	2.0214E2	1.2009E0	1.5452E6	
698	-6.6246E-1	2.0157E2	1.1938E0	1.5475E6	
699	-6.6322E-1	2.0044E2	1.1866E0	1.5497E6	
700	-6.6208E-1	2.0214E2	1.1794E0	1.5519E6	
701	-6.6223E-1	2.0191E2	1.1721E0	1.5541E6	
702	-6.6254E-1	2.0146E2	1.1651E0	1.5563E6	
703	-6.6231E-1	2.0180E2	1.1578E0	1.5586E6	
704	-6.6124E-1	2.0338E2	1.1507E0	1.5608E6	
705	-6.6101E-1	2.0372E2	1.1436E0	1.5630E6	
706	-6.6147E-1	2.0304E2	1.1363E0	1.5652E6	
707	-6.6116E-1	2.0350E2	1.1291E0	1.5674E6	
708	-6.6093E-1	2.0383E2	1.1220E0	1.5697E6	
709	-6.5948E-1	2.0599E2	1.1148E0	1.5719E6	
710	-6.6055E-1	2.0440E2	1.1076E0	1.5741E6	
711	-6.6193E-1	2.0236E2	1.1004E0	1.5763E6	
712	-6.5910E-1	2.0655E2	1.0933E0	1.5785E6	
713	-6.6010E-1	2.0508E2	1.0861E0	1.5808E6	
714	-6.6055E-1	2.0440E2	1.0789E0	1.5830E6	
715	-6.5804E-1	2.0814E2	1.0718E0	1.5852E6	
716	-6.5834E-1	2.0768E2	1.0645E0	1.5874E6	
717	-6.5765E-1	2.0870E2	1.0574E0	1.5896E6	
718	-6.5765E-1	2.0870E2	1.0503E0	1.5919E6	
719	-6.9511E-1	1.5311E2	1.0431E0	1.5941E6	
720	-6.6605E-1	1.9625E2	1.0358E0	1.5963E6	
721	-6.3835E-1	2.3735E2	1.0286E0	1.5985E6	
722	-6.1134E-1	2.7743E2	1.0216E0	1.6007E6	
723	-5.9547E-1	3.0098E2	1.0143E0	1.6030E6	
724	-5.7816E-1	3.2668E2	1.0072E0	1.6052E6	
725	-5.5702E-1	3.5805E2	1.0000E0	1.6074E6	
726	-5.3780E-1	3.8658E2	9.9281E-1	1.6096E6	
727	-5.2216E-1	4.0979E2	9.8564E-1	1.6118E6	
728	-5.0667E-1	4.3278E2	9.7839E-1	1.6141E6	
729	-4.8874E-1	4.5939E2	9.7124E-1	1.6163E6	
730	-4.7447E-1	4.8056E2	9.6412E-1	1.6185E6	
731	-4.5662E-1	5.0705E2	9.5693E-1	1.6207E6	
732	-4.4724E-1	5.2098E2	9.4986E-1	1.6229E6	
733	-4.3312E-1	5.4193E2	9.4259E-1	1.6252E6	
734	-4.2236E-1	5.5789E2	9.3550E-1	1.6274E6	
735	-4.1779E-1	5.6469E2	9.2831E-1	1.6296E6	
736	-4.0649E-1	5.8144E2	9.2119E-1	1.6318E6	
737	-3.9673E-1	5.9594E2	9.1395E-1	1.6340E6	
738	-3.9284E-1	6.0171E2	9.0684E-1	1.6363E6	
739	-3.7781E-1	6.2402E2	8.9966E-1	1.6385E6	
740	-3.7521E-1	6.2787E2	8.9253E-1	1.6407E6	
741	-3.6613E-1	6.4134E2	8.8532E-1	1.6429E6	
742	-3.5713E-1	6.5470E2	8.7812E-1	1.6451E6	
743	-3.5553E-1	6.5708E2	8.7103E-1	1.6474E6	
744	-3.4721E-1	6.6942E2	8.6378E-1	1.6496E6	
745	-3.4508E-1	6.7259E2	8.5670E-1	1.6518E6	
746	-3.2669E-1	6.9988E2	8.4946E-1	1.6540E6	
747	-3.2135E-1	7.0780E2	8.4221E-1	1.6562E6	
748	-3.1479E-1	7.1754E2	8.3508E-1	1.6585E6	
749	-3.0983E-1	7.2490E2	8.2788E-1	1.6607E6	
750	-2.9800E-1	7.4245E2	8.2268E-1	1.6623E6	
751	-2.9800E-1	7.4245E2	8.2268E-1	1.6623E6	
752	-2.9800E-1	7.4245E2	8.2268E-1	1.6623E6	
753	-2.9800E-1	7.4245E2	8.2268E-1	1.6623E6	
754	-2.9800E-1	7.4245E2	8.2268E-1	1.6623E6	
755	-2.9800E-1	7.4245E2	8.2268E-1	1.6623E6	
756	-2.9800E-1	7.4245E2	8.2268E-1	1.6623E6	
757	-2.9800E-1	7.4245E2	8.2268E-1	1.6623E6	
758	-2.9800E-1	7.4245E2	8.2268E-1	1.6623E6	
759	-2.9800E-1	7.4245E2	8.2268E-1	1.6623E6	
760	-2.9800E-1	7.4245E2	8.2268E-1	1.6623E6	
761	-2.9800E-1	7.4245E2	8.2268E-1	1.6623E6	
762	-2.9800E-1	7.4245E2	8.2268E-1	1.6623E6	
763	-2.9800E-1	7.4245E2	8.2268E-1	1.6623E6	
764	-2.9800E-1	7.4245E2	8.2268E-1	1.6623E6	
765	-2.9800E-1	7.4245E2	8.2268E-1	1.6623E6	
766	-2.9800E-1	7.4245E2	8.2268E-1	1.6623E6	
767	-2.9800E-1	7.4245E2	8.2268E-1	1.6623E6	
768	-2.9800E-1	7.4245E2	8.2268E-1	1.6623E6	
769	-2.9800E-1	7.4245E2	8.2268E-1	1.6623E6	
770	-2.9800E-1	7.4245E2	8.2268E-1	1.6623E6	
771	-2.9800E-1	7.4245E2	8.2268E-1	1.6623E6	
772	-2.9800E-1	7.4245E2	8.2268E-1	1.6623E6	
773	-2.9800E-1	7.4245E2	8.2268E-1	1.6623E6	
774	-2.9800E-1	7.4245E2	8.2268E-1	1.6623E6	
775	-2.9800E-1	7.4245E2	8.2268E-1	1.6623E6	
776	-2.9800E-1	7.4245E2	8.2268E-1	1.6623E6	
777	-2.9800E-1	7.4245E2	8.2268E-1	1.6623E6	
778	-2.9800E-1	7.4245E2	8.2268E-1	1.6623E6	
779	-2.9800E-1	7.4245E2	8.2268E-1	1.6623E6	
780	-2.9800E-1	7.4245E2	8.2268E-1	1.6623E6	
781	-2.9800E-1	7.4245E2	8.2268E-1	1.6623E6	
782	-2.9800E-1	7.4245E2	8.2268E-1	1.6623E6	
783	-2.9800E-1	7.4245E2	8.2268E-1	1.6623E6	
784	-2.9800E-1	7.4245E2	8.2268E-1	1.6623E6	
785	-2.9800E-1	7.4245E2	8.2268E-1	1.6623E6	
786	-2.9800E-1	7.4245E2	8.2268E-1	1.6623E6	
787	-2.9800E-1	7.4245E2	8.2268E-1	1.6623E6	
788	-2.9800E-1	7.4245E2	8.2268E-1	1.6623E6	
789	-2.9800E-1	7.4245E2	8.2268E-1	1.6623E6	
790	-2.9800E-1	7.4245E2	8.2268E-1	1.6623E6	
791	-2.9800E-1	7.4245E2	8.2268E-1	1.6623E6	
792	-2.9800E-1	7.4245E2	8.2268E-1	1.6623E6	
793	-2.9800E-1	7.4245E2	8.2268E-1	1.6623E6	
794	-2.9800E-1	7.4245E2	8.2268E-1	1.6623E6	
795	-2.9800E-1	7.4245E2	8.2268E-1	1.6623E6	
796	-2.9800E-1	7.4245E2	8.2268E-1	1.6623E6	
797	-2.9800E-1	7.4245E2	8.2268E-1	1.6623E6	
798	-2.9800E-1	7.4245E2	8.2268E-1	1.6623E6	
799	-2.9800E-1	7.4245E2	8.2268E-1	1.6623E6	
800	-2.9800E-1	7.4245E2	8.2268E-1	1.6623E6	
801	-2.9800E-1	7.4245E2	8.2268E-1	1.6623E6	
802	-2.9800E-1	7.4245E2	8.2268E-1	1.6623E6	
803	-2.9800E-1	7.4245E2	8.2268E-1	1.6623E6	
804	-2.9800E-1	7.4245E2	8.2268E-1	1.6623E6	
805	-2.9800E-1	7.4245E2	8.2268E-1	1.6623E6	
806	-2.9800E-1	7.4245E2	8.2268E-1	1.6623E6	
807	-2.9800E-1	7.4245E2	8.2268E-1	1.6623E6	
808	-2.9800E-1	7.4245E2	8.2268E-1	1.6623E6	
809	-2.9800E-1	7.4245E2	8.2268E-1	1.6623E6	
810	-2.9800E-1	7.4245E2	8.2268E-1	1.6623E6	
811	-2.9800E-1	7.4245E2	8.2268E-1	1.6623E6	
812	-2.9800E-1	7.4245E2	8.2268E-1	1.6623E6	
813	-2.9800E-1	7.4245E2	8.2268E-1	1.6623E6	
814	-2.9800E-1	7.4245E2	8.2268E-1	1.6623E6	
815	-2.9800E-1	7.4245E2	8.2268E-1	1.6623E6	
816	-2.9800E-1	7.4245E2	8.2268E-1	1.6623E6	
817	-2.9800E-1	7.4245E2	8.2268E-1	1.6623E6	
818	-2.9800E-1	7.4245E2	8.2268E-1	1.6623E6	
819	-2.9800E-1	7.4245E2	8.2268E-1	1.6623E6	
820	-2.9800E-1	7.4245E2	8.2268E-1	1.6623E6	
821	-2.9800E-1	7.4245E2	8.2268E-1	1.6623E6	
822	-2.9800E-1	7.4245E2	8.2268E-1	1.6623E6	
823	-2.9800E-1	7.4245E2	8.2268E-1	1.6623E6	
824	-2.9800E-1	7.4245E2	8.2268E-1	1.6623E6	
825	-2.9800E-1	7.4245E2	8.2268E-1	1.6623E6	
826	-2.9800E-1	7.4245E2	8.2268E-1	1.6623E6	
827	-2.9800E-1	7.4245E2	8.2268E-1	1.6623E6	
828	-2.9800E-1	7.4245E2	8.2268E-1	1.6623E6	
829	-2.9800E-1	7.4245E2	8.2268E-1	1.6623E6	
830	-2.9800E-1	7.4245E2	8.2268E-1	1.6623E6	
831	-2.9800E-1	7.4245E2	8.2268E-1	1.6623E6	
832	-2.9800E-1	7.4245E2	8.2268E-1	1.6623E6	
833	-2.9800E-1	7.4245E2	8.2268E-1	1.6623E6	
834	-2.9800E-1	7.4245E2	8.2268E-1	1.6623E6	
835	-2.9800E-1	7.4245E2	8.2268E-1	1.6623E6	
836	-2.9800E-1	7.4245E2	8.2268E-1	1.6623E6	
837	-2.9800E-1	7.4245E2	8.2268E-1	1.6623E6	
838	-2.9800E-1	7.4245E2	8.2268E-1	1.6623E6	
839	-2.9800E-1	7.4245E2	8.2268E-1	1.6623E6	
840	-2.9800E-1	7.4245E2	8.2268E-1	1.6623E6	
841	-2.9800E-1	7.4245E2	8.2268E-1	1.6623E6	
842	-2.9800E-1	7.4245E2	8.2268E-1	1.6623E6	
843	-2.9800E-1	7.4245E2	8.2268E-1	1.6623E6	
844	-2.9800E-1	7.4245E2	8.2268E-1	1.6623E6	
845	-2.9800E-1	7.4245E2	8.2268E-1	1.6623E6	
846	-2.9800E-1	7.4245E2	8.2268E-1	1.6623E6	
847	-2.9800E-1	7.4245E2	8.2268E-1	1.6623E6	
848	-2.9800E-1	7.4245E2	8.2268E-1	1.6623E6	
849	-2.9800E-1	7.4245E2	8.2268E-1	1.6623E6	
850	-2.9800E-1	7.4245E2	8.2268E-1	1.6623E6	
851	-2.9800E-1	7.4245E2	8.2268E-1	1.6623E6	
852	-2.9800E-1	7.4245E2	8.2268E-1	1.6623E6	
853	-2.9800E-1	7.4245E2	8.2268E-1	1.6623E6	
854	-2.9800E-1	7.4245E2	8.2268E-1	1.6623E6	
855	-2.9800E-1	7.4245E2	8.2268E-1	1.6623E6	
856	-2.9800E-1	7.4245E2	8.2268E-1	1.6623E6	
857	-2.9800E-1	7.4245E2	8.2268E-1	1.6623E6	
858	-2.9800E-1	7.4245E2	8.2268E-1	1.6623E6	
859	-2.9800E-1	7.4245E2	8.2268E-1	1.6623E6	
860	-2.9800E-1	7.4245E2	8.2268E-1	1.6623E6	
861	-2.9800E-1	7.4245E2	8.2268E-1	1.6623E6	
862	-2.9800E-1	7.4245E2	8.2268E-1	1.6623E6	
863	-2.9800E-1	7.4245E2	8.2268E-1	1.6623E6	
864	-2.9800E-1	7.4245E2	8.2268E-1	1.6623E6	
865	-2.9800E-1	7.4245E2	8.2268E-1	1.6623E6	
866	-2.9800E-1	7.4245E2	8.2268E-1	1.6623E6	
867	-2.9800E-1	7.4245E2	8.2268E-1	1.6623E6	
868	-2.9800E-1	7.4245E2	8.2268E-1	1.6623E6	
869	-2.9800E-1	7.4245E2	8.2268E-1	1.6623E6	
870	-2.9800E-1	7.4245E2	8.2268E-1	1.6623E6	
871	-2.9800E-1	7.4245E2	8.2268E-1	1.6623E6	
872	-2.9800E-1	7.4245E2	8.2268E-1	1.6623E6	
873	-2.9800E-1	7.4245E2	8.2268E-1	1.6623E6	
874	-2.9800E-1	7.4245E2	8.2268E-1	1.6623E6	
875	-2.9800E-1	7.4245E2	8.2268E-1	1.6623E6	
876	-2.9800E-1	7.4245E2	8.2268E-1	1.6623E6	
877	-2.9800E-1	7.4245E2	8.2268E-1	1.6623E6	
878	-2.9800E-1	7.4245E2	8.2268E-1	1.6623E6	
879	-2.9800E-1	7.4245E2	8.2268E-1	1.6623E6	
880	-2.9800E-1	7.4245E2	8.2268E-1	1.6623E6	
881	-2.9800E-1	7.4245E2	8.2268E-1	1.6623E6	
882	-2.9800E-1	7.4245E2	8.2268E-1	1.6623E6	
883	-2.9800E-1	7.4245E2	8.2268E-1	1.6623E6	
884	-2.9800E-1	7.4245E2	8.2268E-1	1.6623E6	
885	-2.9800E-1	7.4245E2	8.2268E-1	1.6623E6	
886	-2.9800E-1	7.4245E2	8.2268E-1	1.6623E6	
887	-2.9800E-1	7.4245E2	8.2268E-1	1.6623E6	
888	-2.9800E-1	7.4245E2	8.2268E-1	1.6623E6	
889	-2.9800E-1	7.4245E2	8.2268E-1	1.6623E6	
890	-2.9800E-1	7.4245E2	8.2268E-1	1.6623E6	
891	-2.9800E-1	7.4245E2	8.2268E-1	1.6623E6	
892	-2.9800E-1	7.4245E2	8.2268E-1	1.6623E6	
893	-2.9800E-1	7.4245E2	8.2268E-1	1.6623E6	
894	-2.9800E-1	7.4245E2	8.2268E-1	1.6623E6	
895	-2.9800E-1	7.4245E2	8.2268E-1	1.6623E6	
896	-2.9800E-1	7.4245E2	8.2268E-1	1.6623E6	
897	-2.9800E-1	7.4245E2	8.2268E-1	1.6623E6	
898	-2.9800E-1	7.4245E2	8.2268E-1	1.6623E6	
899	-2.9800E-1	7.4245E2	8.2268E-1	1.6623E6	
900	-2.9800E-1	7.4245E2	8.2268E-1	1.6623E6	
901	-2.9800E-1	7.4245E2	8.2268E-1	1.6623E6	
902	-2.9800E-1	7.4245E2	8.2268E-1	1.6623E6	
903	-2.9800E-1	7.4245E2	8.2268E-1	1.6623E6	
904	-2.9800E-1	7.4245E2	8.2268E-1	1.6623E6	
905	-2.9800E-1	7.4245E2	8.2268E-1	1.6623E6	
906	-2.9800E-1	7.4245E2	8.2268E-1	1.6623E6	
907	-2.9800E-1	7.4245E2	8.2268E-1	1.6623E6	
908	-2.9800E-1	7.4245E2	8.2268E-1	1.6623E6	
909	-2.9800E-1	7.4245E2	8.2268E-1	1.6623E6	
910	-2.9800E-1	7.4245E2	8.2268E-1	1.6623E6	
911	-2.9800E-1	7.4245E2	8.2268E-1	1.6623E6	
912	-2.9800E-1	7.4245E2	8.2268E-1	1.6623E6	
913	-2.9800E-1	7.4245E2	8.2268E-1	1.6623E6	
914	-2.9800E-1	7.4245E2	8.2268E-1	1.6623E6	
915	-2.9800E-1	7.4245E2	8.2268E-1	1.6623E6	
916	-2.9800E-1	7.4245E2	8.2268E-1	1.6623E6	
917	-2.9800E-1	7.4245E2	8.2268E-1	1.6623E6	
918	-2.9800E-1	7.4245E2	8.2268E-1	1.6623E6	
919	-2.9800E-1	7.4245E2	8.2268E-1	1.6623E6	
920	-2.9800E-1	7.4245E2	8.2268E-1	1.6623E6	
921	-2.9800E-1	7.4245E2	8.2268E-1	1.6623E6	
922	-2.9800E-1	7.4245E2	8.2268E-1	1.6623E6	
923	-2.9800E-1	7.4245E2	8.2268E-1	1.6623E6	
924	-2.9800E-1	7.4245E2	8.2268E-1	1.6623E6	
925	-2.9800E-1	7.4245E2	8.2268E-1	1.6623E6	
926	-2.9800E-1	7.4245E2	8.2268E-1	1.6623E6	
927	-2.9800E-1	7.4245E2	8.2268E-1	1.6623E6	
928	-2.9800E-1	7.4245E2	8.2268E-1	1.6623E6	
929	-2.9800E-1	7.4245E2	8.2268E-1	1.6623E6	
930	-2.9800E-1	7.4245E2	8.2268E-1	1.6623E6	
931	-2.9800E-1	7.4245E2	8.2268E-1	1.6623E6	
932	-2.9800E-1	7.4245E2	8.2268E-1	1.6623E6	
933	-2.9800E-1	7.4245E2	8.2268E-1	1.6623E6	
934	-2.9800E-1	7.4245E2	8.2268E-1	1.6623E6	
935	-2.9800E-1	7.4245E2	8.2268E-1	1.6623E6	
936	-2.9800E-1	7.4245E2	8.2268E-1	1.6623E6	
937	-2.9800E-1	7.4245E2	8.2268E-1	1.6623E6	
938	-2.9800E-1	7.4245E2	8.2268E-1	1.6623E6	
939	-2.9800E-1	7.4245E2	8.2268E-1	1.6623E6	
940	-2.9800E-1	7.4245E2	8.2268E-1	1.6623E6	
941	-2.9800E-1	7.4245E2	8.2268E-1	1.6623E6	
942	-2.9800E-1	7.4245E2	8.2268E-1	1.6623E6	
943	-2.9800E-1	7.4245E2	8.2268E-1	1.6623E6	
944	-2.9800E-1	7.4245E2	8.2268E-1	1.6623E6	
945	-2.9800E-1	7.4245E2	8.2268E-1	1.6623E6	
946	-2.9800E-1	7.4245E2	8.2268E-1	1.6623E6	
947	-2.9800E-1	7.4245E2	8.2268E-1	1.6623E6	
948	-2.9800E-1	7.4245E2	8.2268E-1	1.6623E6	
949	-2.9800E-1	7.4245E2	8.2268E-1	1.6623E6	
950	-2.9800E-1	7.4245E2	8.2268E-1	1.6623E6	
951	-2.9800E-1	7.4245E2	8.2268E-1	1.6623E6	
952	-2.9800E-1	7.4245E2	8.2268E-1	1.6623E6	
953	-2.9800E-1	7.4245E2	8.2268E-1	1.6623E6	
954	-2.9800E-1	7.4245E2	8.2268E-1	1.6623E6	
955	-2.9800E-1	7.4245E2	8.2268E-1	1.6623E6	
956	-2.9800E-1	7.4245E2	8.2268E-1	1.6623E6	
957	-2.9800E-1	7.4245E2	8.2268E-1	1.6623E6	
958	-2.9800E-1	7.4245E2	8.2268E-1	1.6623E6	
959	-2.9800E-1	7.4245E2	8.2268E-1	1.6623E6	
960	-2.9800E-1	7.4245E2	8.2268E-1	1.6623E6	
961	-2.9800E-1	7.4245E2	8.2268E-1	1.6623E6	
962	-2.9800E-1	7.4245E2	8.2268E-1	1.6623E6	
963	-2.9800E-1	7.4245E2	8.2268E-1	1.6623E6	
964	-2.9800E-1	7.4245E2	8.2268E-1	1.6623E6	
965	-2.9800E-1	7.4245E2	8.2268E-1	1.6623E6	
966	-2.9800E-1	7.4245E2	8.2268E-1	1.6623E6	
967	-2.9800E-1	7.4245E2	8.2268E-1	1.6623E6	
968	-2.9800E-1	7.4245E2	8.2268E-1	1.6623E6	
969	-2.9800E-1	7.4245E2	8.2268E-1	1.6623E6	
970	-2.9800E-1	7.4245E2	8.2268E-1	1.6623E6	
971	-2.9800E-1	7.4245E2	8.2268E-1	1.6623E6	
972	-2.9800E-1	7.4245E2	8.2268E-1	1.6623E6	
973	-2.9800E-1	7.4245E2	8.2268E-1	1.6623E6	
974	-2.9800E-1	7.4245E2	8.2268E-1	1.6623E6	
975	-2.9800E-1	7.4245E2	8.2268E-1	1.6623E6	
976	-2.9800E-1	7.4245E2	8.2268E-1	1.6623E6	
977	-2.9800E-1	7.4245E2	8.2268E-1	1.6623E6	
978	-2.9800E-1	7.4245E2	8.2268E-1	1.6623E6	
979	-2.9800E-1	7.4245E2	8.2268E-1	1.6623E6	
980	-2.9800E-1	7.4245E2	8.2268E-1	1.6623E6	
981	-2.9800E-1	7.4245E2	8.2268E-1	1.6623E6	
982	-2.9800E-1	7.4245E2	8.2268E-1	1.6623E6	
983	-2.9800E-1	7.4245E2	8.2268E-1	1.6623E6	
984	-2.9800E-1	7.4245E2	8.2268E-1	1.6623E6	
985	-2.9800E-1	7.4245E2	8.2268E-1	1.6623E6	
986	-2.9800E-1	7.4245E2	8.2268E-1	1.6623E6	
987	-2.9800E-1	7.4245E2	8.2268E-1	1.6623E6	
988	-2.9800E-1	7.4245E2	8.2268E-1	1.6623E6	
989	-2.9800E-1	7.4245E2	8.2268E-1	1.6623E6	
990	-2.9800E-1	7.4245E2	8.2268E-1	1.6623E6	
991	-2.9800E-1	7.4245E2	8.2268E-1	1.6623E6	
992	-2.9800E-1	7.4245E2	8.2268E-1	1.6623E6	
993	-2.9800E-1	7.4245E2	8.2268E-1	1.6623E6	
994	-2.9800E-1	7.4245E2	8.2268E-1	1.6623E6	
995	-2.9800E-1	7.4245E2	8.2268E-1	1.6623E6	
996	-2.9800E-1	7.4245E2	8.2268E-1	1.6623E6	
997	-2.9800E-1	7.4245E2	8.2268E-1	1.6623E6	
998	-2.9800E-1	7.4245E2	8.2268E-1	1.6623E6	
999	-2.9800E-1	7.4245E2	8.2268E-1	1.6623E6	
1000	-2.9800E-1	7.4245E2	8.2268E-1	1.6623E6	
1001	-2.9800E-1	7.4245E2	8.2268E-1	1.6623E6	
1002	-2.9800E-1	7.4245E2	8.2268E-1	1.6623E6	
1003	-2.9800E-1	7.4245E2	8.2268E-1	1.6623E6	
1004	-2.9800E-1	7.4245E2	8.2268E-1	1.6623E6	
1005	-2.9800E-1	7.4245E2	8.2268E-1	1.6623E6	
1006	-2.9800E-1	7.4245E2	8.2268E-1	1.6623E6	
1007	-2.9800E-1	7.4245E2	8.2268E-1	1.6623E6	
1008	-2.9800E-1	7.4245E2	8.2268E-1	1.6623E6	
1009	-2.9800E-1	7.4245E2	8.2268E-1	1.6623E6	
1010	-2.9800E-1	7.4245E2	8.2268E-1	1.6623E6	
1011	-2.9800E-1	7.4245E2	8.2268E-1	1.6623E6	
1012	-2.9800E-1	7.4245E2	8.2268E-1	1.6623E6	
1013	-2.9800E-1	7.4245E2	8.2268E-1	1.6623E6	
1014	-2.9800E-1	7.4245E2	8.2268E-1	1.6623E6	
1015	-2.9800E-1	7.4245E2	8.2268E-1	1.6623E6	
1016	-2.9800E-1	7.4245E2	8.2268E-1	1.6623E6	
1017	-2.9800E-1	7.4245E2	8.2268E-1	1.6623E6	
1018	-2.9800E-1	7.4245E2	8.2268E-1	1.6623E6	
1019	-2.9800E-1	7.4245E2	8.2268E-1	1.6623E6	
1020	-2.9800E-1	7.4245E2	8.2268E-1	1.6623E6	
1021	-2.9800E-1	7.4245E2	8.2268E-1	1.6623E6	
1022	-2.9800E-1	7.4245E2	8.2268E-1	1.6623E6	
1023	-2.9800E-1	7.4245E2	8.2268E-1	1.6623E6	
1024	-2.9800E-1	7.4245E2	8.2268E-1	1.6623E6	
1025	-2.9884E-1	7.4120E2	8.2271E-1	1.6623E6	
1026	-3.4645E-1	6.7055E2	8.2391E-1	1.6646E6	
1027	-3.6461E-1	6.4360E2	8.2670E-1	1.6668E6	
1028	-3.8353E-1	6.1552E2	8.2980E-1	1.6690E6	
1029	-3.9925E-1	5.9220E2	8.3325E-1	1.6712E6	
1030	-4.1695E-1	5.6593E2	8.3672E-1	1.6734E6	
1031	-4.2404E-1	5.5540E2	8.4048E-1	1.6757E6	
1032	-4.4128E-1	5.2981E2	8.4424E-1	1.6779E6	
1033	-4.4815E-1	5.1962E2	8.4817E-1	1.6801E6	
1034	-4.6333E-1	4.9709E2	8.5221E-1	1.6823E6	
1035	-4.7523E-1	4.7943E2	8.5631E-1	1.6845E6	
1036	-4.8897E-1	4.5905E2	8.6047E-1	1.6868E6	
1037	-4.9980E-1	4.4297E2	8.6470E-1	1.6890E6	
1038	-5.0842E-1	4.3017E2	8.6892E-1	1.6912E6	
1039	-5.2094E-1	4.1160E2	8.7321E-1	1.6934E6	
1040	-5.2811E-1	4.0096E2	8.7753E-1	1.6956E6	
1041	-5.4146E-1	3.8115E2	8.8187E-1	1.6979E6	
1042	-5.5222E-1	3.6518E2	8.8626E-1	1.7001E6	
1043	-5.6076E-1	3.5250E2	8.9068E-1	1.7023E6	
1044	-5.6870E-1	3.4072E2	8.9508E-1	1.7045E6	
1045	-5.7961E-1	3.2453E2	8.9959E-1	1.7067E6	
1046	-5.9265E-1	3.0517E2	9.0400E-1	1.7090E6	
1047	-5.9616E-1	2.9996E2	9.0856E-1	1.7112E6	
1048	-6.0715E-1	2.8366E2	9.1304E-1	1.7134E6	
1049	-6.2012E-1	2.6441E2	9.1757E-1	1.7156E6	
1050	-6.2988E-1	2.4992E2	9.2208E-1	1.7178E6	
1051	-6.3789E-1	2.3803E2	9.2660E-1	1.7201E6	
1052	-6.4644E-1	2.2535E2	9.3127E-1	1.7223E6	
1053	-6.5239E-1	2.1652E2	9.3580E-1	1.7245E6	
1054	-6.6216E-1	2.0202E2	9.4043E-1	1.7267E6	
1055	-6.7017E-1	1.9013E2	9.4492E-1	1.7289E6	
1056	-6.7894E-1	1.7711E2	9.4967E-1	1.7312E6	
1057	-6.9069E-1	1.5968E2	9.5426E-1	1.7334E6	
1058	-6.9786E-1	1.4903E2	9.5902E-1	1.7356E6	
1059	-7.0137E-1	1.4383E2	9.6354E-1	1.7378E6	
1060	-7.1556E-1	1.2277E2	9.6817E-1	1.7400E6	
1061	-7.1846E-1	1.1846E2	9.7295E-1	1.7423E6	
1062	-7.3189E-1	9.8535E1	9.7760E-1	1.7445E6	
1063	-7.3853E-1	8.8684E1	9.8234E-1	1.7467E6	
1064	-7.4890E-1	7.3285E1	9.8703E-1	1.7489E6	
1065	-7.5142E-1	6.9549E1	9.9182E-1	1.7511E6	
1066	-7.6271E-1	5.2792E1	9.9647E-1	1.7534E6	
1067	-7.6729E-1	4.5998E1	1.0011E0	1.7556E6	
1068	-7.7309E-1	3.7393E1	1.0060E0	1.7578E6	
1069	-7.8751E-1	1.5993E1	1.0107E0	1.7600E6	
1070	-7.8552E-1	1.8937E1	1.0154E0	1.7622E6	
1071	-7.9651E-1	2.6325E0	1.0202E0	1.7645E6	
1072	-8.0116E-1	-4.2742E0	1.0251E0	1.7667E6	
1073	-8.1276E-1	-2.1485E1	1.0298E0	1.7689E6	
1074	-8.1352E-1	-2.2617E1	1.0345E0	1.7711E6	
1075	-8.2191E-1	-3.5072E1	1.0392E0	1.7733E6	
1076	-8.2565E-1	-4.0620E1	1.0442E0	1.7756E6	
1077	-8.3420E-1	-5.3301E1	1.0490E0	1.7778E6	
1078	-8.3603E-1	-5.6018E1	1.0537E0	1.7800E6	
1079	-8.4160E-1	-6.4284E1	1.0587E0	1.7822E6	
1080	-8.4785E-1	-7.3568E1	1.0635E0	1.7844E6	
1081	-8.5281E-1	-8.0928E1	1.0683E0	1.7867E6	
1082	-8.5632E-1	-8.6136E1	1.0731E0	1.7889E6	
1083	-8.6288E-1	-9.5874E1	1.0779E0	1.7911E6	
1084	-8.6136E-1	-9.3609E1	1.0828E0	1.7933E6	
1085	-8.6868E-1	-1.0448E2	1.0878E0	1.7955E6	
1086	-8.6533E-1	-9.9497E1	1.0926E0	1.7978E6	
1087	-8.6288E-1	-9.5874E1	1.0975E0	1.8000E6	
1088	-8.5678E-1	-8.6816E1	1.1024E0	1.8022E6	
1089	-8.6311E-1	-9.6214E1	1.1074E0	1.8044E6	
1090	-8.6090E-1	-9.2930E1	1.1122E0	1.8066E6	
1091	-8.5716E-1	-8.7382E1	1.1172E0	1.8089E6	
1092	-8.5815E-1	-8.8854E1	1.1221E0	1.8111E6	
1093	-8.5617E-1	-8.5910E1	1.1270E0	1.8133E6	
1094	-8.5388E-1	-8.2513E1	1.1319E0	1.8155E6	
1095	-8.5602E-1	-8.5684E1	1.1368E0	1.8177E6	
1096	-8.5739E-1	-8.7722E1	1.1418E0	1.8200E6	
1097	-8.5266E-1	-8.0702E1	1.1467E0	1.8222E6	
1098	-8.5365E-1	-8.2174E1	1.1517E0	1.8244E6	
1099	-8.5152E-1	-7.9003E1	1.1566E0	1.8266E6	
1100	-8.5167E-1	-7.9230E1	1.1617E0	1.8288E6	
1101	-8.4930E-1	-7.5720E1	1.1666E0	1.8311E6	
1102	-8.4885E-1	-7.5040E1	1.1716E0	1.8333E6	
1103	-8.5014E-1	-7.6965E1	1.1766E0	1.8355E6	
1104	-8.4564E-1	-7.0285E1	1.1816E0	1.8377E6	
1105	-8.4618E-1	-7.1077E1	1.1866E0	1.8399E6	
1106	-8.4679E-1	-7.1983E1	1.1917E0	1.8422E6	
1107	-8.4663E-1	-7.1757E1	1.1966E0	1.8444E6	
1108	-8.4702E-1	-7.2323E1	1.2017E0	1.8466E6	
1109	-8.4641E-1	-7.1417E1	1.2067E0	1.8488E6	
1110	-8.4854E-1	-7.4587E1	1.2117E0	1.8510E6	
1111	-8.4335E-1	-6.6888E1	1.2168E0	1.8533E6	
1112	-8.4595E-1	-7.0738E1	1.2219E0	1.8555E6	
1113	-8.4396E-1	-6.7794E1	1.2269E0	1.8577E6	
1114	-8.4419E-1	-6.8134E1	1.2320E0	1.8599E6	
1115	-8.3954E-1	-6.1227E1	1.2370E0	1.8621E6	
1116	-8.3710E-1	-5.7604E1	1.2421E0	1.8644E6	
1117	-8.3939E-1	-6.1000E1	1.2473E0	1.8666E6	
1118	-8.4007E-1	-6.2019E1	1.2523E0	1.8688E6	
1119	-8.2405E-1	-3.8242E1	1.2575E0	1.8710E6	
1120	-8.1238E-1	-2.0918E1	1.2625E0	1.8732E6	
1121	-8.0406E-1	-8.5768E0	1.2675E0	1.8755E6	
1122	-7.9506E-1	4.7838E0	1.2728E0	1.8777E6	
1123	-7.8835E-1	1.4748E1	1.2778E0	1.8799E6	
1124	-7.8484E-1	1.9956E1	1.2830E0	1.8821E6	
1125	-7.8102E-1	2.5617E1	1.2880E0	1.8843E6	
1126	-7.4089E-1	8.5174E1	1.2932E0	1.8866E6	
1127	-6.6437E-1	1.9874E2	1.2983E0	1.8888E6	
1128	-6.6498E-1	1.9783E2	1.3034E0	1.8910E6	
1129	-6.6864E-1	1.9240E2	1.3086E0	1.8932E6	
1130	-6.6460E-1	1.9840E2	1.3137E0	1.8954E6	
1131	-6.6711E-1	1.9466E2	1.3190E0	1.8977E6	
1132	-6.6772E-1	1.9376E2	1.3241E0	1.8999E6	
1133	-6.6643E-1	1.9568E2	1.3292E0	1.9021E6	
1134	-6.6635E-1	1.9580E2	1.3345E0	1.9043E6	
1135	-6.6666E-1	1.9534E2	1.3396E0	1.9065E6	
1136	-6.6742E-1	1.9421E2	1.3448E0	1.9088E6	
1137	-6.6620E-1	1.9602E2	1.3499E0	1.9110E6	
1138	-6.6933E-1	1.9138E2	1.3552E0	1.9132E6	
1139	-6.6513E-1	1.9761E2	1.3604E0	1.9154E6	
1140	-6.6605E-1	1.9625E2	1.3657E0	1.9176E6	
1141	-6.6750E-1	1.9410E2	1.3708E0	1.9199E6	
1142	-6.6872E-1	1.9229E2	1.3761E0	1.9221E6	
1143	-6.6765E-1	1.9387E2	1.3813E0	1.9243E6	
1144	-6.6833E-1	1.9285E2	1.3864E0	1.9265E6	
1145	-6.6895E-1	1.9195E2	1.3918E0	1.9287E6	
1146	-6.7039E-1	1.8979E2	1.3971E0	1.9310E6	
1147	-6.6864E-1	1.9240E2	1.4022E0	1.9332E6	
1148	-6.6757E-1	1.9398E2	1.4075E0	1.9354E6	
1149	-6.7070E-1	1.8934E2	1.4128E0	1.9376E6	
1150	-6.6925E-1	1.9149E2	1.4181E0	1.9398E6	
1151	-6.6910E-1	1.9172E2	1.4233E0	1.9421E6	
1152	-6.7108E-1	1.8878E2	1.4286E0	1.9443E6	
1153	-6.6879E-1	1.9217E2	1.4340E0	1.9465E6	
1154	-6.6917E-1	1.9161E2	1.4393E0	1.9487E6	
1155	-6.7238E-1	1.8685E2	1.4444E0	1.9509E6	
1156	-6.7131E-1	1.8844E2	1.4499E0	1.9532E6	
1157	-6.7131E-1	1.8844E2	1.4552E0	1.9554E6	
1158	-6.7085E-1	1.8912E2	1.4604E0	1.9576E6	
1159	-6.7230E-1	1.8696E2	1.4658E0	1.9598E6	
1160	-6.7177E-1	1.8776E2	1.4711E0	1.9620E6	
1161	-6.6978E-1	1.9070E2	1.4764E0	1.9643E6	
1162	-6.7055E-1	1.8957E2	1.4818E0	1.9665E6	
1163	-6.7154E-1	1.8810E2	1.4871E0	1.9687E6	
1164	-6.7429E-1	1.8402E2	1.4925E0	1.9709E6	
1165	-6.7398E-1	1.8447E2	1.4978E0	1.9731E6	
1166	-6.7238E-1	1.8685E2	1.5032E0	1.9754E6	
1167	-6.7184E-1	1.8764E2	1.5086E0	1.9776E6	
1168	-6.7406E-1	1.8436E2	1.5139E0	1.9798E6	
1169	-6.7276E-1	1.8628E2	1.5193E0	1.9820E6	
1170	-6.7314E-1	1.8572E2	1.5247E0	1.9842E6	
1171	-6.7299E-1	1.8595E2	1.5300E0	1.9865E6	
1172	-6.7604E-1	1.8142E2	1.5355E0	1.9887E6	
1173	-6.7520E-1	1.8266E2	1.5408E0	1.9909E6	
1174	-6.7566E-1	1.8198E2	1.5462E0	1.9931E6	
1175	-6.7490E-1	1.8311E2	1.5516E0	1.9953E6	
1176	-6.7581E-1	1.8176E2	1.5571E0	1.9976E6	
1177	-6.7406E-1	1.8436E2	1.5625E0	1.9998E6	
1178	-6.7268E-1	1.8640E2	1.5680E0	2.0020E6	
1179	-6.7612E-1	1.8130E2	1.5733E0	2.0042E6	
1180	-6.7642E-1	1.8085E2	1.5787E0	2.0064E6	
1181	-6.7780E-1	1.7881E2	1.5842E0	2.0087E6	
1182	-6.7314E-1	1.8572E2	1.5896E0	2.0109E6	
1183	-6.7581E-1	1.8176E2	1.5951E0	2.0131E6	
1184	-6.7581E-1	1.8176E2	1.6006E0	2.0153E6	
1185	-6.7970E-1	1.7598E2	1.6060E0	2.0175E6	
1186	-6.7612E-1	1.8130E2	1.6115E0	2.0198E6	
1187	-6.7604E-1	1.8142E2	1.6169E0	2.0220E6	
1188	-6.7673E-1	1.8040E2	1.6224E0	2.0242E6	
1189	-6.7818E-1	1.7825E2	1.6280E0	2.0264E6	
1190	-6.7688E-1	1.8017E2	1.6334E0	2.0286E6	
1191	-6.7703E-1	1.7994E2	1.6388E0	2.0309E6	
1192	-6.7886E-1	1.7723E2	1.6444E0	2.0331E6	
1193	-6.7581E-1	1.8176E2	1.6499E0	2.0353E6	
1194	-6.7726E-1	1.7960E2	1.6554E0	2.0375E6	
1195	-6.7734E-1	1.7949E2	1.6609E0	2.0397E6	
1196	-6.7833E-1	1.7802E2	1.6665E0	2.0420E6	
1197	-6.7940E-1	1.7643E2	1.6719E0	2.0442E6	
1198	-6.7993E-1	1.7564E2	1.6775E0	2.0464E6	
1199	-6.8047E-1	1.7485E2	1.6830E0	2.0486E6	
1200	-6.7726E-1	1.7960E2	1.6886E0	2.0508E6	
1201	-6.7642E-1	1.8085E2	1.6940E0	2.0531E6	
1202	-6.7879E-1	1.7734E2	1.6997E0	2.0553E6	
1203	-6.7673E-1	1.8040E2	1.7052E0	2.0575E6	
1204	-6.7764E-1	1.7904E2	1.7108E0	2.0597E6	
1205	-6.8024E-1	1.7519E2	1.7163E0	2.0619E6	
1206	-6.7894E-1	1.7711E2	1.7219E0	2.0642E6	
1207	-6.7963E-1	1.7609E2	1.7275E0	2.0664E6	
1208	-6.8001E-1	1.7553E2	1.7330E0	2.0686E6	
1209	-6.8130E-1	1.7360E2	1.7385E0	2.0708E6	
1210	-6.7917E-1	1.7677E2	1.7442E0	2.0730E6	
1211	-6.8047E-1	1.7485E2	1.7497E0	2.0753E6	
1212	-6.7863E-1	1.7757E2	1.7554E0	2.0775E6	
1213	-6.8039E-1	1.7496E2	1.7610E0	2.0797E6	
1214	-6.8031E-1	1.7508E2	1.7665E0	2.0819E6	
1215	-6.8153E-1	1.7326E2	1.7722E0	2.0841E6	
1216	-6.8016E-1	1.7530E2	1.7778E0	2.0864E6	
1217	-6.8260E-1	1.7168E2	1.7836E0	2.0886E6	
1218	-6.8085E-1	1.7428E2	1.7891E0	2.0908E6	
1219	-6.8115E-1	1.7383E2	1.7947E0	2.0930E6	
1220	-6.8291E-1	1.7123E2	1.8003E0	2.0952E6	
1221	-6.8184E-1	1.7281E2	1.8060E0	2.0975E6	
1222	-6.7894E-1	1.7711E2	1.8116E0	2.0997E6	
1223	-6.8207E-1	1.7247E2	1.8172E0	2.1019E6	
1224	-6.8130E-1	1.7360E2	1.8230E0	2.1041E6	
1225	-6.8138E-1	1.7349E2	1.8285E0	2.1063E6	
1226	-6.8268E-1	1.7157E2	1.8343E0	2.1086E6	
1227	-6.8321E-1	1.7077E2	1.8400E0	2.1108E6	
1228	-6.8085E-1	1.7428E2	1.8456E0	2.1130E6	
1229	-6.8123E-1	1.7372E2	1.8513E0	2.1152E6	
1230	-6.8329E-1	1.7066E2	1.8569E0	2.1174E6	
1231	-6.8550E-1	1.6738E2	1.8627E0	2.1197E6	
1232	-6.8642E-1	1.6602E2	1.8683E0	2.1219E6	
1233	-6.8558E-1	1.6726E2	1.8741E0	2.1241E6	
1234	-6.8596E-1	1.6670E2	1.8797E0	2.1263E6	
1235	-6.8527E-1	1.6772E2	1.8855E0	2.1285E6	
1236	-6.8565E-1	1.6715E2	1.8911E0	2.1308E6	
1237	-6.8436E-1	1.6907E2	1.8970E0	2.1330E6	
1238	-6.8550E-1	1.6738E2	1.9027E0	2.1352E6	
1239	-6.8459E-1	1.6873E2	1.9083E0	2.1374E6	
1240	-6.8687E-1	1.6534E2	1.9142E0	2.1396E6	
1241	-6.8596E-1	1.6670E2	1.9198E0	2.1419E6	
1242	-6.8588E-1	1.6681E2	1.9256E0	2.1441E6	
1243	-6.8542E-1	1.6749E2	1.9314E0	2.1463E6	
1244	-6.8741E-1	1.6455E2	1.9371E0	2.1485E6	
1245	-6.8687E-1	1.6534E2	1.9428E0	2.1507E6	
1246	-6.8764E-1	1.6421E2	1.9486E0	2.1530E6	
1247	-6.8581E-1	1.6692E2	1.9544E0	2.1552E6	
1248	-6.9153E-1	1.5843E2	1.9601E0	2.1574E6	
1249	-6.8817E-1	1.6341E2	1.9659E0	2.1596E6	
1250	-6.8588E-1	1.6681E2	1.9717E0	2.1618E6	
1251	-6.8741E-1	1.6455E2	1.9775E0	2.1641E6	
1252	-6.8794E-1	1.6375E2	1.9833E0	2.1663E6	
1253	-6.9008E-1	1.6058E2	1.9890E0	2.1685E6	
1254	-6.8901E-1	1.6217E2	1.9949E0	2.1707E6	
1255	-6.8977E-1	1.6104E2	2.0007E0	2.1729E6	
1256	-6.8924E-1	1.6183E2	2.0065E0	2.1752E6	
1257	-6.8993E-1	1.6081E2	2.0123E0	2.1774E6	
1258	-6.9099E-1	1.5922E2	2.0182E0	2.1796E6	
1259	-6.9382E-1	1.5503E2	2.0240E0	2.1818E6	
1260	-6.9046E-1	1.6002E2	2.0298E0	2.1840E6	
1261	-6.8939E-1	1.6160E2	2.0356E0	2.1863E6	
1262	-6.9016E-1	1.6047E2	2.0415E0	2.1885E6	
1263	-6.8863E-1	1.6273E2	2.0473E0	2.1907E6	
1264	-6.9145E-1	1.5854E2	2.0532E0	2.1929E6	
1265	-6.9107E-1	1.5911E2	2.0590E0	2.1951E6	
1266	-6.9077E-1	1.5956E2	2.0649E0	2.1974E6	
1267	-6.9168E-1	1.5820E2	2.0707E0	2.1996E6	
1268	-6.9138E-1	1.5866E2	2.0766E0	2.2018E6	
1269	-6.9351E-1	1.5549E2	2.0824E0	2.2040E6	
1270	-6.8993E-1	1.6081E2	2.0882E0	2.2062E6	
1271	-6.9183E-1	1.5798E2	2.0942E0	2.2085E6	
1272	-6.9168E-1	1.5820E2	2.1001E0	2.2107E6	
1273	-6.9199E-1	1.5775E2	2.1059E0	2.2129E6	
1274	-6.9084E-1	1.5945E2	2.1118E0	2.2151E6	
1275	-6.9237E-1	1.5719E2	2.1178E0	2.2173E6	
1276	-6.9389E-1	1.5492E2	2.1236E0	2.2196E6	
1277	-6.9138E-1	1.5866E2	2.1296E0	2.2218E6	
1278	-6.9160E-1	1.5832E2	2.1355E0	2.2240E6	
1279	-6.9344E-1	1.5560E2	2.1414E0	2.2262E6	
1280	-6.9313E-1	1.5605E2	2.1473E0	2.2284E6	
1281	-6.9168E-1	1.5820E2	2.1532E0	2.2307E6	
1282	-6.9313E-1	1.5605E2	2.1593E0	2.2329E6	
1283	-6.9260E-1	1.5685E2	2.1651E0	2.2351E6	
1284	-6.9237E-1	1.5719E2	2.1711E0	2.2373E6	
1285	-6.9397E-1	1.5481E2	2.1770E0	2.2395E6	
1286	-6.9313E-1	1.5605E2	2.1829E0	2.2418E6	
1287	-6.9389E-1	1.5492E2	2.1889E0	2.2440E6	
1288	-6.9443E-1	1.5413E2	2.1949E0	2.2462E6	
1289	-6.9565E-1	1.5232E2	2.2008E0	2.2484E6	
1290	-6.9550E-1	1.5254E2	2.2068E0	2.2506E6	
1291	-6.9809E-1	1.4869E2	2.2127E0	2.2529E6	
1292	-6.9336E-1	1.5571E2	2.2187E0	2.2551E6	
1293	-6.9237E-1	1.5719E2	2.2247E0	2.2573E6	
1294	-6.9481E-1	1.5356E2	2.2308E0	2.2595E6	
1295	-6.9420E-1	1.5447E2	2.2367E0	2.2617E6	
1296	-6.9519E-1	1.5300E2	2.2426E0	2.2640E6	
1297	-6.9817E-1	1.4858E2	2.2488E0	2.2662E6	
1298	-6.9534E-1	1.5277E2	2.2548E0	2.2684E6	
1299	-6.9611E-1	1.5164E2	2.2607E0	2.2706E6	
1300	-6.9435E-1	1.5424E2	2.2669E0	2.2728E6	
1301	-6.9496E-1	1.5334E2	2.2728E0	2.2751E6	
1302	-6.9603E-1	1.5175E2	2.2788E0	2.2773E6	
1303	-6.9580E-1	1.5209E2	2.2849E0	2.2795E6	
1304	-6.9824E-1	1.4847E2	2.2909E0	2.2817E6	
1305	-6.9725E-1	1.4994E2	2.2971E0	2.2839E6	
1306	-6.9725E-1	1.4994E2	2.3030E0	2.2862E6	
1307	-6.9725E-1	1.4994E2	2.3091E0	2.2884E6	
1308	-6.9801E-1	1.4881E2	2.3151E0	2.2906E6	
1309	-6.9801E-1	1.4881E2	2.3212E0	2.2928E6	
1310	-6.9656E-1	1.5096E2	2.3272E0	2.2950E6	
1311	-7.0023E-1	1.4552E2	2.3333E0	2.2973E6	
1312	-6.9809E-1	1.4869E2	2.3394E0	2.2995E6	
1313	-7.0030E-1	1.4541E2	2.3456E0	2.3017E6	
1314	-6.9717E-1	1.5005E2	2.3516E0	2.3039E6	
1315	-6.9901E-1	1.4734E2	2.3577E0	2.3061E6	
1316	-7.0061E-1	1.4496E2	2.3637E0	2.3084E6	
1317	-6.9885E-1	1.4756E2	2.3699E0	2.3106E6	
1318	-7.0007E-1	1.4575E2	2.3759E0	2.3128E6	
1319	-7.0221E-1	1.4258E2	2.3820E0	2.3150E6	
1320	-6.9901E-1	1.4734E2	2.3882E0	2.3172E6	
1321	-7.0068E-1	1.4484E2	2.3944E0	2.3195E6	
1322	-7.0236E-1	1.4235E2	2.4004E0	2.3217E6	
1323	-7.0183E-1	1.4315E2	2.4066E0	2.3239E6	
1324	-6.9984E-1	1.4609E2	2.4127E0	2.3261E6	
1325	-7.0061E-1	1.4496E2	2.4188E0	2.3283E6	
1326	-7.0038E-1	1.4530E2	2.4249E0	2.3306E6	
1327	-7.0259E-1	1.4201E2	2.4310E0	2.3328E6	
1328	-7.0335E-1	1.4088E2	2.4372E0	2.3350E6	
1329	-7.0114E-1	1.4416E2	2.4433E0	2.3372E6	
1330	-7.0374E-1	1.4032E2	2.4496E0	2.3394E6	
1331	-7.0091E-1	1.4450E2	2.4557E0	2.3417E6	
1332	-7.0175E-1	1.4326E2	2.4618E0	2.3439E6	
1333	-7.0343E-1	1.4077E2	2.4680E0	2.3461E6	
1334	-7.0267E-1	1.4190E2	2.4743E0	2.3483E6	
1335	-7.0290E-1	1.4156E2	2.4804E0	2.3505E6	
1336	-7.0480E-1	1.3873E2	2.4866E0	2.3528E6	
1337	-7.0152E-1	1.4360E2	2.4927E0	2.3550E6	
1338	-7.0389E-1	1.4009E2	2.4990E0	2.3572E6	
1339	-7.0610E-1	1.3681E2	2.5052E0	2.3594E6	
1340	-7.0648E-1	1.3624E2	2.5114E0	2.3616E6	
1341	-7.0702E-1	1.3545E2	2.5175E0	2.3639E6	
1342	-7.0396E-1	1.3998E2	2.5238E0	2.3661E6	
1343	-7.0572E-1	1.3737E2	2.5301E0	2.3683E6	
1344	-7.0633E-1	1.3647E2	2.5362E0	2.3705E6	
1345	-7.0572E-1	1.3737E2	2.5426E0	2.3727E6	
1346	-7.0473E-1	1.3884E2	2.5486E0	2.3750E6	
1347	-7.0412E-1	1.3975E2	2.5550E0	2.3772E6	
1348	-7.0457E-1	1.3907E2	2.5612E0	2.3794E6	
1349	-7.0541E-1	1.3782E2	2.5675E0	2.3816E6	
1350	-7.0503E-1	1.3839E2	2.5737E0	2.3838E6	
1351	-7.0801E-1	1.3397E2	2.5800E0	2.3861E6	
1352	-7.0557E-1	1.3760E2	2.5862E0	2.3883E6	
1353	-7.0694E-1	1.3556E2	2.5925E0	2.3905E6	
1354	-7.0625E-1	1.3658E2	2.5987E0	2.3927E6	
1355	-7.0671E-1	1.3590E2	2.6050E0	2.3949E6	
1356	-7.0740E-1	1.3488E2	2.6114E0	2.3972E6	
1357	-7.0587E-1	1.3714E2	2.6176E0	2.3994E6	
1358	-7.0702E-1	1.3545E2	2.6239E0	2.4016E6	
1359	-7.0572E-1	1.3737E2	2.6302E0	2.4038E6	
1360	-7.0930E-1	1.3205E2	2.6365E0	2.4060E6	
1361	-7.0541E-1	1.3782E2	2.6428E0	2.4083E6	
1362	-7.0847E-1	1.3330E2	2.6491E0	2.4105E6	
1363	-7.0869E-1	1.3296E2	2.6553E0	2.4127E6	
1364	-7.0824E-1	1.3363E2	2.6617E0	2.4149E6	
1365	-7.0717E-1	1.3522E2	2.6681E0	2.4171E6	
1366	-7.1037E-1	1.3046E2	2.6743E0	2.4194E6	
1367	-7.0709E-1	1.3533E2	2.6806E0	2.4216E6	
1368	-7.0824E-1	1.3363E2	2.6870E0	2.4238E6	
1369	-7.1114E-1	1.2933E2	2.6933E0	2.4260E6	
1370	-7.1281E-1	1.2684E2	2.6996E0	2.4282E6	
1371	-7.0877E-1	1.3284E2	2.7060E0	2.4305E6	
1372	-7.0969E-1	1.3148E2	2.7123E0	2.4327E6	
1373	-7.0992E-1	1.3114E2	2.7188E0	2.4349E6	
1374	-7.0885E-1	1.3273E2	2.7250E0	2.4371E6	
1375	-7.1259E-1	1.2718E2	2.7315E0	2.4393E6	
1376	-7.1198E-1	1.2809E2	2.7378E0	2.4416E6	
1377	-7.1274E-1	1.2695E2	2.7442E0	2.4438E6	
1378	-7.1068E-1	1.3001E2	2.7506E0	2.4460E6	
1379	-7.1091E-1	1.2967E2	2.7569E0	2.4482E6	
1380	-7.1129E-1	1.2911E2	2.7633E0	2.4504E6	
1381	-7.1289E-1	1.2673E2	2.7697E0	2.4527E6	
1382	-7.1068E-1	1.3001E2	2.7762E0	2.4549E6	
1383	-7.1472E-1	1.2401E2	2.7825E0	2.4571E6	
1384	-7.1213E-1	1.2786E2	2.7889E0	2.4593E6	
1385	-7.0938E-1	1.3194E2	2.7954E0	2.4615E6	
1386	-7.1419E-1	1.2480E2	2.8017E0	2.4638E6	
1387	-7.1426E-1	1.2469E2	2.8083E0	2.4660E6	
1388	-7.1144E-1	1.2888E2	2.8146E0	2.4682E6	
1389	-7.1335E-1	1.2605E2	2.8210E0	2.4704E6	
1390	-7.1587E-1	1.2231E2	2.8275E0	2.4726E6	
1391	-7.1503E-1	1.2356E2	2.8339E0	2.4749E6	
1392	-7.1564E-1	1.2265E2	2.8403E0	2.4771E6	
1393	-7.1381E-1	1.2537E2	2.8468E0	2.4793E6	
1394	-7.1655E-1	1.2129E2	2.8532E0	2.4815E6	
1395	-7.1739E-1	1.2005E2	2.8597E0	2.4837E6	
1396	-7.1457E-1	1.2424E2	2.8662E0	2.4860E6	
1397	-7.1541E-1	1.2299E2	2.8726E0	2.4882E6	
1398	-7.1404E-1	1.2503E2	2.8791E0	2.4904E6	
1399	-7.1556E-1	1.2277E2	2.8856E0	2.4926E6	
1400	-7.1602E-1	1.2209E2	2.8920E0	2.4948E6	
1401	-7.1655E-1	1.2129E2	2.8984E0	2.4971E6	
1402	-7.1907E-1	1.1756E2	2.9049E0	2.4993E6	
1403	-7.1831E-1	1.1869E2	2.9115E0	2.5015E6	
1404	-7.1739E-1	1.2005E2	2.9180E0	2.5037E6	
1405	-7.1922E-1	1.1733E2	2.9245E0	2.5059E6	
1406	-7.1808E-1	1.1903E2	2.9310E0	2.5082E6	
1407	-7.1838E-1	1.1858E2	2.9375E0	2.5104E6	
1408	-7.1861E-1	1.1824E2	2.9440E0	2.5126E6	
1409	-7.1609E-1	1.2197E2	2.9505E0	2.5148E6	
1410	-7.1762E-1	1.1971E2	2.9571E0	2.5170E6	
1411	-7.1655E-1	1.2129E2	2.9636E0	2.5193E6	
1412	-7.1915E-1	1.1744E2	2.9701E0	2.5215E6	
1413	-7.1854E-1	1.1835E2	2.9766E0	2.5237E6	
1414	-7.1877E-1	1.1801E2	2.9832E0	2.5259E6	
1415	-7.1899E-1	1.1767E2	2.9897E0	2.5281E6	
1416	-7.1831E-1	1.1869E2	2.9963E0	2.5304E6	
1417	-7.2174E-1	1.1359E2	3.0029E0	2.5326E6	
1418	-7.1960E-1	1.1676E2	3.0094E0	2.5348E6	
1419	-7.1953E-1	1.1688E2	3.0158E0	2.5370E6	
1420	-7.2235E-1	1.1269E2	3.0225E0	2.5392E6	
1421	-7.2075E-1	1.1507E2	3.0291E0	2.5415E6	
1422	-7.2113E-1	1.1450E2	3.0356E0	2.5437E6	
1423	-7.1945E-1	1.1699E2	3.0422E0	2.5459E6	
1424	-7.2105E-1	1.1461E2	3.0488E0	2.5481E6	
1425	-7.2006E-1	1.1608E2	3.0553E0	2.5503E6	
1426	-7.2060E-1	1.1529E2	3.0619E0	2.5526E6	
1427	-7.2197E-1	1.1325E2	3.0685E0	2.5548E6	
1428	-7.2380E-1	1.1054E2	3.0751E0	2.5570E6	
1429	-7.1808E-1	1.1903E2	3.0817E0	2.5592E6	
1430	-7.1945E-1	1.1699E2	3.0883E0	2.5614E6	
1431	-7.2258E-1	1.1235E2	3.0949E0	2.5637E6	
1432	-7.2189E-1	1.1337E2	3.1016E0	2.5659E6	
1433	-7.2052E-1	1.1541E2	3.1081E0	2.5681E6	
1434	-7.2525E-1	1.0839E2	3.1148E0	2.5703E6	
1435	-7.2182E-1	1.1348E2	3.1214E0	2.5725E6	
1436	-7.2449E-1	1.0952E2	3.1280E0	2.5748E6	
1437	-7.2433E-1	1.0974E2	3.1347E0	2.5770E6	
1438	-7.2166E-1	1.1371E2	3.1413E0	2.5792E6	
1439	-7.2472E-1	1.0918E2	3.1480E0	2.5814E6	
1440	-7.2365E-1	1.1076E2	3.1545E0	2.5836E6	
1441	-7.2289E-1	1.1190E2	3.1612E0	2.5859E6	
1442	-7.2090E-1	1.1484E2	3.1679E0	2.5881E6	
1443	-7.2380E-1	1.1054E2	3.1745E0	2.5903E6	
1444	-7.2487E-1	1.0895E2	3.1812E0	2.5925E6	
1445	-7.2502E-1	1.0873E2	3.1878E0	2.5947E6	
1446	-7.2350E-1	1.1099E2	3.1946E0	2.5970E6	
1447	-7.2464E-1	1.0929E2	3.2013E0	2.5992E6	
1448	-7.2601E-1	1.0725E2	3.2079E0	2.6014E6	
1449	-7.2662E-1	1.0635E2	3.2146E0	2.6036E6	
1450	-7.2571E-1	1.0771E2	3.2212E0	2.6058E6	
1451	-7.2670E-1	1.0623E2	3.2279E0	2.6081E6	
1452	-7.2655E-1	1.0646E2	3.2347E0	2.6103E6	
1453	-7.2617E-1	1.0703E2	3.2413E0	2.6125E6	
1454	-7.2632E-1	1.0680E2	3.2481E0	2.6147E6	
1455	-7.2746E-1	1.0510E2	3.2547E0	2.6169E6	
1456	-7.2701E-1	1.0578E2	3.2615E0	2.6192E6	
1457	-7.2701E-1	1.0578E2	3.2682E0	2.6214E6	
1458	-7.2716E-1	1.0555E2	3.2749E0	2.6236E6	
1459	-7.3059E-1	1.0046E2	3.2816E0	2.6258E6	
1460	-7.2762E-1	1.0488E2	3.2884E0	2.6280E6	
1461	-7.2769E-1	1.0476E2	3.2951E0	2.6303E6	
1462	-7.3090E-1	1.0001E2	3.3018E0	2.6325E6	
1463	-7.3082E-1	1.0012E2	3.3086E0	2.6347E6	
1464	-7.2998E-1	1.0137E2	3.3153E0	2.6369E6	
1465	-7.2975E-1	1.0171E2	3.3221E0	2.6391E6	
1466	-7.3013E-1	1.0114E2	3.3289E0	2.6414E6	
1467	-7.2922E-1	1.0250E2	3.3357E0	2.6436E6	
1468	-7.3013E-1	1.0114E2	3.3424E0	2.6458E6	
1469	-7.2968E-1	1.0182E2	3.3490E0	2.6480E6	
1470	-7.3242E-1	9.7742E1	3.3558E0	2.6502E6	
1471	-7.2937E-1	1.0227E2	3.3627E0	2.6525E6	
1472	-7.3044E-1	1.0069E2	3.3694E0	2.6547E6	
1473	-7.2922E-1	1.0250E2	3.3762E0	2.6569E6	
1474	-7.3196E-1	9.8422E1	3.3829E0	2.6591E6	
1475	-7.3059E-1	1.0046E2	3.3898E0	2.6613E6	
1476	-7.3235E-1	9.7855E1	3.3966E0	2.6636E6	
1477	-7.3029E-1	1.0091E2	3.4033E0	2.6658E6	
1478	-7.3334E-1	9.6383E1	3.4100E0	2.6680E6	
1479	-7.3448E-1	9.4685E1	3.4169E0	2.6702E6	
1480	-7.3051E-1	1.0057E2	3.4236E0	2.6724E6	
1481	-7.3212E-1	9.8195E1	3.4306E0	2.6747E6	
1482	-7.3318E-1	9.6610E1	3.4373E0	2.6769E6	
1483	-7.3143E-1	9.9214E1	3.4442E0	2.6791E6	
1484	-7.3349E-1	9.6157E1	3.4510E0	2.6813E6	
1485	-7.3448E-1	9.4685E1	3.4579E0	2.6835E6	
1486	-7.3364E-1	9.5931E1	3.4646E0	2.6858E6	
1487	-7.3174E-1	9.8761E1	3.4715E0	2.6880E6	
1488	-7.3524E-1	9.3553E1	3.4782E0	2.6902E6	
1489	-7.3265E-1	9.7402E1	3.4851E0	2.6924E6	
1490	-7.3502E-1	9.3892E1	3.4920E0	2.6946E6	
1491	-7.3479E-1	9.4232E1	3.4988E0	2.6969E6	
1492	-7.3143E-1	9.9214E1	3.5057E0	2.6991E6	
1493	-7.3250E-1	9.7629E1	3.5126E0	2.7013E6	
1494	-7.3456E-1	9.4572E1	3.5193E0	2.7035E6	
1495	-7.3586E-1	9.2647E1	3.5263E0	2.7057E6	
1496	-7.3463E-1	9.4459E1	3.5332E0	2.7080E6	
1497	-7.3608E-1	9.2307E1	3.5401E0	2.7102E6	
1498	-7.3318E-1	9.6610E1	3.5470E0	2.7124E6	
1499	-7.3380E-1	9.5704E1	3.5538E0	2.7146E6	
1500	-7.3448E-1	9.4685E1	3.5607E0	2.7168E6	
1501	-7.3463E-1	9.4459E1	3.5675E0	2.7191E6	
1502	-7.3570E-1	9.2873E1	3.5744E0	2.7213E6	
1503	-7.3692E-1	9.1062E1	3.5813E0	2.7235E6	
1504	-7.3570E-1	9.2873E1	3.5882E0	2.7257E6	
1505	-7.3601E-1	9.2421E1	3.5952E0	2.7279E6	
1506	-7.3700E-1	9.0949E1	3.6020E0	2.7302E6	
1507	-7.3845E-1	8.8797E1	3.6089E0	2.7324E6	
1508	-7.3799E-1	8.9477E1	3.6159E0	2.7346E6	
1509	-7.3830E-1	8.9024E1	3.6227E0	2.7368E6	
1510	-7.3784E-1	8.9703E1	3.6297E0	2.7390E6	
1511	-7.3814E-1	8.9250E1	3.6366E0	2.7413E6	
1512	-7.3708E-1	9.0835E1	3.6436E0	2.7435E6	
1513	-7.3746E-1	9.0269E1	3.6505E0	2.7457E6	
1514	-7.3639E-1	9.1854E1	3.6574E0	2.7479E6	
1515	-7.3807E-1	8.9363E1	3.6643E0	2.7501E6	
1516	-7.4028E-1	8.6080E1	3.6713E0	2.7524E6	
1517	-7.4104E-1	8.4948E1	3.6783E0	2.7546E6	
1518	-7.3929E-1	8.7552E1	3.6852E0	2.7568E6	
1519	-7.3914E-1	8.7778E1	3.6922E0	2.7590E6	
1520	-7.3730E-1	9.0496E1	3.6991E0	2.7612E6	
1521	-7.3929E-1	8.7552E1	3.7061E0	2.7635E6	
1522	-7.4173E-1	8.3929E1	3.7130E0	2.7657E6	
1523	-7.3990E-1	8.6646E1	3.7201E0	2.7679E6	
1524	-7.4280E-1	8.2343E1	3.7270E0	2.7701E6	
1525	-7.4173E-1	8.3929E1	3.7340E0	2.7723E6	
1526	-7.4257E-1	8.2683E1	3.7409E0	2.7746E6	
1527	-7.4158E-1	8.4155E1	3.7479E0	2.7768E6	
1528	-7.4280E-1	8.2343E1	3.7549E0	2.7790E6	
1529	-7.4066E-1	8.5514E1	3.7619E0	2.7812E6	
1530	-7.4203E-1	8.3476E1	3.7689E0	2.7834E6	
1531	-7.4402E-1	8.0532E1	3.7759E0	2.7857E6	
1532	-7.4257E-1	8.2683E1	3.7829E0	2.7879E6	
1533	-7.4356E-1	8.1211E1	3.7899E0	2.7901E6	
1534	-7.4318E-1	8.1777E1	3.7970E0	2.7923E6	
1535	-7.4249E-1	8.2796E1	3.8039E0	2.7945E6	
1536	-7.4364E-1	8.1098E1	3.8109E0	2.7968E6	
1537	-7.4394E-1	8.0645E1	3.8181E0	2.7990E6	
1538	-7.4272E-1	8.2457E1	3.8249E0	2.8012E6	
1539	-7.4257E-1	8.2683E1	3.8320E0	2.8034E6	
1540	-7.4089E-1	8.5174E1	3.8391E0	2.8056E6	
1541	-7.4539E-1	7.8494E1	3.8461E0	2.8079E6	
1542	-7.4493E-1	7.9173E1	3.8532E0	2.8101E6	
1543	-7.4524E-1	7.8720E1	3.8603E0	2.8123E6	
1544	-7.4402E-1	8.0532E1	3.8673E0	2.8145E6	
1545	-7.4493E-1	7.9173E1	3.8743E0	2.8167E6	
1546	-7.4364E-1	8.1098E1	3.8813E0	2.8190E6	
1547	-7.4745E-1	7.5437E1	3.8884E0	2.8212E6	
1548	-7.4638E-1	7.7022E1	3.8955E0	2.8234E6	
1549	-7.4585E-1	7.7814E1	3.9025E0	2.8256E6	
1550	-7.4577E-1	7.7928E1	3.9097E0	2.8278E6	
1551	-7.4638E-1	7.7022E1	3.9167E0	2.8301E6	
1552	-7.4646E-1	7.6909E1	3.9238E0	2.8323E6	
1553	-7.4852E-1	7.3852E1	3.9307E0	2.8345E6	
1554	-7.4684E-1	7.6342E1	3.9379E0	2.8367E6	
1555	-7.4593E-1	7.7701E1	3.9450E0	2.8389E6	
1556	-7.4890E-1	7.3285E1	3.9521E0	2.8412E6	
1557	-7.4738E-1	7.5550E1	3.9592E0	2.8434E6	
1558	-7.4646E-1	7.6909E1	3.9663E0	2.8456E6	
1559	-7.4738E-1	7.5550E1	3.9734E0	2.8478E6	
1560	-7.4448E-1	7.9852E1	3.9805E0	2.8500E6	
1561	-7.4677E-1	7.6456E1	3.9877E0	2.8523E6	
1562	-7.4600E-1	7.7588E1	3.9947E0	2.8545E6	
1563	-7.4638E-1	7.7022E1	4.0019E0	2.8567E6	
1564	-7.4654E-1	7.6795E1	4.0089E0	2.8589E6	
1565	-7.4860E-1	7.3738E1	4.0162E0	2.8611E6	
1566	-7.4928E-1	7.2719E1	4.0232E0	2.8634E6	
1567	-7.4852E-1	7.3852E1	4.0304E0	2.8656E6	
1568	-7.4905E-1	7.3059E1	4.0374E0	2.8678E6	
1569	-7.4905E-1	7.3059E1	4.0446E0	2.8700E6	
1570	-7.4974E-1	7.2040E1	4.0517E0	2.8722E6	
1571	-7.5165E-1	6.9209E1	4.0589E0	2.8745E6	
1572	-7.5035E-1	7.1134E1	4.0661E0	2.8767E6	
1573	-7.5188E-1	6.8870E1	4.0732E0	2.8789E6	
1574	-7.5066E-1	7.0681E1	4.0804E0	2.8811E6	
1575	-7.5256E-1	6.7851E1	4.0875E0	2.8833E6	
1576	-7.5127E-1	6.9775E1	4.0947E0	2.8856E6	
1577	-7.5134E-1	6.9662E1	4.1018E0	2.8878E6	
1578	-7.5264E-1	6.7737E1	4.1090E0	2.8900E6	
1579	-7.5310E-1	6.7058E1	4.1162E0	2.8922E6	
1580	-7.5386E-1	6.5926E1	4.1233E0	2.8944E6	
1581	-7.5333E-1	6.6718E1	4.1306E0	2.8967E6	
1582	-7.5226E-1	6.8303E1	4.1377E0	2.8989E6	
1583	-7.5104E-1	7.0115E1	4.1449E0	2.9011E6	
1584	-7.5241E-1	6.8077E1	4.1521E0	2.9033E6	
1585	-7.5340E-1	6.6605E1	4.1593E0	2.9055E6	
1586	-7.5325E-1	6.6832E1	4.1665E0	2.9078E6	
1587	-7.5470E-1	6.4680E1	4.1737E0	2.9100E6	
1588	-7.5523E-1	6.3888E1	4.1809E0	2.9122E6	
1589	-7.5333E-1	6.6718E1	4.1881E0	2.9144E6	
1590	-7.5539E-1	6.3661E1	4.1953E0	2.9166E6	
1591	-7.5554E-1	6.3435E1	4.2026E0	2.9189E6	
1592	-7.5645E-1	6.2076E1	4.2098E0	2.9211E6	
1593	-7.5523E-1	6.3888E1	4.2169E0	2.9233E6	
1594	-7.5752E-1	6.0491E1	4.2242E0	2.9255E6	
1595	-7.5569E-1	6.3208E1	4.2314E0	2.9277E6	
1596	-7.5706E-1	6.1170E1	4.2386E0	2.9300E6	
1597	-7.5653E-1	6.1963E1	4.2460E0	2.9322E6	
1598	-7.5661E-1	6.1850E1	4.2531E0	2.9344E6	
1599	-7.5500E-1	6.4227E1	4.2604E0	2.9366E6	
1600	-7.5600E-1	6.2755E1	4.2677E0	2.9388E6	
1601	-7.5600E-1	6.2755E1	4.2748E0	2.9411E6	
1602	-7.5928E-1	5.7887E1	4.2820E0	2.9433E6	
1603	-7.5798E-1	5.9812E1	4.2893E0	2.9455E6	
1604	-7.5714E-1	6.1057E1	4.2966E0	2.9477E6	
1605	-7.5920E-1	5.8000E1	4.3039E0	2.9499E6	
1606	-7.5829E-1	5.9359E1	4.3110E0	2.9522E6	
1607	-7.5836E-1	5.9245E1	4.3183E0	2.9544E6	
1608	-7.5691E-1	6.1397E1	4.3256E0	2.9566E6	
1609	-7.5905E-1	5.8226E1	4.3329E0	2.9588E6	
1610	-7.5768E-1	6.0264E1	4.3400E0	2.9610E6	
1611	-7.6073E-1	5.5735E1	4.3474E0	2.9633E6	
1612	-7.6035E-1	5.6302E1	4.3547E0	2.9655E6	
1613	-7.5821E-1	5.9472E1	4.3620E0	2.9677E6	
1614	-7.5829E-1	5.9359E1	4.3693E0	2.9699E6	
1615	-7.6126E-1	5.4943E1	4.3766E0	2.9721E6	
1616	-7.5851E-1	5.9019E1	4.3839E0	2.9744E6	
1617	-7.6241E-1	5.3244E1	4.3912E0	2.9766E6	
1618	-7.6225E-1	5.3471E1	4.3984E0	2.9788E6	
1619	-7.5745E-1	6.0604E1	4.4057E0	2.9810E6	
1620	-7.6111E-1	5.5169E1	4.4130E0	2.9832E6	
1621	-7.5951E-1	5.7547E1	4.4204E0	2.9855E6	
1622	-7.6393E-1	5.0980E1	4.4277E0	2.9877E6	
1623	-7.5981E-1	5.7094E1	4.4350E0	2.9899E6	
1624	-7.6233E-1	5.3358E1	4.4423E0	2.9921E6	
1625	-7.6035E-1	5.6302E1	4.4495E0	2.9943E6	
1626	-7.6202E-1	5.3811E1	4.4569E0	2.9966E6	
1627	-7.6157E-1	5.4490E1	4.4643E0	2.9988E6	
1628	-7.6286E-1	5.2565E1	4.4716E0	3.0010E6	
1629	-7.6080E-1	5.5622E1	4.4790E0	3.0032E6	
1630	-7.6263E-1	5.2905E1	4.4862E0	3.0054E6	
1631	-7.6271E-1	5.2792E1	4.4936E0	3.0077E6	
1632	-7.6141E-1	5.4716E1	4.5009E0	3.0099E6	
1633	-7.6424E-1	5.0527E1	4.5082E0	3.0121E6	
1634	-7.6424E-1	5.0527E1	4.5156E0	3.0143E6	
1635	-7.6469E-1	4.9848E1	4.5230E0	3.0165E6	
1636	-7.6447E-1	5.0187E1	4.5303E0	3.0188E6	
1637	-7.6439E-1	5.0301E1	4.5377E0	3.0210E6	
1638	-7.6561E-1	4.8489E1	4.5449E0	3.0232E6	
1639	-7.6576E-1	4.8263E1	4.5523E0	3.0254E6	
1640	-7.6447E-1	5.0187E1	4.5596E0	3.0276E6	
1641	-7.6584E-1	4.8149E1	4.5670E0	3.0299E6	
1642	-7.6637E-1	4.7357E1	4.5744E0	3.0321E6	
1643	-7.6660E-1	4.7017E1	4.5817E0	3.0343E6	
1644	-7.6721E-1	4.6111E1	4.5891E0	3.0365E6	
1645	-7.6797E-1	4.4979E1	4.5965E0	3.0387E6	
1646	-7.6691E-1	4.6564E1	4.6038E0	3.0410E6	
1647	-7.6683E-1	4.6677E1	4.6112E0	3.0432E6	
1648	-7.6920E-1	4.3167E1	4.6186E0	3.0454E6	
1649	-7.6828E-1	4.4526E1	4.6259E0	3.0476E6	
1650	-7.6866E-1	4.3960E1	4.6333E0	3.0498E6	
1651	-7.6828E-1	4.4526E1	4.6407E0	3.0521E6	
1652	-7.6912E-1	4.3281E1	4.6481E0	3.0543E6	
1653	-7.6775E-1	4.5319E1	4.6555E0	3.0565E6	
1654	-7.6942E-1	4.2828E1	4.6628E0	3.0587E6	
1655	-7.6866E-1	4.3960E1	4.6703E0	3.0609E6	
1656	-7.6988E-1	4.2148E1	4.6776E0	3.0632E6	
1657	-7.6935E-1	4.2941E1	4.6851E0	3.0654E6	
1658	-7.7034E-1	4.1469E1	4.6923E0	3.0676E6	
1659	-7.6950E-1	4.2714E1	4.6997E0	3.0698E6	
1660	-7.7248E-1	3.8299E1	4.7071E0	3.0720E6	
1661	-7.6973E-1	4.2375E1	4.7146E0	3.0743E6	
1662	-7.7179E-1	3.9318E1	4.7219E0	3.0765E6	
1663	-7.7202E-1	3.8978E1	4.7294E0	3.0787E6	
1664	-7.7133E-1	3.9997E1	4.7368E0	3.0809E6	
1665	-7.7232E-1	3.8525E1	4.7443E0	3.0831E6	
1666	-7.7339E-1	3.6940E1	4.7516E0	3.0854E6	
1667	-7.7103E-1	4.0450E1	4.7590E0	3.0876E6	
1668	-7.7026E-1	4.1582E1	4.7663E0	3.0898E6	
1669	-7.7301E-1	3.7506E1	4.7738E0	3.0920E6	
1670	-7.7164E-1	3.9544E1	4.7812E0	3.0942E6	
1671	-7.7087E-1	4.0676E1	4.7886E0	3.0965E6	
1672	-7.7217E-1	3.8752E1	4.7960E0	3.0987E6	
1673	-7.7446E-1	3.5355E1	4.8034E0	3.1009E6	
1674	-7.7217E-1	3.8752E1	4.8108E0	3.1031E6	
1675	-7.7454E-1	3.5242E1	4.8183E0	3.1053E6	
1676	-7.7515E-1	3.4336E1	4.8257E0	3.1076E6	
1677	-7.7263E-1	3.8072E1	4.8331E0	3.1098E6	
1678	-7.7385E-1	3.6261E1	4.8405E0	3.1120E6	
1679	-7.7515E-1	3.4336E1	4.8480E0	3.1142E6	
1680	-7.7400E-1	3.6034E1	4.8554E0	3.1164E6	
1681	-7.7614E-1	3.2864E1	4.8628E0	3.1187E6	
1682	-7.7499E-1	3.4562E1	4.8703E0	3.1209E6	
1683	-7.7339E-1	3.6940E1	4.8777E0	3.1231E6	
1684	-7.7522E-1	3.4223E1	4.8851E0	3.1253E6	
1685	-7.7415E-1	3.5808E1	4.8926E0	3.1275E6	
1686	-7.7385E-1	3.6261E1	4.9000E0	3.1298E6	
1687	-7.7713E-1	3.1392E1	4.9075E0	3.1320E6	
1688	-7.7568E-1	3.3543E1	4.9148E0	3.1342E6	
1689	-7.7713E-1	3.1392E1	4.9224E0	3.1364E6	
1690	-7.7797E-1	3.0146E1	4.9297E0	3.1386E6	
1691	-7.7721E-1	3.1279E1	4.9373E0	3.1409E6	
1692	-7.7560E-1	3.3656E1	4.9447E0	3.1431E6	
1693	-7.7858E-1	2.9241E1	4.9521E0	3.1453E6	
1694	-7.7736E-1	3.1052E1	4.9596E0	3.1475E6	
1695	-7.7942E-1	2.7995E1	4.9671E0	3.1497E6	
1696	-7.7751E-1	3.0826E1	4.9745E0	3.1520E6	
1697	-7.7690E-1	3.1732E1	4.9820E0	3.1542E6	
1698	-7.7744E-1	3.0939E1	4.9894E0	3.1564E6	
1699	-7.7980E-1	2.7429E1	4.9969E0	3.1586E6	
1700	-7.7850E-1	2.9354E1	5.0044E0	3.1608E6	
1701	-7.7972E-1	2.7542E1	5.0118E0	3.1631E6	
1702	-7.7911E-1	2.8448E1	5.0193E0	3.1653E6	
1703	-7.7950E-1	2.7882E1	5.0268E0	3.1675E6	
1704	-7.7950E-1	2.7882E1	5.0342E0	3.1697E6	
1705	-7.7911E-1	2.8448E1	5.0417E0	3.1719E6	
1706	-7.7896E-1	2.8674E1	5.0492E0	3.1742E6	
1707	-7.8064E-1	2.6183E1	5.0567E0	3.1764E6	
1708	-7.8110E-1	2.5504E1	5.0642E0	3.1786E6	
1709	-7.7980E-1	2.7429E1	5.0716E0	3.1808E6	
1710	-7.8087E-1	2.5844E1	5.0790E0	3.1830E6	
1711	-7.8209E-1	2.4032E1	5.0865E0	3.1853E6	
1712	-7.8094E-1	2.5731E1	5.0941E0	3.1875E6	
1713	-7.8171E-1	2.4598E1	5.1015E0	3.1897E6	
1714	-7.8522E-1	1.9390E1	5.1090E0	3.1919E6	
1715	-7.8072E-1	2.6070E1	5.1165E0	3.1941E6	
1716	-7.8323E-1	2.2334E1	5.1240E0	3.1964E6	
1717	-7.8270E-1	2.3126E1	5.1314E0	3.1986E6	
1718	-7.8461E-1	2.0296E1	5.1389E0	3.2008E6	
1719	-7.8476E-1	2.0069E1	5.1464E0	3.2030E6	
1720	-7.8575E-1	1.8597E1	5.1540E0	3.2052E6	
1721	-7.8667E-1	1.7239E1	5.1615E0	3.2075E6	
1722	-7.8453E-1	2.0409E1	5.1688E0	3.2097E6	
1723	-7.8331E-1	2.2221E1	5.1764E0	3.2119E6	
1724	-7.8514E-1	1.9503E1	5.1838E0	3.2141E6	
1725	-7.8476E-1	2.0069E1	5.1914E0	3.2163E6	
1726	-7.8453E-1	2.0409E1	5.1989E0	3.2186E6	
1727	-7.8346E-1	2.1994E1	5.2063E0	3.2208E6	
1728	-7.8499E-1	1.9730E1	5.2138E0	3.2230E6	
1729	-7.8575E-1	1.8597E1	5.2214E0	3.2252E6	
1730	-7.8522E-1	1.9390E1	5.2288E0	3.2274E6	
1731	-7.8552E-1	1.8937E1	5.2363E0	3.2297E6	
1732	-7.8522E-1	1.9390E1	5.2439E0	3.2319E6	
1733	-7.8491E-1	1.9843E1	5.2512E0	3.2341E6	
1734	-7.8644E-1	1.7578E1	5.2588E0	3.2363E6	
1735	-7.8690E-1	1.6899E1	5.2663E0	3.2385E6	
1736	-7.8728E-1	1.6333E1	5.2737E0	3.2408E6	
1737	-7.8697E-1	1.6786E1	5.2813E0	3.2430E6	
1738	-7.8575E-1	1.8597E1	5.2887E0	3.2452E6	
1739	-7.8705E-1	1.6673E1	5.2962E0	3.2474E6	
1740	-7.8705E-1	1.6673E1	5.3036E0	3.2496E6	
1741	-7.8712E-1	1.6559E1	5.3113E0	3.2519E6	
1742	-7.8850E-1	1.4521E1	5.3186E0	3.2541E6	
1743	-7.8812E-1	1.5087E1	5.3261E0	3.2563E6	
1744	-7.8896E-1	1.3842E1	5.3336E0	3.2585E6	
1745	-7.9033E-1	1.1804E1	5.3412E0	3.2607E6	
1746	-7.8857E-1	1.4408E1	5.3487E0	3.2630E6	
1747	-7.9048E-1	1.1577E1	5.3563E0	3.2652E6	
1748	-7.8880E-1	1.4068E1	5.3637E0	3.2674E6	
1749	-7.9010E-1	1.2144E1	5.3712E0	3.2696E6	
1750	-7.8682E-1	1.7012E1	5.3786E0	3.2718E6	
1751	-7.9063E-1	1.1351E1	5.3861E0	3.2741E6	
1752	-7.8957E-1	1.2936E1	5.3937E0	3.2763E6	
1753	-7.9124E-1	1.0445E1	5.4011E0	3.2785E6	
1754	-7.9208E-1	9.1996E0	5.4086E0	3.2807E6	
1755	-7.9338E-1	7.2748E0	5.4161E0	3.2829E6	
1756	-7.9102E-1	1.0785E1	5.4236E0	3.2852E6	
1757	-7.9071E-1	1.1238E1	5.4311E0	3.2874E6	
1758	-7.8979E-1	1.2596E1	5.4386E0	3.2896E6	
1759	-7.9056E-1	1.1464E1	5.4461E0	3.2918E6	
1760	-7.9185E-1	9.5393E0	5.4536E0	3.2940E6	
1761	-7.9277E-1	8.1806E0	5.4611E0	3.2963E6	
1762	-7.9369E-1	6.8219E0	5.4686E0	3.2985E6	
1763	-7.9292E-1	7.9541E0	5.4760E0	3.3007E6	
1764	-7.9399E-1	6.3690E0	5.4836E0	3.3029E6	
1765	-7.9216E-1	9.0864E0	5.4911E0	3.3051E6	
1766	-7.9353E-1	7.0483E0	5.4986E0	3.3074E6	
1767	-7.9346E-1	7.1616E0	5.5062E0	3.3096E6	
1768	-7.9651E-1	2.6325E0	5.5135E0	3.3118E6	
1769	-7.9437E-1	5.8029E0	5.5211E0	3.3140E6	
1770	-7.9269E-1	8.2938E0	5.5286E0	3.3162E6	
1771	-7.9651E-1	2.6325E0	5.5361E0	3.3185E6	
1772	-7.9704E-1	1.8400E0	5.5437E0	3.3207E6	
1773	-7.9674E-1	2.2929E0	5.5513E0	3.3229E6	
1774	-7.9742E-1	1.2738E0	5.5568E0	3.3246E6	
1775	-7.9742E-1	1.2738E0	5.5568E0	3.3246E6	
1776	-7.9742E-1	1.2738E0	5.5568E0	3.3246E6	
1777	-7.9742E-1	1.2738E0	5.5568E0	3.3246E6	
1778	-7.9742E-1	1.2738E0	5.5568E0	3.3246E6	
1779	-7.9742E-1	1.2738E0	5.5568E0	3.3246E6	
1780	-7.9742E-1	1.2738E0	5.5568E0	3.3246E6	
1781	-7.9742E-1	1.2738E0	5.5568E0	3.3246E6	
1782	-7.9742E-1	1.2738E0	5.5568E0	3.3246E6	
1783	-7.9742E-1	1.2738E0	5.5568E0	3.3246E6	
1784	-7.9742E-1	1.2738E0	5.5568E0	3.3246E6	
1785	-7.9742E-1	1.2738E0	5.5568E0	3.3246E6	
1786	-7.9742E-1	1.2738E0	5.5568E0	3.3246E6	
1787	-7.9742E-1	1.2738E0	5.5568E0	3.3246E6	
1788	-7.9742E-1	1.2738E0	5.5568E0	3.3246E6	
1789	-7.9742E-1	1.2738E0	5.5568E0	3.3246E6	
1790	-7.9742E-1	1.2738E0	5.5568E0	3.3246E6	
1791	-7.9742E-1	1.2738E0	5.5568E0	3.3246E6	
1792	-7.9742E-1	1.2738E0	5.5568E0	3.3246E6	
1793	-7.9742E-1	1.2738E0	5.5568E0	3.3246E6	
1794	-7.9742E-1	1.2738E0	5.5568E0	3.3246E6	
1795	-7.9742E-1	1.2738E0	5.5568E0	3.3246E6	
1796	-7.9742E-1	1.2738E0	5.5568E0	3.3246E6	
1797	-7.9742E-1	1.2738E0	5.5568E0	3.3246E6	
1798	-7.9742E-1	1.2738E0	5.5568E0	3.3246E6	
1799	-7.9742E-1	1.2738E0	5.5568E0	3.3246E6	
1800	-7.9742E-1	1.2738E0	5.5568E0	3.3246E6	
1801	-7.9742E-1	1.2738E0	5.5568E0	3.3246E6	
1802	-7.9742E-1	1.2738E0	5.5568E0	3.3246E6	
1803	-7.9742E-1	1.2738E0	5.5568E0	3.3246E6	
1804	-7.9742E-1	1.2738E0	5.5568E0	3.3246E6	
1805	-7.9742E-1	1.2738E0	5.5568E0	3.3246E6	
1806	-7.9742E-1	1.2738E0	5.5568E0	3.3246E6	
1807	-7.9742E-1	1.2738E0	5.5568E0	3.3246E6	
1808	-7.9742E-1	1.2738E0	5.5568E0	3.3246E6	
1809	-7.9742E-1	1.2738E0	5.5568E0	3.3246E6	
1810	-7.9742E-1	1.2738E0	5.5568E0	3.3246E6	
1811	-7.9742E-1	1.2738E0	5.5568E0	3.3246E6	
1812	-7.9742E-1	1.2738E0	5.5568E0	3.3246E6	
1813	-7.9742E-1	1.2738E0	5.5568E0	3.3246E6	
1814	-7.9742E-1	1.2738E0	5.5568E0	3.3246E6	
1815	-7.9742E-1	1.2738E0	5.5568E0	3.3246E6	
1816	-7.9742E-1	1.2738E0	5.5568E0	3.3246E6	
1817	-7.9742E-1	1.2738E0	5.5568E0	3.3246E6	
1818	-7.9742E-1	1.2738E0	5.5568E0	3.3246E6	
1819	-7.9742E-1	1.2738E0	5.5568E0	3.3246E6	
1820	-7.9742E-1	1.2738E0	5.5568E0	3.3246E6	
1821	-7.9742E-1	1.2738E0	5.5568E0	3.3246E6	
1822	-7.9742E-1	1.2738E0	5.5568E0	3.3246E6	
1823	-7.9742E-1	1.2738E0	5.5568E0	3.3246E6	
1824	-7.9742E-1	1.2738E0	5.5568E0	3.3246E6	
1825	-7.9742E-1	1.2738E0	5.5568E0	3.3246E6	
1826	-7.9742E-1	1.2738E0	5.5568E0	3.3246E6	
1827	-7.9742E-1	1.2738E0	5.5568E0	3.3246E6	
1828	-7.9742E-1	1.2738E0	5.5568E0	3.3246E6	
1829	-7.9742E-1	1.2738E0	5.5568E0	3.3246E6	
1830	-7.9742E-1	1.2738E0	5.5568E0	3.3246E6	
1831	-7.9742E-1	1.2738E0	5.5568E0	3.3246E6	
1832	-7.9742E-1	1.2738E0	5.5568E0	3.3246E6	
1833	-7.9742E-1	1.2738E0	5.5568E0	3.3246E6	
1834	-7.9742E-1	1.2738E0	5.5568E0	3.3246E6	
1835	-7.9742E-1	1.2738E0	5.5568E0	3.3246E6	
1836	-7.9742E-1	1.2738E0	5.5568E0	3.3246E6	
1837	-7.9742E-1	1.2738E0	5.5568E0	3.3246E6	
1838	-7.9742E-1	1.2738E0	5.5568E0	3.3246E6	
1839	-7.9742E-1	1.2738E0	5.5568E0	3.3246E6	
1840	-7.9742E-1	1.2738E0	5.5568E0	3.3246E6	
1841	-7.9742E-1	1.2738E0	5.5568E0	3.3246E6	
1842	-7.9742E-1	1.2738E0	5.5568E0	3.3246E6	
1843	-7.9742E-1	1.2738E0	5.5568E0	3.3246E6	
1844	-7.9742E-1	1.2738E0	5.5568E0	3.3246E6	
1845	-7.9742E-1	1.2738E0	5.5568E0	3.3246E6	
1846	-7.9742E-1	1.2738E0	5.5568E0	3.3246E6	
1847	-7.9742E-1	1.2738E0	5.5568E0	3.3246E6	
1848	-7.9742E-1	1.2738E0	5.5568E0	3.3246E6	
1849	-7.9742E-1	1.2738E0	5.5568E0	3.3246E6	
1850	-7.9742E-1	1.2738E0	5.5568E0	3.3246E6	
1851	-7.9742E-1	1.2738E0	5.5568E0	3.3246E6	
1852	-7.9742E-1	1.2738E0	5.5568E0	3.3246E6	
1853	-7.9742E-1	1.2738E0	5.5568E0	3.3246E6	
1854	-7.9742E-1	1.2738E0	5.5568E0	3.3246E6	
1855	-7.9742E-1	1.2738E0	5.5568E0	3.3246E6	
1856	-7.9742E-1	1.2738E0	5.5568E0	3.3246E6	
1857	-7.9742E-1	1.2738E0	5.5568E0	3.3246E6	
1858	-7.9742E-1	1.2738E0	5.5568E0	3.3246E6	
1859	-7.9742E-1	1.2738E0	5.5568E0	3.3246E6	
1860	-7.9742E-1	1.2738E0	5.5568E0	3.3246E6	
1861	-7.9742E-1	1.2738E0	5.5568E0	3.3246E6	
1862	-7.9742E-1	1.2738E0	5.5568E0	3.3246E6	
1863	-7.9742E-1	1.2738E0	5.5568E0	3.3246E6	
1864	-7.9742E-1	1.2738E0	5.5568E0	3.3246E6	
1865	-7.9742E-1	1.2738E0	5.5568E0	3.3246E6	
1866	-7.9742E-1	1.2738E0	5.5568E0	3.3246E6	
1867	-7.9742E-1	1.2738E0	5.5568E0	3.3246E6	
1868	-7.9742E-1	1.2738E0	5.5568E0	3.3246E6	
1869	-7.9742E-1	1.2738E0	5.5568E0	3.3246E6	
1870	-7.9742E-1	1.2738E0	5.5568E0	3.3246E6	
1871	-7.9742E-1	1.2738E0	5.5568E0	3.3246E6	
1872	-7.9742E-1	1.2738E0	5.5568E0	3.3246E6	
1873	-7.9742E-1	1.2738E0	5.5568E0	3.3246E6	
1874	-7.9742E-1	1.2738E0	5.5568E0	3.3246E6	
1875	-7.9742E-1	1.2738E0	5.5568E0	3.3246E6	
1876	-7.9742E-1	1.2738E0	5.5568E0	3.3246E6	
1877	-7.9742E-1	1.2738E0	5.5568E0	3.3246E6	
1878	-7.9742E-1	1.2738E0	5.5568E0	3.3246E6	
1879	-7.9742E-1	1.2738E0	5.5568E0	3.3246E6	
1880	-7.9742E-1	1.2738E0	5.5568E0	3.3246E6	
1881	-7.9742E-1	1.2738E0	5.5568E0	3.3246E6	
1882	-7.9742E-1	1.2738E0	5.5568E0	3.3246E6	
1883	-7.9742E-1	1.2738E0	5.5568E0	3.3246E6	
1884	-7.9742E-1	1.2738E0	5.5568E0	3.3246E6	
1885	-7.9742E-1	1.2738E0	5.5568E0	3.3246E6	
1886	-7.9742E-1	1.2738E0	5.5568E0	3.3246E6	
1887	-7.9742E-1	1.2738E0	5.5568E0	3.3246E6	
1888	-7.9742E-1	1.2738E0	5.5568E0	3.3246E6	
1889	-7.9742E-1	1.2738E0	5.5568E0	3.3246E6	
1890	-7.9742E-1	1.2738E0	5.5568E0	3.3246E6	
1891	-7.9742E-1	1.2738E0	5.5568E0	3.3246E6	
1892	-7.9742E-1	1.2738E0	5.5568E0	3.3246E6	
1893	-7.9742E-1	1.2738E0	5.5568E0	3.3246E6	
1894	-7.9742E-1	1.2738E0	5.5568E0	3.3246E6	
1895	-7.9742E-1	1.2738E0	5.5568E0	3.3246E6	
1896	-7.9742E-1	1.2738E0	5.5568E0	3.3246E6	
1897	-7.9742E-1	1.2738E0	5.5568E0	3.3246E6	
1898	-7.9742E-1	1.2738E0	5.5568E0	3.3246E6	
1899	-7.9742E-1	1.2738E0	5.5568E0	3.3246E6	
1900	-7.9742E-1	1.2738E0	5.5568E0	3.3246E6	
1901	-7.9742E-1	1.2738E0	5.5568E0	3.3246E6	
1902	-7.9742E-1	1.2738E0	5.5568E0	3.3246E6	
1903	-7.9742E-1	1.2738E0	5.5568E0	3.3246E6	
1904	-7.9742E-1	1.2738E0	5.5568E0	3.3246E6	
1905	-7.9742E-1	1.2738E0	5.5568E0	3.3246E6	
1906	-7.9742E-1	1.2738E0	5.5568E0	3.3246E6	
1907	-7.9742E-1	1.2738E0	5.5568E0	3.3246E6	
1908	-7.9742E-1	1.2738E0	5.5568E0	3.3246E6	
1909	-7.9742E-1	1.2738E0	5.5568E0	3.3246E6	
1910	-7.9742E-1	1.2738E0	5.5568E0	3.3246E6	
1911	-7.9742E-1	1.2738E0	5.5568E0	3.3246E6	
1912	-7.9742E-1	1.2738E0	5.5568E0	3.3246E6	
1913	-7.9742E-1	1.2738E0	5.5568E0	3.3246E6	
1914	-7.9742E-1	1.2738E0	5.5568E0	3.3246E6	
1915	-7.9742E-1	1.2738E0	5.5568E0	3.3246E6	
1916	-7.9742E-1	1.2738E0	5.5568E0	3.3246E6	
1917	-7.9742E-1	1.2738E0	5.5568E0	3.3246E6	
1918	-7.9742E-1	1.2738E0	5.5568E0	3.3246E6	
1919	-7.9742E-1	1.2738E0	5.5568E0	3.3246E6	
1920	-7.9742E-1	1.2738E0	5.5568E0	3.3246E6	
1921	-7.9742E-1	1.2738E0	5.5568E0	3.3246E6	
1922	-7.9742E-1	1.2738E0	5.5568E0	3.3246E6	
1923	-7.9742E-1	1.2738E0	5.5568E0	3.3246E6	
1924	-7.9742E-1	1.2738E0	5.5568E0	3.3246E6	
1925	-7.9742E-1	1.2738E0	5.5568E0	3.3246E6	
1926	-7.9742E-1	1.2738E0	5.5568E0	3.3246E6	
1927	-7.9742E-1	1.2738E0	5.5568E0	3.3246E6	
1928	-7.9742E-1	1.2738E0	5.5568E0	3.3246E6	
1929	-7.9742E-1	1.2738E0	5.5568E0	3.3246E6	
1930	-7.9742E-1	1.2738E0	5.5568E0	3.3246E6	
1931	-7.9742E-1	1.2738E0	5.5568E0	3.3246E6	
1932	-7.9742E-1	1.2738E0	5.5568E0	3.3246E6	
1933	-7.9742E-1	1.2738E0	5.5568E0	3.3246E6	
1934	-7.9742E-1	1.2738E0	5.5568E0	3.3246E6	
1935	-7.9742E-1	1.2738E0	5.5568E0	3.3246E6	
1936	-7.9742E-1	1.2738E0	5.5568E0	3.3246E6	
1937	-7.9742E-1	1.2738E0	5.5568E0	3.3246E6	
1938	-7.9742E-1	1.2738E0	5.5568E0	3.3246E6	
1939	-7.9742E-1	1.2738E0	5.5568E0	3.3246E6	
1940	-7.9742E-1	1.2738E0	5.5568E0	3.3246E6	
1941	-7.9742E-1	1.2738E0	5.5568E0	3.3246E6	
1942	-7.9742E-1	1.2738E0	5.5568E0	3.3246E6	
1943	-7.9742E-1	1.2738E0	5.5568E0	3.3246E6	
1944	-7.9742E-1	1.2738E0	5.5568E0	3.3246E6	
1945	-7.9742E-1	1.2738E0	5.5568E0	3.3246E6	
1946	-7.9742E-1	1.2738E0	5.5568E0	3.3246E6	
1947	-7.9742E-1	1.2738E0	5.5568E0	3.3246E6	
1948	-7.9742E-1	1.2738E0	5.5568E0	3.3246E6	
1949	-7.9742E-1	1.2738E0	5.5568E0	3.3246E6	
1950	-7.9742E-1	1.2738E0	5.5568E0	3.3246E6	
1951	-7.9742E-1	1.2738E0	5.5568E0	3.3246E6	
1952	-7.9742E-1	1.2738E0	5.5568E0	3.3246E6	
1953	-7.9742E-1	1.2738E0	5.5568E0	3.3246E6	
1954	-7.9742E-1	1.2738E0	5.5568E0	3.3246E6	
1955	-7.9742E-1	1.2738E0	5.5568E0	3.3246E6	
1956	-7.9742E-1	1.2738E0	5.5568E0	3.3246E6	
1957	-7.9742E-1	1.2738E0	5.5568E0	3.3246E6	
1958	-7.9742E-1	1.2738E0	5.5568E0	3.3246E6	
1959	-7.9742E-1	1.2738E0	5.5568E0	3.3246E6	
1960	-7.9742E-1	1.2738E0	5.5568E0	3.3246E6	
1961	-7.9742E-1	1.2738E0	5.5568E0	3.3246E6	
1962	-7.9742E-1	1.2738E0	5.5568E0	3.3246E6	
1963	-7.9742E-1	1.2738E0	5.5568E0	3.3246E6	
1964	-7.9742E-1	1.2738E0	5.5568E0	3.3246E6	
1965	-7.9742E-1	1.2738E0	5.5568E0	3.3246E6	
1966	-7.9742E-1	1.2738E0	5.5568E0	3.3246E6	
1967	-7.9742E-1	1.2738E0	5.5568E0	3.3246E6	
1968	-7.9742E-1	1.2738E0	5.5568E0	3.3246E6	
1969	-7.9742E-1	1.2738E0	5.5568E0	3.3246E6	
1970	-7.9742E-1	1.2738E0	5.5568E0	3.3246E6	
1971	-7.9742E-1	1.2738E0	5.5568E0	3.3246E6	
1972	-7.9742E-1	1.2738E0	5.5568E0	3.3246E6	
1973	-7.9742E-1	1.2738E0	5.5568E0	3.3246E6	
1974	-7.9742E-1	1.2738E0	5.5568E0	3.3246E6	
1975	-7.9742E-1	1.2738E0	5.5568E0	3.3246E6	
1976	-7.9742E-1	1.2738E0	5.5568E0	3.3246E6	
1977	-7.9742E-1	1.2738E0	5.5568E0	3.3246E6	
1978	-7.9742E-1	1.2738E0	5.5568E0	3.3246E6	
1979	-7.9742E-1	1.2738E0	5.5568E0	3.3246E6	
1980	-7.9742E-1	1.2738E0	5.5568E0	3.3246E6	
1981	-7.9742E-1	1.2738E0	5.5568E0	3.3246E6	
1982	-7.9742E-1	1.2738E0	5.5568E0	3.3246E6	
1983	-7.9742E-1	1.2738E0	5.5568E0	3.3246E6	
1984	-7.9742E-1	1.2738E0	5.5568E0	3.3246E6	
1985	-7.9742E-1	1.2738E0	5.5568E0	3.3246E6	
1986	-7.9742E-1	1.2738E0	5.5568E0	3.3246E6	
1987	-7.9742E-1	1.2738E0	5.5568E0	3.3246E6	
1988	-7.9742E-1	1.2738E0	5.5568E0	3.3246E6	
1989	-7.9742E-1	1.2738E0	5.5568E0	3.3246E6	
1990	-7.9742E-1	1.2738E0	5.5568E0	3.3246E6	
1991	-7.9742E-1	1.2738E0	5.5568E0	3.3246E6	
1992	-7.9742E-1	1.2738E0	5.5568E0	3.3246E6	
1993	-7.9742E-1	1.2738E0	5.5568E0	3.3246E6	
1994	-7.9742E-1	1.2738E0	5.5568E0	3.3246E6	
1995	-7.9742E-1	1.2738E0	5.5568E0	3.3246E6	
1996	-7.9742E-1	1.2738E0	5.5568E0	3.3246E6	
1997	-7.9742E-1	1.2738E0	5.5568E0	3.3246E6	
1998	-7.9742E-1	1.2738E0	5.5568E0	3.3246E6	
1999	-7.9742E-1	1.2738E0	5.5568E0	3.3246E6	
2000	-7.9742E-1	1.2738E0	5.5568E0	3.3246E6	
2001	-7.9742E-1	1.2738E0	5.5568E0	3.3246E6	
2002	-7.9742E-1	1.2738E0	5.5568E0	3.3246E6	
2003	-7.9742E-1	1.2738E0	5.5568E0	3.3246E6	
2004	-7.9742E-1	1.2738E0	5.5568E0	3.3246E6	
2005	-7.9742E-1	1.2738E0	5.5568E0	3.3246E6	
2006	-7.9742E-1	1.2738E0	5.5568E0	3.3246E6	
2007	-7.9742E-1	1.2738E0	5.5568E0	3.3246E6	
2008	-7.9742E-1	1.2738E0	5.5568E0	3.3246E6	
2009	-7.9742E-1	1.2738E0	5.5568E0	3.3246E6	
2010	-7.9742E-1	1.2738E0	5.5568E0	3.3246E6	
2011	-7.9742E-1	1.2738E0	5.5568E0	3.3246E6	
2012	-7.9742E-1	1.2738E0	5.5568E0	3.3246E6	
2013	-7.9742E-1	1.2738E0	5.5568E0	3.3246E6	
2014	-7.9742E-1	1.2738E0	5.5568E0	3.3246E6	
2015	-7.9742E-1	1.2738E0	5.5568E0	3.3246E6	
2016	-7.9742E-1	1.2738E0	5.5568E0	3.3246E6	
2017	-7.9742E-1	1.2738E0	5.5568E0	3.3246E6	
2018	-7.9742E-1	1.2738E0	5.5568E0	3.3246E6	
2019	-7.9742E-1	1.2738E0	5.5568E0	3.3246E6	
2020	-7.9742E-1	1.2738E0	5.5568E0	3.3246E6	
2021	-7.9742E-1	1.2738E0	5.5568E0	3.3246E6	
2022	-7.9742E-1	1.2738E0	5.5568E0	3.3246E6	
2023	-7.9742E-1	1.2738E0	5.5568E0	3.3246E6	
2024	-7.9742E-1	1.2738E0	5.5568E0	3.3246E6	
2025	-7.9742E-1	1.2738E0	5.5568E0	3.3246E6	
2026	-7.9742E-1	1.2738E0	5.5568E0	3.3246E6	
2027	-7.9742E-1	1.2738E0	5.5568E0	3.3246E6	
2028	-7.9742E-1	1.2738E0	5.5568E0	3.3246E6	
2029	-7.9742E-1	1.2738E0	5.5568E0	3.3246E6	
2030	-7.9742E-1	1.2738E0	5.5568E0	3.3246E6	
2031	-7.9742E-1	1.2738E0	5.5568E0	3.3246E6	
2032	-7.9742E-1	1.2738E0	5.5568E0	3.3246E6	
2033	-7.9742E-1	1.2738E0	5.5568E0	3.3246E6	
2034	-7.9742E-1	1.2738E0	5.5568E0	3.3246E6	
2035	-7.9742E-1	1.2738E0	5.5568E0	3.3246E6	
2036	-7.9742E-1	1.2738E0	5.5568E0	3.3246E6	
2037	-7.9742E-1	1.2738E0	5.5568E0	3.3246E6	
2038	-7.9742E-1	1.2738E0	5.5568E0	3.3246E6	
2039	-7.9742E-1	1.2738E0	5.5568E0	3.3246E6	
2040	-7.9742E-1	1.2738E0	5.5568E0	3.3246E6	
2041	-7.9742E-1	1.2738E0	5.5568E0	3.3246E6	
2042	-7.9742E-1	1.2738E0	5.5568E0	3.3246E6	
2043	-7.9742E-1	1.2738E0	5.5568E0	3.3246E6	
2044	-7.9742E-1	1.2738E0	5.5568E0	3.3246E6	
2045	-7.9742E-1	1.2738E0	5.5568E0	3.3246E6	
2046	-7.9742E-1	1.2738E0	5.5568E0	3.3246E6	
2047	-7.9742E-1	1.2738E0	5.5568E0	3.3246E6	
2048	-7.9742E-1	1.2738E0	5.5568E0	3.3246E6	
