point 107
Index	Vertical (A-B)	Force	Z Height	Time Stamp	
     	V	nN	?m	?sec	
1	-8.2840E-1	9.9079E-1	6.3097E0	1.2000E2	
2	-8.2840E-1	9.9079E-1	6.3085E0	2.3400E3	
3	-8.2642E-1	3.9347E0	6.3060E0	4.5600E3	
4	-8.2741E-1	2.4627E0	6.3030E0	6.7800E3	
5	-8.2771E-1	2.0098E0	6.2998E0	9.0000E3	
6	-8.2756E-1	2.2363E0	6.2963E0	1.1220E4	
7	-8.2787E-1	1.7834E0	6.2927E0	1.3440E4	
8	-8.2855E-1	7.6434E-1	6.2888E0	1.5660E4	
9	-8.2726E-1	2.6892E0	6.2849E0	1.7880E4	
10	-8.2710E-1	2.9156E0	6.2808E0	2.0100E4	
11	-8.2947E-1	-5.9437E-1	6.2768E0	2.2320E4	
12	-8.2848E-1	8.7757E-1	6.2725E0	2.4540E4	
13	-8.2626E-1	4.1611E0	6.2683E0	2.6760E4	
14	-8.2909E-1	-2.8237E-2	6.2641E0	2.8980E4	
15	-8.2710E-1	2.9156E0	6.2597E0	3.1200E4	
16	-8.2581E-1	4.8405E0	6.2553E0	3.3420E4	
17	-8.2512E-1	5.8595E0	6.2508E0	3.5640E4	
18	-8.2680E-1	3.3685E0	6.2463E0	3.7860E4	
19	-8.2680E-1	3.3685E0	6.2418E0	4.0080E4	
20	-8.2497E-1	6.0860E0	6.2373E0	4.2300E4	
21	-8.2809E-1	1.4437E0	6.2327E0	4.4520E4	
22	-8.2657E-1	3.7082E0	6.2282E0	4.6740E4	
23	-8.2657E-1	3.7082E0	6.2235E0	4.8960E4	
24	-8.2588E-1	4.7272E0	6.2188E0	5.1180E4	
25	-8.2542E-1	5.4066E0	6.2142E0	5.3400E4	
26	-8.2542E-1	5.4066E0	6.2095E0	5.5620E4	
27	-8.2649E-1	3.8214E0	6.2048E0	5.7840E4	
28	-8.2657E-1	3.7082E0	6.2001E0	6.0060E4	
29	-8.2619E-1	4.2743E0	6.1953E0	6.2280E4	
30	-8.2596E-1	4.6140E0	6.1906E0	6.4500E4	
31	-8.2474E-1	6.4256E0	6.1858E0	6.6720E4	
32	-8.2443E-1	6.8785E0	6.1810E0	6.8940E4	
33	-8.2428E-1	7.1050E0	6.1762E0	7.1160E4	
34	-8.2359E-1	8.1240E0	6.1714E0	7.3380E4	
35	-8.2619E-1	4.2743E0	6.1665E0	7.5600E4	
36	-8.2428E-1	7.1050E0	6.1618E0	7.7820E4	
37	-8.2375E-1	7.8976E0	6.1569E0	8.0040E4	
38	-8.2458E-1	6.6521E0	6.1520E0	8.2260E4	
39	-8.2321E-1	8.6901E0	6.1472E0	8.4480E4	
40	-8.2359E-1	8.1240E0	6.1423E0	8.6700E4	
41	-8.2451E-1	6.7653E0	6.1374E0	8.8920E4	
42	-8.2359E-1	8.1240E0	6.1324E0	9.1140E4	
43	-8.2634E-1	4.0479E0	6.1275E0	9.3360E4	
44	-8.2245E-1	9.8224E0	6.1227E0	9.5580E4	
45	-8.2298E-1	9.0298E0	6.1177E0	9.7800E4	
46	-8.2230E-1	1.0049E1	6.1127E0	1.0002E5	
47	-8.2306E-1	8.9166E0	6.1077E0	1.0224E5	
48	-8.1985E-1	1.3672E1	6.1027E0	1.0446E5	
49	-8.2108E-1	1.1860E1	6.0978E0	1.0668E5	
50	-8.2329E-1	8.5769E0	6.0928E0	1.0890E5	
51	-8.2169E-1	1.0955E1	6.0878E0	1.1112E5	
52	-8.2405E-1	7.4447E0	6.0828E0	1.1334E5	
53	-8.2077E-1	1.2313E1	6.0777E0	1.1556E5	
54	-8.2222E-1	1.0162E1	6.0728E0	1.1778E5	
55	-8.2138E-1	1.1408E1	6.0677E0	1.2000E5	
56	-8.2283E-1	9.2563E0	6.0627E0	1.2222E5	
57	-8.2008E-1	1.3332E1	6.0577E0	1.2444E5	
58	-8.2069E-1	1.2427E1	6.0526E0	1.2666E5	
59	-8.2237E-1	9.9356E0	6.0476E0	1.2888E5	
60	-8.1985E-1	1.3672E1	6.0425E0	1.3110E5	
61	-8.2039E-1	1.2879E1	6.0375E0	1.3332E5	
62	-8.1970E-1	1.3899E1	6.0324E0	1.3554E5	
63	-8.2008E-1	1.3332E1	6.0272E0	1.3776E5	
64	-8.1978E-1	1.3785E1	6.0222E0	1.3998E5	
65	-8.2054E-1	1.2653E1	6.0171E0	1.4220E5	
66	-8.1985E-1	1.3672E1	6.0119E0	1.4442E5	
67	-8.1825E-1	1.6050E1	6.0067E0	1.4664E5	
68	-8.1825E-1	1.6050E1	6.0017E0	1.4886E5	
69	-8.2069E-1	1.2427E1	5.9965E0	1.5108E5	
70	-8.1680E-1	1.8201E1	5.9914E0	1.5330E5	
71	-8.1787E-1	1.6616E1	5.9863E0	1.5552E5	
72	-8.1688E-1	1.8088E1	5.9811E0	1.5774E5	
73	-8.1718E-1	1.7635E1	5.9760E0	1.5996E5	
74	-8.1802E-1	1.6389E1	5.9708E0	1.6218E5	
75	-8.1757E-1	1.7069E1	5.9657E0	1.6440E5	
76	-8.2115E-1	1.1747E1	5.9605E0	1.6662E5	
77	-8.1642E-1	1.8767E1	5.9553E0	1.6884E5	
78	-8.1703E-1	1.7861E1	5.9501E0	1.7106E5	
79	-8.1627E-1	1.8994E1	5.9449E0	1.7328E5	
80	-8.1604E-1	1.9333E1	5.9396E0	1.7550E5	
81	-8.1718E-1	1.7635E1	5.9344E0	1.7772E5	
82	-8.1650E-1	1.8654E1	5.9293E0	1.7994E5	
83	-8.1459E-1	2.1485E1	5.9240E0	1.8216E5	
84	-8.1772E-1	1.6842E1	5.9187E0	1.8438E5	
85	-8.1665E-1	1.8428E1	5.9135E0	1.8660E5	
86	-8.1627E-1	1.8994E1	5.9083E0	1.8882E5	
87	-8.1665E-1	1.8428E1	5.9030E0	1.9104E5	
88	-8.1627E-1	1.8994E1	5.8978E0	1.9326E5	
89	-8.1543E-1	2.0239E1	5.8925E0	1.9548E5	
90	-8.1429E-1	2.1938E1	5.8873E0	1.9770E5	
91	-8.1543E-1	2.0239E1	5.8820E0	1.9992E5	
92	-8.1505E-1	2.0805E1	5.8767E0	2.0214E5	
93	-8.1718E-1	1.7635E1	5.8714E0	2.0436E5	
94	-8.1467E-1	2.1371E1	5.8661E0	2.0658E5	
95	-8.1680E-1	1.8201E1	5.8609E0	2.0880E5	
96	-8.1612E-1	1.9220E1	5.8556E0	2.1102E5	
97	-8.1497E-1	2.0919E1	5.8503E0	2.1324E5	
98	-8.1451E-1	2.1598E1	5.8449E0	2.1546E5	
99	-8.1314E-1	2.3636E1	5.8396E0	2.1768E5	
100	-8.1528E-1	2.0466E1	5.8343E0	2.1990E5	
101	-8.1352E-1	2.3070E1	5.8290E0	2.2212E5	
102	-8.1451E-1	2.1598E1	5.8236E0	2.2434E5	
103	-8.1436E-1	2.1824E1	5.8182E0	2.2656E5	
104	-8.1215E-1	2.5108E1	5.8130E0	2.2878E5	
105	-8.1535E-1	2.0352E1	5.8076E0	2.3100E5	
106	-8.1093E-1	2.6919E1	5.8021E0	2.3322E5	
107	-8.1299E-1	2.3862E1	5.7968E0	2.3544E5	
108	-8.1390E-1	2.2504E1	5.7914E0	2.3766E5	
109	-8.1253E-1	2.4542E1	5.7862E0	2.3988E5	
110	-8.1169E-1	2.5787E1	5.7807E0	2.4210E5	
111	-8.1261E-1	2.4429E1	5.7753E0	2.4432E5	
112	-8.1078E-1	2.7146E1	5.7699E0	2.4654E5	
113	-8.1352E-1	2.3070E1	5.7645E0	2.4876E5	
114	-8.1306E-1	2.3749E1	5.7591E0	2.5098E5	
115	-8.1413E-1	2.2164E1	5.7537E0	2.5320E5	
116	-8.1154E-1	2.6014E1	5.7482E0	2.5542E5	
117	-8.1299E-1	2.3862E1	5.7428E0	2.5764E5	
118	-8.1055E-1	2.7486E1	5.7374E0	2.5986E5	
119	-8.1184E-1	2.5561E1	5.7320E0	2.6208E5	
120	-8.1017E-1	2.8052E1	5.7265E0	2.6430E5	
121	-8.1200E-1	2.5334E1	5.7210E0	2.6652E5	
122	-8.1200E-1	2.5334E1	5.7156E0	2.6874E5	
123	-8.1024E-1	2.7939E1	5.7101E0	2.7096E5	
124	-8.1139E-1	2.6240E1	5.7047E0	2.7318E5	
125	-8.0887E-1	2.9977E1	5.6993E0	2.7540E5	
126	-8.1154E-1	2.6014E1	5.6937E0	2.7762E5	
127	-8.1207E-1	2.5221E1	5.6882E0	2.7984E5	
128	-8.1169E-1	2.5787E1	5.6827E0	2.8206E5	
129	-8.0864E-1	3.0316E1	5.6773E0	2.8428E5	
130	-8.0971E-1	2.8731E1	5.6717E0	2.8650E5	
131	-8.0925E-1	2.9410E1	5.6663E0	2.8872E5	
132	-8.0765E-1	3.1788E1	5.6607E0	2.9094E5	
133	-8.0894E-1	2.9863E1	5.6552E0	2.9316E5	
134	-8.0757E-1	3.1901E1	5.6498E0	2.9538E5	
135	-8.0971E-1	2.8731E1	5.6442E0	2.9760E5	
136	-8.0688E-1	3.2920E1	5.6388E0	2.9982E5	
137	-8.0559E-1	3.4845E1	5.6331E0	3.0204E5	
138	-8.1093E-1	2.6919E1	5.6276E0	3.0426E5	
139	-8.0650E-1	3.3487E1	5.6221E0	3.0648E5	
140	-8.0688E-1	3.2920E1	5.6164E0	3.0870E5	
141	-8.0772E-1	3.1675E1	5.6109E0	3.1092E5	
142	-8.0727E-1	3.2354E1	5.6053E0	3.1314E5	
143	-8.0620E-1	3.3939E1	5.5998E0	3.1536E5	
144	-8.0803E-1	3.1222E1	5.5942E0	3.1758E5	
145	-8.0826E-1	3.0882E1	5.5885E0	3.1980E5	
146	-8.0475E-1	3.6091E1	5.5830E0	3.2202E5	
147	-8.0528E-1	3.5298E1	5.5775E0	3.2424E5	
148	-8.0452E-1	3.6430E1	5.5719E0	3.2646E5	
149	-8.0559E-1	3.4845E1	5.5663E0	3.2868E5	
150	-8.0475E-1	3.6091E1	5.5606E0	3.3090E5	
151	-8.0399E-1	3.7223E1	5.5550E0	3.3312E5	
152	-8.0605E-1	3.4166E1	5.5495E0	3.3534E5	
153	-8.0528E-1	3.5298E1	5.5439E0	3.3756E5	
154	-8.0833E-1	3.0769E1	5.5382E0	3.3978E5	
155	-8.0444E-1	3.6544E1	5.5327E0	3.4200E5	
156	-8.0406E-1	3.7110E1	5.5270E0	3.4422E5	
157	-8.0223E-1	3.9827E1	5.5213E0	3.4644E5	
158	-8.0482E-1	3.5978E1	5.5156E0	3.4866E5	
159	-8.0162E-1	4.0733E1	5.5100E0	3.5088E5	
160	-8.0299E-1	3.8695E1	5.5042E0	3.5310E5	
161	-8.0513E-1	3.5525E1	5.4987E0	3.5532E5	
162	-8.0353E-1	3.7902E1	5.4930E0	3.5754E5	
163	-8.0215E-1	3.9940E1	5.4874E0	3.5976E5	
164	-8.0574E-1	3.4619E1	5.4817E0	3.6198E5	
165	-8.0360E-1	3.7789E1	5.4761E0	3.6420E5	
166	-8.0193E-1	4.0280E1	5.4703E0	3.6642E5	
167	-8.0467E-1	3.6204E1	5.4645E0	3.6864E5	
168	-8.0292E-1	3.8808E1	5.4590E0	3.7086E5	
169	-8.0360E-1	3.7789E1	5.4533E0	3.7308E5	
170	-8.0284E-1	3.8921E1	5.4475E0	3.7530E5	
171	-7.9849E-1	4.5375E1	5.4417E0	3.7752E5	
172	-8.0055E-1	4.2318E1	5.4360E0	3.7974E5	
173	-8.0116E-1	4.1412E1	5.4304E0	3.8196E5	
174	-8.0276E-1	3.9035E1	5.4246E0	3.8418E5	
175	-8.0093E-1	4.1752E1	5.4189E0	3.8640E5	
176	-8.0170E-1	4.0620E1	5.4132E0	3.8862E5	
177	-8.0025E-1	4.2771E1	5.4074E0	3.9084E5	
178	-8.0124E-1	4.1299E1	5.4017E0	3.9306E5	
179	-8.0078E-1	4.1979E1	5.3959E0	3.9528E5	
180	-8.0124E-1	4.1299E1	5.3902E0	3.9750E5	
181	-8.0078E-1	4.1979E1	5.3845E0	3.9972E5	
182	-7.9956E-1	4.3790E1	5.3786E0	4.0194E5	
183	-7.9948E-1	4.3903E1	5.3730E0	4.0416E5	
184	-7.9849E-1	4.5375E1	5.3671E0	4.0638E5	
185	-8.0017E-1	4.2884E1	5.3614E0	4.0860E5	
186	-7.9819E-1	4.5828E1	5.3555E0	4.1082E5	
187	-7.9956E-1	4.3790E1	5.3497E0	4.1304E5	
188	-7.9918E-1	4.4356E1	5.3439E0	4.1526E5	
189	-7.9857E-1	4.5262E1	5.3381E0	4.1748E5	
190	-8.0002E-1	4.3111E1	5.3323E0	4.1970E5	
191	-8.0002E-1	4.3111E1	5.3265E0	4.2192E5	
192	-7.9834E-1	4.5602E1	5.3207E0	4.2414E5	
193	-7.9781E-1	4.6394E1	5.3149E0	4.2636E5	
194	-7.9865E-1	4.5149E1	5.3090E0	4.2858E5	
195	-7.9689E-1	4.7753E1	5.3033E0	4.3080E5	
196	-7.9727E-1	4.7187E1	5.2975E0	4.3302E5	
197	-7.9750E-1	4.6847E1	5.2916E0	4.3524E5	
198	-8.0124E-1	4.1299E1	5.2858E0	4.3746E5	
199	-7.9750E-1	4.6847E1	5.2800E0	4.3968E5	
200	-7.9803E-1	4.6055E1	5.2741E0	4.4190E5	
201	-7.9865E-1	4.5149E1	5.2682E0	4.4412E5	
202	-7.9712E-1	4.7413E1	5.2624E0	4.4634E5	
203	-7.9628E-1	4.8659E1	5.2564E0	4.4856E5	
204	-7.9811E-1	4.5941E1	5.2505E0	4.5078E5	
205	-7.9544E-1	4.9904E1	5.2447E0	4.5300E5	
206	-7.9643E-1	4.8432E1	5.2389E0	4.5522E5	
207	-7.9773E-1	4.6508E1	5.2329E0	4.5744E5	
208	-7.9437E-1	5.1489E1	5.2270E0	4.5966E5	
209	-7.9353E-1	5.2735E1	5.2213E0	4.6188E5	
210	-7.9262E-1	5.4094E1	5.2152E0	4.6410E5	
211	-7.9620E-1	4.8772E1	5.2094E0	4.6632E5	
212	-7.9399E-1	5.2056E1	5.2035E0	4.6854E5	
213	-7.9376E-1	5.2395E1	5.1975E0	4.7076E5	
214	-7.9514E-1	5.0357E1	5.1917E0	4.7298E5	
215	-7.9521E-1	5.0244E1	5.1858E0	4.7520E5	
216	-7.9300E-1	5.3528E1	5.1798E0	4.7742E5	
217	-7.9575E-1	4.9451E1	5.1739E0	4.7964E5	
218	-7.9269E-1	5.3980E1	5.1679E0	4.8186E5	
219	-7.9208E-1	5.4886E1	5.1621E0	4.8408E5	
220	-7.9422E-1	5.1716E1	5.1560E0	4.8630E5	
221	-7.9262E-1	5.4094E1	5.1502E0	4.8852E5	
222	-7.9094E-1	5.6585E1	5.1442E0	4.9074E5	
223	-7.9330E-1	5.3075E1	5.1382E0	4.9296E5	
224	-7.9071E-1	5.6924E1	5.1323E0	4.9518E5	
225	-7.8964E-1	5.8509E1	5.1264E0	4.9740E5	
226	-7.9094E-1	5.6585E1	5.1204E0	4.9962E5	
227	-7.9079E-1	5.6811E1	5.1144E0	5.0184E5	
228	-7.9369E-1	5.2509E1	5.1084E0	5.0406E5	
229	-7.8903E-1	5.9415E1	5.1024E0	5.0628E5	
230	-7.9124E-1	5.6132E1	5.0964E0	5.0850E5	
231	-7.8957E-1	5.8623E1	5.0904E0	5.1072E5	
232	-7.8972E-1	5.8396E1	5.0844E0	5.1294E5	
233	-7.8911E-1	5.9302E1	5.0784E0	5.1516E5	
234	-7.9102E-1	5.6471E1	5.0725E0	5.1738E5	
235	-7.8766E-1	6.1453E1	5.0665E0	5.1960E5	
236	-7.8941E-1	5.8849E1	5.0605E0	5.2182E5	
237	-7.9147E-1	5.5792E1	5.0545E0	5.2404E5	
238	-7.9102E-1	5.6471E1	5.0485E0	5.2626E5	
239	-7.8926E-1	5.9076E1	5.0424E0	5.2848E5	
240	-7.8903E-1	5.9415E1	5.0363E0	5.3070E5	
241	-7.9079E-1	5.6811E1	5.0302E0	5.3292E5	
242	-7.8995E-1	5.8057E1	5.0243E0	5.3514E5	
243	-7.8796E-1	6.1000E1	5.0183E0	5.3736E5	
244	-7.8957E-1	5.8623E1	5.0121E0	5.3958E5	
245	-7.8819E-1	6.0661E1	5.0062E0	5.4180E5	
246	-7.8804E-1	6.0887E1	5.0001E0	5.4402E5	
247	-7.9025E-1	5.7604E1	4.9941E0	5.4624E5	
248	-7.8835E-1	6.0434E1	4.9880E0	5.4846E5	
249	-7.8568E-1	6.4397E1	4.9820E0	5.5068E5	
250	-7.8758E-1	6.1567E1	4.9758E0	5.5290E5	
251	-7.8575E-1	6.4284E1	4.9698E0	5.5512E5	
252	-7.8812E-1	6.0774E1	4.9637E0	5.5734E5	
253	-7.8674E-1	6.2812E1	4.9576E0	5.5956E5	
254	-7.8682E-1	6.2699E1	4.9515E0	5.6178E5	
255	-7.8415E-1	6.6662E1	4.9454E0	5.6400E5	
256	-7.8789E-1	6.1114E1	4.9393E0	5.6622E5	
257	-7.8552E-1	6.4624E1	4.9332E0	5.6844E5	
258	-7.8362E-1	6.7454E1	4.9272E0	5.7066E5	
259	-7.8369E-1	6.7341E1	4.9210E0	5.7288E5	
260	-7.8606E-1	6.3831E1	4.9148E0	5.7510E5	
261	-7.8636E-1	6.3378E1	4.9088E0	5.7732E5	
262	-7.8751E-1	6.1680E1	4.9027E0	5.7954E5	
263	-7.8575E-1	6.4284E1	4.8965E0	5.8176E5	
264	-7.8423E-1	6.6549E1	4.8904E0	5.8398E5	
265	-7.8568E-1	6.4397E1	4.8843E0	5.8620E5	
266	-7.8560E-1	6.4510E1	4.8781E0	5.8842E5	
267	-7.8453E-1	6.6096E1	4.8720E0	5.9064E5	
268	-7.8712E-1	6.2246E1	4.8659E0	5.9286E5	
269	-7.8552E-1	6.4624E1	4.8597E0	5.9508E5	
270	-7.8453E-1	6.6096E1	4.8535E0	5.9730E5	
271	-7.8438E-1	6.6322E1	4.8474E0	5.9952E5	
272	-7.8743E-1	6.1793E1	4.8413E0	6.0174E5	
273	-7.8613E-1	6.3718E1	4.8351E0	6.0396E5	
274	-7.8239E-1	6.9266E1	4.8290E0	6.0618E5	
275	-7.8552E-1	6.4624E1	4.8228E0	6.0840E5	
276	-7.8262E-1	6.8926E1	4.8165E0	6.1062E5	
277	-7.8163E-1	7.0398E1	4.8103E0	6.1284E5	
278	-7.8300E-1	6.8360E1	4.8042E0	6.1506E5	
279	-7.8300E-1	6.8360E1	4.7981E0	6.1728E5	
280	-7.8285E-1	6.8587E1	4.7917E0	6.1950E5	
281	-7.8354E-1	6.7568E1	4.7857E0	6.2172E5	
282	-7.8354E-1	6.7568E1	4.7794E0	6.2394E5	
283	-7.8148E-1	7.0625E1	4.7733E0	6.2616E5	
284	-7.7972E-1	7.3229E1	4.7670E0	6.2838E5	
285	-7.8018E-1	7.2549E1	4.7608E0	6.3060E5	
286	-7.8224E-1	6.9492E1	4.7545E0	6.3282E5	
287	-7.8087E-1	7.1530E1	4.7484E0	6.3504E5	
288	-7.7835E-1	7.5267E1	4.7422E0	6.3726E5	
289	-7.8026E-1	7.2436E1	4.7359E0	6.3948E5	
290	-7.8033E-1	7.2323E1	4.7296E0	6.4170E5	
291	-7.7957E-1	7.3455E1	4.7236E0	6.4392E5	
292	-7.7919E-1	7.4021E1	4.7171E0	6.4614E5	
293	-7.7995E-1	7.2889E1	4.7109E0	6.4836E5	
294	-7.7934E-1	7.3795E1	4.7048E0	6.5058E5	
295	-7.7866E-1	7.4814E1	4.6985E0	6.5280E5	
296	-7.7835E-1	7.5267E1	4.6922E0	6.5502E5	
297	-7.7782E-1	7.6059E1	4.6859E0	6.5724E5	
298	-7.8079E-1	7.1644E1	4.6798E0	6.5946E5	
299	-7.7934E-1	7.3795E1	4.6735E0	6.6168E5	
300	-7.7858E-1	7.4927E1	4.6671E0	6.6390E5	
301	-7.7850E-1	7.5040E1	4.6609E0	6.6612E5	
302	-7.7858E-1	7.4927E1	4.6545E0	6.6834E5	
303	-7.7736E-1	7.6739E1	4.6484E0	6.7056E5	
304	-7.7690E-1	7.7418E1	4.6420E0	6.7278E5	
305	-7.7599E-1	7.8777E1	4.6357E0	6.7500E5	
306	-7.7484E-1	8.0475E1	4.6293E0	6.7722E5	
307	-7.7347E-1	8.2513E1	4.6232E0	6.7944E5	
308	-7.7652E-1	7.7984E1	4.6168E0	6.8166E5	
309	-7.7797E-1	7.5833E1	4.6105E0	6.8388E5	
310	-7.7759E-1	7.6399E1	4.6042E0	6.8610E5	
311	-7.8056E-1	7.1983E1	4.5979E0	6.8832E5	
312	-7.7477E-1	8.0588E1	4.5916E0	6.9054E5	
313	-7.7454E-1	8.0928E1	4.5853E0	6.9276E5	
314	-7.7499E-1	8.0249E1	4.5788E0	6.9498E5	
315	-7.7301E-1	8.3193E1	4.5726E0	6.9720E5	
316	-7.7705E-1	7.7192E1	4.5661E0	6.9942E5	
317	-7.7507E-1	8.0136E1	4.5598E0	7.0164E5	
318	-7.7301E-1	8.3193E1	4.5535E0	7.0386E5	
319	-7.7415E-1	8.1494E1	4.5472E0	7.0608E5	
320	-7.7522E-1	7.9909E1	4.5409E0	7.0830E5	
321	-7.7126E-1	8.5797E1	4.5344E0	7.1052E5	
322	-7.7263E-1	8.3759E1	4.5282E0	7.1274E5	
323	-7.7126E-1	8.5797E1	4.5217E0	7.1496E5	
324	-7.7171E-1	8.5118E1	4.5154E0	7.1718E5	
325	-7.7477E-1	8.0588E1	4.5090E0	7.1940E5	
326	-7.7347E-1	8.2513E1	4.5026E0	7.2162E5	
327	-7.7293E-1	8.3306E1	4.4962E0	7.2384E5	
328	-7.6889E-1	8.9307E1	4.4898E0	7.2606E5	
329	-7.7179E-1	8.5004E1	4.4834E0	7.2828E5	
330	-7.7026E-1	8.7269E1	4.4771E0	7.3050E5	
331	-7.7431E-1	8.1268E1	4.4706E0	7.3272E5	
332	-7.7187E-1	8.4891E1	4.4642E0	7.3494E5	
333	-7.7179E-1	8.5004E1	4.4579E0	7.3716E5	
334	-7.7042E-1	8.7042E1	4.4515E0	7.3938E5	
335	-7.7133E-1	8.5684E1	4.4450E0	7.4160E5	
336	-7.7202E-1	8.4665E1	4.4387E0	7.4382E5	
337	-7.7240E-1	8.4098E1	4.4323E0	7.4604E5	
338	-7.6988E-1	8.7835E1	4.4258E0	7.4826E5	
339	-7.6996E-1	8.7722E1	4.4193E0	7.5048E5	
340	-7.7019E-1	8.7382E1	4.4129E0	7.5270E5	
341	-7.7156E-1	8.5344E1	4.4065E0	7.5492E5	
342	-7.7080E-1	8.6476E1	4.3999E0	7.5714E5	
343	-7.6782E-1	9.0892E1	4.3937E0	7.5936E5	
344	-7.7026E-1	8.7269E1	4.3872E0	7.6158E5	
345	-7.7034E-1	8.7156E1	4.3808E0	7.6380E5	
346	-7.7011E-1	8.7495E1	4.3742E0	7.6602E5	
347	-7.6851E-1	8.9873E1	4.3679E0	7.6824E5	
348	-7.6920E-1	8.8854E1	4.3614E0	7.7046E5	
349	-7.7019E-1	8.7382E1	4.3548E0	7.7268E5	
350	-7.6920E-1	8.8854E1	4.3485E0	7.7490E5	
351	-7.6973E-1	8.8061E1	4.3420E0	7.7712E5	
352	-7.6691E-1	9.2251E1	4.3356E0	7.7934E5	
353	-7.7019E-1	8.7382E1	4.3292E0	7.8156E5	
354	-7.6813E-1	9.0439E1	4.3226E0	7.8378E5	
355	-7.6736E-1	9.1571E1	4.3161E0	7.8600E5	
356	-7.6530E-1	9.4628E1	4.3095E0	7.8822E5	
357	-7.6591E-1	9.3723E1	4.3031E0	7.9044E5	
358	-7.6691E-1	9.2251E1	4.2966E0	7.9266E5	
359	-7.6477E-1	9.5421E1	4.2901E0	7.9488E5	
360	-7.6668E-1	9.2590E1	4.2836E0	7.9710E5	
361	-7.6721E-1	9.1798E1	4.2771E0	7.9932E5	
362	-7.6576E-1	9.3949E1	4.2707E0	8.0154E5	
363	-7.6447E-1	9.5874E1	4.2642E0	8.0376E5	
364	-7.6714E-1	9.1911E1	4.2576E0	8.0598E5	
365	-7.6256E-1	9.8705E1	4.2511E0	8.0820E5	
366	-7.6309E-1	9.7912E1	4.2446E0	8.1042E5	
367	-7.6393E-1	9.6667E1	4.2380E0	8.1264E5	
368	-7.6416E-1	9.6327E1	4.2315E0	8.1486E5	
369	-7.6355E-1	9.7233E1	4.2251E0	8.1708E5	
370	-7.6317E-1	9.7799E1	4.2185E0	8.1930E5	
371	-7.6195E-1	9.9610E1	4.2120E0	8.2152E5	
372	-7.6363E-1	9.7119E1	4.2054E0	8.2374E5	
373	-7.6431E-1	9.6100E1	4.1988E0	8.2596E5	
374	-7.6309E-1	9.7912E1	4.1922E0	8.2818E5	
375	-7.6317E-1	9.7799E1	4.1857E0	8.3040E5	
376	-7.6340E-1	9.7459E1	4.1793E0	8.3262E5	
377	-7.6324E-1	9.7686E1	4.1727E0	8.3484E5	
378	-7.6195E-1	9.9610E1	4.1662E0	8.3706E5	
379	-7.6279E-1	9.8365E1	4.1597E0	8.3928E5	
380	-7.6370E-1	9.7006E1	4.1529E0	8.4150E5	
381	-7.6141E-1	1.0040E2	4.1464E0	8.4372E5	
382	-7.6141E-1	1.0040E2	4.1399E0	8.4594E5	
383	-7.5996E-1	1.0255E2	4.1333E0	8.4816E5	
384	-7.6309E-1	9.7912E1	4.1268E0	8.5038E5	
385	-7.5996E-1	1.0255E2	4.1201E0	8.5260E5	
386	-7.5996E-1	1.0255E2	4.1135E0	8.5482E5	
387	-7.5996E-1	1.0255E2	4.1070E0	8.5704E5	
388	-7.5974E-1	1.0289E2	4.1004E0	8.5926E5	
389	-7.6004E-1	1.0244E2	4.0939E0	8.6148E5	
390	-7.5897E-1	1.0403E2	4.0872E0	8.6370E5	
391	-7.5737E-1	1.0640E2	4.0807E0	8.6592E5	
392	-7.5905E-1	1.0391E2	4.0740E0	8.6814E5	
393	-7.5783E-1	1.0572E2	4.0674E0	8.7036E5	
394	-7.6019E-1	1.0221E2	4.0607E0	8.7258E5	
395	-7.6035E-1	1.0199E2	4.0543E0	8.7480E5	
396	-7.5890E-1	1.0414E2	4.0475E0	8.7702E5	
397	-7.6073E-1	1.0142E2	4.0410E0	8.7924E5	
398	-7.5813E-1	1.0527E2	4.0343E0	8.8146E5	
399	-7.5813E-1	1.0527E2	4.0277E0	8.8368E5	
400	-7.5821E-1	1.0516E2	4.0211E0	8.8590E5	
401	-7.6073E-1	1.0142E2	4.0145E0	8.8812E5	
402	-7.5851E-1	1.0471E2	4.0079E0	8.9034E5	
403	-7.5912E-1	1.0380E2	4.0012E0	8.9256E5	
404	-7.5844E-1	1.0482E2	3.9946E0	8.9478E5	
405	-7.5844E-1	1.0482E2	3.9880E0	8.9700E5	
406	-7.5745E-1	1.0629E2	3.9813E0	8.9922E5	
407	-7.5859E-1	1.0459E2	3.9746E0	9.0144E5	
408	-7.5737E-1	1.0640E2	3.9680E0	9.0366E5	
409	-7.5737E-1	1.0640E2	3.9614E0	9.0588E5	
410	-7.5569E-1	1.0889E2	3.9547E0	9.0810E5	
411	-7.5569E-1	1.0889E2	3.9480E0	9.1032E5	
412	-7.5623E-1	1.0810E2	3.9414E0	9.1254E5	
413	-7.5439E-1	1.1082E2	3.9347E0	9.1476E5	
414	-7.5630E-1	1.0799E2	3.9281E0	9.1698E5	
415	-7.5783E-1	1.0572E2	3.9214E0	9.1920E5	
416	-7.5508E-1	1.0980E2	3.9148E0	9.2142E5	
417	-7.5485E-1	1.1014E2	3.9080E0	9.2364E5	
418	-7.5447E-1	1.1071E2	3.9014E0	9.2586E5	
419	-7.5287E-1	1.1308E2	3.8947E0	9.2808E5	
420	-7.5439E-1	1.1082E2	3.8879E0	9.3030E5	
421	-7.5363E-1	1.1195E2	3.8813E0	9.3252E5	
422	-7.5325E-1	1.1252E2	3.8746E0	9.3474E5	
423	-7.5203E-1	1.1433E2	3.8680E0	9.3696E5	
424	-7.5432E-1	1.1093E2	3.8612E0	9.3918E5	
425	-7.5447E-1	1.1071E2	3.8545E0	9.4140E5	
426	-7.5348E-1	1.1218E2	3.8478E0	9.4362E5	
427	-7.5264E-1	1.1342E2	3.8411E0	9.4584E5	
428	-7.5264E-1	1.1342E2	3.8343E0	9.4806E5	
429	-7.5333E-1	1.1240E2	3.8277E0	9.5028E5	
430	-7.5363E-1	1.1195E2	3.8209E0	9.5250E5	
431	-7.5279E-1	1.1320E2	3.8143E0	9.5472E5	
432	-7.5066E-1	1.1637E2	3.8075E0	9.5694E5	
433	-7.5119E-1	1.1558E2	3.8008E0	9.5916E5	
434	-7.5211E-1	1.1422E2	3.7941E0	9.6138E5	
435	-7.5012E-1	1.1716E2	3.7873E0	9.6360E5	
436	-7.5180E-1	1.1467E2	3.7807E0	9.6582E5	
437	-7.5127E-1	1.1546E2	3.7738E0	9.6804E5	
438	-7.4837E-1	1.1976E2	3.7672E0	9.7026E5	
439	-7.4844E-1	1.1965E2	3.7603E0	9.7248E5	
440	-7.4722E-1	1.2146E2	3.7537E0	9.7470E5	
441	-7.4875E-1	1.1920E2	3.7469E0	9.7692E5	
442	-7.5066E-1	1.1637E2	3.7402E0	9.7914E5	
443	-7.4806E-1	1.2022E2	3.7333E0	9.8136E5	
444	-7.4821E-1	1.1999E2	3.7266E0	9.8358E5	
445	-7.4944E-1	1.1818E2	3.7200E0	9.8580E5	
446	-7.4753E-1	1.2101E2	3.7131E0	9.8802E5	
447	-7.4692E-1	1.2192E2	3.7064E0	9.9024E5	
448	-7.4638E-1	1.2271E2	3.6996E0	9.9246E5	
449	-7.4661E-1	1.2237E2	3.6928E0	9.9468E5	
450	-7.4593E-1	1.2339E2	3.6861E0	9.9690E5	
451	-7.4944E-1	1.1818E2	3.6793E0	9.9912E5	
452	-7.4829E-1	1.1988E2	3.6726E0	1.0013E6	
453	-7.4753E-1	1.2101E2	3.6657E0	1.0036E6	
454	-7.4730E-1	1.2135E2	3.6590E0	1.0058E6	
455	-7.4455E-1	1.2543E2	3.6522E0	1.0080E6	
456	-7.4471E-1	1.2520E2	3.6455E0	1.0102E6	
457	-7.4707E-1	1.2169E2	3.6386E0	1.0124E6	
458	-7.4341E-1	1.2712E2	3.6318E0	1.0147E6	
459	-7.4509E-1	1.2463E2	3.6250E0	1.0169E6	
460	-7.4448E-1	1.2554E2	3.6182E0	1.0191E6	
461	-7.4493E-1	1.2486E2	3.6114E0	1.0213E6	
462	-7.4348E-1	1.2701E2	3.6047E0	1.0235E6	
463	-7.4623E-1	1.2293E2	3.5978E0	1.0258E6	
464	-7.4593E-1	1.2339E2	3.5910E0	1.0280E6	
465	-7.4600E-1	1.2327E2	3.5841E0	1.0302E6	
466	-7.4570E-1	1.2373E2	3.5774E0	1.0324E6	
467	-7.4448E-1	1.2554E2	3.5705E0	1.0346E6	
468	-7.4409E-1	1.2611E2	3.5637E0	1.0369E6	
469	-7.4387E-1	1.2644E2	3.5569E0	1.0391E6	
470	-7.4425E-1	1.2588E2	3.5501E0	1.0413E6	
471	-7.4402E-1	1.2622E2	3.5433E0	1.0435E6	
472	-7.4493E-1	1.2486E2	3.5364E0	1.0457E6	
473	-7.4165E-1	1.2973E2	3.5295E0	1.0480E6	
474	-7.4089E-1	1.3086E2	3.5228E0	1.0502E6	
475	-7.4318E-1	1.2746E2	3.5159E0	1.0524E6	
476	-7.4303E-1	1.2769E2	3.5091E0	1.0546E6	
477	-7.4249E-1	1.2848E2	3.5023E0	1.0568E6	
478	-7.4295E-1	1.2780E2	3.4952E0	1.0591E6	
479	-7.4310E-1	1.2758E2	3.4886E0	1.0613E6	
480	-7.3860E-1	1.3426E2	3.4817E0	1.0635E6	
481	-7.4089E-1	1.3086E2	3.4750E0	1.0657E6	
482	-7.4120E-1	1.3041E2	3.4679E0	1.0679E6	
483	-7.4059E-1	1.3131E2	3.4611E0	1.0702E6	
484	-7.4112E-1	1.3052E2	3.4542E0	1.0724E6	
485	-7.4158E-1	1.2984E2	3.4472E0	1.0746E6	
486	-7.3822E-1	1.3482E2	3.4405E0	1.0768E6	
487	-7.4142E-1	1.3007E2	3.4337E0	1.0790E6	
488	-7.3914E-1	1.3346E2	3.4267E0	1.0813E6	
489	-7.3845E-1	1.3448E2	3.4199E0	1.0835E6	
490	-7.4173E-1	1.2962E2	3.4130E0	1.0857E6	
491	-7.4043E-1	1.3154E2	3.4061E0	1.0879E6	
492	-7.3761E-1	1.3573E2	3.3992E0	1.0901E6	
493	-7.3730E-1	1.3618E2	3.3923E0	1.0924E6	
494	-7.3830E-1	1.3471E2	3.3854E0	1.0946E6	
495	-7.3830E-1	1.3471E2	3.3785E0	1.0968E6	
496	-7.4081E-1	1.3097E2	3.3716E0	1.0990E6	
497	-7.3814E-1	1.3494E2	3.3647E0	1.1012E6	
498	-7.3570E-1	1.3856E2	3.3578E0	1.1035E6	
499	-7.3608E-1	1.3799E2	3.3510E0	1.1057E6	
500	-7.3517E-1	1.3935E2	3.3441E0	1.1079E6	
501	-7.3601E-1	1.3811E2	3.3372E0	1.1101E6	
502	-7.3479E-1	1.3992E2	3.3302E0	1.1123E6	
503	-7.3837E-1	1.3460E2	3.3233E0	1.1146E6	
504	-7.3425E-1	1.4071E2	3.3164E0	1.1168E6	
505	-7.3540E-1	1.3901E2	3.3094E0	1.1190E6	
506	-7.3555E-1	1.3879E2	3.3025E0	1.1212E6	
507	-7.3280E-1	1.4286E2	3.2956E0	1.1234E6	
508	-7.3357E-1	1.4173E2	3.2887E0	1.1257E6	
509	-7.3685E-1	1.3686E2	3.2817E0	1.1279E6	
510	-7.3273E-1	1.4298E2	3.2748E0	1.1301E6	
511	-7.3235E-1	1.4354E2	3.2679E0	1.1323E6	
512	-7.3257E-1	1.4320E2	3.2609E0	1.1345E6	
513	-7.3387E-1	1.4128E2	3.2540E0	1.1368E6	
514	-7.3090E-1	1.4569E2	3.2471E0	1.1390E6	
515	-7.3143E-1	1.4490E2	3.2402E0	1.1412E6	
516	-7.3380E-1	1.4139E2	3.2331E0	1.1434E6	
517	-7.3410E-1	1.4094E2	3.2262E0	1.1456E6	
518	-7.3235E-1	1.4354E2	3.2192E0	1.1479E6	
519	-7.3097E-1	1.4558E2	3.2123E0	1.1501E6	
520	-7.3441E-1	1.4048E2	3.2053E0	1.1523E6	
521	-7.3128E-1	1.4513E2	3.1983E0	1.1545E6	
522	-7.3265E-1	1.4309E2	3.1915E0	1.1567E6	
523	-7.3296E-1	1.4264E2	3.1845E0	1.1590E6	
524	-7.3112E-1	1.4535E2	3.1775E0	1.1612E6	
525	-7.3174E-1	1.4445E2	3.1706E0	1.1634E6	
526	-7.3074E-1	1.4592E2	3.1635E0	1.1656E6	
527	-7.3334E-1	1.4207E2	3.1566E0	1.1678E6	
528	-7.3006E-1	1.4694E2	3.1497E0	1.1701E6	
529	-7.3105E-1	1.4547E2	3.1426E0	1.1723E6	
530	-7.2922E-1	1.4818E2	3.1356E0	1.1745E6	
531	-7.3029E-1	1.4660E2	3.1287E0	1.1767E6	
532	-7.3021E-1	1.4671E2	3.1216E0	1.1789E6	
533	-7.3105E-1	1.4547E2	3.1147E0	1.1812E6	
534	-7.2754E-1	1.5068E2	3.1078E0	1.1834E6	
535	-7.3143E-1	1.4490E2	3.1007E0	1.1856E6	
536	-7.2769E-1	1.5045E2	3.0938E0	1.1878E6	
537	-7.2838E-1	1.4943E2	3.0868E0	1.1900E6	
538	-7.2891E-1	1.4864E2	3.0798E0	1.1923E6	
539	-7.3067E-1	1.4603E2	3.0728E0	1.1945E6	
540	-7.2807E-1	1.4988E2	3.0657E0	1.1967E6	
541	-7.2762E-1	1.5056E2	3.0587E0	1.1989E6	
542	-7.2823E-1	1.4966E2	3.0517E0	1.2011E6	
543	-7.2586E-1	1.5317E2	3.0447E0	1.2034E6	
544	-7.2929E-1	1.4807E2	3.0377E0	1.2056E6	
545	-7.2823E-1	1.4966E2	3.0306E0	1.2078E6	
546	-7.2563E-1	1.5351E2	3.0236E0	1.2100E6	
547	-7.2769E-1	1.5045E2	3.0166E0	1.2122E6	
548	-7.2594E-1	1.5305E2	3.0095E0	1.2145E6	
549	-7.2533E-1	1.5396E2	3.0026E0	1.2167E6	
550	-7.2678E-1	1.5181E2	2.9955E0	1.2189E6	
551	-7.2670E-1	1.5192E2	2.9886E0	1.2211E6	
552	-7.2716E-1	1.5124E2	2.9815E0	1.2233E6	
553	-7.2517E-1	1.5419E2	2.9744E0	1.2256E6	
554	-7.2617E-1	1.5271E2	2.9674E0	1.2278E6	
555	-7.2418E-1	1.5566E2	2.9604E0	1.2300E6	
556	-7.2502E-1	1.5441E2	2.9533E0	1.2322E6	
557	-7.2495E-1	1.5452E2	2.9463E0	1.2344E6	
558	-7.2456E-1	1.5509E2	2.9393E0	1.2367E6	
559	-7.2334E-1	1.5690E2	2.9322E0	1.2389E6	
560	-7.2342E-1	1.5679E2	2.9251E0	1.2411E6	
561	-7.2281E-1	1.5770E2	2.9181E0	1.2433E6	
562	-7.2342E-1	1.5679E2	2.9110E0	1.2455E6	
563	-7.2266E-1	1.5792E2	2.9040E0	1.2478E6	
564	-7.2372E-1	1.5634E2	2.8969E0	1.2500E6	
565	-7.2449E-1	1.5520E2	2.8899E0	1.2522E6	
566	-7.1999E-1	1.6188E2	2.8828E0	1.2544E6	
567	-7.2243E-1	1.5826E2	2.8758E0	1.2566E6	
568	-7.2327E-1	1.5702E2	2.8686E0	1.2589E6	
569	-7.2227E-1	1.5849E2	2.8615E0	1.2611E6	
570	-7.1915E-1	1.6313E2	2.8545E0	1.2633E6	
571	-7.1991E-1	1.6200E2	2.8474E0	1.2655E6	
572	-7.2189E-1	1.5905E2	2.8404E0	1.2677E6	
573	-7.2189E-1	1.5905E2	2.8332E0	1.2700E6	
574	-7.1770E-1	1.6528E2	2.8262E0	1.2722E6	
575	-7.2136E-1	1.5985E2	2.8192E0	1.2744E6	
576	-7.2105E-1	1.6030E2	2.8120E0	1.2766E6	
577	-7.1793E-1	1.6494E2	2.8049E0	1.2788E6	
578	-7.2136E-1	1.5985E2	2.7979E0	1.2811E6	
579	-7.1762E-1	1.6539E2	2.7908E0	1.2833E6	
580	-7.1770E-1	1.6528E2	2.7836E0	1.2855E6	
581	-7.2044E-1	1.6121E2	2.7765E0	1.2877E6	
582	-7.1838E-1	1.6426E2	2.7695E0	1.2899E6	
583	-7.1831E-1	1.6438E2	2.7624E0	1.2922E6	
584	-7.1793E-1	1.6494E2	2.7552E0	1.2944E6	
585	-7.1655E-1	1.6698E2	2.7481E0	1.2966E6	
586	-7.1716E-1	1.6607E2	2.7410E0	1.2988E6	
587	-7.1564E-1	1.6834E2	2.7339E0	1.3010E6	
588	-7.1701E-1	1.6630E2	2.7268E0	1.3033E6	
589	-7.2029E-1	1.6143E2	2.7197E0	1.3055E6	
590	-7.1632E-1	1.6732E2	2.7126E0	1.3077E6	
591	-7.1770E-1	1.6528E2	2.7055E0	1.3099E6	
592	-7.1831E-1	1.6438E2	2.6983E0	1.3121E6	
593	-7.1617E-1	1.6755E2	2.6912E0	1.3144E6	
594	-7.1548E-1	1.6856E2	2.6841E0	1.3166E6	
595	-7.1785E-1	1.6505E2	2.6770E0	1.3188E6	
596	-7.1793E-1	1.6494E2	2.6698E0	1.3210E6	
597	-7.1724E-1	1.6596E2	2.6627E0	1.3232E6	
598	-7.1632E-1	1.6732E2	2.6555E0	1.3255E6	
599	-7.1709E-1	1.6619E2	2.6485E0	1.3277E6	
600	-7.1358E-1	1.7140E2	2.6413E0	1.3299E6	
601	-7.1472E-1	1.6970E2	2.6341E0	1.3321E6	
602	-7.1426E-1	1.7038E2	2.6270E0	1.3343E6	
603	-7.1701E-1	1.6630E2	2.6199E0	1.3366E6	
604	-7.1564E-1	1.6834E2	2.6127E0	1.3388E6	
605	-7.1426E-1	1.7038E2	2.6056E0	1.3410E6	
606	-7.1465E-1	1.6981E2	2.5984E0	1.3432E6	
607	-7.1556E-1	1.6845E2	2.5912E0	1.3454E6	
608	-7.1075E-1	1.7558E2	2.5841E0	1.3477E6	
609	-7.1457E-1	1.6992E2	2.5769E0	1.3499E6	
610	-7.1304E-1	1.7219E2	2.5699E0	1.3521E6	
611	-7.1236E-1	1.7321E2	2.5626E0	1.3543E6	
612	-7.1220E-1	1.7343E2	2.5555E0	1.3565E6	
613	-7.1434E-1	1.7026E2	2.5483E0	1.3588E6	
614	-7.1388E-1	1.7094E2	2.5411E0	1.3610E6	
615	-7.1106E-1	1.7513E2	2.5338E0	1.3632E6	
616	-7.1053E-1	1.7592E2	2.5268E0	1.3654E6	
617	-7.1121E-1	1.7491E2	2.5196E0	1.3676E6	
618	-7.0930E-1	1.7774E2	2.5124E0	1.3699E6	
619	-7.1114E-1	1.7502E2	2.5053E0	1.3721E6	
620	-7.0976E-1	1.7706E2	2.4982E0	1.3743E6	
621	-7.1045E-1	1.7604E2	2.4910E0	1.3765E6	
622	-7.0992E-1	1.7683E2	2.4837E0	1.3787E6	
623	-7.0778E-1	1.8000E2	2.4767E0	1.3810E6	
624	-7.0862E-1	1.7876E2	2.4694E0	1.3832E6	
625	-7.0724E-1	1.8079E2	2.4622E0	1.3854E6	
626	-7.1037E-1	1.7615E2	2.4550E0	1.3876E6	
627	-7.0724E-1	1.8079E2	2.4477E0	1.3898E6	
628	-7.0641E-1	1.8204E2	2.4407E0	1.3921E6	
629	-7.0786E-1	1.7989E2	2.4335E0	1.3943E6	
630	-7.0641E-1	1.8204E2	2.4262E0	1.3965E6	
631	-7.0740E-1	1.8057E2	2.4190E0	1.3987E6	
632	-7.0564E-1	1.8317E2	2.4120E0	1.4009E6	
633	-7.0366E-1	1.8611E2	2.4047E0	1.4032E6	
634	-7.0915E-1	1.7796E2	2.3975E0	1.4054E6	
635	-7.0793E-1	1.7977E2	2.3902E0	1.4076E6	
636	-7.0656E-1	1.8181E2	2.3831E0	1.4098E6	
637	-7.0396E-1	1.8566E2	2.3759E0	1.4120E6	
638	-7.0610E-1	1.8249E2	2.3688E0	1.4143E6	
639	-7.0595E-1	1.8272E2	2.3615E0	1.4165E6	
640	-7.0259E-1	1.8770E2	2.3543E0	1.4187E6	
641	-7.0480E-1	1.8442E2	2.3470E0	1.4209E6	
642	-7.0496E-1	1.8419E2	2.3400E0	1.4231E6	
643	-7.0274E-1	1.8747E2	2.3326E0	1.4254E6	
644	-7.0480E-1	1.8442E2	2.3254E0	1.4276E6	
645	-7.0671E-1	1.8159E2	2.3182E0	1.4298E6	
646	-7.0564E-1	1.8317E2	2.3111E0	1.4320E6	
647	-7.0549E-1	1.8340E2	2.3038E0	1.4342E6	
648	-7.0465E-1	1.8464E2	2.2966E0	1.4365E6	
649	-7.0488E-1	1.8430E2	2.2893E0	1.4387E6	
650	-7.0549E-1	1.8340E2	2.2821E0	1.4409E6	
651	-7.0366E-1	1.8611E2	2.2748E0	1.4431E6	
652	-7.0488E-1	1.8430E2	2.2676E0	1.4453E6	
653	-7.0396E-1	1.8566E2	2.2604E0	1.4476E6	
654	-7.0297E-1	1.8713E2	2.2532E0	1.4498E6	
655	-7.0320E-1	1.8679E2	2.2458E0	1.4520E6	
656	-7.0053E-1	1.9076E2	2.2387E0	1.4542E6	
657	-7.0396E-1	1.8566E2	2.2314E0	1.4564E6	
658	-7.0328E-1	1.8668E2	2.2242E0	1.4587E6	
659	-7.0221E-1	1.8827E2	2.2170E0	1.4609E6	
660	-6.9901E-1	1.9302E2	2.2098E0	1.4631E6	
661	-7.0206E-1	1.8849E2	2.2025E0	1.4653E6	
662	-6.9870E-1	1.9347E2	2.1952E0	1.4675E6	
663	-7.0122E-1	1.8974E2	2.1880E0	1.4698E6	
664	-7.0160E-1	1.8917E2	2.1807E0	1.4720E6	
665	-7.0267E-1	1.8759E2	2.1735E0	1.4742E6	
666	-7.0229E-1	1.8815E2	2.1662E0	1.4764E6	
667	-7.0099E-1	1.9008E2	2.1590E0	1.4786E6	
668	-6.9946E-1	1.9234E2	2.1517E0	1.4809E6	
669	-7.0183E-1	1.8883E2	2.1445E0	1.4831E6	
670	-6.9786E-1	1.9472E2	2.1372E0	1.4853E6	
671	-7.0114E-1	1.8985E2	2.1299E0	1.4875E6	
672	-7.0145E-1	1.8940E2	2.1228E0	1.4897E6	
673	-7.0023E-1	1.9121E2	2.1154E0	1.4920E6	
674	-6.9923E-1	1.9268E2	2.1082E0	1.4942E6	
675	-6.9778E-1	1.9483E2	2.1009E0	1.4964E6	
676	-6.9687E-1	1.9619E2	2.0936E0	1.4986E6	
677	-6.9870E-1	1.9347E2	2.0864E0	1.5008E6	
678	-6.9740E-1	1.9540E2	2.0792E0	1.5031E6	
679	-6.9626E-1	1.9710E2	2.0719E0	1.5053E6	
680	-6.9756E-1	1.9517E2	2.0646E0	1.5075E6	
681	-6.9870E-1	1.9347E2	2.0573E0	1.5097E6	
682	-6.9611E-1	1.9732E2	2.0501E0	1.5119E6	
683	-6.9504E-1	1.9891E2	2.0428E0	1.5142E6	
684	-6.9519E-1	1.9868E2	2.0355E0	1.5164E6	
685	-6.9496E-1	1.9902E2	2.0281E0	1.5186E6	
686	-6.9496E-1	1.9902E2	2.0209E0	1.5208E6	
687	-6.9557E-1	1.9812E2	2.0137E0	1.5230E6	
688	-6.9328E-1	2.0151E2	2.0064E0	1.5253E6	
689	-6.9412E-1	2.0027E2	1.9990E0	1.5275E6	
690	-6.9557E-1	1.9812E2	1.9918E0	1.5297E6	
691	-6.9313E-1	2.0174E2	1.9846E0	1.5319E6	
692	-6.9214E-1	2.0321E2	1.9772E0	1.5341E6	
693	-6.9443E-1	1.9982E2	1.9699E0	1.5364E6	
694	-6.9183E-1	2.0366E2	1.9627E0	1.5386E6	
695	-6.9275E-1	2.0231E2	1.9553E0	1.5408E6	
696	-6.9305E-1	2.0185E2	1.9480E0	1.5430E6	
697	-6.9374E-1	2.0083E2	1.9406E0	1.5452E6	
698	-6.9160E-1	2.0400E2	1.9335E0	1.5475E6	
699	-6.9016E-1	2.0616E2	1.9261E0	1.5497E6	
700	-6.8993E-1	2.0650E2	1.9188E0	1.5519E6	
701	-6.9054E-1	2.0559E2	1.9115E0	1.5541E6	
702	-6.9229E-1	2.0299E2	1.9042E0	1.5563E6	
703	-6.9115E-1	2.0468E2	1.8969E0	1.5586E6	
704	-6.9183E-1	2.0366E2	1.8898E0	1.5608E6	
705	-6.9229E-1	2.0299E2	1.8824E0	1.5630E6	
706	-6.9107E-1	2.0480E2	1.8750E0	1.5652E6	
707	-6.9214E-1	2.0321E2	1.8677E0	1.5674E6	
708	-6.8794E-1	2.0944E2	1.8605E0	1.5697E6	
709	-6.9061E-1	2.0548E2	1.8532E0	1.5719E6	
710	-6.8802E-1	2.0933E2	1.8458E0	1.5741E6	
711	-6.8810E-1	2.0921E2	1.8385E0	1.5763E6	
712	-6.9038E-1	2.0582E2	1.8311E0	1.5785E6	
713	-6.8748E-1	2.1012E2	1.8239E0	1.5808E6	
714	-6.8748E-1	2.1012E2	1.8167E0	1.5830E6	
715	-6.8893E-1	2.0797E2	1.8092E0	1.5852E6	
716	-6.8764E-1	2.0989E2	1.8020E0	1.5874E6	
717	-6.9054E-1	2.0559E2	1.7946E0	1.5896E6	
718	-6.8832E-1	2.0887E2	1.7873E0	1.5919E6	
719	-6.8985E-1	2.0661E2	1.7801E0	1.5941E6	
720	-6.8924E-1	2.0751E2	1.7726E0	1.5963E6	
721	-6.8794E-1	2.0944E2	1.7654E0	1.5985E6	
722	-6.8649E-1	2.1159E2	1.7581E0	1.6007E6	
723	-6.8810E-1	2.0921E2	1.7507E0	1.6030E6	
724	-6.8840E-1	2.0876E2	1.7435E0	1.6052E6	
725	-6.8977E-1	2.0672E2	1.7360E0	1.6074E6	
726	-6.9000E-1	2.0638E2	1.7288E0	1.6096E6	
727	-6.8672E-1	2.1125E2	1.7215E0	1.6118E6	
728	-6.8504E-1	2.1374E2	1.7142E0	1.6141E6	
729	-6.8764E-1	2.0989E2	1.7069E0	1.6163E6	
730	-6.8596E-1	2.1238E2	1.6995E0	1.6185E6	
731	-6.8741E-1	2.1023E2	1.6922E0	1.6207E6	
732	-6.8649E-1	2.1159E2	1.6848E0	1.6229E6	
733	-6.8436E-1	2.1476E2	1.6776E0	1.6252E6	
734	-6.8489E-1	2.1397E2	1.6702E0	1.6274E6	
735	-6.8359E-1	2.1589E2	1.6629E0	1.6296E6	
736	-6.8466E-1	2.1431E2	1.6555E0	1.6318E6	
737	-6.8352E-1	2.1601E2	1.6482E0	1.6340E6	
738	-6.8398E-1	2.1533E2	1.6408E0	1.6363E6	
739	-6.8169E-1	2.1872E2	1.6334E0	1.6385E6	
740	-6.8390E-1	2.1544E2	1.6262E0	1.6407E6	
741	-6.8382E-1	2.1555E2	1.6188E0	1.6429E6	
742	-6.8336E-1	2.1623E2	1.6116E0	1.6451E6	
743	-6.8153E-1	2.1895E2	1.6042E0	1.6474E6	
744	-6.8130E-1	2.1929E2	1.5970E0	1.6496E6	
745	-6.8214E-1	2.1804E2	1.5896E0	1.6518E6	
746	-6.8161E-1	2.1884E2	1.5823E0	1.6540E6	
747	-6.8115E-1	2.1952E2	1.5750E0	1.6562E6	
748	-6.8077E-1	2.2008E2	1.5676E0	1.6585E6	
749	-6.8069E-1	2.2020E2	1.5602E0	1.6607E6	
750	-6.8222E-1	2.1793E2	1.5528E0	1.6629E6	
751	-6.7978E-1	2.2155E2	1.5455E0	1.6651E6	
752	-6.7917E-1	2.2246E2	1.5381E0	1.6673E6	
753	-6.7955E-1	2.2189E2	1.5308E0	1.6696E6	
754	-6.8069E-1	2.2020E2	1.5236E0	1.6718E6	
755	-6.7871E-1	2.2314E2	1.5160E0	1.6740E6	
756	-6.8115E-1	2.1952E2	1.5088E0	1.6762E6	
757	-6.7909E-1	2.2257E2	1.5015E0	1.6784E6	
758	-6.7924E-1	2.2235E2	1.4941E0	1.6807E6	
759	-6.7772E-1	2.2461E2	1.4868E0	1.6829E6	
760	-6.7986E-1	2.2144E2	1.4795E0	1.6851E6	
761	-6.7680E-1	2.2597E2	1.4721E0	1.6873E6	
762	-6.7589E-1	2.2733E2	1.4648E0	1.6895E6	
763	-6.7726E-1	2.2529E2	1.4575E0	1.6918E6	
764	-6.7665E-1	2.2620E2	1.4501E0	1.6940E6	
765	-6.8054E-1	2.2042E2	1.4427E0	1.6962E6	
766	-6.7749E-1	2.2495E2	1.4353E0	1.6984E6	
767	-6.7726E-1	2.2529E2	1.4281E0	1.7006E6	
768	-6.7711E-1	2.2552E2	1.4207E0	1.7029E6	
769	-6.7657E-1	2.2631E2	1.4134E0	1.7051E6	
770	-6.7612E-1	2.2699E2	1.4060E0	1.7073E6	
771	-6.7520E-1	2.2835E2	1.3987E0	1.7095E6	
772	-6.7459E-1	2.2925E2	1.3915E0	1.7117E6	
773	-6.7612E-1	2.2699E2	1.3840E0	1.7140E6	
774	-6.7528E-1	2.2823E2	1.3767E0	1.7162E6	
775	-6.7436E-1	2.2959E2	1.3693E0	1.7184E6	
776	-6.7673E-1	2.2608E2	1.3621E0	1.7206E6	
777	-6.7619E-1	2.2688E2	1.3547E0	1.7228E6	
778	-6.7703E-1	2.2563E2	1.3473E0	1.7251E6	
779	-6.7482E-1	2.2891E2	1.3399E0	1.7273E6	
780	-6.7398E-1	2.3016E2	1.3327E0	1.7295E6	
781	-6.7535E-1	2.2812E2	1.3254E0	1.7317E6	
782	-6.7558E-1	2.2778E2	1.3180E0	1.7339E6	
783	-6.7322E-1	2.3129E2	1.3106E0	1.7362E6	
784	-6.7451E-1	2.2937E2	1.3033E0	1.7384E6	
785	-6.7398E-1	2.3016E2	1.2959E0	1.7406E6	
786	-6.7444E-1	2.2948E2	1.2885E0	1.7428E6	
787	-6.7291E-1	2.3174E2	1.2812E0	1.7450E6	
788	-6.7238E-1	2.3254E2	1.2740E0	1.7473E6	
789	-6.7245E-1	2.3242E2	1.2666E0	1.7495E6	
790	-6.7261E-1	2.3220E2	1.2592E0	1.7517E6	
791	-6.7223E-1	2.3276E2	1.2519E0	1.7539E6	
792	-6.6994E-1	2.3616E2	1.2446E0	1.7561E6	
793	-6.9893E-1	1.9313E2	1.2371E0	1.7584E6	
794	-6.1165E-1	3.2267E2	1.2298E0	1.7606E6	
795	-5.4749E-1	4.1789E2	1.2225E0	1.7628E6	
796	-5.0163E-1	4.8594E2	1.2153E0	1.7650E6	
797	-4.5265E-1	5.5863E2	1.2079E0	1.7672E6	
798	-4.0199E-1	6.3381E2	1.2006E0	1.7695E6	
799	-3.7277E-1	6.7717E2	1.1933E0	1.7717E6	
800	-3.3875E-1	7.2767E2	1.1859E0	1.7739E6	
801	-3.2700E-1	7.4511E2	1.1844E0	1.7744E6	
802	-3.2700E-1	7.4511E2	1.1844E0	1.7744E6	
803	-3.2700E-1	7.4511E2	1.1844E0	1.7744E6	
804	-3.2700E-1	7.4511E2	1.1844E0	1.7744E6	
805	-3.2700E-1	7.4511E2	1.1844E0	1.7744E6	
806	-3.2700E-1	7.4511E2	1.1844E0	1.7744E6	
807	-3.2700E-1	7.4511E2	1.1844E0	1.7744E6	
808	-3.2700E-1	7.4511E2	1.1844E0	1.7744E6	
809	-3.2700E-1	7.4511E2	1.1844E0	1.7744E6	
810	-3.2700E-1	7.4511E2	1.1844E0	1.7744E6	
811	-3.2700E-1	7.4511E2	1.1844E0	1.7744E6	
812	-3.2700E-1	7.4511E2	1.1844E0	1.7744E6	
813	-3.2700E-1	7.4511E2	1.1844E0	1.7744E6	
814	-3.2700E-1	7.4511E2	1.1844E0	1.7744E6	
815	-3.2700E-1	7.4511E2	1.1844E0	1.7744E6	
816	-3.2700E-1	7.4511E2	1.1844E0	1.7744E6	
817	-3.2700E-1	7.4511E2	1.1844E0	1.7744E6	
818	-3.2700E-1	7.4511E2	1.1844E0	1.7744E6	
819	-3.2700E-1	7.4511E2	1.1844E0	1.7744E6	
820	-3.2700E-1	7.4511E2	1.1844E0	1.7744E6	
821	-3.2700E-1	7.4511E2	1.1844E0	1.7744E6	
822	-3.2700E-1	7.4511E2	1.1844E0	1.7744E6	
823	-3.2700E-1	7.4511E2	1.1844E0	1.7744E6	
824	-3.2700E-1	7.4511E2	1.1844E0	1.7744E6	
825	-3.2700E-1	7.4511E2	1.1844E0	1.7744E6	
826	-3.2700E-1	7.4511E2	1.1844E0	1.7744E6	
827	-3.2700E-1	7.4511E2	1.1844E0	1.7744E6	
828	-3.2700E-1	7.4511E2	1.1844E0	1.7744E6	
829	-3.2700E-1	7.4511E2	1.1844E0	1.7744E6	
830	-3.2700E-1	7.4511E2	1.1844E0	1.7744E6	
831	-3.2700E-1	7.4511E2	1.1844E0	1.7744E6	
832	-3.2700E-1	7.4511E2	1.1844E0	1.7744E6	
833	-3.2700E-1	7.4511E2	1.1844E0	1.7744E6	
834	-3.2700E-1	7.4511E2	1.1844E0	1.7744E6	
835	-3.2700E-1	7.4511E2	1.1844E0	1.7744E6	
836	-3.2700E-1	7.4511E2	1.1844E0	1.7744E6	
837	-3.2700E-1	7.4511E2	1.1844E0	1.7744E6	
838	-3.2700E-1	7.4511E2	1.1844E0	1.7744E6	
839	-3.2700E-1	7.4511E2	1.1844E0	1.7744E6	
840	-3.2700E-1	7.4511E2	1.1844E0	1.7744E6	
841	-3.2700E-1	7.4511E2	1.1844E0	1.7744E6	
842	-3.2700E-1	7.4511E2	1.1844E0	1.7744E6	
843	-3.2700E-1	7.4511E2	1.1844E0	1.7744E6	
844	-3.2700E-1	7.4511E2	1.1844E0	1.7744E6	
845	-3.2700E-1	7.4511E2	1.1844E0	1.7744E6	
846	-3.2700E-1	7.4511E2	1.1844E0	1.7744E6	
847	-3.2700E-1	7.4511E2	1.1844E0	1.7744E6	
848	-3.2700E-1	7.4511E2	1.1844E0	1.7744E6	
849	-3.2700E-1	7.4511E2	1.1844E0	1.7744E6	
850	-3.2700E-1	7.4511E2	1.1844E0	1.7744E6	
851	-3.2700E-1	7.4511E2	1.1844E0	1.7744E6	
852	-3.2700E-1	7.4511E2	1.1844E0	1.7744E6	
853	-3.2700E-1	7.4511E2	1.1844E0	1.7744E6	
854	-3.2700E-1	7.4511E2	1.1844E0	1.7744E6	
855	-3.2700E-1	7.4511E2	1.1844E0	1.7744E6	
856	-3.2700E-1	7.4511E2	1.1844E0	1.7744E6	
857	-3.2700E-1	7.4511E2	1.1844E0	1.7744E6	
858	-3.2700E-1	7.4511E2	1.1844E0	1.7744E6	
859	-3.2700E-1	7.4511E2	1.1844E0	1.7744E6	
860	-3.2700E-1	7.4511E2	1.1844E0	1.7744E6	
861	-3.2700E-1	7.4511E2	1.1844E0	1.7744E6	
862	-3.2700E-1	7.4511E2	1.1844E0	1.7744E6	
863	-3.2700E-1	7.4511E2	1.1844E0	1.7744E6	
864	-3.2700E-1	7.4511E2	1.1844E0	1.7744E6	
865	-3.2700E-1	7.4511E2	1.1844E0	1.7744E6	
866	-3.2700E-1	7.4511E2	1.1844E0	1.7744E6	
867	-3.2700E-1	7.4511E2	1.1844E0	1.7744E6	
868	-3.2700E-1	7.4511E2	1.1844E0	1.7744E6	
869	-3.2700E-1	7.4511E2	1.1844E0	1.7744E6	
870	-3.2700E-1	7.4511E2	1.1844E0	1.7744E6	
871	-3.2700E-1	7.4511E2	1.1844E0	1.7744E6	
872	-3.2700E-1	7.4511E2	1.1844E0	1.7744E6	
873	-3.2700E-1	7.4511E2	1.1844E0	1.7744E6	
874	-3.2700E-1	7.4511E2	1.1844E0	1.7744E6	
875	-3.2700E-1	7.4511E2	1.1844E0	1.7744E6	
876	-3.2700E-1	7.4511E2	1.1844E0	1.7744E6	
877	-3.2700E-1	7.4511E2	1.1844E0	1.7744E6	
878	-3.2700E-1	7.4511E2	1.1844E0	1.7744E6	
879	-3.2700E-1	7.4511E2	1.1844E0	1.7744E6	
880	-3.2700E-1	7.4511E2	1.1844E0	1.7744E6	
881	-3.2700E-1	7.4511E2	1.1844E0	1.7744E6	
882	-3.2700E-1	7.4511E2	1.1844E0	1.7744E6	
883	-3.2700E-1	7.4511E2	1.1844E0	1.7744E6	
884	-3.2700E-1	7.4511E2	1.1844E0	1.7744E6	
885	-3.2700E-1	7.4511E2	1.1844E0	1.7744E6	
886	-3.2700E-1	7.4511E2	1.1844E0	1.7744E6	
887	-3.2700E-1	7.4511E2	1.1844E0	1.7744E6	
888	-3.2700E-1	7.4511E2	1.1844E0	1.7744E6	
889	-3.2700E-1	7.4511E2	1.1844E0	1.7744E6	
890	-3.2700E-1	7.4511E2	1.1844E0	1.7744E6	
891	-3.2700E-1	7.4511E2	1.1844E0	1.7744E6	
892	-3.2700E-1	7.4511E2	1.1844E0	1.7744E6	
893	-3.2700E-1	7.4511E2	1.1844E0	1.7744E6	
894	-3.2700E-1	7.4511E2	1.1844E0	1.7744E6	
895	-3.2700E-1	7.4511E2	1.1844E0	1.7744E6	
896	-3.2700E-1	7.4511E2	1.1844E0	1.7744E6	
897	-3.2700E-1	7.4511E2	1.1844E0	1.7744E6	
898	-3.2700E-1	7.4511E2	1.1844E0	1.7744E6	
899	-3.2700E-1	7.4511E2	1.1844E0	1.7744E6	
900	-3.2700E-1	7.4511E2	1.1844E0	1.7744E6	
901	-3.2700E-1	7.4511E2	1.1844E0	1.7744E6	
902	-3.2700E-1	7.4511E2	1.1844E0	1.7744E6	
903	-3.2700E-1	7.4511E2	1.1844E0	1.7744E6	
904	-3.2700E-1	7.4511E2	1.1844E0	1.7744E6	
905	-3.2700E-1	7.4511E2	1.1844E0	1.7744E6	
906	-3.2700E-1	7.4511E2	1.1844E0	1.7744E6	
907	-3.2700E-1	7.4511E2	1.1844E0	1.7744E6	
908	-3.2700E-1	7.4511E2	1.1844E0	1.7744E6	
909	-3.2700E-1	7.4511E2	1.1844E0	1.7744E6	
910	-3.2700E-1	7.4511E2	1.1844E0	1.7744E6	
911	-3.2700E-1	7.4511E2	1.1844E0	1.7744E6	
912	-3.2700E-1	7.4511E2	1.1844E0	1.7744E6	
913	-3.2700E-1	7.4511E2	1.1844E0	1.7744E6	
914	-3.2700E-1	7.4511E2	1.1844E0	1.7744E6	
915	-3.2700E-1	7.4511E2	1.1844E0	1.7744E6	
916	-3.2700E-1	7.4511E2	1.1844E0	1.7744E6	
917	-3.2700E-1	7.4511E2	1.1844E0	1.7744E6	
918	-3.2700E-1	7.4511E2	1.1844E0	1.7744E6	
919	-3.2700E-1	7.4511E2	1.1844E0	1.7744E6	
920	-3.2700E-1	7.4511E2	1.1844E0	1.7744E6	
921	-3.2700E-1	7.4511E2	1.1844E0	1.7744E6	
922	-3.2700E-1	7.4511E2	1.1844E0	1.7744E6	
923	-3.2700E-1	7.4511E2	1.1844E0	1.7744E6	
924	-3.2700E-1	7.4511E2	1.1844E0	1.7744E6	
925	-3.2700E-1	7.4511E2	1.1844E0	1.7744E6	
926	-3.2700E-1	7.4511E2	1.1844E0	1.7744E6	
927	-3.2700E-1	7.4511E2	1.1844E0	1.7744E6	
928	-3.2700E-1	7.4511E2	1.1844E0	1.7744E6	
929	-3.2700E-1	7.4511E2	1.1844E0	1.7744E6	
930	-3.2700E-1	7.4511E2	1.1844E0	1.7744E6	
931	-3.2700E-1	7.4511E2	1.1844E0	1.7744E6	
932	-3.2700E-1	7.4511E2	1.1844E0	1.7744E6	
933	-3.2700E-1	7.4511E2	1.1844E0	1.7744E6	
934	-3.2700E-1	7.4511E2	1.1844E0	1.7744E6	
935	-3.2700E-1	7.4511E2	1.1844E0	1.7744E6	
936	-3.2700E-1	7.4511E2	1.1844E0	1.7744E6	
937	-3.2700E-1	7.4511E2	1.1844E0	1.7744E6	
938	-3.2700E-1	7.4511E2	1.1844E0	1.7744E6	
939	-3.2700E-1	7.4511E2	1.1844E0	1.7744E6	
940	-3.2700E-1	7.4511E2	1.1844E0	1.7744E6	
941	-3.2700E-1	7.4511E2	1.1844E0	1.7744E6	
942	-3.2700E-1	7.4511E2	1.1844E0	1.7744E6	
943	-3.2700E-1	7.4511E2	1.1844E0	1.7744E6	
944	-3.2700E-1	7.4511E2	1.1844E0	1.7744E6	
945	-3.2700E-1	7.4511E2	1.1844E0	1.7744E6	
946	-3.2700E-1	7.4511E2	1.1844E0	1.7744E6	
947	-3.2700E-1	7.4511E2	1.1844E0	1.7744E6	
948	-3.2700E-1	7.4511E2	1.1844E0	1.7744E6	
949	-3.2700E-1	7.4511E2	1.1844E0	1.7744E6	
950	-3.2700E-1	7.4511E2	1.1844E0	1.7744E6	
951	-3.2700E-1	7.4511E2	1.1844E0	1.7744E6	
952	-3.2700E-1	7.4511E2	1.1844E0	1.7744E6	
953	-3.2700E-1	7.4511E2	1.1844E0	1.7744E6	
954	-3.2700E-1	7.4511E2	1.1844E0	1.7744E6	
955	-3.2700E-1	7.4511E2	1.1844E0	1.7744E6	
956	-3.2700E-1	7.4511E2	1.1844E0	1.7744E6	
957	-3.2700E-1	7.4511E2	1.1844E0	1.7744E6	
958	-3.2700E-1	7.4511E2	1.1844E0	1.7744E6	
959	-3.2700E-1	7.4511E2	1.1844E0	1.7744E6	
960	-3.2700E-1	7.4511E2	1.1844E0	1.7744E6	
961	-3.2700E-1	7.4511E2	1.1844E0	1.7744E6	
962	-3.2700E-1	7.4511E2	1.1844E0	1.7744E6	
963	-3.2700E-1	7.4511E2	1.1844E0	1.7744E6	
964	-3.2700E-1	7.4511E2	1.1844E0	1.7744E6	
965	-3.2700E-1	7.4511E2	1.1844E0	1.7744E6	
966	-3.2700E-1	7.4511E2	1.1844E0	1.7744E6	
967	-3.2700E-1	7.4511E2	1.1844E0	1.7744E6	
968	-3.2700E-1	7.4511E2	1.1844E0	1.7744E6	
969	-3.2700E-1	7.4511E2	1.1844E0	1.7744E6	
970	-3.2700E-1	7.4511E2	1.1844E0	1.7744E6	
971	-3.2700E-1	7.4511E2	1.1844E0	1.7744E6	
972	-3.2700E-1	7.4511E2	1.1844E0	1.7744E6	
973	-3.2700E-1	7.4511E2	1.1844E0	1.7744E6	
974	-3.2700E-1	7.4511E2	1.1844E0	1.7744E6	
975	-3.2700E-1	7.4511E2	1.1844E0	1.7744E6	
976	-3.2700E-1	7.4511E2	1.1844E0	1.7744E6	
977	-3.2700E-1	7.4511E2	1.1844E0	1.7744E6	
978	-3.2700E-1	7.4511E2	1.1844E0	1.7744E6	
979	-3.2700E-1	7.4511E2	1.1844E0	1.7744E6	
980	-3.2700E-1	7.4511E2	1.1844E0	1.7744E6	
981	-3.2700E-1	7.4511E2	1.1844E0	1.7744E6	
982	-3.2700E-1	7.4511E2	1.1844E0	1.7744E6	
983	-3.2700E-1	7.4511E2	1.1844E0	1.7744E6	
984	-3.2700E-1	7.4511E2	1.1844E0	1.7744E6	
985	-3.2700E-1	7.4511E2	1.1844E0	1.7744E6	
986	-3.2700E-1	7.4511E2	1.1844E0	1.7744E6	
987	-3.2700E-1	7.4511E2	1.1844E0	1.7744E6	
988	-3.2700E-1	7.4511E2	1.1844E0	1.7744E6	
989	-3.2700E-1	7.4511E2	1.1844E0	1.7744E6	
990	-3.2700E-1	7.4511E2	1.1844E0	1.7744E6	
991	-3.2700E-1	7.4511E2	1.1844E0	1.7744E6	
992	-3.2700E-1	7.4511E2	1.1844E0	1.7744E6	
993	-3.2700E-1	7.4511E2	1.1844E0	1.7744E6	
994	-3.2700E-1	7.4511E2	1.1844E0	1.7744E6	
995	-3.2700E-1	7.4511E2	1.1844E0	1.7744E6	
996	-3.2700E-1	7.4511E2	1.1844E0	1.7744E6	
997	-3.2700E-1	7.4511E2	1.1844E0	1.7744E6	
998	-3.2700E-1	7.4511E2	1.1844E0	1.7744E6	
999	-3.2700E-1	7.4511E2	1.1844E0	1.7744E6	
1000	-3.2700E-1	7.4511E2	1.1844E0	1.7744E6	
1001	-3.2700E-1	7.4511E2	1.1844E0	1.7744E6	
1002	-3.2700E-1	7.4511E2	1.1844E0	1.7744E6	
1003	-3.2700E-1	7.4511E2	1.1844E0	1.7744E6	
1004	-3.2700E-1	7.4511E2	1.1844E0	1.7744E6	
1005	-3.2700E-1	7.4511E2	1.1844E0	1.7744E6	
1006	-3.2700E-1	7.4511E2	1.1844E0	1.7744E6	
1007	-3.2700E-1	7.4511E2	1.1844E0	1.7744E6	
1008	-3.2700E-1	7.4511E2	1.1844E0	1.7744E6	
1009	-3.2700E-1	7.4511E2	1.1844E0	1.7744E6	
1010	-3.2700E-1	7.4511E2	1.1844E0	1.7744E6	
1011	-3.2700E-1	7.4511E2	1.1844E0	1.7744E6	
1012	-3.2700E-1	7.4511E2	1.1844E0	1.7744E6	
1013	-3.2700E-1	7.4511E2	1.1844E0	1.7744E6	
1014	-3.2700E-1	7.4511E2	1.1844E0	1.7744E6	
1015	-3.2700E-1	7.4511E2	1.1844E0	1.7744E6	
1016	-3.2700E-1	7.4511E2	1.1844E0	1.7744E6	
1017	-3.2700E-1	7.4511E2	1.1844E0	1.7744E6	
1018	-3.2700E-1	7.4511E2	1.1844E0	1.7744E6	
1019	-3.2700E-1	7.4511E2	1.1844E0	1.7744E6	
1020	-3.2700E-1	7.4511E2	1.1844E0	1.7744E6	
1021	-3.2700E-1	7.4511E2	1.1844E0	1.7744E6	
1022	-3.2700E-1	7.4511E2	1.1844E0	1.7744E6	
1023	-3.2700E-1	7.4511E2	1.1844E0	1.7744E6	
1024	-3.2700E-1	7.4511E2	1.1844E0	1.7744E6	
1025	-3.2890E-1	7.4228E2	1.1844E0	1.7744E6	
1026	-3.9230E-1	6.4819E2	1.1855E0	1.7766E6	
1027	-4.3465E-1	5.8535E2	1.1881E0	1.7788E6	
1028	-4.7607E-1	5.2387E2	1.1911E0	1.7810E6	
1029	-5.0484E-1	4.8118E2	1.1944E0	1.7833E6	
1030	-5.4047E-1	4.2830E2	1.1979E0	1.7855E6	
1031	-5.6717E-1	3.8868E2	1.2016E0	1.7877E6	
1032	-5.9753E-1	3.4361E2	1.2054E0	1.7899E6	
1033	-6.2607E-1	3.0127E2	1.2093E0	1.7921E6	
1034	-6.5430E-1	2.5937E2	1.2134E0	1.7944E6	
1035	-6.7833E-1	2.2371E2	1.2174E0	1.7966E6	
1036	-7.0511E-1	1.8396E2	1.2215E0	1.7988E6	
1037	-7.1625E-1	1.6743E2	1.2256E0	1.8010E6	
1038	-7.2792E-1	1.5011E2	1.2299E0	1.8032E6	
1039	-7.1846E-1	1.6415E2	1.2342E0	1.8055E6	
1040	-6.8588E-1	2.1250E2	1.2385E0	1.8077E6	
1041	-6.7352E-1	2.3084E2	1.2429E0	1.8099E6	
1042	-6.7467E-1	2.2914E2	1.2472E0	1.8121E6	
1043	-6.7322E-1	2.3129E2	1.2516E0	1.8143E6	
1044	-6.7329E-1	2.3118E2	1.2561E0	1.8166E6	
1045	-6.7421E-1	2.2982E2	1.2605E0	1.8188E6	
1046	-6.7398E-1	2.3016E2	1.2650E0	1.8210E6	
1047	-6.7177E-1	2.3344E2	1.2695E0	1.8232E6	
1048	-6.7352E-1	2.3084E2	1.2740E0	1.8254E6	
1049	-6.7406E-1	2.3005E2	1.2784E0	1.8277E6	
1050	-6.7421E-1	2.2982E2	1.2831E0	1.8299E6	
1051	-6.7451E-1	2.2937E2	1.2876E0	1.8321E6	
1052	-6.7429E-1	2.2971E2	1.2922E0	1.8343E6	
1053	-6.7299E-1	2.3163E2	1.2967E0	1.8365E6	
1054	-6.7467E-1	2.2914E2	1.3014E0	1.8388E6	
1055	-6.7558E-1	2.2778E2	1.3060E0	1.8410E6	
1056	-6.7406E-1	2.3005E2	1.3107E0	1.8432E6	
1057	-6.7375E-1	2.3050E2	1.3152E0	1.8454E6	
1058	-6.7444E-1	2.2948E2	1.3200E0	1.8476E6	
1059	-6.7429E-1	2.2971E2	1.3246E0	1.8499E6	
1060	-6.7123E-1	2.3424E2	1.3293E0	1.8521E6	
1061	-6.7833E-1	2.2371E2	1.3339E0	1.8543E6	
1062	-6.7451E-1	2.2937E2	1.3387E0	1.8565E6	
1063	-6.7467E-1	2.2914E2	1.3434E0	1.8587E6	
1064	-6.7352E-1	2.3084E2	1.3482E0	1.8610E6	
1065	-6.7848E-1	2.2348E2	1.3528E0	1.8632E6	
1066	-6.7535E-1	2.2812E2	1.3576E0	1.8654E6	
1067	-6.7757E-1	2.2484E2	1.3624E0	1.8676E6	
1068	-6.7474E-1	2.2903E2	1.3672E0	1.8698E6	
1069	-6.7642E-1	2.2654E2	1.3718E0	1.8721E6	
1070	-6.7398E-1	2.3016E2	1.3766E0	1.8743E6	
1071	-6.7696E-1	2.2574E2	1.3814E0	1.8765E6	
1072	-6.7520E-1	2.2835E2	1.3861E0	1.8787E6	
1073	-6.7734E-1	2.2518E2	1.3910E0	1.8809E6	
1074	-6.7818E-1	2.2393E2	1.3958E0	1.8832E6	
1075	-6.7604E-1	2.2710E2	1.4006E0	1.8854E6	
1076	-6.7619E-1	2.2688E2	1.4054E0	1.8876E6	
1077	-6.7657E-1	2.2631E2	1.4102E0	1.8898E6	
1078	-6.7535E-1	2.2812E2	1.4150E0	1.8920E6	
1079	-6.7551E-1	2.2790E2	1.4200E0	1.8943E6	
1080	-6.7627E-1	2.2676E2	1.4247E0	1.8965E6	
1081	-6.7688E-1	2.2586E2	1.4296E0	1.8987E6	
1082	-6.7802E-1	2.2416E2	1.4346E0	1.9009E6	
1083	-6.7665E-1	2.2620E2	1.4393E0	1.9031E6	
1084	-6.7673E-1	2.2608E2	1.4442E0	1.9054E6	
1085	-6.7863E-1	2.2325E2	1.4491E0	1.9076E6	
1086	-6.7665E-1	2.2620E2	1.4540E0	1.9098E6	
1087	-6.7650E-1	2.2642E2	1.4590E0	1.9120E6	
1088	-6.7795E-1	2.2427E2	1.4639E0	1.9142E6	
1089	-6.7780E-1	2.2450E2	1.4688E0	1.9165E6	
1090	-6.7924E-1	2.2235E2	1.4737E0	1.9187E6	
1091	-6.7360E-1	2.3073E2	1.4786E0	1.9209E6	
1092	-6.8001E-1	2.2121E2	1.4836E0	1.9231E6	
1093	-6.7810E-1	2.2405E2	1.4885E0	1.9253E6	
1094	-6.7757E-1	2.2484E2	1.4934E0	1.9276E6	
1095	-6.7970E-1	2.2167E2	1.4985E0	1.9298E6	
1096	-6.7879E-1	2.2303E2	1.5033E0	1.9320E6	
1097	-6.7932E-1	2.2223E2	1.5083E0	1.9342E6	
1098	-6.7780E-1	2.2450E2	1.5133E0	1.9364E6	
1099	-6.7734E-1	2.2518E2	1.5182E0	1.9387E6	
1100	-6.8115E-1	2.1952E2	1.5233E0	1.9409E6	
1101	-6.7947E-1	2.2201E2	1.5282E0	1.9431E6	
1102	-6.7902E-1	2.2269E2	1.5334E0	1.9453E6	
1103	-6.7886E-1	2.2291E2	1.5383E0	1.9475E6	
1104	-6.7955E-1	2.2189E2	1.5433E0	1.9498E6	
1105	-6.7978E-1	2.2155E2	1.5483E0	1.9520E6	
1106	-6.8199E-1	2.1827E2	1.5533E0	1.9542E6	
1107	-6.8237E-1	2.1770E2	1.5585E0	1.9564E6	
1108	-6.8047E-1	2.2054E2	1.5634E0	1.9586E6	
1109	-6.8375E-1	2.1567E2	1.5685E0	1.9609E6	
1110	-6.8047E-1	2.2054E2	1.5735E0	1.9631E6	
1111	-6.8092E-1	2.1986E2	1.5786E0	1.9653E6	
1112	-6.8169E-1	2.1872E2	1.5837E0	1.9675E6	
1113	-6.8344E-1	2.1612E2	1.5887E0	1.9697E6	
1114	-6.8123E-1	2.1940E2	1.5938E0	1.9720E6	
1115	-6.8169E-1	2.1872E2	1.5988E0	1.9742E6	
1116	-6.8138E-1	2.1918E2	1.6040E0	1.9764E6	
1117	-6.8352E-1	2.1601E2	1.6090E0	1.9786E6	
1118	-6.8367E-1	2.1578E2	1.6142E0	1.9808E6	
1119	-6.8558E-1	2.1295E2	1.6193E0	1.9831E6	
1120	-6.8474E-1	2.1419E2	1.6244E0	1.9853E6	
1121	-6.8466E-1	2.1431E2	1.6295E0	1.9875E6	
1122	-6.8184E-1	2.1850E2	1.6347E0	1.9897E6	
1123	-6.8588E-1	2.1250E2	1.6397E0	1.9919E6	
1124	-6.8382E-1	2.1555E2	1.6449E0	1.9942E6	
1125	-6.8481E-1	2.1408E2	1.6500E0	1.9964E6	
1126	-6.8428E-1	2.1487E2	1.6552E0	1.9986E6	
1127	-6.8619E-1	2.1204E2	1.6604E0	2.0008E6	
1128	-6.8413E-1	2.1510E2	1.6656E0	2.0030E6	
1129	-6.8649E-1	2.1159E2	1.6707E0	2.0053E6	
1130	-6.8520E-1	2.1352E2	1.6759E0	2.0075E6	
1131	-6.8512E-1	2.1363E2	1.6812E0	2.0097E6	
1132	-6.8672E-1	2.1125E2	1.6862E0	2.0119E6	
1133	-6.8703E-1	2.1080E2	1.6915E0	2.0141E6	
1134	-6.8672E-1	2.1125E2	1.6967E0	2.0164E6	
1135	-6.8771E-1	2.0978E2	1.7018E0	2.0186E6	
1136	-6.8764E-1	2.0989E2	1.7071E0	2.0208E6	
1137	-6.8665E-1	2.1136E2	1.7123E0	2.0230E6	
1138	-6.8687E-1	2.1102E2	1.7175E0	2.0252E6	
1139	-6.8779E-1	2.0967E2	1.7227E0	2.0275E6	
1140	-6.8825E-1	2.0899E2	1.7279E0	2.0297E6	
1141	-6.8947E-1	2.0717E2	1.7333E0	2.0319E6	
1142	-6.8939E-1	2.0729E2	1.7384E0	2.0341E6	
1143	-6.8810E-1	2.0921E2	1.7436E0	2.0363E6	
1144	-6.8802E-1	2.0933E2	1.7490E0	2.0386E6	
1145	-6.8718E-1	2.1057E2	1.7542E0	2.0408E6	
1146	-6.8886E-1	2.0808E2	1.7595E0	2.0430E6	
1147	-6.8703E-1	2.1080E2	1.7648E0	2.0452E6	
1148	-6.8855E-1	2.0853E2	1.7700E0	2.0474E6	
1149	-6.8878E-1	2.0819E2	1.7753E0	2.0497E6	
1150	-6.8817E-1	2.0910E2	1.7806E0	2.0519E6	
1151	-6.8741E-1	2.1023E2	1.7860E0	2.0541E6	
1152	-6.8901E-1	2.0785E2	1.7912E0	2.0563E6	
1153	-6.8947E-1	2.0717E2	1.7966E0	2.0585E6	
1154	-6.8947E-1	2.0717E2	1.8018E0	2.0608E6	
1155	-6.8909E-1	2.0774E2	1.8072E0	2.0630E6	
1156	-6.8977E-1	2.0672E2	1.8124E0	2.0652E6	
1157	-6.8932E-1	2.0740E2	1.8178E0	2.0674E6	
1158	-6.8947E-1	2.0717E2	1.8231E0	2.0696E6	
1159	-6.9122E-1	2.0457E2	1.8284E0	2.0719E6	
1160	-6.8993E-1	2.0650E2	1.8338E0	2.0741E6	
1161	-6.9016E-1	2.0616E2	1.8392E0	2.0763E6	
1162	-6.9237E-1	2.0287E2	1.8446E0	2.0785E6	
1163	-6.9069E-1	2.0536E2	1.8499E0	2.0807E6	
1164	-6.9008E-1	2.0627E2	1.8553E0	2.0830E6	
1165	-6.9412E-1	2.0027E2	1.8607E0	2.0852E6	
1166	-6.9252E-1	2.0265E2	1.8661E0	2.0874E6	
1167	-6.9206E-1	2.0333E2	1.8714E0	2.0896E6	
1168	-6.9183E-1	2.0366E2	1.8768E0	2.0918E6	
1169	-6.9267E-1	2.0242E2	1.8821E0	2.0941E6	
1170	-6.9122E-1	2.0457E2	1.8876E0	2.0963E6	
1171	-6.9336E-1	2.0140E2	1.8929E0	2.0985E6	
1172	-6.9061E-1	2.0548E2	1.8983E0	2.1007E6	
1173	-6.9420E-1	2.0015E2	1.9038E0	2.1029E6	
1174	-6.9084E-1	2.0514E2	1.9092E0	2.1052E6	
1175	-6.9443E-1	1.9982E2	1.9146E0	2.1074E6	
1176	-6.9229E-1	2.0299E2	1.9201E0	2.1096E6	
1177	-6.9244E-1	2.0276E2	1.9255E0	2.1118E6	
1178	-6.9427E-1	2.0004E2	1.9310E0	2.1140E6	
1179	-6.9450E-1	1.9970E2	1.9364E0	2.1163E6	
1180	-6.9298E-1	2.0197E2	1.9418E0	2.1185E6	
1181	-6.9214E-1	2.0321E2	1.9473E0	2.1207E6	
1182	-6.9359E-1	2.0106E2	1.9527E0	2.1229E6	
1183	-6.9344E-1	2.0129E2	1.9582E0	2.1251E6	
1184	-6.9473E-1	1.9936E2	1.9636E0	2.1274E6	
1185	-6.9427E-1	2.0004E2	1.9692E0	2.1296E6	
1186	-6.9397E-1	2.0049E2	1.9748E0	2.1318E6	
1187	-6.9359E-1	2.0106E2	1.9802E0	2.1340E6	
1188	-6.9405E-1	2.0038E2	1.9857E0	2.1362E6	
1189	-6.9443E-1	1.9982E2	1.9911E0	2.1385E6	
1190	-6.9313E-1	2.0174E2	1.9967E0	2.1407E6	
1191	-6.9656E-1	1.9664E2	2.0022E0	2.1429E6	
1192	-6.9580E-1	1.9778E2	2.0077E0	2.1451E6	
1193	-6.9824E-1	1.9415E2	2.0133E0	2.1473E6	
1194	-6.9580E-1	1.9778E2	2.0188E0	2.1496E6	
1195	-6.9626E-1	1.9710E2	2.0243E0	2.1518E6	
1196	-6.9633E-1	1.9698E2	2.0297E0	2.1540E6	
1197	-6.9748E-1	1.9529E2	2.0353E0	2.1562E6	
1198	-6.9725E-1	1.9563E2	2.0409E0	2.1584E6	
1199	-6.9778E-1	1.9483E2	2.0464E0	2.1607E6	
1200	-6.9733E-1	1.9551E2	2.0520E0	2.1629E6	
1201	-6.9771E-1	1.9495E2	2.0575E0	2.1651E6	
1202	-6.9550E-1	1.9823E2	2.0631E0	2.1673E6	
1203	-6.9916E-1	1.9280E2	2.0687E0	2.1695E6	
1204	-6.9878E-1	1.9336E2	2.0743E0	2.1718E6	
1205	-6.9901E-1	1.9302E2	2.0799E0	2.1740E6	
1206	-6.9878E-1	1.9336E2	2.0854E0	2.1762E6	
1207	-6.9748E-1	1.9529E2	2.0910E0	2.1784E6	
1208	-6.9893E-1	1.9313E2	2.0967E0	2.1806E6	
1209	-6.9984E-1	1.9178E2	2.1022E0	2.1829E6	
1210	-6.9893E-1	1.9313E2	2.1078E0	2.1851E6	
1211	-7.0061E-1	1.9064E2	2.1135E0	2.1873E6	
1212	-6.9992E-1	1.9166E2	2.1190E0	2.1895E6	
1213	-7.0137E-1	1.8951E2	2.1247E0	2.1917E6	
1214	-7.0114E-1	1.8985E2	2.1303E0	2.1940E6	
1215	-7.0206E-1	1.8849E2	2.1359E0	2.1962E6	
1216	-6.9923E-1	1.9268E2	2.1416E0	2.1984E6	
1217	-7.0122E-1	1.8974E2	2.1472E0	2.2006E6	
1218	-7.0160E-1	1.8917E2	2.1529E0	2.2028E6	
1219	-7.0198E-1	1.8861E2	2.1587E0	2.2051E6	
1220	-7.0137E-1	1.8951E2	2.1641E0	2.2073E6	
1221	-7.0465E-1	1.8464E2	2.1699E0	2.2095E6	
1222	-7.0465E-1	1.8464E2	2.1756E0	2.2117E6	
1223	-7.0320E-1	1.8679E2	2.1812E0	2.2139E6	
1224	-7.0312E-1	1.8691E2	2.1869E0	2.2162E6	
1225	-7.0206E-1	1.8849E2	2.1926E0	2.2184E6	
1226	-7.0442E-1	1.8498E2	2.1983E0	2.2206E6	
1227	-7.0190E-1	1.8872E2	2.2040E0	2.2228E6	
1228	-7.0305E-1	1.8702E2	2.2097E0	2.2250E6	
1229	-7.0160E-1	1.8917E2	2.2154E0	2.2273E6	
1230	-7.0328E-1	1.8668E2	2.2211E0	2.2295E6	
1231	-7.0641E-1	1.8204E2	2.2268E0	2.2317E6	
1232	-7.0404E-1	1.8555E2	2.2325E0	2.2339E6	
1233	-7.0404E-1	1.8555E2	2.2382E0	2.2361E6	
1234	-7.0312E-1	1.8691E2	2.2440E0	2.2384E6	
1235	-7.0633E-1	1.8215E2	2.2498E0	2.2406E6	
1236	-7.0213E-1	1.8838E2	2.2554E0	2.2428E6	
1237	-7.0656E-1	1.8181E2	2.2613E0	2.2450E6	
1238	-7.0465E-1	1.8464E2	2.2670E0	2.2472E6	
1239	-7.0633E-1	1.8215E2	2.2728E0	2.2495E6	
1240	-7.0511E-1	1.8396E2	2.2786E0	2.2517E6	
1241	-7.0671E-1	1.8159E2	2.2843E0	2.2539E6	
1242	-7.0503E-1	1.8408E2	2.2901E0	2.2561E6	
1243	-7.0549E-1	1.8340E2	2.2958E0	2.2583E6	
1244	-7.0351E-1	1.8634E2	2.3016E0	2.2606E6	
1245	-7.0679E-1	1.8147E2	2.3074E0	2.2628E6	
1246	-7.0183E-1	1.8883E2	2.3133E0	2.2650E6	
1247	-7.0549E-1	1.8340E2	2.3190E0	2.2672E6	
1248	-7.0610E-1	1.8249E2	2.3247E0	2.2694E6	
1249	-7.0435E-1	1.8510E2	2.3305E0	2.2717E6	
1250	-7.0755E-1	1.8034E2	2.3363E0	2.2739E6	
1251	-7.0518E-1	1.8385E2	2.3422E0	2.2761E6	
1252	-7.0740E-1	1.8057E2	2.3480E0	2.2783E6	
1253	-7.0808E-1	1.7955E2	2.3539E0	2.2805E6	
1254	-7.0656E-1	1.8181E2	2.3596E0	2.2828E6	
1255	-7.0816E-1	1.7943E2	2.3654E0	2.2850E6	
1256	-7.0641E-1	1.8204E2	2.3714E0	2.2872E6	
1257	-7.0602E-1	1.8260E2	2.3772E0	2.2894E6	
1258	-7.0724E-1	1.8079E2	2.3831E0	2.2916E6	
1259	-7.0976E-1	1.7706E2	2.3889E0	2.2939E6	
1260	-7.0976E-1	1.7706E2	2.3946E0	2.2961E6	
1261	-7.0824E-1	1.7932E2	2.4006E0	2.2983E6	
1262	-7.0732E-1	1.8068E2	2.4064E0	2.3005E6	
1263	-7.1022E-1	1.7638E2	2.4123E0	2.3027E6	
1264	-7.0763E-1	1.8023E2	2.4182E0	2.3050E6	
1265	-7.1106E-1	1.7513E2	2.4241E0	2.3072E6	
1266	-7.1091E-1	1.7536E2	2.4299E0	2.3094E6	
1267	-7.0763E-1	1.8023E2	2.4359E0	2.3116E6	
1268	-7.0930E-1	1.7774E2	2.4417E0	2.3138E6	
1269	-7.1053E-1	1.7592E2	2.4476E0	2.3161E6	
1270	-7.0946E-1	1.7751E2	2.4535E0	2.3183E6	
1271	-7.1281E-1	1.7253E2	2.4595E0	2.3205E6	
1272	-7.0808E-1	1.7955E2	2.4653E0	2.3227E6	
1273	-7.0793E-1	1.7977E2	2.4712E0	2.3249E6	
1274	-7.1182E-1	1.7400E2	2.4772E0	2.3272E6	
1275	-7.1159E-1	1.7434E2	2.4831E0	2.3294E6	
1276	-7.1159E-1	1.7434E2	2.4890E0	2.3316E6	
1277	-7.1075E-1	1.7558E2	2.4950E0	2.3338E6	
1278	-7.0976E-1	1.7706E2	2.5009E0	2.3360E6	
1279	-7.1091E-1	1.7536E2	2.5069E0	2.3383E6	
1280	-7.1159E-1	1.7434E2	2.5128E0	2.3405E6	
1281	-7.1358E-1	1.7140E2	2.5187E0	2.3427E6	
1282	-7.1465E-1	1.6981E2	2.5248E0	2.3449E6	
1283	-7.1129E-1	1.7479E2	2.5307E0	2.3471E6	
1284	-7.1259E-1	1.7287E2	2.5366E0	2.3494E6	
1285	-7.1510E-1	1.6913E2	2.5426E0	2.3516E6	
1286	-7.1548E-1	1.6856E2	2.5486E0	2.3538E6	
1287	-7.1312E-1	1.7207E2	2.5546E0	2.3560E6	
1288	-7.1609E-1	1.6766E2	2.5606E0	2.3582E6	
1289	-7.1518E-1	1.6902E2	2.5667E0	2.3605E6	
1290	-7.1434E-1	1.7026E2	2.5726E0	2.3627E6	
1291	-7.1365E-1	1.7128E2	2.5786E0	2.3649E6	
1292	-7.1457E-1	1.6992E2	2.5846E0	2.3671E6	
1293	-7.1510E-1	1.6913E2	2.5907E0	2.3693E6	
1294	-7.1648E-1	1.6709E2	2.5967E0	2.3716E6	
1295	-7.1739E-1	1.6573E2	2.6026E0	2.3738E6	
1296	-7.1579E-1	1.6811E2	2.6087E0	2.3760E6	
1297	-7.1404E-1	1.7072E2	2.6147E0	2.3782E6	
1298	-7.1701E-1	1.6630E2	2.6207E0	2.3804E6	
1299	-7.1411E-1	1.7060E2	2.6268E0	2.3827E6	
1300	-7.1571E-1	1.6823E2	2.6329E0	2.3849E6	
1301	-7.1625E-1	1.6743E2	2.6389E0	2.3871E6	
1302	-7.1648E-1	1.6709E2	2.6449E0	2.3893E6	
1303	-7.1556E-1	1.6845E2	2.6510E0	2.3915E6	
1304	-7.1609E-1	1.6766E2	2.6571E0	2.3938E6	
1305	-7.1945E-1	1.6268E2	2.6632E0	2.3960E6	
1306	-7.1632E-1	1.6732E2	2.6694E0	2.3982E6	
1307	-7.2021E-1	1.6154E2	2.6754E0	2.4004E6	
1308	-7.1968E-1	1.6234E2	2.6813E0	2.4026E6	
1309	-7.1739E-1	1.6573E2	2.6875E0	2.4049E6	
1310	-7.1838E-1	1.6426E2	2.6936E0	2.4071E6	
1311	-7.1655E-1	1.6698E2	2.6998E0	2.4093E6	
1312	-7.1899E-1	1.6336E2	2.7059E0	2.4115E6	
1313	-7.1556E-1	1.6845E2	2.7119E0	2.4137E6	
1314	-7.1953E-1	1.6256E2	2.7182E0	2.4160E6	
1315	-7.1983E-1	1.6211E2	2.7242E0	2.4182E6	
1316	-7.1938E-1	1.6279E2	2.7303E0	2.4204E6	
1317	-7.1808E-1	1.6472E2	2.7365E0	2.4226E6	
1318	-7.1983E-1	1.6211E2	2.7427E0	2.4248E6	
1319	-7.2021E-1	1.6154E2	2.7487E0	2.4271E6	
1320	-7.1976E-1	1.6222E2	2.7549E0	2.4293E6	
1321	-7.2067E-1	1.6087E2	2.7612E0	2.4315E6	
1322	-7.2121E-1	1.6007E2	2.7672E0	2.4337E6	
1323	-7.1777E-1	1.6517E2	2.7733E0	2.4359E6	
1324	-7.2121E-1	1.6007E2	2.7796E0	2.4382E6	
1325	-7.2021E-1	1.6154E2	2.7857E0	2.4404E6	
1326	-7.2128E-1	1.5996E2	2.7919E0	2.4426E6	
1327	-7.2060E-1	1.6098E2	2.7980E0	2.4448E6	
1328	-7.2220E-1	1.5860E2	2.8043E0	2.4470E6	
1329	-7.2311E-1	1.5724E2	2.8104E0	2.4493E6	
1330	-7.2151E-1	1.5962E2	2.8168E0	2.4515E6	
1331	-7.2121E-1	1.6007E2	2.8228E0	2.4537E6	
1332	-7.2456E-1	1.5509E2	2.8291E0	2.4559E6	
1333	-7.2258E-1	1.5803E2	2.8352E0	2.4581E6	
1334	-7.2189E-1	1.5905E2	2.8414E0	2.4604E6	
1335	-7.2250E-1	1.5815E2	2.8476E0	2.4626E6	
1336	-7.2556E-1	1.5362E2	2.8538E0	2.4648E6	
1337	-7.2357E-1	1.5656E2	2.8601E0	2.4670E6	
1338	-7.2380E-1	1.5622E2	2.8663E0	2.4692E6	
1339	-7.2418E-1	1.5566E2	2.8725E0	2.4715E6	
1340	-7.2403E-1	1.5588E2	2.8789E0	2.4737E6	
1341	-7.2342E-1	1.5679E2	2.8850E0	2.4759E6	
1342	-7.2548E-1	1.5373E2	2.8913E0	2.4781E6	
1343	-7.2357E-1	1.5656E2	2.8975E0	2.4803E6	
1344	-7.2441E-1	1.5532E2	2.9037E0	2.4826E6	
1345	-7.2548E-1	1.5373E2	2.9101E0	2.4848E6	
1346	-7.2464E-1	1.5498E2	2.9163E0	2.4870E6	
1347	-7.2395E-1	1.5600E2	2.9226E0	2.4892E6	
1348	-7.2388E-1	1.5611E2	2.9289E0	2.4914E6	
1349	-7.2609E-1	1.5283E2	2.9351E0	2.4937E6	
1350	-7.2624E-1	1.5260E2	2.9415E0	2.4959E6	
1351	-7.2632E-1	1.5249E2	2.9478E0	2.4981E6	
1352	-7.2342E-1	1.5679E2	2.9541E0	2.5003E6	
1353	-7.2685E-1	1.5169E2	2.9603E0	2.5025E6	
1354	-7.2601E-1	1.5294E2	2.9667E0	2.5048E6	
1355	-7.2594E-1	1.5305E2	2.9729E0	2.5070E6	
1356	-7.2830E-1	1.4954E2	2.9792E0	2.5092E6	
1357	-7.2754E-1	1.5068E2	2.9857E0	2.5114E6	
1358	-7.2983E-1	1.4728E2	2.9919E0	2.5136E6	
1359	-7.3082E-1	1.4581E2	2.9982E0	2.5159E6	
1360	-7.2861E-1	1.4909E2	3.0045E0	2.5181E6	
1361	-7.2960E-1	1.4762E2	3.0109E0	2.5203E6	
1362	-7.3021E-1	1.4671E2	3.0173E0	2.5225E6	
1363	-7.2952E-1	1.4773E2	3.0235E0	2.5247E6	
1364	-7.2914E-1	1.4830E2	3.0300E0	2.5270E6	
1365	-7.3151E-1	1.4479E2	3.0362E0	2.5292E6	
1366	-7.2830E-1	1.4954E2	3.0426E0	2.5314E6	
1367	-7.2876E-1	1.4886E2	3.0489E0	2.5336E6	
1368	-7.2914E-1	1.4830E2	3.0555E0	2.5358E6	
1369	-7.3151E-1	1.4479E2	3.0618E0	2.5381E6	
1370	-7.3013E-1	1.4683E2	3.0682E0	2.5403E6	
1371	-7.3227E-1	1.4366E2	3.0745E0	2.5425E6	
1372	-7.3021E-1	1.4671E2	3.0809E0	2.5447E6	
1373	-7.3181E-1	1.4433E2	3.0873E0	2.5469E6	
1374	-7.3036E-1	1.4649E2	3.0937E0	2.5492E6	
1375	-7.3181E-1	1.4433E2	3.1000E0	2.5514E6	
1376	-7.3143E-1	1.4490E2	3.1066E0	2.5536E6	
1377	-7.3143E-1	1.4490E2	3.1129E0	2.5558E6	
1378	-7.2990E-1	1.4717E2	3.1193E0	2.5580E6	
1379	-7.3250E-1	1.4332E2	3.1258E0	2.5603E6	
1380	-7.3143E-1	1.4490E2	3.1321E0	2.5625E6	
1381	-7.3067E-1	1.4603E2	3.1385E0	2.5647E6	
1382	-7.3135E-1	1.4501E2	3.1450E0	2.5669E6	
1383	-7.3418E-1	1.4082E2	3.1514E0	2.5691E6	
1384	-7.3372E-1	1.4150E2	3.1579E0	2.5714E6	
1385	-7.3151E-1	1.4479E2	3.1643E0	2.5736E6	
1386	-7.3204E-1	1.4399E2	3.1707E0	2.5758E6	
1387	-7.3387E-1	1.4128E2	3.1772E0	2.5780E6	
1388	-7.3357E-1	1.4173E2	3.1836E0	2.5802E6	
1389	-7.3418E-1	1.4082E2	3.1902E0	2.5825E6	
1390	-7.3402E-1	1.4105E2	3.1965E0	2.5847E6	
1391	-7.3463E-1	1.4015E2	3.2031E0	2.5869E6	
1392	-7.3616E-1	1.3788E2	3.2095E0	2.5891E6	
1393	-7.3586E-1	1.3833E2	3.2159E0	2.5913E6	
1394	-7.3502E-1	1.3958E2	3.2224E0	2.5936E6	
1395	-7.3532E-1	1.3913E2	3.2290E0	2.5958E6	
1396	-7.3532E-1	1.3913E2	3.2354E0	2.5980E6	
1397	-7.3570E-1	1.3856E2	3.2420E0	2.6002E6	
1398	-7.3410E-1	1.4094E2	3.2484E0	2.6024E6	
1399	-7.3669E-1	1.3709E2	3.2549E0	2.6047E6	
1400	-7.3814E-1	1.3494E2	3.2614E0	2.6069E6	
1401	-7.3677E-1	1.3697E2	3.2680E0	2.6091E6	
1402	-7.3875E-1	1.3403E2	3.2744E0	2.6113E6	
1403	-7.3395E-1	1.4116E2	3.2809E0	2.6135E6	
1404	-7.3814E-1	1.3494E2	3.2875E0	2.6158E6	
1405	-7.3647E-1	1.3743E2	3.2939E0	2.6180E6	
1406	-7.3700E-1	1.3664E2	3.3005E0	2.6202E6	
1407	-7.3715E-1	1.3641E2	3.3070E0	2.6224E6	
1408	-7.3570E-1	1.3856E2	3.3136E0	2.6246E6	
1409	-7.3921E-1	1.3335E2	3.3203E0	2.6269E6	
1410	-7.3578E-1	1.3845E2	3.3267E0	2.6291E6	
1411	-7.3914E-1	1.3346E2	3.3332E0	2.6313E6	
1412	-7.3837E-1	1.3460E2	3.3398E0	2.6335E6	
1413	-7.3730E-1	1.3618E2	3.3464E0	2.6357E6	
1414	-7.3891E-1	1.3380E2	3.3530E0	2.6380E6	
1415	-7.3967E-1	1.3267E2	3.3595E0	2.6402E6	
1416	-7.3975E-1	1.3256E2	3.3661E0	2.6424E6	
1417	-7.4120E-1	1.3041E2	3.3727E0	2.6446E6	
1418	-7.4104E-1	1.3063E2	3.3793E0	2.6468E6	
1419	-7.4059E-1	1.3131E2	3.3858E0	2.6491E6	
1420	-7.3944E-1	1.3301E2	3.3924E0	2.6513E6	
1421	-7.4112E-1	1.3052E2	3.3990E0	2.6535E6	
1422	-7.3944E-1	1.3301E2	3.4056E0	2.6557E6	
1423	-7.4211E-1	1.2905E2	3.4122E0	2.6579E6	
1424	-7.4150E-1	1.2995E2	3.4188E0	2.6602E6	
1425	-7.4211E-1	1.2905E2	3.4255E0	2.6624E6	
1426	-7.4295E-1	1.2780E2	3.4320E0	2.6646E6	
1427	-7.4295E-1	1.2780E2	3.4386E0	2.6668E6	
1428	-7.4173E-1	1.2962E2	3.4452E0	2.6690E6	
1429	-7.4387E-1	1.2644E2	3.4519E0	2.6713E6	
1430	-7.4158E-1	1.2984E2	3.4585E0	2.6735E6	
1431	-7.4478E-1	1.2509E2	3.4652E0	2.6757E6	
1432	-7.4326E-1	1.2735E2	3.4718E0	2.6779E6	
1433	-7.4318E-1	1.2746E2	3.4785E0	2.6801E6	
1434	-7.4432E-1	1.2577E2	3.4851E0	2.6824E6	
1435	-7.4425E-1	1.2588E2	3.4918E0	2.6846E6	
1436	-7.4394E-1	1.2633E2	3.4984E0	2.6868E6	
1437	-7.4554E-1	1.2395E2	3.5051E0	2.6890E6	
1438	-7.4463E-1	1.2531E2	3.5118E0	2.6912E6	
1439	-7.4532E-1	1.2429E2	3.5184E0	2.6935E6	
1440	-7.4654E-1	1.2248E2	3.5250E0	2.6957E6	
1441	-7.4631E-1	1.2282E2	3.5317E0	2.6979E6	
1442	-7.4593E-1	1.2339E2	3.5384E0	2.7001E6	
1443	-7.4539E-1	1.2418E2	3.5451E0	2.7023E6	
1444	-7.4707E-1	1.2169E2	3.5518E0	2.7046E6	
1445	-7.4783E-1	1.2056E2	3.5585E0	2.7068E6	
1446	-7.4570E-1	1.2373E2	3.5652E0	2.7090E6	
1447	-7.4654E-1	1.2248E2	3.5720E0	2.7112E6	
1448	-7.4768E-1	1.2078E2	3.5786E0	2.7134E6	
1449	-7.4799E-1	1.2033E2	3.5853E0	2.7157E6	
1450	-7.4806E-1	1.2022E2	3.5922E0	2.7179E6	
1451	-7.4898E-1	1.1886E2	3.5988E0	2.7201E6	
1452	-7.4837E-1	1.1976E2	3.6055E0	2.7223E6	
1453	-7.4753E-1	1.2101E2	3.6123E0	2.7245E6	
1454	-7.4768E-1	1.2078E2	3.6190E0	2.7268E6	
1455	-7.4722E-1	1.2146E2	3.6258E0	2.7290E6	
1456	-7.5089E-1	1.1603E2	3.6324E0	2.7312E6	
1457	-7.4898E-1	1.1886E2	3.6392E0	2.7334E6	
1458	-7.4829E-1	1.1988E2	3.6460E0	2.7356E6	
1459	-7.5233E-1	1.1388E2	3.6527E0	2.7379E6	
1460	-7.5279E-1	1.1320E2	3.6594E0	2.7401E6	
1461	-7.5012E-1	1.1716E2	3.6661E0	2.7423E6	
1462	-7.4989E-1	1.1750E2	3.6729E0	2.7445E6	
1463	-7.5050E-1	1.1659E2	3.6797E0	2.7467E6	
1464	-7.4860E-1	1.1942E2	3.6864E0	2.7490E6	
1465	-7.5066E-1	1.1637E2	3.6932E0	2.7512E6	
1466	-7.5081E-1	1.1614E2	3.7000E0	2.7534E6	
1467	-7.5340E-1	1.1229E2	3.7068E0	2.7556E6	
1468	-7.5012E-1	1.1716E2	3.7137E0	2.7578E6	
1469	-7.4936E-1	1.1829E2	3.7203E0	2.7601E6	
1470	-7.5142E-1	1.1524E2	3.7272E0	2.7623E6	
1471	-7.5294E-1	1.1297E2	3.7340E0	2.7645E6	
1472	-7.5256E-1	1.1354E2	3.7408E0	2.7667E6	
1473	-7.5081E-1	1.1614E2	3.7476E0	2.7689E6	
1474	-7.5455E-1	1.1059E2	3.7544E0	2.7712E6	
1475	-7.5172E-1	1.1478E2	3.7613E0	2.7734E6	
1476	-7.5363E-1	1.1195E2	3.7681E0	2.7756E6	
1477	-7.5249E-1	1.1365E2	3.7748E0	2.7778E6	
1478	-7.5195E-1	1.1444E2	3.7817E0	2.7800E6	
1479	-7.5417E-1	1.1116E2	3.7886E0	2.7823E6	
1480	-7.5401E-1	1.1139E2	3.7953E0	2.7845E6	
1481	-7.5401E-1	1.1139E2	3.8022E0	2.7867E6	
1482	-7.5500E-1	1.0991E2	3.8091E0	2.7889E6	
1483	-7.5279E-1	1.1320E2	3.8159E0	2.7911E6	
1484	-7.5531E-1	1.0946E2	3.8227E0	2.7934E6	
1485	-7.5333E-1	1.1240E2	3.8296E0	2.7956E6	
1486	-7.5272E-1	1.1331E2	3.8365E0	2.7978E6	
1487	-7.5417E-1	1.1116E2	3.8433E0	2.8000E6	
1488	-7.5592E-1	1.0856E2	3.8501E0	2.8022E6	
1489	-7.5523E-1	1.0957E2	3.8570E0	2.8045E6	
1490	-7.5554E-1	1.0912E2	3.8639E0	2.8067E6	
1491	-7.5684E-1	1.0720E2	3.8707E0	2.8089E6	
1492	-7.5577E-1	1.0878E2	3.8776E0	2.8111E6	
1493	-7.5775E-1	1.0584E2	3.8845E0	2.8133E6	
1494	-7.5935E-1	1.0346E2	3.8913E0	2.8156E6	
1495	-7.5676E-1	1.0731E2	3.8982E0	2.8178E6	
1496	-7.5836E-1	1.0493E2	3.9052E0	2.8200E6	
1497	-7.5676E-1	1.0731E2	3.9121E0	2.8222E6	
1498	-7.5790E-1	1.0561E2	3.9190E0	2.8244E6	
1499	-7.5890E-1	1.0414E2	3.9260E0	2.8267E6	
1500	-7.5836E-1	1.0493E2	3.9328E0	2.8289E6	
1501	-7.5859E-1	1.0459E2	3.9398E0	2.8311E6	
1502	-7.5935E-1	1.0346E2	3.9466E0	2.8333E6	
1503	-7.5966E-1	1.0301E2	3.9537E0	2.8355E6	
1504	-7.5829E-1	1.0505E2	3.9605E0	2.8378E6	
1505	-7.6012E-1	1.0233E2	3.9675E0	2.8400E6	
1506	-7.5958E-1	1.0312E2	3.9742E0	2.8422E6	
1507	-7.5813E-1	1.0527E2	3.9813E0	2.8444E6	
1508	-7.6202E-1	9.9497E1	3.9882E0	2.8466E6	
1509	-7.6103E-1	1.0097E2	3.9953E0	2.8489E6	
1510	-7.6225E-1	9.9158E1	4.0021E0	2.8511E6	
1511	-7.6492E-1	9.5195E1	4.0091E0	2.8533E6	
1512	-7.5874E-1	1.0437E2	4.0160E0	2.8555E6	
1513	-7.6080E-1	1.0131E2	4.0230E0	2.8577E6	
1514	-7.5813E-1	1.0527E2	4.0300E0	2.8600E6	
1515	-7.5951E-1	1.0323E2	4.0369E0	2.8622E6	
1516	-7.6294E-1	9.8138E1	4.0440E0	2.8644E6	
1517	-7.6103E-1	1.0097E2	4.0509E0	2.8666E6	
1518	-7.6172E-1	9.9950E1	4.0578E0	2.8688E6	
1519	-7.6157E-1	1.0018E2	4.0650E0	2.8711E6	
1520	-7.6408E-1	9.6440E1	4.0719E0	2.8733E6	
1521	-7.6218E-1	9.9271E1	4.0788E0	2.8755E6	
1522	-7.6019E-1	1.0221E2	4.0858E0	2.8777E6	
1523	-7.6256E-1	9.8705E1	4.0928E0	2.8799E6	
1524	-7.6416E-1	9.6327E1	4.0999E0	2.8822E6	
1525	-7.6370E-1	9.7006E1	4.1068E0	2.8844E6	
1526	-7.6256E-1	9.8705E1	4.1139E0	2.8866E6	
1527	-7.6378E-1	9.6893E1	4.1208E0	2.8888E6	
1528	-7.6286E-1	9.8252E1	4.1279E0	2.8910E6	
1529	-7.6118E-1	1.0074E2	4.1349E0	2.8933E6	
1530	-7.6584E-1	9.3836E1	4.1418E0	2.8955E6	
1531	-7.6485E-1	9.5308E1	4.1489E0	2.8977E6	
1532	-7.6477E-1	9.5421E1	4.1560E0	2.8999E6	
1533	-7.6599E-1	9.3609E1	4.1630E0	2.9021E6	
1534	-7.6447E-1	9.5874E1	4.1701E0	2.9044E6	
1535	-7.6256E-1	9.8705E1	4.1770E0	2.9066E6	
1536	-7.6691E-1	9.2251E1	4.1841E0	2.9088E6	
1537	-7.6599E-1	9.3609E1	4.1912E0	2.9110E6	
1538	-7.6477E-1	9.5421E1	4.1982E0	2.9132E6	
1539	-7.6584E-1	9.3836E1	4.2053E0	2.9155E6	
1540	-7.6775E-1	9.1005E1	4.2124E0	2.9177E6	
1541	-7.6561E-1	9.4176E1	4.2194E0	2.9199E6	
1542	-7.6561E-1	9.4176E1	4.2265E0	2.9221E6	
1543	-7.6942E-1	8.8514E1	4.2336E0	2.9243E6	
1544	-7.6859E-1	8.9760E1	4.2406E0	2.9266E6	
1545	-7.6683E-1	9.2364E1	4.2477E0	2.9288E6	
1546	-7.6645E-1	9.2930E1	4.2548E0	2.9310E6	
1547	-7.6721E-1	9.1798E1	4.2618E0	2.9332E6	
1548	-7.6813E-1	9.0439E1	4.2690E0	2.9354E6	
1549	-7.6714E-1	9.1911E1	4.2760E0	2.9377E6	
1550	-7.6996E-1	8.7722E1	4.2832E0	2.9399E6	
1551	-7.6897E-1	8.9194E1	4.2902E0	2.9421E6	
1552	-7.6843E-1	8.9986E1	4.2973E0	2.9443E6	
1553	-7.6843E-1	8.9986E1	4.3045E0	2.9465E6	
1554	-7.7095E-1	8.6250E1	4.3116E0	2.9488E6	
1555	-7.7049E-1	8.6929E1	4.3187E0	2.9510E6	
1556	-7.7194E-1	8.4778E1	4.3258E0	2.9532E6	
1557	-7.7034E-1	8.7156E1	4.3329E0	2.9554E6	
1558	-7.6912E-1	8.8967E1	4.3400E0	2.9576E6	
1559	-7.7225E-1	8.4325E1	4.3472E0	2.9599E6	
1560	-7.7156E-1	8.5344E1	4.3543E0	2.9621E6	
1561	-7.6836E-1	9.0099E1	4.3614E0	2.9643E6	
1562	-7.7217E-1	8.4438E1	4.3686E0	2.9665E6	
1563	-7.7271E-1	8.3646E1	4.3757E0	2.9687E6	
1564	-7.7332E-1	8.2740E1	4.3829E0	2.9710E6	
1565	-7.7126E-1	8.5797E1	4.3900E0	2.9732E6	
1566	-7.7332E-1	8.2740E1	4.3971E0	2.9754E6	
1567	-7.7301E-1	8.3193E1	4.4043E0	2.9776E6	
1568	-7.7354E-1	8.2400E1	4.4114E0	2.9798E6	
1569	-7.7255E-1	8.3872E1	4.4186E0	2.9821E6	
1570	-7.7324E-1	8.2853E1	4.4257E0	2.9843E6	
1571	-7.7431E-1	8.1268E1	4.4329E0	2.9865E6	
1572	-7.7354E-1	8.2400E1	4.4401E0	2.9887E6	
1573	-7.7606E-1	7.8664E1	4.4472E0	2.9909E6	
1574	-7.7660E-1	7.7871E1	4.4544E0	2.9932E6	
1575	-7.7461E-1	8.0815E1	4.4616E0	2.9954E6	
1576	-7.7583E-1	7.9003E1	4.4687E0	2.9976E6	
1577	-7.7255E-1	8.3872E1	4.4760E0	2.9998E6	
1578	-7.7477E-1	8.0588E1	4.4831E0	3.0020E6	
1579	-7.7393E-1	8.1834E1	4.4903E0	3.0043E6	
1580	-7.7415E-1	8.1494E1	4.4975E0	3.0065E6	
1581	-7.7614E-1	7.8550E1	4.5047E0	3.0087E6	
1582	-7.7614E-1	7.8550E1	4.5119E0	3.0109E6	
1583	-7.7744E-1	7.6626E1	4.5192E0	3.0131E6	
1584	-7.7629E-1	7.8324E1	4.5264E0	3.0154E6	
1585	-7.7477E-1	8.0588E1	4.5335E0	3.0176E6	
1586	-7.7652E-1	7.7984E1	4.5407E0	3.0198E6	
1587	-7.7789E-1	7.5946E1	4.5480E0	3.0220E6	
1588	-7.7530E-1	7.9796E1	4.5552E0	3.0242E6	
1589	-7.7446E-1	8.1041E1	4.5624E0	3.0265E6	
1590	-7.7850E-1	7.5040E1	4.5696E0	3.0287E6	
1591	-7.7934E-1	7.3795E1	4.5769E0	3.0309E6	
1592	-7.7621E-1	7.8437E1	4.5841E0	3.0331E6	
1593	-7.7980E-1	7.3116E1	4.5913E0	3.0353E6	
1594	-7.7972E-1	7.3229E1	4.5985E0	3.0376E6	
1595	-7.7812E-1	7.5607E1	4.6057E0	3.0398E6	
1596	-7.7957E-1	7.3455E1	4.6129E0	3.0420E6	
1597	-7.7957E-1	7.3455E1	4.6202E0	3.0442E6	
1598	-7.7980E-1	7.3116E1	4.6275E0	3.0464E6	
1599	-7.8094E-1	7.1417E1	4.6347E0	3.0487E6	
1600	-7.7866E-1	7.4814E1	4.6419E0	3.0509E6	
1601	-7.7950E-1	7.3568E1	4.6492E0	3.0531E6	
1602	-7.8011E-1	7.2663E1	4.6564E0	3.0553E6	
1603	-7.8064E-1	7.1870E1	4.6637E0	3.0575E6	
1604	-7.7942E-1	7.3682E1	4.6708E0	3.0598E6	
1605	-7.8308E-1	6.8247E1	4.6782E0	3.0620E6	
1606	-7.8117E-1	7.1078E1	4.6854E0	3.0642E6	
1607	-7.7942E-1	7.3682E1	4.6927E0	3.0664E6	
1608	-7.8133E-1	7.0851E1	4.6999E0	3.0686E6	
1609	-7.8033E-1	7.2323E1	4.7072E0	3.0709E6	
1610	-7.8239E-1	6.9266E1	4.7144E0	3.0731E6	
1611	-7.8293E-1	6.8473E1	4.7217E0	3.0753E6	
1612	-7.8278E-1	6.8700E1	4.7290E0	3.0775E6	
1613	-7.7942E-1	7.3682E1	4.7363E0	3.0797E6	
1614	-7.8293E-1	6.8473E1	4.7435E0	3.0820E6	
1615	-7.8407E-1	6.6775E1	4.7508E0	3.0842E6	
1616	-7.8110E-1	7.1191E1	4.7581E0	3.0864E6	
1617	-7.8362E-1	6.7454E1	4.7654E0	3.0886E6	
1618	-7.8514E-1	6.5190E1	4.7726E0	3.0908E6	
1619	-7.8339E-1	6.7794E1	4.7799E0	3.0931E6	
1620	-7.8484E-1	6.5643E1	4.7872E0	3.0953E6	
1621	-7.8514E-1	6.5190E1	4.7946E0	3.0975E6	
1622	-7.8583E-1	6.4171E1	4.8019E0	3.0997E6	
1623	-7.8606E-1	6.3831E1	4.8091E0	3.1019E6	
1624	-7.8613E-1	6.3718E1	4.8164E0	3.1042E6	
1625	-7.8529E-1	6.4963E1	4.8238E0	3.1064E6	
1626	-7.8514E-1	6.5190E1	4.8309E0	3.1086E6	
1627	-7.8735E-1	6.1906E1	4.8383E0	3.1108E6	
1628	-7.8827E-1	6.0548E1	4.8457E0	3.1130E6	
1629	-7.8682E-1	6.2699E1	4.8530E0	3.1153E6	
1630	-7.8598E-1	6.3944E1	4.8603E0	3.1175E6	
1631	-7.8552E-1	6.4624E1	4.8676E0	3.1197E6	
1632	-7.8728E-1	6.2019E1	4.8749E0	3.1219E6	
1633	-7.8751E-1	6.1680E1	4.8822E0	3.1241E6	
1634	-7.8842E-1	6.0321E1	4.8895E0	3.1264E6	
1635	-7.8766E-1	6.1453E1	4.8969E0	3.1286E6	
1636	-7.9094E-1	5.6585E1	4.9042E0	3.1308E6	
1637	-7.8850E-1	6.0208E1	4.9116E0	3.1330E6	
1638	-7.8979E-1	5.8283E1	4.9188E0	3.1352E6	
1639	-7.9002E-1	5.7943E1	4.9262E0	3.1375E6	
1640	-7.8751E-1	6.1680E1	4.9335E0	3.1397E6	
1641	-7.9048E-1	5.7264E1	4.9409E0	3.1419E6	
1642	-7.8896E-1	5.9529E1	4.9482E0	3.1441E6	
1643	-7.8995E-1	5.8057E1	4.9556E0	3.1463E6	
1644	-7.9063E-1	5.7038E1	4.9628E0	3.1486E6	
1645	-7.8796E-1	6.1000E1	4.9702E0	3.1508E6	
1646	-7.8857E-1	6.0095E1	4.9776E0	3.1530E6	
1647	-7.9002E-1	5.7943E1	4.9850E0	3.1552E6	
1648	-7.9002E-1	5.7943E1	4.9923E0	3.1574E6	
1649	-7.9041E-1	5.7377E1	4.9996E0	3.1597E6	
1650	-7.8972E-1	5.8396E1	5.0070E0	3.1619E6	
1651	-7.9163E-1	5.5566E1	5.0143E0	3.1641E6	
1652	-7.9033E-1	5.7490E1	5.0216E0	3.1663E6	
1653	-7.9010E-1	5.7830E1	5.0291E0	3.1685E6	
1654	-7.9208E-1	5.4886E1	5.0364E0	3.1708E6	
1655	-7.8911E-1	5.9302E1	5.0437E0	3.1730E6	
1656	-7.9247E-1	5.4320E1	5.0511E0	3.1752E6	
1657	-7.9163E-1	5.5566E1	5.0585E0	3.1774E6	
1658	-7.9231E-1	5.4547E1	5.0659E0	3.1796E6	
1659	-7.9269E-1	5.3980E1	5.0732E0	3.1819E6	
1660	-7.9208E-1	5.4886E1	5.0806E0	3.1841E6	
1661	-7.9254E-1	5.4207E1	5.0881E0	3.1863E6	
1662	-7.9330E-1	5.3075E1	5.0954E0	3.1885E6	
1663	-7.9460E-1	5.1150E1	5.1028E0	3.1907E6	
1664	-7.9132E-1	5.6019E1	5.1102E0	3.1930E6	
1665	-7.9437E-1	5.1489E1	5.1176E0	3.1952E6	
1666	-7.9590E-1	4.9225E1	5.1250E0	3.1974E6	
1667	-7.9498E-1	5.0584E1	5.1324E0	3.1996E6	
1668	-7.9460E-1	5.1150E1	5.1398E0	3.2018E6	
1669	-7.9620E-1	4.8772E1	5.1472E0	3.2041E6	
1670	-7.9277E-1	5.3867E1	5.1546E0	3.2063E6	
1671	-7.9529E-1	5.0131E1	5.1619E0	3.2085E6	
1672	-7.9620E-1	4.8772E1	5.1693E0	3.2107E6	
1673	-7.9414E-1	5.1829E1	5.1767E0	3.2129E6	
1674	-7.9765E-1	4.6621E1	5.1842E0	3.2152E6	
1675	-7.9636E-1	4.8546E1	5.1915E0	3.2174E6	
1676	-7.9391E-1	5.2169E1	5.1990E0	3.2196E6	
1677	-7.9765E-1	4.6621E1	5.2063E0	3.2218E6	
1678	-7.9834E-1	4.5602E1	5.2138E0	3.2240E6	
1679	-7.9735E-1	4.7074E1	5.2212E0	3.2263E6	
1680	-7.9903E-1	4.4583E1	5.2286E0	3.2285E6	
1681	-7.9788E-1	4.6281E1	5.2360E0	3.2307E6	
1682	-7.9796E-1	4.6168E1	5.2434E0	3.2329E6	
1683	-7.9956E-1	4.3790E1	5.2509E0	3.2351E6	
1684	-7.9918E-1	4.4356E1	5.2583E0	3.2374E6	
1685	-7.9933E-1	4.4130E1	5.2657E0	3.2396E6	
1686	-7.9842E-1	4.5489E1	5.2730E0	3.2418E6	
1687	-8.0009E-1	4.2998E1	5.2805E0	3.2440E6	
1688	-7.9926E-1	4.4243E1	5.2879E0	3.2462E6	
1689	-8.0078E-1	4.1979E1	5.2953E0	3.2485E6	
1690	-8.0040E-1	4.2545E1	5.3028E0	3.2507E6	
1691	-8.0177E-1	4.0507E1	5.3103E0	3.2529E6	
1692	-8.0063E-1	4.2205E1	5.3176E0	3.2551E6	
1693	-8.0002E-1	4.3111E1	5.3250E0	3.2573E6	
1694	-8.0200E-1	4.0167E1	5.3325E0	3.2596E6	
1695	-8.0154E-1	4.0846E1	5.3400E0	3.2618E6	
1696	-8.0017E-1	4.2884E1	5.3473E0	3.2640E6	
1697	-8.0154E-1	4.0846E1	5.3548E0	3.2662E6	
1698	-8.0269E-1	3.9148E1	5.3623E0	3.2684E6	
1699	-8.0444E-1	3.6544E1	5.3697E0	3.2707E6	
1700	-8.0307E-1	3.8582E1	5.3771E0	3.2729E6	
1701	-8.0284E-1	3.8921E1	5.3845E0	3.2751E6	
1702	-8.0315E-1	3.8469E1	5.3919E0	3.2773E6	
1703	-8.0177E-1	4.0507E1	5.3994E0	3.2795E6	
1704	-8.0460E-1	3.6317E1	5.4069E0	3.2818E6	
1705	-8.0467E-1	3.6204E1	5.4143E0	3.2840E6	
1706	-8.0276E-1	3.9035E1	5.4218E0	3.2862E6	
1707	-8.0292E-1	3.8808E1	5.4293E0	3.2884E6	
1708	-8.0238E-1	3.9601E1	5.4367E0	3.2906E6	
1709	-8.0505E-1	3.5638E1	5.4442E0	3.2929E6	
1710	-8.0460E-1	3.6317E1	5.4516E0	3.2951E6	
1711	-8.0765E-1	3.1788E1	5.4591E0	3.2973E6	
1712	-8.0544E-1	3.5072E1	5.4665E0	3.2995E6	
1713	-8.0322E-1	3.8355E1	5.4740E0	3.3017E6	
1714	-8.0559E-1	3.4845E1	5.4815E0	3.3040E6	
1715	-8.0597E-1	3.4279E1	5.4890E0	3.3062E6	
1716	-8.0521E-1	3.5411E1	5.4965E0	3.3084E6	
1717	-8.0704E-1	3.2694E1	5.5039E0	3.3106E6	
1718	-8.0772E-1	3.1675E1	5.5114E0	3.3128E6	
1719	-8.0589E-1	3.4392E1	5.5189E0	3.3151E6	
1720	-8.0719E-1	3.2468E1	5.5263E0	3.3173E6	
1721	-8.0582E-1	3.4506E1	5.5339E0	3.3195E6	
1722	-8.0772E-1	3.1675E1	5.5414E0	3.3217E6	
1723	-8.0780E-1	3.1562E1	5.5489E0	3.3239E6	
1724	-8.0719E-1	3.2468E1	5.5562E0	3.3262E6	
1725	-8.0772E-1	3.1675E1	5.5638E0	3.3284E6	
1726	-8.0704E-1	3.2694E1	5.5713E0	3.3306E6	
1727	-8.0750E-1	3.2015E1	5.5787E0	3.3328E6	
1728	-8.0956E-1	2.8958E1	5.5863E0	3.3350E6	
1729	-8.0605E-1	3.4166E1	5.5939E0	3.3373E6	
1730	-8.0788E-1	3.1449E1	5.6014E0	3.3395E6	
1731	-8.0780E-1	3.1562E1	5.6088E0	3.3417E6	
1732	-8.1039E-1	2.7712E1	5.6164E0	3.3439E6	
1733	-8.0902E-1	2.9750E1	5.6239E0	3.3461E6	
1734	-8.1169E-1	2.5787E1	5.6315E0	3.3484E6	
1735	-8.0940E-1	2.9184E1	5.6390E0	3.3506E6	
1736	-8.1062E-1	2.7372E1	5.6465E0	3.3528E6	
1737	-8.0902E-1	2.9750E1	5.6540E0	3.3550E6	
1738	-8.1085E-1	2.7033E1	5.6615E0	3.3572E6	
1739	-8.1177E-1	2.5674E1	5.6691E0	3.3595E6	
1740	-8.1261E-1	2.4429E1	5.6766E0	3.3617E6	
1741	-8.1421E-1	2.2051E1	5.6842E0	3.3639E6	
1742	-8.1329E-1	2.3409E1	5.6917E0	3.3661E6	
1743	-8.1261E-1	2.4429E1	5.6992E0	3.3683E6	
1744	-8.1360E-1	2.2957E1	5.7068E0	3.3706E6	
1745	-8.1390E-1	2.2504E1	5.7144E0	3.3728E6	
1746	-8.1512E-1	2.0692E1	5.7219E0	3.3750E6	
1747	-8.1528E-1	2.0466E1	5.7294E0	3.3772E6	
1748	-8.1268E-1	2.4315E1	5.7368E0	3.3794E6	
1749	-8.1406E-1	2.2277E1	5.7446E0	3.3817E6	
1750	-8.1665E-1	1.8428E1	5.7521E0	3.3839E6	
1751	-8.1459E-1	2.1485E1	5.7595E0	3.3861E6	
1752	-8.1299E-1	2.3862E1	5.7672E0	3.3883E6	
1753	-8.1429E-1	2.1938E1	5.7748E0	3.3905E6	
1754	-8.1604E-1	1.9333E1	5.7823E0	3.3928E6	
1755	-8.1566E-1	1.9899E1	5.7898E0	3.3950E6	
1756	-8.1642E-1	1.8767E1	5.7974E0	3.3972E6	
1757	-8.1467E-1	2.1371E1	5.8049E0	3.3994E6	
1758	-8.1688E-1	1.8088E1	5.8126E0	3.4016E6	
1759	-8.1680E-1	1.8201E1	5.8201E0	3.4039E6	
1760	-8.1589E-1	1.9560E1	5.8278E0	3.4061E6	
1761	-8.1696E-1	1.7975E1	5.8352E0	3.4083E6	
1762	-8.1650E-1	1.8654E1	5.8428E0	3.4105E6	
1763	-8.1642E-1	1.8767E1	5.8505E0	3.4127E6	
1764	-8.1612E-1	1.9220E1	5.8580E0	3.4150E6	
1765	-8.1825E-1	1.6050E1	5.8655E0	3.4172E6	
1766	-8.1886E-1	1.5144E1	5.8731E0	3.4194E6	
1767	-8.1825E-1	1.6050E1	5.8806E0	3.4216E6	
1768	-8.1734E-1	1.7409E1	5.8883E0	3.4238E6	
1769	-8.2123E-1	1.1634E1	5.8958E0	3.4261E6	
1770	-8.1894E-1	1.5031E1	5.9035E0	3.4283E6	
1771	-8.1932E-1	1.4465E1	5.9110E0	3.4305E6	
1772	-8.1825E-1	1.6050E1	5.9187E0	3.4327E6	
1773	-8.1848E-1	1.5710E1	5.9263E0	3.4349E6	
1774	-8.1917E-1	1.4691E1	5.9337E0	3.4372E6	
1775	-8.1917E-1	1.4691E1	5.9414E0	3.4394E6	
1776	-8.1894E-1	1.5031E1	5.9490E0	3.4416E6	
1777	-8.2092E-1	1.2087E1	5.9565E0	3.4438E6	
1778	-8.2115E-1	1.1747E1	5.9642E0	3.4460E6	
1779	-8.2100E-1	1.1974E1	5.9717E0	3.4483E6	
1780	-8.2169E-1	1.0955E1	5.9792E0	3.4505E6	
1781	-8.1894E-1	1.5031E1	5.9868E0	3.4527E6	
1782	-8.2382E-1	7.7843E0	5.9946E0	3.4549E6	
1783	-8.2161E-1	1.1068E1	6.0021E0	3.4571E6	
1784	-8.2001E-1	1.3446E1	6.0097E0	3.4594E6	
1785	-8.2237E-1	9.9356E0	6.0172E0	3.4616E6	
1786	-8.2352E-1	8.2372E0	6.0248E0	3.4638E6	
1787	-8.2489E-1	6.1992E0	6.0325E0	3.4660E6	
1788	-8.2382E-1	7.7843E0	6.0400E0	3.4682E6	
1789	-8.2253E-1	9.7092E0	6.0476E0	3.4705E6	
1790	-8.2245E-1	9.8224E0	6.0552E0	3.4727E6	
1791	-8.2443E-1	6.8785E0	6.0628E0	3.4749E6	
1792	-8.2306E-1	8.9166E0	6.0703E0	3.4771E6	
1793	-8.2237E-1	9.9356E0	6.0780E0	3.4793E6	
1794	-8.2535E-1	5.5198E0	6.0856E0	3.4816E6	
1795	-8.2367E-1	8.0108E0	6.0931E0	3.4838E6	
1796	-8.2268E-1	9.4827E0	6.1008E0	3.4860E6	
1797	-8.2680E-1	3.3685E0	6.1084E0	3.4882E6	
1798	-8.2481E-1	6.3124E0	6.1160E0	3.4904E6	
1799	-8.2695E-1	3.1421E0	6.1235E0	3.4927E6	
1800	-8.2619E-1	4.2743E0	6.1311E0	3.4949E6	
1801	-8.2787E-1	1.7834E0	6.1387E0	3.4971E6	
1802	-8.2581E-1	4.8405E0	6.1464E0	3.4993E6	
1803	-8.2588E-1	4.7272E0	6.1539E0	3.5015E6	
1804	-8.2657E-1	3.7082E0	6.1616E0	3.5038E6	
1805	-8.2703E-1	3.0289E0	6.1691E0	3.5060E6	
1806	-8.2535E-1	5.5198E0	6.1767E0	3.5082E6	
1807	-8.2733E-1	2.5760E0	6.1842E0	3.5104E6	
1808	-8.2726E-1	2.6892E0	6.1919E0	3.5126E6	
1809	-8.2947E-1	-5.9437E-1	6.1995E0	3.5149E6	
1810	-8.2802E-1	1.5569E0	6.2072E0	3.5171E6	
1811	-8.3000E-1	-1.3869E0	6.2148E0	3.5193E6	
1812	-8.2657E-1	3.7082E0	6.2224E0	3.5215E6	
1813	-8.2550E-1	5.2934E0	6.2299E0	3.5237E6	
1814	-8.3008E-1	-1.5002E0	6.2376E0	3.5260E6	
1815	-8.2794E-1	1.6701E0	6.2453E0	3.5282E6	
1816	-8.2840E-1	9.9079E-1	6.2530E0	3.5304E6	
1817	-8.3183E-1	-4.1044E0	6.2607E0	3.5326E6	
1818	-8.3069E-1	-2.4060E0	6.2683E0	3.5348E6	
1819	-8.3000E-1	-1.3869E0	6.2759E0	3.5371E6	
1820	-8.3107E-1	-2.9721E0	6.2836E0	3.5393E6	
1821	-8.3046E-1	-2.0663E0	6.2913E0	3.5415E6	
1822	-8.2901E-1	8.4988E-2	6.2990E0	3.5437E6	
1823	-8.3145E-1	-3.5382E0	6.3066E0	3.5459E6	
1824	-8.3191E-1	-4.2176E0	6.3144E0	3.5482E6	
1825	-8.3336E-1	-6.3689E0	6.3160E0	3.5486E6	
1826	-8.3336E-1	-6.3689E0	6.3160E0	3.5486E6	
1827	-8.3336E-1	-6.3689E0	6.3160E0	3.5486E6	
1828	-8.3336E-1	-6.3689E0	6.3160E0	3.5486E6	
1829	-8.3336E-1	-6.3689E0	6.3160E0	3.5486E6	
1830	-8.3336E-1	-6.3689E0	6.3160E0	3.5486E6	
1831	-8.3336E-1	-6.3689E0	6.3160E0	3.5486E6	
1832	-8.3336E-1	-6.3689E0	6.3160E0	3.5486E6	
1833	-8.3336E-1	-6.3689E0	6.3160E0	3.5486E6	
1834	-8.3336E-1	-6.3689E0	6.3160E0	3.5486E6	
1835	-8.3336E-1	-6.3689E0	6.3160E0	3.5486E6	
1836	-8.3336E-1	-6.3689E0	6.3160E0	3.5486E6	
1837	-8.3336E-1	-6.3689E0	6.3160E0	3.5486E6	
1838	-8.3336E-1	-6.3689E0	6.3160E0	3.5486E6	
1839	-8.3336E-1	-6.3689E0	6.3160E0	3.5486E6	
1840	-8.3336E-1	-6.3689E0	6.3160E0	3.5486E6	
1841	-8.3336E-1	-6.3689E0	6.3160E0	3.5486E6	
1842	-8.3336E-1	-6.3689E0	6.3160E0	3.5486E6	
1843	-8.3336E-1	-6.3689E0	6.3160E0	3.5486E6	
1844	-8.3336E-1	-6.3689E0	6.3160E0	3.5486E6	
1845	-8.3336E-1	-6.3689E0	6.3160E0	3.5486E6	
1846	-8.3336E-1	-6.3689E0	6.3160E0	3.5486E6	
1847	-8.3336E-1	-6.3689E0	6.3160E0	3.5486E6	
1848	-8.3336E-1	-6.3689E0	6.3160E0	3.5486E6	
1849	-8.3336E-1	-6.3689E0	6.3160E0	3.5486E6	
1850	-8.3336E-1	-6.3689E0	6.3160E0	3.5486E6	
1851	-8.3336E-1	-6.3689E0	6.3160E0	3.5486E6	
1852	-8.3336E-1	-6.3689E0	6.3160E0	3.5486E6	
1853	-8.3336E-1	-6.3689E0	6.3160E0	3.5486E6	
1854	-8.3336E-1	-6.3689E0	6.3160E0	3.5486E6	
1855	-8.3336E-1	-6.3689E0	6.3160E0	3.5486E6	
1856	-8.3336E-1	-6.3689E0	6.3160E0	3.5486E6	
1857	-8.3336E-1	-6.3689E0	6.3160E0	3.5486E6	
1858	-8.3336E-1	-6.3689E0	6.3160E0	3.5486E6	
1859	-8.3336E-1	-6.3689E0	6.3160E0	3.5486E6	
1860	-8.3336E-1	-6.3689E0	6.3160E0	3.5486E6	
1861	-8.3336E-1	-6.3689E0	6.3160E0	3.5486E6	
1862	-8.3336E-1	-6.3689E0	6.3160E0	3.5486E6	
1863	-8.3336E-1	-6.3689E0	6.3160E0	3.5486E6	
1864	-8.3336E-1	-6.3689E0	6.3160E0	3.5486E6	
1865	-8.3336E-1	-6.3689E0	6.3160E0	3.5486E6	
1866	-8.3336E-1	-6.3689E0	6.3160E0	3.5486E6	
1867	-8.3336E-1	-6.3689E0	6.3160E0	3.5486E6	
1868	-8.3336E-1	-6.3689E0	6.3160E0	3.5486E6	
1869	-8.3336E-1	-6.3689E0	6.3160E0	3.5486E6	
1870	-8.3336E-1	-6.3689E0	6.3160E0	3.5486E6	
1871	-8.3336E-1	-6.3689E0	6.3160E0	3.5486E6	
1872	-8.3336E-1	-6.3689E0	6.3160E0	3.5486E6	
1873	-8.3336E-1	-6.3689E0	6.3160E0	3.5486E6	
1874	-8.3336E-1	-6.3689E0	6.3160E0	3.5486E6	
1875	-8.3336E-1	-6.3689E0	6.3160E0	3.5486E6	
1876	-8.3336E-1	-6.3689E0	6.3160E0	3.5486E6	
1877	-8.3336E-1	-6.3689E0	6.3160E0	3.5486E6	
1878	-8.3336E-1	-6.3689E0	6.3160E0	3.5486E6	
1879	-8.3336E-1	-6.3689E0	6.3160E0	3.5486E6	
1880	-8.3336E-1	-6.3689E0	6.3160E0	3.5486E6	
1881	-8.3336E-1	-6.3689E0	6.3160E0	3.5486E6	
1882	-8.3336E-1	-6.3689E0	6.3160E0	3.5486E6	
1883	-8.3336E-1	-6.3689E0	6.3160E0	3.5486E6	
1884	-8.3336E-1	-6.3689E0	6.3160E0	3.5486E6	
1885	-8.3336E-1	-6.3689E0	6.3160E0	3.5486E6	
1886	-8.3336E-1	-6.3689E0	6.3160E0	3.5486E6	
1887	-8.3336E-1	-6.3689E0	6.3160E0	3.5486E6	
1888	-8.3336E-1	-6.3689E0	6.3160E0	3.5486E6	
1889	-8.3336E-1	-6.3689E0	6.3160E0	3.5486E6	
1890	-8.3336E-1	-6.3689E0	6.3160E0	3.5486E6	
1891	-8.3336E-1	-6.3689E0	6.3160E0	3.5486E6	
1892	-8.3336E-1	-6.3689E0	6.3160E0	3.5486E6	
1893	-8.3336E-1	-6.3689E0	6.3160E0	3.5486E6	
1894	-8.3336E-1	-6.3689E0	6.3160E0	3.5486E6	
1895	-8.3336E-1	-6.3689E0	6.3160E0	3.5486E6	
1896	-8.3336E-1	-6.3689E0	6.3160E0	3.5486E6	
1897	-8.3336E-1	-6.3689E0	6.3160E0	3.5486E6	
1898	-8.3336E-1	-6.3689E0	6.3160E0	3.5486E6	
1899	-8.3336E-1	-6.3689E0	6.3160E0	3.5486E6	
1900	-8.3336E-1	-6.3689E0	6.3160E0	3.5486E6	
1901	-8.3336E-1	-6.3689E0	6.3160E0	3.5486E6	
1902	-8.3336E-1	-6.3689E0	6.3160E0	3.5486E6	
1903	-8.3336E-1	-6.3689E0	6.3160E0	3.5486E6	
1904	-8.3336E-1	-6.3689E0	6.3160E0	3.5486E6	
1905	-8.3336E-1	-6.3689E0	6.3160E0	3.5486E6	
1906	-8.3336E-1	-6.3689E0	6.3160E0	3.5486E6	
1907	-8.3336E-1	-6.3689E0	6.3160E0	3.5486E6	
1908	-8.3336E-1	-6.3689E0	6.3160E0	3.5486E6	
1909	-8.3336E-1	-6.3689E0	6.3160E0	3.5486E6	
1910	-8.3336E-1	-6.3689E0	6.3160E0	3.5486E6	
1911	-8.3336E-1	-6.3689E0	6.3160E0	3.5486E6	
1912	-8.3336E-1	-6.3689E0	6.3160E0	3.5486E6	
1913	-8.3336E-1	-6.3689E0	6.3160E0	3.5486E6	
1914	-8.3336E-1	-6.3689E0	6.3160E0	3.5486E6	
1915	-8.3336E-1	-6.3689E0	6.3160E0	3.5486E6	
1916	-8.3336E-1	-6.3689E0	6.3160E0	3.5486E6	
1917	-8.3336E-1	-6.3689E0	6.3160E0	3.5486E6	
1918	-8.3336E-1	-6.3689E0	6.3160E0	3.5486E6	
1919	-8.3336E-1	-6.3689E0	6.3160E0	3.5486E6	
1920	-8.3336E-1	-6.3689E0	6.3160E0	3.5486E6	
1921	-8.3336E-1	-6.3689E0	6.3160E0	3.5486E6	
1922	-8.3336E-1	-6.3689E0	6.3160E0	3.5486E6	
1923	-8.3336E-1	-6.3689E0	6.3160E0	3.5486E6	
1924	-8.3336E-1	-6.3689E0	6.3160E0	3.5486E6	
1925	-8.3336E-1	-6.3689E0	6.3160E0	3.5486E6	
1926	-8.3336E-1	-6.3689E0	6.3160E0	3.5486E6	
1927	-8.3336E-1	-6.3689E0	6.3160E0	3.5486E6	
1928	-8.3336E-1	-6.3689E0	6.3160E0	3.5486E6	
1929	-8.3336E-1	-6.3689E0	6.3160E0	3.5486E6	
1930	-8.3336E-1	-6.3689E0	6.3160E0	3.5486E6	
1931	-8.3336E-1	-6.3689E0	6.3160E0	3.5486E6	
1932	-8.3336E-1	-6.3689E0	6.3160E0	3.5486E6	
1933	-8.3336E-1	-6.3689E0	6.3160E0	3.5486E6	
1934	-8.3336E-1	-6.3689E0	6.3160E0	3.5486E6	
1935	-8.3336E-1	-6.3689E0	6.3160E0	3.5486E6	
1936	-8.3336E-1	-6.3689E0	6.3160E0	3.5486E6	
1937	-8.3336E-1	-6.3689E0	6.3160E0	3.5486E6	
1938	-8.3336E-1	-6.3689E0	6.3160E0	3.5486E6	
1939	-8.3336E-1	-6.3689E0	6.3160E0	3.5486E6	
1940	-8.3336E-1	-6.3689E0	6.3160E0	3.5486E6	
1941	-8.3336E-1	-6.3689E0	6.3160E0	3.5486E6	
1942	-8.3336E-1	-6.3689E0	6.3160E0	3.5486E6	
1943	-8.3336E-1	-6.3689E0	6.3160E0	3.5486E6	
1944	-8.3336E-1	-6.3689E0	6.3160E0	3.5486E6	
1945	-8.3336E-1	-6.3689E0	6.3160E0	3.5486E6	
1946	-8.3336E-1	-6.3689E0	6.3160E0	3.5486E6	
1947	-8.3336E-1	-6.3689E0	6.3160E0	3.5486E6	
1948	-8.3336E-1	-6.3689E0	6.3160E0	3.5486E6	
1949	-8.3336E-1	-6.3689E0	6.3160E0	3.5486E6	
1950	-8.3336E-1	-6.3689E0	6.3160E0	3.5486E6	
1951	-8.3336E-1	-6.3689E0	6.3160E0	3.5486E6	
1952	-8.3336E-1	-6.3689E0	6.3160E0	3.5486E6	
1953	-8.3336E-1	-6.3689E0	6.3160E0	3.5486E6	
1954	-8.3336E-1	-6.3689E0	6.3160E0	3.5486E6	
1955	-8.3336E-1	-6.3689E0	6.3160E0	3.5486E6	
1956	-8.3336E-1	-6.3689E0	6.3160E0	3.5486E6	
1957	-8.3336E-1	-6.3689E0	6.3160E0	3.5486E6	
1958	-8.3336E-1	-6.3689E0	6.3160E0	3.5486E6	
1959	-8.3336E-1	-6.3689E0	6.3160E0	3.5486E6	
1960	-8.3336E-1	-6.3689E0	6.3160E0	3.5486E6	
1961	-8.3336E-1	-6.3689E0	6.3160E0	3.5486E6	
1962	-8.3336E-1	-6.3689E0	6.3160E0	3.5486E6	
1963	-8.3336E-1	-6.3689E0	6.3160E0	3.5486E6	
1964	-8.3336E-1	-6.3689E0	6.3160E0	3.5486E6	
1965	-8.3336E-1	-6.3689E0	6.3160E0	3.5486E6	
1966	-8.3336E-1	-6.3689E0	6.3160E0	3.5486E6	
1967	-8.3336E-1	-6.3689E0	6.3160E0	3.5486E6	
1968	-8.3336E-1	-6.3689E0	6.3160E0	3.5486E6	
1969	-8.3336E-1	-6.3689E0	6.3160E0	3.5486E6	
1970	-8.3336E-1	-6.3689E0	6.3160E0	3.5486E6	
1971	-8.3336E-1	-6.3689E0	6.3160E0	3.5486E6	
1972	-8.3336E-1	-6.3689E0	6.3160E0	3.5486E6	
1973	-8.3336E-1	-6.3689E0	6.3160E0	3.5486E6	
1974	-8.3336E-1	-6.3689E0	6.3160E0	3.5486E6	
1975	-8.3336E-1	-6.3689E0	6.3160E0	3.5486E6	
1976	-8.3336E-1	-6.3689E0	6.3160E0	3.5486E6	
1977	-8.3336E-1	-6.3689E0	6.3160E0	3.5486E6	
1978	-8.3336E-1	-6.3689E0	6.3160E0	3.5486E6	
1979	-8.3336E-1	-6.3689E0	6.3160E0	3.5486E6	
1980	-8.3336E-1	-6.3689E0	6.3160E0	3.5486E6	
1981	-8.3336E-1	-6.3689E0	6.3160E0	3.5486E6	
1982	-8.3336E-1	-6.3689E0	6.3160E0	3.5486E6	
1983	-8.3336E-1	-6.3689E0	6.3160E0	3.5486E6	
1984	-8.3336E-1	-6.3689E0	6.3160E0	3.5486E6	
1985	-8.3336E-1	-6.3689E0	6.3160E0	3.5486E6	
1986	-8.3336E-1	-6.3689E0	6.3160E0	3.5486E6	
1987	-8.3336E-1	-6.3689E0	6.3160E0	3.5486E6	
1988	-8.3336E-1	-6.3689E0	6.3160E0	3.5486E6	
1989	-8.3336E-1	-6.3689E0	6.3160E0	3.5486E6	
1990	-8.3336E-1	-6.3689E0	6.3160E0	3.5486E6	
1991	-8.3336E-1	-6.3689E0	6.3160E0	3.5486E6	
1992	-8.3336E-1	-6.3689E0	6.3160E0	3.5486E6	
1993	-8.3336E-1	-6.3689E0	6.3160E0	3.5486E6	
1994	-8.3336E-1	-6.3689E0	6.3160E0	3.5486E6	
1995	-8.3336E-1	-6.3689E0	6.3160E0	3.5486E6	
1996	-8.3336E-1	-6.3689E0	6.3160E0	3.5486E6	
1997	-8.3336E-1	-6.3689E0	6.3160E0	3.5486E6	
1998	-8.3336E-1	-6.3689E0	6.3160E0	3.5486E6	
1999	-8.3336E-1	-6.3689E0	6.3160E0	3.5486E6	
2000	-8.3336E-1	-6.3689E0	6.3160E0	3.5486E6	
2001	-8.3336E-1	-6.3689E0	6.3160E0	3.5486E6	
2002	-8.3336E-1	-6.3689E0	6.3160E0	3.5486E6	
2003	-8.3336E-1	-6.3689E0	6.3160E0	3.5486E6	
2004	-8.3336E-1	-6.3689E0	6.3160E0	3.5486E6	
2005	-8.3336E-1	-6.3689E0	6.3160E0	3.5486E6	
2006	-8.3336E-1	-6.3689E0	6.3160E0	3.5486E6	
2007	-8.3336E-1	-6.3689E0	6.3160E0	3.5486E6	
2008	-8.3336E-1	-6.3689E0	6.3160E0	3.5486E6	
2009	-8.3336E-1	-6.3689E0	6.3160E0	3.5486E6	
2010	-8.3336E-1	-6.3689E0	6.3160E0	3.5486E6	
2011	-8.3336E-1	-6.3689E0	6.3160E0	3.5486E6	
2012	-8.3336E-1	-6.3689E0	6.3160E0	3.5486E6	
2013	-8.3336E-1	-6.3689E0	6.3160E0	3.5486E6	
2014	-8.3336E-1	-6.3689E0	6.3160E0	3.5486E6	
2015	-8.3336E-1	-6.3689E0	6.3160E0	3.5486E6	
2016	-8.3336E-1	-6.3689E0	6.3160E0	3.5486E6	
2017	-8.3336E-1	-6.3689E0	6.3160E0	3.5486E6	
2018	-8.3336E-1	-6.3689E0	6.3160E0	3.5486E6	
2019	-8.3336E-1	-6.3689E0	6.3160E0	3.5486E6	
2020	-8.3336E-1	-6.3689E0	6.3160E0	3.5486E6	
2021	-8.3336E-1	-6.3689E0	6.3160E0	3.5486E6	
2022	-8.3336E-1	-6.3689E0	6.3160E0	3.5486E6	
2023	-8.3336E-1	-6.3689E0	6.3160E0	3.5486E6	
2024	-8.3336E-1	-6.3689E0	6.3160E0	3.5486E6	
2025	-8.3336E-1	-6.3689E0	6.3160E0	3.5486E6	
2026	-8.3336E-1	-6.3689E0	6.3160E0	3.5486E6	
2027	-8.3336E-1	-6.3689E0	6.3160E0	3.5486E6	
2028	-8.3336E-1	-6.3689E0	6.3160E0	3.5486E6	
2029	-8.3336E-1	-6.3689E0	6.3160E0	3.5486E6	
2030	-8.3336E-1	-6.3689E0	6.3160E0	3.5486E6	
2031	-8.3336E-1	-6.3689E0	6.3160E0	3.5486E6	
2032	-8.3336E-1	-6.3689E0	6.3160E0	3.5486E6	
2033	-8.3336E-1	-6.3689E0	6.3160E0	3.5486E6	
2034	-8.3336E-1	-6.3689E0	6.3160E0	3.5486E6	
2035	-8.3336E-1	-6.3689E0	6.3160E0	3.5486E6	
2036	-8.3336E-1	-6.3689E0	6.3160E0	3.5486E6	
2037	-8.3336E-1	-6.3689E0	6.3160E0	3.5486E6	
2038	-8.3336E-1	-6.3689E0	6.3160E0	3.5486E6	
2039	-8.3336E-1	-6.3689E0	6.3160E0	3.5486E6	
2040	-8.3336E-1	-6.3689E0	6.3160E0	3.5486E6	
2041	-8.3336E-1	-6.3689E0	6.3160E0	3.5486E6	
2042	-8.3336E-1	-6.3689E0	6.3160E0	3.5486E6	
2043	-8.3336E-1	-6.3689E0	6.3160E0	3.5486E6	
2044	-8.3336E-1	-6.3689E0	6.3160E0	3.5486E6	
2045	-8.3336E-1	-6.3689E0	6.3160E0	3.5486E6	
2046	-8.3336E-1	-6.3689E0	6.3160E0	3.5486E6	
2047	-8.3336E-1	-6.3689E0	6.3160E0	3.5486E6	
2048	-8.3336E-1	-6.3689E0	6.3160E0	3.5486E6	
