point 239
Index	Vertical (A-B)	Force	Z Height	Time Stamp	
     	V	nN	?m	?sec	
1	-8.2840E-1	1.2738E0	5.3811E0	1.2000E2	
2	-8.3160E-1	-3.4817E0	5.3798E0	2.3400E3	
3	-8.2916E-1	1.4157E-1	5.3770E0	4.5600E3	
4	-8.2932E-1	-8.4878E-2	5.3739E0	6.7800E3	
5	-8.2893E-1	4.8125E-1	5.3704E0	9.0000E3	
6	-8.3099E-1	-2.5758E0	5.3667E0	1.1220E4	
7	-8.3061E-1	-2.0097E0	5.3629E0	1.3440E4	
8	-8.2840E-1	1.2738E0	5.3590E0	1.5660E4	
9	-8.3061E-1	-2.0097E0	5.3550E0	1.7880E4	
10	-8.2924E-1	2.8348E-2	5.3508E0	2.0100E4	
11	-8.2787E-1	2.0664E0	5.3466E0	2.2320E4	
12	-8.2909E-1	2.5480E-1	5.3424E0	2.4540E4	
13	-8.2924E-1	2.8348E-2	5.3380E0	2.6760E4	
14	-8.2802E-1	1.8400E0	5.3337E0	2.8980E4	
15	-8.3038E-1	-1.6700E0	5.3292E0	3.1200E4	
16	-8.2787E-1	2.0664E0	5.3247E0	3.3420E4	
17	-8.2848E-1	1.1606E0	5.3203E0	3.5640E4	
18	-8.2726E-1	2.9722E0	5.3158E0	3.7860E4	
19	-8.2634E-1	4.3309E0	5.3112E0	4.0080E4	
20	-8.2939E-1	-1.9810E-1	5.3065E0	4.2300E4	
21	-8.2703E-1	3.3119E0	5.3020E0	4.4520E4	
22	-8.2848E-1	1.1606E0	5.2973E0	4.6740E4	
23	-8.2687E-1	3.5383E0	5.2927E0	4.8960E4	
24	-8.2474E-1	6.7087E0	5.2880E0	5.1180E4	
25	-8.2504E-1	6.2558E0	5.2833E0	5.3400E4	
26	-8.2672E-1	3.7648E0	5.2785E0	5.5620E4	
27	-8.2611E-1	4.6706E0	5.2738E0	5.7840E4	
28	-8.2733E-1	2.8590E0	5.2691E0	6.0060E4	
29	-8.2550E-1	5.5764E0	5.2643E0	6.2280E4	
30	-8.2733E-1	2.8590E0	5.2595E0	6.4500E4	
31	-8.2634E-1	4.3309E0	5.2547E0	6.6720E4	
32	-8.2512E-1	6.1425E0	5.2500E0	6.8940E4	
33	-8.2764E-1	2.4061E0	5.2451E0	7.1160E4	
34	-8.2550E-1	5.5764E0	5.2403E0	7.3380E4	
35	-8.2481E-1	6.5954E0	5.2354E0	7.5600E4	
36	-8.2588E-1	5.0103E0	5.2305E0	7.7820E4	
37	-8.2443E-1	7.1616E0	5.2256E0	8.0040E4	
38	-8.2626E-1	4.4442E0	5.2208E0	8.2260E4	
39	-8.2199E-1	1.0785E1	5.2159E0	8.4480E4	
40	-8.2420E-1	7.5012E0	5.2111E0	8.6700E4	
41	-8.2520E-1	6.0293E0	5.2061E0	8.8920E4	
42	-8.2397E-1	7.8409E0	5.2011E0	9.1140E4	
43	-8.2390E-1	7.9541E0	5.1963E0	9.3360E4	
44	-8.2314E-1	9.0864E0	5.1913E0	9.5580E4	
45	-8.2390E-1	7.9541E0	5.1864E0	9.7800E4	
46	-8.2474E-1	6.7087E0	5.1815E0	1.0002E5	
47	-8.2428E-1	7.3880E0	5.1764E0	1.0224E5	
48	-8.2405E-1	7.7277E0	5.1714E0	1.0446E5	
49	-8.2169E-1	1.1238E1	5.1665E0	1.0668E5	
50	-8.2481E-1	6.5954E0	5.1614E0	1.0890E5	
51	-8.2504E-1	6.2558E0	5.1565E0	1.1112E5	
52	-8.2085E-1	1.2483E1	5.1514E0	1.1334E5	
53	-8.2336E-1	8.7467E0	5.1464E0	1.1556E5	
54	-8.2375E-1	8.1806E0	5.1414E0	1.1778E5	
55	-8.2191E-1	1.0898E1	5.1364E0	1.2000E5	
56	-8.1932E-1	1.4748E1	5.1313E0	1.2222E5	
57	-8.2191E-1	1.0898E1	5.1263E0	1.2444E5	
58	-8.2123E-1	1.1917E1	5.1212E0	1.2666E5	
59	-8.2207E-1	1.0672E1	5.1162E0	1.2888E5	
60	-8.2314E-1	9.0864E0	5.1111E0	1.3110E5	
61	-8.2268E-1	9.7658E0	5.1061E0	1.3332E5	
62	-8.1985E-1	1.3955E1	5.1009E0	1.3554E5	
63	-8.2153E-1	1.1464E1	5.0959E0	1.3776E5	
64	-8.2436E-1	7.2748E0	5.0908E0	1.3998E5	
65	-8.2214E-1	1.0558E1	5.0857E0	1.4220E5	
66	-8.2123E-1	1.1917E1	5.0806E0	1.4442E5	
67	-8.2100E-1	1.2257E1	5.0755E0	1.4664E5	
68	-8.2085E-1	1.2483E1	5.0703E0	1.4886E5	
69	-8.2169E-1	1.1238E1	5.0653E0	1.5108E5	
70	-8.2161E-1	1.1351E1	5.0599E0	1.5330E5	
71	-8.1955E-1	1.4408E1	5.0549E0	1.5552E5	
72	-8.1947E-1	1.4521E1	5.0497E0	1.5774E5	
73	-8.1871E-1	1.5654E1	5.0446E0	1.5996E5	
74	-8.1924E-1	1.4861E1	5.0393E0	1.6218E5	
75	-8.1779E-1	1.7012E1	5.0343E0	1.6440E5	
76	-8.1810E-1	1.6559E1	5.0291E0	1.6662E5	
77	-8.1894E-1	1.5314E1	5.0239E0	1.6884E5	
78	-8.1825E-1	1.6333E1	5.0187E0	1.7106E5	
79	-8.1635E-1	1.9163E1	5.0136E0	1.7328E5	
80	-8.1749E-1	1.7465E1	5.0083E0	1.7550E5	
81	-8.1886E-1	1.5427E1	5.0031E0	1.7772E5	
82	-8.1657E-1	1.8824E1	4.9979E0	1.7994E5	
83	-8.2054E-1	1.2936E1	4.9926E0	1.8216E5	
84	-8.1566E-1	2.0183E1	4.9875E0	1.8438E5	
85	-8.1795E-1	1.6786E1	4.9822E0	1.8660E5	
86	-8.1894E-1	1.5314E1	4.9770E0	1.8882E5	
87	-8.1703E-1	1.8144E1	4.9717E0	1.9104E5	
88	-8.1627E-1	1.9277E1	4.9665E0	1.9326E5	
89	-8.1467E-1	2.1654E1	4.9612E0	1.9548E5	
90	-8.1886E-1	1.5427E1	4.9560E0	1.9770E5	
91	-8.1581E-1	1.9956E1	4.9507E0	1.9992E5	
92	-8.1390E-1	2.2787E1	4.9455E0	2.0214E5	
93	-8.1635E-1	1.9163E1	4.9401E0	2.0436E5	
94	-8.1520E-1	2.0862E1	4.9349E0	2.0658E5	
95	-8.1757E-1	1.7352E1	4.9296E0	2.0880E5	
96	-8.1573E-1	2.0069E1	4.9243E0	2.1102E5	
97	-8.1413E-1	2.2447E1	4.9190E0	2.1324E5	
98	-8.1429E-1	2.2221E1	4.9137E0	2.1546E5	
99	-8.1528E-1	2.0749E1	4.9084E0	2.1768E5	
100	-8.1482E-1	2.1428E1	4.9030E0	2.1990E5	
101	-8.1482E-1	2.1428E1	4.8977E0	2.2212E5	
102	-8.1337E-1	2.3579E1	4.8925E0	2.2434E5	
103	-8.1253E-1	2.4825E1	4.8871E0	2.2656E5	
104	-8.1406E-1	2.2560E1	4.8817E0	2.2878E5	
105	-8.1314E-1	2.3919E1	4.8764E0	2.3100E5	
106	-8.1459E-1	2.1768E1	4.8709E0	2.3322E5	
107	-8.1329E-1	2.3693E1	4.8657E0	2.3544E5	
108	-8.1161E-1	2.6183E1	4.8603E0	2.3766E5	
109	-8.1276E-1	2.4485E1	4.8549E0	2.3988E5	
110	-8.1261E-1	2.4712E1	4.8496E0	2.4210E5	
111	-8.1291E-1	2.4259E1	4.8441E0	2.4432E5	
112	-8.1299E-1	2.4145E1	4.8388E0	2.4654E5	
113	-8.1215E-1	2.5391E1	4.8334E0	2.4876E5	
114	-8.1390E-1	2.2787E1	4.8280E0	2.5098E5	
115	-8.1161E-1	2.6183E1	4.8226E0	2.5320E5	
116	-8.1299E-1	2.4145E1	4.8171E0	2.5542E5	
117	-8.1268E-1	2.4598E1	4.8118E0	2.5764E5	
118	-8.1085E-1	2.7316E1	4.8063E0	2.5986E5	
119	-8.1139E-1	2.6523E1	4.8009E0	2.6208E5	
120	-8.1062E-1	2.7655E1	4.7955E0	2.6430E5	
121	-8.1024E-1	2.8222E1	4.7901E0	2.6652E5	
122	-8.1062E-1	2.7655E1	4.7846E0	2.6874E5	
123	-8.1245E-1	2.4938E1	4.7792E0	2.7096E5	
124	-8.1055E-1	2.7769E1	4.7737E0	2.7318E5	
125	-8.1032E-1	2.8108E1	4.7683E0	2.7540E5	
126	-8.1017E-1	2.8335E1	4.7627E0	2.7762E5	
127	-8.1299E-1	2.4145E1	4.7573E0	2.7984E5	
128	-8.1032E-1	2.8108E1	4.7518E0	2.8206E5	
129	-8.0833E-1	3.1052E1	4.7463E0	2.8428E5	
130	-8.0963E-1	2.9127E1	4.7408E0	2.8650E5	
131	-8.1024E-1	2.8222E1	4.7354E0	2.8872E5	
132	-8.0910E-1	2.9920E1	4.7298E0	2.9094E5	
133	-8.0719E-1	3.2751E1	4.7244E0	2.9316E5	
134	-8.0788E-1	3.1732E1	4.7189E0	2.9538E5	
135	-8.0719E-1	3.2751E1	4.7134E0	2.9760E5	
136	-8.0688E-1	3.3203E1	4.7078E0	2.9982E5	
137	-8.0902E-1	3.0033E1	4.7024E0	3.0204E5	
138	-8.0956E-1	2.9241E1	4.6968E0	3.0426E5	
139	-8.0940E-1	2.9467E1	4.6912E0	3.0648E5	
140	-8.0719E-1	3.2751E1	4.6857E0	3.0870E5	
141	-8.0894E-1	3.0146E1	4.6801E0	3.1092E5	
142	-8.0627E-1	3.4109E1	4.6746E0	3.1314E5	
143	-8.0902E-1	3.0033E1	4.6689E0	3.1536E5	
144	-8.0658E-1	3.3656E1	4.6635E0	3.1758E5	
145	-8.0803E-1	3.1505E1	4.6578E0	3.1980E5	
146	-8.0704E-1	3.2977E1	4.6523E0	3.2202E5	
147	-8.0635E-1	3.3996E1	4.6466E0	3.2424E5	
148	-8.0650E-1	3.3770E1	4.6412E0	3.2646E5	
149	-8.0696E-1	3.3090E1	4.6356E0	3.2868E5	
150	-8.0452E-1	3.6713E1	4.6299E0	3.3090E5	
151	-8.0627E-1	3.4109E1	4.6243E0	3.3312E5	
152	-8.0536E-1	3.5468E1	4.6188E0	3.3534E5	
153	-8.0566E-1	3.5015E1	4.6131E0	3.3756E5	
154	-8.0696E-1	3.3090E1	4.6076E0	3.3978E5	
155	-8.0605E-1	3.4449E1	4.6019E0	3.4200E5	
156	-8.0551E-1	3.5242E1	4.5962E0	3.4422E5	
157	-8.0452E-1	3.6713E1	4.5907E0	3.4644E5	
158	-8.0475E-1	3.6374E1	4.5850E0	3.4866E5	
159	-8.0414E-1	3.7280E1	4.5794E0	3.5088E5	
160	-8.0444E-1	3.6827E1	4.5737E0	3.5310E5	
161	-8.0360E-1	3.8072E1	4.5680E0	3.5532E5	
162	-8.0589E-1	3.4675E1	4.5625E0	3.5754E5	
163	-8.0322E-1	3.8638E1	4.5569E0	3.5976E5	
164	-8.0711E-1	3.2864E1	4.5511E0	3.6198E5	
165	-8.0093E-1	4.2035E1	4.5454E0	3.6420E5	
166	-8.0246E-1	3.9771E1	4.5397E0	3.6642E5	
167	-8.0284E-1	3.9204E1	4.5341E0	3.6864E5	
168	-8.0040E-1	4.2828E1	4.5284E0	3.7086E5	
169	-8.0200E-1	4.0450E1	4.5228E0	3.7308E5	
170	-8.0200E-1	4.0450E1	4.5171E0	3.7530E5	
171	-8.0322E-1	3.8638E1	4.5113E0	3.7752E5	
172	-8.0299E-1	3.8978E1	4.5056E0	3.7974E5	
173	-8.0345E-1	3.8299E1	4.4999E0	3.8196E5	
174	-8.0307E-1	3.8865E1	4.4942E0	3.8418E5	
175	-7.9956E-1	4.4073E1	4.4885E0	3.8640E5	
176	-8.0261E-1	3.9544E1	4.4827E0	3.8862E5	
177	-8.0101E-1	4.1922E1	4.4769E0	3.9084E5	
178	-7.9796E-1	4.6451E1	4.4713E0	3.9306E5	
179	-8.0025E-1	4.3054E1	4.4656E0	3.9528E5	
180	-7.9857E-1	4.5545E1	4.4599E0	3.9750E5	
181	-8.0185E-1	4.0676E1	4.4540E0	3.9972E5	
182	-8.0101E-1	4.1922E1	4.4483E0	4.0194E5	
183	-7.9872E-1	4.5319E1	4.4425E0	4.0416E5	
184	-7.9773E-1	4.6791E1	4.4368E0	4.0638E5	
185	-8.0063E-1	4.2488E1	4.4311E0	4.0860E5	
186	-7.9979E-1	4.3733E1	4.4252E0	4.1082E5	
187	-7.9895E-1	4.4979E1	4.4195E0	4.1304E5	
188	-7.9895E-1	4.4979E1	4.4137E0	4.1526E5	
189	-7.9964E-1	4.3960E1	4.4078E0	4.1748E5	
190	-7.9987E-1	4.3620E1	4.4020E0	4.1970E5	
191	-7.9758E-1	4.7017E1	4.3963E0	4.2192E5	
192	-7.9742E-1	4.7243E1	4.3905E0	4.2414E5	
193	-7.9590E-1	4.9508E1	4.3846E0	4.2636E5	
194	-7.9788E-1	4.6564E1	4.3788E0	4.2858E5	
195	-7.9514E-1	5.0640E1	4.3730E0	4.3080E5	
196	-7.9880E-1	4.5205E1	4.3672E0	4.3302E5	
197	-7.9697E-1	4.7923E1	4.3613E0	4.3524E5	
198	-7.9704E-1	4.7810E1	4.3556E0	4.3746E5	
199	-7.9720E-1	4.7583E1	4.3497E0	4.3968E5	
200	-7.9803E-1	4.6338E1	4.3438E0	4.4190E5	
201	-7.9666E-1	4.8376E1	4.3380E0	4.4412E5	
202	-7.9582E-1	4.9621E1	4.3323E0	4.4634E5	
203	-7.9460E-1	5.1433E1	4.3264E0	4.4856E5	
204	-7.9460E-1	5.1433E1	4.3205E0	4.5078E5	
205	-7.9742E-1	4.7243E1	4.3146E0	4.5300E5	
206	-7.9529E-1	5.0414E1	4.3089E0	4.5522E5	
207	-7.9521E-1	5.0527E1	4.3029E0	4.5744E5	
208	-7.9742E-1	4.7243E1	4.2971E0	4.5966E5	
209	-7.9506E-1	5.0753E1	4.2911E0	4.6188E5	
210	-7.9178E-1	5.5622E1	4.2852E0	4.6410E5	
211	-7.9399E-1	5.2339E1	4.2794E0	4.6632E5	
212	-7.9475E-1	5.1206E1	4.2735E0	4.6854E5	
213	-7.9330E-1	5.3358E1	4.2676E0	4.7076E5	
214	-7.9407E-1	5.2225E1	4.2618E0	4.7298E5	
215	-7.9582E-1	4.9621E1	4.2558E0	4.7520E5	
216	-7.9300E-1	5.3811E1	4.2499E0	4.7742E5	
217	-7.9071E-1	5.7207E1	4.2440E0	4.7964E5	
218	-7.9308E-1	5.3697E1	4.2381E0	4.8186E5	
219	-7.9468E-1	5.1320E1	4.2322E0	4.8408E5	
220	-7.9025E-1	5.7887E1	4.2262E0	4.8630E5	
221	-7.9407E-1	5.2225E1	4.2203E0	4.8852E5	
222	-7.9002E-1	5.8226E1	4.2144E0	4.9074E5	
223	-7.9041E-1	5.7660E1	4.2084E0	4.9296E5	
224	-7.9124E-1	5.6415E1	4.2025E0	4.9518E5	
225	-7.9132E-1	5.6302E1	4.1966E0	4.9740E5	
226	-7.9231E-1	5.4830E1	4.1906E0	4.9962E5	
227	-7.9102E-1	5.6754E1	4.1847E0	5.0184E5	
228	-7.8735E-1	6.2189E1	4.1786E0	5.0406E5	
229	-7.9140E-1	5.6188E1	4.1727E0	5.0628E5	
230	-7.9056E-1	5.7434E1	4.1668E0	5.0850E5	
231	-7.9231E-1	5.4830E1	4.1608E0	5.1072E5	
232	-7.8758E-1	6.1850E1	4.1549E0	5.1294E5	
233	-7.8979E-1	5.8566E1	4.1489E0	5.1516E5	
234	-7.9018E-1	5.8000E1	4.1428E0	5.1738E5	
235	-7.9048E-1	5.7547E1	4.1370E0	5.1960E5	
236	-7.9033E-1	5.7773E1	4.1309E0	5.2182E5	
237	-7.9025E-1	5.7887E1	4.1249E0	5.2404E5	
238	-7.9018E-1	5.8000E1	4.1189E0	5.2626E5	
239	-7.8568E-1	6.4680E1	4.1129E0	5.2848E5	
240	-7.9033E-1	5.7773E1	4.1069E0	5.3070E5	
241	-7.8888E-1	5.9925E1	4.1009E0	5.3292E5	
242	-7.8758E-1	6.1850E1	4.0949E0	5.3514E5	
243	-7.8781E-1	6.1510E1	4.0888E0	5.3736E5	
244	-7.8758E-1	6.1850E1	4.0828E0	5.3958E5	
245	-7.8735E-1	6.2189E1	4.0768E0	5.4180E5	
246	-7.8712E-1	6.2529E1	4.0708E0	5.4402E5	
247	-7.8651E-1	6.3435E1	4.0648E0	5.4624E5	
248	-7.8606E-1	6.4114E1	4.0587E0	5.4846E5	
249	-7.8697E-1	6.2755E1	4.0527E0	5.5068E5	
250	-7.8674E-1	6.3095E1	4.0467E0	5.5290E5	
251	-7.8705E-1	6.2642E1	4.0406E0	5.5512E5	
252	-7.8590E-1	6.4341E1	4.0345E0	5.5734E5	
253	-7.8552E-1	6.4907E1	4.0285E0	5.5956E5	
254	-7.8552E-1	6.4907E1	4.0224E0	5.6178E5	
255	-7.8644E-1	6.3548E1	4.0164E0	5.6400E5	
256	-7.8659E-1	6.3322E1	4.0103E0	5.6622E5	
257	-7.8613E-1	6.4001E1	4.0042E0	5.6844E5	
258	-7.8300E-1	6.8643E1	3.9981E0	5.7066E5	
259	-7.8232E-1	6.9662E1	3.9920E0	5.7288E5	
260	-7.8300E-1	6.8643E1	3.9860E0	5.7510E5	
261	-7.8339E-1	6.8077E1	3.9798E0	5.7732E5	
262	-7.8415E-1	6.6945E1	3.9738E0	5.7954E5	
263	-7.8232E-1	6.9662E1	3.9677E0	5.8176E5	
264	-7.8537E-1	6.5133E1	3.9616E0	5.8398E5	
265	-7.8300E-1	6.8643E1	3.9555E0	5.8620E5	
266	-7.8400E-1	6.7171E1	3.9494E0	5.8842E5	
267	-7.8484E-1	6.5926E1	3.9433E0	5.9064E5	
268	-7.8392E-1	6.7284E1	3.9372E0	5.9286E5	
269	-7.8285E-1	6.8870E1	3.9310E0	5.9508E5	
270	-7.8209E-1	7.0002E1	3.9250E0	5.9730E5	
271	-7.8331E-1	6.8190E1	3.9187E0	5.9952E5	
272	-7.8186E-1	7.0342E1	3.9126E0	6.0174E5	
273	-7.8178E-1	7.0455E1	3.9065E0	6.0396E5	
274	-7.8468E-1	6.6152E1	3.9004E0	6.0618E5	
275	-7.8003E-1	7.3059E1	3.8942E0	6.0840E5	
276	-7.8049E-1	7.2380E1	3.8881E0	6.1062E5	
277	-7.8163E-1	7.0681E1	3.8819E0	6.1284E5	
278	-7.8133E-1	7.1134E1	3.8758E0	6.1506E5	
279	-7.8110E-1	7.1474E1	3.8696E0	6.1728E5	
280	-7.8079E-1	7.1927E1	3.8635E0	6.1950E5	
281	-7.7972E-1	7.3512E1	3.8573E0	6.2172E5	
282	-7.8003E-1	7.3059E1	3.8511E0	6.2394E5	
283	-7.8033E-1	7.2606E1	3.8450E0	6.2616E5	
284	-7.7820E-1	7.5776E1	3.8388E0	6.2838E5	
285	-7.7499E-1	8.0532E1	3.8326E0	6.3060E5	
286	-7.7995E-1	7.3172E1	3.8263E0	6.3282E5	
287	-7.8018E-1	7.2832E1	3.8202E0	6.3504E5	
288	-7.7774E-1	7.6456E1	3.8140E0	6.3726E5	
289	-7.7606E-1	7.8947E1	3.8078E0	6.3948E5	
290	-7.7652E-1	7.8267E1	3.8016E0	6.4170E5	
291	-7.7995E-1	7.3172E1	3.7954E0	6.4392E5	
292	-7.7896E-1	7.4644E1	3.7893E0	6.4614E5	
293	-7.7980E-1	7.3399E1	3.7831E0	6.4836E5	
294	-7.7667E-1	7.8041E1	3.7768E0	6.5058E5	
295	-7.7644E-1	7.8381E1	3.7707E0	6.5280E5	
296	-7.7950E-1	7.3852E1	3.7643E0	6.5502E5	
297	-7.7942E-1	7.3965E1	3.7581E0	6.5724E5	
298	-7.7744E-1	7.6909E1	3.7519E0	6.5946E5	
299	-7.7614E-1	7.8833E1	3.7458E0	6.6168E5	
300	-7.7606E-1	7.8947E1	3.7395E0	6.6390E5	
301	-7.7522E-1	8.0192E1	3.7333E0	6.6612E5	
302	-7.7682E-1	7.7814E1	3.7269E0	6.6834E5	
303	-7.7667E-1	7.8041E1	3.7208E0	6.7056E5	
304	-7.7507E-1	8.0419E1	3.7144E0	6.7278E5	
305	-7.7515E-1	8.0305E1	3.7083E0	6.7500E5	
306	-7.7431E-1	8.1551E1	3.7020E0	6.7722E5	
307	-7.7301E-1	8.3476E1	3.6957E0	6.7944E5	
308	-7.7332E-1	8.3023E1	3.6895E0	6.8166E5	
309	-7.7446E-1	8.1324E1	3.6832E0	6.8388E5	
310	-7.7431E-1	8.1551E1	3.6768E0	6.8610E5	
311	-7.7415E-1	8.1777E1	3.6707E0	6.8832E5	
312	-7.7484E-1	8.0758E1	3.6644E0	6.9054E5	
313	-7.7492E-1	8.0645E1	3.6581E0	6.9276E5	
314	-7.7415E-1	8.1777E1	3.6516E0	6.9498E5	
315	-7.7225E-1	8.4608E1	3.6455E0	6.9720E5	
316	-7.7217E-1	8.4721E1	3.6392E0	6.9942E5	
317	-7.7248E-1	8.4268E1	3.6329E0	7.0164E5	
318	-7.7286E-1	8.3702E1	3.6265E0	7.0386E5	
319	-7.7103E-1	8.6420E1	3.6203E0	7.0608E5	
320	-7.7209E-1	8.4834E1	3.6140E0	7.0830E5	
321	-7.7034E-1	8.7439E1	3.6076E0	7.1052E5	
322	-7.7156E-1	8.5627E1	3.6015E0	7.1274E5	
323	-7.7240E-1	8.4382E1	3.5951E0	7.1496E5	
324	-7.7133E-1	8.5967E1	3.5887E0	7.1718E5	
325	-7.7011E-1	8.7778E1	3.5824E0	7.1940E5	
326	-7.6996E-1	8.8005E1	3.5761E0	7.2162E5	
327	-7.6942E-1	8.8797E1	3.5698E0	7.2384E5	
328	-7.7141E-1	8.5853E1	3.5633E0	7.2606E5	
329	-7.7263E-1	8.4042E1	3.5570E0	7.2828E5	
330	-7.6897E-1	8.9477E1	3.5508E0	7.3050E5	
331	-7.7118E-1	8.6193E1	3.5444E0	7.3272E5	
332	-7.7057E-1	8.7099E1	3.5381E0	7.3494E5	
333	-7.6843E-1	9.0269E1	3.5317E0	7.3716E5	
334	-7.6851E-1	9.0156E1	3.5253E0	7.3938E5	
335	-7.6981E-1	8.8231E1	3.5190E0	7.4160E5	
336	-7.6874E-1	8.9816E1	3.5126E0	7.4382E5	
337	-7.6889E-1	8.9590E1	3.5061E0	7.4604E5	
338	-7.6836E-1	9.0382E1	3.4999E0	7.4826E5	
339	-7.6996E-1	8.8005E1	3.4934E0	7.5048E5	
340	-7.6736E-1	9.1854E1	3.4871E0	7.5270E5	
341	-7.6675E-1	9.2760E1	3.4808E0	7.5492E5	
342	-7.6729E-1	9.1968E1	3.4744E0	7.5714E5	
343	-7.6843E-1	9.0269E1	3.4679E0	7.5936E5	
344	-7.6530E-1	9.4912E1	3.4615E0	7.6158E5	
345	-7.6752E-1	9.1628E1	3.4551E0	7.6380E5	
346	-7.6744E-1	9.1741E1	3.4488E0	7.6602E5	
347	-7.6645E-1	9.3213E1	3.4423E0	7.6824E5	
348	-7.6630E-1	9.3440E1	3.4360E0	7.7046E5	
349	-7.6805E-1	9.0835E1	3.4295E0	7.7268E5	
350	-7.6271E-1	9.8761E1	3.4232E0	7.7490E5	
351	-7.6607E-1	9.3779E1	3.4168E0	7.7712E5	
352	-7.6630E-1	9.3440E1	3.4103E0	7.7934E5	
353	-7.6569E-1	9.4345E1	3.4038E0	7.8156E5	
354	-7.6553E-1	9.4572E1	3.3975E0	7.8378E5	
355	-7.6538E-1	9.4798E1	3.3911E0	7.8600E5	
356	-7.6637E-1	9.3326E1	3.3846E0	7.8822E5	
357	-7.6416E-1	9.6610E1	3.3782E0	7.9044E5	
358	-7.6256E-1	9.8988E1	3.3718E0	7.9266E5	
359	-7.6324E-1	9.7969E1	3.3653E0	7.9488E5	
360	-7.6454E-1	9.6044E1	3.3588E0	7.9710E5	
361	-7.6324E-1	9.7969E1	3.3525E0	7.9932E5	
362	-7.6302E-1	9.8308E1	3.3461E0	8.0154E5	
363	-7.6546E-1	9.4685E1	3.3396E0	8.0376E5	
364	-7.6134E-1	1.0080E2	3.3331E0	8.0598E5	
365	-7.6286E-1	9.8535E1	3.3266E0	8.0820E5	
366	-7.6340E-1	9.7742E1	3.3201E0	8.1042E5	
367	-7.6324E-1	9.7969E1	3.3136E0	8.1264E5	
368	-7.5989E-1	1.0295E2	3.3073E0	8.1486E5	
369	-7.5958E-1	1.0340E2	3.3008E0	8.1708E5	
370	-7.6164E-1	1.0035E2	3.2942E0	8.1930E5	
371	-7.6096E-1	1.0137E2	3.2877E0	8.2152E5	
372	-7.6340E-1	9.7742E1	3.2813E0	8.2374E5	
373	-7.6393E-1	9.6950E1	3.2747E0	8.2596E5	
374	-7.6103E-1	1.0125E2	3.2683E0	8.2818E5	
375	-7.6118E-1	1.0103E2	3.2618E0	8.3040E5	
376	-7.6050E-1	1.0204E2	3.2553E0	8.3262E5	
377	-7.6210E-1	9.9667E1	3.2489E0	8.3484E5	
378	-7.6019E-1	1.0250E2	3.2423E0	8.3706E5	
379	-7.6157E-1	1.0046E2	3.2358E0	8.3928E5	
380	-7.5783E-1	1.0601E2	3.2293E0	8.4150E5	
381	-7.5813E-1	1.0555E2	3.2227E0	8.4372E5	
382	-7.6012E-1	1.0261E2	3.2163E0	8.4594E5	
383	-7.5844E-1	1.0510E2	3.2098E0	8.4816E5	
384	-7.5829E-1	1.0533E2	3.2033E0	8.5038E5	
385	-7.5897E-1	1.0431E2	3.1967E0	8.5260E5	
386	-7.5798E-1	1.0578E2	3.1902E0	8.5482E5	
387	-7.5729E-1	1.0680E2	3.1837E0	8.5704E5	
388	-7.5829E-1	1.0533E2	3.1771E0	8.5926E5	
389	-7.5722E-1	1.0691E2	3.1706E0	8.6148E5	
390	-7.5661E-1	1.0782E2	3.1640E0	8.6370E5	
391	-7.5806E-1	1.0567E2	3.1574E0	8.6592E5	
392	-7.5844E-1	1.0510E2	3.1509E0	8.6814E5	
393	-7.5760E-1	1.0635E2	3.1444E0	8.7036E5	
394	-7.5699E-1	1.0725E2	3.1379E0	8.7258E5	
395	-7.5562E-1	1.0929E2	3.1314E0	8.7480E5	
396	-7.5821E-1	1.0544E2	3.1248E0	8.7702E5	
397	-7.5623E-1	1.0839E2	3.1183E0	8.7924E5	
398	-7.5661E-1	1.0782E2	3.1116E0	8.8146E5	
399	-7.5775E-1	1.0612E2	3.1051E0	8.8368E5	
400	-7.5333E-1	1.1269E2	3.0984E0	8.8590E5	
401	-7.5706E-1	1.0714E2	3.0920E0	8.8812E5	
402	-7.5386E-1	1.1190E2	3.0854E0	8.9034E5	
403	-7.5546E-1	1.0952E2	3.0788E0	8.9256E5	
404	-7.5386E-1	1.1190E2	3.0722E0	8.9478E5	
405	-7.5562E-1	1.0929E2	3.0656E0	8.9700E5	
406	-7.5401E-1	1.1167E2	3.0591E0	8.9922E5	
407	-7.5638E-1	1.0816E2	3.0524E0	9.0144E5	
408	-7.5424E-1	1.1133E2	3.0457E0	9.0366E5	
409	-7.5439E-1	1.1110E2	3.0394E0	9.0588E5	
410	-7.5348E-1	1.1246E2	3.0326E0	9.0810E5	
411	-7.5333E-1	1.1269E2	3.0260E0	9.1032E5	
412	-7.5386E-1	1.1190E2	3.0194E0	9.1254E5	
413	-7.5371E-1	1.1212E2	3.0128E0	9.1476E5	
414	-7.5340E-1	1.1257E2	3.0062E0	9.1698E5	
415	-7.5256E-1	1.1382E2	2.9997E0	9.1920E5	
416	-7.5203E-1	1.1461E2	2.9929E0	9.2142E5	
417	-7.5104E-1	1.1608E2	2.9865E0	9.2364E5	
418	-7.5142E-1	1.1552E2	2.9798E0	9.2586E5	
419	-7.5050E-1	1.1688E2	2.9732E0	9.2808E5	
420	-7.5317E-1	1.1291E2	2.9665E0	9.3030E5	
421	-7.5150E-1	1.1541E2	2.9600E0	9.3252E5	
422	-7.5249E-1	1.1393E2	2.9532E0	9.3474E5	
423	-7.4944E-1	1.1846E2	2.9466E0	9.3696E5	
424	-7.5119E-1	1.1586E2	2.9399E0	9.3918E5	
425	-7.5157E-1	1.1529E2	2.9332E0	9.4140E5	
426	-7.5325E-1	1.1280E2	2.9266E0	9.4362E5	
427	-7.4875E-1	1.1948E2	2.9200E0	9.4584E5	
428	-7.4974E-1	1.1801E2	2.9133E0	9.4806E5	
429	-7.4974E-1	1.1801E2	2.9067E0	9.5028E5	
430	-7.5150E-1	1.1541E2	2.8999E0	9.5250E5	
431	-7.4936E-1	1.1858E2	2.8934E0	9.5472E5	
432	-7.4883E-1	1.1937E2	2.8866E0	9.5694E5	
433	-7.4738E-1	1.2152E2	2.8799E0	9.5916E5	
434	-7.5081E-1	1.1642E2	2.8734E0	9.6138E5	
435	-7.4867E-1	1.1959E2	2.8667E0	9.6360E5	
436	-7.4722E-1	1.2175E2	2.8599E0	9.6582E5	
437	-7.4814E-1	1.2039E2	2.8533E0	9.6804E5	
438	-7.4844E-1	1.1993E2	2.8466E0	9.7026E5	
439	-7.4753E-1	1.2129E2	2.8400E0	9.7248E5	
440	-7.4448E-1	1.2582E2	2.8332E0	9.7470E5	
441	-7.4448E-1	1.2582E2	2.8265E0	9.7692E5	
442	-7.4409E-1	1.2639E2	2.8198E0	9.7914E5	
443	-7.4707E-1	1.2197E2	2.8131E0	9.8136E5	
444	-7.4799E-1	1.2061E2	2.8065E0	9.8358E5	
445	-7.4669E-1	1.2254E2	2.7998E0	9.8580E5	
446	-7.4448E-1	1.2582E2	2.7931E0	9.8802E5	
447	-7.4455E-1	1.2571E2	2.7863E0	9.9024E5	
448	-7.4577E-1	1.2390E2	2.7796E0	9.9246E5	
449	-7.4486E-1	1.2526E2	2.7730E0	9.9468E5	
450	-7.4562E-1	1.2412E2	2.7662E0	9.9690E5	
451	-7.4509E-1	1.2492E2	2.7596E0	9.9912E5	
452	-7.4341E-1	1.2741E2	2.7528E0	1.0013E6	
453	-7.4509E-1	1.2492E2	2.7461E0	1.0036E6	
454	-7.4623E-1	1.2322E2	2.7394E0	1.0058E6	
455	-7.4402E-1	1.2650E2	2.7326E0	1.0080E6	
456	-7.4478E-1	1.2537E2	2.7259E0	1.0102E6	
457	-7.4181E-1	1.2979E2	2.7191E0	1.0124E6	
458	-7.4501E-1	1.2503E2	2.7124E0	1.0147E6	
459	-7.4341E-1	1.2741E2	2.7057E0	1.0169E6	
460	-7.4242E-1	1.2888E2	2.6989E0	1.0191E6	
461	-7.4432E-1	1.2605E2	2.6922E0	1.0213E6	
462	-7.4280E-1	1.2831E2	2.6855E0	1.0235E6	
463	-7.4196E-1	1.2956E2	2.6788E0	1.0258E6	
464	-7.3883E-1	1.3420E2	2.6719E0	1.0280E6	
465	-7.4127E-1	1.3058E2	2.6652E0	1.0302E6	
466	-7.4265E-1	1.2854E2	2.6584E0	1.0324E6	
467	-7.4158E-1	1.3012E2	2.6517E0	1.0346E6	
468	-7.4036E-1	1.3194E2	2.6449E0	1.0369E6	
469	-7.4287E-1	1.2820E2	2.6382E0	1.0391E6	
470	-7.4043E-1	1.3182E2	2.6314E0	1.0413E6	
471	-7.4158E-1	1.3012E2	2.6246E0	1.0435E6	
472	-7.3921E-1	1.3363E2	2.6179E0	1.0457E6	
473	-7.4150E-1	1.3024E2	2.6111E0	1.0480E6	
474	-7.4081E-1	1.3126E2	2.6043E0	1.0502E6	
475	-7.3929E-1	1.3352E2	2.5975E0	1.0524E6	
476	-7.3875E-1	1.3431E2	2.5908E0	1.0546E6	
477	-7.3997E-1	1.3250E2	2.5840E0	1.0568E6	
478	-7.3921E-1	1.3363E2	2.5771E0	1.0591E6	
479	-7.3967E-1	1.3296E2	2.5703E0	1.0613E6	
480	-7.3860E-1	1.3454E2	2.5636E0	1.0635E6	
481	-7.3853E-1	1.3465E2	2.5568E0	1.0657E6	
482	-7.3914E-1	1.3375E2	2.5499E0	1.0679E6	
483	-7.3959E-1	1.3307E2	2.5432E0	1.0702E6	
484	-7.3761E-1	1.3601E2	2.5364E0	1.0724E6	
485	-7.3669E-1	1.3737E2	2.5296E0	1.0746E6	
486	-7.3746E-1	1.3624E2	2.5227E0	1.0768E6	
487	-7.3715E-1	1.3669E2	2.5158E0	1.0790E6	
488	-7.3715E-1	1.3669E2	2.5091E0	1.0813E6	
489	-7.3647E-1	1.3771E2	2.5023E0	1.0835E6	
490	-7.3631E-1	1.3794E2	2.4954E0	1.0857E6	
491	-7.3608E-1	1.3828E2	2.4888E0	1.0879E6	
492	-7.3524E-1	1.3952E2	2.4818E0	1.0901E6	
493	-7.3814E-1	1.3522E2	2.4751E0	1.0924E6	
494	-7.3547E-1	1.3918E2	2.4682E0	1.0946E6	
495	-7.3425E-1	1.4099E2	2.4614E0	1.0968E6	
496	-7.3410E-1	1.4122E2	2.4546E0	1.0990E6	
497	-7.3448E-1	1.4065E2	2.4476E0	1.1012E6	
498	-7.3296E-1	1.4292E2	2.4408E0	1.1035E6	
499	-7.3555E-1	1.3907E2	2.4340E0	1.1057E6	
500	-7.3425E-1	1.4099E2	2.4272E0	1.1079E6	
501	-7.3441E-1	1.4077E2	2.4204E0	1.1101E6	
502	-7.3227E-1	1.4394E2	2.4136E0	1.1123E6	
503	-7.3479E-1	1.4020E2	2.4067E0	1.1146E6	
504	-7.3112E-1	1.4564E2	2.3998E0	1.1168E6	
505	-7.3112E-1	1.4564E2	2.3930E0	1.1190E6	
506	-7.3318E-1	1.4258E2	2.3862E0	1.1212E6	
507	-7.3341E-1	1.4224E2	2.3793E0	1.1234E6	
508	-7.3166E-1	1.4484E2	2.3724E0	1.1257E6	
509	-7.3196E-1	1.4439E2	2.3655E0	1.1279E6	
510	-7.3174E-1	1.4473E2	2.3587E0	1.1301E6	
511	-7.3090E-1	1.4598E2	2.3517E0	1.1323E6	
512	-7.3120E-1	1.4552E2	2.3449E0	1.1345E6	
513	-7.3227E-1	1.4394E2	2.3381E0	1.1368E6	
514	-7.3021E-1	1.4700E2	2.3311E0	1.1390E6	
515	-7.3303E-1	1.4281E2	2.3244E0	1.1412E6	
516	-7.3196E-1	1.4439E2	2.3174E0	1.1434E6	
517	-7.3296E-1	1.4292E2	2.3105E0	1.1456E6	
518	-7.2968E-1	1.4779E2	2.3036E0	1.1479E6	
519	-7.2914E-1	1.4858E2	2.2968E0	1.1501E6	
520	-7.3082E-1	1.4609E2	2.2899E0	1.1523E6	
521	-7.3044E-1	1.4666E2	2.2830E0	1.1545E6	
522	-7.2914E-1	1.4858E2	2.2761E0	1.1567E6	
523	-7.2823E-1	1.4994E2	2.2692E0	1.1590E6	
524	-7.2929E-1	1.4835E2	2.2623E0	1.1612E6	
525	-7.2922E-1	1.4847E2	2.2555E0	1.1634E6	
526	-7.2701E-1	1.5175E2	2.2485E0	1.1656E6	
527	-7.2693E-1	1.5186E2	2.2416E0	1.1678E6	
528	-7.3029E-1	1.4688E2	2.2347E0	1.1701E6	
529	-7.2609E-1	1.5311E2	2.2278E0	1.1723E6	
530	-7.2922E-1	1.4847E2	2.2209E0	1.1745E6	
531	-7.2601E-1	1.5322E2	2.2140E0	1.1767E6	
532	-7.2792E-1	1.5039E2	2.2070E0	1.1789E6	
533	-7.2807E-1	1.5017E2	2.2001E0	1.1812E6	
534	-7.2647E-1	1.5254E2	2.1932E0	1.1834E6	
535	-7.2830E-1	1.4983E2	2.1864E0	1.1856E6	
536	-7.2815E-1	1.5005E2	2.1794E0	1.1878E6	
537	-7.2586E-1	1.5345E2	2.1725E0	1.1900E6	
538	-7.2525E-1	1.5436E2	2.1655E0	1.1923E6	
539	-7.2357E-1	1.5685E2	2.1587E0	1.1945E6	
540	-7.2563E-1	1.5379E2	2.1518E0	1.1967E6	
541	-7.2548E-1	1.5402E2	2.1447E0	1.1989E6	
542	-7.2533E-1	1.5424E2	2.1378E0	1.2011E6	
543	-7.2609E-1	1.5311E2	2.1309E0	1.2034E6	
544	-7.2586E-1	1.5345E2	2.1239E0	1.2056E6	
545	-7.2578E-1	1.5356E2	2.1170E0	1.2078E6	
546	-7.2250E-1	1.5843E2	2.1101E0	1.2100E6	
547	-7.2632E-1	1.5277E2	2.1031E0	1.2122E6	
548	-7.2151E-1	1.5990E2	2.0962E0	1.2145E6	
549	-7.2411E-1	1.5605E2	2.0893E0	1.2167E6	
550	-7.2197E-1	1.5922E2	2.0823E0	1.2189E6	
551	-7.2342E-1	1.5707E2	2.0754E0	1.2211E6	
552	-7.2487E-1	1.5492E2	2.0683E0	1.2233E6	
553	-7.2212E-1	1.5900E2	2.0614E0	1.2256E6	
554	-7.2372E-1	1.5662E2	2.0545E0	1.2278E6	
555	-7.2060E-1	1.6126E2	2.0475E0	1.2300E6	
556	-7.2090E-1	1.6081E2	2.0406E0	1.2322E6	
557	-7.2098E-1	1.6070E2	2.0335E0	1.2344E6	
558	-7.2083E-1	1.6092E2	2.0266E0	1.2367E6	
559	-7.2144E-1	1.6002E2	2.0197E0	1.2389E6	
560	-7.2227E-1	1.5877E2	2.0127E0	1.2411E6	
561	-7.2227E-1	1.5877E2	2.0057E0	1.2433E6	
562	-7.2037E-1	1.6160E2	1.9988E0	1.2455E6	
563	-7.1976E-1	1.6251E2	1.9918E0	1.2478E6	
564	-7.2083E-1	1.6092E2	1.9847E0	1.2500E6	
565	-7.2197E-1	1.5922E2	1.9778E0	1.2522E6	
566	-7.1785E-1	1.6534E2	1.9708E0	1.2544E6	
567	-7.2090E-1	1.6081E2	1.9639E0	1.2566E6	
568	-7.1892E-1	1.6375E2	1.9569E0	1.2589E6	
569	-7.2006E-1	1.6205E2	1.9498E0	1.2611E6	
570	-7.2029E-1	1.6171E2	1.9429E0	1.2633E6	
571	-7.1884E-1	1.6387E2	1.9360E0	1.2655E6	
572	-7.1770E-1	1.6556E2	1.9290E0	1.2677E6	
573	-7.1709E-1	1.6647E2	1.9219E0	1.2700E6	
574	-7.1922E-1	1.6330E2	1.9149E0	1.2722E6	
575	-7.1770E-1	1.6556E2	1.9079E0	1.2744E6	
576	-7.1785E-1	1.6534E2	1.9010E0	1.2766E6	
577	-7.1968E-1	1.6262E2	1.8939E0	1.2788E6	
578	-7.1724E-1	1.6624E2	1.8869E0	1.2811E6	
579	-7.1869E-1	1.6409E2	1.8800E0	1.2833E6	
580	-7.1716E-1	1.6636E2	1.8730E0	1.2855E6	
581	-7.1678E-1	1.6692E2	1.8659E0	1.2877E6	
582	-7.1617E-1	1.6783E2	1.8590E0	1.2899E6	
583	-7.1655E-1	1.6726E2	1.8520E0	1.2922E6	
584	-7.1846E-1	1.6443E2	1.8449E0	1.2944E6	
585	-7.1678E-1	1.6692E2	1.8378E0	1.2966E6	
586	-7.1777E-1	1.6545E2	1.8308E0	1.2988E6	
587	-7.1671E-1	1.6704E2	1.8239E0	1.3010E6	
588	-7.1793E-1	1.6522E2	1.8169E0	1.3033E6	
589	-7.1442E-1	1.7043E2	1.8099E0	1.3055E6	
590	-7.1449E-1	1.7032E2	1.8028E0	1.3077E6	
591	-7.1434E-1	1.7055E2	1.7958E0	1.3099E6	
592	-7.1503E-1	1.6953E2	1.7888E0	1.3121E6	
593	-7.1533E-1	1.6907E2	1.7818E0	1.3144E6	
594	-7.1259E-1	1.7315E2	1.7748E0	1.3166E6	
595	-7.1190E-1	1.7417E2	1.7677E0	1.3188E6	
596	-7.1251E-1	1.7326E2	1.7607E0	1.3210E6	
597	-7.1342E-1	1.7191E2	1.7537E0	1.3232E6	
598	-7.1404E-1	1.7100E2	1.7466E0	1.3255E6	
599	-7.1419E-1	1.7077E2	1.7397E0	1.3277E6	
600	-7.1045E-1	1.7632E2	1.7325E0	1.3299E6	
601	-7.1350E-1	1.7179E2	1.7256E0	1.3321E6	
602	-7.1190E-1	1.7417E2	1.7185E0	1.3343E6	
603	-7.1136E-1	1.7496E2	1.7115E0	1.3366E6	
604	-7.1213E-1	1.7383E2	1.7044E0	1.3388E6	
605	-7.1075E-1	1.7587E2	1.6974E0	1.3410E6	
606	-7.1175E-1	1.7440E2	1.6903E0	1.3432E6	
607	-7.1068E-1	1.7598E2	1.6833E0	1.3454E6	
608	-7.1007E-1	1.7689E2	1.6762E0	1.3477E6	
609	-7.1114E-1	1.7530E2	1.6693E0	1.3499E6	
610	-7.0831E-1	1.7949E2	1.6621E0	1.3521E6	
611	-7.0992E-1	1.7711E2	1.6551E0	1.3543E6	
612	-7.0847E-1	1.7926E2	1.6481E0	1.3565E6	
613	-7.1114E-1	1.7530E2	1.6410E0	1.3588E6	
614	-7.1167E-1	1.7451E2	1.6340E0	1.3610E6	
615	-7.0900E-1	1.7847E2	1.6268E0	1.3632E6	
616	-7.1037E-1	1.7643E2	1.6198E0	1.3654E6	
617	-7.1030E-1	1.7655E2	1.6128E0	1.3676E6	
618	-7.0671E-1	1.8187E2	1.6057E0	1.3699E6	
619	-7.0923E-1	1.7813E2	1.5987E0	1.3721E6	
620	-7.0747E-1	1.8074E2	1.5917E0	1.3743E6	
621	-7.1030E-1	1.7655E2	1.5846E0	1.3765E6	
622	-7.0709E-1	1.8130E2	1.5775E0	1.3787E6	
623	-7.1014E-1	1.7677E2	1.5705E0	1.3810E6	
624	-7.0671E-1	1.8187E2	1.5634E0	1.3832E6	
625	-7.0656E-1	1.8210E2	1.5563E0	1.3854E6	
626	-7.0930E-1	1.7802E2	1.5492E0	1.3876E6	
627	-7.0625E-1	1.8255E2	1.5421E0	1.3898E6	
628	-7.0602E-1	1.8289E2	1.5352E0	1.3921E6	
629	-7.0633E-1	1.8244E2	1.5280E0	1.3943E6	
630	-7.0602E-1	1.8289E2	1.5210E0	1.3965E6	
631	-7.0679E-1	1.8176E2	1.5139E0	1.3987E6	
632	-7.0686E-1	1.8164E2	1.5068E0	1.4009E6	
633	-7.0702E-1	1.8142E2	1.4998E0	1.4032E6	
634	-7.0610E-1	1.8277E2	1.4927E0	1.4054E6	
635	-7.0290E-1	1.8753E2	1.4857E0	1.4076E6	
636	-7.0503E-1	1.8436E2	1.4785E0	1.4098E6	
637	-7.0587E-1	1.8311E2	1.4715E0	1.4120E6	
638	-7.0564E-1	1.8345E2	1.4644E0	1.4143E6	
639	-7.0595E-1	1.8300E2	1.4573E0	1.4165E6	
640	-7.0213E-1	1.8866E2	1.4503E0	1.4187E6	
641	-7.0374E-1	1.8628E2	1.4431E0	1.4209E6	
642	-7.0457E-1	1.8504E2	1.4361E0	1.4231E6	
643	-7.0198E-1	1.8889E2	1.4289E0	1.4254E6	
644	-7.0358E-1	1.8651E2	1.4219E0	1.4276E6	
645	-7.0366E-1	1.8640E2	1.4148E0	1.4298E6	
646	-7.0244E-1	1.8821E2	1.4077E0	1.4320E6	
647	-7.0145E-1	1.8968E2	1.4006E0	1.4342E6	
648	-7.0137E-1	1.8979E2	1.3935E0	1.4365E6	
649	-7.0198E-1	1.8889E2	1.3864E0	1.4387E6	
650	-7.0137E-1	1.8979E2	1.3794E0	1.4409E6	
651	-7.0343E-1	1.8674E2	1.3723E0	1.4431E6	
652	-7.0213E-1	1.8866E2	1.3652E0	1.4453E6	
653	-7.0282E-1	1.8764E2	1.3581E0	1.4476E6	
654	-7.0114E-1	1.9013E2	1.3509E0	1.4498E6	
655	-7.0236E-1	1.8832E2	1.3439E0	1.4520E6	
656	-6.9946E-1	1.9263E2	1.3367E0	1.4542E6	
657	-7.0198E-1	1.8889E2	1.3296E0	1.4564E6	
658	-6.9908E-1	1.9319E2	1.3227E0	1.4587E6	
659	-7.0190E-1	1.8900E2	1.3155E0	1.4609E6	
660	-7.0076E-1	1.9070E2	1.3084E0	1.4631E6	
661	-7.0030E-1	1.9138E2	1.3014E0	1.4653E6	
662	-6.9809E-1	1.9466E2	1.2943E0	1.4675E6	
663	-7.0045E-1	1.9115E2	1.2872E0	1.4698E6	
664	-6.9794E-1	1.9489E2	1.2801E0	1.4720E6	
665	-6.9748E-1	1.9557E2	1.2729E0	1.4742E6	
666	-6.9992E-1	1.9195E2	1.2658E0	1.4764E6	
667	-6.9672E-1	1.9670E2	1.2588E0	1.4786E6	
668	-6.9870E-1	1.9376E2	1.2517E0	1.4809E6	
669	-6.9946E-1	1.9263E2	1.2445E0	1.4831E6	
670	-6.9855E-1	1.9398E2	1.2375E0	1.4853E6	
671	-6.9672E-1	1.9670E2	1.2304E0	1.4875E6	
672	-6.9519E-1	1.9897E2	1.2233E0	1.4897E6	
673	-6.9405E-1	2.0066E2	1.2162E0	1.4920E6	
674	-6.9717E-1	1.9602E2	1.2091E0	1.4942E6	
675	-6.9466E-1	1.9976E2	1.2019E0	1.4964E6	
676	-6.9695E-1	1.9636E2	1.1948E0	1.4986E6	
677	-6.9481E-1	1.9953E2	1.1877E0	1.5008E6	
678	-6.9695E-1	1.9636E2	1.1806E0	1.5031E6	
679	-6.9633E-1	1.9727E2	1.1736E0	1.5053E6	
680	-6.9504E-1	1.9919E2	1.1664E0	1.5075E6	
681	-6.9511E-1	1.9908E2	1.1594E0	1.5097E6	
682	-6.9366E-1	2.0123E2	1.1522E0	1.5119E6	
683	-6.9511E-1	1.9908E2	1.1451E0	1.5142E6	
684	-6.9313E-1	2.0202E2	1.1380E0	1.5164E6	
685	-6.9534E-1	1.9874E2	1.1309E0	1.5186E6	
686	-6.9603E-1	1.9772E2	1.1238E0	1.5208E6	
687	-6.9176E-1	2.0406E2	1.1166E0	1.5230E6	
688	-6.9077E-1	2.0553E2	1.1097E0	1.5253E6	
689	-6.9191E-1	2.0383E2	1.1025E0	1.5275E6	
690	-6.9183E-1	2.0395E2	1.0953E0	1.5297E6	
691	-7.3067E-1	1.4632E2	1.0883E0	1.5319E6	
692	-7.2548E-1	1.5402E2	1.0812E0	1.5341E6	
693	-7.2388E-1	1.5639E2	1.0741E0	1.5364E6	
694	-7.2289E-1	1.5787E2	1.0670E0	1.5386E6	
695	-7.1594E-1	1.6817E2	1.0598E0	1.5408E6	
696	-7.1037E-1	1.7643E2	1.0527E0	1.5430E6	
697	-7.0305E-1	1.8730E2	1.0455E0	1.5452E6	
698	-6.9649E-1	1.9704E2	1.0385E0	1.5475E6	
699	-6.8993E-1	2.0678E2	1.0314E0	1.5497E6	
700	-6.8336E-1	2.1652E2	1.0242E0	1.5519E6	
701	-6.8054E-1	2.2071E2	1.0171E0	1.5541E6	
702	-6.7566E-1	2.2795E2	1.0100E0	1.5563E6	
703	-6.7390E-1	2.3056E2	1.0032E0	1.5586E6	
704	-6.6536E-1	2.4324E2	9.9577E-1	1.5608E6	
705	-6.6315E-1	2.4652E2	9.8874E-1	1.5630E6	
706	-6.5567E-1	2.5762E2	9.8157E-1	1.5652E6	
707	-6.5269E-1	2.6203E2	9.7458E-1	1.5674E6	
708	-6.4888E-1	2.6769E2	9.6741E-1	1.5697E6	
709	-6.4377E-1	2.7528E2	9.6024E-1	1.5719E6	
710	-6.3873E-1	2.8275E2	9.5327E-1	1.5741E6	
711	-6.3507E-1	2.8819E2	9.4605E-1	1.5763E6	
712	-6.2958E-1	2.9634E2	9.3895E-1	1.5785E6	
713	-6.2286E-1	3.0630E2	9.3187E-1	1.5808E6	
714	-6.1890E-1	3.1219E2	9.2473E-1	1.5830E6	
715	-6.1195E-1	3.2250E2	9.1767E-1	1.5852E6	
716	-6.0806E-1	3.2827E2	9.1058E-1	1.5874E6	
717	-6.0577E-1	3.3167E2	9.0350E-1	1.5896E6	
718	-6.0600E-1	3.3133E2	8.9642E-1	1.5919E6	
719	-6.0020E-1	3.3993E2	8.8932E-1	1.5941E6	
720	-5.9669E-1	3.4514E2	8.8217E-1	1.5963E6	
721	-5.9608E-1	3.4605E2	8.7503E-1	1.5985E6	
722	-5.9181E-1	3.5239E2	8.6800E-1	1.6007E6	
723	-5.8815E-1	3.5782E2	8.6091E-1	1.6030E6	
724	-5.8472E-1	3.6292E2	8.5378E-1	1.6052E6	
725	-5.8273E-1	3.6586E2	8.4666E-1	1.6074E6	
726	-5.7404E-1	3.7877E2	8.3963E-1	1.6096E6	
727	-5.7076E-1	3.8364E2	8.3239E-1	1.6118E6	
728	-5.7030E-1	3.8432E2	8.2543E-1	1.6141E6	
729	-5.6160E-1	3.9722E2	8.1822E-1	1.6163E6	
730	-5.5405E-1	4.0843E2	8.1122E-1	1.6185E6	
731	-5.5099E-1	4.1296E2	8.0406E-1	1.6207E6	
732	-5.4550E-1	4.2111E2	7.9692E-1	1.6229E6	
733	-5.4146E-1	4.2712E2	7.9002E-1	1.6252E6	
734	-5.3833E-1	4.3176E2	7.8284E-1	1.6274E6	
735	-5.3375E-1	4.3855E2	7.7568E-1	1.6296E6	
736	-5.2681E-1	4.4886E2	7.6852E-1	1.6318E6	
737	-5.2505E-1	4.5146E2	7.6160E-1	1.6340E6	
738	-5.1704E-1	4.6335E2	7.5450E-1	1.6363E6	
739	-5.1048E-1	4.7309E2	7.4739E-1	1.6385E6	
740	-5.0728E-1	4.7784E2	7.4030E-1	1.6407E6	
741	-4.9606E-1	4.9449E2	7.3322E-1	1.6429E6	
742	-4.9316E-1	4.9879E2	7.2609E-1	1.6451E6	
743	-4.8477E-1	5.1124E2	7.1908E-1	1.6474E6	
744	-4.7729E-1	5.2234E2	7.1200E-1	1.6496E6	
745	-4.7234E-1	5.2970E2	7.0498E-1	1.6518E6	
746	-4.6715E-1	5.3740E2	6.9787E-1	1.6540E6	
747	-4.5959E-1	5.4861E2	6.9075E-1	1.6562E6	
748	-4.5624E-1	5.5359E2	6.8365E-1	1.6585E6	
749	-4.4479E-1	5.7057E2	6.7664E-1	1.6607E6	
750	-4.4075E-1	5.7657E2	6.6954E-1	1.6629E6	
751	-4.3961E-1	5.7827E2	6.6245E-1	1.6651E6	
752	-4.3045E-1	5.9186E2	6.5536E-1	1.6673E6	
753	-4.2717E-1	5.9673E2	6.4844E-1	1.6696E6	
754	-4.2458E-1	6.0058E2	6.4133E-1	1.6718E6	
755	-4.1557E-1	6.1394E2	6.3415E-1	1.6740E6	
756	-4.0733E-1	6.2617E2	6.2727E-1	1.6762E6	
757	-4.0497E-1	6.2968E2	6.2015E-1	1.6784E6	
758	-3.9528E-1	6.4406E2	6.1306E-1	1.6807E6	
759	-3.8864E-1	6.5391E2	6.0606E-1	1.6829E6	
760	-3.8292E-1	6.6240E2	5.9889E-1	1.6851E6	
761	-3.7254E-1	6.7780E2	5.9196E-1	1.6873E6	
762	-3.6850E-1	6.8380E2	5.8488E-1	1.6895E6	
763	-3.6087E-1	6.9512E2	5.7784E-1	1.6918E6	
764	-3.5698E-1	7.0090E2	5.7079E-1	1.6940E6	
765	-3.5019E-1	7.1097E2	5.6374E-1	1.6962E6	
766	-3.4508E-1	7.1856E2	5.5669E-1	1.6984E6	
767	-3.3646E-1	7.3135E2	5.4969E-1	1.7006E6	
768	-3.3142E-1	7.3883E2	5.4632E-1	1.7017E6	
769	-3.3051E-1	7.4018E2	5.4604E-1	1.7018E6	
770	-3.2867E-1	7.4290E2	5.4588E-1	1.7018E6	
771	-3.2867E-1	7.4290E2	5.4588E-1	1.7018E6	
772	-3.2867E-1	7.4290E2	5.4588E-1	1.7018E6	
773	-3.2867E-1	7.4290E2	5.4588E-1	1.7018E6	
774	-3.2867E-1	7.4290E2	5.4588E-1	1.7018E6	
775	-3.2867E-1	7.4290E2	5.4588E-1	1.7018E6	
776	-3.2867E-1	7.4290E2	5.4588E-1	1.7018E6	
777	-3.2867E-1	7.4290E2	5.4588E-1	1.7018E6	
778	-3.2867E-1	7.4290E2	5.4588E-1	1.7018E6	
779	-3.2867E-1	7.4290E2	5.4588E-1	1.7018E6	
780	-3.2867E-1	7.4290E2	5.4588E-1	1.7018E6	
781	-3.2867E-1	7.4290E2	5.4588E-1	1.7018E6	
782	-3.2867E-1	7.4290E2	5.4588E-1	1.7018E6	
783	-3.2867E-1	7.4290E2	5.4588E-1	1.7018E6	
784	-3.2867E-1	7.4290E2	5.4588E-1	1.7018E6	
785	-3.2867E-1	7.4290E2	5.4588E-1	1.7018E6	
786	-3.2867E-1	7.4290E2	5.4588E-1	1.7018E6	
787	-3.2867E-1	7.4290E2	5.4588E-1	1.7018E6	
788	-3.2867E-1	7.4290E2	5.4588E-1	1.7018E6	
789	-3.2867E-1	7.4290E2	5.4588E-1	1.7018E6	
790	-3.2867E-1	7.4290E2	5.4588E-1	1.7018E6	
791	-3.2867E-1	7.4290E2	5.4588E-1	1.7018E6	
792	-3.2867E-1	7.4290E2	5.4588E-1	1.7018E6	
793	-3.2867E-1	7.4290E2	5.4588E-1	1.7018E6	
794	-3.2867E-1	7.4290E2	5.4588E-1	1.7018E6	
795	-3.2867E-1	7.4290E2	5.4588E-1	1.7018E6	
796	-3.2867E-1	7.4290E2	5.4588E-1	1.7018E6	
797	-3.2867E-1	7.4290E2	5.4588E-1	1.7018E6	
798	-3.2867E-1	7.4290E2	5.4588E-1	1.7018E6	
799	-3.2867E-1	7.4290E2	5.4588E-1	1.7018E6	
800	-3.2867E-1	7.4290E2	5.4588E-1	1.7018E6	
801	-3.2867E-1	7.4290E2	5.4588E-1	1.7018E6	
802	-3.2867E-1	7.4290E2	5.4588E-1	1.7018E6	
803	-3.2867E-1	7.4290E2	5.4588E-1	1.7018E6	
804	-3.2867E-1	7.4290E2	5.4588E-1	1.7018E6	
805	-3.2867E-1	7.4290E2	5.4588E-1	1.7018E6	
806	-3.2867E-1	7.4290E2	5.4588E-1	1.7018E6	
807	-3.2867E-1	7.4290E2	5.4588E-1	1.7018E6	
808	-3.2867E-1	7.4290E2	5.4588E-1	1.7018E6	
809	-3.2867E-1	7.4290E2	5.4588E-1	1.7018E6	
810	-3.2867E-1	7.4290E2	5.4588E-1	1.7018E6	
811	-3.2867E-1	7.4290E2	5.4588E-1	1.7018E6	
812	-3.2867E-1	7.4290E2	5.4588E-1	1.7018E6	
813	-3.2867E-1	7.4290E2	5.4588E-1	1.7018E6	
814	-3.2867E-1	7.4290E2	5.4588E-1	1.7018E6	
815	-3.2867E-1	7.4290E2	5.4588E-1	1.7018E6	
816	-3.2867E-1	7.4290E2	5.4588E-1	1.7018E6	
817	-3.2867E-1	7.4290E2	5.4588E-1	1.7018E6	
818	-3.2867E-1	7.4290E2	5.4588E-1	1.7018E6	
819	-3.2867E-1	7.4290E2	5.4588E-1	1.7018E6	
820	-3.2867E-1	7.4290E2	5.4588E-1	1.7018E6	
821	-3.2867E-1	7.4290E2	5.4588E-1	1.7018E6	
822	-3.2867E-1	7.4290E2	5.4588E-1	1.7018E6	
823	-3.2867E-1	7.4290E2	5.4588E-1	1.7018E6	
824	-3.2867E-1	7.4290E2	5.4588E-1	1.7018E6	
825	-3.2867E-1	7.4290E2	5.4588E-1	1.7018E6	
826	-3.2867E-1	7.4290E2	5.4588E-1	1.7018E6	
827	-3.2867E-1	7.4290E2	5.4588E-1	1.7018E6	
828	-3.2867E-1	7.4290E2	5.4588E-1	1.7018E6	
829	-3.2867E-1	7.4290E2	5.4588E-1	1.7018E6	
830	-3.2867E-1	7.4290E2	5.4588E-1	1.7018E6	
831	-3.2867E-1	7.4290E2	5.4588E-1	1.7018E6	
832	-3.2867E-1	7.4290E2	5.4588E-1	1.7018E6	
833	-3.2867E-1	7.4290E2	5.4588E-1	1.7018E6	
834	-3.2867E-1	7.4290E2	5.4588E-1	1.7018E6	
835	-3.2867E-1	7.4290E2	5.4588E-1	1.7018E6	
836	-3.2867E-1	7.4290E2	5.4588E-1	1.7018E6	
837	-3.2867E-1	7.4290E2	5.4588E-1	1.7018E6	
838	-3.2867E-1	7.4290E2	5.4588E-1	1.7018E6	
839	-3.2867E-1	7.4290E2	5.4588E-1	1.7018E6	
840	-3.2867E-1	7.4290E2	5.4588E-1	1.7018E6	
841	-3.2867E-1	7.4290E2	5.4588E-1	1.7018E6	
842	-3.2867E-1	7.4290E2	5.4588E-1	1.7018E6	
843	-3.2867E-1	7.4290E2	5.4588E-1	1.7018E6	
844	-3.2867E-1	7.4290E2	5.4588E-1	1.7018E6	
845	-3.2867E-1	7.4290E2	5.4588E-1	1.7018E6	
846	-3.2867E-1	7.4290E2	5.4588E-1	1.7018E6	
847	-3.2867E-1	7.4290E2	5.4588E-1	1.7018E6	
848	-3.2867E-1	7.4290E2	5.4588E-1	1.7018E6	
849	-3.2867E-1	7.4290E2	5.4588E-1	1.7018E6	
850	-3.2867E-1	7.4290E2	5.4588E-1	1.7018E6	
851	-3.2867E-1	7.4290E2	5.4588E-1	1.7018E6	
852	-3.2867E-1	7.4290E2	5.4588E-1	1.7018E6	
853	-3.2867E-1	7.4290E2	5.4588E-1	1.7018E6	
854	-3.2867E-1	7.4290E2	5.4588E-1	1.7018E6	
855	-3.2867E-1	7.4290E2	5.4588E-1	1.7018E6	
856	-3.2867E-1	7.4290E2	5.4588E-1	1.7018E6	
857	-3.2867E-1	7.4290E2	5.4588E-1	1.7018E6	
858	-3.2867E-1	7.4290E2	5.4588E-1	1.7018E6	
859	-3.2867E-1	7.4290E2	5.4588E-1	1.7018E6	
860	-3.2867E-1	7.4290E2	5.4588E-1	1.7018E6	
861	-3.2867E-1	7.4290E2	5.4588E-1	1.7018E6	
862	-3.2867E-1	7.4290E2	5.4588E-1	1.7018E6	
863	-3.2867E-1	7.4290E2	5.4588E-1	1.7018E6	
864	-3.2867E-1	7.4290E2	5.4588E-1	1.7018E6	
865	-3.2867E-1	7.4290E2	5.4588E-1	1.7018E6	
866	-3.2867E-1	7.4290E2	5.4588E-1	1.7018E6	
867	-3.2867E-1	7.4290E2	5.4588E-1	1.7018E6	
868	-3.2867E-1	7.4290E2	5.4588E-1	1.7018E6	
869	-3.2867E-1	7.4290E2	5.4588E-1	1.7018E6	
870	-3.2867E-1	7.4290E2	5.4588E-1	1.7018E6	
871	-3.2867E-1	7.4290E2	5.4588E-1	1.7018E6	
872	-3.2867E-1	7.4290E2	5.4588E-1	1.7018E6	
873	-3.2867E-1	7.4290E2	5.4588E-1	1.7018E6	
874	-3.2867E-1	7.4290E2	5.4588E-1	1.7018E6	
875	-3.2867E-1	7.4290E2	5.4588E-1	1.7018E6	
876	-3.2867E-1	7.4290E2	5.4588E-1	1.7018E6	
877	-3.2867E-1	7.4290E2	5.4588E-1	1.7018E6	
878	-3.2867E-1	7.4290E2	5.4588E-1	1.7018E6	
879	-3.2867E-1	7.4290E2	5.4588E-1	1.7018E6	
880	-3.2867E-1	7.4290E2	5.4588E-1	1.7018E6	
881	-3.2867E-1	7.4290E2	5.4588E-1	1.7018E6	
882	-3.2867E-1	7.4290E2	5.4588E-1	1.7018E6	
883	-3.2867E-1	7.4290E2	5.4588E-1	1.7018E6	
884	-3.2867E-1	7.4290E2	5.4588E-1	1.7018E6	
885	-3.2867E-1	7.4290E2	5.4588E-1	1.7018E6	
886	-3.2867E-1	7.4290E2	5.4588E-1	1.7018E6	
887	-3.2867E-1	7.4290E2	5.4588E-1	1.7018E6	
888	-3.2867E-1	7.4290E2	5.4588E-1	1.7018E6	
889	-3.2867E-1	7.4290E2	5.4588E-1	1.7018E6	
890	-3.2867E-1	7.4290E2	5.4588E-1	1.7018E6	
891	-3.2867E-1	7.4290E2	5.4588E-1	1.7018E6	
892	-3.2867E-1	7.4290E2	5.4588E-1	1.7018E6	
893	-3.2867E-1	7.4290E2	5.4588E-1	1.7018E6	
894	-3.2867E-1	7.4290E2	5.4588E-1	1.7018E6	
895	-3.2867E-1	7.4290E2	5.4588E-1	1.7018E6	
896	-3.2867E-1	7.4290E2	5.4588E-1	1.7018E6	
897	-3.2867E-1	7.4290E2	5.4588E-1	1.7018E6	
898	-3.2867E-1	7.4290E2	5.4588E-1	1.7018E6	
899	-3.2867E-1	7.4290E2	5.4588E-1	1.7018E6	
900	-3.2867E-1	7.4290E2	5.4588E-1	1.7018E6	
901	-3.2867E-1	7.4290E2	5.4588E-1	1.7018E6	
902	-3.2867E-1	7.4290E2	5.4588E-1	1.7018E6	
903	-3.2867E-1	7.4290E2	5.4588E-1	1.7018E6	
904	-3.2867E-1	7.4290E2	5.4588E-1	1.7018E6	
905	-3.2867E-1	7.4290E2	5.4588E-1	1.7018E6	
906	-3.2867E-1	7.4290E2	5.4588E-1	1.7018E6	
907	-3.2867E-1	7.4290E2	5.4588E-1	1.7018E6	
908	-3.2867E-1	7.4290E2	5.4588E-1	1.7018E6	
909	-3.2867E-1	7.4290E2	5.4588E-1	1.7018E6	
910	-3.2867E-1	7.4290E2	5.4588E-1	1.7018E6	
911	-3.2867E-1	7.4290E2	5.4588E-1	1.7018E6	
912	-3.2867E-1	7.4290E2	5.4588E-1	1.7018E6	
913	-3.2867E-1	7.4290E2	5.4588E-1	1.7018E6	
914	-3.2867E-1	7.4290E2	5.4588E-1	1.7018E6	
915	-3.2867E-1	7.4290E2	5.4588E-1	1.7018E6	
916	-3.2867E-1	7.4290E2	5.4588E-1	1.7018E6	
917	-3.2867E-1	7.4290E2	5.4588E-1	1.7018E6	
918	-3.2867E-1	7.4290E2	5.4588E-1	1.7018E6	
919	-3.2867E-1	7.4290E2	5.4588E-1	1.7018E6	
920	-3.2867E-1	7.4290E2	5.4588E-1	1.7018E6	
921	-3.2867E-1	7.4290E2	5.4588E-1	1.7018E6	
922	-3.2867E-1	7.4290E2	5.4588E-1	1.7018E6	
923	-3.2867E-1	7.4290E2	5.4588E-1	1.7018E6	
924	-3.2867E-1	7.4290E2	5.4588E-1	1.7018E6	
925	-3.2867E-1	7.4290E2	5.4588E-1	1.7018E6	
926	-3.2867E-1	7.4290E2	5.4588E-1	1.7018E6	
927	-3.2867E-1	7.4290E2	5.4588E-1	1.7018E6	
928	-3.2867E-1	7.4290E2	5.4588E-1	1.7018E6	
929	-3.2867E-1	7.4290E2	5.4588E-1	1.7018E6	
930	-3.2867E-1	7.4290E2	5.4588E-1	1.7018E6	
931	-3.2867E-1	7.4290E2	5.4588E-1	1.7018E6	
932	-3.2867E-1	7.4290E2	5.4588E-1	1.7018E6	
933	-3.2867E-1	7.4290E2	5.4588E-1	1.7018E6	
934	-3.2867E-1	7.4290E2	5.4588E-1	1.7018E6	
935	-3.2867E-1	7.4290E2	5.4588E-1	1.7018E6	
936	-3.2867E-1	7.4290E2	5.4588E-1	1.7018E6	
937	-3.2867E-1	7.4290E2	5.4588E-1	1.7018E6	
938	-3.2867E-1	7.4290E2	5.4588E-1	1.7018E6	
939	-3.2867E-1	7.4290E2	5.4588E-1	1.7018E6	
940	-3.2867E-1	7.4290E2	5.4588E-1	1.7018E6	
941	-3.2867E-1	7.4290E2	5.4588E-1	1.7018E6	
942	-3.2867E-1	7.4290E2	5.4588E-1	1.7018E6	
943	-3.2867E-1	7.4290E2	5.4588E-1	1.7018E6	
944	-3.2867E-1	7.4290E2	5.4588E-1	1.7018E6	
945	-3.2867E-1	7.4290E2	5.4588E-1	1.7018E6	
946	-3.2867E-1	7.4290E2	5.4588E-1	1.7018E6	
947	-3.2867E-1	7.4290E2	5.4588E-1	1.7018E6	
948	-3.2867E-1	7.4290E2	5.4588E-1	1.7018E6	
949	-3.2867E-1	7.4290E2	5.4588E-1	1.7018E6	
950	-3.2867E-1	7.4290E2	5.4588E-1	1.7018E6	
951	-3.2867E-1	7.4290E2	5.4588E-1	1.7018E6	
952	-3.2867E-1	7.4290E2	5.4588E-1	1.7018E6	
953	-3.2867E-1	7.4290E2	5.4588E-1	1.7018E6	
954	-3.2867E-1	7.4290E2	5.4588E-1	1.7018E6	
955	-3.2867E-1	7.4290E2	5.4588E-1	1.7018E6	
956	-3.2867E-1	7.4290E2	5.4588E-1	1.7018E6	
957	-3.2867E-1	7.4290E2	5.4588E-1	1.7018E6	
958	-3.2867E-1	7.4290E2	5.4588E-1	1.7018E6	
959	-3.2867E-1	7.4290E2	5.4588E-1	1.7018E6	
960	-3.2867E-1	7.4290E2	5.4588E-1	1.7018E6	
961	-3.2867E-1	7.4290E2	5.4588E-1	1.7018E6	
962	-3.2867E-1	7.4290E2	5.4588E-1	1.7018E6	
963	-3.2867E-1	7.4290E2	5.4588E-1	1.7018E6	
964	-3.2867E-1	7.4290E2	5.4588E-1	1.7018E6	
965	-3.2867E-1	7.4290E2	5.4588E-1	1.7018E6	
966	-3.2867E-1	7.4290E2	5.4588E-1	1.7018E6	
967	-3.2867E-1	7.4290E2	5.4588E-1	1.7018E6	
968	-3.2867E-1	7.4290E2	5.4588E-1	1.7018E6	
969	-3.2867E-1	7.4290E2	5.4588E-1	1.7018E6	
970	-3.2867E-1	7.4290E2	5.4588E-1	1.7018E6	
971	-3.2867E-1	7.4290E2	5.4588E-1	1.7018E6	
972	-3.2867E-1	7.4290E2	5.4588E-1	1.7018E6	
973	-3.2867E-1	7.4290E2	5.4588E-1	1.7018E6	
974	-3.2867E-1	7.4290E2	5.4588E-1	1.7018E6	
975	-3.2867E-1	7.4290E2	5.4588E-1	1.7018E6	
976	-3.2867E-1	7.4290E2	5.4588E-1	1.7018E6	
977	-3.2867E-1	7.4290E2	5.4588E-1	1.7018E6	
978	-3.2867E-1	7.4290E2	5.4588E-1	1.7018E6	
979	-3.2867E-1	7.4290E2	5.4588E-1	1.7018E6	
980	-3.2867E-1	7.4290E2	5.4588E-1	1.7018E6	
981	-3.2867E-1	7.4290E2	5.4588E-1	1.7018E6	
982	-3.2867E-1	7.4290E2	5.4588E-1	1.7018E6	
983	-3.2867E-1	7.4290E2	5.4588E-1	1.7018E6	
984	-3.2867E-1	7.4290E2	5.4588E-1	1.7018E6	
985	-3.2867E-1	7.4290E2	5.4588E-1	1.7018E6	
986	-3.2867E-1	7.4290E2	5.4588E-1	1.7018E6	
987	-3.2867E-1	7.4290E2	5.4588E-1	1.7018E6	
988	-3.2867E-1	7.4290E2	5.4588E-1	1.7018E6	
989	-3.2867E-1	7.4290E2	5.4588E-1	1.7018E6	
990	-3.2867E-1	7.4290E2	5.4588E-1	1.7018E6	
991	-3.2867E-1	7.4290E2	5.4588E-1	1.7018E6	
992	-3.2867E-1	7.4290E2	5.4588E-1	1.7018E6	
993	-3.2867E-1	7.4290E2	5.4588E-1	1.7018E6	
994	-3.2867E-1	7.4290E2	5.4588E-1	1.7018E6	
995	-3.2867E-1	7.4290E2	5.4588E-1	1.7018E6	
996	-3.2867E-1	7.4290E2	5.4588E-1	1.7018E6	
997	-3.2867E-1	7.4290E2	5.4588E-1	1.7018E6	
998	-3.2867E-1	7.4290E2	5.4588E-1	1.7018E6	
999	-3.2867E-1	7.4290E2	5.4588E-1	1.7018E6	
1000	-3.2867E-1	7.4290E2	5.4588E-1	1.7018E6	
1001	-3.2867E-1	7.4290E2	5.4588E-1	1.7018E6	
1002	-3.2867E-1	7.4290E2	5.4588E-1	1.7018E6	
1003	-3.2867E-1	7.4290E2	5.4588E-1	1.7018E6	
1004	-3.2867E-1	7.4290E2	5.4588E-1	1.7018E6	
1005	-3.2867E-1	7.4290E2	5.4588E-1	1.7018E6	
1006	-3.2867E-1	7.4290E2	5.4588E-1	1.7018E6	
1007	-3.2867E-1	7.4290E2	5.4588E-1	1.7018E6	
1008	-3.2867E-1	7.4290E2	5.4588E-1	1.7018E6	
1009	-3.2867E-1	7.4290E2	5.4588E-1	1.7018E6	
1010	-3.2867E-1	7.4290E2	5.4588E-1	1.7018E6	
1011	-3.2867E-1	7.4290E2	5.4588E-1	1.7018E6	
1012	-3.2867E-1	7.4290E2	5.4588E-1	1.7018E6	
1013	-3.2867E-1	7.4290E2	5.4588E-1	1.7018E6	
1014	-3.2867E-1	7.4290E2	5.4588E-1	1.7018E6	
1015	-3.2867E-1	7.4290E2	5.4588E-1	1.7018E6	
1016	-3.2867E-1	7.4290E2	5.4588E-1	1.7018E6	
1017	-3.2867E-1	7.4290E2	5.4588E-1	1.7018E6	
1018	-3.2867E-1	7.4290E2	5.4588E-1	1.7018E6	
1019	-3.2867E-1	7.4290E2	5.4588E-1	1.7018E6	
1020	-3.2867E-1	7.4290E2	5.4588E-1	1.7018E6	
1021	-3.2867E-1	7.4290E2	5.4588E-1	1.7018E6	
1022	-3.2867E-1	7.4290E2	5.4588E-1	1.7018E6	
1023	-3.2867E-1	7.4290E2	5.4588E-1	1.7018E6	
1024	-3.2867E-1	7.4290E2	5.4588E-1	1.7018E6	
1025	-3.2890E-1	7.4256E2	5.4576E-1	1.7019E6	
1026	-3.7392E-1	6.7576E2	5.4723E-1	1.7041E6	
1027	-4.0192E-1	6.3421E2	5.5004E-1	1.7063E6	
1028	-4.2152E-1	6.0511E2	5.5316E-1	1.7085E6	
1029	-4.3877E-1	5.7952E2	5.5666E-1	1.7107E6	
1030	-4.5685E-1	5.5268E2	5.6015E-1	1.7130E6	
1031	-4.6761E-1	5.3672E2	5.6385E-1	1.7152E6	
1032	-4.8561E-1	5.1000E2	5.6782E-1	1.7174E6	
1033	-5.0255E-1	4.8486E2	5.7177E-1	1.7196E6	
1034	-5.1079E-1	4.7263E2	5.7578E-1	1.7218E6	
1035	-5.3024E-1	4.4376E2	5.7986E-1	1.7241E6	
1036	-5.3810E-1	4.3210E2	5.8397E-1	1.7263E6	
1037	-5.5176E-1	4.1183E2	5.8830E-1	1.7285E6	
1038	-5.6099E-1	3.9813E2	5.9249E-1	1.7307E6	
1039	-5.7724E-1	3.7401E2	5.9676E-1	1.7329E6	
1040	-5.8876E-1	3.5692E2	6.0111E-1	1.7352E6	
1041	-5.9631E-1	3.4571E2	6.0541E-1	1.7374E6	
1042	-6.0867E-1	3.2736E2	6.0975E-1	1.7396E6	
1043	-6.1653E-1	3.1570E2	6.1420E-1	1.7418E6	
1044	-6.3225E-1	2.9238E2	6.1858E-1	1.7440E6	
1045	-6.4056E-1	2.8004E2	6.2299E-1	1.7463E6	
1046	-6.5308E-1	2.6147E2	6.2750E-1	1.7485E6	
1047	-6.5872E-1	2.5309E2	6.3199E-1	1.7507E6	
1048	-6.7078E-1	2.3520E2	6.3645E-1	1.7529E6	
1049	-6.7970E-1	2.2195E2	6.4094E-1	1.7551E6	
1050	-6.9077E-1	2.0553E2	6.4545E-1	1.7574E6	
1051	-6.9687E-1	1.9648E2	6.5005E-1	1.7596E6	
1052	-7.1159E-1	1.7462E2	6.5458E-1	1.7618E6	
1053	-7.2021E-1	1.6183E2	6.5909E-1	1.7640E6	
1054	-7.2517E-1	1.5447E2	6.6373E-1	1.7662E6	
1055	-7.3494E-1	1.3998E2	6.6825E-1	1.7685E6	
1056	-7.4646E-1	1.2288E2	6.7287E-1	1.7707E6	
1057	-7.5493E-1	1.1031E2	6.7753E-1	1.7729E6	
1058	-7.5905E-1	1.0420E2	6.8211E-1	1.7751E6	
1059	-7.6874E-1	8.9816E1	6.8686E-1	1.7773E6	
1060	-7.7652E-1	7.8267E1	6.9154E-1	1.7796E6	
1061	-7.8239E-1	6.9549E1	6.9617E-1	1.7818E6	
1062	-7.8751E-1	6.1963E1	7.0080E-1	1.7840E6	
1063	-8.0383E-1	3.7733E1	7.0546E-1	1.7862E6	
1064	-8.0605E-1	3.4449E1	7.1012E-1	1.7884E6	
1065	-8.1871E-1	1.5654E1	7.1500E-1	1.7907E6	
1066	-8.2268E-1	9.7658E0	7.1949E-1	1.7929E6	
1067	-8.2954E-1	-4.2456E-1	7.2421E-1	1.7951E6	
1068	-8.3801E-1	-1.2993E1	7.2895E-1	1.7973E6	
1069	-8.4351E-1	-2.1145E1	7.3369E-1	1.7995E6	
1070	-8.5266E-1	-3.4732E1	7.3857E-1	1.8018E6	
1071	-8.5724E-1	-4.1525E1	7.4324E-1	1.8040E6	
1072	-8.6662E-1	-5.5452E1	7.4798E-1	1.8062E6	
1073	-8.6952E-1	-5.9755E1	7.5267E-1	1.8084E6	
1074	-8.7746E-1	-7.1530E1	7.5744E-1	1.8106E6	
1075	-8.8089E-1	-7.6625E1	7.6231E-1	1.8129E6	
1076	-8.8928E-1	-8.9080E1	7.6701E-1	1.8151E6	
1077	-8.9188E-1	-9.2930E1	7.7178E-1	1.8173E6	
1078	-8.9859E-1	-1.0289E2	7.7666E-1	1.8195E6	
1079	-9.0698E-1	-1.1535E2	7.8143E-1	1.8217E6	
1080	-9.1225E-1	-1.2316E2	7.8634E-1	1.8240E6	
1081	-9.1263E-1	-1.2373E2	7.9120E-1	1.8262E6	
1082	-9.2361E-1	-1.4003E2	7.9592E-1	1.8284E6	
1083	-9.2407E-1	-1.4071E2	8.0071E-1	1.8306E6	
1084	-9.2911E-1	-1.4818E2	8.0559E-1	1.8328E6	
1085	-9.3285E-1	-1.5373E2	8.1043E-1	1.8351E6	
1086	-9.4093E-1	-1.6573E2	8.1535E-1	1.8373E6	
1087	-9.4421E-1	-1.7060E2	8.2020E-1	1.8395E6	
1088	-9.4810E-1	-1.7638E2	8.2510E-1	1.8417E6	
1089	-9.5329E-1	-1.8408E2	8.2994E-1	1.8439E6	
1090	-9.5459E-1	-1.8600E2	8.3479E-1	1.8462E6	
1091	-9.5955E-1	-1.9336E2	8.3968E-1	1.8484E6	
1092	-9.6390E-1	-1.9982E2	8.4461E-1	1.8506E6	
1093	-9.6519E-1	-2.0174E2	8.4949E-1	1.8528E6	
1094	-9.7206E-1	-2.1193E2	8.5442E-1	1.8550E6	
1095	-9.7328E-1	-2.1374E2	8.5938E-1	1.8573E6	
1096	-9.7961E-1	-2.2314E2	8.6419E-1	1.8595E6	
1097	-9.8236E-1	-2.2722E2	8.6922E-1	1.8617E6	
1098	-9.8755E-1	-2.3492E2	8.7412E-1	1.8639E6	
1099	-9.9014E-1	-2.3876E2	8.7913E-1	1.8661E6	
1100	-9.8915E-1	-2.3729E2	8.8401E-1	1.8684E6	
1101	-9.9518E-1	-2.4624E2	8.8900E-1	1.8706E6	
1102	-9.9571E-1	-2.4703E2	8.9388E-1	1.8728E6	
1103	-1.0040E0	-2.5937E2	8.9892E-1	1.8750E6	
1104	-1.0014E0	-2.5541E2	9.0392E-1	1.8772E6	
1105	-1.0056E0	-2.6175E2	9.0884E-1	1.8795E6	
1106	-1.0046E0	-2.6016E2	9.1382E-1	1.8817E6	
1107	-1.0085E0	-2.6594E2	9.1876E-1	1.8839E6	
1108	-1.0086E0	-2.6617E2	9.2387E-1	1.8861E6	
1109	-1.0110E0	-2.6979E2	9.2891E-1	1.8883E6	
1110	-1.0087E0	-2.6628E2	9.3384E-1	1.8906E6	
1111	-1.0123E0	-2.7160E2	9.3890E-1	1.8928E6	
1112	-1.0134E0	-2.7330E2	9.4385E-1	1.8950E6	
1113	-1.0131E0	-2.7285E2	9.4896E-1	1.8972E6	
1114	-1.0186E0	-2.8100E2	9.5402E-1	1.8994E6	
1115	-1.0143E0	-2.7466E2	9.5909E-1	1.9017E6	
1116	-1.0127E0	-2.7228E2	9.6410E-1	1.9039E6	
1117	-1.0178E0	-2.7987E2	9.6912E-1	1.9061E6	
1118	-1.0213E0	-2.8496E2	9.7416E-1	1.9083E6	
1119	-1.0178E0	-2.7987E2	9.7921E-1	1.9105E6	
1120	-1.0210E0	-2.8451E2	9.8425E-1	1.9128E6	
1121	-1.0220E0	-2.8609E2	9.8942E-1	1.9150E6	
1122	-1.0236E0	-2.8836E2	9.9442E-1	1.9172E6	
1123	-1.0210E0	-2.8462E2	9.9958E-1	1.9194E6	
1124	-1.0247E0	-2.9006E2	1.0047E0	1.9216E6	
1125	-1.0224E0	-2.8666E2	1.0098E0	1.9239E6	
1126	-1.0191E0	-2.8179E2	1.0149E0	1.9261E6	
1127	-1.0209E0	-2.8439E2	1.0201E0	1.9283E6	
1128	-1.0222E0	-2.8632E2	1.0251E0	1.9305E6	
1129	-1.0252E0	-2.9085E2	1.0302E0	1.9327E6	
1130	-1.0239E0	-2.8892E2	1.0354E0	1.9350E6	
1131	-1.0217E0	-2.8564E2	1.0404E0	1.9372E6	
1132	-1.0184E0	-2.8066E2	1.0456E0	1.9394E6	
1133	-1.0221E0	-2.8621E2	1.0508E0	1.9416E6	
1134	-1.0166E0	-2.7805E2	1.0560E0	1.9438E6	
1135	-1.0152E0	-2.7590E2	1.0610E0	1.9461E6	
1136	-1.0181E0	-2.8032E2	1.0663E0	1.9483E6	
1137	-1.0161E0	-2.7726E2	1.0715E0	1.9505E6	
1138	-1.0162E0	-2.7737E2	1.0766E0	1.9527E6	
1139	-1.0145E0	-2.7488E2	1.0818E0	1.9549E6	
1140	-1.0112E0	-2.7002E2	1.0869E0	1.9572E6	
1141	-1.0124E0	-2.7183E2	1.0923E0	1.9594E6	
1142	-1.0072E0	-2.6413E2	1.0974E0	1.9616E6	
1143	-1.0079E0	-2.6515E2	1.1026E0	1.9638E6	
1144	-1.0030E0	-2.5790E2	1.1078E0	1.9660E6	
1145	-1.0043E0	-2.5971E2	1.1130E0	1.9683E6	
1146	-1.0007E0	-2.5450E2	1.1182E0	1.9705E6	
1147	-1.0013E0	-2.5530E2	1.1235E0	1.9727E6	
1148	-9.9716E-1	-2.4918E2	1.1287E0	1.9749E6	
1149	-9.9701E-1	-2.4896E2	1.1340E0	1.9771E6	
1150	-9.9678E-1	-2.4862E2	1.1392E0	1.9794E6	
1151	-9.9579E-1	-2.4714E2	1.1444E0	1.9816E6	
1152	-9.9197E-1	-2.4148E2	1.1496E0	1.9838E6	
1153	-9.8991E-1	-2.3843E2	1.1549E0	1.9860E6	
1154	-9.8701E-1	-2.3412E2	1.1603E0	1.9882E6	
1155	-9.8648E-1	-2.3333E2	1.1655E0	1.9905E6	
1156	-9.8663E-1	-2.3356E2	1.1706E0	1.9927E6	
1157	-9.8694E-1	-2.3401E2	1.1760E0	1.9949E6	
1158	-9.8480E-1	-2.3084E2	1.1813E0	1.9971E6	
1159	-9.8083E-1	-2.2495E2	1.1866E0	1.9993E6	
1160	-9.8152E-1	-2.2597E2	1.1920E0	2.0016E6	
1161	-9.8091E-1	-2.2506E2	1.1973E0	2.0038E6	
1162	-9.8366E-1	-2.2914E2	1.2026E0	2.0060E6	
1163	-9.7946E-1	-2.2291E2	1.2079E0	2.0082E6	
1164	-9.8259E-1	-2.2756E2	1.2131E0	2.0104E6	
1165	-9.7778E-1	-2.2042E2	1.2184E0	2.0127E6	
1166	-9.8000E-1	-2.2371E2	1.2239E0	2.0149E6	
1167	-9.8145E-1	-2.2586E2	1.2292E0	2.0171E6	
1168	-9.7687E-1	-2.1906E2	1.2346E0	2.0193E6	
1169	-9.7626E-1	-2.1816E2	1.2398E0	2.0215E6	
1170	-9.7237E-1	-2.1238E2	1.2452E0	2.0238E6	
1171	-9.6367E-1	-1.9948E2	1.2506E0	2.0260E6	
1172	-9.6161E-1	-1.9642E2	1.2559E0	2.0282E6	
1173	-9.5573E-1	-1.8770E2	1.2612E0	2.0304E6	
1174	-9.5322E-1	-1.8396E2	1.2667E0	2.0326E6	
1175	-9.4818E-1	-1.7649E2	1.2720E0	2.0349E6	
1176	-9.4841E-1	-1.7683E2	1.2775E0	2.0371E6	
1177	-9.4131E-1	-1.6630E2	1.2829E0	2.0393E6	
1178	-9.4032E-1	-1.6483E2	1.2882E0	2.0415E6	
1179	-9.3323E-1	-1.5430E2	1.2936E0	2.0437E6	
1180	-9.2728E-1	-1.4547E2	1.2990E0	2.0460E6	
1181	-9.1408E-1	-1.2588E2	1.3045E0	2.0482E6	
1182	-8.7975E-1	-7.4927E1	1.3099E0	2.0504E6	
1183	-7.6431E-1	9.6383E1	1.3153E0	2.0526E6	
1184	-7.0648E-1	1.8221E2	1.3208E0	2.0548E6	
1185	-6.9931E-1	1.9285E2	1.3262E0	2.0571E6	
1186	-6.9962E-1	1.9240E2	1.3316E0	2.0593E6	
1187	-6.9885E-1	1.9353E2	1.3370E0	2.0615E6	
1188	-7.0412E-1	1.8572E2	1.3424E0	2.0637E6	
1189	-7.0229E-1	1.8844E2	1.3479E0	2.0659E6	
1190	-7.0480E-1	1.8470E2	1.3534E0	2.0682E6	
1191	-7.0076E-1	1.9070E2	1.3588E0	2.0704E6	
1192	-7.0320E-1	1.8708E2	1.3644E0	2.0726E6	
1193	-7.0259E-1	1.8798E2	1.3697E0	2.0748E6	
1194	-7.0114E-1	1.9013E2	1.3752E0	2.0770E6	
1195	-7.0419E-1	1.8561E2	1.3807E0	2.0793E6	
1196	-7.0190E-1	1.8900E2	1.3862E0	2.0815E6	
1197	-7.0564E-1	1.8345E2	1.3917E0	2.0837E6	
1198	-7.0305E-1	1.8730E2	1.3972E0	2.0859E6	
1199	-7.0236E-1	1.8832E2	1.4028E0	2.0881E6	
1200	-7.0320E-1	1.8708E2	1.4082E0	2.0904E6	
1201	-7.0305E-1	1.8730E2	1.4137E0	2.0926E6	
1202	-7.0473E-1	1.8481E2	1.4192E0	2.0948E6	
1203	-7.0290E-1	1.8753E2	1.4247E0	2.0970E6	
1204	-7.0274E-1	1.8776E2	1.4304E0	2.0992E6	
1205	-7.0267E-1	1.8787E2	1.4358E0	2.1015E6	
1206	-7.0351E-1	1.8662E2	1.4414E0	2.1037E6	
1207	-7.0450E-1	1.8515E2	1.4469E0	2.1059E6	
1208	-7.0564E-1	1.8345E2	1.4525E0	2.1081E6	
1209	-7.0488E-1	1.8459E2	1.4580E0	2.1103E6	
1210	-7.0541E-1	1.8379E2	1.4635E0	2.1126E6	
1211	-7.0549E-1	1.8368E2	1.4691E0	2.1148E6	
1212	-7.0602E-1	1.8289E2	1.4748E0	2.1170E6	
1213	-7.0541E-1	1.8379E2	1.4803E0	2.1192E6	
1214	-7.0496E-1	1.8447E2	1.4859E0	2.1214E6	
1215	-7.0465E-1	1.8493E2	1.4915E0	2.1237E6	
1216	-7.0656E-1	1.8210E2	1.4970E0	2.1259E6	
1217	-7.0633E-1	1.8244E2	1.5026E0	2.1281E6	
1218	-7.0602E-1	1.8289E2	1.5083E0	2.1303E6	
1219	-7.0610E-1	1.8277E2	1.5139E0	2.1325E6	
1220	-7.0541E-1	1.8379E2	1.5195E0	2.1348E6	
1221	-7.0488E-1	1.8459E2	1.5251E0	2.1370E6	
1222	-7.0724E-1	1.8108E2	1.5306E0	2.1392E6	
1223	-7.0625E-1	1.8255E2	1.5363E0	2.1414E6	
1224	-7.0793E-1	1.8006E2	1.5419E0	2.1436E6	
1225	-7.0961E-1	1.7757E2	1.5475E0	2.1459E6	
1226	-7.1014E-1	1.7677E2	1.5532E0	2.1481E6	
1227	-7.1014E-1	1.7677E2	1.5588E0	2.1503E6	
1228	-7.0885E-1	1.7870E2	1.5644E0	2.1525E6	
1229	-7.0961E-1	1.7757E2	1.5701E0	2.1547E6	
1230	-7.0755E-1	1.8062E2	1.5759E0	2.1570E6	
1231	-7.0839E-1	1.7938E2	1.5814E0	2.1592E6	
1232	-7.0992E-1	1.7711E2	1.5871E0	2.1614E6	
1233	-7.0869E-1	1.7893E2	1.5928E0	2.1636E6	
1234	-7.0786E-1	1.8017E2	1.5985E0	2.1658E6	
1235	-7.0839E-1	1.7938E2	1.6042E0	2.1681E6	
1236	-7.1007E-1	1.7689E2	1.6097E0	2.1703E6	
1237	-7.1220E-1	1.7372E2	1.6156E0	2.1725E6	
1238	-7.1060E-1	1.7609E2	1.6211E0	2.1747E6	
1239	-7.0938E-1	1.7791E2	1.6269E0	2.1769E6	
1240	-7.0969E-1	1.7745E2	1.6326E0	2.1792E6	
1241	-7.1198E-1	1.7406E2	1.6382E0	2.1814E6	
1242	-7.1106E-1	1.7542E2	1.6440E0	2.1836E6	
1243	-7.1167E-1	1.7451E2	1.6498E0	2.1858E6	
1244	-7.1388E-1	1.7123E2	1.6555E0	2.1880E6	
1245	-7.1487E-1	1.6975E2	1.6611E0	2.1903E6	
1246	-7.1373E-1	1.7145E2	1.6669E0	2.1925E6	
1247	-7.1091E-1	1.7564E2	1.6726E0	2.1947E6	
1248	-7.1320E-1	1.7224E2	1.6784E0	2.1969E6	
1249	-7.1083E-1	1.7575E2	1.6841E0	2.1991E6	
1250	-7.1358E-1	1.7168E2	1.6898E0	2.2014E6	
1251	-7.1495E-1	1.6964E2	1.6956E0	2.2036E6	
1252	-7.1228E-1	1.7360E2	1.7013E0	2.2058E6	
1253	-7.1533E-1	1.6907E2	1.7070E0	2.2080E6	
1254	-7.1327E-1	1.7213E2	1.7129E0	2.2102E6	
1255	-7.1442E-1	1.7043E2	1.7186E0	2.2125E6	
1256	-7.1396E-1	1.7111E2	1.7244E0	2.2147E6	
1257	-7.1342E-1	1.7191E2	1.7302E0	2.2169E6	
1258	-7.1457E-1	1.7021E2	1.7359E0	2.2191E6	
1259	-7.1304E-1	1.7247E2	1.7417E0	2.2213E6	
1260	-7.1457E-1	1.7021E2	1.7476E0	2.2236E6	
1261	-7.1510E-1	1.6941E2	1.7533E0	2.2258E6	
1262	-7.1442E-1	1.7043E2	1.7591E0	2.2280E6	
1263	-7.1663E-1	1.6715E2	1.7648E0	2.2302E6	
1264	-7.1419E-1	1.7077E2	1.7707E0	2.2324E6	
1265	-7.1609E-1	1.6794E2	1.7766E0	2.2347E6	
1266	-7.1754E-1	1.6579E2	1.7823E0	2.2369E6	
1267	-7.1625E-1	1.6772E2	1.7881E0	2.2391E6	
1268	-7.1632E-1	1.6760E2	1.7940E0	2.2413E6	
1269	-7.1556E-1	1.6873E2	1.7999E0	2.2435E6	
1270	-7.1602E-1	1.6806E2	1.8056E0	2.2458E6	
1271	-7.1579E-1	1.6840E2	1.8114E0	2.2480E6	
1272	-7.1579E-1	1.6840E2	1.8173E0	2.2502E6	
1273	-7.1609E-1	1.6794E2	1.8231E0	2.2524E6	
1274	-7.1472E-1	1.6998E2	1.8289E0	2.2546E6	
1275	-7.1877E-1	1.6398E2	1.8348E0	2.2569E6	
1276	-7.1861E-1	1.6421E2	1.8407E0	2.2591E6	
1277	-7.1754E-1	1.6579E2	1.8466E0	2.2613E6	
1278	-7.1922E-1	1.6330E2	1.8524E0	2.2635E6	
1279	-7.1465E-1	1.7009E2	1.8583E0	2.2657E6	
1280	-7.1899E-1	1.6364E2	1.8641E0	2.2680E6	
1281	-7.1915E-1	1.6341E2	1.8700E0	2.2702E6	
1282	-7.1831E-1	1.6466E2	1.8759E0	2.2724E6	
1283	-7.1579E-1	1.6840E2	1.8818E0	2.2746E6	
1284	-7.1907E-1	1.6353E2	1.8878E0	2.2768E6	
1285	-7.1922E-1	1.6330E2	1.8935E0	2.2791E6	
1286	-7.1655E-1	1.6726E2	1.8995E0	2.2813E6	
1287	-7.1785E-1	1.6534E2	1.9054E0	2.2835E6	
1288	-7.1762E-1	1.6568E2	1.9112E0	2.2857E6	
1289	-7.1861E-1	1.6421E2	1.9171E0	2.2879E6	
1290	-7.1861E-1	1.6421E2	1.9231E0	2.2902E6	
1291	-7.2166E-1	1.5968E2	1.9290E0	2.2924E6	
1292	-7.1930E-1	1.6319E2	1.9349E0	2.2946E6	
1293	-7.1907E-1	1.6353E2	1.9408E0	2.2968E6	
1294	-7.2250E-1	1.5843E2	1.9467E0	2.2990E6	
1295	-7.2113E-1	1.6047E2	1.9526E0	2.3013E6	
1296	-7.2128E-1	1.6024E2	1.9586E0	2.3035E6	
1297	-7.2212E-1	1.5900E2	1.9645E0	2.3057E6	
1298	-7.2151E-1	1.5990E2	1.9705E0	2.3079E6	
1299	-7.1983E-1	1.6239E2	1.9765E0	2.3101E6	
1300	-7.2037E-1	1.6160E2	1.9824E0	2.3124E6	
1301	-7.2044E-1	1.6149E2	1.9884E0	2.3146E6	
1302	-7.2136E-1	1.6013E2	1.9943E0	2.3168E6	
1303	-7.2441E-1	1.5560E2	2.0002E0	2.3190E6	
1304	-7.2128E-1	1.6024E2	2.0062E0	2.3212E6	
1305	-7.2144E-1	1.6002E2	2.0122E0	2.3235E6	
1306	-7.2258E-1	1.5832E2	2.0182E0	2.3257E6	
1307	-7.2266E-1	1.5820E2	2.0242E0	2.3279E6	
1308	-7.2342E-1	1.5707E2	2.0302E0	2.3301E6	
1309	-7.2197E-1	1.5922E2	2.0361E0	2.3323E6	
1310	-7.2220E-1	1.5888E2	2.0421E0	2.3346E6	
1311	-7.2327E-1	1.5730E2	2.0481E0	2.3368E6	
1312	-7.2342E-1	1.5707E2	2.0541E0	2.3390E6	
1313	-7.2227E-1	1.5877E2	2.0602E0	2.3412E6	
1314	-7.2411E-1	1.5605E2	2.0662E0	2.3434E6	
1315	-7.2334E-1	1.5719E2	2.0722E0	2.3457E6	
1316	-7.2418E-1	1.5594E2	2.0782E0	2.3479E6	
1317	-7.2739E-1	1.5118E2	2.0843E0	2.3501E6	
1318	-7.2319E-1	1.5741E2	2.0903E0	2.3523E6	
1319	-7.2594E-1	1.5334E2	2.0963E0	2.3545E6	
1320	-7.2624E-1	1.5288E2	2.1024E0	2.3568E6	
1321	-7.2487E-1	1.5492E2	2.1084E0	2.3590E6	
1322	-7.2533E-1	1.5424E2	2.1145E0	2.3612E6	
1323	-7.2601E-1	1.5322E2	2.1206E0	2.3634E6	
1324	-7.2624E-1	1.5288E2	2.1267E0	2.3656E6	
1325	-7.2578E-1	1.5356E2	2.1327E0	2.3679E6	
1326	-7.2609E-1	1.5311E2	2.1388E0	2.3701E6	
1327	-7.2815E-1	1.5005E2	2.1449E0	2.3723E6	
1328	-7.2609E-1	1.5311E2	2.1510E0	2.3745E6	
1329	-7.2731E-1	1.5130E2	2.1571E0	2.3767E6	
1330	-7.2754E-1	1.5096E2	2.1632E0	2.3790E6	
1331	-7.2983E-1	1.4756E2	2.1692E0	2.3812E6	
1332	-7.2899E-1	1.4881E2	2.1754E0	2.3834E6	
1333	-7.2815E-1	1.5005E2	2.1815E0	2.3856E6	
1334	-7.2929E-1	1.4835E2	2.1876E0	2.3878E6	
1335	-7.2708E-1	1.5164E2	2.1938E0	2.3901E6	
1336	-7.2685E-1	1.5198E2	2.1999E0	2.3923E6	
1337	-7.2861E-1	1.4937E2	2.2060E0	2.3945E6	
1338	-7.2739E-1	1.5118E2	2.2121E0	2.3967E6	
1339	-7.2975E-1	1.4767E2	2.2184E0	2.3989E6	
1340	-7.2716E-1	1.5152E2	2.2245E0	2.4012E6	
1341	-7.2998E-1	1.4734E2	2.2306E0	2.4034E6	
1342	-7.2937E-1	1.4824E2	2.2368E0	2.4056E6	
1343	-7.3036E-1	1.4677E2	2.2429E0	2.4078E6	
1344	-7.2815E-1	1.5005E2	2.2491E0	2.4100E6	
1345	-7.3082E-1	1.4609E2	2.2552E0	2.4123E6	
1346	-7.3006E-1	1.4722E2	2.2615E0	2.4145E6	
1347	-7.3051E-1	1.4654E2	2.2675E0	2.4167E6	
1348	-7.3219E-1	1.4405E2	2.2738E0	2.4189E6	
1349	-7.3013E-1	1.4711E2	2.2799E0	2.4211E6	
1350	-7.3318E-1	1.4258E2	2.2862E0	2.4234E6	
1351	-7.3082E-1	1.4609E2	2.2924E0	2.4256E6	
1352	-7.3273E-1	1.4326E2	2.2986E0	2.4278E6	
1353	-7.3174E-1	1.4473E2	2.3048E0	2.4300E6	
1354	-7.3296E-1	1.4292E2	2.3111E0	2.4322E6	
1355	-7.3318E-1	1.4258E2	2.3173E0	2.4345E6	
1356	-7.3265E-1	1.4337E2	2.3234E0	2.4367E6	
1357	-7.3402E-1	1.4133E2	2.3298E0	2.4389E6	
1358	-7.3257E-1	1.4349E2	2.3361E0	2.4411E6	
1359	-7.3265E-1	1.4337E2	2.3422E0	2.4433E6	
1360	-7.3372E-1	1.4179E2	2.3485E0	2.4456E6	
1361	-7.3318E-1	1.4258E2	2.3547E0	2.4478E6	
1362	-7.3395E-1	1.4145E2	2.3610E0	2.4500E6	
1363	-7.3303E-1	1.4281E2	2.3672E0	2.4522E6	
1364	-7.3395E-1	1.4145E2	2.3735E0	2.4544E6	
1365	-7.3448E-1	1.4065E2	2.3797E0	2.4567E6	
1366	-7.3265E-1	1.4337E2	2.3860E0	2.4589E6	
1367	-7.3456E-1	1.4054E2	2.3922E0	2.4611E6	
1368	-7.3563E-1	1.3896E2	2.3985E0	2.4633E6	
1369	-7.3471E-1	1.4032E2	2.4048E0	2.4655E6	
1370	-7.3654E-1	1.3760E2	2.4111E0	2.4678E6	
1371	-7.3593E-1	1.3850E2	2.4175E0	2.4700E6	
1372	-7.3471E-1	1.4032E2	2.4237E0	2.4722E6	
1373	-7.3570E-1	1.3884E2	2.4300E0	2.4744E6	
1374	-7.3471E-1	1.4032E2	2.4363E0	2.4766E6	
1375	-7.3730E-1	1.3647E2	2.4426E0	2.4789E6	
1376	-7.3540E-1	1.3930E2	2.4489E0	2.4811E6	
1377	-7.3967E-1	1.3296E2	2.4553E0	2.4833E6	
1378	-7.3586E-1	1.3862E2	2.4616E0	2.4855E6	
1379	-7.3898E-1	1.3397E2	2.4679E0	2.4877E6	
1380	-7.3570E-1	1.3884E2	2.4744E0	2.4900E6	
1381	-7.3708E-1	1.3681E2	2.4806E0	2.4922E6	
1382	-7.3586E-1	1.3862E2	2.4870E0	2.4944E6	
1383	-7.3914E-1	1.3375E2	2.4933E0	2.4966E6	
1384	-7.4013E-1	1.3228E2	2.4997E0	2.4988E6	
1385	-7.3769E-1	1.3590E2	2.5061E0	2.5011E6	
1386	-7.3883E-1	1.3420E2	2.5124E0	2.5033E6	
1387	-7.3723E-1	1.3658E2	2.5187E0	2.5055E6	
1388	-7.4013E-1	1.3228E2	2.5252E0	2.5077E6	
1389	-7.3837E-1	1.3488E2	2.5315E0	2.5099E6	
1390	-7.4051E-1	1.3171E2	2.5379E0	2.5122E6	
1391	-7.3975E-1	1.3284E2	2.5443E0	2.5144E6	
1392	-7.3921E-1	1.3363E2	2.5507E0	2.5166E6	
1393	-7.4120E-1	1.3069E2	2.5571E0	2.5188E6	
1394	-7.3944E-1	1.3330E2	2.5634E0	2.5210E6	
1395	-7.4074E-1	1.3137E2	2.5698E0	2.5233E6	
1396	-7.4005E-1	1.3239E2	2.5763E0	2.5255E6	
1397	-7.4196E-1	1.2956E2	2.5826E0	2.5277E6	
1398	-7.4265E-1	1.2854E2	2.5891E0	2.5299E6	
1399	-7.4081E-1	1.3126E2	2.5955E0	2.5321E6	
1400	-7.4203E-1	1.2945E2	2.6020E0	2.5344E6	
1401	-7.4158E-1	1.3012E2	2.6083E0	2.5366E6	
1402	-7.3959E-1	1.3307E2	2.6147E0	2.5388E6	
1403	-7.4348E-1	1.2729E2	2.6213E0	2.5410E6	
1404	-7.4249E-1	1.2877E2	2.6277E0	2.5432E6	
1405	-7.4097E-1	1.3103E2	2.6342E0	2.5455E6	
1406	-7.4394E-1	1.2661E2	2.6406E0	2.5477E6	
1407	-7.4181E-1	1.2979E2	2.6470E0	2.5499E6	
1408	-7.4432E-1	1.2605E2	2.6534E0	2.5521E6	
1409	-7.4409E-1	1.2639E2	2.6599E0	2.5543E6	
1410	-7.4112E-1	1.3080E2	2.6665E0	2.5566E6	
1411	-7.4173E-1	1.2990E2	2.6728E0	2.5588E6	
1412	-7.4478E-1	1.2537E2	2.6794E0	2.5610E6	
1413	-7.4265E-1	1.2854E2	2.6859E0	2.5632E6	
1414	-7.4440E-1	1.2594E2	2.6923E0	2.5654E6	
1415	-7.4554E-1	1.2424E2	2.6988E0	2.5677E6	
1416	-7.4432E-1	1.2605E2	2.7053E0	2.5699E6	
1417	-7.4615E-1	1.2333E2	2.7118E0	2.5721E6	
1418	-7.4463E-1	1.2560E2	2.7183E0	2.5743E6	
1419	-7.4593E-1	1.2367E2	2.7248E0	2.5765E6	
1420	-7.4654E-1	1.2277E2	2.7313E0	2.5788E6	
1421	-7.4715E-1	1.2186E2	2.7378E0	2.5810E6	
1422	-7.4654E-1	1.2277E2	2.7444E0	2.5832E6	
1423	-7.4570E-1	1.2401E2	2.7509E0	2.5854E6	
1424	-7.4913E-1	1.1892E2	2.7574E0	2.5876E6	
1425	-7.4661E-1	1.2265E2	2.7639E0	2.5899E6	
1426	-7.4738E-1	1.2152E2	2.7704E0	2.5921E6	
1427	-7.4829E-1	1.2016E2	2.7770E0	2.5943E6	
1428	-7.5050E-1	1.1688E2	2.7835E0	2.5965E6	
1429	-7.4844E-1	1.1993E2	2.7901E0	2.5987E6	
1430	-7.4677E-1	1.2243E2	2.7966E0	2.6010E6	
1431	-7.4501E-1	1.2503E2	2.8033E0	2.6032E6	
1432	-7.4631E-1	1.2310E2	2.8098E0	2.6054E6	
1433	-7.4860E-1	1.1971E2	2.8163E0	2.6076E6	
1434	-7.4989E-1	1.1778E2	2.8229E0	2.6098E6	
1435	-7.4760E-1	1.2118E2	2.8294E0	2.6121E6	
1436	-7.4768E-1	1.2107E2	2.8361E0	2.6143E6	
1437	-7.4921E-1	1.1880E2	2.8426E0	2.6165E6	
1438	-7.4883E-1	1.1937E2	2.8492E0	2.6187E6	
1439	-7.4951E-1	1.1835E2	2.8558E0	2.6209E6	
1440	-7.4844E-1	1.1993E2	2.8623E0	2.6232E6	
1441	-7.5020E-1	1.1733E2	2.8689E0	2.6254E6	
1442	-7.4684E-1	1.2231E2	2.8756E0	2.6276E6	
1443	-7.5035E-1	1.1710E2	2.8822E0	2.6298E6	
1444	-7.5180E-1	1.1495E2	2.8888E0	2.6320E6	
1445	-7.5172E-1	1.1507E2	2.8955E0	2.6343E6	
1446	-7.5195E-1	1.1473E2	2.9021E0	2.6365E6	
1447	-7.5188E-1	1.1484E2	2.9085E0	2.6387E6	
1448	-7.4905E-1	1.1903E2	2.9154E0	2.6409E6	
1449	-7.5386E-1	1.1190E2	2.9219E0	2.6431E6	
1450	-7.5417E-1	1.1144E2	2.9285E0	2.6454E6	
1451	-7.5256E-1	1.1382E2	2.9352E0	2.6476E6	
1452	-7.5172E-1	1.1507E2	2.9418E0	2.6498E6	
1453	-7.5325E-1	1.1280E2	2.9483E0	2.6520E6	
1454	-7.5485E-1	1.1042E2	2.9551E0	2.6542E6	
1455	-7.5287E-1	1.1337E2	2.9618E0	2.6565E6	
1456	-7.5287E-1	1.1337E2	2.9685E0	2.6587E6	
1457	-7.5439E-1	1.1110E2	2.9751E0	2.6609E6	
1458	-7.5615E-1	1.0850E2	2.9818E0	2.6631E6	
1459	-7.5562E-1	1.0929E2	2.9884E0	2.6653E6	
1460	-7.5615E-1	1.0850E2	2.9951E0	2.6676E6	
1461	-7.5531E-1	1.0974E2	3.0019E0	2.6698E6	
1462	-7.5500E-1	1.1020E2	3.0085E0	2.6720E6	
1463	-7.5493E-1	1.1031E2	3.0150E0	2.6742E6	
1464	-7.5386E-1	1.1190E2	3.0219E0	2.6764E6	
1465	-7.5386E-1	1.1190E2	3.0285E0	2.6787E6	
1466	-7.5356E-1	1.1235E2	3.0352E0	2.6809E6	
1467	-7.5493E-1	1.1031E2	3.0419E0	2.6831E6	
1468	-7.5691E-1	1.0737E2	3.0487E0	2.6853E6	
1469	-7.5615E-1	1.0850E2	3.0554E0	2.6875E6	
1470	-7.5577E-1	1.0906E2	3.0621E0	2.6898E6	
1471	-7.5348E-1	1.1246E2	3.0688E0	2.6920E6	
1472	-7.5630E-1	1.0827E2	3.0755E0	2.6942E6	
1473	-7.5317E-1	1.1291E2	3.0822E0	2.6964E6	
1474	-7.5851E-1	1.0499E2	3.0890E0	2.6986E6	
1475	-7.5470E-1	1.1065E2	3.0958E0	2.7009E6	
1476	-7.5729E-1	1.0680E2	3.1024E0	2.7031E6	
1477	-7.5676E-1	1.0759E2	3.1091E0	2.7053E6	
1478	-7.6035E-1	1.0227E2	3.1159E0	2.7075E6	
1479	-7.5645E-1	1.0805E2	3.1226E0	2.7097E6	
1480	-7.5920E-1	1.0397E2	3.1294E0	2.7120E6	
1481	-7.5867E-1	1.0476E2	3.1361E0	2.7142E6	
1482	-7.6042E-1	1.0216E2	3.1429E0	2.7164E6	
1483	-7.5867E-1	1.0476E2	3.1497E0	2.7186E6	
1484	-7.6050E-1	1.0204E2	3.1564E0	2.7208E6	
1485	-7.6073E-1	1.0171E2	3.1633E0	2.7231E6	
1486	-7.5966E-1	1.0329E2	3.1701E0	2.7253E6	
1487	-7.6096E-1	1.0137E2	3.1768E0	2.7275E6	
1488	-7.6027E-1	1.0238E2	3.1836E0	2.7297E6	
1489	-7.6263E-1	9.8874E1	3.1904E0	2.7319E6	
1490	-7.6012E-1	1.0261E2	3.1972E0	2.7342E6	
1491	-7.6164E-1	1.0035E2	3.2039E0	2.7364E6	
1492	-7.6324E-1	9.7969E1	3.2108E0	2.7386E6	
1493	-7.6118E-1	1.0103E2	3.2175E0	2.7408E6	
1494	-7.6241E-1	9.9214E1	3.2244E0	2.7430E6	
1495	-7.6233E-1	9.9327E1	3.2311E0	2.7453E6	
1496	-7.6378E-1	9.7176E1	3.2380E0	2.7475E6	
1497	-7.6302E-1	9.8308E1	3.2447E0	2.7497E6	
1498	-7.6279E-1	9.8648E1	3.2516E0	2.7519E6	
1499	-7.6195E-1	9.9893E1	3.2583E0	2.7541E6	
1500	-7.6324E-1	9.7969E1	3.2652E0	2.7564E6	
1501	-7.6370E-1	9.7289E1	3.2721E0	2.7586E6	
1502	-7.6263E-1	9.8874E1	3.2789E0	2.7608E6	
1503	-7.6424E-1	9.6497E1	3.2858E0	2.7630E6	
1504	-7.6439E-1	9.6270E1	3.2926E0	2.7652E6	
1505	-7.6424E-1	9.6497E1	3.2994E0	2.7675E6	
1506	-7.6424E-1	9.6497E1	3.3063E0	2.7697E6	
1507	-7.6317E-1	9.8082E1	3.3131E0	2.7719E6	
1508	-7.6424E-1	9.6497E1	3.3200E0	2.7741E6	
1509	-7.6591E-1	9.4006E1	3.3268E0	2.7763E6	
1510	-7.6729E-1	9.1968E1	3.3338E0	2.7786E6	
1511	-7.6454E-1	9.6044E1	3.3407E0	2.7808E6	
1512	-7.6675E-1	9.2760E1	3.3475E0	2.7830E6	
1513	-7.6736E-1	9.1854E1	3.3544E0	2.7852E6	
1514	-7.6683E-1	9.2647E1	3.3612E0	2.7874E6	
1515	-7.6546E-1	9.4685E1	3.3681E0	2.7897E6	
1516	-7.6668E-1	9.2873E1	3.3750E0	2.7919E6	
1517	-7.6576E-1	9.4232E1	3.3819E0	2.7941E6	
1518	-7.6706E-1	9.2307E1	3.3888E0	2.7963E6	
1519	-7.6698E-1	9.2421E1	3.3956E0	2.7985E6	
1520	-7.6515E-1	9.5138E1	3.4025E0	2.8008E6	
1521	-7.6874E-1	8.9816E1	3.4095E0	2.8030E6	
1522	-7.6820E-1	9.0609E1	3.4164E0	2.8052E6	
1523	-7.6790E-1	9.1062E1	3.4233E0	2.8074E6	
1524	-7.6607E-1	9.3779E1	3.4303E0	2.8096E6	
1525	-7.6698E-1	9.2421E1	3.4372E0	2.8119E6	
1526	-7.6721E-1	9.2081E1	3.4441E0	2.8141E6	
1527	-7.6958E-1	8.8571E1	3.4511E0	2.8163E6	
1528	-7.6759E-1	9.1515E1	3.4579E0	2.8185E6	
1529	-7.7240E-1	8.4382E1	3.4649E0	2.8207E6	
1530	-7.6859E-1	9.0043E1	3.4719E0	2.8230E6	
1531	-7.6813E-1	9.0722E1	3.4788E0	2.8252E6	
1532	-7.7019E-1	8.7665E1	3.4858E0	2.8274E6	
1533	-7.6851E-1	9.0156E1	3.4927E0	2.8296E6	
1534	-7.6988E-1	8.8118E1	3.4997E0	2.8318E6	
1535	-7.6958E-1	8.8571E1	3.5065E0	2.8341E6	
1536	-7.7087E-1	8.6646E1	3.5135E0	2.8363E6	
1537	-7.7164E-1	8.5514E1	3.5205E0	2.8385E6	
1538	-7.7202E-1	8.4948E1	3.5275E0	2.8407E6	
1539	-7.7263E-1	8.4042E1	3.5345E0	2.8429E6	
1540	-7.7011E-1	8.7778E1	3.5415E0	2.8452E6	
1541	-7.7057E-1	8.7099E1	3.5484E0	2.8474E6	
1542	-7.7095E-1	8.6533E1	3.5554E0	2.8496E6	
1543	-7.7309E-1	8.3362E1	3.5624E0	2.8518E6	
1544	-7.7164E-1	8.5514E1	3.5695E0	2.8540E6	
1545	-7.7347E-1	8.2796E1	3.5764E0	2.8563E6	
1546	-7.7080E-1	8.6759E1	3.5834E0	2.8585E6	
1547	-7.7293E-1	8.3589E1	3.5904E0	2.8607E6	
1548	-7.7545E-1	7.9852E1	3.5975E0	2.8629E6	
1549	-7.7255E-1	8.4155E1	3.6044E0	2.8651E6	
1550	-7.7301E-1	8.3476E1	3.6114E0	2.8674E6	
1551	-7.7423E-1	8.1664E1	3.6184E0	2.8696E6	
1552	-7.7370E-1	8.2457E1	3.6255E0	2.8718E6	
1553	-7.7408E-1	8.1891E1	3.6325E0	2.8740E6	
1554	-7.7209E-1	8.4834E1	3.6396E0	2.8762E6	
1555	-7.7446E-1	8.1324E1	3.6464E0	2.8785E6	
1556	-7.7553E-1	7.9739E1	3.6535E0	2.8807E6	
1557	-7.7705E-1	7.7475E1	3.6606E0	2.8829E6	
1558	-7.7530E-1	8.0079E1	3.6676E0	2.8851E6	
1559	-7.7583E-1	7.9286E1	3.6746E0	2.8873E6	
1560	-7.7629E-1	7.8607E1	3.6817E0	2.8896E6	
1561	-7.7698E-1	7.7588E1	3.6888E0	2.8918E6	
1562	-7.7736E-1	7.7022E1	3.6958E0	2.8940E6	
1563	-7.7530E-1	8.0079E1	3.7029E0	2.8962E6	
1564	-7.7759E-1	7.6682E1	3.7099E0	2.8984E6	
1565	-7.7705E-1	7.7475E1	3.7170E0	2.9007E6	
1566	-7.7629E-1	7.8607E1	3.7240E0	2.9029E6	
1567	-7.7751E-1	7.6795E1	3.7311E0	2.9051E6	
1568	-7.7835E-1	7.5550E1	3.7383E0	2.9073E6	
1569	-7.7797E-1	7.6116E1	3.7453E0	2.9095E6	
1570	-7.7835E-1	7.5550E1	3.7525E0	2.9118E6	
1571	-7.7766E-1	7.6569E1	3.7595E0	2.9140E6	
1572	-7.8049E-1	7.2380E1	3.7667E0	2.9162E6	
1573	-7.7858E-1	7.5210E1	3.7736E0	2.9184E6	
1574	-7.7850E-1	7.5323E1	3.7808E0	2.9206E6	
1575	-7.7698E-1	7.7588E1	3.7879E0	2.9229E6	
1576	-7.7980E-1	7.3399E1	3.7950E0	2.9251E6	
1577	-7.8033E-1	7.2606E1	3.8020E0	2.9273E6	
1578	-7.8026E-1	7.2719E1	3.8092E0	2.9295E6	
1579	-7.8064E-1	7.2153E1	3.8163E0	2.9317E6	
1580	-7.7866E-1	7.5097E1	3.8235E0	2.9340E6	
1581	-7.8117E-1	7.1361E1	3.8305E0	2.9362E6	
1582	-7.8140E-1	7.1021E1	3.8377E0	2.9384E6	
1583	-7.8148E-1	7.0908E1	3.8448E0	2.9406E6	
1584	-7.8377E-1	6.7511E1	3.8519E0	2.9428E6	
1585	-7.8056E-1	7.2266E1	3.8591E0	2.9451E6	
1586	-7.8316E-1	6.8417E1	3.8662E0	2.9473E6	
1587	-7.8140E-1	7.1021E1	3.8733E0	2.9495E6	
1588	-7.8438E-1	6.6605E1	3.8805E0	2.9517E6	
1589	-7.8156E-1	7.0794E1	3.8876E0	2.9539E6	
1590	-7.8354E-1	6.7851E1	3.8948E0	2.9562E6	
1591	-7.8270E-1	6.9096E1	3.9019E0	2.9584E6	
1592	-7.8262E-1	6.9209E1	3.9092E0	2.9606E6	
1593	-7.8377E-1	6.7511E1	3.9162E0	2.9628E6	
1594	-7.8415E-1	6.6945E1	3.9234E0	2.9650E6	
1595	-7.8323E-1	6.8303E1	3.9305E0	2.9673E6	
1596	-7.8636E-1	6.3661E1	3.9377E0	2.9695E6	
1597	-7.8659E-1	6.3322E1	3.9449E0	2.9717E6	
1598	-7.8308E-1	6.8530E1	3.9520E0	2.9739E6	
1599	-7.8522E-1	6.5360E1	3.9592E0	2.9761E6	
1600	-7.8598E-1	6.4227E1	3.9664E0	2.9784E6	
1601	-7.8545E-1	6.5020E1	3.9736E0	2.9806E6	
1602	-7.8629E-1	6.3774E1	3.9808E0	2.9828E6	
1603	-7.8491E-1	6.5812E1	3.9880E0	2.9850E6	
1604	-7.8491E-1	6.5812E1	3.9952E0	2.9872E6	
1605	-7.8705E-1	6.2642E1	4.0025E0	2.9895E6	
1606	-7.8491E-1	6.5812E1	4.0096E0	2.9917E6	
1607	-7.8903E-1	5.9698E1	4.0169E0	2.9939E6	
1608	-7.8674E-1	6.3095E1	4.0240E0	2.9961E6	
1609	-7.8743E-1	6.2076E1	4.0313E0	2.9983E6	
1610	-7.8819E-1	6.0944E1	4.0384E0	3.0006E6	
1611	-7.8705E-1	6.2642E1	4.0457E0	3.0028E6	
1612	-7.8522E-1	6.5360E1	4.0529E0	3.0050E6	
1613	-7.8789E-1	6.1397E1	4.0602E0	3.0072E6	
1614	-7.8720E-1	6.2416E1	4.0674E0	3.0094E6	
1615	-7.9079E-1	5.7094E1	4.0746E0	3.0117E6	
1616	-7.8842E-1	6.0604E1	4.0818E0	3.0139E6	
1617	-7.8880E-1	6.0038E1	4.0891E0	3.0161E6	
1618	-7.8773E-1	6.1623E1	4.0963E0	3.0183E6	
1619	-7.9018E-1	5.8000E1	4.1035E0	3.0205E6	
1620	-7.8964E-1	5.8793E1	4.1108E0	3.0228E6	
1621	-7.8857E-1	6.0378E1	4.1180E0	3.0250E6	
1622	-7.9018E-1	5.8000E1	4.1254E0	3.0272E6	
1623	-7.8957E-1	5.8906E1	4.1325E0	3.0294E6	
1624	-7.9086E-1	5.6981E1	4.1398E0	3.0316E6	
1625	-7.9208E-1	5.5169E1	4.1471E0	3.0339E6	
1626	-7.9124E-1	5.6415E1	4.1544E0	3.0361E6	
1627	-7.8979E-1	5.8566E1	4.1616E0	3.0383E6	
1628	-7.9063E-1	5.7321E1	4.1688E0	3.0405E6	
1629	-7.9193E-1	5.5396E1	4.1762E0	3.0427E6	
1630	-7.9178E-1	5.5622E1	4.1834E0	3.0450E6	
1631	-7.9163E-1	5.5849E1	4.1907E0	3.0472E6	
1632	-7.9224E-1	5.4943E1	4.1980E0	3.0494E6	
1633	-7.9483E-1	5.1093E1	4.2052E0	3.0516E6	
1634	-7.9277E-1	5.4150E1	4.2125E0	3.0538E6	
1635	-7.9277E-1	5.4150E1	4.2199E0	3.0561E6	
1636	-7.9521E-1	5.0527E1	4.2272E0	3.0583E6	
1637	-7.9224E-1	5.4943E1	4.2344E0	3.0605E6	
1638	-7.9422E-1	5.1999E1	4.2417E0	3.0627E6	
1639	-7.9414E-1	5.2112E1	4.2491E0	3.0649E6	
1640	-7.9308E-1	5.3697E1	4.2564E0	3.0672E6	
1641	-7.9361E-1	5.2905E1	4.2638E0	3.0694E6	
1642	-7.9468E-1	5.1320E1	4.2710E0	3.0716E6	
1643	-7.9514E-1	5.0640E1	4.2784E0	3.0738E6	
1644	-7.9666E-1	4.8376E1	4.2857E0	3.0760E6	
1645	-7.9338E-1	5.3244E1	4.2930E0	3.0783E6	
1646	-7.9391E-1	5.2452E1	4.3004E0	3.0805E6	
1647	-7.9842E-1	4.5772E1	4.3077E0	3.0827E6	
1648	-7.9681E-1	4.8149E1	4.3150E0	3.0849E6	
1649	-7.9453E-1	5.1546E1	4.3224E0	3.0871E6	
1650	-7.9712E-1	4.7696E1	4.3296E0	3.0894E6	
1651	-7.9597E-1	4.9395E1	4.3370E0	3.0916E6	
1652	-7.9620E-1	4.9055E1	4.3443E0	3.0938E6	
1653	-7.9834E-1	4.5885E1	4.3517E0	3.0960E6	
1654	-7.9849E-1	4.5658E1	4.3590E0	3.0982E6	
1655	-7.9842E-1	4.5772E1	4.3665E0	3.1005E6	
1656	-7.9788E-1	4.6564E1	4.3738E0	3.1027E6	
1657	-7.9971E-1	4.3847E1	4.3811E0	3.1049E6	
1658	-7.9666E-1	4.8376E1	4.3884E0	3.1071E6	
1659	-7.9994E-1	4.3507E1	4.3958E0	3.1093E6	
1660	-7.9857E-1	4.5545E1	4.4032E0	3.1116E6	
1661	-7.9971E-1	4.3847E1	4.4106E0	3.1138E6	
1662	-7.9964E-1	4.3960E1	4.4178E0	3.1160E6	
1663	-7.9773E-1	4.6791E1	4.4253E0	3.1182E6	
1664	-7.9773E-1	4.6791E1	4.4327E0	3.1204E6	
1665	-8.0086E-1	4.2148E1	4.4401E0	3.1227E6	
1666	-8.0040E-1	4.2828E1	4.4475E0	3.1249E6	
1667	-7.9895E-1	4.4979E1	4.4548E0	3.1271E6	
1668	-7.9933E-1	4.4413E1	4.4622E0	3.1293E6	
1669	-8.0147E-1	4.1243E1	4.4695E0	3.1315E6	
1670	-8.0048E-1	4.2714E1	4.4769E0	3.1338E6	
1671	-8.0093E-1	4.2035E1	4.4843E0	3.1360E6	
1672	-7.9979E-1	4.3733E1	4.4917E0	3.1382E6	
1673	-8.0269E-1	3.9431E1	4.4990E0	3.1404E6	
1674	-8.0193E-1	4.0563E1	4.5066E0	3.1426E6	
1675	-8.0399E-1	3.7506E1	4.5140E0	3.1449E6	
1676	-8.0368E-1	3.7959E1	4.5213E0	3.1471E6	
1677	-8.0284E-1	3.9204E1	4.5288E0	3.1493E6	
1678	-8.0444E-1	3.6827E1	4.5362E0	3.1515E6	
1679	-8.0360E-1	3.8072E1	4.5434E0	3.1537E6	
1680	-8.0360E-1	3.8072E1	4.5509E0	3.1560E6	
1681	-8.0490E-1	3.6147E1	4.5584E0	3.1582E6	
1682	-8.0666E-1	3.3543E1	4.5658E0	3.1604E6	
1683	-8.0589E-1	3.4675E1	4.5731E0	3.1626E6	
1684	-8.0544E-1	3.5355E1	4.5805E0	3.1648E6	
1685	-8.0505E-1	3.5921E1	4.5880E0	3.1671E6	
1686	-8.0498E-1	3.6034E1	4.5954E0	3.1693E6	
1687	-8.0605E-1	3.4449E1	4.6028E0	3.1715E6	
1688	-8.0750E-1	3.2298E1	4.6102E0	3.1737E6	
1689	-8.0315E-1	3.8752E1	4.6177E0	3.1759E6	
1690	-8.0643E-1	3.3883E1	4.6251E0	3.1782E6	
1691	-8.0673E-1	3.3430E1	4.6326E0	3.1804E6	
1692	-8.0818E-1	3.1279E1	4.6399E0	3.1826E6	
1693	-8.0933E-1	2.9580E1	4.6474E0	3.1848E6	
1694	-8.0704E-1	3.2977E1	4.6548E0	3.1870E6	
1695	-8.0589E-1	3.4675E1	4.6623E0	3.1893E6	
1696	-8.0902E-1	3.0033E1	4.6697E0	3.1915E6	
1697	-8.0971E-1	2.9014E1	4.6771E0	3.1937E6	
1698	-8.0818E-1	3.1279E1	4.6846E0	3.1959E6	
1699	-8.0765E-1	3.2071E1	4.6919E0	3.1981E6	
1700	-8.0902E-1	3.0033E1	4.6994E0	3.2004E6	
1701	-8.0719E-1	3.2751E1	4.7068E0	3.2026E6	
1702	-8.0887E-1	3.0260E1	4.7143E0	3.2048E6	
1703	-8.1039E-1	2.7995E1	4.7218E0	3.2070E6	
1704	-8.0742E-1	3.2411E1	4.7292E0	3.2092E6	
1705	-8.0902E-1	3.0033E1	4.7366E0	3.2115E6	
1706	-8.1047E-1	2.7882E1	4.7440E0	3.2137E6	
1707	-8.1116E-1	2.6863E1	4.7515E0	3.2159E6	
1708	-8.0940E-1	2.9467E1	4.7589E0	3.2181E6	
1709	-8.0757E-1	3.2184E1	4.7664E0	3.2203E6	
1710	-8.1200E-1	2.5617E1	4.7738E0	3.2226E6	
1711	-8.0795E-1	3.1618E1	4.7813E0	3.2248E6	
1712	-8.1161E-1	2.6183E1	4.7888E0	3.2270E6	
1713	-8.1253E-1	2.4825E1	4.7961E0	3.2292E6	
1714	-8.1299E-1	2.4145E1	4.8037E0	3.2314E6	
1715	-8.1200E-1	2.5617E1	4.8112E0	3.2337E6	
1716	-8.1253E-1	2.4825E1	4.8186E0	3.2359E6	
1717	-8.1100E-1	2.7089E1	4.8261E0	3.2381E6	
1718	-8.1093E-1	2.7203E1	4.8335E0	3.2403E6	
1719	-8.1108E-1	2.6976E1	4.8410E0	3.2425E6	
1720	-8.1207E-1	2.5504E1	4.8485E0	3.2448E6	
1721	-8.1337E-1	2.3579E1	4.8558E0	3.2470E6	
1722	-8.1062E-1	2.7655E1	4.8634E0	3.2492E6	
1723	-8.1139E-1	2.6523E1	4.8708E0	3.2514E6	
1724	-8.1314E-1	2.3919E1	4.8783E0	3.2536E6	
1725	-8.1345E-1	2.3466E1	4.8857E0	3.2559E6	
1726	-8.1413E-1	2.2447E1	4.8932E0	3.2581E6	
1727	-8.1635E-1	1.9163E1	4.9007E0	3.2603E6	
1728	-8.1306E-1	2.4032E1	4.9081E0	3.2625E6	
1729	-8.1558E-1	2.0296E1	4.9156E0	3.2647E6	
1730	-8.1245E-1	2.4938E1	4.9231E0	3.2670E6	
1731	-8.1436E-1	2.2107E1	4.9306E0	3.2692E6	
1732	-8.1520E-1	2.0862E1	4.9381E0	3.2714E6	
1733	-8.1528E-1	2.0749E1	4.9455E0	3.2736E6	
1734	-8.1467E-1	2.1654E1	4.9530E0	3.2758E6	
1735	-8.1642E-1	1.9050E1	4.9605E0	3.2781E6	
1736	-8.1711E-1	1.8031E1	4.9679E0	3.2803E6	
1737	-8.1635E-1	1.9163E1	4.9755E0	3.2825E6	
1738	-8.1543E-1	2.0522E1	4.9829E0	3.2847E6	
1739	-8.1635E-1	1.9163E1	4.9904E0	3.2869E6	
1740	-8.1917E-1	1.4974E1	4.9979E0	3.2892E6	
1741	-8.1818E-1	1.6446E1	5.0054E0	3.2914E6	
1742	-8.1833E-1	1.6220E1	5.0130E0	3.2936E6	
1743	-8.1757E-1	1.7352E1	5.0204E0	3.2958E6	
1744	-8.1856E-1	1.5880E1	5.0278E0	3.2980E6	
1745	-8.1772E-1	1.7125E1	5.0354E0	3.3003E6	
1746	-8.1917E-1	1.4974E1	5.0429E0	3.3025E6	
1747	-8.2146E-1	1.1577E1	5.0503E0	3.3047E6	
1748	-8.1902E-1	1.5201E1	5.0577E0	3.3069E6	
1749	-8.1970E-1	1.4182E1	5.0653E0	3.3091E6	
1750	-8.2039E-1	1.3163E1	5.0728E0	3.3114E6	
1751	-8.2314E-1	9.0864E0	5.0803E0	3.3136E6	
1752	-8.1886E-1	1.5427E1	5.0876E0	3.3158E6	
1753	-8.2047E-1	1.3049E1	5.0953E0	3.3180E6	
1754	-8.2085E-1	1.2483E1	5.1027E0	3.3202E6	
1755	-8.2092E-1	1.2370E1	5.1102E0	3.3225E6	
1756	-8.2039E-1	1.3163E1	5.1177E0	3.3247E6	
1757	-8.2260E-1	9.8790E0	5.1252E0	3.3269E6	
1758	-8.2092E-1	1.2370E1	5.1327E0	3.3291E6	
1759	-8.2191E-1	1.0898E1	5.1400E0	3.3313E6	
1760	-8.2130E-1	1.1804E1	5.1477E0	3.3336E6	
1761	-8.2306E-1	9.1996E0	5.1551E0	3.3358E6	
1762	-8.2214E-1	1.0558E1	5.1626E0	3.3380E6	
1763	-8.2214E-1	1.0558E1	5.1700E0	3.3402E6	
1764	-8.2268E-1	9.7658E0	5.1775E0	3.3424E6	
1765	-8.2123E-1	1.1917E1	5.1849E0	3.3447E6	
1766	-8.2245E-1	1.0105E1	5.1925E0	3.3469E6	
1767	-8.2375E-1	8.1806E0	5.2000E0	3.3491E6	
1768	-8.2405E-1	7.7277E0	5.2075E0	3.3513E6	
1769	-8.2428E-1	7.3880E0	5.2149E0	3.3535E6	
1770	-8.2527E-1	5.9161E0	5.2224E0	3.3558E6	
1771	-8.2298E-1	9.3129E0	5.2299E0	3.3580E6	
1772	-8.2481E-1	6.5954E0	5.2374E0	3.3602E6	
1773	-8.2420E-1	7.5012E0	5.2448E0	3.3624E6	
1774	-8.2542E-1	5.6896E0	5.2523E0	3.3646E6	
1775	-8.2870E-1	8.2093E-1	5.2597E0	3.3669E6	
1776	-8.2596E-1	4.8971E0	5.2672E0	3.3691E6	
1777	-8.2344E-1	8.6335E0	5.2746E0	3.3713E6	
1778	-8.2634E-1	4.3309E0	5.2822E0	3.3735E6	
1779	-8.2382E-1	8.0674E0	5.2895E0	3.3757E6	
1780	-8.2771E-1	2.2929E0	5.2972E0	3.3780E6	
1781	-8.2794E-1	1.9532E0	5.3046E0	3.3802E6	
1782	-8.2771E-1	2.2929E0	5.3120E0	3.3824E6	
1783	-8.2695E-1	3.4251E0	5.3193E0	3.3846E6	
1784	-8.2596E-1	4.8971E0	5.3270E0	3.3868E6	
1785	-8.2687E-1	3.5383E0	5.3343E0	3.3891E6	
1786	-8.2832E-1	1.3871E0	5.3418E0	3.3913E6	
1787	-8.2870E-1	8.2093E-1	5.3492E0	3.3935E6	
1788	-8.2710E-1	3.1987E0	5.3566E0	3.3957E6	
1789	-8.2886E-1	5.9448E-1	5.3642E0	3.3979E6	
1790	-8.2779E-1	2.1796E0	5.3717E0	3.4002E6	
1791	-8.2916E-1	1.4157E-1	5.3791E0	3.4024E6	
1792	-8.2977E-1	-7.6423E-1	5.3830E0	3.4036E6	
1793	-8.2977E-1	-7.6423E-1	5.3830E0	3.4036E6	
1794	-8.2977E-1	-7.6423E-1	5.3830E0	3.4036E6	
1795	-8.2977E-1	-7.6423E-1	5.3830E0	3.4036E6	
1796	-8.2977E-1	-7.6423E-1	5.3830E0	3.4036E6	
1797	-8.2977E-1	-7.6423E-1	5.3830E0	3.4036E6	
1798	-8.2977E-1	-7.6423E-1	5.3830E0	3.4036E6	
1799	-8.2977E-1	-7.6423E-1	5.3830E0	3.4036E6	
1800	-8.2977E-1	-7.6423E-1	5.3830E0	3.4036E6	
1801	-8.2977E-1	-7.6423E-1	5.3830E0	3.4036E6	
1802	-8.2977E-1	-7.6423E-1	5.3830E0	3.4036E6	
1803	-8.2977E-1	-7.6423E-1	5.3830E0	3.4036E6	
1804	-8.2977E-1	-7.6423E-1	5.3830E0	3.4036E6	
1805	-8.2977E-1	-7.6423E-1	5.3830E0	3.4036E6	
1806	-8.2977E-1	-7.6423E-1	5.3830E0	3.4036E6	
1807	-8.2977E-1	-7.6423E-1	5.3830E0	3.4036E6	
1808	-8.2977E-1	-7.6423E-1	5.3830E0	3.4036E6	
1809	-8.2977E-1	-7.6423E-1	5.3830E0	3.4036E6	
1810	-8.2977E-1	-7.6423E-1	5.3830E0	3.4036E6	
1811	-8.2977E-1	-7.6423E-1	5.3830E0	3.4036E6	
1812	-8.2977E-1	-7.6423E-1	5.3830E0	3.4036E6	
1813	-8.2977E-1	-7.6423E-1	5.3830E0	3.4036E6	
1814	-8.2977E-1	-7.6423E-1	5.3830E0	3.4036E6	
1815	-8.2977E-1	-7.6423E-1	5.3830E0	3.4036E6	
1816	-8.2977E-1	-7.6423E-1	5.3830E0	3.4036E6	
1817	-8.2977E-1	-7.6423E-1	5.3830E0	3.4036E6	
1818	-8.2977E-1	-7.6423E-1	5.3830E0	3.4036E6	
1819	-8.2977E-1	-7.6423E-1	5.3830E0	3.4036E6	
1820	-8.2977E-1	-7.6423E-1	5.3830E0	3.4036E6	
1821	-8.2977E-1	-7.6423E-1	5.3830E0	3.4036E6	
1822	-8.2977E-1	-7.6423E-1	5.3830E0	3.4036E6	
1823	-8.2977E-1	-7.6423E-1	5.3830E0	3.4036E6	
1824	-8.2977E-1	-7.6423E-1	5.3830E0	3.4036E6	
1825	-8.2977E-1	-7.6423E-1	5.3830E0	3.4036E6	
1826	-8.2977E-1	-7.6423E-1	5.3830E0	3.4036E6	
1827	-8.2977E-1	-7.6423E-1	5.3830E0	3.4036E6	
1828	-8.2977E-1	-7.6423E-1	5.3830E0	3.4036E6	
1829	-8.2977E-1	-7.6423E-1	5.3830E0	3.4036E6	
1830	-8.2977E-1	-7.6423E-1	5.3830E0	3.4036E6	
1831	-8.2977E-1	-7.6423E-1	5.3830E0	3.4036E6	
1832	-8.2977E-1	-7.6423E-1	5.3830E0	3.4036E6	
1833	-8.2977E-1	-7.6423E-1	5.3830E0	3.4036E6	
1834	-8.2977E-1	-7.6423E-1	5.3830E0	3.4036E6	
1835	-8.2977E-1	-7.6423E-1	5.3830E0	3.4036E6	
1836	-8.2977E-1	-7.6423E-1	5.3830E0	3.4036E6	
1837	-8.2977E-1	-7.6423E-1	5.3830E0	3.4036E6	
1838	-8.2977E-1	-7.6423E-1	5.3830E0	3.4036E6	
1839	-8.2977E-1	-7.6423E-1	5.3830E0	3.4036E6	
1840	-8.2977E-1	-7.6423E-1	5.3830E0	3.4036E6	
1841	-8.2977E-1	-7.6423E-1	5.3830E0	3.4036E6	
1842	-8.2977E-1	-7.6423E-1	5.3830E0	3.4036E6	
1843	-8.2977E-1	-7.6423E-1	5.3830E0	3.4036E6	
1844	-8.2977E-1	-7.6423E-1	5.3830E0	3.4036E6	
1845	-8.2977E-1	-7.6423E-1	5.3830E0	3.4036E6	
1846	-8.2977E-1	-7.6423E-1	5.3830E0	3.4036E6	
1847	-8.2977E-1	-7.6423E-1	5.3830E0	3.4036E6	
1848	-8.2977E-1	-7.6423E-1	5.3830E0	3.4036E6	
1849	-8.2977E-1	-7.6423E-1	5.3830E0	3.4036E6	
1850	-8.2977E-1	-7.6423E-1	5.3830E0	3.4036E6	
1851	-8.2977E-1	-7.6423E-1	5.3830E0	3.4036E6	
1852	-8.2977E-1	-7.6423E-1	5.3830E0	3.4036E6	
1853	-8.2977E-1	-7.6423E-1	5.3830E0	3.4036E6	
1854	-8.2977E-1	-7.6423E-1	5.3830E0	3.4036E6	
1855	-8.2977E-1	-7.6423E-1	5.3830E0	3.4036E6	
1856	-8.2977E-1	-7.6423E-1	5.3830E0	3.4036E6	
1857	-8.2977E-1	-7.6423E-1	5.3830E0	3.4036E6	
1858	-8.2977E-1	-7.6423E-1	5.3830E0	3.4036E6	
1859	-8.2977E-1	-7.6423E-1	5.3830E0	3.4036E6	
1860	-8.2977E-1	-7.6423E-1	5.3830E0	3.4036E6	
1861	-8.2977E-1	-7.6423E-1	5.3830E0	3.4036E6	
1862	-8.2977E-1	-7.6423E-1	5.3830E0	3.4036E6	
1863	-8.2977E-1	-7.6423E-1	5.3830E0	3.4036E6	
1864	-8.2977E-1	-7.6423E-1	5.3830E0	3.4036E6	
1865	-8.2977E-1	-7.6423E-1	5.3830E0	3.4036E6	
1866	-8.2977E-1	-7.6423E-1	5.3830E0	3.4036E6	
1867	-8.2977E-1	-7.6423E-1	5.3830E0	3.4036E6	
1868	-8.2977E-1	-7.6423E-1	5.3830E0	3.4036E6	
1869	-8.2977E-1	-7.6423E-1	5.3830E0	3.4036E6	
1870	-8.2977E-1	-7.6423E-1	5.3830E0	3.4036E6	
1871	-8.2977E-1	-7.6423E-1	5.3830E0	3.4036E6	
1872	-8.2977E-1	-7.6423E-1	5.3830E0	3.4036E6	
1873	-8.2977E-1	-7.6423E-1	5.3830E0	3.4036E6	
1874	-8.2977E-1	-7.6423E-1	5.3830E0	3.4036E6	
1875	-8.2977E-1	-7.6423E-1	5.3830E0	3.4036E6	
1876	-8.2977E-1	-7.6423E-1	5.3830E0	3.4036E6	
1877	-8.2977E-1	-7.6423E-1	5.3830E0	3.4036E6	
1878	-8.2977E-1	-7.6423E-1	5.3830E0	3.4036E6	
1879	-8.2977E-1	-7.6423E-1	5.3830E0	3.4036E6	
1880	-8.2977E-1	-7.6423E-1	5.3830E0	3.4036E6	
1881	-8.2977E-1	-7.6423E-1	5.3830E0	3.4036E6	
1882	-8.2977E-1	-7.6423E-1	5.3830E0	3.4036E6	
1883	-8.2977E-1	-7.6423E-1	5.3830E0	3.4036E6	
1884	-8.2977E-1	-7.6423E-1	5.3830E0	3.4036E6	
1885	-8.2977E-1	-7.6423E-1	5.3830E0	3.4036E6	
1886	-8.2977E-1	-7.6423E-1	5.3830E0	3.4036E6	
1887	-8.2977E-1	-7.6423E-1	5.3830E0	3.4036E6	
1888	-8.2977E-1	-7.6423E-1	5.3830E0	3.4036E6	
1889	-8.2977E-1	-7.6423E-1	5.3830E0	3.4036E6	
1890	-8.2977E-1	-7.6423E-1	5.3830E0	3.4036E6	
1891	-8.2977E-1	-7.6423E-1	5.3830E0	3.4036E6	
1892	-8.2977E-1	-7.6423E-1	5.3830E0	3.4036E6	
1893	-8.2977E-1	-7.6423E-1	5.3830E0	3.4036E6	
1894	-8.2977E-1	-7.6423E-1	5.3830E0	3.4036E6	
1895	-8.2977E-1	-7.6423E-1	5.3830E0	3.4036E6	
1896	-8.2977E-1	-7.6423E-1	5.3830E0	3.4036E6	
1897	-8.2977E-1	-7.6423E-1	5.3830E0	3.4036E6	
1898	-8.2977E-1	-7.6423E-1	5.3830E0	3.4036E6	
1899	-8.2977E-1	-7.6423E-1	5.3830E0	3.4036E6	
1900	-8.2977E-1	-7.6423E-1	5.3830E0	3.4036E6	
1901	-8.2977E-1	-7.6423E-1	5.3830E0	3.4036E6	
1902	-8.2977E-1	-7.6423E-1	5.3830E0	3.4036E6	
1903	-8.2977E-1	-7.6423E-1	5.3830E0	3.4036E6	
1904	-8.2977E-1	-7.6423E-1	5.3830E0	3.4036E6	
1905	-8.2977E-1	-7.6423E-1	5.3830E0	3.4036E6	
1906	-8.2977E-1	-7.6423E-1	5.3830E0	3.4036E6	
1907	-8.2977E-1	-7.6423E-1	5.3830E0	3.4036E6	
1908	-8.2977E-1	-7.6423E-1	5.3830E0	3.4036E6	
1909	-8.2977E-1	-7.6423E-1	5.3830E0	3.4036E6	
1910	-8.2977E-1	-7.6423E-1	5.3830E0	3.4036E6	
1911	-8.2977E-1	-7.6423E-1	5.3830E0	3.4036E6	
1912	-8.2977E-1	-7.6423E-1	5.3830E0	3.4036E6	
1913	-8.2977E-1	-7.6423E-1	5.3830E0	3.4036E6	
1914	-8.2977E-1	-7.6423E-1	5.3830E0	3.4036E6	
1915	-8.2977E-1	-7.6423E-1	5.3830E0	3.4036E6	
1916	-8.2977E-1	-7.6423E-1	5.3830E0	3.4036E6	
1917	-8.2977E-1	-7.6423E-1	5.3830E0	3.4036E6	
1918	-8.2977E-1	-7.6423E-1	5.3830E0	3.4036E6	
1919	-8.2977E-1	-7.6423E-1	5.3830E0	3.4036E6	
1920	-8.2977E-1	-7.6423E-1	5.3830E0	3.4036E6	
1921	-8.2977E-1	-7.6423E-1	5.3830E0	3.4036E6	
1922	-8.2977E-1	-7.6423E-1	5.3830E0	3.4036E6	
1923	-8.2977E-1	-7.6423E-1	5.3830E0	3.4036E6	
1924	-8.2977E-1	-7.6423E-1	5.3830E0	3.4036E6	
1925	-8.2977E-1	-7.6423E-1	5.3830E0	3.4036E6	
1926	-8.2977E-1	-7.6423E-1	5.3830E0	3.4036E6	
1927	-8.2977E-1	-7.6423E-1	5.3830E0	3.4036E6	
1928	-8.2977E-1	-7.6423E-1	5.3830E0	3.4036E6	
1929	-8.2977E-1	-7.6423E-1	5.3830E0	3.4036E6	
1930	-8.2977E-1	-7.6423E-1	5.3830E0	3.4036E6	
1931	-8.2977E-1	-7.6423E-1	5.3830E0	3.4036E6	
1932	-8.2977E-1	-7.6423E-1	5.3830E0	3.4036E6	
1933	-8.2977E-1	-7.6423E-1	5.3830E0	3.4036E6	
1934	-8.2977E-1	-7.6423E-1	5.3830E0	3.4036E6	
1935	-8.2977E-1	-7.6423E-1	5.3830E0	3.4036E6	
1936	-8.2977E-1	-7.6423E-1	5.3830E0	3.4036E6	
1937	-8.2977E-1	-7.6423E-1	5.3830E0	3.4036E6	
1938	-8.2977E-1	-7.6423E-1	5.3830E0	3.4036E6	
1939	-8.2977E-1	-7.6423E-1	5.3830E0	3.4036E6	
1940	-8.2977E-1	-7.6423E-1	5.3830E0	3.4036E6	
1941	-8.2977E-1	-7.6423E-1	5.3830E0	3.4036E6	
1942	-8.2977E-1	-7.6423E-1	5.3830E0	3.4036E6	
1943	-8.2977E-1	-7.6423E-1	5.3830E0	3.4036E6	
1944	-8.2977E-1	-7.6423E-1	5.3830E0	3.4036E6	
1945	-8.2977E-1	-7.6423E-1	5.3830E0	3.4036E6	
1946	-8.2977E-1	-7.6423E-1	5.3830E0	3.4036E6	
1947	-8.2977E-1	-7.6423E-1	5.3830E0	3.4036E6	
1948	-8.2977E-1	-7.6423E-1	5.3830E0	3.4036E6	
1949	-8.2977E-1	-7.6423E-1	5.3830E0	3.4036E6	
1950	-8.2977E-1	-7.6423E-1	5.3830E0	3.4036E6	
1951	-8.2977E-1	-7.6423E-1	5.3830E0	3.4036E6	
1952	-8.2977E-1	-7.6423E-1	5.3830E0	3.4036E6	
1953	-8.2977E-1	-7.6423E-1	5.3830E0	3.4036E6	
1954	-8.2977E-1	-7.6423E-1	5.3830E0	3.4036E6	
1955	-8.2977E-1	-7.6423E-1	5.3830E0	3.4036E6	
1956	-8.2977E-1	-7.6423E-1	5.3830E0	3.4036E6	
1957	-8.2977E-1	-7.6423E-1	5.3830E0	3.4036E6	
1958	-8.2977E-1	-7.6423E-1	5.3830E0	3.4036E6	
1959	-8.2977E-1	-7.6423E-1	5.3830E0	3.4036E6	
1960	-8.2977E-1	-7.6423E-1	5.3830E0	3.4036E6	
1961	-8.2977E-1	-7.6423E-1	5.3830E0	3.4036E6	
1962	-8.2977E-1	-7.6423E-1	5.3830E0	3.4036E6	
1963	-8.2977E-1	-7.6423E-1	5.3830E0	3.4036E6	
1964	-8.2977E-1	-7.6423E-1	5.3830E0	3.4036E6	
1965	-8.2977E-1	-7.6423E-1	5.3830E0	3.4036E6	
1966	-8.2977E-1	-7.6423E-1	5.3830E0	3.4036E6	
1967	-8.2977E-1	-7.6423E-1	5.3830E0	3.4036E6	
1968	-8.2977E-1	-7.6423E-1	5.3830E0	3.4036E6	
1969	-8.2977E-1	-7.6423E-1	5.3830E0	3.4036E6	
1970	-8.2977E-1	-7.6423E-1	5.3830E0	3.4036E6	
1971	-8.2977E-1	-7.6423E-1	5.3830E0	3.4036E6	
1972	-8.2977E-1	-7.6423E-1	5.3830E0	3.4036E6	
1973	-8.2977E-1	-7.6423E-1	5.3830E0	3.4036E6	
1974	-8.2977E-1	-7.6423E-1	5.3830E0	3.4036E6	
1975	-8.2977E-1	-7.6423E-1	5.3830E0	3.4036E6	
1976	-8.2977E-1	-7.6423E-1	5.3830E0	3.4036E6	
1977	-8.2977E-1	-7.6423E-1	5.3830E0	3.4036E6	
1978	-8.2977E-1	-7.6423E-1	5.3830E0	3.4036E6	
1979	-8.2977E-1	-7.6423E-1	5.3830E0	3.4036E6	
1980	-8.2977E-1	-7.6423E-1	5.3830E0	3.4036E6	
1981	-8.2977E-1	-7.6423E-1	5.3830E0	3.4036E6	
1982	-8.2977E-1	-7.6423E-1	5.3830E0	3.4036E6	
1983	-8.2977E-1	-7.6423E-1	5.3830E0	3.4036E6	
1984	-8.2977E-1	-7.6423E-1	5.3830E0	3.4036E6	
1985	-8.2977E-1	-7.6423E-1	5.3830E0	3.4036E6	
1986	-8.2977E-1	-7.6423E-1	5.3830E0	3.4036E6	
1987	-8.2977E-1	-7.6423E-1	5.3830E0	3.4036E6	
1988	-8.2977E-1	-7.6423E-1	5.3830E0	3.4036E6	
1989	-8.2977E-1	-7.6423E-1	5.3830E0	3.4036E6	
1990	-8.2977E-1	-7.6423E-1	5.3830E0	3.4036E6	
1991	-8.2977E-1	-7.6423E-1	5.3830E0	3.4036E6	
1992	-8.2977E-1	-7.6423E-1	5.3830E0	3.4036E6	
1993	-8.2977E-1	-7.6423E-1	5.3830E0	3.4036E6	
1994	-8.2977E-1	-7.6423E-1	5.3830E0	3.4036E6	
1995	-8.2977E-1	-7.6423E-1	5.3830E0	3.4036E6	
1996	-8.2977E-1	-7.6423E-1	5.3830E0	3.4036E6	
1997	-8.2977E-1	-7.6423E-1	5.3830E0	3.4036E6	
1998	-8.2977E-1	-7.6423E-1	5.3830E0	3.4036E6	
1999	-8.2977E-1	-7.6423E-1	5.3830E0	3.4036E6	
2000	-8.2977E-1	-7.6423E-1	5.3830E0	3.4036E6	
2001	-8.2977E-1	-7.6423E-1	5.3830E0	3.4036E6	
2002	-8.2977E-1	-7.6423E-1	5.3830E0	3.4036E6	
2003	-8.2977E-1	-7.6423E-1	5.3830E0	3.4036E6	
2004	-8.2977E-1	-7.6423E-1	5.3830E0	3.4036E6	
2005	-8.2977E-1	-7.6423E-1	5.3830E0	3.4036E6	
2006	-8.2977E-1	-7.6423E-1	5.3830E0	3.4036E6	
2007	-8.2977E-1	-7.6423E-1	5.3830E0	3.4036E6	
2008	-8.2977E-1	-7.6423E-1	5.3830E0	3.4036E6	
2009	-8.2977E-1	-7.6423E-1	5.3830E0	3.4036E6	
2010	-8.2977E-1	-7.6423E-1	5.3830E0	3.4036E6	
2011	-8.2977E-1	-7.6423E-1	5.3830E0	3.4036E6	
2012	-8.2977E-1	-7.6423E-1	5.3830E0	3.4036E6	
2013	-8.2977E-1	-7.6423E-1	5.3830E0	3.4036E6	
2014	-8.2977E-1	-7.6423E-1	5.3830E0	3.4036E6	
2015	-8.2977E-1	-7.6423E-1	5.3830E0	3.4036E6	
2016	-8.2977E-1	-7.6423E-1	5.3830E0	3.4036E6	
2017	-8.2977E-1	-7.6423E-1	5.3830E0	3.4036E6	
2018	-8.2977E-1	-7.6423E-1	5.3830E0	3.4036E6	
2019	-8.2977E-1	-7.6423E-1	5.3830E0	3.4036E6	
2020	-8.2977E-1	-7.6423E-1	5.3830E0	3.4036E6	
2021	-8.2977E-1	-7.6423E-1	5.3830E0	3.4036E6	
2022	-8.2977E-1	-7.6423E-1	5.3830E0	3.4036E6	
2023	-8.2977E-1	-7.6423E-1	5.3830E0	3.4036E6	
2024	-8.2977E-1	-7.6423E-1	5.3830E0	3.4036E6	
2025	-8.2977E-1	-7.6423E-1	5.3830E0	3.4036E6	
2026	-8.2977E-1	-7.6423E-1	5.3830E0	3.4036E6	
2027	-8.2977E-1	-7.6423E-1	5.3830E0	3.4036E6	
2028	-8.2977E-1	-7.6423E-1	5.3830E0	3.4036E6	
2029	-8.2977E-1	-7.6423E-1	5.3830E0	3.4036E6	
2030	-8.2977E-1	-7.6423E-1	5.3830E0	3.4036E6	
2031	-8.2977E-1	-7.6423E-1	5.3830E0	3.4036E6	
2032	-8.2977E-1	-7.6423E-1	5.3830E0	3.4036E6	
2033	-8.2977E-1	-7.6423E-1	5.3830E0	3.4036E6	
2034	-8.2977E-1	-7.6423E-1	5.3830E0	3.4036E6	
2035	-8.2977E-1	-7.6423E-1	5.3830E0	3.4036E6	
2036	-8.2977E-1	-7.6423E-1	5.3830E0	3.4036E6	
2037	-8.2977E-1	-7.6423E-1	5.3830E0	3.4036E6	
2038	-8.2977E-1	-7.6423E-1	5.3830E0	3.4036E6	
2039	-8.2977E-1	-7.6423E-1	5.3830E0	3.4036E6	
2040	-8.2977E-1	-7.6423E-1	5.3830E0	3.4036E6	
2041	-8.2977E-1	-7.6423E-1	5.3830E0	3.4036E6	
2042	-8.2977E-1	-7.6423E-1	5.3830E0	3.4036E6	
2043	-8.2977E-1	-7.6423E-1	5.3830E0	3.4036E6	
2044	-8.2977E-1	-7.6423E-1	5.3830E0	3.4036E6	
2045	-8.2977E-1	-7.6423E-1	5.3830E0	3.4036E6	
2046	-8.2977E-1	-7.6423E-1	5.3830E0	3.4036E6	
2047	-8.2977E-1	-7.6423E-1	5.3830E0	3.4036E6	
2048	-8.2977E-1	-7.6423E-1	5.3830E0	3.4036E6	
