point 201
Index	Vertical (A-B)	Force	Z Height	Time Stamp	
     	V	nN	?m	?sec	
1	-8.1795E-1	-2.1513E0	5.3879E0	1.2000E2	
2	-8.1665E-1	-2.2642E-1	5.3866E0	2.3400E3	
3	-8.1657E-1	-1.1320E-1	5.3839E0	4.5600E3	
4	-8.1596E-1	7.9261E-1	5.3807E0	6.7800E3	
5	-8.1627E-1	3.3970E-1	5.3774E0	9.0000E3	
6	-8.1627E-1	3.3970E-1	5.3738E0	1.1220E4	
7	-8.1642E-1	1.1325E-1	5.3700E0	1.3440E4	
8	-8.1482E-1	2.4910E0	5.3661E0	1.5660E4	
9	-8.1551E-1	1.4720E0	5.3621E0	1.7880E4	
10	-8.1375E-1	4.0762E0	5.3580E0	2.0100E4	
11	-8.1764E-1	-1.6984E0	5.3538E0	2.2320E4	
12	-8.1543E-1	1.5852E0	5.3496E0	2.4540E4	
13	-8.1497E-1	2.2645E0	5.3452E0	2.6760E4	
14	-8.1474E-1	2.6042E0	5.3409E0	2.8980E4	
15	-8.1787E-1	-2.0380E0	5.3363E0	3.1200E4	
16	-8.1619E-1	4.5293E-1	5.3319E0	3.3420E4	
17	-8.1749E-1	-1.4719E0	5.3275E0	3.5640E4	
18	-8.1558E-1	1.3587E0	5.3229E0	3.7860E4	
19	-8.1627E-1	3.3970E-1	5.3183E0	4.0080E4	
20	-8.1497E-1	2.2645E0	5.3138E0	4.2300E4	
21	-8.1512E-1	2.0381E0	5.3092E0	4.4520E4	
22	-8.1657E-1	-1.1320E-1	5.3046E0	4.6740E4	
23	-8.1413E-1	3.5100E0	5.2998E0	4.8960E4	
24	-8.1200E-1	6.6803E0	5.2951E0	5.1180E4	
25	-8.1429E-1	3.2836E0	5.2904E0	5.3400E4	
26	-8.1467E-1	2.7174E0	5.2857E0	5.5620E4	
27	-8.1413E-1	3.5100E0	5.2810E0	5.7840E4	
28	-8.1505E-1	2.1513E0	5.2762E0	6.0060E4	
29	-8.1161E-1	7.2465E0	5.2715E0	6.2280E4	
30	-8.1505E-1	2.1513E0	5.2667E0	6.4500E4	
31	-8.1581E-1	1.0191E0	5.2620E0	6.6720E4	
32	-8.1406E-1	3.6233E0	5.2571E0	6.8940E4	
33	-8.1322E-1	4.8687E0	5.2523E0	7.1160E4	
34	-8.1413E-1	3.5100E0	5.2475E0	7.3380E4	
35	-8.1146E-1	7.4729E0	5.2427E0	7.5600E4	
36	-8.1329E-1	4.7555E0	5.2378E0	7.7820E4	
37	-8.1322E-1	4.8687E0	5.2330E0	8.0040E4	
38	-8.1161E-1	7.2465E0	5.2280E0	8.2260E4	
39	-8.1230E-1	6.2274E0	5.2231E0	8.4480E4	
40	-8.0948E-1	1.0417E1	5.2182E0	8.6700E4	
41	-8.1207E-1	6.5671E0	5.2133E0	8.8920E4	
42	-8.1230E-1	6.2274E0	5.2084E0	9.1140E4	
43	-8.1314E-1	4.9820E0	5.2035E0	9.3360E4	
44	-8.1093E-1	8.2655E0	5.1985E0	9.5580E4	
45	-8.1123E-1	7.8126E0	5.1935E0	9.7800E4	
46	-8.1131E-1	7.6994E0	5.1885E0	1.0002E5	
47	-8.1161E-1	7.2465E0	5.1836E0	1.0224E5	
48	-8.1215E-1	6.4539E0	5.1786E0	1.0446E5	
49	-8.1207E-1	6.5671E0	5.1736E0	1.0668E5	
50	-8.0971E-1	1.0077E1	5.1687E0	1.0890E5	
51	-8.1177E-1	7.0200E0	5.1637E0	1.1112E5	
52	-8.1146E-1	7.4729E0	5.1587E0	1.1334E5	
53	-8.1024E-1	9.2845E0	5.1537E0	1.1556E5	
54	-8.1039E-1	9.0581E0	5.1487E0	1.1778E5	
55	-8.0856E-1	1.1776E1	5.1436E0	1.2000E5	
56	-8.1062E-1	8.7184E0	5.1385E0	1.2222E5	
57	-8.1253E-1	5.8878E0	5.1335E0	1.2444E5	
58	-8.0826E-1	1.2228E1	5.1285E0	1.2666E5	
59	-8.1154E-1	7.3597E0	5.1234E0	1.2888E5	
60	-8.0925E-1	1.0756E1	5.1183E0	1.3110E5	
61	-8.1146E-1	7.4729E0	5.1133E0	1.3332E5	
62	-8.0841E-1	1.2002E1	5.1082E0	1.3554E5	
63	-8.0940E-1	1.0530E1	5.1031E0	1.3776E5	
64	-8.0643E-1	1.4946E1	5.0979E0	1.3998E5	
65	-8.0711E-1	1.3927E1	5.0929E0	1.4220E5	
66	-8.0887E-1	1.1323E1	5.0877E0	1.4442E5	
67	-8.0841E-1	1.2002E1	5.0826E0	1.4664E5	
68	-8.0902E-1	1.1096E1	5.0775E0	1.4886E5	
69	-8.0818E-1	1.2342E1	5.0724E0	1.5108E5	
70	-8.0727E-1	1.3700E1	5.0672E0	1.5330E5	
71	-8.0711E-1	1.3927E1	5.0621E0	1.5552E5	
72	-8.0780E-1	1.2908E1	5.0569E0	1.5774E5	
73	-8.0688E-1	1.4266E1	5.0518E0	1.5996E5	
74	-8.0582E-1	1.5852E1	5.0465E0	1.6218E5	
75	-8.0452E-1	1.7776E1	5.0414E0	1.6440E5	
76	-8.0688E-1	1.4266E1	5.0363E0	1.6662E5	
77	-8.0666E-1	1.4606E1	5.0311E0	1.6884E5	
78	-8.0254E-1	2.0720E1	5.0259E0	1.7106E5	
79	-8.0330E-1	1.9588E1	5.0207E0	1.7328E5	
80	-8.0406E-1	1.8456E1	5.0155E0	1.7550E5	
81	-8.0536E-1	1.6531E1	5.0103E0	1.7772E5	
82	-8.0376E-1	1.8909E1	5.0051E0	1.7994E5	
83	-8.0276E-1	2.0381E1	4.9998E0	1.8216E5	
84	-8.0566E-1	1.6078E1	4.9945E0	1.8438E5	
85	-8.0559E-1	1.6191E1	4.9894E0	1.8660E5	
86	-8.0162E-1	2.2079E1	4.9841E0	1.8882E5	
87	-8.0330E-1	1.9588E1	4.9788E0	1.9104E5	
88	-8.0383E-1	1.8795E1	4.9736E0	1.9326E5	
89	-8.0315E-1	1.9815E1	4.9684E0	1.9548E5	
90	-8.0063E-1	2.3551E1	4.9631E0	1.9770E5	
91	-8.0345E-1	1.9362E1	4.9578E0	1.9992E5	
92	-8.0284E-1	2.0267E1	4.9525E0	2.0214E5	
93	-8.0299E-1	2.0041E1	4.9472E0	2.0436E5	
94	-8.0276E-1	2.0381E1	4.9419E0	2.0658E5	
95	-8.0185E-1	2.1739E1	4.9366E0	2.0880E5	
96	-8.0414E-1	1.8343E1	4.9313E0	2.1102E5	
97	-8.0055E-1	2.3664E1	4.9261E0	2.1324E5	
98	-8.0193E-1	2.1626E1	4.9208E0	2.1546E5	
99	-8.0078E-1	2.3325E1	4.9155E0	2.1768E5	
100	-8.0215E-1	2.1286E1	4.9101E0	2.1990E5	
101	-8.0383E-1	1.8795E1	4.9047E0	2.2212E5	
102	-7.9941E-1	2.5363E1	4.8994E0	2.2434E5	
103	-8.0124E-1	2.2645E1	4.8941E0	2.2656E5	
104	-8.0185E-1	2.1739E1	4.8888E0	2.2878E5	
105	-8.0246E-1	2.0834E1	4.8834E0	2.3100E5	
106	-8.0254E-1	2.0720E1	4.8780E0	2.3322E5	
107	-8.0132E-1	2.2532E1	4.8727E0	2.3544E5	
108	-8.0177E-1	2.1853E1	4.8673E0	2.3766E5	
109	-8.0025E-1	2.4117E1	4.8619E0	2.3988E5	
110	-7.9803E-1	2.7401E1	4.8565E0	2.4210E5	
111	-8.0162E-1	2.2079E1	4.8512E0	2.4432E5	
112	-8.0002E-1	2.4457E1	4.8458E0	2.4654E5	
113	-7.9979E-1	2.4796E1	4.8404E0	2.4876E5	
114	-7.9948E-1	2.5249E1	4.8350E0	2.5098E5	
115	-8.0025E-1	2.4117E1	4.8296E0	2.5320E5	
116	-7.9971E-1	2.4910E1	4.8242E0	2.5542E5	
117	-7.9971E-1	2.4910E1	4.8188E0	2.5764E5	
118	-7.9872E-1	2.6382E1	4.8133E0	2.5986E5	
119	-7.9903E-1	2.5929E1	4.8079E0	2.6208E5	
120	-7.9803E-1	2.7401E1	4.8024E0	2.6430E5	
121	-7.9979E-1	2.4796E1	4.7970E0	2.6652E5	
122	-7.9712E-1	2.8759E1	4.7915E0	2.6874E5	
123	-7.9697E-1	2.8986E1	4.7861E0	2.7096E5	
124	-7.9803E-1	2.7401E1	4.7806E0	2.7318E5	
125	-7.9918E-1	2.5702E1	4.7752E0	2.7540E5	
126	-7.9819E-1	2.7174E1	4.7697E0	2.7762E5	
127	-7.9605E-1	3.0345E1	4.7642E0	2.7984E5	
128	-7.9781E-1	2.7740E1	4.7587E0	2.8206E5	
129	-7.9765E-1	2.7967E1	4.7532E0	2.8428E5	
130	-7.9735E-1	2.8420E1	4.7479E0	2.8650E5	
131	-7.9552E-1	3.1137E1	4.7423E0	2.8872E5	
132	-7.9689E-1	2.9099E1	4.7368E0	2.9094E5	
133	-7.9620E-1	3.0118E1	4.7313E0	2.9316E5	
134	-7.9567E-1	3.0911E1	4.7257E0	2.9538E5	
135	-7.9475E-1	3.2269E1	4.7203E0	2.9760E5	
136	-7.9582E-1	3.0684E1	4.7148E0	2.9982E5	
137	-7.9407E-1	3.3288E1	4.7092E0	3.0204E5	
138	-7.9460E-1	3.2496E1	4.7036E0	3.0426E5	
139	-7.9407E-1	3.3288E1	4.6981E0	3.0648E5	
140	-7.9559E-1	3.1024E1	4.6926E0	3.0870E5	
141	-7.9445E-1	3.2722E1	4.6870E0	3.1092E5	
142	-7.9369E-1	3.3855E1	4.6814E0	3.1314E5	
143	-7.9453E-1	3.2609E1	4.6758E0	3.1536E5	
144	-7.9308E-1	3.4760E1	4.6704E0	3.1758E5	
145	-7.9506E-1	3.1816E1	4.6648E0	3.1980E5	
146	-7.9407E-1	3.3288E1	4.6592E0	3.2202E5	
147	-7.9140E-1	3.7251E1	4.6536E0	3.2424E5	
148	-7.9399E-1	3.3402E1	4.6480E0	3.2646E5	
149	-7.9308E-1	3.4760E1	4.6424E0	3.2868E5	
150	-7.9338E-1	3.4307E1	4.6368E0	3.3090E5	
151	-7.9216E-1	3.6119E1	4.6312E0	3.3312E5	
152	-7.9361E-1	3.3968E1	4.6256E0	3.3534E5	
153	-7.9216E-1	3.6119E1	4.6200E0	3.3756E5	
154	-7.9163E-1	3.6912E1	4.6143E0	3.3978E5	
155	-7.9254E-1	3.5553E1	4.6088E0	3.4200E5	
156	-7.9185E-1	3.6572E1	4.6031E0	3.4422E5	
157	-7.9140E-1	3.7251E1	4.5976E0	3.4644E5	
158	-7.9346E-1	3.4194E1	4.5918E0	3.4866E5	
159	-7.9208E-1	3.6232E1	4.5862E0	3.5088E5	
160	-7.9216E-1	3.6119E1	4.5805E0	3.5310E5	
161	-7.9094E-1	3.7931E1	4.5749E0	3.5532E5	
162	-7.9010E-1	3.9176E1	4.5692E0	3.5754E5	
163	-7.9056E-1	3.8497E1	4.5636E0	3.5976E5	
164	-7.9033E-1	3.8836E1	4.5579E0	3.6198E5	
165	-7.8888E-1	4.0988E1	4.5522E0	3.6420E5	
166	-7.8911E-1	4.0648E1	4.5465E0	3.6642E5	
167	-7.8987E-1	3.9516E1	4.5408E0	3.6864E5	
168	-7.8697E-1	4.3818E1	4.5352E0	3.7086E5	
169	-7.8636E-1	4.4724E1	4.5294E0	3.7308E5	
170	-7.8842E-1	4.1667E1	4.5237E0	3.7530E5	
171	-7.9140E-1	3.7251E1	4.5181E0	3.7752E5	
172	-7.8804E-1	4.2233E1	4.5122E0	3.7974E5	
173	-7.8842E-1	4.1667E1	4.5067E0	3.8196E5	
174	-7.8873E-1	4.1214E1	4.5009E0	3.8418E5	
175	-7.8659E-1	4.4385E1	4.4952E0	3.8640E5	
176	-7.8941E-1	4.0195E1	4.4894E0	3.8862E5	
177	-7.8735E-1	4.3252E1	4.4836E0	3.9084E5	
178	-7.8758E-1	4.2913E1	4.4779E0	3.9306E5	
179	-7.8728E-1	4.3365E1	4.4722E0	3.9528E5	
180	-7.8583E-1	4.5517E1	4.4664E0	3.9750E5	
181	-7.8598E-1	4.5290E1	4.4606E0	3.9972E5	
182	-7.8613E-1	4.5064E1	4.4549E0	4.0194E5	
183	-7.8522E-1	4.6423E1	4.4492E0	4.0416E5	
184	-7.8812E-1	4.2120E1	4.4434E0	4.0638E5	
185	-7.8400E-1	4.8234E1	4.4376E0	4.0860E5	
186	-7.8682E-1	4.4045E1	4.4319E0	4.1082E5	
187	-7.8682E-1	4.4045E1	4.4260E0	4.1304E5	
188	-7.8423E-1	4.7895E1	4.4202E0	4.1526E5	
189	-7.8682E-1	4.4045E1	4.4144E0	4.1748E5	
190	-7.8621E-1	4.4951E1	4.4087E0	4.1970E5	
191	-7.8529E-1	4.6309E1	4.4028E0	4.2192E5	
192	-7.8476E-1	4.7102E1	4.3970E0	4.2414E5	
193	-7.8545E-1	4.6083E1	4.3912E0	4.2636E5	
194	-7.8354E-1	4.8914E1	4.3854E0	4.2858E5	
195	-7.8522E-1	4.6423E1	4.3796E0	4.3080E5	
196	-7.8300E-1	4.9706E1	4.3738E0	4.3302E5	
197	-7.8522E-1	4.6423E1	4.3679E0	4.3524E5	
198	-7.8514E-1	4.6536E1	4.3622E0	4.3746E5	
199	-7.8461E-1	4.7328E1	4.3563E0	4.3968E5	
200	-7.8453E-1	4.7442E1	4.3503E0	4.4190E5	
201	-7.8484E-1	4.6989E1	4.3445E0	4.4412E5	
202	-7.8453E-1	4.7442E1	4.3387E0	4.4634E5	
203	-7.8148E-1	5.1971E1	4.3328E0	4.4856E5	
204	-7.8362E-1	4.8800E1	4.3269E0	4.5078E5	
205	-7.8339E-1	4.9140E1	4.3211E0	4.5300E5	
206	-7.8209E-1	5.1065E1	4.3152E0	4.5522E5	
207	-7.8392E-1	4.8347E1	4.3094E0	4.5744E5	
208	-7.8133E-1	5.2197E1	4.3034E0	4.5966E5	
209	-7.8323E-1	4.9366E1	4.2976E0	4.6188E5	
210	-7.8209E-1	5.1065E1	4.2917E0	4.6410E5	
211	-7.8064E-1	5.3216E1	4.2858E0	4.6632E5	
212	-7.8362E-1	4.8800E1	4.2800E0	4.6854E5	
213	-7.8300E-1	4.9706E1	4.2739E0	4.7076E5	
214	-7.8293E-1	4.9819E1	4.2681E0	4.7298E5	
215	-7.8041E-1	5.3556E1	4.2623E0	4.7520E5	
216	-7.8110E-1	5.2537E1	4.2562E0	4.7742E5	
217	-7.8239E-1	5.0612E1	4.2503E0	4.7964E5	
218	-7.8033E-1	5.3669E1	4.2445E0	4.8186E5	
219	-7.8171E-1	5.1631E1	4.2385E0	4.8408E5	
220	-7.7873E-1	5.6047E1	4.2326E0	4.8630E5	
221	-7.8110E-1	5.2537E1	4.2267E0	4.8852E5	
222	-7.7942E-1	5.5028E1	4.2207E0	4.9074E5	
223	-7.7957E-1	5.4801E1	4.2148E0	4.9296E5	
224	-7.7942E-1	5.5028E1	4.2088E0	4.9518E5	
225	-7.8148E-1	5.1971E1	4.2028E0	4.9740E5	
226	-7.7789E-1	5.7292E1	4.1969E0	4.9962E5	
227	-7.7652E-1	5.9330E1	4.1910E0	5.0184E5	
228	-7.7744E-1	5.7972E1	4.1850E0	5.0406E5	
229	-7.7591E-1	6.0236E1	4.1790E0	5.0628E5	
230	-7.7911E-1	5.5481E1	4.1730E0	5.0850E5	
231	-7.7744E-1	5.7972E1	4.1670E0	5.1072E5	
232	-7.7812E-1	5.6953E1	4.1611E0	5.1294E5	
233	-7.7751E-1	5.7858E1	4.1551E0	5.1516E5	
234	-7.7606E-1	6.0010E1	4.1491E0	5.1738E5	
235	-7.7499E-1	6.1595E1	4.1432E0	5.1960E5	
236	-7.7660E-1	5.9217E1	4.1370E0	5.2182E5	
237	-7.7370E-1	6.3520E1	4.1311E0	5.2404E5	
238	-7.7530E-1	6.1142E1	4.1251E0	5.2626E5	
239	-7.7347E-1	6.3859E1	4.1191E0	5.2848E5	
240	-7.7415E-1	6.2840E1	4.1131E0	5.3070E5	
241	-7.7812E-1	5.6953E1	4.1071E0	5.3292E5	
242	-7.7225E-1	6.5671E1	4.1011E0	5.3514E5	
243	-7.7415E-1	6.2840E1	4.0951E0	5.3736E5	
244	-7.7255E-1	6.5218E1	4.0890E0	5.3958E5	
245	-7.7324E-1	6.4199E1	4.0830E0	5.4180E5	
246	-7.7492E-1	6.1708E1	4.0770E0	5.4402E5	
247	-7.7393E-1	6.3180E1	4.0708E0	5.4624E5	
248	-7.7583E-1	6.0349E1	4.0649E0	5.4846E5	
249	-7.7438E-1	6.2501E1	4.0588E0	5.5068E5	
250	-7.7553E-1	6.0802E1	4.0527E0	5.5290E5	
251	-7.7156E-1	6.6690E1	4.0466E0	5.5512E5	
252	-7.7385E-1	6.3293E1	4.0406E0	5.5734E5	
253	-7.7179E-1	6.6350E1	4.0345E0	5.5956E5	
254	-7.7248E-1	6.5331E1	4.0283E0	5.6178E5	
255	-7.7461E-1	6.2161E1	4.0223E0	5.6400E5	
256	-7.7309E-1	6.4425E1	4.0163E0	5.6622E5	
257	-7.7217E-1	6.5784E1	4.0102E0	5.6844E5	
258	-7.7141E-1	6.6916E1	4.0041E0	5.7066E5	
259	-7.7354E-1	6.3746E1	3.9981E0	5.7288E5	
260	-7.7194E-1	6.6124E1	3.9920E0	5.7510E5	
261	-7.7194E-1	6.6124E1	3.9859E0	5.7732E5	
262	-7.7309E-1	6.4425E1	3.9798E0	5.7954E5	
263	-7.7324E-1	6.4199E1	3.9738E0	5.8176E5	
264	-7.7194E-1	6.6124E1	3.9676E0	5.8398E5	
265	-7.6912E-1	7.0313E1	3.9615E0	5.8620E5	
266	-7.6973E-1	6.9407E1	3.9553E0	5.8842E5	
267	-7.7080E-1	6.7822E1	3.9493E0	5.9064E5	
268	-7.7141E-1	6.6916E1	3.9430E0	5.9286E5	
269	-7.7057E-1	6.8162E1	3.9370E0	5.9508E5	
270	-7.7026E-1	6.8615E1	3.9307E0	5.9730E5	
271	-7.6759E-1	7.2578E1	3.9247E0	5.9952E5	
272	-7.7126E-1	6.7143E1	3.9185E0	6.0174E5	
273	-7.6622E-1	7.4616E1	3.9124E0	6.0396E5	
274	-7.7026E-1	6.8615E1	3.9061E0	6.0618E5	
275	-7.6775E-1	7.2351E1	3.9001E0	6.0840E5	
276	-7.6973E-1	6.9407E1	3.8939E0	6.1062E5	
277	-7.7026E-1	6.8615E1	3.8878E0	6.1284E5	
278	-7.6950E-1	6.9747E1	3.8816E0	6.1506E5	
279	-7.6859E-1	7.1106E1	3.8755E0	6.1728E5	
280	-7.6736E-1	7.2917E1	3.8693E0	6.1950E5	
281	-7.6897E-1	7.0540E1	3.8631E0	6.2172E5	
282	-7.6859E-1	7.1106E1	3.8569E0	6.2394E5	
283	-7.6614E-1	7.4729E1	3.8507E0	6.2616E5	
284	-7.6813E-1	7.1785E1	3.8445E0	6.2838E5	
285	-7.6904E-1	7.0426E1	3.8383E0	6.3060E5	
286	-7.6721E-1	7.3144E1	3.8322E0	6.3282E5	
287	-7.6721E-1	7.3144E1	3.8260E0	6.3504E5	
288	-7.6721E-1	7.3144E1	3.8197E0	6.3726E5	
289	-7.6637E-1	7.4389E1	3.8135E0	6.3948E5	
290	-7.6546E-1	7.5748E1	3.8073E0	6.4170E5	
291	-7.6454E-1	7.7107E1	3.8011E0	6.4392E5	
292	-7.6508E-1	7.6314E1	3.7949E0	6.4614E5	
293	-7.6332E-1	7.8918E1	3.7886E0	6.4836E5	
294	-7.6782E-1	7.2238E1	3.7825E0	6.5058E5	
295	-7.6546E-1	7.5748E1	3.7762E0	6.5280E5	
296	-7.6599E-1	7.4955E1	3.7700E0	6.5502E5	
297	-7.6454E-1	7.7107E1	3.7638E0	6.5724E5	
298	-7.6630E-1	7.4503E1	3.7576E0	6.5946E5	
299	-7.6370E-1	7.8352E1	3.7513E0	6.6168E5	
300	-7.6324E-1	7.9032E1	3.7450E0	6.6390E5	
301	-7.6202E-1	8.0843E1	3.7388E0	6.6612E5	
302	-7.6332E-1	7.8918E1	3.7326E0	6.6834E5	
303	-7.6103E-1	8.2315E1	3.7263E0	6.7056E5	
304	-7.6500E-1	7.6427E1	3.7200E0	6.7278E5	
305	-7.6141E-1	8.1749E1	3.7137E0	6.7500E5	
306	-7.6187E-1	8.1070E1	3.7076E0	6.7722E5	
307	-7.6210E-1	8.0730E1	3.7013E0	6.7944E5	
308	-7.6202E-1	8.0843E1	3.6950E0	6.8166E5	
309	-7.5851E-1	8.6052E1	3.6886E0	6.8388E5	
310	-7.6111E-1	8.2202E1	3.6824E0	6.8610E5	
311	-7.5859E-1	8.5938E1	3.6761E0	6.8832E5	
312	-7.6111E-1	8.2202E1	3.6698E0	6.9054E5	
313	-7.5882E-1	8.5599E1	3.6636E0	6.9276E5	
314	-7.6019E-1	8.3561E1	3.6572E0	6.9498E5	
315	-7.6096E-1	8.2428E1	3.6509E0	6.9720E5	
316	-7.6103E-1	8.2315E1	3.6446E0	6.9942E5	
317	-7.6042E-1	8.3221E1	3.6383E0	7.0164E5	
318	-7.5783E-1	8.7071E1	3.6321E0	7.0386E5	
319	-7.5874E-1	8.5712E1	3.6257E0	7.0608E5	
320	-7.5874E-1	8.5712E1	3.6194E0	7.0830E5	
321	-7.5768E-1	8.7297E1	3.6129E0	7.1052E5	
322	-7.5851E-1	8.6052E1	3.6066E0	7.1274E5	
323	-7.5920E-1	8.5033E1	3.6003E0	7.1496E5	
324	-7.5798E-1	8.6844E1	3.5941E0	7.1718E5	
325	-7.5935E-1	8.4806E1	3.5877E0	7.1940E5	
326	-7.5638E-1	8.9222E1	3.5814E0	7.2162E5	
327	-7.5859E-1	8.5938E1	3.5750E0	7.2384E5	
328	-7.5851E-1	8.6052E1	3.5687E0	7.2606E5	
329	-7.5722E-1	8.7976E1	3.5624E0	7.2828E5	
330	-7.5500E-1	9.1260E1	3.5560E0	7.3050E5	
331	-7.5989E-1	8.4014E1	3.5497E0	7.3272E5	
332	-7.5768E-1	8.7297E1	3.5433E0	7.3494E5	
333	-7.5630E-1	8.9335E1	3.5369E0	7.3716E5	
334	-7.5699E-1	8.8316E1	3.5306E0	7.3938E5	
335	-7.5508E-1	9.1147E1	3.5242E0	7.4160E5	
336	-7.5798E-1	8.6844E1	3.5178E0	7.4382E5	
337	-7.5562E-1	9.0354E1	3.5114E0	7.4604E5	
338	-7.5684E-1	8.8543E1	3.5051E0	7.4826E5	
339	-7.5768E-1	8.7297E1	3.4987E0	7.5048E5	
340	-7.5531E-1	9.0807E1	3.4924E0	7.5270E5	
341	-7.5592E-1	8.9901E1	3.4859E0	7.5492E5	
342	-7.5623E-1	8.9448E1	3.4795E0	7.5714E5	
343	-7.5508E-1	9.1147E1	3.4731E0	7.5936E5	
344	-7.5768E-1	8.7297E1	3.4667E0	7.6158E5	
345	-7.5287E-1	9.4430E1	3.4603E0	7.6380E5	
346	-7.5508E-1	9.1147E1	3.4539E0	7.6602E5	
347	-7.5386E-1	9.2958E1	3.4475E0	7.6824E5	
348	-7.5394E-1	9.2845E1	3.4411E0	7.7046E5	
349	-7.5356E-1	9.3411E1	3.4346E0	7.7268E5	
350	-7.5356E-1	9.3411E1	3.4283E0	7.7490E5	
351	-7.5462E-1	9.1826E1	3.4217E0	7.7712E5	
352	-7.5630E-1	8.9335E1	3.4154E0	7.7934E5	
353	-7.5386E-1	9.2958E1	3.4089E0	7.8156E5	
354	-7.5356E-1	9.3411E1	3.4026E0	7.8378E5	
355	-7.5401E-1	9.2732E1	3.3960E0	7.8600E5	
356	-7.5165E-1	9.6242E1	3.3897E0	7.8822E5	
357	-7.5287E-1	9.4430E1	3.3832E0	7.9044E5	
358	-7.5348E-1	9.3524E1	3.3768E0	7.9266E5	
359	-7.5142E-1	9.6582E1	3.3703E0	7.9488E5	
360	-7.5485E-1	9.1486E1	3.3640E0	7.9710E5	
361	-7.5165E-1	9.6242E1	3.3574E0	7.9932E5	
362	-7.5081E-1	9.7487E1	3.3508E0	8.0154E5	
363	-7.4883E-1	1.0043E2	3.3445E0	8.0376E5	
364	-7.5127E-1	9.6808E1	3.3381E0	8.0598E5	
365	-7.5073E-1	9.7601E1	3.3316E0	8.0820E5	
366	-7.5073E-1	9.7601E1	3.3251E0	8.1042E5	
367	-7.5005E-1	9.8620E1	3.3186E0	8.1264E5	
368	-7.5096E-1	9.7261E1	3.3121E0	8.1486E5	
369	-7.5012E-1	9.8506E1	3.3056E0	8.1708E5	
370	-7.4959E-1	9.9299E1	3.2991E0	8.1930E5	
371	-7.4646E-1	1.0394E2	3.2926E0	8.2152E5	
372	-7.4974E-1	9.9073E1	3.2861E0	8.2374E5	
373	-7.4608E-1	1.0451E2	3.2797E0	8.2596E5	
374	-7.4821E-1	1.0134E2	3.2731E0	8.2818E5	
375	-7.4821E-1	1.0134E2	3.2666E0	8.3040E5	
376	-7.4890E-1	1.0032E2	3.2601E0	8.3262E5	
377	-7.4753E-1	1.0236E2	3.2536E0	8.3484E5	
378	-7.4509E-1	1.0598E2	3.2471E0	8.3706E5	
379	-7.4486E-1	1.0632E2	3.2406E0	8.3928E5	
380	-7.4722E-1	1.0281E2	3.2341E0	8.4150E5	
381	-7.4577E-1	1.0496E2	3.2276E0	8.4372E5	
382	-7.4646E-1	1.0394E2	3.2210E0	8.4594E5	
383	-7.4608E-1	1.0451E2	3.2145E0	8.4816E5	
384	-7.4509E-1	1.0598E2	3.2080E0	8.5038E5	
385	-7.4585E-1	1.0485E2	3.2014E0	8.5260E5	
386	-7.4608E-1	1.0451E2	3.1948E0	8.5482E5	
387	-7.4387E-1	1.0779E2	3.1883E0	8.5704E5	
388	-7.4455E-1	1.0677E2	3.1819E0	8.5926E5	
389	-7.4486E-1	1.0632E2	3.1752E0	8.6148E5	
390	-7.4318E-1	1.0881E2	3.1687E0	8.6370E5	
391	-7.4493E-1	1.0621E2	3.1622E0	8.6592E5	
392	-7.4318E-1	1.0881E2	3.1556E0	8.6814E5	
393	-7.4524E-1	1.0575E2	3.1490E0	8.7036E5	
394	-7.4409E-1	1.0745E2	3.1424E0	8.7258E5	
395	-7.4295E-1	1.0915E2	3.1359E0	8.7480E5	
396	-7.4142E-1	1.1141E2	3.1294E0	8.7702E5	
397	-7.4287E-1	1.0926E2	3.1228E0	8.7924E5	
398	-7.4234E-1	1.1006E2	3.1162E0	8.8146E5	
399	-7.4409E-1	1.0745E2	3.1097E0	8.8368E5	
400	-7.4440E-1	1.0700E2	3.1031E0	8.8590E5	
401	-7.4135E-1	1.1153E2	3.0964E0	8.8812E5	
402	-7.4097E-1	1.1209E2	3.0898E0	8.9034E5	
403	-7.4219E-1	1.1028E2	3.0832E0	8.9256E5	
404	-7.4173E-1	1.1096E2	3.0767E0	8.9478E5	
405	-7.4120E-1	1.1175E2	3.0701E0	8.9700E5	
406	-7.4379E-1	1.0790E2	3.0635E0	8.9922E5	
407	-7.4417E-1	1.0734E2	3.0569E0	9.0144E5	
408	-7.4249E-1	1.0983E2	3.0503E0	9.0366E5	
409	-7.4181E-1	1.1085E2	3.0437E0	9.0588E5	
410	-7.4318E-1	1.0881E2	3.0371E0	9.0810E5	
411	-7.3997E-1	1.1357E2	3.0304E0	9.1032E5	
412	-7.3959E-1	1.1413E2	3.0238E0	9.1254E5	
413	-7.3997E-1	1.1357E2	3.0171E0	9.1476E5	
414	-7.4158E-1	1.1119E2	3.0105E0	9.1698E5	
415	-7.3936E-1	1.1447E2	3.0039E0	9.1920E5	
416	-7.3997E-1	1.1357E2	2.9974E0	9.2142E5	
417	-7.3662E-1	1.1855E2	2.9906E0	9.2364E5	
418	-7.3944E-1	1.1436E2	2.9839E0	9.2586E5	
419	-7.4013E-1	1.1334E2	2.9774E0	9.2808E5	
420	-7.4135E-1	1.1153E2	2.9710E0	9.3030E5	
421	-7.4036E-1	1.1300E2	2.9642E0	9.3252E5	
422	-7.3814E-1	1.1628E2	2.9575E0	9.3474E5	
423	-7.3769E-1	1.1696E2	2.9508E0	9.3696E5	
424	-7.3944E-1	1.1436E2	2.9441E0	9.3918E5	
425	-7.3906E-1	1.1492E2	2.9375E0	9.4140E5	
426	-7.3830E-1	1.1606E2	2.9309E0	9.4362E5	
427	-7.3723E-1	1.1764E2	2.9242E0	9.4584E5	
428	-7.3830E-1	1.1606E2	2.9176E0	9.4806E5	
429	-7.3662E-1	1.1855E2	2.9109E0	9.5028E5	
430	-7.3837E-1	1.1594E2	2.9042E0	9.5250E5	
431	-7.3563E-1	1.2002E2	2.8975E0	9.5472E5	
432	-7.3883E-1	1.1526E2	2.8908E0	9.5694E5	
433	-7.3669E-1	1.1843E2	2.8843E0	9.5916E5	
434	-7.3479E-1	1.2126E2	2.8775E0	9.6138E5	
435	-7.3593E-1	1.1957E2	2.8708E0	9.6360E5	
436	-7.3402E-1	1.2240E2	2.8641E0	9.6582E5	
437	-7.3547E-1	1.2025E2	2.8575E0	9.6804E5	
438	-7.3769E-1	1.1696E2	2.8507E0	9.7026E5	
439	-7.3563E-1	1.2002E2	2.8441E0	9.7248E5	
440	-7.3433E-1	1.2194E2	2.8373E0	9.7470E5	
441	-7.3540E-1	1.2036E2	2.8306E0	9.7692E5	
442	-7.3486E-1	1.2115E2	2.8239E0	9.7914E5	
443	-7.3410E-1	1.2228E2	2.8172E0	9.8136E5	
444	-7.3380E-1	1.2274E2	2.8105E0	9.8358E5	
445	-7.3181E-1	1.2568E2	2.8038E0	9.8580E5	
446	-7.3174E-1	1.2579E2	2.7971E0	9.8802E5	
447	-7.3380E-1	1.2274E2	2.7904E0	9.9024E5	
448	-7.3273E-1	1.2432E2	2.7836E0	9.9246E5	
449	-7.3196E-1	1.2545E2	2.7769E0	9.9468E5	
450	-7.3112E-1	1.2670E2	2.7702E0	9.9690E5	
451	-7.3181E-1	1.2568E2	2.7634E0	9.9912E5	
452	-7.3059E-1	1.2749E2	2.7567E0	1.0013E6	
453	-7.2998E-1	1.2840E2	2.7500E0	1.0036E6	
454	-7.3128E-1	1.2647E2	2.7433E0	1.0058E6	
455	-7.3174E-1	1.2579E2	2.7365E0	1.0080E6	
456	-7.2945E-1	1.2919E2	2.7298E0	1.0102E6	
457	-7.2983E-1	1.2862E2	2.7230E0	1.0124E6	
458	-7.3074E-1	1.2727E2	2.7164E0	1.0147E6	
459	-7.2762E-1	1.3191E2	2.7095E0	1.0169E6	
460	-7.2990E-1	1.2851E2	2.7028E0	1.0191E6	
461	-7.2853E-1	1.3055E2	2.6960E0	1.0213E6	
462	-7.2884E-1	1.3010E2	2.6893E0	1.0235E6	
463	-7.2639E-1	1.3372E2	2.6825E0	1.0258E6	
464	-7.2563E-1	1.3485E2	2.6759E0	1.0280E6	
465	-7.2960E-1	1.2896E2	2.6690E0	1.0302E6	
466	-7.2731E-1	1.3236E2	2.6623E0	1.0324E6	
467	-7.3090E-1	1.2704E2	2.6555E0	1.0346E6	
468	-7.2639E-1	1.3372E2	2.6487E0	1.0369E6	
469	-7.2838E-1	1.3078E2	2.6419E0	1.0391E6	
470	-7.2716E-1	1.3259E2	2.6351E0	1.0413E6	
471	-7.2639E-1	1.3372E2	2.6284E0	1.0435E6	
472	-7.2723E-1	1.3247E2	2.6216E0	1.0457E6	
473	-7.2800E-1	1.3134E2	2.6148E0	1.0480E6	
474	-7.2716E-1	1.3259E2	2.6080E0	1.0502E6	
475	-7.2624E-1	1.3395E2	2.6011E0	1.0524E6	
476	-7.2800E-1	1.3134E2	2.5945E0	1.0546E6	
477	-7.2693E-1	1.3293E2	2.5875E0	1.0568E6	
478	-7.2968E-1	1.2885E2	2.5809E0	1.0591E6	
479	-7.2769E-1	1.3179E2	2.5740E0	1.0613E6	
480	-7.2655E-1	1.3349E2	2.5673E0	1.0635E6	
481	-7.2792E-1	1.3146E2	2.5603E0	1.0657E6	
482	-7.2708E-1	1.3270E2	2.5536E0	1.0679E6	
483	-7.2449E-1	1.3655E2	2.5468E0	1.0702E6	
484	-7.2594E-1	1.3440E2	2.5399E0	1.0724E6	
485	-7.2578E-1	1.3463E2	2.5331E0	1.0746E6	
486	-7.2365E-1	1.3780E2	2.5263E0	1.0768E6	
487	-7.2441E-1	1.3666E2	2.5194E0	1.0790E6	
488	-7.2464E-1	1.3632E2	2.5127E0	1.0813E6	
489	-7.2357E-1	1.3791E2	2.5060E0	1.0835E6	
490	-7.2823E-1	1.3100E2	2.4990E0	1.0857E6	
491	-7.2449E-1	1.3655E2	2.4922E0	1.0879E6	
492	-7.2464E-1	1.3632E2	2.4854E0	1.0901E6	
493	-7.2411E-1	1.3712E2	2.4785E0	1.0924E6	
494	-7.2281E-1	1.3904E2	2.4717E0	1.0946E6	
495	-7.2395E-1	1.3734E2	2.4648E0	1.0968E6	
496	-7.2205E-1	1.4017E2	2.4580E0	1.0990E6	
497	-7.2121E-1	1.4142E2	2.4511E0	1.1012E6	
498	-7.2289E-1	1.3893E2	2.4443E0	1.1035E6	
499	-7.2044E-1	1.4255E2	2.4374E0	1.1057E6	
500	-7.2273E-1	1.3915E2	2.4306E0	1.1079E6	
501	-7.1899E-1	1.4470E2	2.4237E0	1.1101E6	
502	-7.1892E-1	1.4482E2	2.4170E0	1.1123E6	
503	-7.1915E-1	1.4448E2	2.4101E0	1.1146E6	
504	-7.2006E-1	1.4312E2	2.4032E0	1.1168E6	
505	-7.1915E-1	1.4448E2	2.3964E0	1.1190E6	
506	-7.1800E-1	1.4617E2	2.3894E0	1.1212E6	
507	-7.1976E-1	1.4357E2	2.3826E0	1.1234E6	
508	-7.1945E-1	1.4402E2	2.3757E0	1.1257E6	
509	-7.1892E-1	1.4482E2	2.3688E0	1.1279E6	
510	-7.1716E-1	1.4742E2	2.3620E0	1.1301E6	
511	-7.1709E-1	1.4753E2	2.3551E0	1.1323E6	
512	-7.1709E-1	1.4753E2	2.3483E0	1.1345E6	
513	-7.1831E-1	1.4572E2	2.3414E0	1.1368E6	
514	-7.1411E-1	1.5195E2	2.3345E0	1.1390E6	
515	-7.1922E-1	1.4436E2	2.3276E0	1.1412E6	
516	-7.1762E-1	1.4674E2	2.3206E0	1.1434E6	
517	-7.1808E-1	1.4606E2	2.3138E0	1.1456E6	
518	-7.1800E-1	1.4617E2	2.3069E0	1.1479E6	
519	-7.1770E-1	1.4663E2	2.3000E0	1.1501E6	
520	-7.1426E-1	1.5172E2	2.2931E0	1.1523E6	
521	-7.1602E-1	1.4912E2	2.2862E0	1.1545E6	
522	-7.1411E-1	1.5195E2	2.2793E0	1.1567E6	
523	-7.1312E-1	1.5342E2	2.2724E0	1.1590E6	
524	-7.1533E-1	1.5014E2	2.2655E0	1.1612E6	
525	-7.1304E-1	1.5353E2	2.2587E0	1.1634E6	
526	-7.1556E-1	1.4980E2	2.2516E0	1.1656E6	
527	-7.1548E-1	1.4991E2	2.2448E0	1.1678E6	
528	-7.1648E-1	1.4844E2	2.2379E0	1.1701E6	
529	-7.1632E-1	1.4867E2	2.2310E0	1.1723E6	
530	-7.1457E-1	1.5127E2	2.2240E0	1.1745E6	
531	-7.1381E-1	1.5240E2	2.2171E0	1.1767E6	
532	-7.1335E-1	1.5308E2	2.2102E0	1.1789E6	
533	-7.1220E-1	1.5478E2	2.2033E0	1.1812E6	
534	-7.1472E-1	1.5104E2	2.1963E0	1.1834E6	
535	-7.1266E-1	1.5410E2	2.1895E0	1.1856E6	
536	-7.1327E-1	1.5319E2	2.1825E0	1.1878E6	
537	-7.1274E-1	1.5399E2	2.1756E0	1.1900E6	
538	-7.1312E-1	1.5342E2	2.1687E0	1.1923E6	
539	-7.1335E-1	1.5308E2	2.1617E0	1.1945E6	
540	-7.1449E-1	1.5138E2	2.1546E0	1.1967E6	
541	-7.1266E-1	1.5410E2	2.1479E0	1.1989E6	
542	-7.1266E-1	1.5410E2	2.1408E0	1.2011E6	
543	-7.1373E-1	1.5252E2	2.1339E0	1.2034E6	
544	-7.1114E-1	1.5636E2	2.1270E0	1.2056E6	
545	-7.1381E-1	1.5240E2	2.1200E0	1.2078E6	
546	-7.1327E-1	1.5319E2	2.1131E0	1.2100E6	
547	-7.1373E-1	1.5252E2	2.1062E0	1.2122E6	
548	-7.1236E-1	1.5455E2	2.0992E0	1.2145E6	
549	-7.1083E-1	1.5682E2	2.0921E0	1.2167E6	
550	-7.1205E-1	1.5501E2	2.0852E0	1.2189E6	
551	-7.0824E-1	1.6067E2	2.0783E0	1.2211E6	
552	-7.1220E-1	1.5478E2	2.0714E0	1.2233E6	
553	-7.0969E-1	1.5852E2	2.0643E0	1.2256E6	
554	-7.1114E-1	1.5636E2	2.0574E0	1.2278E6	
555	-7.0847E-1	1.6033E2	2.0504E0	1.2300E6	
556	-7.1136E-1	1.5603E2	2.0434E0	1.2322E6	
557	-7.0984E-1	1.5829E2	2.0364E0	1.2344E6	
558	-7.0969E-1	1.5852E2	2.0294E0	1.2367E6	
559	-7.1098E-1	1.5659E2	2.0226E0	1.2389E6	
560	-7.0930E-1	1.5908E2	2.0155E0	1.2411E6	
561	-7.1106E-1	1.5648E2	2.0086E0	1.2433E6	
562	-7.0755E-1	1.6169E2	2.0016E0	1.2455E6	
563	-7.0862E-1	1.6010E2	1.9946E0	1.2478E6	
564	-7.0625E-1	1.6361E2	1.9876E0	1.2500E6	
565	-7.1068E-1	1.5704E2	1.9806E0	1.2522E6	
566	-7.0778E-1	1.6135E2	1.9736E0	1.2544E6	
567	-7.0786E-1	1.6123E2	1.9667E0	1.2566E6	
568	-7.0396E-1	1.6701E2	1.9596E0	1.2589E6	
569	-7.0633E-1	1.6350E2	1.9526E0	1.2611E6	
570	-7.0663E-1	1.6305E2	1.9456E0	1.2633E6	
571	-7.0686E-1	1.6271E2	1.9387E0	1.2655E6	
572	-7.0763E-1	1.6157E2	1.9317E0	1.2677E6	
573	-7.0267E-1	1.6893E2	1.9247E0	1.2700E6	
574	-7.0602E-1	1.6395E2	1.9176E0	1.2722E6	
575	-7.0518E-1	1.6520E2	1.9107E0	1.2744E6	
576	-7.0328E-1	1.6803E2	1.9037E0	1.2766E6	
577	-7.0229E-1	1.6950E2	1.8966E0	1.2788E6	
578	-7.0236E-1	1.6939E2	1.8897E0	1.2811E6	
579	-7.0145E-1	1.7074E2	1.8828E0	1.2833E6	
580	-7.0190E-1	1.7007E2	1.8756E0	1.2855E6	
581	-7.0045E-1	1.7222E2	1.8686E0	1.2877E6	
582	-7.0312E-1	1.6825E2	1.8616E0	1.2899E6	
583	-7.0015E-1	1.7267E2	1.8546E0	1.2922E6	
584	-7.0290E-1	1.6859E2	1.8476E0	1.2944E6	
585	-7.0221E-1	1.6961E2	1.8406E0	1.2966E6	
586	-7.0122E-1	1.7108E2	1.8336E0	1.2988E6	
587	-7.0053E-1	1.7210E2	1.8265E0	1.3010E6	
588	-7.0107E-1	1.7131E2	1.8195E0	1.3033E6	
589	-7.0053E-1	1.7210E2	1.8125E0	1.3055E6	
590	-6.9946E-1	1.7369E2	1.8054E0	1.3077E6	
591	-6.9847E-1	1.7516E2	1.7984E0	1.3099E6	
592	-6.9992E-1	1.7301E2	1.7914E0	1.3121E6	
593	-6.9954E-1	1.7358E2	1.7842E0	1.3144E6	
594	-6.9870E-1	1.7482E2	1.7773E0	1.3166E6	
595	-6.9962E-1	1.7346E2	1.7702E0	1.3188E6	
596	-6.9733E-1	1.7686E2	1.7633E0	1.3210E6	
597	-6.9916E-1	1.7414E2	1.7562E0	1.3232E6	
598	-6.9954E-1	1.7358E2	1.7491E0	1.3255E6	
599	-7.0045E-1	1.7222E2	1.7421E0	1.3277E6	
600	-7.0168E-1	1.7040E2	1.7351E0	1.3299E6	
601	-6.9717E-1	1.7709E2	1.7280E0	1.3321E6	
602	-6.9916E-1	1.7414E2	1.7210E0	1.3343E6	
603	-6.9946E-1	1.7369E2	1.7139E0	1.3366E6	
604	-6.9717E-1	1.7709E2	1.7069E0	1.3388E6	
605	-7.0190E-1	1.7007E2	1.6998E0	1.3410E6	
606	-6.9817E-1	1.7561E2	1.6928E0	1.3432E6	
607	-6.9824E-1	1.7550E2	1.6858E0	1.3454E6	
608	-6.9916E-1	1.7414E2	1.6788E0	1.3477E6	
609	-6.9717E-1	1.7709E2	1.6717E0	1.3499E6	
610	-6.9778E-1	1.7618E2	1.6646E0	1.3521E6	
611	-6.9817E-1	1.7561E2	1.6575E0	1.3543E6	
612	-6.9916E-1	1.7414E2	1.6505E0	1.3565E6	
613	-6.9687E-1	1.7754E2	1.6434E0	1.3588E6	
614	-6.9740E-1	1.7675E2	1.6364E0	1.3610E6	
615	-6.9664E-1	1.7788E2	1.6292E0	1.3632E6	
616	-6.9656E-1	1.7799E2	1.6221E0	1.3654E6	
617	-6.9473E-1	1.8071E2	1.6152E0	1.3676E6	
618	-6.9901E-1	1.7437E2	1.6080E0	1.3699E6	
619	-6.9473E-1	1.8071E2	1.6011E0	1.3721E6	
620	-6.9534E-1	1.7980E2	1.5940E0	1.3743E6	
621	-6.9633E-1	1.7833E2	1.5868E0	1.3765E6	
622	-6.9618E-1	1.7856E2	1.5798E0	1.3787E6	
623	-6.9489E-1	1.8048E2	1.5728E0	1.3810E6	
624	-6.9611E-1	1.7867E2	1.5657E0	1.3832E6	
625	-6.9382E-1	1.8207E2	1.5586E0	1.3854E6	
626	-6.9511E-1	1.8014E2	1.5515E0	1.3876E6	
627	-6.9305E-1	1.8320E2	1.5444E0	1.3898E6	
628	-6.9412E-1	1.8161E2	1.5374E0	1.3921E6	
629	-6.9122E-1	1.8592E2	1.5303E0	1.3943E6	
630	-6.9351E-1	1.8252E2	1.5233E0	1.3965E6	
631	-6.9237E-1	1.8422E2	1.5161E0	1.3987E6	
632	-6.9206E-1	1.8467E2	1.5091E0	1.4009E6	
633	-6.9153E-1	1.8546E2	1.5020E0	1.4032E6	
634	-6.9298E-1	1.8331E2	1.4949E0	1.4054E6	
635	-6.8916E-1	1.8897E2	1.4878E0	1.4076E6	
636	-6.9397E-1	1.8184E2	1.4808E0	1.4098E6	
637	-6.9191E-1	1.8490E2	1.4738E0	1.4120E6	
638	-6.8932E-1	1.8875E2	1.4666E0	1.4143E6	
639	-6.9046E-1	1.8705E2	1.4595E0	1.4165E6	
640	-6.9000E-1	1.8773E2	1.4524E0	1.4187E6	
641	-6.8962E-1	1.8829E2	1.4454E0	1.4209E6	
642	-6.8832E-1	1.9022E2	1.4383E0	1.4231E6	
643	-6.8756E-1	1.9135E2	1.4312E0	1.4254E6	
644	-6.8695E-1	1.9226E2	1.4240E0	1.4276E6	
645	-6.9130E-1	1.8580E2	1.4169E0	1.4298E6	
646	-6.8756E-1	1.9135E2	1.4099E0	1.4320E6	
647	-6.8504E-1	1.9509E2	1.4028E0	1.4342E6	
648	-6.8840E-1	1.9011E2	1.3957E0	1.4365E6	
649	-6.8535E-1	1.9464E2	1.3887E0	1.4387E6	
650	-6.8756E-1	1.9135E2	1.3815E0	1.4409E6	
651	-6.8718E-1	1.9192E2	1.3745E0	1.4431E6	
652	-6.8810E-1	1.9056E2	1.3675E0	1.4453E6	
653	-6.8550E-1	1.9441E2	1.3604E0	1.4476E6	
654	-6.8825E-1	1.9033E2	1.3533E0	1.4498E6	
655	-6.8871E-1	1.8965E2	1.3461E0	1.4520E6	
656	-6.8466E-1	1.9565E2	1.3390E0	1.4542E6	
657	-6.8405E-1	1.9656E2	1.3319E0	1.4564E6	
658	-6.8390E-1	1.9679E2	1.3248E0	1.4587E6	
659	-6.8565E-1	1.9418E2	1.3177E0	1.4609E6	
660	-6.8398E-1	1.9667E2	1.3106E0	1.4631E6	
661	-6.8596E-1	1.9373E2	1.3034E0	1.4653E6	
662	-6.8741E-1	1.9158E2	1.2965E0	1.4675E6	
663	-6.8466E-1	1.9565E2	1.2893E0	1.4698E6	
664	-6.8588E-1	1.9384E2	1.2822E0	1.4720E6	
665	-6.8581E-1	1.9396E2	1.2751E0	1.4742E6	
666	-6.8443E-1	1.9599E2	1.2681E0	1.4764E6	
667	-6.8504E-1	1.9509E2	1.2609E0	1.4786E6	
668	-6.8245E-1	1.9894E2	1.2538E0	1.4809E6	
669	-6.8451E-1	1.9588E2	1.2467E0	1.4831E6	
670	-6.8375E-1	1.9701E2	1.2396E0	1.4853E6	
671	-6.8733E-1	1.9169E2	1.2325E0	1.4875E6	
672	-6.8245E-1	1.9894E2	1.2254E0	1.4897E6	
673	-6.8413E-1	1.9645E2	1.2183E0	1.4920E6	
674	-6.8474E-1	1.9554E2	1.2112E0	1.4942E6	
675	-6.8489E-1	1.9531E2	1.2040E0	1.4964E6	
676	-6.8321E-1	1.9781E2	1.1969E0	1.4986E6	
677	-6.8306E-1	1.9803E2	1.1899E0	1.5008E6	
678	-6.8108E-1	2.0098E2	1.1827E0	1.5031E6	
679	-6.8359E-1	1.9724E2	1.1757E0	1.5053E6	
680	-6.8108E-1	2.0098E2	1.1686E0	1.5075E6	
681	-6.8298E-1	1.9815E2	1.1614E0	1.5097E6	
682	-6.8443E-1	1.9599E2	1.1544E0	1.5119E6	
683	-6.8214E-1	1.9939E2	1.1472E0	1.5142E6	
684	-6.8031E-1	2.0211E2	1.1401E0	1.5164E6	
685	-7.2533E-1	1.3530E2	1.1330E0	1.5186E6	
686	-7.2174E-1	1.4063E2	1.1259E0	1.5208E6	
687	-7.1976E-1	1.4357E2	1.1187E0	1.5230E6	
688	-7.1640E-1	1.4855E2	1.1117E0	1.5253E6	
689	-7.1259E-1	1.5421E2	1.1046E0	1.5275E6	
690	-7.0694E-1	1.6259E2	1.0974E0	1.5297E6	
691	-7.0091E-1	1.7154E2	1.0904E0	1.5319E6	
692	-6.9504E-1	1.8026E2	1.0832E0	1.5341E6	
693	-6.9031E-1	1.8728E2	1.0760E0	1.5364E6	
694	-6.8718E-1	1.9192E2	1.0689E0	1.5386E6	
695	-6.8108E-1	2.0098E2	1.0619E0	1.5408E6	
696	-6.7696E-1	2.0709E2	1.0548E0	1.5430E6	
697	-6.7406E-1	2.1139E2	1.0476E0	1.5452E6	
698	-6.6628E-1	2.2294E2	1.0405E0	1.5475E6	
699	-6.6063E-1	2.3132E2	1.0334E0	1.5497E6	
700	-6.5659E-1	2.3732E2	1.0263E0	1.5519E6	
701	-6.5361E-1	2.4174E2	1.0191E0	1.5541E6	
702	-6.4812E-1	2.4989E2	1.0120E0	1.5563E6	
703	-6.4751E-1	2.5080E2	1.0048E0	1.5586E6	
704	-6.4552E-1	2.5374E2	9.9775E-1	1.5608E6	
705	-6.4026E-1	2.6155E2	9.9055E-1	1.5630E6	
706	-6.3911E-1	2.6325E2	9.8346E-1	1.5652E6	
707	-6.3141E-1	2.7469E2	9.7631E-1	1.5674E6	
708	-6.3324E-1	2.7197E2	9.6924E-1	1.5697E6	
709	-6.2279E-1	2.8748E2	9.6199E-1	1.5719E6	
710	-6.2561E-1	2.8329E2	9.5502E-1	1.5741E6	
711	-6.1790E-1	2.9473E2	9.4790E-1	1.5763E6	
712	-6.1600E-1	2.9756E2	9.4083E-1	1.5785E6	
713	-6.1371E-1	3.0095E2	9.3366E-1	1.5808E6	
714	-6.0852E-1	3.0865E2	9.2649E-1	1.5830E6	
715	-6.1165E-1	3.0401E2	9.1928E-1	1.5852E6	
716	-6.0287E-1	3.1703E2	9.1211E-1	1.5874E6	
717	-5.9776E-1	3.2462E2	9.0511E-1	1.5896E6	
718	-5.8884E-1	3.3787E2	8.9795E-1	1.5919E6	
719	-5.8571E-1	3.4251E2	8.9086E-1	1.5941E6	
720	-5.8304E-1	3.4647E2	8.8371E-1	1.5963E6	
721	-5.7251E-1	3.6210E2	8.7661E-1	1.5985E6	
722	-5.6953E-1	3.6651E2	8.6945E-1	1.6007E6	
723	-5.6725E-1	3.6991E2	8.6233E-1	1.6030E6	
724	-5.6168E-1	3.7817E2	8.5524E-1	1.6052E6	
725	-5.5649E-1	3.8587E2	8.4809E-1	1.6074E6	
726	-5.5191E-1	3.9267E2	8.4083E-1	1.6096E6	
727	-5.4771E-1	3.9889E2	8.3377E-1	1.6118E6	
728	-5.4207E-1	4.0727E2	8.2670E-1	1.6141E6	
729	-5.3726E-1	4.1441E2	8.1953E-1	1.6163E6	
730	-5.3612E-1	4.1610E2	8.1241E-1	1.6185E6	
731	-5.2849E-1	4.2743E2	8.0532E-1	1.6207E6	
732	-5.2689E-1	4.2980E2	7.9819E-1	1.6229E6	
733	-5.1643E-1	4.4532E2	7.9102E-1	1.6252E6	
734	-5.1498E-1	4.4747E2	7.8392E-1	1.6274E6	
735	-5.0621E-1	4.6049E2	7.7678E-1	1.6296E6	
736	-4.9896E-1	4.7125E2	7.6966E-1	1.6318E6	
737	-4.9271E-1	4.8053E2	7.6264E-1	1.6340E6	
738	-4.9164E-1	4.8212E2	7.5541E-1	1.6363E6	
739	-4.8157E-1	4.9706E2	7.4831E-1	1.6385E6	
740	-4.8035E-1	4.9887E2	7.4120E-1	1.6407E6	
741	-4.7691E-1	5.0397E2	7.3409E-1	1.6429E6	
742	-4.7119E-1	5.1246E2	7.2701E-1	1.6451E6	
743	-4.6219E-1	5.2582E2	7.1985E-1	1.6474E6	
744	-4.5616E-1	5.3477E2	7.1273E-1	1.6496E6	
745	-4.5135E-1	5.4190E2	7.0565E-1	1.6518E6	
746	-4.4464E-1	5.5186E2	6.9843E-1	1.6540E6	
747	-4.3396E-1	5.6771E2	6.9144E-1	1.6562E6	
748	-4.3320E-1	5.6885E2	6.8428E-1	1.6585E6	
749	-4.2366E-1	5.8300E2	6.7722E-1	1.6607E6	
750	-4.1687E-1	5.9308E2	6.7002E-1	1.6629E6	
751	-4.1245E-1	5.9964E2	6.6303E-1	1.6651E6	
752	-4.0573E-1	6.0961E2	6.5585E-1	1.6673E6	
753	-3.9368E-1	6.2750E2	6.4867E-1	1.6696E6	
754	-3.9185E-1	6.3021E2	6.4171E-1	1.6718E6	
755	-3.8368E-1	6.4233E2	6.3459E-1	1.6740E6	
756	-3.8086E-1	6.4652E2	6.2748E-1	1.6762E6	
757	-3.6987E-1	6.6282E2	6.2040E-1	1.6784E6	
758	-3.6148E-1	6.7528E2	6.1330E-1	1.6807E6	
759	-3.5507E-1	6.8479E2	6.0621E-1	1.6829E6	
760	-3.5049E-1	6.9158E2	5.9912E-1	1.6851E6	
761	-3.4409E-1	7.0109E2	5.9198E-1	1.6873E6	
762	-3.4065E-1	7.0619E2	5.8495E-1	1.6895E6	
763	-3.2921E-1	7.2317E2	5.7781E-1	1.6918E6	
764	-3.2524E-1	7.2906E2	5.7083E-1	1.6940E6	
765	-3.1898E-1	7.3835E2	5.6475E-1	1.6959E6	
766	-3.1807E-1	7.3970E2	5.6343E-1	1.6963E6	
767	-3.1700E-1	7.4129E2	5.6227E-1	1.6967E6	
768	-3.1868E-1	7.3880E2	5.6197E-1	1.6967E6	
769	-3.1631E-1	7.4231E2	5.6095E-1	1.6971E6	
770	-3.1631E-1	7.4231E2	5.6095E-1	1.6971E6	
771	-3.1631E-1	7.4231E2	5.6095E-1	1.6971E6	
772	-3.1631E-1	7.4231E2	5.6095E-1	1.6971E6	
773	-3.1631E-1	7.4231E2	5.6095E-1	1.6971E6	
774	-3.1631E-1	7.4231E2	5.6095E-1	1.6971E6	
775	-3.1631E-1	7.4231E2	5.6095E-1	1.6971E6	
776	-3.1631E-1	7.4231E2	5.6095E-1	1.6971E6	
777	-3.1631E-1	7.4231E2	5.6095E-1	1.6971E6	
778	-3.1631E-1	7.4231E2	5.6095E-1	1.6971E6	
779	-3.1631E-1	7.4231E2	5.6095E-1	1.6971E6	
780	-3.1631E-1	7.4231E2	5.6095E-1	1.6971E6	
781	-3.1631E-1	7.4231E2	5.6095E-1	1.6971E6	
782	-3.1631E-1	7.4231E2	5.6095E-1	1.6971E6	
783	-3.1631E-1	7.4231E2	5.6095E-1	1.6971E6	
784	-3.1631E-1	7.4231E2	5.6095E-1	1.6971E6	
785	-3.1631E-1	7.4231E2	5.6095E-1	1.6971E6	
786	-3.1631E-1	7.4231E2	5.6095E-1	1.6971E6	
787	-3.1631E-1	7.4231E2	5.6095E-1	1.6971E6	
788	-3.1631E-1	7.4231E2	5.6095E-1	1.6971E6	
789	-3.1631E-1	7.4231E2	5.6095E-1	1.6971E6	
790	-3.1631E-1	7.4231E2	5.6095E-1	1.6971E6	
791	-3.1631E-1	7.4231E2	5.6095E-1	1.6971E6	
792	-3.1631E-1	7.4231E2	5.6095E-1	1.6971E6	
793	-3.1631E-1	7.4231E2	5.6095E-1	1.6971E6	
794	-3.1631E-1	7.4231E2	5.6095E-1	1.6971E6	
795	-3.1631E-1	7.4231E2	5.6095E-1	1.6971E6	
796	-3.1631E-1	7.4231E2	5.6095E-1	1.6971E6	
797	-3.1631E-1	7.4231E2	5.6095E-1	1.6971E6	
798	-3.1631E-1	7.4231E2	5.6095E-1	1.6971E6	
799	-3.1631E-1	7.4231E2	5.6095E-1	1.6971E6	
800	-3.1631E-1	7.4231E2	5.6095E-1	1.6971E6	
801	-3.1631E-1	7.4231E2	5.6095E-1	1.6971E6	
802	-3.1631E-1	7.4231E2	5.6095E-1	1.6971E6	
803	-3.1631E-1	7.4231E2	5.6095E-1	1.6971E6	
804	-3.1631E-1	7.4231E2	5.6095E-1	1.6971E6	
805	-3.1631E-1	7.4231E2	5.6095E-1	1.6971E6	
806	-3.1631E-1	7.4231E2	5.6095E-1	1.6971E6	
807	-3.1631E-1	7.4231E2	5.6095E-1	1.6971E6	
808	-3.1631E-1	7.4231E2	5.6095E-1	1.6971E6	
809	-3.1631E-1	7.4231E2	5.6095E-1	1.6971E6	
810	-3.1631E-1	7.4231E2	5.6095E-1	1.6971E6	
811	-3.1631E-1	7.4231E2	5.6095E-1	1.6971E6	
812	-3.1631E-1	7.4231E2	5.6095E-1	1.6971E6	
813	-3.1631E-1	7.4231E2	5.6095E-1	1.6971E6	
814	-3.1631E-1	7.4231E2	5.6095E-1	1.6971E6	
815	-3.1631E-1	7.4231E2	5.6095E-1	1.6971E6	
816	-3.1631E-1	7.4231E2	5.6095E-1	1.6971E6	
817	-3.1631E-1	7.4231E2	5.6095E-1	1.6971E6	
818	-3.1631E-1	7.4231E2	5.6095E-1	1.6971E6	
819	-3.1631E-1	7.4231E2	5.6095E-1	1.6971E6	
820	-3.1631E-1	7.4231E2	5.6095E-1	1.6971E6	
821	-3.1631E-1	7.4231E2	5.6095E-1	1.6971E6	
822	-3.1631E-1	7.4231E2	5.6095E-1	1.6971E6	
823	-3.1631E-1	7.4231E2	5.6095E-1	1.6971E6	
824	-3.1631E-1	7.4231E2	5.6095E-1	1.6971E6	
825	-3.1631E-1	7.4231E2	5.6095E-1	1.6971E6	
826	-3.1631E-1	7.4231E2	5.6095E-1	1.6971E6	
827	-3.1631E-1	7.4231E2	5.6095E-1	1.6971E6	
828	-3.1631E-1	7.4231E2	5.6095E-1	1.6971E6	
829	-3.1631E-1	7.4231E2	5.6095E-1	1.6971E6	
830	-3.1631E-1	7.4231E2	5.6095E-1	1.6971E6	
831	-3.1631E-1	7.4231E2	5.6095E-1	1.6971E6	
832	-3.1631E-1	7.4231E2	5.6095E-1	1.6971E6	
833	-3.1631E-1	7.4231E2	5.6095E-1	1.6971E6	
834	-3.1631E-1	7.4231E2	5.6095E-1	1.6971E6	
835	-3.1631E-1	7.4231E2	5.6095E-1	1.6971E6	
836	-3.1631E-1	7.4231E2	5.6095E-1	1.6971E6	
837	-3.1631E-1	7.4231E2	5.6095E-1	1.6971E6	
838	-3.1631E-1	7.4231E2	5.6095E-1	1.6971E6	
839	-3.1631E-1	7.4231E2	5.6095E-1	1.6971E6	
840	-3.1631E-1	7.4231E2	5.6095E-1	1.6971E6	
841	-3.1631E-1	7.4231E2	5.6095E-1	1.6971E6	
842	-3.1631E-1	7.4231E2	5.6095E-1	1.6971E6	
843	-3.1631E-1	7.4231E2	5.6095E-1	1.6971E6	
844	-3.1631E-1	7.4231E2	5.6095E-1	1.6971E6	
845	-3.1631E-1	7.4231E2	5.6095E-1	1.6971E6	
846	-3.1631E-1	7.4231E2	5.6095E-1	1.6971E6	
847	-3.1631E-1	7.4231E2	5.6095E-1	1.6971E6	
848	-3.1631E-1	7.4231E2	5.6095E-1	1.6971E6	
849	-3.1631E-1	7.4231E2	5.6095E-1	1.6971E6	
850	-3.1631E-1	7.4231E2	5.6095E-1	1.6971E6	
851	-3.1631E-1	7.4231E2	5.6095E-1	1.6971E6	
852	-3.1631E-1	7.4231E2	5.6095E-1	1.6971E6	
853	-3.1631E-1	7.4231E2	5.6095E-1	1.6971E6	
854	-3.1631E-1	7.4231E2	5.6095E-1	1.6971E6	
855	-3.1631E-1	7.4231E2	5.6095E-1	1.6971E6	
856	-3.1631E-1	7.4231E2	5.6095E-1	1.6971E6	
857	-3.1631E-1	7.4231E2	5.6095E-1	1.6971E6	
858	-3.1631E-1	7.4231E2	5.6095E-1	1.6971E6	
859	-3.1631E-1	7.4231E2	5.6095E-1	1.6971E6	
860	-3.1631E-1	7.4231E2	5.6095E-1	1.6971E6	
861	-3.1631E-1	7.4231E2	5.6095E-1	1.6971E6	
862	-3.1631E-1	7.4231E2	5.6095E-1	1.6971E6	
863	-3.1631E-1	7.4231E2	5.6095E-1	1.6971E6	
864	-3.1631E-1	7.4231E2	5.6095E-1	1.6971E6	
865	-3.1631E-1	7.4231E2	5.6095E-1	1.6971E6	
866	-3.1631E-1	7.4231E2	5.6095E-1	1.6971E6	
867	-3.1631E-1	7.4231E2	5.6095E-1	1.6971E6	
868	-3.1631E-1	7.4231E2	5.6095E-1	1.6971E6	
869	-3.1631E-1	7.4231E2	5.6095E-1	1.6971E6	
870	-3.1631E-1	7.4231E2	5.6095E-1	1.6971E6	
871	-3.1631E-1	7.4231E2	5.6095E-1	1.6971E6	
872	-3.1631E-1	7.4231E2	5.6095E-1	1.6971E6	
873	-3.1631E-1	7.4231E2	5.6095E-1	1.6971E6	
874	-3.1631E-1	7.4231E2	5.6095E-1	1.6971E6	
875	-3.1631E-1	7.4231E2	5.6095E-1	1.6971E6	
876	-3.1631E-1	7.4231E2	5.6095E-1	1.6971E6	
877	-3.1631E-1	7.4231E2	5.6095E-1	1.6971E6	
878	-3.1631E-1	7.4231E2	5.6095E-1	1.6971E6	
879	-3.1631E-1	7.4231E2	5.6095E-1	1.6971E6	
880	-3.1631E-1	7.4231E2	5.6095E-1	1.6971E6	
881	-3.1631E-1	7.4231E2	5.6095E-1	1.6971E6	
882	-3.1631E-1	7.4231E2	5.6095E-1	1.6971E6	
883	-3.1631E-1	7.4231E2	5.6095E-1	1.6971E6	
884	-3.1631E-1	7.4231E2	5.6095E-1	1.6971E6	
885	-3.1631E-1	7.4231E2	5.6095E-1	1.6971E6	
886	-3.1631E-1	7.4231E2	5.6095E-1	1.6971E6	
887	-3.1631E-1	7.4231E2	5.6095E-1	1.6971E6	
888	-3.1631E-1	7.4231E2	5.6095E-1	1.6971E6	
889	-3.1631E-1	7.4231E2	5.6095E-1	1.6971E6	
890	-3.1631E-1	7.4231E2	5.6095E-1	1.6971E6	
891	-3.1631E-1	7.4231E2	5.6095E-1	1.6971E6	
892	-3.1631E-1	7.4231E2	5.6095E-1	1.6971E6	
893	-3.1631E-1	7.4231E2	5.6095E-1	1.6971E6	
894	-3.1631E-1	7.4231E2	5.6095E-1	1.6971E6	
895	-3.1631E-1	7.4231E2	5.6095E-1	1.6971E6	
896	-3.1631E-1	7.4231E2	5.6095E-1	1.6971E6	
897	-3.1631E-1	7.4231E2	5.6095E-1	1.6971E6	
898	-3.1631E-1	7.4231E2	5.6095E-1	1.6971E6	
899	-3.1631E-1	7.4231E2	5.6095E-1	1.6971E6	
900	-3.1631E-1	7.4231E2	5.6095E-1	1.6971E6	
901	-3.1631E-1	7.4231E2	5.6095E-1	1.6971E6	
902	-3.1631E-1	7.4231E2	5.6095E-1	1.6971E6	
903	-3.1631E-1	7.4231E2	5.6095E-1	1.6971E6	
904	-3.1631E-1	7.4231E2	5.6095E-1	1.6971E6	
905	-3.1631E-1	7.4231E2	5.6095E-1	1.6971E6	
906	-3.1631E-1	7.4231E2	5.6095E-1	1.6971E6	
907	-3.1631E-1	7.4231E2	5.6095E-1	1.6971E6	
908	-3.1631E-1	7.4231E2	5.6095E-1	1.6971E6	
909	-3.1631E-1	7.4231E2	5.6095E-1	1.6971E6	
910	-3.1631E-1	7.4231E2	5.6095E-1	1.6971E6	
911	-3.1631E-1	7.4231E2	5.6095E-1	1.6971E6	
912	-3.1631E-1	7.4231E2	5.6095E-1	1.6971E6	
913	-3.1631E-1	7.4231E2	5.6095E-1	1.6971E6	
914	-3.1631E-1	7.4231E2	5.6095E-1	1.6971E6	
915	-3.1631E-1	7.4231E2	5.6095E-1	1.6971E6	
916	-3.1631E-1	7.4231E2	5.6095E-1	1.6971E6	
917	-3.1631E-1	7.4231E2	5.6095E-1	1.6971E6	
918	-3.1631E-1	7.4231E2	5.6095E-1	1.6971E6	
919	-3.1631E-1	7.4231E2	5.6095E-1	1.6971E6	
920	-3.1631E-1	7.4231E2	5.6095E-1	1.6971E6	
921	-3.1631E-1	7.4231E2	5.6095E-1	1.6971E6	
922	-3.1631E-1	7.4231E2	5.6095E-1	1.6971E6	
923	-3.1631E-1	7.4231E2	5.6095E-1	1.6971E6	
924	-3.1631E-1	7.4231E2	5.6095E-1	1.6971E6	
925	-3.1631E-1	7.4231E2	5.6095E-1	1.6971E6	
926	-3.1631E-1	7.4231E2	5.6095E-1	1.6971E6	
927	-3.1631E-1	7.4231E2	5.6095E-1	1.6971E6	
928	-3.1631E-1	7.4231E2	5.6095E-1	1.6971E6	
929	-3.1631E-1	7.4231E2	5.6095E-1	1.6971E6	
930	-3.1631E-1	7.4231E2	5.6095E-1	1.6971E6	
931	-3.1631E-1	7.4231E2	5.6095E-1	1.6971E6	
932	-3.1631E-1	7.4231E2	5.6095E-1	1.6971E6	
933	-3.1631E-1	7.4231E2	5.6095E-1	1.6971E6	
934	-3.1631E-1	7.4231E2	5.6095E-1	1.6971E6	
935	-3.1631E-1	7.4231E2	5.6095E-1	1.6971E6	
936	-3.1631E-1	7.4231E2	5.6095E-1	1.6971E6	
937	-3.1631E-1	7.4231E2	5.6095E-1	1.6971E6	
938	-3.1631E-1	7.4231E2	5.6095E-1	1.6971E6	
939	-3.1631E-1	7.4231E2	5.6095E-1	1.6971E6	
940	-3.1631E-1	7.4231E2	5.6095E-1	1.6971E6	
941	-3.1631E-1	7.4231E2	5.6095E-1	1.6971E6	
942	-3.1631E-1	7.4231E2	5.6095E-1	1.6971E6	
943	-3.1631E-1	7.4231E2	5.6095E-1	1.6971E6	
944	-3.1631E-1	7.4231E2	5.6095E-1	1.6971E6	
945	-3.1631E-1	7.4231E2	5.6095E-1	1.6971E6	
946	-3.1631E-1	7.4231E2	5.6095E-1	1.6971E6	
947	-3.1631E-1	7.4231E2	5.6095E-1	1.6971E6	
948	-3.1631E-1	7.4231E2	5.6095E-1	1.6971E6	
949	-3.1631E-1	7.4231E2	5.6095E-1	1.6971E6	
950	-3.1631E-1	7.4231E2	5.6095E-1	1.6971E6	
951	-3.1631E-1	7.4231E2	5.6095E-1	1.6971E6	
952	-3.1631E-1	7.4231E2	5.6095E-1	1.6971E6	
953	-3.1631E-1	7.4231E2	5.6095E-1	1.6971E6	
954	-3.1631E-1	7.4231E2	5.6095E-1	1.6971E6	
955	-3.1631E-1	7.4231E2	5.6095E-1	1.6971E6	
956	-3.1631E-1	7.4231E2	5.6095E-1	1.6971E6	
957	-3.1631E-1	7.4231E2	5.6095E-1	1.6971E6	
958	-3.1631E-1	7.4231E2	5.6095E-1	1.6971E6	
959	-3.1631E-1	7.4231E2	5.6095E-1	1.6971E6	
960	-3.1631E-1	7.4231E2	5.6095E-1	1.6971E6	
961	-3.1631E-1	7.4231E2	5.6095E-1	1.6971E6	
962	-3.1631E-1	7.4231E2	5.6095E-1	1.6971E6	
963	-3.1631E-1	7.4231E2	5.6095E-1	1.6971E6	
964	-3.1631E-1	7.4231E2	5.6095E-1	1.6971E6	
965	-3.1631E-1	7.4231E2	5.6095E-1	1.6971E6	
966	-3.1631E-1	7.4231E2	5.6095E-1	1.6971E6	
967	-3.1631E-1	7.4231E2	5.6095E-1	1.6971E6	
968	-3.1631E-1	7.4231E2	5.6095E-1	1.6971E6	
969	-3.1631E-1	7.4231E2	5.6095E-1	1.6971E6	
970	-3.1631E-1	7.4231E2	5.6095E-1	1.6971E6	
971	-3.1631E-1	7.4231E2	5.6095E-1	1.6971E6	
972	-3.1631E-1	7.4231E2	5.6095E-1	1.6971E6	
973	-3.1631E-1	7.4231E2	5.6095E-1	1.6971E6	
974	-3.1631E-1	7.4231E2	5.6095E-1	1.6971E6	
975	-3.1631E-1	7.4231E2	5.6095E-1	1.6971E6	
976	-3.1631E-1	7.4231E2	5.6095E-1	1.6971E6	
977	-3.1631E-1	7.4231E2	5.6095E-1	1.6971E6	
978	-3.1631E-1	7.4231E2	5.6095E-1	1.6971E6	
979	-3.1631E-1	7.4231E2	5.6095E-1	1.6971E6	
980	-3.1631E-1	7.4231E2	5.6095E-1	1.6971E6	
981	-3.1631E-1	7.4231E2	5.6095E-1	1.6971E6	
982	-3.1631E-1	7.4231E2	5.6095E-1	1.6971E6	
983	-3.1631E-1	7.4231E2	5.6095E-1	1.6971E6	
984	-3.1631E-1	7.4231E2	5.6095E-1	1.6971E6	
985	-3.1631E-1	7.4231E2	5.6095E-1	1.6971E6	
986	-3.1631E-1	7.4231E2	5.6095E-1	1.6971E6	
987	-3.1631E-1	7.4231E2	5.6095E-1	1.6971E6	
988	-3.1631E-1	7.4231E2	5.6095E-1	1.6971E6	
989	-3.1631E-1	7.4231E2	5.6095E-1	1.6971E6	
990	-3.1631E-1	7.4231E2	5.6095E-1	1.6971E6	
991	-3.1631E-1	7.4231E2	5.6095E-1	1.6971E6	
992	-3.1631E-1	7.4231E2	5.6095E-1	1.6971E6	
993	-3.1631E-1	7.4231E2	5.6095E-1	1.6971E6	
994	-3.1631E-1	7.4231E2	5.6095E-1	1.6971E6	
995	-3.1631E-1	7.4231E2	5.6095E-1	1.6971E6	
996	-3.1631E-1	7.4231E2	5.6095E-1	1.6971E6	
997	-3.1631E-1	7.4231E2	5.6095E-1	1.6971E6	
998	-3.1631E-1	7.4231E2	5.6095E-1	1.6971E6	
999	-3.1631E-1	7.4231E2	5.6095E-1	1.6971E6	
1000	-3.1631E-1	7.4231E2	5.6095E-1	1.6971E6	
1001	-3.1631E-1	7.4231E2	5.6095E-1	1.6971E6	
1002	-3.1631E-1	7.4231E2	5.6095E-1	1.6971E6	
1003	-3.1631E-1	7.4231E2	5.6095E-1	1.6971E6	
1004	-3.1631E-1	7.4231E2	5.6095E-1	1.6971E6	
1005	-3.1631E-1	7.4231E2	5.6095E-1	1.6971E6	
1006	-3.1631E-1	7.4231E2	5.6095E-1	1.6971E6	
1007	-3.1631E-1	7.4231E2	5.6095E-1	1.6971E6	
1008	-3.1631E-1	7.4231E2	5.6095E-1	1.6971E6	
1009	-3.1631E-1	7.4231E2	5.6095E-1	1.6971E6	
1010	-3.1631E-1	7.4231E2	5.6095E-1	1.6971E6	
1011	-3.1631E-1	7.4231E2	5.6095E-1	1.6971E6	
1012	-3.1631E-1	7.4231E2	5.6095E-1	1.6971E6	
1013	-3.1631E-1	7.4231E2	5.6095E-1	1.6971E6	
1014	-3.1631E-1	7.4231E2	5.6095E-1	1.6971E6	
1015	-3.1631E-1	7.4231E2	5.6095E-1	1.6971E6	
1016	-3.1631E-1	7.4231E2	5.6095E-1	1.6971E6	
1017	-3.1631E-1	7.4231E2	5.6095E-1	1.6971E6	
1018	-3.1631E-1	7.4231E2	5.6095E-1	1.6971E6	
1019	-3.1631E-1	7.4231E2	5.6095E-1	1.6971E6	
1020	-3.1631E-1	7.4231E2	5.6095E-1	1.6971E6	
1021	-3.1631E-1	7.4231E2	5.6095E-1	1.6971E6	
1022	-3.1631E-1	7.4231E2	5.6095E-1	1.6971E6	
1023	-3.1631E-1	7.4231E2	5.6095E-1	1.6971E6	
1024	-3.1631E-1	7.4231E2	5.6095E-1	1.6971E6	
1025	-3.1548E-1	7.4355E2	5.6090E-1	1.6971E6	
1026	-3.6873E-1	6.6452E2	5.6213E-1	1.6993E6	
1027	-3.9162E-1	6.3055E2	5.6501E-1	1.7016E6	
1028	-4.1634E-1	5.9387E2	5.6808E-1	1.7038E6	
1029	-4.3625E-1	5.6432E2	5.7151E-1	1.7060E6	
1030	-4.5074E-1	5.4280E2	5.7512E-1	1.7082E6	
1031	-4.6852E-1	5.1642E2	5.7878E-1	1.7104E6	
1032	-4.8798E-1	4.8755E2	5.8264E-1	1.7127E6	
1033	-5.0026E-1	4.6932E2	5.8661E-1	1.7149E6	
1034	-5.1346E-1	4.4973E2	5.9063E-1	1.7171E6	
1035	-5.2917E-1	4.2641E2	5.9475E-1	1.7193E6	
1036	-5.3909E-1	4.1169E2	5.9876E-1	1.7215E6	
1037	-5.5367E-1	3.9006E2	6.0298E-1	1.7238E6	
1038	-5.6534E-1	3.7274E2	6.0722E-1	1.7260E6	
1039	-5.7869E-1	3.5292E2	6.1143E-1	1.7282E6	
1040	-5.8739E-1	3.4002E2	6.1573E-1	1.7304E6	
1041	-5.9875E-1	3.2315E2	6.2007E-1	1.7326E6	
1042	-6.1188E-1	3.0367E2	6.2450E-1	1.7349E6	
1043	-6.2439E-1	2.8510E2	6.2889E-1	1.7371E6	
1044	-6.3324E-1	2.7197E2	6.3333E-1	1.7393E6	
1045	-6.4362E-1	2.5657E2	6.3768E-1	1.7415E6	
1046	-6.5399E-1	2.4117E2	6.4218E-1	1.7437E6	
1047	-6.6704E-1	2.2181E2	6.4658E-1	1.7460E6	
1048	-6.7261E-1	2.1354E2	6.5107E-1	1.7482E6	
1049	-6.8443E-1	1.9599E2	6.5568E-1	1.7504E6	
1050	-6.9550E-1	1.7958E2	6.6017E-1	1.7526E6	
1051	-7.0045E-1	1.7222E2	6.6477E-1	1.7548E6	
1052	-7.1266E-1	1.5410E2	6.6927E-1	1.7571E6	
1053	-7.1739E-1	1.4708E2	6.7379E-1	1.7593E6	
1054	-7.2830E-1	1.3089E2	6.7840E-1	1.7615E6	
1055	-7.3593E-1	1.1957E2	6.8302E-1	1.7637E6	
1056	-7.4547E-1	1.0541E2	6.8756E-1	1.7659E6	
1057	-7.5653E-1	8.8995E1	6.9215E-1	1.7682E6	
1058	-7.6340E-1	7.8805E1	6.9679E-1	1.7704E6	
1059	-7.6706E-1	7.3370E1	7.0146E-1	1.7726E6	
1060	-7.7469E-1	6.2048E1	7.0619E-1	1.7748E6	
1061	-7.9117E-1	3.7591E1	7.1084E-1	1.7770E6	
1062	-7.9575E-1	3.0797E1	7.1552E-1	1.7793E6	
1063	-8.0376E-1	1.8909E1	7.2016E-1	1.7815E6	
1064	-8.0841E-1	1.2002E1	7.2490E-1	1.7837E6	
1065	-8.1810E-1	-2.3777E0	7.2951E-1	1.7859E6	
1066	-8.2573E-1	-1.3700E1	7.3433E-1	1.7881E6	
1067	-8.3359E-1	-2.5363E1	7.3900E-1	1.7904E6	
1068	-8.3862E-1	-3.2835E1	7.4365E-1	1.7926E6	
1069	-8.4526E-1	-4.2686E1	7.4845E-1	1.7948E6	
1070	-8.4587E-1	-4.3592E1	7.5313E-1	1.7970E6	
1071	-8.5602E-1	-5.8651E1	7.5789E-1	1.7992E6	
1072	-8.6311E-1	-6.9181E1	7.6276E-1	1.8015E6	
1073	-8.6937E-1	-7.8465E1	7.6742E-1	1.8037E6	
1074	-8.7364E-1	-8.4806E1	7.7211E-1	1.8059E6	
1075	-8.7921E-1	-9.3072E1	7.7689E-1	1.8081E6	
1076	-8.8577E-1	-1.0281E2	7.8182E-1	1.8103E6	
1077	-8.8913E-1	-1.0779E2	7.8650E-1	1.8126E6	
1078	-8.9462E-1	-1.1594E2	7.9134E-1	1.8148E6	
1079	-8.9996E-1	-1.2387E2	7.9613E-1	1.8170E6	
1080	-9.0286E-1	-1.2817E2	8.0101E-1	1.8192E6	
1081	-9.0569E-1	-1.3236E2	8.0579E-1	1.8214E6	
1082	-9.1446E-1	-1.4538E2	8.1055E-1	1.8237E6	
1083	-9.2079E-1	-1.5478E2	8.1547E-1	1.8259E6	
1084	-9.1988E-1	-1.5342E2	8.2027E-1	1.8281E6	
1085	-9.2712E-1	-1.6418E2	8.2514E-1	1.8303E6	
1086	-9.3452E-1	-1.7516E2	8.2996E-1	1.8325E6	
1087	-9.3544E-1	-1.7652E2	8.3490E-1	1.8348E6	
1088	-9.3918E-1	-1.8207E2	8.3967E-1	1.8370E6	
1089	-9.4513E-1	-1.9090E2	8.4462E-1	1.8392E6	
1090	-9.4482E-1	-1.9045E2	8.4953E-1	1.8414E6	
1091	-9.5169E-1	-2.0064E2	8.5433E-1	1.8436E6	
1092	-9.5406E-1	-2.0415E2	8.5928E-1	1.8459E6	
1093	-9.5894E-1	-2.1139E2	8.6416E-1	1.8481E6	
1094	-9.6367E-1	-2.1841E2	8.6907E-1	1.8503E6	
1095	-9.6619E-1	-2.2215E2	8.7404E-1	1.8525E6	
1096	-9.6924E-1	-2.2668E2	8.7890E-1	1.8547E6	
1097	-9.7672E-1	-2.3777E2	8.8383E-1	1.8570E6	
1098	-9.7755E-1	-2.3902E2	8.8887E-1	1.8592E6	
1099	-9.7832E-1	-2.4015E2	8.9375E-1	1.8614E6	
1100	-9.7954E-1	-2.4196E2	8.9872E-1	1.8636E6	
1101	-9.8160E-1	-2.4502E2	9.0360E-1	1.8658E6	
1102	-9.8923E-1	-2.5634E2	9.0868E-1	1.8681E6	
1103	-9.8846E-1	-2.5521E2	9.1367E-1	1.8703E6	
1104	-9.9335E-1	-2.6246E2	9.1851E-1	1.8725E6	
1105	-9.9701E-1	-2.6789E2	9.2362E-1	1.8747E6	
1106	-1.0002E0	-2.7265E2	9.2859E-1	1.8769E6	
1107	-1.0011E0	-2.7389E2	9.3356E-1	1.8792E6	
1108	-1.0062E0	-2.8148E2	9.3855E-1	1.8814E6	
1109	-1.0044E0	-2.7887E2	9.4351E-1	1.8836E6	
1110	-1.0065E0	-2.8205E2	9.4856E-1	1.8858E6	
1111	-1.0083E0	-2.8465E2	9.5358E-1	1.8880E6	
1112	-1.0106E0	-2.8805E2	9.5849E-1	1.8903E6	
1113	-1.0152E0	-2.9495E2	9.6360E-1	1.8925E6	
1114	-1.0155E0	-2.9529E2	9.6863E-1	1.8947E6	
1115	-1.0151E0	-2.9473E2	9.7375E-1	1.8969E6	
1116	-1.0159E0	-2.9597E2	9.7876E-1	1.8991E6	
1117	-1.0172E0	-2.9790E2	9.8384E-1	1.9014E6	
1118	-1.0191E0	-3.0061E2	9.8890E-1	1.9036E6	
1119	-1.0196E0	-3.0141E2	9.9396E-1	1.9058E6	
1120	-1.0211E0	-3.0367E2	9.9900E-1	1.9080E6	
1121	-1.0222E0	-3.0526E2	1.0041E0	1.9102E6	
1122	-1.0227E0	-3.0605E2	1.0092E0	1.9125E6	
1123	-1.0209E0	-3.0333E2	1.0143E0	1.9147E6	
1124	-1.0203E0	-3.0243E2	1.0194E0	1.9169E6	
1125	-1.0246E0	-3.0877E2	1.0245E0	1.9191E6	
1126	-1.0234E0	-3.0707E2	1.0295E0	1.9213E6	
1127	-1.0225E0	-3.0571E2	1.0346E0	1.9236E6	
1128	-1.0219E0	-3.0480E2	1.0398E0	1.9258E6	
1129	-1.0195E0	-3.0129E2	1.0450E0	1.9280E6	
1130	-1.0200E0	-3.0197E2	1.0501E0	1.9302E6	
1131	-1.0231E0	-3.0662E2	1.0552E0	1.9324E6	
1132	-1.0222E0	-3.0526E2	1.0603E0	1.9347E6	
1133	-1.0234E0	-3.0707E2	1.0655E0	1.9369E6	
1134	-1.0230E0	-3.0650E2	1.0707E0	1.9391E6	
1135	-1.0212E0	-3.0378E2	1.0759E0	1.9413E6	
1136	-1.0195E0	-3.0129E2	1.0810E0	1.9435E6	
1137	-1.0207E0	-3.0299E2	1.0862E0	1.9458E6	
1138	-1.0208E0	-3.0322E2	1.0914E0	1.9480E6	
1139	-1.0204E0	-3.0254E2	1.0965E0	1.9502E6	
1140	-1.0220E0	-3.0492E2	1.1017E0	1.9524E6	
1141	-1.0194E0	-3.0118E2	1.1069E0	1.9546E6	
1142	-1.0165E0	-2.9676E2	1.1121E0	1.9569E6	
1143	-1.0161E0	-2.9620E2	1.1173E0	1.9591E6	
1144	-1.0149E0	-2.9439E2	1.1226E0	1.9613E6	
1145	-1.0120E0	-2.9020E2	1.1277E0	1.9635E6	
1146	-1.0123E0	-2.9065E2	1.1330E0	1.9657E6	
1147	-1.0136E0	-2.9246E2	1.1382E0	1.9680E6	
1148	-1.0110E0	-2.8861E2	1.1434E0	1.9702E6	
1149	-1.0068E0	-2.8238E2	1.1487E0	1.9724E6	
1150	-1.0050E0	-2.7978E2	1.1539E0	1.9746E6	
1151	-1.0053E0	-2.8023E2	1.1592E0	1.9768E6	
1152	-1.0052E0	-2.8012E2	1.1645E0	1.9791E6	
1153	-1.0043E0	-2.7876E2	1.1697E0	1.9813E6	
1154	-1.0023E0	-2.7582E2	1.1749E0	1.9835E6	
1155	-1.0041E0	-2.7842E2	1.1802E0	1.9857E6	
1156	-1.0020E0	-2.7525E2	1.1854E0	1.9879E6	
1157	-1.0017E0	-2.7480E2	1.1908E0	1.9902E6	
1158	-9.9380E-1	-2.6314E2	1.1960E0	1.9924E6	
1159	-9.9419E-1	-2.6370E2	1.2014E0	1.9946E6	
1160	-9.8984E-1	-2.5725E2	1.2067E0	1.9968E6	
1161	-9.8877E-1	-2.5566E2	1.2120E0	1.9990E6	
1162	-9.8206E-1	-2.4570E2	1.2173E0	2.0013E6	
1163	-9.7664E-1	-2.3766E2	1.2226E0	2.0035E6	
1164	-9.7717E-1	-2.3845E2	1.2279E0	2.0057E6	
1165	-9.7351E-1	-2.3302E2	1.2333E0	2.0079E6	
1166	-9.7206E-1	-2.3087E2	1.2386E0	2.0101E6	
1167	-9.6992E-1	-2.2770E2	1.2439E0	2.0124E6	
1168	-9.6535E-1	-2.2090E2	1.2493E0	2.0146E6	
1169	-9.6428E-1	-2.1932E2	1.2547E0	2.0168E6	
1170	-9.6008E-1	-2.1309E2	1.2600E0	2.0190E6	
1171	-9.4551E-1	-1.9146E2	1.2653E0	2.0212E6	
1172	-9.3361E-1	-1.7380E2	1.2708E0	2.0235E6	
1173	-9.2567E-1	-1.6203E2	1.2761E0	2.0257E6	
1174	-9.1675E-1	-1.4878E2	1.2815E0	2.0279E6	
1175	-9.1309E-1	-1.4334E2	1.2868E0	2.0301E6	
1176	-9.0858E-1	-1.3666E2	1.2922E0	2.0323E6	
1177	-9.0103E-1	-1.2545E2	1.2975E0	2.0346E6	
1178	-8.9638E-1	-1.1855E2	1.3031E0	2.0368E6	
1179	-8.8661E-1	-1.0405E2	1.3084E0	2.0390E6	
1180	-8.8715E-1	-1.0485E2	1.3139E0	2.0412E6	
1181	-8.7654E-1	-8.9109E1	1.3192E0	2.0434E6	
1182	-8.5426E-1	-5.6047E1	1.3246E0	2.0457E6	
1183	-8.0292E-1	2.0154E1	1.3300E0	2.0479E6	
1184	-7.3189E-1	1.2557E2	1.3355E0	2.0501E6	
1185	-7.1243E-1	1.5444E2	1.3409E0	2.0523E6	
1186	-7.0358E-1	1.6757E2	1.3464E0	2.0545E6	
1187	-6.9817E-1	1.7561E2	1.3518E0	2.0568E6	
1188	-6.9565E-1	1.7935E2	1.3573E0	2.0590E6	
1189	-6.9290E-1	1.8343E2	1.3627E0	2.0612E6	
1190	-6.9443E-1	1.8116E2	1.3682E0	2.0634E6	
1191	-6.9412E-1	1.8161E2	1.3737E0	2.0656E6	
1192	-6.9168E-1	1.8524E2	1.3791E0	2.0679E6	
1193	-6.9611E-1	1.7867E2	1.3845E0	2.0701E6	
1194	-6.9183E-1	1.8501E2	1.3901E0	2.0723E6	
1195	-6.9321E-1	1.8297E2	1.3955E0	2.0745E6	
1196	-6.9153E-1	1.8546E2	1.4010E0	2.0767E6	
1197	-6.9397E-1	1.8184E2	1.4065E0	2.0790E6	
1198	-6.9305E-1	1.8320E2	1.4119E0	2.0812E6	
1199	-6.9466E-1	1.8082E2	1.4175E0	2.0834E6	
1200	-6.9061E-1	1.8682E2	1.4231E0	2.0856E6	
1201	-6.9122E-1	1.8592E2	1.4285E0	2.0878E6	
1202	-6.9382E-1	1.8207E2	1.4340E0	2.0901E6	
1203	-6.9160E-1	1.8535E2	1.4395E0	2.0923E6	
1204	-6.9382E-1	1.8207E2	1.4452E0	2.0945E6	
1205	-6.9237E-1	1.8422E2	1.4506E0	2.0967E6	
1206	-6.9489E-1	1.8048E2	1.4562E0	2.0989E6	
1207	-6.9366E-1	1.8229E2	1.4617E0	2.1012E6	
1208	-6.9221E-1	1.8444E2	1.4673E0	2.1034E6	
1209	-6.9366E-1	1.8229E2	1.4729E0	2.1056E6	
1210	-6.9557E-1	1.7946E2	1.4785E0	2.1078E6	
1211	-6.9580E-1	1.7912E2	1.4839E0	2.1100E6	
1212	-6.9290E-1	1.8343E2	1.4896E0	2.1123E6	
1213	-6.9351E-1	1.8252E2	1.4951E0	2.1145E6	
1214	-6.9443E-1	1.8116E2	1.5007E0	2.1167E6	
1215	-6.9450E-1	1.8105E2	1.5062E0	2.1189E6	
1216	-6.9534E-1	1.7980E2	1.5119E0	2.1211E6	
1217	-6.9649E-1	1.7810E2	1.5175E0	2.1234E6	
1218	-6.9412E-1	1.8161E2	1.5231E0	2.1256E6	
1219	-6.9374E-1	1.8218E2	1.5286E0	2.1278E6	
1220	-6.9817E-1	1.7561E2	1.5343E0	2.1300E6	
1221	-7.0023E-1	1.7256E2	1.5399E0	2.1322E6	
1222	-6.9794E-1	1.7595E2	1.5456E0	2.1345E6	
1223	-6.9527E-1	1.7992E2	1.5511E0	2.1367E6	
1224	-6.9626E-1	1.7844E2	1.5568E0	2.1389E6	
1225	-6.9839E-1	1.7527E2	1.5624E0	2.1411E6	
1226	-6.9901E-1	1.7437E2	1.5681E0	2.1433E6	
1227	-6.9801E-1	1.7584E2	1.5737E0	2.1456E6	
1228	-6.9862E-1	1.7493E2	1.5794E0	2.1478E6	
1229	-6.9855E-1	1.7505E2	1.5850E0	2.1500E6	
1230	-6.9794E-1	1.7595E2	1.5907E0	2.1522E6	
1231	-7.0015E-1	1.7267E2	1.5963E0	2.1544E6	
1232	-6.9839E-1	1.7527E2	1.6020E0	2.1567E6	
1233	-6.9969E-1	1.7335E2	1.6076E0	2.1589E6	
1234	-6.9916E-1	1.7414E2	1.6133E0	2.1611E6	
1235	-7.0007E-1	1.7278E2	1.6190E0	2.1633E6	
1236	-7.0129E-1	1.7097E2	1.6247E0	2.1655E6	
1237	-6.9870E-1	1.7482E2	1.6305E0	2.1678E6	
1238	-6.9878E-1	1.7471E2	1.6361E0	2.1700E6	
1239	-6.9939E-1	1.7380E2	1.6418E0	2.1722E6	
1240	-7.0068E-1	1.7188E2	1.6476E0	2.1744E6	
1241	-7.0213E-1	1.6973E2	1.6531E0	2.1766E6	
1242	-7.0381E-1	1.6723E2	1.6589E0	2.1789E6	
1243	-7.0038E-1	1.7233E2	1.6646E0	2.1811E6	
1244	-7.0114E-1	1.7120E2	1.6704E0	2.1833E6	
1245	-7.0023E-1	1.7256E2	1.6760E0	2.1855E6	
1246	-7.0107E-1	1.7131E2	1.6818E0	2.1877E6	
1247	-7.0084E-1	1.7165E2	1.6875E0	2.1900E6	
1248	-7.0000E-1	1.7290E2	1.6933E0	2.1922E6	
1249	-7.0282E-1	1.6871E2	1.6990E0	2.1944E6	
1250	-7.0045E-1	1.7222E2	1.7047E0	2.1966E6	
1251	-7.0442E-1	1.6633E2	1.7105E0	2.1988E6	
1252	-7.0320E-1	1.6814E2	1.7163E0	2.2011E6	
1253	-6.9939E-1	1.7380E2	1.7220E0	2.2033E6	
1254	-7.0412E-1	1.6678E2	1.7278E0	2.2055E6	
1255	-7.0412E-1	1.6678E2	1.7336E0	2.2077E6	
1256	-7.0206E-1	1.6984E2	1.7394E0	2.2099E6	
1257	-7.0023E-1	1.7256E2	1.7450E0	2.2122E6	
1258	-7.0335E-1	1.6791E2	1.7509E0	2.2144E6	
1259	-7.0206E-1	1.6984E2	1.7568E0	2.2166E6	
1260	-7.0107E-1	1.7131E2	1.7626E0	2.2188E6	
1261	-7.0290E-1	1.6859E2	1.7682E0	2.2210E6	
1262	-7.0282E-1	1.6871E2	1.7741E0	2.2233E6	
1263	-7.0229E-1	1.6950E2	1.7799E0	2.2255E6	
1264	-7.0213E-1	1.6973E2	1.7857E0	2.2277E6	
1265	-7.0251E-1	1.6916E2	1.7915E0	2.2299E6	
1266	-7.0320E-1	1.6814E2	1.7973E0	2.2321E6	
1267	-7.0366E-1	1.6746E2	1.8032E0	2.2344E6	
1268	-7.0267E-1	1.6893E2	1.8089E0	2.2366E6	
1269	-7.0206E-1	1.6984E2	1.8149E0	2.2388E6	
1270	-7.0389E-1	1.6712E2	1.8207E0	2.2410E6	
1271	-7.0389E-1	1.6712E2	1.8265E0	2.2432E6	
1272	-7.0534E-1	1.6497E2	1.8323E0	2.2455E6	
1273	-7.0496E-1	1.6554E2	1.8382E0	2.2477E6	
1274	-7.0518E-1	1.6520E2	1.8440E0	2.2499E6	
1275	-7.0473E-1	1.6588E2	1.8500E0	2.2521E6	
1276	-7.0381E-1	1.6723E2	1.8557E0	2.2543E6	
1277	-7.0503E-1	1.6542E2	1.8615E0	2.2566E6	
1278	-7.0694E-1	1.6259E2	1.8675E0	2.2588E6	
1279	-7.0656E-1	1.6316E2	1.8733E0	2.2610E6	
1280	-7.0564E-1	1.6452E2	1.8792E0	2.2632E6	
1281	-7.0389E-1	1.6712E2	1.8851E0	2.2654E6	
1282	-7.0839E-1	1.6044E2	1.8911E0	2.2677E6	
1283	-7.0656E-1	1.6316E2	1.8969E0	2.2699E6	
1284	-7.0709E-1	1.6237E2	1.9029E0	2.2721E6	
1285	-7.0839E-1	1.6044E2	1.9086E0	2.2743E6	
1286	-7.0930E-1	1.5908E2	1.9145E0	2.2765E6	
1287	-7.0549E-1	1.6474E2	1.9205E0	2.2788E6	
1288	-7.0938E-1	1.5897E2	1.9265E0	2.2810E6	
1289	-7.0793E-1	1.6112E2	1.9324E0	2.2832E6	
1290	-7.0900E-1	1.5954E2	1.9382E0	2.2854E6	
1291	-7.0778E-1	1.6135E2	1.9441E0	2.2876E6	
1292	-7.0946E-1	1.5886E2	1.9501E0	2.2899E6	
1293	-7.0869E-1	1.5999E2	1.9561E0	2.2921E6	
1294	-7.0976E-1	1.5840E2	1.9620E0	2.2943E6	
1295	-7.0824E-1	1.6067E2	1.9679E0	2.2965E6	
1296	-7.1159E-1	1.5569E2	1.9738E0	2.2987E6	
1297	-7.1274E-1	1.5399E2	1.9799E0	2.3010E6	
1298	-7.1060E-1	1.5716E2	1.9858E0	2.3032E6	
1299	-7.0930E-1	1.5908E2	1.9918E0	2.3054E6	
1300	-7.1182E-1	1.5535E2	1.9977E0	2.3076E6	
1301	-7.1068E-1	1.5704E2	2.0037E0	2.3098E6	
1302	-7.1037E-1	1.5750E2	2.0096E0	2.3121E6	
1303	-7.1075E-1	1.5693E2	2.0156E0	2.3143E6	
1304	-7.1053E-1	1.5727E2	2.0215E0	2.3165E6	
1305	-7.1289E-1	1.5376E2	2.0276E0	2.3187E6	
1306	-7.1487E-1	1.5082E2	2.0337E0	2.3209E6	
1307	-7.1335E-1	1.5308E2	2.0395E0	2.3232E6	
1308	-7.1404E-1	1.5206E2	2.0455E0	2.3254E6	
1309	-7.1281E-1	1.5387E2	2.0516E0	2.3276E6	
1310	-7.1251E-1	1.5433E2	2.0576E0	2.3298E6	
1311	-7.1175E-1	1.5546E2	2.0637E0	2.3320E6	
1312	-7.1304E-1	1.5353E2	2.0697E0	2.3343E6	
1313	-7.1251E-1	1.5433E2	2.0756E0	2.3365E6	
1314	-7.1480E-1	1.5093E2	2.0817E0	2.3387E6	
1315	-7.1564E-1	1.4968E2	2.0878E0	2.3409E6	
1316	-7.1526E-1	1.5025E2	2.0937E0	2.3431E6	
1317	-7.1419E-1	1.5184E2	2.0998E0	2.3454E6	
1318	-7.1404E-1	1.5206E2	2.1058E0	2.3476E6	
1319	-7.1587E-1	1.4934E2	2.1118E0	2.3498E6	
1320	-7.1632E-1	1.4867E2	2.1179E0	2.3520E6	
1321	-7.1365E-1	1.5263E2	2.1240E0	2.3542E6	
1322	-7.1564E-1	1.4968E2	2.1300E0	2.3565E6	
1323	-7.1404E-1	1.5206E2	2.1361E0	2.3587E6	
1324	-7.1526E-1	1.5025E2	2.1423E0	2.3609E6	
1325	-7.1335E-1	1.5308E2	2.1484E0	2.3631E6	
1326	-7.1503E-1	1.5059E2	2.1544E0	2.3653E6	
1327	-7.1732E-1	1.4719E2	2.1605E0	2.3676E6	
1328	-7.1457E-1	1.5127E2	2.1666E0	2.3698E6	
1329	-7.1381E-1	1.5240E2	2.1727E0	2.3720E6	
1330	-7.1632E-1	1.4867E2	2.1788E0	2.3742E6	
1331	-7.1823E-1	1.4583E2	2.1850E0	2.3764E6	
1332	-7.1617E-1	1.4889E2	2.1911E0	2.3787E6	
1333	-7.1617E-1	1.4889E2	2.1972E0	2.3809E6	
1334	-7.1571E-1	1.4957E2	2.2033E0	2.3831E6	
1335	-7.1808E-1	1.4606E2	2.2094E0	2.3853E6	
1336	-7.1594E-1	1.4923E2	2.2155E0	2.3875E6	
1337	-7.1594E-1	1.4923E2	2.2217E0	2.3898E6	
1338	-7.1495E-1	1.5070E2	2.2278E0	2.3920E6	
1339	-7.1693E-1	1.4776E2	2.2340E0	2.3942E6	
1340	-7.1800E-1	1.4617E2	2.2401E0	2.3964E6	
1341	-7.1815E-1	1.4595E2	2.2463E0	2.3986E6	
1342	-7.1617E-1	1.4889E2	2.2525E0	2.4009E6	
1343	-7.1541E-1	1.5002E2	2.2587E0	2.4031E6	
1344	-7.1846E-1	1.4550E2	2.2647E0	2.4053E6	
1345	-7.1724E-1	1.4731E2	2.2709E0	2.4075E6	
1346	-7.1945E-1	1.4402E2	2.2773E0	2.4097E6	
1347	-7.1770E-1	1.4663E2	2.2834E0	2.4120E6	
1348	-7.1854E-1	1.4538E2	2.2896E0	2.4142E6	
1349	-7.1983E-1	1.4346E2	2.2957E0	2.4164E6	
1350	-7.1892E-1	1.4482E2	2.3019E0	2.4186E6	
1351	-7.1899E-1	1.4470E2	2.3082E0	2.4208E6	
1352	-7.1953E-1	1.4391E2	2.3143E0	2.4231E6	
1353	-7.2044E-1	1.4255E2	2.3206E0	2.4253E6	
1354	-7.1999E-1	1.4323E2	2.3268E0	2.4275E6	
1355	-7.1945E-1	1.4402E2	2.3330E0	2.4297E6	
1356	-7.1930E-1	1.4425E2	2.3392E0	2.4319E6	
1357	-7.2105E-1	1.4165E2	2.3455E0	2.4342E6	
1358	-7.2289E-1	1.3893E2	2.3517E0	2.4364E6	
1359	-7.2182E-1	1.4051E2	2.3579E0	2.4386E6	
1360	-7.2113E-1	1.4153E2	2.3643E0	2.4408E6	
1361	-7.2044E-1	1.4255E2	2.3704E0	2.4430E6	
1362	-7.2151E-1	1.4097E2	2.3767E0	2.4453E6	
1363	-7.2281E-1	1.3904E2	2.3829E0	2.4475E6	
1364	-7.2044E-1	1.4255E2	2.3892E0	2.4497E6	
1365	-7.2235E-1	1.3972E2	2.3955E0	2.4519E6	
1366	-7.2258E-1	1.3938E2	2.4017E0	2.4541E6	
1367	-7.2205E-1	1.4017E2	2.4080E0	2.4564E6	
1368	-7.2388E-1	1.3746E2	2.4142E0	2.4586E6	
1369	-7.2319E-1	1.3848E2	2.4206E0	2.4608E6	
1370	-7.2510E-1	1.3564E2	2.4269E0	2.4630E6	
1371	-7.2197E-1	1.4029E2	2.4333E0	2.4652E6	
1372	-7.2502E-1	1.3576E2	2.4394E0	2.4675E6	
1373	-7.2746E-1	1.3213E2	2.4458E0	2.4697E6	
1374	-7.2586E-1	1.3451E2	2.4521E0	2.4719E6	
1375	-7.2708E-1	1.3270E2	2.4584E0	2.4741E6	
1376	-7.2456E-1	1.3644E2	2.4648E0	2.4763E6	
1377	-7.2723E-1	1.3247E2	2.4710E0	2.4786E6	
1378	-7.2586E-1	1.3451E2	2.4774E0	2.4808E6	
1379	-7.2807E-1	1.3123E2	2.4837E0	2.4830E6	
1380	-7.2830E-1	1.3089E2	2.4900E0	2.4852E6	
1381	-7.2624E-1	1.3395E2	2.4964E0	2.4874E6	
1382	-7.2723E-1	1.3247E2	2.5027E0	2.4897E6	
1383	-7.2632E-1	1.3383E2	2.5091E0	2.4919E6	
1384	-7.2914E-1	1.2964E2	2.5154E0	2.4941E6	
1385	-7.2807E-1	1.3123E2	2.5218E0	2.4963E6	
1386	-7.2968E-1	1.2885E2	2.5280E0	2.4985E6	
1387	-7.2960E-1	1.2896E2	2.5345E0	2.5008E6	
1388	-7.2884E-1	1.3010E2	2.5408E0	2.5030E6	
1389	-7.2731E-1	1.3236E2	2.5473E0	2.5052E6	
1390	-7.2624E-1	1.3395E2	2.5536E0	2.5074E6	
1391	-7.2937E-1	1.2930E2	2.5600E0	2.5096E6	
1392	-7.3059E-1	1.2749E2	2.5664E0	2.5119E6	
1393	-7.2739E-1	1.3225E2	2.5728E0	2.5141E6	
1394	-7.2983E-1	1.2862E2	2.5792E0	2.5163E6	
1395	-7.2845E-1	1.3066E2	2.5856E0	2.5185E6	
1396	-7.2861E-1	1.3044E2	2.5920E0	2.5207E6	
1397	-7.2845E-1	1.3066E2	2.5983E0	2.5230E6	
1398	-7.3082E-1	1.2715E2	2.6048E0	2.5252E6	
1399	-7.3212E-1	1.2523E2	2.6112E0	2.5274E6	
1400	-7.2968E-1	1.2885E2	2.6176E0	2.5296E6	
1401	-7.2960E-1	1.2896E2	2.6240E0	2.5318E6	
1402	-7.3120E-1	1.2659E2	2.6304E0	2.5341E6	
1403	-7.3006E-1	1.2828E2	2.6368E0	2.5363E6	
1404	-7.3059E-1	1.2749E2	2.6434E0	2.5385E6	
1405	-7.3227E-1	1.2500E2	2.6499E0	2.5407E6	
1406	-7.3441E-1	1.2183E2	2.6562E0	2.5429E6	
1407	-7.3166E-1	1.2591E2	2.6626E0	2.5452E6	
1408	-7.2960E-1	1.2896E2	2.6692E0	2.5474E6	
1409	-7.3112E-1	1.2670E2	2.6756E0	2.5496E6	
1410	-7.3082E-1	1.2715E2	2.6821E0	2.5518E6	
1411	-7.3128E-1	1.2647E2	2.6885E0	2.5540E6	
1412	-7.3334E-1	1.2342E2	2.6949E0	2.5563E6	
1413	-7.3235E-1	1.2489E2	2.7015E0	2.5585E6	
1414	-7.3212E-1	1.2523E2	2.7079E0	2.5607E6	
1415	-7.3227E-1	1.2500E2	2.7144E0	2.5629E6	
1416	-7.3303E-1	1.2387E2	2.7210E0	2.5651E6	
1417	-7.3189E-1	1.2557E2	2.7274E0	2.5674E6	
1418	-7.3357E-1	1.2308E2	2.7339E0	2.5696E6	
1419	-7.3296E-1	1.2398E2	2.7404E0	2.5718E6	
1420	-7.3364E-1	1.2296E2	2.7469E0	2.5740E6	
1421	-7.3303E-1	1.2387E2	2.7535E0	2.5762E6	
1422	-7.3112E-1	1.2670E2	2.7599E0	2.5785E6	
1423	-7.3212E-1	1.2523E2	2.7664E0	2.5807E6	
1424	-7.3624E-1	1.1911E2	2.7731E0	2.5829E6	
1425	-7.3570E-1	1.1991E2	2.7794E0	2.5851E6	
1426	-7.3479E-1	1.2126E2	2.7860E0	2.5873E6	
1427	-7.3486E-1	1.2115E2	2.7925E0	2.5896E6	
1428	-7.3410E-1	1.2228E2	2.7991E0	2.5918E6	
1429	-7.3425E-1	1.2206E2	2.8056E0	2.5940E6	
1430	-7.3509E-1	1.2081E2	2.8122E0	2.5962E6	
1431	-7.3631E-1	1.1900E2	2.8188E0	2.5984E6	
1432	-7.3639E-1	1.1889E2	2.8252E0	2.6007E6	
1433	-7.3494E-1	1.2104E2	2.8318E0	2.6029E6	
1434	-7.3662E-1	1.1855E2	2.8384E0	2.6051E6	
1435	-7.3738E-1	1.1742E2	2.8450E0	2.6073E6	
1436	-7.3586E-1	1.1968E2	2.8515E0	2.6095E6	
1437	-7.3814E-1	1.1628E2	2.8581E0	2.6118E6	
1438	-7.3654E-1	1.1866E2	2.8647E0	2.6140E6	
1439	-7.3814E-1	1.1628E2	2.8713E0	2.6162E6	
1440	-7.3959E-1	1.1413E2	2.8779E0	2.6184E6	
1441	-7.3692E-1	1.1809E2	2.8845E0	2.6206E6	
1442	-7.3753E-1	1.1719E2	2.8910E0	2.6229E6	
1443	-7.3944E-1	1.1436E2	2.8977E0	2.6251E6	
1444	-7.3875E-1	1.1538E2	2.9042E0	2.6273E6	
1445	-7.3982E-1	1.1379E2	2.9108E0	2.6295E6	
1446	-7.4089E-1	1.1221E2	2.9176E0	2.6317E6	
1447	-7.4081E-1	1.1232E2	2.9241E0	2.6340E6	
1448	-7.4272E-1	1.0949E2	2.9307E0	2.6362E6	
1449	-7.4379E-1	1.0790E2	2.9374E0	2.6384E6	
1450	-7.3990E-1	1.1368E2	2.9440E0	2.6406E6	
1451	-7.4318E-1	1.0881E2	2.9506E0	2.6428E6	
1452	-7.4249E-1	1.0983E2	2.9572E0	2.6451E6	
1453	-7.4379E-1	1.0790E2	2.9639E0	2.6473E6	
1454	-7.4211E-1	1.1040E2	2.9705E0	2.6495E6	
1455	-7.4417E-1	1.0734E2	2.9771E0	2.6517E6	
1456	-7.4356E-1	1.0824E2	2.9838E0	2.6539E6	
1457	-7.4135E-1	1.1153E2	2.9905E0	2.6562E6	
1458	-7.4432E-1	1.0711E2	2.9972E0	2.6584E6	
1459	-7.4303E-1	1.0904E2	3.0038E0	2.6606E6	
1460	-7.4310E-1	1.0892E2	3.0104E0	2.6628E6	
1461	-7.4463E-1	1.0666E2	3.0172E0	2.6650E6	
1462	-7.4341E-1	1.0847E2	3.0238E0	2.6673E6	
1463	-7.4394E-1	1.0768E2	3.0305E0	2.6695E6	
1464	-7.4471E-1	1.0655E2	3.0372E0	2.6717E6	
1465	-7.4524E-1	1.0575E2	3.0438E0	2.6739E6	
1466	-7.4455E-1	1.0677E2	3.0505E0	2.6761E6	
1467	-7.4371E-1	1.0802E2	3.0572E0	2.6784E6	
1468	-7.4432E-1	1.0711E2	3.0640E0	2.6806E6	
1469	-7.4417E-1	1.0734E2	3.0707E0	2.6828E6	
1470	-7.4379E-1	1.0790E2	3.0773E0	2.6850E6	
1471	-7.4318E-1	1.0881E2	3.0840E0	2.6872E6	
1472	-7.4417E-1	1.0734E2	3.0907E0	2.6895E6	
1473	-7.4203E-1	1.1051E2	3.0975E0	2.6917E6	
1474	-7.4440E-1	1.0700E2	3.1042E0	2.6939E6	
1475	-7.4417E-1	1.0734E2	3.1109E0	2.6961E6	
1476	-7.4501E-1	1.0609E2	3.1177E0	2.6983E6	
1477	-7.4707E-1	1.0304E2	3.1244E0	2.7006E6	
1478	-7.4608E-1	1.0451E2	3.1310E0	2.7028E6	
1479	-7.4524E-1	1.0575E2	3.1379E0	2.7050E6	
1480	-7.4654E-1	1.0383E2	3.1448E0	2.7072E6	
1481	-7.4684E-1	1.0338E2	3.1514E0	2.7094E6	
1482	-7.4547E-1	1.0541E2	3.1582E0	2.7117E6	
1483	-7.4554E-1	1.0530E2	3.1649E0	2.7139E6	
1484	-7.4570E-1	1.0507E2	3.1717E0	2.7161E6	
1485	-7.4760E-1	1.0224E2	3.1785E0	2.7183E6	
1486	-7.5188E-1	9.5902E1	3.1852E0	2.7205E6	
1487	-7.4760E-1	1.0224E2	3.1920E0	2.7228E6	
1488	-7.4600E-1	1.0462E2	3.1988E0	2.7250E6	
1489	-7.4585E-1	1.0485E2	3.2056E0	2.7272E6	
1490	-7.5081E-1	9.7487E1	3.2123E0	2.7294E6	
1491	-7.4936E-1	9.9639E1	3.2192E0	2.7316E6	
1492	-7.4974E-1	9.9073E1	3.2260E0	2.7339E6	
1493	-7.4799E-1	1.0168E2	3.2328E0	2.7361E6	
1494	-7.4806E-1	1.0156E2	3.2396E0	2.7383E6	
1495	-7.4944E-1	9.9525E1	3.2464E0	2.7405E6	
1496	-7.4997E-1	9.8733E1	3.2532E0	2.7427E6	
1497	-7.4852E-1	1.0088E2	3.2600E0	2.7450E6	
1498	-7.5050E-1	9.7940E1	3.2668E0	2.7472E6	
1499	-7.5104E-1	9.7148E1	3.2737E0	2.7494E6	
1500	-7.5180E-1	9.6015E1	3.2805E0	2.7516E6	
1501	-7.4867E-1	1.0066E2	3.2872E0	2.7538E6	
1502	-7.5165E-1	9.6242E1	3.2941E0	2.7561E6	
1503	-7.5287E-1	9.4430E1	3.3009E0	2.7583E6	
1504	-7.5180E-1	9.6015E1	3.3078E0	2.7605E6	
1505	-7.5272E-1	9.4657E1	3.3146E0	2.7627E6	
1506	-7.5378E-1	9.3072E1	3.3215E0	2.7649E6	
1507	-7.5218E-1	9.5449E1	3.3283E0	2.7672E6	
1508	-7.5478E-1	9.1600E1	3.3352E0	2.7694E6	
1509	-7.5417E-1	9.2505E1	3.3420E0	2.7716E6	
1510	-7.5562E-1	9.0354E1	3.3489E0	2.7738E6	
1511	-7.5455E-1	9.1939E1	3.3558E0	2.7760E6	
1512	-7.5470E-1	9.1713E1	3.3626E0	2.7783E6	
1513	-7.5424E-1	9.2392E1	3.3695E0	2.7805E6	
1514	-7.5363E-1	9.3298E1	3.3764E0	2.7827E6	
1515	-7.5546E-1	9.0581E1	3.3833E0	2.7849E6	
1516	-7.5821E-1	8.6504E1	3.3902E0	2.7871E6	
1517	-7.5630E-1	8.9335E1	3.3970E0	2.7894E6	
1518	-7.5821E-1	8.6504E1	3.4040E0	2.7916E6	
1519	-7.5737E-1	8.7750E1	3.4108E0	2.7938E6	
1520	-7.5798E-1	8.6844E1	3.4177E0	2.7960E6	
1521	-7.5645E-1	8.9109E1	3.4247E0	2.7982E6	
1522	-7.5600E-1	8.9788E1	3.4316E0	2.8005E6	
1523	-7.5729E-1	8.7863E1	3.4385E0	2.8027E6	
1524	-7.5844E-1	8.6165E1	3.4454E0	2.8049E6	
1525	-7.5829E-1	8.6391E1	3.4524E0	2.8071E6	
1526	-7.5607E-1	8.9675E1	3.4592E0	2.8093E6	
1527	-7.5859E-1	8.5938E1	3.4662E0	2.8116E6	
1528	-7.5737E-1	8.7750E1	3.4730E0	2.8138E6	
1529	-7.5905E-1	8.5259E1	3.4800E0	2.8160E6	
1530	-7.5722E-1	8.7976E1	3.4870E0	2.8182E6	
1531	-7.5996E-1	8.3900E1	3.4939E0	2.8204E6	
1532	-7.5905E-1	8.5259E1	3.5008E0	2.8227E6	
1533	-7.6004E-1	8.3787E1	3.5078E0	2.8249E6	
1534	-7.5905E-1	8.5259E1	3.5148E0	2.8271E6	
1535	-7.6012E-1	8.3674E1	3.5217E0	2.8293E6	
1536	-7.5813E-1	8.6618E1	3.5287E0	2.8315E6	
1537	-7.5813E-1	8.6618E1	3.5356E0	2.8338E6	
1538	-7.6080E-1	8.2655E1	3.5426E0	2.8360E6	
1539	-7.5821E-1	8.6504E1	3.5496E0	2.8382E6	
1540	-7.5722E-1	8.7976E1	3.5565E0	2.8404E6	
1541	-7.5844E-1	8.6165E1	3.5635E0	2.8426E6	
1542	-7.6042E-1	8.3221E1	3.5705E0	2.8449E6	
1543	-7.5920E-1	8.5033E1	3.5775E0	2.8471E6	
1544	-7.6088E-1	8.2542E1	3.5845E0	2.8493E6	
1545	-7.6012E-1	8.3674E1	3.5915E0	2.8515E6	
1546	-7.6149E-1	8.1636E1	3.5986E0	2.8537E6	
1547	-7.6103E-1	8.2315E1	3.6055E0	2.8560E6	
1548	-7.6134E-1	8.1862E1	3.6125E0	2.8582E6	
1549	-7.6248E-1	8.0164E1	3.6194E0	2.8604E6	
1550	-7.6370E-1	7.8352E1	3.6265E0	2.8626E6	
1551	-7.5867E-1	8.5825E1	3.6335E0	2.8648E6	
1552	-7.6225E-1	8.0504E1	3.6406E0	2.8671E6	
1553	-7.6263E-1	7.9937E1	3.6477E0	2.8693E6	
1554	-7.6118E-1	8.2089E1	3.6547E0	2.8715E6	
1555	-7.6431E-1	7.7446E1	3.6617E0	2.8737E6	
1556	-7.6118E-1	8.2089E1	3.6687E0	2.8759E6	
1557	-7.6248E-1	8.0164E1	3.6757E0	2.8782E6	
1558	-7.6157E-1	8.1523E1	3.6827E0	2.8804E6	
1559	-7.6393E-1	7.8013E1	3.6897E0	2.8826E6	
1560	-7.6439E-1	7.7333E1	3.6968E0	2.8848E6	
1561	-7.6469E-1	7.6880E1	3.7039E0	2.8870E6	
1562	-7.6462E-1	7.6994E1	3.7110E0	2.8893E6	
1563	-7.6439E-1	7.7333E1	3.7180E0	2.8915E6	
1564	-7.6530E-1	7.5975E1	3.7252E0	2.8937E6	
1565	-7.6561E-1	7.5522E1	3.7322E0	2.8959E6	
1566	-7.6393E-1	7.8013E1	3.7392E0	2.8981E6	
1567	-7.6599E-1	7.4955E1	3.7463E0	2.9004E6	
1568	-7.6843E-1	7.1332E1	3.7535E0	2.9026E6	
1569	-7.6973E-1	6.9407E1	3.7603E0	2.9048E6	
1570	-7.6508E-1	7.6314E1	3.7674E0	2.9070E6	
1571	-7.6752E-1	7.2691E1	3.7746E0	2.9092E6	
1572	-7.6637E-1	7.4389E1	3.7817E0	2.9115E6	
1573	-7.6912E-1	7.0313E1	3.7888E0	2.9137E6	
1574	-7.6797E-1	7.2012E1	3.7959E0	2.9159E6	
1575	-7.6759E-1	7.2578E1	3.8029E0	2.9181E6	
1576	-7.6729E-1	7.3031E1	3.8101E0	2.9203E6	
1577	-7.7187E-1	6.6237E1	3.8171E0	2.9226E6	
1578	-7.7019E-1	6.8728E1	3.8244E0	2.9248E6	
1579	-7.7141E-1	6.6916E1	3.8314E0	2.9270E6	
1580	-7.7126E-1	6.7143E1	3.8386E0	2.9292E6	
1581	-7.7026E-1	6.8615E1	3.8456E0	2.9314E6	
1582	-7.7003E-1	6.8955E1	3.8527E0	2.9337E6	
1583	-7.6988E-1	6.9181E1	3.8599E0	2.9359E6	
1584	-7.6965E-1	6.9521E1	3.8671E0	2.9381E6	
1585	-7.7316E-1	6.4312E1	3.8743E0	2.9403E6	
1586	-7.7019E-1	6.8728E1	3.8813E0	2.9425E6	
1587	-7.7370E-1	6.3520E1	3.8885E0	2.9448E6	
1588	-7.7240E-1	6.5445E1	3.8955E0	2.9470E6	
1589	-7.7278E-1	6.4878E1	3.9027E0	2.9492E6	
1590	-7.7156E-1	6.6690E1	3.9099E0	2.9514E6	
1591	-7.7309E-1	6.4425E1	3.9171E0	2.9536E6	
1592	-7.6965E-1	6.9521E1	3.9242E0	2.9559E6	
1593	-7.7202E-1	6.6011E1	3.9315E0	2.9581E6	
1594	-7.7332E-1	6.4086E1	3.9385E0	2.9603E6	
1595	-7.7515E-1	6.1368E1	3.9457E0	2.9625E6	
1596	-7.7263E-1	6.5105E1	3.9528E0	2.9647E6	
1597	-7.7423E-1	6.2727E1	3.9601E0	2.9670E6	
1598	-7.7286E-1	6.4765E1	3.9672E0	2.9692E6	
1599	-7.7202E-1	6.6011E1	3.9743E0	2.9714E6	
1600	-7.7370E-1	6.3520E1	3.9815E0	2.9736E6	
1601	-7.7538E-1	6.1029E1	3.9887E0	2.9758E6	
1602	-7.7591E-1	6.0236E1	3.9960E0	2.9781E6	
1603	-7.7408E-1	6.2954E1	4.0031E0	2.9803E6	
1604	-7.7606E-1	6.0010E1	4.0105E0	2.9825E6	
1605	-7.7339E-1	6.3973E1	4.0176E0	2.9847E6	
1606	-7.7362E-1	6.3633E1	4.0248E0	2.9869E6	
1607	-7.7309E-1	6.4425E1	4.0320E0	2.9892E6	
1608	-7.7599E-1	6.0123E1	4.0393E0	2.9914E6	
1609	-7.7782E-1	5.7405E1	4.0464E0	2.9936E6	
1610	-7.7545E-1	6.0915E1	4.0537E0	2.9958E6	
1611	-7.7690E-1	5.8764E1	4.0608E0	2.9980E6	
1612	-7.7370E-1	6.3520E1	4.0681E0	3.0003E6	
1613	-7.7492E-1	6.1708E1	4.0753E0	3.0025E6	
1614	-7.7538E-1	6.1029E1	4.0826E0	3.0047E6	
1615	-7.7583E-1	6.0349E1	4.0897E0	3.0069E6	
1616	-7.7690E-1	5.8764E1	4.0970E0	3.0091E6	
1617	-7.7637E-1	5.9557E1	4.1043E0	3.0114E6	
1618	-7.7797E-1	5.7179E1	4.1116E0	3.0136E6	
1619	-7.7560E-1	6.0689E1	4.1187E0	3.0158E6	
1620	-7.7950E-1	5.4915E1	4.1261E0	3.0180E6	
1621	-7.7698E-1	5.8651E1	4.1333E0	3.0202E6	
1622	-7.8018E-1	5.3895E1	4.1405E0	3.0225E6	
1623	-7.8140E-1	5.2084E1	4.1478E0	3.0247E6	
1624	-7.8140E-1	5.2084E1	4.1551E0	3.0269E6	
1625	-7.8148E-1	5.1971E1	4.1623E0	3.0291E6	
1626	-7.7995E-1	5.4235E1	4.1696E0	3.0313E6	
1627	-7.8033E-1	5.3669E1	4.1769E0	3.0336E6	
1628	-7.7965E-1	5.4688E1	4.1842E0	3.0358E6	
1629	-7.8285E-1	4.9933E1	4.1915E0	3.0380E6	
1630	-7.8110E-1	5.2537E1	4.1988E0	3.0402E6	
1631	-7.8003E-1	5.4122E1	4.2060E0	3.0424E6	
1632	-7.8079E-1	5.2990E1	4.2133E0	3.0447E6	
1633	-7.8049E-1	5.3443E1	4.2206E0	3.0469E6	
1634	-7.8232E-1	5.0725E1	4.2278E0	3.0491E6	
1635	-7.8171E-1	5.1631E1	4.2352E0	3.0513E6	
1636	-7.8316E-1	4.9480E1	4.2425E0	3.0535E6	
1637	-7.8369E-1	4.8687E1	4.2499E0	3.0558E6	
1638	-7.8232E-1	5.0725E1	4.2572E0	3.0580E6	
1639	-7.8323E-1	4.9366E1	4.2644E0	3.0602E6	
1640	-7.8346E-1	4.9027E1	4.2717E0	3.0624E6	
1641	-7.8354E-1	4.8914E1	4.2790E0	3.0646E6	
1642	-7.8377E-1	4.8574E1	4.2864E0	3.0669E6	
1643	-7.8552E-1	4.5970E1	4.2937E0	3.0691E6	
1644	-7.8438E-1	4.7668E1	4.3010E0	3.0713E6	
1645	-7.8346E-1	4.9027E1	4.3084E0	3.0735E6	
1646	-7.8583E-1	4.5517E1	4.3157E0	3.0757E6	
1647	-7.8468E-1	4.7215E1	4.3231E0	3.0780E6	
1648	-7.8300E-1	4.9706E1	4.3304E0	3.0802E6	
1649	-7.8476E-1	4.7102E1	4.3378E0	3.0824E6	
1650	-7.8552E-1	4.5970E1	4.3451E0	3.0846E6	
1651	-7.8529E-1	4.6309E1	4.3524E0	3.0868E6	
1652	-7.8796E-1	4.2346E1	4.3597E0	3.0891E6	
1653	-7.8529E-1	4.6309E1	4.3672E0	3.0913E6	
1654	-7.8644E-1	4.4611E1	4.3745E0	3.0935E6	
1655	-7.8613E-1	4.5064E1	4.3818E0	3.0957E6	
1656	-7.8560E-1	4.5856E1	4.3892E0	3.0979E6	
1657	-7.8575E-1	4.5630E1	4.3966E0	3.1002E6	
1658	-7.8789E-1	4.2460E1	4.4039E0	3.1024E6	
1659	-7.8857E-1	4.1441E1	4.4113E0	3.1046E6	
1660	-7.8766E-1	4.2799E1	4.4186E0	3.1068E6	
1661	-7.8789E-1	4.2460E1	4.4260E0	3.1090E6	
1662	-7.8728E-1	4.3365E1	4.4335E0	3.1113E6	
1663	-7.8476E-1	4.7102E1	4.4408E0	3.1135E6	
1664	-7.8880E-1	4.1101E1	4.4482E0	3.1157E6	
1665	-7.8842E-1	4.1667E1	4.4556E0	3.1179E6	
1666	-7.8857E-1	4.1441E1	4.4630E0	3.1201E6	
1667	-7.8842E-1	4.1667E1	4.4704E0	3.1224E6	
1668	-7.8758E-1	4.2913E1	4.4777E0	3.1246E6	
1669	-7.8918E-1	4.0535E1	4.4851E0	3.1268E6	
1670	-7.8880E-1	4.1101E1	4.4925E0	3.1290E6	
1671	-7.8964E-1	3.9855E1	4.4999E0	3.1312E6	
1672	-7.8957E-1	3.9969E1	4.5074E0	3.1335E6	
1673	-7.8835E-1	4.1780E1	4.5146E0	3.1357E6	
1674	-7.8857E-1	4.1441E1	4.5222E0	3.1379E6	
1675	-7.9002E-1	3.9289E1	4.5296E0	3.1401E6	
1676	-7.9300E-1	3.4874E1	4.5370E0	3.1423E6	
1677	-7.8827E-1	4.1894E1	4.5444E0	3.1446E6	
1678	-7.9132E-1	3.7365E1	4.5518E0	3.1468E6	
1679	-7.9269E-1	3.5326E1	4.5592E0	3.1490E6	
1680	-7.9109E-1	3.7704E1	4.5666E0	3.1512E6	
1681	-7.9292E-1	3.4987E1	4.5740E0	3.1534E6	
1682	-7.9346E-1	3.4194E1	4.5815E0	3.1557E6	
1683	-7.9384E-1	3.3628E1	4.5889E0	3.1579E6	
1684	-7.9430E-1	3.2949E1	4.5963E0	3.1601E6	
1685	-7.9124E-1	3.7478E1	4.6039E0	3.1623E6	
1686	-7.9552E-1	3.1137E1	4.6112E0	3.1645E6	
1687	-7.9369E-1	3.3855E1	4.6186E0	3.1668E6	
1688	-7.9559E-1	3.1024E1	4.6260E0	3.1690E6	
1689	-7.9376E-1	3.3741E1	4.6334E0	3.1712E6	
1690	-7.9460E-1	3.2496E1	4.6409E0	3.1734E6	
1691	-7.9544E-1	3.1250E1	4.6483E0	3.1756E6	
1692	-7.9605E-1	3.0345E1	4.6559E0	3.1779E6	
1693	-7.9475E-1	3.2269E1	4.6632E0	3.1801E6	
1694	-7.9613E-1	3.0231E1	4.6707E0	3.1823E6	
1695	-7.9453E-1	3.2609E1	4.6781E0	3.1845E6	
1696	-7.9681E-1	2.9212E1	4.6856E0	3.1867E6	
1697	-7.9681E-1	2.9212E1	4.6931E0	3.1890E6	
1698	-7.9826E-1	2.7061E1	4.7004E0	3.1912E6	
1699	-7.9918E-1	2.5702E1	4.7079E0	3.1934E6	
1700	-7.9865E-1	2.6495E1	4.7154E0	3.1956E6	
1701	-7.9895E-1	2.6042E1	4.7228E0	3.1978E6	
1702	-7.9857E-1	2.6608E1	4.7303E0	3.2001E6	
1703	-8.0002E-1	2.4457E1	4.7377E0	3.2023E6	
1704	-7.9926E-1	2.5589E1	4.7453E0	3.2045E6	
1705	-7.9849E-1	2.6721E1	4.7527E0	3.2067E6	
1706	-7.9842E-1	2.6835E1	4.7601E0	3.2089E6	
1707	-7.9926E-1	2.5589E1	4.7676E0	3.2112E6	
1708	-8.0238E-1	2.0947E1	4.7750E0	3.2134E6	
1709	-7.9956E-1	2.5136E1	4.7825E0	3.2156E6	
1710	-8.0002E-1	2.4457E1	4.7900E0	3.2178E6	
1711	-8.0147E-1	2.2305E1	4.7975E0	3.2200E6	
1712	-7.9857E-1	2.6608E1	4.8049E0	3.2223E6	
1713	-8.0208E-1	2.1400E1	4.8125E0	3.2245E6	
1714	-8.0177E-1	2.1853E1	4.8199E0	3.2267E6	
1715	-8.0109E-1	2.2872E1	4.8274E0	3.2289E6	
1716	-8.0132E-1	2.2532E1	4.8348E0	3.2311E6	
1717	-8.0376E-1	1.8909E1	4.8422E0	3.2334E6	
1718	-8.0139E-1	2.2419E1	4.8498E0	3.2356E6	
1719	-8.0200E-1	2.1513E1	4.8574E0	3.2378E6	
1720	-8.0368E-1	1.9022E1	4.8648E0	3.2400E6	
1721	-8.0116E-1	2.2758E1	4.8723E0	3.2422E6	
1722	-8.0170E-1	2.1966E1	4.8798E0	3.2445E6	
1723	-8.0292E-1	2.0154E1	4.8873E0	3.2467E6	
1724	-8.0383E-1	1.8795E1	4.8948E0	3.2489E6	
1725	-8.0048E-1	2.3777E1	4.9022E0	3.2511E6	
1726	-8.0475E-1	1.7437E1	4.9098E0	3.2533E6	
1727	-8.0208E-1	2.1400E1	4.9172E0	3.2556E6	
1728	-8.0574E-1	1.5965E1	4.9248E0	3.2578E6	
1729	-8.0429E-1	1.8116E1	4.9323E0	3.2600E6	
1730	-8.0315E-1	1.9815E1	4.9397E0	3.2622E6	
1731	-8.0368E-1	1.9022E1	4.9471E0	3.2644E6	
1732	-8.0429E-1	1.8116E1	4.9548E0	3.2667E6	
1733	-8.0475E-1	1.7437E1	4.9623E0	3.2689E6	
1734	-8.0582E-1	1.5852E1	4.9698E0	3.2711E6	
1735	-8.0360E-1	1.9135E1	4.9773E0	3.2733E6	
1736	-8.0513E-1	1.6871E1	4.9848E0	3.2755E6	
1737	-8.0658E-1	1.4719E1	4.9923E0	3.2778E6	
1738	-8.0513E-1	1.6871E1	4.9998E0	3.2800E6	
1739	-8.0772E-1	1.3021E1	5.0073E0	3.2822E6	
1740	-8.0765E-1	1.3134E1	5.0148E0	3.2844E6	
1741	-8.0681E-1	1.4380E1	5.0223E0	3.2866E6	
1742	-8.0795E-1	1.2681E1	5.0299E0	3.2889E6	
1743	-8.0681E-1	1.4380E1	5.0374E0	3.2911E6	
1744	-8.0917E-1	1.0870E1	5.0449E0	3.2933E6	
1745	-8.0849E-1	1.1889E1	5.0524E0	3.2955E6	
1746	-8.0872E-1	1.1549E1	5.0599E0	3.2977E6	
1747	-8.0978E-1	9.9639E0	5.0674E0	3.3000E6	
1748	-8.0872E-1	1.1549E1	5.0750E0	3.3022E6	
1749	-8.0986E-1	9.8507E0	5.0825E0	3.3044E6	
1750	-8.1184E-1	6.9068E0	5.0900E0	3.3066E6	
1751	-8.0849E-1	1.1889E1	5.0975E0	3.3088E6	
1752	-8.0940E-1	1.0530E1	5.1051E0	3.3111E6	
1753	-8.1139E-1	7.5862E0	5.1126E0	3.3133E6	
1754	-8.1154E-1	7.3597E0	5.1201E0	3.3155E6	
1755	-8.1146E-1	7.4729E0	5.1276E0	3.3177E6	
1756	-8.1207E-1	6.5671E0	5.1352E0	3.3199E6	
1757	-8.1116E-1	7.9258E0	5.1427E0	3.3222E6	
1758	-8.1207E-1	6.5671E0	5.1502E0	3.3244E6	
1759	-8.1093E-1	8.2655E0	5.1577E0	3.3266E6	
1760	-8.1444E-1	3.0571E0	5.1652E0	3.3288E6	
1761	-8.1345E-1	4.5291E0	5.1727E0	3.3310E6	
1762	-8.1291E-1	5.3216E0	5.1803E0	3.3333E6	
1763	-8.1383E-1	3.9629E0	5.1879E0	3.3355E6	
1764	-8.1352E-1	4.4158E0	5.1954E0	3.3377E6	
1765	-8.1253E-1	5.8878E0	5.2029E0	3.3399E6	
1766	-8.1314E-1	4.9820E0	5.2104E0	3.3421E6	
1767	-8.1512E-1	2.0381E0	5.2179E0	3.3444E6	
1768	-8.1429E-1	3.2836E0	5.2256E0	3.3466E6	
1769	-8.1268E-1	5.6613E0	5.2330E0	3.3488E6	
1770	-8.1482E-1	2.4910E0	5.2405E0	3.3510E6	
1771	-8.1512E-1	2.0381E0	5.2480E0	3.3532E6	
1772	-8.1451E-1	2.9439E0	5.2555E0	3.3555E6	
1773	-8.1604E-1	6.7938E-1	5.2631E0	3.3577E6	
1774	-8.1566E-1	1.2455E0	5.2705E0	3.3599E6	
1775	-8.1581E-1	1.0191E0	5.2781E0	3.3621E6	
1776	-8.1512E-1	2.0381E0	5.2856E0	3.3643E6	
1777	-8.1635E-1	2.2648E-1	5.2933E0	3.3666E6	
1778	-8.1505E-1	2.1513E0	5.3007E0	3.3688E6	
1779	-8.1650E-1	2.7643E-5	5.3082E0	3.3710E6	
1780	-8.1749E-1	-1.4719E0	5.3158E0	3.3732E6	
1781	-8.1779E-1	-1.9248E0	5.3232E0	3.3754E6	
1782	-8.1573E-1	1.1323E0	5.3309E0	3.3777E6	
1783	-8.1833E-1	-2.7174E0	5.3384E0	3.3799E6	
1784	-8.1673E-1	-3.3965E-1	5.3459E0	3.3821E6	
1785	-8.1711E-1	-9.0578E-1	5.3534E0	3.3843E6	
1786	-8.1879E-1	-3.3967E0	5.3610E0	3.3865E6	
1787	-8.1741E-1	-1.3587E0	5.3685E0	3.3888E6	
1788	-8.1757E-1	-1.5851E0	5.3760E0	3.3910E6	
1789	-8.1970E-1	-4.7555E0	5.3836E0	3.3932E6	
1790	-8.1940E-1	-4.3026E0	5.3865E0	3.3941E6	
1791	-8.1940E-1	-4.3026E0	5.3865E0	3.3941E6	
1792	-8.1940E-1	-4.3026E0	5.3865E0	3.3941E6	
1793	-8.1940E-1	-4.3026E0	5.3865E0	3.3941E6	
1794	-8.1940E-1	-4.3026E0	5.3865E0	3.3941E6	
1795	-8.1940E-1	-4.3026E0	5.3865E0	3.3941E6	
1796	-8.1940E-1	-4.3026E0	5.3865E0	3.3941E6	
1797	-8.1940E-1	-4.3026E0	5.3865E0	3.3941E6	
1798	-8.1940E-1	-4.3026E0	5.3865E0	3.3941E6	
1799	-8.1940E-1	-4.3026E0	5.3865E0	3.3941E6	
1800	-8.1940E-1	-4.3026E0	5.3865E0	3.3941E6	
1801	-8.1940E-1	-4.3026E0	5.3865E0	3.3941E6	
1802	-8.1940E-1	-4.3026E0	5.3865E0	3.3941E6	
1803	-8.1940E-1	-4.3026E0	5.3865E0	3.3941E6	
1804	-8.1940E-1	-4.3026E0	5.3865E0	3.3941E6	
1805	-8.1940E-1	-4.3026E0	5.3865E0	3.3941E6	
1806	-8.1940E-1	-4.3026E0	5.3865E0	3.3941E6	
1807	-8.1940E-1	-4.3026E0	5.3865E0	3.3941E6	
1808	-8.1940E-1	-4.3026E0	5.3865E0	3.3941E6	
1809	-8.1940E-1	-4.3026E0	5.3865E0	3.3941E6	
1810	-8.1940E-1	-4.3026E0	5.3865E0	3.3941E6	
1811	-8.1940E-1	-4.3026E0	5.3865E0	3.3941E6	
1812	-8.1940E-1	-4.3026E0	5.3865E0	3.3941E6	
1813	-8.1940E-1	-4.3026E0	5.3865E0	3.3941E6	
1814	-8.1940E-1	-4.3026E0	5.3865E0	3.3941E6	
1815	-8.1940E-1	-4.3026E0	5.3865E0	3.3941E6	
1816	-8.1940E-1	-4.3026E0	5.3865E0	3.3941E6	
1817	-8.1940E-1	-4.3026E0	5.3865E0	3.3941E6	
1818	-8.1940E-1	-4.3026E0	5.3865E0	3.3941E6	
1819	-8.1940E-1	-4.3026E0	5.3865E0	3.3941E6	
1820	-8.1940E-1	-4.3026E0	5.3865E0	3.3941E6	
1821	-8.1940E-1	-4.3026E0	5.3865E0	3.3941E6	
1822	-8.1940E-1	-4.3026E0	5.3865E0	3.3941E6	
1823	-8.1940E-1	-4.3026E0	5.3865E0	3.3941E6	
1824	-8.1940E-1	-4.3026E0	5.3865E0	3.3941E6	
1825	-8.1940E-1	-4.3026E0	5.3865E0	3.3941E6	
1826	-8.1940E-1	-4.3026E0	5.3865E0	3.3941E6	
1827	-8.1940E-1	-4.3026E0	5.3865E0	3.3941E6	
1828	-8.1940E-1	-4.3026E0	5.3865E0	3.3941E6	
1829	-8.1940E-1	-4.3026E0	5.3865E0	3.3941E6	
1830	-8.1940E-1	-4.3026E0	5.3865E0	3.3941E6	
1831	-8.1940E-1	-4.3026E0	5.3865E0	3.3941E6	
1832	-8.1940E-1	-4.3026E0	5.3865E0	3.3941E6	
1833	-8.1940E-1	-4.3026E0	5.3865E0	3.3941E6	
1834	-8.1940E-1	-4.3026E0	5.3865E0	3.3941E6	
1835	-8.1940E-1	-4.3026E0	5.3865E0	3.3941E6	
1836	-8.1940E-1	-4.3026E0	5.3865E0	3.3941E6	
1837	-8.1940E-1	-4.3026E0	5.3865E0	3.3941E6	
1838	-8.1940E-1	-4.3026E0	5.3865E0	3.3941E6	
1839	-8.1940E-1	-4.3026E0	5.3865E0	3.3941E6	
1840	-8.1940E-1	-4.3026E0	5.3865E0	3.3941E6	
1841	-8.1940E-1	-4.3026E0	5.3865E0	3.3941E6	
1842	-8.1940E-1	-4.3026E0	5.3865E0	3.3941E6	
1843	-8.1940E-1	-4.3026E0	5.3865E0	3.3941E6	
1844	-8.1940E-1	-4.3026E0	5.3865E0	3.3941E6	
1845	-8.1940E-1	-4.3026E0	5.3865E0	3.3941E6	
1846	-8.1940E-1	-4.3026E0	5.3865E0	3.3941E6	
1847	-8.1940E-1	-4.3026E0	5.3865E0	3.3941E6	
1848	-8.1940E-1	-4.3026E0	5.3865E0	3.3941E6	
1849	-8.1940E-1	-4.3026E0	5.3865E0	3.3941E6	
1850	-8.1940E-1	-4.3026E0	5.3865E0	3.3941E6	
1851	-8.1940E-1	-4.3026E0	5.3865E0	3.3941E6	
1852	-8.1940E-1	-4.3026E0	5.3865E0	3.3941E6	
1853	-8.1940E-1	-4.3026E0	5.3865E0	3.3941E6	
1854	-8.1940E-1	-4.3026E0	5.3865E0	3.3941E6	
1855	-8.1940E-1	-4.3026E0	5.3865E0	3.3941E6	
1856	-8.1940E-1	-4.3026E0	5.3865E0	3.3941E6	
1857	-8.1940E-1	-4.3026E0	5.3865E0	3.3941E6	
1858	-8.1940E-1	-4.3026E0	5.3865E0	3.3941E6	
1859	-8.1940E-1	-4.3026E0	5.3865E0	3.3941E6	
1860	-8.1940E-1	-4.3026E0	5.3865E0	3.3941E6	
1861	-8.1940E-1	-4.3026E0	5.3865E0	3.3941E6	
1862	-8.1940E-1	-4.3026E0	5.3865E0	3.3941E6	
1863	-8.1940E-1	-4.3026E0	5.3865E0	3.3941E6	
1864	-8.1940E-1	-4.3026E0	5.3865E0	3.3941E6	
1865	-8.1940E-1	-4.3026E0	5.3865E0	3.3941E6	
1866	-8.1940E-1	-4.3026E0	5.3865E0	3.3941E6	
1867	-8.1940E-1	-4.3026E0	5.3865E0	3.3941E6	
1868	-8.1940E-1	-4.3026E0	5.3865E0	3.3941E6	
1869	-8.1940E-1	-4.3026E0	5.3865E0	3.3941E6	
1870	-8.1940E-1	-4.3026E0	5.3865E0	3.3941E6	
1871	-8.1940E-1	-4.3026E0	5.3865E0	3.3941E6	
1872	-8.1940E-1	-4.3026E0	5.3865E0	3.3941E6	
1873	-8.1940E-1	-4.3026E0	5.3865E0	3.3941E6	
1874	-8.1940E-1	-4.3026E0	5.3865E0	3.3941E6	
1875	-8.1940E-1	-4.3026E0	5.3865E0	3.3941E6	
1876	-8.1940E-1	-4.3026E0	5.3865E0	3.3941E6	
1877	-8.1940E-1	-4.3026E0	5.3865E0	3.3941E6	
1878	-8.1940E-1	-4.3026E0	5.3865E0	3.3941E6	
1879	-8.1940E-1	-4.3026E0	5.3865E0	3.3941E6	
1880	-8.1940E-1	-4.3026E0	5.3865E0	3.3941E6	
1881	-8.1940E-1	-4.3026E0	5.3865E0	3.3941E6	
1882	-8.1940E-1	-4.3026E0	5.3865E0	3.3941E6	
1883	-8.1940E-1	-4.3026E0	5.3865E0	3.3941E6	
1884	-8.1940E-1	-4.3026E0	5.3865E0	3.3941E6	
1885	-8.1940E-1	-4.3026E0	5.3865E0	3.3941E6	
1886	-8.1940E-1	-4.3026E0	5.3865E0	3.3941E6	
1887	-8.1940E-1	-4.3026E0	5.3865E0	3.3941E6	
1888	-8.1940E-1	-4.3026E0	5.3865E0	3.3941E6	
1889	-8.1940E-1	-4.3026E0	5.3865E0	3.3941E6	
1890	-8.1940E-1	-4.3026E0	5.3865E0	3.3941E6	
1891	-8.1940E-1	-4.3026E0	5.3865E0	3.3941E6	
1892	-8.1940E-1	-4.3026E0	5.3865E0	3.3941E6	
1893	-8.1940E-1	-4.3026E0	5.3865E0	3.3941E6	
1894	-8.1940E-1	-4.3026E0	5.3865E0	3.3941E6	
1895	-8.1940E-1	-4.3026E0	5.3865E0	3.3941E6	
1896	-8.1940E-1	-4.3026E0	5.3865E0	3.3941E6	
1897	-8.1940E-1	-4.3026E0	5.3865E0	3.3941E6	
1898	-8.1940E-1	-4.3026E0	5.3865E0	3.3941E6	
1899	-8.1940E-1	-4.3026E0	5.3865E0	3.3941E6	
1900	-8.1940E-1	-4.3026E0	5.3865E0	3.3941E6	
1901	-8.1940E-1	-4.3026E0	5.3865E0	3.3941E6	
1902	-8.1940E-1	-4.3026E0	5.3865E0	3.3941E6	
1903	-8.1940E-1	-4.3026E0	5.3865E0	3.3941E6	
1904	-8.1940E-1	-4.3026E0	5.3865E0	3.3941E6	
1905	-8.1940E-1	-4.3026E0	5.3865E0	3.3941E6	
1906	-8.1940E-1	-4.3026E0	5.3865E0	3.3941E6	
1907	-8.1940E-1	-4.3026E0	5.3865E0	3.3941E6	
1908	-8.1940E-1	-4.3026E0	5.3865E0	3.3941E6	
1909	-8.1940E-1	-4.3026E0	5.3865E0	3.3941E6	
1910	-8.1940E-1	-4.3026E0	5.3865E0	3.3941E6	
1911	-8.1940E-1	-4.3026E0	5.3865E0	3.3941E6	
1912	-8.1940E-1	-4.3026E0	5.3865E0	3.3941E6	
1913	-8.1940E-1	-4.3026E0	5.3865E0	3.3941E6	
1914	-8.1940E-1	-4.3026E0	5.3865E0	3.3941E6	
1915	-8.1940E-1	-4.3026E0	5.3865E0	3.3941E6	
1916	-8.1940E-1	-4.3026E0	5.3865E0	3.3941E6	
1917	-8.1940E-1	-4.3026E0	5.3865E0	3.3941E6	
1918	-8.1940E-1	-4.3026E0	5.3865E0	3.3941E6	
1919	-8.1940E-1	-4.3026E0	5.3865E0	3.3941E6	
1920	-8.1940E-1	-4.3026E0	5.3865E0	3.3941E6	
1921	-8.1940E-1	-4.3026E0	5.3865E0	3.3941E6	
1922	-8.1940E-1	-4.3026E0	5.3865E0	3.3941E6	
1923	-8.1940E-1	-4.3026E0	5.3865E0	3.3941E6	
1924	-8.1940E-1	-4.3026E0	5.3865E0	3.3941E6	
1925	-8.1940E-1	-4.3026E0	5.3865E0	3.3941E6	
1926	-8.1940E-1	-4.3026E0	5.3865E0	3.3941E6	
1927	-8.1940E-1	-4.3026E0	5.3865E0	3.3941E6	
1928	-8.1940E-1	-4.3026E0	5.3865E0	3.3941E6	
1929	-8.1940E-1	-4.3026E0	5.3865E0	3.3941E6	
1930	-8.1940E-1	-4.3026E0	5.3865E0	3.3941E6	
1931	-8.1940E-1	-4.3026E0	5.3865E0	3.3941E6	
1932	-8.1940E-1	-4.3026E0	5.3865E0	3.3941E6	
1933	-8.1940E-1	-4.3026E0	5.3865E0	3.3941E6	
1934	-8.1940E-1	-4.3026E0	5.3865E0	3.3941E6	
1935	-8.1940E-1	-4.3026E0	5.3865E0	3.3941E6	
1936	-8.1940E-1	-4.3026E0	5.3865E0	3.3941E6	
1937	-8.1940E-1	-4.3026E0	5.3865E0	3.3941E6	
1938	-8.1940E-1	-4.3026E0	5.3865E0	3.3941E6	
1939	-8.1940E-1	-4.3026E0	5.3865E0	3.3941E6	
1940	-8.1940E-1	-4.3026E0	5.3865E0	3.3941E6	
1941	-8.1940E-1	-4.3026E0	5.3865E0	3.3941E6	
1942	-8.1940E-1	-4.3026E0	5.3865E0	3.3941E6	
1943	-8.1940E-1	-4.3026E0	5.3865E0	3.3941E6	
1944	-8.1940E-1	-4.3026E0	5.3865E0	3.3941E6	
1945	-8.1940E-1	-4.3026E0	5.3865E0	3.3941E6	
1946	-8.1940E-1	-4.3026E0	5.3865E0	3.3941E6	
1947	-8.1940E-1	-4.3026E0	5.3865E0	3.3941E6	
1948	-8.1940E-1	-4.3026E0	5.3865E0	3.3941E6	
1949	-8.1940E-1	-4.3026E0	5.3865E0	3.3941E6	
1950	-8.1940E-1	-4.3026E0	5.3865E0	3.3941E6	
1951	-8.1940E-1	-4.3026E0	5.3865E0	3.3941E6	
1952	-8.1940E-1	-4.3026E0	5.3865E0	3.3941E6	
1953	-8.1940E-1	-4.3026E0	5.3865E0	3.3941E6	
1954	-8.1940E-1	-4.3026E0	5.3865E0	3.3941E6	
1955	-8.1940E-1	-4.3026E0	5.3865E0	3.3941E6	
1956	-8.1940E-1	-4.3026E0	5.3865E0	3.3941E6	
1957	-8.1940E-1	-4.3026E0	5.3865E0	3.3941E6	
1958	-8.1940E-1	-4.3026E0	5.3865E0	3.3941E6	
1959	-8.1940E-1	-4.3026E0	5.3865E0	3.3941E6	
1960	-8.1940E-1	-4.3026E0	5.3865E0	3.3941E6	
1961	-8.1940E-1	-4.3026E0	5.3865E0	3.3941E6	
1962	-8.1940E-1	-4.3026E0	5.3865E0	3.3941E6	
1963	-8.1940E-1	-4.3026E0	5.3865E0	3.3941E6	
1964	-8.1940E-1	-4.3026E0	5.3865E0	3.3941E6	
1965	-8.1940E-1	-4.3026E0	5.3865E0	3.3941E6	
1966	-8.1940E-1	-4.3026E0	5.3865E0	3.3941E6	
1967	-8.1940E-1	-4.3026E0	5.3865E0	3.3941E6	
1968	-8.1940E-1	-4.3026E0	5.3865E0	3.3941E6	
1969	-8.1940E-1	-4.3026E0	5.3865E0	3.3941E6	
1970	-8.1940E-1	-4.3026E0	5.3865E0	3.3941E6	
1971	-8.1940E-1	-4.3026E0	5.3865E0	3.3941E6	
1972	-8.1940E-1	-4.3026E0	5.3865E0	3.3941E6	
1973	-8.1940E-1	-4.3026E0	5.3865E0	3.3941E6	
1974	-8.1940E-1	-4.3026E0	5.3865E0	3.3941E6	
1975	-8.1940E-1	-4.3026E0	5.3865E0	3.3941E6	
1976	-8.1940E-1	-4.3026E0	5.3865E0	3.3941E6	
1977	-8.1940E-1	-4.3026E0	5.3865E0	3.3941E6	
1978	-8.1940E-1	-4.3026E0	5.3865E0	3.3941E6	
1979	-8.1940E-1	-4.3026E0	5.3865E0	3.3941E6	
1980	-8.1940E-1	-4.3026E0	5.3865E0	3.3941E6	
1981	-8.1940E-1	-4.3026E0	5.3865E0	3.3941E6	
1982	-8.1940E-1	-4.3026E0	5.3865E0	3.3941E6	
1983	-8.1940E-1	-4.3026E0	5.3865E0	3.3941E6	
1984	-8.1940E-1	-4.3026E0	5.3865E0	3.3941E6	
1985	-8.1940E-1	-4.3026E0	5.3865E0	3.3941E6	
1986	-8.1940E-1	-4.3026E0	5.3865E0	3.3941E6	
1987	-8.1940E-1	-4.3026E0	5.3865E0	3.3941E6	
1988	-8.1940E-1	-4.3026E0	5.3865E0	3.3941E6	
1989	-8.1940E-1	-4.3026E0	5.3865E0	3.3941E6	
1990	-8.1940E-1	-4.3026E0	5.3865E0	3.3941E6	
1991	-8.1940E-1	-4.3026E0	5.3865E0	3.3941E6	
1992	-8.1940E-1	-4.3026E0	5.3865E0	3.3941E6	
1993	-8.1940E-1	-4.3026E0	5.3865E0	3.3941E6	
1994	-8.1940E-1	-4.3026E0	5.3865E0	3.3941E6	
1995	-8.1940E-1	-4.3026E0	5.3865E0	3.3941E6	
1996	-8.1940E-1	-4.3026E0	5.3865E0	3.3941E6	
1997	-8.1940E-1	-4.3026E0	5.3865E0	3.3941E6	
1998	-8.1940E-1	-4.3026E0	5.3865E0	3.3941E6	
1999	-8.1940E-1	-4.3026E0	5.3865E0	3.3941E6	
2000	-8.1940E-1	-4.3026E0	5.3865E0	3.3941E6	
2001	-8.1940E-1	-4.3026E0	5.3865E0	3.3941E6	
2002	-8.1940E-1	-4.3026E0	5.3865E0	3.3941E6	
2003	-8.1940E-1	-4.3026E0	5.3865E0	3.3941E6	
2004	-8.1940E-1	-4.3026E0	5.3865E0	3.3941E6	
2005	-8.1940E-1	-4.3026E0	5.3865E0	3.3941E6	
2006	-8.1940E-1	-4.3026E0	5.3865E0	3.3941E6	
2007	-8.1940E-1	-4.3026E0	5.3865E0	3.3941E6	
2008	-8.1940E-1	-4.3026E0	5.3865E0	3.3941E6	
2009	-8.1940E-1	-4.3026E0	5.3865E0	3.3941E6	
2010	-8.1940E-1	-4.3026E0	5.3865E0	3.3941E6	
2011	-8.1940E-1	-4.3026E0	5.3865E0	3.3941E6	
2012	-8.1940E-1	-4.3026E0	5.3865E0	3.3941E6	
2013	-8.1940E-1	-4.3026E0	5.3865E0	3.3941E6	
2014	-8.1940E-1	-4.3026E0	5.3865E0	3.3941E6	
2015	-8.1940E-1	-4.3026E0	5.3865E0	3.3941E6	
2016	-8.1940E-1	-4.3026E0	5.3865E0	3.3941E6	
2017	-8.1940E-1	-4.3026E0	5.3865E0	3.3941E6	
2018	-8.1940E-1	-4.3026E0	5.3865E0	3.3941E6	
2019	-8.1940E-1	-4.3026E0	5.3865E0	3.3941E6	
2020	-8.1940E-1	-4.3026E0	5.3865E0	3.3941E6	
2021	-8.1940E-1	-4.3026E0	5.3865E0	3.3941E6	
2022	-8.1940E-1	-4.3026E0	5.3865E0	3.3941E6	
2023	-8.1940E-1	-4.3026E0	5.3865E0	3.3941E6	
2024	-8.1940E-1	-4.3026E0	5.3865E0	3.3941E6	
2025	-8.1940E-1	-4.3026E0	5.3865E0	3.3941E6	
2026	-8.1940E-1	-4.3026E0	5.3865E0	3.3941E6	
2027	-8.1940E-1	-4.3026E0	5.3865E0	3.3941E6	
2028	-8.1940E-1	-4.3026E0	5.3865E0	3.3941E6	
2029	-8.1940E-1	-4.3026E0	5.3865E0	3.3941E6	
2030	-8.1940E-1	-4.3026E0	5.3865E0	3.3941E6	
2031	-8.1940E-1	-4.3026E0	5.3865E0	3.3941E6	
2032	-8.1940E-1	-4.3026E0	5.3865E0	3.3941E6	
2033	-8.1940E-1	-4.3026E0	5.3865E0	3.3941E6	
2034	-8.1940E-1	-4.3026E0	5.3865E0	3.3941E6	
2035	-8.1940E-1	-4.3026E0	5.3865E0	3.3941E6	
2036	-8.1940E-1	-4.3026E0	5.3865E0	3.3941E6	
2037	-8.1940E-1	-4.3026E0	5.3865E0	3.3941E6	
2038	-8.1940E-1	-4.3026E0	5.3865E0	3.3941E6	
2039	-8.1940E-1	-4.3026E0	5.3865E0	3.3941E6	
2040	-8.1940E-1	-4.3026E0	5.3865E0	3.3941E6	
2041	-8.1940E-1	-4.3026E0	5.3865E0	3.3941E6	
2042	-8.1940E-1	-4.3026E0	5.3865E0	3.3941E6	
2043	-8.1940E-1	-4.3026E0	5.3865E0	3.3941E6	
2044	-8.1940E-1	-4.3026E0	5.3865E0	3.3941E6	
2045	-8.1940E-1	-4.3026E0	5.3865E0	3.3941E6	
2046	-8.1940E-1	-4.3026E0	5.3865E0	3.3941E6	
2047	-8.1940E-1	-4.3026E0	5.3865E0	3.3941E6	
2048	-8.1940E-1	-4.3026E0	5.3865E0	3.3941E6	
