point 125
Index	Vertical (A-B)	Force	Z Height	Time Stamp	
     	V	nN	?m	?sec	
1	-8.0986E-1	1.9821E-1	5.3356E0	1.2000E2	
2	-8.1001E-1	-2.8237E-2	5.3342E0	2.3400E3	
3	-8.0948E-1	7.6434E-1	5.3315E0	4.5600E3	
4	-8.1009E-1	-1.4146E-1	5.3285E0	6.7800E3	
5	-8.1024E-1	-3.6791E-1	5.3251E0	9.0000E3	
6	-8.0925E-1	1.1040E0	5.3215E0	1.1220E4	
7	-8.0940E-1	8.7757E-1	5.3177E0	1.3440E4	
8	-8.0933E-1	9.9079E-1	5.3138E0	1.5660E4	
9	-8.1078E-1	-1.1605E0	5.3098E0	1.7880E4	
10	-8.0940E-1	8.7757E-1	5.3056E0	2.0100E4	
11	-8.1146E-1	-2.1795E0	5.3014E0	2.2320E4	
12	-8.0956E-1	6.5112E-1	5.2973E0	2.4540E4	
13	-8.0933E-1	9.9079E-1	5.2929E0	2.6760E4	
14	-8.1131E-1	-1.9531E0	5.2885E0	2.8980E4	
15	-8.0879E-1	1.7834E0	5.2841E0	3.1200E4	
16	-8.0978E-1	3.1144E-1	5.2796E0	3.3420E4	
17	-8.0917E-1	1.2172E0	5.2752E0	3.5640E4	
18	-8.0788E-1	3.1421E0	5.2706E0	3.7860E4	
19	-8.1009E-1	-1.4146E-1	5.2660E0	4.0080E4	
20	-8.0963E-1	5.3789E-1	5.2614E0	4.2300E4	
21	-8.0963E-1	5.3789E-1	5.2568E0	4.4520E4	
22	-8.0742E-1	3.8214E0	5.2522E0	4.6740E4	
23	-8.0994E-1	8.4988E-2	5.2475E0	4.8960E4	
24	-8.0795E-1	3.0289E0	5.2428E0	5.1180E4	
25	-8.0795E-1	3.0289E0	5.2382E0	5.3400E4	
26	-8.0582E-1	6.1992E0	5.2334E0	5.5620E4	
27	-8.0696E-1	4.5008E0	5.2288E0	5.7840E4	
28	-8.0795E-1	3.0289E0	5.2239E0	6.0060E4	
29	-8.0765E-1	3.4818E0	5.2191E0	6.2280E4	
30	-8.0872E-1	1.8966E0	5.2143E0	6.4500E4	
31	-8.1009E-1	-1.4146E-1	5.2097E0	6.6720E4	
32	-8.0597E-1	5.9727E0	5.2048E0	6.8940E4	
33	-8.0727E-1	4.0479E0	5.2000E0	7.1160E4	
34	-8.0589E-1	6.0860E0	5.1951E0	7.3380E4	
35	-8.0742E-1	3.8214E0	5.1903E0	7.5600E4	
36	-8.0727E-1	4.0479E0	5.1854E0	7.7820E4	
37	-8.0696E-1	4.5008E0	5.1806E0	8.0040E4	
38	-8.0475E-1	7.7843E0	5.1757E0	8.2260E4	
39	-8.0559E-1	6.5389E0	5.1708E0	8.4480E4	
40	-8.0284E-1	1.0615E1	5.1659E0	8.6700E4	
41	-8.0467E-1	7.8976E0	5.1610E0	8.8920E4	
42	-8.0696E-1	4.5008E0	5.1560E0	9.1140E4	
43	-8.0666E-1	4.9537E0	5.1511E0	9.3360E4	
44	-8.0421E-1	8.5769E0	5.1462E0	9.5580E4	
45	-8.0559E-1	6.5389E0	5.1412E0	9.7800E4	
46	-8.0498E-1	7.4447E0	5.1362E0	1.0002E5	
47	-8.0574E-1	6.3124E0	5.1312E0	1.0224E5	
48	-8.0261E-1	1.0955E1	5.1263E0	1.0446E5	
49	-8.0177E-1	1.2200E1	5.1213E0	1.0668E5	
50	-8.0246E-1	1.1181E1	5.1163E0	1.0890E5	
51	-8.0345E-1	9.7092E0	5.1113E0	1.1112E5	
52	-8.0299E-1	1.0389E1	5.1064E0	1.1334E5	
53	-8.0383E-1	9.1430E0	5.1014E0	1.1556E5	
54	-8.0414E-1	8.6901E0	5.0961E0	1.1778E5	
55	-8.0139E-1	1.2766E1	5.0912E0	1.2000E5	
56	-8.0055E-1	1.4012E1	5.0862E0	1.2222E5	
57	-8.0521E-1	7.1050E0	5.0811E0	1.2444E5	
58	-8.0170E-1	1.2313E1	5.0761E0	1.2666E5	
59	-8.0406E-1	8.8034E0	5.0710E0	1.2888E5	
60	-8.0330E-1	9.9356E0	5.0660E0	1.3110E5	
61	-8.0261E-1	1.0955E1	5.0609E0	1.3332E5	
62	-7.9994E-1	1.4918E1	5.0558E0	1.3554E5	
63	-8.0185E-1	1.2087E1	5.0507E0	1.3776E5	
64	-8.0467E-1	7.8976E0	5.0456E0	1.3998E5	
65	-8.0116E-1	1.3106E1	5.0404E0	1.4220E5	
66	-8.0269E-1	1.0841E1	5.0355E0	1.4442E5	
67	-8.0063E-1	1.3899E1	5.0302E0	1.4664E5	
68	-8.0124E-1	1.2993E1	5.0252E0	1.4886E5	
69	-7.9842E-1	1.7182E1	5.0200E0	1.5108E5	
70	-7.9956E-1	1.5484E1	5.0149E0	1.5330E5	
71	-8.0116E-1	1.3106E1	5.0097E0	1.5552E5	
72	-8.0429E-1	8.4637E0	5.0046E0	1.5774E5	
73	-7.9948E-1	1.5597E1	4.9994E0	1.5996E5	
74	-7.9773E-1	1.8201E1	4.9943E0	1.6218E5	
75	-7.9948E-1	1.5597E1	4.9890E0	1.6440E5	
76	-8.0078E-1	1.3672E1	4.9838E0	1.6662E5	
77	-8.0002E-1	1.4804E1	4.9786E0	1.6884E5	
78	-7.9849E-1	1.7069E1	4.9735E0	1.7106E5	
79	-7.9895E-1	1.6389E1	4.9683E0	1.7328E5	
80	-7.9979E-1	1.5144E1	4.9631E0	1.7550E5	
81	-8.0070E-1	1.3785E1	4.9578E0	1.7772E5	
82	-7.9712E-1	1.9107E1	4.9528E0	1.7994E5	
83	-7.9796E-1	1.7861E1	4.9474E0	1.8216E5	
84	-7.9559E-1	2.1371E1	4.9423E0	1.8438E5	
85	-7.9742E-1	1.8654E1	4.9370E0	1.8660E5	
86	-7.9704E-1	1.9220E1	4.9318E0	1.8882E5	
87	-7.9895E-1	1.6389E1	4.9264E0	1.9104E5	
88	-7.9567E-1	2.1258E1	4.9212E0	1.9326E5	
89	-7.9742E-1	1.8654E1	4.9159E0	1.9548E5	
90	-7.9857E-1	1.6956E1	4.9107E0	1.9770E5	
91	-7.9529E-1	2.1824E1	4.9054E0	1.9992E5	
92	-7.9956E-1	1.5484E1	4.9002E0	2.0214E5	
93	-7.9887E-1	1.6503E1	4.8949E0	2.0436E5	
94	-7.9872E-1	1.6729E1	4.8896E0	2.0658E5	
95	-7.9872E-1	1.6729E1	4.8842E0	2.0880E5	
96	-7.9849E-1	1.7069E1	4.8789E0	2.1102E5	
97	-7.9773E-1	1.8201E1	4.8737E0	2.1324E5	
98	-7.9552E-1	2.1485E1	4.8684E0	2.1546E5	
99	-7.9582E-1	2.1032E1	4.8631E0	2.1768E5	
100	-7.9597E-1	2.0805E1	4.8577E0	2.1990E5	
101	-7.9727E-1	1.8880E1	4.8524E0	2.2212E5	
102	-7.9506E-1	2.2164E1	4.8470E0	2.2434E5	
103	-7.9575E-1	2.1145E1	4.8417E0	2.2656E5	
104	-7.9597E-1	2.0805E1	4.8363E0	2.2878E5	
105	-7.9834E-1	1.7295E1	4.8311E0	2.3100E5	
106	-7.9430E-1	2.3296E1	4.8257E0	2.3322E5	
107	-7.9681E-1	1.9560E1	4.8203E0	2.3544E5	
108	-7.9491E-1	2.2390E1	4.8149E0	2.3766E5	
109	-7.9422E-1	2.3409E1	4.8096E0	2.3988E5	
110	-7.9468E-1	2.2730E1	4.8042E0	2.4210E5	
111	-7.9208E-1	2.6580E1	4.7988E0	2.4432E5	
112	-7.9475E-1	2.2617E1	4.7934E0	2.4654E5	
113	-7.9353E-1	2.4429E1	4.7880E0	2.4876E5	
114	-7.9346E-1	2.4542E1	4.7826E0	2.5098E5	
115	-7.9338E-1	2.4655E1	4.7772E0	2.5320E5	
116	-7.9254E-1	2.5900E1	4.7717E0	2.5542E5	
117	-7.9445E-1	2.3070E1	4.7664E0	2.5764E5	
118	-7.9132E-1	2.7712E1	4.7609E0	2.5986E5	
119	-7.9155E-1	2.7372E1	4.7555E0	2.6208E5	
120	-7.9514E-1	2.2051E1	4.7500E0	2.6430E5	
121	-7.9185E-1	2.6919E1	4.7446E0	2.6652E5	
122	-7.9247E-1	2.6014E1	4.7391E0	2.6874E5	
123	-7.9201E-1	2.6693E1	4.7336E0	2.7096E5	
124	-7.9239E-1	2.6127E1	4.7281E0	2.7318E5	
125	-7.9201E-1	2.6693E1	4.7228E0	2.7540E5	
126	-7.9155E-1	2.7372E1	4.7173E0	2.7762E5	
127	-7.9025E-1	2.9297E1	4.7119E0	2.7984E5	
128	-7.9109E-1	2.8052E1	4.7063E0	2.8206E5	
129	-7.9323E-1	2.4881E1	4.7008E0	2.8428E5	
130	-7.9086E-1	2.8391E1	4.6953E0	2.8650E5	
131	-7.9239E-1	2.6127E1	4.6898E0	2.8872E5	
132	-7.9178E-1	2.7033E1	4.6843E0	2.9094E5	
133	-7.8972E-1	3.0090E1	4.6788E0	2.9316E5	
134	-7.8949E-1	3.0429E1	4.6733E0	2.9538E5	
135	-7.9063E-1	2.8731E1	4.6678E0	2.9760E5	
136	-7.9033E-1	2.9184E1	4.6622E0	2.9982E5	
137	-7.8720E-1	3.3826E1	4.6567E0	3.0204E5	
138	-7.9071E-1	2.8618E1	4.6511E0	3.0426E5	
139	-7.8964E-1	3.0203E1	4.6456E0	3.0648E5	
140	-7.8949E-1	3.0429E1	4.6401E0	3.0870E5	
141	-7.8720E-1	3.3826E1	4.6346E0	3.1092E5	
142	-7.8796E-1	3.2694E1	4.6290E0	3.1314E5	
143	-7.8903E-1	3.1109E1	4.6235E0	3.1536E5	
144	-7.9056E-1	2.8844E1	4.6178E0	3.1758E5	
145	-7.8735E-1	3.3600E1	4.6122E0	3.1980E5	
146	-7.9048E-1	2.8958E1	4.6067E0	3.2202E5	
147	-7.8606E-1	3.5525E1	4.6011E0	3.2424E5	
148	-7.8728E-1	3.3713E1	4.5955E0	3.2646E5	
149	-7.8735E-1	3.3600E1	4.5899E0	3.2868E5	
150	-7.8598E-1	3.5638E1	4.5844E0	3.3090E5	
151	-7.8606E-1	3.5525E1	4.5788E0	3.3312E5	
152	-7.8621E-1	3.5298E1	4.5731E0	3.3534E5	
153	-7.8651E-1	3.4845E1	4.5674E0	3.3756E5	
154	-7.8575E-1	3.5978E1	4.5618E0	3.3978E5	
155	-7.8369E-1	3.9035E1	4.5562E0	3.4200E5	
156	-7.8575E-1	3.5978E1	4.5506E0	3.4422E5	
157	-7.8697E-1	3.4166E1	4.5450E0	3.4644E5	
158	-7.8583E-1	3.5864E1	4.5393E0	3.4866E5	
159	-7.8552E-1	3.6317E1	4.5336E0	3.5088E5	
160	-7.8423E-1	3.8242E1	4.5279E0	3.5310E5	
161	-7.8430E-1	3.8129E1	4.5223E0	3.5532E5	
162	-7.8362E-1	3.9148E1	4.5167E0	3.5754E5	
163	-7.8552E-1	3.6317E1	4.5110E0	3.5976E5	
164	-7.8453E-1	3.7789E1	4.5053E0	3.6198E5	
165	-7.8476E-1	3.7449E1	4.4996E0	3.6420E5	
166	-7.8461E-1	3.7676E1	4.4939E0	3.6642E5	
167	-7.8400E-1	3.8582E1	4.4882E0	3.6864E5	
168	-7.8491E-1	3.7223E1	4.4826E0	3.7086E5	
169	-7.8514E-1	3.6883E1	4.4768E0	3.7308E5	
170	-7.8224E-1	4.1186E1	4.4711E0	3.7530E5	
171	-7.8415E-1	3.8355E1	4.4655E0	3.7752E5	
172	-7.8415E-1	3.8355E1	4.4598E0	3.7974E5	
173	-7.8217E-1	4.1299E1	4.4541E0	3.8196E5	
174	-7.8331E-1	3.9601E1	4.4484E0	3.8418E5	
175	-7.8255E-1	4.0733E1	4.4426E0	3.8640E5	
176	-7.8209E-1	4.1412E1	4.4368E0	3.8862E5	
177	-7.8247E-1	4.0846E1	4.4312E0	3.9084E5	
178	-7.8369E-1	3.9035E1	4.4253E0	3.9306E5	
179	-7.8079E-1	4.3337E1	4.4196E0	3.9528E5	
180	-7.8056E-1	4.3677E1	4.4139E0	3.9750E5	
181	-7.8217E-1	4.1299E1	4.4082E0	3.9972E5	
182	-7.8232E-1	4.1073E1	4.4023E0	4.0194E5	
183	-7.8140E-1	4.2431E1	4.3966E0	4.0416E5	
184	-7.8217E-1	4.1299E1	4.3908E0	4.0638E5	
185	-7.7988E-1	4.4696E1	4.3850E0	4.0860E5	
186	-7.8011E-1	4.4356E1	4.3793E0	4.1082E5	
187	-7.7965E-1	4.5036E1	4.3734E0	4.1304E5	
188	-7.8041E-1	4.3903E1	4.3676E0	4.1526E5	
189	-7.8079E-1	4.3337E1	4.3618E0	4.1748E5	
190	-7.8079E-1	4.3337E1	4.3561E0	4.1970E5	
191	-7.8049E-1	4.3790E1	4.3502E0	4.2192E5	
192	-7.8102E-1	4.2998E1	4.3445E0	4.2414E5	
193	-7.8117E-1	4.2771E1	4.3387E0	4.2636E5	
194	-7.7988E-1	4.4696E1	4.3328E0	4.2858E5	
195	-7.7728E-1	4.8546E1	4.3270E0	4.3080E5	
196	-7.8026E-1	4.4130E1	4.3212E0	4.3302E5	
197	-7.7873E-1	4.6394E1	4.3153E0	4.3524E5	
198	-7.7759E-1	4.8093E1	4.3095E0	4.3746E5	
199	-7.7629E-1	5.0018E1	4.3037E0	4.3968E5	
200	-7.7782E-1	4.7753E1	4.2978E0	4.4190E5	
201	-7.8072E-1	4.3450E1	4.2921E0	4.4412E5	
202	-7.7744E-1	4.8319E1	4.2862E0	4.4634E5	
203	-7.7820E-1	4.7187E1	4.2802E0	4.4856E5	
204	-7.7866E-1	4.6508E1	4.2744E0	4.5078E5	
205	-7.7652E-1	4.9678E1	4.2685E0	4.5300E5	
206	-7.7797E-1	4.7527E1	4.2626E0	4.5522E5	
207	-7.7789E-1	4.7640E1	4.2567E0	4.5744E5	
208	-7.7690E-1	4.9112E1	4.2509E0	4.5966E5	
209	-7.7820E-1	4.7187E1	4.2450E0	4.6188E5	
210	-7.7576E-1	5.0810E1	4.2392E0	4.6410E5	
211	-7.7690E-1	4.9112E1	4.2332E0	4.6632E5	
212	-7.7682E-1	4.9225E1	4.2274E0	4.6854E5	
213	-7.7583E-1	5.0697E1	4.2214E0	4.7076E5	
214	-7.7438E-1	5.2848E1	4.2155E0	4.7298E5	
215	-7.7835E-1	4.6960E1	4.2096E0	4.7520E5	
216	-7.7454E-1	5.2622E1	4.2037E0	4.7742E5	
217	-7.7766E-1	4.7979E1	4.1977E0	4.7964E5	
218	-7.7232E-1	5.5905E1	4.1919E0	4.8186E5	
219	-7.7446E-1	5.2735E1	4.1860E0	4.8408E5	
220	-7.7621E-1	5.0131E1	4.1799E0	4.8630E5	
221	-7.7309E-1	5.4773E1	4.1740E0	4.8852E5	
222	-7.7538E-1	5.1376E1	4.1681E0	4.9074E5	
223	-7.7309E-1	5.4773E1	4.1621E0	4.9296E5	
224	-7.7431E-1	5.2961E1	4.1562E0	4.9518E5	
225	-7.7591E-1	5.0584E1	4.1503E0	4.9740E5	
226	-7.7110E-1	5.7717E1	4.1443E0	4.9962E5	
227	-7.6935E-1	6.0321E1	4.1383E0	5.0184E5	
228	-7.7385E-1	5.3641E1	4.1323E0	5.0406E5	
229	-7.7339E-1	5.4320E1	4.1264E0	5.0628E5	
230	-7.7034E-1	5.8849E1	4.1205E0	5.0850E5	
231	-7.7293E-1	5.4999E1	4.1145E0	5.1072E5	
232	-7.7217E-1	5.6132E1	4.1084E0	5.1294E5	
233	-7.7057E-1	5.8509E1	4.1025E0	5.1516E5	
234	-7.7286E-1	5.5113E1	4.0965E0	5.1738E5	
235	-7.7232E-1	5.5905E1	4.0905E0	5.1960E5	
236	-7.7194E-1	5.6471E1	4.0845E0	5.2182E5	
237	-7.7202E-1	5.6358E1	4.0785E0	5.2404E5	
238	-7.7248E-1	5.5679E1	4.0725E0	5.2626E5	
239	-7.7263E-1	5.5452E1	4.0664E0	5.2848E5	
240	-7.7110E-1	5.7717E1	4.0604E0	5.3070E5	
241	-7.7110E-1	5.7717E1	4.0545E0	5.3292E5	
242	-7.6897E-1	6.0887E1	4.0484E0	5.3514E5	
243	-7.7003E-1	5.9302E1	4.0425E0	5.3736E5	
244	-7.7026E-1	5.8962E1	4.0364E0	5.3958E5	
245	-7.6904E-1	6.0774E1	4.0304E0	5.4180E5	
246	-7.6904E-1	6.0774E1	4.0243E0	5.4402E5	
247	-7.7080E-1	5.8170E1	4.0183E0	5.4624E5	
248	-7.6904E-1	6.0774E1	4.0122E0	5.4846E5	
249	-7.6843E-1	6.1680E1	4.0061E0	5.5068E5	
250	-7.6859E-1	6.1453E1	4.0001E0	5.5290E5	
251	-7.6866E-1	6.1340E1	3.9940E0	5.5512E5	
252	-7.6935E-1	6.0321E1	3.9880E0	5.5734E5	
253	-7.6645E-1	6.4624E1	3.9819E0	5.5956E5	
254	-7.6721E-1	6.3491E1	3.9759E0	5.6178E5	
255	-7.6775E-1	6.2699E1	3.9698E0	5.6400E5	
256	-7.6653E-1	6.4510E1	3.9638E0	5.6622E5	
257	-7.6744E-1	6.3152E1	3.9577E0	5.6844E5	
258	-7.6836E-1	6.1793E1	3.9516E0	5.7066E5	
259	-7.6530E-1	6.6322E1	3.9454E0	5.7288E5	
260	-7.6729E-1	6.3378E1	3.9393E0	5.7510E5	
261	-7.6637E-1	6.4737E1	3.9334E0	5.7732E5	
262	-7.6607E-1	6.5190E1	3.9272E0	5.7954E5	
263	-7.6447E-1	6.7568E1	3.9210E0	5.8176E5	
264	-7.6591E-1	6.5416E1	3.9149E0	5.8398E5	
265	-7.6797E-1	6.2359E1	3.9088E0	5.8620E5	
266	-7.6660E-1	6.4397E1	3.9027E0	5.8842E5	
267	-7.6561E-1	6.5869E1	3.8966E0	5.9064E5	
268	-7.6836E-1	6.1793E1	3.8904E0	5.9286E5	
269	-7.6469E-1	6.7228E1	3.8843E0	5.9508E5	
270	-7.6447E-1	6.7568E1	3.8782E0	5.9730E5	
271	-7.6492E-1	6.6888E1	3.8720E0	5.9952E5	
272	-7.6614E-1	6.5077E1	3.8660E0	6.0174E5	
273	-7.6500E-1	6.6775E1	3.8597E0	6.0396E5	
274	-7.6324E-1	6.9379E1	3.8536E0	6.0618E5	
275	-7.6286E-1	6.9945E1	3.8475E0	6.0840E5	
276	-7.6447E-1	6.7568E1	3.8414E0	6.1062E5	
277	-7.6355E-1	6.8926E1	3.8352E0	6.1284E5	
278	-7.6447E-1	6.7568E1	3.8290E0	6.1506E5	
279	-7.6286E-1	6.9945E1	3.8228E0	6.1728E5	
280	-7.6309E-1	6.9606E1	3.8167E0	6.1950E5	
281	-7.6134E-1	7.2210E1	3.8105E0	6.2172E5	
282	-7.6164E-1	7.1757E1	3.8043E0	6.2394E5	
283	-7.6309E-1	6.9606E1	3.7981E0	6.2616E5	
284	-7.6355E-1	6.8926E1	3.7920E0	6.2838E5	
285	-7.6187E-1	7.1417E1	3.7858E0	6.3060E5	
286	-7.6134E-1	7.2210E1	3.7795E0	6.3282E5	
287	-7.6042E-1	7.3568E1	3.7734E0	6.3504E5	
288	-7.6134E-1	7.2210E1	3.7672E0	6.3726E5	
289	-7.5981E-1	7.4474E1	3.7610E0	6.3948E5	
290	-7.6096E-1	7.2776E1	3.7548E0	6.4170E5	
291	-7.5989E-1	7.4361E1	3.7486E0	6.4392E5	
292	-7.6050E-1	7.3455E1	3.7423E0	6.4614E5	
293	-7.6141E-1	7.2097E1	3.7361E0	6.4836E5	
294	-7.5890E-1	7.5833E1	3.7300E0	6.5058E5	
295	-7.6073E-1	7.3116E1	3.7237E0	6.5280E5	
296	-7.6294E-1	6.9832E1	3.7175E0	6.5502E5	
297	-7.5882E-1	7.5946E1	3.7111E0	6.5724E5	
298	-7.6027E-1	7.3795E1	3.7050E0	6.5946E5	
299	-7.5890E-1	7.5833E1	3.6988E0	6.6168E5	
300	-7.5935E-1	7.5154E1	3.6925E0	6.6390E5	
301	-7.5783E-1	7.7418E1	3.6863E0	6.6612E5	
302	-7.5859E-1	7.6286E1	3.6800E0	6.6834E5	
303	-7.5615E-1	7.9909E1	3.6736E0	6.7056E5	
304	-7.5958E-1	7.4814E1	3.6674E0	6.7278E5	
305	-7.5760E-1	7.7758E1	3.6611E0	6.7500E5	
306	-7.5829E-1	7.6739E1	3.6549E0	6.7722E5	
307	-7.5928E-1	7.5267E1	3.6487E0	6.7944E5	
308	-7.5745E-1	7.7984E1	3.6424E0	6.8166E5	
309	-7.5737E-1	7.8098E1	3.6362E0	6.8388E5	
310	-7.5752E-1	7.7871E1	3.6297E0	6.8610E5	
311	-7.5714E-1	7.8437E1	3.6236E0	6.8832E5	
312	-7.5455E-1	8.2287E1	3.6173E0	6.9054E5	
313	-7.5653E-1	7.9343E1	3.6109E0	6.9276E5	
314	-7.5676E-1	7.9003E1	3.6046E0	6.9498E5	
315	-7.5478E-1	8.1947E1	3.5984E0	6.9720E5	
316	-7.5409E-1	8.2966E1	3.5922E0	6.9942E5	
317	-7.5447E-1	8.2400E1	3.5858E0	7.0164E5	
318	-7.5577E-1	8.0475E1	3.5795E0	7.0386E5	
319	-7.5638E-1	7.9569E1	3.5730E0	7.0608E5	
320	-7.5684E-1	7.8890E1	3.5669E0	7.0830E5	
321	-7.5409E-1	8.2966E1	3.5606E0	7.1052E5	
322	-7.5607E-1	8.0022E1	3.5541E0	7.1274E5	
323	-7.5462E-1	8.2174E1	3.5478E0	7.1496E5	
324	-7.5378E-1	8.3419E1	3.5415E0	7.1718E5	
325	-7.5584E-1	8.0362E1	3.5352E0	7.1940E5	
326	-7.5363E-1	8.3646E1	3.5287E0	7.2162E5	
327	-7.5310E-1	8.4438E1	3.5225E0	7.2384E5	
328	-7.5142E-1	8.6929E1	3.5161E0	7.2606E5	
329	-7.5516E-1	8.1381E1	3.5097E0	7.2828E5	
330	-7.5279E-1	8.4891E1	3.5034E0	7.3050E5	
331	-7.5119E-1	8.7269E1	3.4971E0	7.3272E5	
332	-7.5233E-1	8.5570E1	3.4906E0	7.3494E5	
333	-7.5317E-1	8.4325E1	3.4844E0	7.3716E5	
334	-7.5348E-1	8.3872E1	3.4779E0	7.3938E5	
335	-7.5066E-1	8.8061E1	3.4716E0	7.4160E5	
336	-7.5302E-1	8.4551E1	3.4652E0	7.4382E5	
337	-7.5287E-1	8.4778E1	3.4589E0	7.4604E5	
338	-7.5333E-1	8.4098E1	3.4525E0	7.4826E5	
339	-7.4966E-1	8.9533E1	3.4461E0	7.5048E5	
340	-7.5188E-1	8.6250E1	3.4397E0	7.5270E5	
341	-7.4951E-1	8.9760E1	3.4334E0	7.5492E5	
342	-7.5150E-1	8.6816E1	3.4270E0	7.5714E5	
343	-7.4928E-1	9.0099E1	3.4206E0	7.5936E5	
344	-7.5127E-1	8.7156E1	3.4141E0	7.6158E5	
345	-7.5043E-1	8.8401E1	3.4077E0	7.6380E5	
346	-7.4944E-1	8.9873E1	3.4014E0	7.6602E5	
347	-7.5089E-1	8.7722E1	3.3949E0	7.6824E5	
348	-7.5012E-1	8.8854E1	3.3885E0	7.7046E5	
349	-7.4799E-1	9.2024E1	3.3821E0	7.7268E5	
350	-7.4852E-1	9.1232E1	3.3756E0	7.7490E5	
351	-7.4951E-1	8.9760E1	3.3693E0	7.7712E5	
352	-7.4890E-1	9.0666E1	3.3628E0	7.7934E5	
353	-7.5035E-1	8.8514E1	3.3563E0	7.8156E5	
354	-7.4745E-1	9.2817E1	3.3499E0	7.8378E5	
355	-7.4692E-1	9.3609E1	3.3434E0	7.8600E5	
356	-7.4905E-1	9.0439E1	3.3371E0	7.8822E5	
357	-7.4722E-1	9.3157E1	3.3307E0	7.9044E5	
358	-7.4539E-1	9.5874E1	3.3242E0	7.9266E5	
359	-7.4982E-1	8.9307E1	3.3178E0	7.9488E5	
360	-7.4867E-1	9.1005E1	3.3113E0	7.9710E5	
361	-7.4638E-1	9.4402E1	3.3048E0	7.9932E5	
362	-7.4768E-1	9.2477E1	3.2984E0	8.0154E5	
363	-7.4593E-1	9.5081E1	3.2918E0	8.0376E5	
364	-7.4791E-1	9.2138E1	3.2855E0	8.0598E5	
365	-7.4577E-1	9.5308E1	3.2790E0	8.0820E5	
366	-7.4944E-1	8.9873E1	3.2726E0	8.1042E5	
367	-7.4608E-1	9.4855E1	3.2660E0	8.1264E5	
368	-7.4554E-1	9.5648E1	3.2596E0	8.1486E5	
369	-7.4890E-1	9.0666E1	3.2529E0	8.1708E5	
370	-7.4654E-1	9.4176E1	3.2466E0	8.1930E5	
371	-7.4615E-1	9.4742E1	3.2401E0	8.2152E5	
372	-7.4615E-1	9.4742E1	3.2337E0	8.2374E5	
373	-7.4356E-1	9.8591E1	3.2271E0	8.2596E5	
374	-7.4585E-1	9.5195E1	3.2207E0	8.2818E5	
375	-7.4173E-1	1.0131E2	3.2141E0	8.3040E5	
376	-7.4242E-1	1.0029E2	3.2075E0	8.3262E5	
377	-7.4409E-1	9.7799E1	3.2010E0	8.3484E5	
378	-7.4554E-1	9.5648E1	3.1946E0	8.3706E5	
379	-7.4593E-1	9.5081E1	3.1880E0	8.3928E5	
380	-7.4371E-1	9.8365E1	3.1815E0	8.4150E5	
381	-7.4150E-1	1.0165E2	3.1749E0	8.4372E5	
382	-7.4562E-1	9.5534E1	3.1685E0	8.4594E5	
383	-7.4234E-1	1.0040E2	3.1619E0	8.4816E5	
384	-7.4104E-1	1.0233E2	3.1554E0	8.5038E5	
385	-7.4234E-1	1.0040E2	3.1488E0	8.5260E5	
386	-7.4211E-1	1.0074E2	3.1423E0	8.5482E5	
387	-7.4181E-1	1.0120E2	3.1358E0	8.5704E5	
388	-7.4089E-1	1.0255E2	3.1292E0	8.5926E5	
389	-7.4081E-1	1.0267E2	3.1227E0	8.6148E5	
390	-7.3814E-1	1.0663E2	3.1162E0	8.6370E5	
391	-7.3860E-1	1.0595E2	3.1096E0	8.6592E5	
392	-7.3997E-1	1.0391E2	3.1030E0	8.6814E5	
393	-7.3906E-1	1.0527E2	3.0964E0	8.7036E5	
394	-7.4059E-1	1.0301E2	3.0900E0	8.7258E5	
395	-7.4005E-1	1.0380E2	3.0834E0	8.7480E5	
396	-7.3898E-1	1.0538E2	3.0768E0	8.7702E5	
397	-7.4135E-1	1.0187E2	3.0702E0	8.7924E5	
398	-7.3952E-1	1.0459E2	3.0636E0	8.8146E5	
399	-7.4020E-1	1.0357E2	3.0570E0	8.8368E5	
400	-7.3784E-1	1.0708E2	3.0504E0	8.8590E5	
401	-7.3822E-1	1.0652E2	3.0438E0	8.8812E5	
402	-7.3914E-1	1.0516E2	3.0373E0	8.9034E5	
403	-7.3807E-1	1.0674E2	3.0307E0	8.9256E5	
404	-7.3692E-1	1.0844E2	3.0241E0	8.9478E5	
405	-7.3593E-1	1.0991E2	3.0176E0	8.9700E5	
406	-7.3738E-1	1.0776E2	3.0109E0	8.9922E5	
407	-7.3822E-1	1.0652E2	3.0043E0	9.0144E5	
408	-7.3647E-1	1.0912E2	2.9977E0	9.0366E5	
409	-7.3616E-1	1.0957E2	2.9911E0	9.0588E5	
410	-7.3662E-1	1.0889E2	2.9845E0	9.0810E5	
411	-7.3784E-1	1.0708E2	2.9779E0	9.1032E5	
412	-7.3463E-1	1.1184E2	2.9713E0	9.1254E5	
413	-7.3761E-1	1.0742E2	2.9645E0	9.1476E5	
414	-7.3761E-1	1.0742E2	2.9581E0	9.1698E5	
415	-7.3730E-1	1.0788E2	2.9514E0	9.1920E5	
416	-7.3578E-1	1.1014E2	2.9448E0	9.2142E5	
417	-7.3471E-1	1.1173E2	2.9381E0	9.2364E5	
418	-7.3730E-1	1.0788E2	2.9315E0	9.2586E5	
419	-7.3586E-1	1.1003E2	2.9249E0	9.2808E5	
420	-7.3311E-1	1.1410E2	2.9182E0	9.3030E5	
421	-7.3395E-1	1.1286E2	2.9115E0	9.3252E5	
422	-7.3410E-1	1.1263E2	2.9049E0	9.3474E5	
423	-7.3334E-1	1.1376E2	2.8982E0	9.3696E5	
424	-7.3410E-1	1.1263E2	2.8915E0	9.3918E5	
425	-7.3433E-1	1.1229E2	2.8849E0	9.4140E5	
426	-7.3235E-1	1.1524E2	2.8783E0	9.4362E5	
427	-7.3242E-1	1.1512E2	2.8715E0	9.4584E5	
428	-7.3174E-1	1.1614E2	2.8649E0	9.4806E5	
429	-7.3441E-1	1.1218E2	2.8583E0	9.5028E5	
430	-7.3250E-1	1.1501E2	2.8517E0	9.5250E5	
431	-7.3059E-1	1.1784E2	2.8449E0	9.5472E5	
432	-7.3082E-1	1.1750E2	2.8382E0	9.5694E5	
433	-7.2975E-1	1.1909E2	2.8315E0	9.5916E5	
434	-7.3105E-1	1.1716E2	2.8249E0	9.6138E5	
435	-7.3135E-1	1.1671E2	2.8182E0	9.6360E5	
436	-7.3227E-1	1.1535E2	2.8115E0	9.6582E5	
437	-7.2922E-1	1.1988E2	2.8048E0	9.6804E5	
438	-7.3059E-1	1.1784E2	2.7981E0	9.7026E5	
439	-7.2922E-1	1.1988E2	2.7914E0	9.7248E5	
440	-7.3013E-1	1.1852E2	2.7847E0	9.7470E5	
441	-7.3326E-1	1.1388E2	2.7780E0	9.7692E5	
442	-7.3151E-1	1.1648E2	2.7713E0	9.7914E5	
443	-7.2830E-1	1.2124E2	2.7646E0	9.8136E5	
444	-7.2929E-1	1.1976E2	2.7579E0	9.8358E5	
445	-7.2922E-1	1.1988E2	2.7512E0	9.8580E5	
446	-7.2945E-1	1.1954E2	2.7445E0	9.8802E5	
447	-7.2838E-1	1.2112E2	2.7378E0	9.9024E5	
448	-7.2906E-1	1.2010E2	2.7310E0	9.9246E5	
449	-7.2708E-1	1.2305E2	2.7243E0	9.9468E5	
450	-7.3021E-1	1.1841E2	2.7175E0	9.9690E5	
451	-7.2685E-1	1.2339E2	2.7108E0	9.9912E5	
452	-7.2739E-1	1.2260E2	2.7041E0	1.0013E6	
453	-7.2601E-1	1.2463E2	2.6973E0	1.0036E6	
454	-7.2815E-1	1.2146E2	2.6907E0	1.0058E6	
455	-7.2723E-1	1.2282E2	2.6839E0	1.0080E6	
456	-7.2701E-1	1.2316E2	2.6772E0	1.0102E6	
457	-7.2708E-1	1.2305E2	2.6705E0	1.0124E6	
458	-7.2578E-1	1.2497E2	2.6637E0	1.0147E6	
459	-7.2548E-1	1.2543E2	2.6569E0	1.0169E6	
460	-7.2624E-1	1.2429E2	2.6501E0	1.0191E6	
461	-7.2456E-1	1.2678E2	2.6434E0	1.0213E6	
462	-7.2388E-1	1.2780E2	2.6366E0	1.0235E6	
463	-7.2357E-1	1.2826E2	2.6298E0	1.0258E6	
464	-7.2479E-1	1.2644E2	2.6231E0	1.0280E6	
465	-7.2601E-1	1.2463E2	2.6163E0	1.0302E6	
466	-7.2472E-1	1.2656E2	2.6096E0	1.0324E6	
467	-7.2388E-1	1.2780E2	2.6028E0	1.0346E6	
468	-7.2403E-1	1.2758E2	2.5960E0	1.0369E6	
469	-7.2388E-1	1.2780E2	2.5892E0	1.0391E6	
470	-7.2456E-1	1.2678E2	2.5825E0	1.0413E6	
471	-7.2136E-1	1.3154E2	2.5757E0	1.0435E6	
472	-7.2327E-1	1.2871E2	2.5689E0	1.0457E6	
473	-7.2220E-1	1.3029E2	2.5622E0	1.0480E6	
474	-7.2388E-1	1.2780E2	2.5553E0	1.0502E6	
475	-7.2273E-1	1.2950E2	2.5485E0	1.0524E6	
476	-7.2182E-1	1.3086E2	2.5417E0	1.0546E6	
477	-7.2311E-1	1.2894E2	2.5349E0	1.0568E6	
478	-7.2136E-1	1.3154E2	2.5282E0	1.0591E6	
479	-7.2136E-1	1.3154E2	2.5212E0	1.0613E6	
480	-7.2166E-1	1.3109E2	2.5145E0	1.0635E6	
481	-7.2197E-1	1.3063E2	2.5077E0	1.0657E6	
482	-7.2128E-1	1.3165E2	2.5010E0	1.0679E6	
483	-7.2159E-1	1.3120E2	2.4940E0	1.0702E6	
484	-7.2281E-1	1.2939E2	2.4873E0	1.0724E6	
485	-7.2014E-1	1.3335E2	2.4805E0	1.0746E6	
486	-7.2105E-1	1.3199E2	2.4736E0	1.0768E6	
487	-7.2060E-1	1.3267E2	2.4668E0	1.0790E6	
488	-7.1899E-1	1.3505E2	2.4600E0	1.0813E6	
489	-7.2098E-1	1.3211E2	2.4532E0	1.0835E6	
490	-7.1754E-1	1.3720E2	2.4464E0	1.0857E6	
491	-7.1960E-1	1.3414E2	2.4395E0	1.0879E6	
492	-7.1945E-1	1.3437E2	2.4327E0	1.0901E6	
493	-7.1861E-1	1.3562E2	2.4259E0	1.0924E6	
494	-7.1770E-1	1.3697E2	2.4189E0	1.0946E6	
495	-7.1808E-1	1.3641E2	2.4122E0	1.0968E6	
496	-7.1854E-1	1.3573E2	2.4053E0	1.0990E6	
497	-7.2083E-1	1.3233E2	2.3985E0	1.1012E6	
498	-7.1739E-1	1.3743E2	2.3916E0	1.1035E6	
499	-7.1922E-1	1.3471E2	2.3847E0	1.1057E6	
500	-7.1602E-1	1.3947E2	2.3778E0	1.1079E6	
501	-7.1510E-1	1.4082E2	2.3709E0	1.1101E6	
502	-7.1510E-1	1.4082E2	2.3642E0	1.1123E6	
503	-7.1571E-1	1.3992E2	2.3573E0	1.1146E6	
504	-7.1457E-1	1.4162E2	2.3504E0	1.1168E6	
505	-7.1579E-1	1.3981E2	2.3435E0	1.1190E6	
506	-7.1526E-1	1.4060E2	2.3367E0	1.1212E6	
507	-7.1686E-1	1.3822E2	2.3298E0	1.1234E6	
508	-7.1777E-1	1.3686E2	2.3230E0	1.1257E6	
509	-7.1136E-1	1.4637E2	2.3161E0	1.1279E6	
510	-7.1579E-1	1.3981E2	2.3092E0	1.1301E6	
511	-7.1487E-1	1.4116E2	2.3023E0	1.1323E6	
512	-7.1518E-1	1.4071E2	2.2954E0	1.1345E6	
513	-7.1259E-1	1.4456E2	2.2886E0	1.1368E6	
514	-7.1342E-1	1.4332E2	2.2817E0	1.1390E6	
515	-7.1136E-1	1.4637E2	2.2748E0	1.1412E6	
516	-7.1411E-1	1.4230E2	2.2678E0	1.1434E6	
517	-7.1274E-1	1.4433E2	2.2609E0	1.1456E6	
518	-7.1129E-1	1.4649E2	2.2541E0	1.1479E6	
519	-7.1159E-1	1.4603E2	2.2473E0	1.1501E6	
520	-7.1205E-1	1.4535E2	2.2403E0	1.1523E6	
521	-7.1045E-1	1.4773E2	2.2333E0	1.1545E6	
522	-7.1358E-1	1.4309E2	2.2265E0	1.1567E6	
523	-7.1266E-1	1.4445E2	2.2195E0	1.1590E6	
524	-7.1144E-1	1.4626E2	2.2127E0	1.1612E6	
525	-7.0908E-1	1.4977E2	2.2058E0	1.1634E6	
526	-7.1167E-1	1.4592E2	2.1989E0	1.1656E6	
527	-7.1136E-1	1.4637E2	2.1920E0	1.1678E6	
528	-7.1144E-1	1.4626E2	2.1850E0	1.1701E6	
529	-7.0793E-1	1.5147E2	2.1782E0	1.1723E6	
530	-7.0885E-1	1.5011E2	2.1711E0	1.1745E6	
531	-7.0816E-1	1.5113E2	2.1642E0	1.1767E6	
532	-7.1060E-1	1.4750E2	2.1573E0	1.1789E6	
533	-7.0885E-1	1.5011E2	2.1504E0	1.1812E6	
534	-7.0824E-1	1.5101E2	2.1434E0	1.1834E6	
535	-7.0915E-1	1.4966E2	2.1366E0	1.1856E6	
536	-7.0869E-1	1.5034E2	2.1296E0	1.1878E6	
537	-7.1045E-1	1.4773E2	2.1227E0	1.1900E6	
538	-7.0877E-1	1.5022E2	2.1157E0	1.1923E6	
539	-7.0786E-1	1.5158E2	2.1088E0	1.1945E6	
540	-7.0900E-1	1.4988E2	2.1018E0	1.1967E6	
541	-7.0778E-1	1.5169E2	2.0948E0	1.1989E6	
542	-7.0648E-1	1.5362E2	2.0880E0	1.2011E6	
543	-7.0610E-1	1.5419E2	2.0810E0	1.2034E6	
544	-7.0343E-1	1.5815E2	2.0740E0	1.2056E6	
545	-7.0786E-1	1.5158E2	2.0671E0	1.2078E6	
546	-7.0724E-1	1.5249E2	2.0601E0	1.2100E6	
547	-7.0587E-1	1.5452E2	2.0532E0	1.2122E6	
548	-7.0496E-1	1.5588E2	2.0462E0	1.2145E6	
549	-7.0396E-1	1.5736E2	2.0393E0	1.2167E6	
550	-7.0473E-1	1.5622E2	2.0321E0	1.2189E6	
551	-7.0587E-1	1.5452E2	2.0254E0	1.2211E6	
552	-7.0602E-1	1.5430E2	2.0184E0	1.2233E6	
553	-7.0305E-1	1.5871E2	2.0114E0	1.2256E6	
554	-7.0518E-1	1.5554E2	2.0044E0	1.2278E6	
555	-7.0457E-1	1.5645E2	1.9974E0	1.2300E6	
556	-7.0473E-1	1.5622E2	1.9905E0	1.2322E6	
557	-7.0450E-1	1.5656E2	1.9835E0	1.2344E6	
558	-7.0290E-1	1.5894E2	1.9765E0	1.2367E6	
559	-7.0236E-1	1.5973E2	1.9696E0	1.2389E6	
560	-7.0145E-1	1.6109E2	1.9626E0	1.2411E6	
561	-7.0427E-1	1.5690E2	1.9555E0	1.2433E6	
562	-7.0221E-1	1.5996E2	1.9486E0	1.2455E6	
563	-7.0259E-1	1.5939E2	1.9416E0	1.2478E6	
564	-7.0114E-1	1.6154E2	1.9345E0	1.2500E6	
565	-7.0183E-1	1.6053E2	1.9275E0	1.2522E6	
566	-7.0061E-1	1.6234E2	1.9206E0	1.2544E6	
567	-7.0137E-1	1.6121E2	1.9137E0	1.2566E6	
568	-7.0152E-1	1.6098E2	1.9067E0	1.2589E6	
569	-7.0312E-1	1.5860E2	1.8997E0	1.2611E6	
570	-7.0145E-1	1.6109E2	1.8927E0	1.2633E6	
571	-7.0129E-1	1.6132E2	1.8857E0	1.2655E6	
572	-6.9992E-1	1.6336E2	1.8787E0	1.2677E6	
573	-7.0053E-1	1.6245E2	1.8717E0	1.2700E6	
574	-7.0114E-1	1.6154E2	1.8647E0	1.2722E6	
575	-7.0023E-1	1.6290E2	1.8577E0	1.2744E6	
576	-6.9984E-1	1.6347E2	1.8507E0	1.2766E6	
577	-6.9756E-1	1.6687E2	1.8436E0	1.2788E6	
578	-6.9893E-1	1.6483E2	1.8366E0	1.2811E6	
579	-7.0076E-1	1.6211E2	1.8296E0	1.2833E6	
580	-6.9908E-1	1.6460E2	1.8225E0	1.2855E6	
581	-6.9893E-1	1.6483E2	1.8155E0	1.2877E6	
582	-6.9824E-1	1.6585E2	1.8085E0	1.2899E6	
583	-6.9809E-1	1.6607E2	1.8015E0	1.2922E6	
584	-6.9794E-1	1.6630E2	1.7946E0	1.2944E6	
585	-6.9710E-1	1.6755E2	1.7875E0	1.2966E6	
586	-6.9412E-1	1.7196E2	1.7805E0	1.2988E6	
587	-6.9511E-1	1.7049E2	1.7734E0	1.3010E6	
588	-6.9473E-1	1.7106E2	1.7663E0	1.3033E6	
589	-6.9565E-1	1.6970E2	1.7594E0	1.3055E6	
590	-6.9641E-1	1.6856E2	1.7523E0	1.3077E6	
591	-6.9511E-1	1.7049E2	1.7454E0	1.3099E6	
592	-6.9328E-1	1.7321E2	1.7383E0	1.3121E6	
593	-6.9550E-1	1.6992E2	1.7313E0	1.3144E6	
594	-6.9542E-1	1.7004E2	1.7243E0	1.3166E6	
595	-6.9435E-1	1.7162E2	1.7171E0	1.3188E6	
596	-6.9389E-1	1.7230E2	1.7101E0	1.3210E6	
597	-6.9435E-1	1.7162E2	1.7031E0	1.3232E6	
598	-6.9420E-1	1.7185E2	1.6961E0	1.3255E6	
599	-6.9420E-1	1.7185E2	1.6890E0	1.3277E6	
600	-6.9565E-1	1.6970E2	1.6819E0	1.3299E6	
601	-6.9359E-1	1.7275E2	1.6750E0	1.3321E6	
602	-6.9382E-1	1.7241E2	1.6678E0	1.3343E6	
603	-6.9412E-1	1.7196E2	1.6608E0	1.3366E6	
604	-6.9130E-1	1.7615E2	1.6538E0	1.3388E6	
605	-6.9138E-1	1.7604E2	1.6468E0	1.3410E6	
606	-6.9183E-1	1.7536E2	1.6397E0	1.3432E6	
607	-6.9092E-1	1.7672E2	1.6326E0	1.3454E6	
608	-6.9077E-1	1.7694E2	1.6256E0	1.3477E6	
609	-6.8977E-1	1.7842E2	1.6186E0	1.3499E6	
610	-6.9016E-1	1.7785E2	1.6115E0	1.3521E6	
611	-6.9252E-1	1.7434E2	1.6043E0	1.3543E6	
612	-6.9023E-1	1.7774E2	1.5973E0	1.3565E6	
613	-6.9252E-1	1.7434E2	1.5904E0	1.3588E6	
614	-6.9107E-1	1.7649E2	1.5831E0	1.3610E6	
615	-6.8970E-1	1.7853E2	1.5761E0	1.3632E6	
616	-6.9061E-1	1.7717E2	1.5690E0	1.3654E6	
617	-6.9046E-1	1.7740E2	1.5620E0	1.3676E6	
618	-6.8893E-1	1.7966E2	1.5550E0	1.3699E6	
619	-6.9061E-1	1.7717E2	1.5478E0	1.3721E6	
620	-6.8901E-1	1.7955E2	1.5408E0	1.3743E6	
621	-6.8741E-1	1.8193E2	1.5338E0	1.3765E6	
622	-6.8893E-1	1.7966E2	1.5267E0	1.3787E6	
623	-6.8848E-1	1.8034E2	1.5197E0	1.3810E6	
624	-6.9099E-1	1.7660E2	1.5126E0	1.3832E6	
625	-6.8733E-1	1.8204E2	1.5055E0	1.3854E6	
626	-6.8901E-1	1.7955E2	1.4985E0	1.3876E6	
627	-6.8962E-1	1.7864E2	1.4913E0	1.3898E6	
628	-6.8939E-1	1.7898E2	1.4842E0	1.3921E6	
629	-6.8527E-1	1.8510E2	1.4772E0	1.3943E6	
630	-6.8687E-1	1.8272E2	1.4701E0	1.3965E6	
631	-6.8443E-1	1.8634E2	1.4630E0	1.3987E6	
632	-6.8779E-1	1.8136E2	1.4559E0	1.4009E6	
633	-6.8771E-1	1.8147E2	1.4489E0	1.4032E6	
634	-6.8596E-1	1.8408E2	1.4417E0	1.4054E6	
635	-6.8680E-1	1.8283E2	1.4348E0	1.4076E6	
636	-6.8687E-1	1.8272E2	1.4276E0	1.4098E6	
637	-6.8436E-1	1.8645E2	1.4207E0	1.4120E6	
638	-6.8420E-1	1.8668E2	1.4134E0	1.4143E6	
639	-6.8550E-1	1.8476E2	1.4064E0	1.4165E6	
640	-6.8466E-1	1.8600E2	1.3992E0	1.4187E6	
641	-6.8451E-1	1.8623E2	1.3921E0	1.4209E6	
642	-6.8504E-1	1.8544E2	1.3851E0	1.4231E6	
643	-6.8573E-1	1.8442E2	1.3779E0	1.4254E6	
644	-6.8336E-1	1.8793E2	1.3708E0	1.4276E6	
645	-6.8466E-1	1.8600E2	1.3638E0	1.4298E6	
646	-6.8443E-1	1.8634E2	1.3567E0	1.4320E6	
647	-6.8184E-1	1.9019E2	1.3496E0	1.4342E6	
648	-6.8245E-1	1.8929E2	1.3424E0	1.4365E6	
649	-6.8504E-1	1.8544E2	1.3353E0	1.4387E6	
650	-6.8153E-1	1.9064E2	1.3282E0	1.4409E6	
651	-6.8230E-1	1.8951E2	1.3211E0	1.4431E6	
652	-6.8077E-1	1.9178E2	1.3140E0	1.4453E6	
653	-6.8398E-1	1.8702E2	1.3070E0	1.4476E6	
654	-6.8153E-1	1.9064E2	1.2999E0	1.4498E6	
655	-6.8199E-1	1.8996E2	1.2927E0	1.4520E6	
656	-6.8138E-1	1.9087E2	1.2858E0	1.4542E6	
657	-6.7963E-1	1.9347E2	1.2785E0	1.4564E6	
658	-6.8047E-1	1.9223E2	1.2715E0	1.4587E6	
659	-6.7986E-1	1.9313E2	1.2643E0	1.4609E6	
660	-6.7978E-1	1.9325E2	1.2573E0	1.4631E6	
661	-6.7947E-1	1.9370E2	1.2501E0	1.4653E6	
662	-6.8016E-1	1.9268E2	1.2430E0	1.4675E6	
663	-6.7833E-1	1.9540E2	1.2360E0	1.4698E6	
664	-6.7848E-1	1.9517E2	1.2288E0	1.4720E6	
665	-6.7848E-1	1.9517E2	1.2218E0	1.4742E6	
666	-6.7940E-1	1.9381E2	1.2146E0	1.4764E6	
667	-6.7818E-1	1.9563E2	1.2075E0	1.4786E6	
668	-6.7863E-1	1.9495E2	1.2004E0	1.4809E6	
669	-6.7764E-1	1.9642E2	1.1934E0	1.4831E6	
670	-6.7802E-1	1.9585E2	1.1863E0	1.4853E6	
671	-6.7711E-1	1.9721E2	1.1791E0	1.4875E6	
672	-6.7772E-1	1.9631E2	1.1720E0	1.4897E6	
673	-6.7520E-1	2.0004E2	1.1649E0	1.4920E6	
674	-6.7619E-1	1.9857E2	1.1578E0	1.4942E6	
675	-6.7589E-1	1.9902E2	1.1507E0	1.4964E6	
676	-6.7650E-1	1.9812E2	1.1436E0	1.4986E6	
677	-6.7650E-1	1.9812E2	1.1365E0	1.5008E6	
678	-6.7596E-1	1.9891E2	1.1294E0	1.5031E6	
679	-6.7390E-1	2.0197E2	1.1223E0	1.5053E6	
680	-6.7398E-1	2.0185E2	1.1152E0	1.5075E6	
681	-6.7947E-1	1.9370E2	1.1080E0	1.5097E6	
682	-6.7657E-1	1.9800E2	1.1009E0	1.5119E6	
683	-6.7535E-1	1.9982E2	1.0938E0	1.5142E6	
684	-6.7596E-1	1.9891E2	1.0867E0	1.5164E6	
685	-6.7268E-1	2.0378E2	1.0796E0	1.5186E6	
686	-6.7535E-1	1.9982E2	1.0724E0	1.5208E6	
687	-6.7444E-1	2.0117E2	1.0655E0	1.5230E6	
688	-7.1877E-1	1.3539E2	1.0582E0	1.5253E6	
689	-7.1930E-1	1.3460E2	1.0512E0	1.5275E6	
690	-7.1793E-1	1.3664E2	1.0440E0	1.5297E6	
691	-7.1068E-1	1.4739E2	1.0370E0	1.5319E6	
692	-7.0839E-1	1.5079E2	1.0299E0	1.5341E6	
693	-6.9817E-1	1.6596E2	1.0228E0	1.5364E6	
694	-6.9595E-1	1.6924E2	1.0156E0	1.5386E6	
695	-6.8840E-1	1.8045E2	1.0085E0	1.5408E6	
696	-6.8436E-1	1.8645E2	1.0014E0	1.5430E6	
697	-6.8123E-1	1.9110E2	9.9436E-1	1.5452E6	
698	-6.7337E-1	2.0276E2	9.8710E-1	1.5475E6	
699	-6.7116E-1	2.0604E2	9.8007E-1	1.5497E6	
700	-6.6513E-1	2.1499E2	9.7289E-1	1.5519E6	
701	-6.5834E-1	2.2506E2	9.6584E-1	1.5541E6	
702	-6.5643E-1	2.2790E2	9.5868E-1	1.5563E6	
703	-6.5552E-1	2.2925E2	9.5161E-1	1.5586E6	
704	-6.5407E-1	2.3141E2	9.4448E-1	1.5608E6	
705	-6.4651E-1	2.4261E2	9.3738E-1	1.5630E6	
706	-6.4865E-1	2.3944E2	9.3025E-1	1.5652E6	
707	-6.4293E-1	2.4794E2	9.2306E-1	1.5674E6	
708	-6.3782E-1	2.5552E2	9.1585E-1	1.5697E6	
709	-6.3148E-1	2.6492E2	9.0885E-1	1.5719E6	
710	-6.2798E-1	2.7013E2	9.0170E-1	1.5741E6	
711	-6.2057E-1	2.8111E2	8.9459E-1	1.5763E6	
712	-6.1592E-1	2.8802E2	8.8746E-1	1.5785E6	
713	-6.1371E-1	2.9130E2	8.8032E-1	1.5808E6	
714	-6.0860E-1	2.9889E2	8.7313E-1	1.5830E6	
715	-6.0440E-1	3.0512E2	8.6600E-1	1.5852E6	
716	-6.0295E-1	3.0727E2	8.5897E-1	1.5874E6	
717	-5.9471E-1	3.1949E2	8.5183E-1	1.5896E6	
718	-5.8945E-1	3.2731E2	8.4475E-1	1.5919E6	
719	-5.8723E-1	3.3059E2	8.3752E-1	1.5941E6	
720	-5.8113E-1	3.3965E2	8.3051E-1	1.5963E6	
721	-5.7388E-1	3.5041E2	8.2330E-1	1.5985E6	
722	-5.7083E-1	3.5493E2	8.1611E-1	1.6007E6	
723	-5.6763E-1	3.5969E2	8.0903E-1	1.6030E6	
724	-5.6282E-1	3.6682E2	8.0184E-1	1.6052E6	
725	-5.5893E-1	3.7260E2	7.9480E-1	1.6074E6	
726	-5.5115E-1	3.8415E2	7.8759E-1	1.6096E6	
727	-5.4550E-1	3.9253E2	7.8054E-1	1.6118E6	
728	-5.4062E-1	3.9977E2	7.7341E-1	1.6141E6	
729	-5.3680E-1	4.0543E2	7.6623E-1	1.6163E6	
730	-5.2933E-1	4.1653E2	7.5906E-1	1.6185E6	
731	-5.2315E-1	4.2570E2	7.5192E-1	1.6207E6	
732	-5.2055E-1	4.2955E2	7.4481E-1	1.6229E6	
733	-5.1201E-1	4.4223E2	7.3770E-1	1.6252E6	
734	-5.0880E-1	4.4699E2	7.3065E-1	1.6274E6	
735	-5.0285E-1	4.5582E2	7.2345E-1	1.6296E6	
736	-4.9713E-1	4.6431E2	7.1624E-1	1.6318E6	
737	-4.8866E-1	4.7688E2	7.0908E-1	1.6340E6	
738	-4.8660E-1	4.7994E2	7.0194E-1	1.6363E6	
739	-4.7585E-1	4.9590E2	6.9486E-1	1.6385E6	
740	-4.7256E-1	5.0077E2	6.8778E-1	1.6407E6	
741	-4.6638E-1	5.0994E2	6.8064E-1	1.6429E6	
742	-4.5769E-1	5.2285E2	6.7349E-1	1.6451E6	
743	-4.5128E-1	5.3236E2	6.6641E-1	1.6474E6	
744	-4.5128E-1	5.3236E2	6.5910E-1	1.6496E6	
745	-4.4220E-1	5.4583E2	6.5208E-1	1.6518E6	
746	-4.3968E-1	5.4957E2	6.4502E-1	1.6540E6	
747	-4.3350E-1	5.5874E2	6.3789E-1	1.6562E6	
748	-4.2267E-1	5.7482E2	6.3079E-1	1.6585E6	
749	-4.1924E-1	5.7991E2	6.2357E-1	1.6607E6	
750	-4.1084E-1	5.9237E2	6.1641E-1	1.6629E6	
751	-4.0756E-1	5.9724E2	6.0939E-1	1.6651E6	
752	-3.9719E-1	6.1264E2	6.0225E-1	1.6673E6	
753	-3.8956E-1	6.2396E2	5.9511E-1	1.6696E6	
754	-3.8406E-1	6.3211E2	5.8804E-1	1.6718E6	
755	-3.7949E-1	6.3890E2	5.8091E-1	1.6740E6	
756	-3.7331E-1	6.4808E2	5.7375E-1	1.6762E6	
757	-3.6613E-1	6.5872E2	5.6663E-1	1.6784E6	
758	-3.5660E-1	6.7287E2	5.5951E-1	1.6807E6	
759	-3.5408E-1	6.7661E2	5.5246E-1	1.6829E6	
760	-3.5110E-1	6.8102E2	5.4537E-1	1.6851E6	
761	-3.4195E-1	6.9461E2	5.3829E-1	1.6873E6	
762	-3.3539E-1	7.0435E2	5.3117E-1	1.6895E6	
763	-3.2654E-1	7.1748E2	5.2401E-1	1.6918E6	
764	-3.2242E-1	7.2360E2	5.1703E-1	1.6940E6	
765	-3.1204E-1	7.3900E2	5.0984E-1	1.6962E6	
766	-3.0846E-1	7.4432E2	5.0946E-1	1.6963E6	
767	-3.0846E-1	7.4432E2	5.0946E-1	1.6963E6	
768	-3.0846E-1	7.4432E2	5.0946E-1	1.6963E6	
769	-3.0846E-1	7.4432E2	5.0946E-1	1.6963E6	
770	-3.0846E-1	7.4432E2	5.0946E-1	1.6963E6	
771	-3.0846E-1	7.4432E2	5.0946E-1	1.6963E6	
772	-3.0846E-1	7.4432E2	5.0946E-1	1.6963E6	
773	-3.0846E-1	7.4432E2	5.0946E-1	1.6963E6	
774	-3.0846E-1	7.4432E2	5.0946E-1	1.6963E6	
775	-3.0846E-1	7.4432E2	5.0946E-1	1.6963E6	
776	-3.0846E-1	7.4432E2	5.0946E-1	1.6963E6	
777	-3.0846E-1	7.4432E2	5.0946E-1	1.6963E6	
778	-3.0846E-1	7.4432E2	5.0946E-1	1.6963E6	
779	-3.0846E-1	7.4432E2	5.0946E-1	1.6963E6	
780	-3.0846E-1	7.4432E2	5.0946E-1	1.6963E6	
781	-3.0846E-1	7.4432E2	5.0946E-1	1.6963E6	
782	-3.0846E-1	7.4432E2	5.0946E-1	1.6963E6	
783	-3.0846E-1	7.4432E2	5.0946E-1	1.6963E6	
784	-3.0846E-1	7.4432E2	5.0946E-1	1.6963E6	
785	-3.0846E-1	7.4432E2	5.0946E-1	1.6963E6	
786	-3.0846E-1	7.4432E2	5.0946E-1	1.6963E6	
787	-3.0846E-1	7.4432E2	5.0946E-1	1.6963E6	
788	-3.0846E-1	7.4432E2	5.0946E-1	1.6963E6	
789	-3.0846E-1	7.4432E2	5.0946E-1	1.6963E6	
790	-3.0846E-1	7.4432E2	5.0946E-1	1.6963E6	
791	-3.0846E-1	7.4432E2	5.0946E-1	1.6963E6	
792	-3.0846E-1	7.4432E2	5.0946E-1	1.6963E6	
793	-3.0846E-1	7.4432E2	5.0946E-1	1.6963E6	
794	-3.0846E-1	7.4432E2	5.0946E-1	1.6963E6	
795	-3.0846E-1	7.4432E2	5.0946E-1	1.6963E6	
796	-3.0846E-1	7.4432E2	5.0946E-1	1.6963E6	
797	-3.0846E-1	7.4432E2	5.0946E-1	1.6963E6	
798	-3.0846E-1	7.4432E2	5.0946E-1	1.6963E6	
799	-3.0846E-1	7.4432E2	5.0946E-1	1.6963E6	
800	-3.0846E-1	7.4432E2	5.0946E-1	1.6963E6	
801	-3.0846E-1	7.4432E2	5.0946E-1	1.6963E6	
802	-3.0846E-1	7.4432E2	5.0946E-1	1.6963E6	
803	-3.0846E-1	7.4432E2	5.0946E-1	1.6963E6	
804	-3.0846E-1	7.4432E2	5.0946E-1	1.6963E6	
805	-3.0846E-1	7.4432E2	5.0946E-1	1.6963E6	
806	-3.0846E-1	7.4432E2	5.0946E-1	1.6963E6	
807	-3.0846E-1	7.4432E2	5.0946E-1	1.6963E6	
808	-3.0846E-1	7.4432E2	5.0946E-1	1.6963E6	
809	-3.0846E-1	7.4432E2	5.0946E-1	1.6963E6	
810	-3.0846E-1	7.4432E2	5.0946E-1	1.6963E6	
811	-3.0846E-1	7.4432E2	5.0946E-1	1.6963E6	
812	-3.0846E-1	7.4432E2	5.0946E-1	1.6963E6	
813	-3.0846E-1	7.4432E2	5.0946E-1	1.6963E6	
814	-3.0846E-1	7.4432E2	5.0946E-1	1.6963E6	
815	-3.0846E-1	7.4432E2	5.0946E-1	1.6963E6	
816	-3.0846E-1	7.4432E2	5.0946E-1	1.6963E6	
817	-3.0846E-1	7.4432E2	5.0946E-1	1.6963E6	
818	-3.0846E-1	7.4432E2	5.0946E-1	1.6963E6	
819	-3.0846E-1	7.4432E2	5.0946E-1	1.6963E6	
820	-3.0846E-1	7.4432E2	5.0946E-1	1.6963E6	
821	-3.0846E-1	7.4432E2	5.0946E-1	1.6963E6	
822	-3.0846E-1	7.4432E2	5.0946E-1	1.6963E6	
823	-3.0846E-1	7.4432E2	5.0946E-1	1.6963E6	
824	-3.0846E-1	7.4432E2	5.0946E-1	1.6963E6	
825	-3.0846E-1	7.4432E2	5.0946E-1	1.6963E6	
826	-3.0846E-1	7.4432E2	5.0946E-1	1.6963E6	
827	-3.0846E-1	7.4432E2	5.0946E-1	1.6963E6	
828	-3.0846E-1	7.4432E2	5.0946E-1	1.6963E6	
829	-3.0846E-1	7.4432E2	5.0946E-1	1.6963E6	
830	-3.0846E-1	7.4432E2	5.0946E-1	1.6963E6	
831	-3.0846E-1	7.4432E2	5.0946E-1	1.6963E6	
832	-3.0846E-1	7.4432E2	5.0946E-1	1.6963E6	
833	-3.0846E-1	7.4432E2	5.0946E-1	1.6963E6	
834	-3.0846E-1	7.4432E2	5.0946E-1	1.6963E6	
835	-3.0846E-1	7.4432E2	5.0946E-1	1.6963E6	
836	-3.0846E-1	7.4432E2	5.0946E-1	1.6963E6	
837	-3.0846E-1	7.4432E2	5.0946E-1	1.6963E6	
838	-3.0846E-1	7.4432E2	5.0946E-1	1.6963E6	
839	-3.0846E-1	7.4432E2	5.0946E-1	1.6963E6	
840	-3.0846E-1	7.4432E2	5.0946E-1	1.6963E6	
841	-3.0846E-1	7.4432E2	5.0946E-1	1.6963E6	
842	-3.0846E-1	7.4432E2	5.0946E-1	1.6963E6	
843	-3.0846E-1	7.4432E2	5.0946E-1	1.6963E6	
844	-3.0846E-1	7.4432E2	5.0946E-1	1.6963E6	
845	-3.0846E-1	7.4432E2	5.0946E-1	1.6963E6	
846	-3.0846E-1	7.4432E2	5.0946E-1	1.6963E6	
847	-3.0846E-1	7.4432E2	5.0946E-1	1.6963E6	
848	-3.0846E-1	7.4432E2	5.0946E-1	1.6963E6	
849	-3.0846E-1	7.4432E2	5.0946E-1	1.6963E6	
850	-3.0846E-1	7.4432E2	5.0946E-1	1.6963E6	
851	-3.0846E-1	7.4432E2	5.0946E-1	1.6963E6	
852	-3.0846E-1	7.4432E2	5.0946E-1	1.6963E6	
853	-3.0846E-1	7.4432E2	5.0946E-1	1.6963E6	
854	-3.0846E-1	7.4432E2	5.0946E-1	1.6963E6	
855	-3.0846E-1	7.4432E2	5.0946E-1	1.6963E6	
856	-3.0846E-1	7.4432E2	5.0946E-1	1.6963E6	
857	-3.0846E-1	7.4432E2	5.0946E-1	1.6963E6	
858	-3.0846E-1	7.4432E2	5.0946E-1	1.6963E6	
859	-3.0846E-1	7.4432E2	5.0946E-1	1.6963E6	
860	-3.0846E-1	7.4432E2	5.0946E-1	1.6963E6	
861	-3.0846E-1	7.4432E2	5.0946E-1	1.6963E6	
862	-3.0846E-1	7.4432E2	5.0946E-1	1.6963E6	
863	-3.0846E-1	7.4432E2	5.0946E-1	1.6963E6	
864	-3.0846E-1	7.4432E2	5.0946E-1	1.6963E6	
865	-3.0846E-1	7.4432E2	5.0946E-1	1.6963E6	
866	-3.0846E-1	7.4432E2	5.0946E-1	1.6963E6	
867	-3.0846E-1	7.4432E2	5.0946E-1	1.6963E6	
868	-3.0846E-1	7.4432E2	5.0946E-1	1.6963E6	
869	-3.0846E-1	7.4432E2	5.0946E-1	1.6963E6	
870	-3.0846E-1	7.4432E2	5.0946E-1	1.6963E6	
871	-3.0846E-1	7.4432E2	5.0946E-1	1.6963E6	
872	-3.0846E-1	7.4432E2	5.0946E-1	1.6963E6	
873	-3.0846E-1	7.4432E2	5.0946E-1	1.6963E6	
874	-3.0846E-1	7.4432E2	5.0946E-1	1.6963E6	
875	-3.0846E-1	7.4432E2	5.0946E-1	1.6963E6	
876	-3.0846E-1	7.4432E2	5.0946E-1	1.6963E6	
877	-3.0846E-1	7.4432E2	5.0946E-1	1.6963E6	
878	-3.0846E-1	7.4432E2	5.0946E-1	1.6963E6	
879	-3.0846E-1	7.4432E2	5.0946E-1	1.6963E6	
880	-3.0846E-1	7.4432E2	5.0946E-1	1.6963E6	
881	-3.0846E-1	7.4432E2	5.0946E-1	1.6963E6	
882	-3.0846E-1	7.4432E2	5.0946E-1	1.6963E6	
883	-3.0846E-1	7.4432E2	5.0946E-1	1.6963E6	
884	-3.0846E-1	7.4432E2	5.0946E-1	1.6963E6	
885	-3.0846E-1	7.4432E2	5.0946E-1	1.6963E6	
886	-3.0846E-1	7.4432E2	5.0946E-1	1.6963E6	
887	-3.0846E-1	7.4432E2	5.0946E-1	1.6963E6	
888	-3.0846E-1	7.4432E2	5.0946E-1	1.6963E6	
889	-3.0846E-1	7.4432E2	5.0946E-1	1.6963E6	
890	-3.0846E-1	7.4432E2	5.0946E-1	1.6963E6	
891	-3.0846E-1	7.4432E2	5.0946E-1	1.6963E6	
892	-3.0846E-1	7.4432E2	5.0946E-1	1.6963E6	
893	-3.0846E-1	7.4432E2	5.0946E-1	1.6963E6	
894	-3.0846E-1	7.4432E2	5.0946E-1	1.6963E6	
895	-3.0846E-1	7.4432E2	5.0946E-1	1.6963E6	
896	-3.0846E-1	7.4432E2	5.0946E-1	1.6963E6	
897	-3.0846E-1	7.4432E2	5.0946E-1	1.6963E6	
898	-3.0846E-1	7.4432E2	5.0946E-1	1.6963E6	
899	-3.0846E-1	7.4432E2	5.0946E-1	1.6963E6	
900	-3.0846E-1	7.4432E2	5.0946E-1	1.6963E6	
901	-3.0846E-1	7.4432E2	5.0946E-1	1.6963E6	
902	-3.0846E-1	7.4432E2	5.0946E-1	1.6963E6	
903	-3.0846E-1	7.4432E2	5.0946E-1	1.6963E6	
904	-3.0846E-1	7.4432E2	5.0946E-1	1.6963E6	
905	-3.0846E-1	7.4432E2	5.0946E-1	1.6963E6	
906	-3.0846E-1	7.4432E2	5.0946E-1	1.6963E6	
907	-3.0846E-1	7.4432E2	5.0946E-1	1.6963E6	
908	-3.0846E-1	7.4432E2	5.0946E-1	1.6963E6	
909	-3.0846E-1	7.4432E2	5.0946E-1	1.6963E6	
910	-3.0846E-1	7.4432E2	5.0946E-1	1.6963E6	
911	-3.0846E-1	7.4432E2	5.0946E-1	1.6963E6	
912	-3.0846E-1	7.4432E2	5.0946E-1	1.6963E6	
913	-3.0846E-1	7.4432E2	5.0946E-1	1.6963E6	
914	-3.0846E-1	7.4432E2	5.0946E-1	1.6963E6	
915	-3.0846E-1	7.4432E2	5.0946E-1	1.6963E6	
916	-3.0846E-1	7.4432E2	5.0946E-1	1.6963E6	
917	-3.0846E-1	7.4432E2	5.0946E-1	1.6963E6	
918	-3.0846E-1	7.4432E2	5.0946E-1	1.6963E6	
919	-3.0846E-1	7.4432E2	5.0946E-1	1.6963E6	
920	-3.0846E-1	7.4432E2	5.0946E-1	1.6963E6	
921	-3.0846E-1	7.4432E2	5.0946E-1	1.6963E6	
922	-3.0846E-1	7.4432E2	5.0946E-1	1.6963E6	
923	-3.0846E-1	7.4432E2	5.0946E-1	1.6963E6	
924	-3.0846E-1	7.4432E2	5.0946E-1	1.6963E6	
925	-3.0846E-1	7.4432E2	5.0946E-1	1.6963E6	
926	-3.0846E-1	7.4432E2	5.0946E-1	1.6963E6	
927	-3.0846E-1	7.4432E2	5.0946E-1	1.6963E6	
928	-3.0846E-1	7.4432E2	5.0946E-1	1.6963E6	
929	-3.0846E-1	7.4432E2	5.0946E-1	1.6963E6	
930	-3.0846E-1	7.4432E2	5.0946E-1	1.6963E6	
931	-3.0846E-1	7.4432E2	5.0946E-1	1.6963E6	
932	-3.0846E-1	7.4432E2	5.0946E-1	1.6963E6	
933	-3.0846E-1	7.4432E2	5.0946E-1	1.6963E6	
934	-3.0846E-1	7.4432E2	5.0946E-1	1.6963E6	
935	-3.0846E-1	7.4432E2	5.0946E-1	1.6963E6	
936	-3.0846E-1	7.4432E2	5.0946E-1	1.6963E6	
937	-3.0846E-1	7.4432E2	5.0946E-1	1.6963E6	
938	-3.0846E-1	7.4432E2	5.0946E-1	1.6963E6	
939	-3.0846E-1	7.4432E2	5.0946E-1	1.6963E6	
940	-3.0846E-1	7.4432E2	5.0946E-1	1.6963E6	
941	-3.0846E-1	7.4432E2	5.0946E-1	1.6963E6	
942	-3.0846E-1	7.4432E2	5.0946E-1	1.6963E6	
943	-3.0846E-1	7.4432E2	5.0946E-1	1.6963E6	
944	-3.0846E-1	7.4432E2	5.0946E-1	1.6963E6	
945	-3.0846E-1	7.4432E2	5.0946E-1	1.6963E6	
946	-3.0846E-1	7.4432E2	5.0946E-1	1.6963E6	
947	-3.0846E-1	7.4432E2	5.0946E-1	1.6963E6	
948	-3.0846E-1	7.4432E2	5.0946E-1	1.6963E6	
949	-3.0846E-1	7.4432E2	5.0946E-1	1.6963E6	
950	-3.0846E-1	7.4432E2	5.0946E-1	1.6963E6	
951	-3.0846E-1	7.4432E2	5.0946E-1	1.6963E6	
952	-3.0846E-1	7.4432E2	5.0946E-1	1.6963E6	
953	-3.0846E-1	7.4432E2	5.0946E-1	1.6963E6	
954	-3.0846E-1	7.4432E2	5.0946E-1	1.6963E6	
955	-3.0846E-1	7.4432E2	5.0946E-1	1.6963E6	
956	-3.0846E-1	7.4432E2	5.0946E-1	1.6963E6	
957	-3.0846E-1	7.4432E2	5.0946E-1	1.6963E6	
958	-3.0846E-1	7.4432E2	5.0946E-1	1.6963E6	
959	-3.0846E-1	7.4432E2	5.0946E-1	1.6963E6	
960	-3.0846E-1	7.4432E2	5.0946E-1	1.6963E6	
961	-3.0846E-1	7.4432E2	5.0946E-1	1.6963E6	
962	-3.0846E-1	7.4432E2	5.0946E-1	1.6963E6	
963	-3.0846E-1	7.4432E2	5.0946E-1	1.6963E6	
964	-3.0846E-1	7.4432E2	5.0946E-1	1.6963E6	
965	-3.0846E-1	7.4432E2	5.0946E-1	1.6963E6	
966	-3.0846E-1	7.4432E2	5.0946E-1	1.6963E6	
967	-3.0846E-1	7.4432E2	5.0946E-1	1.6963E6	
968	-3.0846E-1	7.4432E2	5.0946E-1	1.6963E6	
969	-3.0846E-1	7.4432E2	5.0946E-1	1.6963E6	
970	-3.0846E-1	7.4432E2	5.0946E-1	1.6963E6	
971	-3.0846E-1	7.4432E2	5.0946E-1	1.6963E6	
972	-3.0846E-1	7.4432E2	5.0946E-1	1.6963E6	
973	-3.0846E-1	7.4432E2	5.0946E-1	1.6963E6	
974	-3.0846E-1	7.4432E2	5.0946E-1	1.6963E6	
975	-3.0846E-1	7.4432E2	5.0946E-1	1.6963E6	
976	-3.0846E-1	7.4432E2	5.0946E-1	1.6963E6	
977	-3.0846E-1	7.4432E2	5.0946E-1	1.6963E6	
978	-3.0846E-1	7.4432E2	5.0946E-1	1.6963E6	
979	-3.0846E-1	7.4432E2	5.0946E-1	1.6963E6	
980	-3.0846E-1	7.4432E2	5.0946E-1	1.6963E6	
981	-3.0846E-1	7.4432E2	5.0946E-1	1.6963E6	
982	-3.0846E-1	7.4432E2	5.0946E-1	1.6963E6	
983	-3.0846E-1	7.4432E2	5.0946E-1	1.6963E6	
984	-3.0846E-1	7.4432E2	5.0946E-1	1.6963E6	
985	-3.0846E-1	7.4432E2	5.0946E-1	1.6963E6	
986	-3.0846E-1	7.4432E2	5.0946E-1	1.6963E6	
987	-3.0846E-1	7.4432E2	5.0946E-1	1.6963E6	
988	-3.0846E-1	7.4432E2	5.0946E-1	1.6963E6	
989	-3.0846E-1	7.4432E2	5.0946E-1	1.6963E6	
990	-3.0846E-1	7.4432E2	5.0946E-1	1.6963E6	
991	-3.0846E-1	7.4432E2	5.0946E-1	1.6963E6	
992	-3.0846E-1	7.4432E2	5.0946E-1	1.6963E6	
993	-3.0846E-1	7.4432E2	5.0946E-1	1.6963E6	
994	-3.0846E-1	7.4432E2	5.0946E-1	1.6963E6	
995	-3.0846E-1	7.4432E2	5.0946E-1	1.6963E6	
996	-3.0846E-1	7.4432E2	5.0946E-1	1.6963E6	
997	-3.0846E-1	7.4432E2	5.0946E-1	1.6963E6	
998	-3.0846E-1	7.4432E2	5.0946E-1	1.6963E6	
999	-3.0846E-1	7.4432E2	5.0946E-1	1.6963E6	
1000	-3.0846E-1	7.4432E2	5.0946E-1	1.6963E6	
1001	-3.0846E-1	7.4432E2	5.0946E-1	1.6963E6	
1002	-3.0846E-1	7.4432E2	5.0946E-1	1.6963E6	
1003	-3.0846E-1	7.4432E2	5.0946E-1	1.6963E6	
1004	-3.0846E-1	7.4432E2	5.0946E-1	1.6963E6	
1005	-3.0846E-1	7.4432E2	5.0946E-1	1.6963E6	
1006	-3.0846E-1	7.4432E2	5.0946E-1	1.6963E6	
1007	-3.0846E-1	7.4432E2	5.0946E-1	1.6963E6	
1008	-3.0846E-1	7.4432E2	5.0946E-1	1.6963E6	
1009	-3.0846E-1	7.4432E2	5.0946E-1	1.6963E6	
1010	-3.0846E-1	7.4432E2	5.0946E-1	1.6963E6	
1011	-3.0846E-1	7.4432E2	5.0946E-1	1.6963E6	
1012	-3.0846E-1	7.4432E2	5.0946E-1	1.6963E6	
1013	-3.0846E-1	7.4432E2	5.0946E-1	1.6963E6	
1014	-3.0846E-1	7.4432E2	5.0946E-1	1.6963E6	
1015	-3.0846E-1	7.4432E2	5.0946E-1	1.6963E6	
1016	-3.0846E-1	7.4432E2	5.0946E-1	1.6963E6	
1017	-3.0846E-1	7.4432E2	5.0946E-1	1.6963E6	
1018	-3.0846E-1	7.4432E2	5.0946E-1	1.6963E6	
1019	-3.0846E-1	7.4432E2	5.0946E-1	1.6963E6	
1020	-3.0846E-1	7.4432E2	5.0946E-1	1.6963E6	
1021	-3.0846E-1	7.4432E2	5.0946E-1	1.6963E6	
1022	-3.0846E-1	7.4432E2	5.0946E-1	1.6963E6	
1023	-3.0846E-1	7.4432E2	5.0946E-1	1.6963E6	
1024	-3.0846E-1	7.4432E2	5.0946E-1	1.6963E6	
1025	-3.1113E-1	7.4035E2	5.0935E-1	1.6963E6	
1026	-3.5629E-1	6.7333E2	5.1069E-1	1.6986E6	
1027	-3.8239E-1	6.3460E2	5.1346E-1	1.7008E6	
1028	-4.0169E-1	6.0596E2	5.1659E-1	1.7030E6	
1029	-4.2145E-1	5.7663E2	5.1994E-1	1.7052E6	
1030	-4.3762E-1	5.5263E2	5.2355E-1	1.7074E6	
1031	-4.5601E-1	5.2534E2	5.2716E-1	1.7097E6	
1032	-4.7218E-1	5.0134E2	5.3103E-1	1.7119E6	
1033	-4.8698E-1	4.7937E2	5.3501E-1	1.7141E6	
1034	-4.9400E-1	4.6895E2	5.3887E-1	1.7163E6	
1035	-5.1323E-1	4.4042E2	5.4300E-1	1.7185E6	
1036	-5.2429E-1	4.2400E2	5.4717E-1	1.7208E6	
1037	-5.3780E-1	4.0396E2	5.5138E-1	1.7230E6	
1038	-5.4802E-1	3.8879E2	5.5549E-1	1.7252E6	
1039	-5.6206E-1	3.6796E2	5.5992E-1	1.7274E6	
1040	-5.7129E-1	3.5426E2	5.6417E-1	1.7296E6	
1041	-5.8250E-1	3.3761E2	5.6849E-1	1.7319E6	
1042	-5.8968E-1	3.2697E2	5.7281E-1	1.7341E6	
1043	-6.0463E-1	3.0478E2	5.7728E-1	1.7363E6	
1044	-6.1668E-1	2.8689E2	5.8166E-1	1.7385E6	
1045	-6.2317E-1	2.7726E2	5.8608E-1	1.7407E6	
1046	-6.3248E-1	2.6345E2	5.9061E-1	1.7430E6	
1047	-6.4552E-1	2.4409E2	5.9513E-1	1.7452E6	
1048	-6.5498E-1	2.3005E2	5.9946E-1	1.7474E6	
1049	-6.6238E-1	2.1906E2	6.0405E-1	1.7496E6	
1050	-6.7497E-1	2.0038E2	6.0851E-1	1.7518E6	
1051	-6.8443E-1	1.8634E2	6.1306E-1	1.7541E6	
1052	-6.9527E-1	1.7026E2	6.1774E-1	1.7563E6	
1053	-7.0381E-1	1.5758E2	6.2220E-1	1.7585E6	
1054	-7.1075E-1	1.4728E2	6.2671E-1	1.7607E6	
1055	-7.1762E-1	1.3709E2	6.3138E-1	1.7629E6	
1056	-7.2647E-1	1.2395E2	6.3591E-1	1.7652E6	
1057	-7.3402E-1	1.1274E2	6.4051E-1	1.7674E6	
1058	-7.4493E-1	9.6553E1	6.4521E-1	1.7696E6	
1059	-7.4982E-1	8.9307E1	6.4979E-1	1.7718E6	
1060	-7.6012E-1	7.4021E1	6.5443E-1	1.7740E6	
1061	-7.6530E-1	6.6322E1	6.5918E-1	1.7763E6	
1062	-7.7309E-1	5.4773E1	6.6383E-1	1.7785E6	
1063	-7.8438E-1	3.8016E1	6.6862E-1	1.7807E6	
1064	-7.8896E-1	3.1222E1	6.7328E-1	1.7829E6	
1065	-7.9582E-1	2.1032E1	6.7789E-1	1.7851E6	
1066	-8.0078E-1	1.3672E1	6.8259E-1	1.7874E6	
1067	-8.0841E-1	2.3495E0	6.8731E-1	1.7896E6	
1068	-8.1711E-1	-1.0558E1	6.9208E-1	1.7918E6	
1069	-8.2520E-1	-2.2560E1	6.9681E-1	1.7940E6	
1070	-8.2718E-1	-2.5504E1	7.0157E-1	1.7962E6	
1071	-8.3603E-1	-3.8638E1	7.0631E-1	1.7985E6	
1072	-8.3923E-1	-4.3394E1	7.1101E-1	1.8007E6	
1073	-8.5243E-1	-6.2982E1	7.1577E-1	1.8029E6	
1074	-8.5274E-1	-6.3435E1	7.2054E-1	1.8051E6	
1075	-8.5892E-1	-7.2606E1	7.2531E-1	1.8073E6	
1076	-8.6838E-1	-8.6646E1	7.3002E-1	1.8096E6	
1077	-8.7364E-1	-9.4459E1	7.3500E-1	1.8118E6	
1078	-8.7334E-1	-9.4006E1	7.3970E-1	1.8140E6	
1079	-8.7845E-1	-1.0159E2	7.4451E-1	1.8162E6	
1080	-8.9035E-1	-1.1925E2	7.4932E-1	1.8184E6	
1081	-8.9096E-1	-1.2016E2	7.5417E-1	1.8207E6	
1082	-8.9684E-1	-1.2888E2	7.5899E-1	1.8229E6	
1083	-9.0363E-1	-1.3896E2	7.6378E-1	1.8251E6	
1084	-9.0706E-1	-1.4405E2	7.6872E-1	1.8273E6	
1085	-9.1187E-1	-1.5118E2	7.7348E-1	1.8295E6	
1086	-9.1705E-1	-1.5888E2	7.7838E-1	1.8318E6	
1087	-9.2102E-1	-1.6477E2	7.8323E-1	1.8340E6	
1088	-9.2430E-1	-1.6964E2	7.8800E-1	1.8362E6	
1089	-9.3040E-1	-1.7870E2	7.9302E-1	1.8384E6	
1090	-9.3262E-1	-1.8198E2	7.9788E-1	1.8406E6	
1091	-9.3719E-1	-1.8878E2	8.0273E-1	1.8429E6	
1092	-9.3864E-1	-1.9093E2	8.0768E-1	1.8451E6	
1093	-9.4383E-1	-1.9863E2	8.1253E-1	1.8473E6	
1094	-9.4658E-1	-2.0270E2	8.1746E-1	1.8495E6	
1095	-9.4795E-1	-2.0474E2	8.2242E-1	1.8517E6	
1096	-9.5619E-1	-2.1697E2	8.2737E-1	1.8540E6	
1097	-9.5558E-1	-2.1606E2	8.3225E-1	1.8562E6	
1098	-9.5810E-1	-2.1980E2	8.3722E-1	1.8584E6	
1099	-9.5825E-1	-2.2003E2	8.4216E-1	1.8606E6	
1100	-9.6207E-1	-2.2569E2	8.4709E-1	1.8628E6	
1101	-9.6130E-1	-2.2455E2	8.5207E-1	1.8651E6	
1102	-9.7054E-1	-2.3826E2	8.5709E-1	1.8673E6	
1103	-9.7000E-1	-2.3746E2	8.6202E-1	1.8695E6	
1104	-9.7321E-1	-2.4222E2	8.6692E-1	1.8717E6	
1105	-9.7343E-1	-2.4256E2	8.7187E-1	1.8739E6	
1106	-9.7954E-1	-2.5162E2	8.7688E-1	1.8762E6	
1107	-9.8129E-1	-2.5422E2	8.8192E-1	1.8784E6	
1108	-9.8152E-1	-2.5456E2	8.8687E-1	1.8806E6	
1109	-9.8137E-1	-2.5433E2	8.9197E-1	1.8828E6	
1110	-9.8206E-1	-2.5535E2	8.9694E-1	1.8850E6	
1111	-9.8450E-1	-2.5898E2	9.0194E-1	1.8873E6	
1112	-9.8289E-1	-2.5660E2	9.0689E-1	1.8895E6	
1113	-9.8679E-1	-2.6237E2	9.1193E-1	1.8917E6	
1114	-9.8885E-1	-2.6543E2	9.1710E-1	1.8939E6	
1115	-9.9144E-1	-2.6928E2	9.2212E-1	1.8961E6	
1116	-9.9266E-1	-2.7109E2	9.2717E-1	1.8984E6	
1117	-9.9297E-1	-2.7154E2	9.3216E-1	1.9006E6	
1118	-9.9861E-1	-2.7992E2	9.3727E-1	1.9028E6	
1119	-9.9953E-1	-2.8128E2	9.4237E-1	1.9050E6	
1120	-9.9983E-1	-2.8173E2	9.4737E-1	1.9072E6	
1121	-1.0027E0	-2.8604E2	9.5248E-1	1.9095E6	
1122	-1.0030E0	-2.8638E2	9.5755E-1	1.9117E6	
1123	-1.0044E0	-2.8853E2	9.6260E-1	1.9139E6	
1124	-1.0078E0	-2.9362E2	9.6770E-1	1.9161E6	
1125	-1.0112E0	-2.9860E2	9.7287E-1	1.9183E6	
1126	-1.0095E0	-2.9611E2	9.7797E-1	1.9206E6	
1127	-1.0127E0	-3.0087E2	9.8309E-1	1.9228E6	
1128	-1.0112E0	-2.9860E2	9.8813E-1	1.9250E6	
1129	-1.0115E0	-2.9906E2	9.9338E-1	1.9272E6	
1130	-1.0149E0	-3.0404E2	9.9842E-1	1.9294E6	
1131	-1.0153E0	-3.0472E2	1.0036E0	1.9317E6	
1132	-1.0120E0	-2.9985E2	1.0088E0	1.9339E6	
1133	-1.0065E0	-2.9170E2	1.0138E0	1.9361E6	
1134	-1.0039E0	-2.8773E2	1.0190E0	1.9383E6	
1135	-1.0004E0	-2.8264E2	1.0242E0	1.9405E6	
1136	-1.0004E0	-2.8264E2	1.0294E0	1.9428E6	
1137	-9.9297E-1	-2.7154E2	1.0345E0	1.9450E6	
1138	-9.9342E-1	-2.7222E2	1.0398E0	1.9472E6	
1139	-9.8969E-1	-2.6667E2	1.0450E0	1.9494E6	
1140	-9.8640E-1	-2.6181E2	1.0502E0	1.9516E6	
1141	-9.9014E-1	-2.6735E2	1.0552E0	1.9539E6	
1142	-9.8671E-1	-2.6226E2	1.0604E0	1.9561E6	
1143	-9.8328E-1	-2.5716E2	1.0657E0	1.9583E6	
1144	-9.8114E-1	-2.5399E2	1.0709E0	1.9605E6	
1145	-9.7565E-1	-2.4584E2	1.0761E0	1.9627E6	
1146	-9.7641E-1	-2.4697E2	1.0814E0	1.9650E6	
1147	-9.7656E-1	-2.4720E2	1.0866E0	1.9672E6	
1148	-9.7549E-1	-2.4561E2	1.0918E0	1.9694E6	
1149	-9.7198E-1	-2.4041E2	1.0971E0	1.9716E6	
1150	-9.6970E-1	-2.3701E2	1.1023E0	1.9738E6	
1151	-9.6573E-1	-2.3112E2	1.1075E0	1.9761E6	
1152	-9.6039E-1	-2.2320E2	1.1128E0	1.9783E6	
1153	-9.5833E-1	-2.2014E2	1.1180E0	1.9805E6	
1154	-9.5245E-1	-2.1142E2	1.1232E0	1.9827E6	
1155	-9.4925E-1	-2.0667E2	1.1286E0	1.9849E6	
1156	-9.4269E-1	-1.9693E2	1.1338E0	1.9872E6	
1157	-9.4002E-1	-1.9296E2	1.1392E0	1.9894E6	
1158	-9.3590E-1	-1.8685E2	1.1443E0	1.9916E6	
1159	-9.3475E-1	-1.8515E2	1.1497E0	1.9938E6	
1160	-9.2667E-1	-1.7315E2	1.1550E0	1.9960E6	
1161	-9.2133E-1	-1.6522E2	1.1604E0	1.9983E6	
1162	-9.2163E-1	-1.6568E2	1.1656E0	2.0005E6	
1163	-9.1812E-1	-1.6047E2	1.1709E0	2.0027E6	
1164	-9.1614E-1	-1.5753E2	1.1762E0	2.0049E6	
1165	-9.1393E-1	-1.5424E2	1.1816E0	2.0071E6	
1166	-9.0988E-1	-1.4824E2	1.1869E0	2.0094E6	
1167	-9.0744E-1	-1.4462E2	1.1923E0	2.0116E6	
1168	-9.0828E-1	-1.4586E2	1.1977E0	2.0138E6	
1169	-9.0416E-1	-1.3975E2	1.2029E0	2.0160E6	
1170	-9.0302E-1	-1.3805E2	1.2083E0	2.0182E6	
1171	-8.9691E-1	-1.2899E2	1.2137E0	2.0205E6	
1172	-8.9172E-1	-1.2129E2	1.2191E0	2.0227E6	
1173	-8.8089E-1	-1.0521E2	1.2244E0	2.0249E6	
1174	-8.7517E-1	-9.6723E1	1.2298E0	2.0271E6	
1175	-8.6952E-1	-8.8344E1	1.2352E0	2.0293E6	
1176	-8.6403E-1	-8.0192E1	1.2405E0	2.0316E6	
1177	-8.4595E-1	-5.3358E1	1.2459E0	2.0338E6	
1178	-7.8766E-1	3.3147E1	1.2514E0	2.0360E6	
1179	-7.0068E-1	1.6222E2	1.2567E0	2.0382E6	
1180	-6.9031E-1	1.7762E2	1.2621E0	2.0404E6	
1181	-6.8512E-1	1.8532E2	1.2675E0	2.0427E6	
1182	-6.8550E-1	1.8476E2	1.2731E0	2.0449E6	
1183	-6.8253E-1	1.8917E2	1.2784E0	2.0471E6	
1184	-6.8352E-1	1.8770E2	1.2837E0	2.0493E6	
1185	-6.8184E-1	1.9019E2	1.2892E0	2.0515E6	
1186	-6.8138E-1	1.9087E2	1.2946E0	2.0538E6	
1187	-6.8192E-1	1.9008E2	1.3001E0	2.0560E6	
1188	-6.8199E-1	1.8996E2	1.3055E0	2.0582E6	
1189	-6.8008E-1	1.9280E2	1.3110E0	2.0604E6	
1190	-6.8390E-1	1.8713E2	1.3165E0	2.0626E6	
1191	-6.8222E-1	1.8962E2	1.3219E0	2.0649E6	
1192	-6.8283E-1	1.8872E2	1.3273E0	2.0671E6	
1193	-6.8169E-1	1.9042E2	1.3329E0	2.0693E6	
1194	-6.8230E-1	1.8951E2	1.3383E0	2.0715E6	
1195	-6.8207E-1	1.8985E2	1.3438E0	2.0737E6	
1196	-6.8077E-1	1.9178E2	1.3493E0	2.0760E6	
1197	-6.8436E-1	1.8645E2	1.3548E0	2.0782E6	
1198	-6.8405E-1	1.8691E2	1.3603E0	2.0804E6	
1199	-6.8222E-1	1.8962E2	1.3658E0	2.0826E6	
1200	-6.8291E-1	1.8861E2	1.3713E0	2.0848E6	
1201	-6.8398E-1	1.8702E2	1.3768E0	2.0871E6	
1202	-6.8375E-1	1.8736E2	1.3823E0	2.0893E6	
1203	-6.8329E-1	1.8804E2	1.3879E0	2.0915E6	
1204	-6.8367E-1	1.8747E2	1.3933E0	2.0937E6	
1205	-6.8413E-1	1.8679E2	1.3990E0	2.0959E6	
1206	-6.8352E-1	1.8770E2	1.4045E0	2.0982E6	
1207	-6.8710E-1	1.8238E2	1.4100E0	2.1004E6	
1208	-6.8375E-1	1.8736E2	1.4156E0	2.1026E6	
1209	-6.8466E-1	1.8600E2	1.4211E0	2.1048E6	
1210	-6.8710E-1	1.8238E2	1.4267E0	2.1070E6	
1211	-6.8550E-1	1.8476E2	1.4323E0	2.1093E6	
1212	-6.8619E-1	1.8374E2	1.4377E0	2.1115E6	
1213	-6.8588E-1	1.8419E2	1.4434E0	2.1137E6	
1214	-6.8756E-1	1.8170E2	1.4489E0	2.1159E6	
1215	-6.8565E-1	1.8453E2	1.4546E0	2.1181E6	
1216	-6.8695E-1	1.8260E2	1.4602E0	2.1204E6	
1217	-6.8726E-1	1.8215E2	1.4658E0	2.1226E6	
1218	-6.8741E-1	1.8193E2	1.4714E0	2.1248E6	
1219	-6.8565E-1	1.8453E2	1.4770E0	2.1270E6	
1220	-6.8443E-1	1.8634E2	1.4825E0	2.1292E6	
1221	-6.8909E-1	1.7943E2	1.4882E0	2.1315E6	
1222	-6.8794E-1	1.8113E2	1.4939E0	2.1337E6	
1223	-6.8649E-1	1.8328E2	1.4994E0	2.1359E6	
1224	-6.8932E-1	1.7909E2	1.5051E0	2.1381E6	
1225	-6.8817E-1	1.8079E2	1.5107E0	2.1403E6	
1226	-6.8710E-1	1.8238E2	1.5164E0	2.1426E6	
1227	-6.8932E-1	1.7909E2	1.5220E0	2.1448E6	
1228	-6.8863E-1	1.8011E2	1.5277E0	2.1470E6	
1229	-6.8863E-1	1.8011E2	1.5334E0	2.1492E6	
1230	-6.8748E-1	1.8181E2	1.5389E0	2.1514E6	
1231	-6.8863E-1	1.8011E2	1.5447E0	2.1537E6	
1232	-6.8977E-1	1.7842E2	1.5502E0	2.1559E6	
1233	-6.9077E-1	1.7694E2	1.5560E0	2.1581E6	
1234	-6.8871E-1	1.8000E2	1.5615E0	2.1603E6	
1235	-6.9267E-1	1.7411E2	1.5673E0	2.1625E6	
1236	-6.8954E-1	1.7876E2	1.5730E0	2.1648E6	
1237	-6.8932E-1	1.7909E2	1.5787E0	2.1670E6	
1238	-6.9115E-1	1.7638E2	1.5843E0	2.1692E6	
1239	-6.9031E-1	1.7762E2	1.5900E0	2.1714E6	
1240	-6.9130E-1	1.7615E2	1.5958E0	2.1736E6	
1241	-6.8962E-1	1.7864E2	1.6014E0	2.1759E6	
1242	-6.9168E-1	1.7558E2	1.6071E0	2.1781E6	
1243	-6.9023E-1	1.7774E2	1.6128E0	2.1803E6	
1244	-6.9092E-1	1.7672E2	1.6186E0	2.1825E6	
1245	-6.9099E-1	1.7660E2	1.6243E0	2.1847E6	
1246	-6.9206E-1	1.7502E2	1.6300E0	2.1870E6	
1247	-6.9283E-1	1.7389E2	1.6358E0	2.1892E6	
1248	-6.9260E-1	1.7423E2	1.6415E0	2.1914E6	
1249	-6.9298E-1	1.7366E2	1.6473E0	2.1936E6	
1250	-6.9099E-1	1.7660E2	1.6530E0	2.1958E6	
1251	-6.9351E-1	1.7287E2	1.6587E0	2.1981E6	
1252	-6.9214E-1	1.7491E2	1.6645E0	2.2003E6	
1253	-6.9427E-1	1.7174E2	1.6703E0	2.2025E6	
1254	-6.9527E-1	1.7026E2	1.6760E0	2.2047E6	
1255	-6.9229E-1	1.7468E2	1.6818E0	2.2069E6	
1256	-6.9298E-1	1.7366E2	1.6877E0	2.2092E6	
1257	-6.9283E-1	1.7389E2	1.6933E0	2.2114E6	
1258	-6.9290E-1	1.7377E2	1.6991E0	2.2136E6	
1259	-6.9405E-1	1.7207E2	1.7050E0	2.2158E6	
1260	-6.9336E-1	1.7309E2	1.7107E0	2.2180E6	
1261	-6.9283E-1	1.7389E2	1.7166E0	2.2203E6	
1262	-6.9504E-1	1.7060E2	1.7223E0	2.2225E6	
1263	-6.9534E-1	1.7015E2	1.7281E0	2.2247E6	
1264	-6.9534E-1	1.7015E2	1.7340E0	2.2269E6	
1265	-6.9435E-1	1.7162E2	1.7398E0	2.2291E6	
1266	-6.9496E-1	1.7072E2	1.7456E0	2.2314E6	
1267	-6.9725E-1	1.6732E2	1.7514E0	2.2336E6	
1268	-6.9511E-1	1.7049E2	1.7571E0	2.2358E6	
1269	-6.9542E-1	1.7004E2	1.7631E0	2.2380E6	
1270	-6.9580E-1	1.6947E2	1.7689E0	2.2402E6	
1271	-6.9511E-1	1.7049E2	1.7747E0	2.2425E6	
1272	-6.9633E-1	1.6868E2	1.7807E0	2.2447E6	
1273	-6.9412E-1	1.7196E2	1.7865E0	2.2469E6	
1274	-6.9885E-1	1.6494E2	1.7923E0	2.2491E6	
1275	-6.9740E-1	1.6709E2	1.7982E0	2.2513E6	
1276	-6.9519E-1	1.7038E2	1.8041E0	2.2536E6	
1277	-6.9672E-1	1.6811E2	1.8099E0	2.2558E6	
1278	-6.9626E-1	1.6879E2	1.8158E0	2.2580E6	
1279	-6.9794E-1	1.6630E2	1.8217E0	2.2602E6	
1280	-6.9679E-1	1.6800E2	1.8274E0	2.2624E6	
1281	-7.0023E-1	1.6290E2	1.8334E0	2.2647E6	
1282	-6.9855E-1	1.6539E2	1.8393E0	2.2669E6	
1283	-6.9756E-1	1.6687E2	1.8452E0	2.2691E6	
1284	-6.9817E-1	1.6596E2	1.8510E0	2.2713E6	
1285	-6.9794E-1	1.6630E2	1.8570E0	2.2735E6	
1286	-6.9977E-1	1.6358E2	1.8630E0	2.2758E6	
1287	-6.9946E-1	1.6404E2	1.8689E0	2.2780E6	
1288	-6.9824E-1	1.6585E2	1.8748E0	2.2802E6	
1289	-7.0030E-1	1.6279E2	1.8807E0	2.2824E6	
1290	-6.9771E-1	1.6664E2	1.8866E0	2.2846E6	
1291	-6.9946E-1	1.6404E2	1.8925E0	2.2869E6	
1292	-7.0122E-1	1.6143E2	1.8984E0	2.2891E6	
1293	-7.0007E-1	1.6313E2	1.9045E0	2.2913E6	
1294	-7.0099E-1	1.6177E2	1.9104E0	2.2935E6	
1295	-7.0030E-1	1.6279E2	1.9164E0	2.2957E6	
1296	-7.0053E-1	1.6245E2	1.9222E0	2.2980E6	
1297	-6.9992E-1	1.6336E2	1.9282E0	2.3002E6	
1298	-7.0145E-1	1.6109E2	1.9342E0	2.3024E6	
1299	-7.0099E-1	1.6177E2	1.9400E0	2.3046E6	
1300	-7.0114E-1	1.6154E2	1.9461E0	2.3068E6	
1301	-7.0396E-1	1.5736E2	1.9521E0	2.3091E6	
1302	-7.0183E-1	1.6053E2	1.9581E0	2.3113E6	
1303	-7.0534E-1	1.5532E2	1.9642E0	2.3135E6	
1304	-7.0305E-1	1.5871E2	1.9702E0	2.3157E6	
1305	-7.0114E-1	1.6154E2	1.9761E0	2.3179E6	
1306	-7.0366E-1	1.5781E2	1.9821E0	2.3202E6	
1307	-7.0366E-1	1.5781E2	1.9881E0	2.3224E6	
1308	-7.0488E-1	1.5600E2	1.9940E0	2.3246E6	
1309	-7.0343E-1	1.5815E2	2.0001E0	2.3268E6	
1310	-7.0541E-1	1.5520E2	2.0061E0	2.3290E6	
1311	-7.0335E-1	1.5826E2	2.0121E0	2.3313E6	
1312	-7.0602E-1	1.5430E2	2.0181E0	2.3335E6	
1313	-7.0480E-1	1.5611E2	2.0241E0	2.3357E6	
1314	-7.0404E-1	1.5724E2	2.0303E0	2.3379E6	
1315	-7.0450E-1	1.5656E2	2.0363E0	2.3401E6	
1316	-7.0572E-1	1.5475E2	2.0423E0	2.3424E6	
1317	-7.0709E-1	1.5271E2	2.0484E0	2.3446E6	
1318	-7.0572E-1	1.5475E2	2.0544E0	2.3468E6	
1319	-7.0610E-1	1.5419E2	2.0604E0	2.3490E6	
1320	-7.0786E-1	1.5158E2	2.0664E0	2.3512E6	
1321	-7.0564E-1	1.5486E2	2.0726E0	2.3535E6	
1322	-7.0557E-1	1.5498E2	2.0786E0	2.3557E6	
1323	-7.0869E-1	1.5034E2	2.0848E0	2.3579E6	
1324	-7.0763E-1	1.5192E2	2.0908E0	2.3601E6	
1325	-7.0526E-1	1.5543E2	2.0969E0	2.3623E6	
1326	-7.0747E-1	1.5215E2	2.1029E0	2.3646E6	
1327	-7.0671E-1	1.5328E2	2.1091E0	2.3668E6	
1328	-7.0663E-1	1.5339E2	2.1151E0	2.3690E6	
1329	-7.0801E-1	1.5135E2	2.1212E0	2.3712E6	
1330	-7.0923E-1	1.4954E2	2.1273E0	2.3734E6	
1331	-7.0847E-1	1.5068E2	2.1336E0	2.3757E6	
1332	-7.0900E-1	1.4988E2	2.1396E0	2.3779E6	
1333	-7.1083E-1	1.4717E2	2.1457E0	2.3801E6	
1334	-7.0732E-1	1.5237E2	2.1519E0	2.3823E6	
1335	-7.0824E-1	1.5101E2	2.1580E0	2.3845E6	
1336	-7.0816E-1	1.5113E2	2.1642E0	2.3868E6	
1337	-7.0938E-1	1.4932E2	2.1702E0	2.3890E6	
1338	-7.0839E-1	1.5079E2	2.1764E0	2.3912E6	
1339	-7.0839E-1	1.5079E2	2.1826E0	2.3934E6	
1340	-7.0976E-1	1.4875E2	2.1887E0	2.3956E6	
1341	-7.0877E-1	1.5022E2	2.1948E0	2.3979E6	
1342	-7.0999E-1	1.4841E2	2.2011E0	2.4001E6	
1343	-7.1190E-1	1.4558E2	2.2071E0	2.4023E6	
1344	-7.1075E-1	1.4728E2	2.2134E0	2.4045E6	
1345	-7.0992E-1	1.4852E2	2.2194E0	2.4067E6	
1346	-7.1121E-1	1.4660E2	2.2257E0	2.4090E6	
1347	-7.1129E-1	1.4649E2	2.2320E0	2.4112E6	
1348	-7.1114E-1	1.4671E2	2.2381E0	2.4134E6	
1349	-7.0953E-1	1.4909E2	2.2443E0	2.4156E6	
1350	-7.1136E-1	1.4637E2	2.2504E0	2.4178E6	
1351	-7.1060E-1	1.4750E2	2.2566E0	2.4201E6	
1352	-7.1053E-1	1.4762E2	2.2629E0	2.4223E6	
1353	-7.1251E-1	1.4467E2	2.2691E0	2.4245E6	
1354	-7.1220E-1	1.4513E2	2.2753E0	2.4267E6	
1355	-7.1465E-1	1.4150E2	2.2815E0	2.4289E6	
1356	-7.1388E-1	1.4264E2	2.2877E0	2.4312E6	
1357	-7.1182E-1	1.4569E2	2.2940E0	2.4334E6	
1358	-7.1388E-1	1.4264E2	2.3002E0	2.4356E6	
1359	-7.1381E-1	1.4275E2	2.3065E0	2.4378E6	
1360	-7.1373E-1	1.4286E2	2.3126E0	2.4400E6	
1361	-7.1510E-1	1.4082E2	2.3190E0	2.4423E6	
1362	-7.1510E-1	1.4082E2	2.3252E0	2.4445E6	
1363	-7.1335E-1	1.4343E2	2.3315E0	2.4467E6	
1364	-7.1426E-1	1.4207E2	2.3377E0	2.4489E6	
1365	-7.1388E-1	1.4264E2	2.3441E0	2.4511E6	
1366	-7.1449E-1	1.4173E2	2.3502E0	2.4534E6	
1367	-7.1533E-1	1.4048E2	2.3565E0	2.4556E6	
1368	-7.1671E-1	1.3845E2	2.3627E0	2.4578E6	
1369	-7.1510E-1	1.4082E2	2.3692E0	2.4600E6	
1370	-7.1487E-1	1.4116E2	2.3754E0	2.4622E6	
1371	-7.1854E-1	1.3573E2	2.3817E0	2.4645E6	
1372	-7.1793E-1	1.3664E2	2.3879E0	2.4667E6	
1373	-7.1892E-1	1.3516E2	2.3943E0	2.4689E6	
1374	-7.1785E-1	1.3675E2	2.4007E0	2.4711E6	
1375	-7.1716E-1	1.3777E2	2.4069E0	2.4733E6	
1376	-7.1877E-1	1.3539E2	2.4132E0	2.4756E6	
1377	-7.1960E-1	1.3414E2	2.4196E0	2.4778E6	
1378	-7.1793E-1	1.3664E2	2.4260E0	2.4800E6	
1379	-7.1785E-1	1.3675E2	2.4321E0	2.4822E6	
1380	-7.1701E-1	1.3799E2	2.4386E0	2.4844E6	
1381	-7.1762E-1	1.3709E2	2.4449E0	2.4867E6	
1382	-7.2037E-1	1.3301E2	2.4512E0	2.4889E6	
1383	-7.1899E-1	1.3505E2	2.4577E0	2.4911E6	
1384	-7.2144E-1	1.3143E2	2.4640E0	2.4933E6	
1385	-7.1976E-1	1.3392E2	2.4702E0	2.4955E6	
1386	-7.2113E-1	1.3188E2	2.4767E0	2.4978E6	
1387	-7.1899E-1	1.3505E2	2.4829E0	2.5000E6	
1388	-7.2083E-1	1.3233E2	2.4893E0	2.5022E6	
1389	-7.1999E-1	1.3358E2	2.4958E0	2.5044E6	
1390	-7.1899E-1	1.3505E2	2.5020E0	2.5066E6	
1391	-7.2136E-1	1.3154E2	2.5085E0	2.5089E6	
1392	-7.2136E-1	1.3154E2	2.5149E0	2.5111E6	
1393	-7.1983E-1	1.3380E2	2.5213E0	2.5133E6	
1394	-7.1991E-1	1.3369E2	2.5277E0	2.5155E6	
1395	-7.2197E-1	1.3063E2	2.5341E0	2.5177E6	
1396	-7.2075E-1	1.3245E2	2.5405E0	2.5200E6	
1397	-7.2227E-1	1.3018E2	2.5469E0	2.5222E6	
1398	-7.1938E-1	1.3448E2	2.5534E0	2.5244E6	
1399	-7.2212E-1	1.3041E2	2.5596E0	2.5266E6	
1400	-7.2296E-1	1.2916E2	2.5662E0	2.5288E6	
1401	-7.2174E-1	1.3097E2	2.5725E0	2.5311E6	
1402	-7.2166E-1	1.3109E2	2.5790E0	2.5333E6	
1403	-7.2281E-1	1.2939E2	2.5854E0	2.5355E6	
1404	-7.2281E-1	1.2939E2	2.5918E0	2.5377E6	
1405	-7.2060E-1	1.3267E2	2.5982E0	2.5399E6	
1406	-7.2205E-1	1.3052E2	2.6048E0	2.5422E6	
1407	-7.2441E-1	1.2701E2	2.6111E0	2.5444E6	
1408	-7.2433E-1	1.2712E2	2.6176E0	2.5466E6	
1409	-7.2502E-1	1.2611E2	2.6241E0	2.5488E6	
1410	-7.2311E-1	1.2894E2	2.6306E0	2.5510E6	
1411	-7.2289E-1	1.2928E2	2.6371E0	2.5533E6	
1412	-7.2372E-1	1.2803E2	2.6435E0	2.5555E6	
1413	-7.2380E-1	1.2792E2	2.6500E0	2.5577E6	
1414	-7.2350E-1	1.2837E2	2.6565E0	2.5599E6	
1415	-7.2495E-1	1.2622E2	2.6629E0	2.5621E6	
1416	-7.2479E-1	1.2644E2	2.6695E0	2.5644E6	
1417	-7.2571E-1	1.2509E2	2.6759E0	2.5666E6	
1418	-7.2578E-1	1.2497E2	2.6823E0	2.5688E6	
1419	-7.2708E-1	1.2305E2	2.6889E0	2.5710E6	
1420	-7.2678E-1	1.2350E2	2.6954E0	2.5732E6	
1421	-7.2845E-1	1.2101E2	2.7020E0	2.5755E6	
1422	-7.2838E-1	1.2112E2	2.7085E0	2.5777E6	
1423	-7.2685E-1	1.2339E2	2.7149E0	2.5799E6	
1424	-7.2601E-1	1.2463E2	2.7215E0	2.5821E6	
1425	-7.2578E-1	1.2497E2	2.7280E0	2.5843E6	
1426	-7.2693E-1	1.2327E2	2.7345E0	2.5866E6	
1427	-7.2571E-1	1.2509E2	2.7412E0	2.5888E6	
1428	-7.2998E-1	1.1875E2	2.7477E0	2.5910E6	
1429	-7.2853E-1	1.2090E2	2.7542E0	2.5932E6	
1430	-7.2670E-1	1.2361E2	2.7608E0	2.5954E6	
1431	-7.2853E-1	1.2090E2	2.7672E0	2.5977E6	
1432	-7.2960E-1	1.1931E2	2.7738E0	2.5999E6	
1433	-7.3174E-1	1.1614E2	2.7805E0	2.6021E6	
1434	-7.3212E-1	1.1558E2	2.7870E0	2.6043E6	
1435	-7.2868E-1	1.2067E2	2.7935E0	2.6065E6	
1436	-7.3128E-1	1.1682E2	2.8002E0	2.6088E6	
1437	-7.2968E-1	1.1920E2	2.8067E0	2.6110E6	
1438	-7.3036E-1	1.1818E2	2.8132E0	2.6132E6	
1439	-7.2922E-1	1.1988E2	2.8199E0	2.6154E6	
1440	-7.2975E-1	1.1909E2	2.8264E0	2.6176E6	
1441	-7.3364E-1	1.1331E2	2.8330E0	2.6199E6	
1442	-7.2845E-1	1.2101E2	2.8396E0	2.6221E6	
1443	-7.3181E-1	1.1603E2	2.8461E0	2.6243E6	
1444	-7.2945E-1	1.1954E2	2.8529E0	2.6265E6	
1445	-7.3242E-1	1.1512E2	2.8595E0	2.6287E6	
1446	-7.2922E-1	1.1988E2	2.8661E0	2.6310E6	
1447	-7.3318E-1	1.1399E2	2.8726E0	2.6332E6	
1448	-7.3425E-1	1.1240E2	2.8793E0	2.6354E6	
1449	-7.3357E-1	1.1342E2	2.8859E0	2.6376E6	
1450	-7.3181E-1	1.1603E2	2.8925E0	2.6398E6	
1451	-7.3387E-1	1.1297E2	2.8991E0	2.6421E6	
1452	-7.3380E-1	1.1308E2	2.9059E0	2.6443E6	
1453	-7.3570E-1	1.1025E2	2.9124E0	2.6465E6	
1454	-7.3395E-1	1.1286E2	2.9191E0	2.6487E6	
1455	-7.3448E-1	1.1207E2	2.9257E0	2.6509E6	
1456	-7.3639E-1	1.0923E2	2.9324E0	2.6532E6	
1457	-7.3174E-1	1.1614E2	2.9391E0	2.6554E6	
1458	-7.3418E-1	1.1252E2	2.9457E0	2.6576E6	
1459	-7.3349E-1	1.1354E2	2.9524E0	2.6598E6	
1460	-7.3494E-1	1.1139E2	2.9591E0	2.6620E6	
1461	-7.3570E-1	1.1025E2	2.9658E0	2.6643E6	
1462	-7.3547E-1	1.1059E2	2.9725E0	2.6665E6	
1463	-7.3486E-1	1.1150E2	2.9791E0	2.6687E6	
1464	-7.3868E-1	1.0584E2	2.9858E0	2.6709E6	
1465	-7.3547E-1	1.1059E2	2.9924E0	2.6731E6	
1466	-7.3631E-1	1.0935E2	2.9992E0	2.6754E6	
1467	-7.3547E-1	1.1059E2	3.0058E0	2.6776E6	
1468	-7.3364E-1	1.1331E2	3.0126E0	2.6798E6	
1469	-7.3700E-1	1.0833E2	3.0193E0	2.6820E6	
1470	-7.3524E-1	1.1093E2	3.0260E0	2.6842E6	
1471	-7.3822E-1	1.0652E2	3.0327E0	2.6865E6	
1472	-7.3776E-1	1.0720E2	3.0394E0	2.6887E6	
1473	-7.3830E-1	1.0640E2	3.0462E0	2.6909E6	
1474	-7.4028E-1	1.0346E2	3.0529E0	2.6931E6	
1475	-7.3700E-1	1.0833E2	3.0596E0	2.6953E6	
1476	-7.3959E-1	1.0448E2	3.0664E0	2.6976E6	
1477	-7.4005E-1	1.0380E2	3.0731E0	2.6998E6	
1478	-7.3997E-1	1.0391E2	3.0798E0	2.7020E6	
1479	-7.3692E-1	1.0844E2	3.0866E0	2.7042E6	
1480	-7.3807E-1	1.0674E2	3.0934E0	2.7064E6	
1481	-7.3967E-1	1.0437E2	3.1000E0	2.7087E6	
1482	-7.3883E-1	1.0561E2	3.1069E0	2.7109E6	
1483	-7.3875E-1	1.0572E2	3.1136E0	2.7131E6	
1484	-7.3822E-1	1.0652E2	3.1205E0	2.7153E6	
1485	-7.3975E-1	1.0425E2	3.1272E0	2.7175E6	
1486	-7.4066E-1	1.0289E2	3.1339E0	2.7198E6	
1487	-7.3883E-1	1.0561E2	3.1407E0	2.7220E6	
1488	-7.3837E-1	1.0629E2	3.1475E0	2.7242E6	
1489	-7.4036E-1	1.0335E2	3.1543E0	2.7264E6	
1490	-7.3952E-1	1.0459E2	3.1610E0	2.7286E6	
1491	-7.4181E-1	1.0120E2	3.1679E0	2.7309E6	
1492	-7.4348E-1	9.8705E1	3.1746E0	2.7331E6	
1493	-7.4310E-1	9.9271E1	3.1814E0	2.7353E6	
1494	-7.4242E-1	1.0029E2	3.1882E0	2.7375E6	
1495	-7.4326E-1	9.9044E1	3.1950E0	2.7397E6	
1496	-7.4158E-1	1.0154E2	3.2019E0	2.7420E6	
1497	-7.4219E-1	1.0063E2	3.2086E0	2.7442E6	
1498	-7.4211E-1	1.0074E2	3.2155E0	2.7464E6	
1499	-7.4211E-1	1.0074E2	3.2223E0	2.7486E6	
1500	-7.4142E-1	1.0176E2	3.2291E0	2.7508E6	
1501	-7.4425E-1	9.7572E1	3.2359E0	2.7531E6	
1502	-7.4455E-1	9.7119E1	3.2429E0	2.7553E6	
1503	-7.4310E-1	9.9271E1	3.2496E0	2.7575E6	
1504	-7.4402E-1	9.7912E1	3.2564E0	2.7597E6	
1505	-7.4387E-1	9.8138E1	3.2634E0	2.7619E6	
1506	-7.4265E-1	9.9950E1	3.2701E0	2.7642E6	
1507	-7.4478E-1	9.6780E1	3.2770E0	2.7664E6	
1508	-7.4692E-1	9.3609E1	3.2838E0	2.7686E6	
1509	-7.4554E-1	9.5648E1	3.2908E0	2.7708E6	
1510	-7.4829E-1	9.1571E1	3.2976E0	2.7730E6	
1511	-7.4631E-1	9.4515E1	3.3045E0	2.7753E6	
1512	-7.4806E-1	9.1911E1	3.3113E0	2.7775E6	
1513	-7.4600E-1	9.4968E1	3.3182E0	2.7797E6	
1514	-7.4684E-1	9.3723E1	3.3250E0	2.7819E6	
1515	-7.4547E-1	9.5761E1	3.3320E0	2.7841E6	
1516	-7.4554E-1	9.5648E1	3.3389E0	2.7864E6	
1517	-7.4959E-1	8.9647E1	3.3456E0	2.7886E6	
1518	-7.4509E-1	9.6327E1	3.3527E0	2.7908E6	
1519	-7.4799E-1	9.2024E1	3.3595E0	2.7930E6	
1520	-7.4852E-1	9.1232E1	3.3664E0	2.7952E6	
1521	-7.4738E-1	9.2930E1	3.3733E0	2.7975E6	
1522	-7.5035E-1	8.8514E1	3.3803E0	2.7997E6	
1523	-7.4890E-1	9.0666E1	3.3873E0	2.8019E6	
1524	-7.5066E-1	8.8061E1	3.3941E0	2.8041E6	
1525	-7.4821E-1	9.1685E1	3.4010E0	2.8063E6	
1526	-7.5020E-1	8.8741E1	3.4080E0	2.8086E6	
1527	-7.4944E-1	8.9873E1	3.4149E0	2.8108E6	
1528	-7.5050E-1	8.8288E1	3.4218E0	2.8130E6	
1529	-7.4921E-1	9.0213E1	3.4287E0	2.8152E6	
1530	-7.4928E-1	9.0099E1	3.4358E0	2.8174E6	
1531	-7.4997E-1	8.9080E1	3.4427E0	2.8197E6	
1532	-7.4951E-1	8.9760E1	3.4497E0	2.8219E6	
1533	-7.5073E-1	8.7948E1	3.4565E0	2.8241E6	
1534	-7.5127E-1	8.7156E1	3.4635E0	2.8263E6	
1535	-7.5043E-1	8.8401E1	3.4705E0	2.8285E6	
1536	-7.5127E-1	8.7156E1	3.4774E0	2.8308E6	
1537	-7.5142E-1	8.6929E1	3.4844E0	2.8330E6	
1538	-7.5256E-1	8.5231E1	3.4914E0	2.8352E6	
1539	-7.5249E-1	8.5344E1	3.4984E0	2.8374E6	
1540	-7.5279E-1	8.4891E1	3.5054E0	2.8396E6	
1541	-7.5348E-1	8.3872E1	3.5122E0	2.8419E6	
1542	-7.5142E-1	8.6929E1	3.5193E0	2.8441E6	
1543	-7.5348E-1	8.3872E1	3.5263E0	2.8463E6	
1544	-7.5554E-1	8.0815E1	3.5333E0	2.8485E6	
1545	-7.5584E-1	8.0362E1	3.5403E0	2.8507E6	
1546	-7.5356E-1	8.3759E1	3.5473E0	2.8530E6	
1547	-7.5401E-1	8.3079E1	3.5543E0	2.8552E6	
1548	-7.5378E-1	8.3419E1	3.5613E0	2.8574E6	
1549	-7.5409E-1	8.2966E1	3.5683E0	2.8596E6	
1550	-7.5592E-1	8.0249E1	3.5753E0	2.8618E6	
1551	-7.5249E-1	8.5344E1	3.5823E0	2.8641E6	
1552	-7.5600E-1	8.0136E1	3.5893E0	2.8663E6	
1553	-7.5371E-1	8.3532E1	3.5963E0	2.8685E6	
1554	-7.5577E-1	8.0475E1	3.6034E0	2.8707E6	
1555	-7.5668E-1	7.9117E1	3.6104E0	2.8729E6	
1556	-7.5775E-1	7.7531E1	3.6174E0	2.8752E6	
1557	-7.5531E-1	8.1155E1	3.6245E0	2.8774E6	
1558	-7.5935E-1	7.5154E1	3.6316E0	2.8796E6	
1559	-7.5897E-1	7.5720E1	3.6386E0	2.8818E6	
1560	-7.5645E-1	7.9456E1	3.6456E0	2.8840E6	
1561	-7.5684E-1	7.8890E1	3.6527E0	2.8863E6	
1562	-7.5813E-1	7.6965E1	3.6599E0	2.8885E6	
1563	-7.5676E-1	7.9003E1	3.6668E0	2.8907E6	
1564	-7.5699E-1	7.8664E1	3.6738E0	2.8929E6	
1565	-7.5859E-1	7.6286E1	3.6809E0	2.8951E6	
1566	-7.6035E-1	7.3682E1	3.6880E0	2.8974E6	
1567	-7.5813E-1	7.6965E1	3.6951E0	2.8996E6	
1568	-7.5806E-1	7.7078E1	3.7022E0	2.9018E6	
1569	-7.5935E-1	7.5154E1	3.7093E0	2.9040E6	
1570	-7.5737E-1	7.8098E1	3.7163E0	2.9062E6	
1571	-7.6027E-1	7.3795E1	3.7235E0	2.9085E6	
1572	-7.6218E-1	7.0964E1	3.7305E0	2.9107E6	
1573	-7.5951E-1	7.4927E1	3.7375E0	2.9129E6	
1574	-7.6057E-1	7.3342E1	3.7447E0	2.9151E6	
1575	-7.6080E-1	7.3002E1	3.7518E0	2.9173E6	
1576	-7.6263E-1	7.0285E1	3.7589E0	2.9196E6	
1577	-7.6279E-1	7.0058E1	3.7660E0	2.9218E6	
1578	-7.6073E-1	7.3116E1	3.7732E0	2.9240E6	
1579	-7.6385E-1	6.8473E1	3.7803E0	2.9262E6	
1580	-7.6233E-1	7.0738E1	3.7874E0	2.9284E6	
1581	-7.6355E-1	6.8926E1	3.7945E0	2.9307E6	
1582	-7.6210E-1	7.1078E1	3.8016E0	2.9329E6	
1583	-7.6332E-1	6.9266E1	3.8087E0	2.9351E6	
1584	-7.6241E-1	7.0625E1	3.8159E0	2.9373E6	
1585	-7.6302E-1	6.9719E1	3.8230E0	2.9395E6	
1586	-7.6225E-1	7.0851E1	3.8302E0	2.9418E6	
1587	-7.6324E-1	6.9379E1	3.8373E0	2.9440E6	
1588	-7.6233E-1	7.0738E1	3.8445E0	2.9462E6	
1589	-7.6363E-1	6.8813E1	3.8515E0	2.9484E6	
1590	-7.6393E-1	6.8360E1	3.8588E0	2.9506E6	
1591	-7.6363E-1	6.8813E1	3.8660E0	2.9529E6	
1592	-7.6408E-1	6.8134E1	3.8731E0	2.9551E6	
1593	-7.6462E-1	6.7341E1	3.8803E0	2.9573E6	
1594	-7.6546E-1	6.6096E1	3.8874E0	2.9595E6	
1595	-7.6538E-1	6.6209E1	3.8946E0	2.9617E6	
1596	-7.6599E-1	6.5303E1	3.9017E0	2.9640E6	
1597	-7.6561E-1	6.5869E1	3.9089E0	2.9662E6	
1598	-7.6942E-1	6.0208E1	3.9161E0	2.9684E6	
1599	-7.6477E-1	6.7115E1	3.9232E0	2.9706E6	
1600	-7.6729E-1	6.3378E1	3.9304E0	2.9728E6	
1601	-7.6576E-1	6.5643E1	3.9376E0	2.9751E6	
1602	-7.6820E-1	6.2019E1	3.9448E0	2.9773E6	
1603	-7.6584E-1	6.5529E1	3.9521E0	2.9795E6	
1604	-7.6851E-1	6.1567E1	3.9592E0	2.9817E6	
1605	-7.6866E-1	6.1340E1	3.9664E0	2.9839E6	
1606	-7.6904E-1	6.0774E1	3.9737E0	2.9862E6	
1607	-7.6981E-1	5.9642E1	3.9809E0	2.9884E6	
1608	-7.6714E-1	6.3605E1	3.9881E0	2.9906E6	
1609	-7.6843E-1	6.1680E1	3.9953E0	2.9928E6	
1610	-7.6790E-1	6.2472E1	4.0026E0	2.9950E6	
1611	-7.6859E-1	6.1453E1	4.0097E0	2.9973E6	
1612	-7.6797E-1	6.2359E1	4.0169E0	2.9995E6	
1613	-7.7065E-1	5.8396E1	4.0242E0	3.0017E6	
1614	-7.6820E-1	6.2019E1	4.0314E0	3.0039E6	
1615	-7.6912E-1	6.0661E1	4.0387E0	3.0061E6	
1616	-7.7095E-1	5.7943E1	4.0459E0	3.0084E6	
1617	-7.7057E-1	5.8509E1	4.0533E0	3.0106E6	
1618	-7.7209E-1	5.6245E1	4.0604E0	3.0128E6	
1619	-7.7019E-1	5.9076E1	4.0676E0	3.0150E6	
1620	-7.7316E-1	5.4660E1	4.0749E0	3.0172E6	
1621	-7.7194E-1	5.6471E1	4.0822E0	3.0195E6	
1622	-7.7393E-1	5.3528E1	4.0895E0	3.0217E6	
1623	-7.7141E-1	5.7264E1	4.0967E0	3.0239E6	
1624	-7.7126E-1	5.7490E1	4.1040E0	3.0261E6	
1625	-7.7271E-1	5.5339E1	4.1112E0	3.0283E6	
1626	-7.7385E-1	5.3641E1	4.1185E0	3.0306E6	
1627	-7.7393E-1	5.3528E1	4.1259E0	3.0328E6	
1628	-7.7438E-1	5.2848E1	4.1331E0	3.0350E6	
1629	-7.7553E-1	5.1150E1	4.1405E0	3.0372E6	
1630	-7.7492E-1	5.2056E1	4.1477E0	3.0394E6	
1631	-7.7477E-1	5.2282E1	4.1550E0	3.0417E6	
1632	-7.7446E-1	5.2735E1	4.1623E0	3.0439E6	
1633	-7.7332E-1	5.4433E1	4.1696E0	3.0461E6	
1634	-7.7469E-1	5.2395E1	4.1768E0	3.0483E6	
1635	-7.7545E-1	5.1263E1	4.1841E0	3.0505E6	
1636	-7.7469E-1	5.2395E1	4.1915E0	3.0528E6	
1637	-7.7492E-1	5.2056E1	4.1988E0	3.0550E6	
1638	-7.7248E-1	5.5679E1	4.2061E0	3.0572E6	
1639	-7.7538E-1	5.1376E1	4.2135E0	3.0594E6	
1640	-7.7545E-1	5.1263E1	4.2207E0	3.0616E6	
1641	-7.7644E-1	4.9791E1	4.2280E0	3.0639E6	
1642	-7.7515E-1	5.1716E1	4.2354E0	3.0661E6	
1643	-7.7904E-1	4.5941E1	4.2427E0	3.0683E6	
1644	-7.7660E-1	4.9565E1	4.2500E0	3.0705E6	
1645	-7.7751E-1	4.8206E1	4.2574E0	3.0727E6	
1646	-7.7766E-1	4.7979E1	4.2648E0	3.0750E6	
1647	-7.7744E-1	4.8319E1	4.2720E0	3.0772E6	
1648	-7.7972E-1	4.4922E1	4.2794E0	3.0794E6	
1649	-7.7850E-1	4.6734E1	4.2867E0	3.0816E6	
1650	-7.8094E-1	4.3111E1	4.2941E0	3.0838E6	
1651	-7.7835E-1	4.6960E1	4.3014E0	3.0861E6	
1652	-7.7980E-1	4.4809E1	4.3088E0	3.0883E6	
1653	-7.7942E-1	4.5375E1	4.3161E0	3.0905E6	
1654	-7.7965E-1	4.5036E1	4.3235E0	3.0927E6	
1655	-7.8171E-1	4.1979E1	4.3309E0	3.0949E6	
1656	-7.8049E-1	4.3790E1	4.3382E0	3.0972E6	
1657	-7.7873E-1	4.6394E1	4.3456E0	3.0994E6	
1658	-7.8094E-1	4.3111E1	4.3529E0	3.1016E6	
1659	-7.8087E-1	4.3224E1	4.3602E0	3.1038E6	
1660	-7.8300E-1	4.0054E1	4.3677E0	3.1060E6	
1661	-7.8217E-1	4.1299E1	4.3750E0	3.1083E6	
1662	-7.8003E-1	4.4469E1	4.3825E0	3.1105E6	
1663	-7.8392E-1	3.8695E1	4.3898E0	3.1127E6	
1664	-7.8300E-1	4.0054E1	4.3973E0	3.1149E6	
1665	-7.8186E-1	4.1752E1	4.4047E0	3.1171E6	
1666	-7.8400E-1	3.8582E1	4.4120E0	3.1194E6	
1667	-7.8110E-1	4.2884E1	4.4194E0	3.1216E6	
1668	-7.8491E-1	3.7223E1	4.4268E0	3.1238E6	
1669	-7.8575E-1	3.5978E1	4.4343E0	3.1260E6	
1670	-7.8407E-1	3.8469E1	4.4416E0	3.1282E6	
1671	-7.8392E-1	3.8695E1	4.4490E0	3.1305E6	
1672	-7.8354E-1	3.9261E1	4.4565E0	3.1327E6	
1673	-7.8331E-1	3.9601E1	4.4638E0	3.1349E6	
1674	-7.8674E-1	3.4506E1	4.4713E0	3.1371E6	
1675	-7.8484E-1	3.7336E1	4.4786E0	3.1393E6	
1676	-7.8331E-1	3.9601E1	4.4862E0	3.1416E6	
1677	-7.8285E-1	4.0280E1	4.4935E0	3.1438E6	
1678	-7.8598E-1	3.5638E1	4.5009E0	3.1460E6	
1679	-7.8560E-1	3.6204E1	4.5084E0	3.1482E6	
1680	-7.8583E-1	3.5864E1	4.5158E0	3.1504E6	
1681	-7.8651E-1	3.4845E1	4.5233E0	3.1527E6	
1682	-7.8667E-1	3.4619E1	4.5306E0	3.1549E6	
1683	-7.8781E-1	3.2920E1	4.5381E0	3.1571E6	
1684	-7.8880E-1	3.1449E1	4.5456E0	3.1593E6	
1685	-7.8667E-1	3.4619E1	4.5530E0	3.1615E6	
1686	-7.8819E-1	3.2354E1	4.5605E0	3.1638E6	
1687	-7.8743E-1	3.3487E1	4.5679E0	3.1660E6	
1688	-7.8957E-1	3.0316E1	4.5754E0	3.1682E6	
1689	-7.8827E-1	3.2241E1	4.5827E0	3.1704E6	
1690	-7.8781E-1	3.2920E1	4.5902E0	3.1726E6	
1691	-7.8873E-1	3.1562E1	4.5977E0	3.1749E6	
1692	-7.8911E-1	3.0996E1	4.6052E0	3.1771E6	
1693	-7.9048E-1	2.8958E1	4.6126E0	3.1793E6	
1694	-7.8880E-1	3.1449E1	4.6200E0	3.1815E6	
1695	-7.9102E-1	2.8165E1	4.6275E0	3.1837E6	
1696	-7.9079E-1	2.8505E1	4.6350E0	3.1860E6	
1697	-7.8918E-1	3.0882E1	4.6424E0	3.1882E6	
1698	-7.9140E-1	2.7599E1	4.6498E0	3.1904E6	
1699	-7.9292E-1	2.5334E1	4.6572E0	3.1926E6	
1700	-7.9048E-1	2.8958E1	4.6648E0	3.1948E6	
1701	-7.9155E-1	2.7372E1	4.6722E0	3.1971E6	
1702	-7.9033E-1	2.9184E1	4.6797E0	3.1993E6	
1703	-7.9025E-1	2.9297E1	4.6872E0	3.2015E6	
1704	-7.9224E-1	2.6353E1	4.6947E0	3.2037E6	
1705	-7.9201E-1	2.6693E1	4.7021E0	3.2059E6	
1706	-7.9132E-1	2.7712E1	4.7095E0	3.2082E6	
1707	-7.9163E-1	2.7259E1	4.7171E0	3.2104E6	
1708	-7.9216E-1	2.6467E1	4.7245E0	3.2126E6	
1709	-7.9399E-1	2.3749E1	4.7319E0	3.2148E6	
1710	-7.9376E-1	2.4089E1	4.7395E0	3.2170E6	
1711	-7.9613E-1	2.0579E1	4.7471E0	3.2193E6	
1712	-7.9338E-1	2.4655E1	4.7545E0	3.2215E6	
1713	-7.9666E-1	1.9786E1	4.7619E0	3.2237E6	
1714	-7.9643E-1	2.0126E1	4.7694E0	3.2259E6	
1715	-7.9666E-1	1.9786E1	4.7769E0	3.2281E6	
1716	-7.9407E-1	2.3636E1	4.7844E0	3.2304E6	
1717	-7.9361E-1	2.4315E1	4.7919E0	3.2326E6	
1718	-7.9330E-1	2.4768E1	4.7994E0	3.2348E6	
1719	-7.9590E-1	2.0919E1	4.8069E0	3.2370E6	
1720	-7.9597E-1	2.0805E1	4.8144E0	3.2392E6	
1721	-7.9811E-1	1.7635E1	4.8219E0	3.2415E6	
1722	-7.9582E-1	2.1032E1	4.8294E0	3.2437E6	
1723	-7.9559E-1	2.1371E1	4.8369E0	3.2459E6	
1724	-7.9697E-1	1.9333E1	4.8443E0	3.2481E6	
1725	-7.9903E-1	1.6276E1	4.8519E0	3.2503E6	
1726	-7.9720E-1	1.8994E1	4.8595E0	3.2526E6	
1727	-7.9697E-1	1.9333E1	4.8668E0	3.2548E6	
1728	-7.9857E-1	1.6956E1	4.8744E0	3.2570E6	
1729	-8.0009E-1	1.4691E1	4.8819E0	3.2592E6	
1730	-7.9987E-1	1.5031E1	4.8894E0	3.2614E6	
1731	-8.0078E-1	1.3672E1	4.8968E0	3.2637E6	
1732	-7.9926E-1	1.5937E1	4.9044E0	3.2659E6	
1733	-7.9979E-1	1.5144E1	4.9120E0	3.2681E6	
1734	-7.9826E-1	1.7409E1	4.9195E0	3.2703E6	
1735	-7.9803E-1	1.7748E1	4.9270E0	3.2725E6	
1736	-8.0109E-1	1.3219E1	4.9345E0	3.2748E6	
1737	-7.9964E-1	1.5370E1	4.9420E0	3.2770E6	
1738	-8.0116E-1	1.3106E1	4.9495E0	3.2792E6	
1739	-8.0063E-1	1.3899E1	4.9570E0	3.2814E6	
1740	-8.0132E-1	1.2879E1	4.9646E0	3.2836E6	
1741	-8.0124E-1	1.2993E1	4.9720E0	3.2859E6	
1742	-8.0124E-1	1.2993E1	4.9795E0	3.2881E6	
1743	-8.0162E-1	1.2427E1	4.9871E0	3.2903E6	
1744	-8.0261E-1	1.0955E1	4.9947E0	3.2925E6	
1745	-8.0284E-1	1.0615E1	5.0022E0	3.2947E6	
1746	-8.0017E-1	1.4578E1	5.0098E0	3.2970E6	
1747	-8.0246E-1	1.1181E1	5.0173E0	3.2992E6	
1748	-8.0429E-1	8.4637E0	5.0248E0	3.3014E6	
1749	-8.0292E-1	1.0502E1	5.0323E0	3.3036E6	
1750	-8.0460E-1	8.0108E0	5.0398E0	3.3058E6	
1751	-8.0338E-1	9.8224E0	5.0474E0	3.3081E6	
1752	-8.0353E-1	9.5960E0	5.0549E0	3.3103E6	
1753	-8.0421E-1	8.5769E0	5.0625E0	3.3125E6	
1754	-8.0544E-1	6.7653E0	5.0700E0	3.3147E6	
1755	-8.0620E-1	5.6330E0	5.0776E0	3.3169E6	
1756	-8.0658E-1	5.0669E0	5.0851E0	3.3192E6	
1757	-8.0185E-1	1.2087E1	5.0927E0	3.3214E6	
1758	-8.0566E-1	6.4256E0	5.1001E0	3.3236E6	
1759	-8.0589E-1	6.0860E0	5.1077E0	3.3258E6	
1760	-8.0818E-1	2.6892E0	5.1153E0	3.3280E6	
1761	-8.0582E-1	6.1992E0	5.1227E0	3.3303E6	
1762	-8.0780E-1	3.2553E0	5.1303E0	3.3325E6	
1763	-8.0566E-1	6.4256E0	5.1378E0	3.3347E6	
1764	-8.0734E-1	3.9347E0	5.1454E0	3.3369E6	
1765	-8.0688E-1	4.6140E0	5.1529E0	3.3391E6	
1766	-8.0917E-1	1.2172E0	5.1606E0	3.3414E6	
1767	-8.0894E-1	1.5569E0	5.1681E0	3.3436E6	
1768	-8.0925E-1	1.1040E0	5.1757E0	3.3458E6	
1769	-8.0750E-1	3.7082E0	5.1831E0	3.3480E6	
1770	-8.1009E-1	-1.4146E-1	5.1906E0	3.3502E6	
1771	-8.0803E-1	2.9156E0	5.1982E0	3.3525E6	
1772	-8.0872E-1	1.8966E0	5.2057E0	3.3547E6	
1773	-8.0833E-1	2.4627E0	5.2133E0	3.3569E6	
1774	-8.1108E-1	-1.6134E0	5.2208E0	3.3591E6	
1775	-8.1047E-1	-7.0759E-1	5.2283E0	3.3613E6	
1776	-8.1024E-1	-3.6791E-1	5.2360E0	3.3636E6	
1777	-8.1184E-1	-2.7457E0	5.2434E0	3.3658E6	
1778	-8.1085E-1	-1.2737E0	5.2510E0	3.3680E6	
1779	-8.1047E-1	-7.0759E-1	5.2586E0	3.3702E6	
1780	-8.1055E-1	-8.2082E-1	5.2661E0	3.3724E6	
1781	-8.1039E-1	-5.9437E-1	5.2736E0	3.3747E6	
1782	-8.1207E-1	-3.0853E0	5.2813E0	3.3769E6	
1783	-8.1551E-1	-8.1805E0	5.2887E0	3.3791E6	
1784	-8.1268E-1	-3.9911E0	5.2962E0	3.3813E6	
1785	-8.1375E-1	-5.5763E0	5.3038E0	3.3835E6	
1786	-8.1329E-1	-4.8969E0	5.3113E0	3.3858E6	
1787	-8.1360E-1	-5.3498E0	5.3188E0	3.3880E6	
1788	-8.1169E-1	-2.5192E0	5.3264E0	3.3902E6	
1789	-8.1261E-1	-3.8779E0	5.3340E0	3.3924E6	
1790	-8.1421E-1	-6.2557E0	5.3345E0	3.3926E6	
1791	-8.1421E-1	-6.2557E0	5.3345E0	3.3926E6	
1792	-8.1421E-1	-6.2557E0	5.3345E0	3.3926E6	
1793	-8.1421E-1	-6.2557E0	5.3345E0	3.3926E6	
1794	-8.1421E-1	-6.2557E0	5.3345E0	3.3926E6	
1795	-8.1421E-1	-6.2557E0	5.3345E0	3.3926E6	
1796	-8.1421E-1	-6.2557E0	5.3345E0	3.3926E6	
1797	-8.1421E-1	-6.2557E0	5.3345E0	3.3926E6	
1798	-8.1421E-1	-6.2557E0	5.3345E0	3.3926E6	
1799	-8.1421E-1	-6.2557E0	5.3345E0	3.3926E6	
1800	-8.1421E-1	-6.2557E0	5.3345E0	3.3926E6	
1801	-8.1421E-1	-6.2557E0	5.3345E0	3.3926E6	
1802	-8.1421E-1	-6.2557E0	5.3345E0	3.3926E6	
1803	-8.1421E-1	-6.2557E0	5.3345E0	3.3926E6	
1804	-8.1421E-1	-6.2557E0	5.3345E0	3.3926E6	
1805	-8.1421E-1	-6.2557E0	5.3345E0	3.3926E6	
1806	-8.1421E-1	-6.2557E0	5.3345E0	3.3926E6	
1807	-8.1421E-1	-6.2557E0	5.3345E0	3.3926E6	
1808	-8.1421E-1	-6.2557E0	5.3345E0	3.3926E6	
1809	-8.1421E-1	-6.2557E0	5.3345E0	3.3926E6	
1810	-8.1421E-1	-6.2557E0	5.3345E0	3.3926E6	
1811	-8.1421E-1	-6.2557E0	5.3345E0	3.3926E6	
1812	-8.1421E-1	-6.2557E0	5.3345E0	3.3926E6	
1813	-8.1421E-1	-6.2557E0	5.3345E0	3.3926E6	
1814	-8.1421E-1	-6.2557E0	5.3345E0	3.3926E6	
1815	-8.1421E-1	-6.2557E0	5.3345E0	3.3926E6	
1816	-8.1421E-1	-6.2557E0	5.3345E0	3.3926E6	
1817	-8.1421E-1	-6.2557E0	5.3345E0	3.3926E6	
1818	-8.1421E-1	-6.2557E0	5.3345E0	3.3926E6	
1819	-8.1421E-1	-6.2557E0	5.3345E0	3.3926E6	
1820	-8.1421E-1	-6.2557E0	5.3345E0	3.3926E6	
1821	-8.1421E-1	-6.2557E0	5.3345E0	3.3926E6	
1822	-8.1421E-1	-6.2557E0	5.3345E0	3.3926E6	
1823	-8.1421E-1	-6.2557E0	5.3345E0	3.3926E6	
1824	-8.1421E-1	-6.2557E0	5.3345E0	3.3926E6	
1825	-8.1421E-1	-6.2557E0	5.3345E0	3.3926E6	
1826	-8.1421E-1	-6.2557E0	5.3345E0	3.3926E6	
1827	-8.1421E-1	-6.2557E0	5.3345E0	3.3926E6	
1828	-8.1421E-1	-6.2557E0	5.3345E0	3.3926E6	
1829	-8.1421E-1	-6.2557E0	5.3345E0	3.3926E6	
1830	-8.1421E-1	-6.2557E0	5.3345E0	3.3926E6	
1831	-8.1421E-1	-6.2557E0	5.3345E0	3.3926E6	
1832	-8.1421E-1	-6.2557E0	5.3345E0	3.3926E6	
1833	-8.1421E-1	-6.2557E0	5.3345E0	3.3926E6	
1834	-8.1421E-1	-6.2557E0	5.3345E0	3.3926E6	
1835	-8.1421E-1	-6.2557E0	5.3345E0	3.3926E6	
1836	-8.1421E-1	-6.2557E0	5.3345E0	3.3926E6	
1837	-8.1421E-1	-6.2557E0	5.3345E0	3.3926E6	
1838	-8.1421E-1	-6.2557E0	5.3345E0	3.3926E6	
1839	-8.1421E-1	-6.2557E0	5.3345E0	3.3926E6	
1840	-8.1421E-1	-6.2557E0	5.3345E0	3.3926E6	
1841	-8.1421E-1	-6.2557E0	5.3345E0	3.3926E6	
1842	-8.1421E-1	-6.2557E0	5.3345E0	3.3926E6	
1843	-8.1421E-1	-6.2557E0	5.3345E0	3.3926E6	
1844	-8.1421E-1	-6.2557E0	5.3345E0	3.3926E6	
1845	-8.1421E-1	-6.2557E0	5.3345E0	3.3926E6	
1846	-8.1421E-1	-6.2557E0	5.3345E0	3.3926E6	
1847	-8.1421E-1	-6.2557E0	5.3345E0	3.3926E6	
1848	-8.1421E-1	-6.2557E0	5.3345E0	3.3926E6	
1849	-8.1421E-1	-6.2557E0	5.3345E0	3.3926E6	
1850	-8.1421E-1	-6.2557E0	5.3345E0	3.3926E6	
1851	-8.1421E-1	-6.2557E0	5.3345E0	3.3926E6	
1852	-8.1421E-1	-6.2557E0	5.3345E0	3.3926E6	
1853	-8.1421E-1	-6.2557E0	5.3345E0	3.3926E6	
1854	-8.1421E-1	-6.2557E0	5.3345E0	3.3926E6	
1855	-8.1421E-1	-6.2557E0	5.3345E0	3.3926E6	
1856	-8.1421E-1	-6.2557E0	5.3345E0	3.3926E6	
1857	-8.1421E-1	-6.2557E0	5.3345E0	3.3926E6	
1858	-8.1421E-1	-6.2557E0	5.3345E0	3.3926E6	
1859	-8.1421E-1	-6.2557E0	5.3345E0	3.3926E6	
1860	-8.1421E-1	-6.2557E0	5.3345E0	3.3926E6	
1861	-8.1421E-1	-6.2557E0	5.3345E0	3.3926E6	
1862	-8.1421E-1	-6.2557E0	5.3345E0	3.3926E6	
1863	-8.1421E-1	-6.2557E0	5.3345E0	3.3926E6	
1864	-8.1421E-1	-6.2557E0	5.3345E0	3.3926E6	
1865	-8.1421E-1	-6.2557E0	5.3345E0	3.3926E6	
1866	-8.1421E-1	-6.2557E0	5.3345E0	3.3926E6	
1867	-8.1421E-1	-6.2557E0	5.3345E0	3.3926E6	
1868	-8.1421E-1	-6.2557E0	5.3345E0	3.3926E6	
1869	-8.1421E-1	-6.2557E0	5.3345E0	3.3926E6	
1870	-8.1421E-1	-6.2557E0	5.3345E0	3.3926E6	
1871	-8.1421E-1	-6.2557E0	5.3345E0	3.3926E6	
1872	-8.1421E-1	-6.2557E0	5.3345E0	3.3926E6	
1873	-8.1421E-1	-6.2557E0	5.3345E0	3.3926E6	
1874	-8.1421E-1	-6.2557E0	5.3345E0	3.3926E6	
1875	-8.1421E-1	-6.2557E0	5.3345E0	3.3926E6	
1876	-8.1421E-1	-6.2557E0	5.3345E0	3.3926E6	
1877	-8.1421E-1	-6.2557E0	5.3345E0	3.3926E6	
1878	-8.1421E-1	-6.2557E0	5.3345E0	3.3926E6	
1879	-8.1421E-1	-6.2557E0	5.3345E0	3.3926E6	
1880	-8.1421E-1	-6.2557E0	5.3345E0	3.3926E6	
1881	-8.1421E-1	-6.2557E0	5.3345E0	3.3926E6	
1882	-8.1421E-1	-6.2557E0	5.3345E0	3.3926E6	
1883	-8.1421E-1	-6.2557E0	5.3345E0	3.3926E6	
1884	-8.1421E-1	-6.2557E0	5.3345E0	3.3926E6	
1885	-8.1421E-1	-6.2557E0	5.3345E0	3.3926E6	
1886	-8.1421E-1	-6.2557E0	5.3345E0	3.3926E6	
1887	-8.1421E-1	-6.2557E0	5.3345E0	3.3926E6	
1888	-8.1421E-1	-6.2557E0	5.3345E0	3.3926E6	
1889	-8.1421E-1	-6.2557E0	5.3345E0	3.3926E6	
1890	-8.1421E-1	-6.2557E0	5.3345E0	3.3926E6	
1891	-8.1421E-1	-6.2557E0	5.3345E0	3.3926E6	
1892	-8.1421E-1	-6.2557E0	5.3345E0	3.3926E6	
1893	-8.1421E-1	-6.2557E0	5.3345E0	3.3926E6	
1894	-8.1421E-1	-6.2557E0	5.3345E0	3.3926E6	
1895	-8.1421E-1	-6.2557E0	5.3345E0	3.3926E6	
1896	-8.1421E-1	-6.2557E0	5.3345E0	3.3926E6	
1897	-8.1421E-1	-6.2557E0	5.3345E0	3.3926E6	
1898	-8.1421E-1	-6.2557E0	5.3345E0	3.3926E6	
1899	-8.1421E-1	-6.2557E0	5.3345E0	3.3926E6	
1900	-8.1421E-1	-6.2557E0	5.3345E0	3.3926E6	
1901	-8.1421E-1	-6.2557E0	5.3345E0	3.3926E6	
1902	-8.1421E-1	-6.2557E0	5.3345E0	3.3926E6	
1903	-8.1421E-1	-6.2557E0	5.3345E0	3.3926E6	
1904	-8.1421E-1	-6.2557E0	5.3345E0	3.3926E6	
1905	-8.1421E-1	-6.2557E0	5.3345E0	3.3926E6	
1906	-8.1421E-1	-6.2557E0	5.3345E0	3.3926E6	
1907	-8.1421E-1	-6.2557E0	5.3345E0	3.3926E6	
1908	-8.1421E-1	-6.2557E0	5.3345E0	3.3926E6	
1909	-8.1421E-1	-6.2557E0	5.3345E0	3.3926E6	
1910	-8.1421E-1	-6.2557E0	5.3345E0	3.3926E6	
1911	-8.1421E-1	-6.2557E0	5.3345E0	3.3926E6	
1912	-8.1421E-1	-6.2557E0	5.3345E0	3.3926E6	
1913	-8.1421E-1	-6.2557E0	5.3345E0	3.3926E6	
1914	-8.1421E-1	-6.2557E0	5.3345E0	3.3926E6	
1915	-8.1421E-1	-6.2557E0	5.3345E0	3.3926E6	
1916	-8.1421E-1	-6.2557E0	5.3345E0	3.3926E6	
1917	-8.1421E-1	-6.2557E0	5.3345E0	3.3926E6	
1918	-8.1421E-1	-6.2557E0	5.3345E0	3.3926E6	
1919	-8.1421E-1	-6.2557E0	5.3345E0	3.3926E6	
1920	-8.1421E-1	-6.2557E0	5.3345E0	3.3926E6	
1921	-8.1421E-1	-6.2557E0	5.3345E0	3.3926E6	
1922	-8.1421E-1	-6.2557E0	5.3345E0	3.3926E6	
1923	-8.1421E-1	-6.2557E0	5.3345E0	3.3926E6	
1924	-8.1421E-1	-6.2557E0	5.3345E0	3.3926E6	
1925	-8.1421E-1	-6.2557E0	5.3345E0	3.3926E6	
1926	-8.1421E-1	-6.2557E0	5.3345E0	3.3926E6	
1927	-8.1421E-1	-6.2557E0	5.3345E0	3.3926E6	
1928	-8.1421E-1	-6.2557E0	5.3345E0	3.3926E6	
1929	-8.1421E-1	-6.2557E0	5.3345E0	3.3926E6	
1930	-8.1421E-1	-6.2557E0	5.3345E0	3.3926E6	
1931	-8.1421E-1	-6.2557E0	5.3345E0	3.3926E6	
1932	-8.1421E-1	-6.2557E0	5.3345E0	3.3926E6	
1933	-8.1421E-1	-6.2557E0	5.3345E0	3.3926E6	
1934	-8.1421E-1	-6.2557E0	5.3345E0	3.3926E6	
1935	-8.1421E-1	-6.2557E0	5.3345E0	3.3926E6	
1936	-8.1421E-1	-6.2557E0	5.3345E0	3.3926E6	
1937	-8.1421E-1	-6.2557E0	5.3345E0	3.3926E6	
1938	-8.1421E-1	-6.2557E0	5.3345E0	3.3926E6	
1939	-8.1421E-1	-6.2557E0	5.3345E0	3.3926E6	
1940	-8.1421E-1	-6.2557E0	5.3345E0	3.3926E6	
1941	-8.1421E-1	-6.2557E0	5.3345E0	3.3926E6	
1942	-8.1421E-1	-6.2557E0	5.3345E0	3.3926E6	
1943	-8.1421E-1	-6.2557E0	5.3345E0	3.3926E6	
1944	-8.1421E-1	-6.2557E0	5.3345E0	3.3926E6	
1945	-8.1421E-1	-6.2557E0	5.3345E0	3.3926E6	
1946	-8.1421E-1	-6.2557E0	5.3345E0	3.3926E6	
1947	-8.1421E-1	-6.2557E0	5.3345E0	3.3926E6	
1948	-8.1421E-1	-6.2557E0	5.3345E0	3.3926E6	
1949	-8.1421E-1	-6.2557E0	5.3345E0	3.3926E6	
1950	-8.1421E-1	-6.2557E0	5.3345E0	3.3926E6	
1951	-8.1421E-1	-6.2557E0	5.3345E0	3.3926E6	
1952	-8.1421E-1	-6.2557E0	5.3345E0	3.3926E6	
1953	-8.1421E-1	-6.2557E0	5.3345E0	3.3926E6	
1954	-8.1421E-1	-6.2557E0	5.3345E0	3.3926E6	
1955	-8.1421E-1	-6.2557E0	5.3345E0	3.3926E6	
1956	-8.1421E-1	-6.2557E0	5.3345E0	3.3926E6	
1957	-8.1421E-1	-6.2557E0	5.3345E0	3.3926E6	
1958	-8.1421E-1	-6.2557E0	5.3345E0	3.3926E6	
1959	-8.1421E-1	-6.2557E0	5.3345E0	3.3926E6	
1960	-8.1421E-1	-6.2557E0	5.3345E0	3.3926E6	
1961	-8.1421E-1	-6.2557E0	5.3345E0	3.3926E6	
1962	-8.1421E-1	-6.2557E0	5.3345E0	3.3926E6	
1963	-8.1421E-1	-6.2557E0	5.3345E0	3.3926E6	
1964	-8.1421E-1	-6.2557E0	5.3345E0	3.3926E6	
1965	-8.1421E-1	-6.2557E0	5.3345E0	3.3926E6	
1966	-8.1421E-1	-6.2557E0	5.3345E0	3.3926E6	
1967	-8.1421E-1	-6.2557E0	5.3345E0	3.3926E6	
1968	-8.1421E-1	-6.2557E0	5.3345E0	3.3926E6	
1969	-8.1421E-1	-6.2557E0	5.3345E0	3.3926E6	
1970	-8.1421E-1	-6.2557E0	5.3345E0	3.3926E6	
1971	-8.1421E-1	-6.2557E0	5.3345E0	3.3926E6	
1972	-8.1421E-1	-6.2557E0	5.3345E0	3.3926E6	
1973	-8.1421E-1	-6.2557E0	5.3345E0	3.3926E6	
1974	-8.1421E-1	-6.2557E0	5.3345E0	3.3926E6	
1975	-8.1421E-1	-6.2557E0	5.3345E0	3.3926E6	
1976	-8.1421E-1	-6.2557E0	5.3345E0	3.3926E6	
1977	-8.1421E-1	-6.2557E0	5.3345E0	3.3926E6	
1978	-8.1421E-1	-6.2557E0	5.3345E0	3.3926E6	
1979	-8.1421E-1	-6.2557E0	5.3345E0	3.3926E6	
1980	-8.1421E-1	-6.2557E0	5.3345E0	3.3926E6	
1981	-8.1421E-1	-6.2557E0	5.3345E0	3.3926E6	
1982	-8.1421E-1	-6.2557E0	5.3345E0	3.3926E6	
1983	-8.1421E-1	-6.2557E0	5.3345E0	3.3926E6	
1984	-8.1421E-1	-6.2557E0	5.3345E0	3.3926E6	
1985	-8.1421E-1	-6.2557E0	5.3345E0	3.3926E6	
1986	-8.1421E-1	-6.2557E0	5.3345E0	3.3926E6	
1987	-8.1421E-1	-6.2557E0	5.3345E0	3.3926E6	
1988	-8.1421E-1	-6.2557E0	5.3345E0	3.3926E6	
1989	-8.1421E-1	-6.2557E0	5.3345E0	3.3926E6	
1990	-8.1421E-1	-6.2557E0	5.3345E0	3.3926E6	
1991	-8.1421E-1	-6.2557E0	5.3345E0	3.3926E6	
1992	-8.1421E-1	-6.2557E0	5.3345E0	3.3926E6	
1993	-8.1421E-1	-6.2557E0	5.3345E0	3.3926E6	
1994	-8.1421E-1	-6.2557E0	5.3345E0	3.3926E6	
1995	-8.1421E-1	-6.2557E0	5.3345E0	3.3926E6	
1996	-8.1421E-1	-6.2557E0	5.3345E0	3.3926E6	
1997	-8.1421E-1	-6.2557E0	5.3345E0	3.3926E6	
1998	-8.1421E-1	-6.2557E0	5.3345E0	3.3926E6	
1999	-8.1421E-1	-6.2557E0	5.3345E0	3.3926E6	
2000	-8.1421E-1	-6.2557E0	5.3345E0	3.3926E6	
2001	-8.1421E-1	-6.2557E0	5.3345E0	3.3926E6	
2002	-8.1421E-1	-6.2557E0	5.3345E0	3.3926E6	
2003	-8.1421E-1	-6.2557E0	5.3345E0	3.3926E6	
2004	-8.1421E-1	-6.2557E0	5.3345E0	3.3926E6	
2005	-8.1421E-1	-6.2557E0	5.3345E0	3.3926E6	
2006	-8.1421E-1	-6.2557E0	5.3345E0	3.3926E6	
2007	-8.1421E-1	-6.2557E0	5.3345E0	3.3926E6	
2008	-8.1421E-1	-6.2557E0	5.3345E0	3.3926E6	
2009	-8.1421E-1	-6.2557E0	5.3345E0	3.3926E6	
2010	-8.1421E-1	-6.2557E0	5.3345E0	3.3926E6	
2011	-8.1421E-1	-6.2557E0	5.3345E0	3.3926E6	
2012	-8.1421E-1	-6.2557E0	5.3345E0	3.3926E6	
2013	-8.1421E-1	-6.2557E0	5.3345E0	3.3926E6	
2014	-8.1421E-1	-6.2557E0	5.3345E0	3.3926E6	
2015	-8.1421E-1	-6.2557E0	5.3345E0	3.3926E6	
2016	-8.1421E-1	-6.2557E0	5.3345E0	3.3926E6	
2017	-8.1421E-1	-6.2557E0	5.3345E0	3.3926E6	
2018	-8.1421E-1	-6.2557E0	5.3345E0	3.3926E6	
2019	-8.1421E-1	-6.2557E0	5.3345E0	3.3926E6	
2020	-8.1421E-1	-6.2557E0	5.3345E0	3.3926E6	
2021	-8.1421E-1	-6.2557E0	5.3345E0	3.3926E6	
2022	-8.1421E-1	-6.2557E0	5.3345E0	3.3926E6	
2023	-8.1421E-1	-6.2557E0	5.3345E0	3.3926E6	
2024	-8.1421E-1	-6.2557E0	5.3345E0	3.3926E6	
2025	-8.1421E-1	-6.2557E0	5.3345E0	3.3926E6	
2026	-8.1421E-1	-6.2557E0	5.3345E0	3.3926E6	
2027	-8.1421E-1	-6.2557E0	5.3345E0	3.3926E6	
2028	-8.1421E-1	-6.2557E0	5.3345E0	3.3926E6	
2029	-8.1421E-1	-6.2557E0	5.3345E0	3.3926E6	
2030	-8.1421E-1	-6.2557E0	5.3345E0	3.3926E6	
2031	-8.1421E-1	-6.2557E0	5.3345E0	3.3926E6	
2032	-8.1421E-1	-6.2557E0	5.3345E0	3.3926E6	
2033	-8.1421E-1	-6.2557E0	5.3345E0	3.3926E6	
2034	-8.1421E-1	-6.2557E0	5.3345E0	3.3926E6	
2035	-8.1421E-1	-6.2557E0	5.3345E0	3.3926E6	
2036	-8.1421E-1	-6.2557E0	5.3345E0	3.3926E6	
2037	-8.1421E-1	-6.2557E0	5.3345E0	3.3926E6	
2038	-8.1421E-1	-6.2557E0	5.3345E0	3.3926E6	
2039	-8.1421E-1	-6.2557E0	5.3345E0	3.3926E6	
2040	-8.1421E-1	-6.2557E0	5.3345E0	3.3926E6	
2041	-8.1421E-1	-6.2557E0	5.3345E0	3.3926E6	
2042	-8.1421E-1	-6.2557E0	5.3345E0	3.3926E6	
2043	-8.1421E-1	-6.2557E0	5.3345E0	3.3926E6	
2044	-8.1421E-1	-6.2557E0	5.3345E0	3.3926E6	
2045	-8.1421E-1	-6.2557E0	5.3345E0	3.3926E6	
2046	-8.1421E-1	-6.2557E0	5.3345E0	3.3926E6	
2047	-8.1421E-1	-6.2557E0	5.3345E0	3.3926E6	
2048	-8.1421E-1	-6.2557E0	5.3345E0	3.3926E6	
