point 136
Index	Vertical (A-B)	Force	Z Height	Time Stamp	
     	V	nN	?m	?sec	
1	-8.2245E-1	9.0588E-1	5.9829E0	1.2000E2	
2	-8.2298E-1	1.1329E-1	5.9818E0	2.3400E3	
3	-8.2420E-1	-1.6983E0	5.9793E0	4.5600E3	
4	-8.2153E-1	2.2646E0	5.9764E0	6.7800E3	
5	-8.2184E-1	1.8117E0	5.9732E0	9.0000E3	
6	-8.2336E-1	-4.5283E-1	5.9698E0	1.1220E4	
7	-8.2138E-1	2.4910E0	5.9661E0	1.3440E4	
8	-8.2176E-1	1.9249E0	5.9623E0	1.5660E4	
9	-8.2100E-1	3.0572E0	5.9583E0	1.7880E4	
10	-8.2329E-1	-3.3961E-1	5.9543E0	2.0100E4	
11	-8.2413E-1	-1.5851E0	5.9503E0	2.2320E4	
12	-8.2130E-1	2.6043E0	5.9460E0	2.4540E4	
13	-8.2314E-1	-1.1316E-1	5.9417E0	2.6760E4	
14	-8.2092E-1	3.1704E0	5.9375E0	2.8980E4	
15	-8.2207E-1	1.4720E0	5.9331E0	3.1200E4	
16	-8.2062E-1	3.6233E0	5.9287E0	3.3420E4	
17	-8.2069E-1	3.5101E0	5.9243E0	3.5640E4	
18	-8.1917E-1	5.7746E0	5.9198E0	3.7860E4	
19	-8.1978E-1	4.8688E0	5.9153E0	4.0080E4	
20	-8.2115E-1	2.8307E0	5.9108E0	4.2300E4	
21	-8.2085E-1	3.2836E0	5.9061E0	4.4520E4	
22	-8.2092E-1	3.1704E0	5.9016E0	4.6740E4	
23	-8.1856E-1	6.6804E0	5.8969E0	4.8960E4	
24	-8.1909E-1	5.8878E0	5.8922E0	5.1180E4	
25	-8.1947E-1	5.3217E0	5.8874E0	5.3400E4	
26	-8.2077E-1	3.3968E0	5.8829E0	5.5620E4	
27	-8.1718E-1	8.7185E0	5.8782E0	5.7840E4	
28	-8.2138E-1	2.4910E0	5.8735E0	6.0060E4	
29	-8.2039E-1	3.9630E0	5.8687E0	6.2280E4	
30	-8.1963E-1	5.0952E0	5.8639E0	6.4500E4	
31	-8.1642E-1	9.8507E0	5.8592E0	6.6720E4	
32	-8.1764E-1	8.0391E0	5.8545E0	6.8940E4	
33	-8.1810E-1	7.3597E0	5.8495E0	7.1160E4	
34	-8.1810E-1	7.3597E0	5.8448E0	7.3380E4	
35	-8.1635E-1	9.9639E0	5.8400E0	7.5600E4	
36	-8.1810E-1	7.3597E0	5.8351E0	7.7820E4	
37	-8.1917E-1	5.7746E0	5.8302E0	8.0040E4	
38	-8.1581E-1	1.0757E1	5.8253E0	8.2260E4	
39	-8.1596E-1	1.0530E1	5.8205E0	8.4480E4	
40	-8.1718E-1	8.7185E0	5.8155E0	8.6700E4	
41	-8.1604E-1	1.0417E1	5.8106E0	8.8920E4	
42	-8.1589E-1	1.0643E1	5.8057E0	9.1140E4	
43	-8.1818E-1	7.2465E0	5.8008E0	9.3360E4	
44	-8.1711E-1	8.8317E0	5.7958E0	9.5580E4	
45	-8.1810E-1	7.3597E0	5.7908E0	9.7800E4	
46	-8.1383E-1	1.3700E1	5.7859E0	1.0002E5	
47	-8.1726E-1	8.6052E0	5.7811E0	1.0224E5	
48	-8.1421E-1	1.3134E1	5.7760E0	1.0446E5	
49	-8.1367E-1	1.3927E1	5.7711E0	1.0668E5	
50	-8.1612E-1	1.0304E1	5.7660E0	1.0890E5	
51	-8.1894E-1	6.1143E0	5.7611E0	1.1112E5	
52	-8.1390E-1	1.3587E1	5.7561E0	1.1334E5	
53	-8.1337E-1	1.4380E1	5.7510E0	1.1556E5	
54	-8.1673E-1	9.3978E0	5.7460E0	1.1778E5	
55	-8.1543E-1	1.1323E1	5.7410E0	1.2000E5	
56	-8.1779E-1	7.8126E0	5.7359E0	1.2222E5	
57	-8.1375E-1	1.3814E1	5.7309E0	1.2444E5	
58	-8.1459E-1	1.2568E1	5.7258E0	1.2666E5	
59	-8.1619E-1	1.0190E1	5.7207E0	1.2888E5	
60	-8.1490E-1	1.2115E1	5.7157E0	1.3110E5	
61	-8.1413E-1	1.3247E1	5.7106E0	1.3332E5	
62	-8.1322E-1	1.4606E1	5.7055E0	1.3554E5	
63	-8.1367E-1	1.3927E1	5.7004E0	1.3776E5	
64	-8.1306E-1	1.4833E1	5.6953E0	1.3998E5	
65	-8.1467E-1	1.2455E1	5.6902E0	1.4220E5	
66	-8.1383E-1	1.3700E1	5.6852E0	1.4442E5	
67	-8.1223E-1	1.6078E1	5.6800E0	1.4664E5	
68	-8.1268E-1	1.5399E1	5.6749E0	1.4886E5	
69	-8.1078E-1	1.8229E1	5.6697E0	1.5108E5	
70	-8.1161E-1	1.6984E1	5.6646E0	1.5330E5	
71	-8.1093E-1	1.8003E1	5.6595E0	1.5552E5	
72	-8.1322E-1	1.4606E1	5.6543E0	1.5774E5	
73	-8.1390E-1	1.3587E1	5.6491E0	1.5996E5	
74	-8.0940E-1	2.0267E1	5.6439E0	1.6218E5	
75	-8.1093E-1	1.8003E1	5.6387E0	1.6440E5	
76	-8.0841E-1	2.1739E1	5.6336E0	1.6662E5	
77	-8.0902E-1	2.0834E1	5.6284E0	1.6884E5	
78	-8.0925E-1	2.0494E1	5.6232E0	1.7106E5	
79	-8.1100E-1	1.7890E1	5.6180E0	1.7328E5	
80	-8.1146E-1	1.7210E1	5.6128E0	1.7550E5	
81	-8.0933E-1	2.0381E1	5.6076E0	1.7772E5	
82	-8.1238E-1	1.5852E1	5.6024E0	1.7994E5	
83	-8.1345E-1	1.4267E1	5.5971E0	1.8216E5	
84	-8.0872E-1	2.1287E1	5.5918E0	1.8438E5	
85	-8.0803E-1	2.2306E1	5.5866E0	1.8660E5	
86	-8.0750E-1	2.3098E1	5.5814E0	1.8882E5	
87	-8.1085E-1	1.8116E1	5.5762E0	1.9104E5	
88	-8.0872E-1	2.1287E1	5.5709E0	1.9326E5	
89	-8.0864E-1	2.1400E1	5.5656E0	1.9548E5	
90	-8.0948E-1	2.0154E1	5.5602E0	1.9770E5	
91	-8.0910E-1	2.0720E1	5.5551E0	1.9992E5	
92	-8.0803E-1	2.2306E1	5.5498E0	2.0214E5	
93	-8.1001E-1	1.9362E1	5.5444E0	2.0436E5	
94	-8.0681E-1	2.4117E1	5.5393E0	2.0658E5	
95	-8.0765E-1	2.2872E1	5.5339E0	2.0880E5	
96	-8.0620E-1	2.5023E1	5.5286E0	2.1102E5	
97	-8.0688E-1	2.4004E1	5.5231E0	2.1324E5	
98	-8.0711E-1	2.3664E1	5.5179E0	2.1546E5	
99	-8.0414E-1	2.8080E1	5.5126E0	2.1768E5	
100	-8.0833E-1	2.1853E1	5.5073E0	2.1990E5	
101	-8.0498E-1	2.6835E1	5.5020E0	2.2212E5	
102	-8.0650E-1	2.4570E1	5.4966E0	2.2434E5	
103	-8.0437E-1	2.7740E1	5.4913E0	2.2656E5	
104	-8.0421E-1	2.7967E1	5.4859E0	2.2878E5	
105	-8.0353E-1	2.8986E1	5.4805E0	2.3100E5	
106	-8.0627E-1	2.4910E1	5.4752E0	2.3322E5	
107	-8.0681E-1	2.4117E1	5.4698E0	2.3544E5	
108	-8.0490E-1	2.6948E1	5.4644E0	2.3766E5	
109	-8.0360E-1	2.8873E1	5.4590E0	2.3988E5	
110	-8.0460E-1	2.7401E1	5.4536E0	2.4210E5	
111	-8.0276E-1	3.0118E1	5.4483E0	2.4432E5	
112	-8.0612E-1	2.5136E1	5.4428E0	2.4654E5	
113	-8.0254E-1	3.0458E1	5.4374E0	2.4876E5	
114	-8.0284E-1	3.0005E1	5.4320E0	2.5098E5	
115	-8.0551E-1	2.6042E1	5.4266E0	2.5320E5	
116	-8.0429E-1	2.7854E1	5.4212E0	2.5542E5	
117	-8.0368E-1	2.8759E1	5.4157E0	2.5764E5	
118	-8.0269E-1	3.0231E1	5.4102E0	2.5986E5	
119	-8.0261E-1	3.0345E1	5.4048E0	2.6208E5	
120	-8.0238E-1	3.0684E1	5.3994E0	2.6430E5	
121	-8.0261E-1	3.0345E1	5.3940E0	2.6652E5	
122	-8.0200E-1	3.1250E1	5.3885E0	2.6874E5	
123	-8.0093E-1	3.2836E1	5.3830E0	2.7096E5	
124	-8.0254E-1	3.0458E1	5.3775E0	2.7318E5	
125	-7.9926E-1	3.5326E1	5.3721E0	2.7540E5	
126	-8.0101E-1	3.2722E1	5.3665E0	2.7762E5	
127	-8.0170E-1	3.1703E1	5.3610E0	2.7984E5	
128	-7.9895E-1	3.5779E1	5.3556E0	2.8206E5	
129	-8.0139E-1	3.2156E1	5.3501E0	2.8428E5	
130	-8.0185E-1	3.1477E1	5.3446E0	2.8650E5	
131	-7.9796E-1	3.7251E1	5.3391E0	2.8872E5	
132	-7.9956E-1	3.4874E1	5.3336E0	2.9094E5	
133	-7.9758E-1	3.7817E1	5.3280E0	2.9316E5	
134	-7.9857E-1	3.6346E1	5.3225E0	2.9538E5	
135	-8.0002E-1	3.4194E1	5.3169E0	2.9760E5	
136	-8.0017E-1	3.3968E1	5.3115E0	2.9982E5	
137	-8.0032E-1	3.3741E1	5.3060E0	3.0204E5	
138	-7.9742E-1	3.8044E1	5.3004E0	3.0426E5	
139	-7.9941E-1	3.5100E1	5.2949E0	3.0648E5	
140	-8.0223E-1	3.0911E1	5.2893E0	3.0870E5	
141	-7.9803E-1	3.7138E1	5.2837E0	3.1092E5	
142	-7.9849E-1	3.6459E1	5.2781E0	3.1314E5	
143	-7.9651E-1	3.9403E1	5.2726E0	3.1536E5	
144	-7.9781E-1	3.7478E1	5.2669E0	3.1758E5	
145	-8.0048E-1	3.3515E1	5.2614E0	3.1980E5	
146	-7.9674E-1	3.9063E1	5.2558E0	3.2202E5	
147	-7.9895E-1	3.5779E1	5.2502E0	3.2424E5	
148	-7.9857E-1	3.6346E1	5.2447E0	3.2646E5	
149	-7.9659E-1	3.9289E1	5.2389E0	3.2868E5	
150	-7.9704E-1	3.8610E1	5.2334E0	3.3090E5	
151	-7.9803E-1	3.7138E1	5.2279E0	3.3312E5	
152	-7.9712E-1	3.8497E1	5.2222E0	3.3534E5	
153	-7.9704E-1	3.8610E1	5.2165E0	3.3756E5	
154	-7.9483E-1	4.1894E1	5.2109E0	3.3978E5	
155	-7.9483E-1	4.1894E1	5.2053E0	3.4200E5	
156	-7.9773E-1	3.7591E1	5.1996E0	3.4422E5	
157	-7.9346E-1	4.3932E1	5.1940E0	3.4644E5	
158	-7.9468E-1	4.2120E1	5.1883E0	3.4866E5	
159	-7.9643E-1	3.9516E1	5.1827E0	3.5088E5	
160	-7.9674E-1	3.9063E1	5.1770E0	3.5310E5	
161	-7.9826E-1	3.6798E1	5.1714E0	3.5532E5	
162	-7.9521E-1	4.1327E1	5.1657E0	3.5754E5	
163	-7.9620E-1	3.9856E1	5.1599E0	3.5976E5	
164	-7.9529E-1	4.1214E1	5.1542E0	3.6198E5	
165	-7.9262E-1	4.5177E1	5.1487E0	3.6420E5	
166	-7.9529E-1	4.1214E1	5.1430E0	3.6642E5	
167	-7.9437E-1	4.2573E1	5.1372E0	3.6864E5	
168	-7.9498E-1	4.1667E1	5.1316E0	3.7086E5	
169	-7.9102E-1	4.7555E1	5.1258E0	3.7308E5	
170	-7.9437E-1	4.2573E1	5.1201E0	3.7530E5	
171	-7.9323E-1	4.4271E1	5.1144E0	3.7752E5	
172	-7.9216E-1	4.5856E1	5.1087E0	3.7974E5	
173	-7.9170E-1	4.6536E1	5.1029E0	3.8196E5	
174	-7.9254E-1	4.5290E1	5.0972E0	3.8418E5	
175	-7.9353E-1	4.3818E1	5.0915E0	3.8640E5	
176	-7.9178E-1	4.6423E1	5.0857E0	3.8862E5	
177	-7.9102E-1	4.7555E1	5.0800E0	3.9084E5	
178	-7.9086E-1	4.7781E1	5.0743E0	3.9306E5	
179	-7.9124E-1	4.7215E1	5.0686E0	3.9528E5	
180	-7.9407E-1	4.3026E1	5.0628E0	3.9750E5	
181	-7.9193E-1	4.6196E1	5.0569E0	3.9972E5	
182	-7.9224E-1	4.5743E1	5.0511E0	4.0194E5	
183	-7.8842E-1	5.1405E1	5.0454E0	4.0416E5	
184	-7.9033E-1	4.8574E1	5.0397E0	4.0638E5	
185	-7.8964E-1	4.9593E1	5.0339E0	4.0860E5	
186	-7.8979E-1	4.9366E1	5.0281E0	4.1082E5	
187	-7.8995E-1	4.9140E1	5.0223E0	4.1304E5	
188	-7.9170E-1	4.6536E1	5.0165E0	4.1526E5	
189	-7.8995E-1	4.9140E1	5.0107E0	4.1748E5	
190	-7.8911E-1	5.0386E1	5.0049E0	4.1970E5	
191	-7.8941E-1	4.9933E1	4.9991E0	4.2192E5	
192	-7.8827E-1	5.1631E1	4.9934E0	4.2414E5	
193	-7.8735E-1	5.2990E1	4.9874E0	4.2636E5	
194	-7.8758E-1	5.2650E1	4.9816E0	4.2858E5	
195	-7.8857E-1	5.1178E1	4.9758E0	4.3080E5	
196	-7.8903E-1	5.0499E1	4.9699E0	4.3302E5	
197	-7.8613E-1	5.4801E1	4.9641E0	4.3524E5	
198	-7.8812E-1	5.1857E1	4.9583E0	4.3746E5	
199	-7.8598E-1	5.5028E1	4.9525E0	4.3968E5	
200	-7.8491E-1	5.6613E1	4.9467E0	4.4190E5	
201	-7.8568E-1	5.5481E1	4.9408E0	4.4412E5	
202	-7.8766E-1	5.2537E1	4.9349E0	4.4634E5	
203	-7.8690E-1	5.3669E1	4.9290E0	4.4856E5	
204	-7.8667E-1	5.4009E1	4.9232E0	4.5078E5	
205	-7.8529E-1	5.6047E1	4.9173E0	4.5300E5	
206	-7.8789E-1	5.2197E1	4.9114E0	4.5522E5	
207	-7.8796E-1	5.2084E1	4.9056E0	4.5744E5	
208	-7.8674E-1	5.3896E1	4.8997E0	4.5966E5	
209	-7.8629E-1	5.4575E1	4.8938E0	4.6188E5	
210	-7.8613E-1	5.4801E1	4.8879E0	4.6410E5	
211	-7.8453E-1	5.7179E1	4.8820E0	4.6632E5	
212	-7.8621E-1	5.4688E1	4.8762E0	4.6854E5	
213	-7.8720E-1	5.3216E1	4.8702E0	4.7076E5	
214	-7.8453E-1	5.7179E1	4.8642E0	4.7298E5	
215	-7.8568E-1	5.5481E1	4.8583E0	4.7520E5	
216	-7.8514E-1	5.6273E1	4.8525E0	4.7742E5	
217	-7.8445E-1	5.7292E1	4.8465E0	4.7964E5	
218	-7.8606E-1	5.4915E1	4.8406E0	4.8186E5	
219	-7.8415E-1	5.7745E1	4.8346E0	4.8408E5	
220	-7.8545E-1	5.5820E1	4.8287E0	4.8630E5	
221	-7.8537E-1	5.5934E1	4.8228E0	4.8852E5	
222	-7.8217E-1	6.0689E1	4.8168E0	4.9074E5	
223	-7.8270E-1	5.9896E1	4.8110E0	4.9296E5	
224	-7.8293E-1	5.9557E1	4.8048E0	4.9518E5	
225	-7.8491E-1	5.6613E1	4.7988E0	4.9740E5	
226	-7.8247E-1	6.0236E1	4.7930E0	4.9962E5	
227	-7.8392E-1	5.8085E1	4.7870E0	5.0184E5	
228	-7.8369E-1	5.8425E1	4.7810E0	5.0406E5	
229	-7.8133E-1	6.1935E1	4.7751E0	5.0628E5	
230	-7.8468E-1	5.6953E1	4.7690E0	5.0850E5	
231	-7.8239E-1	6.0349E1	4.7630E0	5.1072E5	
232	-7.8278E-1	5.9783E1	4.7571E0	5.1294E5	
233	-7.8064E-1	6.2954E1	4.7511E0	5.1516E5	
234	-7.8125E-1	6.2048E1	4.7451E0	5.1738E5	
235	-7.8194E-1	6.1029E1	4.7390E0	5.1960E5	
236	-7.7995E-1	6.3973E1	4.7331E0	5.2182E5	
237	-7.8217E-1	6.0689E1	4.7270E0	5.2404E5	
238	-7.8217E-1	6.0689E1	4.7210E0	5.2626E5	
239	-7.8217E-1	6.0689E1	4.7150E0	5.2848E5	
240	-7.7934E-1	6.4878E1	4.7090E0	5.3070E5	
241	-7.8278E-1	5.9783E1	4.7030E0	5.3292E5	
242	-7.8331E-1	5.8991E1	4.6969E0	5.3514E5	
243	-7.8064E-1	6.2954E1	4.6908E0	5.3736E5	
244	-7.8064E-1	6.2954E1	4.6848E0	5.3958E5	
245	-7.8072E-1	6.2840E1	4.6788E0	5.4180E5	
246	-7.7721E-1	6.8049E1	4.6727E0	5.4402E5	
247	-7.8064E-1	6.2954E1	4.6667E0	5.4624E5	
248	-7.7873E-1	6.5784E1	4.6606E0	5.4846E5	
249	-7.7873E-1	6.5784E1	4.6545E0	5.5068E5	
250	-7.7950E-1	6.4652E1	4.6485E0	5.5290E5	
251	-7.7805E-1	6.6803E1	4.6424E0	5.5512E5	
252	-7.7881E-1	6.5671E1	4.6363E0	5.5734E5	
253	-7.7957E-1	6.4539E1	4.6304E0	5.5956E5	
254	-7.7583E-1	7.0087E1	4.6241E0	5.6178E5	
255	-7.7881E-1	6.5671E1	4.6181E0	5.6400E5	
256	-7.7850E-1	6.6124E1	4.6120E0	5.6622E5	
257	-7.7728E-1	6.7936E1	4.6059E0	5.6844E5	
258	-7.7568E-1	7.0313E1	4.5997E0	5.7066E5	
259	-7.7660E-1	6.8955E1	4.5937E0	5.7288E5	
260	-7.7698E-1	6.8388E1	4.5875E0	5.7510E5	
261	-7.7591E-1	6.9974E1	4.5814E0	5.7732E5	
262	-7.7644E-1	6.9181E1	4.5753E0	5.7954E5	
263	-7.7583E-1	7.0087E1	4.5690E0	5.8176E5	
264	-7.7690E-1	6.8502E1	4.5630E0	5.8398E5	
265	-7.7682E-1	6.8615E1	4.5568E0	5.8620E5	
266	-7.7621E-1	6.9521E1	4.5508E0	5.8842E5	
267	-7.7415E-1	7.2578E1	4.5445E0	5.9064E5	
268	-7.7576E-1	7.0200E1	4.5384E0	5.9286E5	
269	-7.7507E-1	7.1219E1	4.5323E0	5.9508E5	
270	-7.7347E-1	7.3597E1	4.5261E0	5.9730E5	
271	-7.7530E-1	7.0879E1	4.5200E0	5.9952E5	
272	-7.7240E-1	7.5182E1	4.5138E0	6.0174E5	
273	-7.7461E-1	7.1898E1	4.5076E0	6.0396E5	
274	-7.7362E-1	7.3370E1	4.5015E0	6.0618E5	
275	-7.7377E-1	7.3144E1	4.4952E0	6.0840E5	
276	-7.7522E-1	7.0993E1	4.4891E0	6.1062E5	
277	-7.7423E-1	7.2465E1	4.4829E0	6.1284E5	
278	-7.7507E-1	7.1219E1	4.4767E0	6.1506E5	
279	-7.7415E-1	7.2578E1	4.4705E0	6.1728E5	
280	-7.7431E-1	7.2351E1	4.4643E0	6.1950E5	
281	-7.7370E-1	7.3257E1	4.4581E0	6.2172E5	
282	-7.7049E-1	7.8013E1	4.4520E0	6.2394E5	
283	-7.7248E-1	7.5069E1	4.4457E0	6.2616E5	
284	-7.7080E-1	7.7560E1	4.4395E0	6.2838E5	
285	-7.7118E-1	7.6994E1	4.4332E0	6.3060E5	
286	-7.7271E-1	7.4729E1	4.4272E0	6.3282E5	
287	-7.7118E-1	7.6994E1	4.4208E0	6.3504E5	
288	-7.7148E-1	7.6541E1	4.4147E0	6.3726E5	
289	-7.7003E-1	7.8692E1	4.4084E0	6.3948E5	
290	-7.6950E-1	7.9485E1	4.4021E0	6.4170E5	
291	-7.7202E-1	7.5748E1	4.3959E0	6.4392E5	
292	-7.7011E-1	7.8579E1	4.3896E0	6.4614E5	
293	-7.7225E-1	7.5408E1	4.3833E0	6.4836E5	
294	-7.7133E-1	7.6767E1	4.3772E0	6.5058E5	
295	-7.7034E-1	7.8239E1	4.3708E0	6.5280E5	
296	-7.6996E-1	7.8805E1	4.3646E0	6.5502E5	
297	-7.6950E-1	7.9485E1	4.3583E0	6.5724E5	
298	-7.6698E-1	8.3221E1	4.3520E0	6.5946E5	
299	-7.6736E-1	8.2655E1	4.3457E0	6.6168E5	
300	-7.6973E-1	7.9145E1	4.3395E0	6.6390E5	
301	-7.7065E-1	7.7786E1	4.3333E0	6.6612E5	
302	-7.7103E-1	7.7220E1	4.3270E0	6.6834E5	
303	-7.6988E-1	7.8918E1	4.3207E0	6.7056E5	
304	-7.6874E-1	8.0617E1	4.3144E0	6.7278E5	
305	-7.6927E-1	7.9824E1	4.3081E0	6.7500E5	
306	-7.7095E-1	7.7333E1	4.3018E0	6.7722E5	
307	-7.6965E-1	7.9258E1	4.2955E0	6.7944E5	
308	-7.6866E-1	8.0730E1	4.2892E0	6.8166E5	
309	-7.6843E-1	8.1070E1	4.2829E0	6.8388E5	
310	-7.7026E-1	7.8352E1	4.2766E0	6.8610E5	
311	-7.6897E-1	8.0277E1	4.2704E0	6.8832E5	
312	-7.6744E-1	8.2542E1	4.2639E0	6.9054E5	
313	-7.6904E-1	8.0164E1	4.2575E0	6.9276E5	
314	-7.6813E-1	8.1523E1	4.2513E0	6.9498E5	
315	-7.6767E-1	8.2202E1	4.2449E0	6.9720E5	
316	-7.6561E-1	8.5259E1	4.2386E0	6.9942E5	
317	-7.6714E-1	8.2995E1	4.2323E0	7.0164E5	
318	-7.6752E-1	8.2428E1	4.2260E0	7.0386E5	
319	-7.6706E-1	8.3108E1	4.2196E0	7.0608E5	
320	-7.6584E-1	8.4919E1	4.2133E0	7.0830E5	
321	-7.6630E-1	8.4240E1	4.2069E0	7.1052E5	
322	-7.6622E-1	8.4353E1	4.2006E0	7.1274E5	
323	-7.6599E-1	8.4693E1	4.1942E0	7.1496E5	
324	-7.6385E-1	8.7863E1	4.1879E0	7.1718E5	
325	-7.6485E-1	8.6391E1	4.1816E0	7.1940E5	
326	-7.6584E-1	8.4919E1	4.1751E0	7.2162E5	
327	-7.6714E-1	8.2995E1	4.1687E0	7.2384E5	
328	-7.6454E-1	8.6844E1	4.1623E0	7.2606E5	
329	-7.6668E-1	8.3674E1	4.1560E0	7.2828E5	
330	-7.6370E-1	8.8090E1	4.1496E0	7.3050E5	
331	-7.6584E-1	8.4919E1	4.1433E0	7.3272E5	
332	-7.6462E-1	8.6731E1	4.1368E0	7.3494E5	
333	-7.6363E-1	8.8203E1	4.1304E0	7.3716E5	
334	-7.6202E-1	9.0581E1	4.1240E0	7.3938E5	
335	-7.6462E-1	8.6731E1	4.1176E0	7.4160E5	
336	-7.6256E-1	8.9788E1	4.1113E0	7.4382E5	
337	-7.6447E-1	8.6957E1	4.1048E0	7.4604E5	
338	-7.6332E-1	8.8656E1	4.0984E0	7.4826E5	
339	-7.6294E-1	8.9222E1	4.0920E0	7.5048E5	
340	-7.6080E-1	9.2392E1	4.0855E0	7.5270E5	
341	-7.6057E-1	9.2732E1	4.0791E0	7.5492E5	
342	-7.6271E-1	8.9562E1	4.0728E0	7.5714E5	
343	-7.6149E-1	9.1373E1	4.0663E0	7.5936E5	
344	-7.6271E-1	8.9562E1	4.0599E0	7.6158E5	
345	-7.6294E-1	8.9222E1	4.0535E0	7.6380E5	
346	-7.5867E-1	9.5563E1	4.0471E0	7.6602E5	
347	-7.6126E-1	9.1713E1	4.0406E0	7.6824E5	
348	-7.6195E-1	9.0694E1	4.0342E0	7.7046E5	
349	-7.5943E-1	9.4430E1	4.0276E0	7.7268E5	
350	-7.6157E-1	9.1260E1	4.0213E0	7.7490E5	
351	-7.6126E-1	9.1713E1	4.0148E0	7.7712E5	
352	-7.6019E-1	9.3298E1	4.0084E0	7.7934E5	
353	-7.5935E-1	9.4544E1	4.0019E0	7.8156E5	
354	-7.6149E-1	9.1373E1	3.9955E0	7.8378E5	
355	-7.6172E-1	9.1034E1	3.9889E0	7.8600E5	
356	-7.6019E-1	9.3298E1	3.9825E0	7.8822E5	
357	-7.6111E-1	9.1939E1	3.9760E0	7.9044E5	
358	-7.6019E-1	9.3298E1	3.9695E0	7.9266E5	
359	-7.5882E-1	9.5336E1	3.9631E0	7.9488E5	
360	-7.5912E-1	9.4883E1	3.9566E0	7.9710E5	
361	-7.5920E-1	9.4770E1	3.9500E0	7.9932E5	
362	-7.5737E-1	9.7487E1	3.9436E0	8.0154E5	
363	-7.5729E-1	9.7601E1	3.9371E0	8.0376E5	
364	-7.5600E-1	9.9525E1	3.9306E0	8.0598E5	
365	-7.5844E-1	9.5902E1	3.9241E0	8.0820E5	
366	-7.5813E-1	9.6355E1	3.9176E0	8.1042E5	
367	-7.5745E-1	9.7374E1	3.9111E0	8.1264E5	
368	-7.5867E-1	9.5563E1	3.9046E0	8.1486E5	
369	-7.5966E-1	9.4091E1	3.8981E0	8.1708E5	
370	-7.5752E-1	9.7261E1	3.8918E0	8.1930E5	
371	-7.5729E-1	9.7601E1	3.8851E0	8.2152E5	
372	-7.5806E-1	9.6468E1	3.8786E0	8.2374E5	
373	-7.5623E-1	9.9186E1	3.8720E0	8.2596E5	
374	-7.5790E-1	9.6695E1	3.8655E0	8.2818E5	
375	-7.5684E-1	9.8280E1	3.8589E0	8.3040E5	
376	-7.5569E-1	9.9978E1	3.8524E0	8.3262E5	
377	-7.5508E-1	1.0088E2	3.8459E0	8.3484E5	
378	-7.5340E-1	1.0338E2	3.8393E0	8.3706E5	
379	-7.5577E-1	9.9865E1	3.8328E0	8.3928E5	
380	-7.5302E-1	1.0394E2	3.8263E0	8.4150E5	
381	-7.5630E-1	9.9073E1	3.8197E0	8.4372E5	
382	-7.5584E-1	9.9752E1	3.8131E0	8.4594E5	
383	-7.5432E-1	1.0202E2	3.8067E0	8.4816E5	
384	-7.5439E-1	1.0190E2	3.8000E0	8.5038E5	
385	-7.5409E-1	1.0236E2	3.7935E0	8.5260E5	
386	-7.5470E-1	1.0145E2	3.7869E0	8.5482E5	
387	-7.5333E-1	1.0349E2	3.7803E0	8.5704E5	
388	-7.5447E-1	1.0179E2	3.7737E0	8.5926E5	
389	-7.5317E-1	1.0371E2	3.7673E0	8.6148E5	
390	-7.5142E-1	1.0632E2	3.7606E0	8.6370E5	
391	-7.5363E-1	1.0304E2	3.7540E0	8.6592E5	
392	-7.5317E-1	1.0371E2	3.7474E0	8.6814E5	
393	-7.5371E-1	1.0292E2	3.7409E0	8.7036E5	
394	-7.5165E-1	1.0598E2	3.7342E0	8.7258E5	
395	-7.4905E-1	1.0983E2	3.7276E0	8.7480E5	
396	-7.5012E-1	1.0824E2	3.7211E0	8.7702E5	
397	-7.5066E-1	1.0745E2	3.7145E0	8.7924E5	
398	-7.5089E-1	1.0711E2	3.7079E0	8.8146E5	
399	-7.4997E-1	1.0847E2	3.7013E0	8.8368E5	
400	-7.5005E-1	1.0836E2	3.6948E0	8.8590E5	
401	-7.4982E-1	1.0870E2	3.6881E0	8.8812E5	
402	-7.5172E-1	1.0587E2	3.6815E0	8.9034E5	
403	-7.5081E-1	1.0722E2	3.6749E0	8.9256E5	
404	-7.4730E-1	1.1243E2	3.6683E0	8.9478E5	
405	-7.4928E-1	1.0949E2	3.6616E0	8.9700E5	
406	-7.4791E-1	1.1153E2	3.6550E0	8.9922E5	
407	-7.4829E-1	1.1096E2	3.6483E0	9.0144E5	
408	-7.4806E-1	1.1130E2	3.6418E0	9.0366E5	
409	-7.4837E-1	1.1085E2	3.6351E0	9.0588E5	
410	-7.5043E-1	1.0779E2	3.6284E0	9.0810E5	
411	-7.4890E-1	1.1006E2	3.6218E0	9.1032E5	
412	-7.4699E-1	1.1289E2	3.6151E0	9.1254E5	
413	-7.4821E-1	1.1107E2	3.6085E0	9.1476E5	
414	-7.4776E-1	1.1175E2	3.6018E0	9.1698E5	
415	-7.4585E-1	1.1458E2	3.5952E0	9.1920E5	
416	-7.4844E-1	1.1073E2	3.5886E0	9.2142E5	
417	-7.4860E-1	1.1051E2	3.5818E0	9.2364E5	
418	-7.4585E-1	1.1458E2	3.5753E0	9.2586E5	
419	-7.4425E-1	1.1696E2	3.5685E0	9.2808E5	
420	-7.4669E-1	1.1334E2	3.5618E0	9.3030E5	
421	-7.4608E-1	1.1424E2	3.5552E0	9.3252E5	
422	-7.4570E-1	1.1481E2	3.5486E0	9.3474E5	
423	-7.4821E-1	1.1107E2	3.5419E0	9.3696E5	
424	-7.4409E-1	1.1719E2	3.5352E0	9.3918E5	
425	-7.4509E-1	1.1572E2	3.5285E0	9.4140E5	
426	-7.4600E-1	1.1436E2	3.5219E0	9.4362E5	
427	-7.4615E-1	1.1413E2	3.5152E0	9.4584E5	
428	-7.4295E-1	1.1889E2	3.5084E0	9.4806E5	
429	-7.4379E-1	1.1764E2	3.5016E0	9.5028E5	
430	-7.4356E-1	1.1798E2	3.4950E0	9.5250E5	
431	-7.4471E-1	1.1628E2	3.4883E0	9.5472E5	
432	-7.4532E-1	1.1538E2	3.4817E0	9.5694E5	
433	-7.4394E-1	1.1742E2	3.4749E0	9.5916E5	
434	-7.4417E-1	1.1708E2	3.4683E0	9.6138E5	
435	-7.4287E-1	1.1900E2	3.4615E0	9.6360E5	
436	-7.4303E-1	1.1877E2	3.4547E0	9.6582E5	
437	-7.4440E-1	1.1674E2	3.4480E0	9.6804E5	
438	-7.4295E-1	1.1889E2	3.4413E0	9.7026E5	
439	-7.4120E-1	1.2149E2	3.4346E0	9.7248E5	
440	-7.4432E-1	1.1685E2	3.4278E0	9.7470E5	
441	-7.4097E-1	1.2183E2	3.4212E0	9.7692E5	
442	-7.4203E-1	1.2025E2	3.4145E0	9.7914E5	
443	-7.4181E-1	1.2059E2	3.4077E0	9.8136E5	
444	-7.4059E-1	1.2240E2	3.4010E0	9.8358E5	
445	-7.4043E-1	1.2262E2	3.3942E0	9.8580E5	
446	-7.4219E-1	1.2002E2	3.3875E0	9.8802E5	
447	-7.4226E-1	1.1991E2	3.3807E0	9.9024E5	
448	-7.4181E-1	1.2059E2	3.3739E0	9.9246E5	
449	-7.4028E-1	1.2285E2	3.3673E0	9.9468E5	
450	-7.4036E-1	1.2274E2	3.3605E0	9.9690E5	
451	-7.4104E-1	1.2172E2	3.3537E0	9.9912E5	
452	-7.3914E-1	1.2455E2	3.3471E0	1.0013E6	
453	-7.3868E-1	1.2523E2	3.3402E0	1.0036E6	
454	-7.3723E-1	1.2738E2	3.3335E0	1.0058E6	
455	-7.3868E-1	1.2523E2	3.3266E0	1.0080E6	
456	-7.3997E-1	1.2330E2	3.3199E0	1.0102E6	
457	-7.3875E-1	1.2511E2	3.3131E0	1.0124E6	
458	-7.3807E-1	1.2613E2	3.3064E0	1.0147E6	
459	-7.3944E-1	1.2410E2	3.2995E0	1.0169E6	
460	-7.3669E-1	1.2817E2	3.2928E0	1.0191E6	
461	-7.3830E-1	1.2579E2	3.2860E0	1.0213E6	
462	-7.3654E-1	1.2840E2	3.2793E0	1.0235E6	
463	-7.3730E-1	1.2727E2	3.2723E0	1.0258E6	
464	-7.3677E-1	1.2806E2	3.2655E0	1.0280E6	
465	-7.3502E-1	1.3066E2	3.2588E0	1.0302E6	
466	-7.3639E-1	1.2862E2	3.2520E0	1.0324E6	
467	-7.3479E-1	1.3100E2	3.2453E0	1.0346E6	
468	-7.3639E-1	1.2862E2	3.2384E0	1.0369E6	
469	-7.3624E-1	1.2885E2	3.2316E0	1.0391E6	
470	-7.3540E-1	1.3010E2	3.2248E0	1.0413E6	
471	-7.3418E-1	1.3191E2	3.2180E0	1.0435E6	
472	-7.3486E-1	1.3089E2	3.2111E0	1.0457E6	
473	-7.3448E-1	1.3146E2	3.2044E0	1.0480E6	
474	-7.3288E-1	1.3383E2	3.1975E0	1.0502E6	
475	-7.3456E-1	1.3134E2	3.1907E0	1.0524E6	
476	-7.3250E-1	1.3440E2	3.1839E0	1.0546E6	
477	-7.3425E-1	1.3179E2	3.1771E0	1.0568E6	
478	-7.3433E-1	1.3168E2	3.1703E0	1.0591E6	
479	-7.3334E-1	1.3315E2	3.1634E0	1.0613E6	
480	-7.3463E-1	1.3123E2	3.1565E0	1.0635E6	
481	-7.3334E-1	1.3315E2	3.1498E0	1.0657E6	
482	-7.3364E-1	1.3270E2	3.1429E0	1.0679E6	
483	-7.3280E-1	1.3395E2	3.1361E0	1.0702E6	
484	-7.3135E-1	1.3610E2	3.1292E0	1.0724E6	
485	-7.3395E-1	1.3225E2	3.1223E0	1.0746E6	
486	-7.3242E-1	1.3451E2	3.1155E0	1.0768E6	
487	-7.3433E-1	1.3168E2	3.1086E0	1.0790E6	
488	-7.2983E-1	1.3836E2	3.1018E0	1.0813E6	
489	-7.3181E-1	1.3542E2	3.0949E0	1.0835E6	
490	-7.2960E-1	1.3870E2	3.0880E0	1.0857E6	
491	-7.3105E-1	1.3655E2	3.0812E0	1.0879E6	
492	-7.2922E-1	1.3927E2	3.0743E0	1.0901E6	
493	-7.3265E-1	1.3417E2	3.0674E0	1.0924E6	
494	-7.3044E-1	1.3746E2	3.0605E0	1.0946E6	
495	-7.3120E-1	1.3632E2	3.0537E0	1.0968E6	
496	-7.2716E-1	1.4232E2	3.0468E0	1.0990E6	
497	-7.3181E-1	1.3542E2	3.0399E0	1.1012E6	
498	-7.2998E-1	1.3814E2	3.0330E0	1.1035E6	
499	-7.2838E-1	1.4051E2	3.0262E0	1.1057E6	
500	-7.3189E-1	1.3530E2	3.0194E0	1.1079E6	
501	-7.2693E-1	1.4266E2	3.0124E0	1.1101E6	
502	-7.2845E-1	1.4040E2	3.0055E0	1.1123E6	
503	-7.2601E-1	1.4402E2	2.9986E0	1.1146E6	
504	-7.3181E-1	1.3542E2	2.9916E0	1.1168E6	
505	-7.2777E-1	1.4142E2	2.9848E0	1.1190E6	
506	-7.2830E-1	1.4063E2	2.9779E0	1.1212E6	
507	-7.2868E-1	1.4006E2	2.9710E0	1.1234E6	
508	-7.2891E-1	1.3972E2	2.9641E0	1.1257E6	
509	-7.2571E-1	1.4448E2	2.9571E0	1.1279E6	
510	-7.2670E-1	1.4300E2	2.9503E0	1.1301E6	
511	-7.2845E-1	1.4040E2	2.9434E0	1.1323E6	
512	-7.2617E-1	1.4380E2	2.9365E0	1.1345E6	
513	-7.2777E-1	1.4142E2	2.9295E0	1.1368E6	
514	-7.2578E-1	1.4436E2	2.9226E0	1.1390E6	
515	-7.2670E-1	1.4300E2	2.9157E0	1.1412E6	
516	-7.2395E-1	1.4708E2	2.9087E0	1.1434E6	
517	-7.2548E-1	1.4482E2	2.9018E0	1.1456E6	
518	-7.2540E-1	1.4493E2	2.8949E0	1.1479E6	
519	-7.2273E-1	1.4889E2	2.8880E0	1.1501E6	
520	-7.2639E-1	1.4346E2	2.8810E0	1.1523E6	
521	-7.2433E-1	1.4651E2	2.8741E0	1.1545E6	
522	-7.2502E-1	1.4550E2	2.8671E0	1.1567E6	
523	-7.2525E-1	1.4516E2	2.8603E0	1.1590E6	
524	-7.2411E-1	1.4685E2	2.8533E0	1.1612E6	
525	-7.2273E-1	1.4889E2	2.8463E0	1.1634E6	
526	-7.2357E-1	1.4765E2	2.8393E0	1.1656E6	
527	-7.2227E-1	1.4957E2	2.8324E0	1.1678E6	
528	-7.2350E-1	1.4776E2	2.8254E0	1.1701E6	
529	-7.2136E-1	1.5093E2	2.8184E0	1.1723E6	
530	-7.2220E-1	1.4968E2	2.8116E0	1.1745E6	
531	-7.2243E-1	1.4934E2	2.8044E0	1.1767E6	
532	-7.1983E-1	1.5319E2	2.7975E0	1.1789E6	
533	-7.2266E-1	1.4901E2	2.7906E0	1.1812E6	
534	-7.2144E-1	1.5082E2	2.7836E0	1.1834E6	
535	-7.2052E-1	1.5218E2	2.7766E0	1.1856E6	
536	-7.1976E-1	1.5331E2	2.7697E0	1.1878E6	
537	-7.2098E-1	1.5150E2	2.7628E0	1.1900E6	
538	-7.1991E-1	1.5308E2	2.7557E0	1.1923E6	
539	-7.1884E-1	1.5467E2	2.7487E0	1.1945E6	
540	-7.1793E-1	1.5603E2	2.7417E0	1.1967E6	
541	-7.1770E-1	1.5636E2	2.7348E0	1.1989E6	
542	-7.1800E-1	1.5591E2	2.7278E0	1.2011E6	
543	-7.1854E-1	1.5512E2	2.7208E0	1.2034E6	
544	-7.1869E-1	1.5489E2	2.7138E0	1.2056E6	
545	-7.1983E-1	1.5319E2	2.7068E0	1.2078E6	
546	-7.1777E-1	1.5625E2	2.6998E0	1.2100E6	
547	-7.1693E-1	1.5750E2	2.6928E0	1.2122E6	
548	-7.1701E-1	1.5738E2	2.6858E0	1.2145E6	
549	-7.1800E-1	1.5591E2	2.6788E0	1.2167E6	
550	-7.1594E-1	1.5897E2	2.6718E0	1.2189E6	
551	-7.1648E-1	1.5818E2	2.6647E0	1.2211E6	
552	-7.1953E-1	1.5365E2	2.6578E0	1.2233E6	
553	-7.1678E-1	1.5772E2	2.6507E0	1.2256E6	
554	-7.1625E-1	1.5852E2	2.6438E0	1.2278E6	
555	-7.1564E-1	1.5942E2	2.6367E0	1.2300E6	
556	-7.1404E-1	1.6180E2	2.6297E0	1.2322E6	
557	-7.1693E-1	1.5750E2	2.6227E0	1.2344E6	
558	-7.1701E-1	1.5738E2	2.6156E0	1.2367E6	
559	-7.1632E-1	1.5840E2	2.6087E0	1.2389E6	
560	-7.1312E-1	1.6316E2	2.6017E0	1.2411E6	
561	-7.1640E-1	1.5829E2	2.5946E0	1.2433E6	
562	-7.1480E-1	1.6067E2	2.5875E0	1.2455E6	
563	-7.1495E-1	1.6044E2	2.5806E0	1.2478E6	
564	-7.1648E-1	1.5818E2	2.5735E0	1.2500E6	
565	-7.1426E-1	1.6146E2	2.5664E0	1.2522E6	
566	-7.1640E-1	1.5829E2	2.5594E0	1.2544E6	
567	-7.1442E-1	1.6123E2	2.5523E0	1.2566E6	
568	-7.1335E-1	1.6282E2	2.5454E0	1.2589E6	
569	-7.1503E-1	1.6033E2	2.5383E0	1.2611E6	
570	-7.1404E-1	1.6180E2	2.5313E0	1.2633E6	
571	-7.1266E-1	1.6384E2	2.5241E0	1.2655E6	
572	-7.1411E-1	1.6169E2	2.5171E0	1.2677E6	
573	-7.1648E-1	1.5818E2	2.5100E0	1.2700E6	
574	-7.1159E-1	1.6542E2	2.5031E0	1.2722E6	
575	-7.1152E-1	1.6554E2	2.4959E0	1.2744E6	
576	-7.1167E-1	1.6531E2	2.4889E0	1.2766E6	
577	-7.1342E-1	1.6271E2	2.4818E0	1.2788E6	
578	-7.1068E-1	1.6678E2	2.4747E0	1.2811E6	
579	-7.1297E-1	1.6338E2	2.4677E0	1.2833E6	
580	-7.0999E-1	1.6780E2	2.4605E0	1.2855E6	
581	-7.1007E-1	1.6769E2	2.4534E0	1.2877E6	
582	-7.0953E-1	1.6848E2	2.4465E0	1.2899E6	
583	-7.0831E-1	1.7029E2	2.4393E0	1.2922E6	
584	-7.0961E-1	1.6837E2	2.4324E0	1.2944E6	
585	-7.1007E-1	1.6769E2	2.4253E0	1.2966E6	
586	-7.0976E-1	1.6814E2	2.4182E0	1.2988E6	
587	-7.0831E-1	1.7029E2	2.4111E0	1.3010E6	
588	-7.0778E-1	1.7108E2	2.4040E0	1.3033E6	
589	-7.0908E-1	1.6916E2	2.3969E0	1.3055E6	
590	-7.0816E-1	1.7052E2	2.3897E0	1.3077E6	
591	-7.0564E-1	1.7425E2	2.3827E0	1.3099E6	
592	-7.0618E-1	1.7346E2	2.3756E0	1.3121E6	
593	-7.0518E-1	1.7493E2	2.3684E0	1.3144E6	
594	-7.0686E-1	1.7244E2	2.3615E0	1.3166E6	
595	-7.0770E-1	1.7120E2	2.3543E0	1.3188E6	
596	-7.0549E-1	1.7448E2	2.3473E0	1.3210E6	
597	-7.0633E-1	1.7324E2	2.3401E0	1.3232E6	
598	-7.0702E-1	1.7222E2	2.3330E0	1.3255E6	
599	-7.0656E-1	1.7290E2	2.3260E0	1.3277E6	
600	-7.0641E-1	1.7312E2	2.3188E0	1.3299E6	
601	-7.0389E-1	1.7686E2	2.3116E0	1.3321E6	
602	-7.0435E-1	1.7618E2	2.3045E0	1.3343E6	
603	-7.0663E-1	1.7278E2	2.2975E0	1.3366E6	
604	-7.0503E-1	1.7516E2	2.2905E0	1.3388E6	
605	-7.0549E-1	1.7448E2	2.2831E0	1.3410E6	
606	-7.0549E-1	1.7448E2	2.2761E0	1.3432E6	
607	-7.0274E-1	1.7856E2	2.2689E0	1.3454E6	
608	-7.0236E-1	1.7912E2	2.2618E0	1.3477E6	
609	-7.0312E-1	1.7799E2	2.2547E0	1.3499E6	
610	-7.0259E-1	1.7878E2	2.2475E0	1.3521E6	
611	-7.0320E-1	1.7788E2	2.2404E0	1.3543E6	
612	-7.0366E-1	1.7720E2	2.2333E0	1.3565E6	
613	-7.0320E-1	1.7788E2	2.2262E0	1.3588E6	
614	-7.0343E-1	1.7754E2	2.2190E0	1.3610E6	
615	-7.0351E-1	1.7742E2	2.2119E0	1.3632E6	
616	-7.0213E-1	1.7946E2	2.2049E0	1.3654E6	
617	-7.0030E-1	1.8218E2	2.1976E0	1.3676E6	
618	-7.0290E-1	1.7833E2	2.1905E0	1.3699E6	
619	-7.0244E-1	1.7901E2	2.1834E0	1.3721E6	
620	-7.0213E-1	1.7946E2	2.1763E0	1.3743E6	
621	-7.0045E-1	1.8195E2	2.1691E0	1.3765E6	
622	-7.0137E-1	1.8060E2	2.1620E0	1.3787E6	
623	-7.0206E-1	1.7958E2	2.1548E0	1.3810E6	
624	-7.0107E-1	1.8105E2	2.1476E0	1.3832E6	
625	-7.0114E-1	1.8093E2	2.1405E0	1.3854E6	
626	-6.9862E-1	1.8467E2	2.1334E0	1.3876E6	
627	-6.9893E-1	1.8422E2	2.1262E0	1.3898E6	
628	-7.0267E-1	1.7867E2	2.1192E0	1.3921E6	
629	-7.0190E-1	1.7980E2	2.1119E0	1.3943E6	
630	-6.9717E-1	1.8682E2	2.1047E0	1.3965E6	
631	-6.9992E-1	1.8275E2	2.0976E0	1.3987E6	
632	-6.9954E-1	1.8331E2	2.0904E0	1.4009E6	
633	-6.9901E-1	1.8411E2	2.0832E0	1.4032E6	
634	-6.9870E-1	1.8456E2	2.0761E0	1.4054E6	
635	-6.9794E-1	1.8569E2	2.0689E0	1.4076E6	
636	-6.9786E-1	1.8580E2	2.0618E0	1.4098E6	
637	-6.9649E-1	1.8784E2	2.0546E0	1.4120E6	
638	-6.9649E-1	1.8784E2	2.0474E0	1.4143E6	
639	-6.9855E-1	1.8478E2	2.0403E0	1.4165E6	
640	-6.9611E-1	1.8841E2	2.0330E0	1.4187E6	
641	-6.9588E-1	1.8875E2	2.0260E0	1.4209E6	
642	-6.9557E-1	1.8920E2	2.0187E0	1.4231E6	
643	-6.9633E-1	1.8807E2	2.0115E0	1.4254E6	
644	-6.9458E-1	1.9067E2	2.0044E0	1.4276E6	
645	-6.9374E-1	1.9192E2	1.9971E0	1.4298E6	
646	-6.9695E-1	1.8716E2	1.9899E0	1.4320E6	
647	-6.9389E-1	1.9169E2	1.9827E0	1.4342E6	
648	-6.9450E-1	1.9079E2	1.9756E0	1.4365E6	
649	-6.9481E-1	1.9033E2	1.9684E0	1.4387E6	
650	-6.9366E-1	1.9203E2	1.9612E0	1.4409E6	
651	-6.9160E-1	1.9509E2	1.9540E0	1.4431E6	
652	-6.9374E-1	1.9192E2	1.9470E0	1.4453E6	
653	-6.9046E-1	1.9679E2	1.9397E0	1.4476E6	
654	-6.9283E-1	1.9328E2	1.9323E0	1.4498E6	
655	-6.9473E-1	1.9045E2	1.9251E0	1.4520E6	
656	-6.9183E-1	1.9475E2	1.9180E0	1.4542E6	
657	-6.9450E-1	1.9079E2	1.9107E0	1.4564E6	
658	-6.9221E-1	1.9418E2	1.9037E0	1.4587E6	
659	-6.9092E-1	1.9611E2	1.8963E0	1.4609E6	
660	-6.9000E-1	1.9747E2	1.8891E0	1.4631E6	
661	-6.9138E-1	1.9543E2	1.8820E0	1.4653E6	
662	-6.9069E-1	1.9645E2	1.8747E0	1.4675E6	
663	-6.9099E-1	1.9599E2	1.8676E0	1.4698E6	
664	-6.8863E-1	1.9950E2	1.8603E0	1.4720E6	
665	-6.8962E-1	1.9803E2	1.8532E0	1.4742E6	
666	-6.8901E-1	1.9894E2	1.8458E0	1.4764E6	
667	-6.8954E-1	1.9815E2	1.8387E0	1.4786E6	
668	-6.8794E-1	2.0052E2	1.8315E0	1.4809E6	
669	-6.8924E-1	1.9860E2	1.8243E0	1.4831E6	
670	-6.8657E-1	2.0256E2	1.8171E0	1.4853E6	
671	-6.8871E-1	1.9939E2	1.8099E0	1.4875E6	
672	-6.8977E-1	1.9781E2	1.8027E0	1.4897E6	
673	-6.8794E-1	2.0052E2	1.7954E0	1.4920E6	
674	-6.8748E-1	2.0120E2	1.7882E0	1.4942E6	
675	-6.8756E-1	2.0109E2	1.7810E0	1.4964E6	
676	-6.8710E-1	2.0177E2	1.7737E0	1.4986E6	
677	-6.8817E-1	2.0018E2	1.7666E0	1.5008E6	
678	-6.8596E-1	2.0347E2	1.7592E0	1.5031E6	
679	-6.8680E-1	2.0222E2	1.7521E0	1.5053E6	
680	-6.8672E-1	2.0233E2	1.7448E0	1.5075E6	
681	-6.8832E-1	1.9996E2	1.7376E0	1.5097E6	
682	-6.8802E-1	2.0041E2	1.7303E0	1.5119E6	
683	-6.8680E-1	2.0222E2	1.7232E0	1.5142E6	
684	-6.8672E-1	2.0233E2	1.7159E0	1.5164E6	
685	-6.8787E-1	2.0064E2	1.7086E0	1.5186E6	
686	-6.8588E-1	2.0358E2	1.7015E0	1.5208E6	
687	-6.8611E-1	2.0324E2	1.6941E0	1.5230E6	
688	-6.8527E-1	2.0449E2	1.6868E0	1.5253E6	
689	-6.8588E-1	2.0358E2	1.6797E0	1.5275E6	
690	-6.8604E-1	2.0335E2	1.6724E0	1.5297E6	
691	-6.8329E-1	2.0743E2	1.6651E0	1.5319E6	
692	-6.8146E-1	2.1015E2	1.6579E0	1.5341E6	
693	-6.8130E-1	2.1037E2	1.6507E0	1.5364E6	
694	-6.8375E-1	2.0675E2	1.6435E0	1.5386E6	
695	-6.8390E-1	2.0652E2	1.6362E0	1.5408E6	
696	-6.8398E-1	2.0641E2	1.6290E0	1.5430E6	
697	-6.8481E-1	2.0517E2	1.6217E0	1.5452E6	
698	-6.8230E-1	2.0890E2	1.6144E0	1.5475E6	
699	-6.8153E-1	2.1003E2	1.6073E0	1.5497E6	
700	-6.8405E-1	2.0630E2	1.5999E0	1.5519E6	
701	-6.8222E-1	2.0901E2	1.5927E0	1.5541E6	
702	-6.8306E-1	2.0777E2	1.5854E0	1.5563E6	
703	-6.8153E-1	2.1003E2	1.5781E0	1.5586E6	
704	-6.8283E-1	2.0811E2	1.5709E0	1.5608E6	
705	-6.8069E-1	2.1128E2	1.5637E0	1.5630E6	
706	-6.8237E-1	2.0879E2	1.5563E0	1.5652E6	
707	-6.8069E-1	2.1128E2	1.5491E0	1.5674E6	
708	-6.8123E-1	2.1049E2	1.5419E0	1.5697E6	
709	-6.8047E-1	2.1162E2	1.5346E0	1.5719E6	
710	-6.7879E-1	2.1411E2	1.5274E0	1.5741E6	
711	-6.8192E-1	2.0947E2	1.5201E0	1.5763E6	
712	-6.7993E-1	2.1241E2	1.5127E0	1.5785E6	
713	-6.7917E-1	2.1354E2	1.5055E0	1.5808E6	
714	-6.7986E-1	2.1252E2	1.4982E0	1.5830E6	
715	-6.7734E-1	2.1626E2	1.4911E0	1.5852E6	
716	-6.8115E-1	2.1060E2	1.4837E0	1.5874E6	
717	-6.7795E-1	2.1536E2	1.4765E0	1.5896E6	
718	-6.7551E-1	2.1898E2	1.4692E0	1.5919E6	
719	-6.7741E-1	2.1615E2	1.4619E0	1.5941E6	
720	-6.7673E-1	2.1717E2	1.4547E0	1.5963E6	
721	-6.7635E-1	2.1773E2	1.4473E0	1.5985E6	
722	-6.7741E-1	2.1615E2	1.4400E0	1.6007E6	
723	-6.7810E-1	2.1513E2	1.4328E0	1.6030E6	
724	-6.7673E-1	2.1717E2	1.4255E0	1.6052E6	
725	-6.7558E-1	2.1887E2	1.4182E0	1.6074E6	
726	-6.7635E-1	2.1773E2	1.4110E0	1.6096E6	
727	-6.7513E-1	2.1954E2	1.4036E0	1.6118E6	
728	-6.7406E-1	2.2113E2	1.3964E0	1.6141E6	
729	-6.7497E-1	2.1977E2	1.3891E0	1.6163E6	
730	-6.7490E-1	2.1988E2	1.3819E0	1.6185E6	
731	-6.7619E-1	2.1796E2	1.3746E0	1.6207E6	
732	-6.7329E-1	2.2226E2	1.3672E0	1.6229E6	
733	-6.7383E-1	2.2147E2	1.3600E0	1.6252E6	
734	-6.7245E-1	2.2351E2	1.3526E0	1.6274E6	
735	-6.7505E-1	2.1966E2	1.3454E0	1.6296E6	
736	-6.7482E-1	2.2000E2	1.3382E0	1.6318E6	
737	-6.7505E-1	2.1966E2	1.3308E0	1.6340E6	
738	-6.7299E-1	2.2272E2	1.3236E0	1.6363E6	
739	-6.7383E-1	2.2147E2	1.3162E0	1.6385E6	
740	-6.7276E-1	2.2305E2	1.3090E0	1.6407E6	
741	-6.7612E-1	2.1807E2	1.3017E0	1.6429E6	
742	-6.7253E-1	2.2339E2	1.2943E0	1.6451E6	
743	-6.7139E-1	2.2509E2	1.2871E0	1.6474E6	
744	-6.6956E-1	2.2781E2	1.2798E0	1.6496E6	
745	-6.7047E-1	2.2645E2	1.2725E0	1.6518E6	
746	-6.7444E-1	2.2056E2	1.2653E0	1.6540E6	
747	-6.7207E-1	2.2407E2	1.2579E0	1.6562E6	
748	-6.6986E-1	2.2736E2	1.2507E0	1.6585E6	
749	-6.7123E-1	2.2532E2	1.2433E0	1.6607E6	
750	-6.7467E-1	2.2022E2	1.2360E0	1.6629E6	
751	-6.6986E-1	2.2736E2	1.2287E0	1.6651E6	
752	-6.7154E-1	2.2487E2	1.2214E0	1.6673E6	
753	-6.7055E-1	2.2634E2	1.2142E0	1.6696E6	
754	-7.2517E-1	1.4527E2	1.2069E0	1.6718E6	
755	-7.1983E-1	1.5319E2	1.1997E0	1.6740E6	
756	-7.1228E-1	1.6440E2	1.1923E0	1.6762E6	
757	-7.0526E-1	1.7482E2	1.1850E0	1.6784E6	
758	-6.9786E-1	1.8580E2	1.1776E0	1.6807E6	
759	-6.8932E-1	1.9848E2	1.1705E0	1.6829E6	
760	-6.8558E-1	2.0403E2	1.1631E0	1.6851E6	
761	-6.7505E-1	2.1966E2	1.1558E0	1.6873E6	
762	-6.6910E-1	2.2849E2	1.1484E0	1.6895E6	
763	-6.6467E-1	2.3506E2	1.1413E0	1.6918E6	
764	-6.5811E-1	2.4479E2	1.1339E0	1.6940E6	
765	-6.4880E-1	2.5861E2	1.1266E0	1.6962E6	
766	-6.4316E-1	2.6699E2	1.1192E0	1.6984E6	
767	-6.3637E-1	2.7706E2	1.1121E0	1.7006E6	
768	-6.2561E-1	2.9303E2	1.1048E0	1.7029E6	
769	-6.2019E-1	3.0107E2	1.0974E0	1.7051E6	
770	-6.1447E-1	3.0956E2	1.0901E0	1.7073E6	
771	-6.0646E-1	3.2145E2	1.0829E0	1.7095E6	
772	-5.9921E-1	3.3220E2	1.0756E0	1.7117E6	
773	-5.9792E-1	3.3413E2	1.0683E0	1.7140E6	
774	-5.9494E-1	3.3855E2	1.0610E0	1.7162E6	
775	-5.9044E-1	3.4523E2	1.0536E0	1.7184E6	
776	-5.8701E-1	3.5032E2	1.0463E0	1.7206E6	
777	-5.7434E-1	3.6912E2	1.0390E0	1.7228E6	
778	-5.6839E-1	3.7795E2	1.0317E0	1.7251E6	
779	-5.6229E-1	3.8701E2	1.0244E0	1.7273E6	
780	-5.5374E-1	3.9969E2	1.0171E0	1.7295E6	
781	-5.4626E-1	4.1078E2	1.0100E0	1.7317E6	
782	-5.4352E-1	4.1486E2	1.0026E0	1.7339E6	
783	-5.3215E-1	4.3173E2	9.9538E-1	1.7362E6	
784	-5.2719E-1	4.3909E2	9.8802E-1	1.7384E6	
785	-5.2238E-1	4.4622E2	9.8071E-1	1.7406E6	
786	-5.1796E-1	4.5279E2	9.7344E-1	1.7428E6	
787	-5.0629E-1	4.7011E2	9.6618E-1	1.7450E6	
788	-5.0217E-1	4.7623E2	9.5886E-1	1.7473E6	
789	-4.9469E-1	4.8732E2	9.5146E-1	1.7495E6	
790	-4.8637E-1	4.9967E2	9.4423E-1	1.7517E6	
791	-4.7562E-1	5.1563E2	9.3699E-1	1.7539E6	
792	-4.7028E-1	5.2356E2	9.2959E-1	1.7561E6	
793	-4.5563E-1	5.4530E2	9.2241E-1	1.7584E6	
794	-4.4563E-1	5.6013E2	9.1498E-1	1.7606E6	
795	-4.3686E-1	5.7315E2	9.0780E-1	1.7628E6	
796	-4.2435E-1	5.9172E2	9.0051E-1	1.7650E6	
797	-4.1466E-1	6.0610E2	8.9313E-1	1.7672E6	
798	-4.0199E-1	6.2489E2	8.8599E-1	1.7695E6	
799	-3.9062E-1	6.4176E2	8.7872E-1	1.7717E6	
800	-3.7651E-1	6.6271E2	8.7129E-1	1.7739E6	
801	-3.6179E-1	6.8456E2	8.6409E-1	1.7761E6	
802	-3.4325E-1	7.1208E2	8.5671E-1	1.7783E6	
803	-3.2692E-1	7.3631E2	8.4946E-1	1.7806E6	
804	-3.2379E-1	7.4095E2	8.4722E-1	1.7813E6	
805	-3.2173E-1	7.4401E2	8.4698E-1	1.7813E6	
806	-3.2173E-1	7.4401E2	8.4698E-1	1.7813E6	
807	-3.2173E-1	7.4401E2	8.4698E-1	1.7813E6	
808	-3.2173E-1	7.4401E2	8.4698E-1	1.7813E6	
809	-3.2173E-1	7.4401E2	8.4698E-1	1.7813E6	
810	-3.2173E-1	7.4401E2	8.4698E-1	1.7813E6	
811	-3.2173E-1	7.4401E2	8.4698E-1	1.7813E6	
812	-3.2173E-1	7.4401E2	8.4698E-1	1.7813E6	
813	-3.2173E-1	7.4401E2	8.4698E-1	1.7813E6	
814	-3.2173E-1	7.4401E2	8.4698E-1	1.7813E6	
815	-3.2173E-1	7.4401E2	8.4698E-1	1.7813E6	
816	-3.2173E-1	7.4401E2	8.4698E-1	1.7813E6	
817	-3.2173E-1	7.4401E2	8.4698E-1	1.7813E6	
818	-3.2173E-1	7.4401E2	8.4698E-1	1.7813E6	
819	-3.2173E-1	7.4401E2	8.4698E-1	1.7813E6	
820	-3.2173E-1	7.4401E2	8.4698E-1	1.7813E6	
821	-3.2173E-1	7.4401E2	8.4698E-1	1.7813E6	
822	-3.2173E-1	7.4401E2	8.4698E-1	1.7813E6	
823	-3.2173E-1	7.4401E2	8.4698E-1	1.7813E6	
824	-3.2173E-1	7.4401E2	8.4698E-1	1.7813E6	
825	-3.2173E-1	7.4401E2	8.4698E-1	1.7813E6	
826	-3.2173E-1	7.4401E2	8.4698E-1	1.7813E6	
827	-3.2173E-1	7.4401E2	8.4698E-1	1.7813E6	
828	-3.2173E-1	7.4401E2	8.4698E-1	1.7813E6	
829	-3.2173E-1	7.4401E2	8.4698E-1	1.7813E6	
830	-3.2173E-1	7.4401E2	8.4698E-1	1.7813E6	
831	-3.2173E-1	7.4401E2	8.4698E-1	1.7813E6	
832	-3.2173E-1	7.4401E2	8.4698E-1	1.7813E6	
833	-3.2173E-1	7.4401E2	8.4698E-1	1.7813E6	
834	-3.2173E-1	7.4401E2	8.4698E-1	1.7813E6	
835	-3.2173E-1	7.4401E2	8.4698E-1	1.7813E6	
836	-3.2173E-1	7.4401E2	8.4698E-1	1.7813E6	
837	-3.2173E-1	7.4401E2	8.4698E-1	1.7813E6	
838	-3.2173E-1	7.4401E2	8.4698E-1	1.7813E6	
839	-3.2173E-1	7.4401E2	8.4698E-1	1.7813E6	
840	-3.2173E-1	7.4401E2	8.4698E-1	1.7813E6	
841	-3.2173E-1	7.4401E2	8.4698E-1	1.7813E6	
842	-3.2173E-1	7.4401E2	8.4698E-1	1.7813E6	
843	-3.2173E-1	7.4401E2	8.4698E-1	1.7813E6	
844	-3.2173E-1	7.4401E2	8.4698E-1	1.7813E6	
845	-3.2173E-1	7.4401E2	8.4698E-1	1.7813E6	
846	-3.2173E-1	7.4401E2	8.4698E-1	1.7813E6	
847	-3.2173E-1	7.4401E2	8.4698E-1	1.7813E6	
848	-3.2173E-1	7.4401E2	8.4698E-1	1.7813E6	
849	-3.2173E-1	7.4401E2	8.4698E-1	1.7813E6	
850	-3.2173E-1	7.4401E2	8.4698E-1	1.7813E6	
851	-3.2173E-1	7.4401E2	8.4698E-1	1.7813E6	
852	-3.2173E-1	7.4401E2	8.4698E-1	1.7813E6	
853	-3.2173E-1	7.4401E2	8.4698E-1	1.7813E6	
854	-3.2173E-1	7.4401E2	8.4698E-1	1.7813E6	
855	-3.2173E-1	7.4401E2	8.4698E-1	1.7813E6	
856	-3.2173E-1	7.4401E2	8.4698E-1	1.7813E6	
857	-3.2173E-1	7.4401E2	8.4698E-1	1.7813E6	
858	-3.2173E-1	7.4401E2	8.4698E-1	1.7813E6	
859	-3.2173E-1	7.4401E2	8.4698E-1	1.7813E6	
860	-3.2173E-1	7.4401E2	8.4698E-1	1.7813E6	
861	-3.2173E-1	7.4401E2	8.4698E-1	1.7813E6	
862	-3.2173E-1	7.4401E2	8.4698E-1	1.7813E6	
863	-3.2173E-1	7.4401E2	8.4698E-1	1.7813E6	
864	-3.2173E-1	7.4401E2	8.4698E-1	1.7813E6	
865	-3.2173E-1	7.4401E2	8.4698E-1	1.7813E6	
866	-3.2173E-1	7.4401E2	8.4698E-1	1.7813E6	
867	-3.2173E-1	7.4401E2	8.4698E-1	1.7813E6	
868	-3.2173E-1	7.4401E2	8.4698E-1	1.7813E6	
869	-3.2173E-1	7.4401E2	8.4698E-1	1.7813E6	
870	-3.2173E-1	7.4401E2	8.4698E-1	1.7813E6	
871	-3.2173E-1	7.4401E2	8.4698E-1	1.7813E6	
872	-3.2173E-1	7.4401E2	8.4698E-1	1.7813E6	
873	-3.2173E-1	7.4401E2	8.4698E-1	1.7813E6	
874	-3.2173E-1	7.4401E2	8.4698E-1	1.7813E6	
875	-3.2173E-1	7.4401E2	8.4698E-1	1.7813E6	
876	-3.2173E-1	7.4401E2	8.4698E-1	1.7813E6	
877	-3.2173E-1	7.4401E2	8.4698E-1	1.7813E6	
878	-3.2173E-1	7.4401E2	8.4698E-1	1.7813E6	
879	-3.2173E-1	7.4401E2	8.4698E-1	1.7813E6	
880	-3.2173E-1	7.4401E2	8.4698E-1	1.7813E6	
881	-3.2173E-1	7.4401E2	8.4698E-1	1.7813E6	
882	-3.2173E-1	7.4401E2	8.4698E-1	1.7813E6	
883	-3.2173E-1	7.4401E2	8.4698E-1	1.7813E6	
884	-3.2173E-1	7.4401E2	8.4698E-1	1.7813E6	
885	-3.2173E-1	7.4401E2	8.4698E-1	1.7813E6	
886	-3.2173E-1	7.4401E2	8.4698E-1	1.7813E6	
887	-3.2173E-1	7.4401E2	8.4698E-1	1.7813E6	
888	-3.2173E-1	7.4401E2	8.4698E-1	1.7813E6	
889	-3.2173E-1	7.4401E2	8.4698E-1	1.7813E6	
890	-3.2173E-1	7.4401E2	8.4698E-1	1.7813E6	
891	-3.2173E-1	7.4401E2	8.4698E-1	1.7813E6	
892	-3.2173E-1	7.4401E2	8.4698E-1	1.7813E6	
893	-3.2173E-1	7.4401E2	8.4698E-1	1.7813E6	
894	-3.2173E-1	7.4401E2	8.4698E-1	1.7813E6	
895	-3.2173E-1	7.4401E2	8.4698E-1	1.7813E6	
896	-3.2173E-1	7.4401E2	8.4698E-1	1.7813E6	
897	-3.2173E-1	7.4401E2	8.4698E-1	1.7813E6	
898	-3.2173E-1	7.4401E2	8.4698E-1	1.7813E6	
899	-3.2173E-1	7.4401E2	8.4698E-1	1.7813E6	
900	-3.2173E-1	7.4401E2	8.4698E-1	1.7813E6	
901	-3.2173E-1	7.4401E2	8.4698E-1	1.7813E6	
902	-3.2173E-1	7.4401E2	8.4698E-1	1.7813E6	
903	-3.2173E-1	7.4401E2	8.4698E-1	1.7813E6	
904	-3.2173E-1	7.4401E2	8.4698E-1	1.7813E6	
905	-3.2173E-1	7.4401E2	8.4698E-1	1.7813E6	
906	-3.2173E-1	7.4401E2	8.4698E-1	1.7813E6	
907	-3.2173E-1	7.4401E2	8.4698E-1	1.7813E6	
908	-3.2173E-1	7.4401E2	8.4698E-1	1.7813E6	
909	-3.2173E-1	7.4401E2	8.4698E-1	1.7813E6	
910	-3.2173E-1	7.4401E2	8.4698E-1	1.7813E6	
911	-3.2173E-1	7.4401E2	8.4698E-1	1.7813E6	
912	-3.2173E-1	7.4401E2	8.4698E-1	1.7813E6	
913	-3.2173E-1	7.4401E2	8.4698E-1	1.7813E6	
914	-3.2173E-1	7.4401E2	8.4698E-1	1.7813E6	
915	-3.2173E-1	7.4401E2	8.4698E-1	1.7813E6	
916	-3.2173E-1	7.4401E2	8.4698E-1	1.7813E6	
917	-3.2173E-1	7.4401E2	8.4698E-1	1.7813E6	
918	-3.2173E-1	7.4401E2	8.4698E-1	1.7813E6	
919	-3.2173E-1	7.4401E2	8.4698E-1	1.7813E6	
920	-3.2173E-1	7.4401E2	8.4698E-1	1.7813E6	
921	-3.2173E-1	7.4401E2	8.4698E-1	1.7813E6	
922	-3.2173E-1	7.4401E2	8.4698E-1	1.7813E6	
923	-3.2173E-1	7.4401E2	8.4698E-1	1.7813E6	
924	-3.2173E-1	7.4401E2	8.4698E-1	1.7813E6	
925	-3.2173E-1	7.4401E2	8.4698E-1	1.7813E6	
926	-3.2173E-1	7.4401E2	8.4698E-1	1.7813E6	
927	-3.2173E-1	7.4401E2	8.4698E-1	1.7813E6	
928	-3.2173E-1	7.4401E2	8.4698E-1	1.7813E6	
929	-3.2173E-1	7.4401E2	8.4698E-1	1.7813E6	
930	-3.2173E-1	7.4401E2	8.4698E-1	1.7813E6	
931	-3.2173E-1	7.4401E2	8.4698E-1	1.7813E6	
932	-3.2173E-1	7.4401E2	8.4698E-1	1.7813E6	
933	-3.2173E-1	7.4401E2	8.4698E-1	1.7813E6	
934	-3.2173E-1	7.4401E2	8.4698E-1	1.7813E6	
935	-3.2173E-1	7.4401E2	8.4698E-1	1.7813E6	
936	-3.2173E-1	7.4401E2	8.4698E-1	1.7813E6	
937	-3.2173E-1	7.4401E2	8.4698E-1	1.7813E6	
938	-3.2173E-1	7.4401E2	8.4698E-1	1.7813E6	
939	-3.2173E-1	7.4401E2	8.4698E-1	1.7813E6	
940	-3.2173E-1	7.4401E2	8.4698E-1	1.7813E6	
941	-3.2173E-1	7.4401E2	8.4698E-1	1.7813E6	
942	-3.2173E-1	7.4401E2	8.4698E-1	1.7813E6	
943	-3.2173E-1	7.4401E2	8.4698E-1	1.7813E6	
944	-3.2173E-1	7.4401E2	8.4698E-1	1.7813E6	
945	-3.2173E-1	7.4401E2	8.4698E-1	1.7813E6	
946	-3.2173E-1	7.4401E2	8.4698E-1	1.7813E6	
947	-3.2173E-1	7.4401E2	8.4698E-1	1.7813E6	
948	-3.2173E-1	7.4401E2	8.4698E-1	1.7813E6	
949	-3.2173E-1	7.4401E2	8.4698E-1	1.7813E6	
950	-3.2173E-1	7.4401E2	8.4698E-1	1.7813E6	
951	-3.2173E-1	7.4401E2	8.4698E-1	1.7813E6	
952	-3.2173E-1	7.4401E2	8.4698E-1	1.7813E6	
953	-3.2173E-1	7.4401E2	8.4698E-1	1.7813E6	
954	-3.2173E-1	7.4401E2	8.4698E-1	1.7813E6	
955	-3.2173E-1	7.4401E2	8.4698E-1	1.7813E6	
956	-3.2173E-1	7.4401E2	8.4698E-1	1.7813E6	
957	-3.2173E-1	7.4401E2	8.4698E-1	1.7813E6	
958	-3.2173E-1	7.4401E2	8.4698E-1	1.7813E6	
959	-3.2173E-1	7.4401E2	8.4698E-1	1.7813E6	
960	-3.2173E-1	7.4401E2	8.4698E-1	1.7813E6	
961	-3.2173E-1	7.4401E2	8.4698E-1	1.7813E6	
962	-3.2173E-1	7.4401E2	8.4698E-1	1.7813E6	
963	-3.2173E-1	7.4401E2	8.4698E-1	1.7813E6	
964	-3.2173E-1	7.4401E2	8.4698E-1	1.7813E6	
965	-3.2173E-1	7.4401E2	8.4698E-1	1.7813E6	
966	-3.2173E-1	7.4401E2	8.4698E-1	1.7813E6	
967	-3.2173E-1	7.4401E2	8.4698E-1	1.7813E6	
968	-3.2173E-1	7.4401E2	8.4698E-1	1.7813E6	
969	-3.2173E-1	7.4401E2	8.4698E-1	1.7813E6	
970	-3.2173E-1	7.4401E2	8.4698E-1	1.7813E6	
971	-3.2173E-1	7.4401E2	8.4698E-1	1.7813E6	
972	-3.2173E-1	7.4401E2	8.4698E-1	1.7813E6	
973	-3.2173E-1	7.4401E2	8.4698E-1	1.7813E6	
974	-3.2173E-1	7.4401E2	8.4698E-1	1.7813E6	
975	-3.2173E-1	7.4401E2	8.4698E-1	1.7813E6	
976	-3.2173E-1	7.4401E2	8.4698E-1	1.7813E6	
977	-3.2173E-1	7.4401E2	8.4698E-1	1.7813E6	
978	-3.2173E-1	7.4401E2	8.4698E-1	1.7813E6	
979	-3.2173E-1	7.4401E2	8.4698E-1	1.7813E6	
980	-3.2173E-1	7.4401E2	8.4698E-1	1.7813E6	
981	-3.2173E-1	7.4401E2	8.4698E-1	1.7813E6	
982	-3.2173E-1	7.4401E2	8.4698E-1	1.7813E6	
983	-3.2173E-1	7.4401E2	8.4698E-1	1.7813E6	
984	-3.2173E-1	7.4401E2	8.4698E-1	1.7813E6	
985	-3.2173E-1	7.4401E2	8.4698E-1	1.7813E6	
986	-3.2173E-1	7.4401E2	8.4698E-1	1.7813E6	
987	-3.2173E-1	7.4401E2	8.4698E-1	1.7813E6	
988	-3.2173E-1	7.4401E2	8.4698E-1	1.7813E6	
989	-3.2173E-1	7.4401E2	8.4698E-1	1.7813E6	
990	-3.2173E-1	7.4401E2	8.4698E-1	1.7813E6	
991	-3.2173E-1	7.4401E2	8.4698E-1	1.7813E6	
992	-3.2173E-1	7.4401E2	8.4698E-1	1.7813E6	
993	-3.2173E-1	7.4401E2	8.4698E-1	1.7813E6	
994	-3.2173E-1	7.4401E2	8.4698E-1	1.7813E6	
995	-3.2173E-1	7.4401E2	8.4698E-1	1.7813E6	
996	-3.2173E-1	7.4401E2	8.4698E-1	1.7813E6	
997	-3.2173E-1	7.4401E2	8.4698E-1	1.7813E6	
998	-3.2173E-1	7.4401E2	8.4698E-1	1.7813E6	
999	-3.2173E-1	7.4401E2	8.4698E-1	1.7813E6	
1000	-3.2173E-1	7.4401E2	8.4698E-1	1.7813E6	
1001	-3.2173E-1	7.4401E2	8.4698E-1	1.7813E6	
1002	-3.2173E-1	7.4401E2	8.4698E-1	1.7813E6	
1003	-3.2173E-1	7.4401E2	8.4698E-1	1.7813E6	
1004	-3.2173E-1	7.4401E2	8.4698E-1	1.7813E6	
1005	-3.2173E-1	7.4401E2	8.4698E-1	1.7813E6	
1006	-3.2173E-1	7.4401E2	8.4698E-1	1.7813E6	
1007	-3.2173E-1	7.4401E2	8.4698E-1	1.7813E6	
1008	-3.2173E-1	7.4401E2	8.4698E-1	1.7813E6	
1009	-3.2173E-1	7.4401E2	8.4698E-1	1.7813E6	
1010	-3.2173E-1	7.4401E2	8.4698E-1	1.7813E6	
1011	-3.2173E-1	7.4401E2	8.4698E-1	1.7813E6	
1012	-3.2173E-1	7.4401E2	8.4698E-1	1.7813E6	
1013	-3.2173E-1	7.4401E2	8.4698E-1	1.7813E6	
1014	-3.2173E-1	7.4401E2	8.4698E-1	1.7813E6	
1015	-3.2173E-1	7.4401E2	8.4698E-1	1.7813E6	
1016	-3.2173E-1	7.4401E2	8.4698E-1	1.7813E6	
1017	-3.2173E-1	7.4401E2	8.4698E-1	1.7813E6	
1018	-3.2173E-1	7.4401E2	8.4698E-1	1.7813E6	
1019	-3.2173E-1	7.4401E2	8.4698E-1	1.7813E6	
1020	-3.2173E-1	7.4401E2	8.4698E-1	1.7813E6	
1021	-3.2173E-1	7.4401E2	8.4698E-1	1.7813E6	
1022	-3.2173E-1	7.4401E2	8.4698E-1	1.7813E6	
1023	-3.2173E-1	7.4401E2	8.4698E-1	1.7813E6	
1024	-3.2173E-1	7.4401E2	8.4698E-1	1.7813E6	
1025	-3.2234E-1	7.4310E2	8.4694E-1	1.7813E6	
1026	-3.6934E-1	6.7335E2	8.4815E-1	1.7836E6	
1027	-3.9978E-1	6.2818E2	8.5081E-1	1.7858E6	
1028	-4.2107E-1	5.9659E2	8.5380E-1	1.7880E6	
1029	-4.4731E-1	5.5764E2	8.5710E-1	1.7902E6	
1030	-4.6349E-1	5.3363E2	8.6059E-1	1.7924E6	
1031	-4.8180E-1	5.0646E2	8.6422E-1	1.7947E6	
1032	-5.0201E-1	4.7645E2	8.6800E-1	1.7969E6	
1033	-5.1559E-1	4.5630E2	8.7190E-1	1.7991E6	
1034	-5.3322E-1	4.3014E2	8.7599E-1	1.8013E6	
1035	-5.4565E-1	4.1169E2	8.8000E-1	1.8035E6	
1036	-5.5794E-1	3.9346E2	8.8412E-1	1.8058E6	
1037	-5.7358E-1	3.7025E2	8.8820E-1	1.8080E6	
1038	-5.8113E-1	3.5904E2	8.9250E-1	1.8102E6	
1039	-5.9349E-1	3.4070E2	8.9673E-1	1.8124E6	
1040	-6.0867E-1	3.1816E2	9.0101E-1	1.8146E6	
1041	-6.1722E-1	3.0548E2	9.0541E-1	1.8169E6	
1042	-6.2996E-1	2.8657E2	9.0974E-1	1.8191E6	
1043	-6.3843E-1	2.7401E2	9.1412E-1	1.8213E6	
1044	-6.4857E-1	2.5895E2	9.1855E-1	1.8235E6	
1045	-6.5659E-1	2.4706E2	9.2304E-1	1.8257E6	
1046	-6.6811E-1	2.2996E2	9.2744E-1	1.8280E6	
1047	-6.7139E-1	2.2509E2	9.3189E-1	1.8302E6	
1048	-6.8031E-1	2.1185E2	9.3631E-1	1.8324E6	
1049	-6.8886E-1	1.9916E2	9.4087E-1	1.8346E6	
1050	-6.9679E-1	1.8739E2	9.4544E-1	1.8368E6	
1051	-7.0625E-1	1.7335E2	9.4999E-1	1.8391E6	
1052	-7.1022E-1	1.6746E2	9.5459E-1	1.8413E6	
1053	-7.1625E-1	1.5852E2	9.5915E-1	1.8435E6	
1054	-7.2449E-1	1.4629E2	9.6371E-1	1.8457E6	
1055	-7.3357E-1	1.3281E2	9.6834E-1	1.8479E6	
1056	-7.3593E-1	1.2930E2	9.7302E-1	1.8502E6	
1057	-7.4501E-1	1.1583E2	9.7761E-1	1.8524E6	
1058	-7.5516E-1	1.0077E2	9.8224E-1	1.8546E6	
1059	-7.5607E-1	9.9412E1	9.8691E-1	1.8568E6	
1060	-7.6103E-1	9.2053E1	9.9151E-1	1.8590E6	
1061	-7.6927E-1	7.9824E1	9.9626E-1	1.8613E6	
1062	-7.7339E-1	7.3710E1	1.0009E0	1.8635E6	
1063	-7.7911E-1	6.5218E1	1.0056E0	1.8657E6	
1064	-7.8194E-1	6.1029E1	1.0103E0	1.8679E6	
1065	-7.8880E-1	5.0838E1	1.0150E0	1.8701E6	
1066	-7.9224E-1	4.5743E1	1.0196E0	1.8724E6	
1067	-7.9620E-1	3.9856E1	1.0244E0	1.8746E6	
1068	-8.0002E-1	3.4194E1	1.0291E0	1.8768E6	
1069	-8.0299E-1	2.9778E1	1.0340E0	1.8790E6	
1070	-8.0902E-1	2.0834E1	1.0387E0	1.8812E6	
1071	-8.1345E-1	1.4267E1	1.0434E0	1.8835E6	
1072	-8.1764E-1	8.0391E0	1.0481E0	1.8857E6	
1073	-8.1734E-1	8.4920E0	1.0530E0	1.8879E6	
1074	-8.2741E-1	-6.4538E0	1.0577E0	1.8901E6	
1075	-8.3084E-1	-1.1549E1	1.0626E0	1.8923E6	
1076	-8.3374E-1	-1.5852E1	1.0674E0	1.8946E6	
1077	-8.3435E-1	-1.6757E1	1.0722E0	1.8968E6	
1078	-8.3939E-1	-2.4230E1	1.0770E0	1.8990E6	
1079	-8.4160E-1	-2.7514E1	1.0818E0	1.9012E6	
1080	-8.4877E-1	-3.8157E1	1.0867E0	1.9034E6	
1081	-8.4824E-1	-3.7364E1	1.0915E0	1.9057E6	
1082	-8.5556E-1	-4.8234E1	1.0964E0	1.9079E6	
1083	-8.6006E-1	-5.4914E1	1.1013E0	1.9101E6	
1084	-8.6136E-1	-5.6839E1	1.1061E0	1.9123E6	
1085	-8.6426E-1	-6.1142E1	1.1110E0	1.9145E6	
1086	-8.6777E-1	-6.6350E1	1.1158E0	1.9168E6	
1087	-8.6990E-1	-6.9521E1	1.1207E0	1.9190E6	
1088	-8.7440E-1	-7.6201E1	1.1256E0	1.9212E6	
1089	-8.7616E-1	-7.8805E1	1.1305E0	1.9234E6	
1090	-8.8074E-1	-8.5599E1	1.1353E0	1.9256E6	
1091	-8.8753E-1	-9.5676E1	1.1402E0	1.9279E6	
1092	-8.8669E-1	-9.4430E1	1.1452E0	1.9301E6	
1093	-8.9027E-1	-9.9752E1	1.1501E0	1.9323E6	
1094	-8.8783E-1	-9.6129E1	1.1551E0	1.9345E6	
1095	-8.9249E-1	-1.0304E2	1.1601E0	1.9367E6	
1096	-8.9066E-1	-1.0032E2	1.1650E0	1.9390E6	
1097	-8.9989E-1	-1.1402E2	1.1700E0	1.9412E6	
1098	-9.0248E-1	-1.1787E2	1.1749E0	1.9434E6	
1099	-9.0027E-1	-1.1458E2	1.1799E0	1.9456E6	
1100	-9.0294E-1	-1.1855E2	1.1848E0	1.9478E6	
1101	-9.0652E-1	-1.2387E2	1.1898E0	1.9501E6	
1102	-9.1026E-1	-1.2942E2	1.1947E0	1.9523E6	
1103	-9.1522E-1	-1.3678E2	1.1998E0	1.9545E6	
1104	-9.1820E-1	-1.4119E2	1.2048E0	1.9567E6	
1105	-9.1736E-1	-1.3995E2	1.2098E0	1.9589E6	
1106	-9.2278E-1	-1.4799E2	1.2147E0	1.9612E6	
1107	-9.2468E-1	-1.5082E2	1.2198E0	1.9634E6	
1108	-9.3086E-1	-1.5999E2	1.2247E0	1.9656E6	
1109	-9.2918E-1	-1.5750E2	1.2298E0	1.9678E6	
1110	-9.3338E-1	-1.6372E2	1.2350E0	1.9700E6	
1111	-9.3254E-1	-1.6248E2	1.2400E0	1.9723E6	
1112	-9.3384E-1	-1.6440E2	1.2450E0	1.9745E6	
1113	-9.4162E-1	-1.7595E2	1.2500E0	1.9767E6	
1114	-9.4215E-1	-1.7675E2	1.2551E0	1.9789E6	
1115	-9.4215E-1	-1.7675E2	1.2601E0	1.9811E6	
1116	-9.4803E-1	-1.8546E2	1.2651E0	1.9834E6	
1117	-9.5032E-1	-1.8886E2	1.2703E0	1.9856E6	
1118	-9.5284E-1	-1.9260E2	1.2754E0	1.9878E6	
1119	-9.5535E-1	-1.9633E2	1.2804E0	1.9900E6	
1120	-9.6062E-1	-2.0415E2	1.2856E0	1.9922E6	
1121	-9.5795E-1	-2.0018E2	1.2906E0	1.9945E6	
1122	-9.6008E-1	-2.0335E2	1.2958E0	1.9967E6	
1123	-9.6199E-1	-2.0618E2	1.3009E0	1.9989E6	
1124	-9.6474E-1	-2.1026E2	1.3061E0	2.0011E6	
1125	-9.6382E-1	-2.0890E2	1.3112E0	2.0033E6	
1126	-9.6634E-1	-2.1264E2	1.3163E0	2.0056E6	
1127	-9.6733E-1	-2.1411E2	1.3213E0	2.0078E6	
1128	-9.6756E-1	-2.1445E2	1.3265E0	2.0100E6	
1129	-9.6939E-1	-2.1717E2	1.3317E0	2.0122E6	
1130	-9.7099E-1	-2.1954E2	1.3368E0	2.0144E6	
1131	-9.7313E-1	-2.2271E2	1.3421E0	2.0167E6	
1132	-9.7443E-1	-2.2464E2	1.3471E0	2.0189E6	
1133	-9.7572E-1	-2.2656E2	1.3524E0	2.0211E6	
1134	-9.7145E-1	-2.2022E2	1.3575E0	2.0233E6	
1135	-9.7549E-1	-2.2622E2	1.3628E0	2.0255E6	
1136	-9.7343E-1	-2.2317E2	1.3679E0	2.0278E6	
1137	-9.7450E-1	-2.2475E2	1.3730E0	2.0300E6	
1138	-9.7374E-1	-2.2362E2	1.3783E0	2.0322E6	
1139	-9.7557E-1	-2.2634E2	1.3835E0	2.0344E6	
1140	-9.7282E-1	-2.2226E2	1.3888E0	2.0366E6	
1141	-9.7046E-1	-2.1875E2	1.3940E0	2.0389E6	
1142	-9.7023E-1	-2.1841E2	1.3991E0	2.0411E6	
1143	-9.6710E-1	-2.1377E2	1.4044E0	2.0433E6	
1144	-9.5665E-1	-1.9826E2	1.4096E0	2.0455E6	
1145	-9.4559E-1	-1.8184E2	1.4147E0	2.0477E6	
1146	-9.3475E-1	-1.6576E2	1.4200E0	2.0500E6	
1147	-9.2659E-1	-1.5365E2	1.4253E0	2.0522E6	
1148	-9.1995E-1	-1.4380E2	1.4305E0	2.0544E6	
1149	-9.1599E-1	-1.3791E2	1.4358E0	2.0566E6	
1150	-9.1568E-1	-1.3746E2	1.4411E0	2.0588E6	
1151	-9.1637E-1	-1.3848E2	1.4464E0	2.0611E6	
1152	-9.1354E-1	-1.3429E2	1.4517E0	2.0633E6	
1153	-9.1217E-1	-1.3225E2	1.4570E0	2.0655E6	
1154	-9.0347E-1	-1.1934E2	1.4622E0	2.0677E6	
1155	-8.9256E-1	-1.0315E2	1.4675E0	2.0699E6	
1156	-8.7906E-1	-8.3108E1	1.4727E0	2.0722E6	
1157	-8.4602E-1	-3.4081E1	1.4782E0	2.0744E6	
1158	-8.1924E-1	5.6614E0	1.4835E0	2.0766E6	
1159	-7.1205E-1	1.6474E2	1.4888E0	2.0788E6	
1160	-6.8146E-1	2.1015E2	1.4941E0	2.0810E6	
1161	-6.7986E-1	2.1252E2	1.4994E0	2.0833E6	
1162	-6.7810E-1	2.1513E2	1.5047E0	2.0855E6	
1163	-6.7955E-1	2.1298E2	1.5101E0	2.0877E6	
1164	-6.7856E-1	2.1445E2	1.5154E0	2.0899E6	
1165	-6.8314E-1	2.0766E2	1.5208E0	2.0921E6	
1166	-6.8115E-1	2.1060E2	1.5262E0	2.0944E6	
1167	-6.7978E-1	2.1264E2	1.5315E0	2.0966E6	
1168	-6.8115E-1	2.1060E2	1.5368E0	2.0988E6	
1169	-6.8161E-1	2.0992E2	1.5423E0	2.1010E6	
1170	-6.8283E-1	2.0811E2	1.5476E0	2.1032E6	
1171	-6.8321E-1	2.0754E2	1.5529E0	2.1055E6	
1172	-6.8314E-1	2.0766E2	1.5584E0	2.1077E6	
1173	-6.8237E-1	2.0879E2	1.5638E0	2.1099E6	
1174	-6.8062E-1	2.1139E2	1.5692E0	2.1121E6	
1175	-6.8329E-1	2.0743E2	1.5746E0	2.1143E6	
1176	-6.8420E-1	2.0607E2	1.5800E0	2.1166E6	
1177	-6.8329E-1	2.0743E2	1.5854E0	2.1188E6	
1178	-6.8375E-1	2.0675E2	1.5909E0	2.1210E6	
1179	-6.8474E-1	2.0528E2	1.5963E0	2.1232E6	
1180	-6.8382E-1	2.0664E2	1.6016E0	2.1254E6	
1181	-6.8474E-1	2.0528E2	1.6071E0	2.1277E6	
1182	-6.8474E-1	2.0528E2	1.6125E0	2.1299E6	
1183	-6.8436E-1	2.0584E2	1.6180E0	2.1321E6	
1184	-6.8161E-1	2.0992E2	1.6234E0	2.1343E6	
1185	-6.8466E-1	2.0539E2	1.6289E0	2.1365E6	
1186	-6.8375E-1	2.0675E2	1.6343E0	2.1388E6	
1187	-6.8687E-1	2.0211E2	1.6397E0	2.1410E6	
1188	-6.8710E-1	2.0177E2	1.6453E0	2.1432E6	
1189	-6.8596E-1	2.0347E2	1.6506E0	2.1454E6	
1190	-6.8336E-1	2.0732E2	1.6563E0	2.1476E6	
1191	-6.8352E-1	2.0709E2	1.6617E0	2.1499E6	
1192	-6.8741E-1	2.0132E2	1.6672E0	2.1521E6	
1193	-6.8474E-1	2.0528E2	1.6727E0	2.1543E6	
1194	-6.8581E-1	2.0369E2	1.6782E0	2.1565E6	
1195	-6.8581E-1	2.0369E2	1.6837E0	2.1587E6	
1196	-6.8398E-1	2.0641E2	1.6892E0	2.1610E6	
1197	-6.8802E-1	2.0041E2	1.6947E0	2.1632E6	
1198	-6.8878E-1	1.9928E2	1.7002E0	2.1654E6	
1199	-6.8794E-1	2.0052E2	1.7058E0	2.1676E6	
1200	-6.8771E-1	2.0086E2	1.7114E0	2.1698E6	
1201	-6.8497E-1	2.0494E2	1.7169E0	2.1721E6	
1202	-6.8550E-1	2.0415E2	1.7224E0	2.1743E6	
1203	-6.8840E-1	1.9984E2	1.7280E0	2.1765E6	
1204	-6.8665E-1	2.0245E2	1.7335E0	2.1787E6	
1205	-6.8619E-1	2.0313E2	1.7391E0	2.1809E6	
1206	-6.8604E-1	2.0335E2	1.7446E0	2.1832E6	
1207	-6.8779E-1	2.0075E2	1.7502E0	2.1854E6	
1208	-6.8695E-1	2.0199E2	1.7557E0	2.1876E6	
1209	-6.8794E-1	2.0052E2	1.7613E0	2.1898E6	
1210	-6.8924E-1	1.9860E2	1.7669E0	2.1920E6	
1211	-6.8695E-1	2.0199E2	1.7725E0	2.1943E6	
1212	-6.9221E-1	1.9418E2	1.7781E0	2.1965E6	
1213	-6.8855E-1	1.9962E2	1.7837E0	2.1987E6	
1214	-6.8962E-1	1.9803E2	1.7893E0	2.2009E6	
1215	-6.8886E-1	1.9916E2	1.7949E0	2.2031E6	
1216	-6.8924E-1	1.9860E2	1.8005E0	2.2054E6	
1217	-6.8794E-1	2.0052E2	1.8061E0	2.2076E6	
1218	-6.8901E-1	1.9894E2	1.8117E0	2.2098E6	
1219	-6.8901E-1	1.9894E2	1.8173E0	2.2120E6	
1220	-6.8893E-1	1.9905E2	1.8229E0	2.2142E6	
1221	-6.8802E-1	2.0041E2	1.8287E0	2.2165E6	
1222	-6.9023E-1	1.9713E2	1.8342E0	2.2187E6	
1223	-6.9046E-1	1.9679E2	1.8399E0	2.2209E6	
1224	-6.8863E-1	1.9950E2	1.8456E0	2.2231E6	
1225	-6.8947E-1	1.9826E2	1.8512E0	2.2253E6	
1226	-6.9183E-1	1.9475E2	1.8569E0	2.2276E6	
1227	-6.9153E-1	1.9520E2	1.8626E0	2.2298E6	
1228	-6.8863E-1	1.9950E2	1.8683E0	2.2320E6	
1229	-6.9000E-1	1.9747E2	1.8739E0	2.2342E6	
1230	-6.9031E-1	1.9701E2	1.8796E0	2.2364E6	
1231	-6.9206E-1	1.9441E2	1.8854E0	2.2387E6	
1232	-6.9145E-1	1.9531E2	1.8910E0	2.2409E6	
1233	-6.9260E-1	1.9362E2	1.8967E0	2.2431E6	
1234	-6.9328E-1	1.9260E2	1.9024E0	2.2453E6	
1235	-6.9183E-1	1.9475E2	1.9081E0	2.2475E6	
1236	-6.9153E-1	1.9520E2	1.9138E0	2.2498E6	
1237	-6.9260E-1	1.9362E2	1.9195E0	2.2520E6	
1238	-6.9374E-1	1.9192E2	1.9252E0	2.2542E6	
1239	-6.9229E-1	1.9407E2	1.9310E0	2.2564E6	
1240	-6.9382E-1	1.9180E2	1.9366E0	2.2586E6	
1241	-6.9359E-1	1.9214E2	1.9425E0	2.2609E6	
1242	-6.9275E-1	1.9339E2	1.9481E0	2.2631E6	
1243	-6.9275E-1	1.9339E2	1.9539E0	2.2653E6	
1244	-6.9481E-1	1.9033E2	1.9597E0	2.2675E6	
1245	-6.9489E-1	1.9022E2	1.9654E0	2.2697E6	
1246	-6.9458E-1	1.9067E2	1.9712E0	2.2720E6	
1247	-6.9534E-1	1.8954E2	1.9769E0	2.2742E6	
1248	-6.9534E-1	1.8954E2	1.9826E0	2.2764E6	
1249	-6.9359E-1	1.9214E2	1.9885E0	2.2786E6	
1250	-6.9504E-1	1.8999E2	1.9942E0	2.2808E6	
1251	-6.9641E-1	1.8795E2	2.0000E0	2.2831E6	
1252	-6.9511E-1	1.8988E2	2.0058E0	2.2853E6	
1253	-6.9748E-1	1.8637E2	2.0116E0	2.2875E6	
1254	-6.9855E-1	1.8478E2	2.0174E0	2.2897E6	
1255	-6.9725E-1	1.8671E2	2.0232E0	2.2919E6	
1256	-6.9572E-1	1.8897E2	2.0290E0	2.2942E6	
1257	-6.9626E-1	1.8818E2	2.0348E0	2.2964E6	
1258	-6.9801E-1	1.8558E2	2.0406E0	2.2986E6	
1259	-7.0084E-1	1.8139E2	2.0464E0	2.3008E6	
1260	-6.9893E-1	1.8422E2	2.0523E0	2.3030E6	
1261	-6.9862E-1	1.8467E2	2.0581E0	2.3053E6	
1262	-6.9878E-1	1.8444E2	2.0639E0	2.3075E6	
1263	-6.9939E-1	1.8354E2	2.0699E0	2.3097E6	
1264	-6.9740E-1	1.8648E2	2.0757E0	2.3119E6	
1265	-6.9893E-1	1.8422E2	2.0817E0	2.3141E6	
1266	-6.9702E-1	1.8705E2	2.0874E0	2.3164E6	
1267	-6.9717E-1	1.8682E2	2.0932E0	2.3186E6	
1268	-6.9771E-1	1.8603E2	2.0990E0	2.3208E6	
1269	-7.0091E-1	1.8127E2	2.1050E0	2.3230E6	
1270	-6.9939E-1	1.8354E2	2.1107E0	2.3252E6	
1271	-7.0038E-1	1.8207E2	2.1167E0	2.3275E6	
1272	-7.0160E-1	1.8026E2	2.1226E0	2.3297E6	
1273	-6.9710E-1	1.8694E2	2.1285E0	2.3319E6	
1274	-7.0045E-1	1.8195E2	2.1344E0	2.3341E6	
1275	-7.0015E-1	1.8241E2	2.1402E0	2.3363E6	
1276	-7.0206E-1	1.7958E2	2.1462E0	2.3386E6	
1277	-7.0015E-1	1.8241E2	2.1520E0	2.3408E6	
1278	-7.0168E-1	1.8014E2	2.1580E0	2.3430E6	
1279	-7.0198E-1	1.7969E2	2.1640E0	2.3452E6	
1280	-7.0183E-1	1.7992E2	2.1698E0	2.3474E6	
1281	-7.0267E-1	1.7867E2	2.1757E0	2.3497E6	
1282	-7.0015E-1	1.8241E2	2.1816E0	2.3519E6	
1283	-7.0442E-1	1.7607E2	2.1876E0	2.3541E6	
1284	-7.0290E-1	1.7833E2	2.1935E0	2.3563E6	
1285	-7.0381E-1	1.7697E2	2.1994E0	2.3585E6	
1286	-7.0320E-1	1.7788E2	2.2056E0	2.3608E6	
1287	-7.0000E-1	1.8263E2	2.2114E0	2.3630E6	
1288	-7.0328E-1	1.7776E2	2.2173E0	2.3652E6	
1289	-6.9992E-1	1.8275E2	2.2233E0	2.3674E6	
1290	-7.0419E-1	1.7641E2	2.2293E0	2.3696E6	
1291	-7.0251E-1	1.7890E2	2.2352E0	2.3719E6	
1292	-7.0633E-1	1.7324E2	2.2413E0	2.3741E6	
1293	-7.0251E-1	1.7890E2	2.2473E0	2.3763E6	
1294	-7.0351E-1	1.7742E2	2.2532E0	2.3785E6	
1295	-7.0297E-1	1.7822E2	2.2592E0	2.3807E6	
1296	-7.0366E-1	1.7720E2	2.2653E0	2.3830E6	
1297	-7.0358E-1	1.7731E2	2.2712E0	2.3852E6	
1298	-7.0381E-1	1.7697E2	2.2772E0	2.3874E6	
1299	-7.0358E-1	1.7731E2	2.2833E0	2.3896E6	
1300	-7.0175E-1	1.8003E2	2.2894E0	2.3918E6	
1301	-7.0389E-1	1.7686E2	2.2953E0	2.3941E6	
1302	-7.0412E-1	1.7652E2	2.3013E0	2.3963E6	
1303	-7.0648E-1	1.7301E2	2.3073E0	2.3985E6	
1304	-7.0641E-1	1.7312E2	2.3133E0	2.4007E6	
1305	-7.0496E-1	1.7527E2	2.3194E0	2.4029E6	
1306	-7.0526E-1	1.7482E2	2.3254E0	2.4052E6	
1307	-7.0435E-1	1.7618E2	2.3316E0	2.4074E6	
1308	-7.0625E-1	1.7335E2	2.3376E0	2.4096E6	
1309	-7.0572E-1	1.7414E2	2.3436E0	2.4118E6	
1310	-7.0534E-1	1.7471E2	2.3496E0	2.4140E6	
1311	-7.0602E-1	1.7369E2	2.3557E0	2.4163E6	
1312	-7.0755E-1	1.7142E2	2.3619E0	2.4185E6	
1313	-7.0511E-1	1.7505E2	2.3680E0	2.4207E6	
1314	-7.0747E-1	1.7154E2	2.3740E0	2.4229E6	
1315	-7.0816E-1	1.7052E2	2.3801E0	2.4251E6	
1316	-7.0869E-1	1.6973E2	2.3862E0	2.4274E6	
1317	-7.0686E-1	1.7244E2	2.3923E0	2.4296E6	
1318	-7.0953E-1	1.6848E2	2.3984E0	2.4318E6	
1319	-7.0885E-1	1.6950E2	2.4045E0	2.4340E6	
1320	-7.0900E-1	1.6927E2	2.4106E0	2.4362E6	
1321	-7.0915E-1	1.6905E2	2.4167E0	2.4385E6	
1322	-7.1075E-1	1.6667E2	2.4229E0	2.4407E6	
1323	-7.0724E-1	1.7188E2	2.4290E0	2.4429E6	
1324	-7.1045E-1	1.6712E2	2.4351E0	2.4451E6	
1325	-7.0877E-1	1.6961E2	2.4412E0	2.4473E6	
1326	-7.1045E-1	1.6712E2	2.4474E0	2.4496E6	
1327	-7.0915E-1	1.6905E2	2.4535E0	2.4518E6	
1328	-7.1068E-1	1.6678E2	2.4597E0	2.4540E6	
1329	-7.1190E-1	1.6497E2	2.4658E0	2.4562E6	
1330	-7.1144E-1	1.6565E2	2.4720E0	2.4584E6	
1331	-7.1083E-1	1.6656E2	2.4782E0	2.4607E6	
1332	-7.1236E-1	1.6429E2	2.4844E0	2.4629E6	
1333	-7.1266E-1	1.6384E2	2.4905E0	2.4651E6	
1334	-7.1045E-1	1.6712E2	2.4967E0	2.4673E6	
1335	-7.1121E-1	1.6599E2	2.5029E0	2.4695E6	
1336	-7.1388E-1	1.6203E2	2.5090E0	2.4718E6	
1337	-7.1236E-1	1.6429E2	2.5152E0	2.4740E6	
1338	-7.1365E-1	1.6237E2	2.5214E0	2.4762E6	
1339	-7.1114E-1	1.6610E2	2.5277E0	2.4784E6	
1340	-7.1327E-1	1.6293E2	2.5339E0	2.4806E6	
1341	-7.1541E-1	1.5976E2	2.5401E0	2.4829E6	
1342	-7.1404E-1	1.6180E2	2.5463E0	2.4851E6	
1343	-7.1259E-1	1.6395E2	2.5525E0	2.4873E6	
1344	-7.1533E-1	1.5987E2	2.5588E0	2.4895E6	
1345	-7.1487E-1	1.6055E2	2.5650E0	2.4917E6	
1346	-7.1457E-1	1.6101E2	2.5712E0	2.4940E6	
1347	-7.1381E-1	1.6214E2	2.5774E0	2.4962E6	
1348	-7.1495E-1	1.6044E2	2.5836E0	2.4984E6	
1349	-7.1442E-1	1.6123E2	2.5900E0	2.5006E6	
1350	-7.1442E-1	1.6123E2	2.5962E0	2.5028E6	
1351	-7.1556E-1	1.5954E2	2.6024E0	2.5051E6	
1352	-7.1526E-1	1.5999E2	2.6086E0	2.5073E6	
1353	-7.1426E-1	1.6146E2	2.6149E0	2.5095E6	
1354	-7.1587E-1	1.5908E2	2.6212E0	2.5117E6	
1355	-7.1404E-1	1.6180E2	2.6276E0	2.5139E6	
1356	-7.1510E-1	1.6021E2	2.6338E0	2.5162E6	
1357	-7.1739E-1	1.5682E2	2.6401E0	2.5184E6	
1358	-7.1556E-1	1.5954E2	2.6464E0	2.5206E6	
1359	-7.1342E-1	1.6271E2	2.6526E0	2.5228E6	
1360	-7.1693E-1	1.5750E2	2.6590E0	2.5250E6	
1361	-7.1724E-1	1.5704E2	2.6653E0	2.5273E6	
1362	-7.1632E-1	1.5840E2	2.6716E0	2.5295E6	
1363	-7.1770E-1	1.5636E2	2.6779E0	2.5317E6	
1364	-7.1800E-1	1.5591E2	2.6841E0	2.5339E6	
1365	-7.1640E-1	1.5829E2	2.6904E0	2.5361E6	
1366	-7.1617E-1	1.5863E2	2.6968E0	2.5384E6	
1367	-7.1503E-1	1.6033E2	2.7032E0	2.5406E6	
1368	-7.1732E-1	1.5693E2	2.7095E0	2.5428E6	
1369	-7.1808E-1	1.5580E2	2.7158E0	2.5450E6	
1370	-7.1800E-1	1.5591E2	2.7221E0	2.5472E6	
1371	-7.1869E-1	1.5489E2	2.7285E0	2.5495E6	
1372	-7.1815E-1	1.5569E2	2.7348E0	2.5517E6	
1373	-7.1777E-1	1.5625E2	2.7412E0	2.5539E6	
1374	-7.2006E-1	1.5285E2	2.7476E0	2.5561E6	
1375	-7.1838E-1	1.5535E2	2.7540E0	2.5583E6	
1376	-7.1907E-1	1.5433E2	2.7602E0	2.5606E6	
1377	-7.2067E-1	1.5195E2	2.7666E0	2.5628E6	
1378	-7.2105E-1	1.5138E2	2.7730E0	2.5650E6	
1379	-7.1991E-1	1.5308E2	2.7794E0	2.5672E6	
1380	-7.2105E-1	1.5138E2	2.7858E0	2.5694E6	
1381	-7.1663E-1	1.5795E2	2.7921E0	2.5717E6	
1382	-7.1907E-1	1.5433E2	2.7985E0	2.5739E6	
1383	-7.1762E-1	1.5648E2	2.8049E0	2.5761E6	
1384	-7.2136E-1	1.5093E2	2.8114E0	2.5783E6	
1385	-7.2357E-1	1.4765E2	2.8177E0	2.5805E6	
1386	-7.2266E-1	1.4901E2	2.8241E0	2.5828E6	
1387	-7.2060E-1	1.5206E2	2.8306E0	2.5850E6	
1388	-7.2014E-1	1.5274E2	2.8369E0	2.5872E6	
1389	-7.2441E-1	1.4640E2	2.8434E0	2.5894E6	
1390	-7.2395E-1	1.4708E2	2.8498E0	2.5916E6	
1391	-7.2151E-1	1.5070E2	2.8563E0	2.5939E6	
1392	-7.2380E-1	1.4731E2	2.8627E0	2.5961E6	
1393	-7.2487E-1	1.4572E2	2.8691E0	2.5983E6	
1394	-7.2281E-1	1.4878E2	2.8755E0	2.6005E6	
1395	-7.2357E-1	1.4765E2	2.8821E0	2.6027E6	
1396	-7.2212E-1	1.4980E2	2.8885E0	2.6050E6	
1397	-7.2647E-1	1.4334E2	2.8949E0	2.6072E6	
1398	-7.2456E-1	1.4617E2	2.9014E0	2.6094E6	
1399	-7.2289E-1	1.4867E2	2.9079E0	2.6116E6	
1400	-7.2342E-1	1.4787E2	2.9144E0	2.6138E6	
1401	-7.2632E-1	1.4357E2	2.9208E0	2.6161E6	
1402	-7.2777E-1	1.4142E2	2.9273E0	2.6183E6	
1403	-7.2533E-1	1.4504E2	2.9337E0	2.6205E6	
1404	-7.2632E-1	1.4357E2	2.9402E0	2.6227E6	
1405	-7.2433E-1	1.4651E2	2.9468E0	2.6249E6	
1406	-7.2441E-1	1.4640E2	2.9533E0	2.6272E6	
1407	-7.2594E-1	1.4414E2	2.9597E0	2.6294E6	
1408	-7.2563E-1	1.4459E2	2.9662E0	2.6316E6	
1409	-7.2731E-1	1.4210E2	2.9728E0	2.6338E6	
1410	-7.2929E-1	1.3915E2	2.9793E0	2.6360E6	
1411	-7.2662E-1	1.4312E2	2.9858E0	2.6383E6	
1412	-7.2533E-1	1.4504E2	2.9924E0	2.6405E6	
1413	-7.2739E-1	1.4199E2	2.9989E0	2.6427E6	
1414	-7.2540E-1	1.4493E2	3.0054E0	2.6449E6	
1415	-7.2685E-1	1.4278E2	3.0119E0	2.6471E6	
1416	-7.2945E-1	1.3893E2	3.0184E0	2.6494E6	
1417	-7.2678E-1	1.4289E2	3.0249E0	2.6516E6	
1418	-7.2929E-1	1.3915E2	3.0315E0	2.6538E6	
1419	-7.2884E-1	1.3983E2	3.0381E0	2.6560E6	
1420	-7.3181E-1	1.3542E2	3.0447E0	2.6582E6	
1421	-7.3181E-1	1.3542E2	3.0512E0	2.6605E6	
1422	-7.2693E-1	1.4266E2	3.0577E0	2.6627E6	
1423	-7.2990E-1	1.3825E2	3.0642E0	2.6649E6	
1424	-7.3029E-1	1.3768E2	3.0708E0	2.6671E6	
1425	-7.3036E-1	1.3757E2	3.0774E0	2.6693E6	
1426	-7.3105E-1	1.3655E2	3.0840E0	2.6716E6	
1427	-7.2968E-1	1.3859E2	3.0906E0	2.6738E6	
1428	-7.3013E-1	1.3791E2	3.0972E0	2.6760E6	
1429	-7.3021E-1	1.3780E2	3.1038E0	2.6782E6	
1430	-7.3029E-1	1.3768E2	3.1103E0	2.6804E6	
1431	-7.3006E-1	1.3802E2	3.1170E0	2.6827E6	
1432	-7.3364E-1	1.3270E2	3.1236E0	2.6849E6	
1433	-7.3151E-1	1.3587E2	3.1302E0	2.6871E6	
1434	-7.2952E-1	1.3881E2	3.1368E0	2.6893E6	
1435	-7.3387E-1	1.3236E2	3.1433E0	2.6915E6	
1436	-7.3067E-1	1.3712E2	3.1500E0	2.6938E6	
1437	-7.3303E-1	1.3361E2	3.1566E0	2.6960E6	
1438	-7.3410E-1	1.3202E2	3.1631E0	2.6982E6	
1439	-7.2945E-1	1.3893E2	3.1699E0	2.7004E6	
1440	-7.3059E-1	1.3723E2	3.1766E0	2.7026E6	
1441	-7.3143E-1	1.3598E2	3.1832E0	2.7049E6	
1442	-7.3250E-1	1.3440E2	3.1899E0	2.7071E6	
1443	-7.3364E-1	1.3270E2	3.1965E0	2.7093E6	
1444	-7.3265E-1	1.3417E2	3.2031E0	2.7115E6	
1445	-7.3715E-1	1.2749E2	3.2098E0	2.7137E6	
1446	-7.3311E-1	1.3349E2	3.2164E0	2.7160E6	
1447	-7.3349E-1	1.3293E2	3.2231E0	2.7182E6	
1448	-7.3631E-1	1.2874E2	3.2297E0	2.7204E6	
1449	-7.3303E-1	1.3361E2	3.2364E0	2.7226E6	
1450	-7.3441E-1	1.3157E2	3.2431E0	2.7248E6	
1451	-7.3288E-1	1.3383E2	3.2498E0	2.7271E6	
1452	-7.3471E-1	1.3112E2	3.2565E0	2.7293E6	
1453	-7.3441E-1	1.3157E2	3.2631E0	2.7315E6	
1454	-7.3418E-1	1.3191E2	3.2698E0	2.7337E6	
1455	-7.3517E-1	1.3044E2	3.2767E0	2.7359E6	
1456	-7.3532E-1	1.3021E2	3.2832E0	2.7382E6	
1457	-7.3509E-1	1.3055E2	3.2899E0	2.7404E6	
1458	-7.3593E-1	1.2930E2	3.2967E0	2.7426E6	
1459	-7.3715E-1	1.2749E2	3.3034E0	2.7448E6	
1460	-7.3730E-1	1.2727E2	3.3101E0	2.7470E6	
1461	-7.3624E-1	1.2885E2	3.3168E0	2.7493E6	
1462	-7.3822E-1	1.2591E2	3.3236E0	2.7515E6	
1463	-7.3746E-1	1.2704E2	3.3303E0	2.7537E6	
1464	-7.3921E-1	1.2444E2	3.3369E0	2.7559E6	
1465	-7.3662E-1	1.2828E2	3.3437E0	2.7581E6	
1466	-7.3792E-1	1.2636E2	3.3505E0	2.7604E6	
1467	-7.3608E-1	1.2908E2	3.3572E0	2.7626E6	
1468	-7.3753E-1	1.2693E2	3.3639E0	2.7648E6	
1469	-7.4066E-1	1.2228E2	3.3707E0	2.7670E6	
1470	-7.4051E-1	1.2251E2	3.3775E0	2.7692E6	
1471	-7.3814E-1	1.2602E2	3.3842E0	2.7715E6	
1472	-7.3814E-1	1.2602E2	3.3909E0	2.7737E6	
1473	-7.4081E-1	1.2206E2	3.3977E0	2.7759E6	
1474	-7.3738E-1	1.2715E2	3.4044E0	2.7781E6	
1475	-7.3784E-1	1.2647E2	3.4112E0	2.7803E6	
1476	-7.4188E-1	1.2047E2	3.4181E0	2.7826E6	
1477	-7.3914E-1	1.2455E2	3.4249E0	2.7848E6	
1478	-7.4043E-1	1.2262E2	3.4317E0	2.7870E6	
1479	-7.4242E-1	1.1968E2	3.4384E0	2.7892E6	
1480	-7.4051E-1	1.2251E2	3.4452E0	2.7914E6	
1481	-7.4219E-1	1.2002E2	3.4521E0	2.7937E6	
1482	-7.4242E-1	1.1968E2	3.4589E0	2.7959E6	
1483	-7.4081E-1	1.2206E2	3.4656E0	2.7981E6	
1484	-7.4112E-1	1.2160E2	3.4724E0	2.8003E6	
1485	-7.4333E-1	1.1832E2	3.4793E0	2.8025E6	
1486	-7.4280E-1	1.1911E2	3.4860E0	2.8048E6	
1487	-7.4142E-1	1.2115E2	3.4929E0	2.8070E6	
1488	-7.4440E-1	1.1674E2	3.4997E0	2.8092E6	
1489	-7.4219E-1	1.2002E2	3.5065E0	2.8114E6	
1490	-7.4333E-1	1.1832E2	3.5134E0	2.8136E6	
1491	-7.4432E-1	1.1685E2	3.5202E0	2.8159E6	
1492	-7.4432E-1	1.1685E2	3.5270E0	2.8181E6	
1493	-7.4387E-1	1.1753E2	3.5340E0	2.8203E6	
1494	-7.4356E-1	1.1798E2	3.5407E0	2.8225E6	
1495	-7.4455E-1	1.1651E2	3.5475E0	2.8247E6	
1496	-7.4348E-1	1.1809E2	3.5545E0	2.8270E6	
1497	-7.4303E-1	1.1877E2	3.5613E0	2.8292E6	
1498	-7.4379E-1	1.1764E2	3.5682E0	2.8314E6	
1499	-7.4547E-1	1.1515E2	3.5750E0	2.8336E6	
1500	-7.4303E-1	1.1877E2	3.5819E0	2.8358E6	
1501	-7.4539E-1	1.1526E2	3.5888E0	2.8381E6	
1502	-7.4394E-1	1.1742E2	3.5957E0	2.8403E6	
1503	-7.4471E-1	1.1628E2	3.6026E0	2.8425E6	
1504	-7.4547E-1	1.1515E2	3.6094E0	2.8447E6	
1505	-7.4356E-1	1.1798E2	3.6164E0	2.8469E6	
1506	-7.4829E-1	1.1096E2	3.6232E0	2.8492E6	
1507	-7.4753E-1	1.1209E2	3.6301E0	2.8514E6	
1508	-7.4776E-1	1.1175E2	3.6370E0	2.8536E6	
1509	-7.4509E-1	1.1572E2	3.6439E0	2.8558E6	
1510	-7.4684E-1	1.1311E2	3.6508E0	2.8580E6	
1511	-7.4974E-1	1.0881E2	3.6576E0	2.8603E6	
1512	-7.4646E-1	1.1368E2	3.6646E0	2.8625E6	
1513	-7.4738E-1	1.1232E2	3.6716E0	2.8647E6	
1514	-7.4463E-1	1.1640E2	3.6786E0	2.8669E6	
1515	-7.4966E-1	1.0892E2	3.6854E0	2.8691E6	
1516	-7.4837E-1	1.1085E2	3.6924E0	2.8714E6	
1517	-7.4638E-1	1.1379E2	3.6993E0	2.8736E6	
1518	-7.4921E-1	1.0960E2	3.7062E0	2.8758E6	
1519	-7.4905E-1	1.0983E2	3.7132E0	2.8780E6	
1520	-7.4776E-1	1.1175E2	3.7201E0	2.8802E6	
1521	-7.4837E-1	1.1085E2	3.7271E0	2.8825E6	
1522	-7.5012E-1	1.0824E2	3.7342E0	2.8847E6	
1523	-7.4852E-1	1.1062E2	3.7409E0	2.8869E6	
1524	-7.5104E-1	1.0689E2	3.7480E0	2.8891E6	
1525	-7.5104E-1	1.0689E2	3.7549E0	2.8913E6	
1526	-7.5317E-1	1.0371E2	3.7619E0	2.8936E6	
1527	-7.5104E-1	1.0689E2	3.7689E0	2.8958E6	
1528	-7.5081E-1	1.0722E2	3.7759E0	2.8980E6	
1529	-7.5050E-1	1.0768E2	3.7828E0	2.9002E6	
1530	-7.5188E-1	1.0564E2	3.7898E0	2.9024E6	
1531	-7.5096E-1	1.0700E2	3.7968E0	2.9047E6	
1532	-7.5058E-1	1.0756E2	3.8037E0	2.9069E6	
1533	-7.5020E-1	1.0813E2	3.8107E0	2.9091E6	
1534	-7.4982E-1	1.0870E2	3.8178E0	2.9113E6	
1535	-7.5447E-1	1.0179E2	3.8248E0	2.9135E6	
1536	-7.5302E-1	1.0394E2	3.8318E0	2.9158E6	
1537	-7.5233E-1	1.0496E2	3.8388E0	2.9180E6	
1538	-7.5233E-1	1.0496E2	3.8458E0	2.9202E6	
1539	-7.5165E-1	1.0598E2	3.8527E0	2.9224E6	
1540	-7.5272E-1	1.0439E2	3.8598E0	2.9246E6	
1541	-7.5371E-1	1.0292E2	3.8668E0	2.9269E6	
1542	-7.5134E-1	1.0643E2	3.8739E0	2.9291E6	
1543	-7.5409E-1	1.0236E2	3.8810E0	2.9313E6	
1544	-7.5371E-1	1.0292E2	3.8878E0	2.9335E6	
1545	-7.5554E-1	1.0020E2	3.8950E0	2.9357E6	
1546	-7.5691E-1	9.8167E1	3.9020E0	2.9380E6	
1547	-7.5630E-1	9.9073E1	3.9090E0	2.9402E6	
1548	-7.5417E-1	1.0224E2	3.9161E0	2.9424E6	
1549	-7.5531E-1	1.0054E2	3.9232E0	2.9446E6	
1550	-7.5508E-1	1.0088E2	3.9302E0	2.9468E6	
1551	-7.5775E-1	9.6921E1	3.9373E0	2.9491E6	
1552	-7.5340E-1	1.0338E2	3.9444E0	2.9513E6	
1553	-7.5615E-1	9.9299E1	3.9515E0	2.9535E6	
1554	-7.5813E-1	9.6355E1	3.9585E0	2.9557E6	
1555	-7.5531E-1	1.0054E2	3.9655E0	2.9579E6	
1556	-7.5516E-1	1.0077E2	3.9727E0	2.9602E6	
1557	-7.5714E-1	9.7827E1	3.9797E0	2.9624E6	
1558	-7.5783E-1	9.6808E1	3.9869E0	2.9646E6	
1559	-7.5623E-1	9.9186E1	3.9939E0	2.9668E6	
1560	-7.5668E-1	9.8506E1	4.0010E0	2.9690E6	
1561	-7.5668E-1	9.8506E1	4.0080E0	2.9713E6	
1562	-7.5813E-1	9.6355E1	4.0152E0	2.9735E6	
1563	-7.5714E-1	9.7827E1	4.0223E0	2.9757E6	
1564	-7.5691E-1	9.8167E1	4.0295E0	2.9779E6	
1565	-7.5706E-1	9.7940E1	4.0366E0	2.9801E6	
1566	-7.5500E-1	1.0100E2	4.0436E0	2.9824E6	
1567	-7.6035E-1	9.3072E1	4.0508E0	2.9846E6	
1568	-7.5798E-1	9.6582E1	4.0578E0	2.9868E6	
1569	-7.5951E-1	9.4317E1	4.0650E0	2.9890E6	
1570	-7.5630E-1	9.9073E1	4.0723E0	2.9912E6	
1571	-7.5829E-1	9.6129E1	4.0792E0	2.9935E6	
1572	-7.6225E-1	9.0241E1	4.0864E0	2.9957E6	
1573	-7.6134E-1	9.1600E1	4.0935E0	2.9979E6	
1574	-7.5790E-1	9.6695E1	4.1007E0	3.0001E6	
1575	-7.6035E-1	9.3072E1	4.1079E0	3.0023E6	
1576	-7.6088E-1	9.2279E1	4.1149E0	3.0046E6	
1577	-7.6180E-1	9.0920E1	4.1221E0	3.0068E6	
1578	-7.6065E-1	9.2619E1	4.1293E0	3.0090E6	
1579	-7.6035E-1	9.3072E1	4.1364E0	3.0112E6	
1580	-7.6088E-1	9.2279E1	4.1437E0	3.0134E6	
1581	-7.6004E-1	9.3525E1	4.1508E0	3.0157E6	
1582	-7.6225E-1	9.0241E1	4.1579E0	3.0179E6	
1583	-7.6118E-1	9.1826E1	4.1651E0	3.0201E6	
1584	-7.6111E-1	9.1939E1	4.1724E0	3.0223E6	
1585	-7.6515E-1	8.5938E1	4.1794E0	3.0245E6	
1586	-7.6378E-1	8.7976E1	4.1867E0	3.0268E6	
1587	-7.6195E-1	9.0694E1	4.1939E0	3.0290E6	
1588	-7.6492E-1	8.6278E1	4.2010E0	3.0312E6	
1589	-7.6225E-1	9.0241E1	4.2083E0	3.0334E6	
1590	-7.6355E-1	8.8316E1	4.2155E0	3.0356E6	
1591	-7.6385E-1	8.7863E1	4.2227E0	3.0379E6	
1592	-7.6263E-1	8.9675E1	4.2298E0	3.0401E6	
1593	-7.6202E-1	9.0581E1	4.2370E0	3.0423E6	
1594	-7.6447E-1	8.6957E1	4.2442E0	3.0445E6	
1595	-7.6447E-1	8.6957E1	4.2515E0	3.0467E6	
1596	-7.6691E-1	8.3334E1	4.2587E0	3.0490E6	
1597	-7.6279E-1	8.9448E1	4.2659E0	3.0512E6	
1598	-7.6599E-1	8.4693E1	4.2731E0	3.0534E6	
1599	-7.6561E-1	8.5259E1	4.2804E0	3.0556E6	
1600	-7.6622E-1	8.4353E1	4.2876E0	3.0578E6	
1601	-7.6393E-1	8.7750E1	4.2948E0	3.0601E6	
1602	-7.6424E-1	8.7297E1	4.3020E0	3.0623E6	
1603	-7.6836E-1	8.1183E1	4.3093E0	3.0645E6	
1604	-7.6851E-1	8.0956E1	4.3167E0	3.0667E6	
1605	-7.6775E-1	8.2089E1	4.3239E0	3.0689E6	
1606	-7.7019E-1	7.8466E1	4.3311E0	3.0712E6	
1607	-7.6805E-1	8.1636E1	4.3383E0	3.0734E6	
1608	-7.6836E-1	8.1183E1	4.3456E0	3.0756E6	
1609	-7.6820E-1	8.1409E1	4.3528E0	3.0778E6	
1610	-7.6912E-1	8.0051E1	4.3602E0	3.0800E6	
1611	-7.6759E-1	8.2315E1	4.3674E0	3.0823E6	
1612	-7.6797E-1	8.1749E1	4.3746E0	3.0845E6	
1613	-7.7019E-1	7.8466E1	4.3819E0	3.0867E6	
1614	-7.6775E-1	8.2089E1	4.3892E0	3.0889E6	
1615	-7.6897E-1	8.0277E1	4.3963E0	3.0911E6	
1616	-7.6981E-1	7.9032E1	4.4037E0	3.0934E6	
1617	-7.6843E-1	8.1070E1	4.4110E0	3.0956E6	
1618	-7.7057E-1	7.7899E1	4.4183E0	3.0978E6	
1619	-7.7049E-1	7.8013E1	4.4256E0	3.1000E6	
1620	-7.7194E-1	7.5861E1	4.4329E0	3.1022E6	
1621	-7.7454E-1	7.2012E1	4.4402E0	3.1045E6	
1622	-7.6942E-1	7.9598E1	4.4474E0	3.1067E6	
1623	-7.7194E-1	7.5861E1	4.4548E0	3.1089E6	
1624	-7.7316E-1	7.4050E1	4.4620E0	3.1111E6	
1625	-7.7103E-1	7.7220E1	4.4694E0	3.1133E6	
1626	-7.7110E-1	7.7107E1	4.4767E0	3.1156E6	
1627	-7.7309E-1	7.4163E1	4.4841E0	3.1178E6	
1628	-7.7095E-1	7.7333E1	4.4913E0	3.1200E6	
1629	-7.7034E-1	7.8239E1	4.4987E0	3.1222E6	
1630	-7.7209E-1	7.5635E1	4.5059E0	3.1244E6	
1631	-7.7148E-1	7.6541E1	4.5133E0	3.1267E6	
1632	-7.7187E-1	7.5975E1	4.5206E0	3.1289E6	
1633	-7.7301E-1	7.4276E1	4.5280E0	3.1311E6	
1634	-7.7354E-1	7.3484E1	4.5352E0	3.1333E6	
1635	-7.7240E-1	7.5182E1	4.5426E0	3.1355E6	
1636	-7.7301E-1	7.4276E1	4.5499E0	3.1378E6	
1637	-7.7232E-1	7.5295E1	4.5572E0	3.1400E6	
1638	-7.7446E-1	7.2125E1	4.5646E0	3.1422E6	
1639	-7.7477E-1	7.1672E1	4.5720E0	3.1444E6	
1640	-7.7431E-1	7.2351E1	4.5792E0	3.1466E6	
1641	-7.7560E-1	7.0426E1	4.5866E0	3.1489E6	
1642	-7.7263E-1	7.4842E1	4.5940E0	3.1511E6	
1643	-7.7339E-1	7.3710E1	4.6013E0	3.1533E6	
1644	-7.7705E-1	6.8275E1	4.6087E0	3.1555E6	
1645	-7.7705E-1	6.8275E1	4.6161E0	3.1577E6	
1646	-7.7469E-1	7.1785E1	4.6234E0	3.1600E6	
1647	-7.7713E-1	6.8162E1	4.6308E0	3.1622E6	
1648	-7.7751E-1	6.7596E1	4.6381E0	3.1644E6	
1649	-7.7599E-1	6.9860E1	4.6454E0	3.1666E6	
1650	-7.7576E-1	7.0200E1	4.6528E0	3.1688E6	
1651	-7.7759E-1	6.7483E1	4.6602E0	3.1711E6	
1652	-7.7782E-1	6.7143E1	4.6676E0	3.1733E6	
1653	-7.7751E-1	6.7596E1	4.6749E0	3.1755E6	
1654	-7.7873E-1	6.5784E1	4.6823E0	3.1777E6	
1655	-7.7667E-1	6.8841E1	4.6897E0	3.1799E6	
1656	-7.7919E-1	6.5105E1	4.6971E0	3.1822E6	
1657	-7.7789E-1	6.7030E1	4.7045E0	3.1844E6	
1658	-7.7965E-1	6.4426E1	4.7118E0	3.1866E6	
1659	-7.7988E-1	6.4086E1	4.7193E0	3.1888E6	
1660	-7.8125E-1	6.2048E1	4.7267E0	3.1910E6	
1661	-7.8102E-1	6.2387E1	4.7339E0	3.1933E6	
1662	-7.7843E-1	6.6237E1	4.7414E0	3.1955E6	
1663	-7.7988E-1	6.4086E1	4.7489E0	3.1977E6	
1664	-7.8110E-1	6.2274E1	4.7562E0	3.1999E6	
1665	-7.8033E-1	6.3406E1	4.7636E0	3.2021E6	
1666	-7.8033E-1	6.3406E1	4.7710E0	3.2044E6	
1667	-7.8171E-1	6.1368E1	4.7784E0	3.2066E6	
1668	-7.8300E-1	5.9444E1	4.7858E0	3.2088E6	
1669	-7.8064E-1	6.2954E1	4.7932E0	3.2110E6	
1670	-7.8300E-1	5.9444E1	4.8005E0	3.2132E6	
1671	-7.8094E-1	6.2501E1	4.8079E0	3.2155E6	
1672	-7.8369E-1	5.8425E1	4.8154E0	3.2177E6	
1673	-7.8102E-1	6.2387E1	4.8228E0	3.2199E6	
1674	-7.8300E-1	5.9444E1	4.8303E0	3.2221E6	
1675	-7.8491E-1	5.6613E1	4.8376E0	3.2243E6	
1676	-7.8049E-1	6.3180E1	4.8451E0	3.2266E6	
1677	-7.8598E-1	5.5028E1	4.8525E0	3.2288E6	
1678	-7.8339E-1	5.8877E1	4.8599E0	3.2310E6	
1679	-7.8339E-1	5.8877E1	4.8673E0	3.2332E6	
1680	-7.8369E-1	5.8425E1	4.8747E0	3.2354E6	
1681	-7.8430E-1	5.7519E1	4.8822E0	3.2377E6	
1682	-7.8529E-1	5.6047E1	4.8897E0	3.2399E6	
1683	-7.8323E-1	5.9104E1	4.8970E0	3.2421E6	
1684	-7.8331E-1	5.8991E1	4.9045E0	3.2443E6	
1685	-7.8590E-1	5.5141E1	4.9118E0	3.2465E6	
1686	-7.8346E-1	5.8764E1	4.9193E0	3.2488E6	
1687	-7.8560E-1	5.5594E1	4.9268E0	3.2510E6	
1688	-7.8598E-1	5.5028E1	4.9343E0	3.2532E6	
1689	-7.8667E-1	5.4009E1	4.9417E0	3.2554E6	
1690	-7.8682E-1	5.3782E1	4.9491E0	3.2576E6	
1691	-7.8568E-1	5.5481E1	4.9566E0	3.2599E6	
1692	-7.8789E-1	5.2197E1	4.9640E0	3.2621E6	
1693	-7.8491E-1	5.6613E1	4.9715E0	3.2643E6	
1694	-7.8537E-1	5.5934E1	4.9789E0	3.2665E6	
1695	-7.8697E-1	5.3556E1	4.9863E0	3.2687E6	
1696	-7.8690E-1	5.3669E1	4.9938E0	3.2710E6	
1697	-7.8850E-1	5.1291E1	5.0013E0	3.2732E6	
1698	-7.8796E-1	5.2084E1	5.0087E0	3.2754E6	
1699	-7.8735E-1	5.2990E1	5.0162E0	3.2776E6	
1700	-7.9041E-1	4.8461E1	5.0238E0	3.2798E6	
1701	-7.8888E-1	5.0725E1	5.0312E0	3.2821E6	
1702	-7.8918E-1	5.0272E1	5.0386E0	3.2843E6	
1703	-7.8827E-1	5.1631E1	5.0461E0	3.2865E6	
1704	-7.8949E-1	4.9819E1	5.0536E0	3.2887E6	
1705	-7.9201E-1	4.6083E1	5.0610E0	3.2909E6	
1706	-7.9025E-1	4.8687E1	5.0685E0	3.2932E6	
1707	-7.9147E-1	4.6876E1	5.0760E0	3.2954E6	
1708	-7.9079E-1	4.7895E1	5.0835E0	3.2976E6	
1709	-7.9079E-1	4.7895E1	5.0909E0	3.2998E6	
1710	-7.9155E-1	4.6762E1	5.0985E0	3.3020E6	
1711	-7.9147E-1	4.6876E1	5.1059E0	3.3043E6	
1712	-7.9124E-1	4.7215E1	5.1133E0	3.3065E6	
1713	-7.9559E-1	4.0761E1	5.1209E0	3.3087E6	
1714	-7.9330E-1	4.4158E1	5.1284E0	3.3109E6	
1715	-7.9079E-1	4.7895E1	5.1358E0	3.3131E6	
1716	-7.9262E-1	4.5177E1	5.1434E0	3.3154E6	
1717	-7.9437E-1	4.2573E1	5.1508E0	3.3176E6	
1718	-7.9201E-1	4.6083E1	5.1582E0	3.3198E6	
1719	-7.9292E-1	4.4724E1	5.1658E0	3.3220E6	
1720	-7.9330E-1	4.4158E1	5.1733E0	3.3242E6	
1721	-7.9369E-1	4.3592E1	5.1808E0	3.3265E6	
1722	-7.9369E-1	4.3592E1	5.1883E0	3.3287E6	
1723	-7.9582E-1	4.0422E1	5.1958E0	3.3309E6	
1724	-7.9384E-1	4.3366E1	5.2033E0	3.3331E6	
1725	-7.9414E-1	4.2913E1	5.2108E0	3.3353E6	
1726	-7.9399E-1	4.3139E1	5.2183E0	3.3376E6	
1727	-7.9559E-1	4.0761E1	5.2258E0	3.3398E6	
1728	-7.9628E-1	3.9742E1	5.2333E0	3.3420E6	
1729	-7.9590E-1	4.0308E1	5.2406E0	3.3442E6	
1730	-7.9559E-1	4.0761E1	5.2483E0	3.3464E6	
1731	-7.9735E-1	3.8157E1	5.2557E0	3.3487E6	
1732	-7.9651E-1	3.9403E1	5.2633E0	3.3509E6	
1733	-7.9529E-1	4.1214E1	5.2707E0	3.3531E6	
1734	-7.9727E-1	3.8270E1	5.2783E0	3.3553E6	
1735	-7.9872E-1	3.6119E1	5.2858E0	3.3575E6	
1736	-7.9895E-1	3.5779E1	5.2933E0	3.3598E6	
1737	-7.9773E-1	3.7591E1	5.3007E0	3.3620E6	
1738	-7.9720E-1	3.8384E1	5.3083E0	3.3642E6	
1739	-7.9796E-1	3.7251E1	5.3157E0	3.3664E6	
1740	-7.9758E-1	3.7817E1	5.3233E0	3.3686E6	
1741	-7.9704E-1	3.8610E1	5.3307E0	3.3709E6	
1742	-7.9834E-1	3.6685E1	5.3383E0	3.3731E6	
1743	-7.9788E-1	3.7365E1	5.3459E0	3.3753E6	
1744	-7.9819E-1	3.6912E1	5.3533E0	3.3775E6	
1745	-7.9704E-1	3.8610E1	5.3609E0	3.3797E6	
1746	-7.9979E-1	3.4534E1	5.3685E0	3.3820E6	
1747	-8.0070E-1	3.3175E1	5.3759E0	3.3842E6	
1748	-7.9872E-1	3.6119E1	5.3835E0	3.3864E6	
1749	-8.0086E-1	3.2949E1	5.3909E0	3.3886E6	
1750	-8.0101E-1	3.2722E1	5.3985E0	3.3908E6	
1751	-7.9887E-1	3.5893E1	5.4060E0	3.3931E6	
1752	-8.0154E-1	3.1930E1	5.4135E0	3.3953E6	
1753	-8.0017E-1	3.3968E1	5.4210E0	3.3975E6	
1754	-7.9941E-1	3.5100E1	5.4286E0	3.3997E6	
1755	-8.0223E-1	3.0911E1	5.4361E0	3.4019E6	
1756	-7.9987E-1	3.4421E1	5.4437E0	3.4042E6	
1757	-8.0399E-1	2.8307E1	5.4511E0	3.4064E6	
1758	-8.0437E-1	2.7740E1	5.4587E0	3.4086E6	
1759	-8.0177E-1	3.1590E1	5.4662E0	3.4108E6	
1760	-8.0254E-1	3.0458E1	5.4737E0	3.4130E6	
1761	-8.0475E-1	2.7174E1	5.4813E0	3.4153E6	
1762	-8.0383E-1	2.8533E1	5.4889E0	3.4175E6	
1763	-8.0421E-1	2.7967E1	5.4964E0	3.4197E6	
1764	-8.0276E-1	3.0118E1	5.5039E0	3.4219E6	
1765	-8.0170E-1	3.1703E1	5.5116E0	3.4241E6	
1766	-8.0437E-1	2.7740E1	5.5190E0	3.4264E6	
1767	-8.0261E-1	3.0345E1	5.5267E0	3.4286E6	
1768	-8.0467E-1	2.7287E1	5.5341E0	3.4308E6	
1769	-8.0444E-1	2.7627E1	5.5417E0	3.4330E6	
1770	-8.0872E-1	2.1287E1	5.5493E0	3.4352E6	
1771	-8.0368E-1	2.8759E1	5.5568E0	3.4375E6	
1772	-8.0688E-1	2.4004E1	5.5644E0	3.4397E6	
1773	-8.0742E-1	2.3211E1	5.5720E0	3.4419E6	
1774	-8.0605E-1	2.5249E1	5.5796E0	3.4441E6	
1775	-8.0643E-1	2.4683E1	5.5871E0	3.4463E6	
1776	-8.0780E-1	2.2645E1	5.5948E0	3.4486E6	
1777	-8.0597E-1	2.5363E1	5.6023E0	3.4508E6	
1778	-8.0627E-1	2.4910E1	5.6099E0	3.4530E6	
1779	-8.0925E-1	2.0494E1	5.6175E0	3.4552E6	
1780	-8.0948E-1	2.0154E1	5.6251E0	3.4574E6	
1781	-8.0971E-1	1.9815E1	5.6327E0	3.4597E6	
1782	-8.0856E-1	2.1513E1	5.6403E0	3.4619E6	
1783	-8.0803E-1	2.2306E1	5.6478E0	3.4641E6	
1784	-8.0795E-1	2.2419E1	5.6554E0	3.4663E6	
1785	-8.0711E-1	2.3664E1	5.6630E0	3.4685E6	
1786	-8.0856E-1	2.1513E1	5.6707E0	3.4708E6	
1787	-8.0849E-1	2.1626E1	5.6783E0	3.4730E6	
1788	-8.1062E-1	1.8456E1	5.6860E0	3.4752E6	
1789	-8.1078E-1	1.8229E1	5.6935E0	3.4774E6	
1790	-8.1146E-1	1.7210E1	5.7012E0	3.4796E6	
1791	-8.1131E-1	1.7437E1	5.7088E0	3.4819E6	
1792	-8.0986E-1	1.9588E1	5.7164E0	3.4841E6	
1793	-8.0971E-1	1.9815E1	5.7241E0	3.4863E6	
1794	-8.1200E-1	1.6418E1	5.7316E0	3.4885E6	
1795	-8.1360E-1	1.4040E1	5.7393E0	3.4907E6	
1796	-8.1024E-1	1.9022E1	5.7470E0	3.4930E6	
1797	-8.1253E-1	1.5625E1	5.7545E0	3.4952E6	
1798	-8.1215E-1	1.6191E1	5.7622E0	3.4974E6	
1799	-8.1329E-1	1.4493E1	5.7697E0	3.4996E6	
1800	-8.1116E-1	1.7663E1	5.7775E0	3.5018E6	
1801	-8.1223E-1	1.6078E1	5.7852E0	3.5041E6	
1802	-8.1383E-1	1.3700E1	5.7928E0	3.5063E6	
1803	-8.1261E-1	1.5512E1	5.8005E0	3.5085E6	
1804	-8.1329E-1	1.4493E1	5.8080E0	3.5107E6	
1805	-8.1322E-1	1.4606E1	5.8158E0	3.5129E6	
1806	-8.1535E-1	1.1436E1	5.8234E0	3.5152E6	
1807	-8.1497E-1	1.2002E1	5.8311E0	3.5174E6	
1808	-8.1474E-1	1.2342E1	5.8387E0	3.5196E6	
1809	-8.1306E-1	1.4833E1	5.8463E0	3.5218E6	
1810	-8.1421E-1	1.3134E1	5.8540E0	3.5240E6	
1811	-8.1291E-1	1.5059E1	5.8616E0	3.5263E6	
1812	-8.1642E-1	9.8507E0	5.8693E0	3.5285E6	
1813	-8.1703E-1	8.9449E0	5.8769E0	3.5307E6	
1814	-8.1734E-1	8.4920E0	5.8846E0	3.5329E6	
1815	-8.1573E-1	1.0870E1	5.8923E0	3.5351E6	
1816	-8.1696E-1	9.0581E0	5.9000E0	3.5374E6	
1817	-8.1741E-1	8.3788E0	5.9077E0	3.5396E6	
1818	-8.1909E-1	5.8878E0	5.9154E0	3.5418E6	
1819	-8.1635E-1	9.9639E0	5.9231E0	3.5440E6	
1820	-8.1474E-1	1.2342E1	5.9307E0	3.5462E6	
1821	-8.1886E-1	6.2275E0	5.9383E0	3.5485E6	
1822	-8.2001E-1	4.5291E0	5.9461E0	3.5507E6	
1823	-8.1772E-1	7.9259E0	5.9538E0	3.5529E6	
1824	-8.1993E-1	4.6423E0	5.9615E0	3.5551E6	
1825	-8.1825E-1	7.1333E0	5.9692E0	3.5573E6	
1826	-8.1894E-1	6.1143E0	5.9769E0	3.5596E6	
1827	-8.2001E-1	4.5291E0	5.9846E0	3.5618E6	
1828	-8.1879E-1	6.3407E0	5.9873E0	3.5625E6	
1829	-8.1879E-1	6.3407E0	5.9873E0	3.5625E6	
1830	-8.1879E-1	6.3407E0	5.9873E0	3.5625E6	
1831	-8.1879E-1	6.3407E0	5.9873E0	3.5625E6	
1832	-8.1879E-1	6.3407E0	5.9873E0	3.5625E6	
1833	-8.1879E-1	6.3407E0	5.9873E0	3.5625E6	
1834	-8.1879E-1	6.3407E0	5.9873E0	3.5625E6	
1835	-8.1879E-1	6.3407E0	5.9873E0	3.5625E6	
1836	-8.1879E-1	6.3407E0	5.9873E0	3.5625E6	
1837	-8.1879E-1	6.3407E0	5.9873E0	3.5625E6	
1838	-8.1879E-1	6.3407E0	5.9873E0	3.5625E6	
1839	-8.1879E-1	6.3407E0	5.9873E0	3.5625E6	
1840	-8.1879E-1	6.3407E0	5.9873E0	3.5625E6	
1841	-8.1879E-1	6.3407E0	5.9873E0	3.5625E6	
1842	-8.1879E-1	6.3407E0	5.9873E0	3.5625E6	
1843	-8.1879E-1	6.3407E0	5.9873E0	3.5625E6	
1844	-8.1879E-1	6.3407E0	5.9873E0	3.5625E6	
1845	-8.1879E-1	6.3407E0	5.9873E0	3.5625E6	
1846	-8.1879E-1	6.3407E0	5.9873E0	3.5625E6	
1847	-8.1879E-1	6.3407E0	5.9873E0	3.5625E6	
1848	-8.1879E-1	6.3407E0	5.9873E0	3.5625E6	
1849	-8.1879E-1	6.3407E0	5.9873E0	3.5625E6	
1850	-8.1879E-1	6.3407E0	5.9873E0	3.5625E6	
1851	-8.1879E-1	6.3407E0	5.9873E0	3.5625E6	
1852	-8.1879E-1	6.3407E0	5.9873E0	3.5625E6	
1853	-8.1879E-1	6.3407E0	5.9873E0	3.5625E6	
1854	-8.1879E-1	6.3407E0	5.9873E0	3.5625E6	
1855	-8.1879E-1	6.3407E0	5.9873E0	3.5625E6	
1856	-8.1879E-1	6.3407E0	5.9873E0	3.5625E6	
1857	-8.1879E-1	6.3407E0	5.9873E0	3.5625E6	
1858	-8.1879E-1	6.3407E0	5.9873E0	3.5625E6	
1859	-8.1879E-1	6.3407E0	5.9873E0	3.5625E6	
1860	-8.1879E-1	6.3407E0	5.9873E0	3.5625E6	
1861	-8.1879E-1	6.3407E0	5.9873E0	3.5625E6	
1862	-8.1879E-1	6.3407E0	5.9873E0	3.5625E6	
1863	-8.1879E-1	6.3407E0	5.9873E0	3.5625E6	
1864	-8.1879E-1	6.3407E0	5.9873E0	3.5625E6	
1865	-8.1879E-1	6.3407E0	5.9873E0	3.5625E6	
1866	-8.1879E-1	6.3407E0	5.9873E0	3.5625E6	
1867	-8.1879E-1	6.3407E0	5.9873E0	3.5625E6	
1868	-8.1879E-1	6.3407E0	5.9873E0	3.5625E6	
1869	-8.1879E-1	6.3407E0	5.9873E0	3.5625E6	
1870	-8.1879E-1	6.3407E0	5.9873E0	3.5625E6	
1871	-8.1879E-1	6.3407E0	5.9873E0	3.5625E6	
1872	-8.1879E-1	6.3407E0	5.9873E0	3.5625E6	
1873	-8.1879E-1	6.3407E0	5.9873E0	3.5625E6	
1874	-8.1879E-1	6.3407E0	5.9873E0	3.5625E6	
1875	-8.1879E-1	6.3407E0	5.9873E0	3.5625E6	
1876	-8.1879E-1	6.3407E0	5.9873E0	3.5625E6	
1877	-8.1879E-1	6.3407E0	5.9873E0	3.5625E6	
1878	-8.1879E-1	6.3407E0	5.9873E0	3.5625E6	
1879	-8.1879E-1	6.3407E0	5.9873E0	3.5625E6	
1880	-8.1879E-1	6.3407E0	5.9873E0	3.5625E6	
1881	-8.1879E-1	6.3407E0	5.9873E0	3.5625E6	
1882	-8.1879E-1	6.3407E0	5.9873E0	3.5625E6	
1883	-8.1879E-1	6.3407E0	5.9873E0	3.5625E6	
1884	-8.1879E-1	6.3407E0	5.9873E0	3.5625E6	
1885	-8.1879E-1	6.3407E0	5.9873E0	3.5625E6	
1886	-8.1879E-1	6.3407E0	5.9873E0	3.5625E6	
1887	-8.1879E-1	6.3407E0	5.9873E0	3.5625E6	
1888	-8.1879E-1	6.3407E0	5.9873E0	3.5625E6	
1889	-8.1879E-1	6.3407E0	5.9873E0	3.5625E6	
1890	-8.1879E-1	6.3407E0	5.9873E0	3.5625E6	
1891	-8.1879E-1	6.3407E0	5.9873E0	3.5625E6	
1892	-8.1879E-1	6.3407E0	5.9873E0	3.5625E6	
1893	-8.1879E-1	6.3407E0	5.9873E0	3.5625E6	
1894	-8.1879E-1	6.3407E0	5.9873E0	3.5625E6	
1895	-8.1879E-1	6.3407E0	5.9873E0	3.5625E6	
1896	-8.1879E-1	6.3407E0	5.9873E0	3.5625E6	
1897	-8.1879E-1	6.3407E0	5.9873E0	3.5625E6	
1898	-8.1879E-1	6.3407E0	5.9873E0	3.5625E6	
1899	-8.1879E-1	6.3407E0	5.9873E0	3.5625E6	
1900	-8.1879E-1	6.3407E0	5.9873E0	3.5625E6	
1901	-8.1879E-1	6.3407E0	5.9873E0	3.5625E6	
1902	-8.1879E-1	6.3407E0	5.9873E0	3.5625E6	
1903	-8.1879E-1	6.3407E0	5.9873E0	3.5625E6	
1904	-8.1879E-1	6.3407E0	5.9873E0	3.5625E6	
1905	-8.1879E-1	6.3407E0	5.9873E0	3.5625E6	
1906	-8.1879E-1	6.3407E0	5.9873E0	3.5625E6	
1907	-8.1879E-1	6.3407E0	5.9873E0	3.5625E6	
1908	-8.1879E-1	6.3407E0	5.9873E0	3.5625E6	
1909	-8.1879E-1	6.3407E0	5.9873E0	3.5625E6	
1910	-8.1879E-1	6.3407E0	5.9873E0	3.5625E6	
1911	-8.1879E-1	6.3407E0	5.9873E0	3.5625E6	
1912	-8.1879E-1	6.3407E0	5.9873E0	3.5625E6	
1913	-8.1879E-1	6.3407E0	5.9873E0	3.5625E6	
1914	-8.1879E-1	6.3407E0	5.9873E0	3.5625E6	
1915	-8.1879E-1	6.3407E0	5.9873E0	3.5625E6	
1916	-8.1879E-1	6.3407E0	5.9873E0	3.5625E6	
1917	-8.1879E-1	6.3407E0	5.9873E0	3.5625E6	
1918	-8.1879E-1	6.3407E0	5.9873E0	3.5625E6	
1919	-8.1879E-1	6.3407E0	5.9873E0	3.5625E6	
1920	-8.1879E-1	6.3407E0	5.9873E0	3.5625E6	
1921	-8.1879E-1	6.3407E0	5.9873E0	3.5625E6	
1922	-8.1879E-1	6.3407E0	5.9873E0	3.5625E6	
1923	-8.1879E-1	6.3407E0	5.9873E0	3.5625E6	
1924	-8.1879E-1	6.3407E0	5.9873E0	3.5625E6	
1925	-8.1879E-1	6.3407E0	5.9873E0	3.5625E6	
1926	-8.1879E-1	6.3407E0	5.9873E0	3.5625E6	
1927	-8.1879E-1	6.3407E0	5.9873E0	3.5625E6	
1928	-8.1879E-1	6.3407E0	5.9873E0	3.5625E6	
1929	-8.1879E-1	6.3407E0	5.9873E0	3.5625E6	
1930	-8.1879E-1	6.3407E0	5.9873E0	3.5625E6	
1931	-8.1879E-1	6.3407E0	5.9873E0	3.5625E6	
1932	-8.1879E-1	6.3407E0	5.9873E0	3.5625E6	
1933	-8.1879E-1	6.3407E0	5.9873E0	3.5625E6	
1934	-8.1879E-1	6.3407E0	5.9873E0	3.5625E6	
1935	-8.1879E-1	6.3407E0	5.9873E0	3.5625E6	
1936	-8.1879E-1	6.3407E0	5.9873E0	3.5625E6	
1937	-8.1879E-1	6.3407E0	5.9873E0	3.5625E6	
1938	-8.1879E-1	6.3407E0	5.9873E0	3.5625E6	
1939	-8.1879E-1	6.3407E0	5.9873E0	3.5625E6	
1940	-8.1879E-1	6.3407E0	5.9873E0	3.5625E6	
1941	-8.1879E-1	6.3407E0	5.9873E0	3.5625E6	
1942	-8.1879E-1	6.3407E0	5.9873E0	3.5625E6	
1943	-8.1879E-1	6.3407E0	5.9873E0	3.5625E6	
1944	-8.1879E-1	6.3407E0	5.9873E0	3.5625E6	
1945	-8.1879E-1	6.3407E0	5.9873E0	3.5625E6	
1946	-8.1879E-1	6.3407E0	5.9873E0	3.5625E6	
1947	-8.1879E-1	6.3407E0	5.9873E0	3.5625E6	
1948	-8.1879E-1	6.3407E0	5.9873E0	3.5625E6	
1949	-8.1879E-1	6.3407E0	5.9873E0	3.5625E6	
1950	-8.1879E-1	6.3407E0	5.9873E0	3.5625E6	
1951	-8.1879E-1	6.3407E0	5.9873E0	3.5625E6	
1952	-8.1879E-1	6.3407E0	5.9873E0	3.5625E6	
1953	-8.1879E-1	6.3407E0	5.9873E0	3.5625E6	
1954	-8.1879E-1	6.3407E0	5.9873E0	3.5625E6	
1955	-8.1879E-1	6.3407E0	5.9873E0	3.5625E6	
1956	-8.1879E-1	6.3407E0	5.9873E0	3.5625E6	
1957	-8.1879E-1	6.3407E0	5.9873E0	3.5625E6	
1958	-8.1879E-1	6.3407E0	5.9873E0	3.5625E6	
1959	-8.1879E-1	6.3407E0	5.9873E0	3.5625E6	
1960	-8.1879E-1	6.3407E0	5.9873E0	3.5625E6	
1961	-8.1879E-1	6.3407E0	5.9873E0	3.5625E6	
1962	-8.1879E-1	6.3407E0	5.9873E0	3.5625E6	
1963	-8.1879E-1	6.3407E0	5.9873E0	3.5625E6	
1964	-8.1879E-1	6.3407E0	5.9873E0	3.5625E6	
1965	-8.1879E-1	6.3407E0	5.9873E0	3.5625E6	
1966	-8.1879E-1	6.3407E0	5.9873E0	3.5625E6	
1967	-8.1879E-1	6.3407E0	5.9873E0	3.5625E6	
1968	-8.1879E-1	6.3407E0	5.9873E0	3.5625E6	
1969	-8.1879E-1	6.3407E0	5.9873E0	3.5625E6	
1970	-8.1879E-1	6.3407E0	5.9873E0	3.5625E6	
1971	-8.1879E-1	6.3407E0	5.9873E0	3.5625E6	
1972	-8.1879E-1	6.3407E0	5.9873E0	3.5625E6	
1973	-8.1879E-1	6.3407E0	5.9873E0	3.5625E6	
1974	-8.1879E-1	6.3407E0	5.9873E0	3.5625E6	
1975	-8.1879E-1	6.3407E0	5.9873E0	3.5625E6	
1976	-8.1879E-1	6.3407E0	5.9873E0	3.5625E6	
1977	-8.1879E-1	6.3407E0	5.9873E0	3.5625E6	
1978	-8.1879E-1	6.3407E0	5.9873E0	3.5625E6	
1979	-8.1879E-1	6.3407E0	5.9873E0	3.5625E6	
1980	-8.1879E-1	6.3407E0	5.9873E0	3.5625E6	
1981	-8.1879E-1	6.3407E0	5.9873E0	3.5625E6	
1982	-8.1879E-1	6.3407E0	5.9873E0	3.5625E6	
1983	-8.1879E-1	6.3407E0	5.9873E0	3.5625E6	
1984	-8.1879E-1	6.3407E0	5.9873E0	3.5625E6	
1985	-8.1879E-1	6.3407E0	5.9873E0	3.5625E6	
1986	-8.1879E-1	6.3407E0	5.9873E0	3.5625E6	
1987	-8.1879E-1	6.3407E0	5.9873E0	3.5625E6	
1988	-8.1879E-1	6.3407E0	5.9873E0	3.5625E6	
1989	-8.1879E-1	6.3407E0	5.9873E0	3.5625E6	
1990	-8.1879E-1	6.3407E0	5.9873E0	3.5625E6	
1991	-8.1879E-1	6.3407E0	5.9873E0	3.5625E6	
1992	-8.1879E-1	6.3407E0	5.9873E0	3.5625E6	
1993	-8.1879E-1	6.3407E0	5.9873E0	3.5625E6	
1994	-8.1879E-1	6.3407E0	5.9873E0	3.5625E6	
1995	-8.1879E-1	6.3407E0	5.9873E0	3.5625E6	
1996	-8.1879E-1	6.3407E0	5.9873E0	3.5625E6	
1997	-8.1879E-1	6.3407E0	5.9873E0	3.5625E6	
1998	-8.1879E-1	6.3407E0	5.9873E0	3.5625E6	
1999	-8.1879E-1	6.3407E0	5.9873E0	3.5625E6	
2000	-8.1879E-1	6.3407E0	5.9873E0	3.5625E6	
2001	-8.1879E-1	6.3407E0	5.9873E0	3.5625E6	
2002	-8.1879E-1	6.3407E0	5.9873E0	3.5625E6	
2003	-8.1879E-1	6.3407E0	5.9873E0	3.5625E6	
2004	-8.1879E-1	6.3407E0	5.9873E0	3.5625E6	
2005	-8.1879E-1	6.3407E0	5.9873E0	3.5625E6	
2006	-8.1879E-1	6.3407E0	5.9873E0	3.5625E6	
2007	-8.1879E-1	6.3407E0	5.9873E0	3.5625E6	
2008	-8.1879E-1	6.3407E0	5.9873E0	3.5625E6	
2009	-8.1879E-1	6.3407E0	5.9873E0	3.5625E6	
2010	-8.1879E-1	6.3407E0	5.9873E0	3.5625E6	
2011	-8.1879E-1	6.3407E0	5.9873E0	3.5625E6	
2012	-8.1879E-1	6.3407E0	5.9873E0	3.5625E6	
2013	-8.1879E-1	6.3407E0	5.9873E0	3.5625E6	
2014	-8.1879E-1	6.3407E0	5.9873E0	3.5625E6	
2015	-8.1879E-1	6.3407E0	5.9873E0	3.5625E6	
2016	-8.1879E-1	6.3407E0	5.9873E0	3.5625E6	
2017	-8.1879E-1	6.3407E0	5.9873E0	3.5625E6	
2018	-8.1879E-1	6.3407E0	5.9873E0	3.5625E6	
2019	-8.1879E-1	6.3407E0	5.9873E0	3.5625E6	
2020	-8.1879E-1	6.3407E0	5.9873E0	3.5625E6	
2021	-8.1879E-1	6.3407E0	5.9873E0	3.5625E6	
2022	-8.1879E-1	6.3407E0	5.9873E0	3.5625E6	
2023	-8.1879E-1	6.3407E0	5.9873E0	3.5625E6	
2024	-8.1879E-1	6.3407E0	5.9873E0	3.5625E6	
2025	-8.1879E-1	6.3407E0	5.9873E0	3.5625E6	
2026	-8.1879E-1	6.3407E0	5.9873E0	3.5625E6	
2027	-8.1879E-1	6.3407E0	5.9873E0	3.5625E6	
2028	-8.1879E-1	6.3407E0	5.9873E0	3.5625E6	
2029	-8.1879E-1	6.3407E0	5.9873E0	3.5625E6	
2030	-8.1879E-1	6.3407E0	5.9873E0	3.5625E6	
2031	-8.1879E-1	6.3407E0	5.9873E0	3.5625E6	
2032	-8.1879E-1	6.3407E0	5.9873E0	3.5625E6	
2033	-8.1879E-1	6.3407E0	5.9873E0	3.5625E6	
2034	-8.1879E-1	6.3407E0	5.9873E0	3.5625E6	
2035	-8.1879E-1	6.3407E0	5.9873E0	3.5625E6	
2036	-8.1879E-1	6.3407E0	5.9873E0	3.5625E6	
2037	-8.1879E-1	6.3407E0	5.9873E0	3.5625E6	
2038	-8.1879E-1	6.3407E0	5.9873E0	3.5625E6	
2039	-8.1879E-1	6.3407E0	5.9873E0	3.5625E6	
2040	-8.1879E-1	6.3407E0	5.9873E0	3.5625E6	
2041	-8.1879E-1	6.3407E0	5.9873E0	3.5625E6	
2042	-8.1879E-1	6.3407E0	5.9873E0	3.5625E6	
2043	-8.1879E-1	6.3407E0	5.9873E0	3.5625E6	
2044	-8.1879E-1	6.3407E0	5.9873E0	3.5625E6	
2045	-8.1879E-1	6.3407E0	5.9873E0	3.5625E6	
2046	-8.1879E-1	6.3407E0	5.9873E0	3.5625E6	
2047	-8.1879E-1	6.3407E0	5.9873E0	3.5625E6	
2048	-8.1879E-1	6.3407E0	5.9873E0	3.5625E6	
