point 115
Index	Vertical (A-B)	Force	Z Height	Time Stamp	
     	V	nN	?m	?sec	
1	-8.1100E-1	4.5294E-1	5.5001E0	1.2000E2	
2	-8.1100E-1	4.5294E-1	5.4987E0	2.3400E3	
3	-8.1398E-1	-3.9629E0	5.4960E0	4.5600E3	
4	-8.1070E-1	9.0585E-1	5.4929E0	6.7800E3	
5	-8.1184E-1	-7.9254E-1	5.4894E0	9.0000E3	
6	-8.1177E-1	-6.7931E-1	5.4858E0	1.1220E4	
7	-8.0994E-1	2.0381E0	5.4820E0	1.3440E4	
8	-8.1276E-1	-2.1512E0	5.4782E0	1.5660E4	
9	-8.0933E-1	2.9439E0	5.4741E0	1.7880E4	
10	-8.1314E-1	-2.7174E0	5.4699E0	2.0100E4	
11	-8.1032E-1	1.4720E0	5.4657E0	2.2320E4	
12	-8.0986E-1	2.1513E0	5.4615E0	2.4540E4	
13	-8.1024E-1	1.5852E0	5.4572E0	2.6760E4	
14	-8.1047E-1	1.2455E0	5.4528E0	2.8980E4	
15	-8.0925E-1	3.0571E0	5.4485E0	3.1200E4	
16	-8.0978E-1	2.2646E0	5.4438E0	3.3420E4	
17	-8.0956E-1	2.6042E0	5.4393E0	3.5640E4	
18	-8.0719E-1	6.1142E0	5.4349E0	3.7860E4	
19	-8.0910E-1	3.2836E0	5.4303E0	4.0080E4	
20	-8.0971E-1	2.3778E0	5.4258E0	4.2300E4	
21	-8.0872E-1	3.8497E0	5.4211E0	4.4520E4	
22	-8.0750E-1	5.6613E0	5.4165E0	4.6740E4	
23	-8.1009E-1	1.8117E0	5.4118E0	4.8960E4	
24	-8.0818E-1	4.6423E0	5.4072E0	5.1180E4	
25	-8.0727E-1	6.0010E0	5.4025E0	5.3400E4	
26	-8.0612E-1	7.6994E0	5.3976E0	5.5620E4	
27	-8.0795E-1	4.9820E0	5.3929E0	5.7840E4	
28	-8.0666E-1	6.9068E0	5.3882E0	6.0060E4	
29	-8.0772E-1	5.3217E0	5.3835E0	6.2280E4	
30	-8.0688E-1	6.5671E0	5.3787E0	6.4500E4	
31	-8.0879E-1	3.7365E0	5.3739E0	6.6720E4	
32	-8.0688E-1	6.5671E0	5.3691E0	6.8940E4	
33	-8.0643E-1	7.2465E0	5.3643E0	7.1160E4	
34	-8.0841E-1	4.3026E0	5.3594E0	7.3380E4	
35	-8.0513E-1	9.1713E0	5.3546E0	7.5600E4	
36	-8.0643E-1	7.2465E0	5.3497E0	7.7820E4	
37	-8.0727E-1	6.0010E0	5.3448E0	8.0040E4	
38	-8.0414E-1	1.0643E1	5.3400E0	8.2260E4	
39	-8.0643E-1	7.2465E0	5.3351E0	8.4480E4	
40	-8.0391E-1	1.0983E1	5.3301E0	8.6700E4	
41	-8.0528E-1	8.9449E0	5.3253E0	8.8920E4	
42	-8.0383E-1	1.1096E1	5.3202E0	9.1140E4	
43	-8.0566E-1	8.3787E0	5.3154E0	9.3360E4	
44	-8.0452E-1	1.0077E1	5.3104E0	9.5580E4	
45	-8.0353E-1	1.1549E1	5.3055E0	9.7800E4	
46	-8.0544E-1	8.7184E0	5.3005E0	1.0002E5	
47	-8.0467E-1	9.8507E0	5.2955E0	1.0224E5	
48	-8.0475E-1	9.7375E0	5.2905E0	1.0446E5	
49	-8.0215E-1	1.3587E1	5.2856E0	1.0668E5	
50	-8.0368E-1	1.1323E1	5.2806E0	1.0890E5	
51	-8.0452E-1	1.0077E1	5.2756E0	1.1112E5	
52	-8.0292E-1	1.2455E1	5.2706E0	1.1334E5	
53	-8.0223E-1	1.3474E1	5.2656E0	1.1556E5	
54	-8.0406E-1	1.0756E1	5.2605E0	1.1778E5	
55	-8.0383E-1	1.1096E1	5.2555E0	1.2000E5	
56	-8.0345E-1	1.1662E1	5.2505E0	1.2222E5	
57	-8.0299E-1	1.2342E1	5.2454E0	1.2444E5	
58	-8.0360E-1	1.1436E1	5.2403E0	1.2666E5	
59	-8.0383E-1	1.1096E1	5.2353E0	1.2888E5	
60	-8.0093E-1	1.5399E1	5.2301E0	1.3110E5	
61	-8.0185E-1	1.4040E1	5.2251E0	1.3332E5	
62	-8.0284E-1	1.2568E1	5.2200E0	1.3554E5	
63	-8.0292E-1	1.2455E1	5.2150E0	1.3776E5	
64	-8.0223E-1	1.3474E1	5.2098E0	1.3998E5	
65	-8.0162E-1	1.4380E1	5.2048E0	1.4220E5	
66	-8.0322E-1	1.2002E1	5.1996E0	1.4442E5	
67	-8.0124E-1	1.4946E1	5.1945E0	1.4664E5	
68	-8.0032E-1	1.6305E1	5.1894E0	1.4886E5	
69	-8.0154E-1	1.4493E1	5.1842E0	1.5108E5	
70	-8.0170E-1	1.4266E1	5.1791E0	1.5330E5	
71	-8.0002E-1	1.6757E1	5.1740E0	1.5552E5	
72	-8.0238E-1	1.3247E1	5.1688E0	1.5774E5	
73	-8.0215E-1	1.3587E1	5.1637E0	1.5996E5	
74	-8.0231E-1	1.3361E1	5.1586E0	1.6218E5	
75	-8.0025E-1	1.6418E1	5.1534E0	1.6440E5	
76	-8.0078E-1	1.5625E1	5.1481E0	1.6662E5	
77	-7.9750E-1	2.0494E1	5.1430E0	1.6884E5	
78	-8.0109E-1	1.5172E1	5.1378E0	1.7106E5	
79	-7.9994E-1	1.6871E1	5.1325E0	1.7328E5	
80	-8.0101E-1	1.5286E1	5.1273E0	1.7550E5	
81	-7.9926E-1	1.7890E1	5.1221E0	1.7772E5	
82	-8.0009E-1	1.6644E1	5.1169E0	1.7994E5	
83	-7.9918E-1	1.8003E1	5.1117E0	1.8216E5	
84	-7.9918E-1	1.8003E1	5.1065E0	1.8438E5	
85	-7.9819E-1	1.9475E1	5.1013E0	1.8660E5	
86	-7.9895E-1	1.8343E1	5.0960E0	1.8882E5	
87	-7.9910E-1	1.8116E1	5.0907E0	1.9104E5	
88	-7.9842E-1	1.9135E1	5.0854E0	1.9326E5	
89	-7.9834E-1	1.9248E1	5.0802E0	1.9548E5	
90	-7.9811E-1	1.9588E1	5.0750E0	1.9770E5	
91	-7.9636E-1	2.2192E1	5.0696E0	1.9992E5	
92	-7.9903E-1	1.8229E1	5.0644E0	2.0214E5	
93	-7.9872E-1	1.8682E1	5.0591E0	2.0436E5	
94	-7.9956E-1	1.7437E1	5.0538E0	2.0658E5	
95	-7.9742E-1	2.0607E1	5.0485E0	2.0880E5	
96	-7.9720E-1	2.0947E1	5.0432E0	2.1102E5	
97	-7.9720E-1	2.0947E1	5.0379E0	2.1324E5	
98	-7.9941E-1	1.7663E1	5.0326E0	2.1546E5	
99	-7.9712E-1	2.1060E1	5.0273E0	2.1768E5	
100	-7.9536E-1	2.3664E1	5.0219E0	2.1990E5	
101	-7.9720E-1	2.0947E1	5.0166E0	2.2212E5	
102	-7.9514E-1	2.4004E1	5.0112E0	2.2434E5	
103	-7.9567E-1	2.3211E1	5.0059E0	2.2656E5	
104	-7.9445E-1	2.5023E1	5.0006E0	2.2878E5	
105	-7.9620E-1	2.2419E1	4.9952E0	2.3100E5	
106	-7.9628E-1	2.2306E1	4.9899E0	2.3322E5	
107	-7.9445E-1	2.5023E1	4.9845E0	2.3544E5	
108	-7.9254E-1	2.7854E1	4.9790E0	2.3766E5	
109	-7.9323E-1	2.6835E1	4.9737E0	2.3988E5	
110	-7.9437E-1	2.5136E1	4.9683E0	2.4210E5	
111	-7.9346E-1	2.6495E1	4.9630E0	2.4432E5	
112	-7.9414E-1	2.5476E1	4.9576E0	2.4654E5	
113	-7.9391E-1	2.5816E1	4.9521E0	2.4876E5	
114	-7.9399E-1	2.5702E1	4.9467E0	2.5098E5	
115	-7.9384E-1	2.5929E1	4.9413E0	2.5320E5	
116	-7.9544E-1	2.3551E1	4.9359E0	2.5542E5	
117	-7.9430E-1	2.5249E1	4.9305E0	2.5764E5	
118	-7.9277E-1	2.7514E1	4.9251E0	2.5986E5	
119	-7.9216E-1	2.8420E1	4.9197E0	2.6208E5	
120	-7.9201E-1	2.8646E1	4.9142E0	2.6430E5	
121	-7.9018E-1	3.1364E1	4.9088E0	2.6652E5	
122	-7.9430E-1	2.5249E1	4.9033E0	2.6874E5	
123	-7.9102E-1	3.0118E1	4.8979E0	2.7096E5	
124	-7.9163E-1	2.9212E1	4.8925E0	2.7318E5	
125	-7.9178E-1	2.8986E1	4.8870E0	2.7540E5	
126	-7.9208E-1	2.8533E1	4.8815E0	2.7762E5	
127	-7.9102E-1	3.0118E1	4.8760E0	2.7984E5	
128	-7.9193E-1	2.8759E1	4.8706E0	2.8206E5	
129	-7.9201E-1	2.8646E1	4.8651E0	2.8428E5	
130	-7.9071E-1	3.0571E1	4.8595E0	2.8650E5	
131	-7.8964E-1	3.2156E1	4.8540E0	2.8872E5	
132	-7.9063E-1	3.0684E1	4.8485E0	2.9094E5	
133	-7.9117E-1	2.9892E1	4.8430E0	2.9316E5	
134	-7.9086E-1	3.0345E1	4.8376E0	2.9538E5	
135	-7.8918E-1	3.2836E1	4.8320E0	2.9760E5	
136	-7.9002E-1	3.1590E1	4.8265E0	2.9982E5	
137	-7.8850E-1	3.3855E1	4.8211E0	3.0204E5	
138	-7.8880E-1	3.3402E1	4.8154E0	3.0426E5	
139	-7.8995E-1	3.1703E1	4.8099E0	3.0648E5	
140	-7.8888E-1	3.3288E1	4.8043E0	3.0870E5	
141	-7.8926E-1	3.2722E1	4.7988E0	3.1092E5	
142	-7.8995E-1	3.1703E1	4.7933E0	3.1314E5	
143	-7.8896E-1	3.3175E1	4.7878E0	3.1536E5	
144	-7.8682E-1	3.6346E1	4.7821E0	3.1758E5	
145	-7.8728E-1	3.5666E1	4.7766E0	3.1980E5	
146	-7.8773E-1	3.4987E1	4.7710E0	3.2202E5	
147	-7.8972E-1	3.2043E1	4.7654E0	3.2424E5	
148	-7.8896E-1	3.3175E1	4.7598E0	3.2646E5	
149	-7.8812E-1	3.4421E1	4.7543E0	3.2868E5	
150	-7.8743E-1	3.5440E1	4.7486E0	3.3090E5	
151	-7.8880E-1	3.3402E1	4.7430E0	3.3312E5	
152	-7.8751E-1	3.5326E1	4.7374E0	3.3534E5	
153	-7.8583E-1	3.7817E1	4.7319E0	3.3756E5	
154	-7.8522E-1	3.8723E1	4.7262E0	3.3978E5	
155	-7.8453E-1	3.9742E1	4.7206E0	3.4200E5	
156	-7.8583E-1	3.7817E1	4.7149E0	3.4422E5	
157	-7.8583E-1	3.7817E1	4.7094E0	3.4644E5	
158	-7.8522E-1	3.8723E1	4.7037E0	3.4866E5	
159	-7.8529E-1	3.8610E1	4.6981E0	3.5088E5	
160	-7.8598E-1	3.7591E1	4.6924E0	3.5310E5	
161	-7.8438E-1	3.9969E1	4.6868E0	3.5532E5	
162	-7.8392E-1	4.0648E1	4.6811E0	3.5754E5	
163	-7.8789E-1	3.4760E1	4.6754E0	3.5976E5	
164	-7.8697E-1	3.6119E1	4.6698E0	3.6198E5	
165	-7.8506E-1	3.8950E1	4.6640E0	3.6420E5	
166	-7.8461E-1	3.9629E1	4.6584E0	3.6642E5	
167	-7.8339E-1	4.1441E1	4.6527E0	3.6864E5	
168	-7.8468E-1	3.9516E1	4.6471E0	3.7086E5	
169	-7.8217E-1	4.3252E1	4.6413E0	3.7308E5	
170	-7.8369E-1	4.0988E1	4.6356E0	3.7530E5	
171	-7.8461E-1	3.9629E1	4.6299E0	3.7752E5	
172	-7.8522E-1	3.8723E1	4.6242E0	3.7974E5	
173	-7.8354E-1	4.1214E1	4.6185E0	3.8196E5	
174	-7.8453E-1	3.9742E1	4.6128E0	3.8418E5	
175	-7.8186E-1	4.3705E1	4.6071E0	3.8640E5	
176	-7.8171E-1	4.3932E1	4.6013E0	3.8862E5	
177	-7.8140E-1	4.4385E1	4.5956E0	3.9084E5	
178	-7.8224E-1	4.3139E1	4.5899E0	3.9306E5	
179	-7.8018E-1	4.6196E1	4.5842E0	3.9528E5	
180	-7.8140E-1	4.4385E1	4.5783E0	3.9750E5	
181	-7.8201E-1	4.3479E1	4.5727E0	3.9972E5	
182	-7.8094E-1	4.5064E1	4.5669E0	4.0194E5	
183	-7.7919E-1	4.7668E1	4.5612E0	4.0416E5	
184	-7.8125E-1	4.4611E1	4.5553E0	4.0638E5	
185	-7.8194E-1	4.3592E1	4.5495E0	4.0860E5	
186	-7.8163E-1	4.4045E1	4.5438E0	4.1082E5	
187	-7.8011E-1	4.6309E1	4.5379E0	4.1304E5	
188	-7.8056E-1	4.5630E1	4.5322E0	4.1526E5	
189	-7.7942E-1	4.7328E1	4.5263E0	4.1748E5	
190	-7.8011E-1	4.6309E1	4.5206E0	4.1970E5	
191	-7.7988E-1	4.6649E1	4.5148E0	4.2192E5	
192	-7.8117E-1	4.4724E1	4.5090E0	4.2414E5	
193	-7.7858E-1	4.8574E1	4.5032E0	4.2636E5	
194	-7.7980E-1	4.6762E1	4.4974E0	4.2858E5	
195	-7.7835E-1	4.8914E1	4.4915E0	4.3080E5	
196	-7.7827E-1	4.9027E1	4.4857E0	4.3302E5	
197	-7.7911E-1	4.7781E1	4.4799E0	4.3524E5	
198	-7.7904E-1	4.7895E1	4.4741E0	4.3746E5	
199	-7.7736E-1	5.0385E1	4.4682E0	4.3968E5	
200	-7.7744E-1	5.0272E1	4.4624E0	4.4190E5	
201	-7.7751E-1	5.0159E1	4.4565E0	4.4412E5	
202	-7.7766E-1	4.9933E1	4.4506E0	4.4634E5	
203	-7.7957E-1	4.7102E1	4.4448E0	4.4856E5	
204	-7.7805E-1	4.9366E1	4.4389E0	4.5078E5	
205	-7.7827E-1	4.9027E1	4.4331E0	4.5300E5	
206	-7.7606E-1	5.2310E1	4.4272E0	4.5522E5	
207	-7.7614E-1	5.2197E1	4.4213E0	4.5744E5	
208	-7.7492E-1	5.4009E1	4.4154E0	4.5966E5	
209	-7.7461E-1	5.4462E1	4.4096E0	4.6188E5	
210	-7.7408E-1	5.5254E1	4.4038E0	4.6410E5	
211	-7.7736E-1	5.0385E1	4.3978E0	4.6632E5	
212	-7.7835E-1	4.8914E1	4.3919E0	4.6854E5	
213	-7.7332E-1	5.6386E1	4.3859E0	4.7076E5	
214	-7.7568E-1	5.2876E1	4.3800E0	4.7298E5	
215	-7.7744E-1	5.0272E1	4.3741E0	4.7520E5	
216	-7.7217E-1	5.8085E1	4.3682E0	4.7742E5	
217	-7.7393E-1	5.5481E1	4.3622E0	4.7964E5	
218	-7.7713E-1	5.0725E1	4.3563E0	4.8186E5	
219	-7.7332E-1	5.6386E1	4.3504E0	4.8408E5	
220	-7.7484E-1	5.4122E1	4.3444E0	4.8630E5	
221	-7.7530E-1	5.3443E1	4.3386E0	4.8852E5	
222	-7.7400E-1	5.5367E1	4.3326E0	4.9074E5	
223	-7.7362E-1	5.5934E1	4.3267E0	4.9296E5	
224	-7.7309E-1	5.6726E1	4.3207E0	4.9518E5	
225	-7.7431E-1	5.4915E1	4.3147E0	4.9740E5	
226	-7.7339E-1	5.6273E1	4.3088E0	4.9962E5	
227	-7.7621E-1	5.2084E1	4.3028E0	5.0184E5	
228	-7.7400E-1	5.5367E1	4.2968E0	5.0406E5	
229	-7.7164E-1	5.8877E1	4.2909E0	5.0628E5	
230	-7.7141E-1	5.9217E1	4.2849E0	5.0850E5	
231	-7.7370E-1	5.5820E1	4.2790E0	5.1072E5	
232	-7.7225E-1	5.7972E1	4.2729E0	5.1294E5	
233	-7.7316E-1	5.6613E1	4.2669E0	5.1516E5	
234	-7.6981E-1	6.1595E1	4.2610E0	5.1738E5	
235	-7.7156E-1	5.8991E1	4.2550E0	5.1960E5	
236	-7.7003E-1	6.1255E1	4.2490E0	5.2182E5	
237	-7.6988E-1	6.1482E1	4.2429E0	5.2404E5	
238	-7.7126E-1	5.9444E1	4.2369E0	5.2626E5	
239	-7.7026E-1	6.0915E1	4.2310E0	5.2848E5	
240	-7.7217E-1	5.8085E1	4.2250E0	5.3070E5	
241	-7.7080E-1	6.0123E1	4.2188E0	5.3292E5	
242	-7.6874E-1	6.3180E1	4.2128E0	5.3514E5	
243	-7.6813E-1	6.4086E1	4.2068E0	5.3736E5	
244	-7.7110E-1	5.9670E1	4.2008E0	5.3958E5	
245	-7.7019E-1	6.1029E1	4.1948E0	5.4180E5	
246	-7.6950E-1	6.2048E1	4.1887E0	5.4402E5	
247	-7.6996E-1	6.1368E1	4.1826E0	5.4624E5	
248	-7.7141E-1	5.9217E1	4.1767E0	5.4846E5	
249	-7.7095E-1	5.9896E1	4.1706E0	5.5068E5	
250	-7.6904E-1	6.2727E1	4.1644E0	5.5290E5	
251	-7.6736E-1	6.5218E1	4.1585E0	5.5512E5	
252	-7.6889E-1	6.2954E1	4.1524E0	5.5734E5	
253	-7.6843E-1	6.3633E1	4.1464E0	5.5956E5	
254	-7.6836E-1	6.3746E1	4.1403E0	5.6178E5	
255	-7.6828E-1	6.3859E1	4.1341E0	5.6400E5	
256	-7.6729E-1	6.5331E1	4.1281E0	5.6622E5	
257	-7.6706E-1	6.5671E1	4.1220E0	5.6844E5	
258	-7.6736E-1	6.5218E1	4.1160E0	5.7066E5	
259	-7.6668E-1	6.6237E1	4.1098E0	5.7288E5	
260	-7.6721E-1	6.5445E1	4.1037E0	5.7510E5	
261	-7.6668E-1	6.6237E1	4.0976E0	5.7732E5	
262	-7.6569E-1	6.7709E1	4.0915E0	5.7954E5	
263	-7.6729E-1	6.5331E1	4.0854E0	5.8176E5	
264	-7.6645E-1	6.6577E1	4.0793E0	5.8398E5	
265	-7.6485E-1	6.8955E1	4.0732E0	5.8620E5	
266	-7.6447E-1	6.9521E1	4.0671E0	5.8842E5	
267	-7.6439E-1	6.9634E1	4.0609E0	5.9064E5	
268	-7.6508E-1	6.8615E1	4.0548E0	5.9286E5	
269	-7.6477E-1	6.9068E1	4.0487E0	5.9508E5	
270	-7.6347E-1	7.0993E1	4.0426E0	5.9730E5	
271	-7.6332E-1	7.1219E1	4.0364E0	5.9952E5	
272	-7.6340E-1	7.1106E1	4.0302E0	6.0174E5	
273	-7.6447E-1	6.9521E1	4.0241E0	6.0396E5	
274	-7.6317E-1	7.1445E1	4.0179E0	6.0618E5	
275	-7.6454E-1	6.9407E1	4.0118E0	6.0840E5	
276	-7.6263E-1	7.2238E1	4.0056E0	6.1062E5	
277	-7.6324E-1	7.1332E1	3.9994E0	6.1284E5	
278	-7.6233E-1	7.2691E1	3.9933E0	6.1506E5	
279	-7.6233E-1	7.2691E1	3.9871E0	6.1728E5	
280	-7.6309E-1	7.1559E1	3.9811E0	6.1950E5	
281	-7.6118E-1	7.4389E1	3.9748E0	6.2172E5	
282	-7.6134E-1	7.4163E1	3.9686E0	6.2394E5	
283	-7.6111E-1	7.4503E1	3.9625E0	6.2616E5	
284	-7.6157E-1	7.3823E1	3.9562E0	6.2838E5	
285	-7.6080E-1	7.4955E1	3.9501E0	6.3060E5	
286	-7.5928E-1	7.7220E1	3.9438E0	6.3282E5	
287	-7.6218E-1	7.2917E1	3.9376E0	6.3504E5	
288	-7.6111E-1	7.4503E1	3.9315E0	6.3726E5	
289	-7.6241E-1	7.2578E1	3.9252E0	6.3948E5	
290	-7.6180E-1	7.3484E1	3.9189E0	6.4170E5	
291	-7.6042E-1	7.5522E1	3.9128E0	6.4392E5	
292	-7.5981E-1	7.6427E1	3.9067E0	6.4614E5	
293	-7.5867E-1	7.8126E1	3.9003E0	6.4836E5	
294	-7.6012E-1	7.5975E1	3.8942E0	6.5058E5	
295	-7.5905E-1	7.7560E1	3.8879E0	6.5280E5	
296	-7.5851E-1	7.8352E1	3.8817E0	6.5502E5	
297	-7.5783E-1	7.9371E1	3.8754E0	6.5724E5	
298	-7.5706E-1	8.0504E1	3.8692E0	6.5946E5	
299	-7.5790E-1	7.9258E1	3.8630E0	6.6168E5	
300	-7.5706E-1	8.0504E1	3.8568E0	6.6390E5	
301	-7.5806E-1	7.9032E1	3.8504E0	6.6612E5	
302	-7.5729E-1	8.0164E1	3.8442E0	6.6834E5	
303	-7.5569E-1	8.2542E1	3.8379E0	6.7056E5	
304	-7.5813E-1	7.8918E1	3.8316E0	6.7278E5	
305	-7.5745E-1	7.9937E1	3.8254E0	6.7500E5	
306	-7.5661E-1	8.1183E1	3.8191E0	6.7722E5	
307	-7.5768E-1	7.9598E1	3.8129E0	6.7944E5	
308	-7.5653E-1	8.1296E1	3.8066E0	6.8166E5	
309	-7.5706E-1	8.0504E1	3.8003E0	6.8388E5	
310	-7.5699E-1	8.0617E1	3.7941E0	6.8610E5	
311	-7.5905E-1	7.7560E1	3.7878E0	6.8832E5	
312	-7.5470E-1	8.4014E1	3.7815E0	6.9054E5	
313	-7.5508E-1	8.3447E1	3.7752E0	6.9276E5	
314	-7.5447E-1	8.4353E1	3.7689E0	6.9498E5	
315	-7.5684E-1	8.0843E1	3.7626E0	6.9720E5	
316	-7.5752E-1	7.9824E1	3.7564E0	6.9942E5	
317	-7.5661E-1	8.1183E1	3.7500E0	7.0164E5	
318	-7.5371E-1	8.5485E1	3.7436E0	7.0386E5	
319	-7.5691E-1	8.0730E1	3.7374E0	7.0608E5	
320	-7.5417E-1	8.4806E1	3.7310E0	7.0830E5	
321	-7.5371E-1	8.5485E1	3.7247E0	7.1052E5	
322	-7.5546E-1	8.2881E1	3.7183E0	7.1274E5	
323	-7.5668E-1	8.1070E1	3.7120E0	7.1496E5	
324	-7.5409E-1	8.4919E1	3.7057E0	7.1718E5	
325	-7.5462E-1	8.4127E1	3.6994E0	7.1940E5	
326	-7.5333E-1	8.6052E1	3.6930E0	7.2162E5	
327	-7.5409E-1	8.4919E1	3.6867E0	7.2384E5	
328	-7.5409E-1	8.4919E1	3.6803E0	7.2606E5	
329	-7.5310E-1	8.6391E1	3.6740E0	7.2828E5	
330	-7.4951E-1	9.1713E1	3.6677E0	7.3050E5	
331	-7.5249E-1	8.7297E1	3.6613E0	7.3272E5	
332	-7.5043E-1	9.0354E1	3.6548E0	7.3494E5	
333	-7.5188E-1	8.8203E1	3.6486E0	7.3716E5	
334	-7.5256E-1	8.7184E1	3.6422E0	7.3938E5	
335	-7.5066E-1	9.0015E1	3.6359E0	7.4160E5	
336	-7.5081E-1	8.9788E1	3.6294E0	7.4382E5	
337	-7.5279E-1	8.6844E1	3.6231E0	7.4604E5	
338	-7.5081E-1	8.9788E1	3.6167E0	7.4826E5	
339	-7.5233E-1	8.7524E1	3.6103E0	7.5048E5	
340	-7.5012E-1	9.0807E1	3.6039E0	7.5270E5	
341	-7.4921E-1	9.2166E1	3.5975E0	7.5492E5	
342	-7.5157E-1	8.8656E1	3.5911E0	7.5714E5	
343	-7.4852E-1	9.3185E1	3.5846E0	7.5936E5	
344	-7.5111E-1	8.9335E1	3.5783E0	7.6158E5	
345	-7.4867E-1	9.2958E1	3.5719E0	7.6380E5	
346	-7.5203E-1	8.7976E1	3.5655E0	7.6602E5	
347	-7.4806E-1	9.3864E1	3.5591E0	7.6824E5	
348	-7.4547E-1	9.7714E1	3.5527E0	7.7046E5	
349	-7.4905E-1	9.2392E1	3.5462E0	7.7268E5	
350	-7.4768E-1	9.4430E1	3.5398E0	7.7490E5	
351	-7.4760E-1	9.4544E1	3.5334E0	7.7712E5	
352	-7.4768E-1	9.4430E1	3.5270E0	7.7934E5	
353	-7.4699E-1	9.5449E1	3.5204E0	7.8156E5	
354	-7.4951E-1	9.1713E1	3.5141E0	7.8378E5	
355	-7.4745E-1	9.4770E1	3.5077E0	7.8600E5	
356	-7.4989E-1	9.1147E1	3.5012E0	7.8822E5	
357	-7.4898E-1	9.2505E1	3.4947E0	7.9044E5	
358	-7.4539E-1	9.7827E1	3.4883E0	7.9266E5	
359	-7.4532E-1	9.7940E1	3.4819E0	7.9488E5	
360	-7.4768E-1	9.4430E1	3.4754E0	7.9710E5	
361	-7.4554E-1	9.7601E1	3.4689E0	7.9932E5	
362	-7.4753E-1	9.4657E1	3.4624E0	8.0154E5	
363	-7.4455E-1	9.9073E1	3.4560E0	8.0376E5	
364	-7.4448E-1	9.9186E1	3.4495E0	8.0598E5	
365	-7.4570E-1	9.7374E1	3.4431E0	8.0820E5	
366	-7.4303E-1	1.0134E2	3.4366E0	8.1042E5	
367	-7.4478E-1	9.8733E1	3.4301E0	8.1264E5	
368	-7.4455E-1	9.9073E1	3.4236E0	8.1486E5	
369	-7.4478E-1	9.8733E1	3.4171E0	8.1708E5	
370	-7.4524E-1	9.8054E1	3.4106E0	8.1930E5	
371	-7.4608E-1	9.6808E1	3.4042E0	8.2152E5	
372	-7.4593E-1	9.7035E1	3.3977E0	8.2374E5	
373	-7.4333E-1	1.0088E2	3.3911E0	8.2596E5	
374	-7.4524E-1	9.8054E1	3.3846E0	8.2818E5	
375	-7.4692E-1	9.5563E1	3.3782E0	8.3040E5	
376	-7.4364E-1	1.0043E2	3.3717E0	8.3262E5	
377	-7.4287E-1	1.0156E2	3.3652E0	8.3484E5	
378	-7.4295E-1	1.0145E2	3.3587E0	8.3706E5	
379	-7.4486E-1	9.8620E1	3.3520E0	8.3928E5	
380	-7.4234E-1	1.0236E2	3.3456E0	8.4150E5	
381	-7.4295E-1	1.0145E2	3.3391E0	8.4372E5	
382	-7.4181E-1	1.0315E2	3.3325E0	8.4594E5	
383	-7.4242E-1	1.0224E2	3.3260E0	8.4816E5	
384	-7.4272E-1	1.0179E2	3.3195E0	8.5038E5	
385	-7.4333E-1	1.0088E2	3.3129E0	8.5260E5	
386	-7.4165E-1	1.0338E2	3.3064E0	8.5482E5	
387	-7.4295E-1	1.0145E2	3.2998E0	8.5704E5	
388	-7.4226E-1	1.0247E2	3.2933E0	8.5926E5	
389	-7.4097E-1	1.0439E2	3.2867E0	8.6148E5	
390	-7.4051E-1	1.0507E2	3.2802E0	8.6370E5	
391	-7.4120E-1	1.0405E2	3.2737E0	8.6592E5	
392	-7.4295E-1	1.0145E2	3.2671E0	8.6814E5	
393	-7.4112E-1	1.0417E2	3.2606E0	8.7036E5	
394	-7.3853E-1	1.0802E2	3.2539E0	8.7258E5	
395	-7.3982E-1	1.0609E2	3.2474E0	8.7480E5	
396	-7.3929E-1	1.0689E2	3.2409E0	8.7702E5	
397	-7.4005E-1	1.0575E2	3.2343E0	8.7924E5	
398	-7.3967E-1	1.0632E2	3.2277E0	8.8146E5	
399	-7.3990E-1	1.0598E2	3.2210E0	8.8368E5	
400	-7.3875E-1	1.0768E2	3.2145E0	8.8590E5	
401	-7.3715E-1	1.1006E2	3.2079E0	8.8812E5	
402	-7.3807E-1	1.0870E2	3.2013E0	8.9034E5	
403	-7.3776E-1	1.0915E2	3.1947E0	8.9256E5	
404	-7.3586E-1	1.1198E2	3.1881E0	8.9478E5	
405	-7.3387E-1	1.1492E2	3.1815E0	8.9700E5	
406	-7.3822E-1	1.0847E2	3.1749E0	8.9922E5	
407	-7.3547E-1	1.1255E2	3.1682E0	9.0144E5	
408	-7.3730E-1	1.0983E2	3.1617E0	9.0366E5	
409	-7.3814E-1	1.0858E2	3.1551E0	9.0588E5	
410	-7.3563E-1	1.1232E2	3.1485E0	9.0810E5	
411	-7.3654E-1	1.1096E2	3.1418E0	9.1032E5	
412	-7.3685E-1	1.1051E2	3.1353E0	9.1254E5	
413	-7.3746E-1	1.0960E2	3.1286E0	9.1476E5	
414	-7.3494E-1	1.1334E2	3.1220E0	9.1698E5	
415	-7.3471E-1	1.1368E2	3.1154E0	9.1920E5	
416	-7.3433E-1	1.1424E2	3.1088E0	9.2142E5	
417	-7.3250E-1	1.1696E2	3.1022E0	9.2364E5	
418	-7.3280E-1	1.1651E2	3.0954E0	9.2586E5	
419	-7.3540E-1	1.1266E2	3.0888E0	9.2808E5	
420	-7.3601E-1	1.1175E2	3.0821E0	9.3030E5	
421	-7.3242E-1	1.1708E2	3.0755E0	9.3252E5	
422	-7.3357E-1	1.1538E2	3.0689E0	9.3474E5	
423	-7.3318E-1	1.1594E2	3.0622E0	9.3696E5	
424	-7.3463E-1	1.1379E2	3.0555E0	9.3918E5	
425	-7.3502E-1	1.1323E2	3.0490E0	9.4140E5	
426	-7.3402E-1	1.1470E2	3.0423E0	9.4362E5	
427	-7.3463E-1	1.1379E2	3.0357E0	9.4584E5	
428	-7.3357E-1	1.1538E2	3.0289E0	9.4806E5	
429	-7.3303E-1	1.1617E2	3.0222E0	9.5028E5	
430	-7.3242E-1	1.1708E2	3.0155E0	9.5250E5	
431	-7.3112E-1	1.1900E2	3.0089E0	9.5472E5	
432	-7.3280E-1	1.1651E2	3.0022E0	9.5694E5	
433	-7.3082E-1	1.1945E2	2.9955E0	9.5916E5	
434	-7.3196E-1	1.1775E2	2.9888E0	9.6138E5	
435	-7.3196E-1	1.1775E2	2.9821E0	9.6360E5	
436	-7.3021E-1	1.2036E2	2.9754E0	9.6582E5	
437	-7.3219E-1	1.1742E2	2.9688E0	9.6804E5	
438	-7.3120E-1	1.1889E2	2.9621E0	9.7026E5	
439	-7.2906E-1	1.2206E2	2.9554E0	9.7248E5	
440	-7.3051E-1	1.1991E2	2.9487E0	9.7470E5	
441	-7.3105E-1	1.1911E2	2.9420E0	9.7692E5	
442	-7.2838E-1	1.2308E2	2.9353E0	9.7914E5	
443	-7.3082E-1	1.1945E2	2.9286E0	9.8136E5	
444	-7.3029E-1	1.2025E2	2.9219E0	9.8358E5	
445	-7.2838E-1	1.2308E2	2.9151E0	9.8580E5	
446	-7.2739E-1	1.2455E2	2.9084E0	9.8802E5	
447	-7.2884E-1	1.2240E2	2.9016E0	9.9024E5	
448	-7.2838E-1	1.2308E2	2.8950E0	9.9246E5	
449	-7.3021E-1	1.2036E2	2.8883E0	9.9468E5	
450	-7.2823E-1	1.2330E2	2.8815E0	9.9690E5	
451	-7.2731E-1	1.2466E2	2.8748E0	9.9912E5	
452	-7.2968E-1	1.2115E2	2.8681E0	1.0013E6	
453	-7.2983E-1	1.2093E2	2.8613E0	1.0036E6	
454	-7.2617E-1	1.2636E2	2.8546E0	1.0058E6	
455	-7.2655E-1	1.2579E2	2.8477E0	1.0080E6	
456	-7.2769E-1	1.2410E2	2.8410E0	1.0102E6	
457	-7.2876E-1	1.2251E2	2.8343E0	1.0124E6	
458	-7.2701E-1	1.2511E2	2.8276E0	1.0147E6	
459	-7.2670E-1	1.2557E2	2.8207E0	1.0169E6	
460	-7.2639E-1	1.2602E2	2.8140E0	1.0191E6	
461	-7.2716E-1	1.2489E2	2.8073E0	1.0213E6	
462	-7.2556E-1	1.2727E2	2.8005E0	1.0235E6	
463	-7.2594E-1	1.2670E2	2.7937E0	1.0258E6	
464	-7.2556E-1	1.2727E2	2.7870E0	1.0280E6	
465	-7.2479E-1	1.2840E2	2.7801E0	1.0302E6	
466	-7.2533E-1	1.2761E2	2.7734E0	1.0324E6	
467	-7.2495E-1	1.2817E2	2.7666E0	1.0346E6	
468	-7.2304E-1	1.3100E2	2.7598E0	1.0369E6	
469	-7.2418E-1	1.2930E2	2.7531E0	1.0391E6	
470	-7.2487E-1	1.2828E2	2.7463E0	1.0413E6	
471	-7.2479E-1	1.2840E2	2.7396E0	1.0435E6	
472	-7.2273E-1	1.3146E2	2.7328E0	1.0457E6	
473	-7.2388E-1	1.2976E2	2.7259E0	1.0480E6	
474	-7.2212E-1	1.3236E2	2.7192E0	1.0502E6	
475	-7.2205E-1	1.3247E2	2.7123E0	1.0524E6	
476	-7.2166E-1	1.3304E2	2.7055E0	1.0546E6	
477	-7.2159E-1	1.3315E2	2.6988E0	1.0568E6	
478	-7.2136E-1	1.3349E2	2.6920E0	1.0591E6	
479	-7.2128E-1	1.3361E2	2.6851E0	1.0613E6	
480	-7.2182E-1	1.3281E2	2.6783E0	1.0635E6	
481	-7.2105E-1	1.3395E2	2.6716E0	1.0657E6	
482	-7.2212E-1	1.3236E2	2.6647E0	1.0679E6	
483	-7.2044E-1	1.3485E2	2.6579E0	1.0702E6	
484	-7.2075E-1	1.3440E2	2.6511E0	1.0724E6	
485	-7.1846E-1	1.3780E2	2.6443E0	1.0746E6	
486	-7.2083E-1	1.3429E2	2.6375E0	1.0768E6	
487	-7.2006E-1	1.3542E2	2.6306E0	1.0790E6	
488	-7.1945E-1	1.3632E2	2.6238E0	1.0813E6	
489	-7.2014E-1	1.3530E2	2.6169E0	1.0835E6	
490	-7.1907E-1	1.3689E2	2.6101E0	1.0857E6	
491	-7.1770E-1	1.3893E2	2.6033E0	1.0879E6	
492	-7.1808E-1	1.3836E2	2.5964E0	1.0901E6	
493	-7.1686E-1	1.4017E2	2.5896E0	1.0924E6	
494	-7.1785E-1	1.3870E2	2.5827E0	1.0946E6	
495	-7.1877E-1	1.3734E2	2.5758E0	1.0968E6	
496	-7.1945E-1	1.3632E2	2.5690E0	1.0990E6	
497	-7.1426E-1	1.4402E2	2.5621E0	1.1012E6	
498	-7.1632E-1	1.4097E2	2.5553E0	1.1035E6	
499	-7.1899E-1	1.3700E2	2.5484E0	1.1057E6	
500	-7.1739E-1	1.3938E2	2.5416E0	1.1079E6	
501	-7.1678E-1	1.4029E2	2.5346E0	1.1101E6	
502	-7.1426E-1	1.4402E2	2.5279E0	1.1123E6	
503	-7.1709E-1	1.3983E2	2.5210E0	1.1146E6	
504	-7.1686E-1	1.4017E2	2.5141E0	1.1168E6	
505	-7.1793E-1	1.3859E2	2.5072E0	1.1190E6	
506	-7.1793E-1	1.3859E2	2.5004E0	1.1212E6	
507	-7.1831E-1	1.3802E2	2.4935E0	1.1234E6	
508	-7.1533E-1	1.4244E2	2.4866E0	1.1257E6	
509	-7.1442E-1	1.4380E2	2.4797E0	1.1279E6	
510	-7.1671E-1	1.4040E2	2.4728E0	1.1301E6	
511	-7.1785E-1	1.3870E2	2.4660E0	1.1323E6	
512	-7.1617E-1	1.4119E2	2.4590E0	1.1345E6	
513	-7.1297E-1	1.4595E2	2.4522E0	1.1368E6	
514	-7.1594E-1	1.4153E2	2.4453E0	1.1390E6	
515	-7.1304E-1	1.4583E2	2.4384E0	1.1412E6	
516	-7.1564E-1	1.4199E2	2.4315E0	1.1434E6	
517	-7.1419E-1	1.4414E2	2.4245E0	1.1456E6	
518	-7.1190E-1	1.4753E2	2.4178E0	1.1479E6	
519	-7.1472E-1	1.4334E2	2.4108E0	1.1501E6	
520	-7.1404E-1	1.4436E2	2.4039E0	1.1523E6	
521	-7.1388E-1	1.4459E2	2.3970E0	1.1545E6	
522	-7.1365E-1	1.4493E2	2.3901E0	1.1567E6	
523	-7.1144E-1	1.4821E2	2.3831E0	1.1590E6	
524	-7.1182E-1	1.4765E2	2.3763E0	1.1612E6	
525	-7.1228E-1	1.4697E2	2.3694E0	1.1634E6	
526	-7.1175E-1	1.4776E2	2.3624E0	1.1656E6	
527	-7.1304E-1	1.4583E2	2.3554E0	1.1678E6	
528	-7.1213E-1	1.4719E2	2.3486E0	1.1701E6	
529	-7.1289E-1	1.4606E2	2.3417E0	1.1723E6	
530	-7.1060E-1	1.4946E2	2.3348E0	1.1745E6	
531	-7.1007E-1	1.5025E2	2.3278E0	1.1767E6	
532	-7.1358E-1	1.4504E2	2.3209E0	1.1789E6	
533	-7.1114E-1	1.4867E2	2.3138E0	1.1812E6	
534	-7.1114E-1	1.4867E2	2.3070E0	1.1834E6	
535	-7.1167E-1	1.4787E2	2.3000E0	1.1856E6	
536	-7.0984E-1	1.5059E2	2.2931E0	1.1878E6	
537	-7.0786E-1	1.5353E2	2.2861E0	1.1900E6	
538	-7.0740E-1	1.5421E2	2.2792E0	1.1923E6	
539	-7.0961E-1	1.5093E2	2.2723E0	1.1945E6	
540	-7.1068E-1	1.4934E2	2.2653E0	1.1967E6	
541	-7.0915E-1	1.5161E2	2.2583E0	1.1989E6	
542	-7.0801E-1	1.5331E2	2.2515E0	1.2011E6	
543	-7.0786E-1	1.5353E2	2.2444E0	1.2034E6	
544	-7.0892E-1	1.5195E2	2.2373E0	1.2056E6	
545	-7.0557E-1	1.5693E2	2.2304E0	1.2078E6	
546	-7.0732E-1	1.5433E2	2.2236E0	1.2100E6	
547	-7.0663E-1	1.5535E2	2.2165E0	1.2122E6	
548	-7.0686E-1	1.5501E2	2.2097E0	1.2145E6	
549	-7.0755E-1	1.5399E2	2.2026E0	1.2167E6	
550	-7.0564E-1	1.5682E2	2.1957E0	1.2189E6	
551	-7.0534E-1	1.5727E2	2.1887E0	1.2211E6	
552	-7.0549E-1	1.5704E2	2.1816E0	1.2233E6	
553	-7.0602E-1	1.5625E2	2.1747E0	1.2256E6	
554	-7.0465E-1	1.5829E2	2.1677E0	1.2278E6	
555	-7.0442E-1	1.5863E2	2.1607E0	1.2300E6	
556	-7.0587E-1	1.5648E2	2.1538E0	1.2322E6	
557	-7.0740E-1	1.5421E2	2.1468E0	1.2344E6	
558	-7.0427E-1	1.5886E2	2.1399E0	1.2367E6	
559	-7.0496E-1	1.5784E2	2.1329E0	1.2389E6	
560	-7.0496E-1	1.5784E2	2.1258E0	1.2411E6	
561	-7.0427E-1	1.5886E2	2.1189E0	1.2433E6	
562	-7.0358E-1	1.5987E2	2.1119E0	1.2455E6	
563	-7.0488E-1	1.5795E2	2.1049E0	1.2478E6	
564	-7.0389E-1	1.5942E2	2.0979E0	1.2500E6	
565	-7.0168E-1	1.6271E2	2.0908E0	1.2522E6	
566	-7.0229E-1	1.6180E2	2.0837E0	1.2544E6	
567	-7.0305E-1	1.6067E2	2.0768E0	1.2566E6	
568	-7.0335E-1	1.6021E2	2.0698E0	1.2589E6	
569	-7.0274E-1	1.6112E2	2.0628E0	1.2611E6	
570	-7.0076E-1	1.6406E2	2.0558E0	1.2633E6	
571	-7.0145E-1	1.6305E2	2.0488E0	1.2655E6	
572	-7.0381E-1	1.5954E2	2.0418E0	1.2677E6	
573	-7.0236E-1	1.6169E2	2.0347E0	1.2700E6	
574	-7.0160E-1	1.6282E2	2.0278E0	1.2722E6	
575	-7.0213E-1	1.6203E2	2.0208E0	1.2744E6	
576	-7.0328E-1	1.6033E2	2.0138E0	1.2766E6	
577	-7.0084E-1	1.6395E2	2.0067E0	1.2788E6	
578	-7.0267E-1	1.6123E2	1.9997E0	1.2811E6	
579	-7.0068E-1	1.6418E2	1.9926E0	1.2833E6	
580	-7.0175E-1	1.6259E2	1.9856E0	1.2855E6	
581	-7.0297E-1	1.6078E2	1.9786E0	1.2877E6	
582	-6.9984E-1	1.6542E2	1.9716E0	1.2899E6	
583	-6.9931E-1	1.6622E2	1.9646E0	1.2922E6	
584	-6.9832E-1	1.6769E2	1.9576E0	1.2944E6	
585	-6.9786E-1	1.6837E2	1.9505E0	1.2966E6	
586	-6.9984E-1	1.6542E2	1.9434E0	1.2988E6	
587	-6.9855E-1	1.6735E2	1.9364E0	1.3010E6	
588	-6.9733E-1	1.6916E2	1.9293E0	1.3033E6	
589	-6.9923E-1	1.6633E2	1.9222E0	1.3055E6	
590	-6.9847E-1	1.6746E2	1.9153E0	1.3077E6	
591	-6.9832E-1	1.6769E2	1.9081E0	1.3099E6	
592	-6.9809E-1	1.6803E2	1.9012E0	1.3121E6	
593	-6.9656E-1	1.7029E2	1.8941E0	1.3144E6	
594	-6.9695E-1	1.6973E2	1.8872E0	1.3166E6	
595	-6.9870E-1	1.6712E2	1.8800E0	1.3188E6	
596	-6.9626E-1	1.7074E2	1.8730E0	1.3210E6	
597	-6.9435E-1	1.7358E2	1.8659E0	1.3232E6	
598	-6.9862E-1	1.6723E2	1.8589E0	1.3255E6	
599	-6.9450E-1	1.7335E2	1.8518E0	1.3277E6	
600	-6.9626E-1	1.7074E2	1.8448E0	1.3299E6	
601	-6.9534E-1	1.7210E2	1.8377E0	1.3321E6	
602	-6.9283E-1	1.7584E2	1.8306E0	1.3343E6	
603	-6.9153E-1	1.7776E2	1.8236E0	1.3366E6	
604	-6.9359E-1	1.7471E2	1.8165E0	1.3388E6	
605	-6.9336E-1	1.7505E2	1.8094E0	1.3410E6	
606	-6.9344E-1	1.7493E2	1.8023E0	1.3432E6	
607	-6.9298E-1	1.7561E2	1.7953E0	1.3454E6	
608	-6.9206E-1	1.7697E2	1.7882E0	1.3477E6	
609	-6.9252E-1	1.7629E2	1.7810E0	1.3499E6	
610	-6.9183E-1	1.7731E2	1.7741E0	1.3521E6	
611	-6.9328E-1	1.7516E2	1.7669E0	1.3543E6	
612	-6.9191E-1	1.7720E2	1.7600E0	1.3565E6	
613	-6.9290E-1	1.7573E2	1.7528E0	1.3588E6	
614	-6.9336E-1	1.7505E2	1.7458E0	1.3610E6	
615	-6.9229E-1	1.7663E2	1.7386E0	1.3632E6	
616	-6.9046E-1	1.7935E2	1.7316E0	1.3654E6	
617	-6.9176E-1	1.7742E2	1.7245E0	1.3676E6	
618	-6.9145E-1	1.7788E2	1.7174E0	1.3699E6	
619	-6.9359E-1	1.7471E2	1.7102E0	1.3721E6	
620	-6.9107E-1	1.7844E2	1.7031E0	1.3743E6	
621	-6.8932E-1	1.8105E2	1.6960E0	1.3765E6	
622	-6.8939E-1	1.8093E2	1.6890E0	1.3787E6	
623	-6.9099E-1	1.7856E2	1.6819E0	1.3810E6	
624	-6.9000E-1	1.8003E2	1.6748E0	1.3832E6	
625	-6.8962E-1	1.8060E2	1.6677E0	1.3854E6	
626	-6.8909E-1	1.8139E2	1.6607E0	1.3876E6	
627	-6.8825E-1	1.8263E2	1.6536E0	1.3898E6	
628	-6.8932E-1	1.8105E2	1.6466E0	1.3921E6	
629	-6.9016E-1	1.7980E2	1.6393E0	1.3943E6	
630	-6.8771E-1	1.8343E2	1.6322E0	1.3965E6	
631	-6.8741E-1	1.8388E2	1.6251E0	1.3987E6	
632	-6.8710E-1	1.8433E2	1.6180E0	1.4009E6	
633	-6.8550E-1	1.8671E2	1.6109E0	1.4032E6	
634	-6.8695E-1	1.8456E2	1.6039E0	1.4054E6	
635	-6.8832E-1	1.8252E2	1.5967E0	1.4076E6	
636	-6.8726E-1	1.8411E2	1.5897E0	1.4098E6	
637	-6.8619E-1	1.8569E2	1.5825E0	1.4120E6	
638	-6.8764E-1	1.8354E2	1.5754E0	1.4143E6	
639	-6.8748E-1	1.8377E2	1.5683E0	1.4165E6	
640	-6.8810E-1	1.8286E2	1.5612E0	1.4187E6	
641	-6.8588E-1	1.8614E2	1.5540E0	1.4209E6	
642	-6.8520E-1	1.8716E2	1.5469E0	1.4231E6	
643	-6.8596E-1	1.8603E2	1.5399E0	1.4254E6	
644	-6.8695E-1	1.8456E2	1.5327E0	1.4276E6	
645	-6.8420E-1	1.8863E2	1.5256E0	1.4298E6	
646	-6.8672E-1	1.8490E2	1.5185E0	1.4320E6	
647	-6.8626E-1	1.8558E2	1.5114E0	1.4342E6	
648	-6.8481E-1	1.8773E2	1.5042E0	1.4365E6	
649	-6.8382E-1	1.8920E2	1.4971E0	1.4387E6	
650	-6.8398E-1	1.8897E2	1.4900E0	1.4409E6	
651	-6.8420E-1	1.8863E2	1.4828E0	1.4431E6	
652	-6.8619E-1	1.8569E2	1.4758E0	1.4453E6	
653	-6.8542E-1	1.8682E2	1.4685E0	1.4476E6	
654	-6.8130E-1	1.9294E2	1.4615E0	1.4498E6	
655	-6.8192E-1	1.9203E2	1.4543E0	1.4520E6	
656	-6.8321E-1	1.9011E2	1.4472E0	1.4542E6	
657	-6.8451E-1	1.8818E2	1.4401E0	1.4564E6	
658	-6.8367E-1	1.8943E2	1.4329E0	1.4587E6	
659	-6.8375E-1	1.8931E2	1.4258E0	1.4609E6	
660	-6.8169E-1	1.9237E2	1.4188E0	1.4631E6	
661	-6.8398E-1	1.8897E2	1.4115E0	1.4653E6	
662	-6.7978E-1	1.9520E2	1.4044E0	1.4675E6	
663	-6.8474E-1	1.8784E2	1.3973E0	1.4698E6	
664	-6.8092E-1	1.9350E2	1.3902E0	1.4720E6	
665	-6.8016E-1	1.9464E2	1.3831E0	1.4742E6	
666	-6.8153E-1	1.9260E2	1.3759E0	1.4764E6	
667	-6.8062E-1	1.9396E2	1.3688E0	1.4786E6	
668	-6.8077E-1	1.9373E2	1.3616E0	1.4809E6	
669	-6.8039E-1	1.9430E2	1.3545E0	1.4831E6	
670	-6.7986E-1	1.9509E2	1.3473E0	1.4853E6	
671	-6.8008E-1	1.9475E2	1.3402E0	1.4875E6	
672	-6.8108E-1	1.9328E2	1.3330E0	1.4897E6	
673	-6.7787E-1	1.9803E2	1.3259E0	1.4920E6	
674	-6.7909E-1	1.9622E2	1.3187E0	1.4942E6	
675	-6.8024E-1	1.9452E2	1.3116E0	1.4964E6	
676	-6.7802E-1	1.9781E2	1.3046E0	1.4986E6	
677	-6.7825E-1	1.9747E2	1.2973E0	1.5008E6	
678	-6.7741E-1	1.9871E2	1.2902E0	1.5031E6	
679	-6.7581E-1	2.0109E2	1.2831E0	1.5053E6	
680	-6.7459E-1	2.0290E2	1.2758E0	1.5075E6	
681	-6.7810E-1	1.9769E2	1.2688E0	1.5097E6	
682	-6.7635E-1	2.0030E2	1.2616E0	1.5119E6	
683	-6.7833E-1	1.9735E2	1.2544E0	1.5142E6	
684	-6.7619E-1	2.0052E2	1.2473E0	1.5164E6	
685	-6.7345E-1	2.0460E2	1.2402E0	1.5186E6	
686	-6.7398E-1	2.0381E2	1.2330E0	1.5208E6	
687	-6.7627E-1	2.0041E2	1.2259E0	1.5230E6	
688	-6.7665E-1	1.9984E2	1.2187E0	1.5253E6	
689	-6.7879E-1	1.9667E2	1.2115E0	1.5275E6	
690	-6.7429E-1	2.0335E2	1.2043E0	1.5297E6	
691	-6.7436E-1	2.0324E2	1.1973E0	1.5319E6	
692	-6.7398E-1	2.0381E2	1.1902E0	1.5341E6	
693	-6.7749E-1	1.9860E2	1.1829E0	1.5364E6	
694	-6.7413E-1	2.0358E2	1.1759E0	1.5386E6	
695	-6.7535E-1	2.0177E2	1.1686E0	1.5408E6	
696	-6.7413E-1	2.0358E2	1.1615E0	1.5430E6	
697	-6.7299E-1	2.0528E2	1.1543E0	1.5452E6	
698	-6.7436E-1	2.0324E2	1.1472E0	1.5475E6	
699	-6.9572E-1	1.7154E2	1.1401E0	1.5497E6	
700	-6.9031E-1	1.7958E2	1.1329E0	1.5519E6	
701	-6.7772E-1	1.9826E2	1.1257E0	1.5541E6	
702	-6.7009E-1	2.0958E2	1.1187E0	1.5563E6	
703	-6.6544E-1	2.1649E2	1.1113E0	1.5586E6	
704	-6.6093E-1	2.2317E2	1.1044E0	1.5608E6	
705	-6.5598E-1	2.3053E2	1.0971E0	1.5630E6	
706	-6.4949E-1	2.4015E2	1.0899E0	1.5652E6	
707	-6.4644E-1	2.4468E2	1.0829E0	1.5674E6	
708	-6.3385E-1	2.6336E2	1.0756E0	1.5697E6	
709	-6.3141E-1	2.6699E2	1.0686E0	1.5719E6	
710	-6.2408E-1	2.7786E2	1.0614E0	1.5741E6	
711	-6.1874E-1	2.8578E2	1.0541E0	1.5763E6	
712	-6.1188E-1	2.9597E2	1.0470E0	1.5785E6	
713	-6.0730E-1	3.0277E2	1.0398E0	1.5808E6	
714	-5.9685E-1	3.1828E2	1.0327E0	1.5830E6	
715	-5.8861E-1	3.3051E2	1.0256E0	1.5852E6	
716	-5.8372E-1	3.3775E2	1.0183E0	1.5874E6	
717	-5.7564E-1	3.4975E2	1.0111E0	1.5896E6	
718	-5.6534E-1	3.6504E2	1.0041E0	1.5919E6	
719	-5.6168E-1	3.7047E2	9.9686E-1	1.5941E6	
720	-5.5595E-1	3.7897E2	9.8975E-1	1.5963E6	
721	-5.5077E-1	3.8667E2	9.8255E-1	1.5985E6	
722	-5.4329E-1	3.9776E2	9.7539E-1	1.6007E6	
723	-5.4062E-1	4.0172E2	9.6822E-1	1.6030E6	
724	-5.3352E-1	4.1225E2	9.6106E-1	1.6052E6	
725	-5.3017E-1	4.1724E2	9.5392E-1	1.6074E6	
726	-5.2895E-1	4.1905E2	9.4681E-1	1.6096E6	
727	-5.2467E-1	4.2539E2	9.3960E-1	1.6118E6	
728	-5.1636E-1	4.3773E2	9.3242E-1	1.6141E6	
729	-5.1544E-1	4.3909E2	9.2528E-1	1.6163E6	
730	-5.0842E-1	4.4951E2	9.1808E-1	1.6185E6	
731	-5.0720E-1	4.5132E2	9.1102E-1	1.6207E6	
732	-5.0140E-1	4.5992E2	9.0381E-1	1.6229E6	
733	-4.9347E-1	4.7170E2	8.9655E-1	1.6252E6	
734	-4.8912E-1	4.7815E2	8.8946E-1	1.6274E6	
735	-4.8424E-1	4.8540E2	8.8234E-1	1.6296E6	
736	-4.7867E-1	4.9366E2	8.7511E-1	1.6318E6	
737	-4.7165E-1	5.0408E2	8.6794E-1	1.6340E6	
738	-4.6844E-1	5.0884E2	8.6084E-1	1.6363E6	
739	-4.6341E-1	5.1631E2	8.5367E-1	1.6385E6	
740	-4.5853E-1	5.2356E2	8.4651E-1	1.6407E6	
741	-4.5288E-1	5.3193E2	8.3932E-1	1.6429E6	
742	-4.4579E-1	5.4246E2	8.3221E-1	1.6451E6	
743	-4.3854E-1	5.5322E2	8.2508E-1	1.6474E6	
744	-4.3327E-1	5.6103E2	8.1799E-1	1.6496E6	
745	-4.2770E-1	5.6930E2	8.1072E-1	1.6518E6	
746	-4.1809E-1	5.8357E2	8.0355E-1	1.6540E6	
747	-4.1550E-1	5.8742E2	7.9639E-1	1.6562E6	
748	-4.1000E-1	5.9557E2	7.8921E-1	1.6585E6	
749	-4.1161E-1	5.9319E2	7.8218E-1	1.6607E6	
750	-4.0176E-1	6.0780E2	7.7501E-1	1.6629E6	
751	-3.9688E-1	6.1504E2	7.6771E-1	1.6651E6	
752	-3.9154E-1	6.2297E2	7.6073E-1	1.6673E6	
753	-3.8322E-1	6.3531E2	7.5349E-1	1.6696E6	
754	-3.7544E-1	6.4686E2	7.4640E-1	1.6718E6	
755	-3.7064E-1	6.5399E2	7.3927E-1	1.6740E6	
756	-3.6835E-1	6.5739E2	7.3213E-1	1.6762E6	
757	-3.6255E-1	6.6599E2	7.2500E-1	1.6784E6	
758	-3.4630E-1	6.9011E2	7.1788E-1	1.6807E6	
759	-3.4271E-1	6.9543E2	7.1065E-1	1.6829E6	
760	-3.3813E-1	7.0223E2	7.0356E-1	1.6851E6	
761	-3.2539E-1	7.2113E2	6.9647E-1	1.6873E6	
762	-3.1487E-1	7.3676E2	6.8936E-1	1.6895E6	
763	-3.1372E-1	7.3846E2	6.8450E-1	1.6910E6	
764	-3.1380E-1	7.3835E2	6.8449E-1	1.6911E6	
765	-3.1197E-1	7.4106E2	6.8251E-1	1.6917E6	
766	-3.1120E-1	7.4219E2	6.8234E-1	1.6917E6	
767	-3.1120E-1	7.4219E2	6.8234E-1	1.6917E6	
768	-3.1120E-1	7.4219E2	6.8234E-1	1.6917E6	
769	-3.1120E-1	7.4219E2	6.8234E-1	1.6917E6	
770	-3.1120E-1	7.4219E2	6.8234E-1	1.6917E6	
771	-3.1120E-1	7.4219E2	6.8234E-1	1.6917E6	
772	-3.1120E-1	7.4219E2	6.8234E-1	1.6917E6	
773	-3.1120E-1	7.4219E2	6.8234E-1	1.6917E6	
774	-3.1120E-1	7.4219E2	6.8234E-1	1.6917E6	
775	-3.1120E-1	7.4219E2	6.8234E-1	1.6917E6	
776	-3.1120E-1	7.4219E2	6.8234E-1	1.6917E6	
777	-3.1120E-1	7.4219E2	6.8234E-1	1.6917E6	
778	-3.1120E-1	7.4219E2	6.8234E-1	1.6917E6	
779	-3.1120E-1	7.4219E2	6.8234E-1	1.6917E6	
780	-3.1120E-1	7.4219E2	6.8234E-1	1.6917E6	
781	-3.1120E-1	7.4219E2	6.8234E-1	1.6917E6	
782	-3.1120E-1	7.4219E2	6.8234E-1	1.6917E6	
783	-3.1120E-1	7.4219E2	6.8234E-1	1.6917E6	
784	-3.1120E-1	7.4219E2	6.8234E-1	1.6917E6	
785	-3.1120E-1	7.4219E2	6.8234E-1	1.6917E6	
786	-3.1120E-1	7.4219E2	6.8234E-1	1.6917E6	
787	-3.1120E-1	7.4219E2	6.8234E-1	1.6917E6	
788	-3.1120E-1	7.4219E2	6.8234E-1	1.6917E6	
789	-3.1120E-1	7.4219E2	6.8234E-1	1.6917E6	
790	-3.1120E-1	7.4219E2	6.8234E-1	1.6917E6	
791	-3.1120E-1	7.4219E2	6.8234E-1	1.6917E6	
792	-3.1120E-1	7.4219E2	6.8234E-1	1.6917E6	
793	-3.1120E-1	7.4219E2	6.8234E-1	1.6917E6	
794	-3.1120E-1	7.4219E2	6.8234E-1	1.6917E6	
795	-3.1120E-1	7.4219E2	6.8234E-1	1.6917E6	
796	-3.1120E-1	7.4219E2	6.8234E-1	1.6917E6	
797	-3.1120E-1	7.4219E2	6.8234E-1	1.6917E6	
798	-3.1120E-1	7.4219E2	6.8234E-1	1.6917E6	
799	-3.1120E-1	7.4219E2	6.8234E-1	1.6917E6	
800	-3.1120E-1	7.4219E2	6.8234E-1	1.6917E6	
801	-3.1120E-1	7.4219E2	6.8234E-1	1.6917E6	
802	-3.1120E-1	7.4219E2	6.8234E-1	1.6917E6	
803	-3.1120E-1	7.4219E2	6.8234E-1	1.6917E6	
804	-3.1120E-1	7.4219E2	6.8234E-1	1.6917E6	
805	-3.1120E-1	7.4219E2	6.8234E-1	1.6917E6	
806	-3.1120E-1	7.4219E2	6.8234E-1	1.6917E6	
807	-3.1120E-1	7.4219E2	6.8234E-1	1.6917E6	
808	-3.1120E-1	7.4219E2	6.8234E-1	1.6917E6	
809	-3.1120E-1	7.4219E2	6.8234E-1	1.6917E6	
810	-3.1120E-1	7.4219E2	6.8234E-1	1.6917E6	
811	-3.1120E-1	7.4219E2	6.8234E-1	1.6917E6	
812	-3.1120E-1	7.4219E2	6.8234E-1	1.6917E6	
813	-3.1120E-1	7.4219E2	6.8234E-1	1.6917E6	
814	-3.1120E-1	7.4219E2	6.8234E-1	1.6917E6	
815	-3.1120E-1	7.4219E2	6.8234E-1	1.6917E6	
816	-3.1120E-1	7.4219E2	6.8234E-1	1.6917E6	
817	-3.1120E-1	7.4219E2	6.8234E-1	1.6917E6	
818	-3.1120E-1	7.4219E2	6.8234E-1	1.6917E6	
819	-3.1120E-1	7.4219E2	6.8234E-1	1.6917E6	
820	-3.1120E-1	7.4219E2	6.8234E-1	1.6917E6	
821	-3.1120E-1	7.4219E2	6.8234E-1	1.6917E6	
822	-3.1120E-1	7.4219E2	6.8234E-1	1.6917E6	
823	-3.1120E-1	7.4219E2	6.8234E-1	1.6917E6	
824	-3.1120E-1	7.4219E2	6.8234E-1	1.6917E6	
825	-3.1120E-1	7.4219E2	6.8234E-1	1.6917E6	
826	-3.1120E-1	7.4219E2	6.8234E-1	1.6917E6	
827	-3.1120E-1	7.4219E2	6.8234E-1	1.6917E6	
828	-3.1120E-1	7.4219E2	6.8234E-1	1.6917E6	
829	-3.1120E-1	7.4219E2	6.8234E-1	1.6917E6	
830	-3.1120E-1	7.4219E2	6.8234E-1	1.6917E6	
831	-3.1120E-1	7.4219E2	6.8234E-1	1.6917E6	
832	-3.1120E-1	7.4219E2	6.8234E-1	1.6917E6	
833	-3.1120E-1	7.4219E2	6.8234E-1	1.6917E6	
834	-3.1120E-1	7.4219E2	6.8234E-1	1.6917E6	
835	-3.1120E-1	7.4219E2	6.8234E-1	1.6917E6	
836	-3.1120E-1	7.4219E2	6.8234E-1	1.6917E6	
837	-3.1120E-1	7.4219E2	6.8234E-1	1.6917E6	
838	-3.1120E-1	7.4219E2	6.8234E-1	1.6917E6	
839	-3.1120E-1	7.4219E2	6.8234E-1	1.6917E6	
840	-3.1120E-1	7.4219E2	6.8234E-1	1.6917E6	
841	-3.1120E-1	7.4219E2	6.8234E-1	1.6917E6	
842	-3.1120E-1	7.4219E2	6.8234E-1	1.6917E6	
843	-3.1120E-1	7.4219E2	6.8234E-1	1.6917E6	
844	-3.1120E-1	7.4219E2	6.8234E-1	1.6917E6	
845	-3.1120E-1	7.4219E2	6.8234E-1	1.6917E6	
846	-3.1120E-1	7.4219E2	6.8234E-1	1.6917E6	
847	-3.1120E-1	7.4219E2	6.8234E-1	1.6917E6	
848	-3.1120E-1	7.4219E2	6.8234E-1	1.6917E6	
849	-3.1120E-1	7.4219E2	6.8234E-1	1.6917E6	
850	-3.1120E-1	7.4219E2	6.8234E-1	1.6917E6	
851	-3.1120E-1	7.4219E2	6.8234E-1	1.6917E6	
852	-3.1120E-1	7.4219E2	6.8234E-1	1.6917E6	
853	-3.1120E-1	7.4219E2	6.8234E-1	1.6917E6	
854	-3.1120E-1	7.4219E2	6.8234E-1	1.6917E6	
855	-3.1120E-1	7.4219E2	6.8234E-1	1.6917E6	
856	-3.1120E-1	7.4219E2	6.8234E-1	1.6917E6	
857	-3.1120E-1	7.4219E2	6.8234E-1	1.6917E6	
858	-3.1120E-1	7.4219E2	6.8234E-1	1.6917E6	
859	-3.1120E-1	7.4219E2	6.8234E-1	1.6917E6	
860	-3.1120E-1	7.4219E2	6.8234E-1	1.6917E6	
861	-3.1120E-1	7.4219E2	6.8234E-1	1.6917E6	
862	-3.1120E-1	7.4219E2	6.8234E-1	1.6917E6	
863	-3.1120E-1	7.4219E2	6.8234E-1	1.6917E6	
864	-3.1120E-1	7.4219E2	6.8234E-1	1.6917E6	
865	-3.1120E-1	7.4219E2	6.8234E-1	1.6917E6	
866	-3.1120E-1	7.4219E2	6.8234E-1	1.6917E6	
867	-3.1120E-1	7.4219E2	6.8234E-1	1.6917E6	
868	-3.1120E-1	7.4219E2	6.8234E-1	1.6917E6	
869	-3.1120E-1	7.4219E2	6.8234E-1	1.6917E6	
870	-3.1120E-1	7.4219E2	6.8234E-1	1.6917E6	
871	-3.1120E-1	7.4219E2	6.8234E-1	1.6917E6	
872	-3.1120E-1	7.4219E2	6.8234E-1	1.6917E6	
873	-3.1120E-1	7.4219E2	6.8234E-1	1.6917E6	
874	-3.1120E-1	7.4219E2	6.8234E-1	1.6917E6	
875	-3.1120E-1	7.4219E2	6.8234E-1	1.6917E6	
876	-3.1120E-1	7.4219E2	6.8234E-1	1.6917E6	
877	-3.1120E-1	7.4219E2	6.8234E-1	1.6917E6	
878	-3.1120E-1	7.4219E2	6.8234E-1	1.6917E6	
879	-3.1120E-1	7.4219E2	6.8234E-1	1.6917E6	
880	-3.1120E-1	7.4219E2	6.8234E-1	1.6917E6	
881	-3.1120E-1	7.4219E2	6.8234E-1	1.6917E6	
882	-3.1120E-1	7.4219E2	6.8234E-1	1.6917E6	
883	-3.1120E-1	7.4219E2	6.8234E-1	1.6917E6	
884	-3.1120E-1	7.4219E2	6.8234E-1	1.6917E6	
885	-3.1120E-1	7.4219E2	6.8234E-1	1.6917E6	
886	-3.1120E-1	7.4219E2	6.8234E-1	1.6917E6	
887	-3.1120E-1	7.4219E2	6.8234E-1	1.6917E6	
888	-3.1120E-1	7.4219E2	6.8234E-1	1.6917E6	
889	-3.1120E-1	7.4219E2	6.8234E-1	1.6917E6	
890	-3.1120E-1	7.4219E2	6.8234E-1	1.6917E6	
891	-3.1120E-1	7.4219E2	6.8234E-1	1.6917E6	
892	-3.1120E-1	7.4219E2	6.8234E-1	1.6917E6	
893	-3.1120E-1	7.4219E2	6.8234E-1	1.6917E6	
894	-3.1120E-1	7.4219E2	6.8234E-1	1.6917E6	
895	-3.1120E-1	7.4219E2	6.8234E-1	1.6917E6	
896	-3.1120E-1	7.4219E2	6.8234E-1	1.6917E6	
897	-3.1120E-1	7.4219E2	6.8234E-1	1.6917E6	
898	-3.1120E-1	7.4219E2	6.8234E-1	1.6917E6	
899	-3.1120E-1	7.4219E2	6.8234E-1	1.6917E6	
900	-3.1120E-1	7.4219E2	6.8234E-1	1.6917E6	
901	-3.1120E-1	7.4219E2	6.8234E-1	1.6917E6	
902	-3.1120E-1	7.4219E2	6.8234E-1	1.6917E6	
903	-3.1120E-1	7.4219E2	6.8234E-1	1.6917E6	
904	-3.1120E-1	7.4219E2	6.8234E-1	1.6917E6	
905	-3.1120E-1	7.4219E2	6.8234E-1	1.6917E6	
906	-3.1120E-1	7.4219E2	6.8234E-1	1.6917E6	
907	-3.1120E-1	7.4219E2	6.8234E-1	1.6917E6	
908	-3.1120E-1	7.4219E2	6.8234E-1	1.6917E6	
909	-3.1120E-1	7.4219E2	6.8234E-1	1.6917E6	
910	-3.1120E-1	7.4219E2	6.8234E-1	1.6917E6	
911	-3.1120E-1	7.4219E2	6.8234E-1	1.6917E6	
912	-3.1120E-1	7.4219E2	6.8234E-1	1.6917E6	
913	-3.1120E-1	7.4219E2	6.8234E-1	1.6917E6	
914	-3.1120E-1	7.4219E2	6.8234E-1	1.6917E6	
915	-3.1120E-1	7.4219E2	6.8234E-1	1.6917E6	
916	-3.1120E-1	7.4219E2	6.8234E-1	1.6917E6	
917	-3.1120E-1	7.4219E2	6.8234E-1	1.6917E6	
918	-3.1120E-1	7.4219E2	6.8234E-1	1.6917E6	
919	-3.1120E-1	7.4219E2	6.8234E-1	1.6917E6	
920	-3.1120E-1	7.4219E2	6.8234E-1	1.6917E6	
921	-3.1120E-1	7.4219E2	6.8234E-1	1.6917E6	
922	-3.1120E-1	7.4219E2	6.8234E-1	1.6917E6	
923	-3.1120E-1	7.4219E2	6.8234E-1	1.6917E6	
924	-3.1120E-1	7.4219E2	6.8234E-1	1.6917E6	
925	-3.1120E-1	7.4219E2	6.8234E-1	1.6917E6	
926	-3.1120E-1	7.4219E2	6.8234E-1	1.6917E6	
927	-3.1120E-1	7.4219E2	6.8234E-1	1.6917E6	
928	-3.1120E-1	7.4219E2	6.8234E-1	1.6917E6	
929	-3.1120E-1	7.4219E2	6.8234E-1	1.6917E6	
930	-3.1120E-1	7.4219E2	6.8234E-1	1.6917E6	
931	-3.1120E-1	7.4219E2	6.8234E-1	1.6917E6	
932	-3.1120E-1	7.4219E2	6.8234E-1	1.6917E6	
933	-3.1120E-1	7.4219E2	6.8234E-1	1.6917E6	
934	-3.1120E-1	7.4219E2	6.8234E-1	1.6917E6	
935	-3.1120E-1	7.4219E2	6.8234E-1	1.6917E6	
936	-3.1120E-1	7.4219E2	6.8234E-1	1.6917E6	
937	-3.1120E-1	7.4219E2	6.8234E-1	1.6917E6	
938	-3.1120E-1	7.4219E2	6.8234E-1	1.6917E6	
939	-3.1120E-1	7.4219E2	6.8234E-1	1.6917E6	
940	-3.1120E-1	7.4219E2	6.8234E-1	1.6917E6	
941	-3.1120E-1	7.4219E2	6.8234E-1	1.6917E6	
942	-3.1120E-1	7.4219E2	6.8234E-1	1.6917E6	
943	-3.1120E-1	7.4219E2	6.8234E-1	1.6917E6	
944	-3.1120E-1	7.4219E2	6.8234E-1	1.6917E6	
945	-3.1120E-1	7.4219E2	6.8234E-1	1.6917E6	
946	-3.1120E-1	7.4219E2	6.8234E-1	1.6917E6	
947	-3.1120E-1	7.4219E2	6.8234E-1	1.6917E6	
948	-3.1120E-1	7.4219E2	6.8234E-1	1.6917E6	
949	-3.1120E-1	7.4219E2	6.8234E-1	1.6917E6	
950	-3.1120E-1	7.4219E2	6.8234E-1	1.6917E6	
951	-3.1120E-1	7.4219E2	6.8234E-1	1.6917E6	
952	-3.1120E-1	7.4219E2	6.8234E-1	1.6917E6	
953	-3.1120E-1	7.4219E2	6.8234E-1	1.6917E6	
954	-3.1120E-1	7.4219E2	6.8234E-1	1.6917E6	
955	-3.1120E-1	7.4219E2	6.8234E-1	1.6917E6	
956	-3.1120E-1	7.4219E2	6.8234E-1	1.6917E6	
957	-3.1120E-1	7.4219E2	6.8234E-1	1.6917E6	
958	-3.1120E-1	7.4219E2	6.8234E-1	1.6917E6	
959	-3.1120E-1	7.4219E2	6.8234E-1	1.6917E6	
960	-3.1120E-1	7.4219E2	6.8234E-1	1.6917E6	
961	-3.1120E-1	7.4219E2	6.8234E-1	1.6917E6	
962	-3.1120E-1	7.4219E2	6.8234E-1	1.6917E6	
963	-3.1120E-1	7.4219E2	6.8234E-1	1.6917E6	
964	-3.1120E-1	7.4219E2	6.8234E-1	1.6917E6	
965	-3.1120E-1	7.4219E2	6.8234E-1	1.6917E6	
966	-3.1120E-1	7.4219E2	6.8234E-1	1.6917E6	
967	-3.1120E-1	7.4219E2	6.8234E-1	1.6917E6	
968	-3.1120E-1	7.4219E2	6.8234E-1	1.6917E6	
969	-3.1120E-1	7.4219E2	6.8234E-1	1.6917E6	
970	-3.1120E-1	7.4219E2	6.8234E-1	1.6917E6	
971	-3.1120E-1	7.4219E2	6.8234E-1	1.6917E6	
972	-3.1120E-1	7.4219E2	6.8234E-1	1.6917E6	
973	-3.1120E-1	7.4219E2	6.8234E-1	1.6917E6	
974	-3.1120E-1	7.4219E2	6.8234E-1	1.6917E6	
975	-3.1120E-1	7.4219E2	6.8234E-1	1.6917E6	
976	-3.1120E-1	7.4219E2	6.8234E-1	1.6917E6	
977	-3.1120E-1	7.4219E2	6.8234E-1	1.6917E6	
978	-3.1120E-1	7.4219E2	6.8234E-1	1.6917E6	
979	-3.1120E-1	7.4219E2	6.8234E-1	1.6917E6	
980	-3.1120E-1	7.4219E2	6.8234E-1	1.6917E6	
981	-3.1120E-1	7.4219E2	6.8234E-1	1.6917E6	
982	-3.1120E-1	7.4219E2	6.8234E-1	1.6917E6	
983	-3.1120E-1	7.4219E2	6.8234E-1	1.6917E6	
984	-3.1120E-1	7.4219E2	6.8234E-1	1.6917E6	
985	-3.1120E-1	7.4219E2	6.8234E-1	1.6917E6	
986	-3.1120E-1	7.4219E2	6.8234E-1	1.6917E6	
987	-3.1120E-1	7.4219E2	6.8234E-1	1.6917E6	
988	-3.1120E-1	7.4219E2	6.8234E-1	1.6917E6	
989	-3.1120E-1	7.4219E2	6.8234E-1	1.6917E6	
990	-3.1120E-1	7.4219E2	6.8234E-1	1.6917E6	
991	-3.1120E-1	7.4219E2	6.8234E-1	1.6917E6	
992	-3.1120E-1	7.4219E2	6.8234E-1	1.6917E6	
993	-3.1120E-1	7.4219E2	6.8234E-1	1.6917E6	
994	-3.1120E-1	7.4219E2	6.8234E-1	1.6917E6	
995	-3.1120E-1	7.4219E2	6.8234E-1	1.6917E6	
996	-3.1120E-1	7.4219E2	6.8234E-1	1.6917E6	
997	-3.1120E-1	7.4219E2	6.8234E-1	1.6917E6	
998	-3.1120E-1	7.4219E2	6.8234E-1	1.6917E6	
999	-3.1120E-1	7.4219E2	6.8234E-1	1.6917E6	
1000	-3.1120E-1	7.4219E2	6.8234E-1	1.6917E6	
1001	-3.1120E-1	7.4219E2	6.8234E-1	1.6917E6	
1002	-3.1120E-1	7.4219E2	6.8234E-1	1.6917E6	
1003	-3.1120E-1	7.4219E2	6.8234E-1	1.6917E6	
1004	-3.1120E-1	7.4219E2	6.8234E-1	1.6917E6	
1005	-3.1120E-1	7.4219E2	6.8234E-1	1.6917E6	
1006	-3.1120E-1	7.4219E2	6.8234E-1	1.6917E6	
1007	-3.1120E-1	7.4219E2	6.8234E-1	1.6917E6	
1008	-3.1120E-1	7.4219E2	6.8234E-1	1.6917E6	
1009	-3.1120E-1	7.4219E2	6.8234E-1	1.6917E6	
1010	-3.1120E-1	7.4219E2	6.8234E-1	1.6917E6	
1011	-3.1120E-1	7.4219E2	6.8234E-1	1.6917E6	
1012	-3.1120E-1	7.4219E2	6.8234E-1	1.6917E6	
1013	-3.1120E-1	7.4219E2	6.8234E-1	1.6917E6	
1014	-3.1120E-1	7.4219E2	6.8234E-1	1.6917E6	
1015	-3.1120E-1	7.4219E2	6.8234E-1	1.6917E6	
1016	-3.1120E-1	7.4219E2	6.8234E-1	1.6917E6	
1017	-3.1120E-1	7.4219E2	6.8234E-1	1.6917E6	
1018	-3.1120E-1	7.4219E2	6.8234E-1	1.6917E6	
1019	-3.1120E-1	7.4219E2	6.8234E-1	1.6917E6	
1020	-3.1120E-1	7.4219E2	6.8234E-1	1.6917E6	
1021	-3.1120E-1	7.4219E2	6.8234E-1	1.6917E6	
1022	-3.1120E-1	7.4219E2	6.8234E-1	1.6917E6	
1023	-3.1120E-1	7.4219E2	6.8234E-1	1.6917E6	
1024	-3.1120E-1	7.4219E2	6.8234E-1	1.6917E6	
1025	-3.1181E-1	7.4129E2	6.8224E-1	1.6918E6	
1026	-3.4866E-1	6.8660E2	6.8371E-1	1.6940E6	
1027	-3.7254E-1	6.5116E2	6.8635E-1	1.6962E6	
1028	-3.9452E-1	6.1855E2	6.8949E-1	1.6984E6	
1029	-4.0665E-1	6.0055E2	6.9285E-1	1.7006E6	
1030	-4.2694E-1	5.7043E2	6.9636E-1	1.7029E6	
1031	-4.4052E-1	5.5028E2	7.0014E-1	1.7051E6	
1032	-4.5357E-1	5.3092E2	7.0400E-1	1.7073E6	
1033	-4.6432E-1	5.1495E2	7.0798E-1	1.7095E6	
1034	-4.8378E-1	4.8608E2	7.1194E-1	1.7117E6	
1035	-4.9377E-1	4.7125E2	7.1600E-1	1.7140E6	
1036	-5.0346E-1	4.5687E2	7.2015E-1	1.7162E6	
1037	-5.1338E-1	4.4215E2	7.2443E-1	1.7184E6	
1038	-5.2795E-1	4.2052E2	7.2866E-1	1.7206E6	
1039	-5.3741E-1	4.0648E2	7.3289E-1	1.7228E6	
1040	-5.4657E-1	3.9289E2	7.3725E-1	1.7251E6	
1041	-5.5206E-1	3.8474E2	7.4155E-1	1.7273E6	
1042	-5.6557E-1	3.6470E2	7.4585E-1	1.7295E6	
1043	-5.7838E-1	3.4568E2	7.5026E-1	1.7317E6	
1044	-5.8678E-1	3.3322E2	7.5468E-1	1.7339E6	
1045	-5.9341E-1	3.2337E2	7.5913E-1	1.7362E6	
1046	-6.0974E-1	2.9914E2	7.6366E-1	1.7384E6	
1047	-6.1455E-1	2.9201E2	7.6806E-1	1.7406E6	
1048	-6.2241E-1	2.8035E2	7.7263E-1	1.7428E6	
1049	-6.3332E-1	2.6416E2	7.7717E-1	1.7450E6	
1050	-6.3843E-1	2.5657E2	7.8167E-1	1.7473E6	
1051	-6.5079E-1	2.3823E2	7.8616E-1	1.7495E6	
1052	-6.5628E-1	2.3007E2	7.9070E-1	1.7517E6	
1053	-6.6391E-1	2.1875E2	7.9533E-1	1.7539E6	
1054	-6.7123E-1	2.0788E2	7.9995E-1	1.7561E6	
1055	-6.8352E-1	1.8965E2	8.0453E-1	1.7584E6	
1056	-6.9099E-1	1.7856E2	8.0923E-1	1.7606E6	
1057	-6.9618E-1	1.7086E2	8.1374E-1	1.7628E6	
1058	-7.0747E-1	1.5410E2	8.1845E-1	1.7650E6	
1059	-7.1152E-1	1.4810E2	8.2304E-1	1.7672E6	
1060	-7.1800E-1	1.3848E2	8.2765E-1	1.7695E6	
1061	-7.2701E-1	1.2511E2	8.3233E-1	1.7717E6	
1062	-7.3135E-1	1.1866E2	8.3705E-1	1.7739E6	
1063	-7.4097E-1	1.0439E2	8.4171E-1	1.7761E6	
1064	-7.4562E-1	9.7487E1	8.4645E-1	1.7783E6	
1065	-7.5668E-1	8.1070E1	8.5113E-1	1.7806E6	
1066	-7.6141E-1	7.4050E1	8.5583E-1	1.7828E6	
1067	-7.6729E-1	6.5331E1	8.6058E-1	1.7850E6	
1068	-7.7583E-1	5.2650E1	8.6533E-1	1.7872E6	
1069	-7.8354E-1	4.1214E1	8.6993E-1	1.7894E6	
1070	-7.8918E-1	3.2836E1	8.7486E-1	1.7917E6	
1071	-7.9002E-1	3.1590E1	8.7945E-1	1.7939E6	
1072	-7.9765E-1	2.0267E1	8.8434E-1	1.7961E6	
1073	-8.0032E-1	1.6305E1	8.8906E-1	1.7983E6	
1074	-8.0658E-1	7.0200E0	8.9386E-1	1.8005E6	
1075	-8.0925E-1	3.0571E0	8.9874E-1	1.8028E6	
1076	-8.1787E-1	-9.7374E0	9.0336E-1	1.8050E6	
1077	-8.2314E-1	-1.7550E1	9.0827E-1	1.8072E6	
1078	-8.2893E-1	-2.6155E1	9.1311E-1	1.8094E6	
1079	-8.3031E-1	-2.8193E1	9.1785E-1	1.8116E6	
1080	-8.4114E-1	-4.4271E1	9.2267E-1	1.8139E6	
1081	-8.4023E-1	-4.2913E1	9.2753E-1	1.8161E6	
1082	-8.4373E-1	-4.8121E1	9.3229E-1	1.8183E6	
1083	-8.5030E-1	-5.7858E1	9.3723E-1	1.8205E6	
1084	-8.5411E-1	-6.3520E1	9.4205E-1	1.8227E6	
1085	-8.5571E-1	-6.5897E1	9.4697E-1	1.8250E6	
1086	-8.6182E-1	-7.4955E1	9.5186E-1	1.8272E6	
1087	-8.6815E-1	-8.4353E1	9.5663E-1	1.8294E6	
1088	-8.7090E-1	-8.8429E1	9.6163E-1	1.8316E6	
1089	-8.7830E-1	-9.9412E1	9.6641E-1	1.8338E6	
1090	-8.7486E-1	-9.4317E1	9.7136E-1	1.8361E6	
1091	-8.8272E-1	-1.0598E2	9.7620E-1	1.8383E6	
1092	-8.8371E-1	-1.0745E2	9.8111E-1	1.8405E6	
1093	-8.9287E-1	-1.2104E2	9.8606E-1	1.8427E6	
1094	-8.9554E-1	-1.2500E2	9.9089E-1	1.8449E6	
1095	-8.9470E-1	-1.2376E2	9.9597E-1	1.8472E6	
1096	-8.9958E-1	-1.3100E2	1.0009E0	1.8494E6	
1097	-9.0164E-1	-1.3406E2	1.0057E0	1.8516E6	
1098	-9.0263E-1	-1.3553E2	1.0106E0	1.8538E6	
1099	-9.0630E-1	-1.4097E2	1.0158E0	1.8560E6	
1100	-9.0492E-1	-1.3893E2	1.0207E0	1.8583E6	
1101	-9.0965E-1	-1.4595E2	1.0256E0	1.8605E6	
1102	-9.1278E-1	-1.5059E2	1.0306E0	1.8627E6	
1103	-9.1393E-1	-1.5229E2	1.0355E0	1.8649E6	
1104	-9.1972E-1	-1.6089E2	1.0406E0	1.8671E6	
1105	-9.2178E-1	-1.6395E2	1.0455E0	1.8694E6	
1106	-9.2293E-1	-1.6565E2	1.0506E0	1.8716E6	
1107	-9.2834E-1	-1.7369E2	1.0556E0	1.8738E6	
1108	-9.2506E-1	-1.6882E2	1.0606E0	1.8760E6	
1109	-9.2651E-1	-1.7097E2	1.0656E0	1.8782E6	
1110	-9.2842E-1	-1.7380E2	1.0706E0	1.8805E6	
1111	-9.3231E-1	-1.7958E2	1.0756E0	1.8827E6	
1112	-9.3239E-1	-1.7969E2	1.0807E0	1.8849E6	
1113	-9.3658E-1	-1.8592E2	1.0857E0	1.8871E6	
1114	-9.3681E-1	-1.8626E2	1.0908E0	1.8893E6	
1115	-9.3475E-1	-1.8320E2	1.0959E0	1.8916E6	
1116	-9.4299E-1	-1.9543E2	1.1008E0	1.8938E6	
1117	-9.3819E-1	-1.8829E2	1.1059E0	1.8960E6	
1118	-9.4330E-1	-1.9588E2	1.1111E0	1.8982E6	
1119	-9.4139E-1	-1.9305E2	1.1161E0	1.9004E6	
1120	-9.4490E-1	-1.9826E2	1.1211E0	1.9027E6	
1121	-9.4421E-1	-1.9724E2	1.1262E0	1.9049E6	
1122	-9.4818E-1	-2.0313E2	1.1314E0	1.9071E6	
1123	-9.5123E-1	-2.0766E2	1.1365E0	1.9093E6	
1124	-9.4803E-1	-2.0290E2	1.1416E0	1.9115E6	
1125	-9.4986E-1	-2.0562E2	1.1466E0	1.9138E6	
1126	-9.4795E-1	-2.0279E2	1.1518E0	1.9160E6	
1127	-9.4795E-1	-2.0279E2	1.1570E0	1.9182E6	
1128	-9.5222E-1	-2.0913E2	1.1621E0	1.9204E6	
1129	-9.5184E-1	-2.0856E2	1.1672E0	1.9226E6	
1130	-9.4727E-1	-2.0177E2	1.1724E0	1.9249E6	
1131	-9.4505E-1	-1.9848E2	1.1776E0	1.9271E6	
1132	-9.4788E-1	-2.0267E2	1.1827E0	1.9293E6	
1133	-9.4589E-1	-1.9973E2	1.1879E0	1.9315E6	
1134	-9.4673E-1	-2.0098E2	1.1930E0	1.9337E6	
1135	-9.4124E-1	-1.9282E2	1.1982E0	1.9360E6	
1136	-9.4231E-1	-1.9441E2	1.2034E0	1.9382E6	
1137	-9.4360E-1	-1.9633E2	1.2085E0	1.9404E6	
1138	-9.3872E-1	-1.8909E2	1.2137E0	1.9426E6	
1139	-9.3658E-1	-1.8592E2	1.2190E0	1.9448E6	
1140	-9.3559E-1	-1.8444E2	1.2242E0	1.9471E6	
1141	-9.3430E-1	-1.8252E2	1.2293E0	1.9493E6	
1142	-9.3407E-1	-1.8218E2	1.2345E0	1.9515E6	
1143	-9.3666E-1	-1.8603E2	1.2397E0	1.9537E6	
1144	-9.2987E-1	-1.7595E2	1.2451E0	1.9559E6	
1145	-9.2278E-1	-1.6542E2	1.2502E0	1.9582E6	
1146	-9.1751E-1	-1.5761E2	1.2554E0	1.9604E6	
1147	-9.1858E-1	-1.5920E2	1.2607E0	1.9626E6	
1148	-9.1354E-1	-1.5172E2	1.2659E0	1.9648E6	
1149	-9.0965E-1	-1.4595E2	1.2711E0	1.9670E6	
1150	-9.0523E-1	-1.3938E2	1.2764E0	1.9693E6	
1151	-9.0813E-1	-1.4368E2	1.2817E0	1.9715E6	
1152	-9.0370E-1	-1.3712E2	1.2870E0	1.9737E6	
1153	-8.9760E-1	-1.2806E2	1.2923E0	1.9759E6	
1154	-8.8928E-1	-1.1572E2	1.2975E0	1.9781E6	
1155	-8.8242E-1	-1.0553E2	1.3028E0	1.9804E6	
1156	-8.6807E-1	-8.4240E1	1.3080E0	1.9826E6	
1157	-8.5182E-1	-6.0123E1	1.3135E0	1.9848E6	
1158	-8.3679E-1	-3.7817E1	1.3187E0	1.9870E6	
1159	-8.0605E-1	7.8126E0	1.3240E0	1.9892E6	
1160	-7.4776E-1	9.4317E1	1.3293E0	1.9915E6	
1161	-7.3830E-1	1.0836E2	1.3347E0	1.9937E6	
1162	-7.0793E-1	1.5342E2	1.3399E0	1.9959E6	
1163	-6.8901E-1	1.8150E2	1.3453E0	1.9981E6	
1164	-6.8237E-1	1.9135E2	1.3505E0	2.0003E6	
1165	-6.7879E-1	1.9667E2	1.3559E0	2.0026E6	
1166	-6.8138E-1	1.9282E2	1.3613E0	2.0048E6	
1167	-6.8085E-1	1.9362E2	1.3666E0	2.0070E6	
1168	-6.7886E-1	1.9656E2	1.3719E0	2.0092E6	
1169	-6.7947E-1	1.9565E2	1.3773E0	2.0114E6	
1170	-6.7986E-1	1.9509E2	1.3828E0	2.0137E6	
1171	-6.8336E-1	1.8988E2	1.3882E0	2.0159E6	
1172	-6.8192E-1	1.9203E2	1.3935E0	2.0181E6	
1173	-6.8336E-1	1.8988E2	1.3988E0	2.0203E6	
1174	-6.8214E-1	1.9169E2	1.4043E0	2.0225E6	
1175	-6.8260E-1	1.9101E2	1.4096E0	2.0248E6	
1176	-6.8214E-1	1.9169E2	1.4150E0	2.0270E6	
1177	-6.8306E-1	1.9033E2	1.4204E0	2.0292E6	
1178	-6.8024E-1	1.9452E2	1.4259E0	2.0314E6	
1179	-6.8352E-1	1.8965E2	1.4313E0	2.0336E6	
1180	-6.8336E-1	1.8988E2	1.4367E0	2.0359E6	
1181	-6.8314E-1	1.9022E2	1.4421E0	2.0381E6	
1182	-6.7955E-1	1.9554E2	1.4475E0	2.0403E6	
1183	-6.8359E-1	1.8954E2	1.4530E0	2.0425E6	
1184	-6.8527E-1	1.8705E2	1.4584E0	2.0447E6	
1185	-6.8573E-1	1.8637E2	1.4639E0	2.0470E6	
1186	-6.8436E-1	1.8841E2	1.4692E0	2.0492E6	
1187	-6.8184E-1	1.9214E2	1.4748E0	2.0514E6	
1188	-6.8459E-1	1.8807E2	1.4803E0	2.0536E6	
1189	-6.8298E-1	1.9045E2	1.4857E0	2.0558E6	
1190	-6.8405E-1	1.8886E2	1.4911E0	2.0581E6	
1191	-6.8459E-1	1.8807E2	1.4966E0	2.0603E6	
1192	-6.8649E-1	1.8524E2	1.5020E0	2.0625E6	
1193	-6.8565E-1	1.8648E2	1.5076E0	2.0647E6	
1194	-6.8405E-1	1.8886E2	1.5131E0	2.0669E6	
1195	-6.8619E-1	1.8569E2	1.5186E0	2.0692E6	
1196	-6.8604E-1	1.8592E2	1.5240E0	2.0714E6	
1197	-6.8657E-1	1.8512E2	1.5295E0	2.0736E6	
1198	-6.8604E-1	1.8592E2	1.5350E0	2.0758E6	
1199	-6.8848E-1	1.8229E2	1.5406E0	2.0780E6	
1200	-6.8771E-1	1.8343E2	1.5462E0	2.0803E6	
1201	-6.8665E-1	1.8501E2	1.5516E0	2.0825E6	
1202	-6.8985E-1	1.8026E2	1.5572E0	2.0847E6	
1203	-6.8787E-1	1.8320E2	1.5626E0	2.0869E6	
1204	-6.8787E-1	1.8320E2	1.5683E0	2.0891E6	
1205	-6.8863E-1	1.8207E2	1.5737E0	2.0914E6	
1206	-6.8787E-1	1.8320E2	1.5793E0	2.0936E6	
1207	-6.8932E-1	1.8105E2	1.5849E0	2.0958E6	
1208	-6.8916E-1	1.8127E2	1.5905E0	2.0980E6	
1209	-6.8642E-1	1.8535E2	1.5959E0	2.1002E6	
1210	-6.8832E-1	1.8252E2	1.6017E0	2.1025E6	
1211	-6.9077E-1	1.7890E2	1.6071E0	2.1047E6	
1212	-6.8626E-1	1.8558E2	1.6127E0	2.1069E6	
1213	-6.8863E-1	1.8207E2	1.6183E0	2.1091E6	
1214	-6.8939E-1	1.8093E2	1.6240E0	2.1113E6	
1215	-6.9191E-1	1.7720E2	1.6295E0	2.1136E6	
1216	-6.8939E-1	1.8093E2	1.6352E0	2.1158E6	
1217	-6.8886E-1	1.8173E2	1.6407E0	2.1180E6	
1218	-6.8932E-1	1.8105E2	1.6463E0	2.1202E6	
1219	-6.8848E-1	1.8229E2	1.6519E0	2.1224E6	
1220	-6.9046E-1	1.7935E2	1.6576E0	2.1247E6	
1221	-6.9107E-1	1.7844E2	1.6632E0	2.1269E6	
1222	-6.9046E-1	1.7935E2	1.6689E0	2.1291E6	
1223	-6.8916E-1	1.8127E2	1.6745E0	2.1313E6	
1224	-6.9069E-1	1.7901E2	1.6801E0	2.1335E6	
1225	-6.9138E-1	1.7799E2	1.6857E0	2.1358E6	
1226	-6.8970E-1	1.8048E2	1.6914E0	2.1380E6	
1227	-6.9016E-1	1.7980E2	1.6971E0	2.1402E6	
1228	-6.9244E-1	1.7641E2	1.7027E0	2.1424E6	
1229	-6.9244E-1	1.7641E2	1.7084E0	2.1446E6	
1230	-6.9336E-1	1.7505E2	1.7141E0	2.1469E6	
1231	-6.9038E-1	1.7946E2	1.7197E0	2.1491E6	
1232	-6.9252E-1	1.7629E2	1.7254E0	2.1513E6	
1233	-6.9176E-1	1.7742E2	1.7311E0	2.1535E6	
1234	-6.8985E-1	1.8026E2	1.7367E0	2.1557E6	
1235	-6.9206E-1	1.7697E2	1.7425E0	2.1580E6	
1236	-6.9138E-1	1.7799E2	1.7482E0	2.1602E6	
1237	-6.9130E-1	1.7810E2	1.7540E0	2.1624E6	
1238	-6.9084E-1	1.7878E2	1.7595E0	2.1646E6	
1239	-6.9160E-1	1.7765E2	1.7653E0	2.1668E6	
1240	-6.9351E-1	1.7482E2	1.7710E0	2.1691E6	
1241	-6.9443E-1	1.7346E2	1.7768E0	2.1713E6	
1242	-6.9504E-1	1.7256E2	1.7824E0	2.1735E6	
1243	-6.9275E-1	1.7595E2	1.7881E0	2.1757E6	
1244	-6.9611E-1	1.7097E2	1.7940E0	2.1779E6	
1245	-6.9328E-1	1.7516E2	1.7996E0	2.1802E6	
1246	-6.9183E-1	1.7731E2	1.8054E0	2.1824E6	
1247	-6.9237E-1	1.7652E2	1.8112E0	2.1846E6	
1248	-6.9412E-1	1.7391E2	1.8169E0	2.1868E6	
1249	-6.9412E-1	1.7391E2	1.8226E0	2.1890E6	
1250	-6.9649E-1	1.7040E2	1.8284E0	2.1913E6	
1251	-6.9618E-1	1.7086E2	1.8342E0	2.1935E6	
1252	-6.9618E-1	1.7086E2	1.8400E0	2.1957E6	
1253	-6.9687E-1	1.6984E2	1.8458E0	2.1979E6	
1254	-6.9420E-1	1.7380E2	1.8515E0	2.2001E6	
1255	-6.9328E-1	1.7516E2	1.8572E0	2.2024E6	
1256	-6.9725E-1	1.6927E2	1.8631E0	2.2046E6	
1257	-6.9641E-1	1.7052E2	1.8688E0	2.2068E6	
1258	-6.9641E-1	1.7052E2	1.8747E0	2.2090E6	
1259	-6.9832E-1	1.6769E2	1.8805E0	2.2112E6	
1260	-6.9778E-1	1.6848E2	1.8862E0	2.2135E6	
1261	-6.9885E-1	1.6689E2	1.8921E0	2.2157E6	
1262	-6.9725E-1	1.6927E2	1.8979E0	2.2179E6	
1263	-6.9855E-1	1.6735E2	1.9038E0	2.2201E6	
1264	-6.9679E-1	1.6995E2	1.9097E0	2.2223E6	
1265	-6.9939E-1	1.6610E2	1.9153E0	2.2246E6	
1266	-6.9748E-1	1.6893E2	1.9213E0	2.2268E6	
1267	-6.9901E-1	1.6667E2	1.9271E0	2.2290E6	
1268	-6.9862E-1	1.6723E2	1.9329E0	2.2312E6	
1269	-6.9817E-1	1.6791E2	1.9387E0	2.2334E6	
1270	-6.9885E-1	1.6689E2	1.9447E0	2.2357E6	
1271	-6.9733E-1	1.6916E2	1.9505E0	2.2379E6	
1272	-7.0015E-1	1.6497E2	1.9563E0	2.2401E6	
1273	-7.0038E-1	1.6463E2	1.9622E0	2.2423E6	
1274	-6.9992E-1	1.6531E2	1.9681E0	2.2445E6	
1275	-6.9939E-1	1.6610E2	1.9739E0	2.2468E6	
1276	-7.0213E-1	1.6203E2	1.9798E0	2.2490E6	
1277	-7.0122E-1	1.6338E2	1.9857E0	2.2512E6	
1278	-7.0023E-1	1.6486E2	1.9916E0	2.2534E6	
1279	-7.0107E-1	1.6361E2	1.9975E0	2.2556E6	
1280	-7.0038E-1	1.6463E2	2.0033E0	2.2579E6	
1281	-7.0152E-1	1.6293E2	2.0093E0	2.2601E6	
1282	-7.0030E-1	1.6474E2	2.0151E0	2.2623E6	
1283	-7.0320E-1	1.6044E2	2.0211E0	2.2645E6	
1284	-7.0137E-1	1.6316E2	2.0270E0	2.2667E6	
1285	-7.0145E-1	1.6305E2	2.0329E0	2.2690E6	
1286	-7.0206E-1	1.6214E2	2.0388E0	2.2712E6	
1287	-7.0343E-1	1.6010E2	2.0448E0	2.2734E6	
1288	-7.0274E-1	1.6112E2	2.0507E0	2.2756E6	
1289	-7.0175E-1	1.6259E2	2.0568E0	2.2778E6	
1290	-7.0312E-1	1.6055E2	2.0626E0	2.2801E6	
1291	-7.0351E-1	1.5999E2	2.0685E0	2.2823E6	
1292	-7.0381E-1	1.5954E2	2.0744E0	2.2845E6	
1293	-7.0320E-1	1.6044E2	2.0804E0	2.2867E6	
1294	-7.0335E-1	1.6021E2	2.0864E0	2.2889E6	
1295	-7.0282E-1	1.6101E2	2.0923E0	2.2912E6	
1296	-7.0503E-1	1.5772E2	2.0983E0	2.2934E6	
1297	-7.0366E-1	1.5976E2	2.1043E0	2.2956E6	
1298	-7.0534E-1	1.5727E2	2.1103E0	2.2978E6	
1299	-7.0595E-1	1.5636E2	2.1162E0	2.3000E6	
1300	-7.0412E-1	1.5908E2	2.1222E0	2.3023E6	
1301	-7.0557E-1	1.5693E2	2.1282E0	2.3045E6	
1302	-7.0396E-1	1.5931E2	2.1342E0	2.3067E6	
1303	-7.0457E-1	1.5840E2	2.1402E0	2.3089E6	
1304	-7.0595E-1	1.5636E2	2.1462E0	2.3111E6	
1305	-7.0358E-1	1.5987E2	2.1522E0	2.3134E6	
1306	-7.0389E-1	1.5942E2	2.1582E0	2.3156E6	
1307	-7.0564E-1	1.5682E2	2.1643E0	2.3178E6	
1308	-7.0526E-1	1.5738E2	2.1702E0	2.3200E6	
1309	-7.0541E-1	1.5716E2	2.1763E0	2.3222E6	
1310	-7.0709E-1	1.5467E2	2.1824E0	2.3245E6	
1311	-7.0587E-1	1.5648E2	2.1884E0	2.3267E6	
1312	-7.0778E-1	1.5365E2	2.1945E0	2.3289E6	
1313	-7.0580E-1	1.5659E2	2.2005E0	2.3311E6	
1314	-7.0702E-1	1.5478E2	2.2066E0	2.3333E6	
1315	-7.0847E-1	1.5263E2	2.2126E0	2.3356E6	
1316	-7.0839E-1	1.5274E2	2.2186E0	2.3378E6	
1317	-7.0915E-1	1.5161E2	2.2247E0	2.3400E6	
1318	-7.0656E-1	1.5546E2	2.2308E0	2.3422E6	
1319	-7.0908E-1	1.5172E2	2.2369E0	2.3444E6	
1320	-7.0763E-1	1.5387E2	2.2430E0	2.3467E6	
1321	-7.0763E-1	1.5387E2	2.2491E0	2.3489E6	
1322	-7.0831E-1	1.5285E2	2.2552E0	2.3511E6	
1323	-7.0969E-1	1.5082E2	2.2613E0	2.3533E6	
1324	-7.0786E-1	1.5353E2	2.2674E0	2.3555E6	
1325	-7.0953E-1	1.5104E2	2.2735E0	2.3578E6	
1326	-7.0908E-1	1.5172E2	2.2797E0	2.3600E6	
1327	-7.1129E-1	1.4844E2	2.2857E0	2.3622E6	
1328	-7.0930E-1	1.5138E2	2.2919E0	2.3644E6	
1329	-7.0976E-1	1.5070E2	2.2981E0	2.3666E6	
1330	-7.1045E-1	1.4968E2	2.3041E0	2.3689E6	
1331	-7.1144E-1	1.4821E2	2.3102E0	2.3711E6	
1332	-7.1289E-1	1.4606E2	2.3165E0	2.3733E6	
1333	-7.1075E-1	1.4923E2	2.3225E0	2.3755E6	
1334	-7.0976E-1	1.5070E2	2.3287E0	2.3777E6	
1335	-7.1182E-1	1.4765E2	2.3348E0	2.3800E6	
1336	-7.1129E-1	1.4844E2	2.3411E0	2.3822E6	
1337	-7.1236E-1	1.4685E2	2.3472E0	2.3844E6	
1338	-7.1411E-1	1.4425E2	2.3533E0	2.3866E6	
1339	-7.1388E-1	1.4459E2	2.3595E0	2.3888E6	
1340	-7.1281E-1	1.4617E2	2.3657E0	2.3911E6	
1341	-7.1419E-1	1.4414E2	2.3719E0	2.3933E6	
1342	-7.1297E-1	1.4595E2	2.3781E0	2.3955E6	
1343	-7.1571E-1	1.4187E2	2.3843E0	2.3977E6	
1344	-7.1404E-1	1.4436E2	2.3905E0	2.3999E6	
1345	-7.1243E-1	1.4674E2	2.3968E0	2.4022E6	
1346	-7.1434E-1	1.4391E2	2.4029E0	2.4044E6	
1347	-7.1465E-1	1.4346E2	2.4092E0	2.4066E6	
1348	-7.1579E-1	1.4176E2	2.4153E0	2.4088E6	
1349	-7.1365E-1	1.4493E2	2.4216E0	2.4110E6	
1350	-7.1747E-1	1.3927E2	2.4279E0	2.4133E6	
1351	-7.1617E-1	1.4119E2	2.4341E0	2.4155E6	
1352	-7.1480E-1	1.4323E2	2.4403E0	2.4177E6	
1353	-7.1655E-1	1.4063E2	2.4465E0	2.4199E6	
1354	-7.1442E-1	1.4380E2	2.4528E0	2.4221E6	
1355	-7.1571E-1	1.4187E2	2.4590E0	2.4244E6	
1356	-7.1465E-1	1.4346E2	2.4653E0	2.4266E6	
1357	-7.1899E-1	1.3700E2	2.4716E0	2.4288E6	
1358	-7.1518E-1	1.4266E2	2.4778E0	2.4310E6	
1359	-7.1854E-1	1.3768E2	2.4841E0	2.4332E6	
1360	-7.1686E-1	1.4017E2	2.4904E0	2.4355E6	
1361	-7.1663E-1	1.4051E2	2.4967E0	2.4377E6	
1362	-7.1831E-1	1.3802E2	2.5030E0	2.4399E6	
1363	-7.1754E-1	1.3915E2	2.5093E0	2.4421E6	
1364	-7.1846E-1	1.3780E2	2.5155E0	2.4443E6	
1365	-7.1800E-1	1.3848E2	2.5218E0	2.4466E6	
1366	-7.1854E-1	1.3768E2	2.5281E0	2.4488E6	
1367	-7.1823E-1	1.3814E2	2.5345E0	2.4510E6	
1368	-7.1846E-1	1.3780E2	2.5407E0	2.4532E6	
1369	-7.1823E-1	1.3814E2	2.5470E0	2.4554E6	
1370	-7.1999E-1	1.3553E2	2.5534E0	2.4577E6	
1371	-7.1953E-1	1.3621E2	2.5597E0	2.4599E6	
1372	-7.1983E-1	1.3576E2	2.5660E0	2.4621E6	
1373	-7.2044E-1	1.3485E2	2.5724E0	2.4643E6	
1374	-7.1899E-1	1.3700E2	2.5786E0	2.4665E6	
1375	-7.1953E-1	1.3621E2	2.5851E0	2.4688E6	
1376	-7.2243E-1	1.3191E2	2.5913E0	2.4710E6	
1377	-7.2044E-1	1.3485E2	2.5977E0	2.4732E6	
1378	-7.1938E-1	1.3644E2	2.6041E0	2.4754E6	
1379	-7.1953E-1	1.3621E2	2.6105E0	2.4776E6	
1380	-7.2060E-1	1.3463E2	2.6168E0	2.4799E6	
1381	-7.2388E-1	1.2976E2	2.6231E0	2.4821E6	
1382	-7.2029E-1	1.3508E2	2.6295E0	2.4843E6	
1383	-7.2006E-1	1.3542E2	2.6360E0	2.4865E6	
1384	-7.2304E-1	1.3100E2	2.6423E0	2.4887E6	
1385	-7.1869E-1	1.3746E2	2.6487E0	2.4910E6	
1386	-7.2144E-1	1.3338E2	2.6551E0	2.4932E6	
1387	-7.2304E-1	1.3100E2	2.6615E0	2.4954E6	
1388	-7.2052E-1	1.3474E2	2.6679E0	2.4976E6	
1389	-7.2014E-1	1.3530E2	2.6742E0	2.4998E6	
1390	-7.2296E-1	1.3112E2	2.6807E0	2.5021E6	
1391	-7.2113E-1	1.3383E2	2.6870E0	2.5043E6	
1392	-7.2357E-1	1.3021E2	2.6936E0	2.5065E6	
1393	-7.2357E-1	1.3021E2	2.6999E0	2.5087E6	
1394	-7.2357E-1	1.3021E2	2.7064E0	2.5109E6	
1395	-7.2250E-1	1.3179E2	2.7128E0	2.5132E6	
1396	-7.2281E-1	1.3134E2	2.7193E0	2.5154E6	
1397	-7.2426E-1	1.2919E2	2.7257E0	2.5176E6	
1398	-7.2510E-1	1.2795E2	2.7321E0	2.5198E6	
1399	-7.2517E-1	1.2783E2	2.7386E0	2.5220E6	
1400	-7.2617E-1	1.2636E2	2.7451E0	2.5243E6	
1401	-7.2754E-1	1.2432E2	2.7515E0	2.5265E6	
1402	-7.2525E-1	1.2772E2	2.7579E0	2.5287E6	
1403	-7.2296E-1	1.3112E2	2.7644E0	2.5309E6	
1404	-7.2639E-1	1.2602E2	2.7709E0	2.5331E6	
1405	-7.2510E-1	1.2795E2	2.7773E0	2.5354E6	
1406	-7.2800E-1	1.2364E2	2.7839E0	2.5376E6	
1407	-7.2617E-1	1.2636E2	2.7903E0	2.5398E6	
1408	-7.2548E-1	1.2738E2	2.7967E0	2.5420E6	
1409	-7.2571E-1	1.2704E2	2.8031E0	2.5442E6	
1410	-7.2647E-1	1.2591E2	2.8097E0	2.5465E6	
1411	-7.2685E-1	1.2534E2	2.8162E0	2.5487E6	
1412	-7.2655E-1	1.2579E2	2.8227E0	2.5509E6	
1413	-7.2716E-1	1.2489E2	2.8292E0	2.5531E6	
1414	-7.2708E-1	1.2500E2	2.8358E0	2.5553E6	
1415	-7.2960E-1	1.2126E2	2.8423E0	2.5576E6	
1416	-7.2922E-1	1.2183E2	2.8488E0	2.5598E6	
1417	-7.2723E-1	1.2477E2	2.8553E0	2.5620E6	
1418	-7.2975E-1	1.2104E2	2.8619E0	2.5642E6	
1419	-7.3082E-1	1.1945E2	2.8684E0	2.5664E6	
1420	-7.2952E-1	1.2138E2	2.8750E0	2.5687E6	
1421	-7.3044E-1	1.2002E2	2.8814E0	2.5709E6	
1422	-7.2876E-1	1.2251E2	2.8880E0	2.5731E6	
1423	-7.3013E-1	1.2047E2	2.8944E0	2.5753E6	
1424	-7.3235E-1	1.1719E2	2.9011E0	2.5775E6	
1425	-7.3143E-1	1.1855E2	2.9076E0	2.5798E6	
1426	-7.2838E-1	1.2308E2	2.9142E0	2.5820E6	
1427	-7.3013E-1	1.2047E2	2.9207E0	2.5842E6	
1428	-7.3257E-1	1.1685E2	2.9274E0	2.5864E6	
1429	-7.3250E-1	1.1696E2	2.9338E0	2.5886E6	
1430	-7.3174E-1	1.1809E2	2.9405E0	2.5909E6	
1431	-7.3006E-1	1.2059E2	2.9470E0	2.5931E6	
1432	-7.3204E-1	1.1764E2	2.9537E0	2.5953E6	
1433	-7.2998E-1	1.2070E2	2.9602E0	2.5975E6	
1434	-7.3196E-1	1.1775E2	2.9668E0	2.5997E6	
1435	-7.3448E-1	1.1402E2	2.9734E0	2.6020E6	
1436	-7.3456E-1	1.1391E2	2.9800E0	2.6042E6	
1437	-7.3174E-1	1.1809E2	2.9866E0	2.6064E6	
1438	-7.3181E-1	1.1798E2	2.9932E0	2.6086E6	
1439	-7.3372E-1	1.1515E2	2.9998E0	2.6108E6	
1440	-7.3296E-1	1.1628E2	3.0064E0	2.6131E6	
1441	-7.3448E-1	1.1402E2	3.0131E0	2.6153E6	
1442	-7.3059E-1	1.1979E2	3.0196E0	2.6175E6	
1443	-7.3296E-1	1.1628E2	3.0263E0	2.6197E6	
1444	-7.3135E-1	1.1866E2	3.0331E0	2.6219E6	
1445	-7.3448E-1	1.1402E2	3.0396E0	2.6242E6	
1446	-7.3418E-1	1.1447E2	3.0463E0	2.6264E6	
1447	-7.3715E-1	1.1006E2	3.0529E0	2.6286E6	
1448	-7.3456E-1	1.1391E2	3.0596E0	2.6308E6	
1449	-7.3593E-1	1.1187E2	3.0663E0	2.6330E6	
1450	-7.3425E-1	1.1436E2	3.0729E0	2.6353E6	
1451	-7.3631E-1	1.1130E2	3.0796E0	2.6375E6	
1452	-7.3784E-1	1.0904E2	3.0863E0	2.6397E6	
1453	-7.3555E-1	1.1243E2	3.0928E0	2.6419E6	
1454	-7.3471E-1	1.1368E2	3.0995E0	2.6441E6	
1455	-7.3631E-1	1.1130E2	3.1061E0	2.6464E6	
1456	-7.3601E-1	1.1175E2	3.1130E0	2.6486E6	
1457	-7.3692E-1	1.1040E2	3.1196E0	2.6508E6	
1458	-7.3517E-1	1.1300E2	3.1263E0	2.6530E6	
1459	-7.3677E-1	1.1062E2	3.1329E0	2.6552E6	
1460	-7.3624E-1	1.1141E2	3.1396E0	2.6575E6	
1461	-7.3662E-1	1.1085E2	3.1463E0	2.6597E6	
1462	-7.3723E-1	1.0994E2	3.1530E0	2.6619E6	
1463	-7.4020E-1	1.0553E2	3.1597E0	2.6641E6	
1464	-7.3769E-1	1.0926E2	3.1665E0	2.6663E6	
1465	-7.3753E-1	1.0949E2	3.1732E0	2.6686E6	
1466	-7.3898E-1	1.0734E2	3.1800E0	2.6708E6	
1467	-7.3906E-1	1.0722E2	3.1867E0	2.6730E6	
1468	-7.3906E-1	1.0722E2	3.1934E0	2.6752E6	
1469	-7.3883E-1	1.0756E2	3.2001E0	2.6774E6	
1470	-7.3914E-1	1.0711E2	3.2069E0	2.6797E6	
1471	-7.3967E-1	1.0632E2	3.2137E0	2.6819E6	
1472	-7.3761E-1	1.0938E2	3.2203E0	2.6841E6	
1473	-7.3997E-1	1.0587E2	3.2270E0	2.6863E6	
1474	-7.3845E-1	1.0813E2	3.2339E0	2.6885E6	
1475	-7.3784E-1	1.0904E2	3.2406E0	2.6908E6	
1476	-7.3982E-1	1.0609E2	3.2474E0	2.6930E6	
1477	-7.4211E-1	1.0270E2	3.2542E0	2.6952E6	
1478	-7.3997E-1	1.0587E2	3.2610E0	2.6974E6	
1479	-7.4440E-1	9.9299E1	3.2678E0	2.6996E6	
1480	-7.4272E-1	1.0179E2	3.2745E0	2.7019E6	
1481	-7.4318E-1	1.0111E2	3.2812E0	2.7041E6	
1482	-7.4036E-1	1.0530E2	3.2881E0	2.7063E6	
1483	-7.4249E-1	1.0213E2	3.2948E0	2.7085E6	
1484	-7.4554E-1	9.7601E1	3.3016E0	2.7107E6	
1485	-7.4066E-1	1.0485E2	3.3085E0	2.7130E6	
1486	-7.4371E-1	1.0032E2	3.3153E0	2.7152E6	
1487	-7.4554E-1	9.7601E1	3.3221E0	2.7174E6	
1488	-7.4371E-1	1.0032E2	3.3289E0	2.7196E6	
1489	-7.4196E-1	1.0292E2	3.3356E0	2.7218E6	
1490	-7.4371E-1	1.0032E2	3.3425E0	2.7241E6	
1491	-7.4333E-1	1.0088E2	3.3493E0	2.7263E6	
1492	-7.4310E-1	1.0122E2	3.3561E0	2.7285E6	
1493	-7.4226E-1	1.0247E2	3.3630E0	2.7307E6	
1494	-7.4509E-1	9.8280E1	3.3697E0	2.7329E6	
1495	-7.4425E-1	9.9525E1	3.3765E0	2.7352E6	
1496	-7.4326E-1	1.0100E2	3.3834E0	2.7374E6	
1497	-7.4402E-1	9.9865E1	3.3903E0	2.7396E6	
1498	-7.4402E-1	9.9865E1	3.3971E0	2.7418E6	
1499	-7.4417E-1	9.9639E1	3.4040E0	2.7440E6	
1500	-7.4493E-1	9.8506E1	3.4108E0	2.7463E6	
1501	-7.4585E-1	9.7148E1	3.4177E0	2.7485E6	
1502	-7.4669E-1	9.5902E1	3.4246E0	2.7507E6	
1503	-7.4753E-1	9.4657E1	3.4314E0	2.7529E6	
1504	-7.4593E-1	9.7035E1	3.4383E0	2.7551E6	
1505	-7.4867E-1	9.2958E1	3.4452E0	2.7574E6	
1506	-7.4684E-1	9.5676E1	3.4521E0	2.7596E6	
1507	-7.4585E-1	9.7148E1	3.4588E0	2.7618E6	
1508	-7.4982E-1	9.1260E1	3.4658E0	2.7640E6	
1509	-7.4615E-1	9.6695E1	3.4727E0	2.7662E6	
1510	-7.4684E-1	9.5676E1	3.4796E0	2.7685E6	
1511	-7.4753E-1	9.4657E1	3.4864E0	2.7707E6	
1512	-7.4715E-1	9.5223E1	3.4933E0	2.7729E6	
1513	-7.4898E-1	9.2505E1	3.5002E0	2.7751E6	
1514	-7.4669E-1	9.5902E1	3.5071E0	2.7773E6	
1515	-7.4753E-1	9.4657E1	3.5140E0	2.7796E6	
1516	-7.5043E-1	9.0354E1	3.5210E0	2.7818E6	
1517	-7.5012E-1	9.0807E1	3.5279E0	2.7840E6	
1518	-7.5111E-1	8.9335E1	3.5349E0	2.7862E6	
1519	-7.5012E-1	9.0807E1	3.5417E0	2.7884E6	
1520	-7.5211E-1	8.7863E1	3.5487E0	2.7907E6	
1521	-7.4829E-1	9.3525E1	3.5557E0	2.7929E6	
1522	-7.4844E-1	9.3298E1	3.5626E0	2.7951E6	
1523	-7.5027E-1	9.0581E1	3.5695E0	2.7973E6	
1524	-7.5172E-1	8.8429E1	3.5765E0	2.7995E6	
1525	-7.4829E-1	9.3525E1	3.5834E0	2.8018E6	
1526	-7.4951E-1	9.1713E1	3.5904E0	2.8040E6	
1527	-7.4951E-1	9.1713E1	3.5973E0	2.8062E6	
1528	-7.5127E-1	8.9109E1	3.6043E0	2.8084E6	
1529	-7.5226E-1	8.7637E1	3.6112E0	2.8106E6	
1530	-7.5180E-1	8.8316E1	3.6183E0	2.8129E6	
1531	-7.4997E-1	9.1034E1	3.6253E0	2.8151E6	
1532	-7.5195E-1	8.8090E1	3.6322E0	2.8173E6	
1533	-7.5241E-1	8.7410E1	3.6392E0	2.8195E6	
1534	-7.5195E-1	8.8090E1	3.6460E0	2.8217E6	
1535	-7.5356E-1	8.5712E1	3.6530E0	2.8240E6	
1536	-7.5241E-1	8.7410E1	3.6601E0	2.8262E6	
1537	-7.5294E-1	8.6618E1	3.6671E0	2.8284E6	
1538	-7.5409E-1	8.4919E1	3.6741E0	2.8306E6	
1539	-7.5401E-1	8.5033E1	3.6810E0	2.8328E6	
1540	-7.5470E-1	8.4014E1	3.6881E0	2.8351E6	
1541	-7.5478E-1	8.3900E1	3.6950E0	2.8373E6	
1542	-7.5653E-1	8.1296E1	3.7022E0	2.8395E6	
1543	-7.5592E-1	8.2202E1	3.7091E0	2.8417E6	
1544	-7.5485E-1	8.3787E1	3.7161E0	2.8439E6	
1545	-7.5600E-1	8.2089E1	3.7232E0	2.8462E6	
1546	-7.5722E-1	8.0277E1	3.7302E0	2.8484E6	
1547	-7.5806E-1	7.9032E1	3.7373E0	2.8506E6	
1548	-7.5768E-1	7.9598E1	3.7443E0	2.8528E6	
1549	-7.5447E-1	8.4353E1	3.7512E0	2.8550E6	
1550	-7.5897E-1	7.7673E1	3.7583E0	2.8573E6	
1551	-7.5752E-1	7.9824E1	3.7653E0	2.8595E6	
1552	-7.5790E-1	7.9258E1	3.7724E0	2.8617E6	
1553	-7.5691E-1	8.0730E1	3.7795E0	2.8639E6	
1554	-7.5630E-1	8.1636E1	3.7865E0	2.8661E6	
1555	-7.5829E-1	7.8692E1	3.7936E0	2.8684E6	
1556	-7.5844E-1	7.8465E1	3.8007E0	2.8706E6	
1557	-7.5554E-1	8.2768E1	3.8077E0	2.8728E6	
1558	-7.5996E-1	7.6201E1	3.8148E0	2.8750E6	
1559	-7.5859E-1	7.8239E1	3.8219E0	2.8772E6	
1560	-7.6118E-1	7.4389E1	3.8290E0	2.8795E6	
1561	-7.5935E-1	7.7107E1	3.8360E0	2.8817E6	
1562	-7.5867E-1	7.8126E1	3.8431E0	2.8839E6	
1563	-7.5943E-1	7.6994E1	3.8502E0	2.8861E6	
1564	-7.5821E-1	7.8805E1	3.8573E0	2.8883E6	
1565	-7.6035E-1	7.5635E1	3.8643E0	2.8906E6	
1566	-7.6057E-1	7.5295E1	3.8714E0	2.8928E6	
1567	-7.6256E-1	7.2351E1	3.8786E0	2.8950E6	
1568	-7.6012E-1	7.5975E1	3.8857E0	2.8972E6	
1569	-7.5958E-1	7.6767E1	3.8927E0	2.8994E6	
1570	-7.6080E-1	7.4955E1	3.9000E0	2.9017E6	
1571	-7.5912E-1	7.7446E1	3.9070E0	2.9039E6	
1572	-7.6096E-1	7.4729E1	3.9140E0	2.9061E6	
1573	-7.6241E-1	7.2578E1	3.9211E0	2.9083E6	
1574	-7.6248E-1	7.2465E1	3.9283E0	2.9105E6	
1575	-7.6256E-1	7.2351E1	3.9355E0	2.9128E6	
1576	-7.6225E-1	7.2804E1	3.9426E0	2.9150E6	
1577	-7.6088E-1	7.4842E1	3.9497E0	2.9172E6	
1578	-7.6355E-1	7.0879E1	3.9570E0	2.9194E6	
1579	-7.6195E-1	7.3257E1	3.9640E0	2.9216E6	
1580	-7.6187E-1	7.3370E1	3.9711E0	2.9239E6	
1581	-7.6378E-1	7.0540E1	3.9783E0	2.9261E6	
1582	-7.6263E-1	7.2238E1	3.9855E0	2.9283E6	
1583	-7.6256E-1	7.2351E1	3.9926E0	2.9305E6	
1584	-7.6378E-1	7.0540E1	3.9998E0	2.9327E6	
1585	-7.6500E-1	6.8728E1	4.0069E0	2.9350E6	
1586	-7.6591E-1	6.7369E1	4.0141E0	2.9372E6	
1587	-7.6553E-1	6.7935E1	4.0213E0	2.9394E6	
1588	-7.6530E-1	6.8275E1	4.0285E0	2.9416E6	
1589	-7.6477E-1	6.9068E1	4.0356E0	2.9438E6	
1590	-7.6530E-1	6.8275E1	4.0428E0	2.9461E6	
1591	-7.6447E-1	6.9521E1	4.0499E0	2.9483E6	
1592	-7.6820E-1	6.3973E1	4.0572E0	2.9505E6	
1593	-7.6576E-1	6.7596E1	4.0644E0	2.9527E6	
1594	-7.6637E-1	6.6690E1	4.0716E0	2.9549E6	
1595	-7.6874E-1	6.3180E1	4.0787E0	2.9572E6	
1596	-7.6729E-1	6.5331E1	4.0860E0	2.9594E6	
1597	-7.6767E-1	6.4765E1	4.0931E0	2.9616E6	
1598	-7.6767E-1	6.4765E1	4.1004E0	2.9638E6	
1599	-7.6927E-1	6.2387E1	4.1075E0	2.9660E6	
1600	-7.7011E-1	6.1142E1	4.1147E0	2.9683E6	
1601	-7.6721E-1	6.5445E1	4.1221E0	2.9705E6	
1602	-7.7156E-1	5.8991E1	4.1292E0	2.9727E6	
1603	-7.6965E-1	6.1821E1	4.1364E0	2.9749E6	
1604	-7.6828E-1	6.3859E1	4.1437E0	2.9771E6	
1605	-7.6942E-1	6.2161E1	4.1509E0	2.9794E6	
1606	-7.7080E-1	6.0123E1	4.1582E0	2.9816E6	
1607	-7.6920E-1	6.2501E1	4.1654E0	2.9838E6	
1608	-7.6981E-1	6.1595E1	4.1726E0	2.9860E6	
1609	-7.7133E-1	5.9330E1	4.1799E0	2.9882E6	
1610	-7.7194E-1	5.8425E1	4.1871E0	2.9905E6	
1611	-7.7003E-1	6.1255E1	4.1943E0	2.9927E6	
1612	-7.7011E-1	6.1142E1	4.2016E0	2.9949E6	
1613	-7.7087E-1	6.0010E1	4.2088E0	2.9971E6	
1614	-7.7431E-1	5.4915E1	4.2161E0	2.9993E6	
1615	-7.6904E-1	6.2727E1	4.2234E0	3.0016E6	
1616	-7.6866E-1	6.3293E1	4.2307E0	3.0038E6	
1617	-7.7164E-1	5.8877E1	4.2379E0	3.0060E6	
1618	-7.7179E-1	5.8651E1	4.2452E0	3.0082E6	
1619	-7.7232E-1	5.7858E1	4.2525E0	3.0104E6	
1620	-7.7362E-1	5.5934E1	4.2597E0	3.0127E6	
1621	-7.7362E-1	5.5934E1	4.2670E0	3.0149E6	
1622	-7.7309E-1	5.6726E1	4.2743E0	3.0171E6	
1623	-7.7240E-1	5.7745E1	4.2816E0	3.0193E6	
1624	-7.7431E-1	5.4915E1	4.2889E0	3.0215E6	
1625	-7.7477E-1	5.4235E1	4.2962E0	3.0238E6	
1626	-7.7339E-1	5.6273E1	4.3035E0	3.0260E6	
1627	-7.7332E-1	5.6386E1	4.3108E0	3.0282E6	
1628	-7.7332E-1	5.6386E1	4.3181E0	3.0304E6	
1629	-7.7271E-1	5.7292E1	4.3254E0	3.0326E6	
1630	-7.7553E-1	5.3103E1	4.3327E0	3.0349E6	
1631	-7.7568E-1	5.2876E1	4.3400E0	3.0371E6	
1632	-7.7461E-1	5.4462E1	4.3474E0	3.0393E6	
1633	-7.7698E-1	5.0952E1	4.3546E0	3.0415E6	
1634	-7.7499E-1	5.3895E1	4.3619E0	3.0437E6	
1635	-7.7644E-1	5.1744E1	4.3693E0	3.0460E6	
1636	-7.7682E-1	5.1178E1	4.3766E0	3.0482E6	
1637	-7.7591E-1	5.2537E1	4.3839E0	3.0504E6	
1638	-7.7583E-1	5.2650E1	4.3912E0	3.0526E6	
1639	-7.7751E-1	5.0159E1	4.3985E0	3.0548E6	
1640	-7.7591E-1	5.2537E1	4.4060E0	3.0571E6	
1641	-7.7744E-1	5.0272E1	4.4132E0	3.0593E6	
1642	-7.7942E-1	4.7328E1	4.4205E0	3.0615E6	
1643	-7.7782E-1	4.9706E1	4.4278E0	3.0637E6	
1644	-7.7751E-1	5.0159E1	4.4353E0	3.0659E6	
1645	-7.7759E-1	5.0046E1	4.4426E0	3.0682E6	
1646	-7.7888E-1	4.8121E1	4.4500E0	3.0704E6	
1647	-7.7850E-1	4.8687E1	4.4573E0	3.0726E6	
1648	-7.7896E-1	4.8008E1	4.4647E0	3.0748E6	
1649	-7.8064E-1	4.5517E1	4.4721E0	3.0770E6	
1650	-7.8003E-1	4.6423E1	4.4794E0	3.0793E6	
1651	-7.7873E-1	4.8347E1	4.4868E0	3.0815E6	
1652	-7.8056E-1	4.5630E1	4.4941E0	3.0837E6	
1653	-7.7827E-1	4.9027E1	4.5016E0	3.0859E6	
1654	-7.8056E-1	4.5630E1	4.5088E0	3.0881E6	
1655	-7.8148E-1	4.4271E1	4.5162E0	3.0904E6	
1656	-7.7980E-1	4.6762E1	4.5237E0	3.0926E6	
1657	-7.8064E-1	4.5517E1	4.5310E0	3.0948E6	
1658	-7.8209E-1	4.3366E1	4.5384E0	3.0970E6	
1659	-7.8308E-1	4.1894E1	4.5458E0	3.0992E6	
1660	-7.8209E-1	4.3366E1	4.5532E0	3.1015E6	
1661	-7.8140E-1	4.4385E1	4.5606E0	3.1037E6	
1662	-7.8423E-1	4.0195E1	4.5679E0	3.1059E6	
1663	-7.8140E-1	4.4385E1	4.5753E0	3.1081E6	
1664	-7.8468E-1	3.9516E1	4.5828E0	3.1103E6	
1665	-7.8362E-1	4.1101E1	4.5902E0	3.1126E6	
1666	-7.8453E-1	3.9742E1	4.5975E0	3.1148E6	
1667	-7.8369E-1	4.0988E1	4.6049E0	3.1170E6	
1668	-7.8339E-1	4.1441E1	4.6123E0	3.1192E6	
1669	-7.8484E-1	3.9289E1	4.6197E0	3.1214E6	
1670	-7.8415E-1	4.0308E1	4.6272E0	3.1237E6	
1671	-7.8552E-1	3.8270E1	4.6346E0	3.1259E6	
1672	-7.8362E-1	4.1101E1	4.6420E0	3.1281E6	
1673	-7.8484E-1	3.9289E1	4.6493E0	3.1303E6	
1674	-7.8499E-1	3.9063E1	4.6567E0	3.1325E6	
1675	-7.8743E-1	3.5440E1	4.6642E0	3.1348E6	
1676	-7.8430E-1	4.0082E1	4.6715E0	3.1370E6	
1677	-7.8568E-1	3.8044E1	4.6790E0	3.1392E6	
1678	-7.8522E-1	3.8723E1	4.6864E0	3.1414E6	
1679	-7.8552E-1	3.8270E1	4.6938E0	3.1436E6	
1680	-7.8705E-1	3.6006E1	4.7012E0	3.1459E6	
1681	-7.8735E-1	3.5553E1	4.7088E0	3.1481E6	
1682	-7.8773E-1	3.4987E1	4.7162E0	3.1503E6	
1683	-7.8712E-1	3.5893E1	4.7235E0	3.1525E6	
1684	-7.9071E-1	3.0571E1	4.7311E0	3.1547E6	
1685	-7.8728E-1	3.5666E1	4.7384E0	3.1570E6	
1686	-7.8682E-1	3.6346E1	4.7458E0	3.1592E6	
1687	-7.8659E-1	3.6685E1	4.7533E0	3.1614E6	
1688	-7.8766E-1	3.5100E1	4.7607E0	3.1636E6	
1689	-7.8972E-1	3.2043E1	4.7681E0	3.1658E6	
1690	-7.9079E-1	3.0458E1	4.7755E0	3.1681E6	
1691	-7.8918E-1	3.2836E1	4.7831E0	3.1703E6	
1692	-7.8819E-1	3.4307E1	4.7905E0	3.1725E6	
1693	-7.8720E-1	3.5779E1	4.7979E0	3.1747E6	
1694	-7.8995E-1	3.1703E1	4.8053E0	3.1769E6	
1695	-7.8888E-1	3.3288E1	4.8128E0	3.1792E6	
1696	-7.8941E-1	3.2496E1	4.8202E0	3.1814E6	
1697	-7.8926E-1	3.2722E1	4.8277E0	3.1836E6	
1698	-7.9094E-1	3.0231E1	4.8352E0	3.1858E6	
1699	-7.8979E-1	3.1930E1	4.8425E0	3.1880E6	
1700	-7.8995E-1	3.1703E1	4.8500E0	3.1903E6	
1701	-7.9018E-1	3.1364E1	4.8575E0	3.1925E6	
1702	-7.9056E-1	3.0797E1	4.8650E0	3.1947E6	
1703	-7.9140E-1	2.9552E1	4.8724E0	3.1969E6	
1704	-7.9117E-1	2.9892E1	4.8800E0	3.1991E6	
1705	-7.9216E-1	2.8420E1	4.8873E0	3.2014E6	
1706	-7.9178E-1	2.8986E1	4.8947E0	3.2036E6	
1707	-7.9071E-1	3.0571E1	4.9022E0	3.2058E6	
1708	-7.9475E-1	2.4570E1	4.9098E0	3.2080E6	
1709	-7.9376E-1	2.6042E1	4.9172E0	3.2102E6	
1710	-7.9330E-1	2.6721E1	4.9246E0	3.2125E6	
1711	-7.9407E-1	2.5589E1	4.9321E0	3.2147E6	
1712	-7.9308E-1	2.7061E1	4.9395E0	3.2169E6	
1713	-7.9437E-1	2.5136E1	4.9470E0	3.2191E6	
1714	-7.9338E-1	2.6608E1	4.9545E0	3.2213E6	
1715	-7.9430E-1	2.5249E1	4.9620E0	3.2236E6	
1716	-7.9536E-1	2.3664E1	4.9695E0	3.2258E6	
1717	-7.9254E-1	2.7854E1	4.9770E0	3.2280E6	
1718	-7.9567E-1	2.3211E1	4.9844E0	3.2302E6	
1719	-7.9315E-1	2.6948E1	4.9919E0	3.2324E6	
1720	-7.9689E-1	2.1400E1	4.9994E0	3.2347E6	
1721	-7.9498E-1	2.4230E1	5.0069E0	3.2369E6	
1722	-7.9689E-1	2.1400E1	5.0145E0	3.2391E6	
1723	-7.9834E-1	1.9248E1	5.0218E0	3.2413E6	
1724	-7.9773E-1	2.0154E1	5.0294E0	3.2435E6	
1725	-7.9750E-1	2.0494E1	5.0369E0	3.2458E6	
1726	-7.9712E-1	2.1060E1	5.0443E0	3.2480E6	
1727	-7.9895E-1	1.8343E1	5.0518E0	3.2502E6	
1728	-7.9712E-1	2.1060E1	5.0593E0	3.2524E6	
1729	-7.9742E-1	2.0607E1	5.0668E0	3.2546E6	
1730	-7.9865E-1	1.8796E1	5.0742E0	3.2569E6	
1731	-7.9796E-1	1.9815E1	5.0817E0	3.2591E6	
1732	-7.9689E-1	2.1400E1	5.0893E0	3.2613E6	
1733	-7.9903E-1	1.8229E1	5.0969E0	3.2635E6	
1734	-7.9834E-1	1.9248E1	5.1042E0	3.2657E6	
1735	-7.9887E-1	1.8456E1	5.1117E0	3.2680E6	
1736	-7.9971E-1	1.7210E1	5.1194E0	3.2702E6	
1737	-8.0017E-1	1.6531E1	5.1267E0	3.2724E6	
1738	-8.0139E-1	1.4719E1	5.1342E0	3.2746E6	
1739	-7.9887E-1	1.8456E1	5.1417E0	3.2768E6	
1740	-8.0040E-1	1.6191E1	5.1492E0	3.2791E6	
1741	-7.9926E-1	1.7890E1	5.1567E0	3.2813E6	
1742	-8.0040E-1	1.6191E1	5.1643E0	3.2835E6	
1743	-8.0208E-1	1.3700E1	5.1718E0	3.2857E6	
1744	-7.9834E-1	1.9248E1	5.1792E0	3.2879E6	
1745	-8.0124E-1	1.4946E1	5.1867E0	3.2902E6	
1746	-8.0299E-1	1.2342E1	5.1942E0	3.2924E6	
1747	-8.0315E-1	1.2115E1	5.2017E0	3.2946E6	
1748	-8.0208E-1	1.3700E1	5.2092E0	3.2968E6	
1749	-8.0162E-1	1.4380E1	5.2168E0	3.2990E6	
1750	-8.0254E-1	1.3021E1	5.2243E0	3.3013E6	
1751	-8.0177E-1	1.4153E1	5.2318E0	3.3035E6	
1752	-8.0185E-1	1.4040E1	5.2393E0	3.3057E6	
1753	-8.0551E-1	8.6052E0	5.2468E0	3.3079E6	
1754	-8.0238E-1	1.3247E1	5.2542E0	3.3101E6	
1755	-8.0536E-1	8.8316E0	5.2618E0	3.3124E6	
1756	-8.0437E-1	1.0304E1	5.2691E0	3.3146E6	
1757	-8.0399E-1	1.0870E1	5.2767E0	3.3168E6	
1758	-8.0246E-1	1.3134E1	5.2842E0	3.3190E6	
1759	-8.0627E-1	7.4729E0	5.2917E0	3.3212E6	
1760	-8.0376E-1	1.1209E1	5.2993E0	3.3235E6	
1761	-8.0315E-1	1.2115E1	5.3067E0	3.3257E6	
1762	-8.0490E-1	9.5110E0	5.3142E0	3.3279E6	
1763	-8.0452E-1	1.0077E1	5.3218E0	3.3301E6	
1764	-8.0482E-1	9.6242E0	5.3292E0	3.3323E6	
1765	-8.0521E-1	9.0581E0	5.3366E0	3.3346E6	
1766	-8.0414E-1	1.0643E1	5.3442E0	3.3368E6	
1767	-8.0635E-1	7.3597E0	5.3516E0	3.3390E6	
1768	-8.0765E-1	5.4349E0	5.3590E0	3.3412E6	
1769	-8.0475E-1	9.7375E0	5.3666E0	3.3434E6	
1770	-8.0757E-1	5.5481E0	5.3740E0	3.3457E6	
1771	-8.0765E-1	5.4349E0	5.3816E0	3.3479E6	
1772	-8.0696E-1	6.4539E0	5.3890E0	3.3501E6	
1773	-8.0750E-1	5.6613E0	5.3965E0	3.3523E6	
1774	-8.0635E-1	7.3597E0	5.4041E0	3.3545E6	
1775	-8.0879E-1	3.7365E0	5.4115E0	3.3568E6	
1776	-8.0864E-1	3.9629E0	5.4189E0	3.3590E6	
1777	-8.0795E-1	4.9820E0	5.4265E0	3.3612E6	
1778	-8.1116E-1	2.2649E-1	5.4340E0	3.3634E6	
1779	-8.1001E-1	1.9249E0	5.4416E0	3.3656E6	
1780	-8.1161E-1	-4.5286E-1	5.4489E0	3.3679E6	
1781	-8.0986E-1	2.1513E0	5.4564E0	3.3701E6	
1782	-8.1001E-1	1.9249E0	5.4640E0	3.3723E6	
1783	-8.0772E-1	5.3217E0	5.4715E0	3.3745E6	
1784	-8.1100E-1	4.5294E-1	5.4789E0	3.3767E6	
1785	-8.0986E-1	2.1513E0	5.4864E0	3.3790E6	
1786	-8.1146E-1	-2.2641E-1	5.4940E0	3.3812E6	
1787	-8.1146E-1	-2.2641E-1	5.5013E0	3.3833E6	
1788	-8.1146E-1	-2.2641E-1	5.5013E0	3.3833E6	
1789	-8.1146E-1	-2.2641E-1	5.5013E0	3.3833E6	
1790	-8.1146E-1	-2.2641E-1	5.5013E0	3.3833E6	
1791	-8.1146E-1	-2.2641E-1	5.5013E0	3.3833E6	
1792	-8.1146E-1	-2.2641E-1	5.5013E0	3.3833E6	
1793	-8.1146E-1	-2.2641E-1	5.5013E0	3.3833E6	
1794	-8.1146E-1	-2.2641E-1	5.5013E0	3.3833E6	
1795	-8.1146E-1	-2.2641E-1	5.5013E0	3.3833E6	
1796	-8.1146E-1	-2.2641E-1	5.5013E0	3.3833E6	
1797	-8.1146E-1	-2.2641E-1	5.5013E0	3.3833E6	
1798	-8.1146E-1	-2.2641E-1	5.5013E0	3.3833E6	
1799	-8.1146E-1	-2.2641E-1	5.5013E0	3.3833E6	
1800	-8.1146E-1	-2.2641E-1	5.5013E0	3.3833E6	
1801	-8.1146E-1	-2.2641E-1	5.5013E0	3.3833E6	
1802	-8.1146E-1	-2.2641E-1	5.5013E0	3.3833E6	
1803	-8.1146E-1	-2.2641E-1	5.5013E0	3.3833E6	
1804	-8.1146E-1	-2.2641E-1	5.5013E0	3.3833E6	
1805	-8.1146E-1	-2.2641E-1	5.5013E0	3.3833E6	
1806	-8.1146E-1	-2.2641E-1	5.5013E0	3.3833E6	
1807	-8.1146E-1	-2.2641E-1	5.5013E0	3.3833E6	
1808	-8.1146E-1	-2.2641E-1	5.5013E0	3.3833E6	
1809	-8.1146E-1	-2.2641E-1	5.5013E0	3.3833E6	
1810	-8.1146E-1	-2.2641E-1	5.5013E0	3.3833E6	
1811	-8.1146E-1	-2.2641E-1	5.5013E0	3.3833E6	
1812	-8.1146E-1	-2.2641E-1	5.5013E0	3.3833E6	
1813	-8.1146E-1	-2.2641E-1	5.5013E0	3.3833E6	
1814	-8.1146E-1	-2.2641E-1	5.5013E0	3.3833E6	
1815	-8.1146E-1	-2.2641E-1	5.5013E0	3.3833E6	
1816	-8.1146E-1	-2.2641E-1	5.5013E0	3.3833E6	
1817	-8.1146E-1	-2.2641E-1	5.5013E0	3.3833E6	
1818	-8.1146E-1	-2.2641E-1	5.5013E0	3.3833E6	
1819	-8.1146E-1	-2.2641E-1	5.5013E0	3.3833E6	
1820	-8.1146E-1	-2.2641E-1	5.5013E0	3.3833E6	
1821	-8.1146E-1	-2.2641E-1	5.5013E0	3.3833E6	
1822	-8.1146E-1	-2.2641E-1	5.5013E0	3.3833E6	
1823	-8.1146E-1	-2.2641E-1	5.5013E0	3.3833E6	
1824	-8.1146E-1	-2.2641E-1	5.5013E0	3.3833E6	
1825	-8.1146E-1	-2.2641E-1	5.5013E0	3.3833E6	
1826	-8.1146E-1	-2.2641E-1	5.5013E0	3.3833E6	
1827	-8.1146E-1	-2.2641E-1	5.5013E0	3.3833E6	
1828	-8.1146E-1	-2.2641E-1	5.5013E0	3.3833E6	
1829	-8.1146E-1	-2.2641E-1	5.5013E0	3.3833E6	
1830	-8.1146E-1	-2.2641E-1	5.5013E0	3.3833E6	
1831	-8.1146E-1	-2.2641E-1	5.5013E0	3.3833E6	
1832	-8.1146E-1	-2.2641E-1	5.5013E0	3.3833E6	
1833	-8.1146E-1	-2.2641E-1	5.5013E0	3.3833E6	
1834	-8.1146E-1	-2.2641E-1	5.5013E0	3.3833E6	
1835	-8.1146E-1	-2.2641E-1	5.5013E0	3.3833E6	
1836	-8.1146E-1	-2.2641E-1	5.5013E0	3.3833E6	
1837	-8.1146E-1	-2.2641E-1	5.5013E0	3.3833E6	
1838	-8.1146E-1	-2.2641E-1	5.5013E0	3.3833E6	
1839	-8.1146E-1	-2.2641E-1	5.5013E0	3.3833E6	
1840	-8.1146E-1	-2.2641E-1	5.5013E0	3.3833E6	
1841	-8.1146E-1	-2.2641E-1	5.5013E0	3.3833E6	
1842	-8.1146E-1	-2.2641E-1	5.5013E0	3.3833E6	
1843	-8.1146E-1	-2.2641E-1	5.5013E0	3.3833E6	
1844	-8.1146E-1	-2.2641E-1	5.5013E0	3.3833E6	
1845	-8.1146E-1	-2.2641E-1	5.5013E0	3.3833E6	
1846	-8.1146E-1	-2.2641E-1	5.5013E0	3.3833E6	
1847	-8.1146E-1	-2.2641E-1	5.5013E0	3.3833E6	
1848	-8.1146E-1	-2.2641E-1	5.5013E0	3.3833E6	
1849	-8.1146E-1	-2.2641E-1	5.5013E0	3.3833E6	
1850	-8.1146E-1	-2.2641E-1	5.5013E0	3.3833E6	
1851	-8.1146E-1	-2.2641E-1	5.5013E0	3.3833E6	
1852	-8.1146E-1	-2.2641E-1	5.5013E0	3.3833E6	
1853	-8.1146E-1	-2.2641E-1	5.5013E0	3.3833E6	
1854	-8.1146E-1	-2.2641E-1	5.5013E0	3.3833E6	
1855	-8.1146E-1	-2.2641E-1	5.5013E0	3.3833E6	
1856	-8.1146E-1	-2.2641E-1	5.5013E0	3.3833E6	
1857	-8.1146E-1	-2.2641E-1	5.5013E0	3.3833E6	
1858	-8.1146E-1	-2.2641E-1	5.5013E0	3.3833E6	
1859	-8.1146E-1	-2.2641E-1	5.5013E0	3.3833E6	
1860	-8.1146E-1	-2.2641E-1	5.5013E0	3.3833E6	
1861	-8.1146E-1	-2.2641E-1	5.5013E0	3.3833E6	
1862	-8.1146E-1	-2.2641E-1	5.5013E0	3.3833E6	
1863	-8.1146E-1	-2.2641E-1	5.5013E0	3.3833E6	
1864	-8.1146E-1	-2.2641E-1	5.5013E0	3.3833E6	
1865	-8.1146E-1	-2.2641E-1	5.5013E0	3.3833E6	
1866	-8.1146E-1	-2.2641E-1	5.5013E0	3.3833E6	
1867	-8.1146E-1	-2.2641E-1	5.5013E0	3.3833E6	
1868	-8.1146E-1	-2.2641E-1	5.5013E0	3.3833E6	
1869	-8.1146E-1	-2.2641E-1	5.5013E0	3.3833E6	
1870	-8.1146E-1	-2.2641E-1	5.5013E0	3.3833E6	
1871	-8.1146E-1	-2.2641E-1	5.5013E0	3.3833E6	
1872	-8.1146E-1	-2.2641E-1	5.5013E0	3.3833E6	
1873	-8.1146E-1	-2.2641E-1	5.5013E0	3.3833E6	
1874	-8.1146E-1	-2.2641E-1	5.5013E0	3.3833E6	
1875	-8.1146E-1	-2.2641E-1	5.5013E0	3.3833E6	
1876	-8.1146E-1	-2.2641E-1	5.5013E0	3.3833E6	
1877	-8.1146E-1	-2.2641E-1	5.5013E0	3.3833E6	
1878	-8.1146E-1	-2.2641E-1	5.5013E0	3.3833E6	
1879	-8.1146E-1	-2.2641E-1	5.5013E0	3.3833E6	
1880	-8.1146E-1	-2.2641E-1	5.5013E0	3.3833E6	
1881	-8.1146E-1	-2.2641E-1	5.5013E0	3.3833E6	
1882	-8.1146E-1	-2.2641E-1	5.5013E0	3.3833E6	
1883	-8.1146E-1	-2.2641E-1	5.5013E0	3.3833E6	
1884	-8.1146E-1	-2.2641E-1	5.5013E0	3.3833E6	
1885	-8.1146E-1	-2.2641E-1	5.5013E0	3.3833E6	
1886	-8.1146E-1	-2.2641E-1	5.5013E0	3.3833E6	
1887	-8.1146E-1	-2.2641E-1	5.5013E0	3.3833E6	
1888	-8.1146E-1	-2.2641E-1	5.5013E0	3.3833E6	
1889	-8.1146E-1	-2.2641E-1	5.5013E0	3.3833E6	
1890	-8.1146E-1	-2.2641E-1	5.5013E0	3.3833E6	
1891	-8.1146E-1	-2.2641E-1	5.5013E0	3.3833E6	
1892	-8.1146E-1	-2.2641E-1	5.5013E0	3.3833E6	
1893	-8.1146E-1	-2.2641E-1	5.5013E0	3.3833E6	
1894	-8.1146E-1	-2.2641E-1	5.5013E0	3.3833E6	
1895	-8.1146E-1	-2.2641E-1	5.5013E0	3.3833E6	
1896	-8.1146E-1	-2.2641E-1	5.5013E0	3.3833E6	
1897	-8.1146E-1	-2.2641E-1	5.5013E0	3.3833E6	
1898	-8.1146E-1	-2.2641E-1	5.5013E0	3.3833E6	
1899	-8.1146E-1	-2.2641E-1	5.5013E0	3.3833E6	
1900	-8.1146E-1	-2.2641E-1	5.5013E0	3.3833E6	
1901	-8.1146E-1	-2.2641E-1	5.5013E0	3.3833E6	
1902	-8.1146E-1	-2.2641E-1	5.5013E0	3.3833E6	
1903	-8.1146E-1	-2.2641E-1	5.5013E0	3.3833E6	
1904	-8.1146E-1	-2.2641E-1	5.5013E0	3.3833E6	
1905	-8.1146E-1	-2.2641E-1	5.5013E0	3.3833E6	
1906	-8.1146E-1	-2.2641E-1	5.5013E0	3.3833E6	
1907	-8.1146E-1	-2.2641E-1	5.5013E0	3.3833E6	
1908	-8.1146E-1	-2.2641E-1	5.5013E0	3.3833E6	
1909	-8.1146E-1	-2.2641E-1	5.5013E0	3.3833E6	
1910	-8.1146E-1	-2.2641E-1	5.5013E0	3.3833E6	
1911	-8.1146E-1	-2.2641E-1	5.5013E0	3.3833E6	
1912	-8.1146E-1	-2.2641E-1	5.5013E0	3.3833E6	
1913	-8.1146E-1	-2.2641E-1	5.5013E0	3.3833E6	
1914	-8.1146E-1	-2.2641E-1	5.5013E0	3.3833E6	
1915	-8.1146E-1	-2.2641E-1	5.5013E0	3.3833E6	
1916	-8.1146E-1	-2.2641E-1	5.5013E0	3.3833E6	
1917	-8.1146E-1	-2.2641E-1	5.5013E0	3.3833E6	
1918	-8.1146E-1	-2.2641E-1	5.5013E0	3.3833E6	
1919	-8.1146E-1	-2.2641E-1	5.5013E0	3.3833E6	
1920	-8.1146E-1	-2.2641E-1	5.5013E0	3.3833E6	
1921	-8.1146E-1	-2.2641E-1	5.5013E0	3.3833E6	
1922	-8.1146E-1	-2.2641E-1	5.5013E0	3.3833E6	
1923	-8.1146E-1	-2.2641E-1	5.5013E0	3.3833E6	
1924	-8.1146E-1	-2.2641E-1	5.5013E0	3.3833E6	
1925	-8.1146E-1	-2.2641E-1	5.5013E0	3.3833E6	
1926	-8.1146E-1	-2.2641E-1	5.5013E0	3.3833E6	
1927	-8.1146E-1	-2.2641E-1	5.5013E0	3.3833E6	
1928	-8.1146E-1	-2.2641E-1	5.5013E0	3.3833E6	
1929	-8.1146E-1	-2.2641E-1	5.5013E0	3.3833E6	
1930	-8.1146E-1	-2.2641E-1	5.5013E0	3.3833E6	
1931	-8.1146E-1	-2.2641E-1	5.5013E0	3.3833E6	
1932	-8.1146E-1	-2.2641E-1	5.5013E0	3.3833E6	
1933	-8.1146E-1	-2.2641E-1	5.5013E0	3.3833E6	
1934	-8.1146E-1	-2.2641E-1	5.5013E0	3.3833E6	
1935	-8.1146E-1	-2.2641E-1	5.5013E0	3.3833E6	
1936	-8.1146E-1	-2.2641E-1	5.5013E0	3.3833E6	
1937	-8.1146E-1	-2.2641E-1	5.5013E0	3.3833E6	
1938	-8.1146E-1	-2.2641E-1	5.5013E0	3.3833E6	
1939	-8.1146E-1	-2.2641E-1	5.5013E0	3.3833E6	
1940	-8.1146E-1	-2.2641E-1	5.5013E0	3.3833E6	
1941	-8.1146E-1	-2.2641E-1	5.5013E0	3.3833E6	
1942	-8.1146E-1	-2.2641E-1	5.5013E0	3.3833E6	
1943	-8.1146E-1	-2.2641E-1	5.5013E0	3.3833E6	
1944	-8.1146E-1	-2.2641E-1	5.5013E0	3.3833E6	
1945	-8.1146E-1	-2.2641E-1	5.5013E0	3.3833E6	
1946	-8.1146E-1	-2.2641E-1	5.5013E0	3.3833E6	
1947	-8.1146E-1	-2.2641E-1	5.5013E0	3.3833E6	
1948	-8.1146E-1	-2.2641E-1	5.5013E0	3.3833E6	
1949	-8.1146E-1	-2.2641E-1	5.5013E0	3.3833E6	
1950	-8.1146E-1	-2.2641E-1	5.5013E0	3.3833E6	
1951	-8.1146E-1	-2.2641E-1	5.5013E0	3.3833E6	
1952	-8.1146E-1	-2.2641E-1	5.5013E0	3.3833E6	
1953	-8.1146E-1	-2.2641E-1	5.5013E0	3.3833E6	
1954	-8.1146E-1	-2.2641E-1	5.5013E0	3.3833E6	
1955	-8.1146E-1	-2.2641E-1	5.5013E0	3.3833E6	
1956	-8.1146E-1	-2.2641E-1	5.5013E0	3.3833E6	
1957	-8.1146E-1	-2.2641E-1	5.5013E0	3.3833E6	
1958	-8.1146E-1	-2.2641E-1	5.5013E0	3.3833E6	
1959	-8.1146E-1	-2.2641E-1	5.5013E0	3.3833E6	
1960	-8.1146E-1	-2.2641E-1	5.5013E0	3.3833E6	
1961	-8.1146E-1	-2.2641E-1	5.5013E0	3.3833E6	
1962	-8.1146E-1	-2.2641E-1	5.5013E0	3.3833E6	
1963	-8.1146E-1	-2.2641E-1	5.5013E0	3.3833E6	
1964	-8.1146E-1	-2.2641E-1	5.5013E0	3.3833E6	
1965	-8.1146E-1	-2.2641E-1	5.5013E0	3.3833E6	
1966	-8.1146E-1	-2.2641E-1	5.5013E0	3.3833E6	
1967	-8.1146E-1	-2.2641E-1	5.5013E0	3.3833E6	
1968	-8.1146E-1	-2.2641E-1	5.5013E0	3.3833E6	
1969	-8.1146E-1	-2.2641E-1	5.5013E0	3.3833E6	
1970	-8.1146E-1	-2.2641E-1	5.5013E0	3.3833E6	
1971	-8.1146E-1	-2.2641E-1	5.5013E0	3.3833E6	
1972	-8.1146E-1	-2.2641E-1	5.5013E0	3.3833E6	
1973	-8.1146E-1	-2.2641E-1	5.5013E0	3.3833E6	
1974	-8.1146E-1	-2.2641E-1	5.5013E0	3.3833E6	
1975	-8.1146E-1	-2.2641E-1	5.5013E0	3.3833E6	
1976	-8.1146E-1	-2.2641E-1	5.5013E0	3.3833E6	
1977	-8.1146E-1	-2.2641E-1	5.5013E0	3.3833E6	
1978	-8.1146E-1	-2.2641E-1	5.5013E0	3.3833E6	
1979	-8.1146E-1	-2.2641E-1	5.5013E0	3.3833E6	
1980	-8.1146E-1	-2.2641E-1	5.5013E0	3.3833E6	
1981	-8.1146E-1	-2.2641E-1	5.5013E0	3.3833E6	
1982	-8.1146E-1	-2.2641E-1	5.5013E0	3.3833E6	
1983	-8.1146E-1	-2.2641E-1	5.5013E0	3.3833E6	
1984	-8.1146E-1	-2.2641E-1	5.5013E0	3.3833E6	
1985	-8.1146E-1	-2.2641E-1	5.5013E0	3.3833E6	
1986	-8.1146E-1	-2.2641E-1	5.5013E0	3.3833E6	
1987	-8.1146E-1	-2.2641E-1	5.5013E0	3.3833E6	
1988	-8.1146E-1	-2.2641E-1	5.5013E0	3.3833E6	
1989	-8.1146E-1	-2.2641E-1	5.5013E0	3.3833E6	
1990	-8.1146E-1	-2.2641E-1	5.5013E0	3.3833E6	
1991	-8.1146E-1	-2.2641E-1	5.5013E0	3.3833E6	
1992	-8.1146E-1	-2.2641E-1	5.5013E0	3.3833E6	
1993	-8.1146E-1	-2.2641E-1	5.5013E0	3.3833E6	
1994	-8.1146E-1	-2.2641E-1	5.5013E0	3.3833E6	
1995	-8.1146E-1	-2.2641E-1	5.5013E0	3.3833E6	
1996	-8.1146E-1	-2.2641E-1	5.5013E0	3.3833E6	
1997	-8.1146E-1	-2.2641E-1	5.5013E0	3.3833E6	
1998	-8.1146E-1	-2.2641E-1	5.5013E0	3.3833E6	
1999	-8.1146E-1	-2.2641E-1	5.5013E0	3.3833E6	
2000	-8.1146E-1	-2.2641E-1	5.5013E0	3.3833E6	
2001	-8.1146E-1	-2.2641E-1	5.5013E0	3.3833E6	
2002	-8.1146E-1	-2.2641E-1	5.5013E0	3.3833E6	
2003	-8.1146E-1	-2.2641E-1	5.5013E0	3.3833E6	
2004	-8.1146E-1	-2.2641E-1	5.5013E0	3.3833E6	
2005	-8.1146E-1	-2.2641E-1	5.5013E0	3.3833E6	
2006	-8.1146E-1	-2.2641E-1	5.5013E0	3.3833E6	
2007	-8.1146E-1	-2.2641E-1	5.5013E0	3.3833E6	
2008	-8.1146E-1	-2.2641E-1	5.5013E0	3.3833E6	
2009	-8.1146E-1	-2.2641E-1	5.5013E0	3.3833E6	
2010	-8.1146E-1	-2.2641E-1	5.5013E0	3.3833E6	
2011	-8.1146E-1	-2.2641E-1	5.5013E0	3.3833E6	
2012	-8.1146E-1	-2.2641E-1	5.5013E0	3.3833E6	
2013	-8.1146E-1	-2.2641E-1	5.5013E0	3.3833E6	
2014	-8.1146E-1	-2.2641E-1	5.5013E0	3.3833E6	
2015	-8.1146E-1	-2.2641E-1	5.5013E0	3.3833E6	
2016	-8.1146E-1	-2.2641E-1	5.5013E0	3.3833E6	
2017	-8.1146E-1	-2.2641E-1	5.5013E0	3.3833E6	
2018	-8.1146E-1	-2.2641E-1	5.5013E0	3.3833E6	
2019	-8.1146E-1	-2.2641E-1	5.5013E0	3.3833E6	
2020	-8.1146E-1	-2.2641E-1	5.5013E0	3.3833E6	
2021	-8.1146E-1	-2.2641E-1	5.5013E0	3.3833E6	
2022	-8.1146E-1	-2.2641E-1	5.5013E0	3.3833E6	
2023	-8.1146E-1	-2.2641E-1	5.5013E0	3.3833E6	
2024	-8.1146E-1	-2.2641E-1	5.5013E0	3.3833E6	
2025	-8.1146E-1	-2.2641E-1	5.5013E0	3.3833E6	
2026	-8.1146E-1	-2.2641E-1	5.5013E0	3.3833E6	
2027	-8.1146E-1	-2.2641E-1	5.5013E0	3.3833E6	
2028	-8.1146E-1	-2.2641E-1	5.5013E0	3.3833E6	
2029	-8.1146E-1	-2.2641E-1	5.5013E0	3.3833E6	
2030	-8.1146E-1	-2.2641E-1	5.5013E0	3.3833E6	
2031	-8.1146E-1	-2.2641E-1	5.5013E0	3.3833E6	
2032	-8.1146E-1	-2.2641E-1	5.5013E0	3.3833E6	
2033	-8.1146E-1	-2.2641E-1	5.5013E0	3.3833E6	
2034	-8.1146E-1	-2.2641E-1	5.5013E0	3.3833E6	
2035	-8.1146E-1	-2.2641E-1	5.5013E0	3.3833E6	
2036	-8.1146E-1	-2.2641E-1	5.5013E0	3.3833E6	
2037	-8.1146E-1	-2.2641E-1	5.5013E0	3.3833E6	
2038	-8.1146E-1	-2.2641E-1	5.5013E0	3.3833E6	
2039	-8.1146E-1	-2.2641E-1	5.5013E0	3.3833E6	
2040	-8.1146E-1	-2.2641E-1	5.5013E0	3.3833E6	
2041	-8.1146E-1	-2.2641E-1	5.5013E0	3.3833E6	
2042	-8.1146E-1	-2.2641E-1	5.5013E0	3.3833E6	
2043	-8.1146E-1	-2.2641E-1	5.5013E0	3.3833E6	
2044	-8.1146E-1	-2.2641E-1	5.5013E0	3.3833E6	
2045	-8.1146E-1	-2.2641E-1	5.5013E0	3.3833E6	
2046	-8.1146E-1	-2.2641E-1	5.5013E0	3.3833E6	
2047	-8.1146E-1	-2.2641E-1	5.5013E0	3.3833E6	
2048	-8.1146E-1	-2.2641E-1	5.5013E0	3.3833E6	
