point 167
Index	Vertical (A-B)	Force	Z Height	Time Stamp	
     	V	nN	?m	?sec	
1	-8.3824E-1	1.0191E0	6.1403E0	1.2000E2	
2	-8.3954E-1	-9.0574E-1	6.1393E0	2.3400E3	
3	-8.3977E-1	-1.2454E0	6.1368E0	4.5600E3	
4	-8.3878E-1	2.2652E-1	6.1340E0	6.7800E3	
5	-8.4023E-1	-1.9248E0	6.1308E0	9.0000E3	
6	-8.3740E-1	2.2646E0	6.1273E0	1.1220E4	
7	-8.3870E-1	3.3975E-1	6.1237E0	1.3440E4	
8	-8.3870E-1	3.3975E-1	6.1200E0	1.5660E4	
9	-8.3878E-1	2.2652E-1	6.1161E0	1.7880E4	
10	-8.3626E-1	3.9630E0	6.1120E0	2.0100E4	
11	-8.3847E-1	6.7942E-1	6.1080E0	2.2320E4	
12	-8.3984E-1	-1.3586E0	6.1038E0	2.4540E4	
13	-8.3832E-1	9.0588E-1	6.0996E0	2.6760E4	
14	-8.3771E-1	1.8117E0	6.0953E0	2.8980E4	
15	-8.3900E-1	-1.1316E-1	6.0910E0	3.1200E4	
16	-8.3702E-1	2.8307E0	6.0866E0	3.3420E4	
17	-8.3656E-1	3.5101E0	6.0822E0	3.5640E4	
18	-8.3786E-1	1.5852E0	6.0776E0	3.7860E4	
19	-8.3725E-1	2.4910E0	6.0733E0	4.0080E4	
20	-8.3641E-1	3.7365E0	6.0686E0	4.2300E4	
21	-8.3649E-1	3.6233E0	6.0642E0	4.4520E4	
22	-8.3511E-1	5.6614E0	6.0594E0	4.6740E4	
23	-8.3656E-1	3.5101E0	6.0549E0	4.8960E4	
24	-8.3542E-1	5.2085E0	6.0502E0	5.1180E4	
25	-8.3725E-1	2.4910E0	6.0455E0	5.3400E4	
26	-8.3946E-1	-7.9251E-1	6.0409E0	5.5620E4	
27	-8.3694E-1	2.9439E0	6.0361E0	5.7840E4	
28	-8.3351E-1	8.0391E0	6.0313E0	6.0060E4	
29	-8.3626E-1	3.9630E0	6.0266E0	6.2280E4	
30	-8.3755E-1	2.0381E0	6.0219E0	6.4500E4	
31	-8.3595E-1	4.4159E0	6.0171E0	6.6720E4	
32	-8.3694E-1	2.9439E0	6.0124E0	6.8940E4	
33	-8.3534E-1	5.3217E0	6.0075E0	7.1160E4	
34	-8.3359E-1	7.9259E0	6.0027E0	7.3380E4	
35	-8.3588E-1	4.5291E0	5.9980E0	7.5600E4	
36	-8.3313E-1	8.6052E0	5.9931E0	7.7820E4	
37	-8.3405E-1	7.2465E0	5.9881E0	8.0040E4	
38	-8.3389E-1	7.4730E0	5.9834E0	8.2260E4	
39	-8.3412E-1	7.1333E0	5.9785E0	8.4480E4	
40	-8.3565E-1	4.8688E0	5.9736E0	8.6700E4	
41	-8.3229E-1	9.8507E0	5.9688E0	8.8920E4	
42	-8.3694E-1	2.9439E0	5.9638E0	9.1140E4	
43	-8.3633E-1	3.8497E0	5.9589E0	9.3360E4	
44	-8.3496E-1	5.8878E0	5.9540E0	9.5580E4	
45	-8.3641E-1	3.7365E0	5.9490E0	9.7800E4	
46	-8.3313E-1	8.6052E0	5.9440E0	1.0002E5	
47	-8.3397E-1	7.3597E0	5.9392E0	1.0224E5	
48	-8.3221E-1	9.9639E0	5.9340E0	1.0446E5	
49	-8.3176E-1	1.0643E1	5.9292E0	1.0668E5	
50	-8.3534E-1	5.3217E0	5.9242E0	1.0890E5	
51	-8.3412E-1	7.1333E0	5.9191E0	1.1112E5	
52	-8.3443E-1	6.6804E0	5.9140E0	1.1334E5	
53	-8.3382E-1	7.5862E0	5.9091E0	1.1556E5	
54	-8.3176E-1	1.0643E1	5.9042E0	1.1778E5	
55	-8.3282E-1	9.0581E0	5.8991E0	1.2000E5	
56	-8.3290E-1	8.9449E0	5.8940E0	1.2222E5	
57	-8.3229E-1	9.8507E0	5.8890E0	1.2444E5	
58	-8.3138E-1	1.1209E1	5.8839E0	1.2666E5	
59	-8.3282E-1	9.0581E0	5.8789E0	1.2888E5	
60	-8.3199E-1	1.0304E1	5.8737E0	1.3110E5	
61	-8.3069E-1	1.2228E1	5.8686E0	1.3332E5	
62	-8.3191E-1	1.0417E1	5.8636E0	1.3554E5	
63	-8.3397E-1	7.3597E0	5.8585E0	1.3776E5	
64	-8.2947E-1	1.4040E1	5.8534E0	1.3998E5	
65	-8.3076E-1	1.2115E1	5.8483E0	1.4220E5	
66	-8.3008E-1	1.3134E1	5.8432E0	1.4442E5	
67	-8.3000E-1	1.3247E1	5.8381E0	1.4664E5	
68	-8.3107E-1	1.1662E1	5.8330E0	1.4886E5	
69	-8.3015E-1	1.3021E1	5.8278E0	1.5108E5	
70	-8.3115E-1	1.1549E1	5.8227E0	1.5330E5	
71	-8.2932E-1	1.4267E1	5.8175E0	1.5552E5	
72	-8.3145E-1	1.1096E1	5.8124E0	1.5774E5	
73	-8.2878E-1	1.5059E1	5.8072E0	1.5996E5	
74	-8.2939E-1	1.4153E1	5.8021E0	1.6218E5	
75	-8.3023E-1	1.2908E1	5.7969E0	1.6440E5	
76	-8.2863E-1	1.5286E1	5.7917E0	1.6662E5	
77	-8.2825E-1	1.5852E1	5.7866E0	1.6884E5	
78	-8.2916E-1	1.4493E1	5.7813E0	1.7106E5	
79	-8.2733E-1	1.7210E1	5.7761E0	1.7328E5	
80	-8.2901E-1	1.4719E1	5.7709E0	1.7550E5	
81	-8.2787E-1	1.6418E1	5.7657E0	1.7772E5	
82	-8.2863E-1	1.5286E1	5.7605E0	1.7994E5	
83	-8.2626E-1	1.8796E1	5.7553E0	1.8216E5	
84	-8.2809E-1	1.6078E1	5.7500E0	1.8438E5	
85	-8.2771E-1	1.6644E1	5.7448E0	1.8660E5	
86	-8.2733E-1	1.7210E1	5.7394E0	1.8882E5	
87	-8.2916E-1	1.4493E1	5.7342E0	1.9104E5	
88	-8.2672E-1	1.8116E1	5.7290E0	1.9326E5	
89	-8.2565E-1	1.9701E1	5.7237E0	1.9548E5	
90	-8.2611E-1	1.9022E1	5.7184E0	1.9770E5	
91	-8.2642E-1	1.8569E1	5.7132E0	1.9992E5	
92	-8.2558E-1	1.9815E1	5.7079E0	2.0214E5	
93	-8.2893E-1	1.4833E1	5.7025E0	2.0436E5	
94	-8.2512E-1	2.0494E1	5.6973E0	2.0658E5	
95	-8.2550E-1	1.9928E1	5.6920E0	2.0880E5	
96	-8.2375E-1	2.2532E1	5.6866E0	2.1102E5	
97	-8.2687E-1	1.7890E1	5.6813E0	2.1324E5	
98	-8.2458E-1	2.1287E1	5.6761E0	2.1546E5	
99	-8.2390E-1	2.2306E1	5.6707E0	2.1768E5	
100	-8.2649E-1	1.8456E1	5.6654E0	2.1990E5	
101	-8.2443E-1	2.1513E1	5.6601E0	2.2212E5	
102	-8.2329E-1	2.3211E1	5.6548E0	2.2434E5	
103	-8.2375E-1	2.2532E1	5.6494E0	2.2656E5	
104	-8.2314E-1	2.3438E1	5.6440E0	2.2878E5	
105	-8.2375E-1	2.2532E1	5.6386E0	2.3100E5	
106	-8.2207E-1	2.5023E1	5.6333E0	2.3322E5	
107	-8.2306E-1	2.3551E1	5.6279E0	2.3544E5	
108	-8.2230E-1	2.4683E1	5.6225E0	2.3766E5	
109	-8.2214E-1	2.4910E1	5.6170E0	2.3988E5	
110	-8.2558E-1	1.9815E1	5.6117E0	2.4210E5	
111	-8.2367E-1	2.2645E1	5.6063E0	2.4432E5	
112	-8.2138E-1	2.6042E1	5.6009E0	2.4654E5	
113	-8.2344E-1	2.2985E1	5.5955E0	2.4876E5	
114	-8.2275E-1	2.4004E1	5.5900E0	2.5098E5	
115	-8.2092E-1	2.6721E1	5.5847E0	2.5320E5	
116	-8.2146E-1	2.5929E1	5.5792E0	2.5542E5	
117	-8.2527E-1	2.0267E1	5.5737E0	2.5764E5	
118	-8.2108E-1	2.6495E1	5.5684E0	2.5986E5	
119	-8.2085E-1	2.6835E1	5.5629E0	2.6208E5	
120	-8.2268E-1	2.4117E1	5.5575E0	2.6430E5	
121	-8.2100E-1	2.6608E1	5.5521E0	2.6652E5	
122	-8.2207E-1	2.5023E1	5.5466E0	2.6874E5	
123	-8.2085E-1	2.6835E1	5.5411E0	2.7096E5	
124	-8.2306E-1	2.3551E1	5.5356E0	2.7318E5	
125	-8.2008E-1	2.7967E1	5.5302E0	2.7540E5	
126	-8.1970E-1	2.8533E1	5.5247E0	2.7762E5	
127	-8.1825E-1	3.0684E1	5.5192E0	2.7984E5	
128	-8.2123E-1	2.6268E1	5.5137E0	2.8206E5	
129	-8.2260E-1	2.4230E1	5.5082E0	2.8428E5	
130	-8.2008E-1	2.7967E1	5.5028E0	2.8650E5	
131	-8.2069E-1	2.7061E1	5.4972E0	2.8872E5	
132	-8.1841E-1	3.0458E1	5.4916E0	2.9094E5	
133	-8.1818E-1	3.0797E1	5.4861E0	2.9316E5	
134	-8.1810E-1	3.0911E1	5.4807E0	2.9538E5	
135	-8.1848E-1	3.0345E1	5.4751E0	2.9760E5	
136	-8.1856E-1	3.0231E1	5.4695E0	2.9982E5	
137	-8.1787E-1	3.1250E1	5.4640E0	3.0204E5	
138	-8.1963E-1	2.8646E1	5.4583E0	3.0426E5	
139	-8.1635E-1	3.3515E1	5.4529E0	3.0648E5	
140	-8.1764E-1	3.1590E1	5.4474E0	3.0870E5	
141	-8.1818E-1	3.0797E1	5.4417E0	3.1092E5	
142	-8.1856E-1	3.0231E1	5.4362E0	3.1314E5	
143	-8.1673E-1	3.2949E1	5.4307E0	3.1536E5	
144	-8.1856E-1	3.0231E1	5.4251E0	3.1758E5	
145	-8.1696E-1	3.2609E1	5.4195E0	3.1980E5	
146	-8.1734E-1	3.2043E1	5.4139E0	3.2202E5	
147	-8.1429E-1	3.6572E1	5.4083E0	3.2424E5	
148	-8.1635E-1	3.3515E1	5.4026E0	3.2646E5	
149	-8.1680E-1	3.2836E1	5.3970E0	3.2868E5	
150	-8.1604E-1	3.3968E1	5.3915E0	3.3090E5	
151	-8.1505E-1	3.5440E1	5.3858E0	3.3312E5	
152	-8.1734E-1	3.2043E1	5.3803E0	3.3534E5	
153	-8.1413E-1	3.6798E1	5.3747E0	3.3756E5	
154	-8.1581E-1	3.4307E1	5.3690E0	3.3978E5	
155	-8.1627E-1	3.3628E1	5.3633E0	3.4200E5	
156	-8.1459E-1	3.6119E1	5.3577E0	3.4422E5	
157	-8.1268E-1	3.8950E1	5.3521E0	3.4644E5	
158	-8.1512E-1	3.5326E1	5.3464E0	3.4866E5	
159	-8.1207E-1	3.9856E1	5.3408E0	3.5088E5	
160	-8.1528E-1	3.5100E1	5.3351E0	3.5310E5	
161	-8.1573E-1	3.4421E1	5.3295E0	3.5532E5	
162	-8.1474E-1	3.5893E1	5.3237E0	3.5754E5	
163	-8.1024E-1	4.2573E1	5.3181E0	3.5976E5	
164	-8.1200E-1	3.9969E1	5.3124E0	3.6198E5	
165	-8.1291E-1	3.8610E1	5.3067E0	3.6420E5	
166	-8.1200E-1	3.9969E1	5.3009E0	3.6642E5	
167	-8.1696E-1	3.2609E1	5.2953E0	3.6864E5	
168	-8.1230E-1	3.9516E1	5.2896E0	3.7086E5	
169	-8.1169E-1	4.0422E1	5.2839E0	3.7308E5	
170	-8.1039E-1	4.2346E1	5.2782E0	3.7530E5	
171	-8.1512E-1	3.5326E1	5.2725E0	3.7752E5	
172	-8.1177E-1	4.0308E1	5.2667E0	3.7974E5	
173	-8.1291E-1	3.8610E1	5.2611E0	3.8196E5	
174	-8.1268E-1	3.8950E1	5.2552E0	3.8418E5	
175	-8.1245E-1	3.9289E1	5.2496E0	3.8640E5	
176	-8.1055E-1	4.2120E1	5.2438E0	3.8862E5	
177	-8.1032E-1	4.2460E1	5.2381E0	3.9084E5	
178	-8.1055E-1	4.2120E1	5.2324E0	3.9306E5	
179	-8.1085E-1	4.1667E1	5.2266E0	3.9528E5	
180	-8.0795E-1	4.5970E1	5.2208E0	3.9750E5	
181	-8.1146E-1	4.0761E1	5.2151E0	3.9972E5	
182	-8.1192E-1	4.0082E1	5.2094E0	4.0194E5	
183	-8.1238E-1	3.9403E1	5.2036E0	4.0416E5	
184	-8.0948E-1	4.3705E1	5.1978E0	4.0638E5	
185	-8.0750E-1	4.6649E1	5.1920E0	4.0860E5	
186	-8.0986E-1	4.3139E1	5.1862E0	4.1082E5	
187	-8.0757E-1	4.6536E1	5.1804E0	4.1304E5	
188	-8.0597E-1	4.8914E1	5.1746E0	4.1526E5	
189	-8.0925E-1	4.4045E1	5.1688E0	4.1748E5	
190	-8.0994E-1	4.3026E1	5.1629E0	4.1970E5	
191	-8.1177E-1	4.0308E1	5.1572E0	4.2192E5	
192	-8.0811E-1	4.5743E1	5.1513E0	4.2414E5	
193	-8.0902E-1	4.4385E1	5.1455E0	4.2636E5	
194	-8.0544E-1	4.9706E1	5.1397E0	4.2858E5	
195	-8.0635E-1	4.8347E1	5.1339E0	4.3080E5	
196	-8.0879E-1	4.4724E1	5.1280E0	4.3302E5	
197	-8.0811E-1	4.5743E1	5.1223E0	4.3524E5	
198	-8.0803E-1	4.5856E1	5.1163E0	4.3746E5	
199	-8.0772E-1	4.6309E1	5.1104E0	4.3968E5	
200	-8.0574E-1	4.9253E1	5.1046E0	4.4190E5	
201	-8.0833E-1	4.5404E1	5.0987E0	4.4412E5	
202	-8.0765E-1	4.6423E1	5.0930E0	4.4634E5	
203	-8.0559E-1	4.9480E1	5.0871E0	4.4856E5	
204	-8.0528E-1	4.9933E1	5.0812E0	4.5078E5	
205	-8.0544E-1	4.9706E1	5.0752E0	4.5300E5	
206	-8.0521E-1	5.0046E1	5.0693E0	4.5522E5	
207	-8.0681E-1	4.7668E1	5.0635E0	4.5744E5	
208	-8.0742E-1	4.6762E1	5.0576E0	4.5966E5	
209	-8.0467E-1	5.0838E1	5.0516E0	4.6188E5	
210	-8.0650E-1	4.8121E1	5.0458E0	4.6410E5	
211	-8.0551E-1	4.9593E1	5.0399E0	4.6632E5	
212	-8.0544E-1	4.9706E1	5.0339E0	4.6854E5	
213	-8.0734E-1	4.6876E1	5.0282E0	4.7076E5	
214	-8.0490E-1	5.0499E1	5.0222E0	4.7298E5	
215	-8.0521E-1	5.0046E1	5.0162E0	4.7520E5	
216	-8.0566E-1	4.9366E1	5.0104E0	4.7742E5	
217	-8.0452E-1	5.1065E1	5.0044E0	4.7964E5	
218	-8.0460E-1	5.0952E1	4.9985E0	4.8186E5	
219	-8.0482E-1	5.0612E1	4.9926E0	4.8408E5	
220	-8.0238E-1	5.4235E1	4.9866E0	4.8630E5	
221	-8.0116E-1	5.6047E1	4.9807E0	4.8852E5	
222	-8.0353E-1	5.2537E1	4.9747E0	4.9074E5	
223	-8.0322E-1	5.2990E1	4.9687E0	4.9296E5	
224	-8.0124E-1	5.5934E1	4.9629E0	4.9518E5	
225	-8.0315E-1	5.3103E1	4.9568E0	4.9740E5	
226	-8.0116E-1	5.6047E1	4.9509E0	4.9962E5	
227	-8.0009E-1	5.7632E1	4.9449E0	5.0184E5	
228	-8.0154E-1	5.5481E1	4.9389E0	5.0406E5	
229	-8.0345E-1	5.2650E1	4.9330E0	5.0628E5	
230	-8.0154E-1	5.5481E1	4.9270E0	5.0850E5	
231	-8.0116E-1	5.6047E1	4.9210E0	5.1072E5	
232	-8.0093E-1	5.6386E1	4.9150E0	5.1294E5	
233	-8.0124E-1	5.5934E1	4.9089E0	5.1516E5	
234	-7.9895E-1	5.9330E1	4.9030E0	5.1738E5	
235	-7.9926E-1	5.8877E1	4.8969E0	5.1960E5	
236	-8.0032E-1	5.7292E1	4.8910E0	5.2182E5	
237	-7.9765E-1	6.1255E1	4.8850E0	5.2404E5	
238	-7.9956E-1	5.8425E1	4.8790E0	5.2626E5	
239	-8.0002E-1	5.7745E1	4.8730E0	5.2848E5	
240	-8.0139E-1	5.5707E1	4.8669E0	5.3070E5	
241	-7.9773E-1	6.1142E1	4.8609E0	5.3292E5	
242	-7.9987E-1	5.7972E1	4.8549E0	5.3514E5	
243	-7.9819E-1	6.0463E1	4.8489E0	5.3736E5	
244	-7.9643E-1	6.3067E1	4.8428E0	5.3958E5	
245	-7.9788E-1	6.0916E1	4.8367E0	5.4180E5	
246	-7.9796E-1	6.0802E1	4.8308E0	5.4402E5	
247	-7.9910E-1	5.9104E1	4.8246E0	5.4624E5	
248	-7.9643E-1	6.3067E1	4.8187E0	5.4846E5	
249	-7.9926E-1	5.8877E1	4.8126E0	5.5068E5	
250	-7.9758E-1	6.1368E1	4.8065E0	5.5290E5	
251	-7.9575E-1	6.4086E1	4.8003E0	5.5512E5	
252	-7.9750E-1	6.1482E1	4.7943E0	5.5734E5	
253	-7.9720E-1	6.1935E1	4.7882E0	5.5956E5	
254	-7.9834E-1	6.0236E1	4.7821E0	5.6178E5	
255	-7.9918E-1	5.8991E1	4.7760E0	5.6400E5	
256	-7.9704E-1	6.2161E1	4.7699E0	5.6622E5	
257	-7.9529E-1	6.4765E1	4.7638E0	5.6844E5	
258	-7.9414E-1	6.6464E1	4.7578E0	5.7066E5	
259	-7.9788E-1	6.0916E1	4.7517E0	5.7288E5	
260	-7.9460E-1	6.5784E1	4.7455E0	5.7510E5	
261	-7.9781E-1	6.1029E1	4.7394E0	5.7732E5	
262	-7.9498E-1	6.5218E1	4.7334E0	5.7954E5	
263	-7.9796E-1	6.0802E1	4.7271E0	5.8176E5	
264	-7.9475E-1	6.5558E1	4.7209E0	5.8398E5	
265	-7.9430E-1	6.6237E1	4.7149E0	5.8620E5	
266	-7.9391E-1	6.6803E1	4.7087E0	5.8842E5	
267	-7.9338E-1	6.7596E1	4.7026E0	5.9064E5	
268	-7.9346E-1	6.7483E1	4.6964E0	5.9286E5	
269	-7.9399E-1	6.6690E1	4.6904E0	5.9508E5	
270	-7.9323E-1	6.7822E1	4.6842E0	5.9730E5	
271	-7.9445E-1	6.6011E1	4.6780E0	5.9952E5	
272	-7.9323E-1	6.7822E1	4.6718E0	6.0174E5	
273	-7.9376E-1	6.7030E1	4.6657E0	6.0396E5	
274	-7.9208E-1	6.9521E1	4.6595E0	6.0618E5	
275	-7.9437E-1	6.6124E1	4.6533E0	6.0840E5	
276	-7.9224E-1	6.9294E1	4.6472E0	6.1062E5	
277	-7.9224E-1	6.9294E1	4.6410E0	6.1284E5	
278	-7.9102E-1	7.1106E1	4.6348E0	6.1506E5	
279	-7.9170E-1	7.0087E1	4.6287E0	6.1728E5	
280	-7.9308E-1	6.8049E1	4.6224E0	6.1950E5	
281	-7.9163E-1	7.0200E1	4.6163E0	6.2172E5	
282	-7.9453E-1	6.5897E1	4.6099E0	6.2394E5	
283	-7.9231E-1	6.9181E1	4.6038E0	6.2616E5	
284	-7.8934E-1	7.3597E1	4.5976E0	6.2838E5	
285	-7.9231E-1	6.9181E1	4.5914E0	6.3060E5	
286	-7.9170E-1	7.0087E1	4.5851E0	6.3282E5	
287	-7.9132E-1	7.0653E1	4.5790E0	6.3504E5	
288	-7.9041E-1	7.2012E1	4.5728E0	6.3726E5	
289	-7.9010E-1	7.2465E1	4.5664E0	6.3948E5	
290	-7.8995E-1	7.2691E1	4.5602E0	6.4170E5	
291	-7.9208E-1	6.9521E1	4.5540E0	6.4392E5	
292	-7.8873E-1	7.4503E1	4.5478E0	6.4614E5	
293	-7.8728E-1	7.6654E1	4.5414E0	6.4836E5	
294	-7.8568E-1	7.9032E1	4.5352E0	6.5058E5	
295	-7.8918E-1	7.3823E1	4.5290E0	6.5280E5	
296	-7.8941E-1	7.3484E1	4.5227E0	6.5502E5	
297	-7.8857E-1	7.4729E1	4.5164E0	6.5724E5	
298	-7.8918E-1	7.3823E1	4.5102E0	6.5946E5	
299	-7.8880E-1	7.4389E1	4.5040E0	6.6168E5	
300	-7.8850E-1	7.4842E1	4.4977E0	6.6390E5	
301	-7.8705E-1	7.6994E1	4.4914E0	6.6612E5	
302	-7.8804E-1	7.5522E1	4.4851E0	6.6834E5	
303	-7.8850E-1	7.4842E1	4.4788E0	6.7056E5	
304	-7.8789E-1	7.5748E1	4.4725E0	6.7278E5	
305	-7.8827E-1	7.5182E1	4.4662E0	6.7500E5	
306	-7.8506E-1	7.9937E1	4.4599E0	6.7722E5	
307	-7.8651E-1	7.7786E1	4.4536E0	6.7944E5	
308	-7.8461E-1	8.0617E1	4.4473E0	6.8166E5	
309	-7.8636E-1	7.8013E1	4.4410E0	6.8388E5	
310	-7.8300E-1	8.2995E1	4.4346E0	6.8610E5	
311	-7.8514E-1	7.9824E1	4.4283E0	6.8832E5	
312	-7.8552E-1	7.9258E1	4.4220E0	6.9054E5	
313	-7.8575E-1	7.8918E1	4.4157E0	6.9276E5	
314	-7.8613E-1	7.8352E1	4.4094E0	6.9498E5	
315	-7.8644E-1	7.7899E1	4.4031E0	6.9720E5	
316	-7.8110E-1	8.5825E1	4.3968E0	6.9942E5	
317	-7.8407E-1	8.1409E1	4.3904E0	7.0164E5	
318	-7.8537E-1	7.9485E1	4.3841E0	7.0386E5	
319	-7.8178E-1	8.4806E1	4.3777E0	7.0608E5	
320	-7.8415E-1	8.1296E1	4.3714E0	7.0830E5	
321	-7.8300E-1	8.2995E1	4.3650E0	7.1052E5	
322	-7.8171E-1	8.4919E1	4.3585E0	7.1274E5	
323	-7.8331E-1	8.2542E1	4.3523E0	7.1496E5	
324	-7.8415E-1	8.1296E1	4.3459E0	7.1718E5	
325	-7.8392E-1	8.1636E1	4.3395E0	7.1940E5	
326	-7.8087E-1	8.6165E1	4.3331E0	7.2162E5	
327	-7.8239E-1	8.3900E1	4.3268E0	7.2384E5	
328	-7.8506E-1	7.9937E1	4.3205E0	7.2606E5	
329	-7.8163E-1	8.5033E1	4.3141E0	7.2828E5	
330	-7.8049E-1	8.6731E1	4.3076E0	7.3050E5	
331	-7.8308E-1	8.2881E1	4.3012E0	7.3272E5	
332	-7.8300E-1	8.2995E1	4.2949E0	7.3494E5	
333	-7.8064E-1	8.6505E1	4.2885E0	7.3716E5	
334	-7.8133E-1	8.5486E1	4.2820E0	7.3938E5	
335	-7.7988E-1	8.7637E1	4.2757E0	7.4160E5	
336	-7.8156E-1	8.5146E1	4.2692E0	7.4382E5	
337	-7.8133E-1	8.5486E1	4.2627E0	7.4604E5	
338	-7.8171E-1	8.4919E1	4.2564E0	7.4826E5	
339	-7.8011E-1	8.7297E1	4.2500E0	7.5048E5	
340	-7.8186E-1	8.4693E1	4.2437E0	7.5270E5	
341	-7.7934E-1	8.8429E1	4.2372E0	7.5492E5	
342	-7.7950E-1	8.8203E1	4.2307E0	7.5714E5	
343	-7.7988E-1	8.7637E1	4.2242E0	7.5936E5	
344	-7.7911E-1	8.8769E1	4.2178E0	7.6158E5	
345	-7.8148E-1	8.5259E1	4.2115E0	7.6380E5	
346	-7.7789E-1	9.0581E1	4.2050E0	7.6602E5	
347	-7.8003E-1	8.7410E1	4.1986E0	7.6824E5	
348	-7.7782E-1	9.0694E1	4.1921E0	7.7046E5	
349	-7.7751E-1	9.1147E1	4.1856E0	7.7268E5	
350	-7.7850E-1	8.9675E1	4.1791E0	7.7490E5	
351	-7.7538E-1	9.4317E1	4.1727E0	7.7712E5	
352	-7.7789E-1	9.0581E1	4.1662E0	7.7934E5	
353	-7.7637E-1	9.2845E1	4.1597E0	7.8156E5	
354	-7.7827E-1	9.0015E1	4.1532E0	7.8378E5	
355	-7.7827E-1	9.0015E1	4.1469E0	7.8600E5	
356	-7.7499E-1	9.4883E1	4.1403E0	7.8822E5	
357	-7.7538E-1	9.4317E1	4.1339E0	7.9044E5	
358	-7.7606E-1	9.3298E1	4.1273E0	7.9266E5	
359	-7.7637E-1	9.2845E1	4.1209E0	7.9488E5	
360	-7.7736E-1	9.1373E1	4.1144E0	7.9710E5	
361	-7.7751E-1	9.1147E1	4.1080E0	7.9932E5	
362	-7.7606E-1	9.3298E1	4.1015E0	8.0154E5	
363	-7.7507E-1	9.4770E1	4.0949E0	8.0376E5	
364	-7.7690E-1	9.2053E1	4.0884E0	8.0598E5	
365	-7.7415E-1	9.6129E1	4.0819E0	8.0820E5	
366	-7.7301E-1	9.7827E1	4.0754E0	8.1042E5	
367	-7.7560E-1	9.3977E1	4.0689E0	8.1264E5	
368	-7.7354E-1	9.7035E1	4.0624E0	8.1486E5	
369	-7.7591E-1	9.3525E1	4.0558E0	8.1708E5	
370	-7.7187E-1	9.9525E1	4.0494E0	8.1930E5	
371	-7.7179E-1	9.9639E1	4.0428E0	8.2152E5	
372	-7.7347E-1	9.7148E1	4.0363E0	8.2374E5	
373	-7.7156E-1	9.9978E1	4.0297E0	8.2596E5	
374	-7.7278E-1	9.8167E1	4.0232E0	8.2818E5	
375	-7.7148E-1	1.0009E2	4.0167E0	8.3040E5	
376	-7.7118E-1	1.0054E2	4.0102E0	8.3262E5	
377	-7.7011E-1	1.0213E2	4.0036E0	8.3484E5	
378	-7.7370E-1	9.6808E1	3.9970E0	8.3706E5	
379	-7.7118E-1	1.0054E2	3.9906E0	8.3928E5	
380	-7.7095E-1	1.0088E2	3.9839E0	8.4150E5	
381	-7.7179E-1	9.9639E1	3.9775E0	8.4372E5	
382	-7.7141E-1	1.0020E2	3.9708E0	8.4594E5	
383	-7.6851E-1	1.0451E2	3.9644E0	8.4816E5	
384	-7.7103E-1	1.0077E2	3.9578E0	8.5038E5	
385	-7.6981E-1	1.0258E2	3.9512E0	8.5260E5	
386	-7.6973E-1	1.0270E2	3.9446E0	8.5482E5	
387	-7.6950E-1	1.0304E2	3.9381E0	8.5704E5	
388	-7.6912E-1	1.0360E2	3.9316E0	8.5926E5	
389	-7.7065E-1	1.0134E2	3.9249E0	8.6148E5	
390	-7.7026E-1	1.0190E2	3.9183E0	8.6370E5	
391	-7.6729E-1	1.0632E2	3.9118E0	8.6592E5	
392	-7.6767E-1	1.0575E2	3.9051E0	8.6814E5	
393	-7.6843E-1	1.0462E2	3.8986E0	8.7036E5	
394	-7.6668E-1	1.0722E2	3.8919E0	8.7258E5	
395	-7.6828E-1	1.0485E2	3.8854E0	8.7480E5	
396	-7.7065E-1	1.0134E2	3.8788E0	8.7702E5	
397	-7.6775E-1	1.0564E2	3.8721E0	8.7924E5	
398	-7.6630E-1	1.0779E2	3.8656E0	8.8146E5	
399	-7.6622E-1	1.0790E2	3.8590E0	8.8368E5	
400	-7.6752E-1	1.0598E2	3.8523E0	8.8590E5	
401	-7.6790E-1	1.0541E2	3.8457E0	8.8812E5	
402	-7.6706E-1	1.0666E2	3.8390E0	8.9034E5	
403	-7.6569E-1	1.0870E2	3.8325E0	8.9256E5	
404	-7.6843E-1	1.0462E2	3.8257E0	8.9478E5	
405	-7.6530E-1	1.0926E2	3.8192E0	8.9700E5	
406	-7.6492E-1	1.0983E2	3.8126E0	8.9922E5	
407	-7.6729E-1	1.0632E2	3.8060E0	9.0144E5	
408	-7.6477E-1	1.1006E2	3.7993E0	9.0366E5	
409	-7.6622E-1	1.0790E2	3.7927E0	9.0588E5	
410	-7.6385E-1	1.1141E2	3.7861E0	9.0810E5	
411	-7.6591E-1	1.0836E2	3.7794E0	9.1032E5	
412	-7.6424E-1	1.1085E2	3.7726E0	9.1254E5	
413	-7.6637E-1	1.0768E2	3.7662E0	9.1476E5	
414	-7.6485E-1	1.0994E2	3.7594E0	9.1698E5	
415	-7.6508E-1	1.0960E2	3.7527E0	9.1920E5	
416	-7.6622E-1	1.0790E2	3.7461E0	9.2142E5	
417	-7.6508E-1	1.0960E2	3.7395E0	9.2364E5	
418	-7.6569E-1	1.0870E2	3.7327E0	9.2586E5	
419	-7.6508E-1	1.0960E2	3.7261E0	9.2808E5	
420	-7.6332E-1	1.1221E2	3.7194E0	9.3030E5	
421	-7.6134E-1	1.1515E2	3.7126E0	9.3252E5	
422	-7.6172E-1	1.1458E2	3.7062E0	9.3474E5	
423	-7.6187E-1	1.1436E2	3.6995E0	9.3696E5	
424	-7.6370E-1	1.1164E2	3.6927E0	9.3918E5	
425	-7.6180E-1	1.1447E2	3.6860E0	9.4140E5	
426	-7.6012E-1	1.1696E2	3.6793E0	9.4362E5	
427	-7.6294E-1	1.1277E2	3.6726E0	9.4584E5	
428	-7.6424E-1	1.1085E2	3.6659E0	9.4806E5	
429	-7.5989E-1	1.1730E2	3.6592E0	9.5028E5	
430	-7.5928E-1	1.1821E2	3.6525E0	9.5250E5	
431	-7.6035E-1	1.1662E2	3.6459E0	9.5472E5	
432	-7.5874E-1	1.1900E2	3.6390E0	9.5694E5	
433	-7.6073E-1	1.1606E2	3.6324E0	9.5916E5	
434	-7.5935E-1	1.1809E2	3.6258E0	9.6138E5	
435	-7.6294E-1	1.1277E2	3.6190E0	9.6360E5	
436	-7.6096E-1	1.1572E2	3.6122E0	9.6582E5	
437	-7.5844E-1	1.1945E2	3.6056E0	9.6804E5	
438	-7.5790E-1	1.2025E2	3.5988E0	9.7026E5	
439	-7.5912E-1	1.1843E2	3.5921E0	9.7248E5	
440	-7.5966E-1	1.1764E2	3.5854E0	9.7470E5	
441	-7.5882E-1	1.1889E2	3.5786E0	9.7692E5	
442	-7.5882E-1	1.1889E2	3.5719E0	9.7914E5	
443	-7.5859E-1	1.1923E2	3.5651E0	9.8136E5	
444	-7.5897E-1	1.1866E2	3.5584E0	9.8358E5	
445	-7.5806E-1	1.2002E2	3.5517E0	9.8580E5	
446	-7.5523E-1	1.2421E2	3.5449E0	9.8802E5	
447	-7.5523E-1	1.2421E2	3.5381E0	9.9024E5	
448	-7.5600E-1	1.2308E2	3.5314E0	9.9246E5	
449	-7.5607E-1	1.2296E2	3.5247E0	9.9468E5	
450	-7.5439E-1	1.2545E2	3.5179E0	9.9690E5	
451	-7.5768E-1	1.2059E2	3.5111E0	9.9912E5	
452	-7.5562E-1	1.2364E2	3.5045E0	1.0013E6	
453	-7.5615E-1	1.2285E2	3.4977E0	1.0036E6	
454	-7.5424E-1	1.2568E2	3.4909E0	1.0058E6	
455	-7.5493E-1	1.2466E2	3.4841E0	1.0080E6	
456	-7.5493E-1	1.2466E2	3.4773E0	1.0102E6	
457	-7.5531E-1	1.2410E2	3.4705E0	1.0124E6	
458	-7.5645E-1	1.2240E2	3.4637E0	1.0147E6	
459	-7.5325E-1	1.2715E2	3.4569E0	1.0169E6	
460	-7.5630E-1	1.2262E2	3.4501E0	1.0191E6	
461	-7.5554E-1	1.2376E2	3.4434E0	1.0213E6	
462	-7.5394E-1	1.2613E2	3.4365E0	1.0235E6	
463	-7.5516E-1	1.2432E2	3.4298E0	1.0258E6	
464	-7.5287E-1	1.2772E2	3.4230E0	1.0280E6	
465	-7.5386E-1	1.2625E2	3.4162E0	1.0302E6	
466	-7.5279E-1	1.2783E2	3.4093E0	1.0324E6	
467	-7.5333E-1	1.2704E2	3.4026E0	1.0346E6	
468	-7.5241E-1	1.2840E2	3.3957E0	1.0369E6	
469	-7.5157E-1	1.2964E2	3.3889E0	1.0391E6	
470	-7.5287E-1	1.2772E2	3.3821E0	1.0413E6	
471	-7.5172E-1	1.2942E2	3.3752E0	1.0435E6	
472	-7.5386E-1	1.2625E2	3.3685E0	1.0457E6	
473	-7.5287E-1	1.2772E2	3.3617E0	1.0480E6	
474	-7.5104E-1	1.3044E2	3.3548E0	1.0502E6	
475	-7.5111E-1	1.3032E2	3.3480E0	1.0524E6	
476	-7.5058E-1	1.3112E2	3.3412E0	1.0546E6	
477	-7.5043E-1	1.3134E2	3.3343E0	1.0568E6	
478	-7.4867E-1	1.3395E2	3.3275E0	1.0591E6	
479	-7.5119E-1	1.3021E2	3.3206E0	1.0613E6	
480	-7.5089E-1	1.3066E2	3.3138E0	1.0635E6	
481	-7.4989E-1	1.3213E2	3.3070E0	1.0657E6	
482	-7.5073E-1	1.3089E2	3.3001E0	1.0679E6	
483	-7.4944E-1	1.3281E2	3.2932E0	1.0702E6	
484	-7.4982E-1	1.3225E2	3.2865E0	1.0724E6	
485	-7.5172E-1	1.2942E2	3.2795E0	1.0746E6	
486	-7.4928E-1	1.3304E2	3.2727E0	1.0768E6	
487	-7.5119E-1	1.3021E2	3.2658E0	1.0790E6	
488	-7.4905E-1	1.3338E2	3.2589E0	1.0813E6	
489	-7.5111E-1	1.3032E2	3.2521E0	1.0835E6	
490	-7.5043E-1	1.3134E2	3.2453E0	1.0857E6	
491	-7.4890E-1	1.3361E2	3.2384E0	1.0879E6	
492	-7.4966E-1	1.3247E2	3.2315E0	1.0901E6	
493	-7.4913E-1	1.3327E2	3.2246E0	1.0924E6	
494	-7.4799E-1	1.3497E2	3.2178E0	1.0946E6	
495	-7.4684E-1	1.3666E2	3.2110E0	1.0968E6	
496	-7.4768E-1	1.3542E2	3.2041E0	1.0990E6	
497	-7.4516E-1	1.3915E2	3.1971E0	1.1012E6	
498	-7.4654E-1	1.3712E2	3.1902E0	1.1035E6	
499	-7.4539E-1	1.3881E2	3.1833E0	1.1057E6	
500	-7.4745E-1	1.3576E2	3.1765E0	1.1079E6	
501	-7.4989E-1	1.3213E2	3.1695E0	1.1101E6	
502	-7.4364E-1	1.4142E2	3.1626E0	1.1123E6	
503	-7.4677E-1	1.3678E2	3.1558E0	1.1146E6	
504	-7.4287E-1	1.4255E2	3.1488E0	1.1168E6	
505	-7.4463E-1	1.3995E2	3.1419E0	1.1190E6	
506	-7.4333E-1	1.4187E2	3.1350E0	1.1212E6	
507	-7.4532E-1	1.3893E2	3.1281E0	1.1234E6	
508	-7.4547E-1	1.3870E2	3.1213E0	1.1257E6	
509	-7.4448E-1	1.4017E2	3.1143E0	1.1279E6	
510	-7.4074E-1	1.4572E2	3.1074E0	1.1301E6	
511	-7.4203E-1	1.4380E2	3.1005E0	1.1323E6	
512	-7.4226E-1	1.4346E2	3.0934E0	1.1345E6	
513	-7.4371E-1	1.4131E2	3.0866E0	1.1368E6	
514	-7.4249E-1	1.4312E2	3.0797E0	1.1390E6	
515	-7.4463E-1	1.3995E2	3.0727E0	1.1412E6	
516	-7.4257E-1	1.4300E2	3.0657E0	1.1434E6	
517	-7.4364E-1	1.4142E2	3.0589E0	1.1456E6	
518	-7.4219E-1	1.4357E2	3.0519E0	1.1479E6	
519	-7.4249E-1	1.4312E2	3.0450E0	1.1501E6	
520	-7.3975E-1	1.4719E2	3.0381E0	1.1523E6	
521	-7.4097E-1	1.4538E2	3.0311E0	1.1545E6	
522	-7.4020E-1	1.4651E2	3.0242E0	1.1567E6	
523	-7.3929E-1	1.4787E2	3.0171E0	1.1590E6	
524	-7.3997E-1	1.4685E2	3.0102E0	1.1612E6	
525	-7.4059E-1	1.4595E2	3.0033E0	1.1634E6	
526	-7.4013E-1	1.4663E2	2.9963E0	1.1656E6	
527	-7.4066E-1	1.4583E2	2.9894E0	1.1678E6	
528	-7.3769E-1	1.5025E2	2.9824E0	1.1701E6	
529	-7.4196E-1	1.4391E2	2.9754E0	1.1723E6	
530	-7.3814E-1	1.4957E2	2.9685E0	1.1745E6	
531	-7.3906E-1	1.4821E2	2.9615E0	1.1767E6	
532	-7.4020E-1	1.4651E2	2.9545E0	1.1789E6	
533	-7.3982E-1	1.4708E2	2.9474E0	1.1812E6	
534	-7.3944E-1	1.4765E2	2.9406E0	1.1834E6	
535	-7.3769E-1	1.5025E2	2.9336E0	1.1856E6	
536	-7.3997E-1	1.4685E2	2.9266E0	1.1878E6	
537	-7.3669E-1	1.5172E2	2.9197E0	1.1900E6	
538	-7.3669E-1	1.5172E2	2.9127E0	1.1923E6	
539	-7.4059E-1	1.4595E2	2.9057E0	1.1945E6	
540	-7.3959E-1	1.4742E2	2.8987E0	1.1967E6	
541	-7.3631E-1	1.5229E2	2.8916E0	1.1989E6	
542	-7.3868E-1	1.4878E2	2.8847E0	1.2011E6	
543	-7.3845E-1	1.4912E2	2.8777E0	1.2034E6	
544	-7.3799E-1	1.4980E2	2.8706E0	1.2056E6	
545	-7.3708E-1	1.5116E2	2.8637E0	1.2078E6	
546	-7.3486E-1	1.5444E2	2.8567E0	1.2100E6	
547	-7.3334E-1	1.5670E2	2.8497E0	1.2122E6	
548	-7.3715E-1	1.5104E2	2.8426E0	1.2145E6	
549	-7.3578E-1	1.5308E2	2.8357E0	1.2167E6	
550	-7.3524E-1	1.5387E2	2.8287E0	1.2189E6	
551	-7.3723E-1	1.5093E2	2.8217E0	1.2211E6	
552	-7.3395E-1	1.5580E2	2.8147E0	1.2233E6	
553	-7.3669E-1	1.5172E2	2.8076E0	1.2256E6	
554	-7.3143E-1	1.5954E2	2.8005E0	1.2278E6	
555	-7.3372E-1	1.5614E2	2.7936E0	1.2300E6	
556	-7.3402E-1	1.5569E2	2.7866E0	1.2322E6	
557	-7.3395E-1	1.5580E2	2.7796E0	1.2344E6	
558	-7.3517E-1	1.5399E2	2.7724E0	1.2367E6	
559	-7.3181E-1	1.5897E2	2.7653E0	1.2389E6	
560	-7.3296E-1	1.5727E2	2.7585E0	1.2411E6	
561	-7.3570E-1	1.5319E2	2.7514E0	1.2433E6	
562	-7.3242E-1	1.5806E2	2.7444E0	1.2455E6	
563	-7.3128E-1	1.5976E2	2.7373E0	1.2478E6	
564	-7.3303E-1	1.5716E2	2.7302E0	1.2500E6	
565	-7.3051E-1	1.6089E2	2.7232E0	1.2522E6	
566	-7.3143E-1	1.5954E2	2.7161E0	1.2544E6	
567	-7.2952E-1	1.6237E2	2.7092E0	1.2566E6	
568	-7.3143E-1	1.5954E2	2.7020E0	1.2589E6	
569	-7.2998E-1	1.6169E2	2.6949E0	1.2611E6	
570	-7.2899E-1	1.6316E2	2.6878E0	1.2633E6	
571	-7.3349E-1	1.5648E2	2.6808E0	1.2655E6	
572	-7.2891E-1	1.6327E2	2.6738E0	1.2677E6	
573	-7.3074E-1	1.6055E2	2.6668E0	1.2700E6	
574	-7.3090E-1	1.6033E2	2.6596E0	1.2722E6	
575	-7.2792E-1	1.6474E2	2.6526E0	1.2744E6	
576	-7.2769E-1	1.6508E2	2.6455E0	1.2766E6	
577	-7.2754E-1	1.6531E2	2.6384E0	1.2788E6	
578	-7.2609E-1	1.6746E2	2.6313E0	1.2811E6	
579	-7.2990E-1	1.6180E2	2.6243E0	1.2833E6	
580	-7.2830E-1	1.6418E2	2.6171E0	1.2855E6	
581	-7.2685E-1	1.6633E2	2.6102E0	1.2877E6	
582	-7.2777E-1	1.6497E2	2.6030E0	1.2899E6	
583	-7.2647E-1	1.6689E2	2.5959E0	1.2922E6	
584	-7.2647E-1	1.6689E2	2.5889E0	1.2944E6	
585	-7.2762E-1	1.6520E2	2.5817E0	1.2966E6	
586	-7.2647E-1	1.6689E2	2.5747E0	1.2988E6	
587	-7.2601E-1	1.6757E2	2.5677E0	1.3010E6	
588	-7.2845E-1	1.6395E2	2.5605E0	1.3033E6	
589	-7.2701E-1	1.6610E2	2.5533E0	1.3055E6	
590	-7.2502E-1	1.6905E2	2.5462E0	1.3077E6	
591	-7.2563E-1	1.6814E2	2.5391E0	1.3099E6	
592	-7.2701E-1	1.6610E2	2.5322E0	1.3121E6	
593	-7.2571E-1	1.6803E2	2.5249E0	1.3144E6	
594	-7.2723E-1	1.6576E2	2.5178E0	1.3166E6	
595	-7.2395E-1	1.7063E2	2.5107E0	1.3188E6	
596	-7.2746E-1	1.6542E2	2.5037E0	1.3210E6	
597	-7.2495E-1	1.6916E2	2.4966E0	1.3232E6	
598	-7.2395E-1	1.7063E2	2.4894E0	1.3255E6	
599	-7.2350E-1	1.7131E2	2.4823E0	1.3277E6	
600	-7.2426E-1	1.7018E2	2.4753E0	1.3299E6	
601	-7.2464E-1	1.6961E2	2.4681E0	1.3321E6	
602	-7.2350E-1	1.7131E2	2.4610E0	1.3343E6	
603	-7.2189E-1	1.7369E2	2.4538E0	1.3366E6	
604	-7.2395E-1	1.7063E2	2.4467E0	1.3388E6	
605	-7.2281E-1	1.7233E2	2.4395E0	1.3410E6	
606	-7.2342E-1	1.7142E2	2.4325E0	1.3432E6	
607	-7.2227E-1	1.7312E2	2.4253E0	1.3454E6	
608	-7.2296E-1	1.7210E2	2.4182E0	1.3477E6	
609	-7.2243E-1	1.7290E2	2.4111E0	1.3499E6	
610	-7.2227E-1	1.7312E2	2.4039E0	1.3521E6	
611	-7.2334E-1	1.7154E2	2.3968E0	1.3543E6	
612	-7.2220E-1	1.7324E2	2.3897E0	1.3565E6	
613	-7.2220E-1	1.7324E2	2.3825E0	1.3588E6	
614	-7.2182E-1	1.7380E2	2.3753E0	1.3610E6	
615	-7.2098E-1	1.7505E2	2.3682E0	1.3632E6	
616	-7.2144E-1	1.7437E2	2.3611E0	1.3654E6	
617	-7.2319E-1	1.7176E2	2.3540E0	1.3676E6	
618	-7.2197E-1	1.7358E2	2.3467E0	1.3699E6	
619	-7.1938E-1	1.7742E2	2.3397E0	1.3721E6	
620	-7.1968E-1	1.7697E2	2.3324E0	1.3743E6	
621	-7.2113E-1	1.7482E2	2.3253E0	1.3765E6	
622	-7.1854E-1	1.7867E2	2.3182E0	1.3787E6	
623	-7.1976E-1	1.7686E2	2.3109E0	1.3810E6	
624	-7.1945E-1	1.7731E2	2.3038E0	1.3832E6	
625	-7.1838E-1	1.7890E2	2.2967E0	1.3854E6	
626	-7.1732E-1	1.8048E2	2.2895E0	1.3876E6	
627	-7.1671E-1	1.8139E2	2.2823E0	1.3898E6	
628	-7.1815E-1	1.7924E2	2.2751E0	1.3921E6	
629	-7.1800E-1	1.7946E2	2.2680E0	1.3943E6	
630	-7.1831E-1	1.7901E2	2.2608E0	1.3965E6	
631	-7.1640E-1	1.8184E2	2.2536E0	1.3987E6	
632	-7.1457E-1	1.8456E2	2.2464E0	1.4009E6	
633	-7.1594E-1	1.8252E2	2.2392E0	1.4032E6	
634	-7.1709E-1	1.8082E2	2.2321E0	1.4054E6	
635	-7.1655E-1	1.8161E2	2.2249E0	1.4076E6	
636	-7.1381E-1	1.8569E2	2.2177E0	1.4098E6	
637	-7.1533E-1	1.8343E2	2.2105E0	1.4120E6	
638	-7.1587E-1	1.8263E2	2.2034E0	1.4143E6	
639	-7.1213E-1	1.8818E2	2.1961E0	1.4165E6	
640	-7.1548E-1	1.8320E2	2.1890E0	1.4187E6	
641	-7.1342E-1	1.8626E2	2.1818E0	1.4209E6	
642	-7.1297E-1	1.8694E2	2.1746E0	1.4231E6	
643	-7.1266E-1	1.8739E2	2.1674E0	1.4254E6	
644	-7.1350E-1	1.8614E2	2.1602E0	1.4276E6	
645	-7.1480E-1	1.8422E2	2.1530E0	1.4298E6	
646	-7.1449E-1	1.8467E2	2.1458E0	1.4320E6	
647	-7.1335E-1	1.8637E2	2.1386E0	1.4342E6	
648	-7.1220E-1	1.8807E2	2.1314E0	1.4365E6	
649	-7.1381E-1	1.8569E2	2.1242E0	1.4387E6	
650	-7.1342E-1	1.8626E2	2.1170E0	1.4409E6	
651	-7.1083E-1	1.9011E2	2.1098E0	1.4431E6	
652	-7.1167E-1	1.8886E2	2.1026E0	1.4453E6	
653	-7.1152E-1	1.8909E2	2.0955E0	1.4476E6	
654	-7.1175E-1	1.8875E2	2.0882E0	1.4498E6	
655	-7.1144E-1	1.8920E2	2.0809E0	1.4520E6	
656	-7.0946E-1	1.9214E2	2.0737E0	1.4542E6	
657	-7.1037E-1	1.9079E2	2.0666E0	1.4564E6	
658	-7.0992E-1	1.9146E2	2.0593E0	1.4587E6	
659	-7.1182E-1	1.8863E2	2.0520E0	1.4609E6	
660	-7.1274E-1	1.8728E2	2.0448E0	1.4631E6	
661	-7.1098E-1	1.8988E2	2.0377E0	1.4653E6	
662	-7.0839E-1	1.9373E2	2.0304E0	1.4675E6	
663	-7.1236E-1	1.8784E2	2.0231E0	1.4698E6	
664	-7.1053E-1	1.9056E2	2.0159E0	1.4720E6	
665	-7.0976E-1	1.9169E2	2.0088E0	1.4742E6	
666	-7.1045E-1	1.9067E2	2.0016E0	1.4764E6	
667	-7.0854E-1	1.9350E2	1.9943E0	1.4786E6	
668	-7.0824E-1	1.9396E2	1.9871E0	1.4809E6	
669	-7.0984E-1	1.9158E2	1.9798E0	1.4831E6	
670	-7.1037E-1	1.9079E2	1.9726E0	1.4853E6	
671	-7.0740E-1	1.9520E2	1.9653E0	1.4875E6	
672	-7.1030E-1	1.9090E2	1.9582E0	1.4897E6	
673	-7.0869E-1	1.9328E2	1.9509E0	1.4920E6	
674	-7.0938E-1	1.9226E2	1.9437E0	1.4942E6	
675	-7.0694E-1	1.9588E2	1.9363E0	1.4964E6	
676	-7.0816E-1	1.9407E2	1.9292E0	1.4986E6	
677	-7.0976E-1	1.9169E2	1.9218E0	1.5008E6	
678	-7.0724E-1	1.9543E2	1.9146E0	1.5031E6	
679	-7.0786E-1	1.9452E2	1.9074E0	1.5053E6	
680	-7.0602E-1	1.9724E2	1.9002E0	1.5075E6	
681	-7.0549E-1	1.9803E2	1.8929E0	1.5097E6	
682	-7.0503E-1	1.9871E2	1.8857E0	1.5119E6	
683	-7.0755E-1	1.9497E2	1.8783E0	1.5142E6	
684	-7.0633E-1	1.9679E2	1.8711E0	1.5164E6	
685	-7.0450E-1	1.9950E2	1.8639E0	1.5186E6	
686	-7.0427E-1	1.9984E2	1.8565E0	1.5208E6	
687	-7.0526E-1	1.9837E2	1.8493E0	1.5230E6	
688	-7.0366E-1	2.0075E2	1.8421E0	1.5253E6	
689	-7.0343E-1	2.0109E2	1.8348E0	1.5275E6	
690	-7.0343E-1	2.0109E2	1.8276E0	1.5297E6	
691	-7.0320E-1	2.0143E2	1.8204E0	1.5319E6	
692	-7.0282E-1	2.0199E2	1.8131E0	1.5341E6	
693	-7.0488E-1	1.9894E2	1.8058E0	1.5364E6	
694	-7.0259E-1	2.0233E2	1.7985E0	1.5386E6	
695	-7.0030E-1	2.0573E2	1.7912E0	1.5408E6	
696	-7.0267E-1	2.0222E2	1.7840E0	1.5430E6	
697	-7.0053E-1	2.0539E2	1.7767E0	1.5452E6	
698	-7.0366E-1	2.0075E2	1.7695E0	1.5475E6	
699	-7.0183E-1	2.0347E2	1.7622E0	1.5497E6	
700	-7.0061E-1	2.0528E2	1.7549E0	1.5519E6	
701	-7.0030E-1	2.0573E2	1.7476E0	1.5541E6	
702	-6.9870E-1	2.0811E2	1.7404E0	1.5563E6	
703	-7.0084E-1	2.0494E2	1.7331E0	1.5586E6	
704	-6.9984E-1	2.0641E2	1.7258E0	1.5608E6	
705	-6.9885E-1	2.0788E2	1.7186E0	1.5630E6	
706	-6.9908E-1	2.0754E2	1.7112E0	1.5652E6	
707	-6.9901E-1	2.0766E2	1.7040E0	1.5674E6	
708	-6.9977E-1	2.0652E2	1.6967E0	1.5697E6	
709	-7.0084E-1	2.0494E2	1.6894E0	1.5719E6	
710	-6.9885E-1	2.0788E2	1.6821E0	1.5741E6	
711	-6.9954E-1	2.0686E2	1.6749E0	1.5763E6	
712	-6.9641E-1	2.1151E2	1.6676E0	1.5785E6	
713	-6.9939E-1	2.0709E2	1.6603E0	1.5808E6	
714	-6.9923E-1	2.0732E2	1.6531E0	1.5830E6	
715	-6.9733E-1	2.1015E2	1.6458E0	1.5852E6	
716	-6.9626E-1	2.1173E2	1.6385E0	1.5874E6	
717	-6.9588E-1	2.1230E2	1.6312E0	1.5896E6	
718	-6.9862E-1	2.0822E2	1.6240E0	1.5919E6	
719	-6.9664E-1	2.1117E2	1.6166E0	1.5941E6	
720	-6.9801E-1	2.0913E2	1.6094E0	1.5963E6	
721	-6.9862E-1	2.0822E2	1.6021E0	1.5985E6	
722	-6.9519E-1	2.1332E2	1.5948E0	1.6007E6	
723	-6.9656E-1	2.1128E2	1.5874E0	1.6030E6	
724	-6.9641E-1	2.1151E2	1.5803E0	1.6052E6	
725	-6.9672E-1	2.1105E2	1.5729E0	1.6074E6	
726	-6.9496E-1	2.1366E2	1.5656E0	1.6096E6	
727	-6.9527E-1	2.1320E2	1.5582E0	1.6118E6	
728	-6.9702E-1	2.1060E2	1.5509E0	1.6141E6	
729	-6.9649E-1	2.1139E2	1.5436E0	1.6163E6	
730	-6.9633E-1	2.1162E2	1.5364E0	1.6185E6	
731	-6.9229E-1	2.1762E2	1.5291E0	1.6207E6	
732	-6.9641E-1	2.1151E2	1.5217E0	1.6229E6	
733	-6.9473E-1	2.1400E2	1.5144E0	1.6252E6	
734	-6.9305E-1	2.1649E2	1.5073E0	1.6274E6	
735	-6.9328E-1	2.1615E2	1.4999E0	1.6296E6	
736	-6.9427E-1	2.1468E2	1.4926E0	1.6318E6	
737	-6.9382E-1	2.1536E2	1.4853E0	1.6340E6	
738	-6.9260E-1	2.1717E2	1.4780E0	1.6363E6	
739	-6.9344E-1	2.1592E2	1.4706E0	1.6385E6	
740	-6.9260E-1	2.1717E2	1.4633E0	1.6407E6	
741	-6.9397E-1	2.1513E2	1.4560E0	1.6429E6	
742	-6.9153E-1	2.1875E2	1.4487E0	1.6451E6	
743	-6.9298E-1	2.1660E2	1.4414E0	1.6474E6	
744	-6.9145E-1	2.1887E2	1.4342E0	1.6496E6	
745	-6.9092E-1	2.1966E2	1.4268E0	1.6518E6	
746	-6.9092E-1	2.1966E2	1.4195E0	1.6540E6	
747	-6.9229E-1	2.1762E2	1.4122E0	1.6562E6	
748	-6.8886E-1	2.2272E2	1.4049E0	1.6585E6	
749	-6.8901E-1	2.2249E2	1.3976E0	1.6607E6	
750	-6.8962E-1	2.2158E2	1.3903E0	1.6629E6	
751	-6.8970E-1	2.2147E2	1.3830E0	1.6651E6	
752	-6.9115E-1	2.1932E2	1.3757E0	1.6673E6	
753	-6.8832E-1	2.2351E2	1.3684E0	1.6696E6	
754	-6.8863E-1	2.2305E2	1.3610E0	1.6718E6	
755	-6.8924E-1	2.2215E2	1.3537E0	1.6740E6	
756	-6.8756E-1	2.2464E2	1.3464E0	1.6762E6	
757	-6.8710E-1	2.2532E2	1.3391E0	1.6784E6	
758	-6.8619E-1	2.2668E2	1.3318E0	1.6807E6	
759	-6.8443E-1	2.2928E2	1.3245E0	1.6829E6	
760	-6.8764E-1	2.2453E2	1.3171E0	1.6851E6	
761	-6.8642E-1	2.2634E2	1.3098E0	1.6873E6	
762	-6.8268E-1	2.3189E2	1.3026E0	1.6895E6	
763	-6.8588E-1	2.2713E2	1.2953E0	1.6918E6	
764	-6.8710E-1	2.2532E2	1.2878E0	1.6940E6	
765	-6.8314E-1	2.3121E2	1.2806E0	1.6962E6	
766	-6.8535E-1	2.2792E2	1.2733E0	1.6984E6	
767	-6.8459E-1	2.2906E2	1.2659E0	1.7006E6	
768	-6.8321E-1	2.3109E2	1.2585E0	1.7029E6	
769	-6.8504E-1	2.2838E2	1.2513E0	1.7051E6	
770	-6.8665E-1	2.2600E2	1.2440E0	1.7073E6	
771	-6.8367E-1	2.3041E2	1.2367E0	1.7095E6	
772	-6.8382E-1	2.3019E2	1.2294E0	1.7117E6	
773	-6.8367E-1	2.3041E2	1.2220E0	1.7140E6	
774	-6.8504E-1	2.2838E2	1.2147E0	1.7162E6	
775	-6.8413E-1	2.2974E2	1.2075E0	1.7184E6	
776	-6.8398E-1	2.2996E2	1.2002E0	1.7206E6	
777	-6.8115E-1	2.3415E2	1.1928E0	1.7228E6	
778	-6.8581E-1	2.2724E2	1.1855E0	1.7251E6	
779	-6.8298E-1	2.3143E2	1.1781E0	1.7273E6	
780	-6.8153E-1	2.3358E2	1.1709E0	1.7295E6	
781	-6.8520E-1	2.2815E2	1.1636E0	1.7317E6	
782	-6.8359E-1	2.3053E2	1.1562E0	1.7339E6	
783	-6.8359E-1	2.3053E2	1.1489E0	1.7362E6	
784	-6.8176E-1	2.3325E2	1.1417E0	1.7384E6	
785	-6.8291E-1	2.3155E2	1.1344E0	1.7406E6	
786	-6.8466E-1	2.2894E2	1.1270E0	1.7428E6	
787	-7.2784E-1	1.6486E2	1.1198E0	1.7450E6	
788	-7.0496E-1	1.9882E2	1.1124E0	1.7473E6	
789	-6.9977E-1	2.0652E2	1.1050E0	1.7495E6	
790	-6.8626E-1	2.2656E2	1.0978E0	1.7517E6	
791	-6.7307E-1	2.4615E2	1.0905E0	1.7539E6	
792	-6.5849E-1	2.6778E2	1.0831E0	1.7561E6	
793	-6.2790E-1	3.1318E2	1.0758E0	1.7584E6	
794	-6.0394E-1	3.4874E2	1.0686E0	1.7606E6	
795	-5.5740E-1	4.1780E2	1.0612E0	1.7628E6	
796	-5.1346E-1	4.8302E2	1.0538E0	1.7650E6	
797	-4.9080E-1	5.1665E2	1.0466E0	1.7672E6	
798	-4.6753E-1	5.5118E2	1.0393E0	1.7695E6	
799	-4.5929E-1	5.6341E2	1.0320E0	1.7717E6	
800	-4.7043E-1	5.4688E2	1.0246E0	1.7739E6	
801	-4.7165E-1	5.4507E2	1.0173E0	1.7761E6	
802	-4.7081E-1	5.4631E2	1.0101E0	1.7783E6	
803	-4.4350E-1	5.8685E2	1.0026E0	1.7806E6	
804	-3.9436E-1	6.5977E2	9.9533E-1	1.7828E6	
805	-3.6476E-1	7.0370E2	9.8808E-1	1.7850E6	
806	-3.4073E-1	7.3936E2	9.8326E-1	1.7865E6	
807	-3.3684E-1	7.4514E2	9.8309E-1	1.7865E6	
808	-3.3684E-1	7.4514E2	9.8309E-1	1.7865E6	
809	-3.3684E-1	7.4514E2	9.8309E-1	1.7865E6	
810	-3.3684E-1	7.4514E2	9.8309E-1	1.7865E6	
811	-3.3684E-1	7.4514E2	9.8309E-1	1.7865E6	
812	-3.3684E-1	7.4514E2	9.8309E-1	1.7865E6	
813	-3.3684E-1	7.4514E2	9.8309E-1	1.7865E6	
814	-3.3684E-1	7.4514E2	9.8309E-1	1.7865E6	
815	-3.3684E-1	7.4514E2	9.8309E-1	1.7865E6	
816	-3.3684E-1	7.4514E2	9.8309E-1	1.7865E6	
817	-3.3684E-1	7.4514E2	9.8309E-1	1.7865E6	
818	-3.3684E-1	7.4514E2	9.8309E-1	1.7865E6	
819	-3.3684E-1	7.4514E2	9.8309E-1	1.7865E6	
820	-3.3684E-1	7.4514E2	9.8309E-1	1.7865E6	
821	-3.3684E-1	7.4514E2	9.8309E-1	1.7865E6	
822	-3.3684E-1	7.4514E2	9.8309E-1	1.7865E6	
823	-3.3684E-1	7.4514E2	9.8309E-1	1.7865E6	
824	-3.3684E-1	7.4514E2	9.8309E-1	1.7865E6	
825	-3.3684E-1	7.4514E2	9.8309E-1	1.7865E6	
826	-3.3684E-1	7.4514E2	9.8309E-1	1.7865E6	
827	-3.3684E-1	7.4514E2	9.8309E-1	1.7865E6	
828	-3.3684E-1	7.4514E2	9.8309E-1	1.7865E6	
829	-3.3684E-1	7.4514E2	9.8309E-1	1.7865E6	
830	-3.3684E-1	7.4514E2	9.8309E-1	1.7865E6	
831	-3.3684E-1	7.4514E2	9.8309E-1	1.7865E6	
832	-3.3684E-1	7.4514E2	9.8309E-1	1.7865E6	
833	-3.3684E-1	7.4514E2	9.8309E-1	1.7865E6	
834	-3.3684E-1	7.4514E2	9.8309E-1	1.7865E6	
835	-3.3684E-1	7.4514E2	9.8309E-1	1.7865E6	
836	-3.3684E-1	7.4514E2	9.8309E-1	1.7865E6	
837	-3.3684E-1	7.4514E2	9.8309E-1	1.7865E6	
838	-3.3684E-1	7.4514E2	9.8309E-1	1.7865E6	
839	-3.3684E-1	7.4514E2	9.8309E-1	1.7865E6	
840	-3.3684E-1	7.4514E2	9.8309E-1	1.7865E6	
841	-3.3684E-1	7.4514E2	9.8309E-1	1.7865E6	
842	-3.3684E-1	7.4514E2	9.8309E-1	1.7865E6	
843	-3.3684E-1	7.4514E2	9.8309E-1	1.7865E6	
844	-3.3684E-1	7.4514E2	9.8309E-1	1.7865E6	
845	-3.3684E-1	7.4514E2	9.8309E-1	1.7865E6	
846	-3.3684E-1	7.4514E2	9.8309E-1	1.7865E6	
847	-3.3684E-1	7.4514E2	9.8309E-1	1.7865E6	
848	-3.3684E-1	7.4514E2	9.8309E-1	1.7865E6	
849	-3.3684E-1	7.4514E2	9.8309E-1	1.7865E6	
850	-3.3684E-1	7.4514E2	9.8309E-1	1.7865E6	
851	-3.3684E-1	7.4514E2	9.8309E-1	1.7865E6	
852	-3.3684E-1	7.4514E2	9.8309E-1	1.7865E6	
853	-3.3684E-1	7.4514E2	9.8309E-1	1.7865E6	
854	-3.3684E-1	7.4514E2	9.8309E-1	1.7865E6	
855	-3.3684E-1	7.4514E2	9.8309E-1	1.7865E6	
856	-3.3684E-1	7.4514E2	9.8309E-1	1.7865E6	
857	-3.3684E-1	7.4514E2	9.8309E-1	1.7865E6	
858	-3.3684E-1	7.4514E2	9.8309E-1	1.7865E6	
859	-3.3684E-1	7.4514E2	9.8309E-1	1.7865E6	
860	-3.3684E-1	7.4514E2	9.8309E-1	1.7865E6	
861	-3.3684E-1	7.4514E2	9.8309E-1	1.7865E6	
862	-3.3684E-1	7.4514E2	9.8309E-1	1.7865E6	
863	-3.3684E-1	7.4514E2	9.8309E-1	1.7865E6	
864	-3.3684E-1	7.4514E2	9.8309E-1	1.7865E6	
865	-3.3684E-1	7.4514E2	9.8309E-1	1.7865E6	
866	-3.3684E-1	7.4514E2	9.8309E-1	1.7865E6	
867	-3.3684E-1	7.4514E2	9.8309E-1	1.7865E6	
868	-3.3684E-1	7.4514E2	9.8309E-1	1.7865E6	
869	-3.3684E-1	7.4514E2	9.8309E-1	1.7865E6	
870	-3.3684E-1	7.4514E2	9.8309E-1	1.7865E6	
871	-3.3684E-1	7.4514E2	9.8309E-1	1.7865E6	
872	-3.3684E-1	7.4514E2	9.8309E-1	1.7865E6	
873	-3.3684E-1	7.4514E2	9.8309E-1	1.7865E6	
874	-3.3684E-1	7.4514E2	9.8309E-1	1.7865E6	
875	-3.3684E-1	7.4514E2	9.8309E-1	1.7865E6	
876	-3.3684E-1	7.4514E2	9.8309E-1	1.7865E6	
877	-3.3684E-1	7.4514E2	9.8309E-1	1.7865E6	
878	-3.3684E-1	7.4514E2	9.8309E-1	1.7865E6	
879	-3.3684E-1	7.4514E2	9.8309E-1	1.7865E6	
880	-3.3684E-1	7.4514E2	9.8309E-1	1.7865E6	
881	-3.3684E-1	7.4514E2	9.8309E-1	1.7865E6	
882	-3.3684E-1	7.4514E2	9.8309E-1	1.7865E6	
883	-3.3684E-1	7.4514E2	9.8309E-1	1.7865E6	
884	-3.3684E-1	7.4514E2	9.8309E-1	1.7865E6	
885	-3.3684E-1	7.4514E2	9.8309E-1	1.7865E6	
886	-3.3684E-1	7.4514E2	9.8309E-1	1.7865E6	
887	-3.3684E-1	7.4514E2	9.8309E-1	1.7865E6	
888	-3.3684E-1	7.4514E2	9.8309E-1	1.7865E6	
889	-3.3684E-1	7.4514E2	9.8309E-1	1.7865E6	
890	-3.3684E-1	7.4514E2	9.8309E-1	1.7865E6	
891	-3.3684E-1	7.4514E2	9.8309E-1	1.7865E6	
892	-3.3684E-1	7.4514E2	9.8309E-1	1.7865E6	
893	-3.3684E-1	7.4514E2	9.8309E-1	1.7865E6	
894	-3.3684E-1	7.4514E2	9.8309E-1	1.7865E6	
895	-3.3684E-1	7.4514E2	9.8309E-1	1.7865E6	
896	-3.3684E-1	7.4514E2	9.8309E-1	1.7865E6	
897	-3.3684E-1	7.4514E2	9.8309E-1	1.7865E6	
898	-3.3684E-1	7.4514E2	9.8309E-1	1.7865E6	
899	-3.3684E-1	7.4514E2	9.8309E-1	1.7865E6	
900	-3.3684E-1	7.4514E2	9.8309E-1	1.7865E6	
901	-3.3684E-1	7.4514E2	9.8309E-1	1.7865E6	
902	-3.3684E-1	7.4514E2	9.8309E-1	1.7865E6	
903	-3.3684E-1	7.4514E2	9.8309E-1	1.7865E6	
904	-3.3684E-1	7.4514E2	9.8309E-1	1.7865E6	
905	-3.3684E-1	7.4514E2	9.8309E-1	1.7865E6	
906	-3.3684E-1	7.4514E2	9.8309E-1	1.7865E6	
907	-3.3684E-1	7.4514E2	9.8309E-1	1.7865E6	
908	-3.3684E-1	7.4514E2	9.8309E-1	1.7865E6	
909	-3.3684E-1	7.4514E2	9.8309E-1	1.7865E6	
910	-3.3684E-1	7.4514E2	9.8309E-1	1.7865E6	
911	-3.3684E-1	7.4514E2	9.8309E-1	1.7865E6	
912	-3.3684E-1	7.4514E2	9.8309E-1	1.7865E6	
913	-3.3684E-1	7.4514E2	9.8309E-1	1.7865E6	
914	-3.3684E-1	7.4514E2	9.8309E-1	1.7865E6	
915	-3.3684E-1	7.4514E2	9.8309E-1	1.7865E6	
916	-3.3684E-1	7.4514E2	9.8309E-1	1.7865E6	
917	-3.3684E-1	7.4514E2	9.8309E-1	1.7865E6	
918	-3.3684E-1	7.4514E2	9.8309E-1	1.7865E6	
919	-3.3684E-1	7.4514E2	9.8309E-1	1.7865E6	
920	-3.3684E-1	7.4514E2	9.8309E-1	1.7865E6	
921	-3.3684E-1	7.4514E2	9.8309E-1	1.7865E6	
922	-3.3684E-1	7.4514E2	9.8309E-1	1.7865E6	
923	-3.3684E-1	7.4514E2	9.8309E-1	1.7865E6	
924	-3.3684E-1	7.4514E2	9.8309E-1	1.7865E6	
925	-3.3684E-1	7.4514E2	9.8309E-1	1.7865E6	
926	-3.3684E-1	7.4514E2	9.8309E-1	1.7865E6	
927	-3.3684E-1	7.4514E2	9.8309E-1	1.7865E6	
928	-3.3684E-1	7.4514E2	9.8309E-1	1.7865E6	
929	-3.3684E-1	7.4514E2	9.8309E-1	1.7865E6	
930	-3.3684E-1	7.4514E2	9.8309E-1	1.7865E6	
931	-3.3684E-1	7.4514E2	9.8309E-1	1.7865E6	
932	-3.3684E-1	7.4514E2	9.8309E-1	1.7865E6	
933	-3.3684E-1	7.4514E2	9.8309E-1	1.7865E6	
934	-3.3684E-1	7.4514E2	9.8309E-1	1.7865E6	
935	-3.3684E-1	7.4514E2	9.8309E-1	1.7865E6	
936	-3.3684E-1	7.4514E2	9.8309E-1	1.7865E6	
937	-3.3684E-1	7.4514E2	9.8309E-1	1.7865E6	
938	-3.3684E-1	7.4514E2	9.8309E-1	1.7865E6	
939	-3.3684E-1	7.4514E2	9.8309E-1	1.7865E6	
940	-3.3684E-1	7.4514E2	9.8309E-1	1.7865E6	
941	-3.3684E-1	7.4514E2	9.8309E-1	1.7865E6	
942	-3.3684E-1	7.4514E2	9.8309E-1	1.7865E6	
943	-3.3684E-1	7.4514E2	9.8309E-1	1.7865E6	
944	-3.3684E-1	7.4514E2	9.8309E-1	1.7865E6	
945	-3.3684E-1	7.4514E2	9.8309E-1	1.7865E6	
946	-3.3684E-1	7.4514E2	9.8309E-1	1.7865E6	
947	-3.3684E-1	7.4514E2	9.8309E-1	1.7865E6	
948	-3.3684E-1	7.4514E2	9.8309E-1	1.7865E6	
949	-3.3684E-1	7.4514E2	9.8309E-1	1.7865E6	
950	-3.3684E-1	7.4514E2	9.8309E-1	1.7865E6	
951	-3.3684E-1	7.4514E2	9.8309E-1	1.7865E6	
952	-3.3684E-1	7.4514E2	9.8309E-1	1.7865E6	
953	-3.3684E-1	7.4514E2	9.8309E-1	1.7865E6	
954	-3.3684E-1	7.4514E2	9.8309E-1	1.7865E6	
955	-3.3684E-1	7.4514E2	9.8309E-1	1.7865E6	
956	-3.3684E-1	7.4514E2	9.8309E-1	1.7865E6	
957	-3.3684E-1	7.4514E2	9.8309E-1	1.7865E6	
958	-3.3684E-1	7.4514E2	9.8309E-1	1.7865E6	
959	-3.3684E-1	7.4514E2	9.8309E-1	1.7865E6	
960	-3.3684E-1	7.4514E2	9.8309E-1	1.7865E6	
961	-3.3684E-1	7.4514E2	9.8309E-1	1.7865E6	
962	-3.3684E-1	7.4514E2	9.8309E-1	1.7865E6	
963	-3.3684E-1	7.4514E2	9.8309E-1	1.7865E6	
964	-3.3684E-1	7.4514E2	9.8309E-1	1.7865E6	
965	-3.3684E-1	7.4514E2	9.8309E-1	1.7865E6	
966	-3.3684E-1	7.4514E2	9.8309E-1	1.7865E6	
967	-3.3684E-1	7.4514E2	9.8309E-1	1.7865E6	
968	-3.3684E-1	7.4514E2	9.8309E-1	1.7865E6	
969	-3.3684E-1	7.4514E2	9.8309E-1	1.7865E6	
970	-3.3684E-1	7.4514E2	9.8309E-1	1.7865E6	
971	-3.3684E-1	7.4514E2	9.8309E-1	1.7865E6	
972	-3.3684E-1	7.4514E2	9.8309E-1	1.7865E6	
973	-3.3684E-1	7.4514E2	9.8309E-1	1.7865E6	
974	-3.3684E-1	7.4514E2	9.8309E-1	1.7865E6	
975	-3.3684E-1	7.4514E2	9.8309E-1	1.7865E6	
976	-3.3684E-1	7.4514E2	9.8309E-1	1.7865E6	
977	-3.3684E-1	7.4514E2	9.8309E-1	1.7865E6	
978	-3.3684E-1	7.4514E2	9.8309E-1	1.7865E6	
979	-3.3684E-1	7.4514E2	9.8309E-1	1.7865E6	
980	-3.3684E-1	7.4514E2	9.8309E-1	1.7865E6	
981	-3.3684E-1	7.4514E2	9.8309E-1	1.7865E6	
982	-3.3684E-1	7.4514E2	9.8309E-1	1.7865E6	
983	-3.3684E-1	7.4514E2	9.8309E-1	1.7865E6	
984	-3.3684E-1	7.4514E2	9.8309E-1	1.7865E6	
985	-3.3684E-1	7.4514E2	9.8309E-1	1.7865E6	
986	-3.3684E-1	7.4514E2	9.8309E-1	1.7865E6	
987	-3.3684E-1	7.4514E2	9.8309E-1	1.7865E6	
988	-3.3684E-1	7.4514E2	9.8309E-1	1.7865E6	
989	-3.3684E-1	7.4514E2	9.8309E-1	1.7865E6	
990	-3.3684E-1	7.4514E2	9.8309E-1	1.7865E6	
991	-3.3684E-1	7.4514E2	9.8309E-1	1.7865E6	
992	-3.3684E-1	7.4514E2	9.8309E-1	1.7865E6	
993	-3.3684E-1	7.4514E2	9.8309E-1	1.7865E6	
994	-3.3684E-1	7.4514E2	9.8309E-1	1.7865E6	
995	-3.3684E-1	7.4514E2	9.8309E-1	1.7865E6	
996	-3.3684E-1	7.4514E2	9.8309E-1	1.7865E6	
997	-3.3684E-1	7.4514E2	9.8309E-1	1.7865E6	
998	-3.3684E-1	7.4514E2	9.8309E-1	1.7865E6	
999	-3.3684E-1	7.4514E2	9.8309E-1	1.7865E6	
1000	-3.3684E-1	7.4514E2	9.8309E-1	1.7865E6	
1001	-3.3684E-1	7.4514E2	9.8309E-1	1.7865E6	
1002	-3.3684E-1	7.4514E2	9.8309E-1	1.7865E6	
1003	-3.3684E-1	7.4514E2	9.8309E-1	1.7865E6	
1004	-3.3684E-1	7.4514E2	9.8309E-1	1.7865E6	
1005	-3.3684E-1	7.4514E2	9.8309E-1	1.7865E6	
1006	-3.3684E-1	7.4514E2	9.8309E-1	1.7865E6	
1007	-3.3684E-1	7.4514E2	9.8309E-1	1.7865E6	
1008	-3.3684E-1	7.4514E2	9.8309E-1	1.7865E6	
1009	-3.3684E-1	7.4514E2	9.8309E-1	1.7865E6	
1010	-3.3684E-1	7.4514E2	9.8309E-1	1.7865E6	
1011	-3.3684E-1	7.4514E2	9.8309E-1	1.7865E6	
1012	-3.3684E-1	7.4514E2	9.8309E-1	1.7865E6	
1013	-3.3684E-1	7.4514E2	9.8309E-1	1.7865E6	
1014	-3.3684E-1	7.4514E2	9.8309E-1	1.7865E6	
1015	-3.3684E-1	7.4514E2	9.8309E-1	1.7865E6	
1016	-3.3684E-1	7.4514E2	9.8309E-1	1.7865E6	
1017	-3.3684E-1	7.4514E2	9.8309E-1	1.7865E6	
1018	-3.3684E-1	7.4514E2	9.8309E-1	1.7865E6	
1019	-3.3684E-1	7.4514E2	9.8309E-1	1.7865E6	
1020	-3.3684E-1	7.4514E2	9.8309E-1	1.7865E6	
1021	-3.3684E-1	7.4514E2	9.8309E-1	1.7865E6	
1022	-3.3684E-1	7.4514E2	9.8309E-1	1.7865E6	
1023	-3.3684E-1	7.4514E2	9.8309E-1	1.7865E6	
1024	-3.3684E-1	7.4514E2	9.8309E-1	1.7865E6	
1025	-3.4035E-1	7.3993E2	9.8302E-1	1.7865E6	
1026	-3.8811E-1	6.6905E2	9.8426E-1	1.7887E6	
1027	-4.1809E-1	6.2455E2	9.8689E-1	1.7910E6	
1028	-4.4884E-1	5.7892E2	9.8992E-1	1.7932E6	
1029	-4.8782E-1	5.2106E2	9.9323E-1	1.7954E6	
1030	-5.0728E-1	4.9219E2	9.9664E-1	1.7976E6	
1031	-5.3741E-1	4.4747E2	1.0004E0	1.7998E6	
1032	-5.6320E-1	4.0920E2	1.0042E0	1.8021E6	
1033	-5.9738E-1	3.5847E2	1.0080E0	1.8043E6	
1034	-6.1241E-1	3.3617E2	1.0121E0	1.8065E6	
1035	-6.3545E-1	3.0197E2	1.0160E0	1.8087E6	
1036	-6.5552E-1	2.7219E2	1.0203E0	1.8109E6	
1037	-6.7856E-1	2.3800E2	1.0244E0	1.8132E6	
1038	-7.0145E-1	2.0403E2	1.0286E0	1.8154E6	
1039	-7.2166E-1	1.7403E2	1.0329E0	1.8176E6	
1040	-7.4120E-1	1.4504E2	1.0371E0	1.8198E6	
1041	-7.5539E-1	1.2398E2	1.0415E0	1.8220E6	
1042	-7.7492E-1	9.4996E1	1.0458E0	1.8243E6	
1043	-7.8400E-1	8.1523E1	1.0503E0	1.8265E6	
1044	-7.9605E-1	6.3633E1	1.0547E0	1.8287E6	
1045	-8.0444E-1	5.1178E1	1.0591E0	1.8309E6	
1046	-8.1718E-1	3.2269E1	1.0635E0	1.8331E6	
1047	-8.0437E-1	5.1291E1	1.0681E0	1.8354E6	
1048	-7.9514E-1	6.4992E1	1.0725E0	1.8376E6	
1049	-8.0231E-1	5.4348E1	1.0772E0	1.8398E6	
1050	-8.0528E-1	4.9933E1	1.0816E0	1.8420E6	
1051	-8.0803E-1	4.5856E1	1.0861E0	1.8442E6	
1052	-8.0940E-1	4.3818E1	1.0907E0	1.8465E6	
1053	-8.1306E-1	3.8384E1	1.0952E0	1.8487E6	
1054	-8.2062E-1	2.7174E1	1.0999E0	1.8509E6	
1055	-8.2123E-1	2.6268E1	1.1046E0	1.8531E6	
1056	-8.1604E-1	3.3968E1	1.1091E0	1.8553E6	
1057	-8.2115E-1	2.6382E1	1.1139E0	1.8576E6	
1058	-8.1604E-1	3.3968E1	1.1184E0	1.8598E6	
1059	-8.1970E-1	2.8533E1	1.1231E0	1.8620E6	
1060	-8.1818E-1	3.0797E1	1.1278E0	1.8642E6	
1061	-8.1604E-1	3.3968E1	1.1324E0	1.8664E6	
1062	-8.1406E-1	3.6912E1	1.1372E0	1.8687E6	
1063	-8.1215E-1	3.9742E1	1.1418E0	1.8709E6	
1064	-8.0902E-1	4.4385E1	1.1465E0	1.8731E6	
1065	-8.0833E-1	4.5404E1	1.1512E0	1.8753E6	
1066	-8.0452E-1	5.1065E1	1.1561E0	1.8775E6	
1067	-7.9643E-1	6.3067E1	1.1607E0	1.8798E6	
1068	-7.9048E-1	7.1898E1	1.1654E0	1.8820E6	
1069	-7.7621E-1	9.3072E1	1.1702E0	1.8842E6	
1070	-7.6797E-1	1.0530E2	1.1751E0	1.8864E6	
1071	-7.5623E-1	1.2274E2	1.1798E0	1.8886E6	
1072	-7.5012E-1	1.3179E2	1.1846E0	1.8909E6	
1073	-7.4844E-1	1.3429E2	1.1893E0	1.8931E6	
1074	-7.4059E-1	1.4595E2	1.1941E0	1.8953E6	
1075	-7.3456E-1	1.5489E2	1.1988E0	1.8975E6	
1076	-7.3418E-1	1.5546E2	1.2038E0	1.8997E6	
1077	-7.2983E-1	1.6191E2	1.2085E0	1.9020E6	
1078	-7.1678E-1	1.8127E2	1.2133E0	1.9042E6	
1079	-7.1358E-1	1.8603E2	1.2182E0	1.9064E6	
1080	-7.0724E-1	1.9543E2	1.2230E0	1.9086E6	
1081	-7.0175E-1	2.0358E2	1.2279E0	1.9108E6	
1082	-6.9344E-1	2.1592E2	1.2326E0	1.9131E6	
1083	-6.8359E-1	2.3053E2	1.2376E0	1.9153E6	
1084	-6.8291E-1	2.3155E2	1.2424E0	1.9175E6	
1085	-6.8459E-1	2.2906E2	1.2474E0	1.9197E6	
1086	-6.8420E-1	2.2962E2	1.2523E0	1.9219E6	
1087	-6.8558E-1	2.2758E2	1.2571E0	1.9242E6	
1088	-6.8619E-1	2.2668E2	1.2621E0	1.9264E6	
1089	-6.8695E-1	2.2555E2	1.2669E0	1.9286E6	
1090	-6.8581E-1	2.2724E2	1.2719E0	1.9308E6	
1091	-6.8481E-1	2.2872E2	1.2767E0	1.9330E6	
1092	-6.8695E-1	2.2555E2	1.2816E0	1.9353E6	
1093	-6.8512E-1	2.2826E2	1.2866E0	1.9375E6	
1094	-6.8459E-1	2.2906E2	1.2915E0	1.9397E6	
1095	-6.8573E-1	2.2736E2	1.2965E0	1.9419E6	
1096	-6.8504E-1	2.2838E2	1.3014E0	1.9441E6	
1097	-6.8573E-1	2.2736E2	1.3065E0	1.9464E6	
1098	-6.8718E-1	2.2521E2	1.3114E0	1.9486E6	
1099	-6.8718E-1	2.2521E2	1.3163E0	1.9508E6	
1100	-6.8657E-1	2.2611E2	1.3214E0	1.9530E6	
1101	-6.8451E-1	2.2917E2	1.3263E0	1.9552E6	
1102	-6.8855E-1	2.2317E2	1.3314E0	1.9575E6	
1103	-6.8832E-1	2.2351E2	1.3363E0	1.9597E6	
1104	-6.8985E-1	2.2124E2	1.3413E0	1.9619E6	
1105	-6.8802E-1	2.2396E2	1.3462E0	1.9641E6	
1106	-6.8794E-1	2.2407E2	1.3513E0	1.9663E6	
1107	-6.8832E-1	2.2351E2	1.3564E0	1.9686E6	
1108	-6.8932E-1	2.2204E2	1.3614E0	1.9708E6	
1109	-6.8855E-1	2.2317E2	1.3664E0	1.9730E6	
1110	-6.8794E-1	2.2407E2	1.3714E0	1.9752E6	
1111	-6.8832E-1	2.2351E2	1.3765E0	1.9774E6	
1112	-6.8977E-1	2.2136E2	1.3815E0	1.9797E6	
1113	-6.9016E-1	2.2079E2	1.3865E0	1.9819E6	
1114	-6.8901E-1	2.2249E2	1.3917E0	1.9841E6	
1115	-6.8977E-1	2.2136E2	1.3967E0	1.9863E6	
1116	-6.9016E-1	2.2079E2	1.4018E0	1.9885E6	
1117	-6.9145E-1	2.1887E2	1.4069E0	1.9908E6	
1118	-6.9160E-1	2.1864E2	1.4120E0	1.9930E6	
1119	-6.9122E-1	2.1921E2	1.4171E0	1.9952E6	
1120	-6.9344E-1	2.1592E2	1.4222E0	1.9974E6	
1121	-6.8840E-1	2.2339E2	1.4273E0	1.9996E6	
1122	-6.9016E-1	2.2079E2	1.4325E0	2.0019E6	
1123	-6.9153E-1	2.1875E2	1.4375E0	2.0041E6	
1124	-6.9313E-1	2.1637E2	1.4427E0	2.0063E6	
1125	-6.9138E-1	2.1898E2	1.4479E0	2.0085E6	
1126	-6.9290E-1	2.1671E2	1.4529E0	2.0107E6	
1127	-6.9359E-1	2.1570E2	1.4581E0	2.0130E6	
1128	-6.9344E-1	2.1592E2	1.4632E0	2.0152E6	
1129	-6.9328E-1	2.1615E2	1.4685E0	2.0174E6	
1130	-6.9305E-1	2.1649E2	1.4736E0	2.0196E6	
1131	-6.9489E-1	2.1377E2	1.4787E0	2.0218E6	
1132	-6.9305E-1	2.1649E2	1.4839E0	2.0241E6	
1133	-6.9397E-1	2.1513E2	1.4891E0	2.0263E6	
1134	-6.9221E-1	2.1773E2	1.4942E0	2.0285E6	
1135	-6.9473E-1	2.1400E2	1.4994E0	2.0307E6	
1136	-6.9542E-1	2.1298E2	1.5047E0	2.0329E6	
1137	-6.9519E-1	2.1332E2	1.5099E0	2.0352E6	
1138	-6.9344E-1	2.1592E2	1.5151E0	2.0374E6	
1139	-6.9572E-1	2.1252E2	1.5203E0	2.0396E6	
1140	-6.9550E-1	2.1286E2	1.5255E0	2.0418E6	
1141	-6.9473E-1	2.1400E2	1.5308E0	2.0440E6	
1142	-6.9458E-1	2.1422E2	1.5359E0	2.0463E6	
1143	-6.9664E-1	2.1117E2	1.5412E0	2.0485E6	
1144	-6.9572E-1	2.1252E2	1.5465E0	2.0507E6	
1145	-6.9901E-1	2.0766E2	1.5517E0	2.0529E6	
1146	-6.9641E-1	2.1151E2	1.5570E0	2.0551E6	
1147	-6.9557E-1	2.1275E2	1.5622E0	2.0574E6	
1148	-6.9763E-1	2.0969E2	1.5674E0	2.0596E6	
1149	-6.9664E-1	2.1117E2	1.5727E0	2.0618E6	
1150	-6.9572E-1	2.1252E2	1.5780E0	2.0640E6	
1151	-6.9489E-1	2.1377E2	1.5832E0	2.0662E6	
1152	-6.9748E-1	2.0992E2	1.5886E0	2.0685E6	
1153	-6.9771E-1	2.0958E2	1.5938E0	2.0707E6	
1154	-6.9702E-1	2.1060E2	1.5991E0	2.0729E6	
1155	-6.9832E-1	2.0868E2	1.6045E0	2.0751E6	
1156	-6.9626E-1	2.1173E2	1.6097E0	2.0773E6	
1157	-6.9534E-1	2.1309E2	1.6150E0	2.0796E6	
1158	-6.9702E-1	2.1060E2	1.6204E0	2.0818E6	
1159	-6.9870E-1	2.0811E2	1.6257E0	2.0840E6	
1160	-6.9695E-1	2.1071E2	1.6310E0	2.0862E6	
1161	-6.9885E-1	2.0788E2	1.6364E0	2.0884E6	
1162	-7.0007E-1	2.0607E2	1.6417E0	2.0907E6	
1163	-6.9687E-1	2.1083E2	1.6471E0	2.0929E6	
1164	-6.9794E-1	2.0924E2	1.6524E0	2.0951E6	
1165	-6.9756E-1	2.0981E2	1.6578E0	2.0973E6	
1166	-6.9847E-1	2.0845E2	1.6632E0	2.0995E6	
1167	-6.9542E-1	2.1298E2	1.6686E0	2.1018E6	
1168	-6.9801E-1	2.0913E2	1.6739E0	2.1040E6	
1169	-6.9717E-1	2.1037E2	1.6794E0	2.1062E6	
1170	-6.9809E-1	2.0901E2	1.6847E0	2.1084E6	
1171	-6.9817E-1	2.0890E2	1.6900E0	2.1106E6	
1172	-6.9763E-1	2.0969E2	1.6955E0	2.1129E6	
1173	-6.9878E-1	2.0800E2	1.7008E0	2.1151E6	
1174	-6.9977E-1	2.0652E2	1.7062E0	2.1173E6	
1175	-7.0122E-1	2.0437E2	1.7116E0	2.1195E6	
1176	-6.9969E-1	2.0664E2	1.7171E0	2.1217E6	
1177	-6.9824E-1	2.0879E2	1.7225E0	2.1240E6	
1178	-6.9954E-1	2.0686E2	1.7279E0	2.1262E6	
1179	-6.9908E-1	2.0754E2	1.7334E0	2.1284E6	
1180	-6.9916E-1	2.0743E2	1.7388E0	2.1306E6	
1181	-7.0213E-1	2.0301E2	1.7442E0	2.1328E6	
1182	-6.9969E-1	2.0664E2	1.7496E0	2.1351E6	
1183	-7.0084E-1	2.0494E2	1.7551E0	2.1373E6	
1184	-7.0389E-1	2.0041E2	1.7605E0	2.1395E6	
1185	-7.0251E-1	2.0245E2	1.7659E0	2.1417E6	
1186	-6.9954E-1	2.0686E2	1.7714E0	2.1439E6	
1187	-7.0000E-1	2.0618E2	1.7770E0	2.1462E6	
1188	-7.0244E-1	2.0256E2	1.7824E0	2.1484E6	
1189	-6.9931E-1	2.0720E2	1.7879E0	2.1506E6	
1190	-7.0335E-1	2.0120E2	1.7935E0	2.1528E6	
1191	-7.0351E-1	2.0098E2	1.7989E0	2.1550E6	
1192	-7.0129E-1	2.0426E2	1.8044E0	2.1573E6	
1193	-7.0442E-1	1.9962E2	1.8100E0	2.1595E6	
1194	-7.0427E-1	1.9984E2	1.8155E0	2.1617E6	
1195	-7.0396E-1	2.0030E2	1.8208E0	2.1639E6	
1196	-7.0244E-1	2.0256E2	1.8265E0	2.1661E6	
1197	-7.0297E-1	2.0177E2	1.8320E0	2.1684E6	
1198	-7.0396E-1	2.0030E2	1.8375E0	2.1706E6	
1199	-7.0496E-1	1.9882E2	1.8430E0	2.1728E6	
1200	-7.0488E-1	1.9894E2	1.8486E0	2.1750E6	
1201	-7.0435E-1	1.9973E2	1.8540E0	2.1772E6	
1202	-7.0641E-1	1.9667E2	1.8597E0	2.1795E6	
1203	-7.0633E-1	1.9679E2	1.8652E0	2.1817E6	
1204	-7.0435E-1	1.9973E2	1.8708E0	2.1839E6	
1205	-7.0663E-1	1.9633E2	1.8763E0	2.1861E6	
1206	-7.0389E-1	2.0041E2	1.8819E0	2.1883E6	
1207	-7.0831E-1	1.9384E2	1.8874E0	2.1906E6	
1208	-7.0648E-1	1.9656E2	1.8931E0	2.1928E6	
1209	-7.0938E-1	1.9226E2	1.8987E0	2.1950E6	
1210	-7.0702E-1	1.9577E2	1.9042E0	2.1972E6	
1211	-7.0549E-1	1.9803E2	1.9099E0	2.1994E6	
1212	-7.0801E-1	1.9430E2	1.9155E0	2.2017E6	
1213	-7.0778E-1	1.9464E2	1.9210E0	2.2039E6	
1214	-7.0709E-1	1.9565E2	1.9267E0	2.2061E6	
1215	-7.0755E-1	1.9497E2	1.9322E0	2.2083E6	
1216	-7.0824E-1	1.9396E2	1.9378E0	2.2105E6	
1217	-7.0961E-1	1.9192E2	1.9435E0	2.2128E6	
1218	-7.0862E-1	1.9339E2	1.9492E0	2.2150E6	
1219	-7.1037E-1	1.9079E2	1.9548E0	2.2172E6	
1220	-7.0885E-1	1.9305E2	1.9604E0	2.2194E6	
1221	-7.1030E-1	1.9090E2	1.9661E0	2.2216E6	
1222	-7.0946E-1	1.9214E2	1.9717E0	2.2239E6	
1223	-7.0839E-1	1.9373E2	1.9774E0	2.2261E6	
1224	-7.0648E-1	1.9656E2	1.9830E0	2.2283E6	
1225	-7.0992E-1	1.9146E2	1.9887E0	2.2305E6	
1226	-7.1022E-1	1.9101E2	1.9943E0	2.2327E6	
1227	-7.1037E-1	1.9079E2	2.0001E0	2.2350E6	
1228	-7.1411E-1	1.8524E2	2.0057E0	2.2372E6	
1229	-7.1037E-1	1.9079E2	2.0114E0	2.2394E6	
1230	-7.0999E-1	1.9135E2	2.0171E0	2.2416E6	
1231	-7.1121E-1	1.8954E2	2.0228E0	2.2438E6	
1232	-7.0984E-1	1.9158E2	2.0285E0	2.2461E6	
1233	-7.1091E-1	1.8999E2	2.0343E0	2.2483E6	
1234	-7.1091E-1	1.8999E2	2.0400E0	2.2505E6	
1235	-7.0953E-1	1.9203E2	2.0455E0	2.2527E6	
1236	-7.0946E-1	1.9214E2	2.0513E0	2.2549E6	
1237	-7.1220E-1	1.8807E2	2.0570E0	2.2572E6	
1238	-7.1121E-1	1.8954E2	2.0628E0	2.2594E6	
1239	-7.1037E-1	1.9079E2	2.0685E0	2.2616E6	
1240	-7.1259E-1	1.8750E2	2.0742E0	2.2638E6	
1241	-7.1449E-1	1.8467E2	2.0800E0	2.2660E6	
1242	-7.1152E-1	1.8909E2	2.0857E0	2.2683E6	
1243	-7.1266E-1	1.8739E2	2.0914E0	2.2705E6	
1244	-7.1091E-1	1.8999E2	2.0972E0	2.2727E6	
1245	-7.1228E-1	1.8795E2	2.1030E0	2.2749E6	
1246	-7.0999E-1	1.9135E2	2.1087E0	2.2771E6	
1247	-7.1465E-1	1.8444E2	2.1146E0	2.2794E6	
1248	-7.1030E-1	1.9090E2	2.1203E0	2.2816E6	
1249	-7.1213E-1	1.8818E2	2.1261E0	2.2838E6	
1250	-7.1388E-1	1.8558E2	2.1319E0	2.2860E6	
1251	-7.1167E-1	1.8886E2	2.1377E0	2.2882E6	
1252	-7.1411E-1	1.8524E2	2.1435E0	2.2905E6	
1253	-7.1243E-1	1.8773E2	2.1493E0	2.2927E6	
1254	-7.1571E-1	1.8286E2	2.1551E0	2.2949E6	
1255	-7.1358E-1	1.8603E2	2.1609E0	2.2971E6	
1256	-7.1404E-1	1.8535E2	2.1668E0	2.2993E6	
1257	-7.1426E-1	1.8501E2	2.1725E0	2.3016E6	
1258	-7.1480E-1	1.8422E2	2.1784E0	2.3038E6	
1259	-7.1571E-1	1.8286E2	2.1843E0	2.3060E6	
1260	-7.1495E-1	1.8399E2	2.1901E0	2.3082E6	
1261	-7.1411E-1	1.8524E2	2.1959E0	2.3104E6	
1262	-7.1358E-1	1.8603E2	2.2017E0	2.3127E6	
1263	-7.1648E-1	1.8173E2	2.2076E0	2.3149E6	
1264	-7.1541E-1	1.8331E2	2.2135E0	2.3171E6	
1265	-7.1617E-1	1.8218E2	2.2194E0	2.3193E6	
1266	-7.1472E-1	1.8433E2	2.2252E0	2.3215E6	
1267	-7.1831E-1	1.7901E2	2.2311E0	2.3238E6	
1268	-7.1678E-1	1.8127E2	2.2370E0	2.3260E6	
1269	-7.1564E-1	1.8297E2	2.2428E0	2.3282E6	
1270	-7.1487E-1	1.8411E2	2.2487E0	2.3304E6	
1271	-7.1655E-1	1.8161E2	2.2546E0	2.3326E6	
1272	-7.1587E-1	1.8263E2	2.2605E0	2.3349E6	
1273	-7.1892E-1	1.7810E2	2.2664E0	2.3371E6	
1274	-7.1716E-1	1.8071E2	2.2723E0	2.3393E6	
1275	-7.1724E-1	1.8060E2	2.2782E0	2.3415E6	
1276	-7.1701E-1	1.8093E2	2.2840E0	2.3437E6	
1277	-7.1777E-1	1.7980E2	2.2901E0	2.3460E6	
1278	-7.2144E-1	1.7437E2	2.2960E0	2.3482E6	
1279	-7.2266E-1	1.7256E2	2.3020E0	2.3504E6	
1280	-7.1770E-1	1.7992E2	2.3078E0	2.3526E6	
1281	-7.1686E-1	1.8116E2	2.3138E0	2.3548E6	
1282	-7.1991E-1	1.7663E2	2.3197E0	2.3571E6	
1283	-7.1884E-1	1.7822E2	2.3257E0	2.3593E6	
1284	-7.1968E-1	1.7697E2	2.3317E0	2.3615E6	
1285	-7.2014E-1	1.7629E2	2.3376E0	2.3637E6	
1286	-7.2044E-1	1.7584E2	2.3435E0	2.3659E6	
1287	-7.2159E-1	1.7414E2	2.3495E0	2.3682E6	
1288	-7.2090E-1	1.7516E2	2.3555E0	2.3704E6	
1289	-7.2105E-1	1.7493E2	2.3615E0	2.3726E6	
1290	-7.2350E-1	1.7131E2	2.3675E0	2.3748E6	
1291	-7.2105E-1	1.7493E2	2.3734E0	2.3770E6	
1292	-7.2372E-1	1.7097E2	2.3795E0	2.3793E6	
1293	-7.2273E-1	1.7244E2	2.3855E0	2.3815E6	
1294	-7.2372E-1	1.7097E2	2.3915E0	2.3837E6	
1295	-7.2052E-1	1.7573E2	2.3975E0	2.3859E6	
1296	-7.2250E-1	1.7278E2	2.4036E0	2.3881E6	
1297	-7.2144E-1	1.7437E2	2.4095E0	2.3904E6	
1298	-7.2235E-1	1.7301E2	2.4156E0	2.3926E6	
1299	-7.2502E-1	1.6905E2	2.4216E0	2.3948E6	
1300	-7.2395E-1	1.7063E2	2.4277E0	2.3970E6	
1301	-7.2472E-1	1.6950E2	2.4337E0	2.3992E6	
1302	-7.2311E-1	1.7188E2	2.4397E0	2.4015E6	
1303	-7.2380E-1	1.7086E2	2.4458E0	2.4037E6	
1304	-7.2227E-1	1.7312E2	2.4518E0	2.4059E6	
1305	-7.2441E-1	1.6995E2	2.4578E0	2.4081E6	
1306	-7.2243E-1	1.7290E2	2.4639E0	2.4103E6	
1307	-7.2449E-1	1.6984E2	2.4700E0	2.4126E6	
1308	-7.2769E-1	1.6508E2	2.4761E0	2.4148E6	
1309	-7.2418E-1	1.7029E2	2.4821E0	2.4170E6	
1310	-7.2517E-1	1.6882E2	2.4882E0	2.4192E6	
1311	-7.2487E-1	1.6927E2	2.4943E0	2.4214E6	
1312	-7.2624E-1	1.6723E2	2.5003E0	2.4237E6	
1313	-7.2472E-1	1.6950E2	2.5065E0	2.4259E6	
1314	-7.2647E-1	1.6689E2	2.5126E0	2.4281E6	
1315	-7.2624E-1	1.6723E2	2.5187E0	2.4303E6	
1316	-7.2624E-1	1.6723E2	2.5248E0	2.4325E6	
1317	-7.2495E-1	1.6916E2	2.5309E0	2.4348E6	
1318	-7.2578E-1	1.6791E2	2.5370E0	2.4370E6	
1319	-7.2632E-1	1.6712E2	2.5431E0	2.4392E6	
1320	-7.2670E-1	1.6656E2	2.5493E0	2.4414E6	
1321	-7.2655E-1	1.6678E2	2.5555E0	2.4436E6	
1322	-7.2708E-1	1.6599E2	2.5615E0	2.4459E6	
1323	-7.2777E-1	1.6497E2	2.5677E0	2.4481E6	
1324	-7.2731E-1	1.6565E2	2.5738E0	2.4503E6	
1325	-7.2990E-1	1.6180E2	2.5799E0	2.4525E6	
1326	-7.2769E-1	1.6508E2	2.5861E0	2.4547E6	
1327	-7.2563E-1	1.6814E2	2.5923E0	2.4570E6	
1328	-7.2914E-1	1.6293E2	2.5985E0	2.4592E6	
1329	-7.2754E-1	1.6531E2	2.6047E0	2.4614E6	
1330	-7.2746E-1	1.6542E2	2.6108E0	2.4636E6	
1331	-7.2685E-1	1.6633E2	2.6170E0	2.4658E6	
1332	-7.2899E-1	1.6316E2	2.6232E0	2.4681E6	
1333	-7.2899E-1	1.6316E2	2.6293E0	2.4703E6	
1334	-7.2807E-1	1.6452E2	2.6356E0	2.4725E6	
1335	-7.2861E-1	1.6372E2	2.6417E0	2.4747E6	
1336	-7.2975E-1	1.6203E2	2.6480E0	2.4769E6	
1337	-7.2632E-1	1.6712E2	2.6541E0	2.4792E6	
1338	-7.2731E-1	1.6565E2	2.6604E0	2.4814E6	
1339	-7.3090E-1	1.6033E2	2.6665E0	2.4836E6	
1340	-7.3059E-1	1.6078E2	2.6728E0	2.4858E6	
1341	-7.3212E-1	1.5852E2	2.6790E0	2.4880E6	
1342	-7.3097E-1	1.6021E2	2.6853E0	2.4903E6	
1343	-7.3212E-1	1.5852E2	2.6914E0	2.4925E6	
1344	-7.2906E-1	1.6305E2	2.6978E0	2.4947E6	
1345	-7.2899E-1	1.6316E2	2.7040E0	2.4969E6	
1346	-7.3120E-1	1.5987E2	2.7101E0	2.4991E6	
1347	-7.3318E-1	1.5693E2	2.7165E0	2.5014E6	
1348	-7.3448E-1	1.5501E2	2.7228E0	2.5036E6	
1349	-7.3349E-1	1.5648E2	2.7289E0	2.5058E6	
1350	-7.3471E-1	1.5467E2	2.7352E0	2.5080E6	
1351	-7.3097E-1	1.6021E2	2.7416E0	2.5102E6	
1352	-7.3456E-1	1.5489E2	2.7478E0	2.5125E6	
1353	-7.3418E-1	1.5546E2	2.7540E0	2.5147E6	
1354	-7.3769E-1	1.5025E2	2.7603E0	2.5169E6	
1355	-7.3364E-1	1.5625E2	2.7666E0	2.5191E6	
1356	-7.3349E-1	1.5648E2	2.7729E0	2.5213E6	
1357	-7.3441E-1	1.5512E2	2.7791E0	2.5236E6	
1358	-7.3441E-1	1.5512E2	2.7855E0	2.5258E6	
1359	-7.3479E-1	1.5455E2	2.7917E0	2.5280E6	
1360	-7.3395E-1	1.5580E2	2.7981E0	2.5302E6	
1361	-7.3471E-1	1.5467E2	2.8044E0	2.5324E6	
1362	-7.3387E-1	1.5591E2	2.8108E0	2.5347E6	
1363	-7.3524E-1	1.5387E2	2.8170E0	2.5369E6	
1364	-7.3463E-1	1.5478E2	2.8234E0	2.5391E6	
1365	-7.3578E-1	1.5308E2	2.8297E0	2.5413E6	
1366	-7.3448E-1	1.5501E2	2.8360E0	2.5435E6	
1367	-7.3692E-1	1.5138E2	2.8424E0	2.5458E6	
1368	-7.3509E-1	1.5410E2	2.8488E0	2.5480E6	
1369	-7.3868E-1	1.4878E2	2.8551E0	2.5502E6	
1370	-7.3875E-1	1.4867E2	2.8615E0	2.5524E6	
1371	-7.3814E-1	1.4957E2	2.8678E0	2.5546E6	
1372	-7.3738E-1	1.5070E2	2.8743E0	2.5569E6	
1373	-7.3822E-1	1.4946E2	2.8805E0	2.5591E6	
1374	-7.3814E-1	1.4957E2	2.8870E0	2.5613E6	
1375	-7.3975E-1	1.4719E2	2.8933E0	2.5635E6	
1376	-7.3792E-1	1.4991E2	2.8996E0	2.5657E6	
1377	-7.3891E-1	1.4844E2	2.9059E0	2.5680E6	
1378	-7.4066E-1	1.4583E2	2.9124E0	2.5702E6	
1379	-7.3494E-1	1.5433E2	2.9188E0	2.5724E6	
1380	-7.4036E-1	1.4629E2	2.9252E0	2.5746E6	
1381	-7.3822E-1	1.4946E2	2.9316E0	2.5768E6	
1382	-7.3822E-1	1.4946E2	2.9380E0	2.5791E6	
1383	-7.3776E-1	1.5014E2	2.9444E0	2.5813E6	
1384	-7.3944E-1	1.4765E2	2.9508E0	2.5835E6	
1385	-7.3982E-1	1.4708E2	2.9572E0	2.5857E6	
1386	-7.3936E-1	1.4776E2	2.9637E0	2.5879E6	
1387	-7.3845E-1	1.4912E2	2.9701E0	2.5902E6	
1388	-7.3997E-1	1.4685E2	2.9765E0	2.5924E6	
1389	-7.3952E-1	1.4753E2	2.9829E0	2.5946E6	
1390	-7.4173E-1	1.4425E2	2.9894E0	2.5968E6	
1391	-7.4371E-1	1.4131E2	2.9958E0	2.5990E6	
1392	-7.4066E-1	1.4583E2	3.0022E0	2.6013E6	
1393	-7.4425E-1	1.4051E2	3.0087E0	2.6035E6	
1394	-7.4173E-1	1.4425E2	3.0152E0	2.6057E6	
1395	-7.4219E-1	1.4357E2	3.0216E0	2.6079E6	
1396	-7.4028E-1	1.4640E2	3.0281E0	2.6101E6	
1397	-7.4173E-1	1.4425E2	3.0346E0	2.6124E6	
1398	-7.4181E-1	1.4414E2	3.0410E0	2.6146E6	
1399	-7.3967E-1	1.4731E2	3.0475E0	2.6168E6	
1400	-7.4272E-1	1.4278E2	3.0541E0	2.6190E6	
1401	-7.4295E-1	1.4244E2	3.0605E0	2.6212E6	
1402	-7.4188E-1	1.4402E2	3.0670E0	2.6235E6	
1403	-7.4425E-1	1.4051E2	3.0735E0	2.6257E6	
1404	-7.4364E-1	1.4142E2	3.0800E0	2.6279E6	
1405	-7.4417E-1	1.4063E2	3.0865E0	2.6301E6	
1406	-7.4303E-1	1.4232E2	3.0931E0	2.6323E6	
1407	-7.4417E-1	1.4063E2	3.0995E0	2.6346E6	
1408	-7.4516E-1	1.3915E2	3.1060E0	2.6368E6	
1409	-7.4371E-1	1.4131E2	3.1126E0	2.6390E6	
1410	-7.4608E-1	1.3780E2	3.1191E0	2.6412E6	
1411	-7.4585E-1	1.3814E2	3.1257E0	2.6434E6	
1412	-7.4463E-1	1.3995E2	3.1322E0	2.6457E6	
1413	-7.4554E-1	1.3859E2	3.1386E0	2.6479E6	
1414	-7.4532E-1	1.3893E2	3.1453E0	2.6501E6	
1415	-7.4486E-1	1.3961E2	3.1518E0	2.6523E6	
1416	-7.4654E-1	1.3712E2	3.1584E0	2.6545E6	
1417	-7.4692E-1	1.3655E2	3.1649E0	2.6568E6	
1418	-7.4638E-1	1.3734E2	3.1715E0	2.6590E6	
1419	-7.4608E-1	1.3780E2	3.1780E0	2.6612E6	
1420	-7.4707E-1	1.3632E2	3.1847E0	2.6634E6	
1421	-7.4692E-1	1.3655E2	3.1912E0	2.6656E6	
1422	-7.4707E-1	1.3632E2	3.1978E0	2.6679E6	
1423	-7.4379E-1	1.4119E2	3.2043E0	2.6701E6	
1424	-7.4707E-1	1.3632E2	3.2110E0	2.6723E6	
1425	-7.4860E-1	1.3406E2	3.2174E0	2.6745E6	
1426	-7.4883E-1	1.3372E2	3.2242E0	2.6767E6	
1427	-7.4890E-1	1.3361E2	3.2308E0	2.6790E6	
1428	-7.4753E-1	1.3564E2	3.2373E0	2.6812E6	
1429	-7.5119E-1	1.3021E2	3.2440E0	2.6834E6	
1430	-7.4974E-1	1.3236E2	3.2505E0	2.6856E6	
1431	-7.4562E-1	1.3848E2	3.2571E0	2.6878E6	
1432	-7.4852E-1	1.3417E2	3.2638E0	2.6901E6	
1433	-7.4982E-1	1.3225E2	3.2702E0	2.6923E6	
1434	-7.5050E-1	1.3123E2	3.2771E0	2.6945E6	
1435	-7.5172E-1	1.2942E2	3.2837E0	2.6967E6	
1436	-7.5073E-1	1.3089E2	3.2903E0	2.6989E6	
1437	-7.5249E-1	1.2828E2	3.2969E0	2.7012E6	
1438	-7.4852E-1	1.3417E2	3.3035E0	2.7034E6	
1439	-7.5134E-1	1.2998E2	3.3102E0	2.7056E6	
1440	-7.4997E-1	1.3202E2	3.3169E0	2.7078E6	
1441	-7.5356E-1	1.2670E2	3.3235E0	2.7100E6	
1442	-7.5073E-1	1.3089E2	3.3302E0	2.7123E6	
1443	-7.5066E-1	1.3100E2	3.3368E0	2.7145E6	
1444	-7.5310E-1	1.2738E2	3.3434E0	2.7167E6	
1445	-7.4997E-1	1.3202E2	3.3502E0	2.7189E6	
1446	-7.5127E-1	1.3010E2	3.3569E0	2.7211E6	
1447	-7.5348E-1	1.2681E2	3.3635E0	2.7234E6	
1448	-7.5409E-1	1.2591E2	3.3702E0	2.7256E6	
1449	-7.5188E-1	1.2919E2	3.3770E0	2.7278E6	
1450	-7.5371E-1	1.2647E2	3.3836E0	2.7300E6	
1451	-7.5089E-1	1.3066E2	3.3903E0	2.7322E6	
1452	-7.5340E-1	1.2693E2	3.3971E0	2.7345E6	
1453	-7.5264E-1	1.2806E2	3.4038E0	2.7367E6	
1454	-7.5287E-1	1.2772E2	3.4104E0	2.7389E6	
1455	-7.5340E-1	1.2693E2	3.4172E0	2.7411E6	
1456	-7.5470E-1	1.2500E2	3.4239E0	2.7433E6	
1457	-7.5638E-1	1.2251E2	3.4306E0	2.7456E6	
1458	-7.5409E-1	1.2591E2	3.4373E0	2.7478E6	
1459	-7.5508E-1	1.2444E2	3.4440E0	2.7500E6	
1460	-7.5668E-1	1.2206E2	3.4507E0	2.7522E6	
1461	-7.5256E-1	1.2817E2	3.4575E0	2.7544E6	
1462	-7.5584E-1	1.2330E2	3.4642E0	2.7567E6	
1463	-7.5424E-1	1.2568E2	3.4710E0	2.7589E6	
1464	-7.5623E-1	1.2274E2	3.4778E0	2.7611E6	
1465	-7.5562E-1	1.2364E2	3.4843E0	2.7633E6	
1466	-7.5645E-1	1.2240E2	3.4912E0	2.7655E6	
1467	-7.5516E-1	1.2432E2	3.4979E0	2.7678E6	
1468	-7.5554E-1	1.2376E2	3.5048E0	2.7700E6	
1469	-7.5630E-1	1.2262E2	3.5116E0	2.7722E6	
1470	-7.5974E-1	1.1753E2	3.5183E0	2.7744E6	
1471	-7.5668E-1	1.2206E2	3.5250E0	2.7766E6	
1472	-7.5645E-1	1.2240E2	3.5318E0	2.7789E6	
1473	-7.5745E-1	1.2093E2	3.5386E0	2.7811E6	
1474	-7.5790E-1	1.2025E2	3.5454E0	2.7833E6	
1475	-7.5928E-1	1.1821E2	3.5522E0	2.7855E6	
1476	-7.5890E-1	1.1877E2	3.5590E0	2.7877E6	
1477	-7.5645E-1	1.2240E2	3.5658E0	2.7900E6	
1478	-7.5829E-1	1.1968E2	3.5726E0	2.7922E6	
1479	-7.6088E-1	1.1583E2	3.5794E0	2.7944E6	
1480	-7.5790E-1	1.2025E2	3.5862E0	2.7966E6	
1481	-7.5775E-1	1.2047E2	3.5930E0	2.7988E6	
1482	-7.5920E-1	1.1832E2	3.5998E0	2.8011E6	
1483	-7.6111E-1	1.1549E2	3.6067E0	2.8033E6	
1484	-7.5996E-1	1.1719E2	3.6135E0	2.8055E6	
1485	-7.5920E-1	1.1832E2	3.6203E0	2.8077E6	
1486	-7.6164E-1	1.1470E2	3.6271E0	2.8099E6	
1487	-7.6103E-1	1.1560E2	3.6340E0	2.8122E6	
1488	-7.6057E-1	1.1628E2	3.6408E0	2.8144E6	
1489	-7.6080E-1	1.1594E2	3.6477E0	2.8166E6	
1490	-7.6080E-1	1.1594E2	3.6545E0	2.8188E6	
1491	-7.6187E-1	1.1436E2	3.6614E0	2.8210E6	
1492	-7.6317E-1	1.1243E2	3.6683E0	2.8233E6	
1493	-7.6210E-1	1.1402E2	3.6751E0	2.8255E6	
1494	-7.6202E-1	1.1413E2	3.6821E0	2.8277E6	
1495	-7.6378E-1	1.1153E2	3.6888E0	2.8299E6	
1496	-7.6256E-1	1.1334E2	3.6957E0	2.8321E6	
1497	-7.6324E-1	1.1232E2	3.7026E0	2.8344E6	
1498	-7.6286E-1	1.1289E2	3.7095E0	2.8366E6	
1499	-7.6401E-1	1.1119E2	3.7164E0	2.8388E6	
1500	-7.6454E-1	1.1040E2	3.7232E0	2.8410E6	
1501	-7.6202E-1	1.1413E2	3.7301E0	2.8432E6	
1502	-7.6714E-1	1.0655E2	3.7371E0	2.8455E6	
1503	-7.6553E-1	1.0892E2	3.7440E0	2.8477E6	
1504	-7.6477E-1	1.1006E2	3.7509E0	2.8499E6	
1505	-7.6546E-1	1.0904E2	3.7579E0	2.8521E6	
1506	-7.6675E-1	1.0711E2	3.7646E0	2.8543E6	
1507	-7.6393E-1	1.1130E2	3.7716E0	2.8566E6	
1508	-7.6477E-1	1.1006E2	3.7783E0	2.8588E6	
1509	-7.6569E-1	1.0870E2	3.7854E0	2.8610E6	
1510	-7.6782E-1	1.0553E2	3.7923E0	2.8632E6	
1511	-7.6637E-1	1.0768E2	3.7993E0	2.8654E6	
1512	-7.6431E-1	1.1073E2	3.8063E0	2.8677E6	
1513	-7.6614E-1	1.0802E2	3.8131E0	2.8699E6	
1514	-7.6782E-1	1.0553E2	3.8201E0	2.8721E6	
1515	-7.6714E-1	1.0655E2	3.8270E0	2.8743E6	
1516	-7.6836E-1	1.0473E2	3.8339E0	2.8765E6	
1517	-7.6866E-1	1.0428E2	3.8409E0	2.8788E6	
1518	-7.6691E-1	1.0689E2	3.8479E0	2.8810E6	
1519	-7.6660E-1	1.0734E2	3.8548E0	2.8832E6	
1520	-7.6912E-1	1.0360E2	3.8618E0	2.8854E6	
1521	-7.6775E-1	1.0564E2	3.8687E0	2.8876E6	
1522	-7.6721E-1	1.0643E2	3.8758E0	2.8899E6	
1523	-7.6851E-1	1.0451E2	3.8826E0	2.8921E6	
1524	-7.6973E-1	1.0270E2	3.8897E0	2.8943E6	
1525	-7.7217E-1	9.9073E1	3.8966E0	2.8965E6	
1526	-7.6904E-1	1.0371E2	3.9036E0	2.8987E6	
1527	-7.6950E-1	1.0304E2	3.9107E0	2.9010E6	
1528	-7.6965E-1	1.0281E2	3.9177E0	2.9032E6	
1529	-7.6874E-1	1.0417E2	3.9245E0	2.9054E6	
1530	-7.7087E-1	1.0100E2	3.9316E0	2.9076E6	
1531	-7.7019E-1	1.0202E2	3.9386E0	2.9098E6	
1532	-7.6782E-1	1.0553E2	3.9456E0	2.9121E6	
1533	-7.7156E-1	9.9978E1	3.9526E0	2.9143E6	
1534	-7.7057E-1	1.0145E2	3.9597E0	2.9165E6	
1535	-7.7301E-1	9.7827E1	3.9667E0	2.9187E6	
1536	-7.7148E-1	1.0009E2	3.9737E0	2.9209E6	
1537	-7.7179E-1	9.9639E1	3.9808E0	2.9232E6	
1538	-7.7057E-1	1.0145E2	3.9878E0	2.9254E6	
1539	-7.6996E-1	1.0236E2	3.9948E0	2.9276E6	
1540	-7.7271E-1	9.8280E1	4.0019E0	2.9298E6	
1541	-7.7576E-1	9.3751E1	4.0089E0	2.9320E6	
1542	-7.7286E-1	9.8054E1	4.0158E0	2.9343E6	
1543	-7.7400E-1	9.6355E1	4.0230E0	2.9365E6	
1544	-7.7263E-1	9.8393E1	4.0301E0	2.9387E6	
1545	-7.7606E-1	9.3298E1	4.0371E0	2.9409E6	
1546	-7.7286E-1	9.8054E1	4.0441E0	2.9431E6	
1547	-7.7232E-1	9.8846E1	4.0511E0	2.9454E6	
1548	-7.7332E-1	9.7374E1	4.0583E0	2.9476E6	
1549	-7.7545E-1	9.4204E1	4.0653E0	2.9498E6	
1550	-7.7538E-1	9.4317E1	4.0725E0	2.9520E6	
1551	-7.7629E-1	9.2958E1	4.0794E0	2.9542E6	
1552	-7.7728E-1	9.1486E1	4.0866E0	2.9565E6	
1553	-7.7438E-1	9.5789E1	4.0936E0	2.9587E6	
1554	-7.7583E-1	9.3638E1	4.1008E0	2.9609E6	
1555	-7.7438E-1	9.5789E1	4.1078E0	2.9631E6	
1556	-7.7774E-1	9.0807E1	4.1148E0	2.9653E6	
1557	-7.7522E-1	9.4544E1	4.1220E0	2.9676E6	
1558	-7.8026E-1	8.7071E1	4.1291E0	2.9698E6	
1559	-7.7728E-1	9.1486E1	4.1363E0	2.9720E6	
1560	-7.7759E-1	9.1034E1	4.1433E0	2.9742E6	
1561	-7.7644E-1	9.2732E1	4.1504E0	2.9764E6	
1562	-7.7835E-1	8.9901E1	4.1576E0	2.9787E6	
1563	-7.7881E-1	8.9222E1	4.1647E0	2.9809E6	
1564	-7.8087E-1	8.6165E1	4.1718E0	2.9831E6	
1565	-7.7965E-1	8.7976E1	4.1790E0	2.9853E6	
1566	-7.7980E-1	8.7750E1	4.1861E0	2.9875E6	
1567	-7.8117E-1	8.5712E1	4.1932E0	2.9898E6	
1568	-7.7957E-1	8.8090E1	4.2003E0	2.9920E6	
1569	-7.7965E-1	8.7976E1	4.2076E0	2.9942E6	
1570	-7.7980E-1	8.7750E1	4.2146E0	2.9964E6	
1571	-7.8003E-1	8.7410E1	4.2218E0	2.9986E6	
1572	-7.7881E-1	8.9222E1	4.2289E0	3.0009E6	
1573	-7.8049E-1	8.6731E1	4.2360E0	3.0031E6	
1574	-7.8262E-1	8.3561E1	4.2431E0	3.0053E6	
1575	-7.8209E-1	8.4353E1	4.2503E0	3.0075E6	
1576	-7.7866E-1	8.9448E1	4.2575E0	3.0097E6	
1577	-7.8163E-1	8.5033E1	4.2647E0	3.0120E6	
1578	-7.8316E-1	8.2768E1	4.2720E0	3.0142E6	
1579	-7.8049E-1	8.6731E1	4.2791E0	3.0164E6	
1580	-7.8270E-1	8.3447E1	4.2862E0	3.0186E6	
1581	-7.8278E-1	8.3334E1	4.2934E0	3.0208E6	
1582	-7.8186E-1	8.4693E1	4.3006E0	3.0231E6	
1583	-7.8178E-1	8.4806E1	4.3077E0	3.0253E6	
1584	-7.8278E-1	8.3334E1	4.3149E0	3.0275E6	
1585	-7.8156E-1	8.5146E1	4.3222E0	3.0297E6	
1586	-7.8323E-1	8.2655E1	4.3293E0	3.0319E6	
1587	-7.8262E-1	8.3561E1	4.3365E0	3.0342E6	
1588	-7.8201E-1	8.4466E1	4.3438E0	3.0364E6	
1589	-7.8362E-1	8.2089E1	4.3509E0	3.0386E6	
1590	-7.8369E-1	8.1976E1	4.3582E0	3.0408E6	
1591	-7.8423E-1	8.1183E1	4.3654E0	3.0430E6	
1592	-7.8423E-1	8.1183E1	4.3726E0	3.0453E6	
1593	-7.8453E-1	8.0730E1	4.3799E0	3.0475E6	
1594	-7.8522E-1	7.9711E1	4.3871E0	3.0497E6	
1595	-7.8323E-1	8.2655E1	4.3943E0	3.0519E6	
1596	-7.8453E-1	8.0730E1	4.4015E0	3.0541E6	
1597	-7.8606E-1	7.8466E1	4.4088E0	3.0564E6	
1598	-7.8522E-1	7.9711E1	4.4159E0	3.0586E6	
1599	-7.8537E-1	7.9485E1	4.4232E0	3.0608E6	
1600	-7.8720E-1	7.6767E1	4.4305E0	3.0630E6	
1601	-7.8827E-1	7.5182E1	4.4377E0	3.0652E6	
1602	-7.8613E-1	7.8352E1	4.4449E0	3.0675E6	
1603	-7.8590E-1	7.8692E1	4.4521E0	3.0697E6	
1604	-7.8949E-1	7.3370E1	4.4594E0	3.0719E6	
1605	-7.8636E-1	7.8013E1	4.4667E0	3.0741E6	
1606	-7.8911E-1	7.3936E1	4.4739E0	3.0763E6	
1607	-7.8812E-1	7.5408E1	4.4812E0	3.0786E6	
1608	-7.8743E-1	7.6427E1	4.4884E0	3.0808E6	
1609	-7.8659E-1	7.7673E1	4.4957E0	3.0830E6	
1610	-7.8758E-1	7.6201E1	4.5030E0	3.0852E6	
1611	-7.8842E-1	7.4956E1	4.5101E0	3.0874E6	
1612	-7.9063E-1	7.1672E1	4.5176E0	3.0897E6	
1613	-7.9041E-1	7.2012E1	4.5248E0	3.0919E6	
1614	-7.9010E-1	7.2465E1	4.5320E0	3.0941E6	
1615	-7.8926E-1	7.3710E1	4.5394E0	3.0963E6	
1616	-7.9094E-1	7.1219E1	4.5467E0	3.0985E6	
1617	-7.8941E-1	7.3484E1	4.5539E0	3.1008E6	
1618	-7.9124E-1	7.0766E1	4.5611E0	3.1030E6	
1619	-7.9292E-1	6.8275E1	4.5685E0	3.1052E6	
1620	-7.9224E-1	6.9294E1	4.5758E0	3.1074E6	
1621	-7.9094E-1	7.1219E1	4.5830E0	3.1096E6	
1622	-7.9178E-1	6.9974E1	4.5903E0	3.1119E6	
1623	-7.9285E-1	6.8388E1	4.5976E0	3.1141E6	
1624	-7.9330E-1	6.7709E1	4.6049E0	3.1163E6	
1625	-7.9239E-1	6.9068E1	4.6123E0	3.1185E6	
1626	-7.9430E-1	6.6237E1	4.6195E0	3.1207E6	
1627	-7.9109E-1	7.0993E1	4.6268E0	3.1230E6	
1628	-7.9407E-1	6.6577E1	4.6341E0	3.1252E6	
1629	-7.9330E-1	6.7709E1	4.6414E0	3.1274E6	
1630	-7.9239E-1	6.9068E1	4.6487E0	3.1296E6	
1631	-7.9269E-1	6.8615E1	4.6561E0	3.1318E6	
1632	-7.9376E-1	6.7030E1	4.6635E0	3.1341E6	
1633	-7.9376E-1	6.7030E1	4.6707E0	3.1363E6	
1634	-7.9521E-1	6.4878E1	4.6780E0	3.1385E6	
1635	-7.9491E-1	6.5331E1	4.6854E0	3.1407E6	
1636	-7.9468E-1	6.5671E1	4.6927E0	3.1429E6	
1637	-7.9346E-1	6.7483E1	4.7000E0	3.1452E6	
1638	-7.9636E-1	6.3180E1	4.7074E0	3.1474E6	
1639	-7.9781E-1	6.1029E1	4.7147E0	3.1496E6	
1640	-7.9453E-1	6.5897E1	4.7220E0	3.1518E6	
1641	-7.9613E-1	6.3520E1	4.7294E0	3.1540E6	
1642	-7.9643E-1	6.3067E1	4.7367E0	3.1563E6	
1643	-7.9422E-1	6.6350E1	4.7440E0	3.1585E6	
1644	-7.9712E-1	6.2048E1	4.7514E0	3.1607E6	
1645	-7.9651E-1	6.2954E1	4.7588E0	3.1629E6	
1646	-7.9681E-1	6.2501E1	4.7661E0	3.1651E6	
1647	-7.9445E-1	6.6011E1	4.7734E0	3.1674E6	
1648	-7.9620E-1	6.3406E1	4.7808E0	3.1696E6	
1649	-7.9613E-1	6.3520E1	4.7881E0	3.1718E6	
1650	-7.9735E-1	6.1708E1	4.7956E0	3.1740E6	
1651	-7.9697E-1	6.2274E1	4.8028E0	3.1762E6	
1652	-7.9773E-1	6.1142E1	4.8102E0	3.1785E6	
1653	-8.0040E-1	5.7179E1	4.8175E0	3.1807E6	
1654	-7.9742E-1	6.1595E1	4.8250E0	3.1829E6	
1655	-8.0025E-1	5.7406E1	4.8323E0	3.1851E6	
1656	-7.9880E-1	5.9557E1	4.8397E0	3.1873E6	
1657	-7.9826E-1	6.0349E1	4.8469E0	3.1896E6	
1658	-7.9971E-1	5.8198E1	4.8545E0	3.1918E6	
1659	-7.9903E-1	5.9217E1	4.8617E0	3.1940E6	
1660	-8.0238E-1	5.4235E1	4.8692E0	3.1962E6	
1661	-7.9834E-1	6.0236E1	4.8765E0	3.1984E6	
1662	-8.0109E-1	5.6160E1	4.8839E0	3.2007E6	
1663	-7.9926E-1	5.8877E1	4.8913E0	3.2029E6	
1664	-7.9895E-1	5.9330E1	4.8987E0	3.2051E6	
1665	-8.0368E-1	5.2310E1	4.9060E0	3.2073E6	
1666	-8.0086E-1	5.6500E1	4.9134E0	3.2095E6	
1667	-8.0078E-1	5.6613E1	4.9209E0	3.2118E6	
1668	-8.0307E-1	5.3216E1	4.9282E0	3.2140E6	
1669	-8.0322E-1	5.2990E1	4.9356E0	3.2162E6	
1670	-8.0139E-1	5.5707E1	4.9430E0	3.2184E6	
1671	-8.0101E-1	5.6273E1	4.9504E0	3.2206E6	
1672	-8.0315E-1	5.3103E1	4.9578E0	3.2229E6	
1673	-8.0269E-1	5.3782E1	4.9652E0	3.2251E6	
1674	-8.0444E-1	5.1178E1	4.9726E0	3.2273E6	
1675	-8.0444E-1	5.1178E1	4.9801E0	3.2295E6	
1676	-8.0482E-1	5.0612E1	4.9874E0	3.2317E6	
1677	-8.0360E-1	5.2424E1	4.9948E0	3.2340E6	
1678	-8.0421E-1	5.1518E1	5.0023E0	3.2362E6	
1679	-8.0605E-1	4.8800E1	5.0097E0	3.2384E6	
1680	-8.0803E-1	4.5856E1	5.0170E0	3.2406E6	
1681	-8.0414E-1	5.1631E1	5.0243E0	3.2428E6	
1682	-8.0589E-1	4.9027E1	5.0319E0	3.2451E6	
1683	-8.0566E-1	4.9366E1	5.0393E0	3.2473E6	
1684	-8.0658E-1	4.8008E1	5.0467E0	3.2495E6	
1685	-8.0864E-1	4.4951E1	5.0541E0	3.2517E6	
1686	-8.0589E-1	4.9027E1	5.0617E0	3.2539E6	
1687	-8.0704E-1	4.7328E1	5.0689E0	3.2562E6	
1688	-8.0956E-1	4.3592E1	5.0764E0	3.2584E6	
1689	-8.0902E-1	4.4385E1	5.0838E0	3.2606E6	
1690	-8.0917E-1	4.4158E1	5.0913E0	3.2628E6	
1691	-8.0772E-1	4.6309E1	5.0987E0	3.2650E6	
1692	-8.0750E-1	4.6649E1	5.1061E0	3.2673E6	
1693	-8.0910E-1	4.4271E1	5.1135E0	3.2695E6	
1694	-8.0666E-1	4.7895E1	5.1209E0	3.2717E6	
1695	-8.0894E-1	4.4498E1	5.1284E0	3.2739E6	
1696	-8.0933E-1	4.3932E1	5.1359E0	3.2761E6	
1697	-8.1055E-1	4.2120E1	5.1433E0	3.2784E6	
1698	-8.0856E-1	4.5064E1	5.1507E0	3.2806E6	
1699	-8.1207E-1	3.9856E1	5.1582E0	3.2828E6	
1700	-8.0696E-1	4.7442E1	5.1657E0	3.2850E6	
1701	-8.0872E-1	4.4837E1	5.1731E0	3.2872E6	
1702	-8.1184E-1	4.0195E1	5.1805E0	3.2895E6	
1703	-8.1169E-1	4.0422E1	5.1879E0	3.2917E6	
1704	-8.1154E-1	4.0648E1	5.1954E0	3.2939E6	
1705	-8.1123E-1	4.1101E1	5.2028E0	3.2961E6	
1706	-8.1108E-1	4.1327E1	5.2103E0	3.2983E6	
1707	-8.1238E-1	3.9403E1	5.2178E0	3.3006E6	
1708	-8.1100E-1	4.1441E1	5.2252E0	3.3028E6	
1709	-8.1131E-1	4.0988E1	5.2326E0	3.3050E6	
1710	-8.1345E-1	3.7817E1	5.2401E0	3.3072E6	
1711	-8.1268E-1	3.8950E1	5.2475E0	3.3094E6	
1712	-8.1291E-1	3.8610E1	5.2550E0	3.3117E6	
1713	-8.1268E-1	3.8950E1	5.2624E0	3.3139E6	
1714	-8.1413E-1	3.6798E1	5.2700E0	3.3161E6	
1715	-8.1268E-1	3.8950E1	5.2774E0	3.3183E6	
1716	-8.1429E-1	3.6572E1	5.2848E0	3.3205E6	
1717	-8.1551E-1	3.4760E1	5.2922E0	3.3228E6	
1718	-8.1352E-1	3.7704E1	5.2997E0	3.3250E6	
1719	-8.1421E-1	3.6685E1	5.3072E0	3.3272E6	
1720	-8.1238E-1	3.9403E1	5.3147E0	3.3294E6	
1721	-8.1352E-1	3.7704E1	5.3221E0	3.3316E6	
1722	-8.1367E-1	3.7478E1	5.3295E0	3.3339E6	
1723	-8.1284E-1	3.8723E1	5.3370E0	3.3361E6	
1724	-8.1612E-1	3.3855E1	5.3445E0	3.3383E6	
1725	-8.1535E-1	3.4987E1	5.3519E0	3.3405E6	
1726	-8.1673E-1	3.2949E1	5.3594E0	3.3427E6	
1727	-8.1383E-1	3.7251E1	5.3669E0	3.3450E6	
1728	-8.1467E-1	3.6006E1	5.3743E0	3.3472E6	
1729	-8.1673E-1	3.2949E1	5.3818E0	3.3494E6	
1730	-8.1810E-1	3.0911E1	5.3892E0	3.3516E6	
1731	-8.1512E-1	3.5326E1	5.3968E0	3.3538E6	
1732	-8.1825E-1	3.0684E1	5.4043E0	3.3561E6	
1733	-8.1856E-1	3.0231E1	5.4118E0	3.3583E6	
1734	-8.1886E-1	2.9778E1	5.4192E0	3.3605E6	
1735	-8.1841E-1	3.0458E1	5.4267E0	3.3627E6	
1736	-8.1825E-1	3.0684E1	5.4341E0	3.3649E6	
1737	-8.1856E-1	3.0231E1	5.4416E0	3.3672E6	
1738	-8.1848E-1	3.0345E1	5.4491E0	3.3694E6	
1739	-8.1848E-1	3.0345E1	5.4565E0	3.3716E6	
1740	-8.1902E-1	2.9552E1	5.4640E0	3.3738E6	
1741	-8.2054E-1	2.7287E1	5.4715E0	3.3760E6	
1742	-8.2069E-1	2.7061E1	5.4791E0	3.3783E6	
1743	-8.2047E-1	2.7401E1	5.4865E0	3.3805E6	
1744	-8.2359E-1	2.2758E1	5.4940E0	3.3827E6	
1745	-8.2191E-1	2.5249E1	5.5015E0	3.3849E6	
1746	-8.1993E-1	2.8193E1	5.5090E0	3.3871E6	
1747	-8.2100E-1	2.6608E1	5.5166E0	3.3894E6	
1748	-8.2306E-1	2.3551E1	5.5240E0	3.3916E6	
1749	-8.2138E-1	2.6042E1	5.5315E0	3.3938E6	
1750	-8.1856E-1	3.0231E1	5.5390E0	3.3960E6	
1751	-8.2336E-1	2.3098E1	5.5466E0	3.3982E6	
1752	-8.2237E-1	2.4570E1	5.5541E0	3.4005E6	
1753	-8.2146E-1	2.5929E1	5.5617E0	3.4027E6	
1754	-8.2420E-1	2.1853E1	5.5692E0	3.4049E6	
1755	-8.2207E-1	2.5023E1	5.5767E0	3.4071E6	
1756	-8.2436E-1	2.1626E1	5.5842E0	3.4093E6	
1757	-8.2275E-1	2.4004E1	5.5917E0	3.4116E6	
1758	-8.2405E-1	2.2079E1	5.5993E0	3.4138E6	
1759	-8.2420E-1	2.1853E1	5.6068E0	3.4160E6	
1760	-8.2245E-1	2.4457E1	5.6143E0	3.4182E6	
1761	-8.2474E-1	2.1060E1	5.6219E0	3.4204E6	
1762	-8.2497E-1	2.0720E1	5.6295E0	3.4227E6	
1763	-8.2626E-1	1.8796E1	5.6371E0	3.4249E6	
1764	-8.2489E-1	2.0834E1	5.6447E0	3.4271E6	
1765	-8.2458E-1	2.1287E1	5.6522E0	3.4293E6	
1766	-8.2375E-1	2.2532E1	5.6597E0	3.4315E6	
1767	-8.2512E-1	2.0494E1	5.6673E0	3.4338E6	
1768	-8.2634E-1	1.8682E1	5.6749E0	3.4360E6	
1769	-8.2634E-1	1.8682E1	5.6823E0	3.4382E6	
1770	-8.2642E-1	1.8569E1	5.6900E0	3.4404E6	
1771	-8.2588E-1	1.9362E1	5.6977E0	3.4426E6	
1772	-8.2680E-1	1.8003E1	5.7053E0	3.4449E6	
1773	-8.2855E-1	1.5399E1	5.7127E0	3.4471E6	
1774	-8.2581E-1	1.9475E1	5.7204E0	3.4493E6	
1775	-8.2710E-1	1.7550E1	5.7280E0	3.4515E6	
1776	-8.2748E-1	1.6984E1	5.7357E0	3.4537E6	
1777	-8.2916E-1	1.4493E1	5.7433E0	3.4560E6	
1778	-8.2726E-1	1.7324E1	5.7508E0	3.4582E6	
1779	-8.2764E-1	1.6757E1	5.7584E0	3.4604E6	
1780	-8.2695E-1	1.7777E1	5.7661E0	3.4626E6	
1781	-8.2878E-1	1.5059E1	5.7736E0	3.4648E6	
1782	-8.2672E-1	1.8116E1	5.7812E0	3.4671E6	
1783	-8.2954E-1	1.3927E1	5.7889E0	3.4693E6	
1784	-8.2687E-1	1.7890E1	5.7965E0	3.4715E6	
1785	-8.3191E-1	1.0417E1	5.8042E0	3.4737E6	
1786	-8.3061E-1	1.2342E1	5.8119E0	3.4759E6	
1787	-8.3008E-1	1.3134E1	5.8193E0	3.4782E6	
1788	-8.3237E-1	9.7375E0	5.8271E0	3.4804E6	
1789	-8.3260E-1	9.3978E0	5.8347E0	3.4826E6	
1790	-8.3115E-1	1.1549E1	5.8424E0	3.4848E6	
1791	-8.3351E-1	8.0391E0	5.8499E0	3.4870E6	
1792	-8.3176E-1	1.0643E1	5.8576E0	3.4893E6	
1793	-8.3076E-1	1.2115E1	5.8652E0	3.4915E6	
1794	-8.3115E-1	1.1549E1	5.8729E0	3.4937E6	
1795	-8.3183E-1	1.0530E1	5.8805E0	3.4959E6	
1796	-8.3351E-1	8.0391E0	5.8881E0	3.4981E6	
1797	-8.3252E-1	9.5110E0	5.8959E0	3.5004E6	
1798	-8.3565E-1	4.8688E0	5.9035E0	3.5026E6	
1799	-8.3244E-1	9.6243E0	5.9111E0	3.5048E6	
1800	-8.3549E-1	5.0952E0	5.9187E0	3.5070E6	
1801	-8.3549E-1	5.0952E0	5.9264E0	3.5092E6	
1802	-8.3382E-1	7.5862E0	5.9340E0	3.5115E6	
1803	-8.3397E-1	7.3597E0	5.9417E0	3.5137E6	
1804	-8.3527E-1	5.4349E0	5.9494E0	3.5159E6	
1805	-8.3389E-1	7.4730E0	5.9570E0	3.5181E6	
1806	-8.3694E-1	2.9439E0	5.9647E0	3.5203E6	
1807	-8.3672E-1	3.2836E0	5.9724E0	3.5226E6	
1808	-8.3595E-1	4.4159E0	5.9801E0	3.5248E6	
1809	-8.3618E-1	4.0762E0	5.9878E0	3.5270E6	
1810	-8.3466E-1	6.3407E0	5.9953E0	3.5292E6	
1811	-8.3588E-1	4.5291E0	6.0031E0	3.5314E6	
1812	-8.3595E-1	4.4159E0	6.0107E0	3.5337E6	
1813	-8.3656E-1	3.5101E0	6.0184E0	3.5359E6	
1814	-8.3649E-1	3.6233E0	6.0262E0	3.5381E6	
1815	-8.3763E-1	1.9249E0	6.0337E0	3.5403E6	
1816	-8.3496E-1	5.8878E0	6.0414E0	3.5425E6	
1817	-8.3862E-1	4.5297E-1	6.0491E0	3.5448E6	
1818	-8.3893E-1	6.9108E-5	6.0568E0	3.5470E6	
1819	-8.3710E-1	2.7175E0	6.0645E0	3.5492E6	
1820	-8.3893E-1	6.9108E-5	6.0722E0	3.5514E6	
1821	-8.3717E-1	2.6043E0	6.0798E0	3.5536E6	
1822	-8.3847E-1	6.7942E-1	6.0875E0	3.5559E6	
1823	-8.3771E-1	1.8117E0	6.0952E0	3.5581E6	
1824	-8.4038E-1	-2.1512E0	6.1029E0	3.5603E6	
1825	-8.3855E-1	5.6620E-1	6.1107E0	3.5625E6	
1826	-8.3878E-1	2.2652E-1	6.1183E0	3.5647E6	
1827	-8.3794E-1	1.4720E0	6.1261E0	3.5670E6	
1828	-8.3954E-1	-9.0574E-1	6.1338E0	3.5692E6	
1829	-8.4084E-1	-2.8306E0	6.1414E0	3.5714E6	
1830	-8.3977E-1	-1.2454E0	6.1467E0	3.5729E6	
1831	-8.3977E-1	-1.2454E0	6.1467E0	3.5729E6	
1832	-8.3977E-1	-1.2454E0	6.1467E0	3.5729E6	
1833	-8.3977E-1	-1.2454E0	6.1467E0	3.5729E6	
1834	-8.3977E-1	-1.2454E0	6.1467E0	3.5729E6	
1835	-8.3977E-1	-1.2454E0	6.1467E0	3.5729E6	
1836	-8.3977E-1	-1.2454E0	6.1467E0	3.5729E6	
1837	-8.3977E-1	-1.2454E0	6.1467E0	3.5729E6	
1838	-8.3977E-1	-1.2454E0	6.1467E0	3.5729E6	
1839	-8.3977E-1	-1.2454E0	6.1467E0	3.5729E6	
1840	-8.3977E-1	-1.2454E0	6.1467E0	3.5729E6	
1841	-8.3977E-1	-1.2454E0	6.1467E0	3.5729E6	
1842	-8.3977E-1	-1.2454E0	6.1467E0	3.5729E6	
1843	-8.3977E-1	-1.2454E0	6.1467E0	3.5729E6	
1844	-8.3977E-1	-1.2454E0	6.1467E0	3.5729E6	
1845	-8.3977E-1	-1.2454E0	6.1467E0	3.5729E6	
1846	-8.3977E-1	-1.2454E0	6.1467E0	3.5729E6	
1847	-8.3977E-1	-1.2454E0	6.1467E0	3.5729E6	
1848	-8.3977E-1	-1.2454E0	6.1467E0	3.5729E6	
1849	-8.3977E-1	-1.2454E0	6.1467E0	3.5729E6	
1850	-8.3977E-1	-1.2454E0	6.1467E0	3.5729E6	
1851	-8.3977E-1	-1.2454E0	6.1467E0	3.5729E6	
1852	-8.3977E-1	-1.2454E0	6.1467E0	3.5729E6	
1853	-8.3977E-1	-1.2454E0	6.1467E0	3.5729E6	
1854	-8.3977E-1	-1.2454E0	6.1467E0	3.5729E6	
1855	-8.3977E-1	-1.2454E0	6.1467E0	3.5729E6	
1856	-8.3977E-1	-1.2454E0	6.1467E0	3.5729E6	
1857	-8.3977E-1	-1.2454E0	6.1467E0	3.5729E6	
1858	-8.3977E-1	-1.2454E0	6.1467E0	3.5729E6	
1859	-8.3977E-1	-1.2454E0	6.1467E0	3.5729E6	
1860	-8.3977E-1	-1.2454E0	6.1467E0	3.5729E6	
1861	-8.3977E-1	-1.2454E0	6.1467E0	3.5729E6	
1862	-8.3977E-1	-1.2454E0	6.1467E0	3.5729E6	
1863	-8.3977E-1	-1.2454E0	6.1467E0	3.5729E6	
1864	-8.3977E-1	-1.2454E0	6.1467E0	3.5729E6	
1865	-8.3977E-1	-1.2454E0	6.1467E0	3.5729E6	
1866	-8.3977E-1	-1.2454E0	6.1467E0	3.5729E6	
1867	-8.3977E-1	-1.2454E0	6.1467E0	3.5729E6	
1868	-8.3977E-1	-1.2454E0	6.1467E0	3.5729E6	
1869	-8.3977E-1	-1.2454E0	6.1467E0	3.5729E6	
1870	-8.3977E-1	-1.2454E0	6.1467E0	3.5729E6	
1871	-8.3977E-1	-1.2454E0	6.1467E0	3.5729E6	
1872	-8.3977E-1	-1.2454E0	6.1467E0	3.5729E6	
1873	-8.3977E-1	-1.2454E0	6.1467E0	3.5729E6	
1874	-8.3977E-1	-1.2454E0	6.1467E0	3.5729E6	
1875	-8.3977E-1	-1.2454E0	6.1467E0	3.5729E6	
1876	-8.3977E-1	-1.2454E0	6.1467E0	3.5729E6	
1877	-8.3977E-1	-1.2454E0	6.1467E0	3.5729E6	
1878	-8.3977E-1	-1.2454E0	6.1467E0	3.5729E6	
1879	-8.3977E-1	-1.2454E0	6.1467E0	3.5729E6	
1880	-8.3977E-1	-1.2454E0	6.1467E0	3.5729E6	
1881	-8.3977E-1	-1.2454E0	6.1467E0	3.5729E6	
1882	-8.3977E-1	-1.2454E0	6.1467E0	3.5729E6	
1883	-8.3977E-1	-1.2454E0	6.1467E0	3.5729E6	
1884	-8.3977E-1	-1.2454E0	6.1467E0	3.5729E6	
1885	-8.3977E-1	-1.2454E0	6.1467E0	3.5729E6	
1886	-8.3977E-1	-1.2454E0	6.1467E0	3.5729E6	
1887	-8.3977E-1	-1.2454E0	6.1467E0	3.5729E6	
1888	-8.3977E-1	-1.2454E0	6.1467E0	3.5729E6	
1889	-8.3977E-1	-1.2454E0	6.1467E0	3.5729E6	
1890	-8.3977E-1	-1.2454E0	6.1467E0	3.5729E6	
1891	-8.3977E-1	-1.2454E0	6.1467E0	3.5729E6	
1892	-8.3977E-1	-1.2454E0	6.1467E0	3.5729E6	
1893	-8.3977E-1	-1.2454E0	6.1467E0	3.5729E6	
1894	-8.3977E-1	-1.2454E0	6.1467E0	3.5729E6	
1895	-8.3977E-1	-1.2454E0	6.1467E0	3.5729E6	
1896	-8.3977E-1	-1.2454E0	6.1467E0	3.5729E6	
1897	-8.3977E-1	-1.2454E0	6.1467E0	3.5729E6	
1898	-8.3977E-1	-1.2454E0	6.1467E0	3.5729E6	
1899	-8.3977E-1	-1.2454E0	6.1467E0	3.5729E6	
1900	-8.3977E-1	-1.2454E0	6.1467E0	3.5729E6	
1901	-8.3977E-1	-1.2454E0	6.1467E0	3.5729E6	
1902	-8.3977E-1	-1.2454E0	6.1467E0	3.5729E6	
1903	-8.3977E-1	-1.2454E0	6.1467E0	3.5729E6	
1904	-8.3977E-1	-1.2454E0	6.1467E0	3.5729E6	
1905	-8.3977E-1	-1.2454E0	6.1467E0	3.5729E6	
1906	-8.3977E-1	-1.2454E0	6.1467E0	3.5729E6	
1907	-8.3977E-1	-1.2454E0	6.1467E0	3.5729E6	
1908	-8.3977E-1	-1.2454E0	6.1467E0	3.5729E6	
1909	-8.3977E-1	-1.2454E0	6.1467E0	3.5729E6	
1910	-8.3977E-1	-1.2454E0	6.1467E0	3.5729E6	
1911	-8.3977E-1	-1.2454E0	6.1467E0	3.5729E6	
1912	-8.3977E-1	-1.2454E0	6.1467E0	3.5729E6	
1913	-8.3977E-1	-1.2454E0	6.1467E0	3.5729E6	
1914	-8.3977E-1	-1.2454E0	6.1467E0	3.5729E6	
1915	-8.3977E-1	-1.2454E0	6.1467E0	3.5729E6	
1916	-8.3977E-1	-1.2454E0	6.1467E0	3.5729E6	
1917	-8.3977E-1	-1.2454E0	6.1467E0	3.5729E6	
1918	-8.3977E-1	-1.2454E0	6.1467E0	3.5729E6	
1919	-8.3977E-1	-1.2454E0	6.1467E0	3.5729E6	
1920	-8.3977E-1	-1.2454E0	6.1467E0	3.5729E6	
1921	-8.3977E-1	-1.2454E0	6.1467E0	3.5729E6	
1922	-8.3977E-1	-1.2454E0	6.1467E0	3.5729E6	
1923	-8.3977E-1	-1.2454E0	6.1467E0	3.5729E6	
1924	-8.3977E-1	-1.2454E0	6.1467E0	3.5729E6	
1925	-8.3977E-1	-1.2454E0	6.1467E0	3.5729E6	
1926	-8.3977E-1	-1.2454E0	6.1467E0	3.5729E6	
1927	-8.3977E-1	-1.2454E0	6.1467E0	3.5729E6	
1928	-8.3977E-1	-1.2454E0	6.1467E0	3.5729E6	
1929	-8.3977E-1	-1.2454E0	6.1467E0	3.5729E6	
1930	-8.3977E-1	-1.2454E0	6.1467E0	3.5729E6	
1931	-8.3977E-1	-1.2454E0	6.1467E0	3.5729E6	
1932	-8.3977E-1	-1.2454E0	6.1467E0	3.5729E6	
1933	-8.3977E-1	-1.2454E0	6.1467E0	3.5729E6	
1934	-8.3977E-1	-1.2454E0	6.1467E0	3.5729E6	
1935	-8.3977E-1	-1.2454E0	6.1467E0	3.5729E6	
1936	-8.3977E-1	-1.2454E0	6.1467E0	3.5729E6	
1937	-8.3977E-1	-1.2454E0	6.1467E0	3.5729E6	
1938	-8.3977E-1	-1.2454E0	6.1467E0	3.5729E6	
1939	-8.3977E-1	-1.2454E0	6.1467E0	3.5729E6	
1940	-8.3977E-1	-1.2454E0	6.1467E0	3.5729E6	
1941	-8.3977E-1	-1.2454E0	6.1467E0	3.5729E6	
1942	-8.3977E-1	-1.2454E0	6.1467E0	3.5729E6	
1943	-8.3977E-1	-1.2454E0	6.1467E0	3.5729E6	
1944	-8.3977E-1	-1.2454E0	6.1467E0	3.5729E6	
1945	-8.3977E-1	-1.2454E0	6.1467E0	3.5729E6	
1946	-8.3977E-1	-1.2454E0	6.1467E0	3.5729E6	
1947	-8.3977E-1	-1.2454E0	6.1467E0	3.5729E6	
1948	-8.3977E-1	-1.2454E0	6.1467E0	3.5729E6	
1949	-8.3977E-1	-1.2454E0	6.1467E0	3.5729E6	
1950	-8.3977E-1	-1.2454E0	6.1467E0	3.5729E6	
1951	-8.3977E-1	-1.2454E0	6.1467E0	3.5729E6	
1952	-8.3977E-1	-1.2454E0	6.1467E0	3.5729E6	
1953	-8.3977E-1	-1.2454E0	6.1467E0	3.5729E6	
1954	-8.3977E-1	-1.2454E0	6.1467E0	3.5729E6	
1955	-8.3977E-1	-1.2454E0	6.1467E0	3.5729E6	
1956	-8.3977E-1	-1.2454E0	6.1467E0	3.5729E6	
1957	-8.3977E-1	-1.2454E0	6.1467E0	3.5729E6	
1958	-8.3977E-1	-1.2454E0	6.1467E0	3.5729E6	
1959	-8.3977E-1	-1.2454E0	6.1467E0	3.5729E6	
1960	-8.3977E-1	-1.2454E0	6.1467E0	3.5729E6	
1961	-8.3977E-1	-1.2454E0	6.1467E0	3.5729E6	
1962	-8.3977E-1	-1.2454E0	6.1467E0	3.5729E6	
1963	-8.3977E-1	-1.2454E0	6.1467E0	3.5729E6	
1964	-8.3977E-1	-1.2454E0	6.1467E0	3.5729E6	
1965	-8.3977E-1	-1.2454E0	6.1467E0	3.5729E6	
1966	-8.3977E-1	-1.2454E0	6.1467E0	3.5729E6	
1967	-8.3977E-1	-1.2454E0	6.1467E0	3.5729E6	
1968	-8.3977E-1	-1.2454E0	6.1467E0	3.5729E6	
1969	-8.3977E-1	-1.2454E0	6.1467E0	3.5729E6	
1970	-8.3977E-1	-1.2454E0	6.1467E0	3.5729E6	
1971	-8.3977E-1	-1.2454E0	6.1467E0	3.5729E6	
1972	-8.3977E-1	-1.2454E0	6.1467E0	3.5729E6	
1973	-8.3977E-1	-1.2454E0	6.1467E0	3.5729E6	
1974	-8.3977E-1	-1.2454E0	6.1467E0	3.5729E6	
1975	-8.3977E-1	-1.2454E0	6.1467E0	3.5729E6	
1976	-8.3977E-1	-1.2454E0	6.1467E0	3.5729E6	
1977	-8.3977E-1	-1.2454E0	6.1467E0	3.5729E6	
1978	-8.3977E-1	-1.2454E0	6.1467E0	3.5729E6	
1979	-8.3977E-1	-1.2454E0	6.1467E0	3.5729E6	
1980	-8.3977E-1	-1.2454E0	6.1467E0	3.5729E6	
1981	-8.3977E-1	-1.2454E0	6.1467E0	3.5729E6	
1982	-8.3977E-1	-1.2454E0	6.1467E0	3.5729E6	
1983	-8.3977E-1	-1.2454E0	6.1467E0	3.5729E6	
1984	-8.3977E-1	-1.2454E0	6.1467E0	3.5729E6	
1985	-8.3977E-1	-1.2454E0	6.1467E0	3.5729E6	
1986	-8.3977E-1	-1.2454E0	6.1467E0	3.5729E6	
1987	-8.3977E-1	-1.2454E0	6.1467E0	3.5729E6	
1988	-8.3977E-1	-1.2454E0	6.1467E0	3.5729E6	
1989	-8.3977E-1	-1.2454E0	6.1467E0	3.5729E6	
1990	-8.3977E-1	-1.2454E0	6.1467E0	3.5729E6	
1991	-8.3977E-1	-1.2454E0	6.1467E0	3.5729E6	
1992	-8.3977E-1	-1.2454E0	6.1467E0	3.5729E6	
1993	-8.3977E-1	-1.2454E0	6.1467E0	3.5729E6	
1994	-8.3977E-1	-1.2454E0	6.1467E0	3.5729E6	
1995	-8.3977E-1	-1.2454E0	6.1467E0	3.5729E6	
1996	-8.3977E-1	-1.2454E0	6.1467E0	3.5729E6	
1997	-8.3977E-1	-1.2454E0	6.1467E0	3.5729E6	
1998	-8.3977E-1	-1.2454E0	6.1467E0	3.5729E6	
1999	-8.3977E-1	-1.2454E0	6.1467E0	3.5729E6	
2000	-8.3977E-1	-1.2454E0	6.1467E0	3.5729E6	
2001	-8.3977E-1	-1.2454E0	6.1467E0	3.5729E6	
2002	-8.3977E-1	-1.2454E0	6.1467E0	3.5729E6	
2003	-8.3977E-1	-1.2454E0	6.1467E0	3.5729E6	
2004	-8.3977E-1	-1.2454E0	6.1467E0	3.5729E6	
2005	-8.3977E-1	-1.2454E0	6.1467E0	3.5729E6	
2006	-8.3977E-1	-1.2454E0	6.1467E0	3.5729E6	
2007	-8.3977E-1	-1.2454E0	6.1467E0	3.5729E6	
2008	-8.3977E-1	-1.2454E0	6.1467E0	3.5729E6	
2009	-8.3977E-1	-1.2454E0	6.1467E0	3.5729E6	
2010	-8.3977E-1	-1.2454E0	6.1467E0	3.5729E6	
2011	-8.3977E-1	-1.2454E0	6.1467E0	3.5729E6	
2012	-8.3977E-1	-1.2454E0	6.1467E0	3.5729E6	
2013	-8.3977E-1	-1.2454E0	6.1467E0	3.5729E6	
2014	-8.3977E-1	-1.2454E0	6.1467E0	3.5729E6	
2015	-8.3977E-1	-1.2454E0	6.1467E0	3.5729E6	
2016	-8.3977E-1	-1.2454E0	6.1467E0	3.5729E6	
2017	-8.3977E-1	-1.2454E0	6.1467E0	3.5729E6	
2018	-8.3977E-1	-1.2454E0	6.1467E0	3.5729E6	
2019	-8.3977E-1	-1.2454E0	6.1467E0	3.5729E6	
2020	-8.3977E-1	-1.2454E0	6.1467E0	3.5729E6	
2021	-8.3977E-1	-1.2454E0	6.1467E0	3.5729E6	
2022	-8.3977E-1	-1.2454E0	6.1467E0	3.5729E6	
2023	-8.3977E-1	-1.2454E0	6.1467E0	3.5729E6	
2024	-8.3977E-1	-1.2454E0	6.1467E0	3.5729E6	
2025	-8.3977E-1	-1.2454E0	6.1467E0	3.5729E6	
2026	-8.3977E-1	-1.2454E0	6.1467E0	3.5729E6	
2027	-8.3977E-1	-1.2454E0	6.1467E0	3.5729E6	
2028	-8.3977E-1	-1.2454E0	6.1467E0	3.5729E6	
2029	-8.3977E-1	-1.2454E0	6.1467E0	3.5729E6	
2030	-8.3977E-1	-1.2454E0	6.1467E0	3.5729E6	
2031	-8.3977E-1	-1.2454E0	6.1467E0	3.5729E6	
2032	-8.3977E-1	-1.2454E0	6.1467E0	3.5729E6	
2033	-8.3977E-1	-1.2454E0	6.1467E0	3.5729E6	
2034	-8.3977E-1	-1.2454E0	6.1467E0	3.5729E6	
2035	-8.3977E-1	-1.2454E0	6.1467E0	3.5729E6	
2036	-8.3977E-1	-1.2454E0	6.1467E0	3.5729E6	
2037	-8.3977E-1	-1.2454E0	6.1467E0	3.5729E6	
2038	-8.3977E-1	-1.2454E0	6.1467E0	3.5729E6	
2039	-8.3977E-1	-1.2454E0	6.1467E0	3.5729E6	
2040	-8.3977E-1	-1.2454E0	6.1467E0	3.5729E6	
2041	-8.3977E-1	-1.2454E0	6.1467E0	3.5729E6	
2042	-8.3977E-1	-1.2454E0	6.1467E0	3.5729E6	
2043	-8.3977E-1	-1.2454E0	6.1467E0	3.5729E6	
2044	-8.3977E-1	-1.2454E0	6.1467E0	3.5729E6	
2045	-8.3977E-1	-1.2454E0	6.1467E0	3.5729E6	
2046	-8.3977E-1	-1.2454E0	6.1467E0	3.5729E6	
2047	-8.3977E-1	-1.2454E0	6.1467E0	3.5729E6	
2048	-8.3977E-1	-1.2454E0	6.1467E0	3.5729E6	
