point 166
Index	Vertical (A-B)	Force	Z Height	Time Stamp	
     	V	nN	?m	?sec	
1	-8.1078E-1	1.7267E0	5.4035E0	1.2000E2	
2	-8.1207E-1	-1.9810E-1	5.4021E0	2.3400E3	
3	-8.1261E-1	-9.9068E-1	5.3995E0	4.5600E3	
4	-8.1184E-1	1.4157E-1	5.3964E0	6.7800E3	
5	-8.1253E-1	-8.7746E-1	5.3928E0	9.0000E3	
6	-8.1108E-1	1.2738E0	5.3892E0	1.1220E4	
7	-8.0963E-1	3.4251E0	5.3855E0	1.3440E4	
8	-8.0986E-1	3.0854E0	5.3816E0	1.5660E4	
9	-8.0986E-1	3.0854E0	5.3775E0	1.7880E4	
10	-8.0978E-1	3.1987E0	5.3734E0	2.0100E4	
11	-8.1161E-1	4.8125E-1	5.3693E0	2.2320E4	
12	-8.1055E-1	2.0664E0	5.3649E0	2.4540E4	
13	-8.1116E-1	1.1606E0	5.3607E0	2.6760E4	
14	-8.1093E-1	1.5003E0	5.3563E0	2.8980E4	
15	-8.1032E-1	2.4061E0	5.3518E0	3.1200E4	
16	-8.0902E-1	4.3309E0	5.3474E0	3.3420E4	
17	-8.1001E-1	2.8590E0	5.3428E0	3.5640E4	
18	-8.0795E-1	5.9161E0	5.3384E0	3.7860E4	
19	-8.1032E-1	2.4061E0	5.3337E0	4.0080E4	
20	-8.1017E-1	2.6325E0	5.3292E0	4.2300E4	
21	-8.0910E-1	4.2177E0	5.3246E0	4.4520E4	
22	-8.0765E-1	6.3690E0	5.3198E0	4.6740E4	
23	-8.1009E-1	2.7458E0	5.3153E0	4.8960E4	
24	-8.0833E-1	5.3500E0	5.3106E0	5.1180E4	
25	-8.1001E-1	2.8590E0	5.3058E0	5.3400E4	
26	-8.1146E-1	7.0770E-1	5.3012E0	5.5620E4	
27	-8.0879E-1	4.6706E0	5.2965E0	5.7840E4	
28	-8.0864E-1	4.8971E0	5.2916E0	6.0060E4	
29	-8.0711E-1	7.1616E0	5.2869E0	6.2280E4	
30	-8.0818E-1	5.5764E0	5.2822E0	6.4500E4	
31	-8.0727E-1	6.9351E0	5.2774E0	6.6720E4	
32	-8.0856E-1	5.0103E0	5.2726E0	6.8940E4	
33	-8.0948E-1	3.6516E0	5.2677E0	7.1160E4	
34	-8.0643E-1	8.1806E0	5.2629E0	7.3380E4	
35	-8.0811E-1	5.6896E0	5.2580E0	7.5600E4	
36	-8.0673E-1	7.7277E0	5.2531E0	7.7820E4	
37	-8.0711E-1	7.1616E0	5.2483E0	8.0040E4	
38	-8.0727E-1	6.9351E0	5.2433E0	8.2260E4	
39	-8.0635E-1	8.2938E0	5.2385E0	8.4480E4	
40	-8.0627E-1	8.4071E0	5.2336E0	8.6700E4	
41	-8.0666E-1	7.8409E0	5.2287E0	8.8920E4	
42	-8.0658E-1	7.9541E0	5.2238E0	9.1140E4	
43	-8.0696E-1	7.3880E0	5.2188E0	9.3360E4	
44	-8.0719E-1	7.0483E0	5.2139E0	9.5580E4	
45	-8.0620E-1	8.5203E0	5.2090E0	9.7800E4	
46	-8.0856E-1	5.0103E0	5.2038E0	1.0002E5	
47	-8.0536E-1	9.7658E0	5.1990E0	1.0224E5	
48	-8.0482E-1	1.0558E1	5.1940E0	1.0446E5	
49	-8.0452E-1	1.1011E1	5.1890E0	1.0668E5	
50	-8.0597E-1	8.8600E0	5.1840E0	1.0890E5	
51	-8.0498E-1	1.0332E1	5.1790E0	1.1112E5	
52	-8.0269E-1	1.3729E1	5.1739E0	1.1334E5	
53	-8.0414E-1	1.1577E1	5.1690E0	1.1556E5	
54	-8.0421E-1	1.1464E1	5.1641E0	1.1778E5	
55	-8.0345E-1	1.2596E1	5.1590E0	1.2000E5	
56	-8.0269E-1	1.3729E1	5.1539E0	1.2222E5	
57	-8.0368E-1	1.2257E1	5.1489E0	1.2444E5	
58	-8.0391E-1	1.1917E1	5.1440E0	1.2666E5	
59	-8.0368E-1	1.2257E1	5.1387E0	1.2888E5	
60	-8.0498E-1	1.0332E1	5.1337E0	1.3110E5	
61	-8.0292E-1	1.3389E1	5.1287E0	1.3332E5	
62	-8.0147E-1	1.5540E1	5.1235E0	1.3554E5	
63	-8.0368E-1	1.2257E1	5.1183E0	1.3776E5	
64	-8.0238E-1	1.4182E1	5.1134E0	1.3998E5	
65	-8.0254E-1	1.3955E1	5.1082E0	1.4220E5	
66	-8.0193E-1	1.4861E1	5.1031E0	1.4442E5	
67	-8.0070E-1	1.6673E1	5.0980E0	1.4664E5	
68	-8.0330E-1	1.2823E1	5.0929E0	1.4886E5	
69	-7.9994E-1	1.7805E1	5.0878E0	1.5108E5	
70	-8.0246E-1	1.4068E1	5.0826E0	1.5330E5	
71	-8.0009E-1	1.7578E1	5.0774E0	1.5552E5	
72	-8.0315E-1	1.3049E1	5.0723E0	1.5774E5	
73	-8.0162E-1	1.5314E1	5.0671E0	1.5996E5	
74	-8.0223E-1	1.4408E1	5.0620E0	1.6218E5	
75	-8.0048E-1	1.7012E1	5.0568E0	1.6440E5	
76	-8.0002E-1	1.7692E1	5.0516E0	1.6662E5	
77	-8.0193E-1	1.4861E1	5.0464E0	1.6884E5	
78	-8.0093E-1	1.6333E1	5.0413E0	1.7106E5	
79	-7.9872E-1	1.9616E1	5.0360E0	1.7328E5	
80	-8.0162E-1	1.5314E1	5.0308E0	1.7550E5	
81	-8.0017E-1	1.7465E1	5.0256E0	1.7772E5	
82	-8.0040E-1	1.7125E1	5.0205E0	1.7994E5	
83	-8.0063E-1	1.6786E1	5.0152E0	1.8216E5	
84	-8.0048E-1	1.7012E1	5.0100E0	1.8438E5	
85	-7.9956E-1	1.8371E1	5.0048E0	1.8660E5	
86	-8.0017E-1	1.7465E1	4.9995E0	1.8882E5	
87	-8.0101E-1	1.6220E1	4.9943E0	1.9104E5	
88	-8.0009E-1	1.7578E1	4.9891E0	1.9326E5	
89	-7.9948E-1	1.8484E1	4.9838E0	1.9548E5	
90	-7.9941E-1	1.8597E1	4.9784E0	1.9770E5	
91	-7.9887E-1	1.9390E1	4.9732E0	1.9992E5	
92	-7.9681E-1	2.2447E1	4.9679E0	2.0214E5	
93	-8.0032E-1	1.7239E1	4.9627E0	2.0436E5	
94	-7.9933E-1	1.8711E1	4.9574E0	2.0658E5	
95	-8.0086E-1	1.6446E1	4.9521E0	2.0880E5	
96	-7.9758E-1	2.1315E1	4.9468E0	2.1102E5	
97	-7.9697E-1	2.2221E1	4.9415E0	2.1324E5	
98	-7.9765E-1	2.1202E1	4.9362E0	2.1546E5	
99	-7.9765E-1	2.1202E1	4.9308E0	2.1768E5	
100	-7.9712E-1	2.1994E1	4.9255E0	2.1990E5	
101	-7.9483E-1	2.5391E1	4.9201E0	2.2212E5	
102	-7.9704E-1	2.2107E1	4.9148E0	2.2434E5	
103	-7.9308E-1	2.7995E1	4.9095E0	2.2656E5	
104	-7.9643E-1	2.3013E1	4.9042E0	2.2878E5	
105	-7.9521E-1	2.4825E1	4.8988E0	2.3100E5	
106	-7.9773E-1	2.1088E1	4.8934E0	2.3322E5	
107	-7.9628E-1	2.3240E1	4.8882E0	2.3544E5	
108	-7.9536E-1	2.4598E1	4.8827E0	2.3766E5	
109	-7.9399E-1	2.6636E1	4.8774E0	2.3988E5	
110	-7.9659E-1	2.2787E1	4.8719E0	2.4210E5	
111	-7.9582E-1	2.3919E1	4.8665E0	2.4432E5	
112	-7.9544E-1	2.4485E1	4.8612E0	2.4654E5	
113	-7.9292E-1	2.8222E1	4.8558E0	2.4876E5	
114	-7.9445E-1	2.5957E1	4.8504E0	2.5098E5	
115	-7.9590E-1	2.3806E1	4.8449E0	2.5320E5	
116	-7.9193E-1	2.9693E1	4.8395E0	2.5542E5	
117	-7.9369E-1	2.7089E1	4.8341E0	2.5764E5	
118	-7.9247E-1	2.8901E1	4.8288E0	2.5986E5	
119	-7.9651E-1	2.2900E1	4.8233E0	2.6208E5	
120	-7.9231E-1	2.9127E1	4.8179E0	2.6430E5	
121	-7.9109E-1	3.0939E1	4.8124E0	2.6652E5	
122	-7.9384E-1	2.6863E1	4.8070E0	2.6874E5	
123	-7.9231E-1	2.9127E1	4.8015E0	2.7096E5	
124	-7.9216E-1	2.9354E1	4.7960E0	2.7318E5	
125	-7.9453E-1	2.5844E1	4.7906E0	2.7540E5	
126	-7.9269E-1	2.8561E1	4.7851E0	2.7762E5	
127	-7.9224E-1	2.9241E1	4.7795E0	2.7984E5	
128	-7.9224E-1	2.9241E1	4.7742E0	2.8206E5	
129	-7.9254E-1	2.8788E1	4.7686E0	2.8428E5	
130	-7.9071E-1	3.1505E1	4.7631E0	2.8650E5	
131	-7.9369E-1	2.7089E1	4.7577E0	2.8872E5	
132	-7.9338E-1	2.7542E1	4.7522E0	2.9094E5	
133	-7.9185E-1	2.9807E1	4.7467E0	2.9316E5	
134	-7.9010E-1	3.2411E1	4.7411E0	2.9538E5	
135	-7.9247E-1	2.8901E1	4.7357E0	2.9760E5	
136	-7.9048E-1	3.1845E1	4.7301E0	2.9982E5	
137	-7.9170E-1	3.0033E1	4.7247E0	3.0204E5	
138	-7.9147E-1	3.0373E1	4.7191E0	3.0426E5	
139	-7.8873E-1	3.4449E1	4.7135E0	3.0648E5	
140	-7.8857E-1	3.4675E1	4.7080E0	3.0870E5	
141	-7.9163E-1	3.0146E1	4.7025E0	3.1092E5	
142	-7.9048E-1	3.1845E1	4.6969E0	3.1314E5	
143	-7.9048E-1	3.1845E1	4.6914E0	3.1536E5	
144	-7.9048E-1	3.1845E1	4.6857E0	3.1758E5	
145	-7.8796E-1	3.5581E1	4.6801E0	3.1980E5	
146	-7.8835E-1	3.5015E1	4.6746E0	3.2202E5	
147	-7.8880E-1	3.4336E1	4.6690E0	3.2424E5	
148	-7.9010E-1	3.2411E1	4.6634E0	3.2646E5	
149	-7.8941E-1	3.3430E1	4.6578E0	3.2868E5	
150	-7.8949E-1	3.3317E1	4.6522E0	3.3090E5	
151	-7.8957E-1	3.3203E1	4.6465E0	3.3312E5	
152	-7.8827E-1	3.5128E1	4.6410E0	3.3534E5	
153	-7.8964E-1	3.3090E1	4.6353E0	3.3756E5	
154	-7.8712E-1	3.6827E1	4.6298E0	3.3978E5	
155	-7.8644E-1	3.7846E1	4.6242E0	3.4200E5	
156	-7.8957E-1	3.3203E1	4.6184E0	3.4422E5	
157	-7.8667E-1	3.7506E1	4.6128E0	3.4644E5	
158	-7.8667E-1	3.7506E1	4.6072E0	3.4866E5	
159	-7.8636E-1	3.7959E1	4.6017E0	3.5088E5	
160	-7.8522E-1	3.9657E1	4.5960E0	3.5310E5	
161	-7.8400E-1	4.1469E1	4.5904E0	3.5532E5	
162	-7.8537E-1	3.9431E1	4.5847E0	3.5754E5	
163	-7.8667E-1	3.7506E1	4.5790E0	3.5976E5	
164	-7.8629E-1	3.8072E1	4.5733E0	3.6198E5	
165	-7.8659E-1	3.7619E1	4.5676E0	3.6420E5	
166	-7.8529E-1	3.9544E1	4.5620E0	3.6642E5	
167	-7.8392E-1	4.1582E1	4.5563E0	3.6864E5	
168	-7.8545E-1	3.9318E1	4.5507E0	3.7086E5	
169	-7.8644E-1	3.7846E1	4.5448E0	3.7308E5	
170	-7.8545E-1	3.9318E1	4.5393E0	3.7530E5	
171	-7.8293E-1	4.3054E1	4.5334E0	3.7752E5	
172	-7.8384E-1	4.1695E1	4.5277E0	3.7974E5	
173	-7.8415E-1	4.1243E1	4.5221E0	3.8196E5	
174	-7.8392E-1	4.1582E1	4.5163E0	3.8418E5	
175	-7.8278E-1	4.3281E1	4.5107E0	3.8640E5	
176	-7.8484E-1	4.0223E1	4.5048E0	3.8862E5	
177	-7.8308E-1	4.2828E1	4.4991E0	3.9084E5	
178	-7.8522E-1	3.9657E1	4.4934E0	3.9306E5	
179	-7.8163E-1	4.4979E1	4.4876E0	3.9528E5	
180	-7.8171E-1	4.4866E1	4.4819E0	3.9750E5	
181	-7.8323E-1	4.2601E1	4.4761E0	3.9972E5	
182	-7.8331E-1	4.2488E1	4.4703E0	4.0194E5	
183	-7.8247E-1	4.3733E1	4.4646E0	4.0416E5	
184	-7.8377E-1	4.1809E1	4.4588E0	4.0638E5	
185	-7.8117E-1	4.5658E1	4.4530E0	4.0860E5	
186	-7.8293E-1	4.3054E1	4.4473E0	4.1082E5	
187	-7.8201E-1	4.4413E1	4.4416E0	4.1304E5	
188	-7.7995E-1	4.7470E1	4.4358E0	4.1526E5	
189	-7.8262E-1	4.3507E1	4.4300E0	4.1748E5	
190	-7.8156E-1	4.5092E1	4.4241E0	4.1970E5	
191	-7.8140E-1	4.5319E1	4.4184E0	4.2192E5	
192	-7.7919E-1	4.8602E1	4.4127E0	4.2414E5	
193	-7.8064E-1	4.6451E1	4.4067E0	4.2636E5	
194	-7.7988E-1	4.7583E1	4.4009E0	4.2858E5	
195	-7.8133E-1	4.5432E1	4.3950E0	4.3080E5	
196	-7.8026E-1	4.7017E1	4.3893E0	4.3302E5	
197	-7.8056E-1	4.6564E1	4.3834E0	4.3524E5	
198	-7.7957E-1	4.8036E1	4.3776E0	4.3746E5	
199	-7.8026E-1	4.7017E1	4.3717E0	4.3968E5	
200	-7.8117E-1	4.5658E1	4.3659E0	4.4190E5	
201	-7.8094E-1	4.5998E1	4.3601E0	4.4412E5	
202	-7.7942E-1	4.8263E1	4.3541E0	4.4634E5	
203	-7.8033E-1	4.6904E1	4.3484E0	4.4856E5	
204	-7.7835E-1	4.9848E1	4.3424E0	4.5078E5	
205	-7.7858E-1	4.9508E1	4.3366E0	4.5300E5	
206	-7.7591E-1	5.3471E1	4.3308E0	4.5522E5	
207	-7.8064E-1	4.6451E1	4.3248E0	4.5744E5	
208	-7.7797E-1	5.0414E1	4.3190E0	4.5966E5	
209	-7.7904E-1	4.8829E1	4.3131E0	4.6188E5	
210	-7.7911E-1	4.8715E1	4.3073E0	4.6410E5	
211	-7.7934E-1	4.8376E1	4.3013E0	4.6632E5	
212	-7.7888E-1	4.9055E1	4.2955E0	4.6854E5	
213	-7.7583E-1	5.3584E1	4.2895E0	4.7076E5	
214	-7.7728E-1	5.1433E1	4.2837E0	4.7298E5	
215	-7.7667E-1	5.2339E1	4.2777E0	4.7520E5	
216	-7.7629E-1	5.2905E1	4.2719E0	4.7742E5	
217	-7.7667E-1	5.2339E1	4.2658E0	4.7964E5	
218	-7.7606E-1	5.3244E1	4.2600E0	4.8186E5	
219	-7.7797E-1	5.0414E1	4.2541E0	4.8408E5	
220	-7.7477E-1	5.5169E1	4.2481E0	4.8630E5	
221	-7.7721E-1	5.1546E1	4.2421E0	4.8852E5	
222	-7.7591E-1	5.3471E1	4.2362E0	4.9074E5	
223	-7.7629E-1	5.2905E1	4.2303E0	4.9296E5	
224	-7.7606E-1	5.3244E1	4.2243E0	4.9518E5	
225	-7.7644E-1	5.2678E1	4.2184E0	4.9740E5	
226	-7.7469E-1	5.5283E1	4.2124E0	4.9962E5	
227	-7.7469E-1	5.5283E1	4.2065E0	5.0184E5	
228	-7.7316E-1	5.7547E1	4.2004E0	5.0406E5	
229	-7.7728E-1	5.1433E1	4.1945E0	5.0628E5	
230	-7.7690E-1	5.1999E1	4.1886E0	5.0850E5	
231	-7.7461E-1	5.5396E1	4.1826E0	5.1072E5	
232	-7.7385E-1	5.6528E1	4.1768E0	5.1294E5	
233	-7.7332E-1	5.7321E1	4.1706E0	5.1516E5	
234	-7.7423E-1	5.5962E1	4.1646E0	5.1738E5	
235	-7.7652E-1	5.2565E1	4.1587E0	5.1960E5	
236	-7.7629E-1	5.2905E1	4.1527E0	5.2182E5	
237	-7.7530E-1	5.4377E1	4.1467E0	5.2404E5	
238	-7.7225E-1	5.8906E1	4.1407E0	5.2626E5	
239	-7.7423E-1	5.5962E1	4.1347E0	5.2848E5	
240	-7.7171E-1	5.9698E1	4.1286E0	5.3070E5	
241	-7.7286E-1	5.8000E1	4.1226E0	5.3292E5	
242	-7.7164E-1	5.9812E1	4.1166E0	5.3514E5	
243	-7.7225E-1	5.8906E1	4.1105E0	5.3736E5	
244	-7.7118E-1	6.0491E1	4.1045E0	5.3958E5	
245	-7.7385E-1	5.6528E1	4.0985E0	5.4180E5	
246	-7.7324E-1	5.7434E1	4.0925E0	5.4402E5	
247	-7.7255E-1	5.8453E1	4.0864E0	5.4624E5	
248	-7.7126E-1	6.0378E1	4.0804E0	5.4846E5	
249	-7.7133E-1	6.0264E1	4.0743E0	5.5068E5	
250	-7.6866E-1	6.4227E1	4.0683E0	5.5290E5	
251	-7.7126E-1	6.0378E1	4.0622E0	5.5512E5	
252	-7.6881E-1	6.4001E1	4.0562E0	5.5734E5	
253	-7.6973E-1	6.2642E1	4.0502E0	5.5956E5	
254	-7.6981E-1	6.2529E1	4.0440E0	5.6178E5	
255	-7.6988E-1	6.2416E1	4.0379E0	5.6400E5	
256	-7.7164E-1	5.9812E1	4.0318E0	5.6622E5	
257	-7.6843E-1	6.4567E1	4.0258E0	5.6844E5	
258	-7.6965E-1	6.2755E1	4.0197E0	5.7066E5	
259	-7.6920E-1	6.3435E1	4.0136E0	5.7288E5	
260	-7.6874E-1	6.4114E1	4.0075E0	5.7510E5	
261	-7.6958E-1	6.2869E1	4.0014E0	5.7732E5	
262	-7.6942E-1	6.3095E1	3.9953E0	5.7954E5	
263	-7.6874E-1	6.4114E1	3.9892E0	5.8176E5	
264	-7.7049E-1	6.1510E1	3.9830E0	5.8398E5	
265	-7.6706E-1	6.6605E1	3.9769E0	5.8620E5	
266	-7.6538E-1	6.9096E1	3.9709E0	5.8842E5	
267	-7.6660E-1	6.7284E1	3.9647E0	5.9064E5	
268	-7.6729E-1	6.6265E1	3.9586E0	5.9286E5	
269	-7.6431E-1	7.0681E1	3.9525E0	5.9508E5	
270	-7.6767E-1	6.5699E1	3.9464E0	5.9730E5	
271	-7.6515E-1	6.9436E1	3.9402E0	5.9952E5	
272	-7.6706E-1	6.6605E1	3.9342E0	6.0174E5	
273	-7.6561E-1	6.8756E1	3.9280E0	6.0396E5	
274	-7.6538E-1	6.9096E1	3.9218E0	6.0618E5	
275	-7.6637E-1	6.7624E1	3.9157E0	6.0840E5	
276	-7.6447E-1	7.0455E1	3.9094E0	6.1062E5	
277	-7.6538E-1	6.9096E1	3.9033E0	6.1284E5	
278	-7.6508E-1	6.9549E1	3.8972E0	6.1506E5	
279	-7.6714E-1	6.6492E1	3.8911E0	6.1728E5	
280	-7.6683E-1	6.6945E1	3.8849E0	6.1950E5	
281	-7.6462E-1	7.0228E1	3.8787E0	6.2172E5	
282	-7.6492E-1	6.9775E1	3.8725E0	6.2394E5	
283	-7.6546E-1	6.8983E1	3.8663E0	6.2616E5	
284	-7.6530E-1	6.9209E1	3.8601E0	6.2838E5	
285	-7.6637E-1	6.7624E1	3.8540E0	6.3060E5	
286	-7.6477E-1	7.0002E1	3.8478E0	6.3282E5	
287	-7.6317E-1	7.2380E1	3.8416E0	6.3504E5	
288	-7.6378E-1	7.1474E1	3.8353E0	6.3726E5	
289	-7.6180E-1	7.4418E1	3.8291E0	6.3948E5	
290	-7.6294E-1	7.2719E1	3.8230E0	6.4170E5	
291	-7.6416E-1	7.0908E1	3.8168E0	6.4392E5	
292	-7.6180E-1	7.4418E1	3.8106E0	6.4614E5	
293	-7.6279E-1	7.2946E1	3.8044E0	6.4836E5	
294	-7.6378E-1	7.1474E1	3.7981E0	6.5058E5	
295	-7.6233E-1	7.3625E1	3.7918E0	6.5280E5	
296	-7.6408E-1	7.1021E1	3.7856E0	6.5502E5	
297	-7.6454E-1	7.0342E1	3.7795E0	6.5724E5	
298	-7.6088E-1	7.5776E1	3.7732E0	6.5946E5	
299	-7.6134E-1	7.5097E1	3.7670E0	6.6168E5	
300	-7.6042E-1	7.6456E1	3.7606E0	6.6390E5	
301	-7.6103E-1	7.5550E1	3.7544E0	6.6612E5	
302	-7.6256E-1	7.3285E1	3.7482E0	6.6834E5	
303	-7.6294E-1	7.2719E1	3.7420E0	6.7056E5	
304	-7.6111E-1	7.5437E1	3.7357E0	6.7278E5	
305	-7.6065E-1	7.6116E1	3.7294E0	6.7500E5	
306	-7.6065E-1	7.6116E1	3.7231E0	6.7722E5	
307	-7.6088E-1	7.5776E1	3.7169E0	6.7944E5	
308	-7.6073E-1	7.6003E1	3.7106E0	6.8166E5	
309	-7.6050E-1	7.6342E1	3.7043E0	6.8388E5	
310	-7.6111E-1	7.5437E1	3.6981E0	6.8610E5	
311	-7.5981E-1	7.7362E1	3.6918E0	6.8832E5	
312	-7.6157E-1	7.4757E1	3.6855E0	6.9054E5	
313	-7.5912E-1	7.8381E1	3.6792E0	6.9276E5	
314	-7.5920E-1	7.8267E1	3.6728E0	6.9498E5	
315	-7.5935E-1	7.8041E1	3.6666E0	6.9720E5	
316	-7.5829E-1	7.9626E1	3.6603E0	6.9942E5	
317	-7.5859E-1	7.9173E1	3.6539E0	7.0164E5	
318	-7.5775E-1	8.0419E1	3.6476E0	7.0386E5	
319	-7.5996E-1	7.7135E1	3.6414E0	7.0608E5	
320	-7.5821E-1	7.9739E1	3.6351E0	7.0830E5	
321	-7.5989E-1	7.7248E1	3.6288E0	7.1052E5	
322	-7.5851E-1	7.9286E1	3.6224E0	7.1274E5	
323	-7.5699E-1	8.1551E1	3.6162E0	7.1496E5	
324	-7.5569E-1	8.3476E1	3.6098E0	7.1718E5	
325	-7.5775E-1	8.0419E1	3.6035E0	7.1940E5	
326	-7.5676E-1	8.1891E1	3.5971E0	7.2162E5	
327	-7.5378E-1	8.6306E1	3.5908E0	7.2384E5	
328	-7.5829E-1	7.9626E1	3.5845E0	7.2606E5	
329	-7.5615E-1	8.2796E1	3.5781E0	7.2828E5	
330	-7.5470E-1	8.4948E1	3.5716E0	7.3050E5	
331	-7.5401E-1	8.5967E1	3.5654E0	7.3272E5	
332	-7.5424E-1	8.5627E1	3.5591E0	7.3494E5	
333	-7.5493E-1	8.4608E1	3.5526E0	7.3716E5	
334	-7.5432E-1	8.5514E1	3.5462E0	7.3938E5	
335	-7.5531E-1	8.4042E1	3.5399E0	7.4160E5	
336	-7.5455E-1	8.5174E1	3.5335E0	7.4382E5	
337	-7.5455E-1	8.5174E1	3.5271E0	7.4604E5	
338	-7.5211E-1	8.8797E1	3.5208E0	7.4826E5	
339	-7.5279E-1	8.7778E1	3.5144E0	7.5048E5	
340	-7.5592E-1	8.3136E1	3.5081E0	7.5270E5	
341	-7.5378E-1	8.6306E1	3.5016E0	7.5492E5	
342	-7.5035E-1	9.1402E1	3.4953E0	7.5714E5	
343	-7.5165E-1	8.9477E1	3.4888E0	7.5936E5	
344	-7.5111E-1	9.0269E1	3.4825E0	7.6158E5	
345	-7.5432E-1	8.5514E1	3.4760E0	7.6380E5	
346	-7.5096E-1	9.0496E1	3.4697E0	7.6602E5	
347	-7.5180E-1	8.9250E1	3.4632E0	7.6824E5	
348	-7.5134E-1	8.9930E1	3.4569E0	7.7046E5	
349	-7.4928E-1	9.2987E1	3.4504E0	7.7268E5	
350	-7.5119E-1	9.0156E1	3.4440E0	7.7490E5	
351	-7.5089E-1	9.0609E1	3.4376E0	7.7712E5	
352	-7.5150E-1	8.9703E1	3.4311E0	7.7934E5	
353	-7.5211E-1	8.8797E1	3.4247E0	7.8156E5	
354	-7.5050E-1	9.1175E1	3.4182E0	7.8378E5	
355	-7.4890E-1	9.3553E1	3.4117E0	7.8600E5	
356	-7.4974E-1	9.2307E1	3.4054E0	7.8822E5	
357	-7.4997E-1	9.1968E1	3.3990E0	7.9044E5	
358	-7.5142E-1	8.9816E1	3.3925E0	7.9266E5	
359	-7.5005E-1	9.1854E1	3.3860E0	7.9488E5	
360	-7.5233E-1	8.8458E1	3.3797E0	7.9710E5	
361	-7.4875E-1	9.3779E1	3.3731E0	7.9932E5	
362	-7.4921E-1	9.3100E1	3.3667E0	8.0154E5	
363	-7.4890E-1	9.3553E1	3.3602E0	8.0376E5	
364	-7.4883E-1	9.3666E1	3.3538E0	8.0598E5	
365	-7.4890E-1	9.3553E1	3.3473E0	8.0820E5	
366	-7.4890E-1	9.3553E1	3.3408E0	8.1042E5	
367	-7.4799E-1	9.4912E1	3.3343E0	8.1264E5	
368	-7.5043E-1	9.1288E1	3.3278E0	8.1486E5	
369	-7.4615E-1	9.7629E1	3.3214E0	8.1708E5	
370	-7.4875E-1	9.3779E1	3.3150E0	8.1930E5	
371	-7.4821E-1	9.4572E1	3.3085E0	8.2152E5	
372	-7.4799E-1	9.4912E1	3.3020E0	8.2374E5	
373	-7.4654E-1	9.7063E1	3.2954E0	8.2596E5	
374	-7.4631E-1	9.7402E1	3.2890E0	8.2818E5	
375	-7.4707E-1	9.6270E1	3.2825E0	8.3040E5	
376	-7.4867E-1	9.3892E1	3.2760E0	8.3262E5	
377	-7.4486E-1	9.9554E1	3.2695E0	8.3484E5	
378	-7.4585E-1	9.8082E1	3.2629E0	8.3706E5	
379	-7.4448E-1	1.0012E2	3.2565E0	8.3928E5	
380	-7.4570E-1	9.8308E1	3.2499E0	8.4150E5	
381	-7.4654E-1	9.7063E1	3.2433E0	8.4372E5	
382	-7.4524E-1	9.8988E1	3.2369E0	8.4594E5	
383	-7.4524E-1	9.8988E1	3.2303E0	8.4816E5	
384	-7.4562E-1	9.8422E1	3.2238E0	8.5038E5	
385	-7.4524E-1	9.8988E1	3.2173E0	8.5260E5	
386	-7.4516E-1	9.9101E1	3.2107E0	8.5482E5	
387	-7.4501E-1	9.9327E1	3.2042E0	8.5704E5	
388	-7.4318E-1	1.0204E2	3.1977E0	8.5926E5	
389	-7.4341E-1	1.0171E2	3.1911E0	8.6148E5	
390	-7.4257E-1	1.0295E2	3.1846E0	8.6370E5	
391	-7.4226E-1	1.0340E2	3.1779E0	8.6592E5	
392	-7.4409E-1	1.0069E2	3.1715E0	8.6814E5	
393	-7.4509E-1	9.9214E1	3.1650E0	8.7036E5	
394	-7.4219E-1	1.0352E2	3.1583E0	8.7258E5	
395	-7.4066E-1	1.0578E2	3.1518E0	8.7480E5	
396	-7.3990E-1	1.0691E2	3.1453E0	8.7702E5	
397	-7.4051E-1	1.0601E2	3.1386E0	8.7924E5	
398	-7.4265E-1	1.0284E2	3.1321E0	8.8146E5	
399	-7.4059E-1	1.0589E2	3.1255E0	8.8368E5	
400	-7.4081E-1	1.0555E2	3.1189E0	8.8590E5	
401	-7.4402E-1	1.0080E2	3.1123E0	8.8812E5	
402	-7.4280E-1	1.0261E2	3.1058E0	8.9034E5	
403	-7.4074E-1	1.0567E2	3.0992E0	8.9256E5	
404	-7.4120E-1	1.0499E2	3.0925E0	8.9478E5	
405	-7.4158E-1	1.0442E2	3.0860E0	8.9700E5	
406	-7.4013E-1	1.0657E2	3.0793E0	8.9922E5	
407	-7.3936E-1	1.0771E2	3.0727E0	9.0144E5	
408	-7.3952E-1	1.0748E2	3.0661E0	9.0366E5	
409	-7.3822E-1	1.0940E2	3.0595E0	9.0588E5	
410	-7.3708E-1	1.1110E2	3.0530E0	9.0810E5	
411	-7.4089E-1	1.0544E2	3.0463E0	9.1032E5	
412	-7.3730E-1	1.1076E2	3.0397E0	9.1254E5	
413	-7.3906E-1	1.0816E2	3.0331E0	9.1476E5	
414	-7.3845E-1	1.0906E2	3.0265E0	9.1698E5	
415	-7.3898E-1	1.0827E2	3.0198E0	9.1920E5	
416	-7.3624E-1	1.1235E2	3.0132E0	9.2142E5	
417	-7.3936E-1	1.0771E2	3.0066E0	9.2364E5	
418	-7.3891E-1	1.0839E2	3.0000E0	9.2586E5	
419	-7.3853E-1	1.0895E2	2.9933E0	9.2808E5	
420	-7.3761E-1	1.1031E2	2.9866E0	9.3030E5	
421	-7.3830E-1	1.0929E2	2.9800E0	9.3252E5	
422	-7.3662E-1	1.1178E2	2.9734E0	9.3474E5	
423	-7.3418E-1	1.1541E2	2.9667E0	9.3696E5	
424	-7.3578E-1	1.1303E2	2.9601E0	9.3918E5	
425	-7.3830E-1	1.0929E2	2.9534E0	9.4140E5	
426	-7.3517E-1	1.1393E2	2.9468E0	9.4362E5	
427	-7.3418E-1	1.1541E2	2.9401E0	9.4584E5	
428	-7.3669E-1	1.1167E2	2.9335E0	9.4806E5	
429	-7.3509E-1	1.1405E2	2.9268E0	9.5028E5	
430	-7.3425E-1	1.1529E2	2.9201E0	9.5250E5	
431	-7.3547E-1	1.1348E2	2.9135E0	9.5472E5	
432	-7.3608E-1	1.1257E2	2.9067E0	9.5694E5	
433	-7.3555E-1	1.1337E2	2.9001E0	9.5916E5	
434	-7.3593E-1	1.1280E2	2.8934E0	9.6138E5	
435	-7.3334E-1	1.1665E2	2.8868E0	9.6360E5	
436	-7.3471E-1	1.1461E2	2.8801E0	9.6582E5	
437	-7.3326E-1	1.1676E2	2.8733E0	9.6804E5	
438	-7.3311E-1	1.1699E2	2.8667E0	9.7026E5	
439	-7.3387E-1	1.1586E2	2.8599E0	9.7248E5	
440	-7.3303E-1	1.1710E2	2.8533E0	9.7470E5	
441	-7.3341E-1	1.1654E2	2.8465E0	9.7692E5	
442	-7.3250E-1	1.1790E2	2.8399E0	9.7914E5	
443	-7.3097E-1	1.2016E2	2.8332E0	9.8136E5	
444	-7.3090E-1	1.2027E2	2.8265E0	9.8358E5	
445	-7.3219E-1	1.1835E2	2.8197E0	9.8580E5	
446	-7.3097E-1	1.2016E2	2.8131E0	9.8802E5	
447	-7.3029E-1	1.2118E2	2.8063E0	9.9024E5	
448	-7.3395E-1	1.1575E2	2.7996E0	9.9246E5	
449	-7.3456E-1	1.1484E2	2.7929E0	9.9468E5	
450	-7.3280E-1	1.1744E2	2.7861E0	9.9690E5	
451	-7.3151E-1	1.1937E2	2.7794E0	9.9912E5	
452	-7.2945E-1	1.2243E2	2.7727E0	1.0013E6	
453	-7.3059E-1	1.2073E2	2.7661E0	1.0036E6	
454	-7.3151E-1	1.1937E2	2.7592E0	1.0058E6	
455	-7.3151E-1	1.1937E2	2.7525E0	1.0080E6	
456	-7.2990E-1	1.2175E2	2.7458E0	1.0102E6	
457	-7.3135E-1	1.1959E2	2.7390E0	1.0124E6	
458	-7.2968E-1	1.2209E2	2.7323E0	1.0147E6	
459	-7.3051E-1	1.2084E2	2.7255E0	1.0169E6	
460	-7.3151E-1	1.1937E2	2.7187E0	1.0191E6	
461	-7.2754E-1	1.2526E2	2.7120E0	1.0213E6	
462	-7.2632E-1	1.2707E2	2.7054E0	1.0235E6	
463	-7.3036E-1	1.2107E2	2.6985E0	1.0258E6	
464	-7.2983E-1	1.2186E2	2.6918E0	1.0280E6	
465	-7.2937E-1	1.2254E2	2.6850E0	1.0302E6	
466	-7.2632E-1	1.2707E2	2.6782E0	1.0324E6	
467	-7.2662E-1	1.2661E2	2.6715E0	1.0346E6	
468	-7.2617E-1	1.2729E2	2.6647E0	1.0369E6	
469	-7.2868E-1	1.2356E2	2.6580E0	1.0391E6	
470	-7.2441E-1	1.2990E2	2.6512E0	1.0413E6	
471	-7.2777E-1	1.2492E2	2.6443E0	1.0435E6	
472	-7.2617E-1	1.2729E2	2.6376E0	1.0457E6	
473	-7.2807E-1	1.2446E2	2.6307E0	1.0480E6	
474	-7.2845E-1	1.2390E2	2.6240E0	1.0502E6	
475	-7.2647E-1	1.2684E2	2.6172E0	1.0524E6	
476	-7.2510E-1	1.2888E2	2.6104E0	1.0546E6	
477	-7.2594E-1	1.2763E2	2.6036E0	1.0568E6	
478	-7.2472E-1	1.2945E2	2.5968E0	1.0591E6	
479	-7.2449E-1	1.2979E2	2.5900E0	1.0613E6	
480	-7.2685E-1	1.2628E2	2.5832E0	1.0635E6	
481	-7.2281E-1	1.3228E2	2.5764E0	1.0657E6	
482	-7.2464E-1	1.2956E2	2.5697E0	1.0679E6	
483	-7.2525E-1	1.2865E2	2.5628E0	1.0702E6	
484	-7.2601E-1	1.2752E2	2.5559E0	1.0724E6	
485	-7.2380E-1	1.3080E2	2.5492E0	1.0746E6	
486	-7.2502E-1	1.2899E2	2.5423E0	1.0768E6	
487	-7.2258E-1	1.3262E2	2.5355E0	1.0790E6	
488	-7.2372E-1	1.3092E2	2.5287E0	1.0813E6	
489	-7.2258E-1	1.3262E2	2.5219E0	1.0835E6	
490	-7.2327E-1	1.3160E2	2.5151E0	1.0857E6	
491	-7.2281E-1	1.3228E2	2.5082E0	1.0879E6	
492	-7.2403E-1	1.3046E2	2.5013E0	1.0901E6	
493	-7.2166E-1	1.3397E2	2.4945E0	1.0924E6	
494	-7.2250E-1	1.3273E2	2.4876E0	1.0946E6	
495	-7.2273E-1	1.3239E2	2.4809E0	1.0968E6	
496	-7.2083E-1	1.3522E2	2.4740E0	1.0990E6	
497	-7.2014E-1	1.3624E2	2.4672E0	1.1012E6	
498	-7.2166E-1	1.3397E2	2.4604E0	1.1035E6	
499	-7.2289E-1	1.3216E2	2.4535E0	1.1057E6	
500	-7.2372E-1	1.3092E2	2.4467E0	1.1079E6	
501	-7.2144E-1	1.3431E2	2.4398E0	1.1101E6	
502	-7.2197E-1	1.3352E2	2.4329E0	1.1123E6	
503	-7.2067E-1	1.3545E2	2.4262E0	1.1146E6	
504	-7.2128E-1	1.3454E2	2.4192E0	1.1168E6	
505	-7.1922E-1	1.3760E2	2.4124E0	1.1190E6	
506	-7.2144E-1	1.3431E2	2.4054E0	1.1212E6	
507	-7.2227E-1	1.3307E2	2.3987E0	1.1234E6	
508	-7.1976E-1	1.3681E2	2.3918E0	1.1257E6	
509	-7.2014E-1	1.3624E2	2.3849E0	1.1279E6	
510	-7.2136E-1	1.3443E2	2.3780E0	1.1301E6	
511	-7.1701E-1	1.4088E2	2.3712E0	1.1323E6	
512	-7.1884E-1	1.3816E2	2.3642E0	1.1345E6	
513	-7.1838E-1	1.3884E2	2.3574E0	1.1368E6	
514	-7.1846E-1	1.3873E2	2.3505E0	1.1390E6	
515	-7.1709E-1	1.4077E2	2.3436E0	1.1412E6	
516	-7.1877E-1	1.3828E2	2.3367E0	1.1434E6	
517	-7.1777E-1	1.3975E2	2.3299E0	1.1456E6	
518	-7.1861E-1	1.3850E2	2.3230E0	1.1479E6	
519	-7.1884E-1	1.3816E2	2.3160E0	1.1501E6	
520	-7.1533E-1	1.4337E2	2.3092E0	1.1523E6	
521	-7.1861E-1	1.3850E2	2.3023E0	1.1545E6	
522	-7.1678E-1	1.4122E2	2.2954E0	1.1567E6	
523	-7.1625E-1	1.4201E2	2.2885E0	1.1590E6	
524	-7.1709E-1	1.4077E2	2.2815E0	1.1612E6	
525	-7.1503E-1	1.4383E2	2.2746E0	1.1634E6	
526	-7.1609E-1	1.4224E2	2.2677E0	1.1656E6	
527	-7.1556E-1	1.4303E2	2.2608E0	1.1678E6	
528	-7.1564E-1	1.4292E2	2.2539E0	1.1701E6	
529	-7.1152E-1	1.4903E2	2.2469E0	1.1723E6	
530	-7.1381E-1	1.4564E2	2.2401E0	1.1745E6	
531	-7.1609E-1	1.4224E2	2.2331E0	1.1767E6	
532	-7.1373E-1	1.4575E2	2.2262E0	1.1789E6	
533	-7.1335E-1	1.4632E2	2.2193E0	1.1812E6	
534	-7.1289E-1	1.4700E2	2.2123E0	1.1834E6	
535	-7.1198E-1	1.4835E2	2.2054E0	1.1856E6	
536	-7.1243E-1	1.4767E2	2.1985E0	1.1878E6	
537	-7.1350E-1	1.4609E2	2.1915E0	1.1900E6	
538	-7.1114E-1	1.4960E2	2.1846E0	1.1923E6	
539	-7.1045E-1	1.5062E2	2.1777E0	1.1945E6	
540	-7.1213E-1	1.4813E2	2.1707E0	1.1967E6	
541	-7.1182E-1	1.4858E2	2.1638E0	1.1989E6	
542	-7.1243E-1	1.4767E2	2.1569E0	1.2011E6	
543	-7.1205E-1	1.4824E2	2.1500E0	1.2034E6	
544	-7.1182E-1	1.4858E2	2.1430E0	1.2056E6	
545	-7.1182E-1	1.4858E2	2.1360E0	1.2078E6	
546	-7.1190E-1	1.4847E2	2.1291E0	1.2100E6	
547	-7.0915E-1	1.5254E2	2.1220E0	1.2122E6	
548	-7.0824E-1	1.5390E2	2.1151E0	1.2145E6	
549	-7.1129E-1	1.4937E2	2.1082E0	1.2167E6	
550	-7.1182E-1	1.4858E2	2.1013E0	1.2189E6	
551	-7.0976E-1	1.5164E2	2.0942E0	1.2211E6	
552	-7.1205E-1	1.4824E2	2.0873E0	1.2233E6	
553	-7.0793E-1	1.5436E2	2.0803E0	1.2256E6	
554	-7.0824E-1	1.5390E2	2.0734E0	1.2278E6	
555	-7.0686E-1	1.5594E2	2.0664E0	1.2300E6	
556	-7.1106E-1	1.4971E2	2.0595E0	1.2322E6	
557	-7.1014E-1	1.5107E2	2.0524E0	1.2344E6	
558	-7.0793E-1	1.5436E2	2.0455E0	1.2367E6	
559	-7.0854E-1	1.5345E2	2.0385E0	1.2389E6	
560	-7.0992E-1	1.5141E2	2.0315E0	1.2411E6	
561	-7.0801E-1	1.5424E2	2.0246E0	1.2433E6	
562	-7.0908E-1	1.5266E2	2.0176E0	1.2455E6	
563	-7.0900E-1	1.5277E2	2.0106E0	1.2478E6	
564	-7.0473E-1	1.5911E2	2.0036E0	1.2500E6	
565	-7.0786E-1	1.5447E2	1.9966E0	1.2522E6	
566	-7.0747E-1	1.5503E2	1.9896E0	1.2544E6	
567	-7.0656E-1	1.5639E2	1.9826E0	1.2566E6	
568	-7.0496E-1	1.5877E2	1.9756E0	1.2589E6	
569	-7.0518E-1	1.5843E2	1.9686E0	1.2611E6	
570	-7.0717E-1	1.5549E2	1.9617E0	1.2633E6	
571	-7.0763E-1	1.5481E2	1.9546E0	1.2655E6	
572	-7.0694E-1	1.5583E2	1.9476E0	1.2677E6	
573	-7.0374E-1	1.6058E2	1.9405E0	1.2700E6	
574	-7.0625E-1	1.5685E2	1.9336E0	1.2722E6	
575	-7.0854E-1	1.5345E2	1.9266E0	1.2744E6	
576	-7.0572E-1	1.5764E2	1.9195E0	1.2766E6	
577	-7.0473E-1	1.5911E2	1.9126E0	1.2788E6	
578	-7.0496E-1	1.5877E2	1.9056E0	1.2811E6	
579	-7.0580E-1	1.5753E2	1.8984E0	1.2833E6	
580	-7.0473E-1	1.5911E2	1.8915E0	1.2855E6	
581	-7.0419E-1	1.5990E2	1.8846E0	1.2877E6	
582	-7.0274E-1	1.6205E2	1.8775E0	1.2899E6	
583	-7.0297E-1	1.6171E2	1.8705E0	1.2922E6	
584	-7.0457E-1	1.5934E2	1.8635E0	1.2944E6	
585	-7.0259E-1	1.6228E2	1.8564E0	1.2966E6	
586	-7.0381E-1	1.6047E2	1.8494E0	1.2988E6	
587	-7.0091E-1	1.6477E2	1.8423E0	1.3010E6	
588	-7.0168E-1	1.6364E2	1.8354E0	1.3033E6	
589	-6.9977E-1	1.6647E2	1.8283E0	1.3055E6	
590	-7.0320E-1	1.6138E2	1.8213E0	1.3077E6	
591	-7.0129E-1	1.6421E2	1.8143E0	1.3099E6	
592	-6.9855E-1	1.6828E2	1.8073E0	1.3121E6	
593	-7.0099E-1	1.6466E2	1.8002E0	1.3144E6	
594	-6.9855E-1	1.6828E2	1.7932E0	1.3166E6	
595	-6.9954E-1	1.6681E2	1.7861E0	1.3188E6	
596	-6.9847E-1	1.6840E2	1.7791E0	1.3210E6	
597	-6.9824E-1	1.6873E2	1.7720E0	1.3232E6	
598	-6.9832E-1	1.6862E2	1.7650E0	1.3255E6	
599	-6.9847E-1	1.6840E2	1.7580E0	1.3277E6	
600	-6.9725E-1	1.7021E2	1.7508E0	1.3299E6	
601	-6.9695E-1	1.7066E2	1.7438E0	1.3321E6	
602	-6.9611E-1	1.7191E2	1.7368E0	1.3343E6	
603	-6.9901E-1	1.6760E2	1.7298E0	1.3366E6	
604	-6.9901E-1	1.6760E2	1.7227E0	1.3388E6	
605	-6.9580E-1	1.7236E2	1.7156E0	1.3410E6	
606	-6.9763E-1	1.6964E2	1.7085E0	1.3432E6	
607	-6.9527E-1	1.7315E2	1.7015E0	1.3454E6	
608	-6.9725E-1	1.7021E2	1.6945E0	1.3477E6	
609	-6.9901E-1	1.6760E2	1.6874E0	1.3499E6	
610	-6.9565E-1	1.7258E2	1.6803E0	1.3521E6	
611	-6.9427E-1	1.7462E2	1.6732E0	1.3543E6	
612	-6.9427E-1	1.7462E2	1.6662E0	1.3565E6	
613	-6.9603E-1	1.7202E2	1.6591E0	1.3588E6	
614	-6.9778E-1	1.6941E2	1.6521E0	1.3610E6	
615	-6.9794E-1	1.6919E2	1.6451E0	1.3632E6	
616	-6.9626E-1	1.7168E2	1.6380E0	1.3654E6	
617	-6.9321E-1	1.7621E2	1.6309E0	1.3676E6	
618	-6.9725E-1	1.7021E2	1.6239E0	1.3699E6	
619	-6.9321E-1	1.7621E2	1.6167E0	1.3721E6	
620	-6.9809E-1	1.6896E2	1.6097E0	1.3743E6	
621	-6.9374E-1	1.7542E2	1.6026E0	1.3765E6	
622	-6.9473E-1	1.7394E2	1.5956E0	1.3787E6	
623	-6.9389E-1	1.7519E2	1.5884E0	1.3810E6	
624	-6.9588E-1	1.7224E2	1.5813E0	1.3832E6	
625	-6.9450E-1	1.7428E2	1.5742E0	1.3854E6	
626	-6.9412E-1	1.7485E2	1.5673E0	1.3876E6	
627	-6.9107E-1	1.7938E2	1.5602E0	1.3898E6	
628	-6.9260E-1	1.7711E2	1.5530E0	1.3921E6	
629	-6.9687E-1	1.7077E2	1.5459E0	1.3943E6	
630	-6.9313E-1	1.7632E2	1.5388E0	1.3965E6	
631	-6.9046E-1	1.8028E2	1.5318E0	1.3987E6	
632	-6.9214E-1	1.7779E2	1.5247E0	1.4009E6	
633	-6.9397E-1	1.7508E2	1.5176E0	1.4032E6	
634	-6.9038E-1	1.8040E2	1.5105E0	1.4054E6	
635	-6.9145E-1	1.7881E2	1.5035E0	1.4076E6	
636	-6.9244E-1	1.7734E2	1.4964E0	1.4098E6	
637	-6.9344E-1	1.7587E2	1.4893E0	1.4120E6	
638	-6.9122E-1	1.7915E2	1.4823E0	1.4143E6	
639	-6.9168E-1	1.7847E2	1.4750E0	1.4165E6	
640	-6.9305E-1	1.7643E2	1.4680E0	1.4187E6	
641	-6.8771E-1	1.8436E2	1.4609E0	1.4209E6	
642	-6.9160E-1	1.7859E2	1.4538E0	1.4231E6	
643	-6.8909E-1	1.8232E2	1.4466E0	1.4254E6	
644	-6.8901E-1	1.8244E2	1.4397E0	1.4276E6	
645	-6.8848E-1	1.8323E2	1.4325E0	1.4298E6	
646	-6.9038E-1	1.8040E2	1.4254E0	1.4320E6	
647	-6.9008E-1	1.8085E2	1.4182E0	1.4342E6	
648	-6.8748E-1	1.8470E2	1.4112E0	1.4365E6	
649	-6.8718E-1	1.8515E2	1.4040E0	1.4387E6	
650	-6.9016E-1	1.8074E2	1.3969E0	1.4409E6	
651	-6.8680E-1	1.8572E2	1.3898E0	1.4431E6	
652	-6.8748E-1	1.8470E2	1.3828E0	1.4453E6	
653	-6.8695E-1	1.8549E2	1.3756E0	1.4476E6	
654	-6.8878E-1	1.8277E2	1.3686E0	1.4498E6	
655	-6.8825E-1	1.8357E2	1.3615E0	1.4520E6	
656	-6.8832E-1	1.8345E2	1.3543E0	1.4542E6	
657	-6.8718E-1	1.8515E2	1.3473E0	1.4564E6	
658	-6.8703E-1	1.8538E2	1.3401E0	1.4587E6	
659	-6.8466E-1	1.8889E2	1.3329E0	1.4609E6	
660	-6.8588E-1	1.8708E2	1.3260E0	1.4631E6	
661	-6.8634E-1	1.8640E2	1.3188E0	1.4653E6	
662	-6.8596E-1	1.8696E2	1.3117E0	1.4675E6	
663	-6.8764E-1	1.8447E2	1.3046E0	1.4698E6	
664	-6.8535E-1	1.8787E2	1.2974E0	1.4720E6	
665	-6.8565E-1	1.8742E2	1.2903E0	1.4742E6	
666	-6.8398E-1	1.8991E2	1.2833E0	1.4764E6	
667	-6.8237E-1	1.9229E2	1.2762E0	1.4786E6	
668	-6.8344E-1	1.9070E2	1.2691E0	1.4809E6	
669	-6.8245E-1	1.9217E2	1.2618E0	1.4831E6	
670	-6.8405E-1	1.8979E2	1.2548E0	1.4853E6	
671	-6.8199E-1	1.9285E2	1.2477E0	1.4875E6	
672	-6.8405E-1	1.8979E2	1.2405E0	1.4897E6	
673	-6.8222E-1	1.9251E2	1.2335E0	1.4920E6	
674	-6.8214E-1	1.9263E2	1.2263E0	1.4942E6	
675	-6.8253E-1	1.9206E2	1.2191E0	1.4964E6	
676	-6.8138E-1	1.9376E2	1.2121E0	1.4986E6	
677	-6.8222E-1	1.9251E2	1.2049E0	1.5008E6	
678	-6.8085E-1	1.9455E2	1.1978E0	1.5031E6	
679	-6.8123E-1	1.9398E2	1.1907E0	1.5053E6	
680	-6.7940E-1	1.9670E2	1.1835E0	1.5075E6	
681	-6.8016E-1	1.9557E2	1.1765E0	1.5097E6	
682	-6.8237E-1	1.9229E2	1.1694E0	1.5119E6	
683	-6.8184E-1	1.9308E2	1.1623E0	1.5142E6	
684	-6.7955E-1	1.9648E2	1.1552E0	1.5164E6	
685	-6.7795E-1	1.9885E2	1.1479E0	1.5186E6	
686	-6.7993E-1	1.9591E2	1.1409E0	1.5208E6	
687	-6.7886E-1	1.9749E2	1.1337E0	1.5230E6	
688	-6.8039E-1	1.9523E2	1.1267E0	1.5253E6	
689	-7.1266E-1	1.4734E2	1.1195E0	1.5275E6	
690	-7.1053E-1	1.5051E2	1.1124E0	1.5297E6	
691	-7.0816E-1	1.5402E2	1.1052E0	1.5319E6	
692	-7.0343E-1	1.6104E2	1.0981E0	1.5341E6	
693	-6.9931E-1	1.6715E2	1.0910E0	1.5364E6	
694	-6.9717E-1	1.7032E2	1.0839E0	1.5386E6	
695	-6.9557E-1	1.7270E2	1.0768E0	1.5408E6	
696	-6.8810E-1	1.8379E2	1.0696E0	1.5430E6	
697	-6.8298E-1	1.9138E2	1.0625E0	1.5452E6	
698	-6.7665E-1	2.0078E2	1.0554E0	1.5475E6	
699	-6.6833E-1	2.1312E2	1.0482E0	1.5497E6	
700	-6.6238E-1	2.2195E2	1.0412E0	1.5519E6	
701	-6.6177E-1	2.2286E2	1.0341E0	1.5541E6	
702	-6.5773E-1	2.2886E2	1.0268E0	1.5563E6	
703	-6.5071E-1	2.3927E2	1.0197E0	1.5586E6	
704	-6.5056E-1	2.3950E2	1.0126E0	1.5608E6	
705	-6.4316E-1	2.5048E2	1.0054E0	1.5630E6	
706	-6.4011E-1	2.5501E2	9.9839E-1	1.5652E6	
707	-6.3606E-1	2.6101E2	9.9124E-1	1.5674E6	
708	-6.3118E-1	2.6826E2	9.8412E-1	1.5697E6	
709	-6.2859E-1	2.7211E2	9.7701E-1	1.5719E6	
710	-6.2592E-1	2.7607E2	9.6975E-1	1.5741E6	
711	-6.2111E-1	2.8321E2	9.6273E-1	1.5763E6	
712	-6.1562E-1	2.9136E2	9.5557E-1	1.5785E6	
713	-6.1623E-1	2.9045E2	9.4846E-1	1.5808E6	
714	-6.1218E-1	2.9645E2	9.4131E-1	1.5830E6	
715	-6.0783E-1	3.0291E2	9.3418E-1	1.5852E6	
716	-6.0753E-1	3.0336E2	9.2714E-1	1.5874E6	
717	-6.0371E-1	3.0902E2	9.1992E-1	1.5896E6	
718	-6.0219E-1	3.1129E2	9.1291E-1	1.5919E6	
719	-5.9196E-1	3.2646E2	9.0570E-1	1.5941E6	
720	-5.9250E-1	3.2567E2	8.9863E-1	1.5963E6	
721	-5.8800E-1	3.3235E2	8.9144E-1	1.5985E6	
722	-5.8197E-1	3.4129E2	8.8435E-1	1.6007E6	
723	-5.7648E-1	3.4944E2	8.7726E-1	1.6030E6	
724	-5.7343E-1	3.5397E2	8.7017E-1	1.6052E6	
725	-5.7159E-1	3.5669E2	8.6299E-1	1.6074E6	
726	-5.6793E-1	3.6212E2	8.5584E-1	1.6096E6	
727	-5.5695E-1	3.7843E2	8.4875E-1	1.6118E6	
728	-5.5153E-1	3.8647E2	8.4163E-1	1.6141E6	
729	-5.4939E-1	3.8964E2	8.3442E-1	1.6163E6	
730	-5.4405E-1	3.9756E2	8.2743E-1	1.6185E6	
731	-5.4146E-1	4.0141E2	8.2020E-1	1.6207E6	
732	-5.3513E-1	4.1081E2	8.1312E-1	1.6229E6	
733	-5.3215E-1	4.1523E2	8.0599E-1	1.6252E6	
734	-5.2330E-1	4.2836E2	7.9884E-1	1.6274E6	
735	-5.1506E-1	4.4059E2	7.9172E-1	1.6296E6	
736	-5.1285E-1	4.4387E2	7.8464E-1	1.6318E6	
737	-5.0751E-1	4.5180E2	7.7755E-1	1.6340E6	
738	-5.0232E-1	4.5950E2	7.7046E-1	1.6363E6	
739	-4.9217E-1	4.7456E2	7.6331E-1	1.6385E6	
740	-4.8599E-1	4.8373E2	7.5623E-1	1.6407E6	
741	-4.7920E-1	4.9381E2	7.4899E-1	1.6429E6	
742	-4.7173E-1	5.0490E2	7.4202E-1	1.6451E6	
743	-4.6890E-1	5.0909E2	7.3492E-1	1.6474E6	
744	-4.5921E-1	5.2347E2	7.2773E-1	1.6496E6	
745	-4.5578E-1	5.2857E2	7.2062E-1	1.6518E6	
746	-4.4830E-1	5.3966E2	7.1362E-1	1.6540E6	
747	-4.4304E-1	5.4747E2	7.0653E-1	1.6562E6	
748	-4.3213E-1	5.6367E2	6.9945E-1	1.6585E6	
749	-4.2786E-1	5.7001E2	6.9236E-1	1.6607E6	
750	-4.2374E-1	5.7612E2	6.8528E-1	1.6629E6	
751	-4.1451E-1	5.8982E2	6.7809E-1	1.6651E6	
752	-4.0985E-1	5.9673E2	6.7096E-1	1.6673E6	
753	-3.9848E-1	6.1360E2	6.6394E-1	1.6696E6	
754	-3.9215E-1	6.2300E2	6.5675E-1	1.6718E6	
755	-3.8818E-1	6.2888E2	6.4979E-1	1.6740E6	
756	-3.7941E-1	6.4191E2	6.4272E-1	1.6762E6	
757	-3.7064E-1	6.5493E2	6.3557E-1	1.6784E6	
758	-3.6377E-1	6.6512E2	6.2862E-1	1.6807E6	
759	-3.5484E-1	6.7836E2	6.2141E-1	1.6829E6	
760	-3.4668E-1	6.9048E2	6.1432E-1	1.6851E6	
761	-3.3951E-1	7.0112E2	6.0722E-1	1.6873E6	
762	-3.3401E-1	7.0927E2	6.0007E-1	1.6895E6	
763	-3.2745E-1	7.1901E2	5.9311E-1	1.6918E6	
764	-3.1631E-1	7.3554E2	5.8598E-1	1.6940E6	
765	-3.1372E-1	7.3939E2	5.8493E-1	1.6943E6	
766	-3.1380E-1	7.3928E2	5.8448E-1	1.6945E6	
767	-3.1219E-1	7.4166E2	5.8402E-1	1.6946E6	
768	-3.1250E-1	7.4120E2	5.8356E-1	1.6948E6	
769	-3.1013E-1	7.4471E2	5.8321E-1	1.6949E6	
770	-3.1013E-1	7.4471E2	5.8321E-1	1.6949E6	
771	-3.1013E-1	7.4471E2	5.8321E-1	1.6949E6	
772	-3.1013E-1	7.4471E2	5.8321E-1	1.6949E6	
773	-3.1013E-1	7.4471E2	5.8321E-1	1.6949E6	
774	-3.1013E-1	7.4471E2	5.8321E-1	1.6949E6	
775	-3.1013E-1	7.4471E2	5.8321E-1	1.6949E6	
776	-3.1013E-1	7.4471E2	5.8321E-1	1.6949E6	
777	-3.1013E-1	7.4471E2	5.8321E-1	1.6949E6	
778	-3.1013E-1	7.4471E2	5.8321E-1	1.6949E6	
779	-3.1013E-1	7.4471E2	5.8321E-1	1.6949E6	
780	-3.1013E-1	7.4471E2	5.8321E-1	1.6949E6	
781	-3.1013E-1	7.4471E2	5.8321E-1	1.6949E6	
782	-3.1013E-1	7.4471E2	5.8321E-1	1.6949E6	
783	-3.1013E-1	7.4471E2	5.8321E-1	1.6949E6	
784	-3.1013E-1	7.4471E2	5.8321E-1	1.6949E6	
785	-3.1013E-1	7.4471E2	5.8321E-1	1.6949E6	
786	-3.1013E-1	7.4471E2	5.8321E-1	1.6949E6	
787	-3.1013E-1	7.4471E2	5.8321E-1	1.6949E6	
788	-3.1013E-1	7.4471E2	5.8321E-1	1.6949E6	
789	-3.1013E-1	7.4471E2	5.8321E-1	1.6949E6	
790	-3.1013E-1	7.4471E2	5.8321E-1	1.6949E6	
791	-3.1013E-1	7.4471E2	5.8321E-1	1.6949E6	
792	-3.1013E-1	7.4471E2	5.8321E-1	1.6949E6	
793	-3.1013E-1	7.4471E2	5.8321E-1	1.6949E6	
794	-3.1013E-1	7.4471E2	5.8321E-1	1.6949E6	
795	-3.1013E-1	7.4471E2	5.8321E-1	1.6949E6	
796	-3.1013E-1	7.4471E2	5.8321E-1	1.6949E6	
797	-3.1013E-1	7.4471E2	5.8321E-1	1.6949E6	
798	-3.1013E-1	7.4471E2	5.8321E-1	1.6949E6	
799	-3.1013E-1	7.4471E2	5.8321E-1	1.6949E6	
800	-3.1013E-1	7.4471E2	5.8321E-1	1.6949E6	
801	-3.1013E-1	7.4471E2	5.8321E-1	1.6949E6	
802	-3.1013E-1	7.4471E2	5.8321E-1	1.6949E6	
803	-3.1013E-1	7.4471E2	5.8321E-1	1.6949E6	
804	-3.1013E-1	7.4471E2	5.8321E-1	1.6949E6	
805	-3.1013E-1	7.4471E2	5.8321E-1	1.6949E6	
806	-3.1013E-1	7.4471E2	5.8321E-1	1.6949E6	
807	-3.1013E-1	7.4471E2	5.8321E-1	1.6949E6	
808	-3.1013E-1	7.4471E2	5.8321E-1	1.6949E6	
809	-3.1013E-1	7.4471E2	5.8321E-1	1.6949E6	
810	-3.1013E-1	7.4471E2	5.8321E-1	1.6949E6	
811	-3.1013E-1	7.4471E2	5.8321E-1	1.6949E6	
812	-3.1013E-1	7.4471E2	5.8321E-1	1.6949E6	
813	-3.1013E-1	7.4471E2	5.8321E-1	1.6949E6	
814	-3.1013E-1	7.4471E2	5.8321E-1	1.6949E6	
815	-3.1013E-1	7.4471E2	5.8321E-1	1.6949E6	
816	-3.1013E-1	7.4471E2	5.8321E-1	1.6949E6	
817	-3.1013E-1	7.4471E2	5.8321E-1	1.6949E6	
818	-3.1013E-1	7.4471E2	5.8321E-1	1.6949E6	
819	-3.1013E-1	7.4471E2	5.8321E-1	1.6949E6	
820	-3.1013E-1	7.4471E2	5.8321E-1	1.6949E6	
821	-3.1013E-1	7.4471E2	5.8321E-1	1.6949E6	
822	-3.1013E-1	7.4471E2	5.8321E-1	1.6949E6	
823	-3.1013E-1	7.4471E2	5.8321E-1	1.6949E6	
824	-3.1013E-1	7.4471E2	5.8321E-1	1.6949E6	
825	-3.1013E-1	7.4471E2	5.8321E-1	1.6949E6	
826	-3.1013E-1	7.4471E2	5.8321E-1	1.6949E6	
827	-3.1013E-1	7.4471E2	5.8321E-1	1.6949E6	
828	-3.1013E-1	7.4471E2	5.8321E-1	1.6949E6	
829	-3.1013E-1	7.4471E2	5.8321E-1	1.6949E6	
830	-3.1013E-1	7.4471E2	5.8321E-1	1.6949E6	
831	-3.1013E-1	7.4471E2	5.8321E-1	1.6949E6	
832	-3.1013E-1	7.4471E2	5.8321E-1	1.6949E6	
833	-3.1013E-1	7.4471E2	5.8321E-1	1.6949E6	
834	-3.1013E-1	7.4471E2	5.8321E-1	1.6949E6	
835	-3.1013E-1	7.4471E2	5.8321E-1	1.6949E6	
836	-3.1013E-1	7.4471E2	5.8321E-1	1.6949E6	
837	-3.1013E-1	7.4471E2	5.8321E-1	1.6949E6	
838	-3.1013E-1	7.4471E2	5.8321E-1	1.6949E6	
839	-3.1013E-1	7.4471E2	5.8321E-1	1.6949E6	
840	-3.1013E-1	7.4471E2	5.8321E-1	1.6949E6	
841	-3.1013E-1	7.4471E2	5.8321E-1	1.6949E6	
842	-3.1013E-1	7.4471E2	5.8321E-1	1.6949E6	
843	-3.1013E-1	7.4471E2	5.8321E-1	1.6949E6	
844	-3.1013E-1	7.4471E2	5.8321E-1	1.6949E6	
845	-3.1013E-1	7.4471E2	5.8321E-1	1.6949E6	
846	-3.1013E-1	7.4471E2	5.8321E-1	1.6949E6	
847	-3.1013E-1	7.4471E2	5.8321E-1	1.6949E6	
848	-3.1013E-1	7.4471E2	5.8321E-1	1.6949E6	
849	-3.1013E-1	7.4471E2	5.8321E-1	1.6949E6	
850	-3.1013E-1	7.4471E2	5.8321E-1	1.6949E6	
851	-3.1013E-1	7.4471E2	5.8321E-1	1.6949E6	
852	-3.1013E-1	7.4471E2	5.8321E-1	1.6949E6	
853	-3.1013E-1	7.4471E2	5.8321E-1	1.6949E6	
854	-3.1013E-1	7.4471E2	5.8321E-1	1.6949E6	
855	-3.1013E-1	7.4471E2	5.8321E-1	1.6949E6	
856	-3.1013E-1	7.4471E2	5.8321E-1	1.6949E6	
857	-3.1013E-1	7.4471E2	5.8321E-1	1.6949E6	
858	-3.1013E-1	7.4471E2	5.8321E-1	1.6949E6	
859	-3.1013E-1	7.4471E2	5.8321E-1	1.6949E6	
860	-3.1013E-1	7.4471E2	5.8321E-1	1.6949E6	
861	-3.1013E-1	7.4471E2	5.8321E-1	1.6949E6	
862	-3.1013E-1	7.4471E2	5.8321E-1	1.6949E6	
863	-3.1013E-1	7.4471E2	5.8321E-1	1.6949E6	
864	-3.1013E-1	7.4471E2	5.8321E-1	1.6949E6	
865	-3.1013E-1	7.4471E2	5.8321E-1	1.6949E6	
866	-3.1013E-1	7.4471E2	5.8321E-1	1.6949E6	
867	-3.1013E-1	7.4471E2	5.8321E-1	1.6949E6	
868	-3.1013E-1	7.4471E2	5.8321E-1	1.6949E6	
869	-3.1013E-1	7.4471E2	5.8321E-1	1.6949E6	
870	-3.1013E-1	7.4471E2	5.8321E-1	1.6949E6	
871	-3.1013E-1	7.4471E2	5.8321E-1	1.6949E6	
872	-3.1013E-1	7.4471E2	5.8321E-1	1.6949E6	
873	-3.1013E-1	7.4471E2	5.8321E-1	1.6949E6	
874	-3.1013E-1	7.4471E2	5.8321E-1	1.6949E6	
875	-3.1013E-1	7.4471E2	5.8321E-1	1.6949E6	
876	-3.1013E-1	7.4471E2	5.8321E-1	1.6949E6	
877	-3.1013E-1	7.4471E2	5.8321E-1	1.6949E6	
878	-3.1013E-1	7.4471E2	5.8321E-1	1.6949E6	
879	-3.1013E-1	7.4471E2	5.8321E-1	1.6949E6	
880	-3.1013E-1	7.4471E2	5.8321E-1	1.6949E6	
881	-3.1013E-1	7.4471E2	5.8321E-1	1.6949E6	
882	-3.1013E-1	7.4471E2	5.8321E-1	1.6949E6	
883	-3.1013E-1	7.4471E2	5.8321E-1	1.6949E6	
884	-3.1013E-1	7.4471E2	5.8321E-1	1.6949E6	
885	-3.1013E-1	7.4471E2	5.8321E-1	1.6949E6	
886	-3.1013E-1	7.4471E2	5.8321E-1	1.6949E6	
887	-3.1013E-1	7.4471E2	5.8321E-1	1.6949E6	
888	-3.1013E-1	7.4471E2	5.8321E-1	1.6949E6	
889	-3.1013E-1	7.4471E2	5.8321E-1	1.6949E6	
890	-3.1013E-1	7.4471E2	5.8321E-1	1.6949E6	
891	-3.1013E-1	7.4471E2	5.8321E-1	1.6949E6	
892	-3.1013E-1	7.4471E2	5.8321E-1	1.6949E6	
893	-3.1013E-1	7.4471E2	5.8321E-1	1.6949E6	
894	-3.1013E-1	7.4471E2	5.8321E-1	1.6949E6	
895	-3.1013E-1	7.4471E2	5.8321E-1	1.6949E6	
896	-3.1013E-1	7.4471E2	5.8321E-1	1.6949E6	
897	-3.1013E-1	7.4471E2	5.8321E-1	1.6949E6	
898	-3.1013E-1	7.4471E2	5.8321E-1	1.6949E6	
899	-3.1013E-1	7.4471E2	5.8321E-1	1.6949E6	
900	-3.1013E-1	7.4471E2	5.8321E-1	1.6949E6	
901	-3.1013E-1	7.4471E2	5.8321E-1	1.6949E6	
902	-3.1013E-1	7.4471E2	5.8321E-1	1.6949E6	
903	-3.1013E-1	7.4471E2	5.8321E-1	1.6949E6	
904	-3.1013E-1	7.4471E2	5.8321E-1	1.6949E6	
905	-3.1013E-1	7.4471E2	5.8321E-1	1.6949E6	
906	-3.1013E-1	7.4471E2	5.8321E-1	1.6949E6	
907	-3.1013E-1	7.4471E2	5.8321E-1	1.6949E6	
908	-3.1013E-1	7.4471E2	5.8321E-1	1.6949E6	
909	-3.1013E-1	7.4471E2	5.8321E-1	1.6949E6	
910	-3.1013E-1	7.4471E2	5.8321E-1	1.6949E6	
911	-3.1013E-1	7.4471E2	5.8321E-1	1.6949E6	
912	-3.1013E-1	7.4471E2	5.8321E-1	1.6949E6	
913	-3.1013E-1	7.4471E2	5.8321E-1	1.6949E6	
914	-3.1013E-1	7.4471E2	5.8321E-1	1.6949E6	
915	-3.1013E-1	7.4471E2	5.8321E-1	1.6949E6	
916	-3.1013E-1	7.4471E2	5.8321E-1	1.6949E6	
917	-3.1013E-1	7.4471E2	5.8321E-1	1.6949E6	
918	-3.1013E-1	7.4471E2	5.8321E-1	1.6949E6	
919	-3.1013E-1	7.4471E2	5.8321E-1	1.6949E6	
920	-3.1013E-1	7.4471E2	5.8321E-1	1.6949E6	
921	-3.1013E-1	7.4471E2	5.8321E-1	1.6949E6	
922	-3.1013E-1	7.4471E2	5.8321E-1	1.6949E6	
923	-3.1013E-1	7.4471E2	5.8321E-1	1.6949E6	
924	-3.1013E-1	7.4471E2	5.8321E-1	1.6949E6	
925	-3.1013E-1	7.4471E2	5.8321E-1	1.6949E6	
926	-3.1013E-1	7.4471E2	5.8321E-1	1.6949E6	
927	-3.1013E-1	7.4471E2	5.8321E-1	1.6949E6	
928	-3.1013E-1	7.4471E2	5.8321E-1	1.6949E6	
929	-3.1013E-1	7.4471E2	5.8321E-1	1.6949E6	
930	-3.1013E-1	7.4471E2	5.8321E-1	1.6949E6	
931	-3.1013E-1	7.4471E2	5.8321E-1	1.6949E6	
932	-3.1013E-1	7.4471E2	5.8321E-1	1.6949E6	
933	-3.1013E-1	7.4471E2	5.8321E-1	1.6949E6	
934	-3.1013E-1	7.4471E2	5.8321E-1	1.6949E6	
935	-3.1013E-1	7.4471E2	5.8321E-1	1.6949E6	
936	-3.1013E-1	7.4471E2	5.8321E-1	1.6949E6	
937	-3.1013E-1	7.4471E2	5.8321E-1	1.6949E6	
938	-3.1013E-1	7.4471E2	5.8321E-1	1.6949E6	
939	-3.1013E-1	7.4471E2	5.8321E-1	1.6949E6	
940	-3.1013E-1	7.4471E2	5.8321E-1	1.6949E6	
941	-3.1013E-1	7.4471E2	5.8321E-1	1.6949E6	
942	-3.1013E-1	7.4471E2	5.8321E-1	1.6949E6	
943	-3.1013E-1	7.4471E2	5.8321E-1	1.6949E6	
944	-3.1013E-1	7.4471E2	5.8321E-1	1.6949E6	
945	-3.1013E-1	7.4471E2	5.8321E-1	1.6949E6	
946	-3.1013E-1	7.4471E2	5.8321E-1	1.6949E6	
947	-3.1013E-1	7.4471E2	5.8321E-1	1.6949E6	
948	-3.1013E-1	7.4471E2	5.8321E-1	1.6949E6	
949	-3.1013E-1	7.4471E2	5.8321E-1	1.6949E6	
950	-3.1013E-1	7.4471E2	5.8321E-1	1.6949E6	
951	-3.1013E-1	7.4471E2	5.8321E-1	1.6949E6	
952	-3.1013E-1	7.4471E2	5.8321E-1	1.6949E6	
953	-3.1013E-1	7.4471E2	5.8321E-1	1.6949E6	
954	-3.1013E-1	7.4471E2	5.8321E-1	1.6949E6	
955	-3.1013E-1	7.4471E2	5.8321E-1	1.6949E6	
956	-3.1013E-1	7.4471E2	5.8321E-1	1.6949E6	
957	-3.1013E-1	7.4471E2	5.8321E-1	1.6949E6	
958	-3.1013E-1	7.4471E2	5.8321E-1	1.6949E6	
959	-3.1013E-1	7.4471E2	5.8321E-1	1.6949E6	
960	-3.1013E-1	7.4471E2	5.8321E-1	1.6949E6	
961	-3.1013E-1	7.4471E2	5.8321E-1	1.6949E6	
962	-3.1013E-1	7.4471E2	5.8321E-1	1.6949E6	
963	-3.1013E-1	7.4471E2	5.8321E-1	1.6949E6	
964	-3.1013E-1	7.4471E2	5.8321E-1	1.6949E6	
965	-3.1013E-1	7.4471E2	5.8321E-1	1.6949E6	
966	-3.1013E-1	7.4471E2	5.8321E-1	1.6949E6	
967	-3.1013E-1	7.4471E2	5.8321E-1	1.6949E6	
968	-3.1013E-1	7.4471E2	5.8321E-1	1.6949E6	
969	-3.1013E-1	7.4471E2	5.8321E-1	1.6949E6	
970	-3.1013E-1	7.4471E2	5.8321E-1	1.6949E6	
971	-3.1013E-1	7.4471E2	5.8321E-1	1.6949E6	
972	-3.1013E-1	7.4471E2	5.8321E-1	1.6949E6	
973	-3.1013E-1	7.4471E2	5.8321E-1	1.6949E6	
974	-3.1013E-1	7.4471E2	5.8321E-1	1.6949E6	
975	-3.1013E-1	7.4471E2	5.8321E-1	1.6949E6	
976	-3.1013E-1	7.4471E2	5.8321E-1	1.6949E6	
977	-3.1013E-1	7.4471E2	5.8321E-1	1.6949E6	
978	-3.1013E-1	7.4471E2	5.8321E-1	1.6949E6	
979	-3.1013E-1	7.4471E2	5.8321E-1	1.6949E6	
980	-3.1013E-1	7.4471E2	5.8321E-1	1.6949E6	
981	-3.1013E-1	7.4471E2	5.8321E-1	1.6949E6	
982	-3.1013E-1	7.4471E2	5.8321E-1	1.6949E6	
983	-3.1013E-1	7.4471E2	5.8321E-1	1.6949E6	
984	-3.1013E-1	7.4471E2	5.8321E-1	1.6949E6	
985	-3.1013E-1	7.4471E2	5.8321E-1	1.6949E6	
986	-3.1013E-1	7.4471E2	5.8321E-1	1.6949E6	
987	-3.1013E-1	7.4471E2	5.8321E-1	1.6949E6	
988	-3.1013E-1	7.4471E2	5.8321E-1	1.6949E6	
989	-3.1013E-1	7.4471E2	5.8321E-1	1.6949E6	
990	-3.1013E-1	7.4471E2	5.8321E-1	1.6949E6	
991	-3.1013E-1	7.4471E2	5.8321E-1	1.6949E6	
992	-3.1013E-1	7.4471E2	5.8321E-1	1.6949E6	
993	-3.1013E-1	7.4471E2	5.8321E-1	1.6949E6	
994	-3.1013E-1	7.4471E2	5.8321E-1	1.6949E6	
995	-3.1013E-1	7.4471E2	5.8321E-1	1.6949E6	
996	-3.1013E-1	7.4471E2	5.8321E-1	1.6949E6	
997	-3.1013E-1	7.4471E2	5.8321E-1	1.6949E6	
998	-3.1013E-1	7.4471E2	5.8321E-1	1.6949E6	
999	-3.1013E-1	7.4471E2	5.8321E-1	1.6949E6	
1000	-3.1013E-1	7.4471E2	5.8321E-1	1.6949E6	
1001	-3.1013E-1	7.4471E2	5.8321E-1	1.6949E6	
1002	-3.1013E-1	7.4471E2	5.8321E-1	1.6949E6	
1003	-3.1013E-1	7.4471E2	5.8321E-1	1.6949E6	
1004	-3.1013E-1	7.4471E2	5.8321E-1	1.6949E6	
1005	-3.1013E-1	7.4471E2	5.8321E-1	1.6949E6	
1006	-3.1013E-1	7.4471E2	5.8321E-1	1.6949E6	
1007	-3.1013E-1	7.4471E2	5.8321E-1	1.6949E6	
1008	-3.1013E-1	7.4471E2	5.8321E-1	1.6949E6	
1009	-3.1013E-1	7.4471E2	5.8321E-1	1.6949E6	
1010	-3.1013E-1	7.4471E2	5.8321E-1	1.6949E6	
1011	-3.1013E-1	7.4471E2	5.8321E-1	1.6949E6	
1012	-3.1013E-1	7.4471E2	5.8321E-1	1.6949E6	
1013	-3.1013E-1	7.4471E2	5.8321E-1	1.6949E6	
1014	-3.1013E-1	7.4471E2	5.8321E-1	1.6949E6	
1015	-3.1013E-1	7.4471E2	5.8321E-1	1.6949E6	
1016	-3.1013E-1	7.4471E2	5.8321E-1	1.6949E6	
1017	-3.1013E-1	7.4471E2	5.8321E-1	1.6949E6	
1018	-3.1013E-1	7.4471E2	5.8321E-1	1.6949E6	
1019	-3.1013E-1	7.4471E2	5.8321E-1	1.6949E6	
1020	-3.1013E-1	7.4471E2	5.8321E-1	1.6949E6	
1021	-3.1013E-1	7.4471E2	5.8321E-1	1.6949E6	
1022	-3.1013E-1	7.4471E2	5.8321E-1	1.6949E6	
1023	-3.1013E-1	7.4471E2	5.8321E-1	1.6949E6	
1024	-3.1013E-1	7.4471E2	5.8321E-1	1.6949E6	
1025	-3.1281E-1	7.4075E2	5.8317E-1	1.6949E6	
1026	-3.6072E-1	6.6965E2	5.8461E-1	1.6971E6	
1027	-3.7804E-1	6.4394E2	5.8740E-1	1.6993E6	
1028	-4.0398E-1	6.0545E2	5.9053E-1	1.7016E6	
1029	-4.1679E-1	5.8642E2	5.9400E-1	1.7038E6	
1030	-4.3503E-1	5.5936E2	5.9746E-1	1.7060E6	
1031	-4.4907E-1	5.3853E2	6.0130E-1	1.7082E6	
1032	-4.6471E-1	5.1532E2	6.0508E-1	1.7104E6	
1033	-4.7737E-1	4.9652E2	6.0903E-1	1.7127E6	
1034	-4.9110E-1	4.7614E2	6.1300E-1	1.7149E6	
1035	-5.0270E-1	4.5893E2	6.1709E-1	1.7171E6	
1036	-5.2032E-1	4.3278E2	6.2125E-1	1.7193E6	
1037	-5.2589E-1	4.2451E2	6.2555E-1	1.7215E6	
1038	-5.3955E-1	4.0424E2	6.2970E-1	1.7238E6	
1039	-5.4817E-1	3.9145E2	6.3407E-1	1.7260E6	
1040	-5.6320E-1	3.6914E2	6.3832E-1	1.7282E6	
1041	-5.7152E-1	3.5680E2	6.4266E-1	1.7304E6	
1042	-5.7922E-1	3.4537E2	6.4713E-1	1.7326E6	
1043	-5.9120E-1	3.2759E2	6.5141E-1	1.7349E6	
1044	-6.0394E-1	3.0868E2	6.5586E-1	1.7371E6	
1045	-6.1394E-1	2.9385E2	6.6023E-1	1.7393E6	
1046	-6.2012E-1	2.8468E2	6.6472E-1	1.7415E6	
1047	-6.3248E-1	2.6634E2	6.6919E-1	1.7437E6	
1048	-6.4178E-1	2.5252E2	6.7368E-1	1.7460E6	
1049	-6.4896E-1	2.4188E2	6.7829E-1	1.7482E6	
1050	-6.5681E-1	2.3022E2	6.8266E-1	1.7504E6	
1051	-6.6910E-1	2.1199E2	6.8733E-1	1.7526E6	
1052	-6.7375E-1	2.0508E2	6.9182E-1	1.7548E6	
1053	-6.8901E-1	1.8244E2	6.9637E-1	1.7571E6	
1054	-6.9366E-1	1.7553E2	7.0093E-1	1.7593E6	
1055	-7.0404E-1	1.6013E2	7.0553E-1	1.7615E6	
1056	-7.1121E-1	1.4949E2	7.1009E-1	1.7637E6	
1057	-7.1739E-1	1.4032E2	7.1485E-1	1.7659E6	
1058	-7.2884E-1	1.2333E2	7.1945E-1	1.7682E6	
1059	-7.3677E-1	1.1156E2	7.2406E-1	1.7704E6	
1060	-7.4394E-1	1.0091E2	7.2883E-1	1.7726E6	
1061	-7.5516E-1	8.4268E1	7.3328E-1	1.7748E6	
1062	-7.6027E-1	7.6682E1	7.3813E-1	1.7770E6	
1063	-7.6736E-1	6.6152E1	7.4274E-1	1.7793E6	
1064	-7.7339E-1	5.7207E1	7.4744E-1	1.7815E6	
1065	-7.8346E-1	4.2262E1	7.5211E-1	1.7837E6	
1066	-7.9041E-1	3.1958E1	7.5682E-1	1.7859E6	
1067	-7.9422E-1	2.6297E1	7.6157E-1	1.7881E6	
1068	-8.0299E-1	1.3276E1	7.6623E-1	1.7904E6	
1069	-8.0658E-1	7.9541E0	7.7100E-1	1.7926E6	
1070	-8.1322E-1	-1.8965E0	7.7568E-1	1.7948E6	
1071	-8.1779E-1	-8.6900E0	7.8049E-1	1.7970E6	
1072	-8.2542E-1	-2.0013E1	7.8529E-1	1.7992E6	
1073	-8.3191E-1	-2.9637E1	7.9006E-1	1.8015E6	
1074	-8.3633E-1	-3.6204E1	7.9468E-1	1.8037E6	
1075	-8.4152E-1	-4.3903E1	7.9958E-1	1.8059E6	
1076	-8.4610E-1	-5.0697E1	8.0435E-1	1.8081E6	
1077	-8.5289E-1	-6.0774E1	8.0923E-1	1.8103E6	
1078	-8.5808E-1	-6.8473E1	8.1393E-1	1.8126E6	
1079	-8.6182E-1	-7.4021E1	8.1874E-1	1.8148E6	
1080	-8.6838E-1	-8.3759E1	8.2360E-1	1.8170E6	
1081	-8.7288E-1	-9.0439E1	8.2839E-1	1.8192E6	
1082	-8.7547E-1	-9.4289E1	8.3322E-1	1.8214E6	
1083	-8.8181E-1	-1.0369E2	8.3810E-1	1.8237E6	
1084	-8.8089E-1	-1.0233E2	8.4293E-1	1.8259E6	
1085	-8.8661E-1	-1.1082E2	8.4782E-1	1.8281E6	
1086	-8.9027E-1	-1.1625E2	8.5259E-1	1.8303E6	
1087	-8.9165E-1	-1.1829E2	8.5747E-1	1.8325E6	
1088	-8.9561E-1	-1.2418E2	8.6237E-1	1.8348E6	
1089	-9.0096E-1	-1.3211E2	8.6716E-1	1.8370E6	
1090	-9.0164E-1	-1.3313E2	8.7215E-1	1.8392E6	
1091	-9.0584E-1	-1.3935E2	8.7703E-1	1.8414E6	
1092	-9.0729E-1	-1.4150E2	8.8197E-1	1.8436E6	
1093	-9.1125E-1	-1.4739E2	8.8689E-1	1.8459E6	
1094	-9.1187E-1	-1.4830E2	8.9187E-1	1.8481E6	
1095	-9.1621E-1	-1.5475E2	8.9671E-1	1.8503E6	
1096	-9.2194E-1	-1.6324E2	9.0165E-1	1.8525E6	
1097	-9.1721E-1	-1.5622E2	9.0660E-1	1.8547E6	
1098	-9.2514E-1	-1.6800E2	9.1156E-1	1.8570E6	
1099	-9.2346E-1	-1.6551E2	9.1647E-1	1.8592E6	
1100	-9.2384E-1	-1.6607E2	9.2146E-1	1.8614E6	
1101	-9.2712E-1	-1.7094E2	9.2644E-1	1.8636E6	
1102	-9.2804E-1	-1.7230E2	9.3131E-1	1.8658E6	
1103	-9.3277E-1	-1.7932E2	9.3627E-1	1.8681E6	
1104	-9.3102E-1	-1.7672E2	9.4120E-1	1.8703E6	
1105	-9.3613E-1	-1.8430E2	9.4628E-1	1.8725E6	
1106	-9.4116E-1	-1.9178E2	9.5128E-1	1.8747E6	
1107	-9.4017E-1	-1.9030E2	9.5624E-1	1.8769E6	
1108	-9.4521E-1	-1.9778E2	9.6121E-1	1.8792E6	
1109	-9.4902E-1	-2.0344E2	9.6629E-1	1.8814E6	
1110	-9.5123E-1	-2.0672E2	9.7137E-1	1.8836E6	
1111	-9.5039E-1	-2.0548E2	9.7638E-1	1.8858E6	
1112	-9.5238E-1	-2.0842E2	9.8128E-1	1.8880E6	
1113	-9.5146E-1	-2.0706E2	9.8637E-1	1.8903E6	
1114	-9.5688E-1	-2.1510E2	9.9142E-1	1.8925E6	
1115	-9.5673E-1	-2.1487E2	9.9638E-1	1.8947E6	
1116	-9.5718E-1	-2.1555E2	1.0016E0	1.8969E6	
1117	-9.5917E-1	-2.1850E2	1.0066E0	1.8991E6	
1118	-9.5856E-1	-2.1759E2	1.0116E0	1.9014E6	
1119	-9.5833E-1	-2.1725E2	1.0167E0	1.9036E6	
1120	-9.5993E-1	-2.1963E2	1.0218E0	1.9058E6	
1121	-9.5833E-1	-2.1725E2	1.0269E0	1.9080E6	
1122	-9.6107E-1	-2.2133E2	1.0319E0	1.9102E6	
1123	-9.6001E-1	-2.1974E2	1.0370E0	1.9125E6	
1124	-9.5924E-1	-2.1861E2	1.0422E0	1.9147E6	
1125	-9.5894E-1	-2.1816E2	1.0473E0	1.9169E6	
1126	-9.5528E-1	-2.1272E2	1.0523E0	1.9191E6	
1127	-9.5467E-1	-2.1182E2	1.0575E0	1.9213E6	
1128	-9.5741E-1	-2.1589E2	1.0627E0	1.9236E6	
1129	-9.5055E-1	-2.0570E2	1.0678E0	1.9258E6	
1130	-9.5108E-1	-2.0650E2	1.0728E0	1.9280E6	
1131	-9.5108E-1	-2.0650E2	1.0780E0	1.9302E6	
1132	-9.5146E-1	-2.0706E2	1.0831E0	1.9324E6	
1133	-9.4849E-1	-2.0265E2	1.0883E0	1.9347E6	
1134	-9.4879E-1	-2.0310E2	1.0934E0	1.9369E6	
1135	-9.4925E-1	-2.0378E2	1.0986E0	1.9391E6	
1136	-9.4543E-1	-1.9812E2	1.1037E0	1.9413E6	
1137	-9.4940E-1	-2.0400E2	1.1090E0	1.9435E6	
1138	-9.4559E-1	-1.9834E2	1.1141E0	1.9458E6	
1139	-9.4681E-1	-2.0015E2	1.1194E0	1.9480E6	
1140	-9.4391E-1	-1.9585E2	1.1245E0	1.9502E6	
1141	-9.4276E-1	-1.9415E2	1.1298E0	1.9524E6	
1142	-9.4223E-1	-1.9336E2	1.1349E0	1.9546E6	
1143	-9.3987E-1	-1.8985E2	1.1401E0	1.9569E6	
1144	-9.4231E-1	-1.9347E2	1.1453E0	1.9591E6	
1145	-9.3925E-1	-1.8895E2	1.1506E0	1.9613E6	
1146	-9.3689E-1	-1.8544E2	1.1559E0	1.9635E6	
1147	-9.3742E-1	-1.8623E2	1.1610E0	1.9657E6	
1148	-9.3636E-1	-1.8464E2	1.1662E0	1.9680E6	
1149	-9.3407E-1	-1.8125E2	1.1714E0	1.9702E6	
1150	-9.3445E-1	-1.8181E2	1.1767E0	1.9724E6	
1151	-9.2926E-1	-1.7411E2	1.1820E0	1.9746E6	
1152	-9.3208E-1	-1.7830E2	1.1872E0	1.9768E6	
1153	-9.2644E-1	-1.6992E2	1.1925E0	1.9791E6	
1154	-9.2384E-1	-1.6607E2	1.1978E0	1.9813E6	
1155	-9.1812E-1	-1.5758E2	1.2031E0	1.9835E6	
1156	-9.1393E-1	-1.5135E2	1.2083E0	1.9857E6	
1157	-9.0782E-1	-1.4230E2	1.2136E0	1.9879E6	
1158	-8.9851E-1	-1.2848E2	1.2189E0	1.9902E6	
1159	-8.9699E-1	-1.2622E2	1.2241E0	1.9924E6	
1160	-8.9188E-1	-1.1863E2	1.2295E0	1.9946E6	
1161	-8.9142E-1	-1.1795E2	1.2348E0	1.9968E6	
1162	-8.8707E-1	-1.1150E2	1.2400E0	1.9990E6	
1163	-8.8814E-1	-1.1308E2	1.2455E0	2.0013E6	
1164	-8.8593E-1	-1.0980E2	1.2508E0	2.0035E6	
1165	-8.8272E-1	-1.0505E2	1.2560E0	2.0057E6	
1166	-8.8074E-1	-1.0210E2	1.2613E0	2.0079E6	
1167	-8.7349E-1	-9.1345E1	1.2668E0	2.0101E6	
1168	-8.7204E-1	-8.9194E1	1.2722E0	2.0124E6	
1169	-8.6395E-1	-7.7192E1	1.2775E0	2.0146E6	
1170	-8.5892E-1	-6.9719E1	1.2829E0	2.0168E6	
1171	-8.4877E-1	-5.4660E1	1.2882E0	2.0190E6	
1172	-8.3145E-1	-2.8957E1	1.2936E0	2.0212E6	
1173	-7.9834E-1	2.0183E1	1.2989E0	2.0235E6	
1174	-6.9702E-1	1.7055E2	1.3044E0	2.0257E6	
1175	-6.8810E-1	1.8379E2	1.3097E0	2.0279E6	
1176	-6.8512E-1	1.8821E2	1.3151E0	2.0301E6	
1177	-6.8596E-1	1.8696E2	1.3204E0	2.0323E6	
1178	-6.8520E-1	1.8810E2	1.3259E0	2.0346E6	
1179	-6.8558E-1	1.8753E2	1.3313E0	2.0368E6	
1180	-6.8451E-1	1.8912E2	1.3367E0	2.0390E6	
1181	-6.8344E-1	1.9070E2	1.3420E0	2.0412E6	
1182	-6.8840E-1	1.8334E2	1.3475E0	2.0434E6	
1183	-6.8619E-1	1.8662E2	1.3529E0	2.0457E6	
1184	-6.8459E-1	1.8900E2	1.3584E0	2.0479E6	
1185	-6.8481E-1	1.8866E2	1.3638E0	2.0501E6	
1186	-6.8893E-1	1.8255E2	1.3693E0	2.0523E6	
1187	-6.8710E-1	1.8527E2	1.3747E0	2.0545E6	
1188	-6.8863E-1	1.8300E2	1.3802E0	2.0568E6	
1189	-6.8748E-1	1.8470E2	1.3856E0	2.0590E6	
1190	-6.8901E-1	1.8244E2	1.3909E0	2.0612E6	
1191	-6.8733E-1	1.8493E2	1.3966E0	2.0634E6	
1192	-6.8588E-1	1.8708E2	1.4021E0	2.0656E6	
1193	-6.8733E-1	1.8493E2	1.4074E0	2.0679E6	
1194	-6.8642E-1	1.8628E2	1.4130E0	2.0701E6	
1195	-6.8893E-1	1.8255E2	1.4185E0	2.0723E6	
1196	-6.8588E-1	1.8708E2	1.4240E0	2.0745E6	
1197	-6.8565E-1	1.8742E2	1.4293E0	2.0767E6	
1198	-6.8802E-1	1.8391E2	1.4350E0	2.0790E6	
1199	-6.9191E-1	1.7813E2	1.4405E0	2.0812E6	
1200	-6.8695E-1	1.8549E2	1.4459E0	2.0834E6	
1201	-6.8947E-1	1.8176E2	1.4515E0	2.0856E6	
1202	-6.8810E-1	1.8379E2	1.4569E0	2.0878E6	
1203	-6.8893E-1	1.8255E2	1.4626E0	2.0901E6	
1204	-6.9077E-1	1.7983E2	1.4681E0	2.0923E6	
1205	-6.8932E-1	1.8198E2	1.4736E0	2.0945E6	
1206	-6.9267E-1	1.7700E2	1.4791E0	2.0967E6	
1207	-6.8787E-1	1.8413E2	1.4846E0	2.0989E6	
1208	-6.8962E-1	1.8153E2	1.4901E0	2.1012E6	
1209	-6.9069E-1	1.7994E2	1.4958E0	2.1034E6	
1210	-6.8924E-1	1.8210E2	1.5013E0	2.1056E6	
1211	-6.8916E-1	1.8221E2	1.5070E0	2.1078E6	
1212	-6.9092E-1	1.7960E2	1.5125E0	2.1100E6	
1213	-6.9168E-1	1.7847E2	1.5181E0	2.1123E6	
1214	-6.9115E-1	1.7926E2	1.5237E0	2.1145E6	
1215	-6.9206E-1	1.7791E2	1.5293E0	2.1167E6	
1216	-6.9046E-1	1.8028E2	1.5348E0	2.1189E6	
1217	-6.9008E-1	1.8085E2	1.5404E0	2.1211E6	
1218	-6.9283E-1	1.7677E2	1.5460E0	2.1234E6	
1219	-6.9206E-1	1.7791E2	1.5516E0	2.1256E6	
1220	-6.9298E-1	1.7655E2	1.5572E0	2.1278E6	
1221	-6.9313E-1	1.7632E2	1.5628E0	2.1300E6	
1222	-6.9130E-1	1.7904E2	1.5684E0	2.1322E6	
1223	-6.9084E-1	1.7972E2	1.5741E0	2.1345E6	
1224	-6.9328E-1	1.7609E2	1.5798E0	2.1367E6	
1225	-6.9366E-1	1.7553E2	1.5854E0	2.1389E6	
1226	-6.9290E-1	1.7666E2	1.5910E0	2.1411E6	
1227	-6.9443E-1	1.7440E2	1.5967E0	2.1433E6	
1228	-6.9359E-1	1.7564E2	1.6023E0	2.1456E6	
1229	-6.9351E-1	1.7575E2	1.6079E0	2.1478E6	
1230	-6.9214E-1	1.7779E2	1.6137E0	2.1500E6	
1231	-6.9481E-1	1.7383E2	1.6193E0	2.1522E6	
1232	-6.9542E-1	1.7292E2	1.6250E0	2.1544E6	
1233	-6.9267E-1	1.7700E2	1.6306E0	2.1567E6	
1234	-6.9344E-1	1.7587E2	1.6364E0	2.1589E6	
1235	-6.9466E-1	1.7406E2	1.6419E0	2.1611E6	
1236	-6.9443E-1	1.7440E2	1.6477E0	2.1633E6	
1237	-6.9412E-1	1.7485E2	1.6533E0	2.1655E6	
1238	-6.9550E-1	1.7281E2	1.6591E0	2.1678E6	
1239	-6.9550E-1	1.7281E2	1.6648E0	2.1700E6	
1240	-6.9633E-1	1.7157E2	1.6705E0	2.1722E6	
1241	-6.9687E-1	1.7077E2	1.6762E0	2.1744E6	
1242	-6.9542E-1	1.7292E2	1.6819E0	2.1766E6	
1243	-6.9633E-1	1.7157E2	1.6876E0	2.1789E6	
1244	-6.9580E-1	1.7236E2	1.6933E0	2.1811E6	
1245	-6.9450E-1	1.7428E2	1.6990E0	2.1833E6	
1246	-6.9656E-1	1.7123E2	1.7048E0	2.1855E6	
1247	-6.9626E-1	1.7168E2	1.7104E0	2.1877E6	
1248	-6.9458E-1	1.7417E2	1.7162E0	2.1900E6	
1249	-6.9656E-1	1.7123E2	1.7220E0	2.1922E6	
1250	-6.9786E-1	1.6930E2	1.7277E0	2.1944E6	
1251	-6.9809E-1	1.6896E2	1.7334E0	2.1966E6	
1252	-6.9725E-1	1.7021E2	1.7392E0	2.1988E6	
1253	-6.9649E-1	1.7134E2	1.7451E0	2.2011E6	
1254	-6.9580E-1	1.7236E2	1.7507E0	2.2033E6	
1255	-6.9778E-1	1.6941E2	1.7566E0	2.2055E6	
1256	-6.9809E-1	1.6896E2	1.7623E0	2.2077E6	
1257	-6.9695E-1	1.7066E2	1.7681E0	2.2099E6	
1258	-6.9702E-1	1.7055E2	1.7739E0	2.2122E6	
1259	-6.9817E-1	1.6885E2	1.7797E0	2.2144E6	
1260	-6.9962E-1	1.6670E2	1.7855E0	2.2166E6	
1261	-6.9809E-1	1.6896E2	1.7912E0	2.2188E6	
1262	-7.0015E-1	1.6590E2	1.7970E0	2.2210E6	
1263	-6.9977E-1	1.6647E2	1.8028E0	2.2233E6	
1264	-6.9954E-1	1.6681E2	1.8086E0	2.2255E6	
1265	-6.9717E-1	1.7032E2	1.8145E0	2.2277E6	
1266	-7.0259E-1	1.6228E2	1.8202E0	2.2299E6	
1267	-6.9733E-1	1.7009E2	1.8261E0	2.2321E6	
1268	-7.0099E-1	1.6466E2	1.8320E0	2.2344E6	
1269	-6.9939E-1	1.6704E2	1.8378E0	2.2366E6	
1270	-7.0045E-1	1.6545E2	1.8435E0	2.2388E6	
1271	-7.0015E-1	1.6590E2	1.8495E0	2.2410E6	
1272	-7.0267E-1	1.6217E2	1.8552E0	2.2432E6	
1273	-6.9901E-1	1.6760E2	1.8610E0	2.2455E6	
1274	-7.0213E-1	1.6296E2	1.8670E0	2.2477E6	
1275	-7.0007E-1	1.6602E2	1.8728E0	2.2499E6	
1276	-7.0320E-1	1.6138E2	1.8787E0	2.2521E6	
1277	-6.9931E-1	1.6715E2	1.8845E0	2.2543E6	
1278	-7.0518E-1	1.5843E2	1.8904E0	2.2566E6	
1279	-7.0450E-1	1.5945E2	1.8962E0	2.2588E6	
1280	-7.0396E-1	1.6024E2	1.9021E0	2.2610E6	
1281	-7.0389E-1	1.6036E2	1.9081E0	2.2632E6	
1282	-7.0358E-1	1.6081E2	1.9138E0	2.2654E6	
1283	-7.0396E-1	1.6024E2	1.9198E0	2.2677E6	
1284	-7.0496E-1	1.5877E2	1.9257E0	2.2699E6	
1285	-7.0709E-1	1.5560E2	1.9317E0	2.2721E6	
1286	-7.0702E-1	1.5571E2	1.9373E0	2.2743E6	
1287	-7.0549E-1	1.5798E2	1.9434E0	2.2765E6	
1288	-7.0328E-1	1.6126E2	1.9494E0	2.2788E6	
1289	-7.0488E-1	1.5888E2	1.9552E0	2.2810E6	
1290	-7.0602E-1	1.5719E2	1.9611E0	2.2832E6	
1291	-7.0541E-1	1.5809E2	1.9671E0	2.2854E6	
1292	-7.0480E-1	1.5900E2	1.9729E0	2.2876E6	
1293	-7.0374E-1	1.6058E2	1.9789E0	2.2899E6	
1294	-7.0618E-1	1.5696E2	1.9848E0	2.2921E6	
1295	-7.0663E-1	1.5628E2	1.9908E0	2.2943E6	
1296	-7.0602E-1	1.5719E2	1.9967E0	2.2965E6	
1297	-7.0801E-1	1.5424E2	2.0028E0	2.2987E6	
1298	-7.0892E-1	1.5288E2	2.0087E0	2.3010E6	
1299	-7.0786E-1	1.5447E2	2.0145E0	2.3032E6	
1300	-7.0671E-1	1.5617E2	2.0206E0	2.3054E6	
1301	-7.0763E-1	1.5481E2	2.0265E0	2.3076E6	
1302	-7.0618E-1	1.5696E2	2.0327E0	2.3098E6	
1303	-7.0755E-1	1.5492E2	2.0385E0	2.3121E6	
1304	-7.0671E-1	1.5617E2	2.0445E0	2.3143E6	
1305	-7.0778E-1	1.5458E2	2.0506E0	2.3165E6	
1306	-7.0938E-1	1.5220E2	2.0564E0	2.3187E6	
1307	-7.0953E-1	1.5198E2	2.0626E0	2.3209E6	
1308	-7.0724E-1	1.5537E2	2.0684E0	2.3232E6	
1309	-7.0877E-1	1.5311E2	2.0745E0	2.3254E6	
1310	-7.0961E-1	1.5186E2	2.0806E0	2.3276E6	
1311	-7.0930E-1	1.5232E2	2.0866E0	2.3298E6	
1312	-7.0724E-1	1.5537E2	2.0926E0	2.3320E6	
1313	-7.1083E-1	1.5005E2	2.0987E0	2.3343E6	
1314	-7.1159E-1	1.4892E2	2.1047E0	2.3365E6	
1315	-7.1045E-1	1.5062E2	2.1108E0	2.3387E6	
1316	-7.1014E-1	1.5107E2	2.1168E0	2.3409E6	
1317	-7.0778E-1	1.5458E2	2.1228E0	2.3431E6	
1318	-7.0747E-1	1.5503E2	2.1288E0	2.3454E6	
1319	-7.1075E-1	1.5017E2	2.1349E0	2.3476E6	
1320	-7.1083E-1	1.5005E2	2.1410E0	2.3498E6	
1321	-7.1091E-1	1.4994E2	2.1472E0	2.3520E6	
1322	-7.1152E-1	1.4903E2	2.1532E0	2.3542E6	
1323	-7.0976E-1	1.5164E2	2.1593E0	2.3565E6	
1324	-7.1129E-1	1.4937E2	2.1653E0	2.3587E6	
1325	-7.1159E-1	1.4892E2	2.1714E0	2.3609E6	
1326	-7.0938E-1	1.5220E2	2.1775E0	2.3631E6	
1327	-7.1060E-1	1.5039E2	2.1835E0	2.3653E6	
1328	-7.1121E-1	1.4949E2	2.1896E0	2.3676E6	
1329	-7.1037E-1	1.5073E2	2.1958E0	2.3698E6	
1330	-7.1083E-1	1.5005E2	2.2019E0	2.3720E6	
1331	-7.1327E-1	1.4643E2	2.2081E0	2.3742E6	
1332	-7.1281E-1	1.4711E2	2.2141E0	2.3764E6	
1333	-7.1373E-1	1.4575E2	2.2203E0	2.3787E6	
1334	-7.1457E-1	1.4450E2	2.2265E0	2.3809E6	
1335	-7.1457E-1	1.4450E2	2.2326E0	2.3831E6	
1336	-7.1327E-1	1.4643E2	2.2387E0	2.3853E6	
1337	-7.1358E-1	1.4598E2	2.2449E0	2.3875E6	
1338	-7.1213E-1	1.4813E2	2.2510E0	2.3898E6	
1339	-7.1358E-1	1.4598E2	2.2572E0	2.3920E6	
1340	-7.1381E-1	1.4564E2	2.2633E0	2.3942E6	
1341	-7.1281E-1	1.4711E2	2.2696E0	2.3964E6	
1342	-7.1465E-1	1.4439E2	2.2756E0	2.3986E6	
1343	-7.1167E-1	1.4881E2	2.2819E0	2.4009E6	
1344	-7.1548E-1	1.4315E2	2.2880E0	2.4031E6	
1345	-7.1625E-1	1.4201E2	2.2943E0	2.4053E6	
1346	-7.1579E-1	1.4269E2	2.3004E0	2.4075E6	
1347	-7.1571E-1	1.4281E2	2.3066E0	2.4097E6	
1348	-7.1625E-1	1.4201E2	2.3128E0	2.4120E6	
1349	-7.1526E-1	1.4349E2	2.3191E0	2.4142E6	
1350	-7.1693E-1	1.4099E2	2.3252E0	2.4164E6	
1351	-7.1892E-1	1.3805E2	2.3315E0	2.4186E6	
1352	-7.1770E-1	1.3986E2	2.3376E0	2.4208E6	
1353	-7.1617E-1	1.4213E2	2.3440E0	2.4231E6	
1354	-7.1785E-1	1.3964E2	2.3502E0	2.4253E6	
1355	-7.1648E-1	1.4167E2	2.3563E0	2.4275E6	
1356	-7.1632E-1	1.4190E2	2.3626E0	2.4297E6	
1357	-7.1838E-1	1.3884E2	2.3689E0	2.4319E6	
1358	-7.1663E-1	1.4145E2	2.3751E0	2.4342E6	
1359	-7.1663E-1	1.4145E2	2.3814E0	2.4364E6	
1360	-7.1686E-1	1.4111E2	2.3875E0	2.4386E6	
1361	-7.1526E-1	1.4349E2	2.3938E0	2.4408E6	
1362	-7.2128E-1	1.3454E2	2.4001E0	2.4430E6	
1363	-7.1815E-1	1.3918E2	2.4064E0	2.4453E6	
1364	-7.1846E-1	1.3873E2	2.4128E0	2.4475E6	
1365	-7.1968E-1	1.3692E2	2.4189E0	2.4497E6	
1366	-7.1938E-1	1.3737E2	2.4252E0	2.4519E6	
1367	-7.1884E-1	1.3816E2	2.4315E0	2.4541E6	
1368	-7.2021E-1	1.3613E2	2.4378E0	2.4564E6	
1369	-7.1747E-1	1.4020E2	2.4441E0	2.4586E6	
1370	-7.2052E-1	1.3567E2	2.4504E0	2.4608E6	
1371	-7.1877E-1	1.3828E2	2.4568E0	2.4630E6	
1372	-7.1922E-1	1.3760E2	2.4629E0	2.4652E6	
1373	-7.1991E-1	1.3658E2	2.4694E0	2.4675E6	
1374	-7.1968E-1	1.3692E2	2.4756E0	2.4697E6	
1375	-7.1854E-1	1.3862E2	2.4820E0	2.4719E6	
1376	-7.1983E-1	1.3669E2	2.4883E0	2.4741E6	
1377	-7.2174E-1	1.3386E2	2.4946E0	2.4763E6	
1378	-7.2136E-1	1.3443E2	2.5009E0	2.4786E6	
1379	-7.2189E-1	1.3363E2	2.5074E0	2.4808E6	
1380	-7.2037E-1	1.3590E2	2.5137E0	2.4830E6	
1381	-7.2243E-1	1.3284E2	2.5201E0	2.4852E6	
1382	-7.2350E-1	1.3126E2	2.5264E0	2.4874E6	
1383	-7.2319E-1	1.3171E2	2.5328E0	2.4897E6	
1384	-7.2189E-1	1.3363E2	2.5390E0	2.4919E6	
1385	-7.2243E-1	1.3284E2	2.5455E0	2.4941E6	
1386	-7.2533E-1	1.2854E2	2.5518E0	2.4963E6	
1387	-7.2296E-1	1.3205E2	2.5582E0	2.4985E6	
1388	-7.2090E-1	1.3511E2	2.5646E0	2.5008E6	
1389	-7.2411E-1	1.3035E2	2.5709E0	2.5030E6	
1390	-7.2403E-1	1.3046E2	2.5774E0	2.5052E6	
1391	-7.2517E-1	1.2877E2	2.5838E0	2.5074E6	
1392	-7.2502E-1	1.2899E2	2.5902E0	2.5096E6	
1393	-7.2311E-1	1.3182E2	2.5965E0	2.5119E6	
1394	-7.2563E-1	1.2809E2	2.6030E0	2.5141E6	
1395	-7.2258E-1	1.3262E2	2.6094E0	2.5163E6	
1396	-7.2746E-1	1.2537E2	2.6158E0	2.5185E6	
1397	-7.2639E-1	1.2695E2	2.6223E0	2.5207E6	
1398	-7.2365E-1	1.3103E2	2.6286E0	2.5230E6	
1399	-7.2456E-1	1.2967E2	2.6349E0	2.5252E6	
1400	-7.2540E-1	1.2843E2	2.6414E0	2.5274E6	
1401	-7.2624E-1	1.2718E2	2.6480E0	2.5296E6	
1402	-7.2441E-1	1.2990E2	2.6544E0	2.5318E6	
1403	-7.2548E-1	1.2831E2	2.6608E0	2.5341E6	
1404	-7.2716E-1	1.2582E2	2.6673E0	2.5363E6	
1405	-7.2586E-1	1.2775E2	2.6738E0	2.5385E6	
1406	-7.2624E-1	1.2718E2	2.6802E0	2.5407E6	
1407	-7.2731E-1	1.2560E2	2.6866E0	2.5429E6	
1408	-7.2662E-1	1.2661E2	2.6930E0	2.5452E6	
1409	-7.2876E-1	1.2344E2	2.6996E0	2.5474E6	
1410	-7.2693E-1	1.2616E2	2.7060E0	2.5496E6	
1411	-7.2639E-1	1.2695E2	2.7124E0	2.5518E6	
1412	-7.2853E-1	1.2378E2	2.7190E0	2.5540E6	
1413	-7.2632E-1	1.2707E2	2.7254E0	2.5563E6	
1414	-7.2701E-1	1.2605E2	2.7320E0	2.5585E6	
1415	-7.2884E-1	1.2333E2	2.7384E0	2.5607E6	
1416	-7.3112E-1	1.1993E2	2.7449E0	2.5629E6	
1417	-7.2868E-1	1.2356E2	2.7514E0	2.5651E6	
1418	-7.3357E-1	1.1631E2	2.7579E0	2.5674E6	
1419	-7.3181E-1	1.1892E2	2.7645E0	2.5696E6	
1420	-7.3074E-1	1.2050E2	2.7710E0	2.5718E6	
1421	-7.3143E-1	1.1948E2	2.7775E0	2.5740E6	
1422	-7.3006E-1	1.2152E2	2.7840E0	2.5762E6	
1423	-7.2990E-1	1.2175E2	2.7905E0	2.5785E6	
1424	-7.3021E-1	1.2129E2	2.7970E0	2.5807E6	
1425	-7.3029E-1	1.2118E2	2.8036E0	2.5829E6	
1426	-7.2983E-1	1.2186E2	2.8101E0	2.5851E6	
1427	-7.2975E-1	1.2197E2	2.8167E0	2.5873E6	
1428	-7.3204E-1	1.1858E2	2.8232E0	2.5896E6	
1429	-7.3151E-1	1.1937E2	2.8299E0	2.5918E6	
1430	-7.3418E-1	1.1541E2	2.8363E0	2.5940E6	
1431	-7.3151E-1	1.1937E2	2.8430E0	2.5962E6	
1432	-7.3341E-1	1.1654E2	2.8495E0	2.5984E6	
1433	-7.3219E-1	1.1835E2	2.8560E0	2.6007E6	
1434	-7.3166E-1	1.1914E2	2.8627E0	2.6029E6	
1435	-7.3402E-1	1.1563E2	2.8692E0	2.6051E6	
1436	-7.3357E-1	1.1631E2	2.8758E0	2.6073E6	
1437	-7.3120E-1	1.1982E2	2.8824E0	2.6095E6	
1438	-7.3311E-1	1.1699E2	2.8889E0	2.6118E6	
1439	-7.3296E-1	1.1722E2	2.8956E0	2.6140E6	
1440	-7.3212E-1	1.1846E2	2.9021E0	2.6162E6	
1441	-7.3494E-1	1.1427E2	2.9087E0	2.6184E6	
1442	-7.3593E-1	1.1280E2	2.9154E0	2.6206E6	
1443	-7.3288E-1	1.1733E2	2.9220E0	2.6229E6	
1444	-7.3441E-1	1.1507E2	2.9286E0	2.6251E6	
1445	-7.3647E-1	1.1201E2	2.9352E0	2.6273E6	
1446	-7.3387E-1	1.1586E2	2.9418E0	2.6295E6	
1447	-7.3433E-1	1.1518E2	2.9484E0	2.6317E6	
1448	-7.3624E-1	1.1235E2	2.9551E0	2.6340E6	
1449	-7.3563E-1	1.1325E2	2.9617E0	2.6362E6	
1450	-7.3570E-1	1.1314E2	2.9684E0	2.6384E6	
1451	-7.3433E-1	1.1518E2	2.9749E0	2.6406E6	
1452	-7.3631E-1	1.1224E2	2.9815E0	2.6428E6	
1453	-7.3631E-1	1.1224E2	2.9883E0	2.6451E6	
1454	-7.3593E-1	1.1280E2	2.9949E0	2.6473E6	
1455	-7.3776E-1	1.1008E2	3.0016E0	2.6495E6	
1456	-7.3990E-1	1.0691E2	3.0082E0	2.6517E6	
1457	-7.3700E-1	1.1122E2	3.0150E0	2.6539E6	
1458	-7.3624E-1	1.1235E2	3.0216E0	2.6562E6	
1459	-7.3593E-1	1.1280E2	3.0283E0	2.6584E6	
1460	-7.3898E-1	1.0827E2	3.0350E0	2.6606E6	
1461	-7.3822E-1	1.0940E2	3.0416E0	2.6628E6	
1462	-7.3883E-1	1.0850E2	3.0483E0	2.6650E6	
1463	-7.3723E-1	1.1088E2	3.0550E0	2.6673E6	
1464	-7.3799E-1	1.0974E2	3.0617E0	2.6695E6	
1465	-7.3906E-1	1.0816E2	3.0684E0	2.6717E6	
1466	-7.3776E-1	1.1008E2	3.0751E0	2.6739E6	
1467	-7.3982E-1	1.0703E2	3.0819E0	2.6761E6	
1468	-7.4028E-1	1.0635E2	3.0886E0	2.6784E6	
1469	-7.3929E-1	1.0782E2	3.0953E0	2.6806E6	
1470	-7.3944E-1	1.0759E2	3.1019E0	2.6828E6	
1471	-7.4097E-1	1.0533E2	3.1087E0	2.6850E6	
1472	-7.4013E-1	1.0657E2	3.1153E0	2.6872E6	
1473	-7.3975E-1	1.0714E2	3.1222E0	2.6895E6	
1474	-7.4043E-1	1.0612E2	3.1289E0	2.6917E6	
1475	-7.4020E-1	1.0646E2	3.1356E0	2.6939E6	
1476	-7.4081E-1	1.0555E2	3.1424E0	2.6961E6	
1477	-7.4173E-1	1.0420E2	3.1491E0	2.6983E6	
1478	-7.4081E-1	1.0555E2	3.1560E0	2.7006E6	
1479	-7.4142E-1	1.0465E2	3.1626E0	2.7028E6	
1480	-7.4318E-1	1.0204E2	3.1694E0	2.7050E6	
1481	-7.4074E-1	1.0567E2	3.1762E0	2.7072E6	
1482	-7.4249E-1	1.0306E2	3.1829E0	2.7094E6	
1483	-7.4310E-1	1.0216E2	3.1897E0	2.7117E6	
1484	-7.4196E-1	1.0386E2	3.1964E0	2.7139E6	
1485	-7.4318E-1	1.0204E2	3.2033E0	2.7161E6	
1486	-7.4097E-1	1.0533E2	3.2099E0	2.7183E6	
1487	-7.4387E-1	1.0103E2	3.2169E0	2.7205E6	
1488	-7.4799E-1	9.4912E1	3.2236E0	2.7228E6	
1489	-7.4280E-1	1.0261E2	3.2303E0	2.7250E6	
1490	-7.4539E-1	9.8761E1	3.2372E0	2.7272E6	
1491	-7.4364E-1	1.0137E2	3.2439E0	2.7294E6	
1492	-7.4448E-1	1.0012E2	3.2508E0	2.7316E6	
1493	-7.4524E-1	9.8988E1	3.2575E0	2.7339E6	
1494	-7.4432E-1	1.0035E2	3.2644E0	2.7361E6	
1495	-7.4501E-1	9.9327E1	3.2713E0	2.7383E6	
1496	-7.4432E-1	1.0035E2	3.2780E0	2.7405E6	
1497	-7.4623E-1	9.7516E1	3.2849E0	2.7427E6	
1498	-7.4402E-1	1.0080E2	3.2918E0	2.7450E6	
1499	-7.4570E-1	9.8308E1	3.2985E0	2.7472E6	
1500	-7.4791E-1	9.5025E1	3.3053E0	2.7494E6	
1501	-7.4600E-1	9.7855E1	3.3122E0	2.7516E6	
1502	-7.4875E-1	9.3779E1	3.3191E0	2.7538E6	
1503	-7.4501E-1	9.9327E1	3.3259E0	2.7561E6	
1504	-7.4692E-1	9.6497E1	3.3328E0	2.7583E6	
1505	-7.4707E-1	9.6270E1	3.3397E0	2.7605E6	
1506	-7.4539E-1	9.8761E1	3.3464E0	2.7627E6	
1507	-7.5005E-1	9.1854E1	3.3533E0	2.7649E6	
1508	-7.4883E-1	9.3666E1	3.3602E0	2.7672E6	
1509	-7.4844E-1	9.4232E1	3.3670E0	2.7694E6	
1510	-7.4638E-1	9.7289E1	3.3739E0	2.7716E6	
1511	-7.4966E-1	9.2421E1	3.3808E0	2.7738E6	
1512	-7.5104E-1	9.0382E1	3.3877E0	2.7760E6	
1513	-7.5111E-1	9.0269E1	3.3946E0	2.7783E6	
1514	-7.4936E-1	9.2873E1	3.4014E0	2.7805E6	
1515	-7.4936E-1	9.2873E1	3.4084E0	2.7827E6	
1516	-7.4829E-1	9.4459E1	3.4152E0	2.7849E6	
1517	-7.4913E-1	9.3213E1	3.4221E0	2.7871E6	
1518	-7.5020E-1	9.1628E1	3.4291E0	2.7894E6	
1519	-7.5066E-1	9.0949E1	3.4359E0	2.7916E6	
1520	-7.5111E-1	9.0269E1	3.4428E0	2.7938E6	
1521	-7.5081E-1	9.0722E1	3.4498E0	2.7960E6	
1522	-7.5294E-1	8.7552E1	3.4567E0	2.7982E6	
1523	-7.5134E-1	8.9930E1	3.4637E0	2.8005E6	
1524	-7.5043E-1	9.1288E1	3.4706E0	2.8027E6	
1525	-7.5150E-1	8.9703E1	3.4775E0	2.8049E6	
1526	-7.5111E-1	9.0269E1	3.4844E0	2.8071E6	
1527	-7.5233E-1	8.8458E1	3.4914E0	2.8093E6	
1528	-7.5226E-1	8.8571E1	3.4983E0	2.8116E6	
1529	-7.5180E-1	8.9250E1	3.5052E0	2.8138E6	
1530	-7.4997E-1	9.1968E1	3.5121E0	2.8160E6	
1531	-7.5256E-1	8.8118E1	3.5192E0	2.8182E6	
1532	-7.5348E-1	8.6759E1	3.5261E0	2.8204E6	
1533	-7.5394E-1	8.6080E1	3.5331E0	2.8227E6	
1534	-7.5348E-1	8.6759E1	3.5400E0	2.8249E6	
1535	-7.5462E-1	8.5061E1	3.5470E0	2.8271E6	
1536	-7.5584E-1	8.3249E1	3.5539E0	2.8293E6	
1537	-7.5470E-1	8.4948E1	3.5609E0	2.8315E6	
1538	-7.5348E-1	8.6759E1	3.5679E0	2.8338E6	
1539	-7.5478E-1	8.4834E1	3.5749E0	2.8360E6	
1540	-7.5378E-1	8.6306E1	3.5819E0	2.8382E6	
1541	-7.5577E-1	8.3362E1	3.5888E0	2.8404E6	
1542	-7.5539E-1	8.3929E1	3.5959E0	2.8426E6	
1543	-7.5531E-1	8.4042E1	3.6028E0	2.8449E6	
1544	-7.5485E-1	8.4721E1	3.6098E0	2.8471E6	
1545	-7.5592E-1	8.3136E1	3.6168E0	2.8493E6	
1546	-7.5737E-1	8.0985E1	3.6238E0	2.8515E6	
1547	-7.5684E-1	8.1777E1	3.6308E0	2.8537E6	
1548	-7.5760E-1	8.0645E1	3.6379E0	2.8560E6	
1549	-7.5684E-1	8.1777E1	3.6449E0	2.8582E6	
1550	-7.5829E-1	7.9626E1	3.6519E0	2.8604E6	
1551	-7.5500E-1	8.4495E1	3.6590E0	2.8626E6	
1552	-7.5684E-1	8.1777E1	3.6660E0	2.8648E6	
1553	-7.5966E-1	7.7588E1	3.6729E0	2.8671E6	
1554	-7.5958E-1	7.7701E1	3.6801E0	2.8693E6	
1555	-7.5684E-1	8.1777E1	3.6871E0	2.8715E6	
1556	-7.5897E-1	7.8607E1	3.6941E0	2.8737E6	
1557	-7.6065E-1	7.6116E1	3.7012E0	2.8759E6	
1558	-7.5790E-1	8.0192E1	3.7082E0	2.8782E6	
1559	-7.5981E-1	7.7362E1	3.7152E0	2.8804E6	
1560	-7.5836E-1	7.9513E1	3.7223E0	2.8826E6	
1561	-7.5890E-1	7.8720E1	3.7294E0	2.8848E6	
1562	-7.6027E-1	7.6682E1	3.7364E0	2.8870E6	
1563	-7.6218E-1	7.3852E1	3.7434E0	2.8893E6	
1564	-7.6172E-1	7.4531E1	3.7506E0	2.8915E6	
1565	-7.5768E-1	8.0532E1	3.7577E0	2.8937E6	
1566	-7.5943E-1	7.7928E1	3.7647E0	2.8959E6	
1567	-7.6004E-1	7.7022E1	3.7719E0	2.8981E6	
1568	-7.6164E-1	7.4644E1	3.7788E0	2.9004E6	
1569	-7.6149E-1	7.4871E1	3.7859E0	2.9026E6	
1570	-7.6195E-1	7.4191E1	3.7931E0	2.9048E6	
1571	-7.6225E-1	7.3738E1	3.8002E0	2.9070E6	
1572	-7.6134E-1	7.5097E1	3.8073E0	2.9092E6	
1573	-7.6363E-1	7.1700E1	3.8143E0	2.9115E6	
1574	-7.6027E-1	7.6682E1	3.8214E0	2.9137E6	
1575	-7.6118E-1	7.5323E1	3.8286E0	2.9159E6	
1576	-7.6332E-1	7.2153E1	3.8357E0	2.9181E6	
1577	-7.6500E-1	6.9662E1	3.8428E0	2.9203E6	
1578	-7.6180E-1	7.4418E1	3.8499E0	2.9226E6	
1579	-7.6164E-1	7.4644E1	3.8571E0	2.9248E6	
1580	-7.6279E-1	7.2946E1	3.8641E0	2.9270E6	
1581	-7.6149E-1	7.4871E1	3.8714E0	2.9292E6	
1582	-7.6286E-1	7.2832E1	3.8785E0	2.9314E6	
1583	-7.6241E-1	7.3512E1	3.8855E0	2.9337E6	
1584	-7.6340E-1	7.2040E1	3.8927E0	2.9359E6	
1585	-7.6584E-1	6.8417E1	3.8999E0	2.9381E6	
1586	-7.6561E-1	6.8756E1	3.9071E0	2.9403E6	
1587	-7.6561E-1	6.8756E1	3.9142E0	2.9425E6	
1588	-7.6729E-1	6.6265E1	3.9213E0	2.9448E6	
1589	-7.6385E-1	7.1361E1	3.9284E0	2.9470E6	
1590	-7.6447E-1	7.0455E1	3.9356E0	2.9492E6	
1591	-7.6431E-1	7.0681E1	3.9429E0	2.9514E6	
1592	-7.6538E-1	6.9096E1	3.9499E0	2.9536E6	
1593	-7.6538E-1	6.9096E1	3.9571E0	2.9559E6	
1594	-7.6538E-1	6.9096E1	3.9643E0	2.9581E6	
1595	-7.6530E-1	6.9209E1	3.9715E0	2.9603E6	
1596	-7.6630E-1	6.7737E1	3.9787E0	2.9625E6	
1597	-7.6645E-1	6.7511E1	3.9858E0	2.9647E6	
1598	-7.6767E-1	6.5699E1	3.9931E0	2.9670E6	
1599	-7.6637E-1	6.7624E1	4.0002E0	2.9692E6	
1600	-7.6775E-1	6.5586E1	4.0074E0	2.9714E6	
1601	-7.6859E-1	6.4341E1	4.0147E0	2.9736E6	
1602	-7.6950E-1	6.2982E1	4.0218E0	2.9758E6	
1603	-7.6859E-1	6.4341E1	4.0289E0	2.9781E6	
1604	-7.7049E-1	6.1510E1	4.0361E0	2.9803E6	
1605	-7.6965E-1	6.2755E1	4.0434E0	2.9825E6	
1606	-7.7065E-1	6.1283E1	4.0506E0	2.9847E6	
1607	-7.6942E-1	6.3095E1	4.0579E0	2.9869E6	
1608	-7.6828E-1	6.4793E1	4.0651E0	2.9892E6	
1609	-7.7110E-1	6.0604E1	4.0724E0	2.9914E6	
1610	-7.6927E-1	6.3322E1	4.0795E0	2.9936E6	
1611	-7.7179E-1	5.9585E1	4.0868E0	2.9958E6	
1612	-7.7171E-1	5.9698E1	4.0940E0	2.9980E6	
1613	-7.7011E-1	6.2076E1	4.1012E0	3.0003E6	
1614	-7.7194E-1	5.9359E1	4.1085E0	3.0025E6	
1615	-7.7187E-1	5.9472E1	4.1158E0	3.0047E6	
1616	-7.6935E-1	6.3208E1	4.1229E0	3.0069E6	
1617	-7.7171E-1	5.9698E1	4.1302E0	3.0091E6	
1618	-7.7393E-1	5.6415E1	4.1375E0	3.0114E6	
1619	-7.7034E-1	6.1736E1	4.1447E0	3.0136E6	
1620	-7.7400E-1	5.6302E1	4.1519E0	3.0158E6	
1621	-7.7164E-1	5.9812E1	4.1593E0	3.0180E6	
1622	-7.7515E-1	5.4603E1	4.1665E0	3.0202E6	
1623	-7.7209E-1	5.9132E1	4.1738E0	3.0225E6	
1624	-7.7209E-1	5.9132E1	4.1810E0	3.0247E6	
1625	-7.7354E-1	5.6981E1	4.1883E0	3.0269E6	
1626	-7.7393E-1	5.6415E1	4.1956E0	3.0291E6	
1627	-7.7301E-1	5.7773E1	4.2029E0	3.0313E6	
1628	-7.7377E-1	5.6641E1	4.2102E0	3.0336E6	
1629	-7.7415E-1	5.6075E1	4.2176E0	3.0358E6	
1630	-7.7507E-1	5.4716E1	4.2247E0	3.0380E6	
1631	-7.7538E-1	5.4263E1	4.2321E0	3.0402E6	
1632	-7.7446E-1	5.5622E1	4.2394E0	3.0424E6	
1633	-7.7560E-1	5.3924E1	4.2466E0	3.0447E6	
1634	-7.7415E-1	5.6075E1	4.2539E0	3.0469E6	
1635	-7.7766E-1	5.0867E1	4.2612E0	3.0491E6	
1636	-7.7606E-1	5.3244E1	4.2685E0	3.0513E6	
1637	-7.7591E-1	5.3471E1	4.2758E0	3.0535E6	
1638	-7.7599E-1	5.3358E1	4.2832E0	3.0558E6	
1639	-7.7766E-1	5.0867E1	4.2905E0	3.0580E6	
1640	-7.7660E-1	5.2452E1	4.2979E0	3.0602E6	
1641	-7.7576E-1	5.3697E1	4.3052E0	3.0624E6	
1642	-7.7736E-1	5.1320E1	4.3126E0	3.0646E6	
1643	-7.7759E-1	5.0980E1	4.3198E0	3.0669E6	
1644	-7.7606E-1	5.3244E1	4.3272E0	3.0691E6	
1645	-7.7820E-1	5.0074E1	4.3345E0	3.0713E6	
1646	-7.7835E-1	4.9848E1	4.3418E0	3.0735E6	
1647	-7.7766E-1	5.0867E1	4.3491E0	3.0757E6	
1648	-7.7736E-1	5.1320E1	4.3565E0	3.0780E6	
1649	-7.7896E-1	4.8942E1	4.3638E0	3.0802E6	
1650	-7.7667E-1	5.2339E1	4.3712E0	3.0824E6	
1651	-7.7850E-1	4.9621E1	4.3786E0	3.0846E6	
1652	-7.8041E-1	4.6791E1	4.3859E0	3.0868E6	
1653	-7.8133E-1	4.5432E1	4.3934E0	3.0891E6	
1654	-7.8026E-1	4.7017E1	4.4007E0	3.0913E6	
1655	-7.7980E-1	4.7696E1	4.4081E0	3.0935E6	
1656	-7.7858E-1	4.9508E1	4.4154E0	3.0957E6	
1657	-7.7850E-1	4.9621E1	4.4228E0	3.0979E6	
1658	-7.8056E-1	4.6564E1	4.4301E0	3.1002E6	
1659	-7.7911E-1	4.8715E1	4.4376E0	3.1024E6	
1660	-7.8247E-1	4.3733E1	4.4449E0	3.1046E6	
1661	-7.8209E-1	4.4300E1	4.4522E0	3.1068E6	
1662	-7.8011E-1	4.7243E1	4.4596E0	3.1090E6	
1663	-7.8011E-1	4.7243E1	4.4672E0	3.1113E6	
1664	-7.8072E-1	4.6338E1	4.4743E0	3.1135E6	
1665	-7.8285E-1	4.3167E1	4.4818E0	3.1157E6	
1666	-7.8346E-1	4.2262E1	4.4892E0	3.1179E6	
1667	-7.8186E-1	4.4639E1	4.4966E0	3.1201E6	
1668	-7.8163E-1	4.4979E1	4.5040E0	3.1224E6	
1669	-7.8278E-1	4.3281E1	4.5114E0	3.1246E6	
1670	-7.8232E-1	4.3960E1	4.5187E0	3.1268E6	
1671	-7.8445E-1	4.0790E1	4.5261E0	3.1290E6	
1672	-7.8430E-1	4.1016E1	4.5336E0	3.1312E6	
1673	-7.8636E-1	3.7959E1	4.5409E0	3.1335E6	
1674	-7.8423E-1	4.1129E1	4.5484E0	3.1357E6	
1675	-7.8369E-1	4.1922E1	4.5558E0	3.1379E6	
1676	-7.8468E-1	4.0450E1	4.5633E0	3.1401E6	
1677	-7.8392E-1	4.1582E1	4.5707E0	3.1423E6	
1678	-7.8651E-1	3.7733E1	4.5780E0	3.1446E6	
1679	-7.8514E-1	3.9771E1	4.5855E0	3.1468E6	
1680	-7.8743E-1	3.6374E1	4.5929E0	3.1490E6	
1681	-7.8568E-1	3.8978E1	4.6002E0	3.1512E6	
1682	-7.8438E-1	4.0903E1	4.6075E0	3.1534E6	
1683	-7.8796E-1	3.5581E1	4.6151E0	3.1557E6	
1684	-7.8690E-1	3.7166E1	4.6226E0	3.1579E6	
1685	-7.8590E-1	3.8638E1	4.6300E0	3.1601E6	
1686	-7.8506E-1	3.9884E1	4.6375E0	3.1623E6	
1687	-7.8728E-1	3.6600E1	4.6448E0	3.1645E6	
1688	-7.8842E-1	3.4902E1	4.6522E0	3.1668E6	
1689	-7.8934E-1	3.3543E1	4.6597E0	3.1690E6	
1690	-7.8941E-1	3.3430E1	4.6671E0	3.1712E6	
1691	-7.8781E-1	3.5808E1	4.6746E0	3.1734E6	
1692	-7.8911E-1	3.3883E1	4.6820E0	3.1756E6	
1693	-7.9010E-1	3.2411E1	4.6895E0	3.1779E6	
1694	-7.8827E-1	3.5128E1	4.6969E0	3.1801E6	
1695	-7.8972E-1	3.2977E1	4.7044E0	3.1823E6	
1696	-7.8934E-1	3.3543E1	4.7118E0	3.1845E6	
1697	-7.8987E-1	3.2751E1	4.7192E0	3.1867E6	
1698	-7.8941E-1	3.3430E1	4.7268E0	3.1890E6	
1699	-7.8896E-1	3.4109E1	4.7342E0	3.1912E6	
1700	-7.9147E-1	3.0373E1	4.7416E0	3.1934E6	
1701	-7.9124E-1	3.0713E1	4.7490E0	3.1956E6	
1702	-7.8972E-1	3.2977E1	4.7565E0	3.1978E6	
1703	-7.9018E-1	3.2298E1	4.7640E0	3.2001E6	
1704	-7.9063E-1	3.1618E1	4.7714E0	3.2023E6	
1705	-7.9094E-1	3.1165E1	4.7789E0	3.2045E6	
1706	-7.8964E-1	3.3090E1	4.7864E0	3.2067E6	
1707	-7.9582E-1	2.3919E1	4.7937E0	3.2089E6	
1708	-7.9285E-1	2.8335E1	4.8012E0	3.2112E6	
1709	-7.9124E-1	3.0713E1	4.8087E0	3.2134E6	
1710	-7.9208E-1	2.9467E1	4.8162E0	3.2156E6	
1711	-7.9170E-1	3.0033E1	4.8236E0	3.2178E6	
1712	-7.9468E-1	2.5617E1	4.8311E0	3.2200E6	
1713	-7.9170E-1	3.0033E1	4.8387E0	3.2223E6	
1714	-7.9346E-1	2.7429E1	4.8461E0	3.2245E6	
1715	-7.9460E-1	2.5731E1	4.8536E0	3.2267E6	
1716	-7.9536E-1	2.4598E1	4.8611E0	3.2289E6	
1717	-7.9376E-1	2.6976E1	4.8686E0	3.2311E6	
1718	-7.9422E-1	2.6297E1	4.8760E0	3.2334E6	
1719	-7.9636E-1	2.3126E1	4.8835E0	3.2356E6	
1720	-7.9483E-1	2.5391E1	4.8910E0	3.2378E6	
1721	-7.9536E-1	2.4598E1	4.8984E0	3.2400E6	
1722	-7.9712E-1	2.1994E1	4.9059E0	3.2422E6	
1723	-7.9529E-1	2.4712E1	4.9134E0	3.2445E6	
1724	-7.9651E-1	2.2900E1	4.9209E0	3.2467E6	
1725	-7.9483E-1	2.5391E1	4.9284E0	3.2489E6	
1726	-7.9781E-1	2.0975E1	4.9359E0	3.2511E6	
1727	-7.9712E-1	2.1994E1	4.9434E0	3.2533E6	
1728	-7.9681E-1	2.2447E1	4.9509E0	3.2556E6	
1729	-7.9720E-1	2.1881E1	4.9583E0	3.2578E6	
1730	-7.9765E-1	2.1202E1	4.9659E0	3.2600E6	
1731	-7.9491E-1	2.5278E1	4.9734E0	3.2622E6	
1732	-7.9651E-1	2.2900E1	4.9809E0	3.2644E6	
1733	-7.9704E-1	2.2107E1	4.9883E0	3.2667E6	
1734	-7.9750E-1	2.1428E1	4.9959E0	3.2689E6	
1735	-7.9826E-1	2.0296E1	5.0034E0	3.2711E6	
1736	-7.9987E-1	1.7918E1	5.0109E0	3.2733E6	
1737	-8.0101E-1	1.6220E1	5.0184E0	3.2755E6	
1738	-7.9803E-1	2.0635E1	5.0259E0	3.2778E6	
1739	-8.0078E-1	1.6559E1	5.0334E0	3.2800E6	
1740	-7.9605E-1	2.3579E1	5.0408E0	3.2822E6	
1741	-8.0170E-1	1.5201E1	5.0484E0	3.2844E6	
1742	-8.0231E-1	1.4295E1	5.0559E0	3.2866E6	
1743	-8.0040E-1	1.7125E1	5.0635E0	3.2889E6	
1744	-7.9926E-1	1.8824E1	5.0709E0	3.2911E6	
1745	-7.9857E-1	1.9843E1	5.0784E0	3.2933E6	
1746	-7.9933E-1	1.8711E1	5.0859E0	3.2955E6	
1747	-8.0086E-1	1.6446E1	5.0935E0	3.2977E6	
1748	-8.0345E-1	1.2596E1	5.1009E0	3.3000E6	
1749	-7.9956E-1	1.8371E1	5.1085E0	3.3022E6	
1750	-8.0238E-1	1.4182E1	5.1160E0	3.3044E6	
1751	-8.0360E-1	1.2370E1	5.1235E0	3.3066E6	
1752	-8.0177E-1	1.5087E1	5.1309E0	3.3088E6	
1753	-8.0193E-1	1.4861E1	5.1385E0	3.3111E6	
1754	-8.0345E-1	1.2596E1	5.1462E0	3.3133E6	
1755	-8.0414E-1	1.1577E1	5.1536E0	3.3155E6	
1756	-8.0261E-1	1.3842E1	5.1610E0	3.3177E6	
1757	-8.0338E-1	1.2710E1	5.1685E0	3.3199E6	
1758	-8.0368E-1	1.2257E1	5.1761E0	3.3222E6	
1759	-8.0635E-1	8.2938E0	5.1836E0	3.3244E6	
1760	-8.0452E-1	1.1011E1	5.1912E0	3.3266E6	
1761	-8.0475E-1	1.0672E1	5.1986E0	3.3288E6	
1762	-8.0414E-1	1.1577E1	5.2061E0	3.3310E6	
1763	-8.0338E-1	1.2710E1	5.2137E0	3.3333E6	
1764	-8.0482E-1	1.0558E1	5.2212E0	3.3355E6	
1765	-8.0269E-1	1.3729E1	5.2286E0	3.3377E6	
1766	-8.0833E-1	5.3500E0	5.2362E0	3.3399E6	
1767	-8.0254E-1	1.3955E1	5.2437E0	3.3421E6	
1768	-8.0704E-1	7.2748E0	5.2512E0	3.3444E6	
1769	-8.0750E-1	6.5954E0	5.2587E0	3.3466E6	
1770	-8.0597E-1	8.8600E0	5.2662E0	3.3488E6	
1771	-8.0826E-1	5.4632E0	5.2737E0	3.3510E6	
1772	-8.0681E-1	7.6145E0	5.2812E0	3.3532E6	
1773	-8.0856E-1	5.0103E0	5.2888E0	3.3555E6	
1774	-8.0780E-1	6.1425E0	5.2963E0	3.3577E6	
1775	-8.0887E-1	4.5574E0	5.3038E0	3.3599E6	
1776	-8.0879E-1	4.6706E0	5.3112E0	3.3621E6	
1777	-8.0803E-1	5.8029E0	5.3188E0	3.3643E6	
1778	-8.0849E-1	5.1235E0	5.3262E0	3.3666E6	
1779	-8.0910E-1	4.2177E0	5.3338E0	3.3688E6	
1780	-8.0917E-1	4.1045E0	5.3413E0	3.3710E6	
1781	-8.0734E-1	6.8219E0	5.3487E0	3.3732E6	
1782	-8.0894E-1	4.4442E0	5.3562E0	3.3754E6	
1783	-8.0879E-1	4.6706E0	5.3637E0	3.3777E6	
1784	-8.0902E-1	4.3309E0	5.3713E0	3.3799E6	
1785	-8.1268E-1	-1.1039E0	5.3788E0	3.3821E6	
1786	-8.1100E-1	1.3871E0	5.3863E0	3.3843E6	
1787	-8.1024E-1	2.5193E0	5.3938E0	3.3865E6	
1788	-8.0803E-1	5.8029E0	5.4014E0	3.3888E6	
1789	-8.0940E-1	3.7648E0	5.4041E0	3.3896E6	
1790	-8.0940E-1	3.7648E0	5.4041E0	3.3896E6	
1791	-8.0940E-1	3.7648E0	5.4041E0	3.3896E6	
1792	-8.0940E-1	3.7648E0	5.4041E0	3.3896E6	
1793	-8.0940E-1	3.7648E0	5.4041E0	3.3896E6	
1794	-8.0940E-1	3.7648E0	5.4041E0	3.3896E6	
1795	-8.0940E-1	3.7648E0	5.4041E0	3.3896E6	
1796	-8.0940E-1	3.7648E0	5.4041E0	3.3896E6	
1797	-8.0940E-1	3.7648E0	5.4041E0	3.3896E6	
1798	-8.0940E-1	3.7648E0	5.4041E0	3.3896E6	
1799	-8.0940E-1	3.7648E0	5.4041E0	3.3896E6	
1800	-8.0940E-1	3.7648E0	5.4041E0	3.3896E6	
1801	-8.0940E-1	3.7648E0	5.4041E0	3.3896E6	
1802	-8.0940E-1	3.7648E0	5.4041E0	3.3896E6	
1803	-8.0940E-1	3.7648E0	5.4041E0	3.3896E6	
1804	-8.0940E-1	3.7648E0	5.4041E0	3.3896E6	
1805	-8.0940E-1	3.7648E0	5.4041E0	3.3896E6	
1806	-8.0940E-1	3.7648E0	5.4041E0	3.3896E6	
1807	-8.0940E-1	3.7648E0	5.4041E0	3.3896E6	
1808	-8.0940E-1	3.7648E0	5.4041E0	3.3896E6	
1809	-8.0940E-1	3.7648E0	5.4041E0	3.3896E6	
1810	-8.0940E-1	3.7648E0	5.4041E0	3.3896E6	
1811	-8.0940E-1	3.7648E0	5.4041E0	3.3896E6	
1812	-8.0940E-1	3.7648E0	5.4041E0	3.3896E6	
1813	-8.0940E-1	3.7648E0	5.4041E0	3.3896E6	
1814	-8.0940E-1	3.7648E0	5.4041E0	3.3896E6	
1815	-8.0940E-1	3.7648E0	5.4041E0	3.3896E6	
1816	-8.0940E-1	3.7648E0	5.4041E0	3.3896E6	
1817	-8.0940E-1	3.7648E0	5.4041E0	3.3896E6	
1818	-8.0940E-1	3.7648E0	5.4041E0	3.3896E6	
1819	-8.0940E-1	3.7648E0	5.4041E0	3.3896E6	
1820	-8.0940E-1	3.7648E0	5.4041E0	3.3896E6	
1821	-8.0940E-1	3.7648E0	5.4041E0	3.3896E6	
1822	-8.0940E-1	3.7648E0	5.4041E0	3.3896E6	
1823	-8.0940E-1	3.7648E0	5.4041E0	3.3896E6	
1824	-8.0940E-1	3.7648E0	5.4041E0	3.3896E6	
1825	-8.0940E-1	3.7648E0	5.4041E0	3.3896E6	
1826	-8.0940E-1	3.7648E0	5.4041E0	3.3896E6	
1827	-8.0940E-1	3.7648E0	5.4041E0	3.3896E6	
1828	-8.0940E-1	3.7648E0	5.4041E0	3.3896E6	
1829	-8.0940E-1	3.7648E0	5.4041E0	3.3896E6	
1830	-8.0940E-1	3.7648E0	5.4041E0	3.3896E6	
1831	-8.0940E-1	3.7648E0	5.4041E0	3.3896E6	
1832	-8.0940E-1	3.7648E0	5.4041E0	3.3896E6	
1833	-8.0940E-1	3.7648E0	5.4041E0	3.3896E6	
1834	-8.0940E-1	3.7648E0	5.4041E0	3.3896E6	
1835	-8.0940E-1	3.7648E0	5.4041E0	3.3896E6	
1836	-8.0940E-1	3.7648E0	5.4041E0	3.3896E6	
1837	-8.0940E-1	3.7648E0	5.4041E0	3.3896E6	
1838	-8.0940E-1	3.7648E0	5.4041E0	3.3896E6	
1839	-8.0940E-1	3.7648E0	5.4041E0	3.3896E6	
1840	-8.0940E-1	3.7648E0	5.4041E0	3.3896E6	
1841	-8.0940E-1	3.7648E0	5.4041E0	3.3896E6	
1842	-8.0940E-1	3.7648E0	5.4041E0	3.3896E6	
1843	-8.0940E-1	3.7648E0	5.4041E0	3.3896E6	
1844	-8.0940E-1	3.7648E0	5.4041E0	3.3896E6	
1845	-8.0940E-1	3.7648E0	5.4041E0	3.3896E6	
1846	-8.0940E-1	3.7648E0	5.4041E0	3.3896E6	
1847	-8.0940E-1	3.7648E0	5.4041E0	3.3896E6	
1848	-8.0940E-1	3.7648E0	5.4041E0	3.3896E6	
1849	-8.0940E-1	3.7648E0	5.4041E0	3.3896E6	
1850	-8.0940E-1	3.7648E0	5.4041E0	3.3896E6	
1851	-8.0940E-1	3.7648E0	5.4041E0	3.3896E6	
1852	-8.0940E-1	3.7648E0	5.4041E0	3.3896E6	
1853	-8.0940E-1	3.7648E0	5.4041E0	3.3896E6	
1854	-8.0940E-1	3.7648E0	5.4041E0	3.3896E6	
1855	-8.0940E-1	3.7648E0	5.4041E0	3.3896E6	
1856	-8.0940E-1	3.7648E0	5.4041E0	3.3896E6	
1857	-8.0940E-1	3.7648E0	5.4041E0	3.3896E6	
1858	-8.0940E-1	3.7648E0	5.4041E0	3.3896E6	
1859	-8.0940E-1	3.7648E0	5.4041E0	3.3896E6	
1860	-8.0940E-1	3.7648E0	5.4041E0	3.3896E6	
1861	-8.0940E-1	3.7648E0	5.4041E0	3.3896E6	
1862	-8.0940E-1	3.7648E0	5.4041E0	3.3896E6	
1863	-8.0940E-1	3.7648E0	5.4041E0	3.3896E6	
1864	-8.0940E-1	3.7648E0	5.4041E0	3.3896E6	
1865	-8.0940E-1	3.7648E0	5.4041E0	3.3896E6	
1866	-8.0940E-1	3.7648E0	5.4041E0	3.3896E6	
1867	-8.0940E-1	3.7648E0	5.4041E0	3.3896E6	
1868	-8.0940E-1	3.7648E0	5.4041E0	3.3896E6	
1869	-8.0940E-1	3.7648E0	5.4041E0	3.3896E6	
1870	-8.0940E-1	3.7648E0	5.4041E0	3.3896E6	
1871	-8.0940E-1	3.7648E0	5.4041E0	3.3896E6	
1872	-8.0940E-1	3.7648E0	5.4041E0	3.3896E6	
1873	-8.0940E-1	3.7648E0	5.4041E0	3.3896E6	
1874	-8.0940E-1	3.7648E0	5.4041E0	3.3896E6	
1875	-8.0940E-1	3.7648E0	5.4041E0	3.3896E6	
1876	-8.0940E-1	3.7648E0	5.4041E0	3.3896E6	
1877	-8.0940E-1	3.7648E0	5.4041E0	3.3896E6	
1878	-8.0940E-1	3.7648E0	5.4041E0	3.3896E6	
1879	-8.0940E-1	3.7648E0	5.4041E0	3.3896E6	
1880	-8.0940E-1	3.7648E0	5.4041E0	3.3896E6	
1881	-8.0940E-1	3.7648E0	5.4041E0	3.3896E6	
1882	-8.0940E-1	3.7648E0	5.4041E0	3.3896E6	
1883	-8.0940E-1	3.7648E0	5.4041E0	3.3896E6	
1884	-8.0940E-1	3.7648E0	5.4041E0	3.3896E6	
1885	-8.0940E-1	3.7648E0	5.4041E0	3.3896E6	
1886	-8.0940E-1	3.7648E0	5.4041E0	3.3896E6	
1887	-8.0940E-1	3.7648E0	5.4041E0	3.3896E6	
1888	-8.0940E-1	3.7648E0	5.4041E0	3.3896E6	
1889	-8.0940E-1	3.7648E0	5.4041E0	3.3896E6	
1890	-8.0940E-1	3.7648E0	5.4041E0	3.3896E6	
1891	-8.0940E-1	3.7648E0	5.4041E0	3.3896E6	
1892	-8.0940E-1	3.7648E0	5.4041E0	3.3896E6	
1893	-8.0940E-1	3.7648E0	5.4041E0	3.3896E6	
1894	-8.0940E-1	3.7648E0	5.4041E0	3.3896E6	
1895	-8.0940E-1	3.7648E0	5.4041E0	3.3896E6	
1896	-8.0940E-1	3.7648E0	5.4041E0	3.3896E6	
1897	-8.0940E-1	3.7648E0	5.4041E0	3.3896E6	
1898	-8.0940E-1	3.7648E0	5.4041E0	3.3896E6	
1899	-8.0940E-1	3.7648E0	5.4041E0	3.3896E6	
1900	-8.0940E-1	3.7648E0	5.4041E0	3.3896E6	
1901	-8.0940E-1	3.7648E0	5.4041E0	3.3896E6	
1902	-8.0940E-1	3.7648E0	5.4041E0	3.3896E6	
1903	-8.0940E-1	3.7648E0	5.4041E0	3.3896E6	
1904	-8.0940E-1	3.7648E0	5.4041E0	3.3896E6	
1905	-8.0940E-1	3.7648E0	5.4041E0	3.3896E6	
1906	-8.0940E-1	3.7648E0	5.4041E0	3.3896E6	
1907	-8.0940E-1	3.7648E0	5.4041E0	3.3896E6	
1908	-8.0940E-1	3.7648E0	5.4041E0	3.3896E6	
1909	-8.0940E-1	3.7648E0	5.4041E0	3.3896E6	
1910	-8.0940E-1	3.7648E0	5.4041E0	3.3896E6	
1911	-8.0940E-1	3.7648E0	5.4041E0	3.3896E6	
1912	-8.0940E-1	3.7648E0	5.4041E0	3.3896E6	
1913	-8.0940E-1	3.7648E0	5.4041E0	3.3896E6	
1914	-8.0940E-1	3.7648E0	5.4041E0	3.3896E6	
1915	-8.0940E-1	3.7648E0	5.4041E0	3.3896E6	
1916	-8.0940E-1	3.7648E0	5.4041E0	3.3896E6	
1917	-8.0940E-1	3.7648E0	5.4041E0	3.3896E6	
1918	-8.0940E-1	3.7648E0	5.4041E0	3.3896E6	
1919	-8.0940E-1	3.7648E0	5.4041E0	3.3896E6	
1920	-8.0940E-1	3.7648E0	5.4041E0	3.3896E6	
1921	-8.0940E-1	3.7648E0	5.4041E0	3.3896E6	
1922	-8.0940E-1	3.7648E0	5.4041E0	3.3896E6	
1923	-8.0940E-1	3.7648E0	5.4041E0	3.3896E6	
1924	-8.0940E-1	3.7648E0	5.4041E0	3.3896E6	
1925	-8.0940E-1	3.7648E0	5.4041E0	3.3896E6	
1926	-8.0940E-1	3.7648E0	5.4041E0	3.3896E6	
1927	-8.0940E-1	3.7648E0	5.4041E0	3.3896E6	
1928	-8.0940E-1	3.7648E0	5.4041E0	3.3896E6	
1929	-8.0940E-1	3.7648E0	5.4041E0	3.3896E6	
1930	-8.0940E-1	3.7648E0	5.4041E0	3.3896E6	
1931	-8.0940E-1	3.7648E0	5.4041E0	3.3896E6	
1932	-8.0940E-1	3.7648E0	5.4041E0	3.3896E6	
1933	-8.0940E-1	3.7648E0	5.4041E0	3.3896E6	
1934	-8.0940E-1	3.7648E0	5.4041E0	3.3896E6	
1935	-8.0940E-1	3.7648E0	5.4041E0	3.3896E6	
1936	-8.0940E-1	3.7648E0	5.4041E0	3.3896E6	
1937	-8.0940E-1	3.7648E0	5.4041E0	3.3896E6	
1938	-8.0940E-1	3.7648E0	5.4041E0	3.3896E6	
1939	-8.0940E-1	3.7648E0	5.4041E0	3.3896E6	
1940	-8.0940E-1	3.7648E0	5.4041E0	3.3896E6	
1941	-8.0940E-1	3.7648E0	5.4041E0	3.3896E6	
1942	-8.0940E-1	3.7648E0	5.4041E0	3.3896E6	
1943	-8.0940E-1	3.7648E0	5.4041E0	3.3896E6	
1944	-8.0940E-1	3.7648E0	5.4041E0	3.3896E6	
1945	-8.0940E-1	3.7648E0	5.4041E0	3.3896E6	
1946	-8.0940E-1	3.7648E0	5.4041E0	3.3896E6	
1947	-8.0940E-1	3.7648E0	5.4041E0	3.3896E6	
1948	-8.0940E-1	3.7648E0	5.4041E0	3.3896E6	
1949	-8.0940E-1	3.7648E0	5.4041E0	3.3896E6	
1950	-8.0940E-1	3.7648E0	5.4041E0	3.3896E6	
1951	-8.0940E-1	3.7648E0	5.4041E0	3.3896E6	
1952	-8.0940E-1	3.7648E0	5.4041E0	3.3896E6	
1953	-8.0940E-1	3.7648E0	5.4041E0	3.3896E6	
1954	-8.0940E-1	3.7648E0	5.4041E0	3.3896E6	
1955	-8.0940E-1	3.7648E0	5.4041E0	3.3896E6	
1956	-8.0940E-1	3.7648E0	5.4041E0	3.3896E6	
1957	-8.0940E-1	3.7648E0	5.4041E0	3.3896E6	
1958	-8.0940E-1	3.7648E0	5.4041E0	3.3896E6	
1959	-8.0940E-1	3.7648E0	5.4041E0	3.3896E6	
1960	-8.0940E-1	3.7648E0	5.4041E0	3.3896E6	
1961	-8.0940E-1	3.7648E0	5.4041E0	3.3896E6	
1962	-8.0940E-1	3.7648E0	5.4041E0	3.3896E6	
1963	-8.0940E-1	3.7648E0	5.4041E0	3.3896E6	
1964	-8.0940E-1	3.7648E0	5.4041E0	3.3896E6	
1965	-8.0940E-1	3.7648E0	5.4041E0	3.3896E6	
1966	-8.0940E-1	3.7648E0	5.4041E0	3.3896E6	
1967	-8.0940E-1	3.7648E0	5.4041E0	3.3896E6	
1968	-8.0940E-1	3.7648E0	5.4041E0	3.3896E6	
1969	-8.0940E-1	3.7648E0	5.4041E0	3.3896E6	
1970	-8.0940E-1	3.7648E0	5.4041E0	3.3896E6	
1971	-8.0940E-1	3.7648E0	5.4041E0	3.3896E6	
1972	-8.0940E-1	3.7648E0	5.4041E0	3.3896E6	
1973	-8.0940E-1	3.7648E0	5.4041E0	3.3896E6	
1974	-8.0940E-1	3.7648E0	5.4041E0	3.3896E6	
1975	-8.0940E-1	3.7648E0	5.4041E0	3.3896E6	
1976	-8.0940E-1	3.7648E0	5.4041E0	3.3896E6	
1977	-8.0940E-1	3.7648E0	5.4041E0	3.3896E6	
1978	-8.0940E-1	3.7648E0	5.4041E0	3.3896E6	
1979	-8.0940E-1	3.7648E0	5.4041E0	3.3896E6	
1980	-8.0940E-1	3.7648E0	5.4041E0	3.3896E6	
1981	-8.0940E-1	3.7648E0	5.4041E0	3.3896E6	
1982	-8.0940E-1	3.7648E0	5.4041E0	3.3896E6	
1983	-8.0940E-1	3.7648E0	5.4041E0	3.3896E6	
1984	-8.0940E-1	3.7648E0	5.4041E0	3.3896E6	
1985	-8.0940E-1	3.7648E0	5.4041E0	3.3896E6	
1986	-8.0940E-1	3.7648E0	5.4041E0	3.3896E6	
1987	-8.0940E-1	3.7648E0	5.4041E0	3.3896E6	
1988	-8.0940E-1	3.7648E0	5.4041E0	3.3896E6	
1989	-8.0940E-1	3.7648E0	5.4041E0	3.3896E6	
1990	-8.0940E-1	3.7648E0	5.4041E0	3.3896E6	
1991	-8.0940E-1	3.7648E0	5.4041E0	3.3896E6	
1992	-8.0940E-1	3.7648E0	5.4041E0	3.3896E6	
1993	-8.0940E-1	3.7648E0	5.4041E0	3.3896E6	
1994	-8.0940E-1	3.7648E0	5.4041E0	3.3896E6	
1995	-8.0940E-1	3.7648E0	5.4041E0	3.3896E6	
1996	-8.0940E-1	3.7648E0	5.4041E0	3.3896E6	
1997	-8.0940E-1	3.7648E0	5.4041E0	3.3896E6	
1998	-8.0940E-1	3.7648E0	5.4041E0	3.3896E6	
1999	-8.0940E-1	3.7648E0	5.4041E0	3.3896E6	
2000	-8.0940E-1	3.7648E0	5.4041E0	3.3896E6	
2001	-8.0940E-1	3.7648E0	5.4041E0	3.3896E6	
2002	-8.0940E-1	3.7648E0	5.4041E0	3.3896E6	
2003	-8.0940E-1	3.7648E0	5.4041E0	3.3896E6	
2004	-8.0940E-1	3.7648E0	5.4041E0	3.3896E6	
2005	-8.0940E-1	3.7648E0	5.4041E0	3.3896E6	
2006	-8.0940E-1	3.7648E0	5.4041E0	3.3896E6	
2007	-8.0940E-1	3.7648E0	5.4041E0	3.3896E6	
2008	-8.0940E-1	3.7648E0	5.4041E0	3.3896E6	
2009	-8.0940E-1	3.7648E0	5.4041E0	3.3896E6	
2010	-8.0940E-1	3.7648E0	5.4041E0	3.3896E6	
2011	-8.0940E-1	3.7648E0	5.4041E0	3.3896E6	
2012	-8.0940E-1	3.7648E0	5.4041E0	3.3896E6	
2013	-8.0940E-1	3.7648E0	5.4041E0	3.3896E6	
2014	-8.0940E-1	3.7648E0	5.4041E0	3.3896E6	
2015	-8.0940E-1	3.7648E0	5.4041E0	3.3896E6	
2016	-8.0940E-1	3.7648E0	5.4041E0	3.3896E6	
2017	-8.0940E-1	3.7648E0	5.4041E0	3.3896E6	
2018	-8.0940E-1	3.7648E0	5.4041E0	3.3896E6	
2019	-8.0940E-1	3.7648E0	5.4041E0	3.3896E6	
2020	-8.0940E-1	3.7648E0	5.4041E0	3.3896E6	
2021	-8.0940E-1	3.7648E0	5.4041E0	3.3896E6	
2022	-8.0940E-1	3.7648E0	5.4041E0	3.3896E6	
2023	-8.0940E-1	3.7648E0	5.4041E0	3.3896E6	
2024	-8.0940E-1	3.7648E0	5.4041E0	3.3896E6	
2025	-8.0940E-1	3.7648E0	5.4041E0	3.3896E6	
2026	-8.0940E-1	3.7648E0	5.4041E0	3.3896E6	
2027	-8.0940E-1	3.7648E0	5.4041E0	3.3896E6	
2028	-8.0940E-1	3.7648E0	5.4041E0	3.3896E6	
2029	-8.0940E-1	3.7648E0	5.4041E0	3.3896E6	
2030	-8.0940E-1	3.7648E0	5.4041E0	3.3896E6	
2031	-8.0940E-1	3.7648E0	5.4041E0	3.3896E6	
2032	-8.0940E-1	3.7648E0	5.4041E0	3.3896E6	
2033	-8.0940E-1	3.7648E0	5.4041E0	3.3896E6	
2034	-8.0940E-1	3.7648E0	5.4041E0	3.3896E6	
2035	-8.0940E-1	3.7648E0	5.4041E0	3.3896E6	
2036	-8.0940E-1	3.7648E0	5.4041E0	3.3896E6	
2037	-8.0940E-1	3.7648E0	5.4041E0	3.3896E6	
2038	-8.0940E-1	3.7648E0	5.4041E0	3.3896E6	
2039	-8.0940E-1	3.7648E0	5.4041E0	3.3896E6	
2040	-8.0940E-1	3.7648E0	5.4041E0	3.3896E6	
2041	-8.0940E-1	3.7648E0	5.4041E0	3.3896E6	
2042	-8.0940E-1	3.7648E0	5.4041E0	3.3896E6	
2043	-8.0940E-1	3.7648E0	5.4041E0	3.3896E6	
2044	-8.0940E-1	3.7648E0	5.4041E0	3.3896E6	
2045	-8.0940E-1	3.7648E0	5.4041E0	3.3896E6	
2046	-8.0940E-1	3.7648E0	5.4041E0	3.3896E6	
2047	-8.0940E-1	3.7648E0	5.4041E0	3.3896E6	
2048	-8.0940E-1	3.7648E0	5.4041E0	3.3896E6	
