point 138
Index	Vertical (A-B)	Force	Z Height	Time Stamp	
     	V	nN	?m	?sec	
1	-8.1322E-1	4.8129E-1	5.5401E0	1.2000E2	
2	-8.1291E-1	9.3420E-1	5.5387E0	2.3400E3	
3	-8.1291E-1	9.3420E-1	5.5360E0	4.5600E3	
4	-8.1184E-1	2.5194E0	5.5329E0	6.7800E3	
5	-8.1329E-1	3.6807E-1	5.5295E0	9.0000E3	
6	-8.1352E-1	2.8389E-2	5.5260E0	1.1220E4	
7	-8.1299E-1	8.2097E-1	5.5221E0	1.3440E4	
8	-8.1238E-1	1.7268E0	5.5183E0	1.5660E4	
9	-8.1284E-1	1.0474E0	5.5144E0	1.7880E4	
10	-8.1161E-1	2.8590E0	5.5102E0	2.0100E4	
11	-8.1375E-1	-3.1129E-1	5.5060E0	2.2320E4	
12	-8.1207E-1	2.1797E0	5.5017E0	2.4540E4	
13	-8.1100E-1	3.7648E0	5.4975E0	2.6760E4	
14	-8.1223E-1	1.9532E0	5.4930E0	2.8980E4	
15	-8.1261E-1	1.3871E0	5.4886E0	3.1200E4	
16	-8.1001E-1	5.2368E0	5.4841E0	3.3420E4	
17	-8.1009E-1	5.1235E0	5.4797E0	3.5640E4	
18	-8.0986E-1	5.4632E0	5.4752E0	3.7860E4	
19	-8.1329E-1	3.6807E-1	5.4706E0	4.0080E4	
20	-8.1306E-1	7.0774E-1	5.4661E0	4.2300E4	
21	-8.0940E-1	6.1426E0	5.4615E0	4.4520E4	
22	-8.1139E-1	3.1987E0	5.4568E0	4.6740E4	
23	-8.0956E-1	5.9161E0	5.4522E0	4.8960E4	
24	-8.0887E-1	6.9352E0	5.4474E0	5.1180E4	
25	-8.0849E-1	7.5013E0	5.4429E0	5.3400E4	
26	-8.0978E-1	5.5765E0	5.4381E0	5.5620E4	
27	-8.0917E-1	6.4823E0	5.4333E0	5.7840E4	
28	-8.0902E-1	6.7087E0	5.4286E0	6.0060E4	
29	-8.0978E-1	5.5765E0	5.4237E0	6.2280E4	
30	-8.0872E-1	7.1616E0	5.4190E0	6.4500E4	
31	-8.0910E-1	6.5955E0	5.4143E0	6.6720E4	
32	-8.0780E-1	8.5203E0	5.4095E0	6.8940E4	
33	-8.0818E-1	7.9542E0	5.4046E0	7.1160E4	
34	-8.0780E-1	8.5203E0	5.3998E0	7.3380E4	
35	-8.0864E-1	7.2748E0	5.3949E0	7.5600E4	
36	-8.0666E-1	1.0219E1	5.3900E0	7.7820E4	
37	-8.0833E-1	7.7277E0	5.3852E0	8.0040E4	
38	-8.0849E-1	7.5013E0	5.3803E0	8.2260E4	
39	-8.0460E-1	1.3276E1	5.3754E0	8.4480E4	
40	-8.0681E-1	9.9923E0	5.3705E0	8.6700E4	
41	-8.0627E-1	1.0785E1	5.3656E0	8.8920E4	
42	-8.0589E-1	1.1351E1	5.3607E0	9.1140E4	
43	-8.0513E-1	1.2483E1	5.3557E0	9.3360E4	
44	-8.0704E-1	9.6526E0	5.3509E0	9.5580E4	
45	-8.0727E-1	9.3129E0	5.3458E0	9.7800E4	
46	-8.0673E-1	1.0105E1	5.3408E0	1.0002E5	
47	-8.0811E-1	8.0674E0	5.3359E0	1.0224E5	
48	-8.0299E-1	1.5654E1	5.3309E0	1.0446E5	
49	-8.0589E-1	1.1351E1	5.3260E0	1.0668E5	
50	-8.0597E-1	1.1238E1	5.3210E0	1.0890E5	
51	-8.0437E-1	1.3615E1	5.3161E0	1.1112E5	
52	-8.0643E-1	1.0558E1	5.3110E0	1.1334E5	
53	-8.0315E-1	1.5427E1	5.3059E0	1.1556E5	
54	-8.0536E-1	1.2144E1	5.3009E0	1.1778E5	
55	-8.0276E-1	1.5993E1	5.2958E0	1.2000E5	
56	-8.0391E-1	1.4295E1	5.2909E0	1.2222E5	
57	-8.0338E-1	1.5087E1	5.2857E0	1.2444E5	
58	-8.0414E-1	1.3955E1	5.2807E0	1.2666E5	
59	-8.0299E-1	1.5654E1	5.2756E0	1.2888E5	
60	-8.0231E-1	1.6673E1	5.2705E0	1.3110E5	
61	-8.0269E-1	1.6106E1	5.2655E0	1.3332E5	
62	-8.0254E-1	1.6333E1	5.2604E0	1.3554E5	
63	-8.0421E-1	1.3842E1	5.2553E0	1.3776E5	
64	-8.0078E-1	1.8937E1	5.2503E0	1.3998E5	
65	-8.0467E-1	1.3163E1	5.2452E0	1.4220E5	
66	-8.0269E-1	1.6106E1	5.2400E0	1.4442E5	
67	-8.0330E-1	1.5201E1	5.2348E0	1.4664E5	
68	-8.0414E-1	1.3955E1	5.2298E0	1.4886E5	
69	-8.0383E-1	1.4408E1	5.2245E0	1.5108E5	
70	-8.0414E-1	1.3955E1	5.2196E0	1.5330E5	
71	-8.0170E-1	1.7578E1	5.2143E0	1.5552E5	
72	-8.0276E-1	1.5993E1	5.2092E0	1.5774E5	
73	-8.0284E-1	1.5880E1	5.2041E0	1.5996E5	
74	-8.0215E-1	1.6899E1	5.1989E0	1.6218E5	
75	-8.0421E-1	1.3842E1	5.1937E0	1.6440E5	
76	-8.0345E-1	1.4974E1	5.1885E0	1.6662E5	
77	-8.0200E-1	1.7125E1	5.1832E0	1.6884E5	
78	-8.0238E-1	1.6559E1	5.1781E0	1.7106E5	
79	-8.0292E-1	1.5767E1	5.1729E0	1.7328E5	
80	-7.9971E-1	2.0522E1	5.1676E0	1.7550E5	
81	-8.0238E-1	1.6559E1	5.1624E0	1.7772E5	
82	-8.0170E-1	1.7578E1	5.1573E0	1.7994E5	
83	-8.0177E-1	1.7465E1	5.1520E0	1.8216E5	
84	-8.0231E-1	1.6673E1	5.1468E0	1.8438E5	
85	-8.0002E-1	2.0069E1	5.1416E0	1.8660E5	
86	-8.0009E-1	1.9956E1	5.1363E0	1.8882E5	
87	-8.0315E-1	1.5427E1	5.1311E0	1.9104E5	
88	-8.0116E-1	1.8371E1	5.1257E0	1.9326E5	
89	-7.9979E-1	2.0409E1	5.1205E0	1.9548E5	
90	-8.0078E-1	1.8937E1	5.1153E0	1.9770E5	
91	-8.0162E-1	1.7692E1	5.1100E0	1.9992E5	
92	-7.9971E-1	2.0522E1	5.1047E0	2.0214E5	
93	-7.9948E-1	2.0862E1	5.0995E0	2.0436E5	
94	-7.9796E-1	2.3126E1	5.0940E0	2.0658E5	
95	-8.0223E-1	1.6786E1	5.0888E0	2.0880E5	
96	-7.9971E-1	2.0522E1	5.0835E0	2.1102E5	
97	-8.0093E-1	1.8711E1	5.0782E0	2.1324E5	
98	-7.9887E-1	2.1768E1	5.0729E0	2.1546E5	
99	-7.9720E-1	2.4259E1	5.0676E0	2.1768E5	
100	-7.9926E-1	2.1202E1	5.0621E0	2.1990E5	
101	-7.9765E-1	2.3579E1	5.0569E0	2.2212E5	
102	-7.9773E-1	2.3466E1	5.0515E0	2.2434E5	
103	-7.9872E-1	2.1994E1	5.0462E0	2.2656E5	
104	-7.9605E-1	2.5957E1	5.0410E0	2.2878E5	
105	-7.9865E-1	2.2107E1	5.0356E0	2.3100E5	
106	-7.9796E-1	2.3126E1	5.0301E0	2.3322E5	
107	-7.9803E-1	2.3013E1	5.0248E0	2.3544E5	
108	-8.0002E-1	2.0069E1	5.0194E0	2.3766E5	
109	-7.9590E-1	2.6184E1	5.0140E0	2.3988E5	
110	-7.9521E-1	2.7203E1	5.0087E0	2.4210E5	
111	-7.9491E-1	2.7655E1	5.0031E0	2.4432E5	
112	-7.9636E-1	2.5504E1	4.9979E0	2.4654E5	
113	-7.9475E-1	2.7882E1	4.9924E0	2.4876E5	
114	-7.9361E-1	2.9580E1	4.9870E0	2.5098E5	
115	-7.9468E-1	2.7995E1	4.9816E0	2.5320E5	
116	-7.9529E-1	2.7089E1	4.9763E0	2.5542E5	
117	-7.9384E-1	2.9241E1	4.9709E0	2.5764E5	
118	-7.9445E-1	2.8335E1	4.9654E0	2.5986E5	
119	-7.9323E-1	3.0146E1	4.9599E0	2.6208E5	
120	-7.9376E-1	2.9354E1	4.9545E0	2.6430E5	
121	-7.9346E-1	2.9807E1	4.9489E0	2.6652E5	
122	-7.9315E-1	3.0260E1	4.9436E0	2.6874E5	
123	-7.9353E-1	2.9694E1	4.9381E0	2.7096E5	
124	-7.9208E-1	3.1845E1	4.9328E0	2.7318E5	
125	-7.9178E-1	3.2298E1	4.9272E0	2.7540E5	
126	-7.9247E-1	3.1279E1	4.9216E0	2.7762E5	
127	-7.9155E-1	3.2637E1	4.9162E0	2.7984E5	
128	-7.9048E-1	3.4223E1	4.9108E0	2.8206E5	
129	-7.9155E-1	3.2637E1	4.9052E0	2.8428E5	
130	-7.9330E-1	3.0033E1	4.8998E0	2.8650E5	
131	-7.9277E-1	3.0826E1	4.8942E0	2.8872E5	
132	-7.8896E-1	3.6487E1	4.8888E0	2.9094E5	
133	-7.9292E-1	3.0599E1	4.8833E0	2.9316E5	
134	-7.9155E-1	3.2637E1	4.8778E0	2.9538E5	
135	-7.8987E-1	3.5128E1	4.8723E0	2.9760E5	
136	-7.9269E-1	3.0939E1	4.8667E0	2.9982E5	
137	-7.8789E-1	3.8072E1	4.8611E0	3.0204E5	
138	-7.8926E-1	3.6034E1	4.8556E0	3.0426E5	
139	-7.9041E-1	3.4336E1	4.8501E0	3.0648E5	
140	-7.9010E-1	3.4789E1	4.8445E0	3.0870E5	
141	-7.8789E-1	3.8072E1	4.8390E0	3.1092E5	
142	-7.9056E-1	3.4109E1	4.8335E0	3.1314E5	
143	-7.8888E-1	3.6600E1	4.8278E0	3.1536E5	
144	-7.9056E-1	3.4109E1	4.8223E0	3.1758E5	
145	-7.9018E-1	3.4675E1	4.8168E0	3.1980E5	
146	-7.8949E-1	3.5694E1	4.8111E0	3.2202E5	
147	-7.8873E-1	3.6827E1	4.8056E0	3.2424E5	
148	-7.8789E-1	3.8072E1	4.7999E0	3.2646E5	
149	-7.9117E-1	3.3204E1	4.7944E0	3.2868E5	
150	-7.8972E-1	3.5355E1	4.7888E0	3.3090E5	
151	-7.8987E-1	3.5128E1	4.7832E0	3.3312E5	
152	-7.9025E-1	3.4562E1	4.7776E0	3.3534E5	
153	-7.8979E-1	3.5242E1	4.7720E0	3.3756E5	
154	-7.9079E-1	3.3770E1	4.7664E0	3.3978E5	
155	-7.8880E-1	3.6714E1	4.7608E0	3.4200E5	
156	-7.8796E-1	3.7959E1	4.7552E0	3.4422E5	
157	-7.8850E-1	3.7166E1	4.7495E0	3.4644E5	
158	-7.8873E-1	3.6827E1	4.7438E0	3.4866E5	
159	-7.8835E-1	3.7393E1	4.7382E0	3.5088E5	
160	-7.8857E-1	3.7053E1	4.7325E0	3.5310E5	
161	-7.8873E-1	3.6827E1	4.7269E0	3.5532E5	
162	-7.8857E-1	3.7053E1	4.7213E0	3.5754E5	
163	-7.8651E-1	4.0110E1	4.7156E0	3.5976E5	
164	-7.8598E-1	4.0903E1	4.7098E0	3.6198E5	
165	-7.8827E-1	3.7506E1	4.7042E0	3.6420E5	
166	-7.9002E-1	3.4902E1	4.6985E0	3.6642E5	
167	-7.8819E-1	3.7619E1	4.6928E0	3.6864E5	
168	-7.8796E-1	3.7959E1	4.6872E0	3.7086E5	
169	-7.8766E-1	3.8412E1	4.6814E0	3.7308E5	
170	-7.8735E-1	3.8865E1	4.6758E0	3.7530E5	
171	-7.8705E-1	3.9318E1	4.6701E0	3.7752E5	
172	-7.8568E-1	4.1356E1	4.6643E0	3.7974E5	
173	-7.8552E-1	4.1582E1	4.6586E0	3.8196E5	
174	-7.8453E-1	4.3054E1	4.6528E0	3.8418E5	
175	-7.8667E-1	3.9884E1	4.6472E0	3.8640E5	
176	-7.8560E-1	4.1469E1	4.6415E0	3.8862E5	
177	-7.8926E-1	3.6034E1	4.6357E0	3.9084E5	
178	-7.8468E-1	4.2828E1	4.6299E0	3.9306E5	
179	-7.8789E-1	3.8072E1	4.6242E0	3.9528E5	
180	-7.8659E-1	3.9997E1	4.6184E0	3.9750E5	
181	-7.8674E-1	3.9771E1	4.6127E0	3.9972E5	
182	-7.8331E-1	4.4866E1	4.6069E0	4.0194E5	
183	-7.8552E-1	4.1582E1	4.6012E0	4.0416E5	
184	-7.8644E-1	4.0224E1	4.5954E0	4.0638E5	
185	-7.8262E-1	4.5885E1	4.5896E0	4.0860E5	
186	-7.8407E-1	4.3734E1	4.5839E0	4.1082E5	
187	-7.8049E-1	4.9055E1	4.5781E0	4.1304E5	
188	-7.8201E-1	4.6791E1	4.5723E0	4.1526E5	
189	-7.8270E-1	4.5772E1	4.5664E0	4.1748E5	
190	-7.8438E-1	4.3281E1	4.5607E0	4.1970E5	
191	-7.8094E-1	4.8376E1	4.5549E0	4.2192E5	
192	-7.8201E-1	4.6791E1	4.5491E0	4.2414E5	
193	-7.7965E-1	5.0301E1	4.5433E0	4.2636E5	
194	-7.8339E-1	4.4753E1	4.5375E0	4.2858E5	
195	-7.8339E-1	4.4753E1	4.5317E0	4.3080E5	
196	-7.8239E-1	4.6224E1	4.5257E0	4.3302E5	
197	-7.8064E-1	4.8829E1	4.5199E0	4.3524E5	
198	-7.8224E-1	4.6451E1	4.5141E0	4.3746E5	
199	-7.7995E-1	4.9848E1	4.5083E0	4.3968E5	
200	-7.8232E-1	4.6338E1	4.5024E0	4.4190E5	
201	-7.8072E-1	4.8715E1	4.4965E0	4.4412E5	
202	-7.7759E-1	5.3358E1	4.4908E0	4.4634E5	
203	-7.8125E-1	4.7923E1	4.4848E0	4.4856E5	
204	-7.7782E-1	5.3018E1	4.4789E0	4.5078E5	
205	-7.7820E-1	5.2452E1	4.4731E0	4.5300E5	
206	-7.7934E-1	5.0754E1	4.4672E0	4.5522E5	
207	-7.7835E-1	5.2225E1	4.4612E0	4.5744E5	
208	-7.7583E-1	5.5962E1	4.4554E0	4.5966E5	
209	-7.7637E-1	5.5169E1	4.4495E0	4.6188E5	
210	-7.7583E-1	5.5962E1	4.4437E0	4.6410E5	
211	-7.7660E-1	5.4830E1	4.4377E0	4.6632E5	
212	-7.7705E-1	5.4150E1	4.4318E0	4.6854E5	
213	-7.7637E-1	5.5169E1	4.4259E0	4.7076E5	
214	-7.7576E-1	5.6075E1	4.4200E0	4.7298E5	
215	-7.7782E-1	5.3018E1	4.4141E0	4.7520E5	
216	-7.7606E-1	5.5622E1	4.4082E0	4.7742E5	
217	-7.7789E-1	5.2905E1	4.4022E0	4.7964E5	
218	-7.7591E-1	5.5849E1	4.3963E0	4.8186E5	
219	-7.7675E-1	5.4603E1	4.3904E0	4.8408E5	
220	-7.7713E-1	5.4037E1	4.3844E0	4.8630E5	
221	-7.7515E-1	5.6981E1	4.3784E0	4.8852E5	
222	-7.7705E-1	5.4150E1	4.3725E0	4.9074E5	
223	-7.7499E-1	5.7207E1	4.3667E0	4.9296E5	
224	-7.7637E-1	5.5169E1	4.3607E0	4.9518E5	
225	-7.7698E-1	5.4264E1	4.3547E0	4.9740E5	
226	-7.7682E-1	5.4490E1	4.3486E0	4.9962E5	
227	-7.7583E-1	5.5962E1	4.3427E0	5.0184E5	
228	-7.7484E-1	5.7434E1	4.3368E0	5.0406E5	
229	-7.7621E-1	5.5396E1	4.3308E0	5.0628E5	
230	-7.7324E-1	5.9812E1	4.3248E0	5.0850E5	
231	-7.7484E-1	5.7434E1	4.3189E0	5.1072E5	
232	-7.7484E-1	5.7434E1	4.3129E0	5.1294E5	
233	-7.7469E-1	5.7660E1	4.3068E0	5.1516E5	
234	-7.7492E-1	5.7321E1	4.3008E0	5.1738E5	
235	-7.7461E-1	5.7774E1	4.2948E0	5.1960E5	
236	-7.7255E-1	6.0831E1	4.2887E0	5.2182E5	
237	-7.7530E-1	5.6754E1	4.2828E0	5.2404E5	
238	-7.7545E-1	5.6528E1	4.2768E0	5.2626E5	
239	-7.7614E-1	5.5509E1	4.2708E0	5.2848E5	
240	-7.7347E-1	5.9472E1	4.2647E0	5.3070E5	
241	-7.7454E-1	5.7887E1	4.2587E0	5.3292E5	
242	-7.7461E-1	5.7774E1	4.2527E0	5.3514E5	
243	-7.7423E-1	5.8340E1	4.2466E0	5.3736E5	
244	-7.7278E-1	6.0491E1	4.2406E0	5.3958E5	
245	-7.7148E-1	6.2416E1	4.2345E0	5.4180E5	
246	-7.7225E-1	6.1284E1	4.2285E0	5.4402E5	
247	-7.7553E-1	5.6415E1	4.2224E0	5.4624E5	
248	-7.7209E-1	6.1510E1	4.2163E0	5.4846E5	
249	-7.7087E-1	6.3322E1	4.2104E0	5.5068E5	
250	-7.7316E-1	5.9925E1	4.2042E0	5.5290E5	
251	-7.7209E-1	6.1510E1	4.1982E0	5.5512E5	
252	-7.6942E-1	6.5473E1	4.1921E0	5.5734E5	
253	-7.7454E-1	5.7887E1	4.1860E0	5.5956E5	
254	-7.6881E-1	6.6379E1	4.1800E0	5.6178E5	
255	-7.6988E-1	6.4794E1	4.1739E0	5.6400E5	
256	-7.7202E-1	6.1623E1	4.1679E0	5.6622E5	
257	-7.7019E-1	6.4341E1	4.1618E0	5.6844E5	
258	-7.7087E-1	6.3322E1	4.1557E0	5.7066E5	
259	-7.7179E-1	6.1963E1	4.1495E0	5.7288E5	
260	-7.7003E-1	6.4567E1	4.1434E0	5.7510E5	
261	-7.7057E-1	6.3774E1	4.1374E0	5.7732E5	
262	-7.6912E-1	6.5926E1	4.1312E0	5.7954E5	
263	-7.6958E-1	6.5246E1	4.1251E0	5.8176E5	
264	-7.6630E-1	7.0115E1	4.1190E0	5.8398E5	
265	-7.6859E-1	6.6718E1	4.1128E0	5.8620E5	
266	-7.6889E-1	6.6265E1	4.1066E0	5.8842E5	
267	-7.6714E-1	6.8870E1	4.1006E0	5.9064E5	
268	-7.6759E-1	6.8190E1	4.0945E0	5.9286E5	
269	-7.6935E-1	6.5586E1	4.0883E0	5.9508E5	
270	-7.6767E-1	6.8077E1	4.0822E0	5.9730E5	
271	-7.6836E-1	6.7058E1	4.0760E0	5.9952E5	
272	-7.6553E-1	7.1247E1	4.0698E0	6.0174E5	
273	-7.6599E-1	7.0568E1	4.0636E0	6.0396E5	
274	-7.6576E-1	7.0908E1	4.0576E0	6.0618E5	
275	-7.6416E-1	7.3285E1	4.0514E0	6.0840E5	
276	-7.6523E-1	7.1700E1	4.0453E0	6.1062E5	
277	-7.6523E-1	7.1700E1	4.0391E0	6.1284E5	
278	-7.6546E-1	7.1361E1	4.0329E0	6.1506E5	
279	-7.6462E-1	7.2606E1	4.0267E0	6.1728E5	
280	-7.6447E-1	7.2833E1	4.0205E0	6.1950E5	
281	-7.6630E-1	7.0115E1	4.0144E0	6.2172E5	
282	-7.6347E-1	7.4304E1	4.0083E0	6.2394E5	
283	-7.6340E-1	7.4418E1	4.0020E0	6.2616E5	
284	-7.6233E-1	7.6003E1	3.9958E0	6.2838E5	
285	-7.6172E-1	7.6909E1	3.9895E0	6.3060E5	
286	-7.6256E-1	7.5663E1	3.9834E0	6.3282E5	
287	-7.6561E-1	7.1134E1	3.9771E0	6.3504E5	
288	-7.6233E-1	7.6003E1	3.9710E0	6.3726E5	
289	-7.6324E-1	7.4644E1	3.9648E0	6.3948E5	
290	-7.6332E-1	7.4531E1	3.9585E0	6.4170E5	
291	-7.5928E-1	8.0532E1	3.9523E0	6.4392E5	
292	-7.6317E-1	7.4757E1	3.9460E0	6.4614E5	
293	-7.6263E-1	7.5550E1	3.9398E0	6.4836E5	
294	-7.6111E-1	7.7814E1	3.9336E0	6.5058E5	
295	-7.6225E-1	7.6116E1	3.9275E0	6.5280E5	
296	-7.6324E-1	7.4644E1	3.9211E0	6.5502E5	
297	-7.6080E-1	7.8267E1	3.9149E0	6.5724E5	
298	-7.6385E-1	7.3738E1	3.9087E0	6.5946E5	
299	-7.6340E-1	7.4418E1	3.9024E0	6.6168E5	
300	-7.6256E-1	7.5663E1	3.8961E0	6.6390E5	
301	-7.6027E-1	7.9060E1	3.8899E0	6.6612E5	
302	-7.6378E-1	7.3852E1	3.8837E0	6.6834E5	
303	-7.5859E-1	8.1551E1	3.8773E0	6.7056E5	
304	-7.6225E-1	7.6116E1	3.8711E0	6.7278E5	
305	-7.6027E-1	7.9060E1	3.8649E0	6.7500E5	
306	-7.6141E-1	7.7362E1	3.8584E0	6.7722E5	
307	-7.6088E-1	7.8154E1	3.8523E0	6.7944E5	
308	-7.6027E-1	7.9060E1	3.8460E0	6.8166E5	
309	-7.6080E-1	7.8267E1	3.8397E0	6.8388E5	
310	-7.5912E-1	8.0758E1	3.8333E0	6.8610E5	
311	-7.5897E-1	8.0985E1	3.8271E0	6.8832E5	
312	-7.6141E-1	7.7362E1	3.8208E0	6.9054E5	
313	-7.6157E-1	7.7135E1	3.8145E0	6.9276E5	
314	-7.6012E-1	7.9286E1	3.8082E0	6.9498E5	
315	-7.5859E-1	8.1551E1	3.8018E0	6.9720E5	
316	-7.6012E-1	7.9286E1	3.7956E0	6.9942E5	
317	-7.5790E-1	8.2570E1	3.7892E0	7.0164E5	
318	-7.5737E-1	8.3363E1	3.7830E0	7.0386E5	
319	-7.5768E-1	8.2910E1	3.7766E0	7.0608E5	
320	-7.5867E-1	8.1438E1	3.7702E0	7.0830E5	
321	-7.5569E-1	8.5854E1	3.7639E0	7.1052E5	
322	-7.5882E-1	8.1211E1	3.7577E0	7.1274E5	
323	-7.6103E-1	7.7928E1	3.7514E0	7.1496E5	
324	-7.5722E-1	8.3589E1	3.7449E0	7.1718E5	
325	-7.5737E-1	8.3363E1	3.7386E0	7.1940E5	
326	-7.5813E-1	8.2230E1	3.7322E0	7.2162E5	
327	-7.5806E-1	8.2344E1	3.7259E0	7.2384E5	
328	-7.5752E-1	8.3136E1	3.7196E0	7.2606E5	
329	-7.5607E-1	8.5287E1	3.7132E0	7.2828E5	
330	-7.5752E-1	8.3136E1	3.7069E0	7.3050E5	
331	-7.5317E-1	8.9590E1	3.7005E0	7.3272E5	
332	-7.5714E-1	8.3702E1	3.6942E0	7.3494E5	
333	-7.5455E-1	8.7552E1	3.6877E0	7.3716E5	
334	-7.5539E-1	8.6306E1	3.6814E0	7.3938E5	
335	-7.5653E-1	8.4608E1	3.6750E0	7.4160E5	
336	-7.5592E-1	8.5514E1	3.6686E0	7.4382E5	
337	-7.5233E-1	9.0835E1	3.6622E0	7.4604E5	
338	-7.5531E-1	8.6420E1	3.6559E0	7.4826E5	
339	-7.5142E-1	9.2194E1	3.6495E0	7.5048E5	
340	-7.5470E-1	8.7325E1	3.6430E0	7.5270E5	
341	-7.5241E-1	9.0722E1	3.6366E0	7.5492E5	
342	-7.5172E-1	9.1741E1	3.6303E0	7.5714E5	
343	-7.5127E-1	9.2421E1	3.6238E0	7.5936E5	
344	-7.5058E-1	9.3440E1	3.6175E0	7.6158E5	
345	-7.5111E-1	9.2647E1	3.6110E0	7.6380E5	
346	-7.5157E-1	9.1968E1	3.6046E0	7.6602E5	
347	-7.5325E-1	8.9477E1	3.5982E0	7.6824E5	
348	-7.5058E-1	9.3440E1	3.5919E0	7.7046E5	
349	-7.5150E-1	9.2081E1	3.5854E0	7.7268E5	
350	-7.4852E-1	9.6497E1	3.5789E0	7.7490E5	
351	-7.5081E-1	9.3100E1	3.5725E0	7.7712E5	
352	-7.4936E-1	9.5251E1	3.5661E0	7.7934E5	
353	-7.5165E-1	9.1854E1	3.5596E0	7.8156E5	
354	-7.4738E-1	9.8195E1	3.5532E0	7.8378E5	
355	-7.5058E-1	9.3440E1	3.5467E0	7.8600E5	
356	-7.4715E-1	9.8535E1	3.5403E0	7.8822E5	
357	-7.4738E-1	9.8195E1	3.5337E0	7.9044E5	
358	-7.4837E-1	9.6723E1	3.5273E0	7.9266E5	
359	-7.4829E-1	9.6836E1	3.5209E0	7.9488E5	
360	-7.4760E-1	9.7855E1	3.5144E0	7.9710E5	
361	-7.4753E-1	9.7969E1	3.5080E0	7.9932E5	
362	-7.4799E-1	9.7289E1	3.5015E0	8.0154E5	
363	-7.4936E-1	9.5251E1	3.4950E0	8.0376E5	
364	-7.4806E-1	9.7176E1	3.4886E0	8.0598E5	
365	-7.4852E-1	9.6497E1	3.4821E0	8.0820E5	
366	-7.4799E-1	9.7289E1	3.4756E0	8.1042E5	
367	-7.4852E-1	9.6497E1	3.4691E0	8.1264E5	
368	-7.4936E-1	9.5251E1	3.4625E0	8.1486E5	
369	-7.4944E-1	9.5138E1	3.4561E0	8.1708E5	
370	-7.4867E-1	9.6270E1	3.4496E0	8.1930E5	
371	-7.4684E-1	9.8988E1	3.4431E0	8.2152E5	
372	-7.4989E-1	9.4459E1	3.4366E0	8.2374E5	
373	-7.4722E-1	9.8422E1	3.4301E0	8.2596E5	
374	-7.4829E-1	9.6836E1	3.4235E0	8.2818E5	
375	-7.4646E-1	9.9554E1	3.4171E0	8.3040E5	
376	-7.4898E-1	9.5817E1	3.4106E0	8.3262E5	
377	-7.4638E-1	9.9667E1	3.4040E0	8.3484E5	
378	-7.4661E-1	9.9327E1	3.3975E0	8.3706E5	
379	-7.4631E-1	9.9780E1	3.3910E0	8.3928E5	
380	-7.4646E-1	9.9554E1	3.3844E0	8.4150E5	
381	-7.4509E-1	1.0159E2	3.3779E0	8.4372E5	
382	-7.4638E-1	9.9667E1	3.3714E0	8.4594E5	
383	-7.4387E-1	1.0340E2	3.3649E0	8.4816E5	
384	-7.4623E-1	9.9893E1	3.3583E0	8.5038E5	
385	-7.4699E-1	9.8761E1	3.3518E0	8.5260E5	
386	-7.4593E-1	1.0035E2	3.3453E0	8.5482E5	
387	-7.4608E-1	1.0012E2	3.3386E0	8.5704E5	
388	-7.4623E-1	9.9893E1	3.3322E0	8.5926E5	
389	-7.4455E-1	1.0238E2	3.3255E0	8.6148E5	
390	-7.4738E-1	9.8195E1	3.3191E0	8.6370E5	
391	-7.4539E-1	1.0114E2	3.3124E0	8.6592E5	
392	-7.4387E-1	1.0340E2	3.3059E0	8.6814E5	
393	-7.4455E-1	1.0238E2	3.2994E0	8.7036E5	
394	-7.4348E-1	1.0397E2	3.2928E0	8.7258E5	
395	-7.4577E-1	1.0057E2	3.2862E0	8.7480E5	
396	-7.4440E-1	1.0261E2	3.2797E0	8.7702E5	
397	-7.4257E-1	1.0533E2	3.2730E0	8.7924E5	
398	-7.4402E-1	1.0318E2	3.2665E0	8.8146E5	
399	-7.4181E-1	1.0646E2	3.2598E0	8.8368E5	
400	-7.4265E-1	1.0522E2	3.2533E0	8.8590E5	
401	-7.4203E-1	1.0612E2	3.2467E0	8.8812E5	
402	-7.4135E-1	1.0714E2	3.2400E0	8.9034E5	
403	-7.4211E-1	1.0601E2	3.2334E0	8.9256E5	
404	-7.3959E-1	1.0974E2	3.2269E0	8.9478E5	
405	-7.3967E-1	1.0963E2	3.2203E0	8.9700E5	
406	-7.3883E-1	1.1088E2	3.2137E0	8.9922E5	
407	-7.3967E-1	1.0963E2	3.2070E0	9.0144E5	
408	-7.3898E-1	1.1065E2	3.2005E0	9.0366E5	
409	-7.3952E-1	1.0986E2	3.1938E0	9.0588E5	
410	-7.3944E-1	1.0997E2	3.1872E0	9.0810E5	
411	-7.4028E-1	1.0873E2	3.1806E0	9.1032E5	
412	-7.4043E-1	1.0850E2	3.1740E0	9.1254E5	
413	-7.3685E-1	1.1382E2	3.1673E0	9.1476E5	
414	-7.3753E-1	1.1280E2	3.1607E0	9.1698E5	
415	-7.3944E-1	1.0997E2	3.1541E0	9.1920E5	
416	-7.3624E-1	1.1473E2	3.1474E0	9.2142E5	
417	-7.3784E-1	1.1235E2	3.1407E0	9.2364E5	
418	-7.3631E-1	1.1461E2	3.1342E0	9.2586E5	
419	-7.3738E-1	1.1303E2	3.1274E0	9.2808E5	
420	-7.3563E-1	1.1563E2	3.1208E0	9.3030E5	
421	-7.3570E-1	1.1552E2	3.1142E0	9.3252E5	
422	-7.3723E-1	1.1325E2	3.1076E0	9.3474E5	
423	-7.3494E-1	1.1665E2	3.1008E0	9.3696E5	
424	-7.3677E-1	1.1393E2	3.0942E0	9.3918E5	
425	-7.3555E-1	1.1575E2	3.0875E0	9.4140E5	
426	-7.3441E-1	1.1744E2	3.0809E0	9.4362E5	
427	-7.3517E-1	1.1631E2	3.0742E0	9.4584E5	
428	-7.3311E-1	1.1937E2	3.0674E0	9.4806E5	
429	-7.3540E-1	1.1597E2	3.0607E0	9.5028E5	
430	-7.3563E-1	1.1563E2	3.0541E0	9.5250E5	
431	-7.3235E-1	1.2050E2	3.0475E0	9.5472E5	
432	-7.3448E-1	1.1733E2	3.0407E0	9.5694E5	
433	-7.3181E-1	1.2129E2	3.0341E0	9.5916E5	
434	-7.3265E-1	1.2005E2	3.0274E0	9.6138E5	
435	-7.3578E-1	1.1541E2	3.0207E0	9.6360E5	
436	-7.3097E-1	1.2254E2	3.0140E0	9.6582E5	
437	-7.3227E-1	1.2061E2	3.0073E0	9.6804E5	
438	-7.3219E-1	1.2073E2	3.0006E0	9.7026E5	
439	-7.3364E-1	1.1858E2	2.9939E0	9.7248E5	
440	-7.3151E-1	1.2175E2	2.9872E0	9.7470E5	
441	-7.3174E-1	1.2141E2	2.9804E0	9.7692E5	
442	-7.3578E-1	1.1541E2	2.9738E0	9.7914E5	
443	-7.3212E-1	1.2084E2	2.9670E0	9.8136E5	
444	-7.3318E-1	1.1926E2	2.9604E0	9.8358E5	
445	-7.3227E-1	1.2061E2	2.9536E0	9.8580E5	
446	-7.3242E-1	1.2039E2	2.9469E0	9.8802E5	
447	-7.3364E-1	1.1858E2	2.9401E0	9.9024E5	
448	-7.3143E-1	1.2186E2	2.9335E0	9.9246E5	
449	-7.3349E-1	1.1880E2	2.9267E0	9.9468E5	
450	-7.3097E-1	1.2254E2	2.9200E0	9.9690E5	
451	-7.3326E-1	1.1914E2	2.9132E0	9.9912E5	
452	-7.3418E-1	1.1778E2	2.9066E0	1.0013E6	
453	-7.3212E-1	1.2084E2	2.8997E0	1.0036E6	
454	-7.3181E-1	1.2129E2	2.8930E0	1.0058E6	
455	-7.2975E-1	1.2435E2	2.8862E0	1.0080E6	
456	-7.3235E-1	1.2050E2	2.8795E0	1.0102E6	
457	-7.3135E-1	1.2197E2	2.8728E0	1.0124E6	
458	-7.3303E-1	1.1948E2	2.8659E0	1.0147E6	
459	-7.3097E-1	1.2254E2	2.8592E0	1.0169E6	
460	-7.2861E-1	1.2605E2	2.8524E0	1.0191E6	
461	-7.2975E-1	1.2435E2	2.8456E0	1.0213E6	
462	-7.3227E-1	1.2061E2	2.8389E0	1.0235E6	
463	-7.2884E-1	1.2571E2	2.8320E0	1.0258E6	
464	-7.2830E-1	1.2650E2	2.8253E0	1.0280E6	
465	-7.3021E-1	1.2367E2	2.8186E0	1.0302E6	
466	-7.2937E-1	1.2492E2	2.8119E0	1.0324E6	
467	-7.2731E-1	1.2797E2	2.8051E0	1.0346E6	
468	-7.2685E-1	1.2865E2	2.7982E0	1.0369E6	
469	-7.2815E-1	1.2673E2	2.7914E0	1.0391E6	
470	-7.2647E-1	1.2922E2	2.7847E0	1.0413E6	
471	-7.2708E-1	1.2831E2	2.7779E0	1.0435E6	
472	-7.2601E-1	1.2990E2	2.7711E0	1.0457E6	
473	-7.2792E-1	1.2707E2	2.7643E0	1.0480E6	
474	-7.2792E-1	1.2707E2	2.7576E0	1.0502E6	
475	-7.2479E-1	1.3171E2	2.7506E0	1.0524E6	
476	-7.2319E-1	1.3409E2	2.7438E0	1.0546E6	
477	-7.2472E-1	1.3182E2	2.7370E0	1.0568E6	
478	-7.2250E-1	1.3511E2	2.7302E0	1.0591E6	
479	-7.2411E-1	1.3273E2	2.7235E0	1.0613E6	
480	-7.2380E-1	1.3318E2	2.7165E0	1.0635E6	
481	-7.2205E-1	1.3579E2	2.7098E0	1.0657E6	
482	-7.2090E-1	1.3748E2	2.7030E0	1.0679E6	
483	-7.2571E-1	1.3035E2	2.6961E0	1.0702E6	
484	-7.1991E-1	1.3896E2	2.6893E0	1.0724E6	
485	-7.2418E-1	1.3262E2	2.6826E0	1.0746E6	
486	-7.2182E-1	1.3613E2	2.6757E0	1.0768E6	
487	-7.2319E-1	1.3409E2	2.6689E0	1.0790E6	
488	-7.2266E-1	1.3488E2	2.6620E0	1.0813E6	
489	-7.2144E-1	1.3669E2	2.6552E0	1.0835E6	
490	-7.2159E-1	1.3647E2	2.6483E0	1.0857E6	
491	-7.1991E-1	1.3896E2	2.6415E0	1.0879E6	
492	-7.1922E-1	1.3998E2	2.6346E0	1.0901E6	
493	-7.2067E-1	1.3782E2	2.6278E0	1.0924E6	
494	-7.2052E-1	1.3805E2	2.6209E0	1.0946E6	
495	-7.2021E-1	1.3850E2	2.6141E0	1.0968E6	
496	-7.1976E-1	1.3918E2	2.6072E0	1.0990E6	
497	-7.1892E-1	1.4043E2	2.6003E0	1.1012E6	
498	-7.1770E-1	1.4224E2	2.5935E0	1.1035E6	
499	-7.1793E-1	1.4190E2	2.5866E0	1.1057E6	
500	-7.1930E-1	1.3986E2	2.5798E0	1.1079E6	
501	-7.1922E-1	1.3998E2	2.5729E0	1.1101E6	
502	-7.1762E-1	1.4235E2	2.5660E0	1.1123E6	
503	-7.2014E-1	1.3862E2	2.5592E0	1.1146E6	
504	-7.1930E-1	1.3986E2	2.5523E0	1.1168E6	
505	-7.1732E-1	1.4281E2	2.5454E0	1.1190E6	
506	-7.1983E-1	1.3907E2	2.5386E0	1.1212E6	
507	-7.1968E-1	1.3930E2	2.5316E0	1.1234E6	
508	-7.1693E-1	1.4337E2	2.5248E0	1.1257E6	
509	-7.1762E-1	1.4235E2	2.5179E0	1.1279E6	
510	-7.1877E-1	1.4065E2	2.5110E0	1.1301E6	
511	-7.1609E-1	1.4462E2	2.5040E0	1.1323E6	
512	-7.1945E-1	1.3964E2	2.4973E0	1.1345E6	
513	-7.1922E-1	1.3998E2	2.4904E0	1.1368E6	
514	-7.1960E-1	1.3941E2	2.4835E0	1.1390E6	
515	-7.1770E-1	1.4224E2	2.4765E0	1.1412E6	
516	-7.1869E-1	1.4077E2	2.4696E0	1.1434E6	
517	-7.2006E-1	1.3873E2	2.4627E0	1.1456E6	
518	-7.1686E-1	1.4349E2	2.4557E0	1.1479E6	
519	-7.1640E-1	1.4416E2	2.4489E0	1.1501E6	
520	-7.1846E-1	1.4111E2	2.4419E0	1.1523E6	
521	-7.1701E-1	1.4326E2	2.4351E0	1.1545E6	
522	-7.1678E-1	1.4360E2	2.4282E0	1.1567E6	
523	-7.1709E-1	1.4315E2	2.4213E0	1.1590E6	
524	-7.1716E-1	1.4303E2	2.4143E0	1.1612E6	
525	-7.1602E-1	1.4473E2	2.4074E0	1.1634E6	
526	-7.1541E-1	1.4564E2	2.4005E0	1.1656E6	
527	-7.1701E-1	1.4326E2	2.3935E0	1.1678E6	
528	-7.1564E-1	1.4530E2	2.3866E0	1.1701E6	
529	-7.1495E-1	1.4632E2	2.3797E0	1.1723E6	
530	-7.1419E-1	1.4745E2	2.3727E0	1.1745E6	
531	-7.1503E-1	1.4620E2	2.3658E0	1.1767E6	
532	-7.1404E-1	1.4767E2	2.3588E0	1.1789E6	
533	-7.1335E-1	1.4869E2	2.3519E0	1.1812E6	
534	-7.1503E-1	1.4620E2	2.3449E0	1.1834E6	
535	-7.1320E-1	1.4892E2	2.3380E0	1.1856E6	
536	-7.1220E-1	1.5039E2	2.3311E0	1.1878E6	
537	-7.1365E-1	1.4824E2	2.3242E0	1.1900E6	
538	-7.1388E-1	1.4790E2	2.3173E0	1.1923E6	
539	-7.1075E-1	1.5254E2	2.3103E0	1.1945E6	
540	-7.1236E-1	1.5017E2	2.3033E0	1.1967E6	
541	-7.0915E-1	1.5492E2	2.2963E0	1.1989E6	
542	-7.1129E-1	1.5175E2	2.2895E0	1.2011E6	
543	-7.1075E-1	1.5254E2	2.2825E0	1.2034E6	
544	-7.1281E-1	1.4949E2	2.2754E0	1.2056E6	
545	-7.1030E-1	1.5322E2	2.2686E0	1.2078E6	
546	-7.0671E-1	1.5854E2	2.2615E0	1.2100E6	
547	-7.0770E-1	1.5707E2	2.2546E0	1.2122E6	
548	-7.0503E-1	1.6104E2	2.2476E0	1.2145E6	
549	-7.0602E-1	1.5956E2	2.2406E0	1.2167E6	
550	-7.0786E-1	1.5685E2	2.2336E0	1.2189E6	
551	-7.0831E-1	1.5617E2	2.2266E0	1.2211E6	
552	-7.0656E-1	1.5877E2	2.2196E0	1.2233E6	
553	-7.0450E-1	1.6183E2	2.2127E0	1.2256E6	
554	-7.0503E-1	1.6104E2	2.2056E0	1.2278E6	
555	-7.0892E-1	1.5526E2	2.1987E0	1.2300E6	
556	-7.0694E-1	1.5820E2	2.1917E0	1.2322E6	
557	-7.0671E-1	1.5854E2	2.1848E0	1.2344E6	
558	-7.0518E-1	1.6081E2	2.1777E0	1.2367E6	
559	-7.0541E-1	1.6047E2	2.1708E0	1.2389E6	
560	-7.0511E-1	1.6092E2	2.1638E0	1.2411E6	
561	-7.0656E-1	1.5877E2	2.1568E0	1.2433E6	
562	-7.0450E-1	1.6183E2	2.1498E0	1.2455E6	
563	-7.0450E-1	1.6183E2	2.1428E0	1.2478E6	
564	-7.0732E-1	1.5764E2	2.1358E0	1.2500E6	
565	-7.0549E-1	1.6036E2	2.1287E0	1.2522E6	
566	-7.0778E-1	1.5696E2	2.1218E0	1.2544E6	
567	-7.0694E-1	1.5820E2	2.1147E0	1.2566E6	
568	-7.0419E-1	1.6228E2	2.1077E0	1.2589E6	
569	-7.0465E-1	1.6160E2	2.1007E0	1.2611E6	
570	-7.0702E-1	1.5809E2	2.0937E0	1.2633E6	
571	-7.0625E-1	1.5922E2	2.0867E0	1.2655E6	
572	-7.0419E-1	1.6228E2	2.0796E0	1.2677E6	
573	-7.0480E-1	1.6138E2	2.0726E0	1.2700E6	
574	-7.0709E-1	1.5798E2	2.0656E0	1.2722E6	
575	-7.0488E-1	1.6126E2	2.0586E0	1.2744E6	
576	-7.0457E-1	1.6171E2	2.0515E0	1.2766E6	
577	-7.0488E-1	1.6126E2	2.0445E0	1.2788E6	
578	-7.0435E-1	1.6205E2	2.0376E0	1.2811E6	
579	-7.0381E-1	1.6285E2	2.0305E0	1.2833E6	
580	-7.0442E-1	1.6194E2	2.0234E0	1.2855E6	
581	-7.0580E-1	1.5990E2	2.0164E0	1.2877E6	
582	-7.0290E-1	1.6421E2	2.0094E0	1.2899E6	
583	-7.0374E-1	1.6296E2	2.0023E0	1.2922E6	
584	-7.0442E-1	1.6194E2	1.9953E0	1.2944E6	
585	-7.0305E-1	1.6398E2	1.9883E0	1.2966E6	
586	-7.0366E-1	1.6307E2	1.9812E0	1.2988E6	
587	-7.0198E-1	1.6556E2	1.9741E0	1.3010E6	
588	-7.0267E-1	1.6455E2	1.9671E0	1.3033E6	
589	-7.0053E-1	1.6772E2	1.9601E0	1.3055E6	
590	-7.0236E-1	1.6500E2	1.9530E0	1.3077E6	
591	-7.0175E-1	1.6590E2	1.9460E0	1.3099E6	
592	-7.0015E-1	1.6828E2	1.9389E0	1.3121E6	
593	-7.0091E-1	1.6715E2	1.9318E0	1.3144E6	
594	-6.9954E-1	1.6919E2	1.9249E0	1.3166E6	
595	-7.0145E-1	1.6636E2	1.9178E0	1.3188E6	
596	-7.0145E-1	1.6636E2	1.9107E0	1.3210E6	
597	-6.9984E-1	1.6873E2	1.9037E0	1.3232E6	
598	-6.9992E-1	1.6862E2	1.8965E0	1.3255E6	
599	-6.9839E-1	1.7089E2	1.8895E0	1.3277E6	
600	-7.0099E-1	1.6704E2	1.8824E0	1.3299E6	
601	-6.9939E-1	1.6941E2	1.8753E0	1.3321E6	
602	-6.9626E-1	1.7406E2	1.8683E0	1.3343E6	
603	-6.9420E-1	1.7711E2	1.8612E0	1.3366E6	
604	-6.9542E-1	1.7530E2	1.8542E0	1.3388E6	
605	-6.9565E-1	1.7496E2	1.8470E0	1.3410E6	
606	-6.9618E-1	1.7417E2	1.8400E0	1.3432E6	
607	-6.9504E-1	1.7587E2	1.8330E0	1.3454E6	
608	-6.9588E-1	1.7462E2	1.8259E0	1.3477E6	
609	-6.9389E-1	1.7757E2	1.8189E0	1.3499E6	
610	-6.9588E-1	1.7462E2	1.8117E0	1.3521E6	
611	-6.9527E-1	1.7553E2	1.8046E0	1.3543E6	
612	-6.9336E-1	1.7836E2	1.7975E0	1.3565E6	
613	-6.9611E-1	1.7428E2	1.7904E0	1.3588E6	
614	-6.9290E-1	1.7904E2	1.7834E0	1.3610E6	
615	-6.9534E-1	1.7542E2	1.7763E0	1.3632E6	
616	-6.9412E-1	1.7723E2	1.7692E0	1.3654E6	
617	-6.9267E-1	1.7938E2	1.7620E0	1.3676E6	
618	-6.9450E-1	1.7666E2	1.7549E0	1.3699E6	
619	-6.9412E-1	1.7723E2	1.7479E0	1.3721E6	
620	-6.9199E-1	1.8040E2	1.7407E0	1.3743E6	
621	-6.9206E-1	1.8028E2	1.7337E0	1.3765E6	
622	-6.9283E-1	1.7915E2	1.7266E0	1.3787E6	
623	-6.9061E-1	1.8244E2	1.7195E0	1.3810E6	
624	-6.9099E-1	1.8187E2	1.7123E0	1.3832E6	
625	-6.9489E-1	1.7609E2	1.7053E0	1.3854E6	
626	-6.9214E-1	1.8017E2	1.6982E0	1.3876E6	
627	-6.9229E-1	1.7994E2	1.6910E0	1.3898E6	
628	-6.9168E-1	1.8085E2	1.6840E0	1.3921E6	
629	-6.9069E-1	1.8232E2	1.6768E0	1.3943E6	
630	-6.9016E-1	1.8311E2	1.6698E0	1.3965E6	
631	-6.9153E-1	1.8108E2	1.6626E0	1.3987E6	
632	-6.8863E-1	1.8538E2	1.6556E0	1.4009E6	
633	-6.9107E-1	1.8176E2	1.6485E0	1.4032E6	
634	-6.9313E-1	1.7870E2	1.6414E0	1.4054E6	
635	-6.9183E-1	1.8062E2	1.6343E0	1.4076E6	
636	-6.8909E-1	1.8470E2	1.6271E0	1.4098E6	
637	-6.9260E-1	1.7949E2	1.6200E0	1.4120E6	
638	-6.9138E-1	1.8130E2	1.6128E0	1.4143E6	
639	-6.9023E-1	1.8300E2	1.6058E0	1.4165E6	
640	-6.8954E-1	1.8402E2	1.5986E0	1.4187E6	
641	-6.9099E-1	1.8187E2	1.5915E0	1.4209E6	
642	-6.8855E-1	1.8549E2	1.5845E0	1.4231E6	
643	-6.9206E-1	1.8028E2	1.5773E0	1.4254E6	
644	-6.9031E-1	1.8289E2	1.5701E0	1.4276E6	
645	-6.9016E-1	1.8311E2	1.5631E0	1.4298E6	
646	-6.9084E-1	1.8210E2	1.5559E0	1.4320E6	
647	-6.8832E-1	1.8583E2	1.5488E0	1.4342E6	
648	-6.8916E-1	1.8459E2	1.5416E0	1.4365E6	
649	-6.8924E-1	1.8447E2	1.5345E0	1.4387E6	
650	-6.8840E-1	1.8572E2	1.5274E0	1.4409E6	
651	-6.8832E-1	1.8583E2	1.5201E0	1.4431E6	
652	-6.8794E-1	1.8640E2	1.5131E0	1.4453E6	
653	-6.8886E-1	1.8504E2	1.5059E0	1.4476E6	
654	-6.8787E-1	1.8651E2	1.4988E0	1.4498E6	
655	-6.8764E-1	1.8685E2	1.4917E0	1.4520E6	
656	-6.8977E-1	1.8368E2	1.4846E0	1.4542E6	
657	-6.8535E-1	1.9025E2	1.4774E0	1.4564E6	
658	-6.8687E-1	1.8798E2	1.4703E0	1.4587E6	
659	-6.8619E-1	1.8900E2	1.4632E0	1.4609E6	
660	-6.8718E-1	1.8753E2	1.4561E0	1.4631E6	
661	-6.8497E-1	1.9081E2	1.4489E0	1.4653E6	
662	-6.8352E-1	1.9297E2	1.4418E0	1.4675E6	
663	-6.8138E-1	1.9614E2	1.4345E0	1.4698E6	
664	-6.8489E-1	1.9093E2	1.4274E0	1.4720E6	
665	-6.8268E-1	1.9421E2	1.4203E0	1.4742E6	
666	-6.8398E-1	1.9229E2	1.4131E0	1.4764E6	
667	-6.8260E-1	1.9432E2	1.4060E0	1.4786E6	
668	-6.8291E-1	1.9387E2	1.3989E0	1.4809E6	
669	-6.8207E-1	1.9512E2	1.3917E0	1.4831E6	
670	-6.8398E-1	1.9229E2	1.3846E0	1.4853E6	
671	-6.8306E-1	1.9364E2	1.3774E0	1.4875E6	
672	-6.8283E-1	1.9398E2	1.3703E0	1.4897E6	
673	-6.8077E-1	1.9704E2	1.3631E0	1.4920E6	
674	-6.7871E-1	2.0010E2	1.3560E0	1.4942E6	
675	-6.8161E-1	1.9580E2	1.3488E0	1.4964E6	
676	-6.8176E-1	1.9557E2	1.3417E0	1.4986E6	
677	-6.8039E-1	1.9761E2	1.3345E0	1.5008E6	
678	-6.7970E-1	1.9863E2	1.3273E0	1.5031E6	
679	-6.7978E-1	1.9851E2	1.3202E0	1.5053E6	
680	-6.7940E-1	1.9908E2	1.3130E0	1.5075E6	
681	-6.8008E-1	1.9806E2	1.3059E0	1.5097E6	
682	-6.7665E-1	2.0316E2	1.2987E0	1.5119E6	
683	-6.7902E-1	1.9965E2	1.2916E0	1.5142E6	
684	-6.8001E-1	1.9817E2	1.2844E0	1.5164E6	
685	-6.7848E-1	2.0044E2	1.2773E0	1.5186E6	
686	-6.7863E-1	2.0021E2	1.2701E0	1.5208E6	
687	-6.7772E-1	2.0157E2	1.2629E0	1.5230E6	
688	-6.7802E-1	2.0112E2	1.2558E0	1.5253E6	
689	-6.7795E-1	2.0123E2	1.2487E0	1.5275E6	
690	-6.7841E-1	2.0055E2	1.2415E0	1.5297E6	
691	-6.7673E-1	2.0304E2	1.2343E0	1.5319E6	
692	-6.7772E-1	2.0157E2	1.2272E0	1.5341E6	
693	-6.7780E-1	2.0146E2	1.2200E0	1.5364E6	
694	-6.7986E-1	1.9840E2	1.2128E0	1.5386E6	
695	-6.7726E-1	2.0225E2	1.2057E0	1.5408E6	
696	-6.8039E-1	1.9761E2	1.1986E0	1.5430E6	
697	-6.7879E-1	1.9999E2	1.1914E0	1.5452E6	
698	-6.7650E-1	2.0338E2	1.1842E0	1.5475E6	
699	-6.7635E-1	2.0361E2	1.1771E0	1.5497E6	
700	-6.7795E-1	2.0123E2	1.1699E0	1.5519E6	
701	-6.7726E-1	2.0225E2	1.1628E0	1.5541E6	
702	-6.7680E-1	2.0293E2	1.1555E0	1.5563E6	
703	-6.7520E-1	2.0531E2	1.1485E0	1.5586E6	
704	-6.7566E-1	2.0463E2	1.1413E0	1.5608E6	
705	-6.7680E-1	2.0293E2	1.1341E0	1.5630E6	
706	-6.7581E-1	2.0440E2	1.1269E0	1.5652E6	
707	-6.7482E-1	2.0587E2	1.1199E0	1.5674E6	
708	-6.7635E-1	2.0361E2	1.1127E0	1.5697E6	
709	-6.7657E-1	2.0327E2	1.1054E0	1.5719E6	
710	-6.7513E-1	2.0542E2	1.0983E0	1.5741E6	
711	-6.7543E-1	2.0497E2	1.0911E0	1.5763E6	
712	-6.7329E-1	2.0814E2	1.0840E0	1.5785E6	
713	-7.1617E-1	1.4450E2	1.0769E0	1.5808E6	
714	-7.1434E-1	1.4722E2	1.0697E0	1.5830E6	
715	-7.0511E-1	1.6092E2	1.0625E0	1.5852E6	
716	-7.0648E-1	1.5888E2	1.0555E0	1.5874E6	
717	-6.9740E-1	1.7236E2	1.0483E0	1.5896E6	
718	-6.8939E-1	1.8425E2	1.0410E0	1.5919E6	
719	-6.8069E-1	1.9715E2	1.0340E0	1.5941E6	
720	-6.7108E-1	2.1142E2	1.0267E0	1.5963E6	
721	-6.6391E-1	2.2206E2	1.0196E0	1.5985E6	
722	-6.5567E-1	2.3429E2	1.0125E0	1.6007E6	
723	-6.4705E-1	2.4709E2	1.0054E0	1.6030E6	
724	-6.4163E-1	2.5513E2	9.9824E-1	1.6052E6	
725	-6.3766E-1	2.6101E2	9.9108E-1	1.6074E6	
726	-6.3141E-1	2.7030E2	9.8388E-1	1.6096E6	
727	-6.2561E-1	2.7890E2	9.7677E-1	1.6118E6	
728	-6.2042E-1	2.8660E2	9.6957E-1	1.6141E6	
729	-6.1111E-1	3.0042E2	9.6254E-1	1.6163E6	
730	-6.0806E-1	3.0495E2	9.5533E-1	1.6185E6	
731	-6.0661E-1	3.0710E2	9.4816E-1	1.6207E6	
732	-5.9532E-1	3.2385E2	9.4100E-1	1.6229E6	
733	-5.9036E-1	3.3121E2	9.3394E-1	1.6252E6	
734	-5.8334E-1	3.4163E2	9.2670E-1	1.6274E6	
735	-5.7487E-1	3.5420E2	9.1948E-1	1.6296E6	
736	-5.7198E-1	3.5850E2	9.1241E-1	1.6318E6	
737	-5.6847E-1	3.6371E2	9.0513E-1	1.6340E6	
738	-5.5557E-1	3.8284E2	8.9817E-1	1.6363E6	
739	-5.5237E-1	3.8760E2	8.9108E-1	1.6385E6	
740	-5.4222E-1	4.0266E2	8.8376E-1	1.6407E6	
741	-5.3642E-1	4.1126E2	8.7669E-1	1.6429E6	
742	-5.3062E-1	4.1987E2	8.6946E-1	1.6451E6	
743	-5.3352E-1	4.1557E2	8.6238E-1	1.6474E6	
744	-5.2582E-1	4.2700E2	8.5526E-1	1.6496E6	
745	-5.2063E-1	4.3470E2	8.4811E-1	1.6518E6	
746	-5.1254E-1	4.4670E2	8.4091E-1	1.6540E6	
747	-5.0682E-1	4.5520E2	8.3382E-1	1.6562E6	
748	-4.9995E-1	4.6539E2	8.2664E-1	1.6585E6	
749	-4.9545E-1	4.7207E2	8.1952E-1	1.6607E6	
750	-4.9080E-1	4.7897E2	8.1241E-1	1.6629E6	
751	-4.8759E-1	4.8373E2	8.0512E-1	1.6651E6	
752	-4.9232E-1	4.7671E2	7.9800E-1	1.6673E6	
753	-4.8553E-1	4.8679E2	7.9090E-1	1.6696E6	
754	-4.7852E-1	4.9720E2	7.8362E-1	1.6718E6	
755	-4.7562E-1	5.0151E2	7.7664E-1	1.6740E6	
756	-4.7272E-1	5.0581E2	7.6944E-1	1.6762E6	
757	-4.6333E-1	5.1973E2	7.6226E-1	1.6784E6	
758	-4.5731E-1	5.2868E2	7.5513E-1	1.6807E6	
759	-4.4884E-1	5.4125E2	7.4798E-1	1.6829E6	
760	-4.4548E-1	5.4623E2	7.4076E-1	1.6851E6	
761	-4.3396E-1	5.6333E2	7.3381E-1	1.6873E6	
762	-4.3526E-1	5.6140E2	7.2651E-1	1.6895E6	
763	-4.2404E-1	5.7805E2	7.1944E-1	1.6918E6	
764	-4.1924E-1	5.8518E2	7.1209E-1	1.6940E6	
765	-4.1183E-1	5.9616E2	7.0502E-1	1.6962E6	
766	-4.0550E-1	6.0556E2	6.9795E-1	1.6984E6	
767	-3.9719E-1	6.1790E2	6.9072E-1	1.7006E6	
768	-3.9322E-1	6.2379E2	6.8371E-1	1.7029E6	
769	-3.8544E-1	6.3534E2	6.7652E-1	1.7051E6	
770	-3.8414E-1	6.3726E2	6.6943E-1	1.7073E6	
771	-3.7720E-1	6.4757E2	6.6218E-1	1.7095E6	
772	-3.7170E-1	6.5572E2	6.5498E-1	1.7117E6	
773	-3.5957E-1	6.7372E2	6.4780E-1	1.7140E6	
774	-3.4882E-1	6.8969E2	6.4060E-1	1.7162E6	
775	-3.4676E-1	6.9274E2	6.3354E-1	1.7184E6	
776	-3.3577E-1	7.0905E2	6.2636E-1	1.7206E6	
777	-3.2845E-1	7.1992E2	6.1922E-1	1.7228E6	
778	-3.2280E-1	7.2830E2	6.1208E-1	1.7251E6	
779	-3.1265E-1	7.4336E2	6.0660E-1	1.7268E6	
780	-3.1265E-1	7.4336E2	6.0660E-1	1.7268E6	
781	-3.1265E-1	7.4336E2	6.0660E-1	1.7268E6	
782	-3.1265E-1	7.4336E2	6.0660E-1	1.7268E6	
783	-3.1265E-1	7.4336E2	6.0660E-1	1.7268E6	
784	-3.1265E-1	7.4336E2	6.0660E-1	1.7268E6	
785	-3.1265E-1	7.4336E2	6.0660E-1	1.7268E6	
786	-3.1265E-1	7.4336E2	6.0660E-1	1.7268E6	
787	-3.1265E-1	7.4336E2	6.0660E-1	1.7268E6	
788	-3.1265E-1	7.4336E2	6.0660E-1	1.7268E6	
789	-3.1265E-1	7.4336E2	6.0660E-1	1.7268E6	
790	-3.1265E-1	7.4336E2	6.0660E-1	1.7268E6	
791	-3.1265E-1	7.4336E2	6.0660E-1	1.7268E6	
792	-3.1265E-1	7.4336E2	6.0660E-1	1.7268E6	
793	-3.1265E-1	7.4336E2	6.0660E-1	1.7268E6	
794	-3.1265E-1	7.4336E2	6.0660E-1	1.7268E6	
795	-3.1265E-1	7.4336E2	6.0660E-1	1.7268E6	
796	-3.1265E-1	7.4336E2	6.0660E-1	1.7268E6	
797	-3.1265E-1	7.4336E2	6.0660E-1	1.7268E6	
798	-3.1265E-1	7.4336E2	6.0660E-1	1.7268E6	
799	-3.1265E-1	7.4336E2	6.0660E-1	1.7268E6	
800	-3.1265E-1	7.4336E2	6.0660E-1	1.7268E6	
801	-3.1265E-1	7.4336E2	6.0660E-1	1.7268E6	
802	-3.1265E-1	7.4336E2	6.0660E-1	1.7268E6	
803	-3.1265E-1	7.4336E2	6.0660E-1	1.7268E6	
804	-3.1265E-1	7.4336E2	6.0660E-1	1.7268E6	
805	-3.1265E-1	7.4336E2	6.0660E-1	1.7268E6	
806	-3.1265E-1	7.4336E2	6.0660E-1	1.7268E6	
807	-3.1265E-1	7.4336E2	6.0660E-1	1.7268E6	
808	-3.1265E-1	7.4336E2	6.0660E-1	1.7268E6	
809	-3.1265E-1	7.4336E2	6.0660E-1	1.7268E6	
810	-3.1265E-1	7.4336E2	6.0660E-1	1.7268E6	
811	-3.1265E-1	7.4336E2	6.0660E-1	1.7268E6	
812	-3.1265E-1	7.4336E2	6.0660E-1	1.7268E6	
813	-3.1265E-1	7.4336E2	6.0660E-1	1.7268E6	
814	-3.1265E-1	7.4336E2	6.0660E-1	1.7268E6	
815	-3.1265E-1	7.4336E2	6.0660E-1	1.7268E6	
816	-3.1265E-1	7.4336E2	6.0660E-1	1.7268E6	
817	-3.1265E-1	7.4336E2	6.0660E-1	1.7268E6	
818	-3.1265E-1	7.4336E2	6.0660E-1	1.7268E6	
819	-3.1265E-1	7.4336E2	6.0660E-1	1.7268E6	
820	-3.1265E-1	7.4336E2	6.0660E-1	1.7268E6	
821	-3.1265E-1	7.4336E2	6.0660E-1	1.7268E6	
822	-3.1265E-1	7.4336E2	6.0660E-1	1.7268E6	
823	-3.1265E-1	7.4336E2	6.0660E-1	1.7268E6	
824	-3.1265E-1	7.4336E2	6.0660E-1	1.7268E6	
825	-3.1265E-1	7.4336E2	6.0660E-1	1.7268E6	
826	-3.1265E-1	7.4336E2	6.0660E-1	1.7268E6	
827	-3.1265E-1	7.4336E2	6.0660E-1	1.7268E6	
828	-3.1265E-1	7.4336E2	6.0660E-1	1.7268E6	
829	-3.1265E-1	7.4336E2	6.0660E-1	1.7268E6	
830	-3.1265E-1	7.4336E2	6.0660E-1	1.7268E6	
831	-3.1265E-1	7.4336E2	6.0660E-1	1.7268E6	
832	-3.1265E-1	7.4336E2	6.0660E-1	1.7268E6	
833	-3.1265E-1	7.4336E2	6.0660E-1	1.7268E6	
834	-3.1265E-1	7.4336E2	6.0660E-1	1.7268E6	
835	-3.1265E-1	7.4336E2	6.0660E-1	1.7268E6	
836	-3.1265E-1	7.4336E2	6.0660E-1	1.7268E6	
837	-3.1265E-1	7.4336E2	6.0660E-1	1.7268E6	
838	-3.1265E-1	7.4336E2	6.0660E-1	1.7268E6	
839	-3.1265E-1	7.4336E2	6.0660E-1	1.7268E6	
840	-3.1265E-1	7.4336E2	6.0660E-1	1.7268E6	
841	-3.1265E-1	7.4336E2	6.0660E-1	1.7268E6	
842	-3.1265E-1	7.4336E2	6.0660E-1	1.7268E6	
843	-3.1265E-1	7.4336E2	6.0660E-1	1.7268E6	
844	-3.1265E-1	7.4336E2	6.0660E-1	1.7268E6	
845	-3.1265E-1	7.4336E2	6.0660E-1	1.7268E6	
846	-3.1265E-1	7.4336E2	6.0660E-1	1.7268E6	
847	-3.1265E-1	7.4336E2	6.0660E-1	1.7268E6	
848	-3.1265E-1	7.4336E2	6.0660E-1	1.7268E6	
849	-3.1265E-1	7.4336E2	6.0660E-1	1.7268E6	
850	-3.1265E-1	7.4336E2	6.0660E-1	1.7268E6	
851	-3.1265E-1	7.4336E2	6.0660E-1	1.7268E6	
852	-3.1265E-1	7.4336E2	6.0660E-1	1.7268E6	
853	-3.1265E-1	7.4336E2	6.0660E-1	1.7268E6	
854	-3.1265E-1	7.4336E2	6.0660E-1	1.7268E6	
855	-3.1265E-1	7.4336E2	6.0660E-1	1.7268E6	
856	-3.1265E-1	7.4336E2	6.0660E-1	1.7268E6	
857	-3.1265E-1	7.4336E2	6.0660E-1	1.7268E6	
858	-3.1265E-1	7.4336E2	6.0660E-1	1.7268E6	
859	-3.1265E-1	7.4336E2	6.0660E-1	1.7268E6	
860	-3.1265E-1	7.4336E2	6.0660E-1	1.7268E6	
861	-3.1265E-1	7.4336E2	6.0660E-1	1.7268E6	
862	-3.1265E-1	7.4336E2	6.0660E-1	1.7268E6	
863	-3.1265E-1	7.4336E2	6.0660E-1	1.7268E6	
864	-3.1265E-1	7.4336E2	6.0660E-1	1.7268E6	
865	-3.1265E-1	7.4336E2	6.0660E-1	1.7268E6	
866	-3.1265E-1	7.4336E2	6.0660E-1	1.7268E6	
867	-3.1265E-1	7.4336E2	6.0660E-1	1.7268E6	
868	-3.1265E-1	7.4336E2	6.0660E-1	1.7268E6	
869	-3.1265E-1	7.4336E2	6.0660E-1	1.7268E6	
870	-3.1265E-1	7.4336E2	6.0660E-1	1.7268E6	
871	-3.1265E-1	7.4336E2	6.0660E-1	1.7268E6	
872	-3.1265E-1	7.4336E2	6.0660E-1	1.7268E6	
873	-3.1265E-1	7.4336E2	6.0660E-1	1.7268E6	
874	-3.1265E-1	7.4336E2	6.0660E-1	1.7268E6	
875	-3.1265E-1	7.4336E2	6.0660E-1	1.7268E6	
876	-3.1265E-1	7.4336E2	6.0660E-1	1.7268E6	
877	-3.1265E-1	7.4336E2	6.0660E-1	1.7268E6	
878	-3.1265E-1	7.4336E2	6.0660E-1	1.7268E6	
879	-3.1265E-1	7.4336E2	6.0660E-1	1.7268E6	
880	-3.1265E-1	7.4336E2	6.0660E-1	1.7268E6	
881	-3.1265E-1	7.4336E2	6.0660E-1	1.7268E6	
882	-3.1265E-1	7.4336E2	6.0660E-1	1.7268E6	
883	-3.1265E-1	7.4336E2	6.0660E-1	1.7268E6	
884	-3.1265E-1	7.4336E2	6.0660E-1	1.7268E6	
885	-3.1265E-1	7.4336E2	6.0660E-1	1.7268E6	
886	-3.1265E-1	7.4336E2	6.0660E-1	1.7268E6	
887	-3.1265E-1	7.4336E2	6.0660E-1	1.7268E6	
888	-3.1265E-1	7.4336E2	6.0660E-1	1.7268E6	
889	-3.1265E-1	7.4336E2	6.0660E-1	1.7268E6	
890	-3.1265E-1	7.4336E2	6.0660E-1	1.7268E6	
891	-3.1265E-1	7.4336E2	6.0660E-1	1.7268E6	
892	-3.1265E-1	7.4336E2	6.0660E-1	1.7268E6	
893	-3.1265E-1	7.4336E2	6.0660E-1	1.7268E6	
894	-3.1265E-1	7.4336E2	6.0660E-1	1.7268E6	
895	-3.1265E-1	7.4336E2	6.0660E-1	1.7268E6	
896	-3.1265E-1	7.4336E2	6.0660E-1	1.7268E6	
897	-3.1265E-1	7.4336E2	6.0660E-1	1.7268E6	
898	-3.1265E-1	7.4336E2	6.0660E-1	1.7268E6	
899	-3.1265E-1	7.4336E2	6.0660E-1	1.7268E6	
900	-3.1265E-1	7.4336E2	6.0660E-1	1.7268E6	
901	-3.1265E-1	7.4336E2	6.0660E-1	1.7268E6	
902	-3.1265E-1	7.4336E2	6.0660E-1	1.7268E6	
903	-3.1265E-1	7.4336E2	6.0660E-1	1.7268E6	
904	-3.1265E-1	7.4336E2	6.0660E-1	1.7268E6	
905	-3.1265E-1	7.4336E2	6.0660E-1	1.7268E6	
906	-3.1265E-1	7.4336E2	6.0660E-1	1.7268E6	
907	-3.1265E-1	7.4336E2	6.0660E-1	1.7268E6	
908	-3.1265E-1	7.4336E2	6.0660E-1	1.7268E6	
909	-3.1265E-1	7.4336E2	6.0660E-1	1.7268E6	
910	-3.1265E-1	7.4336E2	6.0660E-1	1.7268E6	
911	-3.1265E-1	7.4336E2	6.0660E-1	1.7268E6	
912	-3.1265E-1	7.4336E2	6.0660E-1	1.7268E6	
913	-3.1265E-1	7.4336E2	6.0660E-1	1.7268E6	
914	-3.1265E-1	7.4336E2	6.0660E-1	1.7268E6	
915	-3.1265E-1	7.4336E2	6.0660E-1	1.7268E6	
916	-3.1265E-1	7.4336E2	6.0660E-1	1.7268E6	
917	-3.1265E-1	7.4336E2	6.0660E-1	1.7268E6	
918	-3.1265E-1	7.4336E2	6.0660E-1	1.7268E6	
919	-3.1265E-1	7.4336E2	6.0660E-1	1.7268E6	
920	-3.1265E-1	7.4336E2	6.0660E-1	1.7268E6	
921	-3.1265E-1	7.4336E2	6.0660E-1	1.7268E6	
922	-3.1265E-1	7.4336E2	6.0660E-1	1.7268E6	
923	-3.1265E-1	7.4336E2	6.0660E-1	1.7268E6	
924	-3.1265E-1	7.4336E2	6.0660E-1	1.7268E6	
925	-3.1265E-1	7.4336E2	6.0660E-1	1.7268E6	
926	-3.1265E-1	7.4336E2	6.0660E-1	1.7268E6	
927	-3.1265E-1	7.4336E2	6.0660E-1	1.7268E6	
928	-3.1265E-1	7.4336E2	6.0660E-1	1.7268E6	
929	-3.1265E-1	7.4336E2	6.0660E-1	1.7268E6	
930	-3.1265E-1	7.4336E2	6.0660E-1	1.7268E6	
931	-3.1265E-1	7.4336E2	6.0660E-1	1.7268E6	
932	-3.1265E-1	7.4336E2	6.0660E-1	1.7268E6	
933	-3.1265E-1	7.4336E2	6.0660E-1	1.7268E6	
934	-3.1265E-1	7.4336E2	6.0660E-1	1.7268E6	
935	-3.1265E-1	7.4336E2	6.0660E-1	1.7268E6	
936	-3.1265E-1	7.4336E2	6.0660E-1	1.7268E6	
937	-3.1265E-1	7.4336E2	6.0660E-1	1.7268E6	
938	-3.1265E-1	7.4336E2	6.0660E-1	1.7268E6	
939	-3.1265E-1	7.4336E2	6.0660E-1	1.7268E6	
940	-3.1265E-1	7.4336E2	6.0660E-1	1.7268E6	
941	-3.1265E-1	7.4336E2	6.0660E-1	1.7268E6	
942	-3.1265E-1	7.4336E2	6.0660E-1	1.7268E6	
943	-3.1265E-1	7.4336E2	6.0660E-1	1.7268E6	
944	-3.1265E-1	7.4336E2	6.0660E-1	1.7268E6	
945	-3.1265E-1	7.4336E2	6.0660E-1	1.7268E6	
946	-3.1265E-1	7.4336E2	6.0660E-1	1.7268E6	
947	-3.1265E-1	7.4336E2	6.0660E-1	1.7268E6	
948	-3.1265E-1	7.4336E2	6.0660E-1	1.7268E6	
949	-3.1265E-1	7.4336E2	6.0660E-1	1.7268E6	
950	-3.1265E-1	7.4336E2	6.0660E-1	1.7268E6	
951	-3.1265E-1	7.4336E2	6.0660E-1	1.7268E6	
952	-3.1265E-1	7.4336E2	6.0660E-1	1.7268E6	
953	-3.1265E-1	7.4336E2	6.0660E-1	1.7268E6	
954	-3.1265E-1	7.4336E2	6.0660E-1	1.7268E6	
955	-3.1265E-1	7.4336E2	6.0660E-1	1.7268E6	
956	-3.1265E-1	7.4336E2	6.0660E-1	1.7268E6	
957	-3.1265E-1	7.4336E2	6.0660E-1	1.7268E6	
958	-3.1265E-1	7.4336E2	6.0660E-1	1.7268E6	
959	-3.1265E-1	7.4336E2	6.0660E-1	1.7268E6	
960	-3.1265E-1	7.4336E2	6.0660E-1	1.7268E6	
961	-3.1265E-1	7.4336E2	6.0660E-1	1.7268E6	
962	-3.1265E-1	7.4336E2	6.0660E-1	1.7268E6	
963	-3.1265E-1	7.4336E2	6.0660E-1	1.7268E6	
964	-3.1265E-1	7.4336E2	6.0660E-1	1.7268E6	
965	-3.1265E-1	7.4336E2	6.0660E-1	1.7268E6	
966	-3.1265E-1	7.4336E2	6.0660E-1	1.7268E6	
967	-3.1265E-1	7.4336E2	6.0660E-1	1.7268E6	
968	-3.1265E-1	7.4336E2	6.0660E-1	1.7268E6	
969	-3.1265E-1	7.4336E2	6.0660E-1	1.7268E6	
970	-3.1265E-1	7.4336E2	6.0660E-1	1.7268E6	
971	-3.1265E-1	7.4336E2	6.0660E-1	1.7268E6	
972	-3.1265E-1	7.4336E2	6.0660E-1	1.7268E6	
973	-3.1265E-1	7.4336E2	6.0660E-1	1.7268E6	
974	-3.1265E-1	7.4336E2	6.0660E-1	1.7268E6	
975	-3.1265E-1	7.4336E2	6.0660E-1	1.7268E6	
976	-3.1265E-1	7.4336E2	6.0660E-1	1.7268E6	
977	-3.1265E-1	7.4336E2	6.0660E-1	1.7268E6	
978	-3.1265E-1	7.4336E2	6.0660E-1	1.7268E6	
979	-3.1265E-1	7.4336E2	6.0660E-1	1.7268E6	
980	-3.1265E-1	7.4336E2	6.0660E-1	1.7268E6	
981	-3.1265E-1	7.4336E2	6.0660E-1	1.7268E6	
982	-3.1265E-1	7.4336E2	6.0660E-1	1.7268E6	
983	-3.1265E-1	7.4336E2	6.0660E-1	1.7268E6	
984	-3.1265E-1	7.4336E2	6.0660E-1	1.7268E6	
985	-3.1265E-1	7.4336E2	6.0660E-1	1.7268E6	
986	-3.1265E-1	7.4336E2	6.0660E-1	1.7268E6	
987	-3.1265E-1	7.4336E2	6.0660E-1	1.7268E6	
988	-3.1265E-1	7.4336E2	6.0660E-1	1.7268E6	
989	-3.1265E-1	7.4336E2	6.0660E-1	1.7268E6	
990	-3.1265E-1	7.4336E2	6.0660E-1	1.7268E6	
991	-3.1265E-1	7.4336E2	6.0660E-1	1.7268E6	
992	-3.1265E-1	7.4336E2	6.0660E-1	1.7268E6	
993	-3.1265E-1	7.4336E2	6.0660E-1	1.7268E6	
994	-3.1265E-1	7.4336E2	6.0660E-1	1.7268E6	
995	-3.1265E-1	7.4336E2	6.0660E-1	1.7268E6	
996	-3.1265E-1	7.4336E2	6.0660E-1	1.7268E6	
997	-3.1265E-1	7.4336E2	6.0660E-1	1.7268E6	
998	-3.1265E-1	7.4336E2	6.0660E-1	1.7268E6	
999	-3.1265E-1	7.4336E2	6.0660E-1	1.7268E6	
1000	-3.1265E-1	7.4336E2	6.0660E-1	1.7268E6	
1001	-3.1265E-1	7.4336E2	6.0660E-1	1.7268E6	
1002	-3.1265E-1	7.4336E2	6.0660E-1	1.7268E6	
1003	-3.1265E-1	7.4336E2	6.0660E-1	1.7268E6	
1004	-3.1265E-1	7.4336E2	6.0660E-1	1.7268E6	
1005	-3.1265E-1	7.4336E2	6.0660E-1	1.7268E6	
1006	-3.1265E-1	7.4336E2	6.0660E-1	1.7268E6	
1007	-3.1265E-1	7.4336E2	6.0660E-1	1.7268E6	
1008	-3.1265E-1	7.4336E2	6.0660E-1	1.7268E6	
1009	-3.1265E-1	7.4336E2	6.0660E-1	1.7268E6	
1010	-3.1265E-1	7.4336E2	6.0660E-1	1.7268E6	
1011	-3.1265E-1	7.4336E2	6.0660E-1	1.7268E6	
1012	-3.1265E-1	7.4336E2	6.0660E-1	1.7268E6	
1013	-3.1265E-1	7.4336E2	6.0660E-1	1.7268E6	
1014	-3.1265E-1	7.4336E2	6.0660E-1	1.7268E6	
1015	-3.1265E-1	7.4336E2	6.0660E-1	1.7268E6	
1016	-3.1265E-1	7.4336E2	6.0660E-1	1.7268E6	
1017	-3.1265E-1	7.4336E2	6.0660E-1	1.7268E6	
1018	-3.1265E-1	7.4336E2	6.0660E-1	1.7268E6	
1019	-3.1265E-1	7.4336E2	6.0660E-1	1.7268E6	
1020	-3.1265E-1	7.4336E2	6.0660E-1	1.7268E6	
1021	-3.1265E-1	7.4336E2	6.0660E-1	1.7268E6	
1022	-3.1265E-1	7.4336E2	6.0660E-1	1.7268E6	
1023	-3.1265E-1	7.4336E2	6.0660E-1	1.7268E6	
1024	-3.1265E-1	7.4336E2	6.0660E-1	1.7268E6	
1025	-3.1517E-1	7.3962E2	6.0656E-1	1.7268E6	
1026	-3.6118E-1	6.7134E2	6.0781E-1	1.7290E6	
1027	-3.8887E-1	6.3024E2	6.1053E-1	1.7312E6	
1028	-4.1176E-1	5.9628E2	6.1354E-1	1.7334E6	
1029	-4.2999E-1	5.6921E2	6.1701E-1	1.7357E6	
1030	-4.4586E-1	5.4566E2	6.2048E-1	1.7379E6	
1031	-4.6402E-1	5.1872E2	6.2424E-1	1.7401E6	
1032	-4.7943E-1	4.9584E2	6.2810E-1	1.7423E6	
1033	-4.9217E-1	4.7694E2	6.3202E-1	1.7445E6	
1034	-5.0835E-1	4.5293E2	6.3588E-1	1.7468E6	
1035	-5.2376E-1	4.3006E2	6.4004E-1	1.7490E6	
1036	-5.3574E-1	4.1228E2	6.4426E-1	1.7512E6	
1037	-5.4665E-1	3.9609E2	6.4851E-1	1.7534E6	
1038	-5.6458E-1	3.6948E2	6.5259E-1	1.7556E6	
1039	-5.7426E-1	3.5510E2	6.5686E-1	1.7579E6	
1040	-5.8533E-1	3.3869E2	6.6114E-1	1.7601E6	
1041	-5.9708E-1	3.2125E2	6.6556E-1	1.7623E6	
1042	-6.0852E-1	3.0427E2	6.6981E-1	1.7645E6	
1043	-6.1646E-1	2.9249E2	6.7416E-1	1.7667E6	
1044	-6.2538E-1	2.7924E2	6.7863E-1	1.7690E6	
1045	-6.3683E-1	2.6226E2	6.8305E-1	1.7712E6	
1046	-6.4705E-1	2.4709E2	6.8754E-1	1.7734E6	
1047	-6.5613E-1	2.3361E2	6.9207E-1	1.7756E6	
1048	-6.6414E-1	2.2172E2	6.9647E-1	1.7778E6	
1049	-6.7352E-1	2.0780E2	7.0093E-1	1.7801E6	
1050	-6.8787E-1	1.8651E2	7.0548E-1	1.7823E6	
1051	-6.9153E-1	1.8108E2	7.1009E-1	1.7845E6	
1052	-7.0175E-1	1.6590E2	7.1469E-1	1.7867E6	
1053	-7.1007E-1	1.5356E2	7.1925E-1	1.7889E6	
1054	-7.1510E-1	1.4609E2	7.2380E-1	1.7912E6	
1055	-7.2334E-1	1.3386E2	7.2835E-1	1.7934E6	
1056	-7.3372E-1	1.1846E2	7.3304E-1	1.7956E6	
1057	-7.3776E-1	1.1246E2	7.3761E-1	1.7978E6	
1058	-7.4501E-1	1.0171E2	7.4222E-1	1.8000E6	
1059	-7.4806E-1	9.7176E1	7.4682E-1	1.8023E6	
1060	-7.6263E-1	7.5550E1	7.5150E-1	1.8045E6	
1061	-7.6744E-1	6.8417E1	7.5615E-1	1.8067E6	
1062	-7.7606E-1	5.5622E1	7.6087E-1	1.8089E6	
1063	-7.8232E-1	4.6338E1	7.6560E-1	1.8111E6	
1064	-7.9224E-1	3.1618E1	7.7020E-1	1.8134E6	
1065	-7.9102E-1	3.3430E1	7.7481E-1	1.8156E6	
1066	-8.0505E-1	1.2596E1	7.7957E-1	1.8178E6	
1067	-8.0902E-1	6.7087E0	7.8431E-1	1.8200E6	
1068	-8.0978E-1	5.5765E0	7.8910E-1	1.8222E6	
1069	-8.2336E-1	-1.4578E1	7.9382E-1	1.8245E6	
1070	-8.2832E-1	-2.1937E1	7.9850E-1	1.8267E6	
1071	-8.3534E-1	-3.2354E1	8.0338E-1	1.8289E6	
1072	-8.3885E-1	-3.7563E1	8.0803E-1	1.8311E6	
1073	-8.4015E-1	-3.9487E1	8.1281E-1	1.8333E6	
1074	-8.5014E-1	-5.4320E1	8.1754E-1	1.8356E6	
1075	-8.5808E-1	-6.6095E1	8.2234E-1	1.8378E6	
1076	-8.5953E-1	-6.8247E1	8.2714E-1	1.8400E6	
1077	-8.6708E-1	-7.9456E1	8.3199E-1	1.8422E6	
1078	-8.7250E-1	-8.7495E1	8.3684E-1	1.8444E6	
1079	-8.7761E-1	-9.5081E1	8.4159E-1	1.8467E6	
1080	-8.7982E-1	-9.8365E1	8.4631E-1	1.8489E6	
1081	-8.8562E-1	-1.0697E2	8.5124E-1	1.8511E6	
1082	-8.8753E-1	-1.0980E2	8.5601E-1	1.8533E6	
1083	-8.9325E-1	-1.1829E2	8.6084E-1	1.8555E6	
1084	-8.9607E-1	-1.2248E2	8.6570E-1	1.8578E6	
1085	-9.0019E-1	-1.2860E2	8.7057E-1	1.8600E6	
1086	-9.0637E-1	-1.3777E2	8.7546E-1	1.8622E6	
1087	-9.0347E-1	-1.3346E2	8.8028E-1	1.8644E6	
1088	-9.1362E-1	-1.4852E2	8.8515E-1	1.8666E6	
1089	-9.1789E-1	-1.5486E2	8.9001E-1	1.8689E6	
1090	-9.2201E-1	-1.6098E2	8.9493E-1	1.8711E6	
1091	-9.2369E-1	-1.6347E2	8.9988E-1	1.8733E6	
1092	-9.2674E-1	-1.6800E2	9.0462E-1	1.8755E6	
1093	-9.2949E-1	-1.7207E2	9.0967E-1	1.8777E6	
1094	-9.3124E-1	-1.7468E2	9.1467E-1	1.8800E6	
1095	-9.3369E-1	-1.7830E2	9.1948E-1	1.8822E6	
1096	-9.3857E-1	-1.8555E2	9.2442E-1	1.8844E6	
1097	-9.4093E-1	-1.8906E2	9.2934E-1	1.8866E6	
1098	-9.4559E-1	-1.9597E2	9.3435E-1	1.8888E6	
1099	-9.4704E-1	-1.9812E2	9.3927E-1	1.8911E6	
1100	-9.4917E-1	-2.0129E2	9.4419E-1	1.8933E6	
1101	-9.4910E-1	-2.0117E2	9.4917E-1	1.8955E6	
1102	-9.4963E-1	-2.0197E2	9.5413E-1	1.8977E6	
1103	-9.5490E-1	-2.0978E2	9.5911E-1	1.8999E6	
1104	-9.5581E-1	-2.1114E2	9.6412E-1	1.9022E6	
1105	-9.5802E-1	-2.1442E2	9.6915E-1	1.9044E6	
1106	-9.5566E-1	-2.1091E2	9.7410E-1	1.9066E6	
1107	-9.5573E-1	-2.1102E2	9.7904E-1	1.9088E6	
1108	-9.5619E-1	-2.1170E2	9.8410E-1	1.9110E6	
1109	-9.5459E-1	-2.0933E2	9.8906E-1	1.9133E6	
1110	-9.5428E-1	-2.0887E2	9.9412E-1	1.9155E6	
1111	-9.5566E-1	-2.1091E2	9.9909E-1	1.9177E6	
1112	-9.5306E-1	-2.0706E2	1.0041E0	1.9199E6	
1113	-9.5734E-1	-2.1340E2	1.0092E0	1.9221E6	
1114	-9.5665E-1	-2.1238E2	1.0141E0	1.9244E6	
1115	-9.6024E-1	-2.1770E2	1.0194E0	1.9266E6	
1116	-9.5726E-1	-2.1329E2	1.0243E0	1.9288E6	
1117	-9.5337E-1	-2.0751E2	1.0295E0	1.9310E6	
1118	-9.5566E-1	-2.1091E2	1.0345E0	1.9332E6	
1119	-9.5451E-1	-2.0921E2	1.0395E0	1.9355E6	
1120	-9.5268E-1	-2.0650E2	1.0446E0	1.9377E6	
1121	-9.4818E-1	-1.9982E2	1.0497E0	1.9399E6	
1122	-9.4879E-1	-2.0072E2	1.0547E0	1.9421E6	
1123	-9.4620E-1	-1.9687E2	1.0599E0	1.9443E6	
1124	-9.4437E-1	-1.9415E2	1.0650E0	1.9466E6	
1125	-9.4040E-1	-1.8827E2	1.0701E0	1.9488E6	
1126	-9.3918E-1	-1.8645E2	1.0750E0	1.9510E6	
1127	-9.3857E-1	-1.8555E2	1.0804E0	1.9532E6	
1128	-9.3887E-1	-1.8600E2	1.0855E0	1.9554E6	
1129	-9.3475E-1	-1.7989E2	1.0906E0	1.9577E6	
1130	-9.3201E-1	-1.7581E2	1.0957E0	1.9599E6	
1131	-9.3086E-1	-1.7411E2	1.1008E0	1.9621E6	
1132	-9.2773E-1	-1.6947E2	1.1060E0	1.9643E6	
1133	-9.2575E-1	-1.6653E2	1.1112E0	1.9665E6	
1134	-9.2438E-1	-1.6449E2	1.1163E0	1.9688E6	
1135	-9.2300E-1	-1.6245E2	1.1215E0	1.9710E6	
1136	-9.2422E-1	-1.6426E2	1.1266E0	1.9732E6	
1137	-9.2369E-1	-1.6347E2	1.1319E0	1.9754E6	
1138	-9.2033E-1	-1.5849E2	1.1370E0	1.9776E6	
1139	-9.2415E-1	-1.6415E2	1.1421E0	1.9799E6	
1140	-9.1850E-1	-1.5577E2	1.1474E0	1.9821E6	
1141	-9.1400E-1	-1.4909E2	1.1525E0	1.9843E6	
1142	-9.1652E-1	-1.5283E2	1.1577E0	1.9865E6	
1143	-9.1942E-1	-1.5713E2	1.1630E0	1.9887E6	
1144	-9.1316E-1	-1.4784E2	1.1682E0	1.9910E6	
1145	-9.1057E-1	-1.4399E2	1.1734E0	1.9932E6	
1146	-9.0958E-1	-1.4252E2	1.1786E0	1.9954E6	
1147	-9.1331E-1	-1.4807E2	1.1838E0	1.9976E6	
1148	-9.0935E-1	-1.4218E2	1.1891E0	1.9998E6	
1149	-9.0698E-1	-1.3867E2	1.1943E0	2.0021E6	
1150	-9.0805E-1	-1.4026E2	1.1996E0	2.0043E6	
1151	-9.0446E-1	-1.3494E2	1.2049E0	2.0065E6	
1152	-8.9806E-1	-1.2543E2	1.2101E0	2.0087E6	
1153	-8.9539E-1	-1.2146E2	1.2154E0	2.0109E6	
1154	-8.9317E-1	-1.1818E2	1.2207E0	2.0132E6	
1155	-8.8875E-1	-1.1161E2	1.2260E0	2.0154E6	
1156	-8.8249E-1	-1.0233E2	1.2312E0	2.0176E6	
1157	-8.7288E-1	-8.8061E1	1.2366E0	2.0198E6	
1158	-8.6067E-1	-6.9945E1	1.2417E0	2.0220E6	
1159	-8.4915E-1	-5.2848E1	1.2471E0	2.0243E6	
1160	-8.3679E-1	-3.4505E1	1.2523E0	2.0265E6	
1161	-8.1070E-1	4.2177E0	1.2577E0	2.0287E6	
1162	-7.8506E-1	4.2262E1	1.2631E0	2.0309E6	
1163	-7.5989E-1	7.9626E1	1.2684E0	2.0331E6	
1164	-7.2105E-1	1.3726E2	1.2736E0	2.0354E6	
1165	-6.8825E-1	1.8595E2	1.2789E0	2.0376E6	
1166	-6.8260E-1	1.9432E2	1.2844E0	2.0398E6	
1167	-6.7970E-1	1.9863E2	1.2896E0	2.0420E6	
1168	-6.7909E-1	1.9953E2	1.2950E0	2.0442E6	
1169	-6.7818E-1	2.0089E2	1.3004E0	2.0465E6	
1170	-6.7787E-1	2.0134E2	1.3056E0	2.0487E6	
1171	-6.8222E-1	1.9489E2	1.3111E0	2.0509E6	
1172	-6.7940E-1	1.9908E2	1.3165E0	2.0531E6	
1173	-6.8512E-1	1.9059E2	1.3219E0	2.0553E6	
1174	-6.8092E-1	1.9681E2	1.3273E0	2.0576E6	
1175	-6.7978E-1	1.9851E2	1.3326E0	2.0598E6	
1176	-6.8192E-1	1.9534E2	1.3381E0	2.0620E6	
1177	-6.8176E-1	1.9557E2	1.3434E0	2.0642E6	
1178	-6.8169E-1	1.9568E2	1.3487E0	2.0664E6	
1179	-6.8336E-1	1.9319E2	1.3543E0	2.0687E6	
1180	-6.8398E-1	1.9229E2	1.3596E0	2.0709E6	
1181	-6.8214E-1	1.9500E2	1.3650E0	2.0731E6	
1182	-6.8413E-1	1.9206E2	1.3705E0	2.0753E6	
1183	-6.8497E-1	1.9081E2	1.3759E0	2.0775E6	
1184	-6.8497E-1	1.9081E2	1.3813E0	2.0798E6	
1185	-6.8398E-1	1.9229E2	1.3867E0	2.0820E6	
1186	-6.8390E-1	1.9240E2	1.3921E0	2.0842E6	
1187	-6.8710E-1	1.8764E2	1.3976E0	2.0864E6	
1188	-6.8642E-1	1.8866E2	1.4031E0	2.0886E6	
1189	-6.8634E-1	1.8878E2	1.4085E0	2.0909E6	
1190	-6.8459E-1	1.9138E2	1.4140E0	2.0931E6	
1191	-6.8695E-1	1.8787E2	1.4195E0	2.0953E6	
1192	-6.8665E-1	1.8832E2	1.4249E0	2.0975E6	
1193	-6.8687E-1	1.8798E2	1.4305E0	2.0997E6	
1194	-6.8832E-1	1.8583E2	1.4359E0	2.1020E6	
1195	-6.8619E-1	1.8900E2	1.4414E0	2.1042E6	
1196	-6.8932E-1	1.8436E2	1.4469E0	2.1064E6	
1197	-6.8893E-1	1.8493E2	1.4524E0	2.1086E6	
1198	-6.8756E-1	1.8696E2	1.4579E0	2.1108E6	
1199	-6.8977E-1	1.8368E2	1.4634E0	2.1131E6	
1200	-6.8932E-1	1.8436E2	1.4689E0	2.1153E6	
1201	-6.8787E-1	1.8651E2	1.4744E0	2.1175E6	
1202	-6.8970E-1	1.8379E2	1.4800E0	2.1197E6	
1203	-6.9290E-1	1.7904E2	1.4855E0	2.1219E6	
1204	-6.8977E-1	1.8368E2	1.4911E0	2.1242E6	
1205	-6.8939E-1	1.8425E2	1.4966E0	2.1264E6	
1206	-6.8840E-1	1.8572E2	1.5021E0	2.1286E6	
1207	-6.9054E-1	1.8255E2	1.5076E0	2.1308E6	
1208	-6.8977E-1	1.8368E2	1.5132E0	2.1330E6	
1209	-6.9038E-1	1.8277E2	1.5188E0	2.1353E6	
1210	-6.9168E-1	1.8085E2	1.5243E0	2.1375E6	
1211	-6.9206E-1	1.8028E2	1.5299E0	2.1397E6	
1212	-6.9122E-1	1.8153E2	1.5354E0	2.1419E6	
1213	-6.9237E-1	1.7983E2	1.5411E0	2.1441E6	
1214	-6.9557E-1	1.7508E2	1.5467E0	2.1464E6	
1215	-6.9267E-1	1.7938E2	1.5522E0	2.1486E6	
1216	-6.9359E-1	1.7802E2	1.5578E0	2.1508E6	
1217	-6.9527E-1	1.7553E2	1.5634E0	2.1530E6	
1218	-6.9321E-1	1.7859E2	1.5690E0	2.1552E6	
1219	-6.9099E-1	1.8187E2	1.5746E0	2.1575E6	
1220	-6.9115E-1	1.8164E2	1.5802E0	2.1597E6	
1221	-6.9489E-1	1.7609E2	1.5859E0	2.1619E6	
1222	-6.9260E-1	1.7949E2	1.5915E0	2.1641E6	
1223	-6.9550E-1	1.7519E2	1.5971E0	2.1663E6	
1224	-6.9382E-1	1.7768E2	1.6027E0	2.1686E6	
1225	-6.9412E-1	1.7723E2	1.6085E0	2.1708E6	
1226	-6.9069E-1	1.8232E2	1.6140E0	2.1730E6	
1227	-6.9252E-1	1.7960E2	1.6196E0	2.1752E6	
1228	-6.9389E-1	1.7757E2	1.6253E0	2.1774E6	
1229	-6.9473E-1	1.7632E2	1.6310E0	2.1797E6	
1230	-6.9305E-1	1.7881E2	1.6365E0	2.1819E6	
1231	-6.9481E-1	1.7621E2	1.6422E0	2.1841E6	
1232	-6.9351E-1	1.7813E2	1.6479E0	2.1863E6	
1233	-6.9168E-1	1.8085E2	1.6537E0	2.1885E6	
1234	-6.9389E-1	1.7757E2	1.6593E0	2.1908E6	
1235	-6.9397E-1	1.7745E2	1.6649E0	2.1930E6	
1236	-6.9374E-1	1.7779E2	1.6707E0	2.1952E6	
1237	-6.9466E-1	1.7643E2	1.6763E0	2.1974E6	
1238	-6.9275E-1	1.7926E2	1.6821E0	2.1996E6	
1239	-6.9427E-1	1.7700E2	1.6878E0	2.2019E6	
1240	-6.9496E-1	1.7598E2	1.6936E0	2.2041E6	
1241	-6.9511E-1	1.7575E2	1.6991E0	2.2063E6	
1242	-6.9435E-1	1.7689E2	1.7049E0	2.2085E6	
1243	-6.9580E-1	1.7474E2	1.7106E0	2.2107E6	
1244	-6.9641E-1	1.7383E2	1.7163E0	2.2130E6	
1245	-6.9351E-1	1.7813E2	1.7221E0	2.2152E6	
1246	-6.9588E-1	1.7462E2	1.7278E0	2.2174E6	
1247	-6.9511E-1	1.7575E2	1.7335E0	2.2196E6	
1248	-6.9603E-1	1.7440E2	1.7392E0	2.2218E6	
1249	-6.9466E-1	1.7643E2	1.7451E0	2.2241E6	
1250	-6.9511E-1	1.7575E2	1.7508E0	2.2263E6	
1251	-6.9473E-1	1.7632E2	1.7566E0	2.2285E6	
1252	-6.9756E-1	1.7213E2	1.7623E0	2.2307E6	
1253	-6.9481E-1	1.7621E2	1.7682E0	2.2329E6	
1254	-7.0023E-1	1.6817E2	1.7739E0	2.2352E6	
1255	-6.9664E-1	1.7349E2	1.7797E0	2.2374E6	
1256	-6.9336E-1	1.7836E2	1.7855E0	2.2396E6	
1257	-6.9618E-1	1.7417E2	1.7912E0	2.2418E6	
1258	-6.9855E-1	1.7066E2	1.7971E0	2.2440E6	
1259	-6.9672E-1	1.7338E2	1.8028E0	2.2463E6	
1260	-6.9611E-1	1.7428E2	1.8087E0	2.2485E6	
1261	-6.9679E-1	1.7326E2	1.8144E0	2.2507E6	
1262	-6.9870E-1	1.7043E2	1.8202E0	2.2529E6	
1263	-6.9801E-1	1.7145E2	1.8261E0	2.2551E6	
1264	-6.9756E-1	1.7213E2	1.8319E0	2.2574E6	
1265	-7.0137E-1	1.6647E2	1.8377E0	2.2596E6	
1266	-6.9931E-1	1.6953E2	1.8434E0	2.2618E6	
1267	-7.0000E-1	1.6851E2	1.8495E0	2.2640E6	
1268	-7.0129E-1	1.6658E2	1.8552E0	2.2662E6	
1269	-7.0160E-1	1.6613E2	1.8610E0	2.2685E6	
1270	-7.0236E-1	1.6500E2	1.8669E0	2.2707E6	
1271	-7.0168E-1	1.6602E2	1.8728E0	2.2729E6	
1272	-7.0267E-1	1.6455E2	1.8787E0	2.2751E6	
1273	-7.0015E-1	1.6828E2	1.8845E0	2.2773E6	
1274	-7.0091E-1	1.6715E2	1.8903E0	2.2796E6	
1275	-7.0518E-1	1.6081E2	1.8962E0	2.2818E6	
1276	-7.0320E-1	1.6375E2	1.9021E0	2.2840E6	
1277	-7.0198E-1	1.6556E2	1.9079E0	2.2862E6	
1278	-7.0305E-1	1.6398E2	1.9139E0	2.2884E6	
1279	-7.0442E-1	1.6194E2	1.9198E0	2.2907E6	
1280	-7.0320E-1	1.6375E2	1.9256E0	2.2929E6	
1281	-7.0526E-1	1.6070E2	1.9315E0	2.2951E6	
1282	-7.0595E-1	1.5968E2	1.9375E0	2.2973E6	
1283	-7.0312E-1	1.6387E2	1.9433E0	2.2995E6	
1284	-7.0091E-1	1.6715E2	1.9493E0	2.3018E6	
1285	-7.0419E-1	1.6228E2	1.9552E0	2.3040E6	
1286	-7.0541E-1	1.6047E2	1.9612E0	2.3062E6	
1287	-7.0541E-1	1.6047E2	1.9671E0	2.3084E6	
1288	-7.0724E-1	1.5775E2	1.9730E0	2.3106E6	
1289	-7.0572E-1	1.6002E2	1.9788E0	2.3129E6	
1290	-7.0465E-1	1.6160E2	1.9847E0	2.3151E6	
1291	-7.0580E-1	1.5990E2	1.9908E0	2.3173E6	
1292	-7.0580E-1	1.5990E2	1.9967E0	2.3195E6	
1293	-7.0717E-1	1.5787E2	2.0026E0	2.3217E6	
1294	-7.0587E-1	1.5979E2	2.0086E0	2.3240E6	
1295	-7.0808E-1	1.5651E2	2.0145E0	2.3262E6	
1296	-7.0648E-1	1.5888E2	2.0206E0	2.3284E6	
1297	-7.0793E-1	1.5673E2	2.0265E0	2.3306E6	
1298	-7.0587E-1	1.5979E2	2.0324E0	2.3328E6	
1299	-7.0541E-1	1.6047E2	2.0384E0	2.3351E6	
1300	-7.0709E-1	1.5798E2	2.0443E0	2.3373E6	
1301	-7.0892E-1	1.5526E2	2.0504E0	2.3395E6	
1302	-7.0816E-1	1.5639E2	2.0564E0	2.3417E6	
1303	-7.0671E-1	1.5854E2	2.0624E0	2.3439E6	
1304	-7.0999E-1	1.5368E2	2.0684E0	2.3462E6	
1305	-7.0854E-1	1.5583E2	2.0744E0	2.3484E6	
1306	-7.0671E-1	1.5854E2	2.0804E0	2.3506E6	
1307	-7.0572E-1	1.6002E2	2.0864E0	2.3528E6	
1308	-7.0648E-1	1.5888E2	2.0924E0	2.3550E6	
1309	-7.0778E-1	1.5696E2	2.0985E0	2.3573E6	
1310	-7.0793E-1	1.5673E2	2.1044E0	2.3595E6	
1311	-7.0808E-1	1.5651E2	2.1105E0	2.3617E6	
1312	-7.0854E-1	1.5583E2	2.1165E0	2.3639E6	
1313	-7.0824E-1	1.5628E2	2.1226E0	2.3661E6	
1314	-7.0938E-1	1.5458E2	2.1286E0	2.3684E6	
1315	-7.0847E-1	1.5594E2	2.1346E0	2.3706E6	
1316	-7.0557E-1	1.6024E2	2.1407E0	2.3728E6	
1317	-7.0747E-1	1.5741E2	2.1468E0	2.3750E6	
1318	-7.0694E-1	1.5820E2	2.1527E0	2.3772E6	
1319	-7.0824E-1	1.5628E2	2.1589E0	2.3795E6	
1320	-7.0892E-1	1.5526E2	2.1649E0	2.3817E6	
1321	-7.0992E-1	1.5379E2	2.1710E0	2.3839E6	
1322	-7.0900E-1	1.5515E2	2.1771E0	2.3861E6	
1323	-7.0854E-1	1.5583E2	2.1832E0	2.3883E6	
1324	-7.0953E-1	1.5436E2	2.1892E0	2.3906E6	
1325	-7.0946E-1	1.5447E2	2.1953E0	2.3928E6	
1326	-7.0908E-1	1.5503E2	2.2015E0	2.3950E6	
1327	-7.0999E-1	1.5368E2	2.2076E0	2.3972E6	
1328	-7.1121E-1	1.5186E2	2.2137E0	2.3994E6	
1329	-7.0877E-1	1.5549E2	2.2197E0	2.4017E6	
1330	-7.1083E-1	1.5243E2	2.2259E0	2.4039E6	
1331	-7.1121E-1	1.5186E2	2.2320E0	2.4061E6	
1332	-7.1167E-1	1.5118E2	2.2382E0	2.4083E6	
1333	-7.1037E-1	1.5311E2	2.2444E0	2.4105E6	
1334	-7.1129E-1	1.5175E2	2.2504E0	2.4128E6	
1335	-7.1190E-1	1.5085E2	2.2566E0	2.4150E6	
1336	-7.1312E-1	1.4903E2	2.2627E0	2.4172E6	
1337	-7.1213E-1	1.5051E2	2.2689E0	2.4194E6	
1338	-7.1045E-1	1.5300E2	2.2750E0	2.4216E6	
1339	-7.1297E-1	1.4926E2	2.2812E0	2.4239E6	
1340	-7.1091E-1	1.5232E2	2.2873E0	2.4261E6	
1341	-7.1396E-1	1.4779E2	2.2935E0	2.4283E6	
1342	-7.1495E-1	1.4632E2	2.2997E0	2.4305E6	
1343	-7.1259E-1	1.4983E2	2.3058E0	2.4327E6	
1344	-7.1381E-1	1.4801E2	2.3120E0	2.4350E6	
1345	-7.1510E-1	1.4609E2	2.3181E0	2.4372E6	
1346	-7.1671E-1	1.4371E2	2.3243E0	2.4394E6	
1347	-7.1495E-1	1.4632E2	2.3305E0	2.4416E6	
1348	-7.1442E-1	1.4711E2	2.3367E0	2.4438E6	
1349	-7.1541E-1	1.4564E2	2.3430E0	2.4461E6	
1350	-7.1671E-1	1.4371E2	2.3492E0	2.4483E6	
1351	-7.1510E-1	1.4609E2	2.3554E0	2.4505E6	
1352	-7.1465E-1	1.4677E2	2.3616E0	2.4527E6	
1353	-7.1922E-1	1.3998E2	2.3678E0	2.4549E6	
1354	-7.1671E-1	1.4371E2	2.3740E0	2.4572E6	
1355	-7.1892E-1	1.4043E2	2.3803E0	2.4594E6	
1356	-7.1854E-1	1.4099E2	2.3865E0	2.4616E6	
1357	-7.1930E-1	1.3986E2	2.3928E0	2.4638E6	
1358	-7.1831E-1	1.4133E2	2.3990E0	2.4660E6	
1359	-7.2014E-1	1.3862E2	2.4053E0	2.4683E6	
1360	-7.2098E-1	1.3737E2	2.4115E0	2.4705E6	
1361	-7.2037E-1	1.3828E2	2.4177E0	2.4727E6	
1362	-7.1838E-1	1.4122E2	2.4240E0	2.4749E6	
1363	-7.2014E-1	1.3862E2	2.4302E0	2.4771E6	
1364	-7.1823E-1	1.4145E2	2.4365E0	2.4794E6	
1365	-7.2075E-1	1.3771E2	2.4428E0	2.4816E6	
1366	-7.1938E-1	1.3975E2	2.4491E0	2.4838E6	
1367	-7.2113E-1	1.3714E2	2.4555E0	2.4860E6	
1368	-7.1968E-1	1.3930E2	2.4616E0	2.4882E6	
1369	-7.2144E-1	1.3669E2	2.4679E0	2.4905E6	
1370	-7.2044E-1	1.3816E2	2.4742E0	2.4927E6	
1371	-7.1915E-1	1.4009E2	2.4805E0	2.4949E6	
1372	-7.2189E-1	1.3601E2	2.4869E0	2.4971E6	
1373	-7.2327E-1	1.3397E2	2.4932E0	2.4993E6	
1374	-7.2037E-1	1.3828E2	2.4994E0	2.5016E6	
1375	-7.2243E-1	1.3522E2	2.5058E0	2.5038E6	
1376	-7.2105E-1	1.3726E2	2.5121E0	2.5060E6	
1377	-7.2296E-1	1.3443E2	2.5183E0	2.5082E6	
1378	-7.1930E-1	1.3986E2	2.5247E0	2.5104E6	
1379	-7.2220E-1	1.3556E2	2.5310E0	2.5127E6	
1380	-7.2189E-1	1.3601E2	2.5374E0	2.5149E6	
1381	-7.2151E-1	1.3658E2	2.5438E0	2.5171E6	
1382	-7.2235E-1	1.3533E2	2.5500E0	2.5193E6	
1383	-7.2342E-1	1.3375E2	2.5565E0	2.5215E6	
1384	-7.2357E-1	1.3352E2	2.5627E0	2.5238E6	
1385	-7.2525E-1	1.3103E2	2.5691E0	2.5260E6	
1386	-7.2151E-1	1.3658E2	2.5754E0	2.5282E6	
1387	-7.2197E-1	1.3590E2	2.5819E0	2.5304E6	
1388	-7.2174E-1	1.3624E2	2.5882E0	2.5326E6	
1389	-7.2250E-1	1.3511E2	2.5945E0	2.5349E6	
1390	-7.2121E-1	1.3703E2	2.6010E0	2.5371E6	
1391	-7.2311E-1	1.3420E2	2.6073E0	2.5393E6	
1392	-7.2289E-1	1.3454E2	2.6137E0	2.5415E6	
1393	-7.2304E-1	1.3431E2	2.6200E0	2.5437E6	
1394	-7.2289E-1	1.3454E2	2.6265E0	2.5460E6	
1395	-7.1968E-1	1.3930E2	2.6329E0	2.5482E6	
1396	-7.2388E-1	1.3307E2	2.6393E0	2.5504E6	
1397	-7.2166E-1	1.3635E2	2.6456E0	2.5526E6	
1398	-7.2319E-1	1.3409E2	2.6521E0	2.5548E6	
1399	-7.2319E-1	1.3409E2	2.6586E0	2.5571E6	
1400	-7.2479E-1	1.3171E2	2.6649E0	2.5593E6	
1401	-7.2296E-1	1.3443E2	2.6713E0	2.5615E6	
1402	-7.2563E-1	1.3046E2	2.6778E0	2.5637E6	
1403	-7.2670E-1	1.2888E2	2.6842E0	2.5659E6	
1404	-7.2563E-1	1.3046E2	2.6906E0	2.5682E6	
1405	-7.2594E-1	1.3001E2	2.6971E0	2.5704E6	
1406	-7.2708E-1	1.2831E2	2.7036E0	2.5726E6	
1407	-7.2578E-1	1.3024E2	2.7101E0	2.5748E6	
1408	-7.2670E-1	1.2888E2	2.7165E0	2.5770E6	
1409	-7.2838E-1	1.2639E2	2.7229E0	2.5793E6	
1410	-7.2792E-1	1.2707E2	2.7294E0	2.5815E6	
1411	-7.2868E-1	1.2594E2	2.7359E0	2.5837E6	
1412	-7.2807E-1	1.2684E2	2.7424E0	2.5859E6	
1413	-7.2815E-1	1.2673E2	2.7488E0	2.5881E6	
1414	-7.2845E-1	1.2628E2	2.7553E0	2.5904E6	
1415	-7.2815E-1	1.2673E2	2.7618E0	2.5926E6	
1416	-7.2884E-1	1.2571E2	2.7683E0	2.5948E6	
1417	-7.2998E-1	1.2401E2	2.7748E0	2.5970E6	
1418	-7.3166E-1	1.2152E2	2.7813E0	2.5992E6	
1419	-7.3006E-1	1.2390E2	2.7878E0	2.6015E6	
1420	-7.3074E-1	1.2288E2	2.7944E0	2.6037E6	
1421	-7.2845E-1	1.2628E2	2.8009E0	2.6059E6	
1422	-7.2922E-1	1.2514E2	2.8073E0	2.6081E6	
1423	-7.3082E-1	1.2277E2	2.8139E0	2.6103E6	
1424	-7.3273E-1	1.1993E2	2.8204E0	2.6126E6	
1425	-7.3029E-1	1.2356E2	2.8269E0	2.6148E6	
1426	-7.3151E-1	1.2175E2	2.8334E0	2.6170E6	
1427	-7.3212E-1	1.2084E2	2.8401E0	2.6192E6	
1428	-7.3250E-1	1.2027E2	2.8466E0	2.6214E6	
1429	-7.3296E-1	1.1959E2	2.8530E0	2.6237E6	
1430	-7.3334E-1	1.1903E2	2.8597E0	2.6259E6	
1431	-7.3296E-1	1.1959E2	2.8662E0	2.6281E6	
1432	-7.3189E-1	1.2118E2	2.8727E0	2.6303E6	
1433	-7.3204E-1	1.2095E2	2.8793E0	2.6325E6	
1434	-7.3624E-1	1.1473E2	2.8859E0	2.6348E6	
1435	-7.3257E-1	1.2016E2	2.8924E0	2.6370E6	
1436	-7.3448E-1	1.1733E2	2.8990E0	2.6392E6	
1437	-7.3318E-1	1.1926E2	2.9057E0	2.6414E6	
1438	-7.3143E-1	1.2186E2	2.9122E0	2.6436E6	
1439	-7.3334E-1	1.1903E2	2.9188E0	2.6459E6	
1440	-7.3502E-1	1.1654E2	2.9254E0	2.6481E6	
1441	-7.3448E-1	1.1733E2	2.9319E0	2.6503E6	
1442	-7.3441E-1	1.1744E2	2.9386E0	2.6525E6	
1443	-7.3547E-1	1.1586E2	2.9453E0	2.6547E6	
1444	-7.3677E-1	1.1393E2	2.9518E0	2.6570E6	
1445	-7.3502E-1	1.1654E2	2.9585E0	2.6592E6	
1446	-7.3288E-1	1.1971E2	2.9650E0	2.6614E6	
1447	-7.3479E-1	1.1688E2	2.9716E0	2.6636E6	
1448	-7.3486E-1	1.1676E2	2.9782E0	2.6658E6	
1449	-7.3570E-1	1.1552E2	2.9849E0	2.6681E6	
1450	-7.3532E-1	1.1608E2	2.9916E0	2.6703E6	
1451	-7.3723E-1	1.1325E2	2.9983E0	2.6725E6	
1452	-7.3486E-1	1.1676E2	3.0049E0	2.6747E6	
1453	-7.3471E-1	1.1699E2	3.0115E0	2.6769E6	
1454	-7.3334E-1	1.1903E2	3.0182E0	2.6792E6	
1455	-7.3692E-1	1.1371E2	3.0249E0	2.6814E6	
1456	-7.3517E-1	1.1631E2	3.0314E0	2.6836E6	
1457	-7.3540E-1	1.1597E2	3.0381E0	2.6858E6	
1458	-7.3608E-1	1.1495E2	3.0448E0	2.6880E6	
1459	-7.3601E-1	1.1507E2	3.0514E0	2.6903E6	
1460	-7.3753E-1	1.1280E2	3.0582E0	2.6925E6	
1461	-7.3616E-1	1.1484E2	3.0648E0	2.6947E6	
1462	-7.3662E-1	1.1416E2	3.0716E0	2.6969E6	
1463	-7.3853E-1	1.1133E2	3.0782E0	2.6991E6	
1464	-7.3814E-1	1.1190E2	3.0849E0	2.7014E6	
1465	-7.3830E-1	1.1167E2	3.0916E0	2.7036E6	
1466	-7.3776E-1	1.1246E2	3.0983E0	2.7058E6	
1467	-7.3769E-1	1.1257E2	3.1050E0	2.7080E6	
1468	-7.3830E-1	1.1167E2	3.1117E0	2.7102E6	
1469	-7.3952E-1	1.0986E2	3.1184E0	2.7125E6	
1470	-7.3616E-1	1.1484E2	3.1251E0	2.7147E6	
1471	-7.3723E-1	1.1325E2	3.1319E0	2.7169E6	
1472	-7.4028E-1	1.0873E2	3.1384E0	2.7191E6	
1473	-7.4081E-1	1.0793E2	3.1453E0	2.7213E6	
1474	-7.3929E-1	1.1020E2	3.1520E0	2.7236E6	
1475	-7.4127E-1	1.0725E2	3.1587E0	2.7258E6	
1476	-7.3639E-1	1.1450E2	3.1655E0	2.7280E6	
1477	-7.3967E-1	1.0963E2	3.1722E0	2.7302E6	
1478	-7.4188E-1	1.0635E2	3.1790E0	2.7324E6	
1479	-7.4020E-1	1.0884E2	3.1856E0	2.7347E6	
1480	-7.4081E-1	1.0793E2	3.1925E0	2.7369E6	
1481	-7.4066E-1	1.0816E2	3.1992E0	2.7391E6	
1482	-7.4165E-1	1.0669E2	3.2060E0	2.7413E6	
1483	-7.4097E-1	1.0771E2	3.2127E0	2.7435E6	
1484	-7.4280E-1	1.0499E2	3.2196E0	2.7458E6	
1485	-7.4509E-1	1.0159E2	3.2263E0	2.7480E6	
1486	-7.4532E-1	1.0125E2	3.2332E0	2.7502E6	
1487	-7.4150E-1	1.0691E2	3.2398E0	2.7524E6	
1488	-7.4455E-1	1.0238E2	3.2467E0	2.7546E6	
1489	-7.4371E-1	1.0363E2	3.2535E0	2.7569E6	
1490	-7.4425E-1	1.0284E2	3.2603E0	2.7591E6	
1491	-7.4585E-1	1.0046E2	3.2670E0	2.7613E6	
1492	-7.4615E-1	1.0001E2	3.2738E0	2.7635E6	
1493	-7.4417E-1	1.0295E2	3.2806E0	2.7657E6	
1494	-7.4684E-1	9.8988E1	3.2874E0	2.7680E6	
1495	-7.4745E-1	9.8082E1	3.2942E0	2.7702E6	
1496	-7.4730E-1	9.8308E1	3.3011E0	2.7724E6	
1497	-7.4455E-1	1.0238E2	3.3079E0	2.7746E6	
1498	-7.4463E-1	1.0227E2	3.3147E0	2.7768E6	
1499	-7.4684E-1	9.8988E1	3.3215E0	2.7791E6	
1500	-7.4570E-1	1.0069E2	3.3283E0	2.7813E6	
1501	-7.4783E-1	9.7516E1	3.3352E0	2.7835E6	
1502	-7.4638E-1	9.9667E1	3.3421E0	2.7857E6	
1503	-7.4631E-1	9.9780E1	3.3489E0	2.7879E6	
1504	-7.4738E-1	9.8195E1	3.3558E0	2.7902E6	
1505	-7.4989E-1	9.4459E1	3.3626E0	2.7924E6	
1506	-7.4745E-1	9.8082E1	3.3695E0	2.7946E6	
1507	-7.4684E-1	9.8988E1	3.3763E0	2.7968E6	
1508	-7.4684E-1	9.8988E1	3.3832E0	2.7990E6	
1509	-7.4867E-1	9.6270E1	3.3901E0	2.8013E6	
1510	-7.4867E-1	9.6270E1	3.3969E0	2.8035E6	
1511	-7.4699E-1	9.8761E1	3.4038E0	2.8057E6	
1512	-7.4677E-1	9.9101E1	3.4107E0	2.8079E6	
1513	-7.4738E-1	9.8195E1	3.4176E0	2.8101E6	
1514	-7.4875E-1	9.6157E1	3.4244E0	2.8124E6	
1515	-7.4844E-1	9.6610E1	3.4314E0	2.8146E6	
1516	-7.4760E-1	9.7855E1	3.4382E0	2.8168E6	
1517	-7.4989E-1	9.4459E1	3.4451E0	2.8190E6	
1518	-7.4715E-1	9.8535E1	3.4520E0	2.8212E6	
1519	-7.4837E-1	9.6723E1	3.4589E0	2.8235E6	
1520	-7.4890E-1	9.5931E1	3.4658E0	2.8257E6	
1521	-7.4966E-1	9.4798E1	3.4728E0	2.8279E6	
1522	-7.5027E-1	9.3893E1	3.4797E0	2.8301E6	
1523	-7.5188E-1	9.1515E1	3.4866E0	2.8323E6	
1524	-7.4905E-1	9.5704E1	3.4935E0	2.8346E6	
1525	-7.4875E-1	9.6157E1	3.5005E0	2.8368E6	
1526	-7.4989E-1	9.4459E1	3.5074E0	2.8390E6	
1527	-7.5279E-1	9.0156E1	3.5143E0	2.8412E6	
1528	-7.5226E-1	9.0949E1	3.5211E0	2.8434E6	
1529	-7.4982E-1	9.4572E1	3.5281E0	2.8457E6	
1530	-7.5066E-1	9.3326E1	3.5351E0	2.8479E6	
1531	-7.5081E-1	9.3100E1	3.5421E0	2.8501E6	
1532	-7.5050E-1	9.3553E1	3.5490E0	2.8523E6	
1533	-7.4944E-1	9.5138E1	3.5560E0	2.8545E6	
1534	-7.5401E-1	8.8344E1	3.5629E0	2.8568E6	
1535	-7.5226E-1	9.0949E1	3.5700E0	2.8590E6	
1536	-7.5287E-1	9.0043E1	3.5768E0	2.8612E6	
1537	-7.5363E-1	8.8911E1	3.5838E0	2.8634E6	
1538	-7.4982E-1	9.4572E1	3.5908E0	2.8656E6	
1539	-7.5310E-1	8.9703E1	3.5978E0	2.8679E6	
1540	-7.5325E-1	8.9477E1	3.6049E0	2.8701E6	
1541	-7.5584E-1	8.5627E1	3.6117E0	2.8723E6	
1542	-7.5432E-1	8.7892E1	3.6187E0	2.8745E6	
1543	-7.5447E-1	8.7665E1	3.6258E0	2.8767E6	
1544	-7.5432E-1	8.7892E1	3.6327E0	2.8790E6	
1545	-7.5401E-1	8.8344E1	3.6397E0	2.8812E6	
1546	-7.5500E-1	8.6873E1	3.6468E0	2.8834E6	
1547	-7.5333E-1	8.9364E1	3.6537E0	2.8856E6	
1548	-7.5821E-1	8.2117E1	3.6608E0	2.8878E6	
1549	-7.5676E-1	8.4268E1	3.6678E0	2.8901E6	
1550	-7.5630E-1	8.4948E1	3.6749E0	2.8923E6	
1551	-7.5829E-1	8.2004E1	3.6819E0	2.8945E6	
1552	-7.5714E-1	8.3702E1	3.6889E0	2.8967E6	
1553	-7.5493E-1	8.6986E1	3.6959E0	2.8989E6	
1554	-7.5676E-1	8.4268E1	3.7029E0	2.9012E6	
1555	-7.6027E-1	7.9060E1	3.7100E0	2.9034E6	
1556	-7.5897E-1	8.0985E1	3.7170E0	2.9056E6	
1557	-7.6004E-1	7.9400E1	3.7241E0	2.9078E6	
1558	-7.5554E-1	8.6080E1	3.7311E0	2.9100E6	
1559	-7.5775E-1	8.2796E1	3.7382E0	2.9123E6	
1560	-7.5691E-1	8.4042E1	3.7452E0	2.9145E6	
1561	-7.5867E-1	8.1438E1	3.7522E0	2.9167E6	
1562	-7.5928E-1	8.0532E1	3.7593E0	2.9189E6	
1563	-7.6042E-1	7.8834E1	3.7664E0	2.9211E6	
1564	-7.6012E-1	7.9286E1	3.7735E0	2.9234E6	
1565	-7.5836E-1	8.1891E1	3.7805E0	2.9256E6	
1566	-7.6103E-1	7.7928E1	3.7876E0	2.9278E6	
1567	-7.6187E-1	7.6682E1	3.7947E0	2.9300E6	
1568	-7.6012E-1	7.9286E1	3.8018E0	2.9322E6	
1569	-7.5859E-1	8.1551E1	3.8088E0	2.9345E6	
1570	-7.6126E-1	7.7588E1	3.8159E0	2.9367E6	
1571	-7.6416E-1	7.3285E1	3.8230E0	2.9389E6	
1572	-7.6096E-1	7.8041E1	3.8301E0	2.9411E6	
1573	-7.6370E-1	7.3965E1	3.8372E0	2.9433E6	
1574	-7.6088E-1	7.8154E1	3.8443E0	2.9456E6	
1575	-7.6294E-1	7.5097E1	3.8515E0	2.9478E6	
1576	-7.5958E-1	8.0079E1	3.8585E0	2.9500E6	
1577	-7.6141E-1	7.7362E1	3.8656E0	2.9522E6	
1578	-7.5981E-1	7.9739E1	3.8728E0	2.9544E6	
1579	-7.6385E-1	7.3738E1	3.8799E0	2.9567E6	
1580	-7.6210E-1	7.6343E1	3.8871E0	2.9589E6	
1581	-7.6355E-1	7.4191E1	3.8942E0	2.9611E6	
1582	-7.6187E-1	7.6682E1	3.9013E0	2.9633E6	
1583	-7.6118E-1	7.7701E1	3.9084E0	2.9655E6	
1584	-7.6317E-1	7.4757E1	3.9155E0	2.9678E6	
1585	-7.6187E-1	7.6682E1	3.9227E0	2.9700E6	
1586	-7.6385E-1	7.3738E1	3.9299E0	2.9722E6	
1587	-7.6202E-1	7.6456E1	3.9370E0	2.9744E6	
1588	-7.6385E-1	7.3738E1	3.9441E0	2.9766E6	
1589	-7.6599E-1	7.0568E1	3.9513E0	2.9789E6	
1590	-7.6187E-1	7.6682E1	3.9584E0	2.9811E6	
1591	-7.6416E-1	7.3285E1	3.9656E0	2.9833E6	
1592	-7.6393E-1	7.3625E1	3.9728E0	2.9855E6	
1593	-7.6187E-1	7.6682E1	3.9800E0	2.9877E6	
1594	-7.6164E-1	7.7022E1	3.9871E0	2.9900E6	
1595	-7.6477E-1	7.2380E1	3.9943E0	2.9922E6	
1596	-7.6439E-1	7.2946E1	4.0015E0	2.9944E6	
1597	-7.6561E-1	7.1134E1	4.0087E0	2.9966E6	
1598	-7.6408E-1	7.3399E1	4.0159E0	2.9988E6	
1599	-7.6660E-1	6.9662E1	4.0230E0	3.0011E6	
1600	-7.6286E-1	7.5210E1	4.0303E0	3.0033E6	
1601	-7.6538E-1	7.1474E1	4.0374E0	3.0055E6	
1602	-7.6660E-1	6.9662E1	4.0447E0	3.0077E6	
1603	-7.6675E-1	6.9436E1	4.0519E0	3.0099E6	
1604	-7.6637E-1	7.0002E1	4.0591E0	3.0122E6	
1605	-7.6668E-1	6.9549E1	4.0663E0	3.0144E6	
1606	-7.6431E-1	7.3059E1	4.0735E0	3.0166E6	
1607	-7.6576E-1	7.0908E1	4.0807E0	3.0188E6	
1608	-7.6820E-1	6.7284E1	4.0879E0	3.0210E6	
1609	-7.6820E-1	6.7284E1	4.0952E0	3.0233E6	
1610	-7.6889E-1	6.6265E1	4.1025E0	3.0255E6	
1611	-7.6729E-1	6.8643E1	4.1097E0	3.0277E6	
1612	-7.6851E-1	6.6832E1	4.1168E0	3.0299E6	
1613	-7.6920E-1	6.5813E1	4.1241E0	3.0321E6	
1614	-7.6958E-1	6.5246E1	4.1314E0	3.0344E6	
1615	-7.6767E-1	6.8077E1	4.1386E0	3.0366E6	
1616	-7.7026E-1	6.4227E1	4.1460E0	3.0388E6	
1617	-7.6927E-1	6.5699E1	4.1531E0	3.0410E6	
1618	-7.7126E-1	6.2755E1	4.1603E0	3.0432E6	
1619	-7.7118E-1	6.2869E1	4.1677E0	3.0455E6	
1620	-7.7316E-1	5.9925E1	4.1750E0	3.0477E6	
1621	-7.7164E-1	6.2189E1	4.1822E0	3.0499E6	
1622	-7.7209E-1	6.1510E1	4.1894E0	3.0521E6	
1623	-7.7003E-1	6.4567E1	4.1967E0	3.0543E6	
1624	-7.7469E-1	5.7660E1	4.2039E0	3.0566E6	
1625	-7.7049E-1	6.3888E1	4.2112E0	3.0588E6	
1626	-7.7187E-1	6.1850E1	4.2186E0	3.0610E6	
1627	-7.7286E-1	6.0378E1	4.2258E0	3.0632E6	
1628	-7.7621E-1	5.5396E1	4.2331E0	3.0654E6	
1629	-7.7408E-1	5.8566E1	4.2404E0	3.0677E6	
1630	-7.7240E-1	6.1057E1	4.2477E0	3.0699E6	
1631	-7.7332E-1	5.9698E1	4.2550E0	3.0721E6	
1632	-7.7385E-1	5.8906E1	4.2623E0	3.0743E6	
1633	-7.7515E-1	5.6981E1	4.2696E0	3.0765E6	
1634	-7.7599E-1	5.5735E1	4.2770E0	3.0788E6	
1635	-7.7461E-1	5.7774E1	4.2842E0	3.0810E6	
1636	-7.7705E-1	5.4150E1	4.2916E0	3.0832E6	
1637	-7.7347E-1	5.9472E1	4.2988E0	3.0854E6	
1638	-7.7454E-1	5.7887E1	4.3062E0	3.0876E6	
1639	-7.7774E-1	5.3131E1	4.3134E0	3.0899E6	
1640	-7.7385E-1	5.8906E1	4.3209E0	3.0921E6	
1641	-7.7347E-1	5.9472E1	4.3282E0	3.0943E6	
1642	-7.7332E-1	5.9698E1	4.3355E0	3.0965E6	
1643	-7.7644E-1	5.5056E1	4.3428E0	3.0987E6	
1644	-7.7705E-1	5.4150E1	4.3502E0	3.1010E6	
1645	-7.7576E-1	5.6075E1	4.3575E0	3.1032E6	
1646	-7.7568E-1	5.6188E1	4.3648E0	3.1054E6	
1647	-7.7835E-1	5.2225E1	4.3722E0	3.1076E6	
1648	-7.7652E-1	5.4943E1	4.3795E0	3.1098E6	
1649	-7.7461E-1	5.7774E1	4.3869E0	3.1121E6	
1650	-7.7515E-1	5.6981E1	4.3942E0	3.1143E6	
1651	-7.7484E-1	5.7434E1	4.4016E0	3.1165E6	
1652	-7.7774E-1	5.3131E1	4.4089E0	3.1187E6	
1653	-7.7721E-1	5.3924E1	4.4163E0	3.1209E6	
1654	-7.7576E-1	5.6075E1	4.4237E0	3.1232E6	
1655	-7.7950E-1	5.0527E1	4.4310E0	3.1254E6	
1656	-7.7591E-1	5.5849E1	4.4384E0	3.1276E6	
1657	-7.7698E-1	5.4264E1	4.4458E0	3.1298E6	
1658	-7.7881E-1	5.1546E1	4.4532E0	3.1320E6	
1659	-7.7698E-1	5.4264E1	4.4606E0	3.1343E6	
1660	-7.7545E-1	5.6528E1	4.4679E0	3.1365E6	
1661	-7.7919E-1	5.0980E1	4.4753E0	3.1387E6	
1662	-7.7904E-1	5.1206E1	4.4827E0	3.1409E6	
1663	-7.7797E-1	5.2792E1	4.4901E0	3.1431E6	
1664	-7.7972E-1	5.0187E1	4.4975E0	3.1454E6	
1665	-7.7927E-1	5.0867E1	4.5049E0	3.1476E6	
1666	-7.8194E-1	4.6904E1	4.5123E0	3.1498E6	
1667	-7.8209E-1	4.6677E1	4.5197E0	3.1520E6	
1668	-7.8171E-1	4.7244E1	4.5271E0	3.1542E6	
1669	-7.7950E-1	5.0527E1	4.5345E0	3.1565E6	
1670	-7.8346E-1	4.4639E1	4.5419E0	3.1587E6	
1671	-7.8369E-1	4.4300E1	4.5493E0	3.1609E6	
1672	-7.8186E-1	4.7017E1	4.5567E0	3.1631E6	
1673	-7.8270E-1	4.5772E1	4.5642E0	3.1653E6	
1674	-7.8300E-1	4.5319E1	4.5714E0	3.1676E6	
1675	-7.8423E-1	4.3507E1	4.5790E0	3.1698E6	
1676	-7.8323E-1	4.4979E1	4.5865E0	3.1720E6	
1677	-7.8217E-1	4.6564E1	4.5938E0	3.1742E6	
1678	-7.8362E-1	4.4413E1	4.6013E0	3.1764E6	
1679	-7.8484E-1	4.2601E1	4.6086E0	3.1787E6	
1680	-7.8407E-1	4.3734E1	4.6160E0	3.1809E6	
1681	-7.8499E-1	4.2375E1	4.6235E0	3.1831E6	
1682	-7.8468E-1	4.2828E1	4.6310E0	3.1853E6	
1683	-7.8751E-1	3.8638E1	4.6384E0	3.1875E6	
1684	-7.8552E-1	4.1582E1	4.6459E0	3.1898E6	
1685	-7.8674E-1	3.9771E1	4.6532E0	3.1920E6	
1686	-7.8712E-1	3.9204E1	4.6606E0	3.1942E6	
1687	-7.8674E-1	3.9771E1	4.6681E0	3.1964E6	
1688	-7.8583E-1	4.1129E1	4.6755E0	3.1986E6	
1689	-7.8636E-1	4.0337E1	4.6831E0	3.2009E6	
1690	-7.8751E-1	3.8638E1	4.6905E0	3.2031E6	
1691	-7.8796E-1	3.7959E1	4.6978E0	3.2053E6	
1692	-7.8621E-1	4.0563E1	4.7053E0	3.2075E6	
1693	-7.8873E-1	3.6827E1	4.7128E0	3.2097E6	
1694	-7.8789E-1	3.8072E1	4.7203E0	3.2120E6	
1695	-7.8903E-1	3.6374E1	4.7277E0	3.2142E6	
1696	-7.8949E-1	3.5694E1	4.7352E0	3.2164E6	
1697	-7.8720E-1	3.9091E1	4.7425E0	3.2186E6	
1698	-7.8728E-1	3.8978E1	4.7500E0	3.2208E6	
1699	-7.8636E-1	4.0337E1	4.7575E0	3.2231E6	
1700	-7.8918E-1	3.6147E1	4.7650E0	3.2253E6	
1701	-7.8842E-1	3.7280E1	4.7725E0	3.2275E6	
1702	-7.8827E-1	3.7506E1	4.7800E0	3.2297E6	
1703	-7.8857E-1	3.7053E1	4.7874E0	3.2319E6	
1704	-7.9025E-1	3.4562E1	4.7949E0	3.2342E6	
1705	-7.8911E-1	3.6261E1	4.8024E0	3.2364E6	
1706	-7.8880E-1	3.6714E1	4.8099E0	3.2386E6	
1707	-7.9132E-1	3.2977E1	4.8173E0	3.2408E6	
1708	-7.8972E-1	3.5355E1	4.8248E0	3.2430E6	
1709	-7.9071E-1	3.3883E1	4.8323E0	3.2453E6	
1710	-7.9140E-1	3.2864E1	4.8397E0	3.2475E6	
1711	-7.8873E-1	3.6827E1	4.8473E0	3.2497E6	
1712	-7.9124E-1	3.3090E1	4.8547E0	3.2519E6	
1713	-7.8957E-1	3.5581E1	4.8621E0	3.2541E6	
1714	-7.9201E-1	3.1958E1	4.8697E0	3.2564E6	
1715	-7.9056E-1	3.4109E1	4.8772E0	3.2586E6	
1716	-7.9140E-1	3.2864E1	4.8846E0	3.2608E6	
1717	-7.8972E-1	3.5355E1	4.8922E0	3.2630E6	
1718	-7.9315E-1	3.0260E1	4.8996E0	3.2652E6	
1719	-7.9185E-1	3.2185E1	4.9072E0	3.2675E6	
1720	-7.9231E-1	3.1505E1	4.9147E0	3.2697E6	
1721	-7.9407E-1	2.8901E1	4.9222E0	3.2719E6	
1722	-7.9132E-1	3.2977E1	4.9297E0	3.2741E6	
1723	-7.9193E-1	3.2071E1	4.9372E0	3.2763E6	
1724	-7.9285E-1	3.0713E1	4.9447E0	3.2786E6	
1725	-7.9399E-1	2.9014E1	4.9522E0	3.2808E6	
1726	-7.9216E-1	3.1732E1	4.9597E0	3.2830E6	
1727	-7.9247E-1	3.1279E1	4.9672E0	3.2852E6	
1728	-7.9407E-1	2.8901E1	4.9747E0	3.2874E6	
1729	-7.9582E-1	2.6297E1	4.9822E0	3.2897E6	
1730	-7.9521E-1	2.7203E1	4.9898E0	3.2919E6	
1731	-7.9704E-1	2.4485E1	4.9974E0	3.2941E6	
1732	-7.9651E-1	2.5278E1	5.0048E0	3.2963E6	
1733	-7.9651E-1	2.5278E1	5.0123E0	3.2985E6	
1734	-7.9796E-1	2.3126E1	5.0199E0	3.3008E6	
1735	-7.9811E-1	2.2900E1	5.0273E0	3.3030E6	
1736	-7.9933E-1	2.1088E1	5.0349E0	3.3052E6	
1737	-7.9941E-1	2.0975E1	5.0424E0	3.3074E6	
1738	-8.0048E-1	1.9390E1	5.0499E0	3.3096E6	
1739	-7.9941E-1	2.0975E1	5.0574E0	3.3119E6	
1740	-7.9674E-1	2.4938E1	5.0650E0	3.3141E6	
1741	-7.9788E-1	2.3240E1	5.0725E0	3.3163E6	
1742	-7.9987E-1	2.0296E1	5.0801E0	3.3185E6	
1743	-7.9994E-1	2.0183E1	5.0876E0	3.3207E6	
1744	-8.0132E-1	1.8145E1	5.0952E0	3.3230E6	
1745	-8.0101E-1	1.8597E1	5.1027E0	3.3252E6	
1746	-7.9918E-1	2.1315E1	5.1101E0	3.3274E6	
1747	-8.0040E-1	1.9503E1	5.1177E0	3.3296E6	
1748	-8.0040E-1	1.9503E1	5.1253E0	3.3318E6	
1749	-8.0200E-1	1.7125E1	5.1328E0	3.3341E6	
1750	-7.9941E-1	2.0975E1	5.1403E0	3.3363E6	
1751	-8.0154E-1	1.7805E1	5.1479E0	3.3385E6	
1752	-8.0109E-1	1.8484E1	5.1555E0	3.3407E6	
1753	-8.0101E-1	1.8597E1	5.1630E0	3.3429E6	
1754	-8.0315E-1	1.5427E1	5.1706E0	3.3452E6	
1755	-8.0254E-1	1.6333E1	5.1781E0	3.3474E6	
1756	-8.0048E-1	1.9390E1	5.1856E0	3.3496E6	
1757	-8.0254E-1	1.6333E1	5.1932E0	3.3518E6	
1758	-8.0032E-1	1.9616E1	5.2007E0	3.3540E6	
1759	-8.0322E-1	1.5314E1	5.2083E0	3.3563E6	
1760	-8.0002E-1	2.0069E1	5.2157E0	3.3585E6	
1761	-8.0269E-1	1.6106E1	5.2234E0	3.3607E6	
1762	-8.0315E-1	1.5427E1	5.2309E0	3.3629E6	
1763	-8.0307E-1	1.5540E1	5.2384E0	3.3651E6	
1764	-8.0261E-1	1.6220E1	5.2461E0	3.3674E6	
1765	-8.0429E-1	1.3729E1	5.2536E0	3.3696E6	
1766	-8.0193E-1	1.7239E1	5.2611E0	3.3718E6	
1767	-8.0376E-1	1.4521E1	5.2687E0	3.3740E6	
1768	-8.0460E-1	1.3276E1	5.2763E0	3.3762E6	
1769	-8.0414E-1	1.3955E1	5.2837E0	3.3785E6	
1770	-8.0620E-1	1.0898E1	5.2914E0	3.3807E6	
1771	-8.0353E-1	1.4861E1	5.2988E0	3.3829E6	
1772	-8.0574E-1	1.1577E1	5.3065E0	3.3851E6	
1773	-8.0620E-1	1.0898E1	5.3140E0	3.3873E6	
1774	-8.0490E-1	1.2823E1	5.3216E0	3.3896E6	
1775	-8.0765E-1	8.7468E0	5.3291E0	3.3918E6	
1776	-8.0414E-1	1.3955E1	5.3366E0	3.3940E6	
1777	-8.0544E-1	1.2030E1	5.3442E0	3.3962E6	
1778	-8.0536E-1	1.2144E1	5.3518E0	3.3984E6	
1779	-8.0421E-1	1.3842E1	5.3592E0	3.4007E6	
1780	-8.0498E-1	1.2710E1	5.3669E0	3.4029E6	
1781	-8.0566E-1	1.1691E1	5.3744E0	3.4051E6	
1782	-8.0505E-1	1.2596E1	5.3819E0	3.4073E6	
1783	-8.0528E-1	1.2257E1	5.3895E0	3.4095E6	
1784	-8.0833E-1	7.7277E0	5.3971E0	3.4118E6	
1785	-8.0734E-1	9.1997E0	5.4046E0	3.4140E6	
1786	-8.0688E-1	9.8790E0	5.4122E0	3.4162E6	
1787	-8.0864E-1	7.2748E0	5.4197E0	3.4184E6	
1788	-8.0994E-1	5.3500E0	5.4273E0	3.4206E6	
1789	-8.0956E-1	5.9161E0	5.4348E0	3.4229E6	
1790	-8.1085E-1	3.9913E0	5.4424E0	3.4251E6	
1791	-8.0803E-1	8.1806E0	5.4500E0	3.4273E6	
1792	-8.1093E-1	3.8781E0	5.4575E0	3.4295E6	
1793	-8.0986E-1	5.4632E0	5.4651E0	3.4317E6	
1794	-8.1154E-1	2.9723E0	5.4727E0	3.4340E6	
1795	-8.0917E-1	6.4823E0	5.4803E0	3.4362E6	
1796	-8.0902E-1	6.7087E0	5.4878E0	3.4384E6	
1797	-8.0963E-1	5.8029E0	5.4953E0	3.4406E6	
1798	-8.1184E-1	2.5194E0	5.5030E0	3.4428E6	
1799	-8.1429E-1	-1.1039E0	5.5105E0	3.4451E6	
1800	-8.1108E-1	3.6516E0	5.5181E0	3.4473E6	
1801	-8.1131E-1	3.3119E0	5.5257E0	3.4495E6	
1802	-8.1299E-1	8.2097E-1	5.5333E0	3.4517E6	
1803	-8.1169E-1	2.7458E0	5.5390E0	3.4534E6	
1804	-8.1169E-1	2.7458E0	5.5390E0	3.4534E6	
1805	-8.1169E-1	2.7458E0	5.5390E0	3.4534E6	
1806	-8.1169E-1	2.7458E0	5.5390E0	3.4534E6	
1807	-8.1169E-1	2.7458E0	5.5390E0	3.4534E6	
1808	-8.1169E-1	2.7458E0	5.5390E0	3.4534E6	
1809	-8.1169E-1	2.7458E0	5.5390E0	3.4534E6	
1810	-8.1169E-1	2.7458E0	5.5390E0	3.4534E6	
1811	-8.1169E-1	2.7458E0	5.5390E0	3.4534E6	
1812	-8.1169E-1	2.7458E0	5.5390E0	3.4534E6	
1813	-8.1169E-1	2.7458E0	5.5390E0	3.4534E6	
1814	-8.1169E-1	2.7458E0	5.5390E0	3.4534E6	
1815	-8.1169E-1	2.7458E0	5.5390E0	3.4534E6	
1816	-8.1169E-1	2.7458E0	5.5390E0	3.4534E6	
1817	-8.1169E-1	2.7458E0	5.5390E0	3.4534E6	
1818	-8.1169E-1	2.7458E0	5.5390E0	3.4534E6	
1819	-8.1169E-1	2.7458E0	5.5390E0	3.4534E6	
1820	-8.1169E-1	2.7458E0	5.5390E0	3.4534E6	
1821	-8.1169E-1	2.7458E0	5.5390E0	3.4534E6	
1822	-8.1169E-1	2.7458E0	5.5390E0	3.4534E6	
1823	-8.1169E-1	2.7458E0	5.5390E0	3.4534E6	
1824	-8.1169E-1	2.7458E0	5.5390E0	3.4534E6	
1825	-8.1169E-1	2.7458E0	5.5390E0	3.4534E6	
1826	-8.1169E-1	2.7458E0	5.5390E0	3.4534E6	
1827	-8.1169E-1	2.7458E0	5.5390E0	3.4534E6	
1828	-8.1169E-1	2.7458E0	5.5390E0	3.4534E6	
1829	-8.1169E-1	2.7458E0	5.5390E0	3.4534E6	
1830	-8.1169E-1	2.7458E0	5.5390E0	3.4534E6	
1831	-8.1169E-1	2.7458E0	5.5390E0	3.4534E6	
1832	-8.1169E-1	2.7458E0	5.5390E0	3.4534E6	
1833	-8.1169E-1	2.7458E0	5.5390E0	3.4534E6	
1834	-8.1169E-1	2.7458E0	5.5390E0	3.4534E6	
1835	-8.1169E-1	2.7458E0	5.5390E0	3.4534E6	
1836	-8.1169E-1	2.7458E0	5.5390E0	3.4534E6	
1837	-8.1169E-1	2.7458E0	5.5390E0	3.4534E6	
1838	-8.1169E-1	2.7458E0	5.5390E0	3.4534E6	
1839	-8.1169E-1	2.7458E0	5.5390E0	3.4534E6	
1840	-8.1169E-1	2.7458E0	5.5390E0	3.4534E6	
1841	-8.1169E-1	2.7458E0	5.5390E0	3.4534E6	
1842	-8.1169E-1	2.7458E0	5.5390E0	3.4534E6	
1843	-8.1169E-1	2.7458E0	5.5390E0	3.4534E6	
1844	-8.1169E-1	2.7458E0	5.5390E0	3.4534E6	
1845	-8.1169E-1	2.7458E0	5.5390E0	3.4534E6	
1846	-8.1169E-1	2.7458E0	5.5390E0	3.4534E6	
1847	-8.1169E-1	2.7458E0	5.5390E0	3.4534E6	
1848	-8.1169E-1	2.7458E0	5.5390E0	3.4534E6	
1849	-8.1169E-1	2.7458E0	5.5390E0	3.4534E6	
1850	-8.1169E-1	2.7458E0	5.5390E0	3.4534E6	
1851	-8.1169E-1	2.7458E0	5.5390E0	3.4534E6	
1852	-8.1169E-1	2.7458E0	5.5390E0	3.4534E6	
1853	-8.1169E-1	2.7458E0	5.5390E0	3.4534E6	
1854	-8.1169E-1	2.7458E0	5.5390E0	3.4534E6	
1855	-8.1169E-1	2.7458E0	5.5390E0	3.4534E6	
1856	-8.1169E-1	2.7458E0	5.5390E0	3.4534E6	
1857	-8.1169E-1	2.7458E0	5.5390E0	3.4534E6	
1858	-8.1169E-1	2.7458E0	5.5390E0	3.4534E6	
1859	-8.1169E-1	2.7458E0	5.5390E0	3.4534E6	
1860	-8.1169E-1	2.7458E0	5.5390E0	3.4534E6	
1861	-8.1169E-1	2.7458E0	5.5390E0	3.4534E6	
1862	-8.1169E-1	2.7458E0	5.5390E0	3.4534E6	
1863	-8.1169E-1	2.7458E0	5.5390E0	3.4534E6	
1864	-8.1169E-1	2.7458E0	5.5390E0	3.4534E6	
1865	-8.1169E-1	2.7458E0	5.5390E0	3.4534E6	
1866	-8.1169E-1	2.7458E0	5.5390E0	3.4534E6	
1867	-8.1169E-1	2.7458E0	5.5390E0	3.4534E6	
1868	-8.1169E-1	2.7458E0	5.5390E0	3.4534E6	
1869	-8.1169E-1	2.7458E0	5.5390E0	3.4534E6	
1870	-8.1169E-1	2.7458E0	5.5390E0	3.4534E6	
1871	-8.1169E-1	2.7458E0	5.5390E0	3.4534E6	
1872	-8.1169E-1	2.7458E0	5.5390E0	3.4534E6	
1873	-8.1169E-1	2.7458E0	5.5390E0	3.4534E6	
1874	-8.1169E-1	2.7458E0	5.5390E0	3.4534E6	
1875	-8.1169E-1	2.7458E0	5.5390E0	3.4534E6	
1876	-8.1169E-1	2.7458E0	5.5390E0	3.4534E6	
1877	-8.1169E-1	2.7458E0	5.5390E0	3.4534E6	
1878	-8.1169E-1	2.7458E0	5.5390E0	3.4534E6	
1879	-8.1169E-1	2.7458E0	5.5390E0	3.4534E6	
1880	-8.1169E-1	2.7458E0	5.5390E0	3.4534E6	
1881	-8.1169E-1	2.7458E0	5.5390E0	3.4534E6	
1882	-8.1169E-1	2.7458E0	5.5390E0	3.4534E6	
1883	-8.1169E-1	2.7458E0	5.5390E0	3.4534E6	
1884	-8.1169E-1	2.7458E0	5.5390E0	3.4534E6	
1885	-8.1169E-1	2.7458E0	5.5390E0	3.4534E6	
1886	-8.1169E-1	2.7458E0	5.5390E0	3.4534E6	
1887	-8.1169E-1	2.7458E0	5.5390E0	3.4534E6	
1888	-8.1169E-1	2.7458E0	5.5390E0	3.4534E6	
1889	-8.1169E-1	2.7458E0	5.5390E0	3.4534E6	
1890	-8.1169E-1	2.7458E0	5.5390E0	3.4534E6	
1891	-8.1169E-1	2.7458E0	5.5390E0	3.4534E6	
1892	-8.1169E-1	2.7458E0	5.5390E0	3.4534E6	
1893	-8.1169E-1	2.7458E0	5.5390E0	3.4534E6	
1894	-8.1169E-1	2.7458E0	5.5390E0	3.4534E6	
1895	-8.1169E-1	2.7458E0	5.5390E0	3.4534E6	
1896	-8.1169E-1	2.7458E0	5.5390E0	3.4534E6	
1897	-8.1169E-1	2.7458E0	5.5390E0	3.4534E6	
1898	-8.1169E-1	2.7458E0	5.5390E0	3.4534E6	
1899	-8.1169E-1	2.7458E0	5.5390E0	3.4534E6	
1900	-8.1169E-1	2.7458E0	5.5390E0	3.4534E6	
1901	-8.1169E-1	2.7458E0	5.5390E0	3.4534E6	
1902	-8.1169E-1	2.7458E0	5.5390E0	3.4534E6	
1903	-8.1169E-1	2.7458E0	5.5390E0	3.4534E6	
1904	-8.1169E-1	2.7458E0	5.5390E0	3.4534E6	
1905	-8.1169E-1	2.7458E0	5.5390E0	3.4534E6	
1906	-8.1169E-1	2.7458E0	5.5390E0	3.4534E6	
1907	-8.1169E-1	2.7458E0	5.5390E0	3.4534E6	
1908	-8.1169E-1	2.7458E0	5.5390E0	3.4534E6	
1909	-8.1169E-1	2.7458E0	5.5390E0	3.4534E6	
1910	-8.1169E-1	2.7458E0	5.5390E0	3.4534E6	
1911	-8.1169E-1	2.7458E0	5.5390E0	3.4534E6	
1912	-8.1169E-1	2.7458E0	5.5390E0	3.4534E6	
1913	-8.1169E-1	2.7458E0	5.5390E0	3.4534E6	
1914	-8.1169E-1	2.7458E0	5.5390E0	3.4534E6	
1915	-8.1169E-1	2.7458E0	5.5390E0	3.4534E6	
1916	-8.1169E-1	2.7458E0	5.5390E0	3.4534E6	
1917	-8.1169E-1	2.7458E0	5.5390E0	3.4534E6	
1918	-8.1169E-1	2.7458E0	5.5390E0	3.4534E6	
1919	-8.1169E-1	2.7458E0	5.5390E0	3.4534E6	
1920	-8.1169E-1	2.7458E0	5.5390E0	3.4534E6	
1921	-8.1169E-1	2.7458E0	5.5390E0	3.4534E6	
1922	-8.1169E-1	2.7458E0	5.5390E0	3.4534E6	
1923	-8.1169E-1	2.7458E0	5.5390E0	3.4534E6	
1924	-8.1169E-1	2.7458E0	5.5390E0	3.4534E6	
1925	-8.1169E-1	2.7458E0	5.5390E0	3.4534E6	
1926	-8.1169E-1	2.7458E0	5.5390E0	3.4534E6	
1927	-8.1169E-1	2.7458E0	5.5390E0	3.4534E6	
1928	-8.1169E-1	2.7458E0	5.5390E0	3.4534E6	
1929	-8.1169E-1	2.7458E0	5.5390E0	3.4534E6	
1930	-8.1169E-1	2.7458E0	5.5390E0	3.4534E6	
1931	-8.1169E-1	2.7458E0	5.5390E0	3.4534E6	
1932	-8.1169E-1	2.7458E0	5.5390E0	3.4534E6	
1933	-8.1169E-1	2.7458E0	5.5390E0	3.4534E6	
1934	-8.1169E-1	2.7458E0	5.5390E0	3.4534E6	
1935	-8.1169E-1	2.7458E0	5.5390E0	3.4534E6	
1936	-8.1169E-1	2.7458E0	5.5390E0	3.4534E6	
1937	-8.1169E-1	2.7458E0	5.5390E0	3.4534E6	
1938	-8.1169E-1	2.7458E0	5.5390E0	3.4534E6	
1939	-8.1169E-1	2.7458E0	5.5390E0	3.4534E6	
1940	-8.1169E-1	2.7458E0	5.5390E0	3.4534E6	
1941	-8.1169E-1	2.7458E0	5.5390E0	3.4534E6	
1942	-8.1169E-1	2.7458E0	5.5390E0	3.4534E6	
1943	-8.1169E-1	2.7458E0	5.5390E0	3.4534E6	
1944	-8.1169E-1	2.7458E0	5.5390E0	3.4534E6	
1945	-8.1169E-1	2.7458E0	5.5390E0	3.4534E6	
1946	-8.1169E-1	2.7458E0	5.5390E0	3.4534E6	
1947	-8.1169E-1	2.7458E0	5.5390E0	3.4534E6	
1948	-8.1169E-1	2.7458E0	5.5390E0	3.4534E6	
1949	-8.1169E-1	2.7458E0	5.5390E0	3.4534E6	
1950	-8.1169E-1	2.7458E0	5.5390E0	3.4534E6	
1951	-8.1169E-1	2.7458E0	5.5390E0	3.4534E6	
1952	-8.1169E-1	2.7458E0	5.5390E0	3.4534E6	
1953	-8.1169E-1	2.7458E0	5.5390E0	3.4534E6	
1954	-8.1169E-1	2.7458E0	5.5390E0	3.4534E6	
1955	-8.1169E-1	2.7458E0	5.5390E0	3.4534E6	
1956	-8.1169E-1	2.7458E0	5.5390E0	3.4534E6	
1957	-8.1169E-1	2.7458E0	5.5390E0	3.4534E6	
1958	-8.1169E-1	2.7458E0	5.5390E0	3.4534E6	
1959	-8.1169E-1	2.7458E0	5.5390E0	3.4534E6	
1960	-8.1169E-1	2.7458E0	5.5390E0	3.4534E6	
1961	-8.1169E-1	2.7458E0	5.5390E0	3.4534E6	
1962	-8.1169E-1	2.7458E0	5.5390E0	3.4534E6	
1963	-8.1169E-1	2.7458E0	5.5390E0	3.4534E6	
1964	-8.1169E-1	2.7458E0	5.5390E0	3.4534E6	
1965	-8.1169E-1	2.7458E0	5.5390E0	3.4534E6	
1966	-8.1169E-1	2.7458E0	5.5390E0	3.4534E6	
1967	-8.1169E-1	2.7458E0	5.5390E0	3.4534E6	
1968	-8.1169E-1	2.7458E0	5.5390E0	3.4534E6	
1969	-8.1169E-1	2.7458E0	5.5390E0	3.4534E6	
1970	-8.1169E-1	2.7458E0	5.5390E0	3.4534E6	
1971	-8.1169E-1	2.7458E0	5.5390E0	3.4534E6	
1972	-8.1169E-1	2.7458E0	5.5390E0	3.4534E6	
1973	-8.1169E-1	2.7458E0	5.5390E0	3.4534E6	
1974	-8.1169E-1	2.7458E0	5.5390E0	3.4534E6	
1975	-8.1169E-1	2.7458E0	5.5390E0	3.4534E6	
1976	-8.1169E-1	2.7458E0	5.5390E0	3.4534E6	
1977	-8.1169E-1	2.7458E0	5.5390E0	3.4534E6	
1978	-8.1169E-1	2.7458E0	5.5390E0	3.4534E6	
1979	-8.1169E-1	2.7458E0	5.5390E0	3.4534E6	
1980	-8.1169E-1	2.7458E0	5.5390E0	3.4534E6	
1981	-8.1169E-1	2.7458E0	5.5390E0	3.4534E6	
1982	-8.1169E-1	2.7458E0	5.5390E0	3.4534E6	
1983	-8.1169E-1	2.7458E0	5.5390E0	3.4534E6	
1984	-8.1169E-1	2.7458E0	5.5390E0	3.4534E6	
1985	-8.1169E-1	2.7458E0	5.5390E0	3.4534E6	
1986	-8.1169E-1	2.7458E0	5.5390E0	3.4534E6	
1987	-8.1169E-1	2.7458E0	5.5390E0	3.4534E6	
1988	-8.1169E-1	2.7458E0	5.5390E0	3.4534E6	
1989	-8.1169E-1	2.7458E0	5.5390E0	3.4534E6	
1990	-8.1169E-1	2.7458E0	5.5390E0	3.4534E6	
1991	-8.1169E-1	2.7458E0	5.5390E0	3.4534E6	
1992	-8.1169E-1	2.7458E0	5.5390E0	3.4534E6	
1993	-8.1169E-1	2.7458E0	5.5390E0	3.4534E6	
1994	-8.1169E-1	2.7458E0	5.5390E0	3.4534E6	
1995	-8.1169E-1	2.7458E0	5.5390E0	3.4534E6	
1996	-8.1169E-1	2.7458E0	5.5390E0	3.4534E6	
1997	-8.1169E-1	2.7458E0	5.5390E0	3.4534E6	
1998	-8.1169E-1	2.7458E0	5.5390E0	3.4534E6	
1999	-8.1169E-1	2.7458E0	5.5390E0	3.4534E6	
2000	-8.1169E-1	2.7458E0	5.5390E0	3.4534E6	
2001	-8.1169E-1	2.7458E0	5.5390E0	3.4534E6	
2002	-8.1169E-1	2.7458E0	5.5390E0	3.4534E6	
2003	-8.1169E-1	2.7458E0	5.5390E0	3.4534E6	
2004	-8.1169E-1	2.7458E0	5.5390E0	3.4534E6	
2005	-8.1169E-1	2.7458E0	5.5390E0	3.4534E6	
2006	-8.1169E-1	2.7458E0	5.5390E0	3.4534E6	
2007	-8.1169E-1	2.7458E0	5.5390E0	3.4534E6	
2008	-8.1169E-1	2.7458E0	5.5390E0	3.4534E6	
2009	-8.1169E-1	2.7458E0	5.5390E0	3.4534E6	
2010	-8.1169E-1	2.7458E0	5.5390E0	3.4534E6	
2011	-8.1169E-1	2.7458E0	5.5390E0	3.4534E6	
2012	-8.1169E-1	2.7458E0	5.5390E0	3.4534E6	
2013	-8.1169E-1	2.7458E0	5.5390E0	3.4534E6	
2014	-8.1169E-1	2.7458E0	5.5390E0	3.4534E6	
2015	-8.1169E-1	2.7458E0	5.5390E0	3.4534E6	
2016	-8.1169E-1	2.7458E0	5.5390E0	3.4534E6	
2017	-8.1169E-1	2.7458E0	5.5390E0	3.4534E6	
2018	-8.1169E-1	2.7458E0	5.5390E0	3.4534E6	
2019	-8.1169E-1	2.7458E0	5.5390E0	3.4534E6	
2020	-8.1169E-1	2.7458E0	5.5390E0	3.4534E6	
2021	-8.1169E-1	2.7458E0	5.5390E0	3.4534E6	
2022	-8.1169E-1	2.7458E0	5.5390E0	3.4534E6	
2023	-8.1169E-1	2.7458E0	5.5390E0	3.4534E6	
2024	-8.1169E-1	2.7458E0	5.5390E0	3.4534E6	
2025	-8.1169E-1	2.7458E0	5.5390E0	3.4534E6	
2026	-8.1169E-1	2.7458E0	5.5390E0	3.4534E6	
2027	-8.1169E-1	2.7458E0	5.5390E0	3.4534E6	
2028	-8.1169E-1	2.7458E0	5.5390E0	3.4534E6	
2029	-8.1169E-1	2.7458E0	5.5390E0	3.4534E6	
2030	-8.1169E-1	2.7458E0	5.5390E0	3.4534E6	
2031	-8.1169E-1	2.7458E0	5.5390E0	3.4534E6	
2032	-8.1169E-1	2.7458E0	5.5390E0	3.4534E6	
2033	-8.1169E-1	2.7458E0	5.5390E0	3.4534E6	
2034	-8.1169E-1	2.7458E0	5.5390E0	3.4534E6	
2035	-8.1169E-1	2.7458E0	5.5390E0	3.4534E6	
2036	-8.1169E-1	2.7458E0	5.5390E0	3.4534E6	
2037	-8.1169E-1	2.7458E0	5.5390E0	3.4534E6	
2038	-8.1169E-1	2.7458E0	5.5390E0	3.4534E6	
2039	-8.1169E-1	2.7458E0	5.5390E0	3.4534E6	
2040	-8.1169E-1	2.7458E0	5.5390E0	3.4534E6	
2041	-8.1169E-1	2.7458E0	5.5390E0	3.4534E6	
2042	-8.1169E-1	2.7458E0	5.5390E0	3.4534E6	
2043	-8.1169E-1	2.7458E0	5.5390E0	3.4534E6	
2044	-8.1169E-1	2.7458E0	5.5390E0	3.4534E6	
2045	-8.1169E-1	2.7458E0	5.5390E0	3.4534E6	
2046	-8.1169E-1	2.7458E0	5.5390E0	3.4534E6	
2047	-8.1169E-1	2.7458E0	5.5390E0	3.4534E6	
2048	-8.1169E-1	2.7458E0	5.5390E0	3.4534E6	
