point 152
Index	Vertical (A-B)	Force	Z Height	Time Stamp	
     	V	nN	?m	?sec	
1	-8.1291E-1	1.3588E0	5.6735E0	1.2000E2	
2	-8.1520E-1	-2.0380E0	5.6722E0	2.3400E3	
3	-8.1474E-1	-1.3587E0	5.6696E0	4.5600E3	
4	-8.1665E-1	-4.1893E0	5.6666E0	6.7800E3	
5	-8.1245E-1	2.0381E0	5.6633E0	9.0000E3	
6	-8.1169E-1	3.1704E0	5.6597E0	1.1220E4	
7	-8.1367E-1	2.2651E-1	5.6560E0	1.3440E4	
8	-8.1154E-1	3.3968E0	5.6523E0	1.5660E4	
9	-8.1337E-1	6.7941E-1	5.6483E0	1.7880E4	
10	-8.1070E-1	4.6423E0	5.6442E0	2.0100E4	
11	-8.1284E-1	1.4720E0	5.6401E0	2.2320E4	
12	-8.1291E-1	1.3588E0	5.6358E0	2.4540E4	
13	-8.1268E-1	1.6984E0	5.6315E0	2.6760E4	
14	-8.1314E-1	1.0191E0	5.6273E0	2.8980E4	
15	-8.1146E-1	3.5101E0	5.6228E0	3.1200E4	
16	-8.1192E-1	2.8307E0	5.6184E0	3.3420E4	
17	-8.1032E-1	5.2084E0	5.6139E0	3.5640E4	
18	-8.0856E-1	7.8126E0	5.6094E0	3.7860E4	
19	-8.1139E-1	3.6233E0	5.6049E0	4.0080E4	
20	-8.0864E-1	7.6994E0	5.6002E0	4.2300E4	
21	-8.0780E-1	8.9449E0	5.5957E0	4.4520E4	
22	-8.1024E-1	5.3217E0	5.5911E0	4.6740E4	
23	-8.1116E-1	3.9630E0	5.5864E0	4.8960E4	
24	-8.1131E-1	3.7365E0	5.5818E0	5.1180E4	
25	-8.1200E-1	2.7175E0	5.5771E0	5.3400E4	
26	-8.1070E-1	4.6423E0	5.5724E0	5.5620E4	
27	-8.0902E-1	7.1333E0	5.5676E0	5.7840E4	
28	-8.0910E-1	7.0201E0	5.5629E0	6.0060E4	
29	-8.0872E-1	7.5862E0	5.5581E0	6.2280E4	
30	-8.0833E-1	8.1523E0	5.5533E0	6.4500E4	
31	-8.0612E-1	1.1436E1	5.5485E0	6.6720E4	
32	-8.0673E-1	1.0530E1	5.5437E0	6.8940E4	
33	-8.0704E-1	1.0077E1	5.5390E0	7.1160E4	
34	-8.0765E-1	9.1713E0	5.5341E0	7.3380E4	
35	-8.0887E-1	7.3597E0	5.5292E0	7.5600E4	
36	-8.0681E-1	1.0417E1	5.5245E0	7.7820E4	
37	-8.0658E-1	1.0757E1	5.5195E0	8.0040E4	
38	-8.0772E-1	9.0581E0	5.5147E0	8.2260E4	
39	-8.0750E-1	9.3978E0	5.5098E0	8.4480E4	
40	-8.0620E-1	1.1323E1	5.5049E0	8.6700E4	
41	-8.0963E-1	6.2275E0	5.5000E0	8.8920E4	
42	-8.0833E-1	8.1523E0	5.4950E0	9.1140E4	
43	-8.0605E-1	1.1549E1	5.4901E0	9.3360E4	
44	-8.0635E-1	1.1096E1	5.4851E0	9.5580E4	
45	-8.0444E-1	1.3927E1	5.4802E0	9.7800E4	
46	-8.0750E-1	9.3978E0	5.4753E0	1.0002E5	
47	-8.0566E-1	1.2115E1	5.4703E0	1.0224E5	
48	-8.0681E-1	1.0417E1	5.4653E0	1.0446E5	
49	-8.0826E-1	8.2655E0	5.4603E0	1.0668E5	
50	-8.0566E-1	1.2115E1	5.4554E0	1.0890E5	
51	-8.0620E-1	1.1323E1	5.4504E0	1.1112E5	
52	-8.0414E-1	1.4380E1	5.4453E0	1.1334E5	
53	-8.0696E-1	1.0190E1	5.4404E0	1.1556E5	
54	-8.0414E-1	1.4380E1	5.4354E0	1.1778E5	
55	-8.0688E-1	1.0304E1	5.4303E0	1.2000E5	
56	-8.0414E-1	1.4380E1	5.4252E0	1.2222E5	
57	-8.0475E-1	1.3474E1	5.4202E0	1.2444E5	
58	-8.0551E-1	1.2342E1	5.4151E0	1.2666E5	
59	-8.0208E-1	1.7437E1	5.4101E0	1.2888E5	
60	-8.0582E-1	1.1889E1	5.4050E0	1.3110E5	
61	-8.0429E-1	1.4153E1	5.3999E0	1.3332E5	
62	-8.0368E-1	1.5059E1	5.3948E0	1.3554E5	
63	-8.0437E-1	1.4040E1	5.3898E0	1.3776E5	
64	-8.0803E-1	8.6052E0	5.3847E0	1.3998E5	
65	-8.0681E-1	1.0417E1	5.3795E0	1.4220E5	
66	-8.0704E-1	1.0077E1	5.3745E0	1.4442E5	
67	-8.0353E-1	1.5286E1	5.3694E0	1.4664E5	
68	-8.0299E-1	1.6078E1	5.3642E0	1.4886E5	
69	-8.0513E-1	1.2908E1	5.3591E0	1.5108E5	
70	-8.0437E-1	1.4040E1	5.3540E0	1.5330E5	
71	-8.0330E-1	1.5625E1	5.3488E0	1.5552E5	
72	-8.0490E-1	1.3247E1	5.3436E0	1.5774E5	
73	-8.0322E-1	1.5738E1	5.3385E0	1.5996E5	
74	-8.0582E-1	1.1889E1	5.3333E0	1.6218E5	
75	-8.0368E-1	1.5059E1	5.3282E0	1.6440E5	
76	-8.0147E-1	1.8343E1	5.3230E0	1.6662E5	
77	-8.0368E-1	1.5059E1	5.3177E0	1.6884E5	
78	-8.0177E-1	1.7890E1	5.3126E0	1.7106E5	
79	-8.0406E-1	1.4493E1	5.3073E0	1.7328E5	
80	-8.0490E-1	1.3247E1	5.3021E0	1.7550E5	
81	-8.0208E-1	1.7437E1	5.2970E0	1.7772E5	
82	-8.0139E-1	1.8456E1	5.2918E0	1.7994E5	
83	-8.0162E-1	1.8116E1	5.2865E0	1.8216E5	
84	-8.0093E-1	1.9135E1	5.2813E0	1.8438E5	
85	-8.0048E-1	1.9815E1	5.2760E0	1.8660E5	
86	-7.9895E-1	2.2079E1	5.2708E0	1.8882E5	
87	-8.0269E-1	1.6531E1	5.2656E0	1.9104E5	
88	-8.0078E-1	1.9362E1	5.2603E0	1.9326E5	
89	-8.0055E-1	1.9701E1	5.2551E0	1.9548E5	
90	-7.9803E-1	2.3438E1	5.2497E0	1.9770E5	
91	-8.0223E-1	1.7210E1	5.2444E0	1.9992E5	
92	-8.0070E-1	1.9475E1	5.2392E0	2.0214E5	
93	-7.9857E-1	2.2645E1	5.2340E0	2.0436E5	
94	-8.0246E-1	1.6871E1	5.2286E0	2.0658E5	
95	-7.9819E-1	2.3211E1	5.2234E0	2.0880E5	
96	-7.9803E-1	2.3438E1	5.2180E0	2.1102E5	
97	-8.0002E-1	2.0494E1	5.2127E0	2.1324E5	
98	-7.9712E-1	2.4796E1	5.2074E0	2.1546E5	
99	-7.9803E-1	2.3438E1	5.2021E0	2.1768E5	
100	-7.9880E-1	2.2306E1	5.1967E0	2.1990E5	
101	-7.9681E-1	2.5249E1	5.1914E0	2.2212E5	
102	-7.9643E-1	2.5816E1	5.1861E0	2.2434E5	
103	-7.9796E-1	2.3551E1	5.1808E0	2.2656E5	
104	-7.9742E-1	2.4344E1	5.1753E0	2.2878E5	
105	-7.9872E-1	2.2419E1	5.1701E0	2.3100E5	
106	-7.9697E-1	2.5023E1	5.1647E0	2.3322E5	
107	-7.9414E-1	2.9212E1	5.1593E0	2.3544E5	
108	-7.9597E-1	2.6495E1	5.1539E0	2.3766E5	
109	-7.9712E-1	2.4796E1	5.1485E0	2.3988E5	
110	-7.9636E-1	2.5929E1	5.1432E0	2.4210E5	
111	-7.9506E-1	2.7854E1	5.1378E0	2.4432E5	
112	-7.9506E-1	2.7854E1	5.1324E0	2.4654E5	
113	-7.9529E-1	2.7514E1	5.1270E0	2.4876E5	
114	-7.9475E-1	2.8306E1	5.1215E0	2.5098E5	
115	-7.9483E-1	2.8193E1	5.1161E0	2.5320E5	
116	-7.9315E-1	3.0684E1	5.1107E0	2.5542E5	
117	-7.9529E-1	2.7514E1	5.1053E0	2.5764E5	
118	-7.9430E-1	2.8986E1	5.0998E0	2.5986E5	
119	-7.9559E-1	2.7061E1	5.0944E0	2.6208E5	
120	-7.9414E-1	2.9212E1	5.0890E0	2.6430E5	
121	-7.9292E-1	3.1024E1	5.0836E0	2.6652E5	
122	-7.9552E-1	2.7174E1	5.0780E0	2.6874E5	
123	-7.9498E-1	2.7967E1	5.0727E0	2.7096E5	
124	-7.9262E-1	3.1477E1	5.0672E0	2.7318E5	
125	-7.9247E-1	3.1703E1	5.0617E0	2.7540E5	
126	-7.9536E-1	2.7401E1	5.0564E0	2.7762E5	
127	-7.9262E-1	3.1477E1	5.0509E0	2.7984E5	
128	-7.9544E-1	2.7287E1	5.0452E0	2.8206E5	
129	-7.9163E-1	3.2949E1	5.0398E0	2.8428E5	
130	-7.9079E-1	3.4194E1	5.0344E0	2.8650E5	
131	-7.9178E-1	3.2722E1	5.0289E0	2.8872E5	
132	-7.9414E-1	2.9212E1	5.0233E0	2.9094E5	
133	-7.9155E-1	3.3062E1	5.0178E0	2.9316E5	
134	-7.9124E-1	3.3515E1	5.0123E0	2.9538E5	
135	-7.9140E-1	3.3288E1	5.0068E0	2.9760E5	
136	-7.9247E-1	3.1703E1	5.0013E0	2.9982E5	
137	-7.9056E-1	3.4534E1	4.9957E0	3.0204E5	
138	-7.9262E-1	3.1477E1	4.9901E0	3.0426E5	
139	-7.9071E-1	3.4307E1	4.9847E0	3.0648E5	
140	-7.8941E-1	3.6232E1	4.9791E0	3.0870E5	
141	-7.9041E-1	3.4760E1	4.9735E0	3.1092E5	
142	-7.9056E-1	3.4534E1	4.9680E0	3.1314E5	
143	-7.9124E-1	3.3515E1	4.9625E0	3.1536E5	
144	-7.9193E-1	3.2496E1	4.9568E0	3.1758E5	
145	-7.9300E-1	3.0911E1	4.9512E0	3.1980E5	
146	-7.8964E-1	3.5893E1	4.9457E0	3.2202E5	
147	-7.9002E-1	3.5326E1	4.9402E0	3.2424E5	
148	-7.9140E-1	3.3288E1	4.9346E0	3.2646E5	
149	-7.9010E-1	3.5213E1	4.9290E0	3.2868E5	
150	-7.8896E-1	3.6912E1	4.9233E0	3.3090E5	
151	-7.9071E-1	3.4307E1	4.9178E0	3.3312E5	
152	-7.8857E-1	3.7478E1	4.9121E0	3.3534E5	
153	-7.8979E-1	3.5666E1	4.9066E0	3.3756E5	
154	-7.8918E-1	3.6572E1	4.9009E0	3.3978E5	
155	-7.9018E-1	3.5100E1	4.8953E0	3.4200E5	
156	-7.9163E-1	3.2949E1	4.8897E0	3.4422E5	
157	-7.8850E-1	3.7591E1	4.8840E0	3.4644E5	
158	-7.8796E-1	3.8384E1	4.8785E0	3.4866E5	
159	-7.9033E-1	3.4874E1	4.8727E0	3.5088E5	
160	-7.9109E-1	3.3741E1	4.8671E0	3.5310E5	
161	-7.8880E-1	3.7138E1	4.8615E0	3.5532E5	
162	-7.9079E-1	3.4194E1	4.8558E0	3.5754E5	
163	-7.8979E-1	3.5666E1	4.8502E0	3.5976E5	
164	-7.9079E-1	3.4194E1	4.8445E0	3.6198E5	
165	-7.8751E-1	3.9063E1	4.8389E0	3.6420E5	
166	-7.8598E-1	4.1327E1	4.8331E0	3.6642E5	
167	-7.8735E-1	3.9289E1	4.8275E0	3.6864E5	
168	-7.8758E-1	3.8950E1	4.8218E0	3.7086E5	
169	-7.8690E-1	3.9969E1	4.8161E0	3.7308E5	
170	-7.8903E-1	3.6798E1	4.8104E0	3.7530E5	
171	-7.8499E-1	4.2799E1	4.8047E0	3.7752E5	
172	-7.8651E-1	4.0535E1	4.7990E0	3.7974E5	
173	-7.8583E-1	4.1554E1	4.7933E0	3.8196E5	
174	-7.8667E-1	4.0308E1	4.7875E0	3.8418E5	
175	-7.8224E-1	4.6876E1	4.7819E0	3.8640E5	
176	-7.8697E-1	3.9856E1	4.7762E0	3.8862E5	
177	-7.8560E-1	4.1894E1	4.7705E0	3.9084E5	
178	-7.8552E-1	4.2007E1	4.7646E0	3.9306E5	
179	-7.8484E-1	4.3026E1	4.7590E0	3.9528E5	
180	-7.8514E-1	4.2573E1	4.7532E0	3.9750E5	
181	-7.8369E-1	4.4724E1	4.7475E0	3.9972E5	
182	-7.8354E-1	4.4951E1	4.7417E0	4.0194E5	
183	-7.8285E-1	4.5970E1	4.7360E0	4.0416E5	
184	-7.8224E-1	4.6876E1	4.7302E0	4.0638E5	
185	-7.8094E-1	4.8800E1	4.7244E0	4.0860E5	
186	-7.8186E-1	4.7442E1	4.7186E0	4.1082E5	
187	-7.8156E-1	4.7895E1	4.7129E0	4.1304E5	
188	-7.8148E-1	4.8008E1	4.7071E0	4.1526E5	
189	-7.8011E-1	5.0046E1	4.7012E0	4.1748E5	
190	-7.8354E-1	4.4951E1	4.6955E0	4.1970E5	
191	-7.7660E-1	5.5254E1	4.6897E0	4.2192E5	
192	-7.7965E-1	5.0725E1	4.6839E0	4.2414E5	
193	-7.8018E-1	4.9933E1	4.6781E0	4.2636E5	
194	-7.8011E-1	5.0046E1	4.6723E0	4.2858E5	
195	-7.8270E-1	4.6196E1	4.6664E0	4.3080E5	
196	-7.7988E-1	5.0386E1	4.6606E0	4.3302E5	
197	-7.7942E-1	5.1065E1	4.6547E0	4.3524E5	
198	-7.7995E-1	5.0272E1	4.6489E0	4.3746E5	
199	-7.8049E-1	4.9480E1	4.6432E0	4.3968E5	
200	-7.8033E-1	4.9706E1	4.6375E0	4.4190E5	
201	-7.7881E-1	5.1971E1	4.6315E0	4.4412E5	
202	-7.7797E-1	5.3216E1	4.6256E0	4.4634E5	
203	-7.7927E-1	5.1291E1	4.6198E0	4.4856E5	
204	-7.7820E-1	5.2876E1	4.6139E0	4.5078E5	
205	-7.8003E-1	5.0159E1	4.6080E0	4.5300E5	
206	-7.7576E-1	5.6500E1	4.6022E0	4.5522E5	
207	-7.7827E-1	5.2763E1	4.5964E0	4.5744E5	
208	-7.7858E-1	5.2310E1	4.5904E0	4.5966E5	
209	-7.7843E-1	5.2537E1	4.5845E0	4.6188E5	
210	-7.7911E-1	5.1518E1	4.5787E0	4.6410E5	
211	-7.7705E-1	5.4575E1	4.5727E0	4.6632E5	
212	-7.7827E-1	5.2763E1	4.5668E0	4.6854E5	
213	-7.7896E-1	5.1744E1	4.5610E0	4.7076E5	
214	-7.7705E-1	5.4575E1	4.5551E0	4.7298E5	
215	-7.7682E-1	5.4915E1	4.5491E0	4.7520E5	
216	-7.7721E-1	5.4348E1	4.5432E0	4.7742E5	
217	-7.7515E-1	5.7406E1	4.5374E0	4.7964E5	
218	-7.7477E-1	5.7972E1	4.5314E0	4.8186E5	
219	-7.7766E-1	5.3669E1	4.5255E0	4.8408E5	
220	-7.7675E-1	5.5028E1	4.5195E0	4.8630E5	
221	-7.7530E-1	5.7179E1	4.5136E0	4.8852E5	
222	-7.7522E-1	5.7292E1	4.5076E0	4.9074E5	
223	-7.7507E-1	5.7519E1	4.5017E0	4.9296E5	
224	-7.7637E-1	5.5594E1	4.4956E0	4.9518E5	
225	-7.7713E-1	5.4462E1	4.4899E0	4.9740E5	
226	-7.7637E-1	5.5594E1	4.4839E0	4.9962E5	
227	-7.7576E-1	5.6500E1	4.4780E0	5.0184E5	
228	-7.7316E-1	6.0349E1	4.4720E0	5.0406E5	
229	-7.7736E-1	5.4122E1	4.4659E0	5.0628E5	
230	-7.7614E-1	5.5934E1	4.4600E0	5.0850E5	
231	-7.7446E-1	5.8425E1	4.4540E0	5.1072E5	
232	-7.7499E-1	5.7632E1	4.4480E0	5.1294E5	
233	-7.7682E-1	5.4915E1	4.4420E0	5.1516E5	
234	-7.7705E-1	5.4575E1	4.4361E0	5.1738E5	
235	-7.7545E-1	5.6953E1	4.4301E0	5.1960E5	
236	-7.7614E-1	5.5934E1	4.4241E0	5.2182E5	
237	-7.7278E-1	6.0916E1	4.4181E0	5.2404E5	
238	-7.7583E-1	5.6386E1	4.4120E0	5.2626E5	
239	-7.7728E-1	5.4235E1	4.4061E0	5.2848E5	
240	-7.7522E-1	5.7292E1	4.4001E0	5.3070E5	
241	-7.7385E-1	5.9330E1	4.3940E0	5.3292E5	
242	-7.7423E-1	5.8764E1	4.3880E0	5.3514E5	
243	-7.7309E-1	6.0463E1	4.3820E0	5.3736E5	
244	-7.7339E-1	6.0010E1	4.3759E0	5.3958E5	
245	-7.7209E-1	6.1935E1	4.3699E0	5.4180E5	
246	-7.7011E-1	6.4878E1	4.3639E0	5.4402E5	
247	-7.7293E-1	6.0689E1	4.3577E0	5.4624E5	
248	-7.7278E-1	6.0916E1	4.3517E0	5.4846E5	
249	-7.7026E-1	6.4652E1	4.3457E0	5.5068E5	
250	-7.6965E-1	6.5558E1	4.3395E0	5.5290E5	
251	-7.6935E-1	6.6011E1	4.3336E0	5.5512E5	
252	-7.7209E-1	6.1935E1	4.3274E0	5.5734E5	
253	-7.6782E-1	6.8275E1	4.3214E0	5.5956E5	
254	-7.6912E-1	6.6350E1	4.3153E0	5.6178E5	
255	-7.7087E-1	6.3746E1	4.3092E0	5.6400E5	
256	-7.7034E-1	6.4539E1	4.3031E0	5.6622E5	
257	-7.7065E-1	6.4086E1	4.2970E0	5.6844E5	
258	-7.6981E-1	6.5331E1	4.2910E0	5.7066E5	
259	-7.6927E-1	6.6124E1	4.2849E0	5.7288E5	
260	-7.6897E-1	6.6577E1	4.2788E0	5.7510E5	
261	-7.6675E-1	6.9860E1	4.2727E0	5.7732E5	
262	-7.6752E-1	6.8728E1	4.2664E0	5.7954E5	
263	-7.6561E-1	7.1559E1	4.2605E0	5.8176E5	
264	-7.6897E-1	6.6577E1	4.2544E0	5.8398E5	
265	-7.6584E-1	7.1219E1	4.2483E0	5.8620E5	
266	-7.6759E-1	6.8615E1	4.2422E0	5.8842E5	
267	-7.6698E-1	6.9521E1	4.2359E0	5.9064E5	
268	-7.6950E-1	6.5784E1	4.2297E0	5.9286E5	
269	-7.6653E-1	7.0200E1	4.2237E0	5.9508E5	
270	-7.6454E-1	7.3144E1	4.2175E0	5.9730E5	
271	-7.6599E-1	7.0993E1	4.2113E0	5.9952E5	
272	-7.6698E-1	6.9521E1	4.2053E0	6.0174E5	
273	-7.6530E-1	7.2012E1	4.1991E0	6.0396E5	
274	-7.6698E-1	6.9521E1	4.1930E0	6.0618E5	
275	-7.6691E-1	6.9634E1	4.1869E0	6.0840E5	
276	-7.6691E-1	6.9634E1	4.1807E0	6.1062E5	
277	-7.6569E-1	7.1445E1	4.1745E0	6.1284E5	
278	-7.6492E-1	7.2578E1	4.1683E0	6.1506E5	
279	-7.6408E-1	7.3823E1	4.1621E0	6.1728E5	
280	-7.6530E-1	7.2012E1	4.1559E0	6.1950E5	
281	-7.6256E-1	7.6088E1	4.1498E0	6.2172E5	
282	-7.6500E-1	7.2465E1	4.1436E0	6.2394E5	
283	-7.6378E-1	7.4276E1	4.1374E0	6.2616E5	
284	-7.6424E-1	7.3597E1	4.1313E0	6.2838E5	
285	-7.6637E-1	7.0426E1	4.1250E0	6.3060E5	
286	-7.6355E-1	7.4616E1	4.1188E0	6.3282E5	
287	-7.6378E-1	7.4276E1	4.1126E0	6.3504E5	
288	-7.6393E-1	7.4050E1	4.1064E0	6.3726E5	
289	-7.6340E-1	7.4842E1	4.1002E0	6.3948E5	
290	-7.6302E-1	7.5408E1	4.0940E0	6.4170E5	
291	-7.6508E-1	7.2351E1	4.0878E0	6.4392E5	
292	-7.6233E-1	7.6427E1	4.0815E0	6.4614E5	
293	-7.6157E-1	7.7560E1	4.0754E0	6.4836E5	
294	-7.6462E-1	7.3031E1	4.0691E0	6.5058E5	
295	-7.6462E-1	7.3031E1	4.0629E0	6.5280E5	
296	-7.6408E-1	7.3823E1	4.0567E0	6.5502E5	
297	-7.6546E-1	7.1785E1	4.0504E0	6.5724E5	
298	-7.6530E-1	7.2012E1	4.0442E0	6.5946E5	
299	-7.6294E-1	7.5522E1	4.0379E0	6.6168E5	
300	-7.6164E-1	7.7446E1	4.0318E0	6.6390E5	
301	-7.6431E-1	7.3484E1	4.0255E0	6.6612E5	
302	-7.6271E-1	7.5861E1	4.0193E0	6.6834E5	
303	-7.6157E-1	7.7560E1	4.0130E0	6.7056E5	
304	-7.6050E-1	7.9145E1	4.0066E0	6.7278E5	
305	-7.6180E-1	7.7220E1	4.0003E0	6.7500E5	
306	-7.6157E-1	7.7560E1	3.9942E0	6.7722E5	
307	-7.6042E-1	7.9258E1	3.9878E0	6.7944E5	
308	-7.6157E-1	7.7560E1	3.9816E0	6.8166E5	
309	-7.6324E-1	7.5069E1	3.9754E0	6.8388E5	
310	-7.6164E-1	7.7446E1	3.9689E0	6.8610E5	
311	-7.6187E-1	7.7107E1	3.9628E0	6.8832E5	
312	-7.6118E-1	7.8126E1	3.9564E0	6.9054E5	
313	-7.5920E-1	8.1070E1	3.9500E0	6.9276E5	
314	-7.5989E-1	8.0051E1	3.9438E0	6.9498E5	
315	-7.6080E-1	7.8692E1	3.9376E0	6.9720E5	
316	-7.5935E-1	8.0843E1	3.9312E0	6.9942E5	
317	-7.5874E-1	8.1749E1	3.9248E0	7.0164E5	
318	-7.5920E-1	8.1070E1	3.9186E0	7.0386E5	
319	-7.5630E-1	8.5372E1	3.9123E0	7.0608E5	
320	-7.5813E-1	8.2655E1	3.9059E0	7.0830E5	
321	-7.5836E-1	8.2315E1	3.8997E0	7.1052E5	
322	-7.5783E-1	8.3108E1	3.8933E0	7.1274E5	
323	-7.5798E-1	8.2881E1	3.8870E0	7.1496E5	
324	-7.5783E-1	8.3108E1	3.8807E0	7.1718E5	
325	-7.5783E-1	8.3108E1	3.8745E0	7.1940E5	
326	-7.5859E-1	8.1975E1	3.8679E0	7.2162E5	
327	-7.5890E-1	8.1523E1	3.8617E0	7.2384E5	
328	-7.5653E-1	8.5033E1	3.8552E0	7.2606E5	
329	-7.5699E-1	8.4353E1	3.8490E0	7.2828E5	
330	-7.5348E-1	8.9562E1	3.8425E0	7.3050E5	
331	-7.5684E-1	8.4580E1	3.8362E0	7.3272E5	
332	-7.5676E-1	8.4693E1	3.8298E0	7.3494E5	
333	-7.5363E-1	8.9335E1	3.8236E0	7.3716E5	
334	-7.5043E-1	9.4091E1	3.8171E0	7.3938E5	
335	-7.5470E-1	8.7750E1	3.8108E0	7.4160E5	
336	-7.5638E-1	8.5259E1	3.8044E0	7.4382E5	
337	-7.5470E-1	8.7750E1	3.7980E0	7.4604E5	
338	-7.5409E-1	8.8656E1	3.7916E0	7.4826E5	
339	-7.5455E-1	8.7976E1	3.7852E0	7.5048E5	
340	-7.5172E-1	9.2166E1	3.7788E0	7.5270E5	
341	-7.5333E-1	8.9788E1	3.7725E0	7.5492E5	
342	-7.5233E-1	9.1260E1	3.7661E0	7.5714E5	
343	-7.5394E-1	8.8882E1	3.7597E0	7.5936E5	
344	-7.5340E-1	8.9675E1	3.7532E0	7.6158E5	
345	-7.5302E-1	9.0241E1	3.7469E0	7.6380E5	
346	-7.5256E-1	9.0920E1	3.7404E0	7.6602E5	
347	-7.5127E-1	9.2845E1	3.7340E0	7.6824E5	
348	-7.5043E-1	9.4091E1	3.7276E0	7.7046E5	
349	-7.5233E-1	9.1260E1	3.7212E0	7.7268E5	
350	-7.5012E-1	9.4544E1	3.7148E0	7.7490E5	
351	-7.4974E-1	9.5110E1	3.7083E0	7.7712E5	
352	-7.5096E-1	9.3298E1	3.7019E0	7.7934E5	
353	-7.5119E-1	9.2958E1	3.6955E0	7.8156E5	
354	-7.4829E-1	9.7261E1	3.6890E0	7.8378E5	
355	-7.5066E-1	9.3751E1	3.6826E0	7.8600E5	
356	-7.5073E-1	9.3638E1	3.6761E0	7.8822E5	
357	-7.5089E-1	9.3411E1	3.6698E0	7.9044E5	
358	-7.5104E-1	9.3185E1	3.6633E0	7.9266E5	
359	-7.4768E-1	9.8167E1	3.6568E0	7.9488E5	
360	-7.5005E-1	9.4657E1	3.6504E0	7.9710E5	
361	-7.4982E-1	9.4996E1	3.6439E0	7.9932E5	
362	-7.4974E-1	9.5110E1	3.6374E0	8.0154E5	
363	-7.5180E-1	9.2053E1	3.6310E0	8.0376E5	
364	-7.4730E-1	9.8733E1	3.6245E0	8.0598E5	
365	-7.4959E-1	9.5336E1	3.6181E0	8.0820E5	
366	-7.5188E-1	9.1939E1	3.6116E0	8.1042E5	
367	-7.4593E-1	1.0077E2	3.6051E0	8.1264E5	
368	-7.4883E-1	9.6468E1	3.5986E0	8.1486E5	
369	-7.4974E-1	9.5110E1	3.5921E0	8.1708E5	
370	-7.4814E-1	9.7487E1	3.5856E0	8.1930E5	
371	-7.4829E-1	9.7261E1	3.5792E0	8.2152E5	
372	-7.4783E-1	9.7940E1	3.5726E0	8.2374E5	
373	-7.4860E-1	9.6808E1	3.5661E0	8.2596E5	
374	-7.4898E-1	9.6242E1	3.5597E0	8.2818E5	
375	-7.4852E-1	9.6921E1	3.5531E0	8.3040E5	
376	-7.4814E-1	9.7487E1	3.5467E0	8.3262E5	
377	-7.4524E-1	1.0179E2	3.5402E0	8.3484E5	
378	-7.4875E-1	9.6582E1	3.5337E0	8.3706E5	
379	-7.4684E-1	9.9412E1	3.5270E0	8.3928E5	
380	-7.4493E-1	1.0224E2	3.5206E0	8.4150E5	
381	-7.4707E-1	9.9073E1	3.5140E0	8.4372E5	
382	-7.4791E-1	9.7827E1	3.5074E0	8.4594E5	
383	-7.4478E-1	1.0247E2	3.5009E0	8.4816E5	
384	-7.4593E-1	1.0077E2	3.4944E0	8.5038E5	
385	-7.4875E-1	9.6582E1	3.4880E0	8.5260E5	
386	-7.4547E-1	1.0145E2	3.4814E0	8.5482E5	
387	-7.4493E-1	1.0224E2	3.4749E0	8.5704E5	
388	-7.4738E-1	9.8620E1	3.4683E0	8.5926E5	
389	-7.4707E-1	9.9073E1	3.4617E0	8.6148E5	
390	-7.4577E-1	1.0100E2	3.4552E0	8.6370E5	
391	-7.4234E-1	1.0609E2	3.4487E0	8.6592E5	
392	-7.4554E-1	1.0134E2	3.4420E0	8.6814E5	
393	-7.4303E-1	1.0507E2	3.4356E0	8.7036E5	
394	-7.4440E-1	1.0304E2	3.4289E0	8.7258E5	
395	-7.4585E-1	1.0088E2	3.4224E0	8.7480E5	
396	-7.4303E-1	1.0507E2	3.4158E0	8.7702E5	
397	-7.4341E-1	1.0451E2	3.4092E0	8.7924E5	
398	-7.4425E-1	1.0326E2	3.4027E0	8.8146E5	
399	-7.4059E-1	1.0870E2	3.3961E0	8.8368E5	
400	-7.3898E-1	1.1107E2	3.3894E0	8.8590E5	
401	-7.4142E-1	1.0745E2	3.3829E0	8.8812E5	
402	-7.4051E-1	1.0881E2	3.3763E0	8.9034E5	
403	-7.4028E-1	1.0915E2	3.3697E0	8.9256E5	
404	-7.3898E-1	1.1107E2	3.3631E0	8.9478E5	
405	-7.4120E-1	1.0779E2	3.3566E0	8.9700E5	
406	-7.4043E-1	1.0892E2	3.3499E0	8.9922E5	
407	-7.3730E-1	1.1357E2	3.3433E0	9.0144E5	
408	-7.3990E-1	1.0972E2	3.3368E0	9.0366E5	
409	-7.3875E-1	1.1141E2	3.3301E0	9.0588E5	
410	-7.3822E-1	1.1221E2	3.3235E0	9.0810E5	
411	-7.3883E-1	1.1130E2	3.3169E0	9.1032E5	
412	-7.3837E-1	1.1198E2	3.3103E0	9.1254E5	
413	-7.3868E-1	1.1153E2	3.3036E0	9.1476E5	
414	-7.3723E-1	1.1368E2	3.2971E0	9.1698E5	
415	-7.3959E-1	1.1017E2	3.2904E0	9.1920E5	
416	-7.3753E-1	1.1323E2	3.2837E0	9.2142E5	
417	-7.3906E-1	1.1096E2	3.2771E0	9.2364E5	
418	-7.3624E-1	1.1515E2	3.2705E0	9.2586E5	
419	-7.3685E-1	1.1424E2	3.2638E0	9.2808E5	
420	-7.3555E-1	1.1617E2	3.2573E0	9.3030E5	
421	-7.3914E-1	1.1085E2	3.2505E0	9.3252E5	
422	-7.3753E-1	1.1323E2	3.2439E0	9.3474E5	
423	-7.3914E-1	1.1085E2	3.2373E0	9.3696E5	
424	-7.3677E-1	1.1436E2	3.2306E0	9.3918E5	
425	-7.3723E-1	1.1368E2	3.2239E0	9.4140E5	
426	-7.3746E-1	1.1334E2	3.2174E0	9.4362E5	
427	-7.3830E-1	1.1209E2	3.2107E0	9.4584E5	
428	-7.3692E-1	1.1413E2	3.2039E0	9.4806E5	
429	-7.3586E-1	1.1572E2	3.1973E0	9.5028E5	
430	-7.3410E-1	1.1832E2	3.1906E0	9.5250E5	
431	-7.3753E-1	1.1323E2	3.1840E0	9.5472E5	
432	-7.3700E-1	1.1402E2	3.1773E0	9.5694E5	
433	-7.3639E-1	1.1492E2	3.1705E0	9.5916E5	
434	-7.3318E-1	1.1968E2	3.1638E0	9.6138E5	
435	-7.3578E-1	1.1583E2	3.1572E0	9.6360E5	
436	-7.3753E-1	1.1323E2	3.1506E0	9.6582E5	
437	-7.3433E-1	1.1798E2	3.1439E0	9.6804E5	
438	-7.3593E-1	1.1560E2	3.1371E0	9.7026E5	
439	-7.3524E-1	1.1662E2	3.1304E0	9.7248E5	
440	-7.3296E-1	1.2002E2	3.1237E0	9.7470E5	
441	-7.3502E-1	1.1696E2	3.1171E0	9.7692E5	
442	-7.3555E-1	1.1617E2	3.1104E0	9.7914E5	
443	-7.3509E-1	1.1685E2	3.1037E0	9.8136E5	
444	-7.3486E-1	1.1719E2	3.0970E0	9.8358E5	
445	-7.3669E-1	1.1447E2	3.0903E0	9.8580E5	
446	-7.3387E-1	1.1866E2	3.0834E0	9.8802E5	
447	-7.3456E-1	1.1764E2	3.0767E0	9.9024E5	
448	-7.3433E-1	1.1798E2	3.0701E0	9.9246E5	
449	-7.3494E-1	1.1708E2	3.0634E0	9.9468E5	
450	-7.3318E-1	1.1968E2	3.0566E0	9.9690E5	
451	-7.3410E-1	1.1832E2	3.0499E0	9.9912E5	
452	-7.3181E-1	1.2172E2	3.0431E0	1.0013E6	
453	-7.3067E-1	1.2342E2	3.0364E0	1.0036E6	
454	-7.3357E-1	1.1911E2	3.0296E0	1.0058E6	
455	-7.3349E-1	1.1923E2	3.0229E0	1.0080E6	
456	-7.3402E-1	1.1843E2	3.0162E0	1.0102E6	
457	-7.3341E-1	1.1934E2	3.0094E0	1.0124E6	
458	-7.2983E-1	1.2466E2	3.0026E0	1.0147E6	
459	-7.2807E-1	1.2727E2	2.9959E0	1.0169E6	
460	-7.2945E-1	1.2523E2	2.9892E0	1.0191E6	
461	-7.3006E-1	1.2432E2	2.9824E0	1.0213E6	
462	-7.3021E-1	1.2410E2	2.9756E0	1.0235E6	
463	-7.2792E-1	1.2749E2	2.9688E0	1.0258E6	
464	-7.2983E-1	1.2466E2	2.9620E0	1.0280E6	
465	-7.2861E-1	1.2647E2	2.9553E0	1.0302E6	
466	-7.2792E-1	1.2749E2	2.9486E0	1.0324E6	
467	-7.2823E-1	1.2704E2	2.9418E0	1.0346E6	
468	-7.2784E-1	1.2761E2	2.9350E0	1.0369E6	
469	-7.2556E-1	1.3100E2	2.9283E0	1.0391E6	
470	-7.2929E-1	1.2545E2	2.9215E0	1.0413E6	
471	-7.2731E-1	1.2840E2	2.9146E0	1.0435E6	
472	-7.2578E-1	1.3066E2	2.9079E0	1.0457E6	
473	-7.2548E-1	1.3112E2	2.9010E0	1.0480E6	
474	-7.2342E-1	1.3417E2	2.8942E0	1.0502E6	
475	-7.2617E-1	1.3010E2	2.8875E0	1.0524E6	
476	-7.2716E-1	1.2862E2	2.8807E0	1.0546E6	
477	-7.2639E-1	1.2976E2	2.8739E0	1.0568E6	
478	-7.2517E-1	1.3157E2	2.8671E0	1.0591E6	
479	-7.2441E-1	1.3270E2	2.8603E0	1.0613E6	
480	-7.2380E-1	1.3361E2	2.8535E0	1.0635E6	
481	-7.2510E-1	1.3168E2	2.8467E0	1.0657E6	
482	-7.2449E-1	1.3259E2	2.8399E0	1.0679E6	
483	-7.2487E-1	1.3202E2	2.8330E0	1.0702E6	
484	-7.2327E-1	1.3440E2	2.8262E0	1.0724E6	
485	-7.2372E-1	1.3372E2	2.8193E0	1.0746E6	
486	-7.2418E-1	1.3304E2	2.8125E0	1.0768E6	
487	-7.2258E-1	1.3542E2	2.8056E0	1.0790E6	
488	-7.2395E-1	1.3338E2	2.7989E0	1.0813E6	
489	-7.2357E-1	1.3395E2	2.7920E0	1.0835E6	
490	-7.2456E-1	1.3247E2	2.7852E0	1.0857E6	
491	-7.2403E-1	1.3327E2	2.7784E0	1.0879E6	
492	-7.2220E-1	1.3598E2	2.7715E0	1.0901E6	
493	-7.2296E-1	1.3485E2	2.7647E0	1.0924E6	
494	-7.2075E-1	1.3814E2	2.7579E0	1.0946E6	
495	-7.2327E-1	1.3440E2	2.7511E0	1.0968E6	
496	-7.2365E-1	1.3383E2	2.7442E0	1.0990E6	
497	-7.2456E-1	1.3247E2	2.7374E0	1.1012E6	
498	-7.2319E-1	1.3451E2	2.7305E0	1.1035E6	
499	-7.2266E-1	1.3530E2	2.7235E0	1.1057E6	
500	-7.2266E-1	1.3530E2	2.7168E0	1.1079E6	
501	-7.2174E-1	1.3666E2	2.7100E0	1.1101E6	
502	-7.2128E-1	1.3734E2	2.7030E0	1.1123E6	
503	-7.2021E-1	1.3893E2	2.6962E0	1.1146E6	
504	-7.2144E-1	1.3712E2	2.6892E0	1.1168E6	
505	-7.2144E-1	1.3712E2	2.6824E0	1.1190E6	
506	-7.2380E-1	1.3361E2	2.6755E0	1.1212E6	
507	-7.2075E-1	1.3814E2	2.6686E0	1.1234E6	
508	-7.2044E-1	1.3859E2	2.6618E0	1.1257E6	
509	-7.2289E-1	1.3497E2	2.6549E0	1.1279E6	
510	-7.2052E-1	1.3848E2	2.6480E0	1.1301E6	
511	-7.2006E-1	1.3915E2	2.6411E0	1.1323E6	
512	-7.2220E-1	1.3598E2	2.6343E0	1.1345E6	
513	-7.2105E-1	1.3768E2	2.6273E0	1.1368E6	
514	-7.2182E-1	1.3655E2	2.6205E0	1.1390E6	
515	-7.1884E-1	1.4097E2	2.6136E0	1.1412E6	
516	-7.1945E-1	1.4006E2	2.6067E0	1.1434E6	
517	-7.2052E-1	1.3848E2	2.5997E0	1.1456E6	
518	-7.1846E-1	1.4153E2	2.5928E0	1.1479E6	
519	-7.1877E-1	1.4108E2	2.5859E0	1.1501E6	
520	-7.1762E-1	1.4278E2	2.5791E0	1.1523E6	
521	-7.1709E-1	1.4357E2	2.5721E0	1.1545E6	
522	-7.1678E-1	1.4402E2	2.5652E0	1.1567E6	
523	-7.1747E-1	1.4300E2	2.5583E0	1.1590E6	
524	-7.1609E-1	1.4504E2	2.5514E0	1.1612E6	
525	-7.1724E-1	1.4334E2	2.5445E0	1.1634E6	
526	-7.1556E-1	1.4583E2	2.5376E0	1.1656E6	
527	-7.1556E-1	1.4583E2	2.5307E0	1.1678E6	
528	-7.1365E-1	1.4867E2	2.5237E0	1.1701E6	
529	-7.1648E-1	1.4448E2	2.5167E0	1.1723E6	
530	-7.1266E-1	1.5014E2	2.5098E0	1.1745E6	
531	-7.1350E-1	1.4889E2	2.5030E0	1.1767E6	
532	-7.1564E-1	1.4572E2	2.4959E0	1.1789E6	
533	-7.1495E-1	1.4674E2	2.4890E0	1.1812E6	
534	-7.1617E-1	1.4493E2	2.4821E0	1.1834E6	
535	-7.1327E-1	1.4923E2	2.4752E0	1.1856E6	
536	-7.1175E-1	1.5150E2	2.4682E0	1.1878E6	
537	-7.1236E-1	1.5059E2	2.4612E0	1.1900E6	
538	-7.1175E-1	1.5150E2	2.4543E0	1.1923E6	
539	-7.1465E-1	1.4719E2	2.4473E0	1.1945E6	
540	-7.1159E-1	1.5172E2	2.4404E0	1.1967E6	
541	-7.1404E-1	1.4810E2	2.4334E0	1.1989E6	
542	-7.1289E-1	1.4980E2	2.4265E0	1.2011E6	
543	-7.0961E-1	1.5467E2	2.4195E0	1.2034E6	
544	-7.1106E-1	1.5252E2	2.4126E0	1.2056E6	
545	-7.0976E-1	1.5444E2	2.4056E0	1.2078E6	
546	-7.1030E-1	1.5365E2	2.3987E0	1.2100E6	
547	-7.1167E-1	1.5161E2	2.3917E0	1.2122E6	
548	-7.0961E-1	1.5467E2	2.3847E0	1.2145E6	
549	-7.0663E-1	1.5908E2	2.3777E0	1.2167E6	
550	-7.1159E-1	1.5172E2	2.3707E0	1.2189E6	
551	-7.1075E-1	1.5297E2	2.3637E0	1.2211E6	
552	-7.0992E-1	1.5421E2	2.3569E0	1.2233E6	
553	-7.1060E-1	1.5319E2	2.3499E0	1.2256E6	
554	-7.1114E-1	1.5240E2	2.3428E0	1.2278E6	
555	-7.0778E-1	1.5738E2	2.3358E0	1.2300E6	
556	-7.1014E-1	1.5387E2	2.3289E0	1.2322E6	
557	-7.0732E-1	1.5806E2	2.3218E0	1.2344E6	
558	-7.0999E-1	1.5410E2	2.3149E0	1.2367E6	
559	-7.0961E-1	1.5467E2	2.3078E0	1.2389E6	
560	-7.0709E-1	1.5840E2	2.3008E0	1.2411E6	
561	-7.0930E-1	1.5512E2	2.2938E0	1.2433E6	
562	-7.0892E-1	1.5569E2	2.2868E0	1.2455E6	
563	-7.0831E-1	1.5659E2	2.2798E0	1.2478E6	
564	-7.0869E-1	1.5603E2	2.2728E0	1.2500E6	
565	-7.0656E-1	1.5920E2	2.2659E0	1.2522E6	
566	-7.0877E-1	1.5591E2	2.2587E0	1.2544E6	
567	-7.0854E-1	1.5625E2	2.2518E0	1.2566E6	
568	-7.0778E-1	1.5738E2	2.2449E0	1.2589E6	
569	-7.0595E-1	1.6010E2	2.2378E0	1.2611E6	
570	-7.0862E-1	1.5614E2	2.2308E0	1.2633E6	
571	-7.0969E-1	1.5455E2	2.2238E0	1.2655E6	
572	-7.0610E-1	1.5987E2	2.2167E0	1.2677E6	
573	-7.0839E-1	1.5648E2	2.2098E0	1.2700E6	
574	-7.0694E-1	1.5863E2	2.2028E0	1.2722E6	
575	-7.0702E-1	1.5852E2	2.1957E0	1.2744E6	
576	-7.0755E-1	1.5772E2	2.1887E0	1.2766E6	
577	-7.0534E-1	1.6101E2	2.1816E0	1.2788E6	
578	-7.0648E-1	1.5931E2	2.1746E0	1.2811E6	
579	-7.0747E-1	1.5784E2	2.1675E0	1.2833E6	
580	-7.0549E-1	1.6078E2	2.1605E0	1.2855E6	
581	-7.0427E-1	1.6259E2	2.1534E0	1.2877E6	
582	-7.0663E-1	1.5908E2	2.1465E0	1.2899E6	
583	-7.0641E-1	1.5942E2	2.1394E0	1.2922E6	
584	-7.0396E-1	1.6305E2	2.1323E0	1.2944E6	
585	-7.0473E-1	1.6191E2	2.1253E0	1.2966E6	
586	-7.0312E-1	1.6429E2	2.1182E0	1.2988E6	
587	-7.0160E-1	1.6656E2	2.1112E0	1.3010E6	
588	-7.0396E-1	1.6305E2	2.1042E0	1.3033E6	
589	-7.0412E-1	1.6282E2	2.0971E0	1.3055E6	
590	-7.0381E-1	1.6327E2	2.0901E0	1.3077E6	
591	-7.0137E-1	1.6689E2	2.0830E0	1.3099E6	
592	-7.0137E-1	1.6689E2	2.0760E0	1.3121E6	
593	-7.0091E-1	1.6757E2	2.0690E0	1.3144E6	
594	-7.0183E-1	1.6622E2	2.0618E0	1.3166E6	
595	-7.0236E-1	1.6542E2	2.0547E0	1.3188E6	
596	-6.9931E-1	1.6995E2	2.0476E0	1.3210E6	
597	-6.9908E-1	1.7029E2	2.0406E0	1.3232E6	
598	-6.9885E-1	1.7063E2	2.0336E0	1.3255E6	
599	-7.0000E-1	1.6893E2	2.0265E0	1.3277E6	
600	-6.9832E-1	1.7142E2	2.0194E0	1.3299E6	
601	-6.9717E-1	1.7312E2	2.0124E0	1.3321E6	
602	-6.9801E-1	1.7188E2	2.0051E0	1.3343E6	
603	-6.9649E-1	1.7414E2	1.9981E0	1.3366E6	
604	-6.9794E-1	1.7199E2	1.9912E0	1.3388E6	
605	-6.9580E-1	1.7516E2	1.9840E0	1.3410E6	
606	-6.9557E-1	1.7550E2	1.9770E0	1.3432E6	
607	-6.9588E-1	1.7505E2	1.9698E0	1.3454E6	
608	-6.9435E-1	1.7731E2	1.9627E0	1.3477E6	
609	-6.9626E-1	1.7448E2	1.9557E0	1.3499E6	
610	-6.9336E-1	1.7878E2	1.9486E0	1.3521E6	
611	-6.9687E-1	1.7358E2	1.9414E0	1.3543E6	
612	-6.9748E-1	1.7267E2	1.9344E0	1.3565E6	
613	-6.9710E-1	1.7324E2	1.9274E0	1.3588E6	
614	-6.9580E-1	1.7516E2	1.9202E0	1.3610E6	
615	-6.9641E-1	1.7425E2	1.9131E0	1.3632E6	
616	-6.9626E-1	1.7448E2	1.9060E0	1.3654E6	
617	-6.9641E-1	1.7425E2	1.8989E0	1.3676E6	
618	-6.9473E-1	1.7675E2	1.8919E0	1.3699E6	
619	-6.9771E-1	1.7233E2	1.8847E0	1.3721E6	
620	-6.9626E-1	1.7448E2	1.8776E0	1.3743E6	
621	-6.9221E-1	1.8048E2	1.8705E0	1.3765E6	
622	-6.9260E-1	1.7992E2	1.8634E0	1.3787E6	
623	-6.9237E-1	1.8026E2	1.8563E0	1.3810E6	
624	-6.9580E-1	1.7516E2	1.8492E0	1.3832E6	
625	-6.9237E-1	1.8026E2	1.8420E0	1.3854E6	
626	-6.9313E-1	1.7912E2	1.8350E0	1.3876E6	
627	-6.9534E-1	1.7584E2	1.8278E0	1.3898E6	
628	-6.9595E-1	1.7493E2	1.8207E0	1.3921E6	
629	-6.9397E-1	1.7788E2	1.8137E0	1.3943E6	
630	-6.9443E-1	1.7720E2	1.8064E0	1.3965E6	
631	-6.9351E-1	1.7856E2	1.7993E0	1.3987E6	
632	-6.9336E-1	1.7878E2	1.7921E0	1.4009E6	
633	-6.9397E-1	1.7788E2	1.7851E0	1.4032E6	
634	-6.9466E-1	1.7686E2	1.7780E0	1.4054E6	
635	-6.9557E-1	1.7550E2	1.7709E0	1.4076E6	
636	-6.9298E-1	1.7935E2	1.7638E0	1.4098E6	
637	-6.9359E-1	1.7844E2	1.7566E0	1.4120E6	
638	-6.9191E-1	1.8093E2	1.7495E0	1.4143E6	
639	-6.9191E-1	1.8093E2	1.7424E0	1.4165E6	
640	-6.9099E-1	1.8229E2	1.7352E0	1.4187E6	
641	-6.9077E-1	1.8263E2	1.7280E0	1.4209E6	
642	-6.9275E-1	1.7969E2	1.7209E0	1.4231E6	
643	-6.8932E-1	1.8478E2	1.7138E0	1.4254E6	
644	-6.9199E-1	1.8082E2	1.7067E0	1.4276E6	
645	-6.9221E-1	1.8048E2	1.6995E0	1.4298E6	
646	-6.9054E-1	1.8297E2	1.6924E0	1.4320E6	
647	-6.8901E-1	1.8524E2	1.6852E0	1.4342E6	
648	-6.8878E-1	1.8558E2	1.6781E0	1.4365E6	
649	-6.8886E-1	1.8546E2	1.6710E0	1.4387E6	
650	-6.8825E-1	1.8637E2	1.6638E0	1.4409E6	
651	-6.8825E-1	1.8637E2	1.6568E0	1.4431E6	
652	-6.8863E-1	1.8580E2	1.6495E0	1.4453E6	
653	-6.8710E-1	1.8807E2	1.6424E0	1.4476E6	
654	-6.8741E-1	1.8762E2	1.6352E0	1.4498E6	
655	-6.8939E-1	1.8467E2	1.6281E0	1.4520E6	
656	-6.8520E-1	1.9090E2	1.6209E0	1.4542E6	
657	-6.8558E-1	1.9033E2	1.6138E0	1.4564E6	
658	-6.8680E-1	1.8852E2	1.6067E0	1.4587E6	
659	-6.8695E-1	1.8829E2	1.5995E0	1.4609E6	
660	-6.8604E-1	1.8965E2	1.5923E0	1.4631E6	
661	-6.8581E-1	1.8999E2	1.5852E0	1.4653E6	
662	-6.8542E-1	1.9056E2	1.5780E0	1.4675E6	
663	-6.8405E-1	1.9260E2	1.5709E0	1.4698E6	
664	-6.8665E-1	1.8875E2	1.5636E0	1.4720E6	
665	-6.8398E-1	1.9271E2	1.5566E0	1.4742E6	
666	-6.8146E-1	1.9645E2	1.5494E0	1.4764E6	
667	-6.8550E-1	1.9045E2	1.5422E0	1.4786E6	
668	-6.8359E-1	1.9328E2	1.5350E0	1.4809E6	
669	-6.8382E-1	1.9294E2	1.5278E0	1.4831E6	
670	-6.8344E-1	1.9350E2	1.5207E0	1.4853E6	
671	-6.8375E-1	1.9305E2	1.5135E0	1.4875E6	
672	-6.8359E-1	1.9328E2	1.5063E0	1.4897E6	
673	-6.8489E-1	1.9135E2	1.4991E0	1.4920E6	
674	-6.8352E-1	1.9339E2	1.4919E0	1.4942E6	
675	-6.8008E-1	1.9848E2	1.4848E0	1.4964E6	
676	-6.8069E-1	1.9758E2	1.4777E0	1.4986E6	
677	-6.8092E-1	1.9724E2	1.4704E0	1.5008E6	
678	-6.7879E-1	2.0041E2	1.4633E0	1.5031E6	
679	-6.8359E-1	1.9328E2	1.4561E0	1.5053E6	
680	-6.8153E-1	1.9633E2	1.4489E0	1.5075E6	
681	-6.8268E-1	1.9464E2	1.4417E0	1.5097E6	
682	-6.8230E-1	1.9520E2	1.4346E0	1.5119E6	
683	-6.8092E-1	1.9724E2	1.4274E0	1.5142E6	
684	-6.8207E-1	1.9554E2	1.4202E0	1.5164E6	
685	-6.8329E-1	1.9373E2	1.4130E0	1.5186E6	
686	-6.8108E-1	1.9701E2	1.4058E0	1.5208E6	
687	-6.7986E-1	1.9882E2	1.3987E0	1.5230E6	
688	-6.8161E-1	1.9622E2	1.3915E0	1.5253E6	
689	-6.8123E-1	1.9679E2	1.3844E0	1.5275E6	
690	-6.8115E-1	1.9690E2	1.3771E0	1.5297E6	
691	-6.8138E-1	1.9656E2	1.3700E0	1.5319E6	
692	-6.7993E-1	1.9871E2	1.3628E0	1.5341E6	
693	-6.8100E-1	1.9713E2	1.3555E0	1.5364E6	
694	-6.8253E-1	1.9486E2	1.3484E0	1.5386E6	
695	-6.8069E-1	1.9758E2	1.3412E0	1.5408E6	
696	-6.8161E-1	1.9622E2	1.3340E0	1.5430E6	
697	-6.7955E-1	1.9928E2	1.3268E0	1.5452E6	
698	-6.7932E-1	1.9962E2	1.3197E0	1.5475E6	
699	-6.7909E-1	1.9996E2	1.3124E0	1.5497E6	
700	-6.7741E-1	2.0245E2	1.3053E0	1.5519E6	
701	-6.7726E-1	2.0267E2	1.2980E0	1.5541E6	
702	-6.8047E-1	1.9792E2	1.2909E0	1.5563E6	
703	-6.8008E-1	1.9848E2	1.2838E0	1.5586E6	
704	-6.7612E-1	2.0437E2	1.2765E0	1.5608E6	
705	-6.7825E-1	2.0120E2	1.2693E0	1.5630E6	
706	-6.7764E-1	2.0211E2	1.2621E0	1.5652E6	
707	-6.7856E-1	2.0075E2	1.2549E0	1.5674E6	
708	-6.7673E-1	2.0347E2	1.2476E0	1.5697E6	
709	-6.7535E-1	2.0550E2	1.2404E0	1.5719E6	
710	-6.7596E-1	2.0460E2	1.2333E0	1.5741E6	
711	-6.7635E-1	2.0403E2	1.2261E0	1.5763E6	
712	-6.7482E-1	2.0630E2	1.2189E0	1.5785E6	
713	-6.7444E-1	2.0686E2	1.2117E0	1.5808E6	
714	-6.7688E-1	2.0324E2	1.2046E0	1.5830E6	
715	-6.7581E-1	2.0483E2	1.1973E0	1.5852E6	
716	-6.7551E-1	2.0528E2	1.1901E0	1.5874E6	
717	-6.7337E-1	2.0845E2	1.1829E0	1.5896E6	
718	-6.6246E-1	2.2464E2	1.1758E0	1.5919E6	
719	-6.3606E-1	2.6382E2	1.1686E0	1.5941E6	
720	-6.1363E-1	2.9710E2	1.1613E0	1.5963E6	
721	-6.0303E-1	3.1284E2	1.1542E0	1.5985E6	
722	-5.8586E-1	3.3832E2	1.1470E0	1.6007E6	
723	-5.7640E-1	3.5236E2	1.1397E0	1.6030E6	
724	-5.6190E-1	3.7387E2	1.1326E0	1.6052E6	
725	-5.4466E-1	3.9946E2	1.1254E0	1.6074E6	
726	-5.2711E-1	4.2550E2	1.1181E0	1.6096E6	
727	-5.2277E-1	4.3196E2	1.1110E0	1.6118E6	
728	-5.0606E-1	4.5675E2	1.1037E0	1.6141E6	
729	-4.9805E-1	4.6864E2	1.0966E0	1.6163E6	
730	-4.8737E-1	4.8449E2	1.0893E0	1.6185E6	
731	-4.7813E-1	4.9819E2	1.0821E0	1.6207E6	
732	-4.6486E-1	5.1789E2	1.0750E0	1.6229E6	
733	-4.5891E-1	5.2673E2	1.0678E0	1.6252E6	
734	-4.4655E-1	5.4507E2	1.0606E0	1.6274E6	
735	-4.3159E-1	5.6726E2	1.0533E0	1.6296E6	
736	-4.2435E-1	5.7802E2	1.0462E0	1.6318E6	
737	-4.2000E-1	5.8447E2	1.0390E0	1.6340E6	
738	-4.1039E-1	5.9874E2	1.0318E0	1.6363E6	
739	-4.0230E-1	6.1074E2	1.0246E0	1.6385E6	
740	-4.0253E-1	6.1040E2	1.0174E0	1.6407E6	
741	-3.8933E-1	6.2999E2	1.0102E0	1.6429E6	
742	-3.9383E-1	6.2331E2	1.0029E0	1.6451E6	
743	-3.9246E-1	6.2535E2	9.9582E-1	1.6474E6	
744	-3.9154E-1	6.2670E2	9.8858E-1	1.6496E6	
745	-3.8673E-1	6.3384E2	9.8141E-1	1.6518E6	
746	-3.8643E-1	6.3429E2	9.7421E-1	1.6540E6	
747	-3.7514E-1	6.5105E2	9.6695E-1	1.6562E6	
748	-3.7331E-1	6.5377E2	9.5971E-1	1.6585E6	
749	-3.8338E-1	6.3882E2	9.5249E-1	1.6607E6	
750	-3.7560E-1	6.5037E2	9.4538E-1	1.6629E6	
751	-3.9101E-1	6.2750E2	9.3819E-1	1.6651E6	
752	-4.0092E-1	6.1278E2	9.3096E-1	1.6673E6	
753	-4.0184E-1	6.1142E2	9.2370E-1	1.6696E6	
754	-3.9627E-1	6.1968E2	9.1662E-1	1.6718E6	
755	-3.8391E-1	6.3803E2	9.0939E-1	1.6740E6	
756	-3.8643E-1	6.3429E2	9.0222E-1	1.6762E6	
757	-3.9497E-1	6.2161E2	8.9503E-1	1.6784E6	
758	-3.8811E-1	6.3180E2	8.8785E-1	1.6807E6	
759	-3.7979E-1	6.4414E2	8.8060E-1	1.6829E6	
760	-3.7392E-1	6.5286E2	8.7349E-1	1.6851E6	
761	-3.6507E-1	6.6599E2	8.6627E-1	1.6873E6	
762	-3.6186E-1	6.7075E2	8.5904E-1	1.6895E6	
763	-3.6438E-1	6.6701E2	8.5189E-1	1.6918E6	
764	-3.4363E-1	6.9781E2	8.4476E-1	1.6940E6	
765	-3.3913E-1	7.0449E2	8.3746E-1	1.6962E6	
766	-3.2608E-1	7.2385E2	8.3030E-1	1.6984E6	
767	-3.2104E-1	7.3133E2	8.2316E-1	1.7006E6	
768	-3.1830E-1	7.3540E2	8.1598E-1	1.7029E6	
769	-3.1616E-1	7.3857E2	8.1353E-1	1.7036E6	
770	-3.1425E-1	7.4140E2	8.1318E-1	1.7037E6	
771	-3.1448E-1	7.4106E2	8.1301E-1	1.7038E6	
772	-3.1647E-1	7.3812E2	8.0786E-1	1.7054E6	
773	-3.1883E-1	7.3461E2	8.0755E-1	1.7055E6	
774	-3.1418E-1	7.4152E2	8.0680E-1	1.7057E6	
775	-3.1464E-1	7.4084E2	8.0672E-1	1.7058E6	
776	-3.1578E-1	7.3914E2	8.0657E-1	1.7058E6	
777	-3.1471E-1	7.4072E2	8.0641E-1	1.7058E6	
778	-3.1540E-1	7.3970E2	8.0516E-1	1.7063E6	
779	-3.1357E-1	7.4242E2	8.0501E-1	1.7063E6	
780	-3.1357E-1	7.4242E2	8.0501E-1	1.7063E6	
781	-3.1357E-1	7.4242E2	8.0501E-1	1.7063E6	
782	-3.1357E-1	7.4242E2	8.0501E-1	1.7063E6	
783	-3.1357E-1	7.4242E2	8.0501E-1	1.7063E6	
784	-3.1357E-1	7.4242E2	8.0501E-1	1.7063E6	
785	-3.1357E-1	7.4242E2	8.0501E-1	1.7063E6	
786	-3.1357E-1	7.4242E2	8.0501E-1	1.7063E6	
787	-3.1357E-1	7.4242E2	8.0501E-1	1.7063E6	
788	-3.1357E-1	7.4242E2	8.0501E-1	1.7063E6	
789	-3.1357E-1	7.4242E2	8.0501E-1	1.7063E6	
790	-3.1357E-1	7.4242E2	8.0501E-1	1.7063E6	
791	-3.1357E-1	7.4242E2	8.0501E-1	1.7063E6	
792	-3.1357E-1	7.4242E2	8.0501E-1	1.7063E6	
793	-3.1357E-1	7.4242E2	8.0501E-1	1.7063E6	
794	-3.1357E-1	7.4242E2	8.0501E-1	1.7063E6	
795	-3.1357E-1	7.4242E2	8.0501E-1	1.7063E6	
796	-3.1357E-1	7.4242E2	8.0501E-1	1.7063E6	
797	-3.1357E-1	7.4242E2	8.0501E-1	1.7063E6	
798	-3.1357E-1	7.4242E2	8.0501E-1	1.7063E6	
799	-3.1357E-1	7.4242E2	8.0501E-1	1.7063E6	
800	-3.1357E-1	7.4242E2	8.0501E-1	1.7063E6	
801	-3.1357E-1	7.4242E2	8.0501E-1	1.7063E6	
802	-3.1357E-1	7.4242E2	8.0501E-1	1.7063E6	
803	-3.1357E-1	7.4242E2	8.0501E-1	1.7063E6	
804	-3.1357E-1	7.4242E2	8.0501E-1	1.7063E6	
805	-3.1357E-1	7.4242E2	8.0501E-1	1.7063E6	
806	-3.1357E-1	7.4242E2	8.0501E-1	1.7063E6	
807	-3.1357E-1	7.4242E2	8.0501E-1	1.7063E6	
808	-3.1357E-1	7.4242E2	8.0501E-1	1.7063E6	
809	-3.1357E-1	7.4242E2	8.0501E-1	1.7063E6	
810	-3.1357E-1	7.4242E2	8.0501E-1	1.7063E6	
811	-3.1357E-1	7.4242E2	8.0501E-1	1.7063E6	
812	-3.1357E-1	7.4242E2	8.0501E-1	1.7063E6	
813	-3.1357E-1	7.4242E2	8.0501E-1	1.7063E6	
814	-3.1357E-1	7.4242E2	8.0501E-1	1.7063E6	
815	-3.1357E-1	7.4242E2	8.0501E-1	1.7063E6	
816	-3.1357E-1	7.4242E2	8.0501E-1	1.7063E6	
817	-3.1357E-1	7.4242E2	8.0501E-1	1.7063E6	
818	-3.1357E-1	7.4242E2	8.0501E-1	1.7063E6	
819	-3.1357E-1	7.4242E2	8.0501E-1	1.7063E6	
820	-3.1357E-1	7.4242E2	8.0501E-1	1.7063E6	
821	-3.1357E-1	7.4242E2	8.0501E-1	1.7063E6	
822	-3.1357E-1	7.4242E2	8.0501E-1	1.7063E6	
823	-3.1357E-1	7.4242E2	8.0501E-1	1.7063E6	
824	-3.1357E-1	7.4242E2	8.0501E-1	1.7063E6	
825	-3.1357E-1	7.4242E2	8.0501E-1	1.7063E6	
826	-3.1357E-1	7.4242E2	8.0501E-1	1.7063E6	
827	-3.1357E-1	7.4242E2	8.0501E-1	1.7063E6	
828	-3.1357E-1	7.4242E2	8.0501E-1	1.7063E6	
829	-3.1357E-1	7.4242E2	8.0501E-1	1.7063E6	
830	-3.1357E-1	7.4242E2	8.0501E-1	1.7063E6	
831	-3.1357E-1	7.4242E2	8.0501E-1	1.7063E6	
832	-3.1357E-1	7.4242E2	8.0501E-1	1.7063E6	
833	-3.1357E-1	7.4242E2	8.0501E-1	1.7063E6	
834	-3.1357E-1	7.4242E2	8.0501E-1	1.7063E6	
835	-3.1357E-1	7.4242E2	8.0501E-1	1.7063E6	
836	-3.1357E-1	7.4242E2	8.0501E-1	1.7063E6	
837	-3.1357E-1	7.4242E2	8.0501E-1	1.7063E6	
838	-3.1357E-1	7.4242E2	8.0501E-1	1.7063E6	
839	-3.1357E-1	7.4242E2	8.0501E-1	1.7063E6	
840	-3.1357E-1	7.4242E2	8.0501E-1	1.7063E6	
841	-3.1357E-1	7.4242E2	8.0501E-1	1.7063E6	
842	-3.1357E-1	7.4242E2	8.0501E-1	1.7063E6	
843	-3.1357E-1	7.4242E2	8.0501E-1	1.7063E6	
844	-3.1357E-1	7.4242E2	8.0501E-1	1.7063E6	
845	-3.1357E-1	7.4242E2	8.0501E-1	1.7063E6	
846	-3.1357E-1	7.4242E2	8.0501E-1	1.7063E6	
847	-3.1357E-1	7.4242E2	8.0501E-1	1.7063E6	
848	-3.1357E-1	7.4242E2	8.0501E-1	1.7063E6	
849	-3.1357E-1	7.4242E2	8.0501E-1	1.7063E6	
850	-3.1357E-1	7.4242E2	8.0501E-1	1.7063E6	
851	-3.1357E-1	7.4242E2	8.0501E-1	1.7063E6	
852	-3.1357E-1	7.4242E2	8.0501E-1	1.7063E6	
853	-3.1357E-1	7.4242E2	8.0501E-1	1.7063E6	
854	-3.1357E-1	7.4242E2	8.0501E-1	1.7063E6	
855	-3.1357E-1	7.4242E2	8.0501E-1	1.7063E6	
856	-3.1357E-1	7.4242E2	8.0501E-1	1.7063E6	
857	-3.1357E-1	7.4242E2	8.0501E-1	1.7063E6	
858	-3.1357E-1	7.4242E2	8.0501E-1	1.7063E6	
859	-3.1357E-1	7.4242E2	8.0501E-1	1.7063E6	
860	-3.1357E-1	7.4242E2	8.0501E-1	1.7063E6	
861	-3.1357E-1	7.4242E2	8.0501E-1	1.7063E6	
862	-3.1357E-1	7.4242E2	8.0501E-1	1.7063E6	
863	-3.1357E-1	7.4242E2	8.0501E-1	1.7063E6	
864	-3.1357E-1	7.4242E2	8.0501E-1	1.7063E6	
865	-3.1357E-1	7.4242E2	8.0501E-1	1.7063E6	
866	-3.1357E-1	7.4242E2	8.0501E-1	1.7063E6	
867	-3.1357E-1	7.4242E2	8.0501E-1	1.7063E6	
868	-3.1357E-1	7.4242E2	8.0501E-1	1.7063E6	
869	-3.1357E-1	7.4242E2	8.0501E-1	1.7063E6	
870	-3.1357E-1	7.4242E2	8.0501E-1	1.7063E6	
871	-3.1357E-1	7.4242E2	8.0501E-1	1.7063E6	
872	-3.1357E-1	7.4242E2	8.0501E-1	1.7063E6	
873	-3.1357E-1	7.4242E2	8.0501E-1	1.7063E6	
874	-3.1357E-1	7.4242E2	8.0501E-1	1.7063E6	
875	-3.1357E-1	7.4242E2	8.0501E-1	1.7063E6	
876	-3.1357E-1	7.4242E2	8.0501E-1	1.7063E6	
877	-3.1357E-1	7.4242E2	8.0501E-1	1.7063E6	
878	-3.1357E-1	7.4242E2	8.0501E-1	1.7063E6	
879	-3.1357E-1	7.4242E2	8.0501E-1	1.7063E6	
880	-3.1357E-1	7.4242E2	8.0501E-1	1.7063E6	
881	-3.1357E-1	7.4242E2	8.0501E-1	1.7063E6	
882	-3.1357E-1	7.4242E2	8.0501E-1	1.7063E6	
883	-3.1357E-1	7.4242E2	8.0501E-1	1.7063E6	
884	-3.1357E-1	7.4242E2	8.0501E-1	1.7063E6	
885	-3.1357E-1	7.4242E2	8.0501E-1	1.7063E6	
886	-3.1357E-1	7.4242E2	8.0501E-1	1.7063E6	
887	-3.1357E-1	7.4242E2	8.0501E-1	1.7063E6	
888	-3.1357E-1	7.4242E2	8.0501E-1	1.7063E6	
889	-3.1357E-1	7.4242E2	8.0501E-1	1.7063E6	
890	-3.1357E-1	7.4242E2	8.0501E-1	1.7063E6	
891	-3.1357E-1	7.4242E2	8.0501E-1	1.7063E6	
892	-3.1357E-1	7.4242E2	8.0501E-1	1.7063E6	
893	-3.1357E-1	7.4242E2	8.0501E-1	1.7063E6	
894	-3.1357E-1	7.4242E2	8.0501E-1	1.7063E6	
895	-3.1357E-1	7.4242E2	8.0501E-1	1.7063E6	
896	-3.1357E-1	7.4242E2	8.0501E-1	1.7063E6	
897	-3.1357E-1	7.4242E2	8.0501E-1	1.7063E6	
898	-3.1357E-1	7.4242E2	8.0501E-1	1.7063E6	
899	-3.1357E-1	7.4242E2	8.0501E-1	1.7063E6	
900	-3.1357E-1	7.4242E2	8.0501E-1	1.7063E6	
901	-3.1357E-1	7.4242E2	8.0501E-1	1.7063E6	
902	-3.1357E-1	7.4242E2	8.0501E-1	1.7063E6	
903	-3.1357E-1	7.4242E2	8.0501E-1	1.7063E6	
904	-3.1357E-1	7.4242E2	8.0501E-1	1.7063E6	
905	-3.1357E-1	7.4242E2	8.0501E-1	1.7063E6	
906	-3.1357E-1	7.4242E2	8.0501E-1	1.7063E6	
907	-3.1357E-1	7.4242E2	8.0501E-1	1.7063E6	
908	-3.1357E-1	7.4242E2	8.0501E-1	1.7063E6	
909	-3.1357E-1	7.4242E2	8.0501E-1	1.7063E6	
910	-3.1357E-1	7.4242E2	8.0501E-1	1.7063E6	
911	-3.1357E-1	7.4242E2	8.0501E-1	1.7063E6	
912	-3.1357E-1	7.4242E2	8.0501E-1	1.7063E6	
913	-3.1357E-1	7.4242E2	8.0501E-1	1.7063E6	
914	-3.1357E-1	7.4242E2	8.0501E-1	1.7063E6	
915	-3.1357E-1	7.4242E2	8.0501E-1	1.7063E6	
916	-3.1357E-1	7.4242E2	8.0501E-1	1.7063E6	
917	-3.1357E-1	7.4242E2	8.0501E-1	1.7063E6	
918	-3.1357E-1	7.4242E2	8.0501E-1	1.7063E6	
919	-3.1357E-1	7.4242E2	8.0501E-1	1.7063E6	
920	-3.1357E-1	7.4242E2	8.0501E-1	1.7063E6	
921	-3.1357E-1	7.4242E2	8.0501E-1	1.7063E6	
922	-3.1357E-1	7.4242E2	8.0501E-1	1.7063E6	
923	-3.1357E-1	7.4242E2	8.0501E-1	1.7063E6	
924	-3.1357E-1	7.4242E2	8.0501E-1	1.7063E6	
925	-3.1357E-1	7.4242E2	8.0501E-1	1.7063E6	
926	-3.1357E-1	7.4242E2	8.0501E-1	1.7063E6	
927	-3.1357E-1	7.4242E2	8.0501E-1	1.7063E6	
928	-3.1357E-1	7.4242E2	8.0501E-1	1.7063E6	
929	-3.1357E-1	7.4242E2	8.0501E-1	1.7063E6	
930	-3.1357E-1	7.4242E2	8.0501E-1	1.7063E6	
931	-3.1357E-1	7.4242E2	8.0501E-1	1.7063E6	
932	-3.1357E-1	7.4242E2	8.0501E-1	1.7063E6	
933	-3.1357E-1	7.4242E2	8.0501E-1	1.7063E6	
934	-3.1357E-1	7.4242E2	8.0501E-1	1.7063E6	
935	-3.1357E-1	7.4242E2	8.0501E-1	1.7063E6	
936	-3.1357E-1	7.4242E2	8.0501E-1	1.7063E6	
937	-3.1357E-1	7.4242E2	8.0501E-1	1.7063E6	
938	-3.1357E-1	7.4242E2	8.0501E-1	1.7063E6	
939	-3.1357E-1	7.4242E2	8.0501E-1	1.7063E6	
940	-3.1357E-1	7.4242E2	8.0501E-1	1.7063E6	
941	-3.1357E-1	7.4242E2	8.0501E-1	1.7063E6	
942	-3.1357E-1	7.4242E2	8.0501E-1	1.7063E6	
943	-3.1357E-1	7.4242E2	8.0501E-1	1.7063E6	
944	-3.1357E-1	7.4242E2	8.0501E-1	1.7063E6	
945	-3.1357E-1	7.4242E2	8.0501E-1	1.7063E6	
946	-3.1357E-1	7.4242E2	8.0501E-1	1.7063E6	
947	-3.1357E-1	7.4242E2	8.0501E-1	1.7063E6	
948	-3.1357E-1	7.4242E2	8.0501E-1	1.7063E6	
949	-3.1357E-1	7.4242E2	8.0501E-1	1.7063E6	
950	-3.1357E-1	7.4242E2	8.0501E-1	1.7063E6	
951	-3.1357E-1	7.4242E2	8.0501E-1	1.7063E6	
952	-3.1357E-1	7.4242E2	8.0501E-1	1.7063E6	
953	-3.1357E-1	7.4242E2	8.0501E-1	1.7063E6	
954	-3.1357E-1	7.4242E2	8.0501E-1	1.7063E6	
955	-3.1357E-1	7.4242E2	8.0501E-1	1.7063E6	
956	-3.1357E-1	7.4242E2	8.0501E-1	1.7063E6	
957	-3.1357E-1	7.4242E2	8.0501E-1	1.7063E6	
958	-3.1357E-1	7.4242E2	8.0501E-1	1.7063E6	
959	-3.1357E-1	7.4242E2	8.0501E-1	1.7063E6	
960	-3.1357E-1	7.4242E2	8.0501E-1	1.7063E6	
961	-3.1357E-1	7.4242E2	8.0501E-1	1.7063E6	
962	-3.1357E-1	7.4242E2	8.0501E-1	1.7063E6	
963	-3.1357E-1	7.4242E2	8.0501E-1	1.7063E6	
964	-3.1357E-1	7.4242E2	8.0501E-1	1.7063E6	
965	-3.1357E-1	7.4242E2	8.0501E-1	1.7063E6	
966	-3.1357E-1	7.4242E2	8.0501E-1	1.7063E6	
967	-3.1357E-1	7.4242E2	8.0501E-1	1.7063E6	
968	-3.1357E-1	7.4242E2	8.0501E-1	1.7063E6	
969	-3.1357E-1	7.4242E2	8.0501E-1	1.7063E6	
970	-3.1357E-1	7.4242E2	8.0501E-1	1.7063E6	
971	-3.1357E-1	7.4242E2	8.0501E-1	1.7063E6	
972	-3.1357E-1	7.4242E2	8.0501E-1	1.7063E6	
973	-3.1357E-1	7.4242E2	8.0501E-1	1.7063E6	
974	-3.1357E-1	7.4242E2	8.0501E-1	1.7063E6	
975	-3.1357E-1	7.4242E2	8.0501E-1	1.7063E6	
976	-3.1357E-1	7.4242E2	8.0501E-1	1.7063E6	
977	-3.1357E-1	7.4242E2	8.0501E-1	1.7063E6	
978	-3.1357E-1	7.4242E2	8.0501E-1	1.7063E6	
979	-3.1357E-1	7.4242E2	8.0501E-1	1.7063E6	
980	-3.1357E-1	7.4242E2	8.0501E-1	1.7063E6	
981	-3.1357E-1	7.4242E2	8.0501E-1	1.7063E6	
982	-3.1357E-1	7.4242E2	8.0501E-1	1.7063E6	
983	-3.1357E-1	7.4242E2	8.0501E-1	1.7063E6	
984	-3.1357E-1	7.4242E2	8.0501E-1	1.7063E6	
985	-3.1357E-1	7.4242E2	8.0501E-1	1.7063E6	
986	-3.1357E-1	7.4242E2	8.0501E-1	1.7063E6	
987	-3.1357E-1	7.4242E2	8.0501E-1	1.7063E6	
988	-3.1357E-1	7.4242E2	8.0501E-1	1.7063E6	
989	-3.1357E-1	7.4242E2	8.0501E-1	1.7063E6	
990	-3.1357E-1	7.4242E2	8.0501E-1	1.7063E6	
991	-3.1357E-1	7.4242E2	8.0501E-1	1.7063E6	
992	-3.1357E-1	7.4242E2	8.0501E-1	1.7063E6	
993	-3.1357E-1	7.4242E2	8.0501E-1	1.7063E6	
994	-3.1357E-1	7.4242E2	8.0501E-1	1.7063E6	
995	-3.1357E-1	7.4242E2	8.0501E-1	1.7063E6	
996	-3.1357E-1	7.4242E2	8.0501E-1	1.7063E6	
997	-3.1357E-1	7.4242E2	8.0501E-1	1.7063E6	
998	-3.1357E-1	7.4242E2	8.0501E-1	1.7063E6	
999	-3.1357E-1	7.4242E2	8.0501E-1	1.7063E6	
1000	-3.1357E-1	7.4242E2	8.0501E-1	1.7063E6	
1001	-3.1357E-1	7.4242E2	8.0501E-1	1.7063E6	
1002	-3.1357E-1	7.4242E2	8.0501E-1	1.7063E6	
1003	-3.1357E-1	7.4242E2	8.0501E-1	1.7063E6	
1004	-3.1357E-1	7.4242E2	8.0501E-1	1.7063E6	
1005	-3.1357E-1	7.4242E2	8.0501E-1	1.7063E6	
1006	-3.1357E-1	7.4242E2	8.0501E-1	1.7063E6	
1007	-3.1357E-1	7.4242E2	8.0501E-1	1.7063E6	
1008	-3.1357E-1	7.4242E2	8.0501E-1	1.7063E6	
1009	-3.1357E-1	7.4242E2	8.0501E-1	1.7063E6	
1010	-3.1357E-1	7.4242E2	8.0501E-1	1.7063E6	
1011	-3.1357E-1	7.4242E2	8.0501E-1	1.7063E6	
1012	-3.1357E-1	7.4242E2	8.0501E-1	1.7063E6	
1013	-3.1357E-1	7.4242E2	8.0501E-1	1.7063E6	
1014	-3.1357E-1	7.4242E2	8.0501E-1	1.7063E6	
1015	-3.1357E-1	7.4242E2	8.0501E-1	1.7063E6	
1016	-3.1357E-1	7.4242E2	8.0501E-1	1.7063E6	
1017	-3.1357E-1	7.4242E2	8.0501E-1	1.7063E6	
1018	-3.1357E-1	7.4242E2	8.0501E-1	1.7063E6	
1019	-3.1357E-1	7.4242E2	8.0501E-1	1.7063E6	
1020	-3.1357E-1	7.4242E2	8.0501E-1	1.7063E6	
1021	-3.1357E-1	7.4242E2	8.0501E-1	1.7063E6	
1022	-3.1357E-1	7.4242E2	8.0501E-1	1.7063E6	
1023	-3.1357E-1	7.4242E2	8.0501E-1	1.7063E6	
1024	-3.1357E-1	7.4242E2	8.0501E-1	1.7063E6	
1025	-3.1456E-1	7.4095E2	8.0496E-1	1.7064E6	
1026	-3.5202E-1	6.8536E2	8.0624E-1	1.7086E6	
1027	-3.7590E-1	6.4992E2	8.0888E-1	1.7108E6	
1028	-3.9795E-1	6.1719E2	8.1206E-1	1.7130E6	
1029	-4.2381E-1	5.7881E2	8.1544E-1	1.7152E6	
1030	-4.3594E-1	5.6081E2	8.1899E-1	1.7175E6	
1031	-4.5303E-1	5.3544E2	8.2270E-1	1.7197E6	
1032	-4.6944E-1	5.1110E2	8.2652E-1	1.7219E6	
1033	-4.8340E-1	4.9038E2	8.3042E-1	1.7241E6	
1034	-4.9423E-1	4.7430E2	8.3443E-1	1.7263E6	
1035	-5.0926E-1	4.5200E2	8.3855E-1	1.7286E6	
1036	-5.1567E-1	4.4249E2	8.4278E-1	1.7308E6	
1037	-5.2681E-1	4.2596E2	8.4682E-1	1.7330E6	
1038	-5.4337E-1	4.0139E2	8.5113E-1	1.7352E6	
1039	-5.5374E-1	3.8599E2	8.5541E-1	1.7374E6	
1040	-5.6816E-1	3.6459E2	8.5970E-1	1.7397E6	
1041	-5.7495E-1	3.5451E2	8.6411E-1	1.7419E6	
1042	-5.8945E-1	3.3300E2	8.6843E-1	1.7441E6	
1043	-5.9822E-1	3.1998E2	8.7291E-1	1.7463E6	
1044	-6.0966E-1	3.0299E2	8.7725E-1	1.7485E6	
1045	-6.2027E-1	2.8725E2	8.8159E-1	1.7508E6	
1046	-6.3034E-1	2.7231E2	8.8622E-1	1.7530E6	
1047	-6.4316E-1	2.5329E2	8.9068E-1	1.7552E6	
1048	-6.4789E-1	2.4627E2	8.9522E-1	1.7574E6	
1049	-6.5987E-1	2.2849E2	8.9971E-1	1.7596E6	
1050	-6.6788E-1	2.1660E2	9.0429E-1	1.7619E6	
1051	-6.8405E-1	1.9260E2	9.0873E-1	1.7641E6	
1052	-6.9466E-1	1.7686E2	9.1336E-1	1.7663E6	
1053	-7.0274E-1	1.6486E2	9.1794E-1	1.7685E6	
1054	-7.1510E-1	1.4651E2	9.2253E-1	1.7707E6	
1055	-7.1716E-1	1.4346E2	9.2714E-1	1.7730E6	
1056	-7.2884E-1	1.2613E2	9.3171E-1	1.7752E6	
1057	-7.3708E-1	1.1391E2	9.3641E-1	1.7774E6	
1058	-7.5020E-1	9.4430E1	9.4105E-1	1.7796E6	
1059	-7.5737E-1	8.3787E1	9.4565E-1	1.7818E6	
1060	-7.6393E-1	7.4050E1	9.5031E-1	1.7841E6	
1061	-7.7148E-1	6.2840E1	9.5496E-1	1.7863E6	
1062	-7.8056E-1	4.9366E1	9.5969E-1	1.7885E6	
1063	-7.8987E-1	3.5553E1	9.6432E-1	1.7907E6	
1064	-7.9071E-1	3.4307E1	9.6913E-1	1.7929E6	
1065	-7.9529E-1	2.7514E1	9.7381E-1	1.7952E6	
1066	-7.9742E-1	2.4344E1	9.7860E-1	1.7974E6	
1067	-8.1085E-1	4.4159E0	9.8326E-1	1.7996E6	
1068	-8.0788E-1	8.8317E0	9.8794E-1	1.8018E6	
1069	-8.1306E-1	1.1323E0	9.9273E-1	1.8040E6	
1070	-8.1474E-1	-1.3587E0	9.9753E-1	1.8063E6	
1071	-8.2230E-1	-1.2568E1	1.0023E0	1.8085E6	
1072	-8.3221E-1	-2.7287E1	1.0070E0	1.8107E6	
1073	-8.4373E-1	-4.4384E1	1.0119E0	1.8129E6	
1074	-8.4969E-1	-5.3216E1	1.0166E0	1.8151E6	
1075	-8.5999E-1	-6.8502E1	1.0214E0	1.8174E6	
1076	-8.6044E-1	-6.9181E1	1.0262E0	1.8196E6	
1077	-8.6838E-1	-8.0956E1	1.0311E0	1.8218E6	
1078	-8.6906E-1	-8.1975E1	1.0359E0	1.8240E6	
1079	-8.6212E-1	-7.1672E1	1.0406E0	1.8262E6	
1080	-8.5197E-1	-5.6613E1	1.0454E0	1.8285E6	
1081	-8.5869E-1	-6.6577E1	1.0503E0	1.8307E6	
1082	-8.6143E-1	-7.0653E1	1.0552E0	1.8329E6	
1083	-8.6502E-1	-7.5974E1	1.0600E0	1.8351E6	
1084	-8.7433E-1	-8.9788E1	1.0648E0	1.8373E6	
1085	-8.7852E-1	-9.6015E1	1.0698E0	1.8396E6	
1086	-8.8364E-1	-1.0360E2	1.0746E0	1.8418E6	
1087	-8.7753E-1	-9.4543E1	1.0795E0	1.8440E6	
1088	-8.8173E-1	-1.0077E2	1.0844E0	1.8462E6	
1089	-8.6639E-1	-7.8012E1	1.0893E0	1.8484E6	
1090	-8.5434E-1	-6.0123E1	1.0941E0	1.8507E6	
1091	-8.5228E-1	-5.7066E1	1.0991E0	1.8529E6	
1092	-8.5716E-1	-6.4312E1	1.1039E0	1.8551E6	
1093	-8.5739E-1	-6.4652E1	1.1089E0	1.8573E6	
1094	-8.6700E-1	-7.8918E1	1.1139E0	1.8595E6	
1095	-8.6769E-1	-7.9937E1	1.1187E0	1.8618E6	
1096	-8.6838E-1	-8.0956E1	1.1237E0	1.8640E6	
1097	-8.6906E-1	-8.1975E1	1.1287E0	1.8662E6	
1098	-8.6571E-1	-7.6993E1	1.1337E0	1.8684E6	
1099	-8.6540E-1	-7.6541E1	1.1386E0	1.8706E6	
1100	-8.7532E-1	-9.1260E1	1.1437E0	1.8729E6	
1101	-8.7540E-1	-9.1373E1	1.1486E0	1.8751E6	
1102	-8.7921E-1	-9.7034E1	1.1536E0	1.8773E6	
1103	-8.7257E-1	-8.7184E1	1.1585E0	1.8795E6	
1104	-8.7852E-1	-9.6015E1	1.1636E0	1.8817E6	
1105	-8.7975E-1	-9.7827E1	1.1686E0	1.8840E6	
1106	-8.8516E-1	-1.0587E2	1.1735E0	1.8862E6	
1107	-8.8982E-1	-1.1277E2	1.1785E0	1.8884E6	
1108	-8.9035E-1	-1.1357E2	1.1835E0	1.8906E6	
1109	-8.9951E-1	-1.2715E2	1.1886E0	1.8928E6	
1110	-8.9890E-1	-1.2625E2	1.1937E0	1.8951E6	
1111	-9.0103E-1	-1.2942E2	1.1987E0	1.8973E6	
1112	-9.0424E-1	-1.3417E2	1.2037E0	1.8995E6	
1113	-9.1087E-1	-1.4402E2	1.2088E0	1.9017E6	
1114	-9.1774E-1	-1.5421E2	1.2138E0	1.9039E6	
1115	-9.1942E-1	-1.5670E2	1.2189E0	1.9062E6	
1116	-9.2003E-1	-1.5761E2	1.2240E0	1.9084E6	
1117	-9.1972E-1	-1.5716E2	1.2291E0	1.9106E6	
1118	-9.2484E-1	-1.6474E2	1.2341E0	1.9128E6	
1119	-9.2125E-1	-1.5942E2	1.2392E0	1.9150E6	
1120	-9.1454E-1	-1.4946E2	1.2443E0	1.9173E6	
1121	-9.1072E-1	-1.4380E2	1.2494E0	1.9195E6	
1122	-9.0668E-1	-1.3780E2	1.2544E0	1.9217E6	
1123	-8.9798E-1	-1.2489E2	1.2595E0	1.9239E6	
1124	-8.8928E-1	-1.1198E2	1.2647E0	1.9261E6	
1125	-8.8493E-1	-1.0553E2	1.2699E0	1.9284E6	
1126	-8.8104E-1	-9.9752E1	1.2750E0	1.9306E6	
1127	-8.7402E-1	-8.9335E1	1.2801E0	1.9328E6	
1128	-8.6380E-1	-7.4163E1	1.2853E0	1.9350E6	
1129	-8.6143E-1	-7.0653E1	1.2904E0	1.9372E6	
1130	-8.5419E-1	-5.9896E1	1.2956E0	1.9395E6	
1131	-8.5030E-1	-5.4122E1	1.3007E0	1.9417E6	
1132	-8.4511E-1	-4.6422E1	1.3058E0	1.9439E6	
1133	-8.4023E-1	-3.9176E1	1.3109E0	1.9461E6	
1134	-8.3504E-1	-3.1477E1	1.3162E0	1.9483E6	
1135	-8.3046E-1	-2.4683E1	1.3214E0	1.9506E6	
1136	-8.2268E-1	-1.3134E1	1.3266E0	1.9528E6	
1137	-8.1490E-1	-1.5851E0	1.3318E0	1.9550E6	
1138	-8.0620E-1	1.1323E1	1.3369E0	1.9572E6	
1139	-7.8468E-1	4.3252E1	1.3421E0	1.9594E6	
1140	-7.6454E-1	7.3144E1	1.3474E0	1.9617E6	
1141	-7.4562E-1	1.0122E2	1.3526E0	1.9639E6	
1142	-7.2746E-1	1.2817E2	1.3579E0	1.9661E6	
1143	-7.2014E-1	1.3904E2	1.3630E0	1.9683E6	
1144	-7.1495E-1	1.4674E2	1.3683E0	1.9705E6	
1145	-6.8916E-1	1.8501E2	1.3735E0	1.9728E6	
1146	-6.8047E-1	1.9792E2	1.3787E0	1.9750E6	
1147	-6.8321E-1	1.9384E2	1.3839E0	1.9772E6	
1148	-6.8321E-1	1.9384E2	1.3892E0	1.9794E6	
1149	-6.8298E-1	1.9418E2	1.3944E0	1.9816E6	
1150	-6.8375E-1	1.9305E2	1.3998E0	1.9839E6	
1151	-6.8459E-1	1.9180E2	1.4051E0	1.9861E6	
1152	-6.8314E-1	1.9396E2	1.4103E0	1.9883E6	
1153	-6.8298E-1	1.9418E2	1.4155E0	1.9905E6	
1154	-6.8352E-1	1.9339E2	1.4209E0	1.9927E6	
1155	-6.8420E-1	1.9237E2	1.4262E0	1.9950E6	
1156	-6.8237E-1	1.9509E2	1.4315E0	1.9972E6	
1157	-6.8253E-1	1.9486E2	1.4367E0	1.9994E6	
1158	-6.8298E-1	1.9418E2	1.4421E0	2.0016E6	
1159	-6.8420E-1	1.9237E2	1.4474E0	2.0038E6	
1160	-6.8649E-1	1.8897E2	1.4527E0	2.0061E6	
1161	-6.8542E-1	1.9056E2	1.4580E0	2.0083E6	
1162	-6.8451E-1	1.9192E2	1.4634E0	2.0105E6	
1163	-6.8306E-1	1.9407E2	1.4687E0	2.0127E6	
1164	-6.8687E-1	1.8841E2	1.4741E0	2.0149E6	
1165	-6.8390E-1	1.9282E2	1.4794E0	2.0172E6	
1166	-6.8520E-1	1.9090E2	1.4848E0	2.0194E6	
1167	-6.8565E-1	1.9022E2	1.4901E0	2.0216E6	
1168	-6.8428E-1	1.9226E2	1.4956E0	2.0238E6	
1169	-6.8436E-1	1.9214E2	1.5009E0	2.0260E6	
1170	-6.8634E-1	1.8920E2	1.5062E0	2.0283E6	
1171	-6.8687E-1	1.8841E2	1.5116E0	2.0305E6	
1172	-6.8542E-1	1.9056E2	1.5171E0	2.0327E6	
1173	-6.8420E-1	1.9237E2	1.5223E0	2.0349E6	
1174	-6.8756E-1	1.8739E2	1.5278E0	2.0371E6	
1175	-6.8649E-1	1.8897E2	1.5332E0	2.0394E6	
1176	-6.8665E-1	1.8875E2	1.5386E0	2.0416E6	
1177	-6.8535E-1	1.9067E2	1.5440E0	2.0438E6	
1178	-6.8596E-1	1.8977E2	1.5494E0	2.0460E6	
1179	-6.8573E-1	1.9011E2	1.5547E0	2.0482E6	
1180	-6.8748E-1	1.8750E2	1.5603E0	2.0505E6	
1181	-6.8649E-1	1.8897E2	1.5657E0	2.0527E6	
1182	-6.8825E-1	1.8637E2	1.5711E0	2.0549E6	
1183	-6.8542E-1	1.9056E2	1.5766E0	2.0571E6	
1184	-6.8863E-1	1.8580E2	1.5820E0	2.0593E6	
1185	-6.8954E-1	1.8444E2	1.5875E0	2.0616E6	
1186	-6.8634E-1	1.8920E2	1.5930E0	2.0638E6	
1187	-6.8871E-1	1.8569E2	1.5985E0	2.0660E6	
1188	-6.9115E-1	1.8207E2	1.6038E0	2.0682E6	
1189	-6.9046E-1	1.8309E2	1.6093E0	2.0704E6	
1190	-6.9092E-1	1.8241E2	1.6148E0	2.0727E6	
1191	-6.8840E-1	1.8614E2	1.6203E0	2.0749E6	
1192	-6.9229E-1	1.8037E2	1.6258E0	2.0771E6	
1193	-6.8970E-1	1.8422E2	1.6312E0	2.0793E6	
1194	-6.9115E-1	1.8207E2	1.6368E0	2.0815E6	
1195	-6.9069E-1	1.8275E2	1.6423E0	2.0838E6	
1196	-6.9008E-1	1.8365E2	1.6477E0	2.0860E6	
1197	-6.9023E-1	1.8343E2	1.6532E0	2.0882E6	
1198	-6.9122E-1	1.8195E2	1.6588E0	2.0904E6	
1199	-6.9077E-1	1.8263E2	1.6643E0	2.0926E6	
1200	-6.9077E-1	1.8263E2	1.6698E0	2.0949E6	
1201	-6.9260E-1	1.7992E2	1.6754E0	2.0971E6	
1202	-6.8939E-1	1.8467E2	1.6809E0	2.0993E6	
1203	-6.9443E-1	1.7720E2	1.6865E0	2.1015E6	
1204	-6.9382E-1	1.7810E2	1.6920E0	2.1037E6	
1205	-6.9229E-1	1.8037E2	1.6976E0	2.1060E6	
1206	-6.9382E-1	1.7810E2	1.7032E0	2.1082E6	
1207	-6.9336E-1	1.7878E2	1.7088E0	2.1104E6	
1208	-6.9290E-1	1.7946E2	1.7143E0	2.1126E6	
1209	-6.9397E-1	1.7788E2	1.7199E0	2.1148E6	
1210	-6.9649E-1	1.7414E2	1.7254E0	2.1171E6	
1211	-6.9374E-1	1.7822E2	1.7310E0	2.1193E6	
1212	-6.9588E-1	1.7505E2	1.7367E0	2.1215E6	
1213	-6.9504E-1	1.7629E2	1.7422E0	2.1237E6	
1214	-6.9748E-1	1.7267E2	1.7478E0	2.1259E6	
1215	-6.9603E-1	1.7482E2	1.7535E0	2.1282E6	
1216	-6.9778E-1	1.7222E2	1.7590E0	2.1304E6	
1217	-6.9374E-1	1.7822E2	1.7646E0	2.1326E6	
1218	-6.9550E-1	1.7561E2	1.7702E0	2.1348E6	
1219	-6.9717E-1	1.7312E2	1.7759E0	2.1370E6	
1220	-6.9763E-1	1.7244E2	1.7815E0	2.1393E6	
1221	-6.9824E-1	1.7154E2	1.7872E0	2.1415E6	
1222	-6.9687E-1	1.7358E2	1.7928E0	2.1437E6	
1223	-6.9801E-1	1.7188E2	1.7984E0	2.1459E6	
1224	-6.9656E-1	1.7403E2	1.8040E0	2.1481E6	
1225	-6.9679E-1	1.7369E2	1.8097E0	2.1504E6	
1226	-6.9603E-1	1.7482E2	1.8154E0	2.1526E6	
1227	-6.9717E-1	1.7312E2	1.8210E0	2.1548E6	
1228	-6.9603E-1	1.7482E2	1.8266E0	2.1570E6	
1229	-6.9756E-1	1.7256E2	1.8323E0	2.1592E6	
1230	-6.9733E-1	1.7290E2	1.8379E0	2.1615E6	
1231	-6.9901E-1	1.7040E2	1.8437E0	2.1637E6	
1232	-6.9641E-1	1.7425E2	1.8494E0	2.1659E6	
1233	-6.9862E-1	1.7097E2	1.8549E0	2.1681E6	
1234	-7.0045E-1	1.6825E2	1.8607E0	2.1703E6	
1235	-6.9839E-1	1.7131E2	1.8665E0	2.1726E6	
1236	-6.9687E-1	1.7358E2	1.8722E0	2.1748E6	
1237	-6.9580E-1	1.7516E2	1.8778E0	2.1770E6	
1238	-6.9878E-1	1.7074E2	1.8836E0	2.1792E6	
1239	-6.9702E-1	1.7335E2	1.8893E0	2.1814E6	
1240	-6.9885E-1	1.7063E2	1.8950E0	2.1837E6	
1241	-6.9778E-1	1.7222E2	1.9007E0	2.1859E6	
1242	-6.9771E-1	1.7233E2	1.9064E0	2.1881E6	
1243	-6.9702E-1	1.7335E2	1.9122E0	2.1903E6	
1244	-7.0007E-1	1.6882E2	1.9179E0	2.1925E6	
1245	-6.9855E-1	1.7108E2	1.9236E0	2.1948E6	
1246	-6.9908E-1	1.7029E2	1.9294E0	2.1970E6	
1247	-6.9855E-1	1.7108E2	1.9351E0	2.1992E6	
1248	-7.0084E-1	1.6769E2	1.9410E0	2.2014E6	
1249	-7.0000E-1	1.6893E2	1.9467E0	2.2036E6	
1250	-7.0053E-1	1.6814E2	1.9525E0	2.2059E6	
1251	-7.0084E-1	1.6769E2	1.9582E0	2.2081E6	
1252	-7.0076E-1	1.6780E2	1.9641E0	2.2103E6	
1253	-7.0053E-1	1.6814E2	1.9697E0	2.2125E6	
1254	-7.0244E-1	1.6531E2	1.9756E0	2.2147E6	
1255	-7.0030E-1	1.6848E2	1.9814E0	2.2170E6	
1256	-6.9977E-1	1.6927E2	1.9872E0	2.2192E6	
1257	-7.0129E-1	1.6701E2	1.9930E0	2.2214E6	
1258	-7.0030E-1	1.6848E2	1.9988E0	2.2236E6	
1259	-7.0000E-1	1.6893E2	2.0046E0	2.2258E6	
1260	-7.0175E-1	1.6633E2	2.0103E0	2.2281E6	
1261	-7.0122E-1	1.6712E2	2.0162E0	2.2303E6	
1262	-7.0297E-1	1.6452E2	2.0221E0	2.2325E6	
1263	-7.0274E-1	1.6486E2	2.0279E0	2.2347E6	
1264	-7.0236E-1	1.6542E2	2.0338E0	2.2369E6	
1265	-7.0297E-1	1.6452E2	2.0397E0	2.2392E6	
1266	-7.0290E-1	1.6463E2	2.0455E0	2.2414E6	
1267	-7.0236E-1	1.6542E2	2.0513E0	2.2436E6	
1268	-7.0473E-1	1.6191E2	2.0571E0	2.2458E6	
1269	-7.0358E-1	1.6361E2	2.0630E0	2.2480E6	
1270	-7.0473E-1	1.6191E2	2.0689E0	2.2503E6	
1271	-7.0465E-1	1.6203E2	2.0747E0	2.2525E6	
1272	-7.0480E-1	1.6180E2	2.0806E0	2.2547E6	
1273	-7.0389E-1	1.6316E2	2.0864E0	2.2569E6	
1274	-7.0465E-1	1.6203E2	2.0924E0	2.2591E6	
1275	-7.0618E-1	1.5976E2	2.0982E0	2.2614E6	
1276	-7.0595E-1	1.6010E2	2.1042E0	2.2636E6	
1277	-7.0602E-1	1.5999E2	2.1100E0	2.2658E6	
1278	-7.0717E-1	1.5829E2	2.1160E0	2.2680E6	
1279	-7.0503E-1	1.6146E2	2.1219E0	2.2702E6	
1280	-7.0595E-1	1.6010E2	2.1278E0	2.2725E6	
1281	-7.0747E-1	1.5784E2	2.1338E0	2.2747E6	
1282	-7.1014E-1	1.5387E2	2.1397E0	2.2769E6	
1283	-7.0808E-1	1.5693E2	2.1456E0	2.2791E6	
1284	-7.0641E-1	1.5942E2	2.1515E0	2.2813E6	
1285	-7.0663E-1	1.5908E2	2.1573E0	2.2836E6	
1286	-7.1121E-1	1.5229E2	2.1633E0	2.2858E6	
1287	-7.0732E-1	1.5806E2	2.1693E0	2.2880E6	
1288	-7.0824E-1	1.5670E2	2.1753E0	2.2902E6	
1289	-7.0847E-1	1.5636E2	2.1813E0	2.2924E6	
1290	-7.0930E-1	1.5512E2	2.1872E0	2.2947E6	
1291	-7.1030E-1	1.5365E2	2.1931E0	2.2969E6	
1292	-7.1159E-1	1.5172E2	2.1991E0	2.2991E6	
1293	-7.1129E-1	1.5218E2	2.2051E0	2.3013E6	
1294	-7.0984E-1	1.5433E2	2.2112E0	2.3035E6	
1295	-7.1060E-1	1.5319E2	2.2171E0	2.3058E6	
1296	-7.0869E-1	1.5603E2	2.2230E0	2.3080E6	
1297	-7.0923E-1	1.5523E2	2.2291E0	2.3102E6	
1298	-7.0976E-1	1.5444E2	2.2351E0	2.3124E6	
1299	-7.1014E-1	1.5387E2	2.2410E0	2.3146E6	
1300	-7.1083E-1	1.5285E2	2.2471E0	2.3169E6	
1301	-7.1068E-1	1.5308E2	2.2532E0	2.3191E6	
1302	-7.1075E-1	1.5297E2	2.2592E0	2.3213E6	
1303	-7.1175E-1	1.5150E2	2.2652E0	2.3235E6	
1304	-7.1159E-1	1.5172E2	2.2712E0	2.3257E6	
1305	-7.1167E-1	1.5161E2	2.2772E0	2.3280E6	
1306	-7.1037E-1	1.5353E2	2.2832E0	2.3302E6	
1307	-7.1205E-1	1.5104E2	2.2894E0	2.3324E6	
1308	-7.1236E-1	1.5059E2	2.2954E0	2.3346E6	
1309	-7.1205E-1	1.5104E2	2.3014E0	2.3368E6	
1310	-7.1129E-1	1.5218E2	2.3074E0	2.3391E6	
1311	-7.1236E-1	1.5059E2	2.3135E0	2.3413E6	
1312	-7.1335E-1	1.4912E2	2.3197E0	2.3435E6	
1313	-7.1312E-1	1.4946E2	2.3257E0	2.3457E6	
1314	-7.1106E-1	1.5252E2	2.3319E0	2.3479E6	
1315	-7.0976E-1	1.5444E2	2.3378E0	2.3502E6	
1316	-7.1480E-1	1.4697E2	2.3439E0	2.3524E6	
1317	-7.1220E-1	1.5082E2	2.3500E0	2.3546E6	
1318	-7.1129E-1	1.5218E2	2.3562E0	2.3568E6	
1319	-7.1342E-1	1.4901E2	2.3622E0	2.3590E6	
1320	-7.1251E-1	1.5036E2	2.3684E0	2.3613E6	
1321	-7.1297E-1	1.4968E2	2.3745E0	2.3635E6	
1322	-7.1182E-1	1.5138E2	2.3807E0	2.3657E6	
1323	-7.1274E-1	1.5002E2	2.3867E0	2.3679E6	
1324	-7.1335E-1	1.4912E2	2.3929E0	2.3701E6	
1325	-7.1457E-1	1.4731E2	2.3990E0	2.3724E6	
1326	-7.1381E-1	1.4844E2	2.4051E0	2.3746E6	
1327	-7.1419E-1	1.4787E2	2.4113E0	2.3768E6	
1328	-7.1381E-1	1.4844E2	2.4174E0	2.3790E6	
1329	-7.1556E-1	1.4583E2	2.4236E0	2.3812E6	
1330	-7.1472E-1	1.4708E2	2.4297E0	2.3835E6	
1331	-7.1487E-1	1.4685E2	2.4360E0	2.3857E6	
1332	-7.1426E-1	1.4776E2	2.4420E0	2.3879E6	
1333	-7.1449E-1	1.4742E2	2.4482E0	2.3901E6	
1334	-7.1617E-1	1.4493E2	2.4544E0	2.3923E6	
1335	-7.1587E-1	1.4538E2	2.4606E0	2.3946E6	
1336	-7.1396E-1	1.4821E2	2.4667E0	2.3968E6	
1337	-7.1693E-1	1.4380E2	2.4729E0	2.3990E6	
1338	-7.1815E-1	1.4199E2	2.4792E0	2.4012E6	
1339	-7.1724E-1	1.4334E2	2.4853E0	2.4034E6	
1340	-7.1617E-1	1.4493E2	2.4916E0	2.4057E6	
1341	-7.1701E-1	1.4368E2	2.4978E0	2.4079E6	
1342	-7.1724E-1	1.4334E2	2.5040E0	2.4101E6	
1343	-7.1770E-1	1.4266E2	2.5101E0	2.4123E6	
1344	-7.1617E-1	1.4493E2	2.5165E0	2.4145E6	
1345	-7.1999E-1	1.3927E2	2.5226E0	2.4168E6	
1346	-7.1884E-1	1.4097E2	2.5288E0	2.4190E6	
1347	-7.1938E-1	1.4017E2	2.5351E0	2.4212E6	
1348	-7.2136E-1	1.3723E2	2.5414E0	2.4234E6	
1349	-7.1838E-1	1.4165E2	2.5476E0	2.4256E6	
1350	-7.1999E-1	1.3927E2	2.5538E0	2.4279E6	
1351	-7.1991E-1	1.3938E2	2.5601E0	2.4301E6	
1352	-7.2044E-1	1.3859E2	2.5664E0	2.4323E6	
1353	-7.2212E-1	1.3610E2	2.5726E0	2.4345E6	
1354	-7.2342E-1	1.3417E2	2.5790E0	2.4367E6	
1355	-7.2243E-1	1.3564E2	2.5851E0	2.4390E6	
1356	-7.2151E-1	1.3700E2	2.5915E0	2.4412E6	
1357	-7.2243E-1	1.3564E2	2.5976E0	2.4434E6	
1358	-7.2510E-1	1.3168E2	2.6040E0	2.4456E6	
1359	-7.2388E-1	1.3349E2	2.6103E0	2.4478E6	
1360	-7.2548E-1	1.3112E2	2.6166E0	2.4501E6	
1361	-7.2403E-1	1.3327E2	2.6228E0	2.4523E6	
1362	-7.2266E-1	1.3530E2	2.6291E0	2.4545E6	
1363	-7.2357E-1	1.3395E2	2.6354E0	2.4567E6	
1364	-7.2456E-1	1.3247E2	2.6417E0	2.4589E6	
1365	-7.2350E-1	1.3406E2	2.6481E0	2.4612E6	
1366	-7.2327E-1	1.3440E2	2.6544E0	2.4634E6	
1367	-7.2502E-1	1.3179E2	2.6607E0	2.4656E6	
1368	-7.2357E-1	1.3395E2	2.6671E0	2.4678E6	
1369	-7.2563E-1	1.3089E2	2.6733E0	2.4700E6	
1370	-7.2433E-1	1.3281E2	2.6797E0	2.4723E6	
1371	-7.2609E-1	1.3021E2	2.6861E0	2.4745E6	
1372	-7.2639E-1	1.2976E2	2.6925E0	2.4767E6	
1373	-7.2815E-1	1.2715E2	2.6988E0	2.4789E6	
1374	-7.2433E-1	1.3281E2	2.7052E0	2.4811E6	
1375	-7.2685E-1	1.2908E2	2.7115E0	2.4834E6	
1376	-7.2708E-1	1.2874E2	2.7179E0	2.4856E6	
1377	-7.2563E-1	1.3089E2	2.7243E0	2.4878E6	
1378	-7.2800E-1	1.2738E2	2.7306E0	2.4900E6	
1379	-7.2655E-1	1.2953E2	2.7369E0	2.4922E6	
1380	-7.2647E-1	1.2964E2	2.7435E0	2.4945E6	
1381	-7.2502E-1	1.3179E2	2.7498E0	2.4967E6	
1382	-7.2906E-1	1.2579E2	2.7563E0	2.4989E6	
1383	-7.2685E-1	1.2908E2	2.7625E0	2.5011E6	
1384	-7.2655E-1	1.2953E2	2.7689E0	2.5033E6	
1385	-7.2670E-1	1.2930E2	2.7753E0	2.5056E6	
1386	-7.2922E-1	1.2557E2	2.7818E0	2.5078E6	
1387	-7.2571E-1	1.3078E2	2.7881E0	2.5100E6	
1388	-7.2624E-1	1.2998E2	2.7946E0	2.5122E6	
1389	-7.2754E-1	1.2806E2	2.8009E0	2.5144E6	
1390	-7.2426E-1	1.3293E2	2.8075E0	2.5167E6	
1391	-7.2769E-1	1.2783E2	2.8139E0	2.5189E6	
1392	-7.2632E-1	1.2987E2	2.8204E0	2.5211E6	
1393	-7.2563E-1	1.3089E2	2.8268E0	2.5233E6	
1394	-7.2937E-1	1.2534E2	2.8333E0	2.5255E6	
1395	-7.3059E-1	1.2353E2	2.8397E0	2.5278E6	
1396	-7.2777E-1	1.2772E2	2.8461E0	2.5300E6	
1397	-7.2762E-1	1.2795E2	2.8526E0	2.5322E6	
1398	-7.2777E-1	1.2772E2	2.8590E0	2.5344E6	
1399	-7.2716E-1	1.2862E2	2.8654E0	2.5366E6	
1400	-7.3097E-1	1.2296E2	2.8719E0	2.5389E6	
1401	-7.2990E-1	1.2455E2	2.8784E0	2.5411E6	
1402	-7.2906E-1	1.2579E2	2.8850E0	2.5433E6	
1403	-7.2815E-1	1.2715E2	2.8914E0	2.5455E6	
1404	-7.2952E-1	1.2511E2	2.8980E0	2.5477E6	
1405	-7.3013E-1	1.2421E2	2.9045E0	2.5500E6	
1406	-7.3250E-1	1.2070E2	2.9109E0	2.5522E6	
1407	-7.3059E-1	1.2353E2	2.9174E0	2.5544E6	
1408	-7.3364E-1	1.1900E2	2.9239E0	2.5566E6	
1409	-7.2998E-1	1.2444E2	2.9304E0	2.5588E6	
1410	-7.3082E-1	1.2319E2	2.9369E0	2.5611E6	
1411	-7.3189E-1	1.2160E2	2.9434E0	2.5633E6	
1412	-7.3235E-1	1.2093E2	2.9500E0	2.5655E6	
1413	-7.3326E-1	1.1957E2	2.9565E0	2.5677E6	
1414	-7.3090E-1	1.2308E2	2.9630E0	2.5699E6	
1415	-7.3265E-1	1.2047E2	2.9694E0	2.5722E6	
1416	-7.3227E-1	1.2104E2	2.9761E0	2.5744E6	
1417	-7.3517E-1	1.1674E2	2.9826E0	2.5766E6	
1418	-7.3547E-1	1.1628E2	2.9891E0	2.5788E6	
1419	-7.3395E-1	1.1855E2	2.9956E0	2.5810E6	
1420	-7.3364E-1	1.1900E2	3.0022E0	2.5833E6	
1421	-7.3532E-1	1.1651E2	3.0088E0	2.5855E6	
1422	-7.3311E-1	1.1979E2	3.0154E0	2.5877E6	
1423	-7.3563E-1	1.1606E2	3.0219E0	2.5899E6	
1424	-7.3578E-1	1.1583E2	3.0285E0	2.5921E6	
1425	-7.3441E-1	1.1787E2	3.0351E0	2.5944E6	
1426	-7.3433E-1	1.1798E2	3.0416E0	2.5966E6	
1427	-7.3563E-1	1.1606E2	3.0483E0	2.5988E6	
1428	-7.3631E-1	1.1504E2	3.0548E0	2.6010E6	
1429	-7.3822E-1	1.1221E2	3.0614E0	2.6032E6	
1430	-7.3677E-1	1.1436E2	3.0680E0	2.6055E6	
1431	-7.3967E-1	1.1006E2	3.0747E0	2.6077E6	
1432	-7.3761E-1	1.1311E2	3.0813E0	2.6099E6	
1433	-7.3608E-1	1.1538E2	3.0879E0	2.6121E6	
1434	-7.3746E-1	1.1334E2	3.0945E0	2.6143E6	
1435	-7.3708E-1	1.1391E2	3.1011E0	2.6166E6	
1436	-7.3921E-1	1.1073E2	3.1077E0	2.6188E6	
1437	-7.4104E-1	1.0802E2	3.1143E0	2.6210E6	
1438	-7.3952E-1	1.1028E2	3.1210E0	2.6232E6	
1439	-7.3586E-1	1.1572E2	3.1275E0	2.6254E6	
1440	-7.3967E-1	1.1006E2	3.1342E0	2.6277E6	
1441	-7.3837E-1	1.1198E2	3.1409E0	2.6299E6	
1442	-7.4097E-1	1.0813E2	3.1476E0	2.6321E6	
1443	-7.3967E-1	1.1006E2	3.1542E0	2.6343E6	
1444	-7.3967E-1	1.1006E2	3.1608E0	2.6365E6	
1445	-7.3959E-1	1.1017E2	3.1675E0	2.6388E6	
1446	-7.4005E-1	1.0949E2	3.1741E0	2.6410E6	
1447	-7.3746E-1	1.1334E2	3.1809E0	2.6432E6	
1448	-7.3936E-1	1.1051E2	3.1875E0	2.6454E6	
1449	-7.4104E-1	1.0802E2	3.1942E0	2.6476E6	
1450	-7.3624E-1	1.1515E2	3.2008E0	2.6499E6	
1451	-7.3982E-1	1.0983E2	3.2076E0	2.6521E6	
1452	-7.4158E-1	1.0722E2	3.2142E0	2.6543E6	
1453	-7.4120E-1	1.0779E2	3.2209E0	2.6565E6	
1454	-7.3982E-1	1.0983E2	3.2275E0	2.6587E6	
1455	-7.3906E-1	1.1096E2	3.2343E0	2.6610E6	
1456	-7.4173E-1	1.0700E2	3.2411E0	2.6632E6	
1457	-7.4028E-1	1.0915E2	3.2478E0	2.6654E6	
1458	-7.4158E-1	1.0722E2	3.2545E0	2.6676E6	
1459	-7.4364E-1	1.0417E2	3.2611E0	2.6698E6	
1460	-7.3921E-1	1.1073E2	3.2678E0	2.6721E6	
1461	-7.4150E-1	1.0734E2	3.2745E0	2.6743E6	
1462	-7.4059E-1	1.0870E2	3.2813E0	2.6765E6	
1463	-7.4318E-1	1.0485E2	3.2880E0	2.6787E6	
1464	-7.4257E-1	1.0575E2	3.2948E0	2.6809E6	
1465	-7.4150E-1	1.0734E2	3.3015E0	2.6832E6	
1466	-7.4341E-1	1.0451E2	3.3082E0	2.6854E6	
1467	-7.4188E-1	1.0677E2	3.3149E0	2.6876E6	
1468	-7.4341E-1	1.0451E2	3.3217E0	2.6898E6	
1469	-7.4242E-1	1.0598E2	3.3285E0	2.6920E6	
1470	-7.4425E-1	1.0326E2	3.3353E0	2.6943E6	
1471	-7.4310E-1	1.0496E2	3.3420E0	2.6965E6	
1472	-7.4448E-1	1.0292E2	3.3488E0	2.6987E6	
1473	-7.4448E-1	1.0292E2	3.3555E0	2.7009E6	
1474	-7.4448E-1	1.0292E2	3.3623E0	2.7031E6	
1475	-7.4623E-1	1.0032E2	3.3690E0	2.7054E6	
1476	-7.4257E-1	1.0575E2	3.3759E0	2.7076E6	
1477	-7.4554E-1	1.0134E2	3.3827E0	2.7098E6	
1478	-7.4654E-1	9.9865E1	3.3895E0	2.7120E6	
1479	-7.4753E-1	9.8393E1	3.3963E0	2.7142E6	
1480	-7.4646E-1	9.9978E1	3.4030E0	2.7165E6	
1481	-7.4554E-1	1.0134E2	3.4099E0	2.7187E6	
1482	-7.4814E-1	9.7487E1	3.4165E0	2.7209E6	
1483	-7.4783E-1	9.7940E1	3.4234E0	2.7231E6	
1484	-7.4768E-1	9.8167E1	3.4303E0	2.7253E6	
1485	-7.4982E-1	9.4996E1	3.4371E0	2.7276E6	
1486	-7.4905E-1	9.6129E1	3.4438E0	2.7298E6	
1487	-7.5020E-1	9.4430E1	3.4507E0	2.7320E6	
1488	-7.4867E-1	9.6695E1	3.4575E0	2.7342E6	
1489	-7.5066E-1	9.3751E1	3.4644E0	2.7364E6	
1490	-7.4974E-1	9.5110E1	3.4713E0	2.7387E6	
1491	-7.5111E-1	9.3072E1	3.4780E0	2.7409E6	
1492	-7.4982E-1	9.4996E1	3.4849E0	2.7431E6	
1493	-7.5104E-1	9.3185E1	3.4917E0	2.7453E6	
1494	-7.4974E-1	9.5110E1	3.4986E0	2.7475E6	
1495	-7.5127E-1	9.2845E1	3.5055E0	2.7498E6	
1496	-7.5066E-1	9.3751E1	3.5123E0	2.7520E6	
1497	-7.5050E-1	9.3977E1	3.5191E0	2.7542E6	
1498	-7.5073E-1	9.3638E1	3.5259E0	2.7564E6	
1499	-7.5287E-1	9.0467E1	3.5328E0	2.7586E6	
1500	-7.5218E-1	9.1486E1	3.5397E0	2.7609E6	
1501	-7.5073E-1	9.3638E1	3.5467E0	2.7631E6	
1502	-7.5218E-1	9.1486E1	3.5534E0	2.7653E6	
1503	-7.5134E-1	9.2732E1	3.5603E0	2.7675E6	
1504	-7.5134E-1	9.2732E1	3.5673E0	2.7697E6	
1505	-7.5226E-1	9.1373E1	3.5741E0	2.7720E6	
1506	-7.5096E-1	9.3298E1	3.5811E0	2.7742E6	
1507	-7.5348E-1	8.9562E1	3.5879E0	2.7764E6	
1508	-7.5111E-1	9.3072E1	3.5948E0	2.7786E6	
1509	-7.5310E-1	9.0128E1	3.6017E0	2.7808E6	
1510	-7.5195E-1	9.1826E1	3.6086E0	2.7831E6	
1511	-7.5554E-1	8.6505E1	3.6156E0	2.7853E6	
1512	-7.5493E-1	8.7410E1	3.6224E0	2.7875E6	
1513	-7.5592E-1	8.5938E1	3.6294E0	2.7897E6	
1514	-7.5356E-1	8.9448E1	3.6363E0	2.7919E6	
1515	-7.5401E-1	8.8769E1	3.6432E0	2.7942E6	
1516	-7.5600E-1	8.5825E1	3.6502E0	2.7964E6	
1517	-7.5447E-1	8.8090E1	3.6572E0	2.7986E6	
1518	-7.5546E-1	8.6618E1	3.6641E0	2.8008E6	
1519	-7.5401E-1	8.8769E1	3.6710E0	2.8030E6	
1520	-7.5508E-1	8.7184E1	3.6779E0	2.8053E6	
1521	-7.5401E-1	8.8769E1	3.6849E0	2.8075E6	
1522	-7.5470E-1	8.7750E1	3.6918E0	2.8097E6	
1523	-7.5790E-1	8.2995E1	3.6988E0	2.8119E6	
1524	-7.5592E-1	8.5938E1	3.7058E0	2.8141E6	
1525	-7.5562E-1	8.6391E1	3.7127E0	2.8164E6	
1526	-7.5539E-1	8.6731E1	3.7197E0	2.8186E6	
1527	-7.5417E-1	8.8543E1	3.7267E0	2.8208E6	
1528	-7.5439E-1	8.8203E1	3.7337E0	2.8230E6	
1529	-7.5630E-1	8.5372E1	3.7406E0	2.8252E6	
1530	-7.5722E-1	8.4014E1	3.7476E0	2.8275E6	
1531	-7.5455E-1	8.7976E1	3.7546E0	2.8297E6	
1532	-7.5668E-1	8.4806E1	3.7616E0	2.8319E6	
1533	-7.5783E-1	8.3108E1	3.7686E0	2.8341E6	
1534	-7.5577E-1	8.6165E1	3.7756E0	2.8363E6	
1535	-7.5829E-1	8.2428E1	3.7826E0	2.8386E6	
1536	-7.5790E-1	8.2995E1	3.7896E0	2.8408E6	
1537	-7.5691E-1	8.4466E1	3.7965E0	2.8430E6	
1538	-7.5714E-1	8.4127E1	3.8037E0	2.8452E6	
1539	-7.6096E-1	7.8465E1	3.8107E0	2.8474E6	
1540	-7.5768E-1	8.3334E1	3.8177E0	2.8497E6	
1541	-7.5974E-1	8.0277E1	3.8247E0	2.8519E6	
1542	-7.5859E-1	8.1975E1	3.8317E0	2.8541E6	
1543	-7.5844E-1	8.2202E1	3.8387E0	2.8563E6	
1544	-7.6004E-1	7.9824E1	3.8458E0	2.8585E6	
1545	-7.6096E-1	7.8465E1	3.8527E0	2.8608E6	
1546	-7.6027E-1	7.9485E1	3.8599E0	2.8630E6	
1547	-7.6164E-1	7.7446E1	3.8669E0	2.8652E6	
1548	-7.6164E-1	7.7446E1	3.8740E0	2.8674E6	
1549	-7.6279E-1	7.5748E1	3.8810E0	2.8696E6	
1550	-7.6355E-1	7.4616E1	3.8881E0	2.8719E6	
1551	-7.6111E-1	7.8239E1	3.8951E0	2.8741E6	
1552	-7.6302E-1	7.5408E1	3.9022E0	2.8763E6	
1553	-7.6042E-1	7.9258E1	3.9093E0	2.8785E6	
1554	-7.6294E-1	7.5522E1	3.9163E0	2.8807E6	
1555	-7.6302E-1	7.5408E1	3.9234E0	2.8830E6	
1556	-7.6385E-1	7.4163E1	3.9305E0	2.8852E6	
1557	-7.6523E-1	7.2125E1	3.9376E0	2.8874E6	
1558	-7.6218E-1	7.6654E1	3.9447E0	2.8896E6	
1559	-7.6508E-1	7.2351E1	3.9518E0	2.8918E6	
1560	-7.6385E-1	7.4163E1	3.9588E0	2.8941E6	
1561	-7.6523E-1	7.2125E1	3.9658E0	2.8963E6	
1562	-7.6836E-1	6.7483E1	3.9729E0	2.8985E6	
1563	-7.6317E-1	7.5182E1	3.9801E0	2.9007E6	
1564	-7.6447E-1	7.3257E1	3.9873E0	2.9029E6	
1565	-7.6660E-1	7.0087E1	3.9943E0	2.9052E6	
1566	-7.6744E-1	6.8841E1	4.0014E0	2.9074E6	
1567	-7.6683E-1	6.9747E1	4.0085E0	2.9096E6	
1568	-7.6462E-1	7.3031E1	4.0158E0	2.9118E6	
1569	-7.6759E-1	6.8615E1	4.0228E0	2.9140E6	
1570	-7.6706E-1	6.9407E1	4.0299E0	2.9163E6	
1571	-7.6752E-1	6.8728E1	4.0370E0	2.9185E6	
1572	-7.6607E-1	7.0879E1	4.0441E0	2.9207E6	
1573	-7.6767E-1	6.8502E1	4.0513E0	2.9229E6	
1574	-7.6538E-1	7.1898E1	4.0584E0	2.9251E6	
1575	-7.6866E-1	6.7030E1	4.0656E0	2.9274E6	
1576	-7.6721E-1	6.9181E1	4.0728E0	2.9296E6	
1577	-7.6912E-1	6.6350E1	4.0798E0	2.9318E6	
1578	-7.7003E-1	6.4992E1	4.0871E0	2.9340E6	
1579	-7.6828E-1	6.7596E1	4.0942E0	2.9362E6	
1580	-7.6683E-1	6.9747E1	4.1014E0	2.9385E6	
1581	-7.6981E-1	6.5331E1	4.1085E0	2.9407E6	
1582	-7.6843E-1	6.7369E1	4.1157E0	2.9429E6	
1583	-7.6759E-1	6.8615E1	4.1228E0	2.9451E6	
1584	-7.6820E-1	6.7709E1	4.1301E0	2.9473E6	
1585	-7.6813E-1	6.7822E1	4.1372E0	2.9496E6	
1586	-7.6668E-1	6.9974E1	4.1444E0	2.9518E6	
1587	-7.6866E-1	6.7030E1	4.1515E0	2.9540E6	
1588	-7.7065E-1	6.4086E1	4.1587E0	2.9562E6	
1589	-7.6767E-1	6.8502E1	4.1659E0	2.9584E6	
1590	-7.7164E-1	6.2614E1	4.1732E0	2.9607E6	
1591	-7.7011E-1	6.4878E1	4.1803E0	2.9629E6	
1592	-7.7126E-1	6.3180E1	4.1875E0	2.9651E6	
1593	-7.6828E-1	6.7596E1	4.1947E0	2.9673E6	
1594	-7.7065E-1	6.4086E1	4.2019E0	2.9695E6	
1595	-7.7019E-1	6.4765E1	4.2092E0	2.9718E6	
1596	-7.6851E-1	6.7256E1	4.2164E0	2.9740E6	
1597	-7.7232E-1	6.1595E1	4.2236E0	2.9762E6	
1598	-7.7148E-1	6.2840E1	4.2308E0	2.9784E6	
1599	-7.7080E-1	6.3859E1	4.2380E0	2.9806E6	
1600	-7.7347E-1	5.9896E1	4.2452E0	2.9829E6	
1601	-7.7454E-1	5.8311E1	4.2525E0	2.9851E6	
1602	-7.7187E-1	6.2274E1	4.2597E0	2.9873E6	
1603	-7.7438E-1	5.8538E1	4.2669E0	2.9895E6	
1604	-7.7393E-1	5.9217E1	4.2741E0	2.9917E6	
1605	-7.7415E-1	5.8877E1	4.2813E0	2.9940E6	
1606	-7.7576E-1	5.6500E1	4.2887E0	2.9962E6	
1607	-7.7507E-1	5.7519E1	4.2959E0	2.9984E6	
1608	-7.7591E-1	5.6273E1	4.3032E0	3.0006E6	
1609	-7.7522E-1	5.7292E1	4.3104E0	3.0028E6	
1610	-7.7530E-1	5.7179E1	4.3177E0	3.0051E6	
1611	-7.7583E-1	5.6386E1	4.3249E0	3.0073E6	
1612	-7.7644E-1	5.5481E1	4.3321E0	3.0095E6	
1613	-7.7423E-1	5.8764E1	4.3395E0	3.0117E6	
1614	-7.7637E-1	5.5594E1	4.3466E0	3.0139E6	
1615	-7.7721E-1	5.4348E1	4.3540E0	3.0162E6	
1616	-7.7881E-1	5.1971E1	4.3613E0	3.0184E6	
1617	-7.7957E-1	5.0838E1	4.3685E0	3.0206E6	
1618	-7.7614E-1	5.5934E1	4.3757E0	3.0228E6	
1619	-7.7835E-1	5.2650E1	4.3830E0	3.0250E6	
1620	-7.7599E-1	5.6160E1	4.3904E0	3.0273E6	
1621	-7.7934E-1	5.1178E1	4.3975E0	3.0295E6	
1622	-7.7736E-1	5.4122E1	4.4049E0	3.0317E6	
1623	-7.7950E-1	5.0952E1	4.4122E0	3.0339E6	
1624	-7.8140E-1	4.8121E1	4.4195E0	3.0361E6	
1625	-7.7980E-1	5.0499E1	4.4268E0	3.0384E6	
1626	-7.7950E-1	5.0952E1	4.4341E0	3.0406E6	
1627	-7.8003E-1	5.0159E1	4.4414E0	3.0428E6	
1628	-7.8163E-1	4.7781E1	4.4486E0	3.0450E6	
1629	-7.7858E-1	5.2310E1	4.4560E0	3.0472E6	
1630	-7.8079E-1	4.9027E1	4.4633E0	3.0495E6	
1631	-7.8079E-1	4.9027E1	4.4707E0	3.0517E6	
1632	-7.8156E-1	4.7895E1	4.4779E0	3.0539E6	
1633	-7.8156E-1	4.7895E1	4.4852E0	3.0561E6	
1634	-7.8400E-1	4.4271E1	4.4926E0	3.0583E6	
1635	-7.8255E-1	4.6423E1	4.4999E0	3.0606E6	
1636	-7.8415E-1	4.4045E1	4.5072E0	3.0628E6	
1637	-7.8224E-1	4.6876E1	4.5146E0	3.0650E6	
1638	-7.8133E-1	4.8234E1	4.5219E0	3.0672E6	
1639	-7.8049E-1	4.9480E1	4.5291E0	3.0694E6	
1640	-7.8163E-1	4.7781E1	4.5366E0	3.0717E6	
1641	-7.8346E-1	4.5064E1	4.5439E0	3.0739E6	
1642	-7.8201E-1	4.7215E1	4.5513E0	3.0761E6	
1643	-7.8514E-1	4.2573E1	4.5586E0	3.0783E6	
1644	-7.8300E-1	4.5743E1	4.5659E0	3.0805E6	
1645	-7.7995E-1	5.0272E1	4.5733E0	3.0828E6	
1646	-7.8568E-1	4.1780E1	4.5806E0	3.0850E6	
1647	-7.8384E-1	4.4498E1	4.5879E0	3.0872E6	
1648	-7.8323E-1	4.5404E1	4.5954E0	3.0894E6	
1649	-7.8323E-1	4.5404E1	4.6027E0	3.0916E6	
1650	-7.8735E-1	3.9289E1	4.6100E0	3.0939E6	
1651	-7.8400E-1	4.4271E1	4.6174E0	3.0961E6	
1652	-7.8484E-1	4.3026E1	4.6247E0	3.0983E6	
1653	-7.8415E-1	4.4045E1	4.6321E0	3.1005E6	
1654	-7.8384E-1	4.4498E1	4.6394E0	3.1027E6	
1655	-7.8644E-1	4.0648E1	4.6468E0	3.1050E6	
1656	-7.8629E-1	4.0875E1	4.6542E0	3.1072E6	
1657	-7.8690E-1	3.9969E1	4.6616E0	3.1094E6	
1658	-7.8445E-1	4.3592E1	4.6690E0	3.1116E6	
1659	-7.8560E-1	4.1894E1	4.6762E0	3.1138E6	
1660	-7.8690E-1	3.9969E1	4.6836E0	3.1161E6	
1661	-7.8407E-1	4.4158E1	4.6910E0	3.1183E6	
1662	-7.8613E-1	4.1101E1	4.6984E0	3.1205E6	
1663	-7.8552E-1	4.2007E1	4.7058E0	3.1227E6	
1664	-7.8766E-1	3.8836E1	4.7132E0	3.1249E6	
1665	-7.8606E-1	4.1214E1	4.7205E0	3.1272E6	
1666	-7.8674E-1	4.0195E1	4.7279E0	3.1294E6	
1667	-7.8812E-1	3.8157E1	4.7354E0	3.1316E6	
1668	-7.8873E-1	3.7251E1	4.7427E0	3.1338E6	
1669	-7.9018E-1	3.5100E1	4.7501E0	3.1360E6	
1670	-7.8796E-1	3.8384E1	4.7574E0	3.1383E6	
1671	-7.8644E-1	4.0648E1	4.7649E0	3.1405E6	
1672	-7.8888E-1	3.7025E1	4.7723E0	3.1427E6	
1673	-7.9018E-1	3.5100E1	4.7797E0	3.1449E6	
1674	-7.9208E-1	3.2269E1	4.7870E0	3.1471E6	
1675	-7.9025E-1	3.4987E1	4.7944E0	3.1494E6	
1676	-7.9170E-1	3.2836E1	4.8019E0	3.1516E6	
1677	-7.9056E-1	3.4534E1	4.8092E0	3.1538E6	
1678	-7.8979E-1	3.5666E1	4.8166E0	3.1560E6	
1679	-7.9140E-1	3.3288E1	4.8240E0	3.1582E6	
1680	-7.8926E-1	3.6459E1	4.8315E0	3.1605E6	
1681	-7.9010E-1	3.5213E1	4.8390E0	3.1627E6	
1682	-7.9376E-1	2.9778E1	4.8463E0	3.1649E6	
1683	-7.9254E-1	3.1590E1	4.8536E0	3.1671E6	
1684	-7.9285E-1	3.1137E1	4.8611E0	3.1693E6	
1685	-7.9292E-1	3.1024E1	4.8685E0	3.1716E6	
1686	-7.9239E-1	3.1816E1	4.8760E0	3.1738E6	
1687	-7.9514E-1	2.7740E1	4.8834E0	3.1760E6	
1688	-7.9407E-1	2.9326E1	4.8907E0	3.1782E6	
1689	-7.9605E-1	2.6382E1	4.8982E0	3.1804E6	
1690	-7.9697E-1	2.5023E1	4.9056E0	3.1827E6	
1691	-7.9498E-1	2.7967E1	4.9130E0	3.1849E6	
1692	-7.9666E-1	2.5476E1	4.9203E0	3.1871E6	
1693	-7.9285E-1	3.1137E1	4.9279E0	3.1893E6	
1694	-7.9597E-1	2.6495E1	4.9354E0	3.1915E6	
1695	-7.9254E-1	3.1590E1	4.9428E0	3.1938E6	
1696	-7.9521E-1	2.7627E1	4.9502E0	3.1960E6	
1697	-7.9514E-1	2.7740E1	4.9576E0	3.1982E6	
1698	-7.9773E-1	2.3891E1	4.9651E0	3.2004E6	
1699	-7.9651E-1	2.5702E1	4.9724E0	3.2026E6	
1700	-7.9712E-1	2.4796E1	4.9799E0	3.2049E6	
1701	-7.9742E-1	2.4344E1	4.9873E0	3.2071E6	
1702	-7.9521E-1	2.7627E1	4.9947E0	3.2093E6	
1703	-7.9514E-1	2.7740E1	5.0022E0	3.2115E6	
1704	-7.9575E-1	2.6835E1	5.0096E0	3.2137E6	
1705	-7.9796E-1	2.3551E1	5.0170E0	3.2160E6	
1706	-7.9803E-1	2.3438E1	5.0245E0	3.2182E6	
1707	-7.9567E-1	2.6948E1	5.0320E0	3.2204E6	
1708	-7.9903E-1	2.1966E1	5.0394E0	3.2226E6	
1709	-7.9407E-1	2.9326E1	5.0467E0	3.2248E6	
1710	-7.9712E-1	2.4796E1	5.0543E0	3.2271E6	
1711	-7.9453E-1	2.8646E1	5.0617E0	3.2293E6	
1712	-7.9674E-1	2.5363E1	5.0692E0	3.2315E6	
1713	-7.9674E-1	2.5363E1	5.0766E0	3.2337E6	
1714	-8.0055E-1	1.9701E1	5.0841E0	3.2359E6	
1715	-7.9849E-1	2.2758E1	5.0915E0	3.2382E6	
1716	-7.9826E-1	2.3098E1	5.0990E0	3.2404E6	
1717	-7.9933E-1	2.1513E1	5.1064E0	3.2426E6	
1718	-8.0093E-1	1.9135E1	5.1139E0	3.2448E6	
1719	-8.0002E-1	2.0494E1	5.1212E0	3.2470E6	
1720	-8.0086E-1	1.9248E1	5.1287E0	3.2493E6	
1721	-7.9773E-1	2.3891E1	5.1362E0	3.2515E6	
1722	-8.0093E-1	1.9135E1	5.1436E0	3.2537E6	
1723	-8.0223E-1	1.7210E1	5.1510E0	3.2559E6	
1724	-8.0193E-1	1.7663E1	5.1586E0	3.2581E6	
1725	-7.9971E-1	2.0947E1	5.1660E0	3.2604E6	
1726	-8.0238E-1	1.6984E1	5.1735E0	3.2626E6	
1727	-8.0154E-1	1.8229E1	5.1809E0	3.2648E6	
1728	-8.0063E-1	1.9588E1	5.1883E0	3.2670E6	
1729	-8.0246E-1	1.6871E1	5.1957E0	3.2692E6	
1730	-8.0406E-1	1.4493E1	5.2033E0	3.2715E6	
1731	-8.0154E-1	1.8229E1	5.2107E0	3.2737E6	
1732	-8.0208E-1	1.7437E1	5.2182E0	3.2759E6	
1733	-8.0330E-1	1.5625E1	5.2256E0	3.2781E6	
1734	-8.0544E-1	1.2455E1	5.2331E0	3.2803E6	
1735	-8.0643E-1	1.0983E1	5.2405E0	3.2826E6	
1736	-8.0673E-1	1.0530E1	5.2480E0	3.2848E6	
1737	-8.0444E-1	1.3927E1	5.2553E0	3.2870E6	
1738	-8.0460E-1	1.3700E1	5.2628E0	3.2892E6	
1739	-8.0330E-1	1.5625E1	5.2703E0	3.2914E6	
1740	-8.0429E-1	1.4153E1	5.2778E0	3.2937E6	
1741	-8.0719E-1	9.8507E0	5.2852E0	3.2959E6	
1742	-8.0559E-1	1.2228E1	5.2926E0	3.2981E6	
1743	-8.0727E-1	9.7375E0	5.3001E0	3.3003E6	
1744	-8.0627E-1	1.1209E1	5.3075E0	3.3025E6	
1745	-8.0658E-1	1.0757E1	5.3150E0	3.3048E6	
1746	-8.0795E-1	8.7184E0	5.3224E0	3.3070E6	
1747	-8.1047E-1	4.9820E0	5.3299E0	3.3092E6	
1748	-8.0818E-1	8.3788E0	5.3373E0	3.3114E6	
1749	-8.0772E-1	9.0581E0	5.3448E0	3.3136E6	
1750	-8.0574E-1	1.2002E1	5.3522E0	3.3159E6	
1751	-8.1024E-1	5.3217E0	5.3597E0	3.3181E6	
1752	-8.0963E-1	6.2275E0	5.3671E0	3.3203E6	
1753	-8.0856E-1	7.8126E0	5.3745E0	3.3225E6	
1754	-8.0856E-1	7.8126E0	5.3821E0	3.3247E6	
1755	-8.0902E-1	7.1333E0	5.3894E0	3.3270E6	
1756	-8.0948E-1	6.4539E0	5.3969E0	3.3292E6	
1757	-8.0879E-1	7.4730E0	5.4043E0	3.3314E6	
1758	-8.0933E-1	6.6804E0	5.4118E0	3.3336E6	
1759	-8.1047E-1	4.9820E0	5.4192E0	3.3358E6	
1760	-8.0879E-1	7.4730E0	5.4267E0	3.3381E6	
1761	-8.1085E-1	4.4159E0	5.4342E0	3.3403E6	
1762	-8.0894E-1	7.2465E0	5.4417E0	3.3425E6	
1763	-8.1207E-1	2.6042E0	5.4491E0	3.3447E6	
1764	-8.1161E-1	3.2836E0	5.4566E0	3.3469E6	
1765	-8.0833E-1	8.1523E0	5.4639E0	3.3492E6	
1766	-8.1116E-1	3.9630E0	5.4715E0	3.3514E6	
1767	-8.0978E-1	6.0010E0	5.4790E0	3.3536E6	
1768	-8.1078E-1	4.5291E0	5.4865E0	3.3558E6	
1769	-8.0986E-1	5.8878E0	5.4940E0	3.3580E6	
1770	-8.0994E-1	5.7746E0	5.5014E0	3.3603E6	
1771	-8.1192E-1	2.8307E0	5.5089E0	3.3625E6	
1772	-8.1154E-1	3.3968E0	5.5163E0	3.3647E6	
1773	-8.1451E-1	-1.0190E0	5.5237E0	3.3669E6	
1774	-8.1085E-1	4.4159E0	5.5314E0	3.3691E6	
1775	-8.1047E-1	4.9820E0	5.5389E0	3.3714E6	
1776	-8.1192E-1	2.8307E0	5.5464E0	3.3736E6	
1777	-8.1299E-1	1.2455E0	5.5539E0	3.3758E6	
1778	-8.1528E-1	-2.1512E0	5.5614E0	3.3780E6	
1779	-8.1238E-1	2.1513E0	5.5689E0	3.3802E6	
1780	-8.1322E-1	9.0586E-1	5.5763E0	3.3825E6	
1781	-8.1085E-1	4.4159E0	5.5839E0	3.3847E6	
1782	-8.1238E-1	2.1513E0	5.5914E0	3.3869E6	
1783	-8.1253E-1	1.9249E0	5.5990E0	3.3891E6	
1784	-8.1406E-1	-3.3962E-1	5.6064E0	3.3913E6	
1785	-8.1528E-1	-2.1512E0	5.6141E0	3.3936E6	
1786	-8.1436E-1	-7.9252E-1	5.6216E0	3.3958E6	
1787	-8.1551E-1	-2.4909E0	5.6291E0	3.3980E6	
1788	-8.1589E-1	-3.0570E0	5.6368E0	3.4002E6	
1789	-8.1818E-1	-6.4538E0	5.6442E0	3.4024E6	
1790	-8.1688E-1	-4.5290E0	5.6518E0	3.4047E6	
1791	-8.1497E-1	-1.6983E0	5.6594E0	3.4069E6	
1792	-8.1718E-1	-4.9819E0	5.6670E0	3.4091E6	
1793	-8.1810E-1	-6.3406E0	5.6746E0	3.4113E6	
1794	-8.1917E-1	-7.9257E0	5.6783E0	3.4124E6	
1795	-8.1917E-1	-7.9257E0	5.6783E0	3.4124E6	
1796	-8.1917E-1	-7.9257E0	5.6783E0	3.4124E6	
1797	-8.1917E-1	-7.9257E0	5.6783E0	3.4124E6	
1798	-8.1917E-1	-7.9257E0	5.6783E0	3.4124E6	
1799	-8.1917E-1	-7.9257E0	5.6783E0	3.4124E6	
1800	-8.1917E-1	-7.9257E0	5.6783E0	3.4124E6	
1801	-8.1917E-1	-7.9257E0	5.6783E0	3.4124E6	
1802	-8.1917E-1	-7.9257E0	5.6783E0	3.4124E6	
1803	-8.1917E-1	-7.9257E0	5.6783E0	3.4124E6	
1804	-8.1917E-1	-7.9257E0	5.6783E0	3.4124E6	
1805	-8.1917E-1	-7.9257E0	5.6783E0	3.4124E6	
1806	-8.1917E-1	-7.9257E0	5.6783E0	3.4124E6	
1807	-8.1917E-1	-7.9257E0	5.6783E0	3.4124E6	
1808	-8.1917E-1	-7.9257E0	5.6783E0	3.4124E6	
1809	-8.1917E-1	-7.9257E0	5.6783E0	3.4124E6	
1810	-8.1917E-1	-7.9257E0	5.6783E0	3.4124E6	
1811	-8.1917E-1	-7.9257E0	5.6783E0	3.4124E6	
1812	-8.1917E-1	-7.9257E0	5.6783E0	3.4124E6	
1813	-8.1917E-1	-7.9257E0	5.6783E0	3.4124E6	
1814	-8.1917E-1	-7.9257E0	5.6783E0	3.4124E6	
1815	-8.1917E-1	-7.9257E0	5.6783E0	3.4124E6	
1816	-8.1917E-1	-7.9257E0	5.6783E0	3.4124E6	
1817	-8.1917E-1	-7.9257E0	5.6783E0	3.4124E6	
1818	-8.1917E-1	-7.9257E0	5.6783E0	3.4124E6	
1819	-8.1917E-1	-7.9257E0	5.6783E0	3.4124E6	
1820	-8.1917E-1	-7.9257E0	5.6783E0	3.4124E6	
1821	-8.1917E-1	-7.9257E0	5.6783E0	3.4124E6	
1822	-8.1917E-1	-7.9257E0	5.6783E0	3.4124E6	
1823	-8.1917E-1	-7.9257E0	5.6783E0	3.4124E6	
1824	-8.1917E-1	-7.9257E0	5.6783E0	3.4124E6	
1825	-8.1917E-1	-7.9257E0	5.6783E0	3.4124E6	
1826	-8.1917E-1	-7.9257E0	5.6783E0	3.4124E6	
1827	-8.1917E-1	-7.9257E0	5.6783E0	3.4124E6	
1828	-8.1917E-1	-7.9257E0	5.6783E0	3.4124E6	
1829	-8.1917E-1	-7.9257E0	5.6783E0	3.4124E6	
1830	-8.1917E-1	-7.9257E0	5.6783E0	3.4124E6	
1831	-8.1917E-1	-7.9257E0	5.6783E0	3.4124E6	
1832	-8.1917E-1	-7.9257E0	5.6783E0	3.4124E6	
1833	-8.1917E-1	-7.9257E0	5.6783E0	3.4124E6	
1834	-8.1917E-1	-7.9257E0	5.6783E0	3.4124E6	
1835	-8.1917E-1	-7.9257E0	5.6783E0	3.4124E6	
1836	-8.1917E-1	-7.9257E0	5.6783E0	3.4124E6	
1837	-8.1917E-1	-7.9257E0	5.6783E0	3.4124E6	
1838	-8.1917E-1	-7.9257E0	5.6783E0	3.4124E6	
1839	-8.1917E-1	-7.9257E0	5.6783E0	3.4124E6	
1840	-8.1917E-1	-7.9257E0	5.6783E0	3.4124E6	
1841	-8.1917E-1	-7.9257E0	5.6783E0	3.4124E6	
1842	-8.1917E-1	-7.9257E0	5.6783E0	3.4124E6	
1843	-8.1917E-1	-7.9257E0	5.6783E0	3.4124E6	
1844	-8.1917E-1	-7.9257E0	5.6783E0	3.4124E6	
1845	-8.1917E-1	-7.9257E0	5.6783E0	3.4124E6	
1846	-8.1917E-1	-7.9257E0	5.6783E0	3.4124E6	
1847	-8.1917E-1	-7.9257E0	5.6783E0	3.4124E6	
1848	-8.1917E-1	-7.9257E0	5.6783E0	3.4124E6	
1849	-8.1917E-1	-7.9257E0	5.6783E0	3.4124E6	
1850	-8.1917E-1	-7.9257E0	5.6783E0	3.4124E6	
1851	-8.1917E-1	-7.9257E0	5.6783E0	3.4124E6	
1852	-8.1917E-1	-7.9257E0	5.6783E0	3.4124E6	
1853	-8.1917E-1	-7.9257E0	5.6783E0	3.4124E6	
1854	-8.1917E-1	-7.9257E0	5.6783E0	3.4124E6	
1855	-8.1917E-1	-7.9257E0	5.6783E0	3.4124E6	
1856	-8.1917E-1	-7.9257E0	5.6783E0	3.4124E6	
1857	-8.1917E-1	-7.9257E0	5.6783E0	3.4124E6	
1858	-8.1917E-1	-7.9257E0	5.6783E0	3.4124E6	
1859	-8.1917E-1	-7.9257E0	5.6783E0	3.4124E6	
1860	-8.1917E-1	-7.9257E0	5.6783E0	3.4124E6	
1861	-8.1917E-1	-7.9257E0	5.6783E0	3.4124E6	
1862	-8.1917E-1	-7.9257E0	5.6783E0	3.4124E6	
1863	-8.1917E-1	-7.9257E0	5.6783E0	3.4124E6	
1864	-8.1917E-1	-7.9257E0	5.6783E0	3.4124E6	
1865	-8.1917E-1	-7.9257E0	5.6783E0	3.4124E6	
1866	-8.1917E-1	-7.9257E0	5.6783E0	3.4124E6	
1867	-8.1917E-1	-7.9257E0	5.6783E0	3.4124E6	
1868	-8.1917E-1	-7.9257E0	5.6783E0	3.4124E6	
1869	-8.1917E-1	-7.9257E0	5.6783E0	3.4124E6	
1870	-8.1917E-1	-7.9257E0	5.6783E0	3.4124E6	
1871	-8.1917E-1	-7.9257E0	5.6783E0	3.4124E6	
1872	-8.1917E-1	-7.9257E0	5.6783E0	3.4124E6	
1873	-8.1917E-1	-7.9257E0	5.6783E0	3.4124E6	
1874	-8.1917E-1	-7.9257E0	5.6783E0	3.4124E6	
1875	-8.1917E-1	-7.9257E0	5.6783E0	3.4124E6	
1876	-8.1917E-1	-7.9257E0	5.6783E0	3.4124E6	
1877	-8.1917E-1	-7.9257E0	5.6783E0	3.4124E6	
1878	-8.1917E-1	-7.9257E0	5.6783E0	3.4124E6	
1879	-8.1917E-1	-7.9257E0	5.6783E0	3.4124E6	
1880	-8.1917E-1	-7.9257E0	5.6783E0	3.4124E6	
1881	-8.1917E-1	-7.9257E0	5.6783E0	3.4124E6	
1882	-8.1917E-1	-7.9257E0	5.6783E0	3.4124E6	
1883	-8.1917E-1	-7.9257E0	5.6783E0	3.4124E6	
1884	-8.1917E-1	-7.9257E0	5.6783E0	3.4124E6	
1885	-8.1917E-1	-7.9257E0	5.6783E0	3.4124E6	
1886	-8.1917E-1	-7.9257E0	5.6783E0	3.4124E6	
1887	-8.1917E-1	-7.9257E0	5.6783E0	3.4124E6	
1888	-8.1917E-1	-7.9257E0	5.6783E0	3.4124E6	
1889	-8.1917E-1	-7.9257E0	5.6783E0	3.4124E6	
1890	-8.1917E-1	-7.9257E0	5.6783E0	3.4124E6	
1891	-8.1917E-1	-7.9257E0	5.6783E0	3.4124E6	
1892	-8.1917E-1	-7.9257E0	5.6783E0	3.4124E6	
1893	-8.1917E-1	-7.9257E0	5.6783E0	3.4124E6	
1894	-8.1917E-1	-7.9257E0	5.6783E0	3.4124E6	
1895	-8.1917E-1	-7.9257E0	5.6783E0	3.4124E6	
1896	-8.1917E-1	-7.9257E0	5.6783E0	3.4124E6	
1897	-8.1917E-1	-7.9257E0	5.6783E0	3.4124E6	
1898	-8.1917E-1	-7.9257E0	5.6783E0	3.4124E6	
1899	-8.1917E-1	-7.9257E0	5.6783E0	3.4124E6	
1900	-8.1917E-1	-7.9257E0	5.6783E0	3.4124E6	
1901	-8.1917E-1	-7.9257E0	5.6783E0	3.4124E6	
1902	-8.1917E-1	-7.9257E0	5.6783E0	3.4124E6	
1903	-8.1917E-1	-7.9257E0	5.6783E0	3.4124E6	
1904	-8.1917E-1	-7.9257E0	5.6783E0	3.4124E6	
1905	-8.1917E-1	-7.9257E0	5.6783E0	3.4124E6	
1906	-8.1917E-1	-7.9257E0	5.6783E0	3.4124E6	
1907	-8.1917E-1	-7.9257E0	5.6783E0	3.4124E6	
1908	-8.1917E-1	-7.9257E0	5.6783E0	3.4124E6	
1909	-8.1917E-1	-7.9257E0	5.6783E0	3.4124E6	
1910	-8.1917E-1	-7.9257E0	5.6783E0	3.4124E6	
1911	-8.1917E-1	-7.9257E0	5.6783E0	3.4124E6	
1912	-8.1917E-1	-7.9257E0	5.6783E0	3.4124E6	
1913	-8.1917E-1	-7.9257E0	5.6783E0	3.4124E6	
1914	-8.1917E-1	-7.9257E0	5.6783E0	3.4124E6	
1915	-8.1917E-1	-7.9257E0	5.6783E0	3.4124E6	
1916	-8.1917E-1	-7.9257E0	5.6783E0	3.4124E6	
1917	-8.1917E-1	-7.9257E0	5.6783E0	3.4124E6	
1918	-8.1917E-1	-7.9257E0	5.6783E0	3.4124E6	
1919	-8.1917E-1	-7.9257E0	5.6783E0	3.4124E6	
1920	-8.1917E-1	-7.9257E0	5.6783E0	3.4124E6	
1921	-8.1917E-1	-7.9257E0	5.6783E0	3.4124E6	
1922	-8.1917E-1	-7.9257E0	5.6783E0	3.4124E6	
1923	-8.1917E-1	-7.9257E0	5.6783E0	3.4124E6	
1924	-8.1917E-1	-7.9257E0	5.6783E0	3.4124E6	
1925	-8.1917E-1	-7.9257E0	5.6783E0	3.4124E6	
1926	-8.1917E-1	-7.9257E0	5.6783E0	3.4124E6	
1927	-8.1917E-1	-7.9257E0	5.6783E0	3.4124E6	
1928	-8.1917E-1	-7.9257E0	5.6783E0	3.4124E6	
1929	-8.1917E-1	-7.9257E0	5.6783E0	3.4124E6	
1930	-8.1917E-1	-7.9257E0	5.6783E0	3.4124E6	
1931	-8.1917E-1	-7.9257E0	5.6783E0	3.4124E6	
1932	-8.1917E-1	-7.9257E0	5.6783E0	3.4124E6	
1933	-8.1917E-1	-7.9257E0	5.6783E0	3.4124E6	
1934	-8.1917E-1	-7.9257E0	5.6783E0	3.4124E6	
1935	-8.1917E-1	-7.9257E0	5.6783E0	3.4124E6	
1936	-8.1917E-1	-7.9257E0	5.6783E0	3.4124E6	
1937	-8.1917E-1	-7.9257E0	5.6783E0	3.4124E6	
1938	-8.1917E-1	-7.9257E0	5.6783E0	3.4124E6	
1939	-8.1917E-1	-7.9257E0	5.6783E0	3.4124E6	
1940	-8.1917E-1	-7.9257E0	5.6783E0	3.4124E6	
1941	-8.1917E-1	-7.9257E0	5.6783E0	3.4124E6	
1942	-8.1917E-1	-7.9257E0	5.6783E0	3.4124E6	
1943	-8.1917E-1	-7.9257E0	5.6783E0	3.4124E6	
1944	-8.1917E-1	-7.9257E0	5.6783E0	3.4124E6	
1945	-8.1917E-1	-7.9257E0	5.6783E0	3.4124E6	
1946	-8.1917E-1	-7.9257E0	5.6783E0	3.4124E6	
1947	-8.1917E-1	-7.9257E0	5.6783E0	3.4124E6	
1948	-8.1917E-1	-7.9257E0	5.6783E0	3.4124E6	
1949	-8.1917E-1	-7.9257E0	5.6783E0	3.4124E6	
1950	-8.1917E-1	-7.9257E0	5.6783E0	3.4124E6	
1951	-8.1917E-1	-7.9257E0	5.6783E0	3.4124E6	
1952	-8.1917E-1	-7.9257E0	5.6783E0	3.4124E6	
1953	-8.1917E-1	-7.9257E0	5.6783E0	3.4124E6	
1954	-8.1917E-1	-7.9257E0	5.6783E0	3.4124E6	
1955	-8.1917E-1	-7.9257E0	5.6783E0	3.4124E6	
1956	-8.1917E-1	-7.9257E0	5.6783E0	3.4124E6	
1957	-8.1917E-1	-7.9257E0	5.6783E0	3.4124E6	
1958	-8.1917E-1	-7.9257E0	5.6783E0	3.4124E6	
1959	-8.1917E-1	-7.9257E0	5.6783E0	3.4124E6	
1960	-8.1917E-1	-7.9257E0	5.6783E0	3.4124E6	
1961	-8.1917E-1	-7.9257E0	5.6783E0	3.4124E6	
1962	-8.1917E-1	-7.9257E0	5.6783E0	3.4124E6	
1963	-8.1917E-1	-7.9257E0	5.6783E0	3.4124E6	
1964	-8.1917E-1	-7.9257E0	5.6783E0	3.4124E6	
1965	-8.1917E-1	-7.9257E0	5.6783E0	3.4124E6	
1966	-8.1917E-1	-7.9257E0	5.6783E0	3.4124E6	
1967	-8.1917E-1	-7.9257E0	5.6783E0	3.4124E6	
1968	-8.1917E-1	-7.9257E0	5.6783E0	3.4124E6	
1969	-8.1917E-1	-7.9257E0	5.6783E0	3.4124E6	
1970	-8.1917E-1	-7.9257E0	5.6783E0	3.4124E6	
1971	-8.1917E-1	-7.9257E0	5.6783E0	3.4124E6	
1972	-8.1917E-1	-7.9257E0	5.6783E0	3.4124E6	
1973	-8.1917E-1	-7.9257E0	5.6783E0	3.4124E6	
1974	-8.1917E-1	-7.9257E0	5.6783E0	3.4124E6	
1975	-8.1917E-1	-7.9257E0	5.6783E0	3.4124E6	
1976	-8.1917E-1	-7.9257E0	5.6783E0	3.4124E6	
1977	-8.1917E-1	-7.9257E0	5.6783E0	3.4124E6	
1978	-8.1917E-1	-7.9257E0	5.6783E0	3.4124E6	
1979	-8.1917E-1	-7.9257E0	5.6783E0	3.4124E6	
1980	-8.1917E-1	-7.9257E0	5.6783E0	3.4124E6	
1981	-8.1917E-1	-7.9257E0	5.6783E0	3.4124E6	
1982	-8.1917E-1	-7.9257E0	5.6783E0	3.4124E6	
1983	-8.1917E-1	-7.9257E0	5.6783E0	3.4124E6	
1984	-8.1917E-1	-7.9257E0	5.6783E0	3.4124E6	
1985	-8.1917E-1	-7.9257E0	5.6783E0	3.4124E6	
1986	-8.1917E-1	-7.9257E0	5.6783E0	3.4124E6	
1987	-8.1917E-1	-7.9257E0	5.6783E0	3.4124E6	
1988	-8.1917E-1	-7.9257E0	5.6783E0	3.4124E6	
1989	-8.1917E-1	-7.9257E0	5.6783E0	3.4124E6	
1990	-8.1917E-1	-7.9257E0	5.6783E0	3.4124E6	
1991	-8.1917E-1	-7.9257E0	5.6783E0	3.4124E6	
1992	-8.1917E-1	-7.9257E0	5.6783E0	3.4124E6	
1993	-8.1917E-1	-7.9257E0	5.6783E0	3.4124E6	
1994	-8.1917E-1	-7.9257E0	5.6783E0	3.4124E6	
1995	-8.1917E-1	-7.9257E0	5.6783E0	3.4124E6	
1996	-8.1917E-1	-7.9257E0	5.6783E0	3.4124E6	
1997	-8.1917E-1	-7.9257E0	5.6783E0	3.4124E6	
1998	-8.1917E-1	-7.9257E0	5.6783E0	3.4124E6	
1999	-8.1917E-1	-7.9257E0	5.6783E0	3.4124E6	
2000	-8.1917E-1	-7.9257E0	5.6783E0	3.4124E6	
2001	-8.1917E-1	-7.9257E0	5.6783E0	3.4124E6	
2002	-8.1917E-1	-7.9257E0	5.6783E0	3.4124E6	
2003	-8.1917E-1	-7.9257E0	5.6783E0	3.4124E6	
2004	-8.1917E-1	-7.9257E0	5.6783E0	3.4124E6	
2005	-8.1917E-1	-7.9257E0	5.6783E0	3.4124E6	
2006	-8.1917E-1	-7.9257E0	5.6783E0	3.4124E6	
2007	-8.1917E-1	-7.9257E0	5.6783E0	3.4124E6	
2008	-8.1917E-1	-7.9257E0	5.6783E0	3.4124E6	
2009	-8.1917E-1	-7.9257E0	5.6783E0	3.4124E6	
2010	-8.1917E-1	-7.9257E0	5.6783E0	3.4124E6	
2011	-8.1917E-1	-7.9257E0	5.6783E0	3.4124E6	
2012	-8.1917E-1	-7.9257E0	5.6783E0	3.4124E6	
2013	-8.1917E-1	-7.9257E0	5.6783E0	3.4124E6	
2014	-8.1917E-1	-7.9257E0	5.6783E0	3.4124E6	
2015	-8.1917E-1	-7.9257E0	5.6783E0	3.4124E6	
2016	-8.1917E-1	-7.9257E0	5.6783E0	3.4124E6	
2017	-8.1917E-1	-7.9257E0	5.6783E0	3.4124E6	
2018	-8.1917E-1	-7.9257E0	5.6783E0	3.4124E6	
2019	-8.1917E-1	-7.9257E0	5.6783E0	3.4124E6	
2020	-8.1917E-1	-7.9257E0	5.6783E0	3.4124E6	
2021	-8.1917E-1	-7.9257E0	5.6783E0	3.4124E6	
2022	-8.1917E-1	-7.9257E0	5.6783E0	3.4124E6	
2023	-8.1917E-1	-7.9257E0	5.6783E0	3.4124E6	
2024	-8.1917E-1	-7.9257E0	5.6783E0	3.4124E6	
2025	-8.1917E-1	-7.9257E0	5.6783E0	3.4124E6	
2026	-8.1917E-1	-7.9257E0	5.6783E0	3.4124E6	
2027	-8.1917E-1	-7.9257E0	5.6783E0	3.4124E6	
2028	-8.1917E-1	-7.9257E0	5.6783E0	3.4124E6	
2029	-8.1917E-1	-7.9257E0	5.6783E0	3.4124E6	
2030	-8.1917E-1	-7.9257E0	5.6783E0	3.4124E6	
2031	-8.1917E-1	-7.9257E0	5.6783E0	3.4124E6	
2032	-8.1917E-1	-7.9257E0	5.6783E0	3.4124E6	
2033	-8.1917E-1	-7.9257E0	5.6783E0	3.4124E6	
2034	-8.1917E-1	-7.9257E0	5.6783E0	3.4124E6	
2035	-8.1917E-1	-7.9257E0	5.6783E0	3.4124E6	
2036	-8.1917E-1	-7.9257E0	5.6783E0	3.4124E6	
2037	-8.1917E-1	-7.9257E0	5.6783E0	3.4124E6	
2038	-8.1917E-1	-7.9257E0	5.6783E0	3.4124E6	
2039	-8.1917E-1	-7.9257E0	5.6783E0	3.4124E6	
2040	-8.1917E-1	-7.9257E0	5.6783E0	3.4124E6	
2041	-8.1917E-1	-7.9257E0	5.6783E0	3.4124E6	
2042	-8.1917E-1	-7.9257E0	5.6783E0	3.4124E6	
2043	-8.1917E-1	-7.9257E0	5.6783E0	3.4124E6	
2044	-8.1917E-1	-7.9257E0	5.6783E0	3.4124E6	
2045	-8.1917E-1	-7.9257E0	5.6783E0	3.4124E6	
2046	-8.1917E-1	-7.9257E0	5.6783E0	3.4124E6	
2047	-8.1917E-1	-7.9257E0	5.6783E0	3.4124E6	
2048	-8.1917E-1	-7.9257E0	5.6783E0	3.4124E6	
