point 126
Index	Vertical (A-B)	Force	Z Height	Time Stamp	
     	V	nN	?m	?sec	
1	-8.2985E-1	-6.5099E-1	6.1471E0	1.2000E2	
2	-8.3076E-1	-2.0097E0	6.1462E0	2.3400E3	
3	-8.3130E-1	-2.8023E0	6.1437E0	4.5600E3	
4	-8.3084E-1	-2.1229E0	6.1409E0	6.7800E3	
5	-8.2970E-1	-4.2454E-1	6.1377E0	9.0000E3	
6	-8.2848E-1	1.3871E0	6.1343E0	1.1220E4	
7	-8.2932E-1	1.4159E-1	6.1308E0	1.3440E4	
8	-8.2863E-1	1.1606E0	6.1270E0	1.5660E4	
9	-8.3015E-1	-1.1039E0	6.1232E0	1.7880E4	
10	-8.2863E-1	1.1606E0	6.1192E0	2.0100E4	
11	-8.2848E-1	1.3871E0	6.1151E0	2.2320E4	
12	-8.2954E-1	-1.9809E-1	6.1109E0	2.4540E4	
13	-8.2779E-1	2.4061E0	6.1068E0	2.6760E4	
14	-8.2764E-1	2.6326E0	6.1025E0	2.8980E4	
15	-8.2901E-1	5.9449E-1	6.0982E0	3.1200E4	
16	-8.2924E-1	2.5481E-1	6.0937E0	3.3420E4	
17	-8.2817E-1	1.8400E0	6.0893E0	3.5640E4	
18	-8.2779E-1	2.4061E0	6.0849E0	3.7860E4	
19	-8.2481E-1	6.8219E0	6.0804E0	4.0080E4	
20	-8.2703E-1	3.5384E0	6.0759E0	4.2300E4	
21	-8.2733E-1	3.0855E0	6.0714E0	4.4520E4	
22	-8.2481E-1	6.8219E0	6.0667E0	4.6740E4	
23	-8.2779E-1	2.4061E0	6.0620E0	4.8960E4	
24	-8.2855E-1	1.2738E0	6.0574E0	5.1180E4	
25	-8.2695E-1	3.6516E0	6.0528E0	5.3400E4	
26	-8.2649E-1	4.3309E0	6.0481E0	5.5620E4	
27	-8.2550E-1	5.8029E0	6.0434E0	5.7840E4	
28	-8.2657E-1	4.2177E0	6.0387E0	6.0060E4	
29	-8.2550E-1	5.8029E0	6.0339E0	6.2280E4	
30	-8.2603E-1	5.0103E0	6.0292E0	6.4500E4	
31	-8.2558E-1	5.6896E0	6.0244E0	6.6720E4	
32	-8.2527E-1	6.1426E0	6.0195E0	6.8940E4	
33	-8.2741E-1	2.9722E0	6.0148E0	7.1160E4	
34	-8.2550E-1	5.8029E0	6.0100E0	7.3380E4	
35	-8.3099E-1	-2.3494E0	6.0051E0	7.5600E4	
36	-8.2405E-1	7.9542E0	6.0003E0	7.7820E4	
37	-8.2581E-1	5.3500E0	5.9955E0	8.0040E4	
38	-8.2550E-1	5.8029E0	5.9906E0	8.2260E4	
39	-8.2520E-1	6.2558E0	5.9857E0	8.4480E4	
40	-8.2130E-1	1.2030E1	5.9808E0	8.6700E4	
41	-8.2443E-1	7.3880E0	5.9759E0	8.8920E4	
42	-8.2596E-1	5.1235E0	5.9710E0	9.1140E4	
43	-8.2497E-1	6.5955E0	5.9661E0	9.3360E4	
44	-8.2512E-1	6.3690E0	5.9612E0	9.5580E4	
45	-8.2344E-1	8.8600E0	5.9562E0	9.7800E4	
46	-8.2260E-1	1.0105E1	5.9512E0	1.0002E5	
47	-8.2489E-1	6.7087E0	5.9463E0	1.0224E5	
48	-8.2367E-1	8.5203E0	5.9412E0	1.0446E5	
49	-8.2367E-1	8.5203E0	5.9363E0	1.0668E5	
50	-8.2191E-1	1.1124E1	5.9314E0	1.0890E5	
51	-8.2520E-1	6.2558E0	5.9265E0	1.1112E5	
52	-8.2458E-1	7.1616E0	5.9214E0	1.1334E5	
53	-8.2222E-1	1.0672E1	5.9163E0	1.1556E5	
54	-8.2359E-1	8.6335E0	5.9113E0	1.1778E5	
55	-8.2085E-1	1.2710E1	5.9063E0	1.2000E5	
56	-8.2146E-1	1.1804E1	5.9013E0	1.2222E5	
57	-8.2199E-1	1.1011E1	5.8961E0	1.2444E5	
58	-8.2306E-1	9.4261E0	5.8911E0	1.2666E5	
59	-8.2230E-1	1.0558E1	5.8861E0	1.2888E5	
60	-8.2138E-1	1.1917E1	5.8811E0	1.3110E5	
61	-8.2214E-1	1.0785E1	5.8760E0	1.3332E5	
62	-8.2115E-1	1.2257E1	5.8708E0	1.3554E5	
63	-8.1947E-1	1.4748E1	5.8659E0	1.3776E5	
64	-8.1940E-1	1.4861E1	5.8606E0	1.3998E5	
65	-8.2062E-1	1.3049E1	5.8555E0	1.4220E5	
66	-8.2291E-1	9.6525E0	5.8505E0	1.4442E5	
67	-8.1932E-1	1.4974E1	5.8452E0	1.4664E5	
68	-8.2214E-1	1.0785E1	5.8401E0	1.4886E5	
69	-8.1818E-1	1.6673E1	5.8351E0	1.5108E5	
70	-8.1833E-1	1.6446E1	5.8299E0	1.5330E5	
71	-8.2092E-1	1.2596E1	5.8248E0	1.5552E5	
72	-8.1825E-1	1.6559E1	5.8196E0	1.5774E5	
73	-8.1970E-1	1.4408E1	5.8144E0	1.5996E5	
74	-8.1787E-1	1.7125E1	5.8093E0	1.6218E5	
75	-8.2100E-1	1.2483E1	5.8041E0	1.6440E5	
76	-8.1917E-1	1.5201E1	5.7990E0	1.6662E5	
77	-8.1886E-1	1.5654E1	5.7937E0	1.6884E5	
78	-8.1673E-1	1.8824E1	5.7885E0	1.7106E5	
79	-8.1833E-1	1.6446E1	5.7833E0	1.7328E5	
80	-8.1596E-1	1.9956E1	5.7781E0	1.7550E5	
81	-8.2039E-1	1.3389E1	5.7729E0	1.7772E5	
82	-8.1482E-1	2.1654E1	5.7676E0	1.7994E5	
83	-8.1795E-1	1.7012E1	5.7625E0	1.8216E5	
84	-8.1909E-1	1.5314E1	5.7572E0	1.8438E5	
85	-8.1482E-1	2.1654E1	5.7520E0	1.8660E5	
86	-8.1490E-1	2.1541E1	5.7467E0	1.8882E5	
87	-8.1474E-1	2.1768E1	5.7414E0	1.9104E5	
88	-8.1779E-1	1.7239E1	5.7362E0	1.9326E5	
89	-8.1535E-1	2.0862E1	5.7308E0	1.9548E5	
90	-8.1696E-1	1.8484E1	5.7257E0	1.9770E5	
91	-8.1436E-1	2.2334E1	5.7204E0	1.9992E5	
92	-8.1451E-1	2.2107E1	5.7150E0	2.0214E5	
93	-8.1375E-1	2.3240E1	5.7098E0	2.0436E5	
94	-8.1482E-1	2.1654E1	5.7045E0	2.0658E5	
95	-8.1535E-1	2.0862E1	5.6992E0	2.0880E5	
96	-8.1581E-1	2.0183E1	5.6938E0	2.1102E5	
97	-8.1245E-1	2.5164E1	5.6884E0	2.1324E5	
98	-8.1482E-1	2.1654E1	5.6832E0	2.1546E5	
99	-8.1299E-1	2.4372E1	5.6779E0	2.1768E5	
100	-8.1436E-1	2.2334E1	5.6725E0	2.1990E5	
101	-8.1299E-1	2.4372E1	5.6672E0	2.2212E5	
102	-8.1314E-1	2.4145E1	5.6619E0	2.2434E5	
103	-8.1436E-1	2.2334E1	5.6565E0	2.2656E5	
104	-8.1543E-1	2.0749E1	5.6512E0	2.2878E5	
105	-8.1055E-1	2.7995E1	5.6458E0	2.3100E5	
106	-8.1276E-1	2.4712E1	5.6403E0	2.3322E5	
107	-8.1200E-1	2.5844E1	5.6351E0	2.3544E5	
108	-8.1284E-1	2.4598E1	5.6297E0	2.3766E5	
109	-8.1314E-1	2.4145E1	5.6243E0	2.3988E5	
110	-8.1413E-1	2.2674E1	5.6188E0	2.4210E5	
111	-8.1245E-1	2.5164E1	5.6135E0	2.4432E5	
112	-8.1108E-1	2.7203E1	5.6080E0	2.4654E5	
113	-8.1436E-1	2.2334E1	5.6027E0	2.4876E5	
114	-8.1322E-1	2.4032E1	5.5973E0	2.5098E5	
115	-8.1161E-1	2.6410E1	5.5919E0	2.5320E5	
116	-8.1200E-1	2.5844E1	5.5863E0	2.5542E5	
117	-8.1200E-1	2.5844E1	5.5809E0	2.5764E5	
118	-8.1192E-1	2.5957E1	5.5755E0	2.5986E5	
119	-8.1169E-1	2.6297E1	5.5702E0	2.6208E5	
120	-8.0978E-1	2.9127E1	5.5647E0	2.6430E5	
121	-8.1055E-1	2.7995E1	5.5592E0	2.6652E5	
122	-8.1116E-1	2.7089E1	5.5537E0	2.6874E5	
123	-8.1131E-1	2.6863E1	5.5483E0	2.7096E5	
124	-8.1047E-1	2.8108E1	5.5428E0	2.7318E5	
125	-8.0971E-1	2.9241E1	5.5373E0	2.7540E5	
126	-8.1093E-1	2.7429E1	5.5318E0	2.7762E5	
127	-8.0772E-1	3.2184E1	5.5263E0	2.7984E5	
128	-8.1154E-1	2.6523E1	5.5208E0	2.8206E5	
129	-8.0902E-1	3.0260E1	5.5153E0	2.8428E5	
130	-8.1017E-1	2.8561E1	5.5098E0	2.8650E5	
131	-8.0994E-1	2.8901E1	5.5043E0	2.8872E5	
132	-8.0978E-1	2.9127E1	5.4989E0	2.9094E5	
133	-8.0963E-1	2.9354E1	5.4933E0	2.9316E5	
134	-8.0627E-1	3.4336E1	5.4878E0	2.9538E5	
135	-8.1001E-1	2.8788E1	5.4822E0	2.9760E5	
136	-8.0780E-1	3.2071E1	5.4767E0	2.9982E5	
137	-8.0582E-1	3.5015E1	5.4711E0	3.0204E5	
138	-8.0635E-1	3.4223E1	5.4656E0	3.0426E5	
139	-8.0833E-1	3.1279E1	5.4600E0	3.0648E5	
140	-8.0849E-1	3.1052E1	5.4544E0	3.0870E5	
141	-8.0818E-1	3.1505E1	5.4489E0	3.1092E5	
142	-8.0719E-1	3.2977E1	5.4433E0	3.1314E5	
143	-8.0482E-1	3.6487E1	5.4378E0	3.1536E5	
144	-8.0757E-1	3.2411E1	5.4322E0	3.1758E5	
145	-8.0467E-1	3.6714E1	5.4266E0	3.1980E5	
146	-8.0757E-1	3.2411E1	5.4210E0	3.2202E5	
147	-8.0933E-1	2.9807E1	5.4154E0	3.2424E5	
148	-8.0666E-1	3.3770E1	5.4097E0	3.2646E5	
149	-8.0635E-1	3.4223E1	5.4042E0	3.2868E5	
150	-8.0414E-1	3.7506E1	5.3987E0	3.3090E5	
151	-8.0391E-1	3.7846E1	5.3930E0	3.3312E5	
152	-8.0574E-1	3.5128E1	5.3874E0	3.3534E5	
153	-8.0368E-1	3.8185E1	5.3817E0	3.3756E5	
154	-8.0505E-1	3.6147E1	5.3760E0	3.3978E5	
155	-8.0696E-1	3.3317E1	5.3705E0	3.4200E5	
156	-8.0429E-1	3.7280E1	5.3648E0	3.4422E5	
157	-8.0330E-1	3.8752E1	5.3592E0	3.4644E5	
158	-8.0269E-1	3.9657E1	5.3535E0	3.4866E5	
159	-8.0276E-1	3.9544E1	5.3478E0	3.5088E5	
160	-8.0193E-1	4.0790E1	5.3422E0	3.5310E5	
161	-8.0429E-1	3.7280E1	5.3366E0	3.5532E5	
162	-8.0299E-1	3.9204E1	5.3308E0	3.5754E5	
163	-8.0315E-1	3.8978E1	5.3251E0	3.5976E5	
164	-8.0498E-1	3.6261E1	5.3194E0	3.6198E5	
165	-8.0154E-1	4.1356E1	5.3138E0	3.6420E5	
166	-8.0292E-1	3.9318E1	5.3081E0	3.6642E5	
167	-8.0208E-1	4.0563E1	5.3024E0	3.6864E5	
168	-8.0139E-1	4.1582E1	5.2967E0	3.7086E5	
169	-8.0254E-1	3.9884E1	5.2910E0	3.7308E5	
170	-8.0254E-1	3.9884E1	5.2853E0	3.7530E5	
171	-8.0238E-1	4.0110E1	5.2796E0	3.7752E5	
172	-8.0505E-1	3.6147E1	5.2738E0	3.7974E5	
173	-7.9979E-1	4.3960E1	5.2680E0	3.8196E5	
174	-8.0322E-1	3.8865E1	5.2623E0	3.8418E5	
175	-7.9918E-1	4.4866E1	5.2566E0	3.8640E5	
176	-8.0017E-1	4.3394E1	5.2509E0	3.8862E5	
177	-7.9948E-1	4.4413E1	5.2452E0	3.9084E5	
178	-7.9872E-1	4.5545E1	5.2395E0	3.9306E5	
179	-8.0025E-1	4.3281E1	5.2336E0	3.9528E5	
180	-8.0040E-1	4.3054E1	5.2279E0	3.9750E5	
181	-7.9727E-1	4.7696E1	5.2221E0	3.9972E5	
182	-8.0048E-1	4.2941E1	5.2163E0	4.0194E5	
183	-8.0040E-1	4.3054E1	5.2105E0	4.0416E5	
184	-7.9918E-1	4.4866E1	5.2048E0	4.0638E5	
185	-7.9933E-1	4.4639E1	5.1990E0	4.0860E5	
186	-7.9895E-1	4.5205E1	5.1932E0	4.1082E5	
187	-7.9964E-1	4.4186E1	5.1875E0	4.1304E5	
188	-7.9765E-1	4.7130E1	5.1815E0	4.1526E5	
189	-7.9712E-1	4.7923E1	5.1758E0	4.1748E5	
190	-7.9826E-1	4.6224E1	5.1700E0	4.1970E5	
191	-7.9720E-1	4.7810E1	5.1642E0	4.2192E5	
192	-7.9948E-1	4.4413E1	5.1584E0	4.2414E5	
193	-7.9857E-1	4.5772E1	5.1524E0	4.2636E5	
194	-7.9666E-1	4.8602E1	5.1468E0	4.2858E5	
195	-7.9910E-1	4.4979E1	5.1409E0	4.3080E5	
196	-7.9742E-1	4.7470E1	5.1351E0	4.3302E5	
197	-7.9613E-1	4.9395E1	5.1292E0	4.3524E5	
198	-7.9720E-1	4.7810E1	5.1233E0	4.3746E5	
199	-7.9597E-1	4.9621E1	5.1175E0	4.3968E5	
200	-7.9605E-1	4.9508E1	5.1117E0	4.4190E5	
201	-7.9590E-1	4.9734E1	5.1058E0	4.4412E5	
202	-7.9529E-1	5.0640E1	5.0999E0	4.4634E5	
203	-7.9590E-1	4.9734E1	5.0941E0	4.4856E5	
204	-7.9567E-1	5.0074E1	5.0882E0	4.5078E5	
205	-7.9445E-1	5.1886E1	5.0823E0	4.5300E5	
206	-7.9681E-1	4.8376E1	5.0764E0	4.5522E5	
207	-7.9483E-1	5.1320E1	5.0705E0	4.5744E5	
208	-7.9361E-1	5.3131E1	5.0646E0	4.5966E5	
209	-7.9475E-1	5.1433E1	5.0587E0	4.6188E5	
210	-7.9643E-1	4.8942E1	5.0528E0	4.6410E5	
211	-7.9437E-1	5.1999E1	5.0468E0	4.6632E5	
212	-7.9391E-1	5.2678E1	5.0410E0	4.6854E5	
213	-7.9475E-1	5.1433E1	5.0353E0	4.7076E5	
214	-7.9460E-1	5.1659E1	5.0291E0	4.7298E5	
215	-7.9346E-1	5.3358E1	5.0234E0	4.7520E5	
216	-7.9491E-1	5.1206E1	5.0173E0	4.7742E5	
217	-7.9506E-1	5.0980E1	5.0114E0	4.7964E5	
218	-7.9247E-1	5.4830E1	5.0055E0	4.8186E5	
219	-7.9201E-1	5.5509E1	4.9996E0	4.8408E5	
220	-7.9269E-1	5.4490E1	4.9935E0	4.8630E5	
221	-7.9124E-1	5.6641E1	4.9876E0	4.8852E5	
222	-7.9262E-1	5.4603E1	4.9817E0	4.9074E5	
223	-7.9086E-1	5.7207E1	4.9758E0	4.9296E5	
224	-7.9292E-1	5.4150E1	4.9699E0	4.9518E5	
225	-7.8957E-1	5.9132E1	4.9639E0	4.9740E5	
226	-7.9124E-1	5.6641E1	4.9579E0	4.9962E5	
227	-7.9132E-1	5.6528E1	4.9519E0	5.0184E5	
228	-7.9102E-1	5.6981E1	4.9459E0	5.0406E5	
229	-7.8949E-1	5.9245E1	4.9399E0	5.0628E5	
230	-7.8934E-1	5.9472E1	4.9339E0	5.0850E5	
231	-7.9063E-1	5.7547E1	4.9280E0	5.1072E5	
232	-7.9094E-1	5.7094E1	4.9220E0	5.1294E5	
233	-7.8896E-1	6.0038E1	4.9159E0	5.1516E5	
234	-7.8873E-1	6.0378E1	4.9099E0	5.1738E5	
235	-7.9170E-1	5.5962E1	4.9040E0	5.1960E5	
236	-7.8972E-1	5.8906E1	4.8980E0	5.2182E5	
237	-7.8888E-1	6.0151E1	4.8920E0	5.2404E5	
238	-7.8911E-1	5.9812E1	4.8860E0	5.2626E5	
239	-7.8781E-1	6.1736E1	4.8799E0	5.2848E5	
240	-7.8751E-1	6.2189E1	4.8739E0	5.3070E5	
241	-7.8644E-1	6.3774E1	4.8678E0	5.3292E5	
242	-7.8751E-1	6.2189E1	4.8619E0	5.3514E5	
243	-7.8690E-1	6.3095E1	4.8558E0	5.3736E5	
244	-7.8728E-1	6.2529E1	4.8498E0	5.3958E5	
245	-7.8423E-1	6.7058E1	4.8437E0	5.4180E5	
246	-7.8735E-1	6.2416E1	4.8376E0	5.4402E5	
247	-7.8850E-1	6.0717E1	4.8316E0	5.4624E5	
248	-7.8575E-1	6.4793E1	4.8256E0	5.4846E5	
249	-7.8735E-1	6.2416E1	4.8195E0	5.5068E5	
250	-7.8506E-1	6.5813E1	4.8134E0	5.5290E5	
251	-7.8453E-1	6.6605E1	4.8073E0	5.5512E5	
252	-7.8552E-1	6.5133E1	4.8013E0	5.5734E5	
253	-7.8453E-1	6.6605E1	4.7951E0	5.5956E5	
254	-7.8438E-1	6.6832E1	4.7890E0	5.6178E5	
255	-7.8423E-1	6.7058E1	4.7829E0	5.6400E5	
256	-7.8499E-1	6.5926E1	4.7767E0	5.6622E5	
257	-7.8552E-1	6.5133E1	4.7708E0	5.6844E5	
258	-7.8522E-1	6.5586E1	4.7647E0	5.7066E5	
259	-7.8644E-1	6.3774E1	4.7586E0	5.7288E5	
260	-7.8575E-1	6.4793E1	4.7524E0	5.7510E5	
261	-7.8362E-1	6.7964E1	4.7463E0	5.7732E5	
262	-7.8369E-1	6.7851E1	4.7402E0	5.7954E5	
263	-7.8552E-1	6.5133E1	4.7341E0	5.8176E5	
264	-7.8308E-1	6.8756E1	4.7280E0	5.8398E5	
265	-7.8316E-1	6.8643E1	4.7218E0	5.8620E5	
266	-7.8354E-1	6.8077E1	4.7156E0	5.8842E5	
267	-7.8331E-1	6.8417E1	4.7096E0	5.9064E5	
268	-7.8270E-1	6.9323E1	4.7034E0	5.9286E5	
269	-7.8377E-1	6.7737E1	4.6972E0	5.9508E5	
270	-7.8232E-1	6.9889E1	4.6911E0	5.9730E5	
271	-7.8056E-1	7.2493E1	4.6850E0	5.9952E5	
272	-7.8262E-1	6.9436E1	4.6789E0	6.0174E5	
273	-7.8255E-1	6.9549E1	4.6726E0	6.0396E5	
274	-7.8278E-1	6.9209E1	4.6665E0	6.0618E5	
275	-7.8087E-1	7.2040E1	4.6601E0	6.0840E5	
276	-7.8293E-1	6.8983E1	4.6541E0	6.1062E5	
277	-7.8239E-1	6.9775E1	4.6479E0	6.1284E5	
278	-7.8377E-1	6.7737E1	4.6417E0	6.1506E5	
279	-7.8102E-1	7.1813E1	4.6354E0	6.1728E5	
280	-7.8232E-1	6.9889E1	4.6293E0	6.1950E5	
281	-7.8041E-1	7.2719E1	4.6231E0	6.2172E5	
282	-7.7965E-1	7.3852E1	4.6168E0	6.2394E5	
283	-7.8041E-1	7.2719E1	4.6106E0	6.2616E5	
284	-7.8209E-1	7.0228E1	4.6045E0	6.2838E5	
285	-7.8201E-1	7.0342E1	4.5982E0	6.3060E5	
286	-7.8087E-1	7.2040E1	4.5921E0	6.3282E5	
287	-7.7835E-1	7.5776E1	4.5859E0	6.3504E5	
288	-7.7919E-1	7.4531E1	4.5796E0	6.3726E5	
289	-7.7957E-1	7.3965E1	4.5733E0	6.3948E5	
290	-7.7919E-1	7.4531E1	4.5671E0	6.4170E5	
291	-7.7904E-1	7.4757E1	4.5608E0	6.4392E5	
292	-7.7919E-1	7.4531E1	4.5547E0	6.4614E5	
293	-7.7652E-1	7.8494E1	4.5484E0	6.4836E5	
294	-7.7690E-1	7.7928E1	4.5421E0	6.5058E5	
295	-7.7827E-1	7.5890E1	4.5358E0	6.5280E5	
296	-7.7614E-1	7.9060E1	4.5296E0	6.5502E5	
297	-7.7744E-1	7.7135E1	4.5232E0	6.5724E5	
298	-7.7652E-1	7.8494E1	4.5170E0	6.5946E5	
299	-7.7736E-1	7.7248E1	4.5107E0	6.6168E5	
300	-7.7614E-1	7.9060E1	4.5044E0	6.6390E5	
301	-7.7660E-1	7.8381E1	4.4982E0	6.6612E5	
302	-7.7583E-1	7.9513E1	4.4919E0	6.6834E5	
303	-7.7637E-1	7.8720E1	4.4856E0	6.7056E5	
304	-7.7583E-1	7.9513E1	4.4795E0	6.7278E5	
305	-7.7484E-1	8.0985E1	4.4730E0	6.7500E5	
306	-7.7553E-1	7.9966E1	4.4667E0	6.7722E5	
307	-7.7705E-1	7.7701E1	4.4604E0	6.7944E5	
308	-7.7560E-1	7.9853E1	4.4541E0	6.8166E5	
309	-7.7377E-1	8.2570E1	4.4477E0	6.8388E5	
310	-7.7400E-1	8.2230E1	4.4415E0	6.8610E5	
311	-7.7644E-1	7.8607E1	4.4352E0	6.8832E5	
312	-7.7667E-1	7.8267E1	4.4289E0	6.9054E5	
313	-7.7141E-1	8.6080E1	4.4225E0	6.9276E5	
314	-7.7362E-1	8.2796E1	4.4162E0	6.9498E5	
315	-7.7240E-1	8.4608E1	4.4099E0	6.9720E5	
316	-7.7202E-1	8.5174E1	4.4036E0	6.9942E5	
317	-7.7187E-1	8.5401E1	4.3972E0	7.0164E5	
318	-7.7286E-1	8.3929E1	4.3908E0	7.0386E5	
319	-7.7187E-1	8.5401E1	4.3845E0	7.0608E5	
320	-7.7324E-1	8.3363E1	4.3781E0	7.0830E5	
321	-7.7240E-1	8.4608E1	4.3717E0	7.1052E5	
322	-7.7278E-1	8.4042E1	4.3654E0	7.1274E5	
323	-7.7248E-1	8.4495E1	4.3590E0	7.1496E5	
324	-7.7133E-1	8.6193E1	4.3527E0	7.1718E5	
325	-7.6851E-1	9.0382E1	4.3463E0	7.1940E5	
326	-7.7042E-1	8.7552E1	4.3399E0	7.2162E5	
327	-7.6973E-1	8.8571E1	4.3335E0	7.2384E5	
328	-7.7049E-1	8.7439E1	4.3272E0	7.2606E5	
329	-7.7019E-1	8.7892E1	4.3207E0	7.2828E5	
330	-7.7103E-1	8.6646E1	4.3144E0	7.3050E5	
331	-7.7057E-1	8.7325E1	4.3080E0	7.3272E5	
332	-7.7095E-1	8.6759E1	4.3016E0	7.3494E5	
333	-7.7118E-1	8.6420E1	4.2952E0	7.3716E5	
334	-7.7042E-1	8.7552E1	4.2888E0	7.3938E5	
335	-7.7103E-1	8.6646E1	4.2824E0	7.4160E5	
336	-7.6843E-1	9.0496E1	4.2760E0	7.4382E5	
337	-7.6851E-1	9.0382E1	4.2695E0	7.4604E5	
338	-7.6904E-1	8.9590E1	4.2631E0	7.4826E5	
339	-7.6942E-1	8.9024E1	4.2566E0	7.5048E5	
340	-7.7019E-1	8.7892E1	4.2503E0	7.5270E5	
341	-7.6996E-1	8.8231E1	4.2440E0	7.5492E5	
342	-7.6859E-1	9.0269E1	4.2375E0	7.5714E5	
343	-7.6500E-1	9.5591E1	4.2309E0	7.5936E5	
344	-7.6836E-1	9.0609E1	4.2246E0	7.6158E5	
345	-7.6897E-1	8.9703E1	4.2181E0	7.6380E5	
346	-7.6515E-1	9.5364E1	4.2116E0	7.6602E5	
347	-7.6698E-1	9.2647E1	4.2052E0	7.6824E5	
348	-7.6752E-1	9.1854E1	4.1988E0	7.7046E5	
349	-7.6645E-1	9.3440E1	4.1923E0	7.7268E5	
350	-7.6630E-1	9.3666E1	4.1859E0	7.7490E5	
351	-7.6630E-1	9.3666E1	4.1794E0	7.7712E5	
352	-7.6942E-1	8.9024E1	4.1729E0	7.7934E5	
353	-7.6477E-1	9.5931E1	4.1664E0	7.8156E5	
354	-7.6538E-1	9.5025E1	4.1601E0	7.8378E5	
355	-7.6515E-1	9.5364E1	4.1535E0	7.8600E5	
356	-7.6553E-1	9.4798E1	4.1470E0	7.8822E5	
357	-7.6469E-1	9.6044E1	4.1406E0	7.9044E5	
358	-7.6538E-1	9.5025E1	4.1341E0	7.9266E5	
359	-7.6378E-1	9.7402E1	4.1276E0	7.9488E5	
360	-7.6515E-1	9.5364E1	4.1212E0	7.9710E5	
361	-7.6546E-1	9.4912E1	4.1147E0	7.9932E5	
362	-7.6477E-1	9.5931E1	4.1082E0	8.0154E5	
363	-7.6653E-1	9.3326E1	4.1016E0	8.0376E5	
364	-7.6546E-1	9.4912E1	4.0951E0	8.0598E5	
365	-7.6195E-1	1.0012E2	4.0886E0	8.0820E5	
366	-7.6256E-1	9.9214E1	4.0821E0	8.1042E5	
367	-7.6485E-1	9.5817E1	4.0756E0	8.1264E5	
368	-7.6202E-1	1.0001E2	4.0691E0	8.1486E5	
369	-7.6233E-1	9.9554E1	4.0624E0	8.1708E5	
370	-7.6202E-1	1.0001E2	4.0560E0	8.1930E5	
371	-7.6172E-1	1.0046E2	4.0495E0	8.2152E5	
372	-7.6149E-1	1.0080E2	4.0429E0	8.2374E5	
373	-7.6210E-1	9.9893E1	4.0364E0	8.2596E5	
374	-7.5943E-1	1.0386E2	4.0299E0	8.2818E5	
375	-7.5897E-1	1.0454E2	4.0234E0	8.3040E5	
376	-7.6164E-1	1.0057E2	4.0168E0	8.3262E5	
377	-7.5775E-1	1.0635E2	4.0103E0	8.3484E5	
378	-7.5958E-1	1.0363E2	4.0037E0	8.3706E5	
379	-7.5996E-1	1.0306E2	3.9971E0	8.3928E5	
380	-7.6027E-1	1.0261E2	3.9907E0	8.4150E5	
381	-7.6057E-1	1.0216E2	3.9841E0	8.4372E5	
382	-7.6042E-1	1.0238E2	3.9775E0	8.4594E5	
383	-7.6050E-1	1.0227E2	3.9710E0	8.4816E5	
384	-7.5844E-1	1.0533E2	3.9644E0	8.5038E5	
385	-7.5920E-1	1.0420E2	3.9579E0	8.5260E5	
386	-7.5890E-1	1.0465E2	3.9512E0	8.5482E5	
387	-7.5714E-1	1.0725E2	3.9447E0	8.5704E5	
388	-7.5890E-1	1.0465E2	3.9381E0	8.5926E5	
389	-7.5737E-1	1.0691E2	3.9316E0	8.6148E5	
390	-7.5905E-1	1.0442E2	3.9249E0	8.6370E5	
391	-7.5798E-1	1.0601E2	3.9184E0	8.6592E5	
392	-7.5600E-1	1.0895E2	3.9119E0	8.6814E5	
393	-7.5798E-1	1.0601E2	3.9052E0	8.7036E5	
394	-7.5775E-1	1.0635E2	3.8986E0	8.7258E5	
395	-7.5592E-1	1.0906E2	3.8919E0	8.7480E5	
396	-7.5562E-1	1.0952E2	3.8855E0	8.7702E5	
397	-7.5577E-1	1.0929E2	3.8788E0	8.7924E5	
398	-7.5531E-1	1.0997E2	3.8722E0	8.8146E5	
399	-7.5882E-1	1.0476E2	3.8655E0	8.8368E5	
400	-7.5508E-1	1.1031E2	3.8589E0	8.8590E5	
401	-7.5623E-1	1.0861E2	3.8523E0	8.8812E5	
402	-7.5584E-1	1.0918E2	3.8457E0	8.9034E5	
403	-7.5363E-1	1.1246E2	3.8391E0	8.9256E5	
404	-7.5386E-1	1.1212E2	3.8325E0	8.9478E5	
405	-7.5439E-1	1.1133E2	3.8258E0	8.9700E5	
406	-7.5607E-1	1.0884E2	3.8191E0	8.9922E5	
407	-7.5684E-1	1.0771E2	3.8126E0	9.0144E5	
408	-7.5577E-1	1.0929E2	3.8059E0	9.0366E5	
409	-7.5607E-1	1.0884E2	3.7992E0	9.0588E5	
410	-7.5470E-1	1.1088E2	3.7927E0	9.0810E5	
411	-7.5302E-1	1.1337E2	3.7860E0	9.1032E5	
412	-7.5462E-1	1.1099E2	3.7794E0	9.1254E5	
413	-7.5333E-1	1.1291E2	3.7727E0	9.1476E5	
414	-7.5768E-1	1.0646E2	3.7661E0	9.1698E5	
415	-7.5340E-1	1.1280E2	3.7593E0	9.1920E5	
416	-7.5294E-1	1.1348E2	3.7526E0	9.2142E5	
417	-7.5386E-1	1.1212E2	3.7460E0	9.2364E5	
418	-7.5424E-1	1.1156E2	3.7394E0	9.2586E5	
419	-7.5317E-1	1.1314E2	3.7326E0	9.2808E5	
420	-7.5172E-1	1.1529E2	3.7260E0	9.3030E5	
421	-7.5317E-1	1.1314E2	3.7193E0	9.3252E5	
422	-7.5012E-1	1.1767E2	3.7127E0	9.3474E5	
423	-7.4997E-1	1.1790E2	3.7060E0	9.3696E5	
424	-7.5165E-1	1.1541E2	3.6992E0	9.3918E5	
425	-7.5043E-1	1.1722E2	3.6926E0	9.4140E5	
426	-7.4997E-1	1.1790E2	3.6859E0	9.4362E5	
427	-7.5073E-1	1.1676E2	3.6792E0	9.4584E5	
428	-7.5012E-1	1.1767E2	3.6725E0	9.4806E5	
429	-7.5089E-1	1.1654E2	3.6658E0	9.5028E5	
430	-7.5111E-1	1.1620E2	3.6590E0	9.5250E5	
431	-7.5089E-1	1.1654E2	3.6524E0	9.5472E5	
432	-7.4974E-1	1.1824E2	3.6455E0	9.5694E5	
433	-7.4852E-1	1.2005E2	3.6389E0	9.5916E5	
434	-7.5027E-1	1.1744E2	3.6322E0	9.6138E5	
435	-7.4852E-1	1.2005E2	3.6255E0	9.6360E5	
436	-7.4669E-1	1.2277E2	3.6188E0	9.6582E5	
437	-7.5096E-1	1.1642E2	3.6121E0	9.6804E5	
438	-7.4684E-1	1.2254E2	3.6054E0	9.7026E5	
439	-7.4600E-1	1.2378E2	3.5985E0	9.7248E5	
440	-7.4768E-1	1.2129E2	3.5919E0	9.7470E5	
441	-7.4677E-1	1.2265E2	3.5851E0	9.7692E5	
442	-7.4860E-1	1.1993E2	3.5784E0	9.7914E5	
443	-7.4646E-1	1.2310E2	3.5716E0	9.8136E5	
444	-7.4615E-1	1.2356E2	3.5649E0	9.8358E5	
445	-7.4585E-1	1.2401E2	3.5581E0	9.8580E5	
446	-7.4730E-1	1.2186E2	3.5514E0	9.8802E5	
447	-7.4493E-1	1.2537E2	3.5447E0	9.9024E5	
448	-7.4348E-1	1.2752E2	3.5379E0	9.9246E5	
449	-7.4379E-1	1.2707E2	3.5311E0	9.9468E5	
450	-7.4547E-1	1.2458E2	3.5244E0	9.9690E5	
451	-7.4486E-1	1.2548E2	3.5176E0	9.9912E5	
452	-7.4440E-1	1.2616E2	3.5108E0	1.0013E6	
453	-7.4394E-1	1.2684E2	3.5040E0	1.0036E6	
454	-7.4425E-1	1.2639E2	3.4973E0	1.0058E6	
455	-7.4249E-1	1.2899E2	3.4905E0	1.0080E6	
456	-7.4059E-1	1.3182E2	3.4837E0	1.0102E6	
457	-7.4356E-1	1.2741E2	3.4769E0	1.0124E6	
458	-7.4486E-1	1.2548E2	3.4702E0	1.0147E6	
459	-7.4326E-1	1.2786E2	3.4634E0	1.0169E6	
460	-7.4265E-1	1.2877E2	3.4565E0	1.0191E6	
461	-7.4501E-1	1.2526E2	3.4498E0	1.0213E6	
462	-7.4135E-1	1.3069E2	3.4430E0	1.0235E6	
463	-7.4509E-1	1.2514E2	3.4362E0	1.0258E6	
464	-7.4074E-1	1.3160E2	3.4295E0	1.0280E6	
465	-7.4135E-1	1.3069E2	3.4226E0	1.0302E6	
466	-7.3914E-1	1.3397E2	3.4158E0	1.0324E6	
467	-7.4387E-1	1.2695E2	3.4090E0	1.0346E6	
468	-7.4120E-1	1.3092E2	3.4023E0	1.0369E6	
469	-7.4013E-1	1.3250E2	3.3954E0	1.0391E6	
470	-7.4219E-1	1.2945E2	3.3885E0	1.0413E6	
471	-7.3898E-1	1.3420E2	3.3818E0	1.0435E6	
472	-7.4043E-1	1.3205E2	3.3750E0	1.0457E6	
473	-7.4059E-1	1.3182E2	3.3681E0	1.0480E6	
474	-7.4120E-1	1.3092E2	3.3613E0	1.0502E6	
475	-7.4020E-1	1.3239E2	3.3545E0	1.0524E6	
476	-7.3853E-1	1.3488E2	3.3476E0	1.0546E6	
477	-7.4242E-1	1.2911E2	3.3408E0	1.0568E6	
478	-7.3746E-1	1.3647E2	3.3339E0	1.0591E6	
479	-7.3936E-1	1.3363E2	3.3271E0	1.0613E6	
480	-7.3883E-1	1.3443E2	3.3203E0	1.0635E6	
481	-7.3830E-1	1.3522E2	3.3133E0	1.0657E6	
482	-7.3631E-1	1.3816E2	3.3066E0	1.0679E6	
483	-7.3761E-1	1.3624E2	3.2997E0	1.0702E6	
484	-7.3921E-1	1.3386E2	3.2929E0	1.0724E6	
485	-7.3891E-1	1.3431E2	3.2860E0	1.0746E6	
486	-7.3631E-1	1.3816E2	3.2791E0	1.0768E6	
487	-7.3753E-1	1.3635E2	3.2721E0	1.0790E6	
488	-7.3837E-1	1.3511E2	3.2654E0	1.0813E6	
489	-7.3662E-1	1.3771E2	3.2585E0	1.0835E6	
490	-7.3761E-1	1.3624E2	3.2517E0	1.0857E6	
491	-7.3997E-1	1.3273E2	3.2448E0	1.0879E6	
492	-7.3654E-1	1.3782E2	3.2379E0	1.0901E6	
493	-7.3517E-1	1.3986E2	3.2311E0	1.0924E6	
494	-7.3593E-1	1.3873E2	3.2241E0	1.0946E6	
495	-7.3662E-1	1.3771E2	3.2172E0	1.0968E6	
496	-7.3387E-1	1.4179E2	3.2104E0	1.0990E6	
497	-7.3372E-1	1.4201E2	3.2035E0	1.1012E6	
498	-7.3448E-1	1.4088E2	3.1965E0	1.1035E6	
499	-7.3448E-1	1.4088E2	3.1897E0	1.1057E6	
500	-7.3364E-1	1.4213E2	3.1828E0	1.1079E6	
501	-7.3479E-1	1.4043E2	3.1759E0	1.1101E6	
502	-7.3288E-1	1.4326E2	3.1690E0	1.1123E6	
503	-7.3456E-1	1.4077E2	3.1621E0	1.1146E6	
504	-7.3273E-1	1.4349E2	3.1553E0	1.1168E6	
505	-7.3402E-1	1.4156E2	3.1483E0	1.1190E6	
506	-7.3013E-1	1.4734E2	3.1413E0	1.1212E6	
507	-7.3212E-1	1.4439E2	3.1344E0	1.1234E6	
508	-7.3288E-1	1.4326E2	3.1275E0	1.1257E6	
509	-7.3196E-1	1.4462E2	3.1206E0	1.1279E6	
510	-7.3227E-1	1.4416E2	3.1137E0	1.1301E6	
511	-7.3341E-1	1.4247E2	3.1068E0	1.1323E6	
512	-7.3120E-1	1.4575E2	3.0998E0	1.1345E6	
513	-7.2876E-1	1.4937E2	3.0929E0	1.1368E6	
514	-7.3318E-1	1.4281E2	3.0860E0	1.1390E6	
515	-7.2937E-1	1.4847E2	3.0790E0	1.1412E6	
516	-7.2937E-1	1.4847E2	3.0722E0	1.1434E6	
517	-7.2937E-1	1.4847E2	3.0651E0	1.1456E6	
518	-7.3303E-1	1.4303E2	3.0581E0	1.1479E6	
519	-7.2922E-1	1.4869E2	3.0513E0	1.1501E6	
520	-7.2952E-1	1.4824E2	3.0444E0	1.1523E6	
521	-7.2723E-1	1.5164E2	3.0375E0	1.1545E6	
522	-7.2929E-1	1.4858E2	3.0305E0	1.1567E6	
523	-7.2685E-1	1.5220E2	3.0234E0	1.1590E6	
524	-7.2777E-1	1.5085E2	3.0165E0	1.1612E6	
525	-7.2960E-1	1.4813E2	3.0096E0	1.1634E6	
526	-7.2884E-1	1.4926E2	3.0027E0	1.1656E6	
527	-7.2807E-1	1.5039E2	2.9957E0	1.1678E6	
528	-7.2594E-1	1.5356E2	2.9888E0	1.1701E6	
529	-7.2807E-1	1.5039E2	2.9817E0	1.1723E6	
530	-7.2807E-1	1.5039E2	2.9748E0	1.1745E6	
531	-7.2723E-1	1.5164E2	2.9678E0	1.1767E6	
532	-7.2777E-1	1.5085E2	2.9609E0	1.1789E6	
533	-7.2556E-1	1.5413E2	2.9538E0	1.1812E6	
534	-7.2456E-1	1.5560E2	2.9468E0	1.1834E6	
535	-7.2716E-1	1.5175E2	2.9398E0	1.1856E6	
536	-7.2525E-1	1.5458E2	2.9329E0	1.1878E6	
537	-7.2319E-1	1.5764E2	2.9259E0	1.1900E6	
538	-7.2548E-1	1.5424E2	2.9189E0	1.1923E6	
539	-7.2784E-1	1.5073E2	2.9118E0	1.1945E6	
540	-7.2472E-1	1.5537E2	2.9049E0	1.1967E6	
541	-7.2449E-1	1.5571E2	2.8979E0	1.1989E6	
542	-7.2441E-1	1.5583E2	2.8910E0	1.2011E6	
543	-7.2540E-1	1.5436E2	2.8839E0	1.2034E6	
544	-7.2456E-1	1.5560E2	2.8770E0	1.2056E6	
545	-7.2380E-1	1.5673E2	2.8699E0	1.2078E6	
546	-7.2510E-1	1.5481E2	2.8629E0	1.2100E6	
547	-7.2525E-1	1.5458E2	2.8558E0	1.2122E6	
548	-7.2418E-1	1.5617E2	2.8488E0	1.2145E6	
549	-7.2533E-1	1.5447E2	2.8419E0	1.2167E6	
550	-7.2533E-1	1.5447E2	2.8348E0	1.2189E6	
551	-7.2380E-1	1.5673E2	2.8279E0	1.2211E6	
552	-7.2319E-1	1.5764E2	2.8208E0	1.2233E6	
553	-7.2067E-1	1.6138E2	2.8138E0	1.2256E6	
554	-7.2418E-1	1.5617E2	2.8068E0	1.2278E6	
555	-7.2342E-1	1.5730E2	2.7997E0	1.2300E6	
556	-7.2166E-1	1.5990E2	2.7927E0	1.2322E6	
557	-7.2044E-1	1.6171E2	2.7856E0	1.2344E6	
558	-7.2289E-1	1.5809E2	2.7787E0	1.2367E6	
559	-7.2105E-1	1.6081E2	2.7715E0	1.2389E6	
560	-7.2044E-1	1.6171E2	2.7645E0	1.2411E6	
561	-7.2090E-1	1.6104E2	2.7575E0	1.2433E6	
562	-7.1915E-1	1.6364E2	2.7504E0	1.2455E6	
563	-7.2258E-1	1.5854E2	2.7434E0	1.2478E6	
564	-7.1884E-1	1.6409E2	2.7363E0	1.2500E6	
565	-7.1930E-1	1.6341E2	2.7293E0	1.2522E6	
566	-7.2083E-1	1.6115E2	2.7223E0	1.2544E6	
567	-7.2136E-1	1.6036E2	2.7152E0	1.2566E6	
568	-7.1793E-1	1.6545E2	2.7082E0	1.2589E6	
569	-7.1831E-1	1.6489E2	2.7011E0	1.2611E6	
570	-7.1800E-1	1.6534E2	2.6940E0	1.2633E6	
571	-7.1976E-1	1.6273E2	2.6870E0	1.2655E6	
572	-7.1884E-1	1.6409E2	2.6799E0	1.2677E6	
573	-7.1899E-1	1.6387E2	2.6728E0	1.2700E6	
574	-7.1709E-1	1.6670E2	2.6658E0	1.2722E6	
575	-7.1693E-1	1.6692E2	2.6586E0	1.2744E6	
576	-7.1632E-1	1.6783E2	2.6516E0	1.2766E6	
577	-7.1762E-1	1.6590E2	2.6445E0	1.2788E6	
578	-7.1472E-1	1.7021E2	2.6375E0	1.2811E6	
579	-7.1648E-1	1.6760E2	2.6304E0	1.2833E6	
580	-7.1457E-1	1.7043E2	2.6233E0	1.2855E6	
581	-7.1556E-1	1.6896E2	2.6162E0	1.2877E6	
582	-7.1526E-1	1.6941E2	2.6091E0	1.2899E6	
583	-7.1350E-1	1.7202E2	2.6021E0	1.2922E6	
584	-7.1709E-1	1.6670E2	2.5949E0	1.2944E6	
585	-7.1617E-1	1.6806E2	2.5879E0	1.2966E6	
586	-7.1640E-1	1.6772E2	2.5807E0	1.2988E6	
587	-7.1518E-1	1.6953E2	2.5736E0	1.3010E6	
588	-7.1373E-1	1.7168E2	2.5666E0	1.3033E6	
589	-7.1220E-1	1.7394E2	2.5594E0	1.3055E6	
590	-7.1350E-1	1.7202E2	2.5523E0	1.3077E6	
591	-7.1350E-1	1.7202E2	2.5452E0	1.3099E6	
592	-7.1297E-1	1.7281E2	2.5381E0	1.3121E6	
593	-7.1526E-1	1.6941E2	2.5310E0	1.3144E6	
594	-7.1144E-1	1.7508E2	2.5238E0	1.3166E6	
595	-7.1251E-1	1.7349E2	2.5168E0	1.3188E6	
596	-7.1182E-1	1.7451E2	2.5097E0	1.3210E6	
597	-7.1228E-1	1.7383E2	2.5026E0	1.3232E6	
598	-7.1289E-1	1.7292E2	2.4954E0	1.3255E6	
599	-7.1388E-1	1.7145E2	2.4883E0	1.3277E6	
600	-7.1136E-1	1.7519E2	2.4812E0	1.3299E6	
601	-7.1198E-1	1.7428E2	2.4740E0	1.3321E6	
602	-7.1030E-1	1.7677E2	2.4670E0	1.3343E6	
603	-7.1045E-1	1.7655E2	2.4598E0	1.3366E6	
604	-7.1289E-1	1.7292E2	2.4527E0	1.3388E6	
605	-7.1053E-1	1.7643E2	2.4456E0	1.3410E6	
606	-7.1175E-1	1.7462E2	2.4384E0	1.3432E6	
607	-7.1304E-1	1.7270E2	2.4312E0	1.3454E6	
608	-7.0999E-1	1.7723E2	2.4242E0	1.3477E6	
609	-7.1259E-1	1.7338E2	2.4170E0	1.3499E6	
610	-7.1030E-1	1.7677E2	2.4099E0	1.3521E6	
611	-7.0724E-1	1.8130E2	2.4026E0	1.3543E6	
612	-7.0969E-1	1.7768E2	2.3956E0	1.3565E6	
613	-7.0786E-1	1.8040E2	2.3884E0	1.3588E6	
614	-7.1205E-1	1.7417E2	2.3812E0	1.3610E6	
615	-7.0770E-1	1.8062E2	2.3740E0	1.3632E6	
616	-7.0694E-1	1.8176E2	2.3670E0	1.3654E6	
617	-7.0969E-1	1.7768E2	2.3597E0	1.3676E6	
618	-7.0999E-1	1.7723E2	2.3527E0	1.3699E6	
619	-7.0839E-1	1.7960E2	2.3455E0	1.3721E6	
620	-7.0839E-1	1.7960E2	2.3383E0	1.3743E6	
621	-7.0801E-1	1.8017E2	2.3311E0	1.3765E6	
622	-7.0793E-1	1.8028E2	2.3239E0	1.3787E6	
623	-7.0618E-1	1.8289E2	2.3168E0	1.3810E6	
624	-7.0740E-1	1.8108E2	2.3096E0	1.3832E6	
625	-7.0595E-1	1.8323E2	2.3025E0	1.3854E6	
626	-7.0671E-1	1.8210E2	2.2952E0	1.3876E6	
627	-7.0663E-1	1.8221E2	2.2881E0	1.3898E6	
628	-7.0663E-1	1.8221E2	2.2809E0	1.3921E6	
629	-7.0541E-1	1.8402E2	2.2738E0	1.3943E6	
630	-7.0541E-1	1.8402E2	2.2666E0	1.3965E6	
631	-7.0404E-1	1.8606E2	2.2594E0	1.3987E6	
632	-7.0572E-1	1.8357E2	2.2523E0	1.4009E6	
633	-7.0351E-1	1.8685E2	2.2450E0	1.4032E6	
634	-7.0595E-1	1.8323E2	2.2379E0	1.4054E6	
635	-7.0404E-1	1.8606E2	2.2306E0	1.4076E6	
636	-7.0503E-1	1.8459E2	2.2234E0	1.4098E6	
637	-7.0312E-1	1.8742E2	2.2162E0	1.4120E6	
638	-7.0412E-1	1.8595E2	2.2091E0	1.4143E6	
639	-7.0282E-1	1.8787E2	2.2018E0	1.4165E6	
640	-7.0213E-1	1.8889E2	2.1947E0	1.4187E6	
641	-7.0091E-1	1.9070E2	2.1875E0	1.4209E6	
642	-7.0152E-1	1.8979E2	2.1804E0	1.4231E6	
643	-7.0221E-1	1.8878E2	2.1730E0	1.4254E6	
644	-7.0267E-1	1.8810E2	2.1659E0	1.4276E6	
645	-7.0000E-1	1.9206E2	2.1586E0	1.4298E6	
646	-7.0091E-1	1.9070E2	2.1515E0	1.4320E6	
647	-7.0251E-1	1.8832E2	2.1443E0	1.4342E6	
648	-7.0015E-1	1.9183E2	2.1371E0	1.4365E6	
649	-7.0000E-1	1.9206E2	2.1299E0	1.4387E6	
650	-6.9992E-1	1.9217E2	2.1226E0	1.4409E6	
651	-6.9832E-1	1.9455E2	2.1155E0	1.4431E6	
652	-6.9969E-1	1.9251E2	2.1083E0	1.4453E6	
653	-6.9786E-1	1.9523E2	2.1010E0	1.4476E6	
654	-6.9839E-1	1.9444E2	2.0938E0	1.4498E6	
655	-7.0023E-1	1.9172E2	2.0865E0	1.4520E6	
656	-6.9618E-1	1.9772E2	2.0794E0	1.4542E6	
657	-7.0076E-1	1.9093E2	2.0721E0	1.4564E6	
658	-7.0076E-1	1.9093E2	2.0649E0	1.4587E6	
659	-6.9901E-1	1.9353E2	2.0576E0	1.4609E6	
660	-7.0023E-1	1.9172E2	2.0505E0	1.4631E6	
661	-6.9908E-1	1.9342E2	2.0432E0	1.4653E6	
662	-6.9618E-1	1.9772E2	2.0360E0	1.4675E6	
663	-6.9901E-1	1.9353E2	2.0287E0	1.4698E6	
664	-6.9672E-1	1.9693E2	2.0216E0	1.4720E6	
665	-6.9572E-1	1.9840E2	2.0143E0	1.4742E6	
666	-6.9855E-1	1.9421E2	2.0070E0	1.4764E6	
667	-6.9748E-1	1.9580E2	1.9997E0	1.4786E6	
668	-6.9847E-1	1.9432E2	1.9925E0	1.4809E6	
669	-6.9954E-1	1.9274E2	1.9853E0	1.4831E6	
670	-6.9687E-1	1.9670E2	1.9781E0	1.4853E6	
671	-6.9756E-1	1.9568E2	1.9709E0	1.4875E6	
672	-6.9527E-1	1.9908E2	1.9635E0	1.4897E6	
673	-6.9702E-1	1.9648E2	1.9563E0	1.4920E6	
674	-6.9733E-1	1.9602E2	1.9491E0	1.4942E6	
675	-6.9626E-1	1.9761E2	1.9418E0	1.4964E6	
676	-6.9427E-1	2.0055E2	1.9345E0	1.4986E6	
677	-6.9511E-1	1.9931E2	1.9274E0	1.5008E6	
678	-6.9504E-1	1.9942E2	1.9202E0	1.5031E6	
679	-6.9405E-1	2.0089E2	1.9128E0	1.5053E6	
680	-6.9412E-1	2.0078E2	1.9056E0	1.5075E6	
681	-6.9733E-1	1.9602E2	1.8983E0	1.5097E6	
682	-6.9298E-1	2.0248E2	1.8909E0	1.5119E6	
683	-6.9252E-1	2.0316E2	1.8837E0	1.5142E6	
684	-6.9221E-1	2.0361E2	1.8766E0	1.5164E6	
685	-6.9397E-1	2.0100E2	1.8691E0	1.5186E6	
686	-6.9252E-1	2.0316E2	1.8620E0	1.5208E6	
687	-6.9351E-1	2.0168E2	1.8547E0	1.5230E6	
688	-6.9206E-1	2.0383E2	1.8474E0	1.5253E6	
689	-6.9176E-1	2.0429E2	1.8402E0	1.5275E6	
690	-6.9153E-1	2.0463E2	1.8329E0	1.5297E6	
691	-6.8962E-1	2.0746E2	1.8256E0	1.5319E6	
692	-6.9107E-1	2.0531E2	1.8184E0	1.5341E6	
693	-6.9061E-1	2.0599E2	1.8111E0	1.5364E6	
694	-6.8947E-1	2.0768E2	1.8038E0	1.5386E6	
695	-6.9244E-1	2.0327E2	1.7964E0	1.5408E6	
696	-6.8787E-1	2.1006E2	1.7893E0	1.5430E6	
697	-6.9115E-1	2.0519E2	1.7820E0	1.5452E6	
698	-6.8977E-1	2.0723E2	1.7748E0	1.5475E6	
699	-6.8855E-1	2.0904E2	1.7675E0	1.5497E6	
700	-6.8932E-1	2.0791E2	1.7601E0	1.5519E6	
701	-6.8810E-1	2.0972E2	1.7529E0	1.5541E6	
702	-6.8771E-1	2.1029E2	1.7456E0	1.5563E6	
703	-6.8771E-1	2.1029E2	1.7383E0	1.5586E6	
704	-6.8733E-1	2.1085E2	1.7310E0	1.5608E6	
705	-6.8771E-1	2.1029E2	1.7237E0	1.5630E6	
706	-6.8779E-1	2.1018E2	1.7165E0	1.5652E6	
707	-6.8787E-1	2.1006E2	1.7092E0	1.5674E6	
708	-6.8680E-1	2.1165E2	1.7020E0	1.5697E6	
709	-6.8642E-1	2.1221E2	1.6946E0	1.5719E6	
710	-6.8520E-1	2.1403E2	1.6874E0	1.5741E6	
711	-6.8550E-1	2.1357E2	1.6800E0	1.5763E6	
712	-6.8764E-1	2.1040E2	1.6727E0	1.5785E6	
713	-6.8573E-1	2.1323E2	1.6654E0	1.5808E6	
714	-6.8291E-1	2.1742E2	1.6581E0	1.5830E6	
715	-6.8665E-1	2.1187E2	1.6508E0	1.5852E6	
716	-6.8611E-1	2.1267E2	1.6435E0	1.5874E6	
717	-6.8359E-1	2.1640E2	1.6362E0	1.5896E6	
718	-6.8573E-1	2.1323E2	1.6290E0	1.5919E6	
719	-6.8466E-1	2.1482E2	1.6217E0	1.5941E6	
720	-6.8306E-1	2.1720E2	1.6143E0	1.5963E6	
721	-6.8497E-1	2.1436E2	1.6071E0	1.5985E6	
722	-6.8405E-1	2.1572E2	1.5997E0	1.6007E6	
723	-6.8275E-1	2.1765E2	1.5924E0	1.6030E6	
724	-6.8474E-1	2.1470E2	1.5852E0	1.6052E6	
725	-6.8268E-1	2.1776E2	1.5780E0	1.6074E6	
726	-6.8222E-1	2.1844E2	1.5704E0	1.6096E6	
727	-6.8069E-1	2.2071E2	1.5632E0	1.6118E6	
728	-6.8169E-1	2.1923E2	1.5559E0	1.6141E6	
729	-6.8306E-1	2.1720E2	1.5486E0	1.6163E6	
730	-6.8314E-1	2.1708E2	1.5413E0	1.6185E6	
731	-6.8115E-1	2.2003E2	1.5340E0	1.6207E6	
732	-6.8283E-1	2.1754E2	1.5266E0	1.6229E6	
733	-6.8230E-1	2.1833E2	1.5193E0	1.6252E6	
734	-6.8069E-1	2.2071E2	1.5121E0	1.6274E6	
735	-6.8016E-1	2.2150E2	1.5047E0	1.6296E6	
736	-6.8398E-1	2.1584E2	1.4974E0	1.6318E6	
737	-6.8077E-1	2.2059E2	1.4902E0	1.6340E6	
738	-6.7894E-1	2.2331E2	1.4828E0	1.6363E6	
739	-6.8161E-1	2.1935E2	1.4755E0	1.6385E6	
740	-6.8176E-1	2.1912E2	1.4683E0	1.6407E6	
741	-6.7856E-1	2.2388E2	1.4609E0	1.6429E6	
742	-6.7909E-1	2.2308E2	1.4537E0	1.6451E6	
743	-6.8069E-1	2.2071E2	1.4462E0	1.6474E6	
744	-6.8016E-1	2.2150E2	1.4389E0	1.6496E6	
745	-6.7902E-1	2.2320E2	1.4316E0	1.6518E6	
746	-6.7802E-1	2.2467E2	1.4244E0	1.6540E6	
747	-6.7871E-1	2.2365E2	1.4170E0	1.6562E6	
748	-6.7909E-1	2.2308E2	1.4097E0	1.6585E6	
749	-6.7894E-1	2.2331E2	1.4023E0	1.6607E6	
750	-6.7924E-1	2.2286E2	1.3951E0	1.6629E6	
751	-6.7764E-1	2.2523E2	1.3877E0	1.6651E6	
752	-6.7703E-1	2.2614E2	1.3805E0	1.6673E6	
753	-6.7596E-1	2.2773E2	1.3731E0	1.6696E6	
754	-6.7535E-1	2.2863E2	1.3658E0	1.6718E6	
755	-6.7490E-1	2.2931E2	1.3585E0	1.6740E6	
756	-6.7566E-1	2.2818E2	1.3511E0	1.6762E6	
757	-6.7451E-1	2.2988E2	1.3438E0	1.6784E6	
758	-6.7513E-1	2.2897E2	1.3365E0	1.6807E6	
759	-6.7162E-1	2.3418E2	1.3292E0	1.6829E6	
760	-6.7612E-1	2.2750E2	1.3218E0	1.6851E6	
761	-6.7436E-1	2.3010E2	1.3145E0	1.6873E6	
762	-6.7261E-1	2.3271E2	1.3072E0	1.6895E6	
763	-6.7490E-1	2.2931E2	1.2998E0	1.6918E6	
764	-6.7421E-1	2.3033E2	1.2926E0	1.6940E6	
765	-6.7284E-1	2.3237E2	1.2852E0	1.6962E6	
766	-6.7314E-1	2.3191E2	1.2779E0	1.6984E6	
767	-6.7329E-1	2.3169E2	1.2705E0	1.7006E6	
768	-6.7673E-1	2.2659E2	1.2632E0	1.7029E6	
769	-6.7406E-1	2.3056E2	1.2558E0	1.7051E6	
770	-6.7276E-1	2.3248E2	1.2486E0	1.7073E6	
771	-6.7078E-1	2.3542E2	1.2413E0	1.7095E6	
772	-6.7169E-1	2.3407E2	1.2339E0	1.7117E6	
773	-6.7215E-1	2.3339E2	1.2267E0	1.7140E6	
774	-6.7162E-1	2.3418E2	1.2194E0	1.7162E6	
775	-6.7032E-1	2.3610E2	1.2120E0	1.7184E6	
776	-6.6940E-1	2.3746E2	1.2046E0	1.7206E6	
777	-6.7116E-1	2.3486E2	1.1973E0	1.7228E6	
778	-6.7192E-1	2.3373E2	1.1900E0	1.7251E6	
779	-6.7062E-1	2.3565E2	1.1827E0	1.7273E6	
780	-6.7055E-1	2.3576E2	1.1754E0	1.7295E6	
781	-6.7039E-1	2.3599E2	1.1679E0	1.7317E6	
782	-6.7116E-1	2.3486E2	1.1608E0	1.7339E6	
783	-6.6826E-1	2.3916E2	1.1534E0	1.7362E6	
784	-6.6963E-1	2.3712E2	1.1460E0	1.7384E6	
785	-6.6940E-1	2.3746E2	1.1387E0	1.7406E6	
786	-6.7108E-1	2.3497E2	1.1314E0	1.7428E6	
787	-6.7017E-1	2.3633E2	1.1240E0	1.7450E6	
788	-6.6750E-1	2.4029E2	1.1168E0	1.7473E6	
789	-6.6849E-1	2.3882E2	1.1094E0	1.7495E6	
790	-6.6696E-1	2.4109E2	1.1021E0	1.7517E6	
791	-6.6841E-1	2.3893E2	1.0947E0	1.7539E6	
792	-6.6628E-1	2.4210E2	1.0874E0	1.7561E6	
793	-6.6895E-1	2.3814E2	1.0802E0	1.7584E6	
794	-6.6818E-1	2.3927E2	1.0728E0	1.7606E6	
795	-6.6605E-1	2.4244E2	1.0654E0	1.7628E6	
796	-6.6505E-1	2.4392E2	1.0582E0	1.7650E6	
797	-6.6742E-1	2.4041E2	1.0508E0	1.7672E6	
798	-6.6666E-1	2.4154E2	1.0435E0	1.7695E6	
799	-6.4018E-1	2.8083E2	1.0362E0	1.7717E6	
800	-6.0104E-1	3.3891E2	1.0288E0	1.7739E6	
801	-5.6938E-1	3.8590E2	1.0215E0	1.7761E6	
802	-5.3894E-1	4.3108E2	1.0142E0	1.7783E6	
803	-5.1224E-1	4.7071E2	1.0068E0	1.7806E6	
804	-4.8912E-1	5.0502E2	9.9955E-1	1.7828E6	
805	-4.6288E-1	5.4396E2	9.9222E-1	1.7850E6	
806	-4.3770E-1	5.8133E2	9.8488E-1	1.7872E6	
807	-4.1061E-1	6.2152E2	9.7760E-1	1.7894E6	
808	-3.9490E-1	6.4485E2	9.7022E-1	1.7917E6	
809	-3.6995E-1	6.8187E2	9.6297E-1	1.7939E6	
810	-3.4798E-1	7.1448E2	9.5558E-1	1.7961E6	
811	-3.3089E-1	7.3985E2	9.4981E-1	1.7979E6	
812	-3.2845E-1	7.4347E2	9.4941E-1	1.7980E6	
813	-3.2845E-1	7.4347E2	9.4941E-1	1.7980E6	
814	-3.2845E-1	7.4347E2	9.4941E-1	1.7980E6	
815	-3.2845E-1	7.4347E2	9.4941E-1	1.7980E6	
816	-3.2845E-1	7.4347E2	9.4941E-1	1.7980E6	
817	-3.2845E-1	7.4347E2	9.4941E-1	1.7980E6	
818	-3.2845E-1	7.4347E2	9.4941E-1	1.7980E6	
819	-3.2845E-1	7.4347E2	9.4941E-1	1.7980E6	
820	-3.2845E-1	7.4347E2	9.4941E-1	1.7980E6	
821	-3.2845E-1	7.4347E2	9.4941E-1	1.7980E6	
822	-3.2845E-1	7.4347E2	9.4941E-1	1.7980E6	
823	-3.2845E-1	7.4347E2	9.4941E-1	1.7980E6	
824	-3.2845E-1	7.4347E2	9.4941E-1	1.7980E6	
825	-3.2845E-1	7.4347E2	9.4941E-1	1.7980E6	
826	-3.2845E-1	7.4347E2	9.4941E-1	1.7980E6	
827	-3.2845E-1	7.4347E2	9.4941E-1	1.7980E6	
828	-3.2845E-1	7.4347E2	9.4941E-1	1.7980E6	
829	-3.2845E-1	7.4347E2	9.4941E-1	1.7980E6	
830	-3.2845E-1	7.4347E2	9.4941E-1	1.7980E6	
831	-3.2845E-1	7.4347E2	9.4941E-1	1.7980E6	
832	-3.2845E-1	7.4347E2	9.4941E-1	1.7980E6	
833	-3.2845E-1	7.4347E2	9.4941E-1	1.7980E6	
834	-3.2845E-1	7.4347E2	9.4941E-1	1.7980E6	
835	-3.2845E-1	7.4347E2	9.4941E-1	1.7980E6	
836	-3.2845E-1	7.4347E2	9.4941E-1	1.7980E6	
837	-3.2845E-1	7.4347E2	9.4941E-1	1.7980E6	
838	-3.2845E-1	7.4347E2	9.4941E-1	1.7980E6	
839	-3.2845E-1	7.4347E2	9.4941E-1	1.7980E6	
840	-3.2845E-1	7.4347E2	9.4941E-1	1.7980E6	
841	-3.2845E-1	7.4347E2	9.4941E-1	1.7980E6	
842	-3.2845E-1	7.4347E2	9.4941E-1	1.7980E6	
843	-3.2845E-1	7.4347E2	9.4941E-1	1.7980E6	
844	-3.2845E-1	7.4347E2	9.4941E-1	1.7980E6	
845	-3.2845E-1	7.4347E2	9.4941E-1	1.7980E6	
846	-3.2845E-1	7.4347E2	9.4941E-1	1.7980E6	
847	-3.2845E-1	7.4347E2	9.4941E-1	1.7980E6	
848	-3.2845E-1	7.4347E2	9.4941E-1	1.7980E6	
849	-3.2845E-1	7.4347E2	9.4941E-1	1.7980E6	
850	-3.2845E-1	7.4347E2	9.4941E-1	1.7980E6	
851	-3.2845E-1	7.4347E2	9.4941E-1	1.7980E6	
852	-3.2845E-1	7.4347E2	9.4941E-1	1.7980E6	
853	-3.2845E-1	7.4347E2	9.4941E-1	1.7980E6	
854	-3.2845E-1	7.4347E2	9.4941E-1	1.7980E6	
855	-3.2845E-1	7.4347E2	9.4941E-1	1.7980E6	
856	-3.2845E-1	7.4347E2	9.4941E-1	1.7980E6	
857	-3.2845E-1	7.4347E2	9.4941E-1	1.7980E6	
858	-3.2845E-1	7.4347E2	9.4941E-1	1.7980E6	
859	-3.2845E-1	7.4347E2	9.4941E-1	1.7980E6	
860	-3.2845E-1	7.4347E2	9.4941E-1	1.7980E6	
861	-3.2845E-1	7.4347E2	9.4941E-1	1.7980E6	
862	-3.2845E-1	7.4347E2	9.4941E-1	1.7980E6	
863	-3.2845E-1	7.4347E2	9.4941E-1	1.7980E6	
864	-3.2845E-1	7.4347E2	9.4941E-1	1.7980E6	
865	-3.2845E-1	7.4347E2	9.4941E-1	1.7980E6	
866	-3.2845E-1	7.4347E2	9.4941E-1	1.7980E6	
867	-3.2845E-1	7.4347E2	9.4941E-1	1.7980E6	
868	-3.2845E-1	7.4347E2	9.4941E-1	1.7980E6	
869	-3.2845E-1	7.4347E2	9.4941E-1	1.7980E6	
870	-3.2845E-1	7.4347E2	9.4941E-1	1.7980E6	
871	-3.2845E-1	7.4347E2	9.4941E-1	1.7980E6	
872	-3.2845E-1	7.4347E2	9.4941E-1	1.7980E6	
873	-3.2845E-1	7.4347E2	9.4941E-1	1.7980E6	
874	-3.2845E-1	7.4347E2	9.4941E-1	1.7980E6	
875	-3.2845E-1	7.4347E2	9.4941E-1	1.7980E6	
876	-3.2845E-1	7.4347E2	9.4941E-1	1.7980E6	
877	-3.2845E-1	7.4347E2	9.4941E-1	1.7980E6	
878	-3.2845E-1	7.4347E2	9.4941E-1	1.7980E6	
879	-3.2845E-1	7.4347E2	9.4941E-1	1.7980E6	
880	-3.2845E-1	7.4347E2	9.4941E-1	1.7980E6	
881	-3.2845E-1	7.4347E2	9.4941E-1	1.7980E6	
882	-3.2845E-1	7.4347E2	9.4941E-1	1.7980E6	
883	-3.2845E-1	7.4347E2	9.4941E-1	1.7980E6	
884	-3.2845E-1	7.4347E2	9.4941E-1	1.7980E6	
885	-3.2845E-1	7.4347E2	9.4941E-1	1.7980E6	
886	-3.2845E-1	7.4347E2	9.4941E-1	1.7980E6	
887	-3.2845E-1	7.4347E2	9.4941E-1	1.7980E6	
888	-3.2845E-1	7.4347E2	9.4941E-1	1.7980E6	
889	-3.2845E-1	7.4347E2	9.4941E-1	1.7980E6	
890	-3.2845E-1	7.4347E2	9.4941E-1	1.7980E6	
891	-3.2845E-1	7.4347E2	9.4941E-1	1.7980E6	
892	-3.2845E-1	7.4347E2	9.4941E-1	1.7980E6	
893	-3.2845E-1	7.4347E2	9.4941E-1	1.7980E6	
894	-3.2845E-1	7.4347E2	9.4941E-1	1.7980E6	
895	-3.2845E-1	7.4347E2	9.4941E-1	1.7980E6	
896	-3.2845E-1	7.4347E2	9.4941E-1	1.7980E6	
897	-3.2845E-1	7.4347E2	9.4941E-1	1.7980E6	
898	-3.2845E-1	7.4347E2	9.4941E-1	1.7980E6	
899	-3.2845E-1	7.4347E2	9.4941E-1	1.7980E6	
900	-3.2845E-1	7.4347E2	9.4941E-1	1.7980E6	
901	-3.2845E-1	7.4347E2	9.4941E-1	1.7980E6	
902	-3.2845E-1	7.4347E2	9.4941E-1	1.7980E6	
903	-3.2845E-1	7.4347E2	9.4941E-1	1.7980E6	
904	-3.2845E-1	7.4347E2	9.4941E-1	1.7980E6	
905	-3.2845E-1	7.4347E2	9.4941E-1	1.7980E6	
906	-3.2845E-1	7.4347E2	9.4941E-1	1.7980E6	
907	-3.2845E-1	7.4347E2	9.4941E-1	1.7980E6	
908	-3.2845E-1	7.4347E2	9.4941E-1	1.7980E6	
909	-3.2845E-1	7.4347E2	9.4941E-1	1.7980E6	
910	-3.2845E-1	7.4347E2	9.4941E-1	1.7980E6	
911	-3.2845E-1	7.4347E2	9.4941E-1	1.7980E6	
912	-3.2845E-1	7.4347E2	9.4941E-1	1.7980E6	
913	-3.2845E-1	7.4347E2	9.4941E-1	1.7980E6	
914	-3.2845E-1	7.4347E2	9.4941E-1	1.7980E6	
915	-3.2845E-1	7.4347E2	9.4941E-1	1.7980E6	
916	-3.2845E-1	7.4347E2	9.4941E-1	1.7980E6	
917	-3.2845E-1	7.4347E2	9.4941E-1	1.7980E6	
918	-3.2845E-1	7.4347E2	9.4941E-1	1.7980E6	
919	-3.2845E-1	7.4347E2	9.4941E-1	1.7980E6	
920	-3.2845E-1	7.4347E2	9.4941E-1	1.7980E6	
921	-3.2845E-1	7.4347E2	9.4941E-1	1.7980E6	
922	-3.2845E-1	7.4347E2	9.4941E-1	1.7980E6	
923	-3.2845E-1	7.4347E2	9.4941E-1	1.7980E6	
924	-3.2845E-1	7.4347E2	9.4941E-1	1.7980E6	
925	-3.2845E-1	7.4347E2	9.4941E-1	1.7980E6	
926	-3.2845E-1	7.4347E2	9.4941E-1	1.7980E6	
927	-3.2845E-1	7.4347E2	9.4941E-1	1.7980E6	
928	-3.2845E-1	7.4347E2	9.4941E-1	1.7980E6	
929	-3.2845E-1	7.4347E2	9.4941E-1	1.7980E6	
930	-3.2845E-1	7.4347E2	9.4941E-1	1.7980E6	
931	-3.2845E-1	7.4347E2	9.4941E-1	1.7980E6	
932	-3.2845E-1	7.4347E2	9.4941E-1	1.7980E6	
933	-3.2845E-1	7.4347E2	9.4941E-1	1.7980E6	
934	-3.2845E-1	7.4347E2	9.4941E-1	1.7980E6	
935	-3.2845E-1	7.4347E2	9.4941E-1	1.7980E6	
936	-3.2845E-1	7.4347E2	9.4941E-1	1.7980E6	
937	-3.2845E-1	7.4347E2	9.4941E-1	1.7980E6	
938	-3.2845E-1	7.4347E2	9.4941E-1	1.7980E6	
939	-3.2845E-1	7.4347E2	9.4941E-1	1.7980E6	
940	-3.2845E-1	7.4347E2	9.4941E-1	1.7980E6	
941	-3.2845E-1	7.4347E2	9.4941E-1	1.7980E6	
942	-3.2845E-1	7.4347E2	9.4941E-1	1.7980E6	
943	-3.2845E-1	7.4347E2	9.4941E-1	1.7980E6	
944	-3.2845E-1	7.4347E2	9.4941E-1	1.7980E6	
945	-3.2845E-1	7.4347E2	9.4941E-1	1.7980E6	
946	-3.2845E-1	7.4347E2	9.4941E-1	1.7980E6	
947	-3.2845E-1	7.4347E2	9.4941E-1	1.7980E6	
948	-3.2845E-1	7.4347E2	9.4941E-1	1.7980E6	
949	-3.2845E-1	7.4347E2	9.4941E-1	1.7980E6	
950	-3.2845E-1	7.4347E2	9.4941E-1	1.7980E6	
951	-3.2845E-1	7.4347E2	9.4941E-1	1.7980E6	
952	-3.2845E-1	7.4347E2	9.4941E-1	1.7980E6	
953	-3.2845E-1	7.4347E2	9.4941E-1	1.7980E6	
954	-3.2845E-1	7.4347E2	9.4941E-1	1.7980E6	
955	-3.2845E-1	7.4347E2	9.4941E-1	1.7980E6	
956	-3.2845E-1	7.4347E2	9.4941E-1	1.7980E6	
957	-3.2845E-1	7.4347E2	9.4941E-1	1.7980E6	
958	-3.2845E-1	7.4347E2	9.4941E-1	1.7980E6	
959	-3.2845E-1	7.4347E2	9.4941E-1	1.7980E6	
960	-3.2845E-1	7.4347E2	9.4941E-1	1.7980E6	
961	-3.2845E-1	7.4347E2	9.4941E-1	1.7980E6	
962	-3.2845E-1	7.4347E2	9.4941E-1	1.7980E6	
963	-3.2845E-1	7.4347E2	9.4941E-1	1.7980E6	
964	-3.2845E-1	7.4347E2	9.4941E-1	1.7980E6	
965	-3.2845E-1	7.4347E2	9.4941E-1	1.7980E6	
966	-3.2845E-1	7.4347E2	9.4941E-1	1.7980E6	
967	-3.2845E-1	7.4347E2	9.4941E-1	1.7980E6	
968	-3.2845E-1	7.4347E2	9.4941E-1	1.7980E6	
969	-3.2845E-1	7.4347E2	9.4941E-1	1.7980E6	
970	-3.2845E-1	7.4347E2	9.4941E-1	1.7980E6	
971	-3.2845E-1	7.4347E2	9.4941E-1	1.7980E6	
972	-3.2845E-1	7.4347E2	9.4941E-1	1.7980E6	
973	-3.2845E-1	7.4347E2	9.4941E-1	1.7980E6	
974	-3.2845E-1	7.4347E2	9.4941E-1	1.7980E6	
975	-3.2845E-1	7.4347E2	9.4941E-1	1.7980E6	
976	-3.2845E-1	7.4347E2	9.4941E-1	1.7980E6	
977	-3.2845E-1	7.4347E2	9.4941E-1	1.7980E6	
978	-3.2845E-1	7.4347E2	9.4941E-1	1.7980E6	
979	-3.2845E-1	7.4347E2	9.4941E-1	1.7980E6	
980	-3.2845E-1	7.4347E2	9.4941E-1	1.7980E6	
981	-3.2845E-1	7.4347E2	9.4941E-1	1.7980E6	
982	-3.2845E-1	7.4347E2	9.4941E-1	1.7980E6	
983	-3.2845E-1	7.4347E2	9.4941E-1	1.7980E6	
984	-3.2845E-1	7.4347E2	9.4941E-1	1.7980E6	
985	-3.2845E-1	7.4347E2	9.4941E-1	1.7980E6	
986	-3.2845E-1	7.4347E2	9.4941E-1	1.7980E6	
987	-3.2845E-1	7.4347E2	9.4941E-1	1.7980E6	
988	-3.2845E-1	7.4347E2	9.4941E-1	1.7980E6	
989	-3.2845E-1	7.4347E2	9.4941E-1	1.7980E6	
990	-3.2845E-1	7.4347E2	9.4941E-1	1.7980E6	
991	-3.2845E-1	7.4347E2	9.4941E-1	1.7980E6	
992	-3.2845E-1	7.4347E2	9.4941E-1	1.7980E6	
993	-3.2845E-1	7.4347E2	9.4941E-1	1.7980E6	
994	-3.2845E-1	7.4347E2	9.4941E-1	1.7980E6	
995	-3.2845E-1	7.4347E2	9.4941E-1	1.7980E6	
996	-3.2845E-1	7.4347E2	9.4941E-1	1.7980E6	
997	-3.2845E-1	7.4347E2	9.4941E-1	1.7980E6	
998	-3.2845E-1	7.4347E2	9.4941E-1	1.7980E6	
999	-3.2845E-1	7.4347E2	9.4941E-1	1.7980E6	
1000	-3.2845E-1	7.4347E2	9.4941E-1	1.7980E6	
1001	-3.2845E-1	7.4347E2	9.4941E-1	1.7980E6	
1002	-3.2845E-1	7.4347E2	9.4941E-1	1.7980E6	
1003	-3.2845E-1	7.4347E2	9.4941E-1	1.7980E6	
1004	-3.2845E-1	7.4347E2	9.4941E-1	1.7980E6	
1005	-3.2845E-1	7.4347E2	9.4941E-1	1.7980E6	
1006	-3.2845E-1	7.4347E2	9.4941E-1	1.7980E6	
1007	-3.2845E-1	7.4347E2	9.4941E-1	1.7980E6	
1008	-3.2845E-1	7.4347E2	9.4941E-1	1.7980E6	
1009	-3.2845E-1	7.4347E2	9.4941E-1	1.7980E6	
1010	-3.2845E-1	7.4347E2	9.4941E-1	1.7980E6	
1011	-3.2845E-1	7.4347E2	9.4941E-1	1.7980E6	
1012	-3.2845E-1	7.4347E2	9.4941E-1	1.7980E6	
1013	-3.2845E-1	7.4347E2	9.4941E-1	1.7980E6	
1014	-3.2845E-1	7.4347E2	9.4941E-1	1.7980E6	
1015	-3.2845E-1	7.4347E2	9.4941E-1	1.7980E6	
1016	-3.2845E-1	7.4347E2	9.4941E-1	1.7980E6	
1017	-3.2845E-1	7.4347E2	9.4941E-1	1.7980E6	
1018	-3.2845E-1	7.4347E2	9.4941E-1	1.7980E6	
1019	-3.2845E-1	7.4347E2	9.4941E-1	1.7980E6	
1020	-3.2845E-1	7.4347E2	9.4941E-1	1.7980E6	
1021	-3.2845E-1	7.4347E2	9.4941E-1	1.7980E6	
1022	-3.2845E-1	7.4347E2	9.4941E-1	1.7980E6	
1023	-3.2845E-1	7.4347E2	9.4941E-1	1.7980E6	
1024	-3.2845E-1	7.4347E2	9.4941E-1	1.7980E6	
1025	-3.2784E-1	7.4437E2	9.4931E-1	1.7980E6	
1026	-3.6858E-1	6.8391E2	9.5053E-1	1.8002E6	
1027	-3.9474E-1	6.4508E2	9.5312E-1	1.8024E6	
1028	-4.1534E-1	6.1450E2	9.5618E-1	1.8047E6	
1029	-4.3907E-1	5.7929E2	9.5944E-1	1.8069E6	
1030	-4.5357E-1	5.5778E2	9.6285E-1	1.8091E6	
1031	-4.7310E-1	5.2879E2	9.6653E-1	1.8113E6	
1032	-4.8935E-1	5.0468E2	9.7032E-1	1.8135E6	
1033	-5.1125E-1	4.7218E2	9.7430E-1	1.8158E6	
1034	-5.2307E-1	4.5463E2	9.7830E-1	1.8180E6	
1035	-5.3688E-1	4.3414E2	9.8237E-1	1.8202E6	
1036	-5.5641E-1	4.0515E2	9.8636E-1	1.8224E6	
1037	-5.7205E-1	3.8194E2	9.9055E-1	1.8246E6	
1038	-5.9334E-1	3.5035E2	9.9476E-1	1.8269E6	
1039	-6.0455E-1	3.3370E2	9.9896E-1	1.8291E6	
1040	-6.1981E-1	3.1106E2	1.0033E0	1.8313E6	
1041	-6.3004E-1	2.9589E2	1.0076E0	1.8335E6	
1042	-6.4590E-1	2.7234E2	1.0120E0	1.8357E6	
1043	-6.6391E-1	2.4561E2	1.0164E0	1.8380E6	
1044	-6.7795E-1	2.2478E2	1.0209E0	1.8402E6	
1045	-6.9122E-1	2.0508E2	1.0253E0	1.8424E6	
1046	-7.0770E-1	1.8062E2	1.0297E0	1.8446E6	
1047	-7.2418E-1	1.5617E2	1.0343E0	1.8468E6	
1048	-7.3860E-1	1.3477E2	1.0386E0	1.8491E6	
1049	-7.4768E-1	1.2129E2	1.0433E0	1.8513E6	
1050	-7.6561E-1	9.4685E1	1.0477E0	1.8535E6	
1051	-7.7431E-1	8.1777E1	1.0523E0	1.8557E6	
1052	-7.6904E-1	8.9590E1	1.0568E0	1.8579E6	
1053	-6.6910E-1	2.3792E2	1.0614E0	1.8602E6	
1054	-6.6963E-1	2.3712E2	1.0660E0	1.8624E6	
1055	-6.7017E-1	2.3633E2	1.0706E0	1.8646E6	
1056	-6.6933E-1	2.3758E2	1.0752E0	1.8668E6	
1057	-6.6780E-1	2.3984E2	1.0799E0	1.8690E6	
1058	-6.7024E-1	2.3622E2	1.0845E0	1.8713E6	
1059	-6.6765E-1	2.4007E2	1.0892E0	1.8735E6	
1060	-6.6795E-1	2.3961E2	1.0938E0	1.8757E6	
1061	-6.6971E-1	2.3701E2	1.0986E0	1.8779E6	
1062	-6.7390E-1	2.3078E2	1.1032E0	1.8801E6	
1063	-6.6963E-1	2.3712E2	1.1079E0	1.8824E6	
1064	-6.7047E-1	2.3588E2	1.1126E0	1.8846E6	
1065	-6.7055E-1	2.3576E2	1.1173E0	1.8868E6	
1066	-6.6925E-1	2.3769E2	1.1221E0	1.8890E6	
1067	-6.7123E-1	2.3475E2	1.1268E0	1.8912E6	
1068	-6.6902E-1	2.3803E2	1.1315E0	1.8935E6	
1069	-6.7131E-1	2.3463E2	1.1363E0	1.8957E6	
1070	-6.6895E-1	2.3814E2	1.1411E0	1.8979E6	
1071	-6.7039E-1	2.3599E2	1.1458E0	1.9001E6	
1072	-6.7101E-1	2.3509E2	1.1506E0	1.9023E6	
1073	-6.7093E-1	2.3520E2	1.1554E0	1.9046E6	
1074	-6.7047E-1	2.3588E2	1.1602E0	1.9068E6	
1075	-6.7001E-1	2.3656E2	1.1650E0	1.9090E6	
1076	-6.7047E-1	2.3588E2	1.1698E0	1.9112E6	
1077	-6.7268E-1	2.3259E2	1.1746E0	1.9134E6	
1078	-6.6925E-1	2.3769E2	1.1794E0	1.9157E6	
1079	-6.7062E-1	2.3565E2	1.1844E0	1.9179E6	
1080	-6.7039E-1	2.3599E2	1.1892E0	1.9201E6	
1081	-6.7154E-1	2.3429E2	1.1940E0	1.9223E6	
1082	-6.6879E-1	2.3837E2	1.1988E0	1.9245E6	
1083	-6.7245E-1	2.3293E2	1.2037E0	1.9268E6	
1084	-6.7146E-1	2.3441E2	1.2085E0	1.9290E6	
1085	-6.7062E-1	2.3565E2	1.2134E0	1.9312E6	
1086	-6.7261E-1	2.3271E2	1.2183E0	1.9334E6	
1087	-6.7307E-1	2.3203E2	1.2232E0	1.9356E6	
1088	-6.7024E-1	2.3622E2	1.2281E0	1.9379E6	
1089	-6.7184E-1	2.3384E2	1.2330E0	1.9401E6	
1090	-6.7055E-1	2.3576E2	1.2380E0	1.9423E6	
1091	-6.7383E-1	2.3090E2	1.2428E0	1.9445E6	
1092	-6.7215E-1	2.3339E2	1.2477E0	1.9467E6	
1093	-6.7451E-1	2.2988E2	1.2527E0	1.9490E6	
1094	-6.7268E-1	2.3259E2	1.2576E0	1.9512E6	
1095	-6.7543E-1	2.2852E2	1.2625E0	1.9534E6	
1096	-6.7169E-1	2.3407E2	1.2676E0	1.9556E6	
1097	-6.7123E-1	2.3475E2	1.2724E0	1.9578E6	
1098	-6.7360E-1	2.3124E2	1.2775E0	1.9601E6	
1099	-6.7505E-1	2.2908E2	1.2825E0	1.9623E6	
1100	-6.7352E-1	2.3135E2	1.2874E0	1.9645E6	
1101	-6.7520E-1	2.2886E2	1.2924E0	1.9667E6	
1102	-6.7360E-1	2.3124E2	1.2974E0	1.9689E6	
1103	-6.7490E-1	2.2931E2	1.3024E0	1.9712E6	
1104	-6.7421E-1	2.3033E2	1.3074E0	1.9734E6	
1105	-6.7368E-1	2.3112E2	1.3124E0	1.9756E6	
1106	-6.7589E-1	2.2784E2	1.3174E0	1.9778E6	
1107	-6.7436E-1	2.3010E2	1.3224E0	1.9800E6	
1108	-6.7696E-1	2.2625E2	1.3275E0	1.9823E6	
1109	-6.7619E-1	2.2739E2	1.3325E0	1.9845E6	
1110	-6.7543E-1	2.2852E2	1.3375E0	1.9867E6	
1111	-6.7429E-1	2.3022E2	1.3426E0	1.9889E6	
1112	-6.7535E-1	2.2863E2	1.3476E0	1.9911E6	
1113	-6.7886E-1	2.2342E2	1.3526E0	1.9934E6	
1114	-6.7673E-1	2.2659E2	1.3577E0	1.9956E6	
1115	-6.7757E-1	2.2535E2	1.3628E0	1.9978E6	
1116	-6.7703E-1	2.2614E2	1.3680E0	2.0000E6	
1117	-6.7665E-1	2.2671E2	1.3730E0	2.0022E6	
1118	-6.7696E-1	2.2625E2	1.3781E0	2.0045E6	
1119	-6.7574E-1	2.2807E2	1.3831E0	2.0067E6	
1120	-6.7795E-1	2.2478E2	1.3883E0	2.0089E6	
1121	-6.7680E-1	2.2648E2	1.3933E0	2.0111E6	
1122	-6.7863E-1	2.2376E2	1.3985E0	2.0133E6	
1123	-6.8077E-1	2.2059E2	1.4036E0	2.0156E6	
1124	-6.7780E-1	2.2501E2	1.4087E0	2.0178E6	
1125	-6.7886E-1	2.2342E2	1.4138E0	2.0200E6	
1126	-6.8062E-1	2.2082E2	1.4190E0	2.0222E6	
1127	-6.7909E-1	2.2308E2	1.4241E0	2.0244E6	
1128	-6.7970E-1	2.2218E2	1.4293E0	2.0267E6	
1129	-6.7886E-1	2.2342E2	1.4345E0	2.0289E6	
1130	-6.7986E-1	2.2195E2	1.4396E0	2.0311E6	
1131	-6.8184E-1	2.1901E2	1.4447E0	2.0333E6	
1132	-6.8108E-1	2.2014E2	1.4499E0	2.0355E6	
1133	-6.7947E-1	2.2252E2	1.4552E0	2.0378E6	
1134	-6.8115E-1	2.2003E2	1.4604E0	2.0400E6	
1135	-6.8016E-1	2.2150E2	1.4655E0	2.0422E6	
1136	-6.8130E-1	2.1980E2	1.4707E0	2.0444E6	
1137	-6.8184E-1	2.1901E2	1.4759E0	2.0466E6	
1138	-6.7848E-1	2.2399E2	1.4812E0	2.0489E6	
1139	-6.8024E-1	2.2138E2	1.4863E0	2.0511E6	
1140	-6.8192E-1	2.1889E2	1.4915E0	2.0533E6	
1141	-6.8245E-1	2.1810E2	1.4968E0	2.0555E6	
1142	-6.7970E-1	2.2218E2	1.5020E0	2.0577E6	
1143	-6.8115E-1	2.2003E2	1.5073E0	2.0600E6	
1144	-6.8222E-1	2.1844E2	1.5124E0	2.0622E6	
1145	-6.8077E-1	2.2059E2	1.5176E0	2.0644E6	
1146	-6.8153E-1	2.1946E2	1.5229E0	2.0666E6	
1147	-6.8382E-1	2.1606E2	1.5283E0	2.0688E6	
1148	-6.8306E-1	2.1720E2	1.5335E0	2.0711E6	
1149	-6.8314E-1	2.1708E2	1.5388E0	2.0733E6	
1150	-6.8123E-1	2.1991E2	1.5440E0	2.0755E6	
1151	-6.8344E-1	2.1663E2	1.5493E0	2.0777E6	
1152	-6.8359E-1	2.1640E2	1.5546E0	2.0799E6	
1153	-6.8275E-1	2.1765E2	1.5599E0	2.0822E6	
1154	-6.8207E-1	2.1867E2	1.5652E0	2.0844E6	
1155	-6.8367E-1	2.1629E2	1.5705E0	2.0866E6	
1156	-6.8581E-1	2.1312E2	1.5758E0	2.0888E6	
1157	-6.8268E-1	2.1776E2	1.5811E0	2.0910E6	
1158	-6.8321E-1	2.1697E2	1.5864E0	2.0933E6	
1159	-6.8291E-1	2.1742E2	1.5918E0	2.0955E6	
1160	-6.8504E-1	2.1425E2	1.5972E0	2.0977E6	
1161	-6.8657E-1	2.1199E2	1.6025E0	2.0999E6	
1162	-6.8413E-1	2.1561E2	1.6079E0	2.1021E6	
1163	-6.8527E-1	2.1391E2	1.6132E0	2.1044E6	
1164	-6.8382E-1	2.1606E2	1.6185E0	2.1066E6	
1165	-6.8321E-1	2.1697E2	1.6238E0	2.1088E6	
1166	-6.8436E-1	2.1527E2	1.6292E0	2.1110E6	
1167	-6.8527E-1	2.1391E2	1.6346E0	2.1132E6	
1168	-6.8520E-1	2.1403E2	1.6399E0	2.1155E6	
1169	-6.8459E-1	2.1493E2	1.6453E0	2.1177E6	
1170	-6.8680E-1	2.1165E2	1.6507E0	2.1199E6	
1171	-6.8581E-1	2.1312E2	1.6560E0	2.1221E6	
1172	-6.8527E-1	2.1391E2	1.6615E0	2.1243E6	
1173	-6.8314E-1	2.1708E2	1.6668E0	2.1266E6	
1174	-6.8413E-1	2.1561E2	1.6723E0	2.1288E6	
1175	-6.8695E-1	2.1142E2	1.6777E0	2.1310E6	
1176	-6.8626E-1	2.1244E2	1.6831E0	2.1332E6	
1177	-6.8420E-1	2.1550E2	1.6884E0	2.1354E6	
1178	-6.8558E-1	2.1346E2	1.6939E0	2.1377E6	
1179	-6.8527E-1	2.1391E2	1.6993E0	2.1399E6	
1180	-6.8733E-1	2.1085E2	1.7049E0	2.1421E6	
1181	-6.8626E-1	2.1244E2	1.7103E0	2.1443E6	
1182	-6.8779E-1	2.1018E2	1.7157E0	2.1465E6	
1183	-6.8787E-1	2.1006E2	1.7212E0	2.1488E6	
1184	-6.8878E-1	2.0870E2	1.7267E0	2.1510E6	
1185	-6.8871E-1	2.0882E2	1.7321E0	2.1532E6	
1186	-6.8901E-1	2.0836E2	1.7375E0	2.1554E6	
1187	-6.8794E-1	2.0995E2	1.7430E0	2.1576E6	
1188	-6.8748E-1	2.1063E2	1.7485E0	2.1599E6	
1189	-6.8832E-1	2.0938E2	1.7540E0	2.1621E6	
1190	-6.8810E-1	2.0972E2	1.7595E0	2.1643E6	
1191	-6.8718E-1	2.1108E2	1.7650E0	2.1665E6	
1192	-6.8748E-1	2.1063E2	1.7706E0	2.1687E6	
1193	-6.8710E-1	2.1119E2	1.7760E0	2.1710E6	
1194	-6.8962E-1	2.0746E2	1.7815E0	2.1732E6	
1195	-6.8741E-1	2.1074E2	1.7870E0	2.1754E6	
1196	-6.9031E-1	2.0644E2	1.7925E0	2.1776E6	
1197	-6.8909E-1	2.0825E2	1.7980E0	2.1798E6	
1198	-6.9283E-1	2.0270E2	1.8036E0	2.1821E6	
1199	-6.8855E-1	2.0904E2	1.8091E0	2.1843E6	
1200	-6.8962E-1	2.0746E2	1.8147E0	2.1865E6	
1201	-6.8962E-1	2.0746E2	1.8201E0	2.1887E6	
1202	-6.9145E-1	2.0474E2	1.8257E0	2.1909E6	
1203	-6.9214E-1	2.0372E2	1.8312E0	2.1932E6	
1204	-6.8939E-1	2.0780E2	1.8368E0	2.1954E6	
1205	-6.9138E-1	2.0485E2	1.8423E0	2.1976E6	
1206	-6.9092E-1	2.0553E2	1.8480E0	2.1998E6	
1207	-6.9046E-1	2.0621E2	1.8536E0	2.2020E6	
1208	-6.9344E-1	2.0180E2	1.8591E0	2.2043E6	
1209	-6.9130E-1	2.0497E2	1.8647E0	2.2065E6	
1210	-6.9374E-1	2.0134E2	1.8704E0	2.2087E6	
1211	-6.9366E-1	2.0146E2	1.8758E0	2.2109E6	
1212	-6.9321E-1	2.0214E2	1.8814E0	2.2131E6	
1213	-6.9382E-1	2.0123E2	1.8870E0	2.2154E6	
1214	-6.9214E-1	2.0372E2	1.8927E0	2.2176E6	
1215	-6.9580E-1	1.9829E2	1.8984E0	2.2198E6	
1216	-6.9321E-1	2.0214E2	1.9040E0	2.2220E6	
1217	-6.9344E-1	2.0180E2	1.9096E0	2.2242E6	
1218	-6.9405E-1	2.0089E2	1.9152E0	2.2265E6	
1219	-6.9412E-1	2.0078E2	1.9209E0	2.2287E6	
1220	-6.9542E-1	1.9885E2	1.9265E0	2.2309E6	
1221	-6.9504E-1	1.9942E2	1.9322E0	2.2331E6	
1222	-6.9473E-1	1.9987E2	1.9378E0	2.2353E6	
1223	-6.9374E-1	2.0134E2	1.9435E0	2.2376E6	
1224	-6.9389E-1	2.0112E2	1.9491E0	2.2398E6	
1225	-6.9511E-1	1.9931E2	1.9548E0	2.2420E6	
1226	-6.9504E-1	1.9942E2	1.9604E0	2.2442E6	
1227	-6.9695E-1	1.9659E2	1.9661E0	2.2464E6	
1228	-6.9695E-1	1.9659E2	1.9718E0	2.2487E6	
1229	-6.9656E-1	1.9715E2	1.9775E0	2.2509E6	
1230	-6.9656E-1	1.9715E2	1.9831E0	2.2531E6	
1231	-6.9725E-1	1.9614E2	1.9889E0	2.2553E6	
1232	-6.9557E-1	1.9863E2	1.9946E0	2.2575E6	
1233	-6.9710E-1	1.9636E2	2.0002E0	2.2598E6	
1234	-6.9382E-1	2.0123E2	2.0060E0	2.2620E6	
1235	-6.9847E-1	1.9432E2	2.0117E0	2.2642E6	
1236	-6.9489E-1	1.9965E2	2.0175E0	2.2664E6	
1237	-6.9756E-1	1.9568E2	2.0232E0	2.2686E6	
1238	-6.9649E-1	1.9727E2	2.0289E0	2.2709E6	
1239	-6.9786E-1	1.9523E2	2.0346E0	2.2731E6	
1240	-6.9984E-1	1.9229E2	2.0404E0	2.2753E6	
1241	-6.9763E-1	1.9557E2	2.0461E0	2.2775E6	
1242	-6.9794E-1	1.9512E2	2.0519E0	2.2797E6	
1243	-6.9847E-1	1.9432E2	2.0576E0	2.2820E6	
1244	-6.9672E-1	1.9693E2	2.0634E0	2.2842E6	
1245	-6.9649E-1	1.9727E2	2.0692E0	2.2864E6	
1246	-6.9862E-1	1.9410E2	2.0749E0	2.2886E6	
1247	-6.9939E-1	1.9297E2	2.0807E0	2.2908E6	
1248	-6.9527E-1	1.9908E2	2.0865E0	2.2931E6	
1249	-7.0030E-1	1.9161E2	2.0921E0	2.2953E6	
1250	-6.9977E-1	1.9240E2	2.0981E0	2.2975E6	
1251	-7.0160E-1	1.8968E2	2.1039E0	2.2997E6	
1252	-6.9824E-1	1.9466E2	2.1097E0	2.3019E6	
1253	-7.0122E-1	1.9025E2	2.1155E0	2.3042E6	
1254	-7.0274E-1	1.8798E2	2.1213E0	2.3064E6	
1255	-7.0259E-1	1.8821E2	2.1271E0	2.3086E6	
1256	-7.0076E-1	1.9093E2	2.1329E0	2.3108E6	
1257	-7.0091E-1	1.9070E2	2.1387E0	2.3130E6	
1258	-7.0206E-1	1.8900E2	2.1446E0	2.3153E6	
1259	-7.0305E-1	1.8753E2	2.1504E0	2.3175E6	
1260	-7.0099E-1	1.9059E2	2.1563E0	2.3197E6	
1261	-7.0152E-1	1.8979E2	2.1621E0	2.3219E6	
1262	-7.0023E-1	1.9172E2	2.1680E0	2.3241E6	
1263	-7.0099E-1	1.9059E2	2.1738E0	2.3264E6	
1264	-7.0290E-1	1.8776E2	2.1797E0	2.3286E6	
1265	-7.0198E-1	1.8912E2	2.1856E0	2.3308E6	
1266	-7.0015E-1	1.9183E2	2.1914E0	2.3330E6	
1267	-7.0152E-1	1.8979E2	2.1973E0	2.3352E6	
1268	-7.0274E-1	1.8798E2	2.2031E0	2.3375E6	
1269	-7.0145E-1	1.8991E2	2.2089E0	2.3397E6	
1270	-7.0267E-1	1.8810E2	2.2149E0	2.3419E6	
1271	-7.0221E-1	1.8878E2	2.2208E0	2.3441E6	
1272	-7.0061E-1	1.9115E2	2.2267E0	2.3463E6	
1273	-7.0381E-1	1.8640E2	2.2325E0	2.3486E6	
1274	-7.0442E-1	1.8549E2	2.2385E0	2.3508E6	
1275	-7.0335E-1	1.8708E2	2.2444E0	2.3530E6	
1276	-7.0396E-1	1.8617E2	2.2503E0	2.3552E6	
1277	-7.0534E-1	1.8413E2	2.2562E0	2.3574E6	
1278	-7.0450E-1	1.8538E2	2.2622E0	2.3597E6	
1279	-7.0541E-1	1.8402E2	2.2680E0	2.3619E6	
1280	-7.0503E-1	1.8459E2	2.2740E0	2.3641E6	
1281	-7.0534E-1	1.8413E2	2.2800E0	2.3663E6	
1282	-7.0580E-1	1.8345E2	2.2858E0	2.3685E6	
1283	-7.0595E-1	1.8323E2	2.2918E0	2.3708E6	
1284	-7.0427E-1	1.8572E2	2.2978E0	2.3730E6	
1285	-7.0641E-1	1.8255E2	2.3037E0	2.3752E6	
1286	-7.0686E-1	1.8187E2	2.3097E0	2.3774E6	
1287	-7.0778E-1	1.8051E2	2.3157E0	2.3796E6	
1288	-7.0740E-1	1.8108E2	2.3217E0	2.3819E6	
1289	-7.0435E-1	1.8561E2	2.3277E0	2.3841E6	
1290	-7.0663E-1	1.8221E2	2.3337E0	2.3863E6	
1291	-7.0663E-1	1.8221E2	2.3396E0	2.3885E6	
1292	-7.0572E-1	1.8357E2	2.3457E0	2.3907E6	
1293	-7.0511E-1	1.8447E2	2.3516E0	2.3930E6	
1294	-7.0816E-1	1.7994E2	2.3576E0	2.3952E6	
1295	-7.0740E-1	1.8108E2	2.3637E0	2.3974E6	
1296	-7.0999E-1	1.7723E2	2.3697E0	2.3996E6	
1297	-7.0740E-1	1.8108E2	2.3758E0	2.4018E6	
1298	-7.0641E-1	1.8255E2	2.3817E0	2.4041E6	
1299	-7.0763E-1	1.8074E2	2.3878E0	2.4063E6	
1300	-7.1053E-1	1.7643E2	2.3938E0	2.4085E6	
1301	-7.0862E-1	1.7926E2	2.3999E0	2.4107E6	
1302	-7.0999E-1	1.7723E2	2.4059E0	2.4129E6	
1303	-7.0938E-1	1.7813E2	2.4119E0	2.4152E6	
1304	-7.0854E-1	1.7938E2	2.4180E0	2.4174E6	
1305	-7.0969E-1	1.7768E2	2.4239E0	2.4196E6	
1306	-7.1030E-1	1.7677E2	2.4301E0	2.4218E6	
1307	-7.1121E-1	1.7542E2	2.4362E0	2.4240E6	
1308	-7.0938E-1	1.7813E2	2.4422E0	2.4263E6	
1309	-7.0961E-1	1.7779E2	2.4483E0	2.4285E6	
1310	-7.0992E-1	1.7734E2	2.4544E0	2.4307E6	
1311	-7.0892E-1	1.7881E2	2.4605E0	2.4329E6	
1312	-7.1136E-1	1.7519E2	2.4665E0	2.4351E6	
1313	-7.0869E-1	1.7915E2	2.4726E0	2.4374E6	
1314	-7.1251E-1	1.7349E2	2.4787E0	2.4396E6	
1315	-7.1075E-1	1.7609E2	2.4849E0	2.4418E6	
1316	-7.1434E-1	1.7077E2	2.4909E0	2.4440E6	
1317	-7.0961E-1	1.7779E2	2.4970E0	2.4462E6	
1318	-7.1274E-1	1.7315E2	2.5032E0	2.4485E6	
1319	-7.1144E-1	1.7508E2	2.5092E0	2.4507E6	
1320	-7.1495E-1	1.6987E2	2.5154E0	2.4529E6	
1321	-7.1342E-1	1.7213E2	2.5216E0	2.4551E6	
1322	-7.0969E-1	1.7768E2	2.5277E0	2.4573E6	
1323	-7.1182E-1	1.7451E2	2.5338E0	2.4596E6	
1324	-7.1480E-1	1.7009E2	2.5400E0	2.4618E6	
1325	-7.1053E-1	1.7643E2	2.5462E0	2.4640E6	
1326	-7.1259E-1	1.7338E2	2.5523E0	2.4662E6	
1327	-7.1129E-1	1.7530E2	2.5585E0	2.4684E6	
1328	-7.1297E-1	1.7281E2	2.5646E0	2.4707E6	
1329	-7.1571E-1	1.6873E2	2.5707E0	2.4729E6	
1330	-7.1686E-1	1.6704E2	2.5770E0	2.4751E6	
1331	-7.1526E-1	1.6941E2	2.5832E0	2.4773E6	
1332	-7.1617E-1	1.6806E2	2.5893E0	2.4795E6	
1333	-7.1465E-1	1.7032E2	2.5954E0	2.4818E6	
1334	-7.1411E-1	1.7111E2	2.6017E0	2.4840E6	
1335	-7.1587E-1	1.6851E2	2.6079E0	2.4862E6	
1336	-7.1495E-1	1.6987E2	2.6140E0	2.4884E6	
1337	-7.1411E-1	1.7111E2	2.6203E0	2.4906E6	
1338	-7.1594E-1	1.6840E2	2.6265E0	2.4929E6	
1339	-7.1732E-1	1.6636E2	2.6326E0	2.4951E6	
1340	-7.1709E-1	1.6670E2	2.6389E0	2.4973E6	
1341	-7.1556E-1	1.6896E2	2.6452E0	2.4995E6	
1342	-7.1617E-1	1.6806E2	2.6513E0	2.5017E6	
1343	-7.1716E-1	1.6658E2	2.6576E0	2.5040E6	
1344	-7.1854E-1	1.6455E2	2.6639E0	2.5062E6	
1345	-7.1480E-1	1.7009E2	2.6701E0	2.5084E6	
1346	-7.1686E-1	1.6704E2	2.6763E0	2.5106E6	
1347	-7.1854E-1	1.6455E2	2.6825E0	2.5128E6	
1348	-7.1724E-1	1.6647E2	2.6889E0	2.5151E6	
1349	-7.1793E-1	1.6545E2	2.6950E0	2.5173E6	
1350	-7.1800E-1	1.6534E2	2.7013E0	2.5195E6	
1351	-7.1823E-1	1.6500E2	2.7075E0	2.5217E6	
1352	-7.2021E-1	1.6205E2	2.7140E0	2.5239E6	
1353	-7.1877E-1	1.6421E2	2.7202E0	2.5262E6	
1354	-7.2037E-1	1.6183E2	2.7264E0	2.5284E6	
1355	-7.1938E-1	1.6330E2	2.7327E0	2.5306E6	
1356	-7.1983E-1	1.6262E2	2.7390E0	2.5328E6	
1357	-7.1983E-1	1.6262E2	2.7454E0	2.5350E6	
1358	-7.1899E-1	1.6387E2	2.7517E0	2.5373E6	
1359	-7.2113E-1	1.6070E2	2.7579E0	2.5395E6	
1360	-7.2144E-1	1.6024E2	2.7642E0	2.5417E6	
1361	-7.2166E-1	1.5990E2	2.7704E0	2.5439E6	
1362	-7.2250E-1	1.5866E2	2.7768E0	2.5461E6	
1363	-7.1968E-1	1.6285E2	2.7832E0	2.5484E6	
1364	-7.2144E-1	1.6024E2	2.7895E0	2.5506E6	
1365	-7.2174E-1	1.5979E2	2.7958E0	2.5528E6	
1366	-7.2067E-1	1.6138E2	2.8022E0	2.5550E6	
1367	-7.2510E-1	1.5481E2	2.8085E0	2.5572E6	
1368	-7.2166E-1	1.5990E2	2.8148E0	2.5595E6	
1369	-7.2357E-1	1.5707E2	2.8213E0	2.5617E6	
1370	-7.2342E-1	1.5730E2	2.8275E0	2.5639E6	
1371	-7.2403E-1	1.5639E2	2.8340E0	2.5661E6	
1372	-7.2235E-1	1.5888E2	2.8403E0	2.5683E6	
1373	-7.2449E-1	1.5571E2	2.8467E0	2.5706E6	
1374	-7.2311E-1	1.5775E2	2.8530E0	2.5728E6	
1375	-7.2441E-1	1.5583E2	2.8595E0	2.5750E6	
1376	-7.2403E-1	1.5639E2	2.8658E0	2.5772E6	
1377	-7.2266E-1	1.5843E2	2.8722E0	2.5794E6	
1378	-7.2624E-1	1.5311E2	2.8785E0	2.5817E6	
1379	-7.2540E-1	1.5436E2	2.8849E0	2.5839E6	
1380	-7.2678E-1	1.5232E2	2.8914E0	2.5861E6	
1381	-7.2495E-1	1.5503E2	2.8978E0	2.5883E6	
1382	-7.2594E-1	1.5356E2	2.9041E0	2.5905E6	
1383	-7.2502E-1	1.5492E2	2.9106E0	2.5928E6	
1384	-7.2639E-1	1.5288E2	2.9170E0	2.5950E6	
1385	-7.2594E-1	1.5356E2	2.9234E0	2.5972E6	
1386	-7.2586E-1	1.5368E2	2.9298E0	2.5994E6	
1387	-7.2502E-1	1.5492E2	2.9362E0	2.6016E6	
1388	-7.2662E-1	1.5254E2	2.9427E0	2.6039E6	
1389	-7.2670E-1	1.5243E2	2.9492E0	2.6061E6	
1390	-7.2601E-1	1.5345E2	2.9555E0	2.6083E6	
1391	-7.2456E-1	1.5560E2	2.9620E0	2.6105E6	
1392	-7.2678E-1	1.5232E2	2.9685E0	2.6127E6	
1393	-7.2746E-1	1.5130E2	2.9749E0	2.6150E6	
1394	-7.2754E-1	1.5118E2	2.9814E0	2.6172E6	
1395	-7.2632E-1	1.5300E2	2.9878E0	2.6194E6	
1396	-7.2708E-1	1.5186E2	2.9943E0	2.6216E6	
1397	-7.2647E-1	1.5277E2	3.0007E0	2.6238E6	
1398	-7.2914E-1	1.4881E2	3.0073E0	2.6261E6	
1399	-7.2815E-1	1.5028E2	3.0138E0	2.6283E6	
1400	-7.2678E-1	1.5232E2	3.0202E0	2.6305E6	
1401	-7.2906E-1	1.4892E2	3.0267E0	2.6327E6	
1402	-7.2632E-1	1.5300E2	3.0332E0	2.6349E6	
1403	-7.2800E-1	1.5051E2	3.0397E0	2.6372E6	
1404	-7.2731E-1	1.5152E2	3.0462E0	2.6394E6	
1405	-7.2716E-1	1.5175E2	3.0526E0	2.6416E6	
1406	-7.2922E-1	1.4869E2	3.0592E0	2.6438E6	
1407	-7.2968E-1	1.4801E2	3.0657E0	2.6460E6	
1408	-7.2990E-1	1.4767E2	3.0722E0	2.6483E6	
1409	-7.2929E-1	1.4858E2	3.0787E0	2.6505E6	
1410	-7.3174E-1	1.4496E2	3.0853E0	2.6527E6	
1411	-7.2952E-1	1.4824E2	3.0919E0	2.6549E6	
1412	-7.3029E-1	1.4711E2	3.0984E0	2.6571E6	
1413	-7.3166E-1	1.4507E2	3.1049E0	2.6594E6	
1414	-7.3235E-1	1.4405E2	3.1115E0	2.6616E6	
1415	-7.3257E-1	1.4371E2	3.1180E0	2.6638E6	
1416	-7.3021E-1	1.4722E2	3.1245E0	2.6660E6	
1417	-7.3044E-1	1.4688E2	3.1311E0	2.6682E6	
1418	-7.3395E-1	1.4167E2	3.1376E0	2.6705E6	
1419	-7.3105E-1	1.4598E2	3.1443E0	2.6727E6	
1420	-7.3120E-1	1.4575E2	3.1508E0	2.6749E6	
1421	-7.3227E-1	1.4416E2	3.1573E0	2.6771E6	
1422	-7.3257E-1	1.4371E2	3.1639E0	2.6793E6	
1423	-7.3212E-1	1.4439E2	3.1705E0	2.6816E6	
1424	-7.3372E-1	1.4201E2	3.1771E0	2.6838E6	
1425	-7.3380E-1	1.4190E2	3.1837E0	2.6860E6	
1426	-7.3334E-1	1.4258E2	3.1903E0	2.6882E6	
1427	-7.3174E-1	1.4496E2	3.1968E0	2.6904E6	
1428	-7.3402E-1	1.4156E2	3.2034E0	2.6927E6	
1429	-7.3639E-1	1.3805E2	3.2101E0	2.6949E6	
1430	-7.3555E-1	1.3930E2	3.2167E0	2.6971E6	
1431	-7.3280E-1	1.4337E2	3.2233E0	2.6993E6	
1432	-7.3486E-1	1.4032E2	3.2299E0	2.7015E6	
1433	-7.3471E-1	1.4054E2	3.2366E0	2.7038E6	
1434	-7.3463E-1	1.4065E2	3.2432E0	2.7060E6	
1435	-7.3608E-1	1.3850E2	3.2498E0	2.7082E6	
1436	-7.3448E-1	1.4088E2	3.2564E0	2.7104E6	
1437	-7.3647E-1	1.3794E2	3.2632E0	2.7126E6	
1438	-7.3715E-1	1.3692E2	3.2698E0	2.7149E6	
1439	-7.3868E-1	1.3465E2	3.2764E0	2.7171E6	
1440	-7.3685E-1	1.3737E2	3.2831E0	2.7193E6	
1441	-7.3944E-1	1.3352E2	3.2897E0	2.7215E6	
1442	-7.3631E-1	1.3816E2	3.2963E0	2.7237E6	
1443	-7.3769E-1	1.3613E2	3.3031E0	2.7260E6	
1444	-7.3914E-1	1.3397E2	3.3097E0	2.7282E6	
1445	-7.3914E-1	1.3397E2	3.3163E0	2.7304E6	
1446	-7.3952E-1	1.3341E2	3.3230E0	2.7326E6	
1447	-7.3875E-1	1.3454E2	3.3297E0	2.7348E6	
1448	-7.4020E-1	1.3239E2	3.3363E0	2.7371E6	
1449	-7.3990E-1	1.3284E2	3.3431E0	2.7393E6	
1450	-7.3830E-1	1.3522E2	3.3497E0	2.7415E6	
1451	-7.4089E-1	1.3137E2	3.3565E0	2.7437E6	
1452	-7.4020E-1	1.3239E2	3.3631E0	2.7459E6	
1453	-7.3906E-1	1.3409E2	3.3698E0	2.7482E6	
1454	-7.4089E-1	1.3137E2	3.3766E0	2.7504E6	
1455	-7.4181E-1	1.3001E2	3.3832E0	2.7526E6	
1456	-7.4005E-1	1.3262E2	3.3900E0	2.7548E6	
1457	-7.4081E-1	1.3148E2	3.3967E0	2.7570E6	
1458	-7.3837E-1	1.3511E2	3.4034E0	2.7593E6	
1459	-7.4356E-1	1.2741E2	3.4101E0	2.7615E6	
1460	-7.4043E-1	1.3205E2	3.4169E0	2.7637E6	
1461	-7.3944E-1	1.3352E2	3.4235E0	2.7659E6	
1462	-7.3975E-1	1.3307E2	3.4304E0	2.7681E6	
1463	-7.4005E-1	1.3262E2	3.4371E0	2.7704E6	
1464	-7.4013E-1	1.3250E2	3.4438E0	2.7726E6	
1465	-7.4158E-1	1.3035E2	3.4506E0	2.7748E6	
1466	-7.4150E-1	1.3046E2	3.4573E0	2.7770E6	
1467	-7.4165E-1	1.3024E2	3.4641E0	2.7792E6	
1468	-7.4043E-1	1.3205E2	3.4708E0	2.7815E6	
1469	-7.4364E-1	1.2729E2	3.4776E0	2.7837E6	
1470	-7.4364E-1	1.2729E2	3.4844E0	2.7859E6	
1471	-7.4150E-1	1.3046E2	3.4913E0	2.7881E6	
1472	-7.4394E-1	1.2684E2	3.4979E0	2.7903E6	
1473	-7.4379E-1	1.2707E2	3.5047E0	2.7926E6	
1474	-7.4257E-1	1.2888E2	3.5116E0	2.7948E6	
1475	-7.4394E-1	1.2684E2	3.5183E0	2.7970E6	
1476	-7.4409E-1	1.2661E2	3.5251E0	2.7992E6	
1477	-7.4402E-1	1.2673E2	3.5319E0	2.8014E6	
1478	-7.4539E-1	1.2469E2	3.5386E0	2.8037E6	
1479	-7.4615E-1	1.2356E2	3.5456E0	2.8059E6	
1480	-7.4585E-1	1.2401E2	3.5524E0	2.8081E6	
1481	-7.4226E-1	1.2933E2	3.5592E0	2.8103E6	
1482	-7.4547E-1	1.2458E2	3.5661E0	2.8125E6	
1483	-7.4554E-1	1.2446E2	3.5728E0	2.8148E6	
1484	-7.4684E-1	1.2254E2	3.5796E0	2.8170E6	
1485	-7.4669E-1	1.2277E2	3.5865E0	2.8192E6	
1486	-7.4753E-1	1.2152E2	3.5933E0	2.8214E6	
1487	-7.4760E-1	1.2141E2	3.6001E0	2.8236E6	
1488	-7.4501E-1	1.2526E2	3.6070E0	2.8259E6	
1489	-7.4623E-1	1.2344E2	3.6139E0	2.8281E6	
1490	-7.5073E-1	1.1676E2	3.6207E0	2.8303E6	
1491	-7.4638E-1	1.2322E2	3.6275E0	2.8325E6	
1492	-7.4936E-1	1.1880E2	3.6343E0	2.8347E6	
1493	-7.4814E-1	1.2061E2	3.6411E0	2.8370E6	
1494	-7.4791E-1	1.2095E2	3.6482E0	2.8392E6	
1495	-7.4951E-1	1.1858E2	3.6550E0	2.8414E6	
1496	-7.4921E-1	1.1903E2	3.6619E0	2.8436E6	
1497	-7.4997E-1	1.1790E2	3.6686E0	2.8458E6	
1498	-7.4913E-1	1.1914E2	3.6756E0	2.8481E6	
1499	-7.5012E-1	1.1767E2	3.6825E0	2.8503E6	
1500	-7.5066E-1	1.1688E2	3.6893E0	2.8525E6	
1501	-7.5195E-1	1.1495E2	3.6963E0	2.8547E6	
1502	-7.5027E-1	1.1744E2	3.7031E0	2.8569E6	
1503	-7.4806E-1	1.2073E2	3.7100E0	2.8592E6	
1504	-7.4921E-1	1.1903E2	3.7170E0	2.8614E6	
1505	-7.5081E-1	1.1665E2	3.7238E0	2.8636E6	
1506	-7.4966E-1	1.1835E2	3.7307E0	2.8658E6	
1507	-7.5157E-1	1.1552E2	3.7376E0	2.8680E6	
1508	-7.5241E-1	1.1427E2	3.7446E0	2.8703E6	
1509	-7.4921E-1	1.1903E2	3.7515E0	2.8725E6	
1510	-7.5249E-1	1.1416E2	3.7584E0	2.8747E6	
1511	-7.5516E-1	1.1020E2	3.7654E0	2.8769E6	
1512	-7.5470E-1	1.1088E2	3.7723E0	2.8791E6	
1513	-7.5478E-1	1.1076E2	3.7792E0	2.8814E6	
1514	-7.5142E-1	1.1575E2	3.7861E0	2.8836E6	
1515	-7.5310E-1	1.1325E2	3.7932E0	2.8858E6	
1516	-7.5470E-1	1.1088E2	3.8000E0	2.8880E6	
1517	-7.5317E-1	1.1314E2	3.8070E0	2.8902E6	
1518	-7.5226E-1	1.1450E2	3.8139E0	2.8925E6	
1519	-7.5363E-1	1.1246E2	3.8209E0	2.8947E6	
1520	-7.5432E-1	1.1144E2	3.8280E0	2.8969E6	
1521	-7.5424E-1	1.1156E2	3.8349E0	2.8991E6	
1522	-7.5653E-1	1.0816E2	3.8418E0	2.9013E6	
1523	-7.5356E-1	1.1257E2	3.8488E0	2.9036E6	
1524	-7.5478E-1	1.1076E2	3.8557E0	2.9058E6	
1525	-7.5378E-1	1.1224E2	3.8627E0	2.9080E6	
1526	-7.5470E-1	1.1088E2	3.8698E0	2.9102E6	
1527	-7.5523E-1	1.1008E2	3.8768E0	2.9124E6	
1528	-7.5470E-1	1.1088E2	3.8837E0	2.9147E6	
1529	-7.5584E-1	1.0918E2	3.8907E0	2.9169E6	
1530	-7.5630E-1	1.0850E2	3.8978E0	2.9191E6	
1531	-7.5798E-1	1.0601E2	3.9047E0	2.9213E6	
1532	-7.5882E-1	1.0476E2	3.9118E0	2.9235E6	
1533	-7.5607E-1	1.0884E2	3.9188E0	2.9258E6	
1534	-7.5768E-1	1.0646E2	3.9258E0	2.9280E6	
1535	-7.5737E-1	1.0691E2	3.9328E0	2.9302E6	
1536	-7.5989E-1	1.0318E2	3.9398E0	2.9324E6	
1537	-7.5859E-1	1.0510E2	3.9469E0	2.9346E6	
1538	-7.5722E-1	1.0714E2	3.9539E0	2.9369E6	
1539	-7.5890E-1	1.0465E2	3.9609E0	2.9391E6	
1540	-7.5798E-1	1.0601E2	3.9679E0	2.9413E6	
1541	-7.5867E-1	1.0499E2	3.9749E0	2.9435E6	
1542	-7.5783E-1	1.0623E2	3.9820E0	2.9457E6	
1543	-7.5706E-1	1.0737E2	3.9890E0	2.9480E6	
1544	-7.5890E-1	1.0465E2	3.9960E0	2.9502E6	
1545	-7.5699E-1	1.0748E2	4.0032E0	2.9524E6	
1546	-7.5928E-1	1.0408E2	4.0102E0	2.9546E6	
1547	-7.5897E-1	1.0454E2	4.0173E0	2.9568E6	
1548	-7.6080E-1	1.0182E2	4.0243E0	2.9591E6	
1549	-7.6187E-1	1.0023E2	4.0315E0	2.9613E6	
1550	-7.6141E-1	1.0091E2	4.0386E0	2.9635E6	
1551	-7.6149E-1	1.0080E2	4.0455E0	2.9657E6	
1552	-7.6187E-1	1.0023E2	4.0527E0	2.9679E6	
1553	-7.6500E-1	9.5591E1	4.0598E0	2.9702E6	
1554	-7.6004E-1	1.0295E2	4.0668E0	2.9724E6	
1555	-7.6355E-1	9.7742E1	4.0740E0	2.9746E6	
1556	-7.6218E-1	9.9780E1	4.0811E0	2.9768E6	
1557	-7.6042E-1	1.0238E2	4.0881E0	2.9790E6	
1558	-7.6256E-1	9.9214E1	4.0952E0	2.9813E6	
1559	-7.6363E-1	9.7629E1	4.1023E0	2.9835E6	
1560	-7.6202E-1	1.0001E2	4.1094E0	2.9857E6	
1561	-7.6248E-1	9.9327E1	4.1166E0	2.9879E6	
1562	-7.6447E-1	9.6383E1	4.1237E0	2.9901E6	
1563	-7.6385E-1	9.7289E1	4.1307E0	2.9924E6	
1564	-7.6553E-1	9.4798E1	4.1380E0	2.9946E6	
1565	-7.6546E-1	9.4912E1	4.1451E0	2.9968E6	
1566	-7.6683E-1	9.2873E1	4.1522E0	2.9990E6	
1567	-7.6599E-1	9.4119E1	4.1593E0	3.0012E6	
1568	-7.6302E-1	9.8535E1	4.1665E0	3.0035E6	
1569	-7.6706E-1	9.2534E1	4.1736E0	3.0057E6	
1570	-7.6881E-1	8.9930E1	4.1807E0	3.0079E6	
1571	-7.6843E-1	9.0496E1	4.1879E0	3.0101E6	
1572	-7.6752E-1	9.1854E1	4.1951E0	3.0123E6	
1573	-7.6431E-1	9.6610E1	4.2020E0	3.0146E6	
1574	-7.7034E-1	8.7665E1	4.2094E0	3.0168E6	
1575	-7.6500E-1	9.5591E1	4.2164E0	3.0190E6	
1576	-7.6630E-1	9.3666E1	4.2237E0	3.0212E6	
1577	-7.6653E-1	9.3326E1	4.2308E0	3.0234E6	
1578	-7.6775E-1	9.1515E1	4.2380E0	3.0257E6	
1579	-7.6813E-1	9.0949E1	4.2452E0	3.0279E6	
1580	-7.6874E-1	9.0043E1	4.2524E0	3.0301E6	
1581	-7.6950E-1	8.8911E1	4.2595E0	3.0323E6	
1582	-7.6874E-1	9.0043E1	4.2667E0	3.0345E6	
1583	-7.6645E-1	9.3440E1	4.2739E0	3.0368E6	
1584	-7.6958E-1	8.8797E1	4.2810E0	3.0390E6	
1585	-7.6881E-1	8.9930E1	4.2883E0	3.0412E6	
1586	-7.6859E-1	9.0269E1	4.2955E0	3.0434E6	
1587	-7.6828E-1	9.0722E1	4.3027E0	3.0456E6	
1588	-7.7011E-1	8.8005E1	4.3099E0	3.0479E6	
1589	-7.6942E-1	8.9024E1	4.3171E0	3.0501E6	
1590	-7.6958E-1	8.8797E1	4.3243E0	3.0523E6	
1591	-7.7118E-1	8.6420E1	4.3314E0	3.0545E6	
1592	-7.7057E-1	8.7325E1	4.3388E0	3.0567E6	
1593	-7.7095E-1	8.6759E1	4.3459E0	3.0590E6	
1594	-7.6965E-1	8.8684E1	4.3532E0	3.0612E6	
1595	-7.7141E-1	8.6080E1	4.3604E0	3.0634E6	
1596	-7.7263E-1	8.4268E1	4.3676E0	3.0656E6	
1597	-7.7156E-1	8.5853E1	4.3748E0	3.0678E6	
1598	-7.7148E-1	8.5967E1	4.3821E0	3.0701E6	
1599	-7.7126E-1	8.6306E1	4.3893E0	3.0723E6	
1600	-7.7164E-1	8.5740E1	4.3966E0	3.0745E6	
1601	-7.7179E-1	8.5514E1	4.4038E0	3.0767E6	
1602	-7.7026E-1	8.7778E1	4.4112E0	3.0789E6	
1603	-7.7232E-1	8.4721E1	4.4183E0	3.0812E6	
1604	-7.7446E-1	8.1551E1	4.4257E0	3.0834E6	
1605	-7.7339E-1	8.3136E1	4.4329E0	3.0856E6	
1606	-7.7133E-1	8.6193E1	4.4401E0	3.0878E6	
1607	-7.7400E-1	8.2230E1	4.4474E0	3.0900E6	
1608	-7.7309E-1	8.3589E1	4.4546E0	3.0923E6	
1609	-7.7431E-1	8.1777E1	4.4619E0	3.0945E6	
1610	-7.7370E-1	8.2683E1	4.4693E0	3.0967E6	
1611	-7.7621E-1	7.8947E1	4.4764E0	3.0989E6	
1612	-7.7431E-1	8.1777E1	4.4837E0	3.1011E6	
1613	-7.7492E-1	8.0872E1	4.4910E0	3.1034E6	
1614	-7.7751E-1	7.7022E1	4.4982E0	3.1056E6	
1615	-7.7515E-1	8.0532E1	4.5055E0	3.1078E6	
1616	-7.7744E-1	7.7135E1	4.5128E0	3.1100E6	
1617	-7.7766E-1	7.6795E1	4.5202E0	3.1122E6	
1618	-7.7698E-1	7.7814E1	4.5274E0	3.1145E6	
1619	-7.7705E-1	7.7701E1	4.5347E0	3.1167E6	
1620	-7.7492E-1	8.0872E1	4.5420E0	3.1189E6	
1621	-7.7965E-1	7.3852E1	4.5492E0	3.1211E6	
1622	-7.7789E-1	7.6456E1	4.5566E0	3.1233E6	
1623	-7.8003E-1	7.3285E1	4.5639E0	3.1256E6	
1624	-7.7858E-1	7.5437E1	4.5712E0	3.1278E6	
1625	-7.7812E-1	7.6116E1	4.5786E0	3.1300E6	
1626	-7.7797E-1	7.6343E1	4.5859E0	3.1322E6	
1627	-7.7637E-1	7.8720E1	4.5931E0	3.1344E6	
1628	-7.7736E-1	7.7248E1	4.6005E0	3.1367E6	
1629	-7.8049E-1	7.2606E1	4.6077E0	3.1389E6	
1630	-7.7980E-1	7.3625E1	4.6151E0	3.1411E6	
1631	-7.8079E-1	7.2153E1	4.6224E0	3.1433E6	
1632	-7.7957E-1	7.3965E1	4.6297E0	3.1455E6	
1633	-7.7827E-1	7.5890E1	4.6369E0	3.1478E6	
1634	-7.8217E-1	7.0115E1	4.6443E0	3.1500E6	
1635	-7.8194E-1	7.0455E1	4.6517E0	3.1522E6	
1636	-7.8201E-1	7.0342E1	4.6590E0	3.1544E6	
1637	-7.8300E-1	6.8870E1	4.6664E0	3.1566E6	
1638	-7.8239E-1	6.9775E1	4.6737E0	3.1589E6	
1639	-7.8209E-1	7.0228E1	4.6810E0	3.1611E6	
1640	-7.8255E-1	6.9549E1	4.6884E0	3.1633E6	
1641	-7.8316E-1	6.8643E1	4.6957E0	3.1655E6	
1642	-7.8491E-1	6.6039E1	4.7031E0	3.1677E6	
1643	-7.8255E-1	6.9549E1	4.7104E0	3.1700E6	
1644	-7.7965E-1	7.3852E1	4.7177E0	3.1722E6	
1645	-7.8308E-1	6.8756E1	4.7250E0	3.1744E6	
1646	-7.8079E-1	7.2153E1	4.7324E0	3.1766E6	
1647	-7.8415E-1	6.7171E1	4.7399E0	3.1788E6	
1648	-7.8384E-1	6.7624E1	4.7473E0	3.1811E6	
1649	-7.8255E-1	6.9549E1	4.7545E0	3.1833E6	
1650	-7.8362E-1	6.7964E1	4.7618E0	3.1855E6	
1651	-7.8323E-1	6.8530E1	4.7693E0	3.1877E6	
1652	-7.8476E-1	6.6265E1	4.7765E0	3.1899E6	
1653	-7.8430E-1	6.6945E1	4.7840E0	3.1922E6	
1654	-7.8598E-1	6.4454E1	4.7914E0	3.1944E6	
1655	-7.8636E-1	6.3888E1	4.7987E0	3.1966E6	
1656	-7.8415E-1	6.7171E1	4.8061E0	3.1988E6	
1657	-7.8308E-1	6.8756E1	4.8134E0	3.2010E6	
1658	-7.8583E-1	6.4680E1	4.8209E0	3.2033E6	
1659	-7.8743E-1	6.2303E1	4.8282E0	3.2055E6	
1660	-7.8667E-1	6.3435E1	4.8355E0	3.2077E6	
1661	-7.8651E-1	6.3661E1	4.8429E0	3.2099E6	
1662	-7.8598E-1	6.4454E1	4.8503E0	3.2121E6	
1663	-7.8720E-1	6.2642E1	4.8577E0	3.2144E6	
1664	-7.8758E-1	6.2076E1	4.8651E0	3.2166E6	
1665	-7.8903E-1	5.9925E1	4.8725E0	3.2188E6	
1666	-7.8781E-1	6.1736E1	4.8799E0	3.2210E6	
1667	-7.8941E-1	5.9359E1	4.8873E0	3.2232E6	
1668	-7.8705E-1	6.2869E1	4.8947E0	3.2255E6	
1669	-7.8880E-1	6.0264E1	4.9021E0	3.2277E6	
1670	-7.9041E-1	5.7887E1	4.9095E0	3.2299E6	
1671	-7.8896E-1	6.0038E1	4.9169E0	3.2321E6	
1672	-7.9018E-1	5.8226E1	4.9243E0	3.2343E6	
1673	-7.8934E-1	5.9472E1	4.9317E0	3.2366E6	
1674	-7.8857E-1	6.0604E1	4.9392E0	3.2388E6	
1675	-7.8995E-1	5.8566E1	4.9466E0	3.2410E6	
1676	-7.8964E-1	5.9019E1	4.9540E0	3.2432E6	
1677	-7.9025E-1	5.8113E1	4.9612E0	3.2454E6	
1678	-7.9056E-1	5.7660E1	4.9687E0	3.2477E6	
1679	-7.8941E-1	5.9359E1	4.9761E0	3.2499E6	
1680	-7.8926E-1	5.9585E1	4.9836E0	3.2521E6	
1681	-7.9254E-1	5.4716E1	4.9910E0	3.2543E6	
1682	-7.8979E-1	5.8793E1	4.9984E0	3.2565E6	
1683	-7.9117E-1	5.6754E1	5.0058E0	3.2588E6	
1684	-7.9254E-1	5.4716E1	5.0133E0	3.2610E6	
1685	-7.9124E-1	5.6641E1	5.0207E0	3.2632E6	
1686	-7.9147E-1	5.6302E1	5.0282E0	3.2654E6	
1687	-7.9445E-1	5.1886E1	5.0356E0	3.2676E6	
1688	-7.9285E-1	5.4263E1	5.0430E0	3.2699E6	
1689	-7.9399E-1	5.2565E1	5.0504E0	3.2721E6	
1690	-7.9330E-1	5.3584E1	5.0578E0	3.2743E6	
1691	-7.9399E-1	5.2565E1	5.0654E0	3.2765E6	
1692	-7.9666E-1	4.8602E1	5.0727E0	3.2787E6	
1693	-7.9483E-1	5.1320E1	5.0803E0	3.2810E6	
1694	-7.9514E-1	5.0867E1	5.0878E0	3.2832E6	
1695	-7.9697E-1	4.8149E1	5.0951E0	3.2854E6	
1696	-7.9613E-1	4.9395E1	5.1026E0	3.2876E6	
1697	-7.9613E-1	4.9395E1	5.1099E0	3.2898E6	
1698	-7.9697E-1	4.8149E1	5.1174E0	3.2921E6	
1699	-7.9765E-1	4.7130E1	5.1248E0	3.2943E6	
1700	-7.9643E-1	4.8942E1	5.1323E0	3.2965E6	
1701	-7.9750E-1	4.7357E1	5.1397E0	3.2987E6	
1702	-7.9575E-1	4.9961E1	5.1472E0	3.3009E6	
1703	-7.9475E-1	5.1433E1	5.1547E0	3.3032E6	
1704	-7.9674E-1	4.8489E1	5.1621E0	3.3054E6	
1705	-7.9514E-1	5.0867E1	5.1696E0	3.3076E6	
1706	-7.9712E-1	4.7923E1	5.1770E0	3.3098E6	
1707	-7.9651E-1	4.8829E1	5.1845E0	3.3120E6	
1708	-7.9735E-1	4.7583E1	5.1919E0	3.3143E6	
1709	-7.9971E-1	4.4073E1	5.1994E0	3.3165E6	
1710	-7.9689E-1	4.8263E1	5.2069E0	3.3187E6	
1711	-7.9826E-1	4.6224E1	5.2143E0	3.3209E6	
1712	-7.9727E-1	4.7696E1	5.2217E0	3.3231E6	
1713	-7.9605E-1	4.9508E1	5.2293E0	3.3254E6	
1714	-7.9918E-1	4.4866E1	5.2367E0	3.3276E6	
1715	-7.9987E-1	4.3847E1	5.2441E0	3.3298E6	
1716	-7.9956E-1	4.4300E1	5.2516E0	3.3320E6	
1717	-8.0231E-1	4.0223E1	5.2590E0	3.3342E6	
1718	-7.9987E-1	4.3847E1	5.2666E0	3.3365E6	
1719	-8.0078E-1	4.2488E1	5.2741E0	3.3387E6	
1720	-8.0009E-1	4.3507E1	5.2816E0	3.3409E6	
1721	-7.9834E-1	4.6111E1	5.2889E0	3.3431E6	
1722	-8.0048E-1	4.2941E1	5.2963E0	3.3453E6	
1723	-8.0162E-1	4.1243E1	5.3039E0	3.3476E6	
1724	-8.0086E-1	4.2375E1	5.3114E0	3.3498E6	
1725	-7.9987E-1	4.3847E1	5.3189E0	3.3520E6	
1726	-8.0040E-1	4.3054E1	5.3263E0	3.3542E6	
1727	-8.0093E-1	4.2262E1	5.3338E0	3.3564E6	
1728	-8.0330E-1	3.8752E1	5.3413E0	3.3587E6	
1729	-8.0124E-1	4.1809E1	5.3488E0	3.3609E6	
1730	-8.0292E-1	3.9318E1	5.3562E0	3.3631E6	
1731	-8.0307E-1	3.9091E1	5.3638E0	3.3653E6	
1732	-8.0292E-1	3.9318E1	5.3712E0	3.3675E6	
1733	-8.0383E-1	3.7959E1	5.3787E0	3.3698E6	
1734	-8.0414E-1	3.7506E1	5.3862E0	3.3720E6	
1735	-8.0452E-1	3.6940E1	5.3937E0	3.3742E6	
1736	-8.0376E-1	3.8072E1	5.4011E0	3.3764E6	
1737	-8.0284E-1	3.9431E1	5.4087E0	3.3786E6	
1738	-8.0673E-1	3.3656E1	5.4161E0	3.3809E6	
1739	-8.0650E-1	3.3996E1	5.4236E0	3.3831E6	
1740	-8.0605E-1	3.4675E1	5.4311E0	3.3853E6	
1741	-8.0627E-1	3.4336E1	5.4386E0	3.3875E6	
1742	-8.0345E-1	3.8525E1	5.4461E0	3.3897E6	
1743	-8.0688E-1	3.3430E1	5.4538E0	3.3920E6	
1744	-8.0650E-1	3.3996E1	5.4612E0	3.3942E6	
1745	-8.0666E-1	3.3770E1	5.4687E0	3.3964E6	
1746	-8.0505E-1	3.6147E1	5.4761E0	3.3986E6	
1747	-8.0879E-1	3.0599E1	5.4837E0	3.4008E6	
1748	-8.0612E-1	3.4562E1	5.4912E0	3.4031E6	
1749	-8.0605E-1	3.4675E1	5.4988E0	3.4053E6	
1750	-8.0864E-1	3.0826E1	5.5063E0	3.4075E6	
1751	-8.0643E-1	3.4109E1	5.5137E0	3.4097E6	
1752	-8.0811E-1	3.1618E1	5.5214E0	3.4119E6	
1753	-8.0879E-1	3.0599E1	5.5288E0	3.4142E6	
1754	-8.0627E-1	3.4336E1	5.5363E0	3.4164E6	
1755	-8.0872E-1	3.0713E1	5.5439E0	3.4186E6	
1756	-8.0879E-1	3.0599E1	5.5515E0	3.4208E6	
1757	-8.0994E-1	2.8901E1	5.5591E0	3.4230E6	
1758	-8.0818E-1	3.1505E1	5.5666E0	3.4253E6	
1759	-8.1116E-1	2.7089E1	5.5742E0	3.4275E6	
1760	-8.0994E-1	2.8901E1	5.5816E0	3.4297E6	
1761	-8.1047E-1	2.8108E1	5.5892E0	3.4319E6	
1762	-8.1352E-1	2.3579E1	5.5968E0	3.4341E6	
1763	-8.0872E-1	3.0713E1	5.6045E0	3.4364E6	
1764	-8.1093E-1	2.7429E1	5.6120E0	3.4386E6	
1765	-8.1024E-1	2.8448E1	5.6197E0	3.4408E6	
1766	-8.1154E-1	2.6523E1	5.6272E0	3.4430E6	
1767	-8.1017E-1	2.8561E1	5.6348E0	3.4452E6	
1768	-8.1154E-1	2.6523E1	5.6424E0	3.4475E6	
1769	-8.1154E-1	2.6523E1	5.6500E0	3.4497E6	
1770	-8.1146E-1	2.6636E1	5.6575E0	3.4519E6	
1771	-8.1078E-1	2.7655E1	5.6652E0	3.4541E6	
1772	-8.1253E-1	2.5051E1	5.6727E0	3.4563E6	
1773	-8.1306E-1	2.4259E1	5.6804E0	3.4586E6	
1774	-8.1261E-1	2.4938E1	5.6880E0	3.4608E6	
1775	-8.1169E-1	2.6297E1	5.6956E0	3.4630E6	
1776	-8.1100E-1	2.7316E1	5.7032E0	3.4652E6	
1777	-8.1154E-1	2.6523E1	5.7108E0	3.4674E6	
1778	-8.1413E-1	2.2674E1	5.7184E0	3.4697E6	
1779	-8.1390E-1	2.3013E1	5.7261E0	3.4719E6	
1780	-8.1413E-1	2.2674E1	5.7337E0	3.4741E6	
1781	-8.1543E-1	2.0749E1	5.7413E0	3.4763E6	
1782	-8.1345E-1	2.3693E1	5.7490E0	3.4785E6	
1783	-8.1459E-1	2.1994E1	5.7565E0	3.4808E6	
1784	-8.1429E-1	2.2447E1	5.7642E0	3.4830E6	
1785	-8.1406E-1	2.2787E1	5.7719E0	3.4852E6	
1786	-8.1299E-1	2.4372E1	5.7794E0	3.4874E6	
1787	-8.1398E-1	2.2900E1	5.7872E0	3.4896E6	
1788	-8.1566E-1	2.0409E1	5.7948E0	3.4919E6	
1789	-8.1558E-1	2.0522E1	5.8024E0	3.4941E6	
1790	-8.1589E-1	2.0069E1	5.8101E0	3.4963E6	
1791	-8.1528E-1	2.0975E1	5.8176E0	3.4985E6	
1792	-8.1795E-1	1.7012E1	5.8253E0	3.5007E6	
1793	-8.1772E-1	1.7352E1	5.8330E0	3.5030E6	
1794	-8.1886E-1	1.5654E1	5.8406E0	3.5052E6	
1795	-8.1940E-1	1.4861E1	5.8483E0	3.5074E6	
1796	-8.1810E-1	1.6786E1	5.8560E0	3.5096E6	
1797	-8.1711E-1	1.8258E1	5.8636E0	3.5118E6	
1798	-8.1879E-1	1.5767E1	5.8713E0	3.5141E6	
1799	-8.1848E-1	1.6220E1	5.8789E0	3.5163E6	
1800	-8.1947E-1	1.4748E1	5.8866E0	3.5185E6	
1801	-8.2207E-1	1.0898E1	5.8942E0	3.5207E6	
1802	-8.1833E-1	1.6446E1	5.9019E0	3.5229E6	
1803	-8.2069E-1	1.2936E1	5.9096E0	3.5252E6	
1804	-8.2069E-1	1.2936E1	5.9172E0	3.5274E6	
1805	-8.2214E-1	1.0785E1	5.9249E0	3.5296E6	
1806	-8.2184E-1	1.1238E1	5.9326E0	3.5318E6	
1807	-8.1947E-1	1.4748E1	5.9403E0	3.5340E6	
1808	-8.2100E-1	1.2483E1	5.9479E0	3.5363E6	
1809	-8.2260E-1	1.0105E1	5.9557E0	3.5385E6	
1810	-8.2237E-1	1.0445E1	5.9633E0	3.5407E6	
1811	-8.1947E-1	1.4748E1	5.9709E0	3.5429E6	
1812	-8.2298E-1	9.5393E0	5.9786E0	3.5451E6	
1813	-8.2298E-1	9.5393E0	5.9863E0	3.5474E6	
1814	-8.2199E-1	1.1011E1	5.9940E0	3.5496E6	
1815	-8.2222E-1	1.0672E1	6.0017E0	3.5518E6	
1816	-8.2413E-1	7.8409E0	6.0094E0	3.5540E6	
1817	-8.2329E-1	9.0864E0	6.0170E0	3.5562E6	
1818	-8.2329E-1	9.0864E0	6.0247E0	3.5585E6	
1819	-8.2352E-1	8.7467E0	6.0324E0	3.5607E6	
1820	-8.2314E-1	9.3129E0	6.0401E0	3.5629E6	
1821	-8.2558E-1	5.6896E0	6.0478E0	3.5651E6	
1822	-8.2214E-1	1.0785E1	6.0554E0	3.5673E6	
1823	-8.2260E-1	1.0105E1	6.0632E0	3.5696E6	
1824	-8.2596E-1	5.1235E0	6.0709E0	3.5718E6	
1825	-8.2603E-1	5.0103E0	6.0786E0	3.5740E6	
1826	-8.2336E-1	8.9732E0	6.0863E0	3.5762E6	
1827	-8.2367E-1	8.5203E0	6.0940E0	3.5784E6	
1828	-8.2375E-1	8.4071E0	6.1017E0	3.5807E6	
1829	-8.2611E-1	4.8971E0	6.1095E0	3.5829E6	
1830	-8.2550E-1	5.8029E0	6.1171E0	3.5851E6	
1831	-8.2542E-1	5.9161E0	6.1249E0	3.5873E6	
1832	-8.2344E-1	8.8600E0	6.1326E0	3.5895E6	
1833	-8.2680E-1	3.8780E0	6.1403E0	3.5918E6	
1834	-8.2672E-1	3.9913E0	6.1480E0	3.5940E6	
1835	-8.2771E-1	2.5193E0	6.1546E0	3.5959E6	
1836	-8.2771E-1	2.5193E0	6.1546E0	3.5959E6	
1837	-8.2771E-1	2.5193E0	6.1546E0	3.5959E6	
1838	-8.2771E-1	2.5193E0	6.1546E0	3.5959E6	
1839	-8.2771E-1	2.5193E0	6.1546E0	3.5959E6	
1840	-8.2771E-1	2.5193E0	6.1546E0	3.5959E6	
1841	-8.2771E-1	2.5193E0	6.1546E0	3.5959E6	
1842	-8.2771E-1	2.5193E0	6.1546E0	3.5959E6	
1843	-8.2771E-1	2.5193E0	6.1546E0	3.5959E6	
1844	-8.2771E-1	2.5193E0	6.1546E0	3.5959E6	
1845	-8.2771E-1	2.5193E0	6.1546E0	3.5959E6	
1846	-8.2771E-1	2.5193E0	6.1546E0	3.5959E6	
1847	-8.2771E-1	2.5193E0	6.1546E0	3.5959E6	
1848	-8.2771E-1	2.5193E0	6.1546E0	3.5959E6	
1849	-8.2771E-1	2.5193E0	6.1546E0	3.5959E6	
1850	-8.2771E-1	2.5193E0	6.1546E0	3.5959E6	
1851	-8.2771E-1	2.5193E0	6.1546E0	3.5959E6	
1852	-8.2771E-1	2.5193E0	6.1546E0	3.5959E6	
1853	-8.2771E-1	2.5193E0	6.1546E0	3.5959E6	
1854	-8.2771E-1	2.5193E0	6.1546E0	3.5959E6	
1855	-8.2771E-1	2.5193E0	6.1546E0	3.5959E6	
1856	-8.2771E-1	2.5193E0	6.1546E0	3.5959E6	
1857	-8.2771E-1	2.5193E0	6.1546E0	3.5959E6	
1858	-8.2771E-1	2.5193E0	6.1546E0	3.5959E6	
1859	-8.2771E-1	2.5193E0	6.1546E0	3.5959E6	
1860	-8.2771E-1	2.5193E0	6.1546E0	3.5959E6	
1861	-8.2771E-1	2.5193E0	6.1546E0	3.5959E6	
1862	-8.2771E-1	2.5193E0	6.1546E0	3.5959E6	
1863	-8.2771E-1	2.5193E0	6.1546E0	3.5959E6	
1864	-8.2771E-1	2.5193E0	6.1546E0	3.5959E6	
1865	-8.2771E-1	2.5193E0	6.1546E0	3.5959E6	
1866	-8.2771E-1	2.5193E0	6.1546E0	3.5959E6	
1867	-8.2771E-1	2.5193E0	6.1546E0	3.5959E6	
1868	-8.2771E-1	2.5193E0	6.1546E0	3.5959E6	
1869	-8.2771E-1	2.5193E0	6.1546E0	3.5959E6	
1870	-8.2771E-1	2.5193E0	6.1546E0	3.5959E6	
1871	-8.2771E-1	2.5193E0	6.1546E0	3.5959E6	
1872	-8.2771E-1	2.5193E0	6.1546E0	3.5959E6	
1873	-8.2771E-1	2.5193E0	6.1546E0	3.5959E6	
1874	-8.2771E-1	2.5193E0	6.1546E0	3.5959E6	
1875	-8.2771E-1	2.5193E0	6.1546E0	3.5959E6	
1876	-8.2771E-1	2.5193E0	6.1546E0	3.5959E6	
1877	-8.2771E-1	2.5193E0	6.1546E0	3.5959E6	
1878	-8.2771E-1	2.5193E0	6.1546E0	3.5959E6	
1879	-8.2771E-1	2.5193E0	6.1546E0	3.5959E6	
1880	-8.2771E-1	2.5193E0	6.1546E0	3.5959E6	
1881	-8.2771E-1	2.5193E0	6.1546E0	3.5959E6	
1882	-8.2771E-1	2.5193E0	6.1546E0	3.5959E6	
1883	-8.2771E-1	2.5193E0	6.1546E0	3.5959E6	
1884	-8.2771E-1	2.5193E0	6.1546E0	3.5959E6	
1885	-8.2771E-1	2.5193E0	6.1546E0	3.5959E6	
1886	-8.2771E-1	2.5193E0	6.1546E0	3.5959E6	
1887	-8.2771E-1	2.5193E0	6.1546E0	3.5959E6	
1888	-8.2771E-1	2.5193E0	6.1546E0	3.5959E6	
1889	-8.2771E-1	2.5193E0	6.1546E0	3.5959E6	
1890	-8.2771E-1	2.5193E0	6.1546E0	3.5959E6	
1891	-8.2771E-1	2.5193E0	6.1546E0	3.5959E6	
1892	-8.2771E-1	2.5193E0	6.1546E0	3.5959E6	
1893	-8.2771E-1	2.5193E0	6.1546E0	3.5959E6	
1894	-8.2771E-1	2.5193E0	6.1546E0	3.5959E6	
1895	-8.2771E-1	2.5193E0	6.1546E0	3.5959E6	
1896	-8.2771E-1	2.5193E0	6.1546E0	3.5959E6	
1897	-8.2771E-1	2.5193E0	6.1546E0	3.5959E6	
1898	-8.2771E-1	2.5193E0	6.1546E0	3.5959E6	
1899	-8.2771E-1	2.5193E0	6.1546E0	3.5959E6	
1900	-8.2771E-1	2.5193E0	6.1546E0	3.5959E6	
1901	-8.2771E-1	2.5193E0	6.1546E0	3.5959E6	
1902	-8.2771E-1	2.5193E0	6.1546E0	3.5959E6	
1903	-8.2771E-1	2.5193E0	6.1546E0	3.5959E6	
1904	-8.2771E-1	2.5193E0	6.1546E0	3.5959E6	
1905	-8.2771E-1	2.5193E0	6.1546E0	3.5959E6	
1906	-8.2771E-1	2.5193E0	6.1546E0	3.5959E6	
1907	-8.2771E-1	2.5193E0	6.1546E0	3.5959E6	
1908	-8.2771E-1	2.5193E0	6.1546E0	3.5959E6	
1909	-8.2771E-1	2.5193E0	6.1546E0	3.5959E6	
1910	-8.2771E-1	2.5193E0	6.1546E0	3.5959E6	
1911	-8.2771E-1	2.5193E0	6.1546E0	3.5959E6	
1912	-8.2771E-1	2.5193E0	6.1546E0	3.5959E6	
1913	-8.2771E-1	2.5193E0	6.1546E0	3.5959E6	
1914	-8.2771E-1	2.5193E0	6.1546E0	3.5959E6	
1915	-8.2771E-1	2.5193E0	6.1546E0	3.5959E6	
1916	-8.2771E-1	2.5193E0	6.1546E0	3.5959E6	
1917	-8.2771E-1	2.5193E0	6.1546E0	3.5959E6	
1918	-8.2771E-1	2.5193E0	6.1546E0	3.5959E6	
1919	-8.2771E-1	2.5193E0	6.1546E0	3.5959E6	
1920	-8.2771E-1	2.5193E0	6.1546E0	3.5959E6	
1921	-8.2771E-1	2.5193E0	6.1546E0	3.5959E6	
1922	-8.2771E-1	2.5193E0	6.1546E0	3.5959E6	
1923	-8.2771E-1	2.5193E0	6.1546E0	3.5959E6	
1924	-8.2771E-1	2.5193E0	6.1546E0	3.5959E6	
1925	-8.2771E-1	2.5193E0	6.1546E0	3.5959E6	
1926	-8.2771E-1	2.5193E0	6.1546E0	3.5959E6	
1927	-8.2771E-1	2.5193E0	6.1546E0	3.5959E6	
1928	-8.2771E-1	2.5193E0	6.1546E0	3.5959E6	
1929	-8.2771E-1	2.5193E0	6.1546E0	3.5959E6	
1930	-8.2771E-1	2.5193E0	6.1546E0	3.5959E6	
1931	-8.2771E-1	2.5193E0	6.1546E0	3.5959E6	
1932	-8.2771E-1	2.5193E0	6.1546E0	3.5959E6	
1933	-8.2771E-1	2.5193E0	6.1546E0	3.5959E6	
1934	-8.2771E-1	2.5193E0	6.1546E0	3.5959E6	
1935	-8.2771E-1	2.5193E0	6.1546E0	3.5959E6	
1936	-8.2771E-1	2.5193E0	6.1546E0	3.5959E6	
1937	-8.2771E-1	2.5193E0	6.1546E0	3.5959E6	
1938	-8.2771E-1	2.5193E0	6.1546E0	3.5959E6	
1939	-8.2771E-1	2.5193E0	6.1546E0	3.5959E6	
1940	-8.2771E-1	2.5193E0	6.1546E0	3.5959E6	
1941	-8.2771E-1	2.5193E0	6.1546E0	3.5959E6	
1942	-8.2771E-1	2.5193E0	6.1546E0	3.5959E6	
1943	-8.2771E-1	2.5193E0	6.1546E0	3.5959E6	
1944	-8.2771E-1	2.5193E0	6.1546E0	3.5959E6	
1945	-8.2771E-1	2.5193E0	6.1546E0	3.5959E6	
1946	-8.2771E-1	2.5193E0	6.1546E0	3.5959E6	
1947	-8.2771E-1	2.5193E0	6.1546E0	3.5959E6	
1948	-8.2771E-1	2.5193E0	6.1546E0	3.5959E6	
1949	-8.2771E-1	2.5193E0	6.1546E0	3.5959E6	
1950	-8.2771E-1	2.5193E0	6.1546E0	3.5959E6	
1951	-8.2771E-1	2.5193E0	6.1546E0	3.5959E6	
1952	-8.2771E-1	2.5193E0	6.1546E0	3.5959E6	
1953	-8.2771E-1	2.5193E0	6.1546E0	3.5959E6	
1954	-8.2771E-1	2.5193E0	6.1546E0	3.5959E6	
1955	-8.2771E-1	2.5193E0	6.1546E0	3.5959E6	
1956	-8.2771E-1	2.5193E0	6.1546E0	3.5959E6	
1957	-8.2771E-1	2.5193E0	6.1546E0	3.5959E6	
1958	-8.2771E-1	2.5193E0	6.1546E0	3.5959E6	
1959	-8.2771E-1	2.5193E0	6.1546E0	3.5959E6	
1960	-8.2771E-1	2.5193E0	6.1546E0	3.5959E6	
1961	-8.2771E-1	2.5193E0	6.1546E0	3.5959E6	
1962	-8.2771E-1	2.5193E0	6.1546E0	3.5959E6	
1963	-8.2771E-1	2.5193E0	6.1546E0	3.5959E6	
1964	-8.2771E-1	2.5193E0	6.1546E0	3.5959E6	
1965	-8.2771E-1	2.5193E0	6.1546E0	3.5959E6	
1966	-8.2771E-1	2.5193E0	6.1546E0	3.5959E6	
1967	-8.2771E-1	2.5193E0	6.1546E0	3.5959E6	
1968	-8.2771E-1	2.5193E0	6.1546E0	3.5959E6	
1969	-8.2771E-1	2.5193E0	6.1546E0	3.5959E6	
1970	-8.2771E-1	2.5193E0	6.1546E0	3.5959E6	
1971	-8.2771E-1	2.5193E0	6.1546E0	3.5959E6	
1972	-8.2771E-1	2.5193E0	6.1546E0	3.5959E6	
1973	-8.2771E-1	2.5193E0	6.1546E0	3.5959E6	
1974	-8.2771E-1	2.5193E0	6.1546E0	3.5959E6	
1975	-8.2771E-1	2.5193E0	6.1546E0	3.5959E6	
1976	-8.2771E-1	2.5193E0	6.1546E0	3.5959E6	
1977	-8.2771E-1	2.5193E0	6.1546E0	3.5959E6	
1978	-8.2771E-1	2.5193E0	6.1546E0	3.5959E6	
1979	-8.2771E-1	2.5193E0	6.1546E0	3.5959E6	
1980	-8.2771E-1	2.5193E0	6.1546E0	3.5959E6	
1981	-8.2771E-1	2.5193E0	6.1546E0	3.5959E6	
1982	-8.2771E-1	2.5193E0	6.1546E0	3.5959E6	
1983	-8.2771E-1	2.5193E0	6.1546E0	3.5959E6	
1984	-8.2771E-1	2.5193E0	6.1546E0	3.5959E6	
1985	-8.2771E-1	2.5193E0	6.1546E0	3.5959E6	
1986	-8.2771E-1	2.5193E0	6.1546E0	3.5959E6	
1987	-8.2771E-1	2.5193E0	6.1546E0	3.5959E6	
1988	-8.2771E-1	2.5193E0	6.1546E0	3.5959E6	
1989	-8.2771E-1	2.5193E0	6.1546E0	3.5959E6	
1990	-8.2771E-1	2.5193E0	6.1546E0	3.5959E6	
1991	-8.2771E-1	2.5193E0	6.1546E0	3.5959E6	
1992	-8.2771E-1	2.5193E0	6.1546E0	3.5959E6	
1993	-8.2771E-1	2.5193E0	6.1546E0	3.5959E6	
1994	-8.2771E-1	2.5193E0	6.1546E0	3.5959E6	
1995	-8.2771E-1	2.5193E0	6.1546E0	3.5959E6	
1996	-8.2771E-1	2.5193E0	6.1546E0	3.5959E6	
1997	-8.2771E-1	2.5193E0	6.1546E0	3.5959E6	
1998	-8.2771E-1	2.5193E0	6.1546E0	3.5959E6	
1999	-8.2771E-1	2.5193E0	6.1546E0	3.5959E6	
2000	-8.2771E-1	2.5193E0	6.1546E0	3.5959E6	
2001	-8.2771E-1	2.5193E0	6.1546E0	3.5959E6	
2002	-8.2771E-1	2.5193E0	6.1546E0	3.5959E6	
2003	-8.2771E-1	2.5193E0	6.1546E0	3.5959E6	
2004	-8.2771E-1	2.5193E0	6.1546E0	3.5959E6	
2005	-8.2771E-1	2.5193E0	6.1546E0	3.5959E6	
2006	-8.2771E-1	2.5193E0	6.1546E0	3.5959E6	
2007	-8.2771E-1	2.5193E0	6.1546E0	3.5959E6	
2008	-8.2771E-1	2.5193E0	6.1546E0	3.5959E6	
2009	-8.2771E-1	2.5193E0	6.1546E0	3.5959E6	
2010	-8.2771E-1	2.5193E0	6.1546E0	3.5959E6	
2011	-8.2771E-1	2.5193E0	6.1546E0	3.5959E6	
2012	-8.2771E-1	2.5193E0	6.1546E0	3.5959E6	
2013	-8.2771E-1	2.5193E0	6.1546E0	3.5959E6	
2014	-8.2771E-1	2.5193E0	6.1546E0	3.5959E6	
2015	-8.2771E-1	2.5193E0	6.1546E0	3.5959E6	
2016	-8.2771E-1	2.5193E0	6.1546E0	3.5959E6	
2017	-8.2771E-1	2.5193E0	6.1546E0	3.5959E6	
2018	-8.2771E-1	2.5193E0	6.1546E0	3.5959E6	
2019	-8.2771E-1	2.5193E0	6.1546E0	3.5959E6	
2020	-8.2771E-1	2.5193E0	6.1546E0	3.5959E6	
2021	-8.2771E-1	2.5193E0	6.1546E0	3.5959E6	
2022	-8.2771E-1	2.5193E0	6.1546E0	3.5959E6	
2023	-8.2771E-1	2.5193E0	6.1546E0	3.5959E6	
2024	-8.2771E-1	2.5193E0	6.1546E0	3.5959E6	
2025	-8.2771E-1	2.5193E0	6.1546E0	3.5959E6	
2026	-8.2771E-1	2.5193E0	6.1546E0	3.5959E6	
2027	-8.2771E-1	2.5193E0	6.1546E0	3.5959E6	
2028	-8.2771E-1	2.5193E0	6.1546E0	3.5959E6	
2029	-8.2771E-1	2.5193E0	6.1546E0	3.5959E6	
2030	-8.2771E-1	2.5193E0	6.1546E0	3.5959E6	
2031	-8.2771E-1	2.5193E0	6.1546E0	3.5959E6	
2032	-8.2771E-1	2.5193E0	6.1546E0	3.5959E6	
2033	-8.2771E-1	2.5193E0	6.1546E0	3.5959E6	
2034	-8.2771E-1	2.5193E0	6.1546E0	3.5959E6	
2035	-8.2771E-1	2.5193E0	6.1546E0	3.5959E6	
2036	-8.2771E-1	2.5193E0	6.1546E0	3.5959E6	
2037	-8.2771E-1	2.5193E0	6.1546E0	3.5959E6	
2038	-8.2771E-1	2.5193E0	6.1546E0	3.5959E6	
2039	-8.2771E-1	2.5193E0	6.1546E0	3.5959E6	
2040	-8.2771E-1	2.5193E0	6.1546E0	3.5959E6	
2041	-8.2771E-1	2.5193E0	6.1546E0	3.5959E6	
2042	-8.2771E-1	2.5193E0	6.1546E0	3.5959E6	
2043	-8.2771E-1	2.5193E0	6.1546E0	3.5959E6	
2044	-8.2771E-1	2.5193E0	6.1546E0	3.5959E6	
2045	-8.2771E-1	2.5193E0	6.1546E0	3.5959E6	
2046	-8.2771E-1	2.5193E0	6.1546E0	3.5959E6	
2047	-8.2771E-1	2.5193E0	6.1546E0	3.5959E6	
2048	-8.2771E-1	2.5193E0	6.1546E0	3.5959E6	
