point 079
Index	Vertical (A-B)	Force	Z Height	Time Stamp	
     	V	nN	?m	?sec	
1	-7.9475E-1	2.0098E0	5.3821E0	1.2000E2	
2	-7.9247E-1	5.4066E0	5.3807E0	2.3400E3	
3	-7.9521E-1	1.3304E0	5.3779E0	4.5600E3	
4	-7.9590E-1	3.1141E-1	5.3748E0	6.7800E3	
5	-7.9514E-1	1.4437E0	5.3714E0	9.0000E3	
6	-7.9529E-1	1.2172E0	5.3678E0	1.1220E4	
7	-7.9582E-1	4.2464E-1	5.3640E0	1.3440E4	
8	-7.9346E-1	3.9346E0	5.3600E0	1.5660E4	
9	-7.9292E-1	4.7272E0	5.3558E0	1.7880E4	
10	-7.9544E-1	9.9077E-1	5.3518E0	2.0100E4	
11	-7.9399E-1	3.1421E0	5.3476E0	2.2320E4	
12	-7.9552E-1	8.7754E-1	5.3434E0	2.4540E4	
13	-7.9407E-1	3.0288E0	5.3390E0	2.6760E4	
14	-7.9201E-1	6.0859E0	5.3346E0	2.8980E4	
15	-7.9384E-1	3.3685E0	5.3302E0	3.1200E4	
16	-7.9308E-1	4.5008E0	5.3258E0	3.3420E4	
17	-7.9254E-1	5.2933E0	5.3212E0	3.5640E4	
18	-7.9163E-1	6.6521E0	5.3167E0	3.7860E4	
19	-7.9231E-1	5.6330E0	5.3121E0	4.0080E4	
20	-7.9086E-1	7.7843E0	5.3075E0	4.2300E4	
21	-7.9056E-1	8.2372E0	5.3029E0	4.4520E4	
22	-7.9391E-1	3.2553E0	5.2982E0	4.6740E4	
23	-7.9201E-1	6.0859E0	5.2934E0	4.8960E4	
24	-7.9071E-1	8.0108E0	5.2889E0	5.1180E4	
25	-7.8918E-1	1.0275E1	5.2841E0	5.3400E4	
26	-7.9094E-1	7.6711E0	5.2793E0	5.5620E4	
27	-7.8957E-1	9.7091E0	5.2747E0	5.7840E4	
28	-7.9147E-1	6.8785E0	5.2700E0	6.0060E4	
29	-7.9224E-1	5.7462E0	5.2651E0	6.2280E4	
30	-7.9178E-1	6.4256E0	5.2603E0	6.4500E4	
31	-7.9300E-1	4.6140E0	5.2556E0	6.6720E4	
32	-7.8941E-1	9.9356E0	5.2507E0	6.8940E4	
33	-7.9231E-1	5.6330E0	5.2459E0	7.1160E4	
34	-7.8766E-1	1.2540E1	5.2411E0	7.3380E4	
35	-7.9002E-1	9.0298E0	5.2362E0	7.5600E4	
36	-7.8941E-1	9.9356E0	5.2313E0	7.7820E4	
37	-7.9124E-1	7.2182E0	5.2265E0	8.0040E4	
38	-7.8880E-1	1.0841E1	5.2216E0	8.2260E4	
39	-7.9063E-1	8.1240E0	5.2167E0	8.4480E4	
40	-7.8949E-1	9.8224E0	5.2116E0	8.6700E4	
41	-7.9041E-1	8.4637E0	5.2069E0	8.8920E4	
42	-7.8903E-1	1.0502E1	5.2020E0	9.1140E4	
43	-7.8918E-1	1.0275E1	5.1970E0	9.3360E4	
44	-7.8644E-1	1.4351E1	5.1921E0	9.5580E4	
45	-7.8964E-1	9.5959E0	5.1871E0	9.7800E4	
46	-7.8690E-1	1.3672E1	5.1822E0	1.0002E5	
47	-7.8850E-1	1.1294E1	5.1772E0	1.0224E5	
48	-7.8758E-1	1.2653E1	5.1723E0	1.0446E5	
49	-7.8857E-1	1.1181E1	5.1673E0	1.0668E5	
50	-7.8873E-1	1.0955E1	5.1623E0	1.0890E5	
51	-7.8606E-1	1.4918E1	5.1573E0	1.1112E5	
52	-7.8659E-1	1.4125E1	5.1522E0	1.1334E5	
53	-7.8629E-1	1.4578E1	5.1473E0	1.1556E5	
54	-7.8583E-1	1.5257E1	5.1422E0	1.1778E5	
55	-7.8728E-1	1.3106E1	5.1371E0	1.2000E5	
56	-7.8659E-1	1.4125E1	5.1321E0	1.2222E5	
57	-7.8583E-1	1.5257E1	5.1271E0	1.2444E5	
58	-7.8781E-1	1.2313E1	5.1219E0	1.2666E5	
59	-7.8468E-1	1.6956E1	5.1169E0	1.2888E5	
60	-7.8629E-1	1.4578E1	5.1119E0	1.3110E5	
61	-7.8308E-1	1.9333E1	5.1068E0	1.3332E5	
62	-7.8766E-1	1.2540E1	5.1017E0	1.3554E5	
63	-7.8468E-1	1.6956E1	5.0966E0	1.3776E5	
64	-7.8491E-1	1.6616E1	5.0915E0	1.3998E5	
65	-7.8735E-1	1.2993E1	5.0863E0	1.4220E5	
66	-7.8445E-1	1.7295E1	5.0812E0	1.4442E5	
67	-7.8293E-1	1.9560E1	5.0762E0	1.4664E5	
68	-7.8400E-1	1.7975E1	5.0711E0	1.4886E5	
69	-7.8384E-1	1.8201E1	5.0660E0	1.5108E5	
70	-7.8339E-1	1.8880E1	5.0607E0	1.5330E5	
71	-7.8590E-1	1.5144E1	5.0556E0	1.5552E5	
72	-7.8400E-1	1.7975E1	5.0506E0	1.5774E5	
73	-7.8232E-1	2.0466E1	5.0453E0	1.5996E5	
74	-7.8247E-1	2.0239E1	5.0402E0	1.6218E5	
75	-7.8514E-1	1.6276E1	5.0350E0	1.6440E5	
76	-7.8461E-1	1.7069E1	5.0298E0	1.6662E5	
77	-7.8377E-1	1.8314E1	5.0246E0	1.6884E5	
78	-7.8300E-1	1.9447E1	5.0194E0	1.7106E5	
79	-7.8094E-1	2.2504E1	5.0143E0	1.7328E5	
80	-7.8156E-1	2.1598E1	5.0089E0	1.7550E5	
81	-7.8125E-1	2.2051E1	5.0038E0	1.7772E5	
82	-7.8369E-1	1.8428E1	4.9986E0	1.7994E5	
83	-7.8186E-1	2.1145E1	4.9934E0	1.8216E5	
84	-7.8323E-1	1.9107E1	4.9881E0	1.8438E5	
85	-7.8392E-1	1.8088E1	4.9830E0	1.8660E5	
86	-7.8102E-1	2.2390E1	4.9777E0	1.8882E5	
87	-7.8224E-1	2.0579E1	4.9725E0	1.9104E5	
88	-7.8224E-1	2.0579E1	4.9672E0	1.9326E5	
89	-7.8072E-1	2.2843E1	4.9619E0	1.9548E5	
90	-7.8171E-1	2.1371E1	4.9566E0	1.9770E5	
91	-7.8056E-1	2.3070E1	4.9513E0	1.9992E5	
92	-7.7927E-1	2.4995E1	4.9460E0	2.0214E5	
93	-7.7927E-1	2.4995E1	4.9407E0	2.0436E5	
94	-7.8072E-1	2.2843E1	4.9356E0	2.0658E5	
95	-7.8285E-1	1.9673E1	4.9302E0	2.0880E5	
96	-7.8041E-1	2.3296E1	4.9249E0	2.1102E5	
97	-7.8239E-1	2.0352E1	4.9195E0	2.1324E5	
98	-7.7950E-1	2.4655E1	4.9143E0	2.1546E5	
99	-7.7744E-1	2.7712E1	4.9090E0	2.1768E5	
100	-7.7881E-1	2.5674E1	4.9037E0	2.1990E5	
101	-7.7911E-1	2.5221E1	4.8983E0	2.2212E5	
102	-7.7850E-1	2.6127E1	4.8930E0	2.2434E5	
103	-7.8064E-1	2.2957E1	4.8876E0	2.2656E5	
104	-7.7927E-1	2.4995E1	4.8823E0	2.2878E5	
105	-7.7888E-1	2.5561E1	4.8770E0	2.3100E5	
106	-7.8011E-1	2.3749E1	4.8716E0	2.3322E5	
107	-7.8033E-1	2.3409E1	4.8662E0	2.3544E5	
108	-7.7873E-1	2.5787E1	4.8609E0	2.3766E5	
109	-7.7850E-1	2.6127E1	4.8555E0	2.3988E5	
110	-7.7866E-1	2.5900E1	4.8502E0	2.4210E5	
111	-7.7995E-1	2.3976E1	4.8447E0	2.4432E5	
112	-7.7934E-1	2.4881E1	4.8394E0	2.4654E5	
113	-7.7919E-1	2.5108E1	4.8340E0	2.4876E5	
114	-7.7736E-1	2.7825E1	4.8285E0	2.5098E5	
115	-7.7789E-1	2.7033E1	4.8231E0	2.5320E5	
116	-7.7812E-1	2.6693E1	4.8178E0	2.5542E5	
117	-7.7698E-1	2.8391E1	4.8123E0	2.5764E5	
118	-7.7797E-1	2.6919E1	4.8068E0	2.5986E5	
119	-7.7759E-1	2.7486E1	4.8015E0	2.6208E5	
120	-7.7599E-1	2.9863E1	4.7959E0	2.6430E5	
121	-7.7675E-1	2.8731E1	4.7905E0	2.6652E5	
122	-7.7599E-1	2.9863E1	4.7851E0	2.6874E5	
123	-7.7538E-1	3.0769E1	4.7796E0	2.7096E5	
124	-7.7568E-1	3.0316E1	4.7742E0	2.7318E5	
125	-7.7667E-1	2.8844E1	4.7688E0	2.7540E5	
126	-7.7736E-1	2.7825E1	4.7633E0	2.7762E5	
127	-7.7599E-1	2.9863E1	4.7578E0	2.7984E5	
128	-7.7782E-1	2.7146E1	4.7523E0	2.8206E5	
129	-7.7690E-1	2.8505E1	4.7469E0	2.8428E5	
130	-7.7370E-1	3.3260E1	4.7413E0	2.8650E5	
131	-7.7454E-1	3.2015E1	4.7359E0	2.8872E5	
132	-7.7225E-1	3.5411E1	4.7304E0	2.9094E5	
133	-7.7400E-1	3.2807E1	4.7249E0	2.9316E5	
134	-7.7362E-1	3.3373E1	4.7193E0	2.9538E5	
135	-7.7339E-1	3.3713E1	4.7139E0	2.9760E5	
136	-7.7324E-1	3.3939E1	4.7083E0	2.9982E5	
137	-7.7354E-1	3.3487E1	4.7027E0	3.0204E5	
138	-7.7301E-1	3.4279E1	4.6973E0	3.0426E5	
139	-7.7255E-1	3.4958E1	4.6917E0	3.0648E5	
140	-7.7232E-1	3.5298E1	4.6861E0	3.0870E5	
141	-7.7232E-1	3.5298E1	4.6806E0	3.1092E5	
142	-7.7347E-1	3.3600E1	4.6750E0	3.1314E5	
143	-7.7156E-1	3.6430E1	4.6694E0	3.1536E5	
144	-7.7187E-1	3.5978E1	4.6640E0	3.1758E5	
145	-7.7400E-1	3.2807E1	4.6583E0	3.1980E5	
146	-7.7240E-1	3.5185E1	4.6528E0	3.2202E5	
147	-7.7118E-1	3.6997E1	4.6472E0	3.2424E5	
148	-7.7248E-1	3.5072E1	4.6416E0	3.2646E5	
149	-7.7240E-1	3.5185E1	4.6361E0	3.2868E5	
150	-7.7278E-1	3.4619E1	4.6304E0	3.3090E5	
151	-7.7065E-1	3.7789E1	4.6248E0	3.3312E5	
152	-7.7263E-1	3.4845E1	4.6192E0	3.3534E5	
153	-7.7026E-1	3.8355E1	4.6136E0	3.3756E5	
154	-7.7095E-1	3.7336E1	4.6079E0	3.3978E5	
155	-7.6942E-1	3.9601E1	4.6024E0	3.4200E5	
156	-7.6904E-1	4.0167E1	4.5967E0	3.4422E5	
157	-7.7187E-1	3.5978E1	4.5911E0	3.4644E5	
158	-7.6843E-1	4.1073E1	4.5855E0	3.4866E5	
159	-7.7194E-1	3.5864E1	4.5798E0	3.5088E5	
160	-7.6851E-1	4.0959E1	4.5742E0	3.5310E5	
161	-7.6889E-1	4.0393E1	4.5685E0	3.5532E5	
162	-7.6530E-1	4.5715E1	4.5627E0	3.5754E5	
163	-7.6996E-1	3.8808E1	4.5572E0	3.5976E5	
164	-7.6828E-1	4.1299E1	4.5516E0	3.6198E5	
165	-7.6981E-1	3.9035E1	4.5459E0	3.6420E5	
166	-7.7019E-1	3.8468E1	4.5401E0	3.6642E5	
167	-7.6912E-1	4.0054E1	4.5345E0	3.6864E5	
168	-7.6721E-1	4.2884E1	4.5288E0	3.7086E5	
169	-7.6912E-1	4.0054E1	4.5231E0	3.7308E5	
170	-7.6759E-1	4.2318E1	4.5174E0	3.7530E5	
171	-7.6828E-1	4.1299E1	4.5117E0	3.7752E5	
172	-7.6805E-1	4.1639E1	4.5060E0	3.7974E5	
173	-7.6698E-1	4.3224E1	4.5003E0	3.8196E5	
174	-7.6553E-1	4.5375E1	4.4946E0	3.8418E5	
175	-7.6805E-1	4.1639E1	4.4888E0	3.8640E5	
176	-7.6912E-1	4.0054E1	4.4831E0	3.8862E5	
177	-7.6797E-1	4.1752E1	4.4773E0	3.9084E5	
178	-7.6385E-1	4.7866E1	4.4716E0	3.9306E5	
179	-7.6668E-1	4.3677E1	4.4659E0	3.9528E5	
180	-7.6561E-1	4.5262E1	4.4601E0	3.9750E5	
181	-7.6546E-1	4.5488E1	4.4544E0	3.9972E5	
182	-7.6599E-1	4.4696E1	4.4486E0	4.0194E5	
183	-7.6363E-1	4.8206E1	4.4428E0	4.0416E5	
184	-7.6546E-1	4.5488E1	4.4370E0	4.0638E5	
185	-7.6584E-1	4.4922E1	4.4314E0	4.0860E5	
186	-7.6546E-1	4.5488E1	4.4254E0	4.1082E5	
187	-7.6485E-1	4.6394E1	4.4197E0	4.1304E5	
188	-7.6469E-1	4.6621E1	4.4139E0	4.1526E5	
189	-7.6744E-1	4.2545E1	4.4081E0	4.1748E5	
190	-7.6508E-1	4.6055E1	4.4023E0	4.1970E5	
191	-7.6492E-1	4.6281E1	4.3966E0	4.2192E5	
192	-7.6294E-1	4.9225E1	4.3908E0	4.2414E5	
193	-7.6637E-1	4.4130E1	4.3850E0	4.2636E5	
194	-7.6355E-1	4.8319E1	4.3791E0	4.2858E5	
195	-7.6225E-1	5.0244E1	4.3733E0	4.3080E5	
196	-7.6447E-1	4.6960E1	4.3674E0	4.3302E5	
197	-7.6347E-1	4.8432E1	4.3617E0	4.3524E5	
198	-7.6210E-1	5.0470E1	4.3558E0	4.3746E5	
199	-7.6286E-1	4.9338E1	4.3500E0	4.3968E5	
200	-7.6202E-1	5.0584E1	4.3441E0	4.4190E5	
201	-7.6271E-1	4.9565E1	4.3383E0	4.4412E5	
202	-7.6317E-1	4.8885E1	4.3324E0	4.4634E5	
203	-7.6057E-1	5.2735E1	4.3266E0	4.4856E5	
204	-7.6195E-1	5.0697E1	4.3206E0	4.5078E5	
205	-7.6317E-1	4.8885E1	4.3148E0	4.5300E5	
206	-7.6042E-1	5.2961E1	4.3089E0	4.5522E5	
207	-7.6241E-1	5.0018E1	4.3031E0	4.5744E5	
208	-7.5989E-1	5.3754E1	4.2973E0	4.5966E5	
209	-7.6080E-1	5.2395E1	4.2914E0	4.6188E5	
210	-7.6027E-1	5.3188E1	4.2855E0	4.6410E5	
211	-7.6477E-1	4.6508E1	4.2796E0	4.6632E5	
212	-7.6050E-1	5.2848E1	4.2737E0	4.6854E5	
213	-7.6141E-1	5.1489E1	4.2678E0	4.7076E5	
214	-7.5958E-1	5.4207E1	4.2619E0	4.7298E5	
215	-7.5958E-1	5.4207E1	4.2560E0	4.7520E5	
216	-7.6035E-1	5.3075E1	4.2500E0	4.7742E5	
217	-7.5836E-1	5.6018E1	4.2441E0	4.7964E5	
218	-7.5996E-1	5.3641E1	4.2382E0	4.8186E5	
219	-7.5836E-1	5.6018E1	4.2323E0	4.8408E5	
220	-7.6080E-1	5.2395E1	4.2263E0	4.8630E5	
221	-7.5722E-1	5.7717E1	4.2204E0	4.8852E5	
222	-7.5897E-1	5.5113E1	4.2145E0	4.9074E5	
223	-7.5768E-1	5.7038E1	4.2085E0	4.9296E5	
224	-7.5653E-1	5.8736E1	4.2026E0	4.9518E5	
225	-7.5668E-1	5.8509E1	4.1967E0	4.9740E5	
226	-7.5844E-1	5.5905E1	4.1907E0	4.9962E5	
227	-7.5798E-1	5.6585E1	4.1848E0	5.0184E5	
228	-7.5714E-1	5.7830E1	4.1788E0	5.0406E5	
229	-7.5569E-1	5.9981E1	4.1729E0	5.0628E5	
230	-7.5668E-1	5.8509E1	4.1668E0	5.0850E5	
231	-7.5508E-1	6.0887E1	4.1609E0	5.1072E5	
232	-7.5737E-1	5.7490E1	4.1549E0	5.1294E5	
233	-7.5592E-1	5.9642E1	4.1490E0	5.1516E5	
234	-7.5554E-1	6.0208E1	4.1429E0	5.1738E5	
235	-7.5439E-1	6.1906E1	4.1369E0	5.1960E5	
236	-7.5554E-1	6.0208E1	4.1309E0	5.2182E5	
237	-7.5867E-1	5.5566E1	4.1250E0	5.2404E5	
238	-7.5638E-1	5.8962E1	4.1189E0	5.2626E5	
239	-7.5462E-1	6.1567E1	4.1130E0	5.2848E5	
240	-7.5584E-1	5.9755E1	4.1070E0	5.3070E5	
241	-7.5699E-1	5.8057E1	4.1010E0	5.3292E5	
242	-7.5356E-1	6.3152E1	4.0949E0	5.3514E5	
243	-7.5523E-1	6.0661E1	4.0889E0	5.3736E5	
244	-7.5401E-1	6.2472E1	4.0829E0	5.3958E5	
245	-7.5317E-1	6.3718E1	4.0768E0	5.4180E5	
246	-7.5645E-1	5.8849E1	4.0708E0	5.4402E5	
247	-7.5478E-1	6.1340E1	4.0648E0	5.4624E5	
248	-7.5363E-1	6.3038E1	4.0587E0	5.4846E5	
249	-7.5356E-1	6.3152E1	4.0527E0	5.5068E5	
250	-7.5371E-1	6.2925E1	4.0465E0	5.5290E5	
251	-7.5272E-1	6.4397E1	4.0406E0	5.5512E5	
252	-7.5371E-1	6.2925E1	4.0344E0	5.5734E5	
253	-7.5279E-1	6.4284E1	4.0285E0	5.5956E5	
254	-7.5378E-1	6.2812E1	4.0223E0	5.6178E5	
255	-7.5150E-1	6.6209E1	4.0163E0	5.6400E5	
256	-7.5256E-1	6.4624E1	4.0103E0	5.6622E5	
257	-7.4989E-1	6.8587E1	4.0042E0	5.6844E5	
258	-7.5226E-1	6.5077E1	3.9981E0	5.7066E5	
259	-7.5249E-1	6.4737E1	3.9920E0	5.7288E5	
260	-7.4867E-1	7.0398E1	3.9859E0	5.7510E5	
261	-7.5233E-1	6.4963E1	3.9799E0	5.7732E5	
262	-7.5127E-1	6.6548E1	3.9737E0	5.7954E5	
263	-7.5233E-1	6.4963E1	3.9677E0	5.8176E5	
264	-7.5310E-1	6.3831E1	3.9616E0	5.8398E5	
265	-7.4959E-1	6.9039E1	3.9554E0	5.8620E5	
266	-7.5096E-1	6.7001E1	3.9493E0	5.8842E5	
267	-7.4936E-1	6.9379E1	3.9432E0	5.9064E5	
268	-7.5020E-1	6.8134E1	3.9371E0	5.9286E5	
269	-7.5195E-1	6.5529E1	3.9310E0	5.9508E5	
270	-7.4844E-1	7.0738E1	3.9249E0	5.9730E5	
271	-7.4898E-1	6.9945E1	3.9187E0	5.9952E5	
272	-7.4989E-1	6.8587E1	3.9125E0	6.0174E5	
273	-7.4806E-1	7.1304E1	3.9064E0	6.0396E5	
274	-7.4982E-1	6.8700E1	3.9003E0	6.0618E5	
275	-7.4936E-1	6.9379E1	3.8941E0	6.0840E5	
276	-7.4760E-1	7.1983E1	3.8880E0	6.1062E5	
277	-7.4890E-1	7.0058E1	3.8818E0	6.1284E5	
278	-7.4944E-1	6.9266E1	3.8756E0	6.1506E5	
279	-7.4928E-1	6.9492E1	3.8695E0	6.1728E5	
280	-7.4661E-1	7.3455E1	3.8633E0	6.1950E5	
281	-7.4760E-1	7.1983E1	3.8572E0	6.2172E5	
282	-7.4936E-1	6.9379E1	3.8509E0	6.2394E5	
283	-7.4699E-1	7.2889E1	3.8447E0	6.2616E5	
284	-7.4654E-1	7.3568E1	3.8386E0	6.2838E5	
285	-7.4745E-1	7.2210E1	3.8324E0	6.3060E5	
286	-7.4532E-1	7.5380E1	3.8263E0	6.3282E5	
287	-7.4638E-1	7.3795E1	3.8200E0	6.3504E5	
288	-7.4677E-1	7.3229E1	3.8138E0	6.3726E5	
289	-7.4852E-1	7.0625E1	3.8077E0	6.3948E5	
290	-7.4585E-1	7.4588E1	3.8014E0	6.4170E5	
291	-7.4669E-1	7.3342E1	3.7952E0	6.4392E5	
292	-7.4409E-1	7.7192E1	3.7890E0	6.4614E5	
293	-7.4631E-1	7.3908E1	3.7828E0	6.4836E5	
294	-7.4478E-1	7.6173E1	3.7766E0	6.5058E5	
295	-7.4677E-1	7.3229E1	3.7703E0	6.5280E5	
296	-7.4310E-1	7.8664E1	3.7642E0	6.5502E5	
297	-7.4249E-1	7.9569E1	3.7579E0	6.5724E5	
298	-7.4242E-1	7.9683E1	3.7518E0	6.5946E5	
299	-7.4356E-1	7.7984E1	3.7456E0	6.6168E5	
300	-7.4142E-1	8.1155E1	3.7392E0	6.6390E5	
301	-7.4524E-1	7.5493E1	3.7329E0	6.6612E5	
302	-7.4364E-1	7.7871E1	3.7267E0	6.6834E5	
303	-7.4341E-1	7.8211E1	3.7205E0	6.7056E5	
304	-7.4387E-1	7.7531E1	3.7142E0	6.7278E5	
305	-7.4409E-1	7.7192E1	3.7079E0	6.7500E5	
306	-7.4310E-1	7.8664E1	3.7016E0	6.7722E5	
307	-7.4310E-1	7.8664E1	3.6955E0	6.7944E5	
308	-7.4097E-1	8.1834E1	3.6891E0	6.8166E5	
309	-7.4158E-1	8.0928E1	3.6829E0	6.8388E5	
310	-7.4181E-1	8.0588E1	3.6765E0	6.8610E5	
311	-7.4196E-1	8.0362E1	3.6703E0	6.8832E5	
312	-7.4036E-1	8.2740E1	3.6639E0	6.9054E5	
313	-7.4310E-1	7.8664E1	3.6578E0	6.9276E5	
314	-7.4051E-1	8.2513E1	3.6514E0	6.9498E5	
315	-7.4158E-1	8.0928E1	3.6452E0	6.9720E5	
316	-7.3967E-1	8.3759E1	3.6387E0	6.9942E5	
317	-7.4112E-1	8.1607E1	3.6325E0	7.0164E5	
318	-7.4043E-1	8.2627E1	3.6262E0	7.0386E5	
319	-7.4089E-1	8.1947E1	3.6199E0	7.0608E5	
320	-7.3944E-1	8.4098E1	3.6136E0	7.0830E5	
321	-7.4051E-1	8.2513E1	3.6073E0	7.1052E5	
322	-7.3990E-1	8.3419E1	3.6009E0	7.1274E5	
323	-7.3975E-1	8.3646E1	3.5947E0	7.1496E5	
324	-7.4013E-1	8.3079E1	3.5883E0	7.1718E5	
325	-7.4203E-1	8.0249E1	3.5820E0	7.1940E5	
326	-7.3845E-1	8.5570E1	3.5757E0	7.2162E5	
327	-7.3456E-1	9.1345E1	3.5693E0	7.2384E5	
328	-7.3906E-1	8.4665E1	3.5629E0	7.2606E5	
329	-7.3814E-1	8.6023E1	3.5566E0	7.2828E5	
330	-7.3776E-1	8.6589E1	3.5504E0	7.3050E5	
331	-7.3761E-1	8.6816E1	3.5440E0	7.3272E5	
332	-7.3814E-1	8.6023E1	3.5376E0	7.3494E5	
333	-7.3715E-1	8.7495E1	3.5313E0	7.3716E5	
334	-7.3563E-1	8.9760E1	3.5248E0	7.3938E5	
335	-7.3738E-1	8.7156E1	3.5185E0	7.4160E5	
336	-7.3639E-1	8.8627E1	3.5121E0	7.4382E5	
337	-7.3601E-1	8.9194E1	3.5057E0	7.4604E5	
338	-7.3837E-1	8.5684E1	3.4993E0	7.4826E5	
339	-7.3624E-1	8.8854E1	3.4930E0	7.5048E5	
340	-7.3578E-1	8.9533E1	3.4867E0	7.5270E5	
341	-7.3723E-1	8.7382E1	3.4802E0	7.5492E5	
342	-7.3517E-1	9.0439E1	3.4739E0	7.5714E5	
343	-7.3647E-1	8.8514E1	3.4675E0	7.5936E5	
344	-7.3776E-1	8.6589E1	3.4611E0	7.6158E5	
345	-7.3463E-1	9.1232E1	3.4547E0	7.6380E5	
346	-7.3524E-1	9.0326E1	3.4483E0	7.6602E5	
347	-7.3349E-1	9.2930E1	3.4418E0	7.6824E5	
348	-7.3410E-1	9.2024E1	3.4356E0	7.7046E5	
349	-7.3509E-1	9.0552E1	3.4291E0	7.7268E5	
350	-7.3303E-1	9.3609E1	3.4226E0	7.7490E5	
351	-7.3341E-1	9.3043E1	3.4163E0	7.7712E5	
352	-7.3303E-1	9.3609E1	3.4098E0	7.7934E5	
353	-7.3425E-1	9.1798E1	3.4034E0	7.8156E5	
354	-7.3227E-1	9.4742E1	3.3970E0	7.8378E5	
355	-7.3280E-1	9.3949E1	3.3905E0	7.8600E5	
356	-7.3196E-1	9.5195E1	3.3841E0	7.8822E5	
357	-7.3288E-1	9.3836E1	3.3776E0	7.9044E5	
358	-7.3029E-1	9.7686E1	3.3712E0	7.9266E5	
359	-7.3135E-1	9.6100E1	3.3646E0	7.9488E5	
360	-7.3174E-1	9.5534E1	3.3583E0	7.9710E5	
361	-7.3174E-1	9.5534E1	3.3518E0	7.9932E5	
362	-7.3006E-1	9.8025E1	3.3453E0	8.0154E5	
363	-7.3158E-1	9.5761E1	3.3389E0	8.0376E5	
364	-7.3013E-1	9.7912E1	3.3325E0	8.0598E5	
365	-7.3021E-1	9.7799E1	3.3260E0	8.0820E5	
366	-7.2884E-1	9.9837E1	3.3195E0	8.1042E5	
367	-7.3120E-1	9.6327E1	3.3131E0	8.1264E5	
368	-7.3029E-1	9.7686E1	3.3066E0	8.1486E5	
369	-7.3059E-1	9.7233E1	3.3001E0	8.1708E5	
370	-7.2968E-1	9.8591E1	3.2936E0	8.1930E5	
371	-7.2914E-1	9.9384E1	3.2872E0	8.2152E5	
372	-7.2968E-1	9.8591E1	3.2806E0	8.2374E5	
373	-7.2716E-1	1.0233E2	3.2741E0	8.2596E5	
374	-7.2723E-1	1.0221E2	3.2677E0	8.2818E5	
375	-7.2891E-1	9.9724E1	3.2612E0	8.3040E5	
376	-7.2998E-1	9.8138E1	3.2547E0	8.3262E5	
377	-7.2632E-1	1.0357E2	3.2482E0	8.3484E5	
378	-7.2945E-1	9.8931E1	3.2416E0	8.3706E5	
379	-7.2510E-1	1.0538E2	3.2351E0	8.3928E5	
380	-7.2655E-1	1.0323E2	3.2285E0	8.4150E5	
381	-7.2769E-1	1.0154E2	3.2220E0	8.4372E5	
382	-7.2701E-1	1.0255E2	3.2156E0	8.4594E5	
383	-7.2723E-1	1.0221E2	3.2090E0	8.4816E5	
384	-7.2845E-1	1.0040E2	3.2025E0	8.5038E5	
385	-7.2533E-1	1.0505E2	3.1959E0	8.5260E5	
386	-7.2723E-1	1.0221E2	3.1895E0	8.5482E5	
387	-7.2670E-1	1.0301E2	3.1829E0	8.5704E5	
388	-7.2548E-1	1.0482E2	3.1763E0	8.5926E5	
389	-7.2411E-1	1.0686E2	3.1698E0	8.6148E5	
390	-7.2418E-1	1.0674E2	3.1633E0	8.6370E5	
391	-7.2578E-1	1.0437E2	3.1568E0	8.6592E5	
392	-7.2395E-1	1.0708E2	3.1502E0	8.6814E5	
393	-7.2472E-1	1.0595E2	3.1436E0	8.7036E5	
394	-7.2479E-1	1.0584E2	3.1370E0	8.7258E5	
395	-7.2441E-1	1.0640E2	3.1305E0	8.7480E5	
396	-7.2632E-1	1.0357E2	3.1239E0	8.7702E5	
397	-7.2311E-1	1.0833E2	3.1173E0	8.7924E5	
398	-7.2350E-1	1.0776E2	3.1108E0	8.8146E5	
399	-7.2388E-1	1.0720E2	3.1042E0	8.8368E5	
400	-7.2327E-1	1.0810E2	3.0975E0	8.8590E5	
401	-7.2411E-1	1.0686E2	3.0911E0	8.8812E5	
402	-7.2342E-1	1.0788E2	3.0844E0	8.9034E5	
403	-7.2464E-1	1.0606E2	3.0778E0	8.9256E5	
404	-7.2350E-1	1.0776E2	3.0712E0	8.9478E5	
405	-7.2266E-1	1.0901E2	3.0646E0	8.9700E5	
406	-7.2372E-1	1.0742E2	3.0581E0	8.9922E5	
407	-7.2357E-1	1.0765E2	3.0516E0	9.0144E5	
408	-7.2151E-1	1.1071E2	3.0449E0	9.0366E5	
409	-7.2281E-1	1.0878E2	3.0383E0	9.0588E5	
410	-7.2189E-1	1.1014E2	3.0316E0	9.0810E5	
411	-7.2044E-1	1.1229E2	3.0251E0	9.1032E5	
412	-7.2212E-1	1.0980E2	3.0184E0	9.1254E5	
413	-7.2121E-1	1.1116E2	3.0118E0	9.1476E5	
414	-7.2220E-1	1.0969E2	3.0053E0	9.1698E5	
415	-7.2136E-1	1.1093E2	2.9986E0	9.1920E5	
416	-7.1922E-1	1.1410E2	2.9920E0	9.2142E5	
417	-7.2205E-1	1.0991E2	2.9853E0	9.2364E5	
418	-7.1999E-1	1.1297E2	2.9787E0	9.2586E5	
419	-7.1793E-1	1.1603E2	2.9721E0	9.2808E5	
420	-7.2266E-1	1.0901E2	2.9655E0	9.3030E5	
421	-7.1640E-1	1.1829E2	2.9589E0	9.3252E5	
422	-7.2014E-1	1.1274E2	2.9522E0	9.3474E5	
423	-7.1663E-1	1.1795E2	2.9455E0	9.3696E5	
424	-7.2014E-1	1.1274E2	2.9389E0	9.3918E5	
425	-7.2021E-1	1.1263E2	2.9322E0	9.4140E5	
426	-7.1983E-1	1.1320E2	2.9256E0	9.4362E5	
427	-7.1693E-1	1.1750E2	2.9189E0	9.4584E5	
428	-7.1907E-1	1.1433E2	2.9123E0	9.4806E5	
429	-7.1602E-1	1.1886E2	2.9056E0	9.5028E5	
430	-7.1770E-1	1.1637E2	2.8990E0	9.5250E5	
431	-7.1594E-1	1.1897E2	2.8923E0	9.5472E5	
432	-7.1861E-1	1.1501E2	2.8855E0	9.5694E5	
433	-7.1686E-1	1.1761E2	2.8788E0	9.5916E5	
434	-7.1762E-1	1.1648E2	2.8722E0	9.6138E5	
435	-7.1579E-1	1.1920E2	2.8655E0	9.6360E5	
436	-7.1587E-1	1.1909E2	2.8588E0	9.6582E5	
437	-7.1686E-1	1.1761E2	2.8522E0	9.6804E5	
438	-7.1472E-1	1.2078E2	2.8455E0	9.7026E5	
439	-7.1541E-1	1.1976E2	2.8388E0	9.7248E5	
440	-7.1671E-1	1.1784E2	2.8321E0	9.7470E5	
441	-7.1342E-1	1.2271E2	2.8254E0	9.7692E5	
442	-7.1220E-1	1.2452E2	2.8187E0	9.7914E5	
443	-7.1304E-1	1.2327E2	2.8121E0	9.8136E5	
444	-7.1518E-1	1.2010E2	2.8054E0	9.8358E5	
445	-7.1373E-1	1.2226E2	2.7985E0	9.8580E5	
446	-7.1373E-1	1.2226E2	2.7919E0	9.8802E5	
447	-7.1075E-1	1.2667E2	2.7852E0	9.9024E5	
448	-7.1251E-1	1.2407E2	2.7784E0	9.9246E5	
449	-7.1281E-1	1.2361E2	2.7717E0	9.9468E5	
450	-7.1358E-1	1.2248E2	2.7650E0	9.9690E5	
451	-7.0862E-1	1.2984E2	2.7583E0	9.9912E5	
452	-7.1251E-1	1.2407E2	2.7516E0	1.0013E6	
453	-7.1045E-1	1.2712E2	2.7448E0	1.0036E6	
454	-7.1053E-1	1.2701E2	2.7381E0	1.0058E6	
455	-7.1159E-1	1.2543E2	2.7314E0	1.0080E6	
456	-7.1114E-1	1.2611E2	2.7246E0	1.0102E6	
457	-7.1175E-1	1.2520E2	2.7178E0	1.0124E6	
458	-7.1205E-1	1.2475E2	2.7110E0	1.0147E6	
459	-7.1060E-1	1.2690E2	2.7043E0	1.0169E6	
460	-7.1014E-1	1.2758E2	2.6976E0	1.0191E6	
461	-7.1198E-1	1.2486E2	2.6908E0	1.0213E6	
462	-7.1045E-1	1.2712E2	2.6841E0	1.0235E6	
463	-7.1083E-1	1.2656E2	2.6773E0	1.0258E6	
464	-7.1114E-1	1.2611E2	2.6706E0	1.0280E6	
465	-7.1152E-1	1.2554E2	2.6638E0	1.0302E6	
466	-7.0786E-1	1.3097E2	2.6570E0	1.0324E6	
467	-7.0900E-1	1.2928E2	2.6503E0	1.0346E6	
468	-7.0900E-1	1.2928E2	2.6435E0	1.0369E6	
469	-7.0938E-1	1.2871E2	2.6367E0	1.0391E6	
470	-7.1037E-1	1.2724E2	2.6299E0	1.0413E6	
471	-7.0808E-1	1.3063E2	2.6233E0	1.0435E6	
472	-7.0976E-1	1.2814E2	2.6164E0	1.0457E6	
473	-7.0969E-1	1.2826E2	2.6096E0	1.0480E6	
474	-7.0778E-1	1.3109E2	2.6028E0	1.0502E6	
475	-7.0976E-1	1.2814E2	2.5960E0	1.0524E6	
476	-7.0625E-1	1.3335E2	2.5892E0	1.0546E6	
477	-7.0724E-1	1.3188E2	2.5825E0	1.0568E6	
478	-7.0801E-1	1.3075E2	2.5756E0	1.0591E6	
479	-7.0808E-1	1.3063E2	2.5688E0	1.0613E6	
480	-7.0618E-1	1.3346E2	2.5621E0	1.0635E6	
481	-7.0557E-1	1.3437E2	2.5552E0	1.0657E6	
482	-7.0801E-1	1.3075E2	2.5484E0	1.0679E6	
483	-7.0580E-1	1.3403E2	2.5415E0	1.0702E6	
484	-7.0541E-1	1.3460E2	2.5348E0	1.0724E6	
485	-7.0702E-1	1.3222E2	2.5279E0	1.0746E6	
486	-7.0473E-1	1.3562E2	2.5211E0	1.0768E6	
487	-7.0595E-1	1.3380E2	2.5143E0	1.0790E6	
488	-7.0702E-1	1.3222E2	2.5075E0	1.0813E6	
489	-7.0518E-1	1.3494E2	2.5007E0	1.0835E6	
490	-7.0564E-1	1.3426E2	2.4939E0	1.0857E6	
491	-7.0419E-1	1.3641E2	2.4870E0	1.0879E6	
492	-7.0427E-1	1.3630E2	2.4803E0	1.0901E6	
493	-7.0221E-1	1.3935E2	2.4734E0	1.0924E6	
494	-7.0412E-1	1.3652E2	2.4666E0	1.0946E6	
495	-7.0221E-1	1.3935E2	2.4597E0	1.0968E6	
496	-7.0099E-1	1.4116E2	2.4529E0	1.0990E6	
497	-7.0335E-1	1.3765E2	2.4460E0	1.1012E6	
498	-7.0236E-1	1.3913E2	2.4391E0	1.1035E6	
499	-7.0213E-1	1.3947E2	2.4323E0	1.1057E6	
500	-7.0129E-1	1.4071E2	2.4255E0	1.1079E6	
501	-7.0183E-1	1.3992E2	2.4186E0	1.1101E6	
502	-7.0099E-1	1.4116E2	2.4117E0	1.1123E6	
503	-7.0259E-1	1.3879E2	2.4048E0	1.1146E6	
504	-7.0206E-1	1.3958E2	2.3981E0	1.1168E6	
505	-7.0091E-1	1.4128E2	2.3912E0	1.1190E6	
506	-7.0297E-1	1.3822E2	2.3842E0	1.1212E6	
507	-6.9977E-1	1.4298E2	2.3774E0	1.1234E6	
508	-6.9817E-1	1.4535E2	2.3706E0	1.1257E6	
509	-6.9984E-1	1.4286E2	2.3636E0	1.1279E6	
510	-6.9870E-1	1.4456E2	2.3568E0	1.1301E6	
511	-6.9923E-1	1.4377E2	2.3500E0	1.1323E6	
512	-7.0091E-1	1.4128E2	2.3431E0	1.1345E6	
513	-7.0045E-1	1.4196E2	2.3361E0	1.1368E6	
514	-6.9809E-1	1.4547E2	2.3293E0	1.1390E6	
515	-6.9618E-1	1.4830E2	2.3224E0	1.1412E6	
516	-6.9771E-1	1.4603E2	2.3154E0	1.1434E6	
517	-6.9839E-1	1.4501E2	2.3086E0	1.1456E6	
518	-6.9710E-1	1.4694E2	2.3017E0	1.1479E6	
519	-6.9664E-1	1.4762E2	2.2949E0	1.1501E6	
520	-6.9618E-1	1.4830E2	2.2879E0	1.1523E6	
521	-6.9870E-1	1.4456E2	2.2811E0	1.1545E6	
522	-6.9649E-1	1.4784E2	2.2741E0	1.1567E6	
523	-6.9702E-1	1.4705E2	2.2672E0	1.1590E6	
524	-6.9717E-1	1.4683E2	2.2602E0	1.1612E6	
525	-6.9504E-1	1.5000E2	2.2534E0	1.1634E6	
526	-6.9557E-1	1.4920E2	2.2465E0	1.1656E6	
527	-6.9702E-1	1.4705E2	2.2395E0	1.1678E6	
528	-6.9496E-1	1.5011E2	2.2326E0	1.1701E6	
529	-6.9687E-1	1.4728E2	2.2257E0	1.1723E6	
530	-6.9626E-1	1.4818E2	2.2187E0	1.1745E6	
531	-6.9672E-1	1.4750E2	2.2119E0	1.1767E6	
532	-6.9557E-1	1.4920E2	2.2050E0	1.1789E6	
533	-6.9504E-1	1.5000E2	2.1981E0	1.1812E6	
534	-6.9679E-1	1.4739E2	2.1912E0	1.1834E6	
535	-6.9580E-1	1.4886E2	2.1841E0	1.1856E6	
536	-6.9679E-1	1.4739E2	2.1773E0	1.1878E6	
537	-6.9450E-1	1.5079E2	2.1703E0	1.1900E6	
538	-6.9351E-1	1.5226E2	2.1633E0	1.1923E6	
539	-6.9344E-1	1.5237E2	2.1563E0	1.1945E6	
540	-6.9206E-1	1.5441E2	2.1494E0	1.1967E6	
541	-6.9435E-1	1.5101E2	2.1424E0	1.1989E6	
542	-6.9176E-1	1.5486E2	2.1356E0	1.2011E6	
543	-6.9458E-1	1.5068E2	2.1287E0	1.2034E6	
544	-6.9359E-1	1.5215E2	2.1217E0	1.2056E6	
545	-6.9382E-1	1.5181E2	2.1147E0	1.2078E6	
546	-6.9092E-1	1.5611E2	2.1078E0	1.2100E6	
547	-6.9427E-1	1.5113E2	2.1009E0	1.2122E6	
548	-6.8993E-1	1.5758E2	2.0938E0	1.2145E6	
549	-6.9221E-1	1.5419E2	2.0869E0	1.2167E6	
550	-6.9221E-1	1.5419E2	2.0799E0	1.2189E6	
551	-6.8909E-1	1.5883E2	2.0730E0	1.2211E6	
552	-6.8893E-1	1.5905E2	2.0661E0	1.2233E6	
553	-6.9077E-1	1.5634E2	2.0590E0	1.2256E6	
554	-6.8718E-1	1.6166E2	2.0521E0	1.2278E6	
555	-6.8954E-1	1.5815E2	2.0451E0	1.2300E6	
556	-6.8977E-1	1.5781E2	2.0381E0	1.2322E6	
557	-6.8855E-1	1.5962E2	2.0312E0	1.2344E6	
558	-6.8810E-1	1.6030E2	2.0242E0	1.2367E6	
559	-6.9237E-1	1.5396E2	2.0171E0	1.2389E6	
560	-6.9237E-1	1.5396E2	2.0102E0	1.2411E6	
561	-6.8871E-1	1.5939E2	2.0032E0	1.2433E6	
562	-6.8993E-1	1.5758E2	1.9961E0	1.2455E6	
563	-6.8695E-1	1.6200E2	1.9891E0	1.2478E6	
564	-6.8886E-1	1.5917E2	1.9821E0	1.2500E6	
565	-6.8756E-1	1.6109E2	1.9753E0	1.2522E6	
566	-6.8954E-1	1.5815E2	1.9682E0	1.2544E6	
567	-6.8687E-1	1.6211E2	1.9612E0	1.2566E6	
568	-6.8604E-1	1.6336E2	1.9542E0	1.2589E6	
569	-6.8611E-1	1.6324E2	1.9472E0	1.2611E6	
570	-6.8840E-1	1.5985E2	1.9403E0	1.2633E6	
571	-6.8481E-1	1.6517E2	1.9333E0	1.2655E6	
572	-6.8619E-1	1.6313E2	1.9262E0	1.2677E6	
573	-6.8474E-1	1.6528E2	1.9192E0	1.2700E6	
574	-6.8558E-1	1.6404E2	1.9122E0	1.2722E6	
575	-6.8489E-1	1.6505E2	1.9051E0	1.2744E6	
576	-6.8550E-1	1.6415E2	1.8981E0	1.2766E6	
577	-6.8642E-1	1.6279E2	1.8912E0	1.2788E6	
578	-6.8512E-1	1.6472E2	1.8842E0	1.2811E6	
579	-6.8489E-1	1.6505E2	1.8771E0	1.2833E6	
580	-6.8130E-1	1.7038E2	1.8700E0	1.2855E6	
581	-6.8466E-1	1.6539E2	1.8631E0	1.2877E6	
582	-6.8283E-1	1.6811E2	1.8561E0	1.2899E6	
583	-6.8390E-1	1.6653E2	1.8491E0	1.2922E6	
584	-6.8359E-1	1.6698E2	1.8420E0	1.2944E6	
585	-6.8268E-1	1.6834E2	1.8350E0	1.2966E6	
586	-6.8443E-1	1.6573E2	1.8280E0	1.2988E6	
587	-6.8436E-1	1.6585E2	1.8209E0	1.3010E6	
588	-6.8192E-1	1.6947E2	1.8139E0	1.3033E6	
589	-6.8008E-1	1.7219E2	1.8069E0	1.3055E6	
590	-6.8207E-1	1.6924E2	1.7998E0	1.3077E6	
591	-6.8039E-1	1.7174E2	1.7927E0	1.3099E6	
592	-6.7879E-1	1.7411E2	1.7858E0	1.3121E6	
593	-6.8085E-1	1.7106E2	1.7787E0	1.3144E6	
594	-6.8054E-1	1.7151E2	1.7717E0	1.3166E6	
595	-6.8237E-1	1.6879E2	1.7646E0	1.3188E6	
596	-6.8062E-1	1.7140E2	1.7575E0	1.3210E6	
597	-6.8192E-1	1.6947E2	1.7505E0	1.3232E6	
598	-6.8245E-1	1.6868E2	1.7434E0	1.3255E6	
599	-6.8207E-1	1.6924E2	1.7365E0	1.3277E6	
600	-6.7848E-1	1.7457E2	1.7294E0	1.3299E6	
601	-6.7955E-1	1.7298E2	1.7223E0	1.3321E6	
602	-6.7909E-1	1.7366E2	1.7153E0	1.3343E6	
603	-6.7818E-1	1.7502E2	1.7082E0	1.3366E6	
604	-6.7795E-1	1.7536E2	1.7011E0	1.3388E6	
605	-6.7757E-1	1.7592E2	1.6940E0	1.3410E6	
606	-6.7863E-1	1.7434E2	1.6871E0	1.3432E6	
607	-6.7734E-1	1.7626E2	1.6800E0	1.3454E6	
608	-6.8008E-1	1.7219E2	1.6729E0	1.3477E6	
609	-6.7848E-1	1.7457E2	1.6658E0	1.3499E6	
610	-6.7917E-1	1.7355E2	1.6590E0	1.3521E6	
611	-6.7886E-1	1.7400E2	1.6518E0	1.3543E6	
612	-6.7490E-1	1.7989E2	1.6446E0	1.3565E6	
613	-6.7688E-1	1.7694E2	1.6376E0	1.3588E6	
614	-6.7421E-1	1.8091E2	1.6305E0	1.3610E6	
615	-6.7909E-1	1.7366E2	1.6234E0	1.3632E6	
616	-6.7574E-1	1.7864E2	1.6163E0	1.3654E6	
617	-6.7467E-1	1.8023E2	1.6092E0	1.3676E6	
618	-6.7696E-1	1.7683E2	1.6021E0	1.3699E6	
619	-6.7520E-1	1.7943E2	1.5951E0	1.3721E6	
620	-6.7429E-1	1.8079E2	1.5880E0	1.3743E6	
621	-6.7398E-1	1.8125E2	1.5809E0	1.3765E6	
622	-6.7215E-1	1.8396E2	1.5739E0	1.3787E6	
623	-6.7520E-1	1.7943E2	1.5669E0	1.3810E6	
624	-6.7406E-1	1.8113E2	1.5597E0	1.3832E6	
625	-6.7253E-1	1.8340E2	1.5527E0	1.3854E6	
626	-6.7497E-1	1.7977E2	1.5455E0	1.3876E6	
627	-6.7429E-1	1.8079E2	1.5385E0	1.3898E6	
628	-6.7230E-1	1.8374E2	1.5313E0	1.3921E6	
629	-6.7223E-1	1.8385E2	1.5243E0	1.3943E6	
630	-6.7284E-1	1.8294E2	1.5172E0	1.3965E6	
631	-6.7253E-1	1.8340E2	1.5101E0	1.3987E6	
632	-6.7307E-1	1.8260E2	1.5029E0	1.4009E6	
633	-6.7345E-1	1.8204E2	1.4959E0	1.4032E6	
634	-6.7238E-1	1.8362E2	1.4888E0	1.4054E6	
635	-6.7215E-1	1.8396E2	1.4817E0	1.4076E6	
636	-6.7192E-1	1.8430E2	1.4746E0	1.4098E6	
637	-6.6917E-1	1.8838E2	1.4675E0	1.4120E6	
638	-6.7039E-1	1.8657E2	1.4604E0	1.4143E6	
639	-6.7024E-1	1.8679E2	1.4533E0	1.4165E6	
640	-6.7245E-1	1.8351E2	1.4462E0	1.4187E6	
641	-6.6841E-1	1.8951E2	1.4390E0	1.4209E6	
642	-6.6994E-1	1.8725E2	1.4319E0	1.4231E6	
643	-6.6757E-1	1.9076E2	1.4248E0	1.4254E6	
644	-6.6895E-1	1.8872E2	1.4178E0	1.4276E6	
645	-6.6910E-1	1.8849E2	1.4106E0	1.4298E6	
646	-6.6826E-1	1.8974E2	1.4036E0	1.4320E6	
647	-6.6635E-1	1.9257E2	1.3964E0	1.4342E6	
648	-6.6933E-1	1.8815E2	1.3894E0	1.4365E6	
649	-6.6750E-1	1.9087E2	1.3822E0	1.4387E6	
650	-6.6818E-1	1.8985E2	1.3751E0	1.4409E6	
651	-6.6849E-1	1.8940E2	1.3680E0	1.4431E6	
652	-6.6727E-1	1.9121E2	1.3608E0	1.4453E6	
653	-6.6742E-1	1.9098E2	1.3538E0	1.4476E6	
654	-6.6833E-1	1.8962E2	1.3466E0	1.4498E6	
655	-6.6597E-1	1.9313E2	1.3395E0	1.4520E6	
656	-6.6597E-1	1.9313E2	1.3323E0	1.4542E6	
657	-6.6650E-1	1.9234E2	1.3253E0	1.4564E6	
658	-6.6864E-1	1.8917E2	1.3181E0	1.4587E6	
659	-6.6444E-1	1.9540E2	1.3110E0	1.4609E6	
660	-6.6551E-1	1.9381E2	1.3039E0	1.4631E6	
661	-6.6742E-1	1.9098E2	1.2968E0	1.4653E6	
662	-6.6551E-1	1.9381E2	1.2897E0	1.4675E6	
663	-6.6574E-1	1.9347E2	1.2826E0	1.4698E6	
664	-6.6574E-1	1.9347E2	1.2753E0	1.4720E6	
665	-6.6566E-1	1.9359E2	1.2683E0	1.4742E6	
666	-6.6544E-1	1.9393E2	1.2611E0	1.4764E6	
667	-6.6505E-1	1.9449E2	1.2540E0	1.4786E6	
668	-6.6574E-1	1.9347E2	1.2469E0	1.4809E6	
669	-6.6414E-1	1.9585E2	1.2397E0	1.4831E6	
670	-6.6551E-1	1.9381E2	1.2327E0	1.4853E6	
671	-6.6536E-1	1.9404E2	1.2255E0	1.4875E6	
672	-6.6200E-1	1.9902E2	1.2184E0	1.4897E6	
673	-6.6338E-1	1.9698E2	1.2113E0	1.4920E6	
674	-6.6086E-1	2.0072E2	1.2041E0	1.4942E6	
675	-6.6246E-1	1.9834E2	1.1970E0	1.4964E6	
676	-6.6109E-1	2.0038E2	1.1899E0	1.4986E6	
677	-6.6032E-1	2.0151E2	1.1827E0	1.5008E6	
678	-6.6292E-1	1.9766E2	1.1756E0	1.5031E6	
679	-6.6200E-1	1.9902E2	1.1685E0	1.5053E6	
680	-6.6261E-1	1.9812E2	1.1614E0	1.5075E6	
681	-6.6200E-1	1.9902E2	1.1542E0	1.5097E6	
682	-6.6055E-1	2.0117E2	1.1471E0	1.5119E6	
683	-6.5933E-1	2.0299E2	1.1400E0	1.5142E6	
684	-6.5971E-1	2.0242E2	1.1328E0	1.5164E6	
685	-6.6010E-1	2.0185E2	1.1257E0	1.5186E6	
686	-6.5865E-1	2.0400E2	1.1184E0	1.5208E6	
687	-6.6071E-1	2.0095E2	1.1115E0	1.5230E6	
688	-6.6101E-1	2.0049E2	1.1043E0	1.5253E6	
689	-6.5765E-1	2.0548E2	1.0971E0	1.5275E6	
690	-6.5773E-1	2.0536E2	1.0900E0	1.5297E6	
691	-6.5750E-1	2.0570E2	1.0828E0	1.5319E6	
692	-6.5842E-1	2.0434E2	1.0757E0	1.5341E6	
693	-6.5636E-1	2.0740E2	1.0686E0	1.5364E6	
694	-6.5758E-1	2.0559E2	1.0614E0	1.5386E6	
695	-6.9885E-1	1.4433E2	1.0544E0	1.5408E6	
696	-6.9977E-1	1.4298E2	1.0471E0	1.5430E6	
697	-6.9145E-1	1.5532E2	1.0400E0	1.5452E6	
698	-6.9496E-1	1.5011E2	1.0329E0	1.5475E6	
699	-6.9206E-1	1.5441E2	1.0258E0	1.5497E6	
700	-6.8535E-1	1.6438E2	1.0186E0	1.5519E6	
701	-6.7505E-1	1.7966E2	1.0115E0	1.5541E6	
702	-6.7299E-1	1.8272E2	1.0043E0	1.5563E6	
703	-6.6330E-1	1.9710E2	9.9717E-1	1.5586E6	
704	-6.5605E-1	2.0785E2	9.9005E-1	1.5608E6	
705	-6.4957E-1	2.1748E2	9.8287E-1	1.5630E6	
706	-6.4400E-1	2.2574E2	9.7581E-1	1.5652E6	
707	-6.4117E-1	2.2993E2	9.6855E-1	1.5674E6	
708	-6.3248E-1	2.4284E2	9.6150E-1	1.5697E6	
709	-6.2813E-1	2.4929E2	9.5428E-1	1.5719E6	
710	-6.2614E-1	2.5224E2	9.4715E-1	1.5741E6	
711	-6.1905E-1	2.6277E2	9.4000E-1	1.5763E6	
712	-6.1958E-1	2.6198E2	9.3291E-1	1.5785E6	
713	-6.1478E-1	2.6911E2	9.2578E-1	1.5808E6	
714	-6.1096E-1	2.7477E2	9.1863E-1	1.5830E6	
715	-6.0738E-1	2.8009E2	9.1156E-1	1.5852E6	
716	-5.9998E-1	2.9108E2	9.0436E-1	1.5874E6	
717	-5.9898E-1	2.9255E2	8.9722E-1	1.5896E6	
718	-5.9258E-1	3.0206E2	8.9020E-1	1.5919E6	
719	-5.8876E-1	3.0772E2	8.8295E-1	1.5941E6	
720	-5.8403E-1	3.1474E2	8.7584E-1	1.5963E6	
721	-5.8098E-1	3.1927E2	8.6862E-1	1.5985E6	
722	-5.7602E-1	3.2663E2	8.6157E-1	1.6007E6	
723	-5.7198E-1	3.3263E2	8.5440E-1	1.6030E6	
724	-5.6915E-1	3.3682E2	8.4728E-1	1.6052E6	
725	-5.6107E-1	3.4882E2	8.4017E-1	1.6074E6	
726	-5.5237E-1	3.6173E2	8.3307E-1	1.6096E6	
727	-5.5222E-1	3.6195E2	8.2592E-1	1.6118E6	
728	-5.4901E-1	3.6671E2	8.1871E-1	1.6141E6	
729	-5.4184E-1	3.7735E2	8.1158E-1	1.6163E6	
730	-5.3886E-1	3.8177E2	8.0455E-1	1.6185E6	
731	-5.3513E-1	3.8732E2	7.9734E-1	1.6207E6	
732	-5.3093E-1	3.9354E2	7.9029E-1	1.6229E6	
733	-5.2475E-1	4.0272E2	7.8311E-1	1.6252E6	
734	-5.2505E-1	4.0226E2	7.7597E-1	1.6274E6	
735	-5.1628E-1	4.1528E2	7.6893E-1	1.6296E6	
736	-5.1163E-1	4.2219E2	7.6170E-1	1.6318E6	
737	-5.0674E-1	4.2944E2	7.5461E-1	1.6340E6	
738	-5.0209E-1	4.3634E2	7.4754E-1	1.6363E6	
739	-5.0056E-1	4.3861E2	7.4041E-1	1.6385E6	
740	-4.9110E-1	4.5265E2	7.3319E-1	1.6407E6	
741	-4.8584E-1	4.6046E2	7.2614E-1	1.6429E6	
742	-4.7821E-1	4.7178E2	7.1907E-1	1.6451E6	
743	-4.6989E-1	4.8412E2	7.1192E-1	1.6474E6	
744	-4.6692E-1	4.8854E2	7.0482E-1	1.6496E6	
745	-4.5799E-1	5.0179E2	6.9754E-1	1.6518E6	
746	-4.4853E-1	5.1583E2	6.9062E-1	1.6540E6	
747	-4.4296E-1	5.2409E2	6.8351E-1	1.6562E6	
748	-4.4106E-1	5.2692E2	6.7626E-1	1.6585E6	
749	-4.3350E-1	5.3813E2	6.6920E-1	1.6607E6	
750	-4.2755E-1	5.4697E2	6.6210E-1	1.6629E6	
751	-4.2267E-1	5.5421E2	6.5497E-1	1.6651E6	
752	-4.1336E-1	5.6803E2	6.4791E-1	1.6673E6	
753	-4.1023E-1	5.7267E2	6.4087E-1	1.6696E6	
754	-4.0390E-1	5.8207E2	6.3377E-1	1.6718E6	
755	-3.9505E-1	5.9520E2	6.2659E-1	1.6740E6	
756	-3.8818E-1	6.0539E2	6.1956E-1	1.6762E6	
757	-3.8528E-1	6.0969E2	6.1247E-1	1.6784E6	
758	-3.7636E-1	6.2294E2	6.0539E-1	1.6807E6	
759	-3.6903E-1	6.3381E2	5.9825E-1	1.6829E6	
760	-3.6453E-1	6.4049E2	5.9115E-1	1.6851E6	
761	-3.5744E-1	6.5102E2	5.8413E-1	1.6873E6	
762	-3.4920E-1	6.6325E2	5.7704E-1	1.6895E6	
763	-3.4164E-1	6.7446E2	5.6994E-1	1.6918E6	
764	-3.3295E-1	6.8737E2	5.6284E-1	1.6940E6	
765	-3.2883E-1	6.9348E2	5.5574E-1	1.6962E6	
766	-3.2455E-1	6.9982E2	5.4868E-1	1.6984E6	
767	-3.1593E-1	7.1261E2	5.4167E-1	1.7006E6	
768	-3.1227E-1	7.1805E2	5.3460E-1	1.7029E6	
769	-3.0136E-1	7.3424E2	5.2750E-1	1.7051E6	
770	-2.9732E-1	7.4024E2	5.2317E-1	1.7065E6	
771	-2.9594E-1	7.4228E2	5.2299E-1	1.7065E6	
772	-2.9594E-1	7.4228E2	5.2299E-1	1.7065E6	
773	-2.9594E-1	7.4228E2	5.2299E-1	1.7065E6	
774	-2.9594E-1	7.4228E2	5.2299E-1	1.7065E6	
775	-2.9594E-1	7.4228E2	5.2299E-1	1.7065E6	
776	-2.9594E-1	7.4228E2	5.2299E-1	1.7065E6	
777	-2.9594E-1	7.4228E2	5.2299E-1	1.7065E6	
778	-2.9594E-1	7.4228E2	5.2299E-1	1.7065E6	
779	-2.9594E-1	7.4228E2	5.2299E-1	1.7065E6	
780	-2.9594E-1	7.4228E2	5.2299E-1	1.7065E6	
781	-2.9594E-1	7.4228E2	5.2299E-1	1.7065E6	
782	-2.9594E-1	7.4228E2	5.2299E-1	1.7065E6	
783	-2.9594E-1	7.4228E2	5.2299E-1	1.7065E6	
784	-2.9594E-1	7.4228E2	5.2299E-1	1.7065E6	
785	-2.9594E-1	7.4228E2	5.2299E-1	1.7065E6	
786	-2.9594E-1	7.4228E2	5.2299E-1	1.7065E6	
787	-2.9594E-1	7.4228E2	5.2299E-1	1.7065E6	
788	-2.9594E-1	7.4228E2	5.2299E-1	1.7065E6	
789	-2.9594E-1	7.4228E2	5.2299E-1	1.7065E6	
790	-2.9594E-1	7.4228E2	5.2299E-1	1.7065E6	
791	-2.9594E-1	7.4228E2	5.2299E-1	1.7065E6	
792	-2.9594E-1	7.4228E2	5.2299E-1	1.7065E6	
793	-2.9594E-1	7.4228E2	5.2299E-1	1.7065E6	
794	-2.9594E-1	7.4228E2	5.2299E-1	1.7065E6	
795	-2.9594E-1	7.4228E2	5.2299E-1	1.7065E6	
796	-2.9594E-1	7.4228E2	5.2299E-1	1.7065E6	
797	-2.9594E-1	7.4228E2	5.2299E-1	1.7065E6	
798	-2.9594E-1	7.4228E2	5.2299E-1	1.7065E6	
799	-2.9594E-1	7.4228E2	5.2299E-1	1.7065E6	
800	-2.9594E-1	7.4228E2	5.2299E-1	1.7065E6	
801	-2.9594E-1	7.4228E2	5.2299E-1	1.7065E6	
802	-2.9594E-1	7.4228E2	5.2299E-1	1.7065E6	
803	-2.9594E-1	7.4228E2	5.2299E-1	1.7065E6	
804	-2.9594E-1	7.4228E2	5.2299E-1	1.7065E6	
805	-2.9594E-1	7.4228E2	5.2299E-1	1.7065E6	
806	-2.9594E-1	7.4228E2	5.2299E-1	1.7065E6	
807	-2.9594E-1	7.4228E2	5.2299E-1	1.7065E6	
808	-2.9594E-1	7.4228E2	5.2299E-1	1.7065E6	
809	-2.9594E-1	7.4228E2	5.2299E-1	1.7065E6	
810	-2.9594E-1	7.4228E2	5.2299E-1	1.7065E6	
811	-2.9594E-1	7.4228E2	5.2299E-1	1.7065E6	
812	-2.9594E-1	7.4228E2	5.2299E-1	1.7065E6	
813	-2.9594E-1	7.4228E2	5.2299E-1	1.7065E6	
814	-2.9594E-1	7.4228E2	5.2299E-1	1.7065E6	
815	-2.9594E-1	7.4228E2	5.2299E-1	1.7065E6	
816	-2.9594E-1	7.4228E2	5.2299E-1	1.7065E6	
817	-2.9594E-1	7.4228E2	5.2299E-1	1.7065E6	
818	-2.9594E-1	7.4228E2	5.2299E-1	1.7065E6	
819	-2.9594E-1	7.4228E2	5.2299E-1	1.7065E6	
820	-2.9594E-1	7.4228E2	5.2299E-1	1.7065E6	
821	-2.9594E-1	7.4228E2	5.2299E-1	1.7065E6	
822	-2.9594E-1	7.4228E2	5.2299E-1	1.7065E6	
823	-2.9594E-1	7.4228E2	5.2299E-1	1.7065E6	
824	-2.9594E-1	7.4228E2	5.2299E-1	1.7065E6	
825	-2.9594E-1	7.4228E2	5.2299E-1	1.7065E6	
826	-2.9594E-1	7.4228E2	5.2299E-1	1.7065E6	
827	-2.9594E-1	7.4228E2	5.2299E-1	1.7065E6	
828	-2.9594E-1	7.4228E2	5.2299E-1	1.7065E6	
829	-2.9594E-1	7.4228E2	5.2299E-1	1.7065E6	
830	-2.9594E-1	7.4228E2	5.2299E-1	1.7065E6	
831	-2.9594E-1	7.4228E2	5.2299E-1	1.7065E6	
832	-2.9594E-1	7.4228E2	5.2299E-1	1.7065E6	
833	-2.9594E-1	7.4228E2	5.2299E-1	1.7065E6	
834	-2.9594E-1	7.4228E2	5.2299E-1	1.7065E6	
835	-2.9594E-1	7.4228E2	5.2299E-1	1.7065E6	
836	-2.9594E-1	7.4228E2	5.2299E-1	1.7065E6	
837	-2.9594E-1	7.4228E2	5.2299E-1	1.7065E6	
838	-2.9594E-1	7.4228E2	5.2299E-1	1.7065E6	
839	-2.9594E-1	7.4228E2	5.2299E-1	1.7065E6	
840	-2.9594E-1	7.4228E2	5.2299E-1	1.7065E6	
841	-2.9594E-1	7.4228E2	5.2299E-1	1.7065E6	
842	-2.9594E-1	7.4228E2	5.2299E-1	1.7065E6	
843	-2.9594E-1	7.4228E2	5.2299E-1	1.7065E6	
844	-2.9594E-1	7.4228E2	5.2299E-1	1.7065E6	
845	-2.9594E-1	7.4228E2	5.2299E-1	1.7065E6	
846	-2.9594E-1	7.4228E2	5.2299E-1	1.7065E6	
847	-2.9594E-1	7.4228E2	5.2299E-1	1.7065E6	
848	-2.9594E-1	7.4228E2	5.2299E-1	1.7065E6	
849	-2.9594E-1	7.4228E2	5.2299E-1	1.7065E6	
850	-2.9594E-1	7.4228E2	5.2299E-1	1.7065E6	
851	-2.9594E-1	7.4228E2	5.2299E-1	1.7065E6	
852	-2.9594E-1	7.4228E2	5.2299E-1	1.7065E6	
853	-2.9594E-1	7.4228E2	5.2299E-1	1.7065E6	
854	-2.9594E-1	7.4228E2	5.2299E-1	1.7065E6	
855	-2.9594E-1	7.4228E2	5.2299E-1	1.7065E6	
856	-2.9594E-1	7.4228E2	5.2299E-1	1.7065E6	
857	-2.9594E-1	7.4228E2	5.2299E-1	1.7065E6	
858	-2.9594E-1	7.4228E2	5.2299E-1	1.7065E6	
859	-2.9594E-1	7.4228E2	5.2299E-1	1.7065E6	
860	-2.9594E-1	7.4228E2	5.2299E-1	1.7065E6	
861	-2.9594E-1	7.4228E2	5.2299E-1	1.7065E6	
862	-2.9594E-1	7.4228E2	5.2299E-1	1.7065E6	
863	-2.9594E-1	7.4228E2	5.2299E-1	1.7065E6	
864	-2.9594E-1	7.4228E2	5.2299E-1	1.7065E6	
865	-2.9594E-1	7.4228E2	5.2299E-1	1.7065E6	
866	-2.9594E-1	7.4228E2	5.2299E-1	1.7065E6	
867	-2.9594E-1	7.4228E2	5.2299E-1	1.7065E6	
868	-2.9594E-1	7.4228E2	5.2299E-1	1.7065E6	
869	-2.9594E-1	7.4228E2	5.2299E-1	1.7065E6	
870	-2.9594E-1	7.4228E2	5.2299E-1	1.7065E6	
871	-2.9594E-1	7.4228E2	5.2299E-1	1.7065E6	
872	-2.9594E-1	7.4228E2	5.2299E-1	1.7065E6	
873	-2.9594E-1	7.4228E2	5.2299E-1	1.7065E6	
874	-2.9594E-1	7.4228E2	5.2299E-1	1.7065E6	
875	-2.9594E-1	7.4228E2	5.2299E-1	1.7065E6	
876	-2.9594E-1	7.4228E2	5.2299E-1	1.7065E6	
877	-2.9594E-1	7.4228E2	5.2299E-1	1.7065E6	
878	-2.9594E-1	7.4228E2	5.2299E-1	1.7065E6	
879	-2.9594E-1	7.4228E2	5.2299E-1	1.7065E6	
880	-2.9594E-1	7.4228E2	5.2299E-1	1.7065E6	
881	-2.9594E-1	7.4228E2	5.2299E-1	1.7065E6	
882	-2.9594E-1	7.4228E2	5.2299E-1	1.7065E6	
883	-2.9594E-1	7.4228E2	5.2299E-1	1.7065E6	
884	-2.9594E-1	7.4228E2	5.2299E-1	1.7065E6	
885	-2.9594E-1	7.4228E2	5.2299E-1	1.7065E6	
886	-2.9594E-1	7.4228E2	5.2299E-1	1.7065E6	
887	-2.9594E-1	7.4228E2	5.2299E-1	1.7065E6	
888	-2.9594E-1	7.4228E2	5.2299E-1	1.7065E6	
889	-2.9594E-1	7.4228E2	5.2299E-1	1.7065E6	
890	-2.9594E-1	7.4228E2	5.2299E-1	1.7065E6	
891	-2.9594E-1	7.4228E2	5.2299E-1	1.7065E6	
892	-2.9594E-1	7.4228E2	5.2299E-1	1.7065E6	
893	-2.9594E-1	7.4228E2	5.2299E-1	1.7065E6	
894	-2.9594E-1	7.4228E2	5.2299E-1	1.7065E6	
895	-2.9594E-1	7.4228E2	5.2299E-1	1.7065E6	
896	-2.9594E-1	7.4228E2	5.2299E-1	1.7065E6	
897	-2.9594E-1	7.4228E2	5.2299E-1	1.7065E6	
898	-2.9594E-1	7.4228E2	5.2299E-1	1.7065E6	
899	-2.9594E-1	7.4228E2	5.2299E-1	1.7065E6	
900	-2.9594E-1	7.4228E2	5.2299E-1	1.7065E6	
901	-2.9594E-1	7.4228E2	5.2299E-1	1.7065E6	
902	-2.9594E-1	7.4228E2	5.2299E-1	1.7065E6	
903	-2.9594E-1	7.4228E2	5.2299E-1	1.7065E6	
904	-2.9594E-1	7.4228E2	5.2299E-1	1.7065E6	
905	-2.9594E-1	7.4228E2	5.2299E-1	1.7065E6	
906	-2.9594E-1	7.4228E2	5.2299E-1	1.7065E6	
907	-2.9594E-1	7.4228E2	5.2299E-1	1.7065E6	
908	-2.9594E-1	7.4228E2	5.2299E-1	1.7065E6	
909	-2.9594E-1	7.4228E2	5.2299E-1	1.7065E6	
910	-2.9594E-1	7.4228E2	5.2299E-1	1.7065E6	
911	-2.9594E-1	7.4228E2	5.2299E-1	1.7065E6	
912	-2.9594E-1	7.4228E2	5.2299E-1	1.7065E6	
913	-2.9594E-1	7.4228E2	5.2299E-1	1.7065E6	
914	-2.9594E-1	7.4228E2	5.2299E-1	1.7065E6	
915	-2.9594E-1	7.4228E2	5.2299E-1	1.7065E6	
916	-2.9594E-1	7.4228E2	5.2299E-1	1.7065E6	
917	-2.9594E-1	7.4228E2	5.2299E-1	1.7065E6	
918	-2.9594E-1	7.4228E2	5.2299E-1	1.7065E6	
919	-2.9594E-1	7.4228E2	5.2299E-1	1.7065E6	
920	-2.9594E-1	7.4228E2	5.2299E-1	1.7065E6	
921	-2.9594E-1	7.4228E2	5.2299E-1	1.7065E6	
922	-2.9594E-1	7.4228E2	5.2299E-1	1.7065E6	
923	-2.9594E-1	7.4228E2	5.2299E-1	1.7065E6	
924	-2.9594E-1	7.4228E2	5.2299E-1	1.7065E6	
925	-2.9594E-1	7.4228E2	5.2299E-1	1.7065E6	
926	-2.9594E-1	7.4228E2	5.2299E-1	1.7065E6	
927	-2.9594E-1	7.4228E2	5.2299E-1	1.7065E6	
928	-2.9594E-1	7.4228E2	5.2299E-1	1.7065E6	
929	-2.9594E-1	7.4228E2	5.2299E-1	1.7065E6	
930	-2.9594E-1	7.4228E2	5.2299E-1	1.7065E6	
931	-2.9594E-1	7.4228E2	5.2299E-1	1.7065E6	
932	-2.9594E-1	7.4228E2	5.2299E-1	1.7065E6	
933	-2.9594E-1	7.4228E2	5.2299E-1	1.7065E6	
934	-2.9594E-1	7.4228E2	5.2299E-1	1.7065E6	
935	-2.9594E-1	7.4228E2	5.2299E-1	1.7065E6	
936	-2.9594E-1	7.4228E2	5.2299E-1	1.7065E6	
937	-2.9594E-1	7.4228E2	5.2299E-1	1.7065E6	
938	-2.9594E-1	7.4228E2	5.2299E-1	1.7065E6	
939	-2.9594E-1	7.4228E2	5.2299E-1	1.7065E6	
940	-2.9594E-1	7.4228E2	5.2299E-1	1.7065E6	
941	-2.9594E-1	7.4228E2	5.2299E-1	1.7065E6	
942	-2.9594E-1	7.4228E2	5.2299E-1	1.7065E6	
943	-2.9594E-1	7.4228E2	5.2299E-1	1.7065E6	
944	-2.9594E-1	7.4228E2	5.2299E-1	1.7065E6	
945	-2.9594E-1	7.4228E2	5.2299E-1	1.7065E6	
946	-2.9594E-1	7.4228E2	5.2299E-1	1.7065E6	
947	-2.9594E-1	7.4228E2	5.2299E-1	1.7065E6	
948	-2.9594E-1	7.4228E2	5.2299E-1	1.7065E6	
949	-2.9594E-1	7.4228E2	5.2299E-1	1.7065E6	
950	-2.9594E-1	7.4228E2	5.2299E-1	1.7065E6	
951	-2.9594E-1	7.4228E2	5.2299E-1	1.7065E6	
952	-2.9594E-1	7.4228E2	5.2299E-1	1.7065E6	
953	-2.9594E-1	7.4228E2	5.2299E-1	1.7065E6	
954	-2.9594E-1	7.4228E2	5.2299E-1	1.7065E6	
955	-2.9594E-1	7.4228E2	5.2299E-1	1.7065E6	
956	-2.9594E-1	7.4228E2	5.2299E-1	1.7065E6	
957	-2.9594E-1	7.4228E2	5.2299E-1	1.7065E6	
958	-2.9594E-1	7.4228E2	5.2299E-1	1.7065E6	
959	-2.9594E-1	7.4228E2	5.2299E-1	1.7065E6	
960	-2.9594E-1	7.4228E2	5.2299E-1	1.7065E6	
961	-2.9594E-1	7.4228E2	5.2299E-1	1.7065E6	
962	-2.9594E-1	7.4228E2	5.2299E-1	1.7065E6	
963	-2.9594E-1	7.4228E2	5.2299E-1	1.7065E6	
964	-2.9594E-1	7.4228E2	5.2299E-1	1.7065E6	
965	-2.9594E-1	7.4228E2	5.2299E-1	1.7065E6	
966	-2.9594E-1	7.4228E2	5.2299E-1	1.7065E6	
967	-2.9594E-1	7.4228E2	5.2299E-1	1.7065E6	
968	-2.9594E-1	7.4228E2	5.2299E-1	1.7065E6	
969	-2.9594E-1	7.4228E2	5.2299E-1	1.7065E6	
970	-2.9594E-1	7.4228E2	5.2299E-1	1.7065E6	
971	-2.9594E-1	7.4228E2	5.2299E-1	1.7065E6	
972	-2.9594E-1	7.4228E2	5.2299E-1	1.7065E6	
973	-2.9594E-1	7.4228E2	5.2299E-1	1.7065E6	
974	-2.9594E-1	7.4228E2	5.2299E-1	1.7065E6	
975	-2.9594E-1	7.4228E2	5.2299E-1	1.7065E6	
976	-2.9594E-1	7.4228E2	5.2299E-1	1.7065E6	
977	-2.9594E-1	7.4228E2	5.2299E-1	1.7065E6	
978	-2.9594E-1	7.4228E2	5.2299E-1	1.7065E6	
979	-2.9594E-1	7.4228E2	5.2299E-1	1.7065E6	
980	-2.9594E-1	7.4228E2	5.2299E-1	1.7065E6	
981	-2.9594E-1	7.4228E2	5.2299E-1	1.7065E6	
982	-2.9594E-1	7.4228E2	5.2299E-1	1.7065E6	
983	-2.9594E-1	7.4228E2	5.2299E-1	1.7065E6	
984	-2.9594E-1	7.4228E2	5.2299E-1	1.7065E6	
985	-2.9594E-1	7.4228E2	5.2299E-1	1.7065E6	
986	-2.9594E-1	7.4228E2	5.2299E-1	1.7065E6	
987	-2.9594E-1	7.4228E2	5.2299E-1	1.7065E6	
988	-2.9594E-1	7.4228E2	5.2299E-1	1.7065E6	
989	-2.9594E-1	7.4228E2	5.2299E-1	1.7065E6	
990	-2.9594E-1	7.4228E2	5.2299E-1	1.7065E6	
991	-2.9594E-1	7.4228E2	5.2299E-1	1.7065E6	
992	-2.9594E-1	7.4228E2	5.2299E-1	1.7065E6	
993	-2.9594E-1	7.4228E2	5.2299E-1	1.7065E6	
994	-2.9594E-1	7.4228E2	5.2299E-1	1.7065E6	
995	-2.9594E-1	7.4228E2	5.2299E-1	1.7065E6	
996	-2.9594E-1	7.4228E2	5.2299E-1	1.7065E6	
997	-2.9594E-1	7.4228E2	5.2299E-1	1.7065E6	
998	-2.9594E-1	7.4228E2	5.2299E-1	1.7065E6	
999	-2.9594E-1	7.4228E2	5.2299E-1	1.7065E6	
1000	-2.9594E-1	7.4228E2	5.2299E-1	1.7065E6	
1001	-2.9594E-1	7.4228E2	5.2299E-1	1.7065E6	
1002	-2.9594E-1	7.4228E2	5.2299E-1	1.7065E6	
1003	-2.9594E-1	7.4228E2	5.2299E-1	1.7065E6	
1004	-2.9594E-1	7.4228E2	5.2299E-1	1.7065E6	
1005	-2.9594E-1	7.4228E2	5.2299E-1	1.7065E6	
1006	-2.9594E-1	7.4228E2	5.2299E-1	1.7065E6	
1007	-2.9594E-1	7.4228E2	5.2299E-1	1.7065E6	
1008	-2.9594E-1	7.4228E2	5.2299E-1	1.7065E6	
1009	-2.9594E-1	7.4228E2	5.2299E-1	1.7065E6	
1010	-2.9594E-1	7.4228E2	5.2299E-1	1.7065E6	
1011	-2.9594E-1	7.4228E2	5.2299E-1	1.7065E6	
1012	-2.9594E-1	7.4228E2	5.2299E-1	1.7065E6	
1013	-2.9594E-1	7.4228E2	5.2299E-1	1.7065E6	
1014	-2.9594E-1	7.4228E2	5.2299E-1	1.7065E6	
1015	-2.9594E-1	7.4228E2	5.2299E-1	1.7065E6	
1016	-2.9594E-1	7.4228E2	5.2299E-1	1.7065E6	
1017	-2.9594E-1	7.4228E2	5.2299E-1	1.7065E6	
1018	-2.9594E-1	7.4228E2	5.2299E-1	1.7065E6	
1019	-2.9594E-1	7.4228E2	5.2299E-1	1.7065E6	
1020	-2.9594E-1	7.4228E2	5.2299E-1	1.7065E6	
1021	-2.9594E-1	7.4228E2	5.2299E-1	1.7065E6	
1022	-2.9594E-1	7.4228E2	5.2299E-1	1.7065E6	
1023	-2.9594E-1	7.4228E2	5.2299E-1	1.7065E6	
1024	-2.9594E-1	7.4228E2	5.2299E-1	1.7065E6	
1025	-2.9846E-1	7.3854E2	5.2286E-1	1.7066E6	
1026	-3.3966E-1	6.7740E2	5.2421E-1	1.7088E6	
1027	-3.6484E-1	6.4004E2	5.2702E-1	1.7110E6	
1028	-3.8315E-1	6.1286E2	5.3016E-1	1.7132E6	
1029	-4.0298E-1	5.8342E2	5.3355E-1	1.7154E6	
1030	-4.1679E-1	5.6293E2	5.3707E-1	1.7177E6	
1031	-4.3793E-1	5.3157E2	5.4082E-1	1.7199E6	
1032	-4.5067E-1	5.1266E2	5.4467E-1	1.7221E6	
1033	-4.6394E-1	4.9296E2	5.4859E-1	1.7243E6	
1034	-4.7470E-1	4.7699E2	5.5262E-1	1.7265E6	
1035	-4.8897E-1	4.5582E2	5.5673E-1	1.7288E6	
1036	-5.0049E-1	4.3872E2	5.6083E-1	1.7310E6	
1037	-5.1819E-1	4.1245E2	5.6502E-1	1.7332E6	
1038	-5.2490E-1	4.0249E2	5.6928E-1	1.7354E6	
1039	-5.3375E-1	3.8936E2	5.7354E-1	1.7376E6	
1040	-5.5168E-1	3.6275E2	5.7792E-1	1.7399E6	
1041	-5.5672E-1	3.5527E2	5.8230E-1	1.7421E6	
1042	-5.7068E-1	3.3455E2	5.8673E-1	1.7443E6	
1043	-5.7861E-1	3.2278E2	5.9090E-1	1.7465E6	
1044	-5.9059E-1	3.0500E2	5.9542E-1	1.7487E6	
1045	-5.9723E-1	2.9515E2	5.9977E-1	1.7510E6	
1046	-6.1096E-1	2.7477E2	6.0440E-1	1.7532E6	
1047	-6.1928E-1	2.6243E2	6.0885E-1	1.7554E6	
1048	-6.2927E-1	2.4760E2	6.1322E-1	1.7576E6	
1049	-6.3675E-1	2.3650E2	6.1775E-1	1.7598E6	
1050	-6.4583E-1	2.2303E2	6.2233E-1	1.7621E6	
1051	-6.5735E-1	2.0593E2	6.2686E-1	1.7643E6	
1052	-6.6231E-1	1.9857E2	6.3137E-1	1.7665E6	
1053	-6.7574E-1	1.7864E2	6.3599E-1	1.7687E6	
1054	-6.8184E-1	1.6958E2	6.4051E-1	1.7709E6	
1055	-6.9130E-1	1.5554E2	6.4516E-1	1.7732E6	
1056	-6.9817E-1	1.4535E2	6.4985E-1	1.7754E6	
1057	-7.0541E-1	1.3460E2	6.5445E-1	1.7776E6	
1058	-7.1091E-1	1.2644E2	6.5898E-1	1.7798E6	
1059	-7.2350E-1	1.0776E2	6.6359E-1	1.7820E6	
1060	-7.3006E-1	9.8025E1	6.6834E-1	1.7843E6	
1061	-7.3784E-1	8.6476E1	6.7295E-1	1.7865E6	
1062	-7.4348E-1	7.8097E1	6.7766E-1	1.7887E6	
1063	-7.5485E-1	6.1227E1	6.8235E-1	1.7909E6	
1064	-7.5790E-1	5.6698E1	6.8700E-1	1.7931E6	
1065	-7.6698E-1	4.3224E1	6.9163E-1	1.7954E6	
1066	-7.7591E-1	2.9977E1	6.9638E-1	1.7976E6	
1067	-7.8262E-1	2.0013E1	7.0118E-1	1.7998E6	
1068	-7.8682E-1	1.3785E1	7.0583E-1	1.8020E6	
1069	-7.9369E-1	3.5950E0	7.1058E-1	1.8042E6	
1070	-7.9826E-1	-3.1986E0	7.1536E-1	1.8065E6	
1071	-8.0132E-1	-7.7276E0	7.2006E-1	1.8087E6	
1072	-8.1505E-1	-2.8108E1	7.2486E-1	1.8109E6	
1073	-8.1543E-1	-2.8674E1	7.2958E-1	1.8131E6	
1074	-8.2581E-1	-4.4073E1	7.3447E-1	1.8153E6	
1075	-8.2520E-1	-4.3167E1	7.3920E-1	1.8176E6	
1076	-8.3168E-1	-5.2791E1	7.4389E-1	1.8198E6	
1077	-8.3771E-1	-6.1736E1	7.4874E-1	1.8220E6	
1078	-8.4801E-1	-7.7022E1	7.5348E-1	1.8242E6	
1079	-8.4717E-1	-7.5776E1	7.5835E-1	1.8264E6	
1080	-8.5800E-1	-9.1854E1	7.6322E-1	1.8287E6	
1081	-8.5808E-1	-9.1968E1	7.6799E-1	1.8309E6	
1082	-8.6548E-1	-1.0295E2	7.7278E-1	1.8331E6	
1083	-8.6914E-1	-1.0839E2	7.7767E-1	1.8353E6	
1084	-8.7280E-1	-1.1382E2	7.8251E-1	1.8375E6	
1085	-8.7608E-1	-1.1869E2	7.8744E-1	1.8398E6	
1086	-8.8249E-1	-1.2820E2	7.9230E-1	1.8420E6	
1087	-8.8264E-1	-1.2843E2	7.9720E-1	1.8442E6	
1088	-8.8402E-1	-1.3046E2	8.0196E-1	1.8464E6	
1089	-8.9462E-1	-1.4620E2	8.0688E-1	1.8486E6	
1090	-8.9302E-1	-1.4382E2	8.1171E-1	1.8509E6	
1091	-8.9722E-1	-1.5005E2	8.1665E-1	1.8531E6	
1092	-9.0302E-1	-1.5866E2	8.2164E-1	1.8553E6	
1093	-9.0538E-1	-1.6217E2	8.2643E-1	1.8575E6	
1094	-9.1080E-1	-1.7021E2	8.3139E-1	1.8597E6	
1095	-9.1415E-1	-1.7519E2	8.3629E-1	1.8620E6	
1096	-9.1431E-1	-1.7541E2	8.4120E-1	1.8642E6	
1097	-9.1484E-1	-1.7621E2	8.4622E-1	1.8664E6	
1098	-9.1919E-1	-1.8266E2	8.5107E-1	1.8686E6	
1099	-9.2072E-1	-1.8493E2	8.5611E-1	1.8708E6	
1100	-9.2323E-1	-1.8866E2	8.6104E-1	1.8731E6	
1101	-9.2278E-1	-1.8798E2	8.6601E-1	1.8753E6	
1102	-9.2613E-1	-1.9296E2	8.7090E-1	1.8775E6	
1103	-9.3346E-1	-2.0383E2	8.7599E-1	1.8797E6	
1104	-9.2911E-1	-1.9738E2	8.8084E-1	1.8819E6	
1105	-9.3071E-1	-1.9976E2	8.8583E-1	1.8842E6	
1106	-9.3636E-1	-2.0814E2	8.9091E-1	1.8864E6	
1107	-9.3994E-1	-2.1346E2	8.9584E-1	1.8886E6	
1108	-9.3704E-1	-2.0916E2	9.0081E-1	1.8908E6	
1109	-9.4185E-1	-2.1629E2	9.0584E-1	1.8930E6	
1110	-9.4070E-1	-2.1459E2	9.1086E-1	1.8953E6	
1111	-9.4574E-1	-2.2206E2	9.1588E-1	1.8975E6	
1112	-9.4688E-1	-2.2376E2	9.2095E-1	1.8997E6	
1113	-9.5024E-1	-2.2874E2	9.2598E-1	1.9019E6	
1114	-9.5116E-1	-2.3010E2	9.3104E-1	1.9041E6	
1115	-9.5169E-1	-2.3090E2	9.3605E-1	1.9064E6	
1116	-9.5573E-1	-2.3690E2	9.4112E-1	1.9086E6	
1117	-9.5367E-1	-2.3384E2	9.4614E-1	1.9108E6	
1118	-9.5894E-1	-2.4165E2	9.5119E-1	1.9130E6	
1119	-9.5795E-1	-2.4018E2	9.5636E-1	1.9152E6	
1120	-9.6252E-1	-2.4697E2	9.6142E-1	1.9175E6	
1121	-9.6115E-1	-2.4494E2	9.6651E-1	1.9197E6	
1122	-9.5955E-1	-2.4256E2	9.7155E-1	1.9219E6	
1123	-9.5703E-1	-2.3882E2	9.7665E-1	1.9241E6	
1124	-9.5642E-1	-2.3792E2	9.8166E-1	1.9263E6	
1125	-9.5825E-1	-2.4063E2	9.8686E-1	1.9286E6	
1126	-9.5810E-1	-2.4041E2	9.9194E-1	1.9308E6	
1127	-9.5833E-1	-2.4075E2	9.9701E-1	1.9330E6	
1128	-9.5673E-1	-2.3837E2	1.0021E0	1.9352E6	
1129	-9.5558E-1	-2.3667E2	1.0074E0	1.9374E6	
1130	-9.5459E-1	-2.3520E2	1.0125E0	1.9397E6	
1131	-9.5444E-1	-2.3497E2	1.0176E0	1.9419E6	
1132	-9.5222E-1	-2.3169E2	1.0228E0	1.9441E6	
1133	-9.5062E-1	-2.2931E2	1.0279E0	1.9463E6	
1134	-9.5352E-1	-2.3361E2	1.0329E0	1.9485E6	
1135	-9.5154E-1	-2.3067E2	1.0382E0	1.9508E6	
1136	-9.4818E-1	-2.2569E2	1.0434E0	1.9530E6	
1137	-9.4543E-1	-2.2161E2	1.0487E0	1.9552E6	
1138	-9.4460E-1	-2.2037E2	1.0537E0	1.9574E6	
1139	-9.4597E-1	-2.2240E2	1.0590E0	1.9596E6	
1140	-9.4681E-1	-2.2365E2	1.0640E0	1.9619E6	
1141	-9.4284E-1	-2.1776E2	1.0692E0	1.9641E6	
1142	-9.4116E-1	-2.1527E2	1.0745E0	1.9663E6	
1143	-9.3613E-1	-2.0780E2	1.0797E0	1.9685E6	
1144	-9.3857E-1	-2.1142E2	1.0849E0	1.9707E6	
1145	-9.3750E-1	-2.0984E2	1.0901E0	1.9730E6	
1146	-9.3132E-1	-2.0066E2	1.0954E0	1.9752E6	
1147	-9.3430E-1	-2.0508E2	1.1006E0	1.9774E6	
1148	-9.2964E-1	-1.9817E2	1.1058E0	1.9796E6	
1149	-9.3216E-1	-2.0191E2	1.1111E0	1.9818E6	
1150	-9.3300E-1	-2.0316E2	1.1163E0	1.9841E6	
1151	-9.3040E-1	-1.9931E2	1.1217E0	1.9863E6	
1152	-9.3079E-1	-1.9987E2	1.1268E0	1.9885E6	
1153	-9.2873E-1	-1.9681E2	1.1322E0	1.9907E6	
1154	-9.2773E-1	-1.9534E2	1.1374E0	1.9929E6	
1155	-9.2705E-1	-1.9432E2	1.1426E0	1.9952E6	
1156	-9.2812E-1	-1.9591E2	1.1480E0	1.9974E6	
1157	-9.3140E-1	-2.0078E2	1.1531E0	1.9996E6	
1158	-9.2880E-1	-1.9693E2	1.1586E0	2.0018E6	
1159	-9.2720E-1	-1.9455E2	1.1639E0	2.0040E6	
1160	-9.2377E-1	-1.8945E2	1.1691E0	2.0063E6	
1161	-9.2201E-1	-1.8685E2	1.1745E0	2.0085E6	
1162	-9.2262E-1	-1.8776E2	1.1797E0	2.0107E6	
1163	-9.1667E-1	-1.7892E2	1.1851E0	2.0129E6	
1164	-9.1820E-1	-1.8119E2	1.1903E0	2.0151E6	
1165	-9.1591E-1	-1.7779E2	1.1957E0	2.0174E6	
1166	-9.1942E-1	-1.8300E2	1.2010E0	2.0196E6	
1167	-9.1454E-1	-1.7575E2	1.2063E0	2.0218E6	
1168	-9.1301E-1	-1.7349E2	1.2118E0	2.0240E6	
1169	-9.0813E-1	-1.6624E2	1.2171E0	2.0262E6	
1170	-9.0134E-1	-1.5617E2	1.2225E0	2.0285E6	
1171	-8.8974E-1	-1.3896E2	1.2277E0	2.0307E6	
1172	-8.7906E-1	-1.2310E2	1.2331E0	2.0329E6	
1173	-8.7021E-1	-1.0997E2	1.2385E0	2.0351E6	
1174	-8.6433E-1	-1.0125E2	1.2439E0	2.0373E6	
1175	-8.5564E-1	-8.8344E1	1.2493E0	2.0396E6	
1176	-8.4503E-1	-7.2606E1	1.2546E0	2.0418E6	
1177	-8.2832E-1	-4.7810E1	1.2601E0	2.0440E6	
1178	-7.4936E-1	6.9379E1	1.2654E0	2.0462E6	
1179	-6.8817E-1	1.6019E2	1.2709E0	2.0484E6	
1180	-6.7619E-1	1.7796E2	1.2764E0	2.0507E6	
1181	-6.7230E-1	1.8374E2	1.2816E0	2.0529E6	
1182	-6.6689E-1	1.9178E2	1.2871E0	2.0551E6	
1183	-6.6422E-1	1.9574E2	1.2926E0	2.0573E6	
1184	-6.6872E-1	1.8906E2	1.2980E0	2.0595E6	
1185	-6.6780E-1	1.9042E2	1.3033E0	2.0618E6	
1186	-6.7009E-1	1.8702E2	1.3089E0	2.0640E6	
1187	-6.6864E-1	1.8917E2	1.3143E0	2.0662E6	
1188	-6.6811E-1	1.8996E2	1.3197E0	2.0684E6	
1189	-6.6719E-1	1.9132E2	1.3253E0	2.0706E6	
1190	-6.6811E-1	1.8996E2	1.3307E0	2.0729E6	
1191	-6.6818E-1	1.8985E2	1.3362E0	2.0751E6	
1192	-6.6872E-1	1.8906E2	1.3417E0	2.0773E6	
1193	-6.7032E-1	1.8668E2	1.3471E0	2.0795E6	
1194	-6.6879E-1	1.8895E2	1.3525E0	2.0817E6	
1195	-6.6902E-1	1.8861E2	1.3582E0	2.0840E6	
1196	-6.7024E-1	1.8679E2	1.3635E0	2.0862E6	
1197	-6.6666E-1	1.9212E2	1.3691E0	2.0884E6	
1198	-6.7032E-1	1.8668E2	1.3745E0	2.0906E6	
1199	-6.6978E-1	1.8747E2	1.3800E0	2.0928E6	
1200	-6.6940E-1	1.8804E2	1.3855E0	2.0951E6	
1201	-6.6803E-1	1.9008E2	1.3911E0	2.0973E6	
1202	-6.6864E-1	1.8917E2	1.3967E0	2.0995E6	
1203	-6.6925E-1	1.8827E2	1.4021E0	2.1017E6	
1204	-6.7238E-1	1.8362E2	1.4077E0	2.1039E6	
1205	-6.7001E-1	1.8713E2	1.4132E0	2.1062E6	
1206	-6.7108E-1	1.8555E2	1.4187E0	2.1084E6	
1207	-6.7108E-1	1.8555E2	1.4243E0	2.1106E6	
1208	-6.7032E-1	1.8668E2	1.4299E0	2.1128E6	
1209	-6.6986E-1	1.8736E2	1.4355E0	2.1150E6	
1210	-6.7375E-1	1.8159E2	1.4409E0	2.1173E6	
1211	-6.7032E-1	1.8668E2	1.4466E0	2.1195E6	
1212	-6.7383E-1	1.8147E2	1.4522E0	2.1217E6	
1213	-6.7200E-1	1.8419E2	1.4577E0	2.1239E6	
1214	-6.7230E-1	1.8374E2	1.4633E0	2.1261E6	
1215	-6.7398E-1	1.8125E2	1.4689E0	2.1284E6	
1216	-6.7230E-1	1.8374E2	1.4745E0	2.1306E6	
1217	-6.7329E-1	1.8227E2	1.4800E0	2.1328E6	
1218	-6.7413E-1	1.8102E2	1.4856E0	2.1350E6	
1219	-6.7101E-1	1.8566E2	1.4913E0	2.1372E6	
1220	-6.7444E-1	1.8057E2	1.4969E0	2.1395E6	
1221	-6.7291E-1	1.8283E2	1.5026E0	2.1417E6	
1222	-6.7467E-1	1.8023E2	1.5082E0	2.1439E6	
1223	-6.7505E-1	1.7966E2	1.5137E0	2.1461E6	
1224	-6.7482E-1	1.8000E2	1.5193E0	2.1483E6	
1225	-6.7276E-1	1.8306E2	1.5249E0	2.1506E6	
1226	-6.7429E-1	1.8079E2	1.5305E0	2.1528E6	
1227	-6.7513E-1	1.7955E2	1.5363E0	2.1550E6	
1228	-6.7398E-1	1.8125E2	1.5420E0	2.1572E6	
1229	-6.7436E-1	1.8068E2	1.5476E0	2.1594E6	
1230	-6.7497E-1	1.7977E2	1.5532E0	2.1617E6	
1231	-6.7421E-1	1.8091E2	1.5590E0	2.1639E6	
1232	-6.7688E-1	1.7694E2	1.5646E0	2.1661E6	
1233	-6.7574E-1	1.7864E2	1.5702E0	2.1683E6	
1234	-6.7719E-1	1.7649E2	1.5760E0	2.1705E6	
1235	-6.7688E-1	1.7694E2	1.5817E0	2.1728E6	
1236	-6.7558E-1	1.7887E2	1.5872E0	2.1750E6	
1237	-6.7909E-1	1.7366E2	1.5931E0	2.1772E6	
1238	-6.7619E-1	1.7796E2	1.5987E0	2.1794E6	
1239	-6.7757E-1	1.7592E2	1.6044E0	2.1816E6	
1240	-6.7802E-1	1.7525E2	1.6100E0	2.1839E6	
1241	-6.7703E-1	1.7672E2	1.6157E0	2.1861E6	
1242	-6.8039E-1	1.7174E2	1.6215E0	2.1883E6	
1243	-6.7787E-1	1.7547E2	1.6273E0	2.1905E6	
1244	-6.7917E-1	1.7355E2	1.6330E0	2.1927E6	
1245	-6.7802E-1	1.7525E2	1.6387E0	2.1950E6	
1246	-6.7825E-1	1.7491E2	1.6444E0	2.1972E6	
1247	-6.7947E-1	1.7309E2	1.6501E0	2.1994E6	
1248	-6.7825E-1	1.7491E2	1.6559E0	2.2016E6	
1249	-6.7902E-1	1.7377E2	1.6617E0	2.2038E6	
1250	-6.7787E-1	1.7547E2	1.6674E0	2.2061E6	
1251	-6.8024E-1	1.7196E2	1.6732E0	2.2083E6	
1252	-6.7818E-1	1.7502E2	1.6790E0	2.2105E6	
1253	-6.8069E-1	1.7128E2	1.6847E0	2.2127E6	
1254	-6.7848E-1	1.7457E2	1.6906E0	2.2149E6	
1255	-6.7955E-1	1.7298E2	1.6962E0	2.2172E6	
1256	-6.7902E-1	1.7377E2	1.7020E0	2.2194E6	
1257	-6.8123E-1	1.7049E2	1.7078E0	2.2216E6	
1258	-6.7833E-1	1.7479E2	1.7137E0	2.2238E6	
1259	-6.8008E-1	1.7219E2	1.7193E0	2.2260E6	
1260	-6.8375E-1	1.6675E2	1.7252E0	2.2283E6	
1261	-6.7986E-1	1.7253E2	1.7309E0	2.2305E6	
1262	-6.7932E-1	1.7332E2	1.7368E0	2.2327E6	
1263	-6.8184E-1	1.6958E2	1.7425E0	2.2349E6	
1264	-6.8192E-1	1.6947E2	1.7484E0	2.2371E6	
1265	-6.8199E-1	1.6936E2	1.7542E0	2.2394E6	
1266	-6.8085E-1	1.7106E2	1.7601E0	2.2416E6	
1267	-6.8466E-1	1.6539E2	1.7658E0	2.2438E6	
1268	-6.8336E-1	1.6732E2	1.7716E0	2.2460E6	
1269	-6.8436E-1	1.6585E2	1.7775E0	2.2482E6	
1270	-6.8344E-1	1.6721E2	1.7834E0	2.2505E6	
1271	-6.8245E-1	1.6868E2	1.7892E0	2.2527E6	
1272	-6.8382E-1	1.6664E2	1.7950E0	2.2549E6	
1273	-6.8230E-1	1.6890E2	1.8009E0	2.2571E6	
1274	-6.8459E-1	1.6551E2	1.8068E0	2.2593E6	
1275	-6.8474E-1	1.6528E2	1.8126E0	2.2616E6	
1276	-6.8382E-1	1.6664E2	1.8185E0	2.2638E6	
1277	-6.8512E-1	1.6472E2	1.8244E0	2.2660E6	
1278	-6.8359E-1	1.6698E2	1.8302E0	2.2682E6	
1279	-6.8329E-1	1.6743E2	1.8360E0	2.2704E6	
1280	-6.8573E-1	1.6381E2	1.8419E0	2.2727E6	
1281	-6.8535E-1	1.6438E2	1.8479E0	2.2749E6	
1282	-6.8565E-1	1.6392E2	1.8537E0	2.2771E6	
1283	-6.8596E-1	1.6347E2	1.8596E0	2.2793E6	
1284	-6.8382E-1	1.6664E2	1.8655E0	2.2815E6	
1285	-6.8710E-1	1.6177E2	1.8714E0	2.2838E6	
1286	-6.8497E-1	1.6494E2	1.8773E0	2.2860E6	
1287	-6.8687E-1	1.6211E2	1.8832E0	2.2882E6	
1288	-6.8588E-1	1.6358E2	1.8891E0	2.2904E6	
1289	-6.8680E-1	1.6222E2	1.8950E0	2.2926E6	
1290	-6.8314E-1	1.6766E2	1.9009E0	2.2949E6	
1291	-6.8726E-1	1.6154E2	1.9069E0	2.2971E6	
1292	-6.8741E-1	1.6132E2	1.9128E0	2.2993E6	
1293	-6.8642E-1	1.6279E2	1.9187E0	2.3015E6	
1294	-6.8733E-1	1.6143E2	1.9247E0	2.3037E6	
1295	-6.8825E-1	1.6007E2	1.9306E0	2.3060E6	
1296	-6.8710E-1	1.6177E2	1.9366E0	2.3082E6	
1297	-6.8916E-1	1.5871E2	1.9425E0	2.3104E6	
1298	-6.8741E-1	1.6132E2	1.9484E0	2.3126E6	
1299	-6.8581E-1	1.6370E2	1.9546E0	2.3148E6	
1300	-6.8680E-1	1.6222E2	1.9605E0	2.3171E6	
1301	-6.8863E-1	1.5951E2	1.9664E0	2.3193E6	
1302	-6.8741E-1	1.6132E2	1.9723E0	2.3215E6	
1303	-6.9016E-1	1.5724E2	1.9784E0	2.3237E6	
1304	-6.8901E-1	1.5894E2	1.9843E0	2.3259E6	
1305	-6.8878E-1	1.5928E2	1.9903E0	2.3282E6	
1306	-6.9153E-1	1.5520E2	1.9963E0	2.3304E6	
1307	-6.9008E-1	1.5736E2	2.0023E0	2.3326E6	
1308	-6.9077E-1	1.5634E2	2.0082E0	2.3348E6	
1309	-6.9328E-1	1.5260E2	2.0144E0	2.3370E6	
1310	-6.9084E-1	1.5622E2	2.0204E0	2.3393E6	
1311	-6.9016E-1	1.5724E2	2.0264E0	2.3415E6	
1312	-6.9138E-1	1.5543E2	2.0324E0	2.3437E6	
1313	-6.9107E-1	1.5588E2	2.0384E0	2.3459E6	
1314	-6.9069E-1	1.5645E2	2.0444E0	2.3481E6	
1315	-6.9221E-1	1.5419E2	2.0504E0	2.3504E6	
1316	-6.9130E-1	1.5554E2	2.0566E0	2.3526E6	
1317	-6.9206E-1	1.5441E2	2.0625E0	2.3548E6	
1318	-6.9092E-1	1.5611E2	2.0686E0	2.3570E6	
1319	-6.9199E-1	1.5452E2	2.0746E0	2.3592E6	
1320	-6.9115E-1	1.5577E2	2.0808E0	2.3615E6	
1321	-6.9038E-1	1.5690E2	2.0867E0	2.3637E6	
1322	-6.9336E-1	1.5249E2	2.0928E0	2.3659E6	
1323	-6.9214E-1	1.5430E2	2.0989E0	2.3681E6	
1324	-6.9229E-1	1.5407E2	2.1050E0	2.3703E6	
1325	-6.9389E-1	1.5169E2	2.1111E0	2.3726E6	
1326	-6.9519E-1	1.4977E2	2.1172E0	2.3748E6	
1327	-6.9183E-1	1.5475E2	2.1233E0	2.3770E6	
1328	-6.9466E-1	1.5056E2	2.1294E0	2.3792E6	
1329	-6.9504E-1	1.5000E2	2.1354E0	2.3814E6	
1330	-6.9290E-1	1.5317E2	2.1417E0	2.3837E6	
1331	-6.9221E-1	1.5419E2	2.1477E0	2.3859E6	
1332	-6.9527E-1	1.4966E2	2.1538E0	2.3881E6	
1333	-6.9496E-1	1.5011E2	2.1599E0	2.3903E6	
1334	-6.9176E-1	1.5486E2	2.1662E0	2.3925E6	
1335	-6.9427E-1	1.5113E2	2.1722E0	2.3948E6	
1336	-6.9229E-1	1.5407E2	2.1784E0	2.3970E6	
1337	-6.9519E-1	1.4977E2	2.1845E0	2.3992E6	
1338	-6.9580E-1	1.4886E2	2.1907E0	2.4014E6	
1339	-6.9649E-1	1.4784E2	2.1968E0	2.4036E6	
1340	-6.9366E-1	1.5203E2	2.2029E0	2.4059E6	
1341	-6.9496E-1	1.5011E2	2.2092E0	2.4081E6	
1342	-6.9778E-1	1.4592E2	2.2154E0	2.4103E6	
1343	-6.9824E-1	1.4524E2	2.2214E0	2.4125E6	
1344	-6.9801E-1	1.4558E2	2.2276E0	2.4147E6	
1345	-6.9771E-1	1.4603E2	2.2339E0	2.4170E6	
1346	-6.9862E-1	1.4467E2	2.2400E0	2.4192E6	
1347	-6.9778E-1	1.4592E2	2.2462E0	2.4214E6	
1348	-6.9695E-1	1.4717E2	2.2524E0	2.4236E6	
1349	-6.9839E-1	1.4501E2	2.2586E0	2.4258E6	
1350	-7.0007E-1	1.4252E2	2.2648E0	2.4281E6	
1351	-6.9946E-1	1.4343E2	2.2710E0	2.4303E6	
1352	-6.9901E-1	1.4411E2	2.2772E0	2.4325E6	
1353	-6.9572E-1	1.4898E2	2.2836E0	2.4347E6	
1354	-6.9862E-1	1.4467E2	2.2897E0	2.4369E6	
1355	-7.0038E-1	1.4207E2	2.2960E0	2.4392E6	
1356	-6.9801E-1	1.4558E2	2.3022E0	2.4414E6	
1357	-6.9977E-1	1.4298E2	2.3084E0	2.4436E6	
1358	-7.0129E-1	1.4071E2	2.3147E0	2.4458E6	
1359	-6.9756E-1	1.4626E2	2.3209E0	2.4480E6	
1360	-6.9923E-1	1.4377E2	2.3271E0	2.4503E6	
1361	-6.9908E-1	1.4399E2	2.3335E0	2.4525E6	
1362	-7.0122E-1	1.4082E2	2.3397E0	2.4547E6	
1363	-7.0045E-1	1.4196E2	2.3458E0	2.4569E6	
1364	-7.0076E-1	1.4150E2	2.3522E0	2.4591E6	
1365	-7.0251E-1	1.3890E2	2.3585E0	2.4614E6	
1366	-7.0229E-1	1.3924E2	2.3648E0	2.4636E6	
1367	-7.0107E-1	1.4105E2	2.3711E0	2.4658E6	
1368	-7.0358E-1	1.3731E2	2.3773E0	2.4680E6	
1369	-7.0320E-1	1.3788E2	2.3837E0	2.4702E6	
1370	-7.0244E-1	1.3901E2	2.3899E0	2.4725E6	
1371	-7.0259E-1	1.3879E2	2.3963E0	2.4747E6	
1372	-7.0213E-1	1.3947E2	2.4026E0	2.4769E6	
1373	-7.0328E-1	1.3777E2	2.4089E0	2.4791E6	
1374	-7.0374E-1	1.3709E2	2.4153E0	2.4813E6	
1375	-7.0488E-1	1.3539E2	2.4215E0	2.4836E6	
1376	-7.0244E-1	1.3901E2	2.4279E0	2.4858E6	
1377	-7.0206E-1	1.3958E2	2.4342E0	2.4880E6	
1378	-7.0351E-1	1.3743E2	2.4406E0	2.4902E6	
1379	-7.0412E-1	1.3652E2	2.4470E0	2.4924E6	
1380	-7.0496E-1	1.3528E2	2.4531E0	2.4947E6	
1381	-7.0473E-1	1.3562E2	2.4595E0	2.4969E6	
1382	-7.0526E-1	1.3482E2	2.4660E0	2.4991E6	
1383	-7.0610E-1	1.3358E2	2.4723E0	2.5013E6	
1384	-7.0335E-1	1.3765E2	2.4787E0	2.5035E6	
1385	-7.0557E-1	1.3437E2	2.4850E0	2.5058E6	
1386	-7.0541E-1	1.3460E2	2.4914E0	2.5080E6	
1387	-7.0587E-1	1.3392E2	2.4978E0	2.5102E6	
1388	-7.0694E-1	1.3233E2	2.5042E0	2.5124E6	
1389	-7.0671E-1	1.3267E2	2.5105E0	2.5146E6	
1390	-7.0572E-1	1.3414E2	2.5169E0	2.5169E6	
1391	-7.0724E-1	1.3188E2	2.5234E0	2.5191E6	
1392	-7.0641E-1	1.3313E2	2.5297E0	2.5213E6	
1393	-7.0702E-1	1.3222E2	2.5362E0	2.5235E6	
1394	-7.0618E-1	1.3346E2	2.5426E0	2.5257E6	
1395	-7.0610E-1	1.3358E2	2.5489E0	2.5280E6	
1396	-7.0892E-1	1.2939E2	2.5554E0	2.5302E6	
1397	-7.0610E-1	1.3358E2	2.5618E0	2.5324E6	
1398	-7.0831E-1	1.3029E2	2.5682E0	2.5346E6	
1399	-7.0900E-1	1.2928E2	2.5746E0	2.5368E6	
1400	-7.1037E-1	1.2724E2	2.5812E0	2.5391E6	
1401	-7.0961E-1	1.2837E2	2.5875E0	2.5413E6	
1402	-7.1022E-1	1.2746E2	2.5940E0	2.5435E6	
1403	-7.0885E-1	1.2950E2	2.6005E0	2.5457E6	
1404	-7.0923E-1	1.2894E2	2.6069E0	2.5479E6	
1405	-7.1190E-1	1.2497E2	2.6134E0	2.5502E6	
1406	-7.0923E-1	1.2894E2	2.6199E0	2.5524E6	
1407	-7.0854E-1	1.2995E2	2.6261E0	2.5546E6	
1408	-7.1205E-1	1.2475E2	2.6327E0	2.5568E6	
1409	-7.0999E-1	1.2780E2	2.6392E0	2.5590E6	
1410	-7.1022E-1	1.2746E2	2.6456E0	2.5613E6	
1411	-7.0824E-1	1.3041E2	2.6521E0	2.5635E6	
1412	-7.1289E-1	1.2350E2	2.6586E0	2.5657E6	
1413	-7.0953E-1	1.2848E2	2.6651E0	2.5679E6	
1414	-7.1030E-1	1.2735E2	2.6716E0	2.5701E6	
1415	-7.1060E-1	1.2690E2	2.6782E0	2.5724E6	
1416	-7.1022E-1	1.2746E2	2.6846E0	2.5746E6	
1417	-7.1411E-1	1.2169E2	2.6910E0	2.5768E6	
1418	-7.1426E-1	1.2146E2	2.6976E0	2.5790E6	
1419	-7.1274E-1	1.2373E2	2.7042E0	2.5812E6	
1420	-7.1350E-1	1.2260E2	2.7107E0	2.5835E6	
1421	-7.1198E-1	1.2486E2	2.7172E0	2.5857E6	
1422	-7.1205E-1	1.2475E2	2.7237E0	2.5879E6	
1423	-7.1129E-1	1.2588E2	2.7303E0	2.5901E6	
1424	-7.1320E-1	1.2305E2	2.7368E0	2.5923E6	
1425	-7.1281E-1	1.2361E2	2.7434E0	2.5946E6	
1426	-7.1243E-1	1.2418E2	2.7499E0	2.5968E6	
1427	-7.1213E-1	1.2463E2	2.7564E0	2.5990E6	
1428	-7.1266E-1	1.2384E2	2.7629E0	2.6012E6	
1429	-7.1297E-1	1.2339E2	2.7695E0	2.6034E6	
1430	-7.1259E-1	1.2395E2	2.7761E0	2.6057E6	
1431	-7.1632E-1	1.1841E2	2.7826E0	2.6079E6	
1432	-7.1510E-1	1.2022E2	2.7892E0	2.6101E6	
1433	-7.1388E-1	1.2203E2	2.7958E0	2.6123E6	
1434	-7.1556E-1	1.1954E2	2.8024E0	2.6145E6	
1435	-7.1396E-1	1.2192E2	2.8090E0	2.6168E6	
1436	-7.1495E-1	1.2044E2	2.8155E0	2.6190E6	
1437	-7.1465E-1	1.2090E2	2.8222E0	2.6212E6	
1438	-7.1480E-1	1.2067E2	2.8287E0	2.6234E6	
1439	-7.1609E-1	1.1875E2	2.8353E0	2.6256E6	
1440	-7.1350E-1	1.2260E2	2.8420E0	2.6279E6	
1441	-7.1556E-1	1.1954E2	2.8485E0	2.6301E6	
1442	-7.1724E-1	1.1705E2	2.8551E0	2.6323E6	
1443	-7.1678E-1	1.1773E2	2.8618E0	2.6345E6	
1444	-7.1709E-1	1.1727E2	2.8684E0	2.6367E6	
1445	-7.1861E-1	1.1501E2	2.8750E0	2.6390E6	
1446	-7.1762E-1	1.1648E2	2.8816E0	2.6412E6	
1447	-7.1960E-1	1.1354E2	2.8883E0	2.6434E6	
1448	-7.1869E-1	1.1490E2	2.8949E0	2.6456E6	
1449	-7.1793E-1	1.1603E2	2.9015E0	2.6478E6	
1450	-7.1869E-1	1.1490E2	2.9082E0	2.6501E6	
1451	-7.1846E-1	1.1524E2	2.9147E0	2.6523E6	
1452	-7.1960E-1	1.1354E2	2.9214E0	2.6545E6	
1453	-7.2105E-1	1.1139E2	2.9281E0	2.6567E6	
1454	-7.1960E-1	1.1354E2	2.9348E0	2.6589E6	
1455	-7.2098E-1	1.1150E2	2.9414E0	2.6612E6	
1456	-7.2075E-1	1.1184E2	2.9482E0	2.6634E6	
1457	-7.2067E-1	1.1195E2	2.9548E0	2.6656E6	
1458	-7.2037E-1	1.1240E2	2.9615E0	2.6678E6	
1459	-7.2006E-1	1.1286E2	2.9681E0	2.6700E6	
1460	-7.2029E-1	1.1252E2	2.9748E0	2.6723E6	
1461	-7.2189E-1	1.1014E2	2.9814E0	2.6745E6	
1462	-7.2189E-1	1.1014E2	2.9882E0	2.6767E6	
1463	-7.2144E-1	1.1082E2	2.9949E0	2.6789E6	
1464	-7.2319E-1	1.0822E2	3.0016E0	2.6811E6	
1465	-7.2044E-1	1.1229E2	3.0084E0	2.6834E6	
1466	-7.2227E-1	1.0957E2	3.0151E0	2.6856E6	
1467	-7.2258E-1	1.0912E2	3.0218E0	2.6878E6	
1468	-7.2021E-1	1.1263E2	3.0284E0	2.6900E6	
1469	-7.2372E-1	1.0742E2	3.0352E0	2.6922E6	
1470	-7.2243E-1	1.0935E2	3.0419E0	2.6945E6	
1471	-7.2327E-1	1.0810E2	3.0486E0	2.6967E6	
1472	-7.2464E-1	1.0606E2	3.0553E0	2.6989E6	
1473	-7.2723E-1	1.0221E2	3.0620E0	2.7011E6	
1474	-7.2319E-1	1.0822E2	3.0688E0	2.7033E6	
1475	-7.2769E-1	1.0154E2	3.0756E0	2.7056E6	
1476	-7.2350E-1	1.0776E2	3.0824E0	2.7078E6	
1477	-7.2426E-1	1.0663E2	3.0891E0	2.7100E6	
1478	-7.2601E-1	1.0403E2	3.0959E0	2.7122E6	
1479	-7.2472E-1	1.0595E2	3.1025E0	2.7144E6	
1480	-7.2350E-1	1.0776E2	3.1094E0	2.7167E6	
1481	-7.2617E-1	1.0380E2	3.1161E0	2.7189E6	
1482	-7.2556E-1	1.0471E2	3.1229E0	2.7211E6	
1483	-7.2609E-1	1.0391E2	3.1297E0	2.7233E6	
1484	-7.2624E-1	1.0369E2	3.1364E0	2.7255E6	
1485	-7.2548E-1	1.0482E2	3.1433E0	2.7278E6	
1486	-7.2723E-1	1.0221E2	3.1500E0	2.7300E6	
1487	-7.2525E-1	1.0516E2	3.1568E0	2.7322E6	
1488	-7.2701E-1	1.0255E2	3.1635E0	2.7344E6	
1489	-7.2639E-1	1.0346E2	3.1704E0	2.7366E6	
1490	-7.2441E-1	1.0640E2	3.1772E0	2.7389E6	
1491	-7.2800E-1	1.0108E2	3.1840E0	2.7411E6	
1492	-7.2571E-1	1.0448E2	3.1908E0	2.7433E6	
1493	-7.2708E-1	1.0244E2	3.1976E0	2.7455E6	
1494	-7.3074E-1	9.7006E1	3.2045E0	2.7477E6	
1495	-7.2701E-1	1.0255E2	3.2112E0	2.7500E6	
1496	-7.2823E-1	1.0074E2	3.2181E0	2.7522E6	
1497	-7.2815E-1	1.0086E2	3.2249E0	2.7544E6	
1498	-7.2815E-1	1.0086E2	3.2318E0	2.7566E6	
1499	-7.2868E-1	1.0006E2	3.2386E0	2.7588E6	
1500	-7.2929E-1	9.9157E1	3.2453E0	2.7611E6	
1501	-7.2922E-1	9.9271E1	3.2522E0	2.7633E6	
1502	-7.3013E-1	9.7912E1	3.2591E0	2.7655E6	
1503	-7.2952E-1	9.8818E1	3.2660E0	2.7677E6	
1504	-7.3013E-1	9.7912E1	3.2728E0	2.7699E6	
1505	-7.3227E-1	9.4742E1	3.2797E0	2.7722E6	
1506	-7.3036E-1	9.7572E1	3.2865E0	2.7744E6	
1507	-7.3067E-1	9.7119E1	3.2933E0	2.7766E6	
1508	-7.2960E-1	9.8705E1	3.3002E0	2.7788E6	
1509	-7.3151E-1	9.5874E1	3.3071E0	2.7810E6	
1510	-7.3112E-1	9.6440E1	3.3139E0	2.7833E6	
1511	-7.3135E-1	9.6100E1	3.3208E0	2.7855E6	
1512	-7.3013E-1	9.7912E1	3.3277E0	2.7877E6	
1513	-7.3090E-1	9.6780E1	3.3347E0	2.7899E6	
1514	-7.3128E-1	9.6214E1	3.3416E0	2.7921E6	
1515	-7.3189E-1	9.5308E1	3.3484E0	2.7944E6	
1516	-7.3425E-1	9.1798E1	3.3553E0	2.7966E6	
1517	-7.3235E-1	9.4628E1	3.3622E0	2.7988E6	
1518	-7.3120E-1	9.6327E1	3.3691E0	2.8010E6	
1519	-7.3181E-1	9.5421E1	3.3760E0	2.8032E6	
1520	-7.3257E-1	9.4289E1	3.3829E0	2.8055E6	
1521	-7.3212E-1	9.4968E1	3.3898E0	2.8077E6	
1522	-7.3441E-1	9.1571E1	3.3968E0	2.8099E6	
1523	-7.3273E-1	9.4062E1	3.4037E0	2.8121E6	
1524	-7.3349E-1	9.2930E1	3.4107E0	2.8143E6	
1525	-7.3196E-1	9.5195E1	3.4176E0	2.8166E6	
1526	-7.3532E-1	9.0213E1	3.4245E0	2.8188E6	
1527	-7.3616E-1	8.8967E1	3.4314E0	2.8210E6	
1528	-7.3486E-1	9.0892E1	3.4384E0	2.8232E6	
1529	-7.3669E-1	8.8175E1	3.4453E0	2.8254E6	
1530	-7.3616E-1	8.8967E1	3.4523E0	2.8277E6	
1531	-7.3700E-1	8.7722E1	3.4592E0	2.8299E6	
1532	-7.3807E-1	8.6137E1	3.4662E0	2.8321E6	
1533	-7.3830E-1	8.5797E1	3.4732E0	2.8343E6	
1534	-7.3875E-1	8.5117E1	3.4801E0	2.8365E6	
1535	-7.3845E-1	8.5570E1	3.4871E0	2.8388E6	
1536	-7.3502E-1	9.0666E1	3.4941E0	2.8410E6	
1537	-7.3891E-1	8.4891E1	3.5011E0	2.8432E6	
1538	-7.3853E-1	8.5457E1	3.5081E0	2.8454E6	
1539	-7.3853E-1	8.5457E1	3.5150E0	2.8476E6	
1540	-7.3959E-1	8.3872E1	3.5220E0	2.8499E6	
1541	-7.3891E-1	8.4891E1	3.5290E0	2.8521E6	
1542	-7.3776E-1	8.6589E1	3.5360E0	2.8543E6	
1543	-7.3837E-1	8.5684E1	3.5431E0	2.8565E6	
1544	-7.4005E-1	8.3193E1	3.5500E0	2.8587E6	
1545	-7.4089E-1	8.1947E1	3.5571E0	2.8610E6	
1546	-7.3929E-1	8.4325E1	3.5640E0	2.8632E6	
1547	-7.3906E-1	8.4665E1	3.5710E0	2.8654E6	
1548	-7.3853E-1	8.5457E1	3.5780E0	2.8676E6	
1549	-7.4097E-1	8.1834E1	3.5851E0	2.8698E6	
1550	-7.4104E-1	8.1721E1	3.5922E0	2.8721E6	
1551	-7.3936E-1	8.4212E1	3.5990E0	2.8743E6	
1552	-7.4059E-1	8.2400E1	3.6062E0	2.8765E6	
1553	-7.4173E-1	8.0702E1	3.6132E0	2.8787E6	
1554	-7.4104E-1	8.1721E1	3.6202E0	2.8809E6	
1555	-7.4097E-1	8.1834E1	3.6272E0	2.8832E6	
1556	-7.4188E-1	8.0475E1	3.6343E0	2.8854E6	
1557	-7.4173E-1	8.0702E1	3.6413E0	2.8876E6	
1558	-7.4287E-1	7.9003E1	3.6484E0	2.8898E6	
1559	-7.4211E-1	8.0136E1	3.6554E0	2.8920E6	
1560	-7.4051E-1	8.2513E1	3.6625E0	2.8943E6	
1561	-7.4211E-1	8.0136E1	3.6696E0	2.8965E6	
1562	-7.4112E-1	8.1607E1	3.6767E0	2.8987E6	
1563	-7.4440E-1	7.6739E1	3.6837E0	2.9009E6	
1564	-7.4234E-1	7.9796E1	3.6908E0	2.9031E6	
1565	-7.4486E-1	7.6059E1	3.6979E0	2.9054E6	
1566	-7.4478E-1	7.6173E1	3.7050E0	2.9076E6	
1567	-7.4593E-1	7.4474E1	3.7120E0	2.9098E6	
1568	-7.4600E-1	7.4361E1	3.7191E0	2.9120E6	
1569	-7.4387E-1	7.7531E1	3.7262E0	2.9142E6	
1570	-7.4417E-1	7.7078E1	3.7334E0	2.9165E6	
1571	-7.4265E-1	7.9343E1	3.7404E0	2.9187E6	
1572	-7.4524E-1	7.5493E1	3.7475E0	2.9209E6	
1573	-7.4799E-1	7.1417E1	3.7546E0	2.9231E6	
1574	-7.4608E-1	7.4248E1	3.7618E0	2.9253E6	
1575	-7.4669E-1	7.3342E1	3.7688E0	2.9276E6	
1576	-7.4524E-1	7.5493E1	3.7760E0	2.9298E6	
1577	-7.4707E-1	7.2776E1	3.7830E0	2.9320E6	
1578	-7.4417E-1	7.7078E1	3.7902E0	2.9342E6	
1579	-7.4806E-1	7.1304E1	3.7973E0	2.9364E6	
1580	-7.4844E-1	7.0738E1	3.8044E0	2.9387E6	
1581	-7.4646E-1	7.3682E1	3.8115E0	2.9409E6	
1582	-7.4753E-1	7.2097E1	3.8187E0	2.9431E6	
1583	-7.4791E-1	7.1530E1	3.8258E0	2.9453E6	
1584	-7.4776E-1	7.1757E1	3.8329E0	2.9475E6	
1585	-7.4661E-1	7.3455E1	3.8400E0	2.9498E6	
1586	-7.4944E-1	6.9266E1	3.8472E0	2.9520E6	
1587	-7.4989E-1	6.8587E1	3.8544E0	2.9542E6	
1588	-7.5012E-1	6.8247E1	3.8615E0	2.9564E6	
1589	-7.4944E-1	6.9266E1	3.8687E0	2.9586E6	
1590	-7.4852E-1	7.0625E1	3.8759E0	2.9609E6	
1591	-7.5127E-1	6.6548E1	3.8830E0	2.9631E6	
1592	-7.4974E-1	6.8813E1	3.8902E0	2.9653E6	
1593	-7.4821E-1	7.1077E1	3.8973E0	2.9675E6	
1594	-7.5111E-1	6.6775E1	3.9046E0	2.9697E6	
1595	-7.4982E-1	6.8700E1	3.9118E0	2.9720E6	
1596	-7.5012E-1	6.8247E1	3.9190E0	2.9742E6	
1597	-7.5233E-1	6.4963E1	3.9261E0	2.9764E6	
1598	-7.5020E-1	6.8134E1	3.9333E0	2.9786E6	
1599	-7.5233E-1	6.4963E1	3.9405E0	2.9808E6	
1600	-7.4799E-1	7.1417E1	3.9477E0	2.9831E6	
1601	-7.5371E-1	6.2925E1	3.9549E0	2.9853E6	
1602	-7.5203E-1	6.5416E1	3.9622E0	2.9875E6	
1603	-7.5005E-1	6.8360E1	3.9693E0	2.9897E6	
1604	-7.5287E-1	6.4171E1	3.9765E0	2.9919E6	
1605	-7.5294E-1	6.4058E1	3.9837E0	2.9942E6	
1606	-7.5294E-1	6.4058E1	3.9909E0	2.9964E6	
1607	-7.5150E-1	6.6209E1	3.9982E0	2.9986E6	
1608	-7.5081E-1	6.7228E1	4.0054E0	3.0008E6	
1609	-7.5417E-1	6.2246E1	4.0127E0	3.0030E6	
1610	-7.5317E-1	6.3718E1	4.0198E0	3.0053E6	
1611	-7.5531E-1	6.0548E1	4.0270E0	3.0075E6	
1612	-7.5371E-1	6.2925E1	4.0343E0	3.0097E6	
1613	-7.5577E-1	5.9868E1	4.0416E0	3.0119E6	
1614	-7.5439E-1	6.1906E1	4.0487E0	3.0141E6	
1615	-7.5676E-1	5.8396E1	4.0560E0	3.0164E6	
1616	-7.5470E-1	6.1453E1	4.0632E0	3.0186E6	
1617	-7.5302E-1	6.3944E1	4.0705E0	3.0208E6	
1618	-7.5737E-1	5.7490E1	4.0778E0	3.0230E6	
1619	-7.5554E-1	6.0208E1	4.0850E0	3.0252E6	
1620	-7.5569E-1	5.9981E1	4.0923E0	3.0275E6	
1621	-7.5684E-1	5.8283E1	4.0995E0	3.0297E6	
1622	-7.5737E-1	5.7490E1	4.1068E0	3.0319E6	
1623	-7.5592E-1	5.9642E1	4.1141E0	3.0341E6	
1624	-7.5729E-1	5.7604E1	4.1214E0	3.0363E6	
1625	-7.5745E-1	5.7377E1	4.1286E0	3.0386E6	
1626	-7.5676E-1	5.8396E1	4.1359E0	3.0408E6	
1627	-7.5531E-1	6.0548E1	4.1431E0	3.0430E6	
1628	-7.5829E-1	5.6132E1	4.1505E0	3.0452E6	
1629	-7.5577E-1	5.9868E1	4.1577E0	3.0474E6	
1630	-7.5714E-1	5.7830E1	4.1651E0	3.0497E6	
1631	-7.5813E-1	5.6358E1	4.1724E0	3.0519E6	
1632	-7.5989E-1	5.3754E1	4.1796E0	3.0541E6	
1633	-7.5760E-1	5.7151E1	4.1869E0	3.0563E6	
1634	-7.6080E-1	5.2395E1	4.1942E0	3.0585E6	
1635	-7.6126E-1	5.1716E1	4.2015E0	3.0608E6	
1636	-7.5752E-1	5.7264E1	4.2089E0	3.0630E6	
1637	-7.5798E-1	5.6585E1	4.2161E0	3.0652E6	
1638	-7.6027E-1	5.3188E1	4.2234E0	3.0674E6	
1639	-7.5897E-1	5.5113E1	4.2308E0	3.0696E6	
1640	-7.5836E-1	5.6018E1	4.2381E0	3.0719E6	
1641	-7.6035E-1	5.3075E1	4.2455E0	3.0741E6	
1642	-7.5851E-1	5.5792E1	4.2529E0	3.0763E6	
1643	-7.6263E-1	4.9678E1	4.2602E0	3.0785E6	
1644	-7.6263E-1	4.9678E1	4.2675E0	3.0807E6	
1645	-7.6408E-1	4.7527E1	4.2748E0	3.0830E6	
1646	-7.6073E-1	5.2508E1	4.2822E0	3.0852E6	
1647	-7.5951E-1	5.4320E1	4.2895E0	3.0874E6	
1648	-7.6271E-1	4.9565E1	4.2968E0	3.0896E6	
1649	-7.6393E-1	4.7753E1	4.3041E0	3.0918E6	
1650	-7.6057E-1	5.2735E1	4.3115E0	3.0941E6	
1651	-7.6447E-1	4.6960E1	4.3189E0	3.0963E6	
1652	-7.6485E-1	4.6394E1	4.3263E0	3.0985E6	
1653	-7.6157E-1	5.1263E1	4.3336E0	3.1007E6	
1654	-7.6263E-1	4.9678E1	4.3409E0	3.1029E6	
1655	-7.6248E-1	4.9904E1	4.3484E0	3.1052E6	
1656	-7.6279E-1	4.9451E1	4.3558E0	3.1074E6	
1657	-7.6447E-1	4.6960E1	4.3631E0	3.1096E6	
1658	-7.6500E-1	4.6168E1	4.3706E0	3.1118E6	
1659	-7.6530E-1	4.5715E1	4.3778E0	3.1140E6	
1660	-7.6591E-1	4.4809E1	4.3851E0	3.1163E6	
1661	-7.6385E-1	4.7866E1	4.3926E0	3.1185E6	
1662	-7.6469E-1	4.6621E1	4.4000E0	3.1207E6	
1663	-7.6614E-1	4.4469E1	4.4073E0	3.1229E6	
1664	-7.6576E-1	4.5036E1	4.4147E0	3.1251E6	
1665	-7.6759E-1	4.2318E1	4.4220E0	3.1274E6	
1666	-7.6805E-1	4.1639E1	4.4295E0	3.1296E6	
1667	-7.6698E-1	4.3224E1	4.4369E0	3.1318E6	
1668	-7.6599E-1	4.4696E1	4.4444E0	3.1340E6	
1669	-7.6904E-1	4.0167E1	4.4517E0	3.1362E6	
1670	-7.6759E-1	4.2318E1	4.4591E0	3.1385E6	
1671	-7.6836E-1	4.1186E1	4.4664E0	3.1407E6	
1672	-7.6965E-1	3.9261E1	4.4740E0	3.1429E6	
1673	-7.7087E-1	3.7449E1	4.4813E0	3.1451E6	
1674	-7.6653E-1	4.3903E1	4.4887E0	3.1473E6	
1675	-7.6736E-1	4.2658E1	4.4961E0	3.1496E6	
1676	-7.6935E-1	3.9714E1	4.5036E0	3.1518E6	
1677	-7.6958E-1	3.9374E1	4.5110E0	3.1540E6	
1678	-7.6515E-1	4.5941E1	4.5183E0	3.1562E6	
1679	-7.6828E-1	4.1299E1	4.5257E0	3.1584E6	
1680	-7.7057E-1	3.7902E1	4.5331E0	3.1607E6	
1681	-7.6790E-1	4.1865E1	4.5407E0	3.1629E6	
1682	-7.6859E-1	4.0846E1	4.5482E0	3.1651E6	
1683	-7.7019E-1	3.8468E1	4.5555E0	3.1673E6	
1684	-7.7164E-1	3.6317E1	4.5630E0	3.1695E6	
1685	-7.7103E-1	3.7223E1	4.5704E0	3.1718E6	
1686	-7.7049E-1	3.8016E1	4.5778E0	3.1740E6	
1687	-7.7255E-1	3.4958E1	4.5852E0	3.1762E6	
1688	-7.7087E-1	3.7449E1	4.5927E0	3.1784E6	
1689	-7.6958E-1	3.9374E1	4.6001E0	3.1806E6	
1690	-7.7187E-1	3.5978E1	4.6075E0	3.1829E6	
1691	-7.7171E-1	3.6204E1	4.6150E0	3.1851E6	
1692	-7.7110E-1	3.7110E1	4.6224E0	3.1873E6	
1693	-7.7423E-1	3.2468E1	4.6298E0	3.1895E6	
1694	-7.7286E-1	3.4506E1	4.6373E0	3.1917E6	
1695	-7.7461E-1	3.1901E1	4.6447E0	3.1940E6	
1696	-7.7553E-1	3.0543E1	4.6522E0	3.1962E6	
1697	-7.7431E-1	3.2354E1	4.6597E0	3.1984E6	
1698	-7.7385E-1	3.3034E1	4.6671E0	3.2006E6	
1699	-7.7690E-1	2.8505E1	4.6745E0	3.2028E6	
1700	-7.7591E-1	2.9977E1	4.6821E0	3.2051E6	
1701	-7.7362E-1	3.3373E1	4.6895E0	3.2073E6	
1702	-7.7370E-1	3.3260E1	4.6969E0	3.2095E6	
1703	-7.7332E-1	3.3826E1	4.7045E0	3.2117E6	
1704	-7.7393E-1	3.2920E1	4.7119E0	3.2139E6	
1705	-7.7400E-1	3.2807E1	4.7193E0	3.2162E6	
1706	-7.7553E-1	3.0543E1	4.7269E0	3.2184E6	
1707	-7.7423E-1	3.2468E1	4.7343E0	3.2206E6	
1708	-7.7690E-1	2.8505E1	4.7418E0	3.2228E6	
1709	-7.7568E-1	3.0316E1	4.7492E0	3.2250E6	
1710	-7.7545E-1	3.0656E1	4.7568E0	3.2273E6	
1711	-7.7866E-1	2.5900E1	4.7641E0	3.2295E6	
1712	-7.7866E-1	2.5900E1	4.7717E0	3.2317E6	
1713	-7.7675E-1	2.8731E1	4.7791E0	3.2339E6	
1714	-7.7614E-1	2.9637E1	4.7866E0	3.2361E6	
1715	-7.7797E-1	2.6919E1	4.7941E0	3.2384E6	
1716	-7.7675E-1	2.8731E1	4.8015E0	3.2406E6	
1717	-7.8094E-1	2.2504E1	4.8090E0	3.2428E6	
1718	-7.7759E-1	2.7486E1	4.8166E0	3.2450E6	
1719	-7.7644E-1	2.9184E1	4.8239E0	3.2472E6	
1720	-7.7797E-1	2.6919E1	4.8315E0	3.2495E6	
1721	-7.7965E-1	2.4428E1	4.8390E0	3.2517E6	
1722	-7.7965E-1	2.4428E1	4.8464E0	3.2539E6	
1723	-7.7827E-1	2.6467E1	4.8539E0	3.2561E6	
1724	-7.8407E-1	1.7861E1	4.8614E0	3.2583E6	
1725	-7.8201E-1	2.0918E1	4.8689E0	3.2606E6	
1726	-7.8056E-1	2.3070E1	4.8764E0	3.2628E6	
1727	-7.7934E-1	2.4881E1	4.8839E0	3.2650E6	
1728	-7.8056E-1	2.3070E1	4.8914E0	3.2672E6	
1729	-7.8171E-1	2.1371E1	4.8989E0	3.2694E6	
1730	-7.8102E-1	2.2390E1	4.9063E0	3.2717E6	
1731	-7.8239E-1	2.0352E1	4.9139E0	3.2739E6	
1732	-7.8407E-1	1.7861E1	4.9213E0	3.2761E6	
1733	-7.8140E-1	2.1824E1	4.9288E0	3.2783E6	
1734	-7.8270E-1	1.9899E1	4.9363E0	3.2805E6	
1735	-7.8445E-1	1.7295E1	4.9437E0	3.2828E6	
1736	-7.8400E-1	1.7975E1	4.9513E0	3.2850E6	
1737	-7.8209E-1	2.0805E1	4.9588E0	3.2872E6	
1738	-7.8484E-1	1.6729E1	4.9662E0	3.2894E6	
1739	-7.8362E-1	1.8541E1	4.9738E0	3.2916E6	
1740	-7.8438E-1	1.7408E1	4.9814E0	3.2939E6	
1741	-7.8438E-1	1.7408E1	4.9888E0	3.2961E6	
1742	-7.8339E-1	1.8880E1	4.9963E0	3.2983E6	
1743	-7.8476E-1	1.6842E1	5.0038E0	3.3005E6	
1744	-7.8537E-1	1.5937E1	5.0114E0	3.3027E6	
1745	-7.8659E-1	1.4125E1	5.0189E0	3.3050E6	
1746	-7.8705E-1	1.3446E1	5.0264E0	3.3072E6	
1747	-7.8384E-1	1.8201E1	5.0339E0	3.3094E6	
1748	-7.8285E-1	1.9673E1	5.0413E0	3.3116E6	
1749	-7.8857E-1	1.1181E1	5.0488E0	3.3138E6	
1750	-7.8407E-1	1.7861E1	5.0564E0	3.3161E6	
1751	-7.8499E-1	1.6503E1	5.0640E0	3.3183E6	
1752	-7.8766E-1	1.2540E1	5.0715E0	3.3205E6	
1753	-7.8506E-1	1.6389E1	5.0789E0	3.3227E6	
1754	-7.8644E-1	1.4351E1	5.0864E0	3.3249E6	
1755	-7.8674E-1	1.3899E1	5.0939E0	3.3272E6	
1756	-7.8514E-1	1.6276E1	5.1015E0	3.3294E6	
1757	-7.8651E-1	1.4238E1	5.1089E0	3.3316E6	
1758	-7.8835E-1	1.1521E1	5.1165E0	3.3338E6	
1759	-7.8743E-1	1.2879E1	5.1240E0	3.3360E6	
1760	-7.8926E-1	1.0162E1	5.1314E0	3.3383E6	
1761	-7.8743E-1	1.2879E1	5.1389E0	3.3405E6	
1762	-7.8949E-1	9.8224E0	5.1464E0	3.3427E6	
1763	-7.9041E-1	8.4637E0	5.1539E0	3.3449E6	
1764	-7.9002E-1	9.0298E0	5.1615E0	3.3471E6	
1765	-7.8987E-1	9.2562E0	5.1689E0	3.3494E6	
1766	-7.8773E-1	1.2427E1	5.1765E0	3.3516E6	
1767	-7.9041E-1	8.4637E0	5.1840E0	3.3538E6	
1768	-7.8987E-1	9.2562E0	5.1914E0	3.3560E6	
1769	-7.9048E-1	8.3504E0	5.1990E0	3.3582E6	
1770	-7.8865E-1	1.1068E1	5.2065E0	3.3605E6	
1771	-7.9170E-1	6.5388E0	5.2140E0	3.3627E6	
1772	-7.9254E-1	5.2933E0	5.2215E0	3.3649E6	
1773	-7.9071E-1	8.0108E0	5.2289E0	3.3671E6	
1774	-7.9292E-1	4.7272E0	5.2365E0	3.3693E6	
1775	-7.9155E-1	6.7653E0	5.2439E0	3.3716E6	
1776	-7.9361E-1	3.7082E0	5.2514E0	3.3738E6	
1777	-7.9201E-1	6.0859E0	5.2589E0	3.3760E6	
1778	-7.9323E-1	4.2743E0	5.2664E0	3.3782E6	
1779	-7.9239E-1	5.5198E0	5.2738E0	3.3804E6	
1780	-7.9506E-1	1.5569E0	5.2814E0	3.3827E6	
1781	-7.9399E-1	3.1421E0	5.2888E0	3.3849E6	
1782	-7.9544E-1	9.9077E-1	5.2964E0	3.3871E6	
1783	-7.9445E-1	2.4627E0	5.3038E0	3.3893E6	
1784	-7.9430E-1	2.6892E0	5.3112E0	3.3915E6	
1785	-7.9460E-1	2.2362E0	5.3188E0	3.3938E6	
1786	-7.9277E-1	4.9537E0	5.3262E0	3.3960E6	
1787	-7.9590E-1	3.1141E-1	5.3337E0	3.3982E6	
1788	-7.9582E-1	4.2464E-1	5.3412E0	3.4004E6	
1789	-7.9727E-1	-1.7267E0	5.3486E0	3.4026E6	
1790	-7.9521E-1	1.3304E0	5.3562E0	3.4049E6	
1791	-7.9643E-1	-4.8117E-1	5.3636E0	3.4071E6	
1792	-7.9735E-1	-1.8399E0	5.3711E0	3.4093E6	
1793	-7.9659E-1	-7.0762E-1	5.3785E0	3.4115E6	
1794	-7.9529E-1	1.2172E0	5.3834E0	3.4130E6	
1795	-7.9529E-1	1.2172E0	5.3834E0	3.4130E6	
1796	-7.9529E-1	1.2172E0	5.3834E0	3.4130E6	
1797	-7.9529E-1	1.2172E0	5.3834E0	3.4130E6	
1798	-7.9529E-1	1.2172E0	5.3834E0	3.4130E6	
1799	-7.9529E-1	1.2172E0	5.3834E0	3.4130E6	
1800	-7.9529E-1	1.2172E0	5.3834E0	3.4130E6	
1801	-7.9529E-1	1.2172E0	5.3834E0	3.4130E6	
1802	-7.9529E-1	1.2172E0	5.3834E0	3.4130E6	
1803	-7.9529E-1	1.2172E0	5.3834E0	3.4130E6	
1804	-7.9529E-1	1.2172E0	5.3834E0	3.4130E6	
1805	-7.9529E-1	1.2172E0	5.3834E0	3.4130E6	
1806	-7.9529E-1	1.2172E0	5.3834E0	3.4130E6	
1807	-7.9529E-1	1.2172E0	5.3834E0	3.4130E6	
1808	-7.9529E-1	1.2172E0	5.3834E0	3.4130E6	
1809	-7.9529E-1	1.2172E0	5.3834E0	3.4130E6	
1810	-7.9529E-1	1.2172E0	5.3834E0	3.4130E6	
1811	-7.9529E-1	1.2172E0	5.3834E0	3.4130E6	
1812	-7.9529E-1	1.2172E0	5.3834E0	3.4130E6	
1813	-7.9529E-1	1.2172E0	5.3834E0	3.4130E6	
1814	-7.9529E-1	1.2172E0	5.3834E0	3.4130E6	
1815	-7.9529E-1	1.2172E0	5.3834E0	3.4130E6	
1816	-7.9529E-1	1.2172E0	5.3834E0	3.4130E6	
1817	-7.9529E-1	1.2172E0	5.3834E0	3.4130E6	
1818	-7.9529E-1	1.2172E0	5.3834E0	3.4130E6	
1819	-7.9529E-1	1.2172E0	5.3834E0	3.4130E6	
1820	-7.9529E-1	1.2172E0	5.3834E0	3.4130E6	
1821	-7.9529E-1	1.2172E0	5.3834E0	3.4130E6	
1822	-7.9529E-1	1.2172E0	5.3834E0	3.4130E6	
1823	-7.9529E-1	1.2172E0	5.3834E0	3.4130E6	
1824	-7.9529E-1	1.2172E0	5.3834E0	3.4130E6	
1825	-7.9529E-1	1.2172E0	5.3834E0	3.4130E6	
1826	-7.9529E-1	1.2172E0	5.3834E0	3.4130E6	
1827	-7.9529E-1	1.2172E0	5.3834E0	3.4130E6	
1828	-7.9529E-1	1.2172E0	5.3834E0	3.4130E6	
1829	-7.9529E-1	1.2172E0	5.3834E0	3.4130E6	
1830	-7.9529E-1	1.2172E0	5.3834E0	3.4130E6	
1831	-7.9529E-1	1.2172E0	5.3834E0	3.4130E6	
1832	-7.9529E-1	1.2172E0	5.3834E0	3.4130E6	
1833	-7.9529E-1	1.2172E0	5.3834E0	3.4130E6	
1834	-7.9529E-1	1.2172E0	5.3834E0	3.4130E6	
1835	-7.9529E-1	1.2172E0	5.3834E0	3.4130E6	
1836	-7.9529E-1	1.2172E0	5.3834E0	3.4130E6	
1837	-7.9529E-1	1.2172E0	5.3834E0	3.4130E6	
1838	-7.9529E-1	1.2172E0	5.3834E0	3.4130E6	
1839	-7.9529E-1	1.2172E0	5.3834E0	3.4130E6	
1840	-7.9529E-1	1.2172E0	5.3834E0	3.4130E6	
1841	-7.9529E-1	1.2172E0	5.3834E0	3.4130E6	
1842	-7.9529E-1	1.2172E0	5.3834E0	3.4130E6	
1843	-7.9529E-1	1.2172E0	5.3834E0	3.4130E6	
1844	-7.9529E-1	1.2172E0	5.3834E0	3.4130E6	
1845	-7.9529E-1	1.2172E0	5.3834E0	3.4130E6	
1846	-7.9529E-1	1.2172E0	5.3834E0	3.4130E6	
1847	-7.9529E-1	1.2172E0	5.3834E0	3.4130E6	
1848	-7.9529E-1	1.2172E0	5.3834E0	3.4130E6	
1849	-7.9529E-1	1.2172E0	5.3834E0	3.4130E6	
1850	-7.9529E-1	1.2172E0	5.3834E0	3.4130E6	
1851	-7.9529E-1	1.2172E0	5.3834E0	3.4130E6	
1852	-7.9529E-1	1.2172E0	5.3834E0	3.4130E6	
1853	-7.9529E-1	1.2172E0	5.3834E0	3.4130E6	
1854	-7.9529E-1	1.2172E0	5.3834E0	3.4130E6	
1855	-7.9529E-1	1.2172E0	5.3834E0	3.4130E6	
1856	-7.9529E-1	1.2172E0	5.3834E0	3.4130E6	
1857	-7.9529E-1	1.2172E0	5.3834E0	3.4130E6	
1858	-7.9529E-1	1.2172E0	5.3834E0	3.4130E6	
1859	-7.9529E-1	1.2172E0	5.3834E0	3.4130E6	
1860	-7.9529E-1	1.2172E0	5.3834E0	3.4130E6	
1861	-7.9529E-1	1.2172E0	5.3834E0	3.4130E6	
1862	-7.9529E-1	1.2172E0	5.3834E0	3.4130E6	
1863	-7.9529E-1	1.2172E0	5.3834E0	3.4130E6	
1864	-7.9529E-1	1.2172E0	5.3834E0	3.4130E6	
1865	-7.9529E-1	1.2172E0	5.3834E0	3.4130E6	
1866	-7.9529E-1	1.2172E0	5.3834E0	3.4130E6	
1867	-7.9529E-1	1.2172E0	5.3834E0	3.4130E6	
1868	-7.9529E-1	1.2172E0	5.3834E0	3.4130E6	
1869	-7.9529E-1	1.2172E0	5.3834E0	3.4130E6	
1870	-7.9529E-1	1.2172E0	5.3834E0	3.4130E6	
1871	-7.9529E-1	1.2172E0	5.3834E0	3.4130E6	
1872	-7.9529E-1	1.2172E0	5.3834E0	3.4130E6	
1873	-7.9529E-1	1.2172E0	5.3834E0	3.4130E6	
1874	-7.9529E-1	1.2172E0	5.3834E0	3.4130E6	
1875	-7.9529E-1	1.2172E0	5.3834E0	3.4130E6	
1876	-7.9529E-1	1.2172E0	5.3834E0	3.4130E6	
1877	-7.9529E-1	1.2172E0	5.3834E0	3.4130E6	
1878	-7.9529E-1	1.2172E0	5.3834E0	3.4130E6	
1879	-7.9529E-1	1.2172E0	5.3834E0	3.4130E6	
1880	-7.9529E-1	1.2172E0	5.3834E0	3.4130E6	
1881	-7.9529E-1	1.2172E0	5.3834E0	3.4130E6	
1882	-7.9529E-1	1.2172E0	5.3834E0	3.4130E6	
1883	-7.9529E-1	1.2172E0	5.3834E0	3.4130E6	
1884	-7.9529E-1	1.2172E0	5.3834E0	3.4130E6	
1885	-7.9529E-1	1.2172E0	5.3834E0	3.4130E6	
1886	-7.9529E-1	1.2172E0	5.3834E0	3.4130E6	
1887	-7.9529E-1	1.2172E0	5.3834E0	3.4130E6	
1888	-7.9529E-1	1.2172E0	5.3834E0	3.4130E6	
1889	-7.9529E-1	1.2172E0	5.3834E0	3.4130E6	
1890	-7.9529E-1	1.2172E0	5.3834E0	3.4130E6	
1891	-7.9529E-1	1.2172E0	5.3834E0	3.4130E6	
1892	-7.9529E-1	1.2172E0	5.3834E0	3.4130E6	
1893	-7.9529E-1	1.2172E0	5.3834E0	3.4130E6	
1894	-7.9529E-1	1.2172E0	5.3834E0	3.4130E6	
1895	-7.9529E-1	1.2172E0	5.3834E0	3.4130E6	
1896	-7.9529E-1	1.2172E0	5.3834E0	3.4130E6	
1897	-7.9529E-1	1.2172E0	5.3834E0	3.4130E6	
1898	-7.9529E-1	1.2172E0	5.3834E0	3.4130E6	
1899	-7.9529E-1	1.2172E0	5.3834E0	3.4130E6	
1900	-7.9529E-1	1.2172E0	5.3834E0	3.4130E6	
1901	-7.9529E-1	1.2172E0	5.3834E0	3.4130E6	
1902	-7.9529E-1	1.2172E0	5.3834E0	3.4130E6	
1903	-7.9529E-1	1.2172E0	5.3834E0	3.4130E6	
1904	-7.9529E-1	1.2172E0	5.3834E0	3.4130E6	
1905	-7.9529E-1	1.2172E0	5.3834E0	3.4130E6	
1906	-7.9529E-1	1.2172E0	5.3834E0	3.4130E6	
1907	-7.9529E-1	1.2172E0	5.3834E0	3.4130E6	
1908	-7.9529E-1	1.2172E0	5.3834E0	3.4130E6	
1909	-7.9529E-1	1.2172E0	5.3834E0	3.4130E6	
1910	-7.9529E-1	1.2172E0	5.3834E0	3.4130E6	
1911	-7.9529E-1	1.2172E0	5.3834E0	3.4130E6	
1912	-7.9529E-1	1.2172E0	5.3834E0	3.4130E6	
1913	-7.9529E-1	1.2172E0	5.3834E0	3.4130E6	
1914	-7.9529E-1	1.2172E0	5.3834E0	3.4130E6	
1915	-7.9529E-1	1.2172E0	5.3834E0	3.4130E6	
1916	-7.9529E-1	1.2172E0	5.3834E0	3.4130E6	
1917	-7.9529E-1	1.2172E0	5.3834E0	3.4130E6	
1918	-7.9529E-1	1.2172E0	5.3834E0	3.4130E6	
1919	-7.9529E-1	1.2172E0	5.3834E0	3.4130E6	
1920	-7.9529E-1	1.2172E0	5.3834E0	3.4130E6	
1921	-7.9529E-1	1.2172E0	5.3834E0	3.4130E6	
1922	-7.9529E-1	1.2172E0	5.3834E0	3.4130E6	
1923	-7.9529E-1	1.2172E0	5.3834E0	3.4130E6	
1924	-7.9529E-1	1.2172E0	5.3834E0	3.4130E6	
1925	-7.9529E-1	1.2172E0	5.3834E0	3.4130E6	
1926	-7.9529E-1	1.2172E0	5.3834E0	3.4130E6	
1927	-7.9529E-1	1.2172E0	5.3834E0	3.4130E6	
1928	-7.9529E-1	1.2172E0	5.3834E0	3.4130E6	
1929	-7.9529E-1	1.2172E0	5.3834E0	3.4130E6	
1930	-7.9529E-1	1.2172E0	5.3834E0	3.4130E6	
1931	-7.9529E-1	1.2172E0	5.3834E0	3.4130E6	
1932	-7.9529E-1	1.2172E0	5.3834E0	3.4130E6	
1933	-7.9529E-1	1.2172E0	5.3834E0	3.4130E6	
1934	-7.9529E-1	1.2172E0	5.3834E0	3.4130E6	
1935	-7.9529E-1	1.2172E0	5.3834E0	3.4130E6	
1936	-7.9529E-1	1.2172E0	5.3834E0	3.4130E6	
1937	-7.9529E-1	1.2172E0	5.3834E0	3.4130E6	
1938	-7.9529E-1	1.2172E0	5.3834E0	3.4130E6	
1939	-7.9529E-1	1.2172E0	5.3834E0	3.4130E6	
1940	-7.9529E-1	1.2172E0	5.3834E0	3.4130E6	
1941	-7.9529E-1	1.2172E0	5.3834E0	3.4130E6	
1942	-7.9529E-1	1.2172E0	5.3834E0	3.4130E6	
1943	-7.9529E-1	1.2172E0	5.3834E0	3.4130E6	
1944	-7.9529E-1	1.2172E0	5.3834E0	3.4130E6	
1945	-7.9529E-1	1.2172E0	5.3834E0	3.4130E6	
1946	-7.9529E-1	1.2172E0	5.3834E0	3.4130E6	
1947	-7.9529E-1	1.2172E0	5.3834E0	3.4130E6	
1948	-7.9529E-1	1.2172E0	5.3834E0	3.4130E6	
1949	-7.9529E-1	1.2172E0	5.3834E0	3.4130E6	
1950	-7.9529E-1	1.2172E0	5.3834E0	3.4130E6	
1951	-7.9529E-1	1.2172E0	5.3834E0	3.4130E6	
1952	-7.9529E-1	1.2172E0	5.3834E0	3.4130E6	
1953	-7.9529E-1	1.2172E0	5.3834E0	3.4130E6	
1954	-7.9529E-1	1.2172E0	5.3834E0	3.4130E6	
1955	-7.9529E-1	1.2172E0	5.3834E0	3.4130E6	
1956	-7.9529E-1	1.2172E0	5.3834E0	3.4130E6	
1957	-7.9529E-1	1.2172E0	5.3834E0	3.4130E6	
1958	-7.9529E-1	1.2172E0	5.3834E0	3.4130E6	
1959	-7.9529E-1	1.2172E0	5.3834E0	3.4130E6	
1960	-7.9529E-1	1.2172E0	5.3834E0	3.4130E6	
1961	-7.9529E-1	1.2172E0	5.3834E0	3.4130E6	
1962	-7.9529E-1	1.2172E0	5.3834E0	3.4130E6	
1963	-7.9529E-1	1.2172E0	5.3834E0	3.4130E6	
1964	-7.9529E-1	1.2172E0	5.3834E0	3.4130E6	
1965	-7.9529E-1	1.2172E0	5.3834E0	3.4130E6	
1966	-7.9529E-1	1.2172E0	5.3834E0	3.4130E6	
1967	-7.9529E-1	1.2172E0	5.3834E0	3.4130E6	
1968	-7.9529E-1	1.2172E0	5.3834E0	3.4130E6	
1969	-7.9529E-1	1.2172E0	5.3834E0	3.4130E6	
1970	-7.9529E-1	1.2172E0	5.3834E0	3.4130E6	
1971	-7.9529E-1	1.2172E0	5.3834E0	3.4130E6	
1972	-7.9529E-1	1.2172E0	5.3834E0	3.4130E6	
1973	-7.9529E-1	1.2172E0	5.3834E0	3.4130E6	
1974	-7.9529E-1	1.2172E0	5.3834E0	3.4130E6	
1975	-7.9529E-1	1.2172E0	5.3834E0	3.4130E6	
1976	-7.9529E-1	1.2172E0	5.3834E0	3.4130E6	
1977	-7.9529E-1	1.2172E0	5.3834E0	3.4130E6	
1978	-7.9529E-1	1.2172E0	5.3834E0	3.4130E6	
1979	-7.9529E-1	1.2172E0	5.3834E0	3.4130E6	
1980	-7.9529E-1	1.2172E0	5.3834E0	3.4130E6	
1981	-7.9529E-1	1.2172E0	5.3834E0	3.4130E6	
1982	-7.9529E-1	1.2172E0	5.3834E0	3.4130E6	
1983	-7.9529E-1	1.2172E0	5.3834E0	3.4130E6	
1984	-7.9529E-1	1.2172E0	5.3834E0	3.4130E6	
1985	-7.9529E-1	1.2172E0	5.3834E0	3.4130E6	
1986	-7.9529E-1	1.2172E0	5.3834E0	3.4130E6	
1987	-7.9529E-1	1.2172E0	5.3834E0	3.4130E6	
1988	-7.9529E-1	1.2172E0	5.3834E0	3.4130E6	
1989	-7.9529E-1	1.2172E0	5.3834E0	3.4130E6	
1990	-7.9529E-1	1.2172E0	5.3834E0	3.4130E6	
1991	-7.9529E-1	1.2172E0	5.3834E0	3.4130E6	
1992	-7.9529E-1	1.2172E0	5.3834E0	3.4130E6	
1993	-7.9529E-1	1.2172E0	5.3834E0	3.4130E6	
1994	-7.9529E-1	1.2172E0	5.3834E0	3.4130E6	
1995	-7.9529E-1	1.2172E0	5.3834E0	3.4130E6	
1996	-7.9529E-1	1.2172E0	5.3834E0	3.4130E6	
1997	-7.9529E-1	1.2172E0	5.3834E0	3.4130E6	
1998	-7.9529E-1	1.2172E0	5.3834E0	3.4130E6	
1999	-7.9529E-1	1.2172E0	5.3834E0	3.4130E6	
2000	-7.9529E-1	1.2172E0	5.3834E0	3.4130E6	
2001	-7.9529E-1	1.2172E0	5.3834E0	3.4130E6	
2002	-7.9529E-1	1.2172E0	5.3834E0	3.4130E6	
2003	-7.9529E-1	1.2172E0	5.3834E0	3.4130E6	
2004	-7.9529E-1	1.2172E0	5.3834E0	3.4130E6	
2005	-7.9529E-1	1.2172E0	5.3834E0	3.4130E6	
2006	-7.9529E-1	1.2172E0	5.3834E0	3.4130E6	
2007	-7.9529E-1	1.2172E0	5.3834E0	3.4130E6	
2008	-7.9529E-1	1.2172E0	5.3834E0	3.4130E6	
2009	-7.9529E-1	1.2172E0	5.3834E0	3.4130E6	
2010	-7.9529E-1	1.2172E0	5.3834E0	3.4130E6	
2011	-7.9529E-1	1.2172E0	5.3834E0	3.4130E6	
2012	-7.9529E-1	1.2172E0	5.3834E0	3.4130E6	
2013	-7.9529E-1	1.2172E0	5.3834E0	3.4130E6	
2014	-7.9529E-1	1.2172E0	5.3834E0	3.4130E6	
2015	-7.9529E-1	1.2172E0	5.3834E0	3.4130E6	
2016	-7.9529E-1	1.2172E0	5.3834E0	3.4130E6	
2017	-7.9529E-1	1.2172E0	5.3834E0	3.4130E6	
2018	-7.9529E-1	1.2172E0	5.3834E0	3.4130E6	
2019	-7.9529E-1	1.2172E0	5.3834E0	3.4130E6	
2020	-7.9529E-1	1.2172E0	5.3834E0	3.4130E6	
2021	-7.9529E-1	1.2172E0	5.3834E0	3.4130E6	
2022	-7.9529E-1	1.2172E0	5.3834E0	3.4130E6	
2023	-7.9529E-1	1.2172E0	5.3834E0	3.4130E6	
2024	-7.9529E-1	1.2172E0	5.3834E0	3.4130E6	
2025	-7.9529E-1	1.2172E0	5.3834E0	3.4130E6	
2026	-7.9529E-1	1.2172E0	5.3834E0	3.4130E6	
2027	-7.9529E-1	1.2172E0	5.3834E0	3.4130E6	
2028	-7.9529E-1	1.2172E0	5.3834E0	3.4130E6	
2029	-7.9529E-1	1.2172E0	5.3834E0	3.4130E6	
2030	-7.9529E-1	1.2172E0	5.3834E0	3.4130E6	
2031	-7.9529E-1	1.2172E0	5.3834E0	3.4130E6	
2032	-7.9529E-1	1.2172E0	5.3834E0	3.4130E6	
2033	-7.9529E-1	1.2172E0	5.3834E0	3.4130E6	
2034	-7.9529E-1	1.2172E0	5.3834E0	3.4130E6	
2035	-7.9529E-1	1.2172E0	5.3834E0	3.4130E6	
2036	-7.9529E-1	1.2172E0	5.3834E0	3.4130E6	
2037	-7.9529E-1	1.2172E0	5.3834E0	3.4130E6	
2038	-7.9529E-1	1.2172E0	5.3834E0	3.4130E6	
2039	-7.9529E-1	1.2172E0	5.3834E0	3.4130E6	
2040	-7.9529E-1	1.2172E0	5.3834E0	3.4130E6	
2041	-7.9529E-1	1.2172E0	5.3834E0	3.4130E6	
2042	-7.9529E-1	1.2172E0	5.3834E0	3.4130E6	
2043	-7.9529E-1	1.2172E0	5.3834E0	3.4130E6	
2044	-7.9529E-1	1.2172E0	5.3834E0	3.4130E6	
2045	-7.9529E-1	1.2172E0	5.3834E0	3.4130E6	
2046	-7.9529E-1	1.2172E0	5.3834E0	3.4130E6	
2047	-7.9529E-1	1.2172E0	5.3834E0	3.4130E6	
2048	-7.9529E-1	1.2172E0	5.3834E0	3.4130E6	
