point 094
Index	Vertical (A-B)	Force	Z Height	Time Stamp	
     	V	nN	?m	?sec	
1	-8.0566E-1	-2.2640E-1	5.3977E0	1.2000E2	
2	-8.0513E-1	5.6618E-1	5.3963E0	2.3400E3	
3	-8.0612E-1	-9.0575E-1	5.3936E0	4.5600E3	
4	-8.0513E-1	5.6618E-1	5.3905E0	6.7800E3	
5	-8.0307E-1	3.6233E0	5.3870E0	9.0000E3	
6	-8.0383E-1	2.4910E0	5.3835E0	1.1220E4	
7	-8.0498E-1	7.9264E-1	5.3797E0	1.3440E4	
8	-8.0460E-1	1.3588E0	5.3758E0	1.5660E4	
9	-8.0208E-1	5.0952E0	5.3717E0	1.7880E4	
10	-8.0414E-1	2.0381E0	5.3676E0	2.0100E4	
11	-8.0376E-1	2.6042E0	5.3635E0	2.2320E4	
12	-8.0162E-1	5.7746E0	5.3591E0	2.4540E4	
13	-8.0444E-1	1.5852E0	5.3548E0	2.6760E4	
14	-8.0429E-1	1.8117E0	5.3504E0	2.8980E4	
15	-8.0315E-1	3.5101E0	5.3461E0	3.1200E4	
16	-8.0223E-1	4.8688E0	5.3416E0	3.3420E4	
17	-8.0170E-1	5.6613E0	5.3371E0	3.5640E4	
18	-8.0215E-1	4.9820E0	5.3325E0	3.7860E4	
19	-8.0482E-1	1.0191E0	5.3279E0	4.0080E4	
20	-8.0444E-1	1.5852E0	5.3233E0	4.2300E4	
21	-8.0299E-1	3.7365E0	5.3188E0	4.4520E4	
22	-8.0315E-1	3.5101E0	5.3141E0	4.6740E4	
23	-8.0353E-1	2.9439E0	5.3094E0	4.8960E4	
24	-8.0185E-1	5.4349E0	5.3046E0	5.1180E4	
25	-8.0414E-1	2.0381E0	5.3001E0	5.3400E4	
26	-8.0376E-1	2.6042E0	5.2953E0	5.5620E4	
27	-8.0154E-1	5.8878E0	5.2906E0	5.7840E4	
28	-8.0170E-1	5.6613E0	5.2858E0	6.0060E4	
29	-8.0193E-1	5.3217E0	5.2810E0	6.2280E4	
30	-8.0055E-1	7.3597E0	5.2762E0	6.4500E4	
31	-8.0185E-1	5.4349E0	5.2714E0	6.6720E4	
32	-8.0139E-1	6.1142E0	5.2666E0	6.8940E4	
33	-8.0147E-1	6.0010E0	5.2618E0	7.1160E4	
34	-8.0009E-1	8.0391E0	5.2570E0	7.3380E4	
35	-8.0009E-1	8.0391E0	5.2521E0	7.5600E4	
36	-8.0025E-1	7.8126E0	5.2472E0	7.7820E4	
37	-7.9979E-1	8.4920E0	5.2423E0	8.0040E4	
38	-8.0048E-1	7.4730E0	5.2375E0	8.2260E4	
39	-8.0254E-1	4.4159E0	5.2326E0	8.4480E4	
40	-7.9834E-1	1.0643E1	5.2277E0	8.6700E4	
41	-7.9994E-1	8.2655E0	5.2229E0	8.8920E4	
42	-7.9903E-1	9.6242E0	5.2178E0	9.1140E4	
43	-7.9903E-1	9.6242E0	5.2129E0	9.3360E4	
44	-7.9933E-1	9.1713E0	5.2081E0	9.5580E4	
45	-8.0009E-1	8.0391E0	5.2030E0	9.7800E4	
46	-7.9987E-1	8.3788E0	5.1981E0	1.0002E5	
47	-7.9948E-1	8.9449E0	5.1931E0	1.0224E5	
48	-7.9674E-1	1.3021E1	5.1881E0	1.0446E5	
49	-7.9765E-1	1.1662E1	5.1831E0	1.0668E5	
50	-8.0055E-1	7.3597E0	5.1781E0	1.0890E5	
51	-7.9796E-1	1.1209E1	5.1731E0	1.1112E5	
52	-7.9765E-1	1.1662E1	5.1680E0	1.1334E5	
53	-7.9605E-1	1.4040E1	5.1631E0	1.1556E5	
54	-7.9979E-1	8.4920E0	5.1581E0	1.1778E5	
55	-7.9674E-1	1.3021E1	5.1530E0	1.2000E5	
56	-7.9842E-1	1.0530E1	5.1479E0	1.2222E5	
57	-7.9834E-1	1.0643E1	5.1430E0	1.2444E5	
58	-7.9758E-1	1.1776E1	5.1378E0	1.2666E5	
59	-7.9674E-1	1.3021E1	5.1329E0	1.2888E5	
60	-7.9590E-1	1.4266E1	5.1277E0	1.3110E5	
61	-7.9964E-1	8.7184E0	5.1226E0	1.3332E5	
62	-7.9506E-1	1.5512E1	5.1175E0	1.3554E5	
63	-7.9491E-1	1.5738E1	5.1125E0	1.3776E5	
64	-7.9697E-1	1.2681E1	5.1074E0	1.3998E5	
65	-7.9674E-1	1.3021E1	5.1023E0	1.4220E5	
66	-7.9506E-1	1.5512E1	5.0971E0	1.4442E5	
67	-7.9308E-1	1.8456E1	5.0921E0	1.4664E5	
68	-7.9399E-1	1.7097E1	5.0869E0	1.4886E5	
69	-7.9254E-1	1.9248E1	5.0818E0	1.5108E5	
70	-7.9445E-1	1.6418E1	5.0767E0	1.5330E5	
71	-7.9544E-1	1.4946E1	5.0715E0	1.5552E5	
72	-7.9529E-1	1.5172E1	5.0663E0	1.5774E5	
73	-7.9391E-1	1.7210E1	5.0611E0	1.5996E5	
74	-7.9346E-1	1.7890E1	5.0560E0	1.6218E5	
75	-7.9521E-1	1.5286E1	5.0508E0	1.6440E5	
76	-7.9376E-1	1.7437E1	5.0456E0	1.6662E5	
77	-7.9391E-1	1.7210E1	5.0405E0	1.6884E5	
78	-7.9491E-1	1.5738E1	5.0352E0	1.7106E5	
79	-7.9285E-1	1.8796E1	5.0300E0	1.7328E5	
80	-7.9224E-1	1.9701E1	5.0249E0	1.7550E5	
81	-7.9353E-1	1.7776E1	5.0196E0	1.7772E5	
82	-7.9155E-1	2.0720E1	5.0144E0	1.7994E5	
83	-7.9399E-1	1.7097E1	5.0092E0	1.8216E5	
84	-7.9117E-1	2.1286E1	5.0040E0	1.8438E5	
85	-7.9475E-1	1.5965E1	4.9987E0	1.8660E5	
86	-7.9330E-1	1.8116E1	4.9935E0	1.8882E5	
87	-7.9117E-1	2.1286E1	4.9881E0	1.9104E5	
88	-7.9063E-1	2.2079E1	4.9829E0	1.9326E5	
89	-7.8941E-1	2.3891E1	4.9777E0	1.9548E5	
90	-7.9117E-1	2.1286E1	4.9724E0	1.9770E5	
91	-7.8995E-1	2.3098E1	4.9671E0	1.9992E5	
92	-7.9178E-1	2.0381E1	4.9619E0	2.0214E5	
93	-7.8987E-1	2.3211E1	4.9566E0	2.0436E5	
94	-7.9201E-1	2.0041E1	4.9514E0	2.0658E5	
95	-7.9163E-1	2.0607E1	4.9460E0	2.0880E5	
96	-7.9025E-1	2.2645E1	4.9407E0	2.1102E5	
97	-7.9063E-1	2.2079E1	4.9354E0	2.1324E5	
98	-7.9155E-1	2.0720E1	4.9301E0	2.1546E5	
99	-7.9216E-1	1.9815E1	4.9248E0	2.1768E5	
100	-7.8941E-1	2.3891E1	4.9194E0	2.1990E5	
101	-7.9071E-1	2.1966E1	4.9141E0	2.2212E5	
102	-7.9231E-1	1.9588E1	4.9088E0	2.2434E5	
103	-7.8972E-1	2.3438E1	4.9034E0	2.2656E5	
104	-7.8812E-1	2.5816E1	4.8981E0	2.2878E5	
105	-7.8964E-1	2.3551E1	4.8927E0	2.3100E5	
106	-7.8682E-1	2.7740E1	4.8874E0	2.3322E5	
107	-7.8766E-1	2.6495E1	4.8821E0	2.3544E5	
108	-7.8964E-1	2.3551E1	4.8766E0	2.3766E5	
109	-7.8751E-1	2.6721E1	4.8713E0	2.3988E5	
110	-7.8949E-1	2.3777E1	4.8659E0	2.4210E5	
111	-7.8796E-1	2.6042E1	4.8605E0	2.4432E5	
112	-7.9071E-1	2.1966E1	4.8551E0	2.4654E5	
113	-7.8804E-1	2.5929E1	4.8498E0	2.4876E5	
114	-7.8957E-1	2.3664E1	4.8443E0	2.5098E5	
115	-7.8865E-1	2.5023E1	4.8389E0	2.5320E5	
116	-7.8789E-1	2.6155E1	4.8335E0	2.5542E5	
117	-7.8941E-1	2.3891E1	4.8282E0	2.5764E5	
118	-7.8926E-1	2.4117E1	4.8226E0	2.5986E5	
119	-7.8522E-1	3.0118E1	4.8171E0	2.6208E5	
120	-7.8857E-1	2.5136E1	4.8117E0	2.6430E5	
121	-7.8674E-1	2.7854E1	4.8063E0	2.6652E5	
122	-7.8651E-1	2.8193E1	4.8008E0	2.6874E5	
123	-7.8537E-1	2.9892E1	4.7954E0	2.7096E5	
124	-7.8827E-1	2.5589E1	4.7900E0	2.7318E5	
125	-7.8484E-1	3.0684E1	4.7844E0	2.7540E5	
126	-7.8484E-1	3.0684E1	4.7791E0	2.7762E5	
127	-7.8560E-1	2.9552E1	4.7735E0	2.7984E5	
128	-7.8491E-1	3.0571E1	4.7680E0	2.8206E5	
129	-7.8575E-1	2.9326E1	4.7625E0	2.8428E5	
130	-7.8186E-1	3.5100E1	4.7571E0	2.8650E5	
131	-7.8362E-1	3.2496E1	4.7516E0	2.8872E5	
132	-7.8575E-1	2.9326E1	4.7461E0	2.9094E5	
133	-7.8316E-1	3.3175E1	4.7406E0	2.9316E5	
134	-7.8331E-1	3.2949E1	4.7350E0	2.9538E5	
135	-7.8636E-1	2.8420E1	4.7295E0	2.9760E5	
136	-7.8331E-1	3.2949E1	4.7241E0	2.9982E5	
137	-7.8613E-1	2.8759E1	4.7185E0	3.0204E5	
138	-7.8476E-1	3.0797E1	4.7130E0	3.0426E5	
139	-7.8354E-1	3.2609E1	4.7074E0	3.0648E5	
140	-7.8201E-1	3.4874E1	4.7018E0	3.0870E5	
141	-7.8339E-1	3.2836E1	4.6963E0	3.1092E5	
142	-7.8369E-1	3.2383E1	4.6908E0	3.1314E5	
143	-7.8278E-1	3.3741E1	4.6851E0	3.1536E5	
144	-7.8148E-1	3.5666E1	4.6796E0	3.1758E5	
145	-7.7965E-1	3.8384E1	4.6741E0	3.1980E5	
146	-7.8056E-1	3.7025E1	4.6684E0	3.2202E5	
147	-7.8186E-1	3.5100E1	4.6629E0	3.2424E5	
148	-7.7888E-1	3.9516E1	4.6573E0	3.2646E5	
149	-7.7995E-1	3.7931E1	4.6517E0	3.2868E5	
150	-7.7988E-1	3.8044E1	4.6461E0	3.3090E5	
151	-7.8224E-1	3.4534E1	4.6405E0	3.3312E5	
152	-7.8033E-1	3.7365E1	4.6349E0	3.3534E5	
153	-7.8117E-1	3.6119E1	4.6293E0	3.3756E5	
154	-7.8011E-1	3.7704E1	4.6237E0	3.3978E5	
155	-7.8186E-1	3.5100E1	4.6181E0	3.4200E5	
156	-7.8056E-1	3.7025E1	4.6124E0	3.4422E5	
157	-7.7835E-1	4.0308E1	4.6067E0	3.4644E5	
158	-7.8140E-1	3.5779E1	4.6011E0	3.4866E5	
159	-7.8033E-1	3.7365E1	4.5955E0	3.5088E5	
160	-7.8262E-1	3.3968E1	4.5899E0	3.5310E5	
161	-7.7728E-1	4.1894E1	4.5842E0	3.5532E5	
162	-7.8072E-1	3.6798E1	4.5785E0	3.5754E5	
163	-7.7843E-1	4.0195E1	4.5729E0	3.5976E5	
164	-7.7736E-1	4.1780E1	4.5672E0	3.6198E5	
165	-7.7553E-1	4.4498E1	4.5614E0	3.6420E5	
166	-7.7812E-1	4.0648E1	4.5557E0	3.6642E5	
167	-7.7843E-1	4.0195E1	4.5501E0	3.6864E5	
168	-7.7766E-1	4.1327E1	4.5444E0	3.7086E5	
169	-7.7911E-1	3.9176E1	4.5387E0	3.7308E5	
170	-7.8041E-1	3.7251E1	4.5329E0	3.7530E5	
171	-7.7644E-1	4.3139E1	4.5273E0	3.7752E5	
172	-7.7797E-1	4.0875E1	4.5216E0	3.7974E5	
173	-7.7644E-1	4.3139E1	4.5159E0	3.8196E5	
174	-7.7682E-1	4.2573E1	4.5102E0	3.8418E5	
175	-7.7538E-1	4.4724E1	4.5044E0	3.8640E5	
176	-7.7499E-1	4.5290E1	4.4987E0	3.8862E5	
177	-7.7583E-1	4.4045E1	4.4930E0	3.9084E5	
178	-7.7606E-1	4.3705E1	4.4871E0	3.9306E5	
179	-7.7469E-1	4.5743E1	4.4814E0	3.9528E5	
180	-7.7576E-1	4.4158E1	4.4757E0	3.9750E5	
181	-7.7660E-1	4.2913E1	4.4699E0	3.9972E5	
182	-7.7599E-1	4.3818E1	4.4642E0	4.0194E5	
183	-7.7553E-1	4.4498E1	4.4584E0	4.0416E5	
184	-7.7698E-1	4.2346E1	4.4526E0	4.0638E5	
185	-7.7545E-1	4.4611E1	4.4468E0	4.0860E5	
186	-7.7415E-1	4.6536E1	4.4411E0	4.1082E5	
187	-7.7377E-1	4.7102E1	4.4352E0	4.1304E5	
188	-7.7461E-1	4.5856E1	4.4295E0	4.1526E5	
189	-7.7309E-1	4.8121E1	4.4237E0	4.1748E5	
190	-7.7423E-1	4.6423E1	4.4179E0	4.1970E5	
191	-7.7293E-1	4.8347E1	4.4121E0	4.2192E5	
192	-7.7515E-1	4.5064E1	4.4063E0	4.2414E5	
193	-7.7339E-1	4.7668E1	4.4005E0	4.2636E5	
194	-7.7217E-1	4.9480E1	4.3946E0	4.2858E5	
195	-7.7362E-1	4.7328E1	4.3889E0	4.3080E5	
196	-7.7278E-1	4.8574E1	4.3829E0	4.3302E5	
197	-7.7538E-1	4.4724E1	4.3771E0	4.3524E5	
198	-7.7148E-1	5.0499E1	4.3713E0	4.3746E5	
199	-7.7240E-1	4.9140E1	4.3655E0	4.3968E5	
200	-7.7309E-1	4.8121E1	4.3597E0	4.4190E5	
201	-7.7255E-1	4.8914E1	4.3538E0	4.4412E5	
202	-7.7293E-1	4.8347E1	4.3480E0	4.4634E5	
203	-7.7126E-1	5.0838E1	4.3421E0	4.4856E5	
204	-7.7362E-1	4.7328E1	4.3363E0	4.5078E5	
205	-7.7232E-1	4.9253E1	4.3303E0	4.5300E5	
206	-7.7217E-1	4.9480E1	4.3245E0	4.5522E5	
207	-7.7156E-1	5.0386E1	4.3186E0	4.5744E5	
208	-7.6965E-1	5.3216E1	4.3127E0	4.5966E5	
209	-7.6637E-1	5.8085E1	4.3068E0	4.6188E5	
210	-7.7026E-1	5.2310E1	4.3009E0	4.6410E5	
211	-7.6973E-1	5.3103E1	4.2951E0	4.6632E5	
212	-7.6805E-1	5.5594E1	4.2892E0	4.6854E5	
213	-7.6866E-1	5.4688E1	4.2832E0	4.7076E5	
214	-7.6691E-1	5.7292E1	4.2773E0	4.7298E5	
215	-7.6942E-1	5.3556E1	4.2714E0	4.7520E5	
216	-7.7057E-1	5.1857E1	4.2655E0	4.7742E5	
217	-7.6965E-1	5.3216E1	4.2595E0	4.7964E5	
218	-7.6836E-1	5.5141E1	4.2536E0	4.8186E5	
219	-7.6813E-1	5.5481E1	4.2477E0	4.8408E5	
220	-7.6782E-1	5.5934E1	4.2418E0	4.8630E5	
221	-7.6698E-1	5.7179E1	4.2360E0	4.8852E5	
222	-7.6813E-1	5.5481E1	4.2299E0	4.9074E5	
223	-7.6782E-1	5.5934E1	4.2240E0	4.9296E5	
224	-7.6797E-1	5.5707E1	4.2180E0	4.9518E5	
225	-7.6866E-1	5.4688E1	4.2120E0	4.9740E5	
226	-7.7042E-1	5.2084E1	4.2061E0	4.9962E5	
227	-7.6904E-1	5.4122E1	4.2001E0	5.0184E5	
228	-7.6843E-1	5.5028E1	4.1941E0	5.0406E5	
229	-7.6904E-1	5.4122E1	4.1882E0	5.0628E5	
230	-7.6668E-1	5.7632E1	4.1822E0	5.0850E5	
231	-7.6546E-1	5.9444E1	4.1763E0	5.1072E5	
232	-7.6584E-1	5.8877E1	4.1703E0	5.1294E5	
233	-7.6538E-1	5.9557E1	4.1642E0	5.1516E5	
234	-7.6607E-1	5.8538E1	4.1584E0	5.1738E5	
235	-7.6622E-1	5.8311E1	4.1523E0	5.1960E5	
236	-7.6797E-1	5.5707E1	4.1464E0	5.2182E5	
237	-7.6591E-1	5.8764E1	4.1403E0	5.2404E5	
238	-7.6546E-1	5.9444E1	4.1343E0	5.2626E5	
239	-7.6653E-1	5.7858E1	4.1283E0	5.2848E5	
240	-7.6500E-1	6.0123E1	4.1223E0	5.3070E5	
241	-7.6431E-1	6.1142E1	4.1163E0	5.3292E5	
242	-7.6477E-1	6.0463E1	4.1102E0	5.3514E5	
243	-7.6508E-1	6.0010E1	4.1041E0	5.3736E5	
244	-7.6271E-1	6.3520E1	4.0981E0	5.3958E5	
245	-7.6370E-1	6.2048E1	4.0920E0	5.4180E5	
246	-7.6401E-1	6.1595E1	4.0861E0	5.4402E5	
247	-7.6279E-1	6.3406E1	4.0801E0	5.4624E5	
248	-7.6515E-1	5.9896E1	4.0741E0	5.4846E5	
249	-7.6180E-1	6.4878E1	4.0679E0	5.5068E5	
250	-7.6271E-1	6.3520E1	4.0619E0	5.5290E5	
251	-7.6149E-1	6.5331E1	4.0559E0	5.5512E5	
252	-7.6233E-1	6.4086E1	4.0498E0	5.5734E5	
253	-7.6271E-1	6.3520E1	4.0436E0	5.5956E5	
254	-7.6324E-1	6.2727E1	4.0377E0	5.6178E5	
255	-7.6149E-1	6.5331E1	4.0316E0	5.6400E5	
256	-7.6065E-1	6.6577E1	4.0254E0	5.6622E5	
257	-7.6073E-1	6.6464E1	4.0194E0	5.6844E5	
258	-7.6073E-1	6.6464E1	4.0134E0	5.7066E5	
259	-7.6134E-1	6.5558E1	4.0072E0	5.7288E5	
260	-7.6164E-1	6.5105E1	4.0012E0	5.7510E5	
261	-7.5859E-1	6.9634E1	3.9950E0	5.7732E5	
262	-7.6118E-1	6.5784E1	3.9889E0	5.7954E5	
263	-7.6073E-1	6.6464E1	3.9828E0	5.8176E5	
264	-7.6118E-1	6.5784E1	3.9768E0	5.8398E5	
265	-7.5981E-1	6.7822E1	3.9705E0	5.8620E5	
266	-7.5905E-1	6.8955E1	3.9645E0	5.8842E5	
267	-7.6027E-1	6.7143E1	3.9584E0	5.9064E5	
268	-7.6012E-1	6.7369E1	3.9522E0	5.9286E5	
269	-7.6065E-1	6.6577E1	3.9461E0	5.9508E5	
270	-7.5943E-1	6.8388E1	3.9400E0	5.9730E5	
271	-7.5821E-1	7.0200E1	3.9339E0	5.9952E5	
272	-7.5653E-1	7.2691E1	3.9277E0	6.0174E5	
273	-7.5851E-1	6.9747E1	3.9216E0	6.0396E5	
274	-7.5798E-1	7.0540E1	3.9153E0	6.0618E5	
275	-7.5928E-1	6.8615E1	3.9093E0	6.0840E5	
276	-7.5752E-1	7.1219E1	3.9031E0	6.1062E5	
277	-7.5714E-1	7.1785E1	3.8970E0	6.1284E5	
278	-7.5539E-1	7.4389E1	3.8908E0	6.1506E5	
279	-7.5806E-1	7.0426E1	3.8846E0	6.1728E5	
280	-7.5768E-1	7.0993E1	3.8784E0	6.1950E5	
281	-7.5760E-1	7.1106E1	3.8723E0	6.2172E5	
282	-7.5905E-1	6.8955E1	3.8662E0	6.2394E5	
283	-7.5729E-1	7.1559E1	3.8598E0	6.2616E5	
284	-7.5645E-1	7.2804E1	3.8537E0	6.2838E5	
285	-7.5768E-1	7.0993E1	3.8475E0	6.3060E5	
286	-7.5516E-1	7.4729E1	3.8414E0	6.3282E5	
287	-7.5851E-1	6.9747E1	3.8351E0	6.3504E5	
288	-7.5638E-1	7.2917E1	3.8289E0	6.3726E5	
289	-7.5584E-1	7.3710E1	3.8227E0	6.3948E5	
290	-7.5386E-1	7.6654E1	3.8165E0	6.4170E5	
291	-7.5294E-1	7.8013E1	3.8102E0	6.4392E5	
292	-7.5409E-1	7.6314E1	3.8040E0	6.4614E5	
293	-7.5256E-1	7.8579E1	3.7979E0	6.4836E5	
294	-7.5325E-1	7.7560E1	3.7916E0	6.5058E5	
295	-7.5478E-1	7.5295E1	3.7854E0	6.5280E5	
296	-7.5417E-1	7.6201E1	3.7791E0	6.5502E5	
297	-7.5027E-1	8.1975E1	3.7729E0	6.5724E5	
298	-7.5378E-1	7.6767E1	3.7667E0	6.5946E5	
299	-7.5363E-1	7.6994E1	3.7605E0	6.6168E5	
300	-7.5623E-1	7.3144E1	3.7541E0	6.6390E5	
301	-7.5272E-1	7.8352E1	3.7479E0	6.6612E5	
302	-7.5424E-1	7.6088E1	3.7417E0	6.6834E5	
303	-7.5096E-1	8.0956E1	3.7355E0	6.7056E5	
304	-7.4966E-1	8.2881E1	3.7291E0	6.7278E5	
305	-7.5180E-1	7.9711E1	3.7228E0	6.7500E5	
306	-7.5066E-1	8.1409E1	3.7166E0	6.7722E5	
307	-7.5218E-1	7.9145E1	3.7103E0	6.7944E5	
308	-7.5165E-1	7.9937E1	3.7041E0	6.8166E5	
309	-7.4951E-1	8.3108E1	3.6978E0	6.8388E5	
310	-7.5127E-1	8.0504E1	3.6916E0	6.8610E5	
311	-7.5256E-1	7.8579E1	3.6852E0	6.8832E5	
312	-7.5226E-1	7.9032E1	3.6790E0	6.9054E5	
313	-7.4951E-1	8.3108E1	3.6727E0	6.9276E5	
314	-7.5157E-1	8.0051E1	3.6664E0	6.9498E5	
315	-7.4898E-1	8.3900E1	3.6600E0	6.9720E5	
316	-7.4821E-1	8.5033E1	3.6538E0	6.9942E5	
317	-7.4966E-1	8.2881E1	3.6475E0	7.0164E5	
318	-7.4944E-1	8.3221E1	3.6412E0	7.0386E5	
319	-7.4913E-1	8.3674E1	3.6349E0	7.0608E5	
320	-7.4783E-1	8.5599E1	3.6285E0	7.0830E5	
321	-7.4677E-1	8.7184E1	3.6222E0	7.1052E5	
322	-7.5073E-1	8.1296E1	3.6158E0	7.1274E5	
323	-7.4875E-1	8.4240E1	3.6095E0	7.1496E5	
324	-7.4928E-1	8.3447E1	3.6032E0	7.1718E5	
325	-7.4860E-1	8.4466E1	3.5968E0	7.1940E5	
326	-7.4692E-1	8.6957E1	3.5905E0	7.2162E5	
327	-7.4837E-1	8.4806E1	3.5842E0	7.2384E5	
328	-7.4783E-1	8.5599E1	3.5779E0	7.2606E5	
329	-7.4837E-1	8.4806E1	3.5714E0	7.2828E5	
330	-7.4837E-1	8.4806E1	3.5652E0	7.3050E5	
331	-7.4600E-1	8.8316E1	3.5587E0	7.3272E5	
332	-7.4638E-1	8.7750E1	3.5524E0	7.3494E5	
333	-7.4509E-1	8.9675E1	3.5460E0	7.3716E5	
334	-7.4745E-1	8.6165E1	3.5397E0	7.3938E5	
335	-7.4577E-1	8.8656E1	3.5334E0	7.4160E5	
336	-7.4921E-1	8.3561E1	3.5269E0	7.4382E5	
337	-7.4501E-1	8.9788E1	3.5206E0	7.4604E5	
338	-7.4448E-1	9.0581E1	3.5142E0	7.4826E5	
339	-7.4631E-1	8.7863E1	3.5078E0	7.5048E5	
340	-7.4646E-1	8.7637E1	3.5014E0	7.5270E5	
341	-7.4669E-1	8.7297E1	3.4950E0	7.5492E5	
342	-7.4532E-1	8.9335E1	3.4887E0	7.5714E5	
343	-7.4303E-1	9.2732E1	3.4822E0	7.5936E5	
344	-7.4402E-1	9.1260E1	3.4758E0	7.6158E5	
345	-7.4379E-1	9.1600E1	3.4694E0	7.6380E5	
346	-7.4577E-1	8.8656E1	3.4629E0	7.6602E5	
347	-7.4448E-1	9.0581E1	3.4566E0	7.6824E5	
348	-7.4356E-1	9.1939E1	3.4501E0	7.7046E5	
349	-7.4196E-1	9.4317E1	3.4438E0	7.7268E5	
350	-7.4371E-1	9.1713E1	3.4374E0	7.7490E5	
351	-7.4280E-1	9.3072E1	3.4309E0	7.7712E5	
352	-7.4341E-1	9.2166E1	3.4245E0	7.7934E5	
353	-7.4112E-1	9.5563E1	3.4180E0	7.8156E5	
354	-7.4425E-1	9.0920E1	3.4116E0	7.8378E5	
355	-7.4196E-1	9.4317E1	3.4052E0	7.8600E5	
356	-7.4165E-1	9.4770E1	3.3988E0	7.8822E5	
357	-7.4142E-1	9.5110E1	3.3923E0	7.9044E5	
358	-7.4265E-1	9.3298E1	3.3859E0	7.9266E5	
359	-7.4112E-1	9.5563E1	3.3794E0	7.9488E5	
360	-7.4150E-1	9.4996E1	3.3729E0	7.9710E5	
361	-7.4150E-1	9.4996E1	3.3665E0	7.9932E5	
362	-7.3975E-1	9.7601E1	3.3600E0	8.0154E5	
363	-7.4081E-1	9.6015E1	3.3536E0	8.0376E5	
364	-7.4249E-1	9.3525E1	3.3470E0	8.0598E5	
365	-7.4074E-1	9.6129E1	3.3406E0	8.0820E5	
366	-7.3837E-1	9.9639E1	3.3342E0	8.1042E5	
367	-7.4097E-1	9.5789E1	3.3277E0	8.1264E5	
368	-7.3967E-1	9.7714E1	3.3212E0	8.1486E5	
369	-7.3898E-1	9.8733E1	3.3147E0	8.1708E5	
370	-7.4104E-1	9.5676E1	3.3082E0	8.1930E5	
371	-7.3746E-1	1.0100E2	3.3017E0	8.2152E5	
372	-7.3738E-1	1.0111E2	3.2952E0	8.2374E5	
373	-7.3769E-1	1.0066E2	3.2888E0	8.2596E5	
374	-7.3578E-1	1.0349E2	3.2822E0	8.2818E5	
375	-7.3830E-1	9.9752E1	3.2758E0	8.3040E5	
376	-7.3578E-1	1.0349E2	3.2692E0	8.3262E5	
377	-7.3631E-1	1.0270E2	3.2627E0	8.3484E5	
378	-7.3654E-1	1.0236E2	3.2562E0	8.3706E5	
379	-7.3685E-1	1.0190E2	3.2496E0	8.3928E5	
380	-7.3601E-1	1.0315E2	3.2431E0	8.4150E5	
381	-7.3624E-1	1.0281E2	3.2367E0	8.4372E5	
382	-7.3639E-1	1.0258E2	3.2300E0	8.4594E5	
383	-7.3654E-1	1.0236E2	3.2236E0	8.4816E5	
384	-7.3853E-1	9.9412E1	3.2170E0	8.5038E5	
385	-7.3341E-1	1.0700E2	3.2105E0	8.5260E5	
386	-7.3463E-1	1.0519E2	3.2039E0	8.5482E5	
387	-7.3402E-1	1.0609E2	3.1974E0	8.5704E5	
388	-7.3555E-1	1.0383E2	3.1909E0	8.5926E5	
389	-7.3547E-1	1.0394E2	3.1842E0	8.6148E5	
390	-7.3761E-1	1.0077E2	3.1777E0	8.6370E5	
391	-7.3486E-1	1.0485E2	3.1712E0	8.6592E5	
392	-7.3486E-1	1.0485E2	3.1647E0	8.6814E5	
393	-7.3486E-1	1.0485E2	3.1581E0	8.7036E5	
394	-7.3486E-1	1.0485E2	3.1515E0	8.7258E5	
395	-7.3349E-1	1.0689E2	3.1450E0	8.7480E5	
396	-7.3296E-1	1.0768E2	3.1384E0	8.7702E5	
397	-7.3288E-1	1.0779E2	3.1317E0	8.7924E5	
398	-7.3387E-1	1.0632E2	3.1252E0	8.8146E5	
399	-7.3326E-1	1.0722E2	3.1187E0	8.8368E5	
400	-7.3257E-1	1.0824E2	3.1121E0	8.8590E5	
401	-7.3486E-1	1.0485E2	3.1055E0	8.8812E5	
402	-7.3418E-1	1.0587E2	3.0990E0	8.9034E5	
403	-7.3135E-1	1.1006E2	3.0923E0	8.9256E5	
404	-7.3425E-1	1.0575E2	3.0856E0	8.9478E5	
405	-7.3189E-1	1.0926E2	3.0791E0	8.9700E5	
406	-7.3219E-1	1.0881E2	3.0725E0	8.9922E5	
407	-7.3174E-1	1.0949E2	3.0658E0	9.0144E5	
408	-7.3242E-1	1.0847E2	3.0593E0	9.0366E5	
409	-7.3326E-1	1.0722E2	3.0526E0	9.0588E5	
410	-7.2952E-1	1.1277E2	3.0461E0	9.0810E5	
411	-7.3181E-1	1.0938E2	3.0394E0	9.1032E5	
412	-7.3112E-1	1.1040E2	3.0329E0	9.1254E5	
413	-7.3158E-1	1.0972E2	3.0263E0	9.1476E5	
414	-7.3257E-1	1.0824E2	3.0196E0	9.1698E5	
415	-7.2693E-1	1.1662E2	3.0130E0	9.1920E5	
416	-7.2945E-1	1.1289E2	3.0064E0	9.2142E5	
417	-7.3128E-1	1.1017E2	2.9997E0	9.2364E5	
418	-7.2968E-1	1.1255E2	2.9931E0	9.2586E5	
419	-7.2899E-1	1.1357E2	2.9864E0	9.2808E5	
420	-7.2823E-1	1.1470E2	2.9799E0	9.3030E5	
421	-7.2784E-1	1.1526E2	2.9731E0	9.3252E5	
422	-7.2601E-1	1.1798E2	2.9665E0	9.3474E5	
423	-7.3036E-1	1.1153E2	2.9598E0	9.3696E5	
424	-7.2716E-1	1.1628E2	2.9532E0	9.3918E5	
425	-7.2906E-1	1.1345E2	2.9465E0	9.4140E5	
426	-7.2952E-1	1.1277E2	2.9399E0	9.4362E5	
427	-7.2632E-1	1.1753E2	2.9331E0	9.4584E5	
428	-7.2777E-1	1.1538E2	2.9266E0	9.4806E5	
429	-7.2517E-1	1.1923E2	2.9198E0	9.5028E5	
430	-7.2601E-1	1.1798E2	2.9132E0	9.5250E5	
431	-7.2876E-1	1.1391E2	2.9065E0	9.5472E5	
432	-7.2357E-1	1.2160E2	2.8999E0	9.5694E5	
433	-7.2769E-1	1.1549E2	2.8931E0	9.5916E5	
434	-7.2495E-1	1.1957E2	2.8865E0	9.6138E5	
435	-7.2380E-1	1.2126E2	2.8798E0	9.6360E5	
436	-7.2647E-1	1.1730E2	2.8731E0	9.6582E5	
437	-7.2418E-1	1.2070E2	2.8664E0	9.6804E5	
438	-7.2472E-1	1.1991E2	2.8596E0	9.7026E5	
439	-7.2350E-1	1.2172E2	2.8531E0	9.7248E5	
440	-7.2411E-1	1.2081E2	2.8464E0	9.7470E5	
441	-7.2220E-1	1.2364E2	2.8396E0	9.7692E5	
442	-7.2342E-1	1.2183E2	2.8329E0	9.7914E5	
443	-7.2426E-1	1.2059E2	2.8262E0	9.8136E5	
444	-7.2281E-1	1.2274E2	2.8195E0	9.8358E5	
445	-7.2472E-1	1.1991E2	2.8127E0	9.8580E5	
446	-7.2243E-1	1.2330E2	2.8060E0	9.8802E5	
447	-7.2159E-1	1.2455E2	2.7993E0	9.9024E5	
448	-7.2365E-1	1.2149E2	2.7926E0	9.9246E5	
449	-7.2006E-1	1.2681E2	2.7858E0	9.9468E5	
450	-7.2014E-1	1.2670E2	2.7791E0	9.9690E5	
451	-7.2083E-1	1.2568E2	2.7725E0	9.9912E5	
452	-7.2128E-1	1.2500E2	2.7657E0	1.0013E6	
453	-7.2472E-1	1.1991E2	2.7589E0	1.0036E6	
454	-7.2220E-1	1.2364E2	2.7522E0	1.0058E6	
455	-7.2533E-1	1.1900E2	2.7455E0	1.0080E6	
456	-7.2182E-1	1.2421E2	2.7387E0	1.0102E6	
457	-7.2220E-1	1.2364E2	2.7319E0	1.0124E6	
458	-7.2037E-1	1.2636E2	2.7252E0	1.0147E6	
459	-7.2014E-1	1.2670E2	2.7184E0	1.0169E6	
460	-7.1892E-1	1.2851E2	2.7117E0	1.0191E6	
461	-7.1953E-1	1.2761E2	2.7049E0	1.0213E6	
462	-7.2029E-1	1.2647E2	2.6981E0	1.0235E6	
463	-7.2105E-1	1.2534E2	2.6914E0	1.0258E6	
464	-7.2037E-1	1.2636E2	2.6846E0	1.0280E6	
465	-7.2029E-1	1.2647E2	2.6779E0	1.0302E6	
466	-7.2159E-1	1.2455E2	2.6711E0	1.0324E6	
467	-7.1838E-1	1.2930E2	2.6643E0	1.0346E6	
468	-7.1815E-1	1.2964E2	2.6575E0	1.0369E6	
469	-7.1854E-1	1.2908E2	2.6507E0	1.0391E6	
470	-7.1800E-1	1.2987E2	2.6440E0	1.0413E6	
471	-7.2136E-1	1.2489E2	2.6371E0	1.0435E6	
472	-7.1991E-1	1.2704E2	2.6304E0	1.0457E6	
473	-7.1884E-1	1.2862E2	2.6236E0	1.0480E6	
474	-7.1724E-1	1.3100E2	2.6168E0	1.0502E6	
475	-7.1701E-1	1.3134E2	2.6101E0	1.0524E6	
476	-7.1594E-1	1.3293E2	2.6032E0	1.0546E6	
477	-7.1877E-1	1.2874E2	2.5964E0	1.0568E6	
478	-7.1510E-1	1.3417E2	2.5896E0	1.0591E6	
479	-7.1831E-1	1.2942E2	2.5828E0	1.0613E6	
480	-7.1587E-1	1.3304E2	2.5759E0	1.0635E6	
481	-7.1449E-1	1.3508E2	2.5692E0	1.0657E6	
482	-7.1686E-1	1.3157E2	2.5624E0	1.0679E6	
483	-7.1548E-1	1.3361E2	2.5555E0	1.0702E6	
484	-7.1480E-1	1.3463E2	2.5487E0	1.0724E6	
485	-7.1503E-1	1.3429E2	2.5418E0	1.0746E6	
486	-7.1678E-1	1.3168E2	2.5351E0	1.0768E6	
487	-7.1663E-1	1.3191E2	2.5282E0	1.0790E6	
488	-7.1388E-1	1.3598E2	2.5214E0	1.0813E6	
489	-7.1602E-1	1.3281E2	2.5146E0	1.0835E6	
490	-7.1220E-1	1.3848E2	2.5078E0	1.0857E6	
491	-7.1426E-1	1.3542E2	2.5009E0	1.0879E6	
492	-7.1304E-1	1.3723E2	2.4941E0	1.0901E6	
493	-7.1320E-1	1.3700E2	2.4873E0	1.0924E6	
494	-7.1365E-1	1.3632E2	2.4804E0	1.0946E6	
495	-7.1434E-1	1.3530E2	2.4736E0	1.0968E6	
496	-7.1495E-1	1.3440E2	2.4668E0	1.0990E6	
497	-7.1373E-1	1.3621E2	2.4599E0	1.1012E6	
498	-7.1053E-1	1.4097E2	2.4530E0	1.1035E6	
499	-7.1098E-1	1.4029E2	2.4462E0	1.1057E6	
500	-7.1190E-1	1.3893E2	2.4394E0	1.1079E6	
501	-7.1152E-1	1.3949E2	2.4323E0	1.1101E6	
502	-7.1083E-1	1.4051E2	2.4256E0	1.1123E6	
503	-7.1022E-1	1.4142E2	2.4187E0	1.1146E6	
504	-7.1259E-1	1.3791E2	2.4119E0	1.1168E6	
505	-7.0923E-1	1.4289E2	2.4050E0	1.1190E6	
506	-7.1091E-1	1.4040E2	2.3980E0	1.1212E6	
507	-7.1136E-1	1.3972E2	2.3912E0	1.1234E6	
508	-7.0930E-1	1.4278E2	2.3844E0	1.1257E6	
509	-7.1014E-1	1.4153E2	2.3775E0	1.1279E6	
510	-7.1030E-1	1.4131E2	2.3705E0	1.1301E6	
511	-7.0915E-1	1.4300E2	2.3637E0	1.1323E6	
512	-7.0679E-1	1.4651E2	2.3568E0	1.1345E6	
513	-7.0824E-1	1.4436E2	2.3498E0	1.1368E6	
514	-7.0671E-1	1.4663E2	2.3429E0	1.1390E6	
515	-7.0778E-1	1.4504E2	2.3362E0	1.1412E6	
516	-7.0808E-1	1.4459E2	2.3292E0	1.1434E6	
517	-7.0938E-1	1.4266E2	2.3223E0	1.1456E6	
518	-7.0747E-1	1.4550E2	2.3154E0	1.1479E6	
519	-7.0953E-1	1.4244E2	2.3085E0	1.1501E6	
520	-7.0740E-1	1.4561E2	2.3017E0	1.1523E6	
521	-7.0915E-1	1.4300E2	2.2948E0	1.1545E6	
522	-7.0602E-1	1.4765E2	2.2877E0	1.1567E6	
523	-7.0580E-1	1.4799E2	2.2809E0	1.1590E6	
524	-7.0641E-1	1.4708E2	2.2740E0	1.1612E6	
525	-7.0671E-1	1.4663E2	2.2671E0	1.1634E6	
526	-7.0747E-1	1.4550E2	2.2601E0	1.1656E6	
527	-7.0679E-1	1.4651E2	2.2532E0	1.1678E6	
528	-7.0572E-1	1.4810E2	2.2463E0	1.1701E6	
529	-7.0419E-1	1.5036E2	2.2394E0	1.1723E6	
530	-7.0450E-1	1.4991E2	2.2324E0	1.1745E6	
531	-7.0541E-1	1.4855E2	2.2256E0	1.1767E6	
532	-7.0457E-1	1.4980E2	2.2186E0	1.1789E6	
533	-7.0221E-1	1.5331E2	2.2116E0	1.1812E6	
534	-7.0564E-1	1.4821E2	2.2047E0	1.1834E6	
535	-7.0480E-1	1.4946E2	2.1978E0	1.1856E6	
536	-7.0450E-1	1.4991E2	2.1909E0	1.1878E6	
537	-7.0496E-1	1.4923E2	2.1840E0	1.1900E6	
538	-7.0412E-1	1.5048E2	2.1769E0	1.1923E6	
539	-7.0312E-1	1.5195E2	2.1700E0	1.1945E6	
540	-7.0518E-1	1.4889E2	2.1631E0	1.1967E6	
541	-7.0297E-1	1.5218E2	2.1561E0	1.1989E6	
542	-7.0381E-1	1.5093E2	2.1490E0	1.2011E6	
543	-7.0351E-1	1.5138E2	2.1422E0	1.2034E6	
544	-7.0343E-1	1.5150E2	2.1352E0	1.2056E6	
545	-7.0320E-1	1.5184E2	2.1283E0	1.2078E6	
546	-7.0137E-1	1.5455E2	2.1214E0	1.2100E6	
547	-7.0076E-1	1.5546E2	2.1143E0	1.2122E6	
548	-7.0320E-1	1.5184E2	2.1073E0	1.2145E6	
549	-7.0244E-1	1.5297E2	2.1004E0	1.2167E6	
550	-7.0259E-1	1.5274E2	2.0934E0	1.2189E6	
551	-7.0114E-1	1.5489E2	2.0865E0	1.2211E6	
552	-7.0076E-1	1.5546E2	2.0795E0	1.2233E6	
553	-7.0114E-1	1.5489E2	2.0726E0	1.2256E6	
554	-7.0198E-1	1.5365E2	2.0656E0	1.2278E6	
555	-7.0221E-1	1.5331E2	2.0586E0	1.2300E6	
556	-6.9969E-1	1.5704E2	2.0517E0	1.2322E6	
557	-6.9847E-1	1.5886E2	2.0446E0	1.2344E6	
558	-7.0030E-1	1.5614E2	2.0377E0	1.2367E6	
559	-7.0053E-1	1.5580E2	2.0307E0	1.2389E6	
560	-6.9908E-1	1.5795E2	2.0237E0	1.2411E6	
561	-6.9977E-1	1.5693E2	2.0166E0	1.2433E6	
562	-6.9817E-1	1.5931E2	2.0097E0	1.2455E6	
563	-6.9870E-1	1.5852E2	2.0027E0	1.2478E6	
564	-6.9633E-1	1.6203E2	1.9957E0	1.2500E6	
565	-6.9710E-1	1.6089E2	1.9887E0	1.2522E6	
566	-6.9725E-1	1.6067E2	1.9817E0	1.2544E6	
567	-6.9603E-1	1.6248E2	1.9747E0	1.2566E6	
568	-6.9565E-1	1.6305E2	1.9677E0	1.2589E6	
569	-6.9710E-1	1.6089E2	1.9607E0	1.2611E6	
570	-6.9595E-1	1.6259E2	1.9536E0	1.2633E6	
571	-6.9511E-1	1.6384E2	1.9466E0	1.2655E6	
572	-6.9618E-1	1.6225E2	1.9396E0	1.2677E6	
573	-6.9412E-1	1.6531E2	1.9326E0	1.2700E6	
574	-6.9672E-1	1.6146E2	1.9255E0	1.2722E6	
575	-6.9618E-1	1.6225E2	1.9186E0	1.2744E6	
576	-6.9466E-1	1.6452E2	1.9116E0	1.2766E6	
577	-6.9435E-1	1.6497E2	1.9045E0	1.2788E6	
578	-6.9489E-1	1.6418E2	1.8975E0	1.2811E6	
579	-6.9313E-1	1.6678E2	1.8906E0	1.2833E6	
580	-6.9328E-1	1.6656E2	1.8834E0	1.2855E6	
581	-6.9565E-1	1.6305E2	1.8765E0	1.2877E6	
582	-6.9450E-1	1.6474E2	1.8694E0	1.2899E6	
583	-6.9542E-1	1.6338E2	1.8624E0	1.2922E6	
584	-6.9481E-1	1.6429E2	1.8553E0	1.2944E6	
585	-6.9534E-1	1.6350E2	1.8484E0	1.2966E6	
586	-6.9267E-1	1.6746E2	1.8414E0	1.2988E6	
587	-6.9191E-1	1.6859E2	1.8343E0	1.3010E6	
588	-6.9191E-1	1.6859E2	1.8272E0	1.3033E6	
589	-6.9473E-1	1.6440E2	1.8202E0	1.3055E6	
590	-6.9496E-1	1.6406E2	1.8131E0	1.3077E6	
591	-6.9191E-1	1.6859E2	1.8061E0	1.3099E6	
592	-6.9359E-1	1.6610E2	1.7990E0	1.3121E6	
593	-6.9321E-1	1.6667E2	1.7920E0	1.3144E6	
594	-6.9366E-1	1.6599E2	1.7849E0	1.3166E6	
595	-6.9321E-1	1.6667E2	1.7779E0	1.3188E6	
596	-6.9366E-1	1.6599E2	1.7709E0	1.3210E6	
597	-6.9420E-1	1.6520E2	1.7638E0	1.3232E6	
598	-6.9130E-1	1.6950E2	1.7568E0	1.3255E6	
599	-6.9252E-1	1.6769E2	1.7497E0	1.3277E6	
600	-6.9077E-1	1.7029E2	1.7426E0	1.3299E6	
601	-6.8985E-1	1.7165E2	1.7356E0	1.3321E6	
602	-6.9191E-1	1.6859E2	1.7284E0	1.3343E6	
603	-6.8947E-1	1.7222E2	1.7215E0	1.3366E6	
604	-6.9008E-1	1.7131E2	1.7144E0	1.3388E6	
605	-6.8962E-1	1.7199E2	1.7074E0	1.3410E6	
606	-6.9054E-1	1.7063E2	1.7003E0	1.3432E6	
607	-6.8810E-1	1.7425E2	1.6932E0	1.3454E6	
608	-6.8756E-1	1.7505E2	1.6861E0	1.3477E6	
609	-6.8871E-1	1.7335E2	1.6790E0	1.3499E6	
610	-6.8779E-1	1.7471E2	1.6719E0	1.3521E6	
611	-6.8939E-1	1.7233E2	1.6649E0	1.3543E6	
612	-6.8756E-1	1.7505E2	1.6578E0	1.3565E6	
613	-6.8970E-1	1.7188E2	1.6507E0	1.3588E6	
614	-6.8726E-1	1.7550E2	1.6437E0	1.3610E6	
615	-6.8573E-1	1.7776E2	1.6365E0	1.3632E6	
616	-6.8794E-1	1.7448E2	1.6295E0	1.3654E6	
617	-6.8619E-1	1.7709E2	1.6224E0	1.3676E6	
618	-6.8581E-1	1.7765E2	1.6154E0	1.3699E6	
619	-6.8466E-1	1.7935E2	1.6083E0	1.3721E6	
620	-6.8451E-1	1.7958E2	1.6012E0	1.3743E6	
621	-6.8619E-1	1.7709E2	1.5941E0	1.3765E6	
622	-6.8565E-1	1.7788E2	1.5871E0	1.3787E6	
623	-6.8466E-1	1.7935E2	1.5799E0	1.3810E6	
624	-6.8474E-1	1.7924E2	1.5728E0	1.3832E6	
625	-6.8436E-1	1.7980E2	1.5657E0	1.3854E6	
626	-6.8497E-1	1.7890E2	1.5587E0	1.3876E6	
627	-6.8459E-1	1.7946E2	1.5516E0	1.3898E6	
628	-6.8314E-1	1.8161E2	1.5444E0	1.3921E6	
629	-6.8504E-1	1.7878E2	1.5373E0	1.3943E6	
630	-6.8275E-1	1.8218E2	1.5304E0	1.3965E6	
631	-6.8573E-1	1.7776E2	1.5233E0	1.3987E6	
632	-6.8176E-1	1.8365E2	1.5162E0	1.4009E6	
633	-6.8138E-1	1.8422E2	1.5089E0	1.4032E6	
634	-6.8283E-1	1.8207E2	1.5019E0	1.4054E6	
635	-6.8001E-1	1.8626E2	1.4948E0	1.4076E6	
636	-6.7993E-1	1.8637E2	1.4877E0	1.4098E6	
637	-6.8359E-1	1.8093E2	1.4806E0	1.4120E6	
638	-6.8115E-1	1.8456E2	1.4735E0	1.4143E6	
639	-6.8130E-1	1.8433E2	1.4663E0	1.4165E6	
640	-6.8161E-1	1.8388E2	1.4592E0	1.4187E6	
641	-6.7909E-1	1.8762E2	1.4521E0	1.4209E6	
642	-6.8069E-1	1.8524E2	1.4451E0	1.4231E6	
643	-6.7993E-1	1.8637E2	1.4379E0	1.4254E6	
644	-6.7932E-1	1.8728E2	1.4308E0	1.4276E6	
645	-6.7940E-1	1.8716E2	1.4237E0	1.4298E6	
646	-6.8031E-1	1.8580E2	1.4166E0	1.4320E6	
647	-6.8146E-1	1.8411E2	1.4095E0	1.4342E6	
648	-6.7627E-1	1.9180E2	1.4022E0	1.4365E6	
649	-6.8100E-1	1.8478E2	1.3953E0	1.4387E6	
650	-6.7970E-1	1.8671E2	1.3881E0	1.4409E6	
651	-6.7909E-1	1.8762E2	1.3810E0	1.4431E6	
652	-6.7841E-1	1.8863E2	1.3738E0	1.4453E6	
653	-6.7886E-1	1.8795E2	1.3666E0	1.4476E6	
654	-6.7848E-1	1.8852E2	1.3595E0	1.4498E6	
655	-6.7970E-1	1.8671E2	1.3525E0	1.4520E6	
656	-6.7993E-1	1.8637E2	1.3454E0	1.4542E6	
657	-6.7581E-1	1.9248E2	1.3383E0	1.4564E6	
658	-6.7802E-1	1.8920E2	1.3312E0	1.4587E6	
659	-6.7741E-1	1.9011E2	1.3241E0	1.4609E6	
660	-6.7612E-1	1.9203E2	1.3168E0	1.4631E6	
661	-6.7749E-1	1.8999E2	1.3098E0	1.4653E6	
662	-6.7726E-1	1.9033E2	1.3027E0	1.4675E6	
663	-6.7673E-1	1.9113E2	1.2955E0	1.4698E6	
664	-6.7680E-1	1.9101E2	1.2884E0	1.4720E6	
665	-6.7673E-1	1.9113E2	1.2813E0	1.4742E6	
666	-6.7612E-1	1.9203E2	1.2741E0	1.4764E6	
667	-6.7474E-1	1.9407E2	1.2670E0	1.4786E6	
668	-6.7551E-1	1.9294E2	1.2599E0	1.4809E6	
669	-6.7497E-1	1.9373E2	1.2528E0	1.4831E6	
670	-6.7490E-1	1.9384E2	1.2457E0	1.4853E6	
671	-6.7444E-1	1.9452E2	1.2386E0	1.4875E6	
672	-6.7490E-1	1.9384E2	1.2314E0	1.4897E6	
673	-6.7398E-1	1.9520E2	1.2242E0	1.4920E6	
674	-6.7253E-1	1.9735E2	1.2171E0	1.4942E6	
675	-6.7215E-1	1.9792E2	1.2100E0	1.4964E6	
676	-6.7284E-1	1.9690E2	1.2028E0	1.4986E6	
677	-6.7314E-1	1.9645E2	1.1957E0	1.5008E6	
678	-6.7223E-1	1.9781E2	1.1885E0	1.5031E6	
679	-6.7429E-1	1.9475E2	1.1814E0	1.5053E6	
680	-6.7368E-1	1.9565E2	1.1744E0	1.5075E6	
681	-6.7253E-1	1.9735E2	1.1673E0	1.5097E6	
682	-6.7299E-1	1.9667E2	1.1601E0	1.5119E6	
683	-6.7314E-1	1.9645E2	1.1528E0	1.5142E6	
684	-6.7108E-1	1.9950E2	1.1457E0	1.5164E6	
685	-6.7139E-1	1.9905E2	1.1385E0	1.5186E6	
686	-6.7184E-1	1.9837E2	1.1314E0	1.5208E6	
687	-6.7009E-1	2.0098E2	1.1244E0	1.5230E6	
688	-6.7009E-1	2.0098E2	1.1172E0	1.5253E6	
689	-6.6788E-1	2.0426E2	1.1099E0	1.5275E6	
690	-6.6803E-1	2.0403E2	1.1029E0	1.5297E6	
691	-6.7184E-1	1.9837E2	1.0958E0	1.5319E6	
692	-6.7055E-1	2.0030E2	1.0886E0	1.5341E6	
693	-6.6948E-1	2.0188E2	1.0814E0	1.5364E6	
694	-6.6948E-1	2.0188E2	1.0744E0	1.5386E6	
695	-6.6994E-1	2.0120E2	1.0672E0	1.5408E6	
696	-6.6864E-1	2.0313E2	1.0600E0	1.5430E6	
697	-6.7123E-1	1.9928E2	1.0529E0	1.5452E6	
698	-7.1236E-1	1.3825E2	1.0459E0	1.5475E6	
699	-7.1838E-1	1.2930E2	1.0386E0	1.5497E6	
700	-7.2067E-1	1.2591E2	1.0316E0	1.5519E6	
701	-7.1442E-1	1.3519E2	1.0244E0	1.5541E6	
702	-7.0923E-1	1.4289E2	1.0173E0	1.5563E6	
703	-7.0343E-1	1.5150E2	1.0101E0	1.5586E6	
704	-6.9572E-1	1.6293E2	1.0030E0	1.5608E6	
705	-6.9206E-1	1.6837E2	9.9588E-1	1.5630E6	
706	-6.8680E-1	1.7618E2	9.8877E-1	1.5652E6	
707	-6.7764E-1	1.8977E2	9.8148E-1	1.5674E6	
708	-6.7123E-1	1.9928E2	9.7444E-1	1.5697E6	
709	-6.6628E-1	2.0664E2	9.6729E-1	1.5719E6	
710	-6.6093E-1	2.1456E2	9.6014E-1	1.5741E6	
711	-6.5605E-1	2.2181E2	9.5298E-1	1.5763E6	
712	-6.5285E-1	2.2656E2	9.4590E-1	1.5785E6	
713	-6.5018E-1	2.3053E2	9.3881E-1	1.5808E6	
714	-6.4552E-1	2.3743E2	9.3161E-1	1.5830E6	
715	-6.4461E-1	2.3879E2	9.2443E-1	1.5852E6	
716	-6.4278E-1	2.4151E2	9.1740E-1	1.5874E6	
717	-6.4102E-1	2.4411E2	9.1014E-1	1.5896E6	
718	-6.3416E-1	2.5431E2	9.0304E-1	1.5919E6	
719	-6.2897E-1	2.6200E2	8.9597E-1	1.5941E6	
720	-6.2576E-1	2.6676E2	8.8874E-1	1.5963E6	
721	-6.1974E-1	2.7570E2	8.8163E-1	1.5985E6	
722	-6.1920E-1	2.7650E2	8.7456E-1	1.6007E6	
723	-6.1722E-1	2.7944E2	8.6746E-1	1.6030E6	
724	-6.1562E-1	2.8182E2	8.6024E-1	1.6052E6	
725	-6.0814E-1	2.9292E2	8.5315E-1	1.6074E6	
726	-6.0608E-1	2.9597E2	8.4599E-1	1.6096E6	
727	-6.0120E-1	3.0322E2	8.3886E-1	1.6118E6	
728	-5.9883E-1	3.0673E2	8.3170E-1	1.6141E6	
729	-5.9135E-1	3.1782E2	8.2465E-1	1.6163E6	
730	-5.9036E-1	3.1930E2	8.1747E-1	1.6185E6	
731	-5.8693E-1	3.2439E2	8.1044E-1	1.6207E6	
732	-5.8273E-1	3.3062E2	8.0317E-1	1.6229E6	
733	-5.7968E-1	3.3515E2	7.9609E-1	1.6252E6	
734	-5.7549E-1	3.4138E2	7.8895E-1	1.6274E6	
735	-5.6847E-1	3.5179E2	7.8194E-1	1.6296E6	
736	-5.6419E-1	3.5813E2	7.7477E-1	1.6318E6	
737	-5.5748E-1	3.6810E2	7.6759E-1	1.6340E6	
738	-5.5336E-1	3.7421E2	7.6055E-1	1.6363E6	
739	-5.4733E-1	3.8316E2	7.5347E-1	1.6385E6	
740	-5.4077E-1	3.9289E2	7.4622E-1	1.6407E6	
741	-5.3337E-1	4.0388E2	7.3919E-1	1.6429E6	
742	-5.2650E-1	4.1407E2	7.3207E-1	1.6451E6	
743	-5.1971E-1	4.2414E2	7.2496E-1	1.6474E6	
744	-5.1437E-1	4.3207E2	7.1782E-1	1.6496E6	
745	-5.0911E-1	4.3988E2	7.1073E-1	1.6518E6	
746	-4.9934E-1	4.5437E2	7.0354E-1	1.6540E6	
747	-4.9568E-1	4.5981E2	6.9643E-1	1.6562E6	
748	-4.9286E-1	4.6400E2	6.8945E-1	1.6585E6	
749	-4.8927E-1	4.6932E2	6.8214E-1	1.6607E6	
750	-4.8470E-1	4.7611E2	6.7515E-1	1.6629E6	
751	-4.8195E-1	4.8019E2	6.6802E-1	1.6651E6	
752	-4.7241E-1	4.9434E2	6.6092E-1	1.6673E6	
753	-4.6837E-1	5.0034E2	6.5379E-1	1.6696E6	
754	-4.5799E-1	5.1574E2	6.4676E-1	1.6718E6	
755	-4.5166E-1	5.2514E2	6.3963E-1	1.6740E6	
756	-4.4724E-1	5.3171E2	6.3249E-1	1.6762E6	
757	-4.3869E-1	5.4439E2	6.2543E-1	1.6784E6	
758	-4.3335E-1	5.5232E2	6.1833E-1	1.6807E6	
759	-4.2923E-1	5.5843E2	6.1127E-1	1.6829E6	
760	-4.2458E-1	5.6534E2	6.0421E-1	1.6851E6	
761	-4.1534E-1	5.7904E2	5.9704E-1	1.6873E6	
762	-4.0703E-1	5.9138E2	5.9003E-1	1.6895E6	
763	-3.9513E-1	6.0904E2	5.8283E-1	1.6918E6	
764	-3.9101E-1	6.1516E2	5.7581E-1	1.6940E6	
765	-3.8193E-1	6.2863E2	5.6876E-1	1.6962E6	
766	-3.8025E-1	6.3112E2	5.6168E-1	1.6984E6	
767	-3.6751E-1	6.5003E2	5.5454E-1	1.7006E6	
768	-3.5431E-1	6.6962E2	5.4746E-1	1.7029E6	
769	-3.4340E-1	6.8581E2	5.4035E-1	1.7051E6	
770	-3.3195E-1	7.0279E2	5.3337E-1	1.7073E6	
771	-3.2158E-1	7.1819E2	5.2616E-1	1.7095E6	
772	-3.1387E-1	7.2963E2	5.1920E-1	1.7117E6	
773	-3.0815E-1	7.3812E2	5.1198E-1	1.7140E6	
774	-3.0449E-1	7.4355E2	5.1173E-1	1.7141E6	
775	-3.0449E-1	7.4355E2	5.1173E-1	1.7141E6	
776	-3.0449E-1	7.4355E2	5.1173E-1	1.7141E6	
777	-3.0449E-1	7.4355E2	5.1173E-1	1.7141E6	
778	-3.0449E-1	7.4355E2	5.1173E-1	1.7141E6	
779	-3.0449E-1	7.4355E2	5.1173E-1	1.7141E6	
780	-3.0449E-1	7.4355E2	5.1173E-1	1.7141E6	
781	-3.0449E-1	7.4355E2	5.1173E-1	1.7141E6	
782	-3.0449E-1	7.4355E2	5.1173E-1	1.7141E6	
783	-3.0449E-1	7.4355E2	5.1173E-1	1.7141E6	
784	-3.0449E-1	7.4355E2	5.1173E-1	1.7141E6	
785	-3.0449E-1	7.4355E2	5.1173E-1	1.7141E6	
786	-3.0449E-1	7.4355E2	5.1173E-1	1.7141E6	
787	-3.0449E-1	7.4355E2	5.1173E-1	1.7141E6	
788	-3.0449E-1	7.4355E2	5.1173E-1	1.7141E6	
789	-3.0449E-1	7.4355E2	5.1173E-1	1.7141E6	
790	-3.0449E-1	7.4355E2	5.1173E-1	1.7141E6	
791	-3.0449E-1	7.4355E2	5.1173E-1	1.7141E6	
792	-3.0449E-1	7.4355E2	5.1173E-1	1.7141E6	
793	-3.0449E-1	7.4355E2	5.1173E-1	1.7141E6	
794	-3.0449E-1	7.4355E2	5.1173E-1	1.7141E6	
795	-3.0449E-1	7.4355E2	5.1173E-1	1.7141E6	
796	-3.0449E-1	7.4355E2	5.1173E-1	1.7141E6	
797	-3.0449E-1	7.4355E2	5.1173E-1	1.7141E6	
798	-3.0449E-1	7.4355E2	5.1173E-1	1.7141E6	
799	-3.0449E-1	7.4355E2	5.1173E-1	1.7141E6	
800	-3.0449E-1	7.4355E2	5.1173E-1	1.7141E6	
801	-3.0449E-1	7.4355E2	5.1173E-1	1.7141E6	
802	-3.0449E-1	7.4355E2	5.1173E-1	1.7141E6	
803	-3.0449E-1	7.4355E2	5.1173E-1	1.7141E6	
804	-3.0449E-1	7.4355E2	5.1173E-1	1.7141E6	
805	-3.0449E-1	7.4355E2	5.1173E-1	1.7141E6	
806	-3.0449E-1	7.4355E2	5.1173E-1	1.7141E6	
807	-3.0449E-1	7.4355E2	5.1173E-1	1.7141E6	
808	-3.0449E-1	7.4355E2	5.1173E-1	1.7141E6	
809	-3.0449E-1	7.4355E2	5.1173E-1	1.7141E6	
810	-3.0449E-1	7.4355E2	5.1173E-1	1.7141E6	
811	-3.0449E-1	7.4355E2	5.1173E-1	1.7141E6	
812	-3.0449E-1	7.4355E2	5.1173E-1	1.7141E6	
813	-3.0449E-1	7.4355E2	5.1173E-1	1.7141E6	
814	-3.0449E-1	7.4355E2	5.1173E-1	1.7141E6	
815	-3.0449E-1	7.4355E2	5.1173E-1	1.7141E6	
816	-3.0449E-1	7.4355E2	5.1173E-1	1.7141E6	
817	-3.0449E-1	7.4355E2	5.1173E-1	1.7141E6	
818	-3.0449E-1	7.4355E2	5.1173E-1	1.7141E6	
819	-3.0449E-1	7.4355E2	5.1173E-1	1.7141E6	
820	-3.0449E-1	7.4355E2	5.1173E-1	1.7141E6	
821	-3.0449E-1	7.4355E2	5.1173E-1	1.7141E6	
822	-3.0449E-1	7.4355E2	5.1173E-1	1.7141E6	
823	-3.0449E-1	7.4355E2	5.1173E-1	1.7141E6	
824	-3.0449E-1	7.4355E2	5.1173E-1	1.7141E6	
825	-3.0449E-1	7.4355E2	5.1173E-1	1.7141E6	
826	-3.0449E-1	7.4355E2	5.1173E-1	1.7141E6	
827	-3.0449E-1	7.4355E2	5.1173E-1	1.7141E6	
828	-3.0449E-1	7.4355E2	5.1173E-1	1.7141E6	
829	-3.0449E-1	7.4355E2	5.1173E-1	1.7141E6	
830	-3.0449E-1	7.4355E2	5.1173E-1	1.7141E6	
831	-3.0449E-1	7.4355E2	5.1173E-1	1.7141E6	
832	-3.0449E-1	7.4355E2	5.1173E-1	1.7141E6	
833	-3.0449E-1	7.4355E2	5.1173E-1	1.7141E6	
834	-3.0449E-1	7.4355E2	5.1173E-1	1.7141E6	
835	-3.0449E-1	7.4355E2	5.1173E-1	1.7141E6	
836	-3.0449E-1	7.4355E2	5.1173E-1	1.7141E6	
837	-3.0449E-1	7.4355E2	5.1173E-1	1.7141E6	
838	-3.0449E-1	7.4355E2	5.1173E-1	1.7141E6	
839	-3.0449E-1	7.4355E2	5.1173E-1	1.7141E6	
840	-3.0449E-1	7.4355E2	5.1173E-1	1.7141E6	
841	-3.0449E-1	7.4355E2	5.1173E-1	1.7141E6	
842	-3.0449E-1	7.4355E2	5.1173E-1	1.7141E6	
843	-3.0449E-1	7.4355E2	5.1173E-1	1.7141E6	
844	-3.0449E-1	7.4355E2	5.1173E-1	1.7141E6	
845	-3.0449E-1	7.4355E2	5.1173E-1	1.7141E6	
846	-3.0449E-1	7.4355E2	5.1173E-1	1.7141E6	
847	-3.0449E-1	7.4355E2	5.1173E-1	1.7141E6	
848	-3.0449E-1	7.4355E2	5.1173E-1	1.7141E6	
849	-3.0449E-1	7.4355E2	5.1173E-1	1.7141E6	
850	-3.0449E-1	7.4355E2	5.1173E-1	1.7141E6	
851	-3.0449E-1	7.4355E2	5.1173E-1	1.7141E6	
852	-3.0449E-1	7.4355E2	5.1173E-1	1.7141E6	
853	-3.0449E-1	7.4355E2	5.1173E-1	1.7141E6	
854	-3.0449E-1	7.4355E2	5.1173E-1	1.7141E6	
855	-3.0449E-1	7.4355E2	5.1173E-1	1.7141E6	
856	-3.0449E-1	7.4355E2	5.1173E-1	1.7141E6	
857	-3.0449E-1	7.4355E2	5.1173E-1	1.7141E6	
858	-3.0449E-1	7.4355E2	5.1173E-1	1.7141E6	
859	-3.0449E-1	7.4355E2	5.1173E-1	1.7141E6	
860	-3.0449E-1	7.4355E2	5.1173E-1	1.7141E6	
861	-3.0449E-1	7.4355E2	5.1173E-1	1.7141E6	
862	-3.0449E-1	7.4355E2	5.1173E-1	1.7141E6	
863	-3.0449E-1	7.4355E2	5.1173E-1	1.7141E6	
864	-3.0449E-1	7.4355E2	5.1173E-1	1.7141E6	
865	-3.0449E-1	7.4355E2	5.1173E-1	1.7141E6	
866	-3.0449E-1	7.4355E2	5.1173E-1	1.7141E6	
867	-3.0449E-1	7.4355E2	5.1173E-1	1.7141E6	
868	-3.0449E-1	7.4355E2	5.1173E-1	1.7141E6	
869	-3.0449E-1	7.4355E2	5.1173E-1	1.7141E6	
870	-3.0449E-1	7.4355E2	5.1173E-1	1.7141E6	
871	-3.0449E-1	7.4355E2	5.1173E-1	1.7141E6	
872	-3.0449E-1	7.4355E2	5.1173E-1	1.7141E6	
873	-3.0449E-1	7.4355E2	5.1173E-1	1.7141E6	
874	-3.0449E-1	7.4355E2	5.1173E-1	1.7141E6	
875	-3.0449E-1	7.4355E2	5.1173E-1	1.7141E6	
876	-3.0449E-1	7.4355E2	5.1173E-1	1.7141E6	
877	-3.0449E-1	7.4355E2	5.1173E-1	1.7141E6	
878	-3.0449E-1	7.4355E2	5.1173E-1	1.7141E6	
879	-3.0449E-1	7.4355E2	5.1173E-1	1.7141E6	
880	-3.0449E-1	7.4355E2	5.1173E-1	1.7141E6	
881	-3.0449E-1	7.4355E2	5.1173E-1	1.7141E6	
882	-3.0449E-1	7.4355E2	5.1173E-1	1.7141E6	
883	-3.0449E-1	7.4355E2	5.1173E-1	1.7141E6	
884	-3.0449E-1	7.4355E2	5.1173E-1	1.7141E6	
885	-3.0449E-1	7.4355E2	5.1173E-1	1.7141E6	
886	-3.0449E-1	7.4355E2	5.1173E-1	1.7141E6	
887	-3.0449E-1	7.4355E2	5.1173E-1	1.7141E6	
888	-3.0449E-1	7.4355E2	5.1173E-1	1.7141E6	
889	-3.0449E-1	7.4355E2	5.1173E-1	1.7141E6	
890	-3.0449E-1	7.4355E2	5.1173E-1	1.7141E6	
891	-3.0449E-1	7.4355E2	5.1173E-1	1.7141E6	
892	-3.0449E-1	7.4355E2	5.1173E-1	1.7141E6	
893	-3.0449E-1	7.4355E2	5.1173E-1	1.7141E6	
894	-3.0449E-1	7.4355E2	5.1173E-1	1.7141E6	
895	-3.0449E-1	7.4355E2	5.1173E-1	1.7141E6	
896	-3.0449E-1	7.4355E2	5.1173E-1	1.7141E6	
897	-3.0449E-1	7.4355E2	5.1173E-1	1.7141E6	
898	-3.0449E-1	7.4355E2	5.1173E-1	1.7141E6	
899	-3.0449E-1	7.4355E2	5.1173E-1	1.7141E6	
900	-3.0449E-1	7.4355E2	5.1173E-1	1.7141E6	
901	-3.0449E-1	7.4355E2	5.1173E-1	1.7141E6	
902	-3.0449E-1	7.4355E2	5.1173E-1	1.7141E6	
903	-3.0449E-1	7.4355E2	5.1173E-1	1.7141E6	
904	-3.0449E-1	7.4355E2	5.1173E-1	1.7141E6	
905	-3.0449E-1	7.4355E2	5.1173E-1	1.7141E6	
906	-3.0449E-1	7.4355E2	5.1173E-1	1.7141E6	
907	-3.0449E-1	7.4355E2	5.1173E-1	1.7141E6	
908	-3.0449E-1	7.4355E2	5.1173E-1	1.7141E6	
909	-3.0449E-1	7.4355E2	5.1173E-1	1.7141E6	
910	-3.0449E-1	7.4355E2	5.1173E-1	1.7141E6	
911	-3.0449E-1	7.4355E2	5.1173E-1	1.7141E6	
912	-3.0449E-1	7.4355E2	5.1173E-1	1.7141E6	
913	-3.0449E-1	7.4355E2	5.1173E-1	1.7141E6	
914	-3.0449E-1	7.4355E2	5.1173E-1	1.7141E6	
915	-3.0449E-1	7.4355E2	5.1173E-1	1.7141E6	
916	-3.0449E-1	7.4355E2	5.1173E-1	1.7141E6	
917	-3.0449E-1	7.4355E2	5.1173E-1	1.7141E6	
918	-3.0449E-1	7.4355E2	5.1173E-1	1.7141E6	
919	-3.0449E-1	7.4355E2	5.1173E-1	1.7141E6	
920	-3.0449E-1	7.4355E2	5.1173E-1	1.7141E6	
921	-3.0449E-1	7.4355E2	5.1173E-1	1.7141E6	
922	-3.0449E-1	7.4355E2	5.1173E-1	1.7141E6	
923	-3.0449E-1	7.4355E2	5.1173E-1	1.7141E6	
924	-3.0449E-1	7.4355E2	5.1173E-1	1.7141E6	
925	-3.0449E-1	7.4355E2	5.1173E-1	1.7141E6	
926	-3.0449E-1	7.4355E2	5.1173E-1	1.7141E6	
927	-3.0449E-1	7.4355E2	5.1173E-1	1.7141E6	
928	-3.0449E-1	7.4355E2	5.1173E-1	1.7141E6	
929	-3.0449E-1	7.4355E2	5.1173E-1	1.7141E6	
930	-3.0449E-1	7.4355E2	5.1173E-1	1.7141E6	
931	-3.0449E-1	7.4355E2	5.1173E-1	1.7141E6	
932	-3.0449E-1	7.4355E2	5.1173E-1	1.7141E6	
933	-3.0449E-1	7.4355E2	5.1173E-1	1.7141E6	
934	-3.0449E-1	7.4355E2	5.1173E-1	1.7141E6	
935	-3.0449E-1	7.4355E2	5.1173E-1	1.7141E6	
936	-3.0449E-1	7.4355E2	5.1173E-1	1.7141E6	
937	-3.0449E-1	7.4355E2	5.1173E-1	1.7141E6	
938	-3.0449E-1	7.4355E2	5.1173E-1	1.7141E6	
939	-3.0449E-1	7.4355E2	5.1173E-1	1.7141E6	
940	-3.0449E-1	7.4355E2	5.1173E-1	1.7141E6	
941	-3.0449E-1	7.4355E2	5.1173E-1	1.7141E6	
942	-3.0449E-1	7.4355E2	5.1173E-1	1.7141E6	
943	-3.0449E-1	7.4355E2	5.1173E-1	1.7141E6	
944	-3.0449E-1	7.4355E2	5.1173E-1	1.7141E6	
945	-3.0449E-1	7.4355E2	5.1173E-1	1.7141E6	
946	-3.0449E-1	7.4355E2	5.1173E-1	1.7141E6	
947	-3.0449E-1	7.4355E2	5.1173E-1	1.7141E6	
948	-3.0449E-1	7.4355E2	5.1173E-1	1.7141E6	
949	-3.0449E-1	7.4355E2	5.1173E-1	1.7141E6	
950	-3.0449E-1	7.4355E2	5.1173E-1	1.7141E6	
951	-3.0449E-1	7.4355E2	5.1173E-1	1.7141E6	
952	-3.0449E-1	7.4355E2	5.1173E-1	1.7141E6	
953	-3.0449E-1	7.4355E2	5.1173E-1	1.7141E6	
954	-3.0449E-1	7.4355E2	5.1173E-1	1.7141E6	
955	-3.0449E-1	7.4355E2	5.1173E-1	1.7141E6	
956	-3.0449E-1	7.4355E2	5.1173E-1	1.7141E6	
957	-3.0449E-1	7.4355E2	5.1173E-1	1.7141E6	
958	-3.0449E-1	7.4355E2	5.1173E-1	1.7141E6	
959	-3.0449E-1	7.4355E2	5.1173E-1	1.7141E6	
960	-3.0449E-1	7.4355E2	5.1173E-1	1.7141E6	
961	-3.0449E-1	7.4355E2	5.1173E-1	1.7141E6	
962	-3.0449E-1	7.4355E2	5.1173E-1	1.7141E6	
963	-3.0449E-1	7.4355E2	5.1173E-1	1.7141E6	
964	-3.0449E-1	7.4355E2	5.1173E-1	1.7141E6	
965	-3.0449E-1	7.4355E2	5.1173E-1	1.7141E6	
966	-3.0449E-1	7.4355E2	5.1173E-1	1.7141E6	
967	-3.0449E-1	7.4355E2	5.1173E-1	1.7141E6	
968	-3.0449E-1	7.4355E2	5.1173E-1	1.7141E6	
969	-3.0449E-1	7.4355E2	5.1173E-1	1.7141E6	
970	-3.0449E-1	7.4355E2	5.1173E-1	1.7141E6	
971	-3.0449E-1	7.4355E2	5.1173E-1	1.7141E6	
972	-3.0449E-1	7.4355E2	5.1173E-1	1.7141E6	
973	-3.0449E-1	7.4355E2	5.1173E-1	1.7141E6	
974	-3.0449E-1	7.4355E2	5.1173E-1	1.7141E6	
975	-3.0449E-1	7.4355E2	5.1173E-1	1.7141E6	
976	-3.0449E-1	7.4355E2	5.1173E-1	1.7141E6	
977	-3.0449E-1	7.4355E2	5.1173E-1	1.7141E6	
978	-3.0449E-1	7.4355E2	5.1173E-1	1.7141E6	
979	-3.0449E-1	7.4355E2	5.1173E-1	1.7141E6	
980	-3.0449E-1	7.4355E2	5.1173E-1	1.7141E6	
981	-3.0449E-1	7.4355E2	5.1173E-1	1.7141E6	
982	-3.0449E-1	7.4355E2	5.1173E-1	1.7141E6	
983	-3.0449E-1	7.4355E2	5.1173E-1	1.7141E6	
984	-3.0449E-1	7.4355E2	5.1173E-1	1.7141E6	
985	-3.0449E-1	7.4355E2	5.1173E-1	1.7141E6	
986	-3.0449E-1	7.4355E2	5.1173E-1	1.7141E6	
987	-3.0449E-1	7.4355E2	5.1173E-1	1.7141E6	
988	-3.0449E-1	7.4355E2	5.1173E-1	1.7141E6	
989	-3.0449E-1	7.4355E2	5.1173E-1	1.7141E6	
990	-3.0449E-1	7.4355E2	5.1173E-1	1.7141E6	
991	-3.0449E-1	7.4355E2	5.1173E-1	1.7141E6	
992	-3.0449E-1	7.4355E2	5.1173E-1	1.7141E6	
993	-3.0449E-1	7.4355E2	5.1173E-1	1.7141E6	
994	-3.0449E-1	7.4355E2	5.1173E-1	1.7141E6	
995	-3.0449E-1	7.4355E2	5.1173E-1	1.7141E6	
996	-3.0449E-1	7.4355E2	5.1173E-1	1.7141E6	
997	-3.0449E-1	7.4355E2	5.1173E-1	1.7141E6	
998	-3.0449E-1	7.4355E2	5.1173E-1	1.7141E6	
999	-3.0449E-1	7.4355E2	5.1173E-1	1.7141E6	
1000	-3.0449E-1	7.4355E2	5.1173E-1	1.7141E6	
1001	-3.0449E-1	7.4355E2	5.1173E-1	1.7141E6	
1002	-3.0449E-1	7.4355E2	5.1173E-1	1.7141E6	
1003	-3.0449E-1	7.4355E2	5.1173E-1	1.7141E6	
1004	-3.0449E-1	7.4355E2	5.1173E-1	1.7141E6	
1005	-3.0449E-1	7.4355E2	5.1173E-1	1.7141E6	
1006	-3.0449E-1	7.4355E2	5.1173E-1	1.7141E6	
1007	-3.0449E-1	7.4355E2	5.1173E-1	1.7141E6	
1008	-3.0449E-1	7.4355E2	5.1173E-1	1.7141E6	
1009	-3.0449E-1	7.4355E2	5.1173E-1	1.7141E6	
1010	-3.0449E-1	7.4355E2	5.1173E-1	1.7141E6	
1011	-3.0449E-1	7.4355E2	5.1173E-1	1.7141E6	
1012	-3.0449E-1	7.4355E2	5.1173E-1	1.7141E6	
1013	-3.0449E-1	7.4355E2	5.1173E-1	1.7141E6	
1014	-3.0449E-1	7.4355E2	5.1173E-1	1.7141E6	
1015	-3.0449E-1	7.4355E2	5.1173E-1	1.7141E6	
1016	-3.0449E-1	7.4355E2	5.1173E-1	1.7141E6	
1017	-3.0449E-1	7.4355E2	5.1173E-1	1.7141E6	
1018	-3.0449E-1	7.4355E2	5.1173E-1	1.7141E6	
1019	-3.0449E-1	7.4355E2	5.1173E-1	1.7141E6	
1020	-3.0449E-1	7.4355E2	5.1173E-1	1.7141E6	
1021	-3.0449E-1	7.4355E2	5.1173E-1	1.7141E6	
1022	-3.0449E-1	7.4355E2	5.1173E-1	1.7141E6	
1023	-3.0449E-1	7.4355E2	5.1173E-1	1.7141E6	
1024	-3.0449E-1	7.4355E2	5.1173E-1	1.7141E6	
1025	-3.0617E-1	7.4106E2	5.1167E-1	1.7141E6	
1026	-3.4676E-1	6.8083E2	5.1282E-1	1.7163E6	
1027	-3.7643E-1	6.3678E2	5.1573E-1	1.7186E6	
1028	-3.9139E-1	6.1459E2	5.1879E-1	1.7208E6	
1029	-4.1222E-1	5.8368E2	5.2222E-1	1.7230E6	
1030	-4.3129E-1	5.5537E2	5.2574E-1	1.7252E6	
1031	-4.5288E-1	5.2333E2	5.2953E-1	1.7274E6	
1032	-4.6661E-1	5.0295E2	5.3331E-1	1.7297E6	
1033	-4.7951E-1	4.8381E2	5.3722E-1	1.7319E6	
1034	-4.9477E-1	4.6117E2	5.4126E-1	1.7341E6	
1035	-5.1353E-1	4.3331E2	5.4538E-1	1.7363E6	
1036	-5.2734E-1	4.1282E2	5.4947E-1	1.7385E6	
1037	-5.4085E-1	3.9278E2	5.5376E-1	1.7408E6	
1038	-5.5397E-1	3.7331E2	5.5797E-1	1.7430E6	
1039	-5.6747E-1	3.5326E2	5.6219E-1	1.7452E6	
1040	-5.7678E-1	3.3945E2	5.6645E-1	1.7474E6	
1041	-5.9181E-1	3.1715E2	5.7083E-1	1.7496E6	
1042	-6.0547E-1	2.9688E2	5.7522E-1	1.7519E6	
1043	-6.1386E-1	2.8442E2	5.7964E-1	1.7541E6	
1044	-6.2988E-1	2.6065E2	5.8400E-1	1.7563E6	
1045	-6.3622E-1	2.5125E2	5.8844E-1	1.7585E6	
1046	-6.5254E-1	2.2702E2	5.9291E-1	1.7607E6	
1047	-6.5536E-1	2.2283E2	5.9745E-1	1.7630E6	
1048	-6.7146E-1	1.9894E2	6.0185E-1	1.7652E6	
1049	-6.7680E-1	1.9101E2	6.0640E-1	1.7674E6	
1050	-6.8657E-1	1.7652E2	6.1088E-1	1.7696E6	
1051	-6.9427E-1	1.6508E2	6.1548E-1	1.7718E6	
1052	-7.0633E-1	1.4719E2	6.2005E-1	1.7741E6	
1053	-7.1510E-1	1.3417E2	6.2451E-1	1.7763E6	
1054	-7.2342E-1	1.2183E2	6.2911E-1	1.7785E6	
1055	-7.2968E-1	1.1255E2	6.3366E-1	1.7807E6	
1056	-7.4089E-1	9.5902E1	6.3824E-1	1.7829E6	
1057	-7.4509E-1	8.9675E1	6.4297E-1	1.7852E6	
1058	-7.5294E-1	7.8013E1	6.4763E-1	1.7874E6	
1059	-7.6134E-1	6.5558E1	6.5218E-1	1.7896E6	
1060	-7.6897E-1	5.4235E1	6.5691E-1	1.7918E6	
1061	-7.7385E-1	4.6989E1	6.6159E-1	1.7940E6	
1062	-7.8148E-1	3.5666E1	6.6614E-1	1.7963E6	
1063	-7.8957E-1	2.3664E1	6.7093E-1	1.7985E6	
1064	-7.9468E-1	1.6078E1	6.7557E-1	1.8007E6	
1065	-8.0322E-1	3.3968E0	6.8025E-1	1.8029E6	
1066	-8.0765E-1	-3.1703E0	6.8493E-1	1.8051E6	
1067	-8.1444E-1	-1.3247E1	6.8972E-1	1.8074E6	
1068	-8.1573E-1	-1.5172E1	6.9448E-1	1.8096E6	
1069	-8.2893E-1	-3.4760E1	6.9913E-1	1.8118E6	
1070	-8.3084E-1	-3.7591E1	7.0385E-1	1.8140E6	
1071	-8.4030E-1	-5.1631E1	7.0874E-1	1.8162E6	
1072	-8.4175E-1	-5.3782E1	7.1339E-1	1.8185E6	
1073	-8.4961E-1	-6.5444E1	7.1814E-1	1.8207E6	
1074	-8.5434E-1	-7.2464E1	7.2291E-1	1.8229E6	
1075	-8.5632E-1	-7.5408E1	7.2771E-1	1.8251E6	
1076	-8.6533E-1	-8.8769E1	7.3244E-1	1.8273E6	
1077	-8.7112E-1	-9.7374E1	7.3727E-1	1.8296E6	
1078	-8.7570E-1	-1.0417E2	7.4207E-1	1.8318E6	
1079	-8.7906E-1	-1.0915E2	7.4677E-1	1.8340E6	
1080	-8.8318E-1	-1.1526E2	7.5175E-1	1.8362E6	
1081	-8.8615E-1	-1.1968E2	7.5652E-1	1.8384E6	
1082	-8.9172E-1	-1.2795E2	7.6131E-1	1.8407E6	
1083	-8.9546E-1	-1.3349E2	7.6627E-1	1.8429E6	
1084	-8.9897E-1	-1.3870E2	7.7099E-1	1.8451E6	
1085	-9.0950E-1	-1.5433E2	7.7587E-1	1.8473E6	
1086	-9.1164E-1	-1.5750E2	7.8072E-1	1.8495E6	
1087	-9.1049E-1	-1.5580E2	7.8554E-1	1.8518E6	
1088	-9.1782E-1	-1.6667E2	7.9045E-1	1.8540E6	
1089	-9.1858E-1	-1.6780E2	7.9530E-1	1.8562E6	
1090	-9.2468E-1	-1.7686E2	8.0032E-1	1.8584E6	
1091	-9.2262E-1	-1.7380E2	8.0521E-1	1.8606E6	
1092	-9.3391E-1	-1.9056E2	8.0992E-1	1.8629E6	
1093	-9.3719E-1	-1.9543E2	8.1499E-1	1.8651E6	
1094	-9.3582E-1	-1.9339E2	8.1984E-1	1.8673E6	
1095	-9.3613E-1	-1.9384E2	8.2481E-1	1.8695E6	
1096	-9.4078E-1	-2.0075E2	8.2963E-1	1.8717E6	
1097	-9.4345E-1	-2.0471E2	8.3461E-1	1.8740E6	
1098	-9.4505E-1	-2.0709E2	8.3944E-1	1.8762E6	
1099	-9.4688E-1	-2.0981E2	8.4456E-1	1.8784E6	
1100	-9.4803E-1	-2.1151E2	8.4943E-1	1.8806E6	
1101	-9.5047E-1	-2.1513E2	8.5444E-1	1.8828E6	
1102	-9.5177E-1	-2.1705E2	8.5945E-1	1.8851E6	
1103	-9.5230E-1	-2.1785E2	8.6442E-1	1.8873E6	
1104	-9.5955E-1	-2.2860E2	8.6932E-1	1.8895E6	
1105	-9.6138E-1	-2.3132E2	8.7431E-1	1.8917E6	
1106	-9.6245E-1	-2.3291E2	8.7937E-1	1.8939E6	
1107	-9.6222E-1	-2.3257E2	8.8431E-1	1.8962E6	
1108	-9.6626E-1	-2.3857E2	8.8920E-1	1.8984E6	
1109	-9.7084E-1	-2.4536E2	8.9430E-1	1.9006E6	
1110	-9.6832E-1	-2.4162E2	8.9932E-1	1.9028E6	
1111	-9.7252E-1	-2.4785E2	9.0443E-1	1.9050E6	
1112	-9.6924E-1	-2.4298E2	9.0941E-1	1.9073E6	
1113	-9.7229E-1	-2.4751E2	9.1440E-1	1.9095E6	
1114	-9.7351E-1	-2.4932E2	9.1945E-1	1.9117E6	
1115	-9.7664E-1	-2.5397E2	9.2450E-1	1.9139E6	
1116	-9.7946E-1	-2.5815E2	9.2954E-1	1.9161E6	
1117	-9.7702E-1	-2.5453E2	9.3458E-1	1.9184E6	
1118	-9.8038E-1	-2.5951E2	9.3962E-1	1.9206E6	
1119	-9.8389E-1	-2.6472E2	9.4474E-1	1.9228E6	
1120	-9.8564E-1	-2.6733E2	9.4974E-1	1.9250E6	
1121	-9.8442E-1	-2.6551E2	9.5486E-1	1.9272E6	
1122	-9.8511E-1	-2.6653E2	9.5990E-1	1.9295E6	
1123	-9.8740E-1	-2.6993E2	9.6498E-1	1.9317E6	
1124	-9.8450E-1	-2.6563E2	9.6999E-1	1.9339E6	
1125	-9.8816E-1	-2.7106E2	9.7522E-1	1.9361E6	
1126	-9.8839E-1	-2.7140E2	9.8021E-1	1.9383E6	
1127	-9.8885E-1	-2.7208E2	9.8554E-1	1.9406E6	
1128	-9.8763E-1	-2.7027E2	9.9064E-1	1.9428E6	
1129	-9.8915E-1	-2.7253E2	9.9576E-1	1.9450E6	
1130	-9.8946E-1	-2.7299E2	1.0008E0	1.9472E6	
1131	-9.8625E-1	-2.6823E2	1.0060E0	1.9494E6	
1132	-9.8679E-1	-2.6902E2	1.0111E0	1.9517E6	
1133	-9.8984E-1	-2.7355E2	1.0163E0	1.9539E6	
1134	-9.8801E-1	-2.7084E2	1.0214E0	1.9561E6	
1135	-9.8656E-1	-2.6868E2	1.0266E0	1.9583E6	
1136	-9.8671E-1	-2.6891E2	1.0317E0	1.9605E6	
1137	-9.8503E-1	-2.6642E2	1.0369E0	1.9628E6	
1138	-9.8846E-1	-2.7152E2	1.0421E0	1.9650E6	
1139	-9.8396E-1	-2.6483E2	1.0473E0	1.9672E6	
1140	-9.8488E-1	-2.6619E2	1.0524E0	1.9694E6	
1141	-9.8602E-1	-2.6789E2	1.0577E0	1.9716E6	
1142	-9.8495E-1	-2.6631E2	1.0629E0	1.9739E6	
1143	-9.8816E-1	-2.7106E2	1.0681E0	1.9761E6	
1144	-9.8083E-1	-2.6019E2	1.0733E0	1.9783E6	
1145	-9.8251E-1	-2.6268E2	1.0786E0	1.9805E6	
1146	-9.8282E-1	-2.6314E2	1.0837E0	1.9827E6	
1147	-9.8053E-1	-2.5974E2	1.0890E0	1.9850E6	
1148	-9.8152E-1	-2.6121E2	1.0942E0	1.9872E6	
1149	-9.7633E-1	-2.5351E2	1.0994E0	1.9894E6	
1150	-9.7237E-1	-2.4762E2	1.1047E0	1.9916E6	
1151	-9.7023E-1	-2.4445E2	1.1100E0	1.9938E6	
1152	-9.7122E-1	-2.4593E2	1.1152E0	1.9961E6	
1153	-9.6992E-1	-2.4400E2	1.1205E0	1.9983E6	
1154	-9.6245E-1	-2.3291E2	1.1257E0	2.0005E6	
1155	-9.6390E-1	-2.3506E2	1.1311E0	2.0027E6	
1156	-9.6413E-1	-2.3540E2	1.1363E0	2.0049E6	
1157	-9.5695E-1	-2.2475E2	1.1416E0	2.0072E6	
1158	-9.5367E-1	-2.1988E2	1.1468E0	2.0094E6	
1159	-9.5131E-1	-2.1637E2	1.1523E0	2.0116E6	
1160	-9.4765E-1	-2.1094E2	1.1576E0	2.0138E6	
1161	-9.4398E-1	-2.0550E2	1.1628E0	2.0160E6	
1162	-9.4292E-1	-2.0392E2	1.1680E0	2.0183E6	
1163	-9.3742E-1	-1.9577E2	1.1734E0	2.0205E6	
1164	-9.3765E-1	-1.9611E2	1.1787E0	2.0227E6	
1165	-9.3475E-1	-1.9180E2	1.1839E0	2.0249E6	
1166	-9.3269E-1	-1.8875E2	1.1894E0	2.0271E6	
1167	-9.2773E-1	-1.8139E2	1.1947E0	2.0294E6	
1168	-9.2308E-1	-1.7448E2	1.2001E0	2.0316E6	
1169	-9.1705E-1	-1.6554E2	1.2053E0	2.0338E6	
1170	-9.0775E-1	-1.5172E2	1.2107E0	2.0360E6	
1171	-9.0782E-1	-1.5184E2	1.2162E0	2.0382E6	
1172	-9.0477E-1	-1.4731E2	1.2214E0	2.0405E6	
1173	-9.0164E-1	-1.4266E2	1.2268E0	2.0427E6	
1174	-8.9737E-1	-1.3632E2	1.2322E0	2.0449E6	
1175	-8.9104E-1	-1.2693E2	1.2375E0	2.0471E6	
1176	-8.9294E-1	-1.2976E2	1.2430E0	2.0493E6	
1177	-8.9180E-1	-1.2806E2	1.2484E0	2.0516E6	
1178	-8.9050E-1	-1.2613E2	1.2538E0	2.0538E6	
1179	-8.8516E-1	-1.1821E2	1.2591E0	2.0560E6	
1180	-8.8455E-1	-1.1730E2	1.2646E0	2.0582E6	
1181	-8.7830E-1	-1.0802E2	1.2701E0	2.0604E6	
1182	-8.7631E-1	-1.0507E2	1.2754E0	2.0627E6	
1183	-8.7189E-1	-9.8506E1	1.2809E0	2.0649E6	
1184	-8.6433E-1	-8.7297E1	1.2863E0	2.0671E6	
1185	-8.3748E-1	-4.7442E1	1.2917E0	2.0693E6	
1186	-7.5829E-1	7.0087E1	1.2973E0	2.0715E6	
1187	-6.9908E-1	1.5795E2	1.3026E0	2.0738E6	
1188	-6.8291E-1	1.8195E2	1.3080E0	2.0760E6	
1189	-6.7589E-1	1.9237E2	1.3135E0	2.0782E6	
1190	-6.7810E-1	1.8909E2	1.3189E0	2.0804E6	
1191	-6.7833E-1	1.8875E2	1.3244E0	2.0826E6	
1192	-6.7963E-1	1.8682E2	1.3299E0	2.0849E6	
1193	-6.7841E-1	1.8863E2	1.3354E0	2.0871E6	
1194	-6.7825E-1	1.8886E2	1.3409E0	2.0893E6	
1195	-6.8237E-1	1.8275E2	1.3464E0	2.0915E6	
1196	-6.7772E-1	1.8965E2	1.3518E0	2.0937E6	
1197	-6.7772E-1	1.8965E2	1.3573E0	2.0960E6	
1198	-6.7947E-1	1.8705E2	1.3628E0	2.0982E6	
1199	-6.7947E-1	1.8705E2	1.3683E0	2.1004E6	
1200	-6.7886E-1	1.8795E2	1.3739E0	2.1026E6	
1201	-6.7772E-1	1.8965E2	1.3793E0	2.1048E6	
1202	-6.8092E-1	1.8490E2	1.3849E0	2.1071E6	
1203	-6.7940E-1	1.8716E2	1.3904E0	2.1093E6	
1204	-6.8008E-1	1.8614E2	1.3960E0	2.1115E6	
1205	-6.8184E-1	1.8354E2	1.4015E0	2.1137E6	
1206	-6.8130E-1	1.8433E2	1.4070E0	2.1159E6	
1207	-6.8329E-1	1.8139E2	1.4126E0	2.1182E6	
1208	-6.8069E-1	1.8524E2	1.4181E0	2.1204E6	
1209	-6.8382E-1	1.8060E2	1.4237E0	2.1226E6	
1210	-6.8001E-1	1.8626E2	1.4292E0	2.1248E6	
1211	-6.8039E-1	1.8569E2	1.4349E0	2.1270E6	
1212	-6.8138E-1	1.8422E2	1.4404E0	2.1293E6	
1213	-6.8253E-1	1.8252E2	1.4460E0	2.1315E6	
1214	-6.8222E-1	1.8297E2	1.4516E0	2.1337E6	
1215	-6.8352E-1	1.8105E2	1.4572E0	2.1359E6	
1216	-6.8161E-1	1.8388E2	1.4628E0	2.1381E6	
1217	-6.8268E-1	1.8229E2	1.4683E0	2.1404E6	
1218	-6.8253E-1	1.8252E2	1.4739E0	2.1426E6	
1219	-6.8359E-1	1.8093E2	1.4794E0	2.1448E6	
1220	-6.8398E-1	1.8037E2	1.4851E0	2.1470E6	
1221	-6.8398E-1	1.8037E2	1.4907E0	2.1492E6	
1222	-6.8138E-1	1.8422E2	1.4964E0	2.1515E6	
1223	-6.8275E-1	1.8218E2	1.5020E0	2.1537E6	
1224	-6.8207E-1	1.8320E2	1.5076E0	2.1559E6	
1225	-6.8169E-1	1.8377E2	1.5133E0	2.1581E6	
1226	-6.8245E-1	1.8263E2	1.5189E0	2.1603E6	
1227	-6.8649E-1	1.7663E2	1.5245E0	2.1626E6	
1228	-6.8192E-1	1.8343E2	1.5301E0	2.1648E6	
1229	-6.8474E-1	1.7924E2	1.5358E0	2.1670E6	
1230	-6.8497E-1	1.7890E2	1.5414E0	2.1692E6	
1231	-6.8382E-1	1.8060E2	1.5472E0	2.1714E6	
1232	-6.8413E-1	1.8014E2	1.5528E0	2.1737E6	
1233	-6.8527E-1	1.7844E2	1.5585E0	2.1759E6	
1234	-6.8466E-1	1.7935E2	1.5641E0	2.1781E6	
1235	-6.8611E-1	1.7720E2	1.5698E0	2.1803E6	
1236	-6.8672E-1	1.7629E2	1.5755E0	2.1825E6	
1237	-6.8703E-1	1.7584E2	1.5812E0	2.1848E6	
1238	-6.8710E-1	1.7573E2	1.5870E0	2.1870E6	
1239	-6.8726E-1	1.7550E2	1.5927E0	2.1892E6	
1240	-6.8451E-1	1.7958E2	1.5983E0	2.1914E6	
1241	-6.8634E-1	1.7686E2	1.6041E0	2.1936E6	
1242	-6.8550E-1	1.7810E2	1.6098E0	2.1959E6	
1243	-6.8810E-1	1.7425E2	1.6155E0	2.1981E6	
1244	-6.8695E-1	1.7595E2	1.6212E0	2.2003E6	
1245	-6.8581E-1	1.7765E2	1.6270E0	2.2025E6	
1246	-6.8794E-1	1.7448E2	1.6327E0	2.2047E6	
1247	-6.8527E-1	1.7844E2	1.6383E0	2.2070E6	
1248	-6.9122E-1	1.6961E2	1.6441E0	2.2092E6	
1249	-6.8924E-1	1.7256E2	1.6499E0	2.2114E6	
1250	-6.8825E-1	1.7403E2	1.6556E0	2.2136E6	
1251	-6.8886E-1	1.7312E2	1.6613E0	2.2158E6	
1252	-6.8863E-1	1.7346E2	1.6671E0	2.2181E6	
1253	-6.9000E-1	1.7142E2	1.6728E0	2.2203E6	
1254	-6.9000E-1	1.7142E2	1.6787E0	2.2225E6	
1255	-6.9107E-1	1.6984E2	1.6844E0	2.2247E6	
1256	-6.9016E-1	1.7120E2	1.6902E0	2.2269E6	
1257	-6.8779E-1	1.7471E2	1.6961E0	2.2292E6	
1258	-6.9107E-1	1.6984E2	1.7018E0	2.2314E6	
1259	-6.9138E-1	1.6939E2	1.7076E0	2.2336E6	
1260	-6.9191E-1	1.6859E2	1.7134E0	2.2358E6	
1261	-6.8954E-1	1.7210E2	1.7192E0	2.2380E6	
1262	-6.9351E-1	1.6622E2	1.7251E0	2.2403E6	
1263	-6.9191E-1	1.6859E2	1.7308E0	2.2425E6	
1264	-6.9031E-1	1.7097E2	1.7366E0	2.2447E6	
1265	-6.9016E-1	1.7120E2	1.7424E0	2.2469E6	
1266	-6.9000E-1	1.7142E2	1.7483E0	2.2491E6	
1267	-6.8771E-1	1.7482E2	1.7541E0	2.2514E6	
1268	-6.9489E-1	1.6418E2	1.7599E0	2.2536E6	
1269	-6.9092E-1	1.7007E2	1.7658E0	2.2558E6	
1270	-6.9206E-1	1.6837E2	1.7716E0	2.2580E6	
1271	-6.9107E-1	1.6984E2	1.7774E0	2.2602E6	
1272	-6.9115E-1	1.6973E2	1.7833E0	2.2625E6	
1273	-6.9160E-1	1.6905E2	1.7891E0	2.2647E6	
1274	-6.9374E-1	1.6588E2	1.7951E0	2.2669E6	
1275	-6.9435E-1	1.6497E2	1.8008E0	2.2691E6	
1276	-6.9016E-1	1.7120E2	1.8068E0	2.2713E6	
1277	-6.9344E-1	1.6633E2	1.8126E0	2.2736E6	
1278	-6.9427E-1	1.6508E2	1.8185E0	2.2758E6	
1279	-6.9214E-1	1.6825E2	1.8243E0	2.2780E6	
1280	-6.9275E-1	1.6735E2	1.8302E0	2.2802E6	
1281	-6.9321E-1	1.6667E2	1.8361E0	2.2824E6	
1282	-6.9519E-1	1.6372E2	1.8419E0	2.2847E6	
1283	-6.9420E-1	1.6520E2	1.8479E0	2.2869E6	
1284	-6.9519E-1	1.6372E2	1.8538E0	2.2891E6	
1285	-6.9405E-1	1.6542E2	1.8597E0	2.2913E6	
1286	-6.9481E-1	1.6429E2	1.8656E0	2.2935E6	
1287	-6.9443E-1	1.6486E2	1.8715E0	2.2958E6	
1288	-6.9443E-1	1.6486E2	1.8774E0	2.2980E6	
1289	-6.9351E-1	1.6622E2	1.8833E0	2.3002E6	
1290	-6.9595E-1	1.6259E2	1.8892E0	2.3024E6	
1291	-6.9542E-1	1.6338E2	1.8952E0	2.3046E6	
1292	-6.9534E-1	1.6350E2	1.9010E0	2.3069E6	
1293	-6.9656E-1	1.6169E2	1.9071E0	2.3091E6	
1294	-6.9527E-1	1.6361E2	1.9130E0	2.3113E6	
1295	-6.9672E-1	1.6146E2	1.9188E0	2.3135E6	
1296	-6.9534E-1	1.6350E2	1.9248E0	2.3157E6	
1297	-6.9717E-1	1.6078E2	1.9309E0	2.3180E6	
1298	-6.9633E-1	1.6203E2	1.9367E0	2.3202E6	
1299	-6.9626E-1	1.6214E2	1.9427E0	2.3224E6	
1300	-6.9778E-1	1.5987E2	1.9487E0	2.3246E6	
1301	-6.9756E-1	1.6021E2	1.9547E0	2.3268E6	
1302	-6.9527E-1	1.6361E2	1.9606E0	2.3291E6	
1303	-6.9893E-1	1.5818E2	1.9665E0	2.3313E6	
1304	-6.9695E-1	1.6112E2	1.9726E0	2.3335E6	
1305	-6.9672E-1	1.6146E2	1.9785E0	2.3357E6	
1306	-6.9817E-1	1.5931E2	1.9845E0	2.3379E6	
1307	-6.9946E-1	1.5738E2	1.9905E0	2.3402E6	
1308	-7.0053E-1	1.5580E2	1.9966E0	2.3424E6	
1309	-6.9763E-1	1.6010E2	2.0025E0	2.3446E6	
1310	-6.9801E-1	1.5954E2	2.0085E0	2.3468E6	
1311	-7.0129E-1	1.5467E2	2.0146E0	2.3490E6	
1312	-6.9901E-1	1.5806E2	2.0206E0	2.3513E6	
1313	-7.0053E-1	1.5580E2	2.0266E0	2.3535E6	
1314	-7.0122E-1	1.5478E2	2.0327E0	2.3557E6	
1315	-6.9946E-1	1.5738E2	2.0387E0	2.3579E6	
1316	-6.9870E-1	1.5852E2	2.0447E0	2.3601E6	
1317	-6.9901E-1	1.5806E2	2.0507E0	2.3624E6	
1318	-6.9939E-1	1.5750E2	2.0568E0	2.3646E6	
1319	-7.0091E-1	1.5523E2	2.0628E0	2.3668E6	
1320	-6.9969E-1	1.5704E2	2.0689E0	2.3690E6	
1321	-7.0099E-1	1.5512E2	2.0749E0	2.3712E6	
1322	-7.0168E-1	1.5410E2	2.0810E0	2.3735E6	
1323	-7.0236E-1	1.5308E2	2.0870E0	2.3757E6	
1324	-7.0175E-1	1.5399E2	2.0931E0	2.3779E6	
1325	-7.0396E-1	1.5070E2	2.0992E0	2.3801E6	
1326	-7.0328E-1	1.5172E2	2.1053E0	2.3823E6	
1327	-7.0221E-1	1.5331E2	2.1113E0	2.3846E6	
1328	-7.0122E-1	1.5478E2	2.1175E0	2.3868E6	
1329	-7.0175E-1	1.5399E2	2.1235E0	2.3890E6	
1330	-7.0320E-1	1.5184E2	2.1296E0	2.3912E6	
1331	-7.0297E-1	1.5218E2	2.1357E0	2.3934E6	
1332	-7.0366E-1	1.5116E2	2.1419E0	2.3957E6	
1333	-7.0419E-1	1.5036E2	2.1480E0	2.3979E6	
1334	-7.0366E-1	1.5116E2	2.1541E0	2.4001E6	
1335	-7.0213E-1	1.5342E2	2.1602E0	2.4023E6	
1336	-7.0419E-1	1.5036E2	2.1663E0	2.4045E6	
1337	-7.0702E-1	1.4617E2	2.1725E0	2.4068E6	
1338	-7.0511E-1	1.4901E2	2.1787E0	2.4090E6	
1339	-7.0534E-1	1.4867E2	2.1848E0	2.4112E6	
1340	-7.0740E-1	1.4561E2	2.1909E0	2.4134E6	
1341	-7.0465E-1	1.4968E2	2.1970E0	2.4156E6	
1342	-7.0580E-1	1.4799E2	2.2033E0	2.4179E6	
1343	-7.0869E-1	1.4368E2	2.2095E0	2.4201E6	
1344	-7.0518E-1	1.4889E2	2.2156E0	2.4223E6	
1345	-7.0793E-1	1.4482E2	2.2218E0	2.4245E6	
1346	-7.0770E-1	1.4516E2	2.2280E0	2.4267E6	
1347	-7.0526E-1	1.4878E2	2.2341E0	2.4290E6	
1348	-7.0518E-1	1.4889E2	2.2402E0	2.4312E6	
1349	-7.0816E-1	1.4448E2	2.2464E0	2.4334E6	
1350	-7.0702E-1	1.4617E2	2.2527E0	2.4356E6	
1351	-7.0900E-1	1.4323E2	2.2589E0	2.4378E6	
1352	-7.0778E-1	1.4504E2	2.2651E0	2.4401E6	
1353	-7.0694E-1	1.4629E2	2.2713E0	2.4423E6	
1354	-7.0763E-1	1.4527E2	2.2776E0	2.4445E6	
1355	-7.0839E-1	1.4414E2	2.2837E0	2.4467E6	
1356	-7.0602E-1	1.4765E2	2.2900E0	2.4489E6	
1357	-7.0557E-1	1.4833E2	2.2962E0	2.4512E6	
1358	-7.0816E-1	1.4448E2	2.3024E0	2.4534E6	
1359	-7.1045E-1	1.4108E2	2.3088E0	2.4556E6	
1360	-7.0724E-1	1.4583E2	2.3150E0	2.4578E6	
1361	-7.0854E-1	1.4391E2	2.3212E0	2.4600E6	
1362	-7.1037E-1	1.4119E2	2.3274E0	2.4623E6	
1363	-7.0686E-1	1.4640E2	2.3336E0	2.4645E6	
1364	-7.0854E-1	1.4391E2	2.3399E0	2.4667E6	
1365	-7.1037E-1	1.4119E2	2.3462E0	2.4689E6	
1366	-7.0923E-1	1.4289E2	2.3526E0	2.4711E6	
1367	-7.0969E-1	1.4221E2	2.3588E0	2.4734E6	
1368	-7.0702E-1	1.4617E2	2.3650E0	2.4756E6	
1369	-7.0892E-1	1.4334E2	2.3713E0	2.4778E6	
1370	-7.0938E-1	1.4266E2	2.3776E0	2.4800E6	
1371	-7.1060E-1	1.4085E2	2.3839E0	2.4822E6	
1372	-7.1182E-1	1.3904E2	2.3903E0	2.4845E6	
1373	-7.1121E-1	1.3995E2	2.3965E0	2.4867E6	
1374	-7.1152E-1	1.3949E2	2.4028E0	2.4889E6	
1375	-7.0908E-1	1.4312E2	2.4092E0	2.4911E6	
1376	-7.1007E-1	1.4165E2	2.4155E0	2.4933E6	
1377	-7.1083E-1	1.4051E2	2.4218E0	2.4956E6	
1378	-7.1022E-1	1.4142E2	2.4282E0	2.4978E6	
1379	-7.1236E-1	1.3825E2	2.4345E0	2.5000E6	
1380	-7.1312E-1	1.3712E2	2.4408E0	2.5022E6	
1381	-7.1220E-1	1.3848E2	2.4472E0	2.5044E6	
1382	-7.1098E-1	1.4029E2	2.4535E0	2.5067E6	
1383	-7.1228E-1	1.3836E2	2.4598E0	2.5089E6	
1384	-7.1228E-1	1.3836E2	2.4663E0	2.5111E6	
1385	-7.1274E-1	1.3768E2	2.4726E0	2.5133E6	
1386	-7.1304E-1	1.3723E2	2.4789E0	2.5155E6	
1387	-7.1297E-1	1.3734E2	2.4853E0	2.5178E6	
1388	-7.1129E-1	1.3983E2	2.4916E0	2.5200E6	
1389	-7.1480E-1	1.3463E2	2.4980E0	2.5222E6	
1390	-7.1609E-1	1.3270E2	2.5044E0	2.5244E6	
1391	-7.1648E-1	1.3213E2	2.5107E0	2.5266E6	
1392	-7.1297E-1	1.3734E2	2.5172E0	2.5289E6	
1393	-7.1686E-1	1.3157E2	2.5236E0	2.5311E6	
1394	-7.1472E-1	1.3474E2	2.5299E0	2.5333E6	
1395	-7.1625E-1	1.3247E2	2.5365E0	2.5355E6	
1396	-7.1579E-1	1.3315E2	2.5429E0	2.5377E6	
1397	-7.2029E-1	1.2647E2	2.5493E0	2.5400E6	
1398	-7.1632E-1	1.3236E2	2.5556E0	2.5422E6	
1399	-7.1915E-1	1.2817E2	2.5621E0	2.5444E6	
1400	-7.1892E-1	1.2851E2	2.5685E0	2.5466E6	
1401	-7.1732E-1	1.3089E2	2.5749E0	2.5488E6	
1402	-7.1838E-1	1.2930E2	2.5814E0	2.5511E6	
1403	-7.1640E-1	1.3225E2	2.5878E0	2.5533E6	
1404	-7.1701E-1	1.3134E2	2.5943E0	2.5555E6	
1405	-7.1671E-1	1.3179E2	2.6008E0	2.5577E6	
1406	-7.1815E-1	1.2964E2	2.6071E0	2.5599E6	
1407	-7.1724E-1	1.3100E2	2.6136E0	2.5622E6	
1408	-7.1968E-1	1.2738E2	2.6201E0	2.5644E6	
1409	-7.1785E-1	1.3010E2	2.6265E0	2.5666E6	
1410	-7.1968E-1	1.2738E2	2.6330E0	2.5688E6	
1411	-7.1915E-1	1.2817E2	2.6394E0	2.5710E6	
1412	-7.1938E-1	1.2783E2	2.6459E0	2.5733E6	
1413	-7.1762E-1	1.3044E2	2.6525E0	2.5755E6	
1414	-7.1823E-1	1.2953E2	2.6590E0	2.5777E6	
1415	-7.1976E-1	1.2727E2	2.6654E0	2.5799E6	
1416	-7.1671E-1	1.3179E2	2.6719E0	2.5821E6	
1417	-7.2044E-1	1.2625E2	2.6783E0	2.5844E6	
1418	-7.2014E-1	1.2670E2	2.6849E0	2.5866E6	
1419	-7.2113E-1	1.2523E2	2.6913E0	2.5888E6	
1420	-7.1838E-1	1.2930E2	2.6980E0	2.5910E6	
1421	-7.1892E-1	1.2851E2	2.7044E0	2.5932E6	
1422	-7.2105E-1	1.2534E2	2.7110E0	2.5955E6	
1423	-7.1899E-1	1.2840E2	2.7174E0	2.5977E6	
1424	-7.2090E-1	1.2557E2	2.7240E0	2.5999E6	
1425	-7.2128E-1	1.2500E2	2.7305E0	2.6021E6	
1426	-7.2258E-1	1.2308E2	2.7370E0	2.6043E6	
1427	-7.2205E-1	1.2387E2	2.7436E0	2.6066E6	
1428	-7.2243E-1	1.2330E2	2.7502E0	2.6088E6	
1429	-7.2235E-1	1.2342E2	2.7567E0	2.6110E6	
1430	-7.2380E-1	1.2126E2	2.7633E0	2.6132E6	
1431	-7.2205E-1	1.2387E2	2.7698E0	2.6154E6	
1432	-7.2395E-1	1.2104E2	2.7764E0	2.6177E6	
1433	-7.2189E-1	1.2410E2	2.7830E0	2.6199E6	
1434	-7.2533E-1	1.1900E2	2.7895E0	2.6221E6	
1435	-7.2197E-1	1.2398E2	2.7961E0	2.6243E6	
1436	-7.2166E-1	1.2444E2	2.8026E0	2.6265E6	
1437	-7.2250E-1	1.2319E2	2.8092E0	2.6288E6	
1438	-7.2487E-1	1.1968E2	2.8158E0	2.6310E6	
1439	-7.2258E-1	1.2308E2	2.8224E0	2.6332E6	
1440	-7.2319E-1	1.2217E2	2.8289E0	2.6354E6	
1441	-7.2594E-1	1.1809E2	2.8357E0	2.6376E6	
1442	-7.2510E-1	1.1934E2	2.8423E0	2.6399E6	
1443	-7.2296E-1	1.2251E2	2.8488E0	2.6421E6	
1444	-7.2571E-1	1.1843E2	2.8554E0	2.6443E6	
1445	-7.2556E-1	1.1866E2	2.8621E0	2.6465E6	
1446	-7.2289E-1	1.2262E2	2.8687E0	2.6487E6	
1447	-7.2662E-1	1.1708E2	2.8753E0	2.6510E6	
1448	-7.2556E-1	1.1866E2	2.8819E0	2.6532E6	
1449	-7.2533E-1	1.1900E2	2.8885E0	2.6554E6	
1450	-7.2807E-1	1.1492E2	2.8952E0	2.6576E6	
1451	-7.2723E-1	1.1617E2	2.9018E0	2.6598E6	
1452	-7.2632E-1	1.1753E2	2.9086E0	2.6621E6	
1453	-7.2701E-1	1.1651E2	2.9151E0	2.6643E6	
1454	-7.2563E-1	1.1855E2	2.9218E0	2.6665E6	
1455	-7.2746E-1	1.1583E2	2.9284E0	2.6687E6	
1456	-7.2731E-1	1.1606E2	2.9351E0	2.6709E6	
1457	-7.2876E-1	1.1391E2	2.9418E0	2.6732E6	
1458	-7.2800E-1	1.1504E2	2.9485E0	2.6754E6	
1459	-7.2838E-1	1.1447E2	2.9551E0	2.6776E6	
1460	-7.2754E-1	1.1572E2	2.9618E0	2.6798E6	
1461	-7.3051E-1	1.1130E2	2.9685E0	2.6820E6	
1462	-7.2960E-1	1.1266E2	2.9751E0	2.6843E6	
1463	-7.3097E-1	1.1062E2	2.9818E0	2.6865E6	
1464	-7.3051E-1	1.1130E2	2.9885E0	2.6887E6	
1465	-7.2838E-1	1.1447E2	2.9953E0	2.6909E6	
1466	-7.3112E-1	1.1040E2	3.0020E0	2.6931E6	
1467	-7.2777E-1	1.1538E2	3.0087E0	2.6954E6	
1468	-7.3051E-1	1.1130E2	3.0154E0	2.6976E6	
1469	-7.3196E-1	1.0915E2	3.0220E0	2.6998E6	
1470	-7.3051E-1	1.1130E2	3.0287E0	2.7020E6	
1471	-7.3196E-1	1.0915E2	3.0354E0	2.7042E6	
1472	-7.3174E-1	1.0949E2	3.0422E0	2.7065E6	
1473	-7.3036E-1	1.1153E2	3.0489E0	2.7087E6	
1474	-7.3242E-1	1.0847E2	3.0556E0	2.7109E6	
1475	-7.3242E-1	1.0847E2	3.0624E0	2.7131E6	
1476	-7.3265E-1	1.0813E2	3.0692E0	2.7153E6	
1477	-7.3349E-1	1.0689E2	3.0758E0	2.7176E6	
1478	-7.3288E-1	1.0779E2	3.0826E0	2.7198E6	
1479	-7.3235E-1	1.0858E2	3.0894E0	2.7220E6	
1480	-7.3334E-1	1.0711E2	3.0961E0	2.7242E6	
1481	-7.3425E-1	1.0575E2	3.1029E0	2.7264E6	
1482	-7.3433E-1	1.0564E2	3.1096E0	2.7287E6	
1483	-7.3349E-1	1.0689E2	3.1164E0	2.7309E6	
1484	-7.3486E-1	1.0485E2	3.1232E0	2.7331E6	
1485	-7.3448E-1	1.0541E2	3.1299E0	2.7353E6	
1486	-7.3456E-1	1.0530E2	3.1367E0	2.7375E6	
1487	-7.3410E-1	1.0598E2	3.1435E0	2.7398E6	
1488	-7.3387E-1	1.0632E2	3.1503E0	2.7420E6	
1489	-7.3593E-1	1.0326E2	3.1570E0	2.7442E6	
1490	-7.3494E-1	1.0473E2	3.1640E0	2.7464E6	
1491	-7.3723E-1	1.0134E2	3.1707E0	2.7486E6	
1492	-7.3593E-1	1.0326E2	3.1775E0	2.7509E6	
1493	-7.3593E-1	1.0326E2	3.1843E0	2.7531E6	
1494	-7.3425E-1	1.0575E2	3.1911E0	2.7553E6	
1495	-7.3494E-1	1.0473E2	3.1979E0	2.7575E6	
1496	-7.3524E-1	1.0428E2	3.2048E0	2.7597E6	
1497	-7.3685E-1	1.0190E2	3.2116E0	2.7620E6	
1498	-7.3662E-1	1.0224E2	3.2185E0	2.7642E6	
1499	-7.3547E-1	1.0394E2	3.2253E0	2.7664E6	
1500	-7.3761E-1	1.0077E2	3.2321E0	2.7686E6	
1501	-7.3898E-1	9.8733E1	3.2389E0	2.7708E6	
1502	-7.3814E-1	9.9978E1	3.2457E0	2.7731E6	
1503	-7.3997E-1	9.7261E1	3.2526E0	2.7753E6	
1504	-7.3578E-1	1.0349E2	3.2595E0	2.7775E6	
1505	-7.3837E-1	9.9639E1	3.2663E0	2.7797E6	
1506	-7.4028E-1	9.6808E1	3.2731E0	2.7819E6	
1507	-7.3792E-1	1.0032E2	3.2801E0	2.7842E6	
1508	-7.3769E-1	1.0066E2	3.2868E0	2.7864E6	
1509	-7.3868E-1	9.9186E1	3.2937E0	2.7886E6	
1510	-7.3837E-1	9.9639E1	3.3006E0	2.7908E6	
1511	-7.4051E-1	9.6468E1	3.3074E0	2.7930E6	
1512	-7.4104E-1	9.5676E1	3.3144E0	2.7953E6	
1513	-7.3814E-1	9.9978E1	3.3212E0	2.7975E6	
1514	-7.4051E-1	9.6468E1	3.3281E0	2.7997E6	
1515	-7.3936E-1	9.8167E1	3.3350E0	2.8019E6	
1516	-7.3906E-1	9.8620E1	3.3419E0	2.8041E6	
1517	-7.4173E-1	9.4657E1	3.3487E0	2.8064E6	
1518	-7.3814E-1	9.9978E1	3.3557E0	2.8086E6	
1519	-7.4211E-1	9.4091E1	3.3626E0	2.8108E6	
1520	-7.3990E-1	9.7374E1	3.3694E0	2.8130E6	
1521	-7.4310E-1	9.2619E1	3.3763E0	2.8152E6	
1522	-7.4394E-1	9.1373E1	3.3833E0	2.8175E6	
1523	-7.4181E-1	9.4544E1	3.3902E0	2.8197E6	
1524	-7.4242E-1	9.3638E1	3.3972E0	2.8219E6	
1525	-7.4539E-1	8.9222E1	3.4041E0	2.8241E6	
1526	-7.4112E-1	9.5563E1	3.4110E0	2.8263E6	
1527	-7.4211E-1	9.4091E1	3.4180E0	2.8286E6	
1528	-7.4379E-1	9.1600E1	3.4249E0	2.8308E6	
1529	-7.4455E-1	9.0467E1	3.4319E0	2.8330E6	
1530	-7.4432E-1	9.0807E1	3.4388E0	2.8352E6	
1531	-7.4203E-1	9.4204E1	3.4458E0	2.8374E6	
1532	-7.4341E-1	9.2166E1	3.4527E0	2.8397E6	
1533	-7.4493E-1	8.9901E1	3.4596E0	2.8419E6	
1534	-7.4379E-1	9.1600E1	3.4666E0	2.8441E6	
1535	-7.4486E-1	9.0015E1	3.4736E0	2.8463E6	
1536	-7.4745E-1	8.6165E1	3.4806E0	2.8485E6	
1537	-7.4799E-1	8.5372E1	3.4875E0	2.8508E6	
1538	-7.4501E-1	8.9788E1	3.4944E0	2.8530E6	
1539	-7.4562E-1	8.8882E1	3.5014E0	2.8552E6	
1540	-7.4699E-1	8.6844E1	3.5085E0	2.8574E6	
1541	-7.4806E-1	8.5259E1	3.5154E0	2.8596E6	
1542	-7.4837E-1	8.4806E1	3.5225E0	2.8619E6	
1543	-7.4669E-1	8.7297E1	3.5294E0	2.8641E6	
1544	-7.4715E-1	8.6618E1	3.5364E0	2.8663E6	
1545	-7.4753E-1	8.6052E1	3.5435E0	2.8685E6	
1546	-7.4692E-1	8.6957E1	3.5504E0	2.8707E6	
1547	-7.4783E-1	8.5599E1	3.5575E0	2.8730E6	
1548	-7.4883E-1	8.4127E1	3.5644E0	2.8752E6	
1549	-7.4844E-1	8.4693E1	3.5715E0	2.8774E6	
1550	-7.4951E-1	8.3108E1	3.5785E0	2.8796E6	
1551	-7.5104E-1	8.0843E1	3.5855E0	2.8818E6	
1552	-7.5005E-1	8.2315E1	3.5925E0	2.8841E6	
1553	-7.5012E-1	8.2202E1	3.5996E0	2.8863E6	
1554	-7.5089E-1	8.1070E1	3.6066E0	2.8885E6	
1555	-7.4913E-1	8.3674E1	3.6136E0	2.8907E6	
1556	-7.4898E-1	8.3900E1	3.6208E0	2.8929E6	
1557	-7.4898E-1	8.3900E1	3.6277E0	2.8952E6	
1558	-7.4928E-1	8.3447E1	3.6348E0	2.8974E6	
1559	-7.5020E-1	8.2089E1	3.6418E0	2.8996E6	
1560	-7.5020E-1	8.2089E1	3.6489E0	2.9018E6	
1561	-7.4837E-1	8.4806E1	3.6559E0	2.9040E6	
1562	-7.4921E-1	8.3561E1	3.6630E0	2.9063E6	
1563	-7.5096E-1	8.0956E1	3.6700E0	2.9085E6	
1564	-7.5150E-1	8.0164E1	3.6770E0	2.9107E6	
1565	-7.5188E-1	7.9598E1	3.6841E0	2.9129E6	
1566	-7.5233E-1	7.8918E1	3.6912E0	2.9151E6	
1567	-7.5180E-1	7.9711E1	3.6984E0	2.9174E6	
1568	-7.5157E-1	8.0051E1	3.7054E0	2.9196E6	
1569	-7.5188E-1	7.9598E1	3.7125E0	2.9218E6	
1570	-7.5241E-1	7.8805E1	3.7196E0	2.9240E6	
1571	-7.5096E-1	8.0956E1	3.7267E0	2.9262E6	
1572	-7.5317E-1	7.7673E1	3.7337E0	2.9285E6	
1573	-7.5104E-1	8.0843E1	3.7408E0	2.9307E6	
1574	-7.5287E-1	7.8126E1	3.7480E0	2.9329E6	
1575	-7.5348E-1	7.7220E1	3.7551E0	2.9351E6	
1576	-7.5531E-1	7.4503E1	3.7622E0	2.9373E6	
1577	-7.5401E-1	7.6427E1	3.7693E0	2.9396E6	
1578	-7.5508E-1	7.4842E1	3.7765E0	2.9418E6	
1579	-7.5188E-1	7.9598E1	3.7835E0	2.9440E6	
1580	-7.5539E-1	7.4389E1	3.7907E0	2.9462E6	
1581	-7.5356E-1	7.7107E1	3.7978E0	2.9484E6	
1582	-7.5554E-1	7.4163E1	3.8049E0	2.9507E6	
1583	-7.5592E-1	7.3597E1	3.8122E0	2.9529E6	
1584	-7.5706E-1	7.1898E1	3.8193E0	2.9551E6	
1585	-7.5447E-1	7.5748E1	3.8263E0	2.9573E6	
1586	-7.5523E-1	7.4616E1	3.8336E0	2.9595E6	
1587	-7.5500E-1	7.4955E1	3.8407E0	2.9618E6	
1588	-7.5684E-1	7.2238E1	3.8478E0	2.9640E6	
1589	-7.5989E-1	6.7709E1	3.8548E0	2.9662E6	
1590	-7.5630E-1	7.3031E1	3.8621E0	2.9684E6	
1591	-7.5554E-1	7.4163E1	3.8693E0	2.9706E6	
1592	-7.5737E-1	7.1445E1	3.8764E0	2.9729E6	
1593	-7.5813E-1	7.0313E1	3.8835E0	2.9751E6	
1594	-7.5943E-1	6.8388E1	3.8907E0	2.9773E6	
1595	-7.5981E-1	6.7822E1	3.8979E0	2.9795E6	
1596	-7.5935E-1	6.8502E1	3.9051E0	2.9817E6	
1597	-7.5912E-1	6.8841E1	3.9122E0	2.9840E6	
1598	-7.5661E-1	7.2578E1	3.9195E0	2.9862E6	
1599	-7.5836E-1	6.9974E1	3.9267E0	2.9884E6	
1600	-7.5813E-1	7.0313E1	3.9339E0	2.9906E6	
1601	-7.6019E-1	6.7256E1	3.9411E0	2.9928E6	
1602	-7.5783E-1	7.0766E1	3.9483E0	2.9951E6	
1603	-7.6088E-1	6.6237E1	3.9554E0	2.9973E6	
1604	-7.5974E-1	6.7936E1	3.9627E0	2.9995E6	
1605	-7.5974E-1	6.7936E1	3.9699E0	3.0017E6	
1606	-7.6202E-1	6.4539E1	3.9772E0	3.0039E6	
1607	-7.5996E-1	6.7596E1	3.9844E0	3.0062E6	
1608	-7.5890E-1	6.9181E1	3.9916E0	3.0084E6	
1609	-7.6157E-1	6.5218E1	3.9988E0	3.0106E6	
1610	-7.6340E-1	6.2501E1	4.0060E0	3.0128E6	
1611	-7.5920E-1	6.8728E1	4.0132E0	3.0150E6	
1612	-7.5966E-1	6.8049E1	4.0205E0	3.0173E6	
1613	-7.6088E-1	6.6237E1	4.0277E0	3.0195E6	
1614	-7.6027E-1	6.7143E1	4.0350E0	3.0217E6	
1615	-7.6195E-1	6.4652E1	4.0422E0	3.0239E6	
1616	-7.6126E-1	6.5671E1	4.0494E0	3.0261E6	
1617	-7.6355E-1	6.2274E1	4.0567E0	3.0284E6	
1618	-7.6317E-1	6.2840E1	4.0640E0	3.0306E6	
1619	-7.6347E-1	6.2387E1	4.0712E0	3.0328E6	
1620	-7.6309E-1	6.2954E1	4.0785E0	3.0350E6	
1621	-7.6248E-1	6.3859E1	4.0858E0	3.0372E6	
1622	-7.6439E-1	6.1029E1	4.0929E0	3.0395E6	
1623	-7.6508E-1	6.0010E1	4.1003E0	3.0417E6	
1624	-7.6660E-1	5.7745E1	4.1075E0	3.0439E6	
1625	-7.6385E-1	6.1821E1	4.1148E0	3.0461E6	
1626	-7.6279E-1	6.3406E1	4.1221E0	3.0483E6	
1627	-7.6439E-1	6.1029E1	4.1293E0	3.0506E6	
1628	-7.6561E-1	5.9217E1	4.1367E0	3.0528E6	
1629	-7.6515E-1	5.9896E1	4.1439E0	3.0550E6	
1630	-7.6569E-1	5.9104E1	4.1512E0	3.0572E6	
1631	-7.6530E-1	5.9670E1	4.1585E0	3.0594E6	
1632	-7.6408E-1	6.1482E1	4.1658E0	3.0617E6	
1633	-7.6538E-1	5.9557E1	4.1731E0	3.0639E6	
1634	-7.6607E-1	5.8538E1	4.1804E0	3.0661E6	
1635	-7.6675E-1	5.7519E1	4.1878E0	3.0683E6	
1636	-7.6935E-1	5.3669E1	4.1950E0	3.0705E6	
1637	-7.6981E-1	5.2990E1	4.2023E0	3.0728E6	
1638	-7.6515E-1	5.9896E1	4.2097E0	3.0750E6	
1639	-7.6859E-1	5.4801E1	4.2169E0	3.0772E6	
1640	-7.6675E-1	5.7519E1	4.2243E0	3.0794E6	
1641	-7.6782E-1	5.5934E1	4.2316E0	3.0816E6	
1642	-7.6797E-1	5.5707E1	4.2388E0	3.0839E6	
1643	-7.6965E-1	5.3216E1	4.2463E0	3.0861E6	
1644	-7.6797E-1	5.5707E1	4.2536E0	3.0883E6	
1645	-7.6942E-1	5.3556E1	4.2609E0	3.0905E6	
1646	-7.6912E-1	5.4009E1	4.2683E0	3.0927E6	
1647	-7.7026E-1	5.2310E1	4.2756E0	3.0950E6	
1648	-7.6927E-1	5.3782E1	4.2829E0	3.0972E6	
1649	-7.7095E-1	5.1291E1	4.2902E0	3.0994E6	
1650	-7.7095E-1	5.1291E1	4.2976E0	3.1016E6	
1651	-7.7309E-1	4.8121E1	4.3050E0	3.1038E6	
1652	-7.7026E-1	5.2310E1	4.3123E0	3.1061E6	
1653	-7.7324E-1	4.7895E1	4.3196E0	3.1083E6	
1654	-7.7103E-1	5.1178E1	4.3271E0	3.1105E6	
1655	-7.7148E-1	5.0499E1	4.3345E0	3.1127E6	
1656	-7.7156E-1	5.0386E1	4.3418E0	3.1149E6	
1657	-7.7408E-1	4.6649E1	4.3491E0	3.1172E6	
1658	-7.7202E-1	4.9706E1	4.3566E0	3.1194E6	
1659	-7.7156E-1	5.0386E1	4.3638E0	3.1216E6	
1660	-7.7095E-1	5.1291E1	4.3713E0	3.1238E6	
1661	-7.7248E-1	4.9027E1	4.3787E0	3.1260E6	
1662	-7.7133E-1	5.0725E1	4.3860E0	3.1283E6	
1663	-7.7301E-1	4.8234E1	4.3935E0	3.1305E6	
1664	-7.7492E-1	4.5404E1	4.4009E0	3.1327E6	
1665	-7.7362E-1	4.7328E1	4.4082E0	3.1349E6	
1666	-7.7393E-1	4.6876E1	4.4157E0	3.1371E6	
1667	-7.7545E-1	4.4611E1	4.4229E0	3.1394E6	
1668	-7.7568E-1	4.4271E1	4.4304E0	3.1416E6	
1669	-7.7553E-1	4.4498E1	4.4377E0	3.1438E6	
1670	-7.7606E-1	4.3705E1	4.4453E0	3.1460E6	
1671	-7.7545E-1	4.4611E1	4.4526E0	3.1482E6	
1672	-7.7522E-1	4.4951E1	4.4600E0	3.1505E6	
1673	-7.7705E-1	4.2233E1	4.4675E0	3.1527E6	
1674	-7.7606E-1	4.3705E1	4.4749E0	3.1549E6	
1675	-7.7637E-1	4.3252E1	4.4823E0	3.1571E6	
1676	-7.7545E-1	4.4611E1	4.4897E0	3.1593E6	
1677	-7.7629E-1	4.3366E1	4.4971E0	3.1616E6	
1678	-7.7705E-1	4.2233E1	4.5045E0	3.1638E6	
1679	-7.7644E-1	4.3139E1	4.5119E0	3.1660E6	
1680	-7.7713E-1	4.2120E1	4.5194E0	3.1682E6	
1681	-7.7766E-1	4.1327E1	4.5268E0	3.1704E6	
1682	-7.7805E-1	4.0761E1	4.5344E0	3.1727E6	
1683	-7.7713E-1	4.2120E1	4.5417E0	3.1749E6	
1684	-7.7812E-1	4.0648E1	4.5492E0	3.1771E6	
1685	-7.7759E-1	4.1441E1	4.5565E0	3.1793E6	
1686	-7.7721E-1	4.2007E1	4.5640E0	3.1815E6	
1687	-7.7667E-1	4.2799E1	4.5714E0	3.1838E6	
1688	-7.7957E-1	3.8497E1	4.5788E0	3.1860E6	
1689	-7.7888E-1	3.9516E1	4.5864E0	3.1882E6	
1690	-7.7812E-1	4.0648E1	4.5938E0	3.1904E6	
1691	-7.8125E-1	3.6006E1	4.6012E0	3.1926E6	
1692	-7.7927E-1	3.8950E1	4.6086E0	3.1949E6	
1693	-7.8156E-1	3.5553E1	4.6162E0	3.1971E6	
1694	-7.7850E-1	4.0082E1	4.6236E0	3.1993E6	
1695	-7.8087E-1	3.6572E1	4.6311E0	3.2015E6	
1696	-7.8239E-1	3.4307E1	4.6386E0	3.2037E6	
1697	-7.8171E-1	3.5326E1	4.6461E0	3.2060E6	
1698	-7.8125E-1	3.6006E1	4.6535E0	3.2082E6	
1699	-7.7972E-1	3.8270E1	4.6609E0	3.2104E6	
1700	-7.8140E-1	3.5779E1	4.6683E0	3.2126E6	
1701	-7.8522E-1	3.0118E1	4.6757E0	3.2148E6	
1702	-7.8049E-1	3.7138E1	4.6833E0	3.2171E6	
1703	-7.8102E-1	3.6346E1	4.6909E0	3.2193E6	
1704	-7.8255E-1	3.4081E1	4.6982E0	3.2215E6	
1705	-7.8186E-1	3.5100E1	4.7057E0	3.2237E6	
1706	-7.8293E-1	3.3515E1	4.7132E0	3.2259E6	
1707	-7.8247E-1	3.4194E1	4.7207E0	3.2282E6	
1708	-7.8407E-1	3.1816E1	4.7281E0	3.2304E6	
1709	-7.8316E-1	3.3175E1	4.7355E0	3.2326E6	
1710	-7.8720E-1	2.7174E1	4.7430E0	3.2348E6	
1711	-7.8278E-1	3.3741E1	4.7506E0	3.2370E6	
1712	-7.8499E-1	3.0458E1	4.7580E0	3.2393E6	
1713	-7.8453E-1	3.1137E1	4.7655E0	3.2415E6	
1714	-7.8430E-1	3.1477E1	4.7730E0	3.2437E6	
1715	-7.8552E-1	2.9665E1	4.7805E0	3.2459E6	
1716	-7.8651E-1	2.8193E1	4.7880E0	3.2481E6	
1717	-7.8842E-1	2.5363E1	4.7955E0	3.2504E6	
1718	-7.8758E-1	2.6608E1	4.8030E0	3.2526E6	
1719	-7.8659E-1	2.8080E1	4.8105E0	3.2548E6	
1720	-7.8827E-1	2.5589E1	4.8180E0	3.2570E6	
1721	-7.8751E-1	2.6721E1	4.8255E0	3.2592E6	
1722	-7.8827E-1	2.5589E1	4.8329E0	3.2615E6	
1723	-7.9086E-1	2.1739E1	4.8405E0	3.2637E6	
1724	-7.8911E-1	2.4344E1	4.8479E0	3.2659E6	
1725	-7.8796E-1	2.6042E1	4.8554E0	3.2681E6	
1726	-7.8827E-1	2.5589E1	4.8630E0	3.2703E6	
1727	-7.8865E-1	2.5023E1	4.8704E0	3.2726E6	
1728	-7.8949E-1	2.3777E1	4.8780E0	3.2748E6	
1729	-7.8850E-1	2.5249E1	4.8854E0	3.2770E6	
1730	-7.8728E-1	2.7061E1	4.8930E0	3.2792E6	
1731	-7.8903E-1	2.4457E1	4.9004E0	3.2814E6	
1732	-7.8926E-1	2.4117E1	4.9079E0	3.2837E6	
1733	-7.9048E-1	2.2306E1	4.9155E0	3.2859E6	
1734	-7.9224E-1	1.9701E1	4.9230E0	3.2881E6	
1735	-7.9216E-1	1.9815E1	4.9304E0	3.2903E6	
1736	-7.9216E-1	1.9815E1	4.9380E0	3.2925E6	
1737	-7.9185E-1	2.0267E1	4.9456E0	3.2948E6	
1738	-7.9216E-1	1.9815E1	4.9531E0	3.2970E6	
1739	-7.9132E-1	2.1060E1	4.9606E0	3.2992E6	
1740	-7.8934E-1	2.4004E1	4.9682E0	3.3014E6	
1741	-7.8850E-1	2.5249E1	4.9755E0	3.3036E6	
1742	-7.9208E-1	1.9928E1	4.9831E0	3.3059E6	
1743	-7.9308E-1	1.8456E1	4.9907E0	3.3081E6	
1744	-7.8934E-1	2.4004E1	4.9982E0	3.3103E6	
1745	-7.9185E-1	2.0267E1	5.0056E0	3.3125E6	
1746	-7.9300E-1	1.8569E1	5.0133E0	3.3147E6	
1747	-7.9056E-1	2.2192E1	5.0208E0	3.3170E6	
1748	-7.9483E-1	1.5852E1	5.0284E0	3.3192E6	
1749	-7.9445E-1	1.6418E1	5.0358E0	3.3214E6	
1750	-7.9483E-1	1.5852E1	5.0433E0	3.3236E6	
1751	-7.9521E-1	1.5286E1	5.0509E0	3.3258E6	
1752	-7.9597E-1	1.4153E1	5.0585E0	3.3281E6	
1753	-7.9185E-1	2.0267E1	5.0660E0	3.3303E6	
1754	-7.9170E-1	2.0494E1	5.0735E0	3.3325E6	
1755	-7.9582E-1	1.4380E1	5.0809E0	3.3347E6	
1756	-7.9453E-1	1.6305E1	5.0886E0	3.3369E6	
1757	-7.9453E-1	1.6305E1	5.0961E0	3.3392E6	
1758	-7.9552E-1	1.4833E1	5.1036E0	3.3414E6	
1759	-7.9895E-1	9.7375E0	5.1110E0	3.3436E6	
1760	-7.9628E-1	1.3700E1	5.1186E0	3.3458E6	
1761	-7.9575E-1	1.4493E1	5.1262E0	3.3480E6	
1762	-7.9445E-1	1.6418E1	5.1337E0	3.3503E6	
1763	-7.9681E-1	1.2908E1	5.1414E0	3.3525E6	
1764	-7.9842E-1	1.0530E1	5.1489E0	3.3547E6	
1765	-7.9742E-1	1.2002E1	5.1563E0	3.3569E6	
1766	-7.9742E-1	1.2002E1	5.1640E0	3.3591E6	
1767	-7.9781E-1	1.1436E1	5.1715E0	3.3614E6	
1768	-7.9727E-1	1.2228E1	5.1789E0	3.3636E6	
1769	-7.9849E-1	1.0417E1	5.1864E0	3.3658E6	
1770	-7.9727E-1	1.2228E1	5.1941E0	3.3680E6	
1771	-8.0048E-1	7.4730E0	5.2015E0	3.3702E6	
1772	-8.0124E-1	6.3407E0	5.2091E0	3.3725E6	
1773	-7.9803E-1	1.1096E1	5.2167E0	3.3747E6	
1774	-8.0124E-1	6.3407E0	5.2242E0	3.3769E6	
1775	-7.9956E-1	8.8317E0	5.2317E0	3.3791E6	
1776	-7.9941E-1	9.0581E0	5.2392E0	3.3813E6	
1777	-8.0185E-1	5.4349E0	5.2467E0	3.3836E6	
1778	-8.0200E-1	5.2084E0	5.2542E0	3.3858E6	
1779	-8.0162E-1	5.7746E0	5.2619E0	3.3880E6	
1780	-8.0345E-1	3.0572E0	5.2692E0	3.3902E6	
1781	-8.0116E-1	6.4539E0	5.2768E0	3.3924E6	
1782	-8.0048E-1	7.4730E0	5.2844E0	3.3947E6	
1783	-8.0269E-1	4.1894E0	5.2919E0	3.3969E6	
1784	-8.0124E-1	6.3407E0	5.2994E0	3.3991E6	
1785	-8.0261E-1	4.3026E0	5.3070E0	3.4013E6	
1786	-8.0215E-1	4.9820E0	5.3146E0	3.4035E6	
1787	-8.0292E-1	3.8497E0	5.3220E0	3.4058E6	
1788	-8.0124E-1	6.3407E0	5.3295E0	3.4080E6	
1789	-8.0284E-1	3.9630E0	5.3371E0	3.4102E6	
1790	-8.0467E-1	1.2455E0	5.3445E0	3.4124E6	
1791	-8.0101E-1	6.6804E0	5.3521E0	3.4146E6	
1792	-8.0406E-1	2.1513E0	5.3595E0	3.4169E6	
1793	-8.0460E-1	1.3588E0	5.3672E0	3.4191E6	
1794	-8.0444E-1	1.5852E0	5.3746E0	3.4213E6	
1795	-8.0376E-1	2.6042E0	5.3821E0	3.4235E6	
1796	-8.0620E-1	-1.0190E0	5.3897E0	3.4257E6	
1797	-8.0658E-1	-1.5851E0	5.3973E0	3.4280E6	
1798	-8.0475E-1	1.1323E0	5.3977E0	3.4281E6	
1799	-8.0475E-1	1.1323E0	5.3977E0	3.4281E6	
1800	-8.0475E-1	1.1323E0	5.3977E0	3.4281E6	
1801	-8.0475E-1	1.1323E0	5.3977E0	3.4281E6	
1802	-8.0475E-1	1.1323E0	5.3977E0	3.4281E6	
1803	-8.0475E-1	1.1323E0	5.3977E0	3.4281E6	
1804	-8.0475E-1	1.1323E0	5.3977E0	3.4281E6	
1805	-8.0475E-1	1.1323E0	5.3977E0	3.4281E6	
1806	-8.0475E-1	1.1323E0	5.3977E0	3.4281E6	
1807	-8.0475E-1	1.1323E0	5.3977E0	3.4281E6	
1808	-8.0475E-1	1.1323E0	5.3977E0	3.4281E6	
1809	-8.0475E-1	1.1323E0	5.3977E0	3.4281E6	
1810	-8.0475E-1	1.1323E0	5.3977E0	3.4281E6	
1811	-8.0475E-1	1.1323E0	5.3977E0	3.4281E6	
1812	-8.0475E-1	1.1323E0	5.3977E0	3.4281E6	
1813	-8.0475E-1	1.1323E0	5.3977E0	3.4281E6	
1814	-8.0475E-1	1.1323E0	5.3977E0	3.4281E6	
1815	-8.0475E-1	1.1323E0	5.3977E0	3.4281E6	
1816	-8.0475E-1	1.1323E0	5.3977E0	3.4281E6	
1817	-8.0475E-1	1.1323E0	5.3977E0	3.4281E6	
1818	-8.0475E-1	1.1323E0	5.3977E0	3.4281E6	
1819	-8.0475E-1	1.1323E0	5.3977E0	3.4281E6	
1820	-8.0475E-1	1.1323E0	5.3977E0	3.4281E6	
1821	-8.0475E-1	1.1323E0	5.3977E0	3.4281E6	
1822	-8.0475E-1	1.1323E0	5.3977E0	3.4281E6	
1823	-8.0475E-1	1.1323E0	5.3977E0	3.4281E6	
1824	-8.0475E-1	1.1323E0	5.3977E0	3.4281E6	
1825	-8.0475E-1	1.1323E0	5.3977E0	3.4281E6	
1826	-8.0475E-1	1.1323E0	5.3977E0	3.4281E6	
1827	-8.0475E-1	1.1323E0	5.3977E0	3.4281E6	
1828	-8.0475E-1	1.1323E0	5.3977E0	3.4281E6	
1829	-8.0475E-1	1.1323E0	5.3977E0	3.4281E6	
1830	-8.0475E-1	1.1323E0	5.3977E0	3.4281E6	
1831	-8.0475E-1	1.1323E0	5.3977E0	3.4281E6	
1832	-8.0475E-1	1.1323E0	5.3977E0	3.4281E6	
1833	-8.0475E-1	1.1323E0	5.3977E0	3.4281E6	
1834	-8.0475E-1	1.1323E0	5.3977E0	3.4281E6	
1835	-8.0475E-1	1.1323E0	5.3977E0	3.4281E6	
1836	-8.0475E-1	1.1323E0	5.3977E0	3.4281E6	
1837	-8.0475E-1	1.1323E0	5.3977E0	3.4281E6	
1838	-8.0475E-1	1.1323E0	5.3977E0	3.4281E6	
1839	-8.0475E-1	1.1323E0	5.3977E0	3.4281E6	
1840	-8.0475E-1	1.1323E0	5.3977E0	3.4281E6	
1841	-8.0475E-1	1.1323E0	5.3977E0	3.4281E6	
1842	-8.0475E-1	1.1323E0	5.3977E0	3.4281E6	
1843	-8.0475E-1	1.1323E0	5.3977E0	3.4281E6	
1844	-8.0475E-1	1.1323E0	5.3977E0	3.4281E6	
1845	-8.0475E-1	1.1323E0	5.3977E0	3.4281E6	
1846	-8.0475E-1	1.1323E0	5.3977E0	3.4281E6	
1847	-8.0475E-1	1.1323E0	5.3977E0	3.4281E6	
1848	-8.0475E-1	1.1323E0	5.3977E0	3.4281E6	
1849	-8.0475E-1	1.1323E0	5.3977E0	3.4281E6	
1850	-8.0475E-1	1.1323E0	5.3977E0	3.4281E6	
1851	-8.0475E-1	1.1323E0	5.3977E0	3.4281E6	
1852	-8.0475E-1	1.1323E0	5.3977E0	3.4281E6	
1853	-8.0475E-1	1.1323E0	5.3977E0	3.4281E6	
1854	-8.0475E-1	1.1323E0	5.3977E0	3.4281E6	
1855	-8.0475E-1	1.1323E0	5.3977E0	3.4281E6	
1856	-8.0475E-1	1.1323E0	5.3977E0	3.4281E6	
1857	-8.0475E-1	1.1323E0	5.3977E0	3.4281E6	
1858	-8.0475E-1	1.1323E0	5.3977E0	3.4281E6	
1859	-8.0475E-1	1.1323E0	5.3977E0	3.4281E6	
1860	-8.0475E-1	1.1323E0	5.3977E0	3.4281E6	
1861	-8.0475E-1	1.1323E0	5.3977E0	3.4281E6	
1862	-8.0475E-1	1.1323E0	5.3977E0	3.4281E6	
1863	-8.0475E-1	1.1323E0	5.3977E0	3.4281E6	
1864	-8.0475E-1	1.1323E0	5.3977E0	3.4281E6	
1865	-8.0475E-1	1.1323E0	5.3977E0	3.4281E6	
1866	-8.0475E-1	1.1323E0	5.3977E0	3.4281E6	
1867	-8.0475E-1	1.1323E0	5.3977E0	3.4281E6	
1868	-8.0475E-1	1.1323E0	5.3977E0	3.4281E6	
1869	-8.0475E-1	1.1323E0	5.3977E0	3.4281E6	
1870	-8.0475E-1	1.1323E0	5.3977E0	3.4281E6	
1871	-8.0475E-1	1.1323E0	5.3977E0	3.4281E6	
1872	-8.0475E-1	1.1323E0	5.3977E0	3.4281E6	
1873	-8.0475E-1	1.1323E0	5.3977E0	3.4281E6	
1874	-8.0475E-1	1.1323E0	5.3977E0	3.4281E6	
1875	-8.0475E-1	1.1323E0	5.3977E0	3.4281E6	
1876	-8.0475E-1	1.1323E0	5.3977E0	3.4281E6	
1877	-8.0475E-1	1.1323E0	5.3977E0	3.4281E6	
1878	-8.0475E-1	1.1323E0	5.3977E0	3.4281E6	
1879	-8.0475E-1	1.1323E0	5.3977E0	3.4281E6	
1880	-8.0475E-1	1.1323E0	5.3977E0	3.4281E6	
1881	-8.0475E-1	1.1323E0	5.3977E0	3.4281E6	
1882	-8.0475E-1	1.1323E0	5.3977E0	3.4281E6	
1883	-8.0475E-1	1.1323E0	5.3977E0	3.4281E6	
1884	-8.0475E-1	1.1323E0	5.3977E0	3.4281E6	
1885	-8.0475E-1	1.1323E0	5.3977E0	3.4281E6	
1886	-8.0475E-1	1.1323E0	5.3977E0	3.4281E6	
1887	-8.0475E-1	1.1323E0	5.3977E0	3.4281E6	
1888	-8.0475E-1	1.1323E0	5.3977E0	3.4281E6	
1889	-8.0475E-1	1.1323E0	5.3977E0	3.4281E6	
1890	-8.0475E-1	1.1323E0	5.3977E0	3.4281E6	
1891	-8.0475E-1	1.1323E0	5.3977E0	3.4281E6	
1892	-8.0475E-1	1.1323E0	5.3977E0	3.4281E6	
1893	-8.0475E-1	1.1323E0	5.3977E0	3.4281E6	
1894	-8.0475E-1	1.1323E0	5.3977E0	3.4281E6	
1895	-8.0475E-1	1.1323E0	5.3977E0	3.4281E6	
1896	-8.0475E-1	1.1323E0	5.3977E0	3.4281E6	
1897	-8.0475E-1	1.1323E0	5.3977E0	3.4281E6	
1898	-8.0475E-1	1.1323E0	5.3977E0	3.4281E6	
1899	-8.0475E-1	1.1323E0	5.3977E0	3.4281E6	
1900	-8.0475E-1	1.1323E0	5.3977E0	3.4281E6	
1901	-8.0475E-1	1.1323E0	5.3977E0	3.4281E6	
1902	-8.0475E-1	1.1323E0	5.3977E0	3.4281E6	
1903	-8.0475E-1	1.1323E0	5.3977E0	3.4281E6	
1904	-8.0475E-1	1.1323E0	5.3977E0	3.4281E6	
1905	-8.0475E-1	1.1323E0	5.3977E0	3.4281E6	
1906	-8.0475E-1	1.1323E0	5.3977E0	3.4281E6	
1907	-8.0475E-1	1.1323E0	5.3977E0	3.4281E6	
1908	-8.0475E-1	1.1323E0	5.3977E0	3.4281E6	
1909	-8.0475E-1	1.1323E0	5.3977E0	3.4281E6	
1910	-8.0475E-1	1.1323E0	5.3977E0	3.4281E6	
1911	-8.0475E-1	1.1323E0	5.3977E0	3.4281E6	
1912	-8.0475E-1	1.1323E0	5.3977E0	3.4281E6	
1913	-8.0475E-1	1.1323E0	5.3977E0	3.4281E6	
1914	-8.0475E-1	1.1323E0	5.3977E0	3.4281E6	
1915	-8.0475E-1	1.1323E0	5.3977E0	3.4281E6	
1916	-8.0475E-1	1.1323E0	5.3977E0	3.4281E6	
1917	-8.0475E-1	1.1323E0	5.3977E0	3.4281E6	
1918	-8.0475E-1	1.1323E0	5.3977E0	3.4281E6	
1919	-8.0475E-1	1.1323E0	5.3977E0	3.4281E6	
1920	-8.0475E-1	1.1323E0	5.3977E0	3.4281E6	
1921	-8.0475E-1	1.1323E0	5.3977E0	3.4281E6	
1922	-8.0475E-1	1.1323E0	5.3977E0	3.4281E6	
1923	-8.0475E-1	1.1323E0	5.3977E0	3.4281E6	
1924	-8.0475E-1	1.1323E0	5.3977E0	3.4281E6	
1925	-8.0475E-1	1.1323E0	5.3977E0	3.4281E6	
1926	-8.0475E-1	1.1323E0	5.3977E0	3.4281E6	
1927	-8.0475E-1	1.1323E0	5.3977E0	3.4281E6	
1928	-8.0475E-1	1.1323E0	5.3977E0	3.4281E6	
1929	-8.0475E-1	1.1323E0	5.3977E0	3.4281E6	
1930	-8.0475E-1	1.1323E0	5.3977E0	3.4281E6	
1931	-8.0475E-1	1.1323E0	5.3977E0	3.4281E6	
1932	-8.0475E-1	1.1323E0	5.3977E0	3.4281E6	
1933	-8.0475E-1	1.1323E0	5.3977E0	3.4281E6	
1934	-8.0475E-1	1.1323E0	5.3977E0	3.4281E6	
1935	-8.0475E-1	1.1323E0	5.3977E0	3.4281E6	
1936	-8.0475E-1	1.1323E0	5.3977E0	3.4281E6	
1937	-8.0475E-1	1.1323E0	5.3977E0	3.4281E6	
1938	-8.0475E-1	1.1323E0	5.3977E0	3.4281E6	
1939	-8.0475E-1	1.1323E0	5.3977E0	3.4281E6	
1940	-8.0475E-1	1.1323E0	5.3977E0	3.4281E6	
1941	-8.0475E-1	1.1323E0	5.3977E0	3.4281E6	
1942	-8.0475E-1	1.1323E0	5.3977E0	3.4281E6	
1943	-8.0475E-1	1.1323E0	5.3977E0	3.4281E6	
1944	-8.0475E-1	1.1323E0	5.3977E0	3.4281E6	
1945	-8.0475E-1	1.1323E0	5.3977E0	3.4281E6	
1946	-8.0475E-1	1.1323E0	5.3977E0	3.4281E6	
1947	-8.0475E-1	1.1323E0	5.3977E0	3.4281E6	
1948	-8.0475E-1	1.1323E0	5.3977E0	3.4281E6	
1949	-8.0475E-1	1.1323E0	5.3977E0	3.4281E6	
1950	-8.0475E-1	1.1323E0	5.3977E0	3.4281E6	
1951	-8.0475E-1	1.1323E0	5.3977E0	3.4281E6	
1952	-8.0475E-1	1.1323E0	5.3977E0	3.4281E6	
1953	-8.0475E-1	1.1323E0	5.3977E0	3.4281E6	
1954	-8.0475E-1	1.1323E0	5.3977E0	3.4281E6	
1955	-8.0475E-1	1.1323E0	5.3977E0	3.4281E6	
1956	-8.0475E-1	1.1323E0	5.3977E0	3.4281E6	
1957	-8.0475E-1	1.1323E0	5.3977E0	3.4281E6	
1958	-8.0475E-1	1.1323E0	5.3977E0	3.4281E6	
1959	-8.0475E-1	1.1323E0	5.3977E0	3.4281E6	
1960	-8.0475E-1	1.1323E0	5.3977E0	3.4281E6	
1961	-8.0475E-1	1.1323E0	5.3977E0	3.4281E6	
1962	-8.0475E-1	1.1323E0	5.3977E0	3.4281E6	
1963	-8.0475E-1	1.1323E0	5.3977E0	3.4281E6	
1964	-8.0475E-1	1.1323E0	5.3977E0	3.4281E6	
1965	-8.0475E-1	1.1323E0	5.3977E0	3.4281E6	
1966	-8.0475E-1	1.1323E0	5.3977E0	3.4281E6	
1967	-8.0475E-1	1.1323E0	5.3977E0	3.4281E6	
1968	-8.0475E-1	1.1323E0	5.3977E0	3.4281E6	
1969	-8.0475E-1	1.1323E0	5.3977E0	3.4281E6	
1970	-8.0475E-1	1.1323E0	5.3977E0	3.4281E6	
1971	-8.0475E-1	1.1323E0	5.3977E0	3.4281E6	
1972	-8.0475E-1	1.1323E0	5.3977E0	3.4281E6	
1973	-8.0475E-1	1.1323E0	5.3977E0	3.4281E6	
1974	-8.0475E-1	1.1323E0	5.3977E0	3.4281E6	
1975	-8.0475E-1	1.1323E0	5.3977E0	3.4281E6	
1976	-8.0475E-1	1.1323E0	5.3977E0	3.4281E6	
1977	-8.0475E-1	1.1323E0	5.3977E0	3.4281E6	
1978	-8.0475E-1	1.1323E0	5.3977E0	3.4281E6	
1979	-8.0475E-1	1.1323E0	5.3977E0	3.4281E6	
1980	-8.0475E-1	1.1323E0	5.3977E0	3.4281E6	
1981	-8.0475E-1	1.1323E0	5.3977E0	3.4281E6	
1982	-8.0475E-1	1.1323E0	5.3977E0	3.4281E6	
1983	-8.0475E-1	1.1323E0	5.3977E0	3.4281E6	
1984	-8.0475E-1	1.1323E0	5.3977E0	3.4281E6	
1985	-8.0475E-1	1.1323E0	5.3977E0	3.4281E6	
1986	-8.0475E-1	1.1323E0	5.3977E0	3.4281E6	
1987	-8.0475E-1	1.1323E0	5.3977E0	3.4281E6	
1988	-8.0475E-1	1.1323E0	5.3977E0	3.4281E6	
1989	-8.0475E-1	1.1323E0	5.3977E0	3.4281E6	
1990	-8.0475E-1	1.1323E0	5.3977E0	3.4281E6	
1991	-8.0475E-1	1.1323E0	5.3977E0	3.4281E6	
1992	-8.0475E-1	1.1323E0	5.3977E0	3.4281E6	
1993	-8.0475E-1	1.1323E0	5.3977E0	3.4281E6	
1994	-8.0475E-1	1.1323E0	5.3977E0	3.4281E6	
1995	-8.0475E-1	1.1323E0	5.3977E0	3.4281E6	
1996	-8.0475E-1	1.1323E0	5.3977E0	3.4281E6	
1997	-8.0475E-1	1.1323E0	5.3977E0	3.4281E6	
1998	-8.0475E-1	1.1323E0	5.3977E0	3.4281E6	
1999	-8.0475E-1	1.1323E0	5.3977E0	3.4281E6	
2000	-8.0475E-1	1.1323E0	5.3977E0	3.4281E6	
2001	-8.0475E-1	1.1323E0	5.3977E0	3.4281E6	
2002	-8.0475E-1	1.1323E0	5.3977E0	3.4281E6	
2003	-8.0475E-1	1.1323E0	5.3977E0	3.4281E6	
2004	-8.0475E-1	1.1323E0	5.3977E0	3.4281E6	
2005	-8.0475E-1	1.1323E0	5.3977E0	3.4281E6	
2006	-8.0475E-1	1.1323E0	5.3977E0	3.4281E6	
2007	-8.0475E-1	1.1323E0	5.3977E0	3.4281E6	
2008	-8.0475E-1	1.1323E0	5.3977E0	3.4281E6	
2009	-8.0475E-1	1.1323E0	5.3977E0	3.4281E6	
2010	-8.0475E-1	1.1323E0	5.3977E0	3.4281E6	
2011	-8.0475E-1	1.1323E0	5.3977E0	3.4281E6	
2012	-8.0475E-1	1.1323E0	5.3977E0	3.4281E6	
2013	-8.0475E-1	1.1323E0	5.3977E0	3.4281E6	
2014	-8.0475E-1	1.1323E0	5.3977E0	3.4281E6	
2015	-8.0475E-1	1.1323E0	5.3977E0	3.4281E6	
2016	-8.0475E-1	1.1323E0	5.3977E0	3.4281E6	
2017	-8.0475E-1	1.1323E0	5.3977E0	3.4281E6	
2018	-8.0475E-1	1.1323E0	5.3977E0	3.4281E6	
2019	-8.0475E-1	1.1323E0	5.3977E0	3.4281E6	
2020	-8.0475E-1	1.1323E0	5.3977E0	3.4281E6	
2021	-8.0475E-1	1.1323E0	5.3977E0	3.4281E6	
2022	-8.0475E-1	1.1323E0	5.3977E0	3.4281E6	
2023	-8.0475E-1	1.1323E0	5.3977E0	3.4281E6	
2024	-8.0475E-1	1.1323E0	5.3977E0	3.4281E6	
2025	-8.0475E-1	1.1323E0	5.3977E0	3.4281E6	
2026	-8.0475E-1	1.1323E0	5.3977E0	3.4281E6	
2027	-8.0475E-1	1.1323E0	5.3977E0	3.4281E6	
2028	-8.0475E-1	1.1323E0	5.3977E0	3.4281E6	
2029	-8.0475E-1	1.1323E0	5.3977E0	3.4281E6	
2030	-8.0475E-1	1.1323E0	5.3977E0	3.4281E6	
2031	-8.0475E-1	1.1323E0	5.3977E0	3.4281E6	
2032	-8.0475E-1	1.1323E0	5.3977E0	3.4281E6	
2033	-8.0475E-1	1.1323E0	5.3977E0	3.4281E6	
2034	-8.0475E-1	1.1323E0	5.3977E0	3.4281E6	
2035	-8.0475E-1	1.1323E0	5.3977E0	3.4281E6	
2036	-8.0475E-1	1.1323E0	5.3977E0	3.4281E6	
2037	-8.0475E-1	1.1323E0	5.3977E0	3.4281E6	
2038	-8.0475E-1	1.1323E0	5.3977E0	3.4281E6	
2039	-8.0475E-1	1.1323E0	5.3977E0	3.4281E6	
2040	-8.0475E-1	1.1323E0	5.3977E0	3.4281E6	
2041	-8.0475E-1	1.1323E0	5.3977E0	3.4281E6	
2042	-8.0475E-1	1.1323E0	5.3977E0	3.4281E6	
2043	-8.0475E-1	1.1323E0	5.3977E0	3.4281E6	
2044	-8.0475E-1	1.1323E0	5.3977E0	3.4281E6	
2045	-8.0475E-1	1.1323E0	5.3977E0	3.4281E6	
2046	-8.0475E-1	1.1323E0	5.3977E0	3.4281E6	
2047	-8.0475E-1	1.1323E0	5.3977E0	3.4281E6	
2048	-8.0475E-1	1.1323E0	5.3977E0	3.4281E6	
