point 231
Index	Vertical (A-B)	Force	Z Height	Time Stamp	
     	V	nN	?m	?sec	
1	-8.2100E-1	2.8307E0	5.4343E0	1.2000E2	
2	-8.2214E-1	1.1323E0	5.4330E0	2.3400E3	
3	-8.2253E-1	5.6618E-1	5.4303E0	4.5600E3	
4	-8.2390E-1	-1.4719E0	5.4270E0	6.7800E3	
5	-8.2184E-1	1.5852E0	5.4237E0	9.0000E3	
6	-8.2321E-1	-4.5285E-1	5.4201E0	1.1220E4	
7	-8.2390E-1	-1.4719E0	5.4163E0	1.3440E4	
8	-8.2314E-1	-3.3962E-1	5.4123E0	1.5660E4	
9	-8.2085E-1	3.0572E0	5.4083E0	1.7880E4	
10	-8.2115E-1	2.6042E0	5.4041E0	2.0100E4	
11	-8.1955E-1	4.9820E0	5.3999E0	2.2320E4	
12	-8.2039E-1	3.7365E0	5.3957E0	2.4540E4	
13	-8.2314E-1	-3.3962E-1	5.3913E0	2.6760E4	
14	-8.2199E-1	1.3588E0	5.3869E0	2.8980E4	
15	-8.1993E-1	4.4159E0	5.3826E0	3.1200E4	
16	-8.1856E-1	6.4539E0	5.3781E0	3.3420E4	
17	-8.1932E-1	5.3217E0	5.3735E0	3.5640E4	
18	-8.1848E-1	6.5671E0	5.3690E0	3.7860E4	
19	-8.2123E-1	2.4910E0	5.3644E0	4.0080E4	
20	-8.2138E-1	2.2646E0	5.3599E0	4.2300E4	
21	-8.2138E-1	2.2646E0	5.3552E0	4.4520E4	
22	-8.1940E-1	5.2084E0	5.3506E0	4.6740E4	
23	-8.1787E-1	7.4730E0	5.3460E0	4.8960E4	
24	-8.2008E-1	4.1894E0	5.3413E0	5.1180E4	
25	-8.1657E-1	9.3978E0	5.3365E0	5.3400E4	
26	-8.1772E-1	7.6994E0	5.3319E0	5.5620E4	
27	-8.1879E-1	6.1142E0	5.3271E0	5.7840E4	
28	-8.1665E-1	9.2846E0	5.3224E0	6.0060E4	
29	-8.1818E-1	7.0201E0	5.3176E0	6.2280E4	
30	-8.1963E-1	4.8688E0	5.3128E0	6.4500E4	
31	-8.1688E-1	8.9449E0	5.3080E0	6.6720E4	
32	-8.1612E-1	1.0077E1	5.3032E0	6.8940E4	
33	-8.1566E-1	1.0757E1	5.2984E0	7.1160E4	
34	-8.1429E-1	1.2795E1	5.2936E0	7.3380E4	
35	-8.1726E-1	8.3788E0	5.2887E0	7.5600E4	
36	-8.1459E-1	1.2342E1	5.2838E0	7.7820E4	
37	-8.1673E-1	9.1713E0	5.2790E0	8.0040E4	
38	-8.1604E-1	1.0190E1	5.2741E0	8.2260E4	
39	-8.1589E-1	1.0417E1	5.2693E0	8.4480E4	
40	-8.1818E-1	7.0201E0	5.2643E0	8.6700E4	
41	-8.1680E-1	9.0581E0	5.2594E0	8.8920E4	
42	-8.1673E-1	9.1713E0	5.2544E0	9.1140E4	
43	-8.1589E-1	1.0417E1	5.2495E0	9.3360E4	
44	-8.1337E-1	1.4153E1	5.2446E0	9.5580E4	
45	-8.1421E-1	1.2908E1	5.2395E0	9.7800E4	
46	-8.1406E-1	1.3134E1	5.2347E0	1.0002E5	
47	-8.1474E-1	1.2115E1	5.2297E0	1.0224E5	
48	-8.1451E-1	1.2455E1	5.2247E0	1.0446E5	
49	-8.1299E-1	1.4719E1	5.2197E0	1.0668E5	
50	-8.1558E-1	1.0870E1	5.2148E0	1.0890E5	
51	-8.1543E-1	1.1096E1	5.2098E0	1.1112E5	
52	-8.1451E-1	1.2455E1	5.2048E0	1.1334E5	
53	-8.1497E-1	1.1776E1	5.1997E0	1.1556E5	
54	-8.1474E-1	1.2115E1	5.1946E0	1.1778E5	
55	-8.1573E-1	1.0643E1	5.1896E0	1.2000E5	
56	-8.1497E-1	1.1776E1	5.1846E0	1.2222E5	
57	-8.1360E-1	1.3814E1	5.1796E0	1.2444E5	
58	-8.1490E-1	1.1889E1	5.1745E0	1.2666E5	
59	-8.1505E-1	1.1662E1	5.1694E0	1.2888E5	
60	-8.1337E-1	1.4153E1	5.1644E0	1.3110E5	
61	-8.1253E-1	1.5399E1	5.1593E0	1.3332E5	
62	-8.1169E-1	1.6644E1	5.1542E0	1.3554E5	
63	-8.1177E-1	1.6531E1	5.1491E0	1.3776E5	
64	-8.0963E-1	1.9701E1	5.1441E0	1.3998E5	
65	-8.1352E-1	1.3927E1	5.1390E0	1.4220E5	
66	-8.1154E-1	1.6871E1	5.1339E0	1.4442E5	
67	-8.1367E-1	1.3700E1	5.1287E0	1.4664E5	
68	-8.1276E-1	1.5059E1	5.1235E0	1.4886E5	
69	-8.1322E-1	1.4380E1	5.1185E0	1.5108E5	
70	-8.1413E-1	1.3021E1	5.1133E0	1.5330E5	
71	-8.1238E-1	1.5625E1	5.1082E0	1.5552E5	
72	-8.1261E-1	1.5286E1	5.1031E0	1.5774E5	
73	-8.1230E-1	1.5738E1	5.0979E0	1.5996E5	
74	-8.1078E-1	1.8003E1	5.0927E0	1.6218E5	
75	-8.1146E-1	1.6984E1	5.0875E0	1.6440E5	
76	-8.1421E-1	1.2908E1	5.0824E0	1.6662E5	
77	-8.1093E-1	1.7776E1	5.0773E0	1.6884E5	
78	-8.1261E-1	1.5286E1	5.0720E0	1.7106E5	
79	-8.1177E-1	1.6531E1	5.0667E0	1.7328E5	
80	-8.1177E-1	1.6531E1	5.0617E0	1.7550E5	
81	-8.0986E-1	1.9362E1	5.0563E0	1.7772E5	
82	-8.1230E-1	1.5738E1	5.0512E0	1.7994E5	
83	-8.1276E-1	1.5059E1	5.0460E0	1.8216E5	
84	-8.0856E-1	2.1286E1	5.0407E0	1.8438E5	
85	-8.1276E-1	1.5059E1	5.0355E0	1.8660E5	
86	-8.0902E-1	2.0607E1	5.0301E0	1.8882E5	
87	-8.1123E-1	1.7324E1	5.0249E0	1.9104E5	
88	-8.0978E-1	1.9475E1	5.0197E0	1.9326E5	
89	-8.0887E-1	2.0834E1	5.0145E0	1.9548E5	
90	-8.0795E-1	2.2192E1	5.0093E0	1.9770E5	
91	-8.0948E-1	1.9928E1	5.0039E0	1.9992E5	
92	-8.0826E-1	2.1739E1	4.9986E0	2.0214E5	
93	-8.0826E-1	2.1739E1	4.9934E0	2.0436E5	
94	-8.0841E-1	2.1513E1	4.9881E0	2.0658E5	
95	-8.1024E-1	1.8796E1	4.9827E0	2.0880E5	
96	-8.0902E-1	2.0607E1	4.9775E0	2.1102E5	
97	-8.0826E-1	2.1739E1	4.9722E0	2.1324E5	
98	-8.0826E-1	2.1739E1	4.9668E0	2.1546E5	
99	-8.0650E-1	2.4344E1	4.9616E0	2.1768E5	
100	-8.0704E-1	2.3551E1	4.9562E0	2.1990E5	
101	-8.0681E-1	2.3891E1	4.9509E0	2.2212E5	
102	-8.0620E-1	2.4796E1	4.9456E0	2.2434E5	
103	-8.0681E-1	2.3891E1	4.9402E0	2.2656E5	
104	-8.0589E-1	2.5249E1	4.9349E0	2.2878E5	
105	-8.0605E-1	2.5023E1	4.9295E0	2.3100E5	
106	-8.0620E-1	2.4796E1	4.9243E0	2.3322E5	
107	-8.0536E-1	2.6042E1	4.9188E0	2.3544E5	
108	-8.0528E-1	2.6155E1	4.9134E0	2.3766E5	
109	-8.0421E-1	2.7740E1	4.9082E0	2.3988E5	
110	-8.0528E-1	2.6155E1	4.9027E0	2.4210E5	
111	-8.0429E-1	2.7627E1	4.8974E0	2.4432E5	
112	-8.0368E-1	2.8533E1	4.8918E0	2.4654E5	
113	-8.0132E-1	3.2043E1	4.8866E0	2.4876E5	
114	-8.0452E-1	2.7287E1	4.8811E0	2.5098E5	
115	-8.0444E-1	2.7401E1	4.8757E0	2.5320E5	
116	-8.0368E-1	2.8533E1	4.8704E0	2.5542E5	
117	-8.0414E-1	2.7854E1	4.8648E0	2.5764E5	
118	-8.0292E-1	2.9665E1	4.8595E0	2.5986E5	
119	-8.0505E-1	2.6495E1	4.8541E0	2.6208E5	
120	-8.0376E-1	2.8420E1	4.8487E0	2.6430E5	
121	-8.0269E-1	3.0005E1	4.8432E0	2.6652E5	
122	-8.0330E-1	2.9099E1	4.8378E0	2.6874E5	
123	-8.0200E-1	3.1024E1	4.8324E0	2.7096E5	
124	-8.0269E-1	3.0005E1	4.8268E0	2.7318E5	
125	-8.0414E-1	2.7854E1	4.8213E0	2.7540E5	
126	-8.0315E-1	2.9326E1	4.8159E0	2.7762E5	
127	-8.0315E-1	2.9326E1	4.8105E0	2.7984E5	
128	-8.0345E-1	2.8873E1	4.8049E0	2.8206E5	
129	-8.0246E-1	3.0345E1	4.7994E0	2.8428E5	
130	-8.0315E-1	2.9326E1	4.7940E0	2.8650E5	
131	-8.0154E-1	3.1703E1	4.7885E0	2.8872E5	
132	-8.0208E-1	3.0911E1	4.7830E0	2.9094E5	
133	-8.0254E-1	3.0231E1	4.7775E0	2.9316E5	
134	-8.0116E-1	3.2269E1	4.7720E0	2.9538E5	
135	-8.0177E-1	3.1364E1	4.7665E0	2.9760E5	
136	-8.0109E-1	3.2383E1	4.7609E0	2.9982E5	
137	-8.0093E-1	3.2609E1	4.7554E0	3.0204E5	
138	-7.9803E-1	3.6912E1	4.7499E0	3.0426E5	
139	-8.0162E-1	3.1590E1	4.7443E0	3.0648E5	
140	-8.0170E-1	3.1477E1	4.7388E0	3.0870E5	
141	-7.9857E-1	3.6119E1	4.7332E0	3.1092E5	
142	-8.0078E-1	3.2836E1	4.7277E0	3.1314E5	
143	-8.0154E-1	3.1703E1	4.7221E0	3.1536E5	
144	-8.0170E-1	3.1477E1	4.7166E0	3.1758E5	
145	-8.0048E-1	3.3288E1	4.7110E0	3.1980E5	
146	-8.0017E-1	3.3741E1	4.7055E0	3.2202E5	
147	-8.0025E-1	3.3628E1	4.6999E0	3.2424E5	
148	-7.9727E-1	3.8044E1	4.6943E0	3.2646E5	
149	-7.9964E-1	3.4534E1	4.6888E0	3.2868E5	
150	-7.9819E-1	3.6685E1	4.6831E0	3.3090E5	
151	-8.0040E-1	3.3402E1	4.6776E0	3.3312E5	
152	-7.9834E-1	3.6459E1	4.6719E0	3.3534E5	
153	-7.9849E-1	3.6232E1	4.6662E0	3.3756E5	
154	-8.0124E-1	3.2156E1	4.6607E0	3.3978E5	
155	-8.0055E-1	3.3175E1	4.6550E0	3.4200E5	
156	-7.9948E-1	3.4760E1	4.6494E0	3.4422E5	
157	-7.9948E-1	3.4760E1	4.6436E0	3.4644E5	
158	-8.0147E-1	3.1816E1	4.6381E0	3.4866E5	
159	-7.9712E-1	3.8270E1	4.6325E0	3.5088E5	
160	-7.9964E-1	3.4534E1	4.6268E0	3.5310E5	
161	-7.9712E-1	3.8270E1	4.6212E0	3.5532E5	
162	-7.9788E-1	3.7138E1	4.6155E0	3.5754E5	
163	-7.9620E-1	3.9629E1	4.6099E0	3.5976E5	
164	-8.0048E-1	3.3288E1	4.6043E0	3.6198E5	
165	-7.9689E-1	3.8610E1	4.5985E0	3.6420E5	
166	-7.9613E-1	3.9742E1	4.5929E0	3.6642E5	
167	-7.9636E-1	3.9403E1	4.5872E0	3.6864E5	
168	-7.9590E-1	4.0082E1	4.5815E0	3.7086E5	
169	-7.9643E-1	3.9289E1	4.5758E0	3.7308E5	
170	-7.9498E-1	4.1441E1	4.5701E0	3.7530E5	
171	-7.9865E-1	3.6006E1	4.5645E0	3.7752E5	
172	-7.9674E-1	3.8836E1	4.5586E0	3.7974E5	
173	-7.9666E-1	3.8950E1	4.5529E0	3.8196E5	
174	-7.9742E-1	3.7817E1	4.5473E0	3.8418E5	
175	-7.9338E-1	4.3818E1	4.5415E0	3.8640E5	
176	-7.9597E-1	3.9969E1	4.5357E0	3.8862E5	
177	-7.9239E-1	4.5290E1	4.5301E0	3.9084E5	
178	-7.9506E-1	4.1327E1	4.5243E0	3.9306E5	
179	-7.9346E-1	4.3705E1	4.5187E0	3.9528E5	
180	-7.9414E-1	4.2686E1	4.5129E0	3.9750E5	
181	-7.9178E-1	4.6196E1	4.5070E0	3.9972E5	
182	-7.9437E-1	4.2346E1	4.5014E0	4.0194E5	
183	-7.9544E-1	4.0761E1	4.4954E0	4.0416E5	
184	-7.9315E-1	4.4158E1	4.4898E0	4.0638E5	
185	-7.9102E-1	4.7328E1	4.4840E0	4.0860E5	
186	-7.9216E-1	4.5630E1	4.4782E0	4.1082E5	
187	-7.9453E-1	4.2120E1	4.4725E0	4.1304E5	
188	-7.9048E-1	4.8121E1	4.4667E0	4.1526E5	
189	-7.9224E-1	4.5517E1	4.4609E0	4.1748E5	
190	-7.9224E-1	4.5517E1	4.4551E0	4.1970E5	
191	-7.9155E-1	4.6536E1	4.4493E0	4.2192E5	
192	-7.9224E-1	4.5517E1	4.4434E0	4.2414E5	
193	-7.9247E-1	4.5177E1	4.4376E0	4.2636E5	
194	-7.9071E-1	4.7781E1	4.4319E0	4.2858E5	
195	-7.9010E-1	4.8687E1	4.4260E0	4.3080E5	
196	-7.9124E-1	4.6989E1	4.4202E0	4.3302E5	
197	-7.8835E-1	5.1291E1	4.4144E0	4.3524E5	
198	-7.8941E-1	4.9706E1	4.4085E0	4.3746E5	
199	-7.9063E-1	4.7895E1	4.4028E0	4.3968E5	
200	-7.9124E-1	4.6989E1	4.3970E0	4.4190E5	
201	-7.9056E-1	4.8008E1	4.3909E0	4.4412E5	
202	-7.8926E-1	4.9933E1	4.3852E0	4.4634E5	
203	-7.8758E-1	5.2424E1	4.3793E0	4.4856E5	
204	-7.8835E-1	5.1291E1	4.3734E0	4.5078E5	
205	-7.8796E-1	5.1857E1	4.3676E0	4.5300E5	
206	-7.8812E-1	5.1631E1	4.3617E0	4.5522E5	
207	-7.8651E-1	5.4009E1	4.3558E0	4.5744E5	
208	-7.8857E-1	5.0952E1	4.3499E0	4.5966E5	
209	-7.8812E-1	5.1631E1	4.3441E0	4.6188E5	
210	-7.8674E-1	5.3669E1	4.3383E0	4.6410E5	
211	-7.8804E-1	5.1744E1	4.3323E0	4.6632E5	
212	-7.8674E-1	5.3669E1	4.3264E0	4.6854E5	
213	-7.8972E-1	4.9253E1	4.3204E0	4.7076E5	
214	-7.8781E-1	5.2084E1	4.3146E0	4.7298E5	
215	-7.8644E-1	5.4122E1	4.3086E0	4.7520E5	
216	-7.8735E-1	5.2763E1	4.3028E0	4.7742E5	
217	-7.8865E-1	5.0838E1	4.2968E0	4.7964E5	
218	-7.8407E-1	5.7632E1	4.2910E0	4.8186E5	
219	-7.8728E-1	5.2876E1	4.2850E0	4.8408E5	
220	-7.8796E-1	5.1857E1	4.2790E0	4.8630E5	
221	-7.8606E-1	5.4688E1	4.2731E0	4.8852E5	
222	-7.8743E-1	5.2650E1	4.2672E0	4.9074E5	
223	-7.8751E-1	5.2537E1	4.2613E0	4.9296E5	
224	-7.8674E-1	5.3669E1	4.2553E0	4.9518E5	
225	-7.8613E-1	5.4575E1	4.2494E0	4.9740E5	
226	-7.8575E-1	5.5141E1	4.2434E0	4.9962E5	
227	-7.8468E-1	5.6726E1	4.2374E0	5.0184E5	
228	-7.8545E-1	5.5594E1	4.2314E0	5.0406E5	
229	-7.8751E-1	5.2537E1	4.2255E0	5.0628E5	
230	-7.8522E-1	5.5934E1	4.2195E0	5.0850E5	
231	-7.8438E-1	5.7179E1	4.2135E0	5.1072E5	
232	-7.8484E-1	5.6500E1	4.2076E0	5.1294E5	
233	-7.8346E-1	5.8538E1	4.2016E0	5.1516E5	
234	-7.8262E-1	5.9783E1	4.1957E0	5.1738E5	
235	-7.8735E-1	5.2763E1	4.1896E0	5.1960E5	
236	-7.8300E-1	5.9217E1	4.1836E0	5.2182E5	
237	-7.8506E-1	5.6160E1	4.1776E0	5.2404E5	
238	-7.8354E-1	5.8425E1	4.1716E0	5.2626E5	
239	-7.8598E-1	5.4801E1	4.1656E0	5.2848E5	
240	-7.8278E-1	5.9557E1	4.1596E0	5.3070E5	
241	-7.8201E-1	6.0689E1	4.1535E0	5.3292E5	
242	-7.8308E-1	5.9104E1	4.1475E0	5.3514E5	
243	-7.8255E-1	5.9896E1	4.1416E0	5.3736E5	
244	-7.8178E-1	6.1029E1	4.1354E0	5.3958E5	
245	-7.8102E-1	6.2161E1	4.1294E0	5.4180E5	
246	-7.8339E-1	5.8651E1	4.1234E0	5.4402E5	
247	-7.8033E-1	6.3180E1	4.1173E0	5.4624E5	
248	-7.8384E-1	5.7972E1	4.1114E0	5.4846E5	
249	-7.8201E-1	6.0689E1	4.1053E0	5.5068E5	
250	-7.8064E-1	6.2727E1	4.0992E0	5.5290E5	
251	-7.8247E-1	6.0010E1	4.0932E0	5.5512E5	
252	-7.8056E-1	6.2840E1	4.0871E0	5.5734E5	
253	-7.8140E-1	6.1595E1	4.0811E0	5.5956E5	
254	-7.8148E-1	6.1482E1	4.0750E0	5.6178E5	
255	-7.8323E-1	5.8877E1	4.0689E0	5.6400E5	
256	-7.8056E-1	6.2840E1	4.0628E0	5.6622E5	
257	-7.8041E-1	6.3067E1	4.0567E0	5.6844E5	
258	-7.8209E-1	6.0576E1	4.0507E0	5.7066E5	
259	-7.7934E-1	6.4652E1	4.0446E0	5.7288E5	
260	-7.7858E-1	6.5784E1	4.0385E0	5.7510E5	
261	-7.8049E-1	6.2954E1	4.0323E0	5.7732E5	
262	-7.8003E-1	6.3633E1	4.0263E0	5.7954E5	
263	-7.7888E-1	6.5331E1	4.0202E0	5.8176E5	
264	-7.7843E-1	6.6011E1	4.0140E0	5.8398E5	
265	-7.7888E-1	6.5331E1	4.0080E0	5.8620E5	
266	-7.7766E-1	6.7143E1	4.0019E0	5.8842E5	
267	-7.7934E-1	6.4652E1	3.9957E0	5.9064E5	
268	-7.7873E-1	6.5558E1	3.9897E0	5.9286E5	
269	-7.7621E-1	6.9294E1	3.9835E0	5.9508E5	
270	-7.7789E-1	6.6803E1	3.9774E0	5.9730E5	
271	-7.7583E-1	6.9860E1	3.9713E0	5.9952E5	
272	-7.7713E-1	6.7936E1	3.9651E0	6.0174E5	
273	-7.7652E-1	6.8841E1	3.9589E0	6.0396E5	
274	-7.7583E-1	6.9860E1	3.9528E0	6.0618E5	
275	-7.7637E-1	6.9068E1	3.9467E0	6.0840E5	
276	-7.7446E-1	7.1898E1	3.9405E0	6.1062E5	
277	-7.7492E-1	7.1219E1	3.9344E0	6.1284E5	
278	-7.7759E-1	6.7256E1	3.9282E0	6.1506E5	
279	-7.7568E-1	7.0087E1	3.9219E0	6.1728E5	
280	-7.7339E-1	7.3484E1	3.9159E0	6.1950E5	
281	-7.7530E-1	7.0653E1	3.9097E0	6.2172E5	
282	-7.7332E-1	7.3597E1	3.9035E0	6.2394E5	
283	-7.7339E-1	7.3484E1	3.8974E0	6.2616E5	
284	-7.7522E-1	7.0766E1	3.8912E0	6.2838E5	
285	-7.7621E-1	6.9294E1	3.8850E0	6.3060E5	
286	-7.7393E-1	7.2691E1	3.8787E0	6.3282E5	
287	-7.7225E-1	7.5182E1	3.8725E0	6.3504E5	
288	-7.7423E-1	7.2238E1	3.8664E0	6.3726E5	
289	-7.7377E-1	7.2917E1	3.8602E0	6.3948E5	
290	-7.7171E-1	7.5975E1	3.8540E0	6.4170E5	
291	-7.7438E-1	7.2012E1	3.8478E0	6.4392E5	
292	-7.7316E-1	7.3823E1	3.8415E0	6.4614E5	
293	-7.7179E-1	7.5861E1	3.8353E0	6.4836E5	
294	-7.7232E-1	7.5069E1	3.8291E0	6.5058E5	
295	-7.7377E-1	7.2917E1	3.8229E0	6.5280E5	
296	-7.7156E-1	7.6201E1	3.8166E0	6.5502E5	
297	-7.7309E-1	7.3936E1	3.8104E0	6.5724E5	
298	-7.7370E-1	7.3031E1	3.8042E0	6.5946E5	
299	-7.7446E-1	7.1898E1	3.7979E0	6.6168E5	
300	-7.7347E-1	7.3370E1	3.7916E0	6.6390E5	
301	-7.7126E-1	7.6654E1	3.7854E0	6.6612E5	
302	-7.7293E-1	7.4163E1	3.7792E0	6.6834E5	
303	-7.7232E-1	7.5069E1	3.7729E0	6.7056E5	
304	-7.7507E-1	7.0993E1	3.7667E0	6.7278E5	
305	-7.7164E-1	7.6088E1	3.7605E0	6.7500E5	
306	-7.7347E-1	7.3370E1	3.7541E0	6.7722E5	
307	-7.7217E-1	7.5295E1	3.7479E0	6.7944E5	
308	-7.7156E-1	7.6201E1	3.7416E0	6.8166E5	
309	-7.7171E-1	7.5975E1	3.7354E0	6.8388E5	
310	-7.6950E-1	7.9258E1	3.7291E0	6.8610E5	
311	-7.7034E-1	7.8013E1	3.7227E0	6.8832E5	
312	-7.6988E-1	7.8692E1	3.7164E0	6.9054E5	
313	-7.6942E-1	7.9371E1	3.7102E0	6.9276E5	
314	-7.6935E-1	7.9485E1	3.7039E0	6.9498E5	
315	-7.7202E-1	7.5522E1	3.6976E0	6.9720E5	
316	-7.7072E-1	7.7446E1	3.6913E0	6.9942E5	
317	-7.6721E-1	8.2655E1	3.6850E0	7.0164E5	
318	-7.6965E-1	7.9032E1	3.6787E0	7.0386E5	
319	-7.6920E-1	7.9711E1	3.6724E0	7.0608E5	
320	-7.6782E-1	8.1749E1	3.6660E0	7.0830E5	
321	-7.6881E-1	8.0277E1	3.6598E0	7.1052E5	
322	-7.7118E-1	7.6767E1	3.6534E0	7.1274E5	
323	-7.6775E-1	8.1862E1	3.6471E0	7.1496E5	
324	-7.6736E-1	8.2428E1	3.6408E0	7.1718E5	
325	-7.6942E-1	7.9371E1	3.6345E0	7.1940E5	
326	-7.6538E-1	8.5372E1	3.6282E0	7.2162E5	
327	-7.6515E-1	8.5712E1	3.6218E0	7.2384E5	
328	-7.6515E-1	8.5712E1	3.6155E0	7.2606E5	
329	-7.6714E-1	8.2768E1	3.6091E0	7.2828E5	
330	-7.6553E-1	8.5146E1	3.6028E0	7.3050E5	
331	-7.6591E-1	8.4580E1	3.5964E0	7.3272E5	
332	-7.6492E-1	8.6052E1	3.5900E0	7.3494E5	
333	-7.6538E-1	8.5372E1	3.5837E0	7.3716E5	
334	-7.6424E-1	8.7071E1	3.5773E0	7.3938E5	
335	-7.6347E-1	8.8203E1	3.5709E0	7.4160E5	
336	-7.6683E-1	8.3221E1	3.5645E0	7.4382E5	
337	-7.6477E-1	8.6278E1	3.5581E0	7.4604E5	
338	-7.6462E-1	8.6505E1	3.5518E0	7.4826E5	
339	-7.6729E-1	8.2542E1	3.5455E0	7.5048E5	
340	-7.6424E-1	8.7071E1	3.5390E0	7.5270E5	
341	-7.6317E-1	8.8656E1	3.5328E0	7.5492E5	
342	-7.6004E-1	9.3298E1	3.5262E0	7.5714E5	
343	-7.6332E-1	8.8429E1	3.5199E0	7.5936E5	
344	-7.6508E-1	8.5825E1	3.5135E0	7.6158E5	
345	-7.6385E-1	8.7637E1	3.5071E0	7.6380E5	
346	-7.6172E-1	9.0807E1	3.5006E0	7.6602E5	
347	-7.6118E-1	9.1600E1	3.4942E0	7.6824E5	
348	-7.6393E-1	8.7524E1	3.4879E0	7.7046E5	
349	-7.6279E-1	8.9222E1	3.4814E0	7.7268E5	
350	-7.6096E-1	9.1939E1	3.4750E0	7.7490E5	
351	-7.6073E-1	9.2279E1	3.4687E0	7.7712E5	
352	-7.6172E-1	9.0807E1	3.4620E0	7.7934E5	
353	-7.5981E-1	9.3638E1	3.4558E0	7.8156E5	
354	-7.5905E-1	9.4770E1	3.4493E0	7.8378E5	
355	-7.6035E-1	9.2845E1	3.4428E0	7.8600E5	
356	-7.6050E-1	9.2619E1	3.4364E0	7.8822E5	
357	-7.6004E-1	9.3298E1	3.4300E0	7.9044E5	
358	-7.5768E-1	9.6808E1	3.4236E0	7.9266E5	
359	-7.5859E-1	9.5449E1	3.4171E0	7.9488E5	
360	-7.5874E-1	9.5223E1	3.4107E0	7.9710E5	
361	-7.5958E-1	9.3977E1	3.4042E0	7.9932E5	
362	-7.6134E-1	9.1373E1	3.3977E0	8.0154E5	
363	-7.6088E-1	9.2053E1	3.3913E0	8.0376E5	
364	-7.5928E-1	9.4430E1	3.3848E0	8.0598E5	
365	-7.5790E-1	9.6468E1	3.3784E0	8.0820E5	
366	-7.5851E-1	9.5563E1	3.3719E0	8.1042E5	
367	-7.5928E-1	9.4430E1	3.3655E0	8.1264E5	
368	-7.5546E-1	1.0009E2	3.3590E0	8.1486E5	
369	-7.6035E-1	9.2845E1	3.3525E0	8.1708E5	
370	-7.5867E-1	9.5336E1	3.3460E0	8.1930E5	
371	-7.5523E-1	1.0043E2	3.3395E0	8.2152E5	
372	-7.5745E-1	9.7148E1	3.3330E0	8.2374E5	
373	-7.5928E-1	9.4430E1	3.3265E0	8.2596E5	
374	-7.5890E-1	9.4996E1	3.3201E0	8.2818E5	
375	-7.5813E-1	9.6129E1	3.3134E0	8.3040E5	
376	-7.5676E-1	9.8167E1	3.3070E0	8.3262E5	
377	-7.5668E-1	9.8280E1	3.3005E0	8.3484E5	
378	-7.5500E-1	1.0077E2	3.2939E0	8.3706E5	
379	-7.5684E-1	9.8054E1	3.2874E0	8.3928E5	
380	-7.5638E-1	9.8733E1	3.2809E0	8.4150E5	
381	-7.5691E-1	9.7940E1	3.2745E0	8.4372E5	
382	-7.5447E-1	1.0156E2	3.2680E0	8.4594E5	
383	-7.5768E-1	9.6808E1	3.2614E0	8.4816E5	
384	-7.5371E-1	1.0270E2	3.2548E0	8.5038E5	
385	-7.5516E-1	1.0054E2	3.2483E0	8.5260E5	
386	-7.5706E-1	9.7714E1	3.2418E0	8.5482E5	
387	-7.5439E-1	1.0168E2	3.2352E0	8.5704E5	
388	-7.5653E-1	9.8506E1	3.2286E0	8.5926E5	
389	-7.5287E-1	1.0394E2	3.2222E0	8.6148E5	
390	-7.5470E-1	1.0122E2	3.2156E0	8.6370E5	
391	-7.5325E-1	1.0338E2	3.2091E0	8.6592E5	
392	-7.5356E-1	1.0292E2	3.2025E0	8.6814E5	
393	-7.5394E-1	1.0236E2	3.1960E0	8.7036E5	
394	-7.5172E-1	1.0564E2	3.1894E0	8.7258E5	
395	-7.5340E-1	1.0315E2	3.1828E0	8.7480E5	
396	-7.5317E-1	1.0349E2	3.1763E0	8.7702E5	
397	-7.5226E-1	1.0485E2	3.1696E0	8.7924E5	
398	-7.5279E-1	1.0405E2	3.1632E0	8.8146E5	
399	-7.5287E-1	1.0394E2	3.1565E0	8.8368E5	
400	-7.5310E-1	1.0360E2	3.1499E0	8.8590E5	
401	-7.4997E-1	1.0824E2	3.1434E0	8.8812E5	
402	-7.5142E-1	1.0609E2	3.1368E0	8.9034E5	
403	-7.5188E-1	1.0541E2	3.1303E0	8.9256E5	
404	-7.5157E-1	1.0587E2	3.1238E0	8.9478E5	
405	-7.5081E-1	1.0700E2	3.1170E0	8.9700E5	
406	-7.5195E-1	1.0530E2	3.1104E0	8.9922E5	
407	-7.5012E-1	1.0802E2	3.1038E0	9.0144E5	
408	-7.5104E-1	1.0666E2	3.0973E0	9.0366E5	
409	-7.4768E-1	1.1164E2	3.0905E0	9.0588E5	
410	-7.4883E-1	1.0994E2	3.0840E0	9.0810E5	
411	-7.4966E-1	1.0870E2	3.0774E0	9.1032E5	
412	-7.5073E-1	1.0711E2	3.0708E0	9.1254E5	
413	-7.4677E-1	1.1300E2	3.0642E0	9.1476E5	
414	-7.4921E-1	1.0938E2	3.0576E0	9.1698E5	
415	-7.4837E-1	1.1062E2	3.0508E0	9.1920E5	
416	-7.4623E-1	1.1379E2	3.0443E0	9.2142E5	
417	-7.4860E-1	1.1028E2	3.0377E0	9.2364E5	
418	-7.4631E-1	1.1368E2	3.0310E0	9.2586E5	
419	-7.4844E-1	1.1051E2	3.0244E0	9.2808E5	
420	-7.4692E-1	1.1277E2	3.0178E0	9.3030E5	
421	-7.4806E-1	1.1107E2	3.0111E0	9.3252E5	
422	-7.4715E-1	1.1243E2	3.0044E0	9.3474E5	
423	-7.4661E-1	1.1323E2	2.9980E0	9.3696E5	
424	-7.4562E-1	1.1470E2	2.9912E0	9.3918E5	
425	-7.4509E-1	1.1549E2	2.9846E0	9.4140E5	
426	-7.4745E-1	1.1198E2	2.9780E0	9.4362E5	
427	-7.4478E-1	1.1594E2	2.9712E0	9.4584E5	
428	-7.4585E-1	1.1436E2	2.9647E0	9.4806E5	
429	-7.4539E-1	1.1504E2	2.9578E0	9.5028E5	
430	-7.4898E-1	1.0972E2	2.9513E0	9.5250E5	
431	-7.4554E-1	1.1481E2	2.9445E0	9.5472E5	
432	-7.4654E-1	1.1334E2	2.9378E0	9.5694E5	
433	-7.4455E-1	1.1628E2	2.9312E0	9.5916E5	
434	-7.4394E-1	1.1719E2	2.9246E0	9.6138E5	
435	-7.4493E-1	1.1572E2	2.9178E0	9.6360E5	
436	-7.4448E-1	1.1640E2	2.9111E0	9.6582E5	
437	-7.4409E-1	1.1696E2	2.9044E0	9.6804E5	
438	-7.4493E-1	1.1572E2	2.8979E0	9.7026E5	
439	-7.4287E-1	1.1877E2	2.8911E0	9.7248E5	
440	-7.4265E-1	1.1911E2	2.8844E0	9.7470E5	
441	-7.4364E-1	1.1764E2	2.8776E0	9.7692E5	
442	-7.4371E-1	1.1753E2	2.8710E0	9.7914E5	
443	-7.4371E-1	1.1753E2	2.8643E0	9.8136E5	
444	-7.4402E-1	1.1708E2	2.8576E0	9.8358E5	
445	-7.4371E-1	1.1753E2	2.8509E0	9.8580E5	
446	-7.4005E-1	1.2296E2	2.8441E0	9.8802E5	
447	-7.4272E-1	1.1900E2	2.8374E0	9.9024E5	
448	-7.4203E-1	1.2002E2	2.8308E0	9.9246E5	
449	-7.4135E-1	1.2104E2	2.8239E0	9.9468E5	
450	-7.4417E-1	1.1685E2	2.8172E0	9.9690E5	
451	-7.4074E-1	1.2194E2	2.8105E0	9.9912E5	
452	-7.4249E-1	1.1934E2	2.8038E0	1.0013E6	
453	-7.4089E-1	1.2172E2	2.7971E0	1.0036E6	
454	-7.4303E-1	1.1855E2	2.7903E0	1.0058E6	
455	-7.4066E-1	1.2206E2	2.7836E0	1.0080E6	
456	-7.4158E-1	1.2070E2	2.7769E0	1.0102E6	
457	-7.4188E-1	1.2025E2	2.7702E0	1.0124E6	
458	-7.3853E-1	1.2523E2	2.7634E0	1.0147E6	
459	-7.4120E-1	1.2126E2	2.7566E0	1.0169E6	
460	-7.4318E-1	1.1832E2	2.7499E0	1.0191E6	
461	-7.3830E-1	1.2557E2	2.7431E0	1.0213E6	
462	-7.3944E-1	1.2387E2	2.7363E0	1.0235E6	
463	-7.3807E-1	1.2591E2	2.7296E0	1.0258E6	
464	-7.3669E-1	1.2795E2	2.7229E0	1.0280E6	
465	-7.3914E-1	1.2432E2	2.7161E0	1.0302E6	
466	-7.3578E-1	1.2930E2	2.7093E0	1.0324E6	
467	-7.3631E-1	1.2851E2	2.7025E0	1.0346E6	
468	-7.3708E-1	1.2738E2	2.6957E0	1.0369E6	
469	-7.3792E-1	1.2613E2	2.6890E0	1.0391E6	
470	-7.3700E-1	1.2749E2	2.6823E0	1.0413E6	
471	-7.3555E-1	1.2964E2	2.6754E0	1.0435E6	
472	-7.3616E-1	1.2874E2	2.6686E0	1.0457E6	
473	-7.3418E-1	1.3168E2	2.6619E0	1.0480E6	
474	-7.3532E-1	1.2998E2	2.6551E0	1.0502E6	
475	-7.3624E-1	1.2862E2	2.6483E0	1.0524E6	
476	-7.3410E-1	1.3179E2	2.6415E0	1.0546E6	
477	-7.3532E-1	1.2998E2	2.6348E0	1.0568E6	
478	-7.3463E-1	1.3100E2	2.6280E0	1.0591E6	
479	-7.3235E-1	1.3440E2	2.6211E0	1.0613E6	
480	-7.3296E-1	1.3349E2	2.6143E0	1.0635E6	
481	-7.3280E-1	1.3372E2	2.6076E0	1.0657E6	
482	-7.3395E-1	1.3202E2	2.6007E0	1.0679E6	
483	-7.3471E-1	1.3089E2	2.5939E0	1.0702E6	
484	-7.3380E-1	1.3225E2	2.5871E0	1.0724E6	
485	-7.3250E-1	1.3417E2	2.5804E0	1.0746E6	
486	-7.3433E-1	1.3146E2	2.5735E0	1.0768E6	
487	-7.3288E-1	1.3361E2	2.5666E0	1.0790E6	
488	-7.3120E-1	1.3610E2	2.5598E0	1.0813E6	
489	-7.3288E-1	1.3361E2	2.5531E0	1.0835E6	
490	-7.3212E-1	1.3474E2	2.5462E0	1.0857E6	
491	-7.3181E-1	1.3519E2	2.5394E0	1.0879E6	
492	-7.3341E-1	1.3281E2	2.5325E0	1.0901E6	
493	-7.3074E-1	1.3678E2	2.5257E0	1.0924E6	
494	-7.3204E-1	1.3485E2	2.5189E0	1.0946E6	
495	-7.3105E-1	1.3632E2	2.5120E0	1.0968E6	
496	-7.3204E-1	1.3485E2	2.5052E0	1.0990E6	
497	-7.3090E-1	1.3655E2	2.4983E0	1.1012E6	
498	-7.3288E-1	1.3361E2	2.4915E0	1.1035E6	
499	-7.3311E-1	1.3327E2	2.4847E0	1.1057E6	
500	-7.3235E-1	1.3440E2	2.4778E0	1.1079E6	
501	-7.3135E-1	1.3587E2	2.4708E0	1.1101E6	
502	-7.2975E-1	1.3825E2	2.4641E0	1.1123E6	
503	-7.3051E-1	1.3712E2	2.4572E0	1.1146E6	
504	-7.2815E-1	1.4063E2	2.4504E0	1.1168E6	
505	-7.2823E-1	1.4051E2	2.4435E0	1.1190E6	
506	-7.2968E-1	1.3836E2	2.4366E0	1.1212E6	
507	-7.2754E-1	1.4153E2	2.4297E0	1.1234E6	
508	-7.2937E-1	1.3881E2	2.4229E0	1.1257E6	
509	-7.2784E-1	1.4108E2	2.4160E0	1.1279E6	
510	-7.3006E-1	1.3780E2	2.4092E0	1.1301E6	
511	-7.2693E-1	1.4244E2	2.4023E0	1.1323E6	
512	-7.2990E-1	1.3802E2	2.3955E0	1.1345E6	
513	-7.3067E-1	1.3689E2	2.3885E0	1.1368E6	
514	-7.2723E-1	1.4199E2	2.3816E0	1.1390E6	
515	-7.2678E-1	1.4266E2	2.3748E0	1.1412E6	
516	-7.2784E-1	1.4108E2	2.3679E0	1.1434E6	
517	-7.2807E-1	1.4074E2	2.3610E0	1.1456E6	
518	-7.2739E-1	1.4176E2	2.3542E0	1.1479E6	
519	-7.2601E-1	1.4380E2	2.3472E0	1.1501E6	
520	-7.2685E-1	1.4255E2	2.3402E0	1.1523E6	
521	-7.2571E-1	1.4425E2	2.3334E0	1.1545E6	
522	-7.2327E-1	1.4787E2	2.3265E0	1.1567E6	
523	-7.2411E-1	1.4663E2	2.3196E0	1.1590E6	
524	-7.2716E-1	1.4210E2	2.3127E0	1.1612E6	
525	-7.2418E-1	1.4651E2	2.3058E0	1.1634E6	
526	-7.2609E-1	1.4368E2	2.2988E0	1.1656E6	
527	-7.2418E-1	1.4651E2	2.2919E0	1.1678E6	
528	-7.2502E-1	1.4527E2	2.2851E0	1.1701E6	
529	-7.2327E-1	1.4787E2	2.2781E0	1.1723E6	
530	-7.2296E-1	1.4833E2	2.2712E0	1.1745E6	
531	-7.2350E-1	1.4753E2	2.2644E0	1.1767E6	
532	-7.2502E-1	1.4527E2	2.2573E0	1.1789E6	
533	-7.2258E-1	1.4889E2	2.2504E0	1.1812E6	
534	-7.2319E-1	1.4799E2	2.2435E0	1.1834E6	
535	-7.2174E-1	1.5014E2	2.2366E0	1.1856E6	
536	-7.2044E-1	1.5206E2	2.2296E0	1.1878E6	
537	-7.2273E-1	1.4867E2	2.2227E0	1.1900E6	
538	-7.2197E-1	1.4980E2	2.2158E0	1.1923E6	
539	-7.2006E-1	1.5263E2	2.2088E0	1.1945E6	
540	-7.2098E-1	1.5127E2	2.2020E0	1.1967E6	
541	-7.2418E-1	1.4651E2	2.1950E0	1.1989E6	
542	-7.2105E-1	1.5116E2	2.1880E0	1.2011E6	
543	-7.2197E-1	1.4980E2	2.1810E0	1.2034E6	
544	-7.1808E-1	1.5557E2	2.1741E0	1.2056E6	
545	-7.1762E-1	1.5625E2	2.1671E0	1.2078E6	
546	-7.1938E-1	1.5365E2	2.1602E0	1.2100E6	
547	-7.1693E-1	1.5727E2	2.1532E0	1.2122E6	
548	-7.1861E-1	1.5478E2	2.1463E0	1.2145E6	
549	-7.1838E-1	1.5512E2	2.1394E0	1.2167E6	
550	-7.1831E-1	1.5523E2	2.1324E0	1.2189E6	
551	-7.1739E-1	1.5659E2	2.1255E0	1.2211E6	
552	-7.1648E-1	1.5795E2	2.1184E0	1.2233E6	
553	-7.1754E-1	1.5636E2	2.1114E0	1.2256E6	
554	-7.1793E-1	1.5580E2	2.1046E0	1.2278E6	
555	-7.1800E-1	1.5569E2	2.0976E0	1.2300E6	
556	-7.1785E-1	1.5591E2	2.0906E0	1.2322E6	
557	-7.1564E-1	1.5920E2	2.0836E0	1.2344E6	
558	-7.1762E-1	1.5625E2	2.0767E0	1.2367E6	
559	-7.1861E-1	1.5478E2	2.0696E0	1.2389E6	
560	-7.1869E-1	1.5467E2	2.0627E0	1.2411E6	
561	-7.1976E-1	1.5308E2	2.0556E0	1.2433E6	
562	-7.1564E-1	1.5920E2	2.0488E0	1.2455E6	
563	-7.1526E-1	1.5976E2	2.0417E0	1.2478E6	
564	-7.1640E-1	1.5806E2	2.0348E0	1.2500E6	
565	-7.1686E-1	1.5738E2	2.0278E0	1.2522E6	
566	-7.1709E-1	1.5704E2	2.0208E0	1.2544E6	
567	-7.1609E-1	1.5852E2	2.0138E0	1.2566E6	
568	-7.1342E-1	1.6248E2	2.0067E0	1.2589E6	
569	-7.1503E-1	1.6010E2	1.9999E0	1.2611E6	
570	-7.1678E-1	1.5750E2	1.9928E0	1.2633E6	
571	-7.1579E-1	1.5897E2	1.9858E0	1.2655E6	
572	-7.1495E-1	1.6021E2	1.9788E0	1.2677E6	
573	-7.1236E-1	1.6406E2	1.9719E0	1.2700E6	
574	-7.1236E-1	1.6406E2	1.9649E0	1.2722E6	
575	-7.1342E-1	1.6248E2	1.9578E0	1.2744E6	
576	-7.1335E-1	1.6259E2	1.9508E0	1.2766E6	
577	-7.1320E-1	1.6282E2	1.9438E0	1.2788E6	
578	-7.1411E-1	1.6146E2	1.9368E0	1.2811E6	
579	-7.1228E-1	1.6418E2	1.9298E0	1.2833E6	
580	-7.1365E-1	1.6214E2	1.9228E0	1.2855E6	
581	-7.1060E-1	1.6667E2	1.9157E0	1.2877E6	
582	-7.1121E-1	1.6576E2	1.9087E0	1.2899E6	
583	-7.1404E-1	1.6157E2	1.9017E0	1.2922E6	
584	-7.1327E-1	1.6271E2	1.8948E0	1.2944E6	
585	-7.1442E-1	1.6101E2	1.8877E0	1.2966E6	
586	-7.1281E-1	1.6338E2	1.8807E0	1.2988E6	
587	-7.1152E-1	1.6531E2	1.8737E0	1.3010E6	
588	-7.1198E-1	1.6463E2	1.8667E0	1.3033E6	
589	-7.0923E-1	1.6871E2	1.8596E0	1.3055E6	
590	-7.0915E-1	1.6882E2	1.8525E0	1.3077E6	
591	-7.1175E-1	1.6497E2	1.8455E0	1.3099E6	
592	-7.1068E-1	1.6656E2	1.8385E0	1.3121E6	
593	-7.1053E-1	1.6678E2	1.8314E0	1.3144E6	
594	-7.0885E-1	1.6927E2	1.8245E0	1.3166E6	
595	-7.0999E-1	1.6757E2	1.8174E0	1.3188E6	
596	-7.0839E-1	1.6995E2	1.8103E0	1.3210E6	
597	-7.0961E-1	1.6814E2	1.8032E0	1.3232E6	
598	-7.1037E-1	1.6701E2	1.7962E0	1.3255E6	
599	-7.0801E-1	1.7052E2	1.7892E0	1.3277E6	
600	-7.0702E-1	1.7199E2	1.7822E0	1.3299E6	
601	-7.0786E-1	1.7074E2	1.7751E0	1.3321E6	
602	-7.0633E-1	1.7301E2	1.7681E0	1.3343E6	
603	-7.0633E-1	1.7301E2	1.7611E0	1.3366E6	
604	-7.0587E-1	1.7369E2	1.7541E0	1.3388E6	
605	-7.0709E-1	1.7188E2	1.7468E0	1.3410E6	
606	-7.0671E-1	1.7244E2	1.7399E0	1.3432E6	
607	-7.0549E-1	1.7425E2	1.7328E0	1.3454E6	
608	-7.0702E-1	1.7199E2	1.7257E0	1.3477E6	
609	-7.0557E-1	1.7414E2	1.7187E0	1.3499E6	
610	-7.0442E-1	1.7584E2	1.7117E0	1.3521E6	
611	-7.0534E-1	1.7448E2	1.7046E0	1.3543E6	
612	-7.0251E-1	1.7867E2	1.6975E0	1.3565E6	
613	-7.0518E-1	1.7471E2	1.6905E0	1.3588E6	
614	-7.0450E-1	1.7573E2	1.6835E0	1.3610E6	
615	-7.0473E-1	1.7539E2	1.6764E0	1.3632E6	
616	-7.0366E-1	1.7697E2	1.6692E0	1.3654E6	
617	-7.0312E-1	1.7776E2	1.6622E0	1.3676E6	
618	-7.0366E-1	1.7697E2	1.6551E0	1.3699E6	
619	-7.0396E-1	1.7652E2	1.6480E0	1.3721E6	
620	-7.0381E-1	1.7675E2	1.6410E0	1.3743E6	
621	-7.0419E-1	1.7618E2	1.6339E0	1.3765E6	
622	-7.0351E-1	1.7720E2	1.6270E0	1.3787E6	
623	-7.0198E-1	1.7946E2	1.6198E0	1.3810E6	
624	-7.0312E-1	1.7776E2	1.6127E0	1.3832E6	
625	-7.0419E-1	1.7618E2	1.6056E0	1.3854E6	
626	-7.0061E-1	1.8150E2	1.5987E0	1.3876E6	
627	-7.0259E-1	1.7856E2	1.5916E0	1.3898E6	
628	-7.0221E-1	1.7912E2	1.5845E0	1.3921E6	
629	-7.0305E-1	1.7788E2	1.5773E0	1.3943E6	
630	-6.9939E-1	1.8331E2	1.5703E0	1.3965E6	
631	-7.0190E-1	1.7958E2	1.5632E0	1.3987E6	
632	-7.0229E-1	1.7901E2	1.5561E0	1.4009E6	
633	-7.0030E-1	1.8195E2	1.5489E0	1.4032E6	
634	-7.0244E-1	1.7878E2	1.5419E0	1.4054E6	
635	-7.0099E-1	1.8093E2	1.5348E0	1.4076E6	
636	-6.9977E-1	1.8275E2	1.5278E0	1.4098E6	
637	-6.9878E-1	1.8422E2	1.5206E0	1.4120E6	
638	-6.9901E-1	1.8388E2	1.5136E0	1.4143E6	
639	-7.0007E-1	1.8229E2	1.5065E0	1.4165E6	
640	-6.9817E-1	1.8512E2	1.4994E0	1.4187E6	
641	-7.0160E-1	1.8003E2	1.4923E0	1.4209E6	
642	-7.0007E-1	1.8229E2	1.4851E0	1.4231E6	
643	-6.9626E-1	1.8795E2	1.4782E0	1.4254E6	
644	-6.9908E-1	1.8377E2	1.4709E0	1.4276E6	
645	-6.9778E-1	1.8569E2	1.4639E0	1.4298E6	
646	-6.9641E-1	1.8773E2	1.4568E0	1.4320E6	
647	-6.9740E-1	1.8626E2	1.4497E0	1.4342E6	
648	-6.9901E-1	1.8388E2	1.4425E0	1.4365E6	
649	-6.9717E-1	1.8660E2	1.4355E0	1.4387E6	
650	-7.0038E-1	1.8184E2	1.4284E0	1.4409E6	
651	-6.9832E-1	1.8490E2	1.4213E0	1.4431E6	
652	-6.9748E-1	1.8614E2	1.4142E0	1.4453E6	
653	-6.9450E-1	1.9056E2	1.4072E0	1.4476E6	
654	-6.9595E-1	1.8841E2	1.4000E0	1.4498E6	
655	-6.9687E-1	1.8705E2	1.3929E0	1.4520E6	
656	-6.9443E-1	1.9067E2	1.3859E0	1.4542E6	
657	-6.9313E-1	1.9260E2	1.3787E0	1.4564E6	
658	-6.9542E-1	1.8920E2	1.3716E0	1.4587E6	
659	-6.9351E-1	1.9203E2	1.3645E0	1.4609E6	
660	-6.9260E-1	1.9339E2	1.3574E0	1.4631E6	
661	-6.9420E-1	1.9101E2	1.3504E0	1.4653E6	
662	-6.9328E-1	1.9237E2	1.3432E0	1.4675E6	
663	-6.9405E-1	1.9124E2	1.3361E0	1.4698E6	
664	-6.9214E-1	1.9407E2	1.3290E0	1.4720E6	
665	-6.9542E-1	1.8920E2	1.3219E0	1.4742E6	
666	-6.9382E-1	1.9158E2	1.3148E0	1.4764E6	
667	-6.9176E-1	1.9464E2	1.3076E0	1.4786E6	
668	-6.9221E-1	1.9396E2	1.3006E0	1.4809E6	
669	-6.9275E-1	1.9316E2	1.2934E0	1.4831E6	
670	-6.9382E-1	1.9158E2	1.2862E0	1.4853E6	
671	-6.9046E-1	1.9656E2	1.2792E0	1.4875E6	
672	-6.9221E-1	1.9396E2	1.2721E0	1.4897E6	
673	-6.8993E-1	1.9735E2	1.2650E0	1.4920E6	
674	-6.9061E-1	1.9633E2	1.2578E0	1.4942E6	
675	-6.9260E-1	1.9339E2	1.2507E0	1.4964E6	
676	-6.9084E-1	1.9599E2	1.2436E0	1.4986E6	
677	-6.9221E-1	1.9396E2	1.2365E0	1.5008E6	
678	-6.9092E-1	1.9588E2	1.2295E0	1.5031E6	
679	-6.8901E-1	1.9871E2	1.2222E0	1.5053E6	
680	-6.9031E-1	1.9679E2	1.2151E0	1.5075E6	
681	-6.8748E-1	2.0098E2	1.2080E0	1.5097E6	
682	-6.8932E-1	1.9826E2	1.2010E0	1.5119E6	
683	-6.8863E-1	1.9928E2	1.1939E0	1.5142E6	
684	-6.8962E-1	1.9781E2	1.1868E0	1.5164E6	
685	-7.3029E-1	1.3746E2	1.1797E0	1.5186E6	
686	-7.3296E-1	1.3349E2	1.1725E0	1.5208E6	
687	-7.3372E-1	1.3236E2	1.1654E0	1.5230E6	
688	-7.3135E-1	1.3587E2	1.1582E0	1.5253E6	
689	-7.2586E-1	1.4402E2	1.1512E0	1.5275E6	
690	-7.1831E-1	1.5523E2	1.1441E0	1.5297E6	
691	-7.1220E-1	1.6429E2	1.1370E0	1.5319E6	
692	-7.0641E-1	1.7290E2	1.1298E0	1.5341E6	
693	-7.0183E-1	1.7969E2	1.1227E0	1.5364E6	
694	-6.9901E-1	1.8388E2	1.1156E0	1.5386E6	
695	-6.9168E-1	1.9475E2	1.1085E0	1.5408E6	
696	-6.8741E-1	2.0109E2	1.1013E0	1.5430E6	
697	-6.8520E-1	2.0437E2	1.0942E0	1.5452E6	
698	-6.8016E-1	2.1185E2	1.0872E0	1.5475E6	
699	-6.7940E-1	2.1298E2	1.0799E0	1.5497E6	
700	-6.7345E-1	2.2181E2	1.0729E0	1.5519E6	
701	-6.6765E-1	2.3041E2	1.0659E0	1.5541E6	
702	-6.6734E-1	2.3087E2	1.0587E0	1.5563E6	
703	-6.6040E-1	2.4117E2	1.0516E0	1.5586E6	
704	-6.6139E-1	2.3970E2	1.0444E0	1.5608E6	
705	-6.5720E-1	2.4593E2	1.0373E0	1.5630E6	
706	-6.4896E-1	2.5815E2	1.0302E0	1.5652E6	
707	-6.4140E-1	2.6936E2	1.0232E0	1.5674E6	
708	-6.4125E-1	2.6959E2	1.0160E0	1.5697E6	
709	-6.3705E-1	2.7582E2	1.0089E0	1.5719E6	
710	-6.4034E-1	2.7095E2	1.0018E0	1.5741E6	
711	-6.3515E-1	2.7865E2	9.9459E-1	1.5763E6	
712	-6.2927E-1	2.8737E2	9.8754E-1	1.5785E6	
713	-6.2820E-1	2.8895E2	9.8045E-1	1.5808E6	
714	-6.2164E-1	2.9869E2	9.7329E-1	1.5830E6	
715	-6.2241E-1	2.9756E2	9.6623E-1	1.5852E6	
716	-6.1310E-1	3.1137E2	9.5912E-1	1.5874E6	
717	-6.0921E-1	3.1715E2	9.5189E-1	1.5896E6	
718	-6.0738E-1	3.1986E2	9.4488E-1	1.5919E6	
719	-5.9914E-1	3.3209E2	9.3780E-1	1.5941E6	
720	-5.9875E-1	3.3266E2	9.3066E-1	1.5963E6	
721	-5.9280E-1	3.4149E2	9.2349E-1	1.5985E6	
722	-5.9090E-1	3.4432E2	9.1653E-1	1.6007E6	
723	-5.8510E-1	3.5292E2	9.0936E-1	1.6030E6	
724	-5.8350E-1	3.5530E2	9.0234E-1	1.6052E6	
725	-5.7579E-1	3.6674E2	8.9517E-1	1.6074E6	
726	-5.7068E-1	3.7432E2	8.8804E-1	1.6096E6	
727	-5.6808E-1	3.7817E2	8.8094E-1	1.6118E6	
728	-5.5771E-1	3.9357E2	8.7383E-1	1.6141E6	
729	-5.5984E-1	3.9040E2	8.6671E-1	1.6163E6	
730	-5.5016E-1	4.0478E2	8.5962E-1	1.6185E6	
731	-5.4977E-1	4.0535E2	8.5254E-1	1.6207E6	
732	-5.4329E-1	4.1497E2	8.4552E-1	1.6229E6	
733	-5.3741E-1	4.2369E2	8.3840E-1	1.6252E6	
734	-5.3268E-1	4.3071E2	8.3127E-1	1.6274E6	
735	-5.2567E-1	4.4113E2	8.2413E-1	1.6296E6	
736	-5.1964E-1	4.5007E2	8.1708E-1	1.6318E6	
737	-5.1811E-1	4.5234E2	8.0993E-1	1.6340E6	
738	-5.1041E-1	4.6377E2	8.0293E-1	1.6363E6	
739	-5.0423E-1	4.7294E2	7.9582E-1	1.6385E6	
740	-4.9782E-1	4.8245E2	7.8877E-1	1.6407E6	
741	-4.9080E-1	4.9287E2	7.8164E-1	1.6429E6	
742	-4.8805E-1	4.9695E2	7.7449E-1	1.6451E6	
743	-4.8141E-1	5.0680E2	7.6747E-1	1.6474E6	
744	-4.7775E-1	5.1223E2	7.6044E-1	1.6496E6	
745	-4.6829E-1	5.2627E2	7.5331E-1	1.6518E6	
746	-4.6310E-1	5.3397E2	7.4624E-1	1.6540E6	
747	-4.5517E-1	5.4575E2	7.3918E-1	1.6562E6	
748	-4.4975E-1	5.5379E2	7.3206E-1	1.6585E6	
749	-4.4319E-1	5.6352E2	7.2498E-1	1.6607E6	
750	-4.3846E-1	5.7054E2	7.1794E-1	1.6629E6	
751	-4.3335E-1	5.7813E2	7.1081E-1	1.6651E6	
752	-4.2511E-1	5.9036E2	7.0370E-1	1.6673E6	
753	-4.2282E-1	5.9376E2	6.9667E-1	1.6696E6	
754	-4.1328E-1	6.0791E2	6.8965E-1	1.6718E6	
755	-4.0756E-1	6.1640E2	6.8252E-1	1.6740E6	
756	-4.0131E-1	6.2569E2	6.7555E-1	1.6762E6	
757	-3.9139E-1	6.4040E2	6.6844E-1	1.6784E6	
758	-3.8734E-1	6.4641E2	6.6142E-1	1.6807E6	
759	-3.7834E-1	6.5977E2	6.5435E-1	1.6829E6	
760	-3.7071E-1	6.7109E2	6.4726E-1	1.6851E6	
761	-3.5965E-1	6.8751E2	6.4010E-1	1.6873E6	
762	-3.5439E-1	6.9532E2	6.3314E-1	1.6895E6	
763	-3.5080E-1	7.0064E2	6.2614E-1	1.6918E6	
764	-3.4012E-1	7.1649E2	6.1901E-1	1.6940E6	
765	-3.2845E-1	7.3382E2	6.1199E-1	1.6962E6	
766	-3.2661E-1	7.3653E2	6.1067E-1	1.6966E6	
767	-3.2326E-1	7.4152E2	6.0385E-1	1.6988E6	
768	-3.2005E-1	7.4627E2	6.0363E-1	1.6988E6	
769	-3.2005E-1	7.4627E2	6.0363E-1	1.6988E6	
770	-3.2005E-1	7.4627E2	6.0363E-1	1.6988E6	
771	-3.2005E-1	7.4627E2	6.0363E-1	1.6988E6	
772	-3.2005E-1	7.4627E2	6.0363E-1	1.6988E6	
773	-3.2005E-1	7.4627E2	6.0363E-1	1.6988E6	
774	-3.2005E-1	7.4627E2	6.0363E-1	1.6988E6	
775	-3.2005E-1	7.4627E2	6.0363E-1	1.6988E6	
776	-3.2005E-1	7.4627E2	6.0363E-1	1.6988E6	
777	-3.2005E-1	7.4627E2	6.0363E-1	1.6988E6	
778	-3.2005E-1	7.4627E2	6.0363E-1	1.6988E6	
779	-3.2005E-1	7.4627E2	6.0363E-1	1.6988E6	
780	-3.2005E-1	7.4627E2	6.0363E-1	1.6988E6	
781	-3.2005E-1	7.4627E2	6.0363E-1	1.6988E6	
782	-3.2005E-1	7.4627E2	6.0363E-1	1.6988E6	
783	-3.2005E-1	7.4627E2	6.0363E-1	1.6988E6	
784	-3.2005E-1	7.4627E2	6.0363E-1	1.6988E6	
785	-3.2005E-1	7.4627E2	6.0363E-1	1.6988E6	
786	-3.2005E-1	7.4627E2	6.0363E-1	1.6988E6	
787	-3.2005E-1	7.4627E2	6.0363E-1	1.6988E6	
788	-3.2005E-1	7.4627E2	6.0363E-1	1.6988E6	
789	-3.2005E-1	7.4627E2	6.0363E-1	1.6988E6	
790	-3.2005E-1	7.4627E2	6.0363E-1	1.6988E6	
791	-3.2005E-1	7.4627E2	6.0363E-1	1.6988E6	
792	-3.2005E-1	7.4627E2	6.0363E-1	1.6988E6	
793	-3.2005E-1	7.4627E2	6.0363E-1	1.6988E6	
794	-3.2005E-1	7.4627E2	6.0363E-1	1.6988E6	
795	-3.2005E-1	7.4627E2	6.0363E-1	1.6988E6	
796	-3.2005E-1	7.4627E2	6.0363E-1	1.6988E6	
797	-3.2005E-1	7.4627E2	6.0363E-1	1.6988E6	
798	-3.2005E-1	7.4627E2	6.0363E-1	1.6988E6	
799	-3.2005E-1	7.4627E2	6.0363E-1	1.6988E6	
800	-3.2005E-1	7.4627E2	6.0363E-1	1.6988E6	
801	-3.2005E-1	7.4627E2	6.0363E-1	1.6988E6	
802	-3.2005E-1	7.4627E2	6.0363E-1	1.6988E6	
803	-3.2005E-1	7.4627E2	6.0363E-1	1.6988E6	
804	-3.2005E-1	7.4627E2	6.0363E-1	1.6988E6	
805	-3.2005E-1	7.4627E2	6.0363E-1	1.6988E6	
806	-3.2005E-1	7.4627E2	6.0363E-1	1.6988E6	
807	-3.2005E-1	7.4627E2	6.0363E-1	1.6988E6	
808	-3.2005E-1	7.4627E2	6.0363E-1	1.6988E6	
809	-3.2005E-1	7.4627E2	6.0363E-1	1.6988E6	
810	-3.2005E-1	7.4627E2	6.0363E-1	1.6988E6	
811	-3.2005E-1	7.4627E2	6.0363E-1	1.6988E6	
812	-3.2005E-1	7.4627E2	6.0363E-1	1.6988E6	
813	-3.2005E-1	7.4627E2	6.0363E-1	1.6988E6	
814	-3.2005E-1	7.4627E2	6.0363E-1	1.6988E6	
815	-3.2005E-1	7.4627E2	6.0363E-1	1.6988E6	
816	-3.2005E-1	7.4627E2	6.0363E-1	1.6988E6	
817	-3.2005E-1	7.4627E2	6.0363E-1	1.6988E6	
818	-3.2005E-1	7.4627E2	6.0363E-1	1.6988E6	
819	-3.2005E-1	7.4627E2	6.0363E-1	1.6988E6	
820	-3.2005E-1	7.4627E2	6.0363E-1	1.6988E6	
821	-3.2005E-1	7.4627E2	6.0363E-1	1.6988E6	
822	-3.2005E-1	7.4627E2	6.0363E-1	1.6988E6	
823	-3.2005E-1	7.4627E2	6.0363E-1	1.6988E6	
824	-3.2005E-1	7.4627E2	6.0363E-1	1.6988E6	
825	-3.2005E-1	7.4627E2	6.0363E-1	1.6988E6	
826	-3.2005E-1	7.4627E2	6.0363E-1	1.6988E6	
827	-3.2005E-1	7.4627E2	6.0363E-1	1.6988E6	
828	-3.2005E-1	7.4627E2	6.0363E-1	1.6988E6	
829	-3.2005E-1	7.4627E2	6.0363E-1	1.6988E6	
830	-3.2005E-1	7.4627E2	6.0363E-1	1.6988E6	
831	-3.2005E-1	7.4627E2	6.0363E-1	1.6988E6	
832	-3.2005E-1	7.4627E2	6.0363E-1	1.6988E6	
833	-3.2005E-1	7.4627E2	6.0363E-1	1.6988E6	
834	-3.2005E-1	7.4627E2	6.0363E-1	1.6988E6	
835	-3.2005E-1	7.4627E2	6.0363E-1	1.6988E6	
836	-3.2005E-1	7.4627E2	6.0363E-1	1.6988E6	
837	-3.2005E-1	7.4627E2	6.0363E-1	1.6988E6	
838	-3.2005E-1	7.4627E2	6.0363E-1	1.6988E6	
839	-3.2005E-1	7.4627E2	6.0363E-1	1.6988E6	
840	-3.2005E-1	7.4627E2	6.0363E-1	1.6988E6	
841	-3.2005E-1	7.4627E2	6.0363E-1	1.6988E6	
842	-3.2005E-1	7.4627E2	6.0363E-1	1.6988E6	
843	-3.2005E-1	7.4627E2	6.0363E-1	1.6988E6	
844	-3.2005E-1	7.4627E2	6.0363E-1	1.6988E6	
845	-3.2005E-1	7.4627E2	6.0363E-1	1.6988E6	
846	-3.2005E-1	7.4627E2	6.0363E-1	1.6988E6	
847	-3.2005E-1	7.4627E2	6.0363E-1	1.6988E6	
848	-3.2005E-1	7.4627E2	6.0363E-1	1.6988E6	
849	-3.2005E-1	7.4627E2	6.0363E-1	1.6988E6	
850	-3.2005E-1	7.4627E2	6.0363E-1	1.6988E6	
851	-3.2005E-1	7.4627E2	6.0363E-1	1.6988E6	
852	-3.2005E-1	7.4627E2	6.0363E-1	1.6988E6	
853	-3.2005E-1	7.4627E2	6.0363E-1	1.6988E6	
854	-3.2005E-1	7.4627E2	6.0363E-1	1.6988E6	
855	-3.2005E-1	7.4627E2	6.0363E-1	1.6988E6	
856	-3.2005E-1	7.4627E2	6.0363E-1	1.6988E6	
857	-3.2005E-1	7.4627E2	6.0363E-1	1.6988E6	
858	-3.2005E-1	7.4627E2	6.0363E-1	1.6988E6	
859	-3.2005E-1	7.4627E2	6.0363E-1	1.6988E6	
860	-3.2005E-1	7.4627E2	6.0363E-1	1.6988E6	
861	-3.2005E-1	7.4627E2	6.0363E-1	1.6988E6	
862	-3.2005E-1	7.4627E2	6.0363E-1	1.6988E6	
863	-3.2005E-1	7.4627E2	6.0363E-1	1.6988E6	
864	-3.2005E-1	7.4627E2	6.0363E-1	1.6988E6	
865	-3.2005E-1	7.4627E2	6.0363E-1	1.6988E6	
866	-3.2005E-1	7.4627E2	6.0363E-1	1.6988E6	
867	-3.2005E-1	7.4627E2	6.0363E-1	1.6988E6	
868	-3.2005E-1	7.4627E2	6.0363E-1	1.6988E6	
869	-3.2005E-1	7.4627E2	6.0363E-1	1.6988E6	
870	-3.2005E-1	7.4627E2	6.0363E-1	1.6988E6	
871	-3.2005E-1	7.4627E2	6.0363E-1	1.6988E6	
872	-3.2005E-1	7.4627E2	6.0363E-1	1.6988E6	
873	-3.2005E-1	7.4627E2	6.0363E-1	1.6988E6	
874	-3.2005E-1	7.4627E2	6.0363E-1	1.6988E6	
875	-3.2005E-1	7.4627E2	6.0363E-1	1.6988E6	
876	-3.2005E-1	7.4627E2	6.0363E-1	1.6988E6	
877	-3.2005E-1	7.4627E2	6.0363E-1	1.6988E6	
878	-3.2005E-1	7.4627E2	6.0363E-1	1.6988E6	
879	-3.2005E-1	7.4627E2	6.0363E-1	1.6988E6	
880	-3.2005E-1	7.4627E2	6.0363E-1	1.6988E6	
881	-3.2005E-1	7.4627E2	6.0363E-1	1.6988E6	
882	-3.2005E-1	7.4627E2	6.0363E-1	1.6988E6	
883	-3.2005E-1	7.4627E2	6.0363E-1	1.6988E6	
884	-3.2005E-1	7.4627E2	6.0363E-1	1.6988E6	
885	-3.2005E-1	7.4627E2	6.0363E-1	1.6988E6	
886	-3.2005E-1	7.4627E2	6.0363E-1	1.6988E6	
887	-3.2005E-1	7.4627E2	6.0363E-1	1.6988E6	
888	-3.2005E-1	7.4627E2	6.0363E-1	1.6988E6	
889	-3.2005E-1	7.4627E2	6.0363E-1	1.6988E6	
890	-3.2005E-1	7.4627E2	6.0363E-1	1.6988E6	
891	-3.2005E-1	7.4627E2	6.0363E-1	1.6988E6	
892	-3.2005E-1	7.4627E2	6.0363E-1	1.6988E6	
893	-3.2005E-1	7.4627E2	6.0363E-1	1.6988E6	
894	-3.2005E-1	7.4627E2	6.0363E-1	1.6988E6	
895	-3.2005E-1	7.4627E2	6.0363E-1	1.6988E6	
896	-3.2005E-1	7.4627E2	6.0363E-1	1.6988E6	
897	-3.2005E-1	7.4627E2	6.0363E-1	1.6988E6	
898	-3.2005E-1	7.4627E2	6.0363E-1	1.6988E6	
899	-3.2005E-1	7.4627E2	6.0363E-1	1.6988E6	
900	-3.2005E-1	7.4627E2	6.0363E-1	1.6988E6	
901	-3.2005E-1	7.4627E2	6.0363E-1	1.6988E6	
902	-3.2005E-1	7.4627E2	6.0363E-1	1.6988E6	
903	-3.2005E-1	7.4627E2	6.0363E-1	1.6988E6	
904	-3.2005E-1	7.4627E2	6.0363E-1	1.6988E6	
905	-3.2005E-1	7.4627E2	6.0363E-1	1.6988E6	
906	-3.2005E-1	7.4627E2	6.0363E-1	1.6988E6	
907	-3.2005E-1	7.4627E2	6.0363E-1	1.6988E6	
908	-3.2005E-1	7.4627E2	6.0363E-1	1.6988E6	
909	-3.2005E-1	7.4627E2	6.0363E-1	1.6988E6	
910	-3.2005E-1	7.4627E2	6.0363E-1	1.6988E6	
911	-3.2005E-1	7.4627E2	6.0363E-1	1.6988E6	
912	-3.2005E-1	7.4627E2	6.0363E-1	1.6988E6	
913	-3.2005E-1	7.4627E2	6.0363E-1	1.6988E6	
914	-3.2005E-1	7.4627E2	6.0363E-1	1.6988E6	
915	-3.2005E-1	7.4627E2	6.0363E-1	1.6988E6	
916	-3.2005E-1	7.4627E2	6.0363E-1	1.6988E6	
917	-3.2005E-1	7.4627E2	6.0363E-1	1.6988E6	
918	-3.2005E-1	7.4627E2	6.0363E-1	1.6988E6	
919	-3.2005E-1	7.4627E2	6.0363E-1	1.6988E6	
920	-3.2005E-1	7.4627E2	6.0363E-1	1.6988E6	
921	-3.2005E-1	7.4627E2	6.0363E-1	1.6988E6	
922	-3.2005E-1	7.4627E2	6.0363E-1	1.6988E6	
923	-3.2005E-1	7.4627E2	6.0363E-1	1.6988E6	
924	-3.2005E-1	7.4627E2	6.0363E-1	1.6988E6	
925	-3.2005E-1	7.4627E2	6.0363E-1	1.6988E6	
926	-3.2005E-1	7.4627E2	6.0363E-1	1.6988E6	
927	-3.2005E-1	7.4627E2	6.0363E-1	1.6988E6	
928	-3.2005E-1	7.4627E2	6.0363E-1	1.6988E6	
929	-3.2005E-1	7.4627E2	6.0363E-1	1.6988E6	
930	-3.2005E-1	7.4627E2	6.0363E-1	1.6988E6	
931	-3.2005E-1	7.4627E2	6.0363E-1	1.6988E6	
932	-3.2005E-1	7.4627E2	6.0363E-1	1.6988E6	
933	-3.2005E-1	7.4627E2	6.0363E-1	1.6988E6	
934	-3.2005E-1	7.4627E2	6.0363E-1	1.6988E6	
935	-3.2005E-1	7.4627E2	6.0363E-1	1.6988E6	
936	-3.2005E-1	7.4627E2	6.0363E-1	1.6988E6	
937	-3.2005E-1	7.4627E2	6.0363E-1	1.6988E6	
938	-3.2005E-1	7.4627E2	6.0363E-1	1.6988E6	
939	-3.2005E-1	7.4627E2	6.0363E-1	1.6988E6	
940	-3.2005E-1	7.4627E2	6.0363E-1	1.6988E6	
941	-3.2005E-1	7.4627E2	6.0363E-1	1.6988E6	
942	-3.2005E-1	7.4627E2	6.0363E-1	1.6988E6	
943	-3.2005E-1	7.4627E2	6.0363E-1	1.6988E6	
944	-3.2005E-1	7.4627E2	6.0363E-1	1.6988E6	
945	-3.2005E-1	7.4627E2	6.0363E-1	1.6988E6	
946	-3.2005E-1	7.4627E2	6.0363E-1	1.6988E6	
947	-3.2005E-1	7.4627E2	6.0363E-1	1.6988E6	
948	-3.2005E-1	7.4627E2	6.0363E-1	1.6988E6	
949	-3.2005E-1	7.4627E2	6.0363E-1	1.6988E6	
950	-3.2005E-1	7.4627E2	6.0363E-1	1.6988E6	
951	-3.2005E-1	7.4627E2	6.0363E-1	1.6988E6	
952	-3.2005E-1	7.4627E2	6.0363E-1	1.6988E6	
953	-3.2005E-1	7.4627E2	6.0363E-1	1.6988E6	
954	-3.2005E-1	7.4627E2	6.0363E-1	1.6988E6	
955	-3.2005E-1	7.4627E2	6.0363E-1	1.6988E6	
956	-3.2005E-1	7.4627E2	6.0363E-1	1.6988E6	
957	-3.2005E-1	7.4627E2	6.0363E-1	1.6988E6	
958	-3.2005E-1	7.4627E2	6.0363E-1	1.6988E6	
959	-3.2005E-1	7.4627E2	6.0363E-1	1.6988E6	
960	-3.2005E-1	7.4627E2	6.0363E-1	1.6988E6	
961	-3.2005E-1	7.4627E2	6.0363E-1	1.6988E6	
962	-3.2005E-1	7.4627E2	6.0363E-1	1.6988E6	
963	-3.2005E-1	7.4627E2	6.0363E-1	1.6988E6	
964	-3.2005E-1	7.4627E2	6.0363E-1	1.6988E6	
965	-3.2005E-1	7.4627E2	6.0363E-1	1.6988E6	
966	-3.2005E-1	7.4627E2	6.0363E-1	1.6988E6	
967	-3.2005E-1	7.4627E2	6.0363E-1	1.6988E6	
968	-3.2005E-1	7.4627E2	6.0363E-1	1.6988E6	
969	-3.2005E-1	7.4627E2	6.0363E-1	1.6988E6	
970	-3.2005E-1	7.4627E2	6.0363E-1	1.6988E6	
971	-3.2005E-1	7.4627E2	6.0363E-1	1.6988E6	
972	-3.2005E-1	7.4627E2	6.0363E-1	1.6988E6	
973	-3.2005E-1	7.4627E2	6.0363E-1	1.6988E6	
974	-3.2005E-1	7.4627E2	6.0363E-1	1.6988E6	
975	-3.2005E-1	7.4627E2	6.0363E-1	1.6988E6	
976	-3.2005E-1	7.4627E2	6.0363E-1	1.6988E6	
977	-3.2005E-1	7.4627E2	6.0363E-1	1.6988E6	
978	-3.2005E-1	7.4627E2	6.0363E-1	1.6988E6	
979	-3.2005E-1	7.4627E2	6.0363E-1	1.6988E6	
980	-3.2005E-1	7.4627E2	6.0363E-1	1.6988E6	
981	-3.2005E-1	7.4627E2	6.0363E-1	1.6988E6	
982	-3.2005E-1	7.4627E2	6.0363E-1	1.6988E6	
983	-3.2005E-1	7.4627E2	6.0363E-1	1.6988E6	
984	-3.2005E-1	7.4627E2	6.0363E-1	1.6988E6	
985	-3.2005E-1	7.4627E2	6.0363E-1	1.6988E6	
986	-3.2005E-1	7.4627E2	6.0363E-1	1.6988E6	
987	-3.2005E-1	7.4627E2	6.0363E-1	1.6988E6	
988	-3.2005E-1	7.4627E2	6.0363E-1	1.6988E6	
989	-3.2005E-1	7.4627E2	6.0363E-1	1.6988E6	
990	-3.2005E-1	7.4627E2	6.0363E-1	1.6988E6	
991	-3.2005E-1	7.4627E2	6.0363E-1	1.6988E6	
992	-3.2005E-1	7.4627E2	6.0363E-1	1.6988E6	
993	-3.2005E-1	7.4627E2	6.0363E-1	1.6988E6	
994	-3.2005E-1	7.4627E2	6.0363E-1	1.6988E6	
995	-3.2005E-1	7.4627E2	6.0363E-1	1.6988E6	
996	-3.2005E-1	7.4627E2	6.0363E-1	1.6988E6	
997	-3.2005E-1	7.4627E2	6.0363E-1	1.6988E6	
998	-3.2005E-1	7.4627E2	6.0363E-1	1.6988E6	
999	-3.2005E-1	7.4627E2	6.0363E-1	1.6988E6	
1000	-3.2005E-1	7.4627E2	6.0363E-1	1.6988E6	
1001	-3.2005E-1	7.4627E2	6.0363E-1	1.6988E6	
1002	-3.2005E-1	7.4627E2	6.0363E-1	1.6988E6	
1003	-3.2005E-1	7.4627E2	6.0363E-1	1.6988E6	
1004	-3.2005E-1	7.4627E2	6.0363E-1	1.6988E6	
1005	-3.2005E-1	7.4627E2	6.0363E-1	1.6988E6	
1006	-3.2005E-1	7.4627E2	6.0363E-1	1.6988E6	
1007	-3.2005E-1	7.4627E2	6.0363E-1	1.6988E6	
1008	-3.2005E-1	7.4627E2	6.0363E-1	1.6988E6	
1009	-3.2005E-1	7.4627E2	6.0363E-1	1.6988E6	
1010	-3.2005E-1	7.4627E2	6.0363E-1	1.6988E6	
1011	-3.2005E-1	7.4627E2	6.0363E-1	1.6988E6	
1012	-3.2005E-1	7.4627E2	6.0363E-1	1.6988E6	
1013	-3.2005E-1	7.4627E2	6.0363E-1	1.6988E6	
1014	-3.2005E-1	7.4627E2	6.0363E-1	1.6988E6	
1015	-3.2005E-1	7.4627E2	6.0363E-1	1.6988E6	
1016	-3.2005E-1	7.4627E2	6.0363E-1	1.6988E6	
1017	-3.2005E-1	7.4627E2	6.0363E-1	1.6988E6	
1018	-3.2005E-1	7.4627E2	6.0363E-1	1.6988E6	
1019	-3.2005E-1	7.4627E2	6.0363E-1	1.6988E6	
1020	-3.2005E-1	7.4627E2	6.0363E-1	1.6988E6	
1021	-3.2005E-1	7.4627E2	6.0363E-1	1.6988E6	
1022	-3.2005E-1	7.4627E2	6.0363E-1	1.6988E6	
1023	-3.2005E-1	7.4627E2	6.0363E-1	1.6988E6	
1024	-3.2005E-1	7.4627E2	6.0363E-1	1.6988E6	
1025	-3.2066E-1	7.4537E2	6.0363E-1	1.6988E6	
1026	-3.6552E-1	6.7879E2	6.0507E-1	1.7011E6	
1027	-3.9162E-1	6.4007E2	6.0779E-1	1.7033E6	
1028	-4.1039E-1	6.1221E2	6.1092E-1	1.7055E6	
1029	-4.3495E-1	5.7575E2	6.1434E-1	1.7077E6	
1030	-4.4861E-1	5.5549E2	6.1799E-1	1.7099E6	
1031	-4.6234E-1	5.3510E2	6.2172E-1	1.7122E6	
1032	-4.7966E-1	5.0940E2	6.2547E-1	1.7144E6	
1033	-4.9568E-1	4.8563E2	6.2950E-1	1.7166E6	
1034	-5.0941E-1	4.6524E2	6.3351E-1	1.7188E6	
1035	-5.2551E-1	4.4135E2	6.3757E-1	1.7210E6	
1036	-5.3642E-1	4.2516E2	6.4175E-1	1.7233E6	
1037	-5.4970E-1	4.0546E2	6.4607E-1	1.7255E6	
1038	-5.5794E-1	3.9323E2	6.5020E-1	1.7277E6	
1039	-5.7358E-1	3.7002E2	6.5445E-1	1.7299E6	
1040	-5.8250E-1	3.5677E2	6.5870E-1	1.7321E6	
1041	-5.9471E-1	3.3866E2	6.6319E-1	1.7344E6	
1042	-6.0448E-1	3.2417E2	6.6750E-1	1.7366E6	
1043	-6.1829E-1	3.0367E2	6.7196E-1	1.7388E6	
1044	-6.2737E-1	2.9020E2	6.7630E-1	1.7410E6	
1045	-6.3766E-1	2.7491E2	6.8072E-1	1.7432E6	
1046	-6.4819E-1	2.5929E2	6.8516E-1	1.7455E6	
1047	-6.5598E-1	2.4774E2	6.8963E-1	1.7477E6	
1048	-6.6689E-1	2.3155E2	6.9419E-1	1.7499E6	
1049	-6.7459E-1	2.2011E2	6.9862E-1	1.7521E6	
1050	-6.8459E-1	2.0528E2	7.0318E-1	1.7543E6	
1051	-6.9435E-1	1.9079E2	7.0773E-1	1.7566E6	
1052	-7.0663E-1	1.7256E2	7.1233E-1	1.7588E6	
1053	-7.1259E-1	1.6372E2	7.1691E-1	1.7610E6	
1054	-7.2479E-1	1.4561E2	7.2148E-1	1.7632E6	
1055	-7.3021E-1	1.3757E2	7.2607E-1	1.7654E6	
1056	-7.3868E-1	1.2500E2	7.3071E-1	1.7677E6	
1057	-7.4287E-1	1.1877E2	7.3536E-1	1.7699E6	
1058	-7.5752E-1	9.7035E1	7.3997E-1	1.7721E6	
1059	-7.5981E-1	9.3638E1	7.4455E-1	1.7743E6	
1060	-7.7446E-1	7.1898E1	7.4918E-1	1.7765E6	
1061	-7.8041E-1	6.3067E1	7.5395E-1	1.7788E6	
1062	-7.8873E-1	5.0725E1	7.5856E-1	1.7810E6	
1063	-7.9674E-1	3.8836E1	7.6322E-1	1.7832E6	
1064	-7.9994E-1	3.4081E1	7.6785E-1	1.7854E6	
1065	-8.1139E-1	1.7097E1	7.7255E-1	1.7876E6	
1066	-8.1711E-1	8.6052E0	7.7727E-1	1.7899E6	
1067	-8.2504E-1	-3.1703E0	7.8203E-1	1.7921E6	
1068	-8.3412E-1	-1.6644E1	7.8673E-1	1.7943E6	
1069	-8.4213E-1	-2.8533E1	7.9142E-1	1.7965E6	
1070	-8.4602E-1	-3.4307E1	7.9625E-1	1.7987E6	
1071	-8.5152E-1	-4.2460E1	8.0103E-1	1.8010E6	
1072	-8.5815E-1	-5.2310E1	8.0580E-1	1.8032E6	
1073	-8.6502E-1	-6.2501E1	8.1059E-1	1.8054E6	
1074	-8.7326E-1	-7.4729E1	8.1526E-1	1.8076E6	
1075	-8.7662E-1	-7.9711E1	8.2015E-1	1.8098E6	
1076	-8.8203E-1	-8.7750E1	8.2485E-1	1.8121E6	
1077	-8.8852E-1	-9.7374E1	8.2967E-1	1.8143E6	
1078	-8.9180E-1	-1.0224E2	8.3450E-1	1.8165E6	
1079	-8.9622E-1	-1.0881E2	8.3926E-1	1.8187E6	
1080	-8.9767E-1	-1.1096E2	8.4415E-1	1.8209E6	
1081	-9.0851E-1	-1.2704E2	8.4890E-1	1.8232E6	
1082	-9.1293E-1	-1.3361E2	8.5375E-1	1.8254E6	
1083	-9.1858E-1	-1.4199E2	8.5858E-1	1.8276E6	
1084	-9.1942E-1	-1.4323E2	8.6343E-1	1.8298E6	
1085	-9.3025E-1	-1.5931E2	8.6832E-1	1.8320E6	
1086	-9.3063E-1	-1.5987E2	8.7320E-1	1.8343E6	
1087	-9.3163E-1	-1.6135E2	8.7812E-1	1.8365E6	
1088	-9.3475E-1	-1.6599E2	8.8283E-1	1.8387E6	
1089	-9.4124E-1	-1.7561E2	8.8769E-1	1.8409E6	
1090	-9.4551E-1	-1.8195E2	8.9268E-1	1.8431E6	
1091	-9.4902E-1	-1.8716E2	8.9759E-1	1.8454E6	
1092	-9.5329E-1	-1.9350E2	9.0245E-1	1.8476E6	
1093	-9.6016E-1	-2.0369E2	9.0737E-1	1.8498E6	
1094	-9.6344E-1	-2.0856E2	9.1217E-1	1.8520E6	
1095	-9.6550E-1	-2.1162E2	9.1722E-1	1.8542E6	
1096	-9.6893E-1	-2.1671E2	9.2213E-1	1.8565E6	
1097	-9.7183E-1	-2.2102E2	9.2706E-1	1.8587E6	
1098	-9.8015E-1	-2.3336E2	9.3203E-1	1.8609E6	
1099	-9.7870E-1	-2.3121E2	9.3691E-1	1.8631E6	
1100	-9.8236E-1	-2.3664E2	9.4182E-1	1.8653E6	
1101	-9.8724E-1	-2.4389E2	9.4682E-1	1.8676E6	
1102	-9.9243E-1	-2.5159E2	9.5186E-1	1.8698E6	
1103	-9.9068E-1	-2.4898E2	9.5671E-1	1.8720E6	
1104	-9.9792E-1	-2.5974E2	9.6175E-1	1.8742E6	
1105	-9.9983E-1	-2.6257E2	9.6674E-1	1.8764E6	
1106	-1.0012E0	-2.6461E2	9.7162E-1	1.8787E6	
1107	-1.0027E0	-2.6676E2	9.7664E-1	1.8809E6	
1108	-1.0050E0	-2.7027E2	9.8170E-1	1.8831E6	
1109	-1.0081E0	-2.7491E2	9.8672E-1	1.8853E6	
1110	-1.0116E0	-2.8001E2	9.9176E-1	1.8875E6	
1111	-1.0087E0	-2.7570E2	9.9688E-1	1.8898E6	
1112	-1.0112E0	-2.7944E2	1.0018E0	1.8920E6	
1113	-1.0141E0	-2.8374E2	1.0069E0	1.8942E6	
1114	-1.0154E0	-2.8567E2	1.0119E0	1.8964E6	
1115	-1.0160E0	-2.8657E2	1.0170E0	1.8986E6	
1116	-1.0174E0	-2.8861E2	1.0220E0	1.9009E6	
1117	-1.0210E0	-2.9393E2	1.0271E0	1.9031E6	
1118	-1.0159E0	-2.8635E2	1.0322E0	1.9053E6	
1119	-1.0200E0	-2.9246E2	1.0371E0	1.9075E6	
1120	-1.0152E0	-2.8544E2	1.0422E0	1.9097E6	
1121	-1.0174E0	-2.8861E2	1.0473E0	1.9120E6	
1122	-1.0190E0	-2.9099E2	1.0523E0	1.9142E6	
1123	-1.0163E0	-2.8703E2	1.0576E0	1.9164E6	
1124	-1.0198E0	-2.9224E2	1.0626E0	1.9186E6	
1125	-1.0156E0	-2.8601E2	1.0677E0	1.9208E6	
1126	-1.0213E0	-2.9439E2	1.0729E0	1.9231E6	
1127	-1.0186E0	-2.9042E2	1.0778E0	1.9253E6	
1128	-1.0199E0	-2.9235E2	1.0830E0	1.9275E6	
1129	-1.0185E0	-2.9031E2	1.0881E0	1.9297E6	
1130	-1.0157E0	-2.8612E2	1.0933E0	1.9319E6	
1131	-1.0180E0	-2.8952E2	1.0985E0	1.9342E6	
1132	-1.0137E0	-2.8318E2	1.1035E0	1.9364E6	
1133	-1.0135E0	-2.8284E2	1.1088E0	1.9386E6	
1134	-1.0112E0	-2.7944E2	1.1140E0	1.9408E6	
1135	-1.0104E0	-2.7820E2	1.1191E0	1.9430E6	
1136	-1.0123E0	-2.8103E2	1.1243E0	1.9453E6	
1137	-1.0108E0	-2.7887E2	1.1294E0	1.9475E6	
1138	-1.0085E0	-2.7536E2	1.1346E0	1.9497E6	
1139	-1.0055E0	-2.7095E2	1.1398E0	1.9519E6	
1140	-1.0050E0	-2.7027E2	1.1450E0	1.9541E6	
1141	-1.0034E0	-2.6789E2	1.1502E0	1.9564E6	
1142	-1.0011E0	-2.6438E2	1.1554E0	1.9586E6	
1143	-9.9968E-1	-2.6234E2	1.1605E0	1.9608E6	
1144	-9.9586E-1	-2.5668E2	1.1657E0	1.9630E6	
1145	-9.9243E-1	-2.5159E2	1.1709E0	1.9652E6	
1146	-9.8923E-1	-2.4683E2	1.1762E0	1.9675E6	
1147	-9.8534E-1	-2.4106E2	1.1814E0	1.9697E6	
1148	-9.8297E-1	-2.3755E2	1.1867E0	1.9719E6	
1149	-9.8083E-1	-2.3438E2	1.1920E0	1.9741E6	
1150	-9.8061E-1	-2.3404E2	1.1972E0	1.9763E6	
1151	-9.7504E-1	-2.2577E2	1.2025E0	1.9786E6	
1152	-9.7427E-1	-2.2464E2	1.2077E0	1.9808E6	
1153	-9.6764E-1	-2.1479E2	1.2130E0	1.9830E6	
1154	-9.6535E-1	-2.1139E2	1.2182E0	1.9852E6	
1155	-9.6275E-1	-2.0754E2	1.2235E0	1.9874E6	
1156	-9.5825E-1	-2.0086E2	1.2288E0	1.9897E6	
1157	-9.5596E-1	-1.9747E2	1.2340E0	1.9919E6	
1158	-9.5093E-1	-1.8999E2	1.2393E0	1.9941E6	
1159	-9.5184E-1	-1.9135E2	1.2447E0	1.9963E6	
1160	-9.4902E-1	-1.8716E2	1.2499E0	1.9985E6	
1161	-9.4650E-1	-1.8343E2	1.2552E0	2.0008E6	
1162	-9.4528E-1	-1.8161E2	1.2604E0	2.0030E6	
1163	-9.4383E-1	-1.7946E2	1.2659E0	2.0052E6	
1164	-9.3956E-1	-1.7312E2	1.2713E0	2.0074E6	
1165	-9.3803E-1	-1.7086E2	1.2764E0	2.0096E6	
1166	-9.3773E-1	-1.7040E2	1.2818E0	2.0119E6	
1167	-9.3430E-1	-1.6531E2	1.2871E0	2.0141E6	
1168	-9.3185E-1	-1.6169E2	1.2925E0	2.0163E6	
1169	-9.2873E-1	-1.5704E2	1.2978E0	2.0185E6	
1170	-9.2628E-1	-1.5342E2	1.3032E0	2.0207E6	
1171	-9.2705E-1	-1.5455E2	1.3086E0	2.0230E6	
1172	-9.2278E-1	-1.4821E2	1.3139E0	2.0252E6	
1173	-9.1576E-1	-1.3780E2	1.3194E0	2.0274E6	
1174	-9.0836E-1	-1.2681E2	1.3247E0	2.0296E6	
1175	-9.0630E-1	-1.2376E2	1.3301E0	2.0318E6	
1176	-8.9973E-1	-1.1402E2	1.3355E0	2.0341E6	
1177	-8.9249E-1	-1.0326E2	1.3409E0	2.0363E6	
1178	-8.7563E-1	-7.8239E1	1.3463E0	2.0385E6	
1179	-8.6761E-1	-6.6350E1	1.3516E0	2.0407E6	
1180	-8.6395E-1	-6.0915E1	1.3571E0	2.0429E6	
1181	-8.4877E-1	-3.8383E1	1.3625E0	2.0452E6	
1182	-8.2870E-1	-8.6051E0	1.3680E0	2.0474E6	
1183	-7.1548E-1	1.5942E2	1.3734E0	2.0496E6	
1184	-6.9565E-1	1.8886E2	1.3788E0	2.0518E6	
1185	-6.9771E-1	1.8580E2	1.3843E0	2.0540E6	
1186	-6.9679E-1	1.8716E2	1.3896E0	2.0563E6	
1187	-6.9725E-1	1.8648E2	1.3951E0	2.0585E6	
1188	-6.9412E-1	1.9113E2	1.4006E0	2.0607E6	
1189	-6.9809E-1	1.8524E2	1.4060E0	2.0629E6	
1190	-6.9656E-1	1.8750E2	1.4114E0	2.0651E6	
1191	-6.9733E-1	1.8637E2	1.4169E0	2.0674E6	
1192	-6.9870E-1	1.8433E2	1.4224E0	2.0696E6	
1193	-6.9939E-1	1.8331E2	1.4279E0	2.0718E6	
1194	-6.9923E-1	1.8354E2	1.4333E0	2.0740E6	
1195	-6.9862E-1	1.8444E2	1.4389E0	2.0762E6	
1196	-6.9931E-1	1.8343E2	1.4443E0	2.0785E6	
1197	-6.9908E-1	1.8377E2	1.4498E0	2.0807E6	
1198	-7.0023E-1	1.8207E2	1.4553E0	2.0829E6	
1199	-6.9809E-1	1.8524E2	1.4608E0	2.0851E6	
1200	-7.0038E-1	1.8184E2	1.4663E0	2.0873E6	
1201	-6.9733E-1	1.8637E2	1.4719E0	2.0896E6	
1202	-6.9962E-1	1.8297E2	1.4774E0	2.0918E6	
1203	-7.0015E-1	1.8218E2	1.4829E0	2.0940E6	
1204	-7.0122E-1	1.8060E2	1.4884E0	2.0962E6	
1205	-7.0183E-1	1.7969E2	1.4940E0	2.0984E6	
1206	-7.0251E-1	1.7867E2	1.4995E0	2.1007E6	
1207	-6.9878E-1	1.8422E2	1.5051E0	2.1029E6	
1208	-6.9839E-1	1.8478E2	1.5106E0	2.1051E6	
1209	-6.9923E-1	1.8354E2	1.5162E0	2.1073E6	
1210	-6.9885E-1	1.8411E2	1.5218E0	2.1095E6	
1211	-6.9931E-1	1.8343E2	1.5274E0	2.1118E6	
1212	-6.9931E-1	1.8343E2	1.5329E0	2.1140E6	
1213	-7.0198E-1	1.7946E2	1.5385E0	2.1162E6	
1214	-7.0251E-1	1.7867E2	1.5441E0	2.1184E6	
1215	-6.9908E-1	1.8377E2	1.5496E0	2.1206E6	
1216	-7.0000E-1	1.8241E2	1.5552E0	2.1229E6	
1217	-6.9908E-1	1.8377E2	1.5608E0	2.1251E6	
1218	-7.0229E-1	1.7901E2	1.5664E0	2.1273E6	
1219	-7.0244E-1	1.7878E2	1.5721E0	2.1295E6	
1220	-7.0038E-1	1.8184E2	1.5776E0	2.1317E6	
1221	-7.0038E-1	1.8184E2	1.5832E0	2.1340E6	
1222	-7.0175E-1	1.7980E2	1.5888E0	2.1362E6	
1223	-7.0244E-1	1.7878E2	1.5944E0	2.1384E6	
1224	-7.0122E-1	1.8060E2	1.6001E0	2.1406E6	
1225	-7.0190E-1	1.7958E2	1.6058E0	2.1428E6	
1226	-7.0343E-1	1.7731E2	1.6113E0	2.1451E6	
1227	-7.0221E-1	1.7912E2	1.6171E0	2.1473E6	
1228	-7.0236E-1	1.7890E2	1.6227E0	2.1495E6	
1229	-7.0152E-1	1.8014E2	1.6283E0	2.1517E6	
1230	-7.0221E-1	1.7912E2	1.6340E0	2.1539E6	
1231	-7.0290E-1	1.7810E2	1.6397E0	2.1562E6	
1232	-7.0183E-1	1.7969E2	1.6453E0	2.1584E6	
1233	-7.0290E-1	1.7810E2	1.6510E0	2.1606E6	
1234	-7.0381E-1	1.7675E2	1.6566E0	2.1628E6	
1235	-7.0145E-1	1.8026E2	1.6623E0	2.1650E6	
1236	-7.0396E-1	1.7652E2	1.6680E0	2.1673E6	
1237	-7.0343E-1	1.7731E2	1.6738E0	2.1695E6	
1238	-7.0404E-1	1.7641E2	1.6794E0	2.1717E6	
1239	-7.0206E-1	1.7935E2	1.6851E0	2.1739E6	
1240	-7.0435E-1	1.7595E2	1.6908E0	2.1761E6	
1241	-7.0473E-1	1.7539E2	1.6965E0	2.1784E6	
1242	-7.0374E-1	1.7686E2	1.7022E0	2.1806E6	
1243	-7.0236E-1	1.7890E2	1.7080E0	2.1828E6	
1244	-7.0259E-1	1.7856E2	1.7136E0	2.1850E6	
1245	-7.0320E-1	1.7765E2	1.7194E0	2.1872E6	
1246	-7.0496E-1	1.7505E2	1.7251E0	2.1895E6	
1247	-7.0625E-1	1.7312E2	1.7309E0	2.1917E6	
1248	-7.0404E-1	1.7641E2	1.7366E0	2.1939E6	
1249	-7.0534E-1	1.7448E2	1.7423E0	2.1961E6	
1250	-7.0755E-1	1.7120E2	1.7481E0	2.1983E6	
1251	-7.0633E-1	1.7301E2	1.7538E0	2.2006E6	
1252	-7.0633E-1	1.7301E2	1.7596E0	2.2028E6	
1253	-7.0824E-1	1.7018E2	1.7654E0	2.2050E6	
1254	-7.0541E-1	1.7437E2	1.7711E0	2.2072E6	
1255	-7.0641E-1	1.7290E2	1.7769E0	2.2094E6	
1256	-7.0335E-1	1.7742E2	1.7827E0	2.2117E6	
1257	-7.0808E-1	1.7040E2	1.7884E0	2.2139E6	
1258	-7.0786E-1	1.7074E2	1.7942E0	2.2161E6	
1259	-7.0740E-1	1.7142E2	1.8000E0	2.2183E6	
1260	-7.0610E-1	1.7335E2	1.8058E0	2.2205E6	
1261	-7.0724E-1	1.7165E2	1.8117E0	2.2228E6	
1262	-7.0763E-1	1.7108E2	1.8173E0	2.2250E6	
1263	-7.0854E-1	1.6973E2	1.8232E0	2.2272E6	
1264	-7.0946E-1	1.6837E2	1.8290E0	2.2294E6	
1265	-7.0946E-1	1.6837E2	1.8348E0	2.2316E6	
1266	-7.1129E-1	1.6565E2	1.8406E0	2.2339E6	
1267	-7.0831E-1	1.7007E2	1.8465E0	2.2361E6	
1268	-7.1098E-1	1.6610E2	1.8523E0	2.2383E6	
1269	-7.0847E-1	1.6984E2	1.8581E0	2.2405E6	
1270	-7.0877E-1	1.6939E2	1.8640E0	2.2427E6	
1271	-7.1114E-1	1.6588E2	1.8698E0	2.2450E6	
1272	-7.1251E-1	1.6384E2	1.8756E0	2.2472E6	
1273	-7.1037E-1	1.6701E2	1.8815E0	2.2494E6	
1274	-7.0923E-1	1.6871E2	1.8874E0	2.2516E6	
1275	-7.1274E-1	1.6350E2	1.8932E0	2.2538E6	
1276	-7.1182E-1	1.6486E2	1.8991E0	2.2561E6	
1277	-7.1060E-1	1.6667E2	1.9049E0	2.2583E6	
1278	-7.1106E-1	1.6599E2	1.9107E0	2.2605E6	
1279	-7.1266E-1	1.6361E2	1.9166E0	2.2627E6	
1280	-7.1304E-1	1.6305E2	1.9225E0	2.2649E6	
1281	-7.1121E-1	1.6576E2	1.9284E0	2.2672E6	
1282	-7.1297E-1	1.6316E2	1.9343E0	2.2694E6	
1283	-7.1312E-1	1.6293E2	1.9402E0	2.2716E6	
1284	-7.1159E-1	1.6520E2	1.9461E0	2.2738E6	
1285	-7.1541E-1	1.5954E2	1.9520E0	2.2760E6	
1286	-7.1404E-1	1.6157E2	1.9579E0	2.2783E6	
1287	-7.1503E-1	1.6010E2	1.9638E0	2.2805E6	
1288	-7.1388E-1	1.6180E2	1.9697E0	2.2827E6	
1289	-7.1335E-1	1.6259E2	1.9755E0	2.2849E6	
1290	-7.1320E-1	1.6282E2	1.9815E0	2.2871E6	
1291	-7.1495E-1	1.6021E2	1.9874E0	2.2894E6	
1292	-7.1457E-1	1.6078E2	1.9934E0	2.2916E6	
1293	-7.1381E-1	1.6191E2	1.9993E0	2.2938E6	
1294	-7.1564E-1	1.5920E2	2.0052E0	2.2960E6	
1295	-7.1503E-1	1.6010E2	2.0111E0	2.2982E6	
1296	-7.1533E-1	1.5965E2	2.0171E0	2.3005E6	
1297	-7.1632E-1	1.5818E2	2.0230E0	2.3027E6	
1298	-7.1541E-1	1.5954E2	2.0290E0	2.3049E6	
1299	-7.1365E-1	1.6214E2	2.0349E0	2.3071E6	
1300	-7.1434E-1	1.6112E2	2.0409E0	2.3093E6	
1301	-7.1465E-1	1.6067E2	2.0468E0	2.3116E6	
1302	-7.1381E-1	1.6191E2	2.0528E0	2.3138E6	
1303	-7.1625E-1	1.5829E2	2.0588E0	2.3160E6	
1304	-7.1526E-1	1.5976E2	2.0648E0	2.3182E6	
1305	-7.1648E-1	1.5795E2	2.0707E0	2.3204E6	
1306	-7.1480E-1	1.6044E2	2.0767E0	2.3227E6	
1307	-7.1579E-1	1.5897E2	2.0827E0	2.3249E6	
1308	-7.1564E-1	1.5920E2	2.0887E0	2.3271E6	
1309	-7.1693E-1	1.5727E2	2.0948E0	2.3293E6	
1310	-7.1625E-1	1.5829E2	2.1008E0	2.3315E6	
1311	-7.1762E-1	1.5625E2	2.1069E0	2.3338E6	
1312	-7.1732E-1	1.5670E2	2.1129E0	2.3360E6	
1313	-7.1884E-1	1.5444E2	2.1189E0	2.3382E6	
1314	-7.1663E-1	1.5772E2	2.1248E0	2.3404E6	
1315	-7.1938E-1	1.5365E2	2.1308E0	2.3426E6	
1316	-7.1831E-1	1.5523E2	2.1369E0	2.3449E6	
1317	-7.1983E-1	1.5297E2	2.1429E0	2.3471E6	
1318	-7.1709E-1	1.5704E2	2.1491E0	2.3493E6	
1319	-7.1640E-1	1.5806E2	2.1551E0	2.3515E6	
1320	-7.1960E-1	1.5331E2	2.1611E0	2.3537E6	
1321	-7.1701E-1	1.5716E2	2.1672E0	2.3560E6	
1322	-7.1922E-1	1.5387E2	2.1732E0	2.3582E6	
1323	-7.1991E-1	1.5285E2	2.1793E0	2.3604E6	
1324	-7.1915E-1	1.5399E2	2.1854E0	2.3626E6	
1325	-7.1907E-1	1.5410E2	2.1914E0	2.3648E6	
1326	-7.2014E-1	1.5252E2	2.1975E0	2.3671E6	
1327	-7.2006E-1	1.5263E2	2.2036E0	2.3693E6	
1328	-7.2029E-1	1.5229E2	2.2097E0	2.3715E6	
1329	-7.1884E-1	1.5444E2	2.2158E0	2.3737E6	
1330	-7.1999E-1	1.5274E2	2.2220E0	2.3759E6	
1331	-7.1976E-1	1.5308E2	2.2280E0	2.3782E6	
1332	-7.2151E-1	1.5048E2	2.2341E0	2.3804E6	
1333	-7.2060E-1	1.5184E2	2.2403E0	2.3826E6	
1334	-7.2113E-1	1.5104E2	2.2464E0	2.3848E6	
1335	-7.2083E-1	1.5150E2	2.2525E0	2.3870E6	
1336	-7.2380E-1	1.4708E2	2.2587E0	2.3893E6	
1337	-7.2487E-1	1.4550E2	2.2647E0	2.3915E6	
1338	-7.2136E-1	1.5070E2	2.2709E0	2.3937E6	
1339	-7.2380E-1	1.4708E2	2.2770E0	2.3959E6	
1340	-7.2411E-1	1.4663E2	2.2833E0	2.3981E6	
1341	-7.2220E-1	1.4946E2	2.2894E0	2.4004E6	
1342	-7.2479E-1	1.4561E2	2.2956E0	2.4026E6	
1343	-7.2273E-1	1.4867E2	2.3017E0	2.4048E6	
1344	-7.2632E-1	1.4334E2	2.3078E0	2.4070E6	
1345	-7.2586E-1	1.4402E2	2.3140E0	2.4092E6	
1346	-7.2556E-1	1.4448E2	2.3203E0	2.4115E6	
1347	-7.2632E-1	1.4334E2	2.3265E0	2.4137E6	
1348	-7.2456E-1	1.4595E2	2.3326E0	2.4159E6	
1349	-7.2578E-1	1.4414E2	2.3388E0	2.4181E6	
1350	-7.2609E-1	1.4368E2	2.3451E0	2.4203E6	
1351	-7.2632E-1	1.4334E2	2.3512E0	2.4226E6	
1352	-7.2624E-1	1.4346E2	2.3573E0	2.4248E6	
1353	-7.2632E-1	1.4334E2	2.3636E0	2.4270E6	
1354	-7.2769E-1	1.4131E2	2.3699E0	2.4292E6	
1355	-7.2571E-1	1.4425E2	2.3761E0	2.4314E6	
1356	-7.2533E-1	1.4482E2	2.3823E0	2.4337E6	
1357	-7.2754E-1	1.4153E2	2.3885E0	2.4359E6	
1358	-7.2731E-1	1.4187E2	2.3948E0	2.4381E6	
1359	-7.2647E-1	1.4312E2	2.4010E0	2.4403E6	
1360	-7.2731E-1	1.4187E2	2.4072E0	2.4425E6	
1361	-7.3021E-1	1.3757E2	2.4135E0	2.4448E6	
1362	-7.2670E-1	1.4278E2	2.4198E0	2.4470E6	
1363	-7.2937E-1	1.3881E2	2.4261E0	2.4492E6	
1364	-7.2571E-1	1.4425E2	2.4323E0	2.4514E6	
1365	-7.2647E-1	1.4312E2	2.4386E0	2.4536E6	
1366	-7.2868E-1	1.3983E2	2.4448E0	2.4559E6	
1367	-7.2823E-1	1.4051E2	2.4512E0	2.4581E6	
1368	-7.2838E-1	1.4029E2	2.4573E0	2.4603E6	
1369	-7.2906E-1	1.3927E2	2.4637E0	2.4625E6	
1370	-7.3090E-1	1.3655E2	2.4700E0	2.4647E6	
1371	-7.2929E-1	1.3893E2	2.4763E0	2.4670E6	
1372	-7.2937E-1	1.3881E2	2.4826E0	2.4692E6	
1373	-7.3044E-1	1.3723E2	2.4889E0	2.4714E6	
1374	-7.2838E-1	1.4029E2	2.4952E0	2.4736E6	
1375	-7.3082E-1	1.3666E2	2.5015E0	2.4758E6	
1376	-7.3067E-1	1.3689E2	2.5079E0	2.4781E6	
1377	-7.3013E-1	1.3768E2	2.5142E0	2.4803E6	
1378	-7.2968E-1	1.3836E2	2.5205E0	2.4825E6	
1379	-7.3189E-1	1.3508E2	2.5268E0	2.4847E6	
1380	-7.3044E-1	1.3723E2	2.5332E0	2.4869E6	
1381	-7.3090E-1	1.3655E2	2.5395E0	2.4892E6	
1382	-7.3219E-1	1.3463E2	2.5459E0	2.4914E6	
1383	-7.2990E-1	1.3802E2	2.5522E0	2.4936E6	
1384	-7.3135E-1	1.3587E2	2.5586E0	2.4958E6	
1385	-7.3128E-1	1.3598E2	2.5649E0	2.4980E6	
1386	-7.3105E-1	1.3632E2	2.5712E0	2.5003E6	
1387	-7.3341E-1	1.3281E2	2.5776E0	2.5025E6	
1388	-7.3357E-1	1.3259E2	2.5840E0	2.5047E6	
1389	-7.3235E-1	1.3440E2	2.5905E0	2.5069E6	
1390	-7.3212E-1	1.3474E2	2.5968E0	2.5091E6	
1391	-7.3212E-1	1.3474E2	2.6032E0	2.5114E6	
1392	-7.3257E-1	1.3406E2	2.6096E0	2.5136E6	
1393	-7.3280E-1	1.3372E2	2.6160E0	2.5158E6	
1394	-7.3395E-1	1.3202E2	2.6224E0	2.5180E6	
1395	-7.3471E-1	1.3089E2	2.6288E0	2.5202E6	
1396	-7.3532E-1	1.2998E2	2.6353E0	2.5225E6	
1397	-7.3288E-1	1.3361E2	2.6416E0	2.5247E6	
1398	-7.3593E-1	1.2908E2	2.6481E0	2.5269E6	
1399	-7.3433E-1	1.3146E2	2.6545E0	2.5291E6	
1400	-7.3448E-1	1.3123E2	2.6609E0	2.5313E6	
1401	-7.3563E-1	1.2953E2	2.6673E0	2.5336E6	
1402	-7.3723E-1	1.2715E2	2.6738E0	2.5358E6	
1403	-7.3357E-1	1.3259E2	2.6802E0	2.5380E6	
1404	-7.3288E-1	1.3361E2	2.6868E0	2.5402E6	
1405	-7.3608E-1	1.2885E2	2.6930E0	2.5424E6	
1406	-7.3608E-1	1.2885E2	2.6997E0	2.5447E6	
1407	-7.3799E-1	1.2602E2	2.7061E0	2.5469E6	
1408	-7.3853E-1	1.2523E2	2.7126E0	2.5491E6	
1409	-7.3776E-1	1.2636E2	2.7190E0	2.5513E6	
1410	-7.3807E-1	1.2591E2	2.7254E0	2.5535E6	
1411	-7.3639E-1	1.2840E2	2.7319E0	2.5558E6	
1412	-7.3647E-1	1.2828E2	2.7384E0	2.5580E6	
1413	-7.3837E-1	1.2545E2	2.7449E0	2.5602E6	
1414	-7.3730E-1	1.2704E2	2.7514E0	2.5624E6	
1415	-7.3738E-1	1.2693E2	2.7579E0	2.5646E6	
1416	-7.3822E-1	1.2568E2	2.7644E0	2.5669E6	
1417	-7.3952E-1	1.2376E2	2.7708E0	2.5691E6	
1418	-7.3845E-1	1.2534E2	2.7774E0	2.5713E6	
1419	-7.4051E-1	1.2228E2	2.7839E0	2.5735E6	
1420	-7.4074E-1	1.2194E2	2.7905E0	2.5757E6	
1421	-7.3822E-1	1.2568E2	2.7968E0	2.5780E6	
1422	-7.3990E-1	1.2319E2	2.8034E0	2.5802E6	
1423	-7.4013E-1	1.2285E2	2.8100E0	2.5824E6	
1424	-7.3837E-1	1.2545E2	2.8164E0	2.5846E6	
1425	-7.4051E-1	1.2228E2	2.8230E0	2.5868E6	
1426	-7.4219E-1	1.1979E2	2.8297E0	2.5891E6	
1427	-7.4173E-1	1.2047E2	2.8362E0	2.5913E6	
1428	-7.4120E-1	1.2126E2	2.8427E0	2.5935E6	
1429	-7.4280E-1	1.1889E2	2.8491E0	2.5957E6	
1430	-7.3959E-1	1.2364E2	2.8558E0	2.5979E6	
1431	-7.4257E-1	1.1923E2	2.8623E0	2.6002E6	
1432	-7.4310E-1	1.1843E2	2.8689E0	2.6024E6	
1433	-7.4173E-1	1.2047E2	2.8754E0	2.6046E6	
1434	-7.4310E-1	1.1843E2	2.8820E0	2.6068E6	
1435	-7.4333E-1	1.1809E2	2.8886E0	2.6090E6	
1436	-7.4165E-1	1.2059E2	2.8952E0	2.6113E6	
1437	-7.4486E-1	1.1583E2	2.9017E0	2.6135E6	
1438	-7.4486E-1	1.1583E2	2.9083E0	2.6157E6	
1439	-7.4455E-1	1.1628E2	2.9150E0	2.6179E6	
1440	-7.4387E-1	1.1730E2	2.9215E0	2.6201E6	
1441	-7.4493E-1	1.1572E2	2.9281E0	2.6224E6	
1442	-7.4471E-1	1.1606E2	2.9347E0	2.6246E6	
1443	-7.4394E-1	1.1719E2	2.9413E0	2.6268E6	
1444	-7.4478E-1	1.1594E2	2.9480E0	2.6290E6	
1445	-7.4516E-1	1.1538E2	2.9546E0	2.6312E6	
1446	-7.4463E-1	1.1617E2	2.9612E0	2.6335E6	
1447	-7.4356E-1	1.1775E2	2.9678E0	2.6357E6	
1448	-7.4509E-1	1.1549E2	2.9745E0	2.6379E6	
1449	-7.4585E-1	1.1436E2	2.9811E0	2.6401E6	
1450	-7.4623E-1	1.1379E2	2.9878E0	2.6423E6	
1451	-7.4722E-1	1.1232E2	2.9944E0	2.6446E6	
1452	-7.4394E-1	1.1719E2	3.0010E0	2.6468E6	
1453	-7.4585E-1	1.1436E2	3.0077E0	2.6490E6	
1454	-7.4516E-1	1.1538E2	3.0143E0	2.6512E6	
1455	-7.4532E-1	1.1515E2	3.0210E0	2.6534E6	
1456	-7.4715E-1	1.1243E2	3.0277E0	2.6557E6	
1457	-7.4829E-1	1.1073E2	3.0344E0	2.6579E6	
1458	-7.4486E-1	1.1583E2	3.0409E0	2.6601E6	
1459	-7.4898E-1	1.0972E2	3.0476E0	2.6623E6	
1460	-7.4699E-1	1.1266E2	3.0543E0	2.6645E6	
1461	-7.4989E-1	1.0836E2	3.0610E0	2.6668E6	
1462	-7.4631E-1	1.1368E2	3.0677E0	2.6690E6	
1463	-7.4738E-1	1.1209E2	3.0743E0	2.6712E6	
1464	-7.4699E-1	1.1266E2	3.0811E0	2.6734E6	
1465	-7.4821E-1	1.1085E2	3.0878E0	2.6756E6	
1466	-7.4875E-1	1.1006E2	3.0945E0	2.6779E6	
1467	-7.4677E-1	1.1300E2	3.1012E0	2.6801E6	
1468	-7.4951E-1	1.0892E2	3.1079E0	2.6823E6	
1469	-7.4959E-1	1.0881E2	3.1146E0	2.6845E6	
1470	-7.5012E-1	1.0802E2	3.1214E0	2.6867E6	
1471	-7.5005E-1	1.0813E2	3.1280E0	2.6890E6	
1472	-7.4768E-1	1.1164E2	3.1348E0	2.6912E6	
1473	-7.5058E-1	1.0734E2	3.1414E0	2.6934E6	
1474	-7.4974E-1	1.0858E2	3.1482E0	2.6956E6	
1475	-7.5195E-1	1.0530E2	3.1550E0	2.6978E6	
1476	-7.5279E-1	1.0405E2	3.1617E0	2.7001E6	
1477	-7.5134E-1	1.0621E2	3.1684E0	2.7023E6	
1478	-7.5020E-1	1.0790E2	3.1753E0	2.7045E6	
1479	-7.5142E-1	1.0609E2	3.1820E0	2.7067E6	
1480	-7.5279E-1	1.0405E2	3.1887E0	2.7089E6	
1481	-7.5264E-1	1.0428E2	3.1953E0	2.7112E6	
1482	-7.5508E-1	1.0066E2	3.2023E0	2.7134E6	
1483	-7.5256E-1	1.0439E2	3.2091E0	2.7156E6	
1484	-7.5218E-1	1.0496E2	3.2159E0	2.7178E6	
1485	-7.5394E-1	1.0236E2	3.2225E0	2.7200E6	
1486	-7.5439E-1	1.0168E2	3.2294E0	2.7223E6	
1487	-7.5478E-1	1.0111E2	3.2362E0	2.7245E6	
1488	-7.5584E-1	9.9525E1	3.2429E0	2.7267E6	
1489	-7.5294E-1	1.0383E2	3.2497E0	2.7289E6	
1490	-7.5340E-1	1.0315E2	3.2565E0	2.7311E6	
1491	-7.5378E-1	1.0258E2	3.2633E0	2.7334E6	
1492	-7.5447E-1	1.0156E2	3.2701E0	2.7356E6	
1493	-7.5478E-1	1.0111E2	3.2770E0	2.7378E6	
1494	-7.5386E-1	1.0247E2	3.2838E0	2.7400E6	
1495	-7.5737E-1	9.7261E1	3.2905E0	2.7422E6	
1496	-7.5493E-1	1.0088E2	3.2974E0	2.7445E6	
1497	-7.5615E-1	9.9073E1	3.3042E0	2.7467E6	
1498	-7.5836E-1	9.5789E1	3.3111E0	2.7489E6	
1499	-7.5592E-1	9.9412E1	3.3179E0	2.7511E6	
1500	-7.5508E-1	1.0066E2	3.3246E0	2.7533E6	
1501	-7.5729E-1	9.7374E1	3.3315E0	2.7556E6	
1502	-7.5569E-1	9.9752E1	3.3383E0	2.7578E6	
1503	-7.5958E-1	9.3977E1	3.3451E0	2.7600E6	
1504	-7.5768E-1	9.6808E1	3.3521E0	2.7622E6	
1505	-7.5867E-1	9.5336E1	3.3589E0	2.7644E6	
1506	-7.5813E-1	9.6129E1	3.3658E0	2.7667E6	
1507	-7.5737E-1	9.7261E1	3.3726E0	2.7689E6	
1508	-7.5981E-1	9.3638E1	3.3796E0	2.7711E6	
1509	-7.6088E-1	9.2053E1	3.3864E0	2.7733E6	
1510	-7.5699E-1	9.7827E1	3.3932E0	2.7755E6	
1511	-7.5874E-1	9.5223E1	3.4001E0	2.7778E6	
1512	-7.5684E-1	9.8054E1	3.4070E0	2.7800E6	
1513	-7.5844E-1	9.5676E1	3.4138E0	2.7822E6	
1514	-7.5668E-1	9.8280E1	3.4208E0	2.7844E6	
1515	-7.5897E-1	9.4883E1	3.4276E0	2.7866E6	
1516	-7.5821E-1	9.6015E1	3.4345E0	2.7889E6	
1517	-7.6035E-1	9.2845E1	3.4414E0	2.7911E6	
1518	-7.5966E-1	9.3864E1	3.4483E0	2.7933E6	
1519	-7.5874E-1	9.5223E1	3.4552E0	2.7955E6	
1520	-7.6118E-1	9.1600E1	3.4621E0	2.7977E6	
1521	-7.6141E-1	9.1260E1	3.4690E0	2.8000E6	
1522	-7.6103E-1	9.1826E1	3.4759E0	2.8022E6	
1523	-7.6027E-1	9.2958E1	3.4829E0	2.8044E6	
1524	-7.6057E-1	9.2505E1	3.4899E0	2.8066E6	
1525	-7.6256E-1	8.9562E1	3.4968E0	2.8088E6	
1526	-7.6126E-1	9.1486E1	3.5036E0	2.8111E6	
1527	-7.6279E-1	8.9222E1	3.5107E0	2.8133E6	
1528	-7.6263E-1	8.9448E1	3.5175E0	2.8155E6	
1529	-7.6103E-1	9.1826E1	3.5244E0	2.8177E6	
1530	-7.5943E-1	9.4204E1	3.5314E0	2.8199E6	
1531	-7.6309E-1	8.8769E1	3.5384E0	2.8222E6	
1532	-7.6294E-1	8.8995E1	3.5453E0	2.8244E6	
1533	-7.6393E-1	8.7524E1	3.5523E0	2.8266E6	
1534	-7.6492E-1	8.6052E1	3.5593E0	2.8288E6	
1535	-7.6500E-1	8.5938E1	3.5662E0	2.8310E6	
1536	-7.6492E-1	8.6052E1	3.5732E0	2.8333E6	
1537	-7.6408E-1	8.7297E1	3.5802E0	2.8355E6	
1538	-7.6569E-1	8.4919E1	3.5872E0	2.8377E6	
1539	-7.6393E-1	8.7524E1	3.5941E0	2.8399E6	
1540	-7.6508E-1	8.5825E1	3.6011E0	2.8421E6	
1541	-7.6515E-1	8.5712E1	3.6080E0	2.8444E6	
1542	-7.6630E-1	8.4014E1	3.6151E0	2.8466E6	
1543	-7.6653E-1	8.3674E1	3.6220E0	2.8488E6	
1544	-7.6500E-1	8.5938E1	3.6291E0	2.8510E6	
1545	-7.6630E-1	8.4014E1	3.6361E0	2.8532E6	
1546	-7.6851E-1	8.0730E1	3.6430E0	2.8555E6	
1547	-7.6782E-1	8.1749E1	3.6500E0	2.8577E6	
1548	-7.6813E-1	8.1296E1	3.6570E0	2.8599E6	
1549	-7.6714E-1	8.2768E1	3.6642E0	2.8621E6	
1550	-7.6576E-1	8.4806E1	3.6712E0	2.8643E6	
1551	-7.6508E-1	8.5825E1	3.6782E0	2.8666E6	
1552	-7.6904E-1	7.9937E1	3.6852E0	2.8688E6	
1553	-7.6874E-1	8.0390E1	3.6922E0	2.8710E6	
1554	-7.6828E-1	8.1070E1	3.6992E0	2.8732E6	
1555	-7.6912E-1	7.9824E1	3.7063E0	2.8754E6	
1556	-7.6881E-1	8.0277E1	3.7133E0	2.8777E6	
1557	-7.7164E-1	7.6088E1	3.7204E0	2.8799E6	
1558	-7.6958E-1	7.9145E1	3.7274E0	2.8821E6	
1559	-7.6866E-1	8.0504E1	3.7344E0	2.8843E6	
1560	-7.6973E-1	7.8918E1	3.7415E0	2.8865E6	
1561	-7.6912E-1	7.9824E1	3.7486E0	2.8888E6	
1562	-7.7156E-1	7.6201E1	3.7557E0	2.8910E6	
1563	-7.6843E-1	8.0843E1	3.7627E0	2.8932E6	
1564	-7.7011E-1	7.8352E1	3.7698E0	2.8954E6	
1565	-7.7225E-1	7.5182E1	3.7768E0	2.8976E6	
1566	-7.6805E-1	8.1409E1	3.7840E0	2.8999E6	
1567	-7.7164E-1	7.6088E1	3.7909E0	2.9021E6	
1568	-7.7133E-1	7.6541E1	3.7980E0	2.9043E6	
1569	-7.7324E-1	7.3710E1	3.8052E0	2.9065E6	
1570	-7.7118E-1	7.6767E1	3.8123E0	2.9087E6	
1571	-7.7194E-1	7.5635E1	3.8193E0	2.9110E6	
1572	-7.7301E-1	7.4050E1	3.8265E0	2.9132E6	
1573	-7.7095E-1	7.7107E1	3.8335E0	2.9154E6	
1574	-7.7301E-1	7.4050E1	3.8406E0	2.9176E6	
1575	-7.7240E-1	7.4955E1	3.8477E0	2.9198E6	
1576	-7.7209E-1	7.5408E1	3.8548E0	2.9221E6	
1577	-7.7408E-1	7.2465E1	3.8620E0	2.9243E6	
1578	-7.7194E-1	7.5635E1	3.8691E0	2.9265E6	
1579	-7.7652E-1	6.8841E1	3.8762E0	2.9287E6	
1580	-7.7354E-1	7.3257E1	3.8833E0	2.9309E6	
1581	-7.7286E-1	7.4276E1	3.8905E0	2.9332E6	
1582	-7.7728E-1	6.7709E1	3.8976E0	2.9354E6	
1583	-7.7087E-1	7.7220E1	3.9047E0	2.9376E6	
1584	-7.7461E-1	7.1672E1	3.9118E0	2.9398E6	
1585	-7.7400E-1	7.2578E1	3.9191E0	2.9420E6	
1586	-7.7415E-1	7.2351E1	3.9260E0	2.9443E6	
1587	-7.7423E-1	7.2238E1	3.9334E0	2.9465E6	
1588	-7.7621E-1	6.9294E1	3.9404E0	2.9487E6	
1589	-7.7454E-1	7.1785E1	3.9475E0	2.9509E6	
1590	-7.7606E-1	6.9521E1	3.9548E0	2.9531E6	
1591	-7.7354E-1	7.3257E1	3.9619E0	2.9554E6	
1592	-7.7713E-1	6.7936E1	3.9691E0	2.9576E6	
1593	-7.7538E-1	7.0540E1	3.9763E0	2.9598E6	
1594	-7.7705E-1	6.8049E1	3.9834E0	2.9620E6	
1595	-7.7751E-1	6.7369E1	3.9907E0	2.9642E6	
1596	-7.7415E-1	7.2351E1	3.9979E0	2.9665E6	
1597	-7.7637E-1	6.9068E1	4.0050E0	2.9687E6	
1598	-7.7675E-1	6.8502E1	4.0122E0	2.9709E6	
1599	-7.7911E-1	6.4992E1	4.0192E0	2.9731E6	
1600	-7.7934E-1	6.4652E1	4.0265E0	2.9753E6	
1601	-7.7950E-1	6.4425E1	4.0336E0	2.9776E6	
1602	-7.7866E-1	6.5671E1	4.0409E0	2.9798E6	
1603	-7.7911E-1	6.4992E1	4.0481E0	2.9820E6	
1604	-7.7927E-1	6.4765E1	4.0553E0	2.9842E6	
1605	-7.7972E-1	6.4086E1	4.0624E0	2.9864E6	
1606	-7.8049E-1	6.2954E1	4.0697E0	2.9887E6	
1607	-7.8117E-1	6.1935E1	4.0770E0	2.9909E6	
1608	-7.8003E-1	6.3633E1	4.0842E0	2.9931E6	
1609	-7.8011E-1	6.3520E1	4.0913E0	2.9953E6	
1610	-7.8369E-1	5.8198E1	4.0986E0	2.9975E6	
1611	-7.8079E-1	6.2501E1	4.1058E0	2.9998E6	
1612	-7.8217E-1	6.0463E1	4.1130E0	3.0020E6	
1613	-7.8026E-1	6.3293E1	4.1203E0	3.0042E6	
1614	-7.8186E-1	6.0916E1	4.1275E0	3.0064E6	
1615	-7.8354E-1	5.8425E1	4.1347E0	3.0086E6	
1616	-7.8217E-1	6.0463E1	4.1420E0	3.0109E6	
1617	-7.8369E-1	5.8198E1	4.1492E0	3.0131E6	
1618	-7.8079E-1	6.2501E1	4.1564E0	3.0153E6	
1619	-7.8300E-1	5.9217E1	4.1637E0	3.0175E6	
1620	-7.8270E-1	5.9670E1	4.1710E0	3.0197E6	
1621	-7.8476E-1	5.6613E1	4.1783E0	3.0220E6	
1622	-7.8545E-1	5.5594E1	4.1854E0	3.0242E6	
1623	-7.8468E-1	5.6726E1	4.1928E0	3.0264E6	
1624	-7.8438E-1	5.7179E1	4.2001E0	3.0286E6	
1625	-7.8392E-1	5.7858E1	4.2073E0	3.0308E6	
1626	-7.8613E-1	5.4575E1	4.2146E0	3.0331E6	
1627	-7.8545E-1	5.5594E1	4.2219E0	3.0353E6	
1628	-7.8560E-1	5.5367E1	4.2292E0	3.0375E6	
1629	-7.8506E-1	5.6160E1	4.2364E0	3.0397E6	
1630	-7.8423E-1	5.7406E1	4.2436E0	3.0419E6	
1631	-7.8621E-1	5.4462E1	4.2510E0	3.0442E6	
1632	-7.8552E-1	5.5481E1	4.2583E0	3.0464E6	
1633	-7.8468E-1	5.6726E1	4.2656E0	3.0486E6	
1634	-7.8674E-1	5.3669E1	4.2730E0	3.0508E6	
1635	-7.8514E-1	5.6047E1	4.2802E0	3.0530E6	
1636	-7.8583E-1	5.5028E1	4.2874E0	3.0553E6	
1637	-7.8522E-1	5.5934E1	4.2949E0	3.0575E6	
1638	-7.8880E-1	5.0612E1	4.3022E0	3.0597E6	
1639	-7.8842E-1	5.1178E1	4.3095E0	3.0619E6	
1640	-7.8712E-1	5.3103E1	4.3168E0	3.0641E6	
1641	-7.8476E-1	5.6613E1	4.3241E0	3.0664E6	
1642	-7.8690E-1	5.3443E1	4.3314E0	3.0686E6	
1643	-7.8789E-1	5.1971E1	4.3387E0	3.0708E6	
1644	-7.8796E-1	5.1857E1	4.3460E0	3.0730E6	
1645	-7.8957E-1	4.9480E1	4.3533E0	3.0752E6	
1646	-7.8804E-1	5.1744E1	4.3607E0	3.0775E6	
1647	-7.9025E-1	4.8461E1	4.3680E0	3.0797E6	
1648	-7.8964E-1	4.9366E1	4.3754E0	3.0819E6	
1649	-7.8873E-1	5.0725E1	4.3826E0	3.0841E6	
1650	-7.8911E-1	5.0159E1	4.3902E0	3.0863E6	
1651	-7.8773E-1	5.2197E1	4.3975E0	3.0886E6	
1652	-7.9002E-1	4.8800E1	4.4048E0	3.0908E6	
1653	-7.9170E-1	4.6309E1	4.4121E0	3.0930E6	
1654	-7.9063E-1	4.7895E1	4.4194E0	3.0952E6	
1655	-7.9224E-1	4.5517E1	4.4268E0	3.0974E6	
1656	-7.9117E-1	4.7102E1	4.4341E0	3.0997E6	
1657	-7.9208E-1	4.5743E1	4.4415E0	3.1019E6	
1658	-7.8941E-1	4.9706E1	4.4489E0	3.1041E6	
1659	-7.9231E-1	4.5404E1	4.4563E0	3.1063E6	
1660	-7.9132E-1	4.6876E1	4.4637E0	3.1085E6	
1661	-7.9330E-1	4.3932E1	4.4710E0	3.1108E6	
1662	-7.9247E-1	4.5177E1	4.4784E0	3.1130E6	
1663	-7.9376E-1	4.3252E1	4.4858E0	3.1152E6	
1664	-7.9376E-1	4.3252E1	4.4932E0	3.1174E6	
1665	-7.9369E-1	4.3366E1	4.5006E0	3.1196E6	
1666	-7.9300E-1	4.4385E1	4.5079E0	3.1219E6	
1667	-7.9285E-1	4.4611E1	4.5153E0	3.1241E6	
1668	-7.9491E-1	4.1554E1	4.5227E0	3.1263E6	
1669	-7.9506E-1	4.1327E1	4.5301E0	3.1285E6	
1670	-7.9491E-1	4.1554E1	4.5374E0	3.1307E6	
1671	-7.9544E-1	4.0761E1	4.5449E0	3.1330E6	
1672	-7.9956E-1	3.4647E1	4.5524E0	3.1352E6	
1673	-7.9605E-1	3.9856E1	4.5596E0	3.1374E6	
1674	-7.9605E-1	3.9856E1	4.5670E0	3.1396E6	
1675	-7.9689E-1	3.8610E1	4.5744E0	3.1418E6	
1676	-7.9666E-1	3.8950E1	4.5819E0	3.1441E6	
1677	-7.9666E-1	3.8950E1	4.5892E0	3.1463E6	
1678	-7.9552E-1	4.0648E1	4.5966E0	3.1485E6	
1679	-7.9834E-1	3.6459E1	4.6041E0	3.1507E6	
1680	-7.9857E-1	3.6119E1	4.6115E0	3.1529E6	
1681	-7.9826E-1	3.6572E1	4.6190E0	3.1552E6	
1682	-7.9880E-1	3.5779E1	4.6263E0	3.1574E6	
1683	-7.9887E-1	3.5666E1	4.6337E0	3.1596E6	
1684	-7.9750E-1	3.7704E1	4.6412E0	3.1618E6	
1685	-7.9712E-1	3.8270E1	4.6486E0	3.1640E6	
1686	-7.9765E-1	3.7478E1	4.6561E0	3.1663E6	
1687	-7.9758E-1	3.7591E1	4.6635E0	3.1685E6	
1688	-8.0032E-1	3.3515E1	4.6708E0	3.1707E6	
1689	-8.0055E-1	3.3175E1	4.6783E0	3.1729E6	
1690	-7.9895E-1	3.5553E1	4.6857E0	3.1751E6	
1691	-7.9994E-1	3.4081E1	4.6931E0	3.1774E6	
1692	-7.9865E-1	3.6006E1	4.7006E0	3.1796E6	
1693	-8.0162E-1	3.1590E1	4.7080E0	3.1818E6	
1694	-7.9987E-1	3.4194E1	4.7154E0	3.1840E6	
1695	-8.0078E-1	3.2836E1	4.7228E0	3.1862E6	
1696	-8.0009E-1	3.3855E1	4.7304E0	3.1885E6	
1697	-8.0109E-1	3.2383E1	4.7376E0	3.1907E6	
1698	-8.0139E-1	3.1930E1	4.7452E0	3.1929E6	
1699	-7.9872E-1	3.5893E1	4.7527E0	3.1951E6	
1700	-8.0215E-1	3.0797E1	4.7600E0	3.1973E6	
1701	-8.0200E-1	3.1024E1	4.7675E0	3.1996E6	
1702	-8.0078E-1	3.2836E1	4.7750E0	3.2018E6	
1703	-7.9956E-1	3.4647E1	4.7824E0	3.2040E6	
1704	-8.0292E-1	2.9665E1	4.7899E0	3.2062E6	
1705	-8.0376E-1	2.8420E1	4.7973E0	3.2084E6	
1706	-8.0162E-1	3.1590E1	4.8048E0	3.2107E6	
1707	-8.0093E-1	3.2609E1	4.8122E0	3.2129E6	
1708	-8.0353E-1	2.8759E1	4.8196E0	3.2151E6	
1709	-8.0505E-1	2.6495E1	4.8270E0	3.2173E6	
1710	-8.0566E-1	2.5589E1	4.8345E0	3.2195E6	
1711	-8.0513E-1	2.6382E1	4.8421E0	3.2218E6	
1712	-8.0544E-1	2.5929E1	4.8494E0	3.2240E6	
1713	-8.0360E-1	2.8646E1	4.8570E0	3.2262E6	
1714	-8.0475E-1	2.6948E1	4.8645E0	3.2284E6	
1715	-8.0505E-1	2.6495E1	4.8719E0	3.2306E6	
1716	-8.0643E-1	2.4457E1	4.8794E0	3.2329E6	
1717	-8.0658E-1	2.4230E1	4.8869E0	3.2351E6	
1718	-8.0666E-1	2.4117E1	4.8944E0	3.2373E6	
1719	-8.0803E-1	2.2079E1	4.9017E0	3.2395E6	
1720	-8.0719E-1	2.3325E1	4.9092E0	3.2417E6	
1721	-8.0765E-1	2.2645E1	4.9167E0	3.2440E6	
1722	-8.1024E-1	1.8796E1	4.9242E0	3.2462E6	
1723	-8.0963E-1	1.9701E1	4.9317E0	3.2484E6	
1724	-8.0780E-1	2.2419E1	4.9391E0	3.2506E6	
1725	-8.0925E-1	2.0267E1	4.9466E0	3.2528E6	
1726	-8.0696E-1	2.3664E1	4.9541E0	3.2551E6	
1727	-8.1070E-1	1.8116E1	4.9616E0	3.2573E6	
1728	-8.1154E-1	1.6871E1	4.9691E0	3.2595E6	
1729	-8.1078E-1	1.8003E1	4.9766E0	3.2617E6	
1730	-8.0841E-1	2.1513E1	4.9840E0	3.2639E6	
1731	-8.1017E-1	1.8909E1	4.9916E0	3.2662E6	
1732	-8.1291E-1	1.4833E1	4.9990E0	3.2684E6	
1733	-8.1093E-1	1.7776E1	5.0066E0	3.2706E6	
1734	-8.1238E-1	1.5625E1	5.0140E0	3.2728E6	
1735	-8.1161E-1	1.6757E1	5.0214E0	3.2750E6	
1736	-8.1078E-1	1.8003E1	5.0290E0	3.2773E6	
1737	-8.1093E-1	1.7776E1	5.0365E0	3.2795E6	
1738	-8.0872E-1	2.1060E1	5.0439E0	3.2817E6	
1739	-8.1238E-1	1.5625E1	5.0515E0	3.2839E6	
1740	-8.1100E-1	1.7663E1	5.0590E0	3.2861E6	
1741	-8.1238E-1	1.5625E1	5.0664E0	3.2884E6	
1742	-8.1497E-1	1.1776E1	5.0740E0	3.2906E6	
1743	-8.1360E-1	1.3814E1	5.0813E0	3.2928E6	
1744	-8.1245E-1	1.5512E1	5.0890E0	3.2950E6	
1745	-8.1459E-1	1.2342E1	5.0964E0	3.2972E6	
1746	-8.1230E-1	1.5738E1	5.1038E0	3.2995E6	
1747	-8.1558E-1	1.0870E1	5.1114E0	3.3017E6	
1748	-8.1520E-1	1.1436E1	5.1189E0	3.3039E6	
1749	-8.1772E-1	7.6994E0	5.1263E0	3.3061E6	
1750	-8.1673E-1	9.1713E0	5.1339E0	3.3083E6	
1751	-8.1345E-1	1.4040E1	5.1414E0	3.3106E6	
1752	-8.1490E-1	1.1889E1	5.1489E0	3.3128E6	
1753	-8.1596E-1	1.0304E1	5.1564E0	3.3150E6	
1754	-8.1657E-1	9.3978E0	5.1639E0	3.3172E6	
1755	-8.1627E-1	9.8507E0	5.1714E0	3.3194E6	
1756	-8.1421E-1	1.2908E1	5.1789E0	3.3217E6	
1757	-8.1619E-1	9.9639E0	5.1864E0	3.3239E6	
1758	-8.1573E-1	1.0643E1	5.1940E0	3.3261E6	
1759	-8.1360E-1	1.3814E1	5.2014E0	3.3283E6	
1760	-8.1619E-1	9.9639E0	5.2088E0	3.3305E6	
1761	-8.1657E-1	9.3978E0	5.2164E0	3.3328E6	
1762	-8.1818E-1	7.0201E0	5.2239E0	3.3350E6	
1763	-8.1680E-1	9.0581E0	5.2313E0	3.3372E6	
1764	-8.1940E-1	5.2084E0	5.2391E0	3.3394E6	
1765	-8.1802E-1	7.2465E0	5.2464E0	3.3416E6	
1766	-8.1512E-1	1.1549E1	5.2538E0	3.3439E6	
1767	-8.1886E-1	6.0010E0	5.2614E0	3.3461E6	
1768	-8.2115E-1	2.6042E0	5.2688E0	3.3483E6	
1769	-8.1894E-1	5.8878E0	5.2763E0	3.3505E6	
1770	-8.2016E-1	4.0762E0	5.2838E0	3.3527E6	
1771	-8.1711E-1	8.6052E0	5.2913E0	3.3550E6	
1772	-8.1963E-1	4.8688E0	5.2988E0	3.3572E6	
1773	-8.2146E-1	2.1513E0	5.3063E0	3.3594E6	
1774	-8.1978E-1	4.6423E0	5.3138E0	3.3616E6	
1775	-8.1841E-1	6.6804E0	5.3213E0	3.3638E6	
1776	-8.1841E-1	6.6804E0	5.3288E0	3.3661E6	
1777	-8.2054E-1	3.5101E0	5.3363E0	3.3683E6	
1778	-8.2283E-1	1.1328E-1	5.3437E0	3.3705E6	
1779	-8.1993E-1	4.4159E0	5.3513E0	3.3727E6	
1780	-8.2329E-1	-5.6607E-1	5.3586E0	3.3749E6	
1781	-8.2237E-1	7.9264E-1	5.3662E0	3.3772E6	
1782	-8.2306E-1	-2.2640E-1	5.3738E0	3.3794E6	
1783	-8.2222E-1	1.0191E0	5.3812E0	3.3816E6	
1784	-8.2245E-1	6.7941E-1	5.3886E0	3.3838E6	
1785	-8.2481E-1	-2.8306E0	5.3962E0	3.3860E6	
1786	-8.2153E-1	2.0381E0	5.4036E0	3.3883E6	
1787	-8.2344E-1	-7.9252E-1	5.4111E0	3.3905E6	
1788	-8.2253E-1	5.6618E-1	5.4187E0	3.3927E6	
1789	-8.2695E-1	-6.0009E0	5.4261E0	3.3949E6	
1790	-8.2619E-1	-4.8687E0	5.4337E0	3.3971E6	
1791	-8.2512E-1	-3.2835E0	5.4350E0	3.3975E6	
1792	-8.2512E-1	-3.2835E0	5.4350E0	3.3975E6	
1793	-8.2512E-1	-3.2835E0	5.4350E0	3.3975E6	
1794	-8.2512E-1	-3.2835E0	5.4350E0	3.3975E6	
1795	-8.2512E-1	-3.2835E0	5.4350E0	3.3975E6	
1796	-8.2512E-1	-3.2835E0	5.4350E0	3.3975E6	
1797	-8.2512E-1	-3.2835E0	5.4350E0	3.3975E6	
1798	-8.2512E-1	-3.2835E0	5.4350E0	3.3975E6	
1799	-8.2512E-1	-3.2835E0	5.4350E0	3.3975E6	
1800	-8.2512E-1	-3.2835E0	5.4350E0	3.3975E6	
1801	-8.2512E-1	-3.2835E0	5.4350E0	3.3975E6	
1802	-8.2512E-1	-3.2835E0	5.4350E0	3.3975E6	
1803	-8.2512E-1	-3.2835E0	5.4350E0	3.3975E6	
1804	-8.2512E-1	-3.2835E0	5.4350E0	3.3975E6	
1805	-8.2512E-1	-3.2835E0	5.4350E0	3.3975E6	
1806	-8.2512E-1	-3.2835E0	5.4350E0	3.3975E6	
1807	-8.2512E-1	-3.2835E0	5.4350E0	3.3975E6	
1808	-8.2512E-1	-3.2835E0	5.4350E0	3.3975E6	
1809	-8.2512E-1	-3.2835E0	5.4350E0	3.3975E6	
1810	-8.2512E-1	-3.2835E0	5.4350E0	3.3975E6	
1811	-8.2512E-1	-3.2835E0	5.4350E0	3.3975E6	
1812	-8.2512E-1	-3.2835E0	5.4350E0	3.3975E6	
1813	-8.2512E-1	-3.2835E0	5.4350E0	3.3975E6	
1814	-8.2512E-1	-3.2835E0	5.4350E0	3.3975E6	
1815	-8.2512E-1	-3.2835E0	5.4350E0	3.3975E6	
1816	-8.2512E-1	-3.2835E0	5.4350E0	3.3975E6	
1817	-8.2512E-1	-3.2835E0	5.4350E0	3.3975E6	
1818	-8.2512E-1	-3.2835E0	5.4350E0	3.3975E6	
1819	-8.2512E-1	-3.2835E0	5.4350E0	3.3975E6	
1820	-8.2512E-1	-3.2835E0	5.4350E0	3.3975E6	
1821	-8.2512E-1	-3.2835E0	5.4350E0	3.3975E6	
1822	-8.2512E-1	-3.2835E0	5.4350E0	3.3975E6	
1823	-8.2512E-1	-3.2835E0	5.4350E0	3.3975E6	
1824	-8.2512E-1	-3.2835E0	5.4350E0	3.3975E6	
1825	-8.2512E-1	-3.2835E0	5.4350E0	3.3975E6	
1826	-8.2512E-1	-3.2835E0	5.4350E0	3.3975E6	
1827	-8.2512E-1	-3.2835E0	5.4350E0	3.3975E6	
1828	-8.2512E-1	-3.2835E0	5.4350E0	3.3975E6	
1829	-8.2512E-1	-3.2835E0	5.4350E0	3.3975E6	
1830	-8.2512E-1	-3.2835E0	5.4350E0	3.3975E6	
1831	-8.2512E-1	-3.2835E0	5.4350E0	3.3975E6	
1832	-8.2512E-1	-3.2835E0	5.4350E0	3.3975E6	
1833	-8.2512E-1	-3.2835E0	5.4350E0	3.3975E6	
1834	-8.2512E-1	-3.2835E0	5.4350E0	3.3975E6	
1835	-8.2512E-1	-3.2835E0	5.4350E0	3.3975E6	
1836	-8.2512E-1	-3.2835E0	5.4350E0	3.3975E6	
1837	-8.2512E-1	-3.2835E0	5.4350E0	3.3975E6	
1838	-8.2512E-1	-3.2835E0	5.4350E0	3.3975E6	
1839	-8.2512E-1	-3.2835E0	5.4350E0	3.3975E6	
1840	-8.2512E-1	-3.2835E0	5.4350E0	3.3975E6	
1841	-8.2512E-1	-3.2835E0	5.4350E0	3.3975E6	
1842	-8.2512E-1	-3.2835E0	5.4350E0	3.3975E6	
1843	-8.2512E-1	-3.2835E0	5.4350E0	3.3975E6	
1844	-8.2512E-1	-3.2835E0	5.4350E0	3.3975E6	
1845	-8.2512E-1	-3.2835E0	5.4350E0	3.3975E6	
1846	-8.2512E-1	-3.2835E0	5.4350E0	3.3975E6	
1847	-8.2512E-1	-3.2835E0	5.4350E0	3.3975E6	
1848	-8.2512E-1	-3.2835E0	5.4350E0	3.3975E6	
1849	-8.2512E-1	-3.2835E0	5.4350E0	3.3975E6	
1850	-8.2512E-1	-3.2835E0	5.4350E0	3.3975E6	
1851	-8.2512E-1	-3.2835E0	5.4350E0	3.3975E6	
1852	-8.2512E-1	-3.2835E0	5.4350E0	3.3975E6	
1853	-8.2512E-1	-3.2835E0	5.4350E0	3.3975E6	
1854	-8.2512E-1	-3.2835E0	5.4350E0	3.3975E6	
1855	-8.2512E-1	-3.2835E0	5.4350E0	3.3975E6	
1856	-8.2512E-1	-3.2835E0	5.4350E0	3.3975E6	
1857	-8.2512E-1	-3.2835E0	5.4350E0	3.3975E6	
1858	-8.2512E-1	-3.2835E0	5.4350E0	3.3975E6	
1859	-8.2512E-1	-3.2835E0	5.4350E0	3.3975E6	
1860	-8.2512E-1	-3.2835E0	5.4350E0	3.3975E6	
1861	-8.2512E-1	-3.2835E0	5.4350E0	3.3975E6	
1862	-8.2512E-1	-3.2835E0	5.4350E0	3.3975E6	
1863	-8.2512E-1	-3.2835E0	5.4350E0	3.3975E6	
1864	-8.2512E-1	-3.2835E0	5.4350E0	3.3975E6	
1865	-8.2512E-1	-3.2835E0	5.4350E0	3.3975E6	
1866	-8.2512E-1	-3.2835E0	5.4350E0	3.3975E6	
1867	-8.2512E-1	-3.2835E0	5.4350E0	3.3975E6	
1868	-8.2512E-1	-3.2835E0	5.4350E0	3.3975E6	
1869	-8.2512E-1	-3.2835E0	5.4350E0	3.3975E6	
1870	-8.2512E-1	-3.2835E0	5.4350E0	3.3975E6	
1871	-8.2512E-1	-3.2835E0	5.4350E0	3.3975E6	
1872	-8.2512E-1	-3.2835E0	5.4350E0	3.3975E6	
1873	-8.2512E-1	-3.2835E0	5.4350E0	3.3975E6	
1874	-8.2512E-1	-3.2835E0	5.4350E0	3.3975E6	
1875	-8.2512E-1	-3.2835E0	5.4350E0	3.3975E6	
1876	-8.2512E-1	-3.2835E0	5.4350E0	3.3975E6	
1877	-8.2512E-1	-3.2835E0	5.4350E0	3.3975E6	
1878	-8.2512E-1	-3.2835E0	5.4350E0	3.3975E6	
1879	-8.2512E-1	-3.2835E0	5.4350E0	3.3975E6	
1880	-8.2512E-1	-3.2835E0	5.4350E0	3.3975E6	
1881	-8.2512E-1	-3.2835E0	5.4350E0	3.3975E6	
1882	-8.2512E-1	-3.2835E0	5.4350E0	3.3975E6	
1883	-8.2512E-1	-3.2835E0	5.4350E0	3.3975E6	
1884	-8.2512E-1	-3.2835E0	5.4350E0	3.3975E6	
1885	-8.2512E-1	-3.2835E0	5.4350E0	3.3975E6	
1886	-8.2512E-1	-3.2835E0	5.4350E0	3.3975E6	
1887	-8.2512E-1	-3.2835E0	5.4350E0	3.3975E6	
1888	-8.2512E-1	-3.2835E0	5.4350E0	3.3975E6	
1889	-8.2512E-1	-3.2835E0	5.4350E0	3.3975E6	
1890	-8.2512E-1	-3.2835E0	5.4350E0	3.3975E6	
1891	-8.2512E-1	-3.2835E0	5.4350E0	3.3975E6	
1892	-8.2512E-1	-3.2835E0	5.4350E0	3.3975E6	
1893	-8.2512E-1	-3.2835E0	5.4350E0	3.3975E6	
1894	-8.2512E-1	-3.2835E0	5.4350E0	3.3975E6	
1895	-8.2512E-1	-3.2835E0	5.4350E0	3.3975E6	
1896	-8.2512E-1	-3.2835E0	5.4350E0	3.3975E6	
1897	-8.2512E-1	-3.2835E0	5.4350E0	3.3975E6	
1898	-8.2512E-1	-3.2835E0	5.4350E0	3.3975E6	
1899	-8.2512E-1	-3.2835E0	5.4350E0	3.3975E6	
1900	-8.2512E-1	-3.2835E0	5.4350E0	3.3975E6	
1901	-8.2512E-1	-3.2835E0	5.4350E0	3.3975E6	
1902	-8.2512E-1	-3.2835E0	5.4350E0	3.3975E6	
1903	-8.2512E-1	-3.2835E0	5.4350E0	3.3975E6	
1904	-8.2512E-1	-3.2835E0	5.4350E0	3.3975E6	
1905	-8.2512E-1	-3.2835E0	5.4350E0	3.3975E6	
1906	-8.2512E-1	-3.2835E0	5.4350E0	3.3975E6	
1907	-8.2512E-1	-3.2835E0	5.4350E0	3.3975E6	
1908	-8.2512E-1	-3.2835E0	5.4350E0	3.3975E6	
1909	-8.2512E-1	-3.2835E0	5.4350E0	3.3975E6	
1910	-8.2512E-1	-3.2835E0	5.4350E0	3.3975E6	
1911	-8.2512E-1	-3.2835E0	5.4350E0	3.3975E6	
1912	-8.2512E-1	-3.2835E0	5.4350E0	3.3975E6	
1913	-8.2512E-1	-3.2835E0	5.4350E0	3.3975E6	
1914	-8.2512E-1	-3.2835E0	5.4350E0	3.3975E6	
1915	-8.2512E-1	-3.2835E0	5.4350E0	3.3975E6	
1916	-8.2512E-1	-3.2835E0	5.4350E0	3.3975E6	
1917	-8.2512E-1	-3.2835E0	5.4350E0	3.3975E6	
1918	-8.2512E-1	-3.2835E0	5.4350E0	3.3975E6	
1919	-8.2512E-1	-3.2835E0	5.4350E0	3.3975E6	
1920	-8.2512E-1	-3.2835E0	5.4350E0	3.3975E6	
1921	-8.2512E-1	-3.2835E0	5.4350E0	3.3975E6	
1922	-8.2512E-1	-3.2835E0	5.4350E0	3.3975E6	
1923	-8.2512E-1	-3.2835E0	5.4350E0	3.3975E6	
1924	-8.2512E-1	-3.2835E0	5.4350E0	3.3975E6	
1925	-8.2512E-1	-3.2835E0	5.4350E0	3.3975E6	
1926	-8.2512E-1	-3.2835E0	5.4350E0	3.3975E6	
1927	-8.2512E-1	-3.2835E0	5.4350E0	3.3975E6	
1928	-8.2512E-1	-3.2835E0	5.4350E0	3.3975E6	
1929	-8.2512E-1	-3.2835E0	5.4350E0	3.3975E6	
1930	-8.2512E-1	-3.2835E0	5.4350E0	3.3975E6	
1931	-8.2512E-1	-3.2835E0	5.4350E0	3.3975E6	
1932	-8.2512E-1	-3.2835E0	5.4350E0	3.3975E6	
1933	-8.2512E-1	-3.2835E0	5.4350E0	3.3975E6	
1934	-8.2512E-1	-3.2835E0	5.4350E0	3.3975E6	
1935	-8.2512E-1	-3.2835E0	5.4350E0	3.3975E6	
1936	-8.2512E-1	-3.2835E0	5.4350E0	3.3975E6	
1937	-8.2512E-1	-3.2835E0	5.4350E0	3.3975E6	
1938	-8.2512E-1	-3.2835E0	5.4350E0	3.3975E6	
1939	-8.2512E-1	-3.2835E0	5.4350E0	3.3975E6	
1940	-8.2512E-1	-3.2835E0	5.4350E0	3.3975E6	
1941	-8.2512E-1	-3.2835E0	5.4350E0	3.3975E6	
1942	-8.2512E-1	-3.2835E0	5.4350E0	3.3975E6	
1943	-8.2512E-1	-3.2835E0	5.4350E0	3.3975E6	
1944	-8.2512E-1	-3.2835E0	5.4350E0	3.3975E6	
1945	-8.2512E-1	-3.2835E0	5.4350E0	3.3975E6	
1946	-8.2512E-1	-3.2835E0	5.4350E0	3.3975E6	
1947	-8.2512E-1	-3.2835E0	5.4350E0	3.3975E6	
1948	-8.2512E-1	-3.2835E0	5.4350E0	3.3975E6	
1949	-8.2512E-1	-3.2835E0	5.4350E0	3.3975E6	
1950	-8.2512E-1	-3.2835E0	5.4350E0	3.3975E6	
1951	-8.2512E-1	-3.2835E0	5.4350E0	3.3975E6	
1952	-8.2512E-1	-3.2835E0	5.4350E0	3.3975E6	
1953	-8.2512E-1	-3.2835E0	5.4350E0	3.3975E6	
1954	-8.2512E-1	-3.2835E0	5.4350E0	3.3975E6	
1955	-8.2512E-1	-3.2835E0	5.4350E0	3.3975E6	
1956	-8.2512E-1	-3.2835E0	5.4350E0	3.3975E6	
1957	-8.2512E-1	-3.2835E0	5.4350E0	3.3975E6	
1958	-8.2512E-1	-3.2835E0	5.4350E0	3.3975E6	
1959	-8.2512E-1	-3.2835E0	5.4350E0	3.3975E6	
1960	-8.2512E-1	-3.2835E0	5.4350E0	3.3975E6	
1961	-8.2512E-1	-3.2835E0	5.4350E0	3.3975E6	
1962	-8.2512E-1	-3.2835E0	5.4350E0	3.3975E6	
1963	-8.2512E-1	-3.2835E0	5.4350E0	3.3975E6	
1964	-8.2512E-1	-3.2835E0	5.4350E0	3.3975E6	
1965	-8.2512E-1	-3.2835E0	5.4350E0	3.3975E6	
1966	-8.2512E-1	-3.2835E0	5.4350E0	3.3975E6	
1967	-8.2512E-1	-3.2835E0	5.4350E0	3.3975E6	
1968	-8.2512E-1	-3.2835E0	5.4350E0	3.3975E6	
1969	-8.2512E-1	-3.2835E0	5.4350E0	3.3975E6	
1970	-8.2512E-1	-3.2835E0	5.4350E0	3.3975E6	
1971	-8.2512E-1	-3.2835E0	5.4350E0	3.3975E6	
1972	-8.2512E-1	-3.2835E0	5.4350E0	3.3975E6	
1973	-8.2512E-1	-3.2835E0	5.4350E0	3.3975E6	
1974	-8.2512E-1	-3.2835E0	5.4350E0	3.3975E6	
1975	-8.2512E-1	-3.2835E0	5.4350E0	3.3975E6	
1976	-8.2512E-1	-3.2835E0	5.4350E0	3.3975E6	
1977	-8.2512E-1	-3.2835E0	5.4350E0	3.3975E6	
1978	-8.2512E-1	-3.2835E0	5.4350E0	3.3975E6	
1979	-8.2512E-1	-3.2835E0	5.4350E0	3.3975E6	
1980	-8.2512E-1	-3.2835E0	5.4350E0	3.3975E6	
1981	-8.2512E-1	-3.2835E0	5.4350E0	3.3975E6	
1982	-8.2512E-1	-3.2835E0	5.4350E0	3.3975E6	
1983	-8.2512E-1	-3.2835E0	5.4350E0	3.3975E6	
1984	-8.2512E-1	-3.2835E0	5.4350E0	3.3975E6	
1985	-8.2512E-1	-3.2835E0	5.4350E0	3.3975E6	
1986	-8.2512E-1	-3.2835E0	5.4350E0	3.3975E6	
1987	-8.2512E-1	-3.2835E0	5.4350E0	3.3975E6	
1988	-8.2512E-1	-3.2835E0	5.4350E0	3.3975E6	
1989	-8.2512E-1	-3.2835E0	5.4350E0	3.3975E6	
1990	-8.2512E-1	-3.2835E0	5.4350E0	3.3975E6	
1991	-8.2512E-1	-3.2835E0	5.4350E0	3.3975E6	
1992	-8.2512E-1	-3.2835E0	5.4350E0	3.3975E6	
1993	-8.2512E-1	-3.2835E0	5.4350E0	3.3975E6	
1994	-8.2512E-1	-3.2835E0	5.4350E0	3.3975E6	
1995	-8.2512E-1	-3.2835E0	5.4350E0	3.3975E6	
1996	-8.2512E-1	-3.2835E0	5.4350E0	3.3975E6	
1997	-8.2512E-1	-3.2835E0	5.4350E0	3.3975E6	
1998	-8.2512E-1	-3.2835E0	5.4350E0	3.3975E6	
1999	-8.2512E-1	-3.2835E0	5.4350E0	3.3975E6	
2000	-8.2512E-1	-3.2835E0	5.4350E0	3.3975E6	
2001	-8.2512E-1	-3.2835E0	5.4350E0	3.3975E6	
2002	-8.2512E-1	-3.2835E0	5.4350E0	3.3975E6	
2003	-8.2512E-1	-3.2835E0	5.4350E0	3.3975E6	
2004	-8.2512E-1	-3.2835E0	5.4350E0	3.3975E6	
2005	-8.2512E-1	-3.2835E0	5.4350E0	3.3975E6	
2006	-8.2512E-1	-3.2835E0	5.4350E0	3.3975E6	
2007	-8.2512E-1	-3.2835E0	5.4350E0	3.3975E6	
2008	-8.2512E-1	-3.2835E0	5.4350E0	3.3975E6	
2009	-8.2512E-1	-3.2835E0	5.4350E0	3.3975E6	
2010	-8.2512E-1	-3.2835E0	5.4350E0	3.3975E6	
2011	-8.2512E-1	-3.2835E0	5.4350E0	3.3975E6	
2012	-8.2512E-1	-3.2835E0	5.4350E0	3.3975E6	
2013	-8.2512E-1	-3.2835E0	5.4350E0	3.3975E6	
2014	-8.2512E-1	-3.2835E0	5.4350E0	3.3975E6	
2015	-8.2512E-1	-3.2835E0	5.4350E0	3.3975E6	
2016	-8.2512E-1	-3.2835E0	5.4350E0	3.3975E6	
2017	-8.2512E-1	-3.2835E0	5.4350E0	3.3975E6	
2018	-8.2512E-1	-3.2835E0	5.4350E0	3.3975E6	
2019	-8.2512E-1	-3.2835E0	5.4350E0	3.3975E6	
2020	-8.2512E-1	-3.2835E0	5.4350E0	3.3975E6	
2021	-8.2512E-1	-3.2835E0	5.4350E0	3.3975E6	
2022	-8.2512E-1	-3.2835E0	5.4350E0	3.3975E6	
2023	-8.2512E-1	-3.2835E0	5.4350E0	3.3975E6	
2024	-8.2512E-1	-3.2835E0	5.4350E0	3.3975E6	
2025	-8.2512E-1	-3.2835E0	5.4350E0	3.3975E6	
2026	-8.2512E-1	-3.2835E0	5.4350E0	3.3975E6	
2027	-8.2512E-1	-3.2835E0	5.4350E0	3.3975E6	
2028	-8.2512E-1	-3.2835E0	5.4350E0	3.3975E6	
2029	-8.2512E-1	-3.2835E0	5.4350E0	3.3975E6	
2030	-8.2512E-1	-3.2835E0	5.4350E0	3.3975E6	
2031	-8.2512E-1	-3.2835E0	5.4350E0	3.3975E6	
2032	-8.2512E-1	-3.2835E0	5.4350E0	3.3975E6	
2033	-8.2512E-1	-3.2835E0	5.4350E0	3.3975E6	
2034	-8.2512E-1	-3.2835E0	5.4350E0	3.3975E6	
2035	-8.2512E-1	-3.2835E0	5.4350E0	3.3975E6	
2036	-8.2512E-1	-3.2835E0	5.4350E0	3.3975E6	
2037	-8.2512E-1	-3.2835E0	5.4350E0	3.3975E6	
2038	-8.2512E-1	-3.2835E0	5.4350E0	3.3975E6	
2039	-8.2512E-1	-3.2835E0	5.4350E0	3.3975E6	
2040	-8.2512E-1	-3.2835E0	5.4350E0	3.3975E6	
2041	-8.2512E-1	-3.2835E0	5.4350E0	3.3975E6	
2042	-8.2512E-1	-3.2835E0	5.4350E0	3.3975E6	
2043	-8.2512E-1	-3.2835E0	5.4350E0	3.3975E6	
2044	-8.2512E-1	-3.2835E0	5.4350E0	3.3975E6	
2045	-8.2512E-1	-3.2835E0	5.4350E0	3.3975E6	
2046	-8.2512E-1	-3.2835E0	5.4350E0	3.3975E6	
2047	-8.2512E-1	-3.2835E0	5.4350E0	3.3975E6	
2048	-8.2512E-1	-3.2835E0	5.4350E0	3.3975E6	
