point 196
Index	Vertical (A-B)	Force	Z Height	Time Stamp	
     	V	nN	?m	?sec	
1	-8.2619E-1	3.6803E-1	5.5525E0	1.2000E2	
2	-8.2565E-1	1.1606E0	5.5511E0	2.3400E3	
3	-8.2680E-1	-5.3778E-1	5.5484E0	4.5600E3	
4	-8.2825E-1	-2.6891E0	5.5453E0	6.7800E3	
5	-8.2733E-1	-1.3304E0	5.5418E0	9.0000E3	
6	-8.2512E-1	1.9532E0	5.5383E0	1.1220E4	
7	-8.2794E-1	-2.2362E0	5.5344E0	1.3440E4	
8	-8.2687E-1	-6.5101E-1	5.5304E0	1.5660E4	
9	-8.2436E-1	3.0854E0	5.5264E0	1.7880E4	
10	-8.2474E-1	2.5193E0	5.5223E0	2.0100E4	
11	-8.2466E-1	2.6325E0	5.5182E0	2.2320E4	
12	-8.2527E-1	1.7267E0	5.5138E0	2.4540E4	
13	-8.2367E-1	4.1045E0	5.5095E0	2.6760E4	
14	-8.2214E-1	6.3690E0	5.5052E0	2.8980E4	
15	-8.2367E-1	4.1045E0	5.5007E0	3.1200E4	
16	-8.2397E-1	3.6516E0	5.4963E0	3.3420E4	
17	-8.2222E-1	6.2558E0	5.4917E0	3.5640E4	
18	-8.2451E-1	2.8590E0	5.4872E0	3.7860E4	
19	-8.2245E-1	5.9161E0	5.4826E0	4.0080E4	
20	-8.2367E-1	4.1045E0	5.4781E0	4.2300E4	
21	-8.2329E-1	4.6706E0	5.4734E0	4.4520E4	
22	-8.2375E-1	3.9912E0	5.4688E0	4.6740E4	
23	-8.2588E-1	8.2093E-1	5.4641E0	4.8960E4	
24	-8.2367E-1	4.1045E0	5.4595E0	5.1180E4	
25	-8.2397E-1	3.6516E0	5.4547E0	5.3400E4	
26	-8.2069E-1	8.5203E0	5.4500E0	5.5620E4	
27	-8.2397E-1	3.6516E0	5.4453E0	5.7840E4	
28	-8.2283E-1	5.3500E0	5.4406E0	6.0060E4	
29	-8.2458E-1	2.7458E0	5.4357E0	6.2280E4	
30	-8.2268E-1	5.5764E0	5.4310E0	6.4500E4	
31	-8.2199E-1	6.5954E0	5.4263E0	6.6720E4	
32	-8.2207E-1	6.4822E0	5.4214E0	6.8940E4	
33	-8.2260E-1	5.6896E0	5.4166E0	7.1160E4	
34	-8.2146E-1	7.3880E0	5.4117E0	7.3380E4	
35	-8.2306E-1	5.0103E0	5.4069E0	7.5600E4	
36	-8.2001E-1	9.5393E0	5.4021E0	7.7820E4	
37	-8.1909E-1	1.0898E1	5.3971E0	8.0040E4	
38	-8.2008E-1	9.4261E0	5.3923E0	8.2260E4	
39	-8.2008E-1	9.4261E0	5.3875E0	8.4480E4	
40	-8.2237E-1	6.0293E0	5.3825E0	8.6700E4	
41	-8.1963E-1	1.0105E1	5.3776E0	8.8920E4	
42	-8.1978E-1	9.8790E0	5.3726E0	9.1140E4	
43	-8.2108E-1	7.9541E0	5.3677E0	9.3360E4	
44	-8.1871E-1	1.1464E1	5.3628E0	9.5580E4	
45	-8.1917E-1	1.0785E1	5.3577E0	9.7800E4	
46	-8.1879E-1	1.1351E1	5.3529E0	1.0002E5	
47	-8.1841E-1	1.1917E1	5.3479E0	1.0224E5	
48	-8.1947E-1	1.0332E1	5.3430E0	1.0446E5	
49	-8.1886E-1	1.1238E1	5.3380E0	1.0668E5	
50	-8.1802E-1	1.2483E1	5.3330E0	1.0890E5	
51	-8.1902E-1	1.1011E1	5.3279E0	1.1112E5	
52	-8.1581E-1	1.5767E1	5.3229E0	1.1334E5	
53	-8.1795E-1	1.2596E1	5.3180E0	1.1556E5	
54	-8.1863E-1	1.1577E1	5.3129E0	1.1778E5	
55	-8.1993E-1	9.6525E0	5.3079E0	1.2000E5	
56	-8.1795E-1	1.2596E1	5.3028E0	1.2222E5	
57	-8.1772E-1	1.2936E1	5.2978E0	1.2444E5	
58	-8.1772E-1	1.2936E1	5.2926E0	1.2666E5	
59	-8.1787E-1	1.2710E1	5.2877E0	1.2888E5	
60	-8.1696E-1	1.4068E1	5.2827E0	1.3110E5	
61	-8.1749E-1	1.3276E1	5.2775E0	1.3332E5	
62	-8.1764E-1	1.3049E1	5.2724E0	1.3554E5	
63	-8.1573E-1	1.5880E1	5.2674E0	1.3776E5	
64	-8.1665E-1	1.4521E1	5.2623E0	1.3998E5	
65	-8.1566E-1	1.5993E1	5.2571E0	1.4220E5	
66	-8.1726E-1	1.3615E1	5.2521E0	1.4442E5	
67	-8.1757E-1	1.3163E1	5.2469E0	1.4664E5	
68	-8.1490E-1	1.7125E1	5.2418E0	1.4886E5	
69	-8.1619E-1	1.5201E1	5.2367E0	1.5108E5	
70	-8.1245E-1	2.0749E1	5.2314E0	1.5330E5	
71	-8.1665E-1	1.4521E1	5.2263E0	1.5552E5	
72	-8.1749E-1	1.3276E1	5.2213E0	1.5774E5	
73	-8.1421E-1	1.8144E1	5.2160E0	1.5996E5	
74	-8.1451E-1	1.7692E1	5.2109E0	1.6218E5	
75	-8.1566E-1	1.5993E1	5.2057E0	1.6440E5	
76	-8.1543E-1	1.6333E1	5.2005E0	1.6662E5	
77	-8.1451E-1	1.7692E1	5.1953E0	1.6884E5	
78	-8.1245E-1	2.0749E1	5.1901E0	1.7106E5	
79	-8.1291E-1	2.0069E1	5.1849E0	1.7328E5	
80	-8.1230E-1	2.0975E1	5.1797E0	1.7550E5	
81	-8.1398E-1	1.8484E1	5.1746E0	1.7772E5	
82	-8.1238E-1	2.0862E1	5.1694E0	1.7994E5	
83	-8.1352E-1	1.9163E1	5.1641E0	1.8216E5	
84	-8.1482E-1	1.7239E1	5.1588E0	1.8438E5	
85	-8.1161E-1	2.1994E1	5.1536E0	1.8660E5	
86	-8.1200E-1	2.1428E1	5.1484E0	1.8882E5	
87	-8.1131E-1	2.2447E1	5.1431E0	1.9104E5	
88	-8.1116E-1	2.2673E1	5.1379E0	1.9326E5	
89	-8.1146E-1	2.2221E1	5.1327E0	1.9548E5	
90	-8.1291E-1	2.0069E1	5.1274E0	1.9770E5	
91	-8.1207E-1	2.1315E1	5.1220E0	1.9992E5	
92	-8.0994E-1	2.4485E1	5.1168E0	2.0214E5	
93	-8.1184E-1	2.1654E1	5.1115E0	2.0436E5	
94	-8.1238E-1	2.0862E1	5.1062E0	2.0658E5	
95	-8.1108E-1	2.2787E1	5.1010E0	2.0880E5	
96	-8.1078E-1	2.3240E1	5.0956E0	2.1102E5	
97	-8.0986E-1	2.4598E1	5.0903E0	2.1324E5	
98	-8.1108E-1	2.2787E1	5.0850E0	2.1546E5	
99	-8.0940E-1	2.5278E1	5.0797E0	2.1768E5	
100	-8.1230E-1	2.0975E1	5.0744E0	2.1990E5	
101	-8.1078E-1	2.3240E1	5.0692E0	2.2212E5	
102	-8.1055E-1	2.3579E1	5.0637E0	2.2434E5	
103	-8.1047E-1	2.3693E1	5.0584E0	2.2656E5	
104	-8.1085E-1	2.3126E1	5.0531E0	2.2878E5	
105	-8.1047E-1	2.3693E1	5.0477E0	2.3100E5	
106	-8.1055E-1	2.3579E1	5.0424E0	2.3322E5	
107	-8.0795E-1	2.7429E1	5.0370E0	2.3544E5	
108	-8.1017E-1	2.4145E1	5.0316E0	2.3766E5	
109	-8.0849E-1	2.6636E1	5.0264E0	2.3988E5	
110	-8.0849E-1	2.6636E1	5.0208E0	2.4210E5	
111	-8.0925E-1	2.5504E1	5.0155E0	2.4432E5	
112	-8.0727E-1	2.8448E1	5.0102E0	2.4654E5	
113	-8.0811E-1	2.7203E1	5.0047E0	2.4876E5	
114	-8.0788E-1	2.7542E1	4.9993E0	2.5098E5	
115	-8.0566E-1	3.0826E1	4.9939E0	2.5320E5	
116	-8.0811E-1	2.7203E1	4.9886E0	2.5542E5	
117	-8.0917E-1	2.5617E1	4.9831E0	2.5764E5	
118	-8.0643E-1	2.9693E1	4.9776E0	2.5986E5	
119	-8.0933E-1	2.5391E1	4.9722E0	2.6208E5	
120	-8.0833E-1	2.6863E1	4.9668E0	2.6430E5	
121	-8.0994E-1	2.4485E1	4.9614E0	2.6652E5	
122	-8.0833E-1	2.6863E1	4.9559E0	2.6874E5	
123	-8.0734E-1	2.8335E1	4.9504E0	2.7096E5	
124	-8.0910E-1	2.5731E1	4.9450E0	2.7318E5	
125	-8.0833E-1	2.6863E1	4.9395E0	2.7540E5	
126	-8.0772E-1	2.7769E1	4.9341E0	2.7762E5	
127	-8.0414E-1	3.3090E1	4.9285E0	2.7984E5	
128	-8.0406E-1	3.3203E1	4.9231E0	2.8206E5	
129	-8.0605E-1	3.0260E1	4.9176E0	2.8428E5	
130	-8.0742E-1	2.8222E1	4.9121E0	2.8650E5	
131	-8.0513E-1	3.1618E1	4.9066E0	2.8872E5	
132	-8.0536E-1	3.1279E1	4.9011E0	2.9094E5	
133	-8.0643E-1	2.9693E1	4.8957E0	2.9316E5	
134	-8.0261E-1	3.5355E1	4.8902E0	2.9538E5	
135	-8.0360E-1	3.3883E1	4.8847E0	2.9760E5	
136	-8.0551E-1	3.1052E1	4.8791E0	2.9982E5	
137	-8.0582E-1	3.0599E1	4.8736E0	3.0204E5	
138	-8.0139E-1	3.7166E1	4.8681E0	3.0426E5	
139	-8.0338E-1	3.4223E1	4.8625E0	3.0648E5	
140	-8.0399E-1	3.3317E1	4.8569E0	3.0870E5	
141	-8.0170E-1	3.6713E1	4.8514E0	3.1092E5	
142	-8.0200E-1	3.6261E1	4.8458E0	3.1314E5	
143	-8.0147E-1	3.7053E1	4.8403E0	3.1536E5	
144	-8.0124E-1	3.7393E1	4.8346E0	3.1758E5	
145	-8.0132E-1	3.7280E1	4.8292E0	3.1980E5	
146	-8.0276E-1	3.5128E1	4.8236E0	3.2202E5	
147	-8.0353E-1	3.3996E1	4.8181E0	3.2424E5	
148	-8.0368E-1	3.3770E1	4.8124E0	3.2646E5	
149	-8.0086E-1	3.7959E1	4.8069E0	3.2868E5	
150	-8.0231E-1	3.5808E1	4.8013E0	3.3090E5	
151	-8.0315E-1	3.4562E1	4.7956E0	3.3312E5	
152	-8.0208E-1	3.6147E1	4.7900E0	3.3534E5	
153	-8.0170E-1	3.6713E1	4.7844E0	3.3756E5	
154	-8.0078E-1	3.8072E1	4.7789E0	3.3978E5	
155	-8.0147E-1	3.7053E1	4.7732E0	3.4200E5	
156	-8.0307E-1	3.4675E1	4.7676E0	3.4422E5	
157	-8.0025E-1	3.8865E1	4.7620E0	3.4644E5	
158	-8.0101E-1	3.7733E1	4.7564E0	3.4866E5	
159	-7.9918E-1	4.0450E1	4.7506E0	3.5088E5	
160	-7.9964E-1	3.9771E1	4.7451E0	3.5310E5	
161	-7.9979E-1	3.9544E1	4.7395E0	3.5532E5	
162	-8.0070E-1	3.8185E1	4.7337E0	3.5754E5	
163	-7.9849E-1	4.1469E1	4.7281E0	3.5976E5	
164	-8.0009E-1	3.9091E1	4.7224E0	3.6198E5	
165	-8.0055E-1	3.8412E1	4.7168E0	3.6420E5	
166	-7.9834E-1	4.1695E1	4.7111E0	3.6642E5	
167	-7.9880E-1	4.1016E1	4.7055E0	3.6864E5	
168	-7.9826E-1	4.1809E1	4.6998E0	3.7086E5	
169	-7.9834E-1	4.1695E1	4.6940E0	3.7308E5	
170	-7.9559E-1	4.5772E1	4.6883E0	3.7530E5	
171	-7.9826E-1	4.1809E1	4.6826E0	3.7752E5	
172	-7.9742E-1	4.3054E1	4.6769E0	3.7974E5	
173	-7.9964E-1	3.9771E1	4.6712E0	3.8196E5	
174	-7.9765E-1	4.2714E1	4.6655E0	3.8418E5	
175	-7.9567E-1	4.5658E1	4.6597E0	3.8640E5	
176	-8.0025E-1	3.8865E1	4.6541E0	3.8862E5	
177	-7.9521E-1	4.6338E1	4.6483E0	3.9084E5	
178	-7.9857E-1	4.1356E1	4.6425E0	3.9306E5	
179	-7.9651E-1	4.4413E1	4.6369E0	3.9528E5	
180	-7.9811E-1	4.2035E1	4.6311E0	3.9750E5	
181	-7.9781E-1	4.2488E1	4.6255E0	3.9972E5	
182	-7.9727E-1	4.3281E1	4.6196E0	4.0194E5	
183	-7.9437E-1	4.7583E1	4.6139E0	4.0416E5	
184	-7.9674E-1	4.4073E1	4.6081E0	4.0638E5	
185	-7.9773E-1	4.2601E1	4.6024E0	4.0860E5	
186	-7.9552E-1	4.5885E1	4.5965E0	4.1082E5	
187	-7.9575E-1	4.5545E1	4.5907E0	4.1304E5	
188	-7.9582E-1	4.5432E1	4.5850E0	4.1526E5	
189	-7.9460E-1	4.7243E1	4.5792E0	4.1748E5	
190	-7.9330E-1	4.9168E1	4.5735E0	4.1970E5	
191	-7.9765E-1	4.2714E1	4.5676E0	4.2192E5	
192	-7.9727E-1	4.3281E1	4.5619E0	4.2414E5	
193	-7.9536E-1	4.6111E1	4.5561E0	4.2636E5	
194	-7.9506E-1	4.6564E1	4.5503E0	4.2858E5	
195	-7.9262E-1	5.0187E1	4.5445E0	4.3080E5	
196	-7.9529E-1	4.6224E1	4.5386E0	4.3302E5	
197	-7.9376E-1	4.8489E1	4.5327E0	4.3524E5	
198	-7.9399E-1	4.8149E1	4.5269E0	4.3746E5	
199	-7.9353E-1	4.8829E1	4.5210E0	4.3968E5	
200	-7.9460E-1	4.7243E1	4.5151E0	4.4190E5	
201	-7.9559E-1	4.5772E1	4.5094E0	4.4412E5	
202	-7.9361E-1	4.8715E1	4.5036E0	4.4634E5	
203	-7.9140E-1	5.1999E1	4.4977E0	4.4856E5	
204	-7.9292E-1	4.9734E1	4.4918E0	4.5078E5	
205	-7.9155E-1	5.1773E1	4.4859E0	4.5300E5	
206	-7.9178E-1	5.1433E1	4.4801E0	4.5522E5	
207	-7.9353E-1	4.8829E1	4.4742E0	4.5744E5	
208	-7.9102E-1	5.2565E1	4.4684E0	4.5966E5	
209	-7.9079E-1	5.2905E1	4.4625E0	4.6188E5	
210	-7.9056E-1	5.3244E1	4.4565E0	4.6410E5	
211	-7.9163E-1	5.1659E1	4.4507E0	4.6632E5	
212	-7.9094E-1	5.2678E1	4.4448E0	4.6854E5	
213	-7.9300E-1	4.9621E1	4.4387E0	4.7076E5	
214	-7.9132E-1	5.2112E1	4.4329E0	4.7298E5	
215	-7.9201E-1	5.1093E1	4.4270E0	4.7520E5	
216	-7.9185E-1	5.1320E1	4.4211E0	4.7742E5	
217	-7.8949E-1	5.4830E1	4.4151E0	4.7964E5	
218	-7.8896E-1	5.5622E1	4.4093E0	4.8186E5	
219	-7.9132E-1	5.2112E1	4.4033E0	4.8408E5	
220	-7.8888E-1	5.5735E1	4.3973E0	4.8630E5	
221	-7.9056E-1	5.3244E1	4.3915E0	4.8852E5	
222	-7.9010E-1	5.3924E1	4.3855E0	4.9074E5	
223	-7.9117E-1	5.2339E1	4.3794E0	4.9296E5	
224	-7.8880E-1	5.5849E1	4.3737E0	4.9518E5	
225	-7.8804E-1	5.6981E1	4.3677E0	4.9740E5	
226	-7.8728E-1	5.8113E1	4.3617E0	4.9962E5	
227	-7.8850E-1	5.6302E1	4.3557E0	5.0184E5	
228	-7.8888E-1	5.5735E1	4.3497E0	5.0406E5	
229	-7.8751E-1	5.7773E1	4.3438E0	5.0628E5	
230	-7.8850E-1	5.6302E1	4.3379E0	5.0850E5	
231	-7.8911E-1	5.5396E1	4.3319E0	5.1072E5	
232	-7.8934E-1	5.5056E1	4.3258E0	5.1294E5	
233	-7.8773E-1	5.7434E1	4.3199E0	5.1516E5	
234	-7.8682E-1	5.8793E1	4.3139E0	5.1738E5	
235	-7.8773E-1	5.7434E1	4.3080E0	5.1960E5	
236	-7.8499E-1	6.1510E1	4.3020E0	5.2182E5	
237	-7.8705E-1	5.8453E1	4.2959E0	5.2404E5	
238	-7.8667E-1	5.9019E1	4.2898E0	5.2626E5	
239	-7.8308E-1	6.4341E1	4.2838E0	5.2848E5	
240	-7.8529E-1	6.1057E1	4.2779E0	5.3070E5	
241	-7.8613E-1	5.9812E1	4.2718E0	5.3292E5	
242	-7.8499E-1	6.1510E1	4.2658E0	5.3514E5	
243	-7.8453E-1	6.2189E1	4.2597E0	5.3736E5	
244	-7.8568E-1	6.0491E1	4.2537E0	5.3958E5	
245	-7.8377E-1	6.3322E1	4.2477E0	5.4180E5	
246	-7.8392E-1	6.3095E1	4.2417E0	5.4402E5	
247	-7.8529E-1	6.1057E1	4.2357E0	5.4624E5	
248	-7.8163E-1	6.6492E1	4.2296E0	5.4846E5	
249	-7.8110E-1	6.7284E1	4.2235E0	5.5068E5	
250	-7.8583E-1	6.0264E1	4.2175E0	5.5290E5	
251	-7.8400E-1	6.2982E1	4.2114E0	5.5512E5	
252	-7.8339E-1	6.3888E1	4.2053E0	5.5734E5	
253	-7.8423E-1	6.2642E1	4.1993E0	5.5956E5	
254	-7.8255E-1	6.5133E1	4.1932E0	5.6178E5	
255	-7.8270E-1	6.4907E1	4.1871E0	5.6400E5	
256	-7.8300E-1	6.4454E1	4.1811E0	5.6622E5	
257	-7.8186E-1	6.6152E1	4.1749E0	5.6844E5	
258	-7.8148E-1	6.6718E1	4.1689E0	5.7066E5	
259	-7.8209E-1	6.5812E1	4.1628E0	5.7288E5	
260	-7.8087E-1	6.7624E1	4.1566E0	5.7510E5	
261	-7.8171E-1	6.6379E1	4.1507E0	5.7732E5	
262	-7.8079E-1	6.7737E1	4.1444E0	5.7954E5	
263	-7.8354E-1	6.3661E1	4.1383E0	5.8176E5	
264	-7.7972E-1	6.9323E1	4.1324E0	5.8398E5	
265	-7.8049E-1	6.8190E1	4.1263E0	5.8620E5	
266	-7.7950E-1	6.9662E1	4.1201E0	5.8842E5	
267	-7.8033E-1	6.8417E1	4.1140E0	5.9064E5	
268	-7.8262E-1	6.5020E1	4.1078E0	5.9286E5	
269	-7.8125E-1	6.7058E1	4.1017E0	5.9508E5	
270	-7.8125E-1	6.7058E1	4.0954E0	5.9730E5	
271	-7.8171E-1	6.6379E1	4.0894E0	5.9952E5	
272	-7.8041E-1	6.8303E1	4.0832E0	6.0174E5	
273	-7.7942E-1	6.9775E1	4.0771E0	6.0396E5	
274	-7.7980E-1	6.9209E1	4.0709E0	6.0618E5	
275	-7.8041E-1	6.8303E1	4.0648E0	6.0840E5	
276	-7.7980E-1	6.9209E1	4.0586E0	6.1062E5	
277	-7.7881E-1	7.0681E1	4.0525E0	6.1284E5	
278	-7.7988E-1	6.9096E1	4.0464E0	6.1506E5	
279	-7.7736E-1	7.2832E1	4.0402E0	6.1728E5	
280	-7.7835E-1	7.1361E1	4.0339E0	6.1950E5	
281	-7.7660E-1	7.3965E1	4.0279E0	6.2172E5	
282	-7.7667E-1	7.3852E1	4.0216E0	6.2394E5	
283	-7.7530E-1	7.5890E1	4.0154E0	6.2616E5	
284	-7.7782E-1	7.2153E1	4.0092E0	6.2838E5	
285	-7.7805E-1	7.1813E1	4.0030E0	6.3060E5	
286	-7.7728E-1	7.2946E1	3.9968E0	6.3282E5	
287	-7.7751E-1	7.2606E1	3.9906E0	6.3504E5	
288	-7.7728E-1	7.2946E1	3.9844E0	6.3726E5	
289	-7.7705E-1	7.3285E1	3.9783E0	6.3948E5	
290	-7.7606E-1	7.4757E1	3.9720E0	6.4170E5	
291	-7.7545E-1	7.5663E1	3.9658E0	6.4392E5	
292	-7.7477E-1	7.6682E1	3.9596E0	6.4614E5	
293	-7.7339E-1	7.8720E1	3.9534E0	6.4836E5	
294	-7.7614E-1	7.4644E1	3.9471E0	6.5058E5	
295	-7.7530E-1	7.5890E1	3.9409E0	6.5280E5	
296	-7.7339E-1	7.8720E1	3.9347E0	6.5502E5	
297	-7.7454E-1	7.7022E1	3.9286E0	6.5724E5	
298	-7.7454E-1	7.7022E1	3.9223E0	6.5946E5	
299	-7.7370E-1	7.8267E1	3.9160E0	6.6168E5	
300	-7.7248E-1	8.0079E1	3.9098E0	6.6390E5	
301	-7.7011E-1	8.3589E1	3.9035E0	6.6612E5	
302	-7.7354E-1	7.8494E1	3.8973E0	6.6834E5	
303	-7.7164E-1	8.1324E1	3.8909E0	6.7056E5	
304	-7.7530E-1	7.5890E1	3.8847E0	6.7278E5	
305	-7.7454E-1	7.7022E1	3.8785E0	6.7500E5	
306	-7.7271E-1	7.9739E1	3.8723E0	6.7722E5	
307	-7.7065E-1	8.2796E1	3.8659E0	6.7944E5	
308	-7.7034E-1	8.3249E1	3.8597E0	6.8166E5	
309	-7.7240E-1	8.0192E1	3.8534E0	6.8388E5	
310	-7.7057E-1	8.2910E1	3.8471E0	6.8610E5	
311	-7.7148E-1	8.1551E1	3.8408E0	6.8832E5	
312	-7.7278E-1	7.9626E1	3.8346E0	6.9054E5	
313	-7.7148E-1	8.1551E1	3.8283E0	6.9276E5	
314	-7.7271E-1	7.9739E1	3.8220E0	6.9498E5	
315	-7.7034E-1	8.3249E1	3.8157E0	6.9720E5	
316	-7.7087E-1	8.2457E1	3.8093E0	6.9942E5	
317	-7.7080E-1	8.2570E1	3.8030E0	7.0164E5	
318	-7.7003E-1	8.3702E1	3.7966E0	7.0386E5	
319	-7.6958E-1	8.4382E1	3.7904E0	7.0608E5	
320	-7.7148E-1	8.1551E1	3.7841E0	7.0830E5	
321	-7.6813E-1	8.6533E1	3.7778E0	7.1052E5	
322	-7.6965E-1	8.4268E1	3.7715E0	7.1274E5	
323	-7.7103E-1	8.2230E1	3.7652E0	7.1496E5	
324	-7.7118E-1	8.2004E1	3.7588E0	7.1718E5	
325	-7.6790E-1	8.6872E1	3.7525E0	7.1940E5	
326	-7.6912E-1	8.5061E1	3.7461E0	7.2162E5	
327	-7.7003E-1	8.3702E1	3.7397E0	7.2384E5	
328	-7.6851E-1	8.5967E1	3.7334E0	7.2606E5	
329	-7.6920E-1	8.4948E1	3.7271E0	7.2828E5	
330	-7.6729E-1	8.7778E1	3.7207E0	7.3050E5	
331	-7.6736E-1	8.7665E1	3.7143E0	7.3272E5	
332	-7.6988E-1	8.3929E1	3.7079E0	7.3494E5	
333	-7.7019E-1	8.3476E1	3.7017E0	7.3716E5	
334	-7.6973E-1	8.4155E1	3.6952E0	7.3938E5	
335	-7.6477E-1	9.1515E1	3.6888E0	7.4160E5	
336	-7.6637E-1	8.9137E1	3.6825E0	7.4382E5	
337	-7.6721E-1	8.7892E1	3.6761E0	7.4604E5	
338	-7.6546E-1	9.0496E1	3.6698E0	7.4826E5	
339	-7.6538E-1	9.0609E1	3.6635E0	7.5048E5	
340	-7.6660E-1	8.8797E1	3.6570E0	7.5270E5	
341	-7.6561E-1	9.0269E1	3.6506E0	7.5492E5	
342	-7.6591E-1	8.9816E1	3.6443E0	7.5714E5	
343	-7.6515E-1	9.0949E1	3.6377E0	7.5936E5	
344	-7.6759E-1	8.7325E1	3.6314E0	7.6158E5	
345	-7.6546E-1	9.0496E1	3.6250E0	7.6380E5	
346	-7.6584E-1	8.9930E1	3.6187E0	7.6602E5	
347	-7.6561E-1	9.0269E1	3.6122E0	7.6824E5	
348	-7.6668E-1	8.8684E1	3.6058E0	7.7046E5	
349	-7.6263E-1	9.4685E1	3.5994E0	7.7268E5	
350	-7.6317E-1	9.3892E1	3.5930E0	7.7490E5	
351	-7.6500E-1	9.1175E1	3.5865E0	7.7712E5	
352	-7.6355E-1	9.3326E1	3.5800E0	7.7934E5	
353	-7.6370E-1	9.3100E1	3.5737E0	7.8156E5	
354	-7.6431E-1	9.2194E1	3.5673E0	7.8378E5	
355	-7.6576E-1	9.0043E1	3.5608E0	7.8600E5	
356	-7.6302E-1	9.4119E1	3.5543E0	7.8822E5	
357	-7.6447E-1	9.1968E1	3.5480E0	7.9044E5	
358	-7.6324E-1	9.3779E1	3.5414E0	7.9266E5	
359	-7.6408E-1	9.2534E1	3.5350E0	7.9488E5	
360	-7.6187E-1	9.5817E1	3.5285E0	7.9710E5	
361	-7.6195E-1	9.5704E1	3.5222E0	7.9932E5	
362	-7.6126E-1	9.6723E1	3.5157E0	8.0154E5	
363	-7.6111E-1	9.6950E1	3.5092E0	8.0376E5	
364	-7.6164E-1	9.6157E1	3.5027E0	8.0598E5	
365	-7.5912E-1	9.9893E1	3.4963E0	8.0820E5	
366	-7.5935E-1	9.9554E1	3.4898E0	8.1042E5	
367	-7.6218E-1	9.5364E1	3.4833E0	8.1264E5	
368	-7.5989E-1	9.8761E1	3.4768E0	8.1486E5	
369	-7.6324E-1	9.3779E1	3.4704E0	8.1708E5	
370	-7.6035E-1	9.8082E1	3.4639E0	8.1930E5	
371	-7.5905E-1	1.0001E2	3.4573E0	8.2152E5	
372	-7.6096E-1	9.7176E1	3.4509E0	8.2374E5	
373	-7.5912E-1	9.9893E1	3.4443E0	8.2596E5	
374	-7.5874E-1	1.0046E2	3.4379E0	8.2818E5	
375	-7.5996E-1	9.8648E1	3.4313E0	8.3040E5	
376	-7.5829E-1	1.0114E2	3.4249E0	8.3262E5	
377	-7.5943E-1	9.9441E1	3.4184E0	8.3484E5	
378	-7.5714E-1	1.0284E2	3.4118E0	8.3706E5	
379	-7.5798E-1	1.0159E2	3.4054E0	8.3928E5	
380	-7.6111E-1	9.6950E1	3.3989E0	8.4150E5	
381	-7.5851E-1	1.0080E2	3.3922E0	8.4372E5	
382	-7.5760E-1	1.0216E2	3.3857E0	8.4594E5	
383	-7.5943E-1	9.9441E1	3.3791E0	8.4816E5	
384	-7.5745E-1	1.0238E2	3.3727E0	8.5038E5	
385	-7.5844E-1	1.0091E2	3.3662E0	8.5260E5	
386	-7.5607E-1	1.0442E2	3.3596E0	8.5482E5	
387	-7.5653E-1	1.0374E2	3.3531E0	8.5704E5	
388	-7.5470E-1	1.0646E2	3.3465E0	8.5926E5	
389	-7.5760E-1	1.0216E2	3.3401E0	8.6148E5	
390	-7.5783E-1	1.0182E2	3.3334E0	8.6370E5	
391	-7.5577E-1	1.0488E2	3.3269E0	8.6592E5	
392	-7.5623E-1	1.0420E2	3.3203E0	8.6814E5	
393	-7.5500E-1	1.0601E2	3.3138E0	8.7036E5	
394	-7.5615E-1	1.0431E2	3.3072E0	8.7258E5	
395	-7.5523E-1	1.0567E2	3.3007E0	8.7480E5	
396	-7.5737E-1	1.0250E2	3.2941E0	8.7702E5	
397	-7.5500E-1	1.0601E2	3.2875E0	8.7924E5	
398	-7.5287E-1	1.0918E2	3.2809E0	8.8146E5	
399	-7.5439E-1	1.0691E2	3.2743E0	8.8368E5	
400	-7.5340E-1	1.0839E2	3.2678E0	8.8590E5	
401	-7.5142E-1	1.1133E2	3.2611E0	8.8812E5	
402	-7.5424E-1	1.0714E2	3.2545E0	8.9034E5	
403	-7.5066E-1	1.1246E2	3.2480E0	8.9256E5	
404	-7.5424E-1	1.0714E2	3.2414E0	8.9478E5	
405	-7.5424E-1	1.0714E2	3.2348E0	8.9700E5	
406	-7.5447E-1	1.0680E2	3.2281E0	8.9922E5	
407	-7.5089E-1	1.1212E2	3.2216E0	9.0144E5	
408	-7.5356E-1	1.0816E2	3.2151E0	9.0366E5	
409	-7.5348E-1	1.0827E2	3.2083E0	9.0588E5	
410	-7.5134E-1	1.1144E2	3.2018E0	9.0810E5	
411	-7.5043E-1	1.1280E2	3.1952E0	9.1032E5	
412	-7.5066E-1	1.1246E2	3.1886E0	9.1254E5	
413	-7.5188E-1	1.1065E2	3.1819E0	9.1476E5	
414	-7.5272E-1	1.0940E2	3.1753E0	9.1698E5	
415	-7.5386E-1	1.0771E2	3.1686E0	9.1920E5	
416	-7.5043E-1	1.1280E2	3.1620E0	9.2142E5	
417	-7.5127E-1	1.1156E2	3.1554E0	9.2364E5	
418	-7.5066E-1	1.1246E2	3.1487E0	9.2586E5	
419	-7.5142E-1	1.1133E2	3.1422E0	9.2808E5	
420	-7.5043E-1	1.1280E2	3.1355E0	9.3030E5	
421	-7.5233E-1	1.0997E2	3.1289E0	9.3252E5	
422	-7.5256E-1	1.0963E2	3.1222E0	9.3474E5	
423	-7.5096E-1	1.1201E2	3.1155E0	9.3696E5	
424	-7.4905E-1	1.1484E2	3.1089E0	9.3918E5	
425	-7.4959E-1	1.1405E2	3.1022E0	9.4140E5	
426	-7.4898E-1	1.1495E2	3.0955E0	9.4362E5	
427	-7.5035E-1	1.1291E2	3.0889E0	9.4584E5	
428	-7.4760E-1	1.1699E2	3.0822E0	9.4806E5	
429	-7.4776E-1	1.1676E2	3.0757E0	9.5028E5	
430	-7.4738E-1	1.1733E2	3.0689E0	9.5250E5	
431	-7.4623E-1	1.1903E2	3.0623E0	9.5472E5	
432	-7.4760E-1	1.1699E2	3.0556E0	9.5694E5	
433	-7.4669E-1	1.1835E2	3.0489E0	9.5916E5	
434	-7.4570E-1	1.1982E2	3.0421E0	9.6138E5	
435	-7.4516E-1	1.2061E2	3.0356E0	9.6360E5	
436	-7.4509E-1	1.2073E2	3.0288E0	9.6582E5	
437	-7.4654E-1	1.1858E2	3.0222E0	9.6804E5	
438	-7.4509E-1	1.2073E2	3.0155E0	9.7026E5	
439	-7.4577E-1	1.1971E2	3.0088E0	9.7248E5	
440	-7.4547E-1	1.2016E2	3.0020E0	9.7470E5	
441	-7.4699E-1	1.1790E2	2.9953E0	9.7692E5	
442	-7.4501E-1	1.2084E2	2.9886E0	9.7914E5	
443	-7.4394E-1	1.2243E2	2.9819E0	9.8136E5	
444	-7.4776E-1	1.1676E2	2.9752E0	9.8358E5	
445	-7.4425E-1	1.2197E2	2.9685E0	9.8580E5	
446	-7.4463E-1	1.2141E2	2.9618E0	9.8802E5	
447	-7.4326E-1	1.2344E2	2.9550E0	9.9024E5	
448	-7.4524E-1	1.2050E2	2.9484E0	9.9246E5	
449	-7.4394E-1	1.2243E2	2.9416E0	9.9468E5	
450	-7.4387E-1	1.2254E2	2.9350E0	9.9690E5	
451	-7.4272E-1	1.2424E2	2.9282E0	9.9912E5	
452	-7.4249E-1	1.2458E2	2.9214E0	1.0013E6	
453	-7.4364E-1	1.2288E2	2.9148E0	1.0036E6	
454	-7.4318E-1	1.2356E2	2.9080E0	1.0058E6	
455	-7.4326E-1	1.2344E2	2.9012E0	1.0080E6	
456	-7.4249E-1	1.2458E2	2.8944E0	1.0102E6	
457	-7.4417E-1	1.2209E2	2.8878E0	1.0124E6	
458	-7.4196E-1	1.2537E2	2.8810E0	1.0147E6	
459	-7.4158E-1	1.2594E2	2.8742E0	1.0169E6	
460	-7.4326E-1	1.2344E2	2.8676E0	1.0191E6	
461	-7.4135E-1	1.2628E2	2.8607E0	1.0213E6	
462	-7.4265E-1	1.2435E2	2.8540E0	1.0235E6	
463	-7.4188E-1	1.2548E2	2.8472E0	1.0258E6	
464	-7.3982E-1	1.2854E2	2.8405E0	1.0280E6	
465	-7.3997E-1	1.2831E2	2.8337E0	1.0302E6	
466	-7.3929E-1	1.2933E2	2.8269E0	1.0324E6	
467	-7.4089E-1	1.2695E2	2.8201E0	1.0346E6	
468	-7.4112E-1	1.2661E2	2.8133E0	1.0369E6	
469	-7.4036E-1	1.2775E2	2.8066E0	1.0391E6	
470	-7.3975E-1	1.2865E2	2.7997E0	1.0413E6	
471	-7.3997E-1	1.2831E2	2.7931E0	1.0435E6	
472	-7.3860E-1	1.3035E2	2.7861E0	1.0457E6	
473	-7.3830E-1	1.3080E2	2.7794E0	1.0480E6	
474	-7.3883E-1	1.3001E2	2.7726E0	1.0502E6	
475	-7.3975E-1	1.2865E2	2.7658E0	1.0524E6	
476	-7.3990E-1	1.2843E2	2.7590E0	1.0546E6	
477	-7.3441E-1	1.3658E2	2.7522E0	1.0568E6	
478	-7.3647E-1	1.3352E2	2.7454E0	1.0591E6	
479	-7.3654E-1	1.3341E2	2.7386E0	1.0613E6	
480	-7.3708E-1	1.3262E2	2.7317E0	1.0635E6	
481	-7.3807E-1	1.3114E2	2.7250E0	1.0657E6	
482	-7.3936E-1	1.2922E2	2.7182E0	1.0679E6	
483	-7.3524E-1	1.3533E2	2.7114E0	1.0702E6	
484	-7.3639E-1	1.3363E2	2.7045E0	1.0724E6	
485	-7.3586E-1	1.3443E2	2.6977E0	1.0746E6	
486	-7.3723E-1	1.3239E2	2.6909E0	1.0768E6	
487	-7.3616E-1	1.3397E2	2.6841E0	1.0790E6	
488	-7.3692E-1	1.3284E2	2.6773E0	1.0813E6	
489	-7.3700E-1	1.3273E2	2.6704E0	1.0835E6	
490	-7.3532E-1	1.3522E2	2.6636E0	1.0857E6	
491	-7.3586E-1	1.3443E2	2.6567E0	1.0879E6	
492	-7.3723E-1	1.3239E2	2.6499E0	1.0901E6	
493	-7.3479E-1	1.3601E2	2.6431E0	1.0924E6	
494	-7.3563E-1	1.3477E2	2.6363E0	1.0946E6	
495	-7.3227E-1	1.3975E2	2.6295E0	1.0968E6	
496	-7.3334E-1	1.3816E2	2.6225E0	1.0990E6	
497	-7.3311E-1	1.3850E2	2.6157E0	1.1012E6	
498	-7.3616E-1	1.3397E2	2.6089E0	1.1035E6	
499	-7.3357E-1	1.3782E2	2.6019E0	1.1057E6	
500	-7.3517E-1	1.3545E2	2.5950E0	1.1079E6	
501	-7.3357E-1	1.3782E2	2.5882E0	1.1101E6	
502	-7.3273E-1	1.3907E2	2.5814E0	1.1123E6	
503	-7.3280E-1	1.3896E2	2.5745E0	1.1146E6	
504	-7.3196E-1	1.4020E2	2.5677E0	1.1168E6	
505	-7.3219E-1	1.3986E2	2.5608E0	1.1190E6	
506	-7.3097E-1	1.4167E2	2.5539E0	1.1212E6	
507	-7.3227E-1	1.3975E2	2.5470E0	1.1234E6	
508	-7.3021E-1	1.4281E2	2.5402E0	1.1257E6	
509	-7.3158E-1	1.4077E2	2.5333E0	1.1279E6	
510	-7.2937E-1	1.4405E2	2.5265E0	1.1301E6	
511	-7.2937E-1	1.4405E2	2.5196E0	1.1323E6	
512	-7.3196E-1	1.4020E2	2.5127E0	1.1345E6	
513	-7.2891E-1	1.4473E2	2.5058E0	1.1368E6	
514	-7.2945E-1	1.4394E2	2.4989E0	1.1390E6	
515	-7.2929E-1	1.4416E2	2.4920E0	1.1412E6	
516	-7.2685E-1	1.4779E2	2.4851E0	1.1434E6	
517	-7.2769E-1	1.4654E2	2.4782E0	1.1456E6	
518	-7.2952E-1	1.4383E2	2.4713E0	1.1479E6	
519	-7.2975E-1	1.4349E2	2.4644E0	1.1501E6	
520	-7.3006E-1	1.4303E2	2.4575E0	1.1523E6	
521	-7.2861E-1	1.4518E2	2.4506E0	1.1545E6	
522	-7.2723E-1	1.4722E2	2.4437E0	1.1567E6	
523	-7.2655E-1	1.4824E2	2.4368E0	1.1590E6	
524	-7.2594E-1	1.4915E2	2.4298E0	1.1612E6	
525	-7.2617E-1	1.4881E2	2.4230E0	1.1634E6	
526	-7.2624E-1	1.4869E2	2.4161E0	1.1656E6	
527	-7.2632E-1	1.4858E2	2.4091E0	1.1678E6	
528	-7.2884E-1	1.4484E2	2.4023E0	1.1701E6	
529	-7.2639E-1	1.4847E2	2.3953E0	1.1723E6	
530	-7.2578E-1	1.4937E2	2.3884E0	1.1745E6	
531	-7.2403E-1	1.5198E2	2.3813E0	1.1767E6	
532	-7.2357E-1	1.5266E2	2.3744E0	1.1789E6	
533	-7.2525E-1	1.5017E2	2.3676E0	1.1812E6	
534	-7.2433E-1	1.5152E2	2.3606E0	1.1834E6	
535	-7.2632E-1	1.4858E2	2.3537E0	1.1856E6	
536	-7.2479E-1	1.5085E2	2.3467E0	1.1878E6	
537	-7.2456E-1	1.5118E2	2.3398E0	1.1900E6	
538	-7.2441E-1	1.5141E2	2.3329E0	1.1923E6	
539	-7.2502E-1	1.5051E2	2.3259E0	1.1945E6	
540	-7.2281E-1	1.5379E2	2.3190E0	1.1967E6	
541	-7.2571E-1	1.4949E2	2.3121E0	1.1989E6	
542	-7.2342E-1	1.5288E2	2.3050E0	1.2011E6	
543	-7.2433E-1	1.5152E2	2.2981E0	1.2034E6	
544	-7.2647E-1	1.4835E2	2.2911E0	1.2056E6	
545	-7.2296E-1	1.5356E2	2.2842E0	1.2078E6	
546	-7.2235E-1	1.5447E2	2.2772E0	1.2100E6	
547	-7.2197E-1	1.5503E2	2.2702E0	1.2122E6	
548	-7.2258E-1	1.5413E2	2.2632E0	1.2145E6	
549	-7.2159E-1	1.5560E2	2.2563E0	1.2167E6	
550	-7.2151E-1	1.5571E2	2.2494E0	1.2189E6	
551	-7.2304E-1	1.5345E2	2.2424E0	1.2211E6	
552	-7.2227E-1	1.5458E2	2.2354E0	1.2233E6	
553	-7.2342E-1	1.5288E2	2.2284E0	1.2256E6	
554	-7.1999E-1	1.5798E2	2.2215E0	1.2278E6	
555	-7.2281E-1	1.5379E2	2.2145E0	1.2300E6	
556	-7.2144E-1	1.5583E2	2.2075E0	1.2322E6	
557	-7.1922E-1	1.5911E2	2.2005E0	1.2344E6	
558	-7.2144E-1	1.5583E2	2.1935E0	1.2367E6	
559	-7.1999E-1	1.5798E2	2.1866E0	1.2389E6	
560	-7.2006E-1	1.5787E2	2.1796E0	1.2411E6	
561	-7.1915E-1	1.5922E2	2.1726E0	1.2433E6	
562	-7.2075E-1	1.5685E2	2.1655E0	1.2455E6	
563	-7.2243E-1	1.5436E2	2.1587E0	1.2478E6	
564	-7.1602E-1	1.6387E2	2.1516E0	1.2500E6	
565	-7.2083E-1	1.5673E2	2.1447E0	1.2522E6	
566	-7.1831E-1	1.6047E2	2.1376E0	1.2544E6	
567	-7.1846E-1	1.6024E2	2.1306E0	1.2566E6	
568	-7.1747E-1	1.6171E2	2.1235E0	1.2589E6	
569	-7.1777E-1	1.6126E2	2.1166E0	1.2611E6	
570	-7.1808E-1	1.6081E2	2.1095E0	1.2633E6	
571	-7.1663E-1	1.6296E2	2.1025E0	1.2655E6	
572	-7.1686E-1	1.6262E2	2.0955E0	1.2677E6	
573	-7.1678E-1	1.6273E2	2.0886E0	1.2700E6	
574	-7.1732E-1	1.6194E2	2.0816E0	1.2722E6	
575	-7.1655E-1	1.6307E2	2.0745E0	1.2744E6	
576	-7.1526E-1	1.6500E2	2.0675E0	1.2766E6	
577	-7.1526E-1	1.6500E2	2.0605E0	1.2788E6	
578	-7.1503E-1	1.6534E2	2.0534E0	1.2811E6	
579	-7.1426E-1	1.6647E2	2.0465E0	1.2833E6	
580	-7.1495E-1	1.6545E2	2.0393E0	1.2855E6	
581	-7.1266E-1	1.6885E2	2.0324E0	1.2877E6	
582	-7.1503E-1	1.6534E2	2.0254E0	1.2899E6	
583	-7.1449E-1	1.6613E2	2.0183E0	1.2922E6	
584	-7.1342E-1	1.6772E2	2.0114E0	1.2944E6	
585	-7.1358E-1	1.6749E2	2.0042E0	1.2966E6	
586	-7.1434E-1	1.6636E2	1.9972E0	1.2988E6	
587	-7.1342E-1	1.6772E2	1.9902E0	1.3010E6	
588	-7.1678E-1	1.6273E2	1.9832E0	1.3033E6	
589	-7.1281E-1	1.6862E2	1.9761E0	1.3055E6	
590	-7.1289E-1	1.6851E2	1.9691E0	1.3077E6	
591	-7.1213E-1	1.6964E2	1.9621E0	1.3099E6	
592	-7.1411E-1	1.6670E2	1.9549E0	1.3121E6	
593	-7.1342E-1	1.6772E2	1.9479E0	1.3144E6	
594	-7.1350E-1	1.6760E2	1.9409E0	1.3166E6	
595	-7.0976E-1	1.7315E2	1.9339E0	1.3188E6	
596	-7.1251E-1	1.6907E2	1.9268E0	1.3210E6	
597	-7.1114E-1	1.7111E2	1.9197E0	1.3232E6	
598	-7.1068E-1	1.7179E2	1.9128E0	1.3255E6	
599	-7.1243E-1	1.6919E2	1.9055E0	1.3277E6	
600	-7.1007E-1	1.7270E2	1.8986E0	1.3299E6	
601	-7.0976E-1	1.7315E2	1.8915E0	1.3321E6	
602	-7.1068E-1	1.7179E2	1.8845E0	1.3343E6	
603	-7.0969E-1	1.7326E2	1.8774E0	1.3366E6	
604	-7.0938E-1	1.7372E2	1.8703E0	1.3388E6	
605	-7.0908E-1	1.7417E2	1.8633E0	1.3410E6	
606	-7.0946E-1	1.7360E2	1.8562E0	1.3432E6	
607	-7.1053E-1	1.7202E2	1.8491E0	1.3454E6	
608	-7.0900E-1	1.7428E2	1.8421E0	1.3477E6	
609	-7.0961E-1	1.7338E2	1.8350E0	1.3499E6	
610	-7.1014E-1	1.7258E2	1.8278E0	1.3521E6	
611	-7.0770E-1	1.7621E2	1.8208E0	1.3543E6	
612	-7.0724E-1	1.7689E2	1.8137E0	1.3565E6	
613	-7.0854E-1	1.7496E2	1.8067E0	1.3588E6	
614	-7.0679E-1	1.7757E2	1.7995E0	1.3610E6	
615	-7.0923E-1	1.7394E2	1.7925E0	1.3632E6	
616	-7.0786E-1	1.7598E2	1.7854E0	1.3654E6	
617	-7.0656E-1	1.7791E2	1.7784E0	1.3676E6	
618	-7.0808E-1	1.7564E2	1.7713E0	1.3699E6	
619	-7.0747E-1	1.7655E2	1.7642E0	1.3721E6	
620	-7.0587E-1	1.7893E2	1.7571E0	1.3743E6	
621	-7.0854E-1	1.7496E2	1.7499E0	1.3765E6	
622	-7.0755E-1	1.7643E2	1.7429E0	1.3787E6	
623	-7.0641E-1	1.7813E2	1.7358E0	1.3810E6	
624	-7.0549E-1	1.7949E2	1.7287E0	1.3832E6	
625	-7.0534E-1	1.7972E2	1.7216E0	1.3854E6	
626	-7.0480E-1	1.8051E2	1.7145E0	1.3876E6	
627	-7.0442E-1	1.8108E2	1.7075E0	1.3898E6	
628	-7.0541E-1	1.7960E2	1.7004E0	1.3921E6	
629	-7.0457E-1	1.8085E2	1.6933E0	1.3943E6	
630	-7.0297E-1	1.8323E2	1.6862E0	1.3965E6	
631	-7.0549E-1	1.7949E2	1.6791E0	1.3987E6	
632	-7.0312E-1	1.8300E2	1.6719E0	1.4009E6	
633	-7.0114E-1	1.8595E2	1.6648E0	1.4032E6	
634	-7.0374E-1	1.8210E2	1.6577E0	1.4054E6	
635	-7.0183E-1	1.8493E2	1.6506E0	1.4076E6	
636	-7.0366E-1	1.8221E2	1.6435E0	1.4098E6	
637	-7.0328E-1	1.8277E2	1.6364E0	1.4120E6	
638	-7.0312E-1	1.8300E2	1.6294E0	1.4143E6	
639	-7.0053E-1	1.8685E2	1.6222E0	1.4165E6	
640	-7.0053E-1	1.8685E2	1.6150E0	1.4187E6	
641	-7.0137E-1	1.8561E2	1.6080E0	1.4209E6	
642	-7.0084E-1	1.8640E2	1.6008E0	1.4231E6	
643	-7.0396E-1	1.8176E2	1.5937E0	1.4254E6	
644	-6.9939E-1	1.8855E2	1.5866E0	1.4276E6	
645	-7.0282E-1	1.8345E2	1.5796E0	1.4298E6	
646	-7.0053E-1	1.8685E2	1.5724E0	1.4320E6	
647	-7.0084E-1	1.8640E2	1.5652E0	1.4342E6	
648	-6.9885E-1	1.8934E2	1.5581E0	1.4365E6	
649	-6.9962E-1	1.8821E2	1.5511E0	1.4387E6	
650	-7.0145E-1	1.8549E2	1.5439E0	1.4409E6	
651	-6.9969E-1	1.8810E2	1.5368E0	1.4431E6	
652	-6.9817E-1	1.9036E2	1.5297E0	1.4453E6	
653	-7.0122E-1	1.8583E2	1.5225E0	1.4476E6	
654	-6.9931E-1	1.8866E2	1.5155E0	1.4498E6	
655	-6.9809E-1	1.9047E2	1.5083E0	1.4520E6	
656	-6.9992E-1	1.8776E2	1.5012E0	1.4542E6	
657	-7.0053E-1	1.8685E2	1.4940E0	1.4564E6	
658	-6.9824E-1	1.9025E2	1.4869E0	1.4587E6	
659	-6.9901E-1	1.8912E2	1.4798E0	1.4609E6	
660	-6.9923E-1	1.8878E2	1.4726E0	1.4631E6	
661	-6.9862E-1	1.8968E2	1.4655E0	1.4653E6	
662	-6.9374E-1	1.9693E2	1.4584E0	1.4675E6	
663	-6.9572E-1	1.9398E2	1.4513E0	1.4698E6	
664	-6.9633E-1	1.9308E2	1.4441E0	1.4720E6	
665	-6.9824E-1	1.9025E2	1.4370E0	1.4742E6	
666	-6.9443E-1	1.9591E2	1.4299E0	1.4764E6	
667	-6.9550E-1	1.9432E2	1.4228E0	1.4786E6	
668	-6.9626E-1	1.9319E2	1.4157E0	1.4809E6	
669	-6.9626E-1	1.9319E2	1.4086E0	1.4831E6	
670	-6.9397E-1	1.9659E2	1.4013E0	1.4853E6	
671	-6.9611E-1	1.9342E2	1.3942E0	1.4875E6	
672	-6.9511E-1	1.9489E2	1.3870E0	1.4897E6	
673	-6.9405E-1	1.9648E2	1.3799E0	1.4920E6	
674	-6.9389E-1	1.9670E2	1.3727E0	1.4942E6	
675	-6.9580E-1	1.9387E2	1.3656E0	1.4964E6	
676	-6.9160E-1	2.0010E2	1.3585E0	1.4986E6	
677	-6.9443E-1	1.9591E2	1.3514E0	1.5008E6	
678	-6.9214E-1	1.9931E2	1.3441E0	1.5031E6	
679	-6.9374E-1	1.9693E2	1.3370E0	1.5053E6	
680	-6.9344E-1	1.9738E2	1.3299E0	1.5075E6	
681	-6.9275E-1	1.9840E2	1.3227E0	1.5097E6	
682	-6.9237E-1	1.9897E2	1.3155E0	1.5119E6	
683	-6.9016E-1	2.0225E2	1.3084E0	1.5142E6	
684	-6.9221E-1	1.9919E2	1.3012E0	1.5164E6	
685	-6.9206E-1	1.9942E2	1.2941E0	1.5186E6	
686	-6.9283E-1	1.9829E2	1.2870E0	1.5208E6	
687	-6.9130E-1	2.0055E2	1.2799E0	1.5230E6	
688	-6.9077E-1	2.0134E2	1.2727E0	1.5253E6	
689	-6.9183E-1	1.9976E2	1.2656E0	1.5275E6	
690	-6.9183E-1	1.9976E2	1.2584E0	1.5297E6	
691	-6.9031E-1	2.0202E2	1.2513E0	1.5319E6	
692	-6.8825E-1	2.0508E2	1.2442E0	1.5341E6	
693	-6.8970E-1	2.0293E2	1.2370E0	1.5364E6	
694	-6.8954E-1	2.0316E2	1.2299E0	1.5386E6	
695	-6.8848E-1	2.0474E2	1.2227E0	1.5408E6	
696	-6.8916E-1	2.0372E2	1.2156E0	1.5430E6	
697	-7.4074E-1	1.2718E2	1.2084E0	1.5452E6	
698	-7.2983E-1	1.4337E2	1.2013E0	1.5475E6	
699	-7.1968E-1	1.5843E2	1.1941E0	1.5497E6	
700	-7.1159E-1	1.7043E2	1.1869E0	1.5519E6	
701	-7.0663E-1	1.7779E2	1.1799E0	1.5541E6	
702	-6.9557E-1	1.9421E2	1.1727E0	1.5563E6	
703	-6.8871E-1	2.0440E2	1.1656E0	1.5586E6	
704	-6.7856E-1	2.1946E2	1.1584E0	1.5608E6	
705	-6.7207E-1	2.2908E2	1.1512E0	1.5630E6	
706	-6.6353E-1	2.4177E2	1.1441E0	1.5652E6	
707	-6.5407E-1	2.5581E2	1.1370E0	1.5674E6	
708	-6.4774E-1	2.6520E2	1.1298E0	1.5697E6	
709	-6.4491E-1	2.6939E2	1.1226E0	1.5719E6	
710	-6.4018E-1	2.7641E2	1.1156E0	1.5741E6	
711	-6.3332E-1	2.8660E2	1.1084E0	1.5763E6	
712	-6.3423E-1	2.8524E2	1.1012E0	1.5785E6	
713	-6.2462E-1	2.9951E2	1.0940E0	1.5808E6	
714	-6.2073E-1	3.0528E2	1.0870E0	1.5830E6	
715	-6.1424E-1	3.1491E2	1.0797E0	1.5852E6	
716	-6.0898E-1	3.2272E2	1.0726E0	1.5874E6	
717	-6.0112E-1	3.3438E2	1.0655E0	1.5896E6	
718	-6.0005E-1	3.3597E2	1.0584E0	1.5919E6	
719	-6.0036E-1	3.3552E2	1.0512E0	1.5941E6	
720	-5.9578E-1	3.4231E2	1.0440E0	1.5963E6	
721	-5.9196E-1	3.4797E2	1.0370E0	1.5985E6	
722	-5.8464E-1	3.5884E2	1.0298E0	1.6007E6	
723	-5.7877E-1	3.6756E2	1.0226E0	1.6030E6	
724	-5.7182E-1	3.7786E2	1.0154E0	1.6052E6	
725	-5.6854E-1	3.8273E2	1.0084E0	1.6074E6	
726	-5.6541E-1	3.8737E2	1.0012E0	1.6096E6	
727	-5.6541E-1	3.8737E2	9.9405E-1	1.6118E6	
728	-5.6267E-1	3.9145E2	9.8685E-1	1.6141E6	
729	-5.5832E-1	3.9790E2	9.7975E-1	1.6163E6	
730	-5.5290E-1	4.0594E2	9.7266E-1	1.6185E6	
731	-5.4504E-1	4.1760E2	9.6558E-1	1.6207E6	
732	-5.4123E-1	4.2327E2	9.5827E-1	1.6229E6	
733	-5.3375E-1	4.3436E2	9.5125E-1	1.6252E6	
734	-5.2994E-1	4.4002E2	9.4407E-1	1.6274E6	
735	-5.2513E-1	4.4716E2	9.3694E-1	1.6296E6	
736	-5.2330E-1	4.4987E2	9.2982E-1	1.6318E6	
737	-5.1849E-1	4.5701E2	9.2267E-1	1.6340E6	
738	-5.1094E-1	4.6822E2	9.1553E-1	1.6363E6	
739	-5.0018E-1	4.8418E2	9.0839E-1	1.6385E6	
740	-4.9789E-1	4.8758E2	9.0118E-1	1.6407E6	
741	-4.9118E-1	4.9754E2	8.9419E-1	1.6429E6	
742	-4.7752E-1	5.1781E2	8.8709E-1	1.6451E6	
743	-4.7791E-1	5.1724E2	8.7983E-1	1.6474E6	
744	-4.7096E-1	5.2755E2	8.7262E-1	1.6496E6	
745	-4.6608E-1	5.3479E2	8.6564E-1	1.6518E6	
746	-4.6448E-1	5.3717E2	8.5844E-1	1.6540E6	
747	-4.5616E-1	5.4951E2	8.5126E-1	1.6562E6	
748	-4.4418E-1	5.6729E2	8.4417E-1	1.6585E6	
749	-4.3449E-1	5.8167E2	8.3710E-1	1.6607E6	
750	-4.3045E-1	5.8767E2	8.2997E-1	1.6629E6	
751	-4.2114E-1	6.0148E2	8.2283E-1	1.6651E6	
752	-4.1420E-1	6.1179E2	8.1580E-1	1.6673E6	
753	-4.0588E-1	6.2413E2	8.0862E-1	1.6696E6	
754	-3.9864E-1	6.3489E2	8.0138E-1	1.6718E6	
755	-3.9795E-1	6.3590E2	7.9435E-1	1.6740E6	
756	-3.8956E-1	6.4836E2	7.8713E-1	1.6762E6	
757	-3.8017E-1	6.6229E2	7.8013E-1	1.6784E6	
758	-3.6804E-1	6.8029E2	7.7303E-1	1.6807E6	
759	-3.6545E-1	6.8414E2	7.6592E-1	1.6829E6	
760	-3.6125E-1	6.9037E2	7.5879E-1	1.6851E6	
761	-3.5049E-1	7.0633E2	7.5170E-1	1.6873E6	
762	-3.4874E-1	7.0893E2	7.4462E-1	1.6895E6	
763	-3.3882E-1	7.2365E2	7.3752E-1	1.6918E6	
764	-3.3669E-1	7.2682E2	7.3038E-1	1.6940E6	
765	-3.2806E-1	7.3962E2	7.2328E-1	1.6962E6	
766	-3.2570E-1	7.4313E2	7.2243E-1	1.6965E6	
767	-3.2570E-1	7.4313E2	7.2243E-1	1.6965E6	
768	-3.2570E-1	7.4313E2	7.2243E-1	1.6965E6	
769	-3.2570E-1	7.4313E2	7.2243E-1	1.6965E6	
770	-3.2570E-1	7.4313E2	7.2243E-1	1.6965E6	
771	-3.2570E-1	7.4313E2	7.2243E-1	1.6965E6	
772	-3.2570E-1	7.4313E2	7.2243E-1	1.6965E6	
773	-3.2570E-1	7.4313E2	7.2243E-1	1.6965E6	
774	-3.2570E-1	7.4313E2	7.2243E-1	1.6965E6	
775	-3.2570E-1	7.4313E2	7.2243E-1	1.6965E6	
776	-3.2570E-1	7.4313E2	7.2243E-1	1.6965E6	
777	-3.2570E-1	7.4313E2	7.2243E-1	1.6965E6	
778	-3.2570E-1	7.4313E2	7.2243E-1	1.6965E6	
779	-3.2570E-1	7.4313E2	7.2243E-1	1.6965E6	
780	-3.2570E-1	7.4313E2	7.2243E-1	1.6965E6	
781	-3.2570E-1	7.4313E2	7.2243E-1	1.6965E6	
782	-3.2570E-1	7.4313E2	7.2243E-1	1.6965E6	
783	-3.2570E-1	7.4313E2	7.2243E-1	1.6965E6	
784	-3.2570E-1	7.4313E2	7.2243E-1	1.6965E6	
785	-3.2570E-1	7.4313E2	7.2243E-1	1.6965E6	
786	-3.2570E-1	7.4313E2	7.2243E-1	1.6965E6	
787	-3.2570E-1	7.4313E2	7.2243E-1	1.6965E6	
788	-3.2570E-1	7.4313E2	7.2243E-1	1.6965E6	
789	-3.2570E-1	7.4313E2	7.2243E-1	1.6965E6	
790	-3.2570E-1	7.4313E2	7.2243E-1	1.6965E6	
791	-3.2570E-1	7.4313E2	7.2243E-1	1.6965E6	
792	-3.2570E-1	7.4313E2	7.2243E-1	1.6965E6	
793	-3.2570E-1	7.4313E2	7.2243E-1	1.6965E6	
794	-3.2570E-1	7.4313E2	7.2243E-1	1.6965E6	
795	-3.2570E-1	7.4313E2	7.2243E-1	1.6965E6	
796	-3.2570E-1	7.4313E2	7.2243E-1	1.6965E6	
797	-3.2570E-1	7.4313E2	7.2243E-1	1.6965E6	
798	-3.2570E-1	7.4313E2	7.2243E-1	1.6965E6	
799	-3.2570E-1	7.4313E2	7.2243E-1	1.6965E6	
800	-3.2570E-1	7.4313E2	7.2243E-1	1.6965E6	
801	-3.2570E-1	7.4313E2	7.2243E-1	1.6965E6	
802	-3.2570E-1	7.4313E2	7.2243E-1	1.6965E6	
803	-3.2570E-1	7.4313E2	7.2243E-1	1.6965E6	
804	-3.2570E-1	7.4313E2	7.2243E-1	1.6965E6	
805	-3.2570E-1	7.4313E2	7.2243E-1	1.6965E6	
806	-3.2570E-1	7.4313E2	7.2243E-1	1.6965E6	
807	-3.2570E-1	7.4313E2	7.2243E-1	1.6965E6	
808	-3.2570E-1	7.4313E2	7.2243E-1	1.6965E6	
809	-3.2570E-1	7.4313E2	7.2243E-1	1.6965E6	
810	-3.2570E-1	7.4313E2	7.2243E-1	1.6965E6	
811	-3.2570E-1	7.4313E2	7.2243E-1	1.6965E6	
812	-3.2570E-1	7.4313E2	7.2243E-1	1.6965E6	
813	-3.2570E-1	7.4313E2	7.2243E-1	1.6965E6	
814	-3.2570E-1	7.4313E2	7.2243E-1	1.6965E6	
815	-3.2570E-1	7.4313E2	7.2243E-1	1.6965E6	
816	-3.2570E-1	7.4313E2	7.2243E-1	1.6965E6	
817	-3.2570E-1	7.4313E2	7.2243E-1	1.6965E6	
818	-3.2570E-1	7.4313E2	7.2243E-1	1.6965E6	
819	-3.2570E-1	7.4313E2	7.2243E-1	1.6965E6	
820	-3.2570E-1	7.4313E2	7.2243E-1	1.6965E6	
821	-3.2570E-1	7.4313E2	7.2243E-1	1.6965E6	
822	-3.2570E-1	7.4313E2	7.2243E-1	1.6965E6	
823	-3.2570E-1	7.4313E2	7.2243E-1	1.6965E6	
824	-3.2570E-1	7.4313E2	7.2243E-1	1.6965E6	
825	-3.2570E-1	7.4313E2	7.2243E-1	1.6965E6	
826	-3.2570E-1	7.4313E2	7.2243E-1	1.6965E6	
827	-3.2570E-1	7.4313E2	7.2243E-1	1.6965E6	
828	-3.2570E-1	7.4313E2	7.2243E-1	1.6965E6	
829	-3.2570E-1	7.4313E2	7.2243E-1	1.6965E6	
830	-3.2570E-1	7.4313E2	7.2243E-1	1.6965E6	
831	-3.2570E-1	7.4313E2	7.2243E-1	1.6965E6	
832	-3.2570E-1	7.4313E2	7.2243E-1	1.6965E6	
833	-3.2570E-1	7.4313E2	7.2243E-1	1.6965E6	
834	-3.2570E-1	7.4313E2	7.2243E-1	1.6965E6	
835	-3.2570E-1	7.4313E2	7.2243E-1	1.6965E6	
836	-3.2570E-1	7.4313E2	7.2243E-1	1.6965E6	
837	-3.2570E-1	7.4313E2	7.2243E-1	1.6965E6	
838	-3.2570E-1	7.4313E2	7.2243E-1	1.6965E6	
839	-3.2570E-1	7.4313E2	7.2243E-1	1.6965E6	
840	-3.2570E-1	7.4313E2	7.2243E-1	1.6965E6	
841	-3.2570E-1	7.4313E2	7.2243E-1	1.6965E6	
842	-3.2570E-1	7.4313E2	7.2243E-1	1.6965E6	
843	-3.2570E-1	7.4313E2	7.2243E-1	1.6965E6	
844	-3.2570E-1	7.4313E2	7.2243E-1	1.6965E6	
845	-3.2570E-1	7.4313E2	7.2243E-1	1.6965E6	
846	-3.2570E-1	7.4313E2	7.2243E-1	1.6965E6	
847	-3.2570E-1	7.4313E2	7.2243E-1	1.6965E6	
848	-3.2570E-1	7.4313E2	7.2243E-1	1.6965E6	
849	-3.2570E-1	7.4313E2	7.2243E-1	1.6965E6	
850	-3.2570E-1	7.4313E2	7.2243E-1	1.6965E6	
851	-3.2570E-1	7.4313E2	7.2243E-1	1.6965E6	
852	-3.2570E-1	7.4313E2	7.2243E-1	1.6965E6	
853	-3.2570E-1	7.4313E2	7.2243E-1	1.6965E6	
854	-3.2570E-1	7.4313E2	7.2243E-1	1.6965E6	
855	-3.2570E-1	7.4313E2	7.2243E-1	1.6965E6	
856	-3.2570E-1	7.4313E2	7.2243E-1	1.6965E6	
857	-3.2570E-1	7.4313E2	7.2243E-1	1.6965E6	
858	-3.2570E-1	7.4313E2	7.2243E-1	1.6965E6	
859	-3.2570E-1	7.4313E2	7.2243E-1	1.6965E6	
860	-3.2570E-1	7.4313E2	7.2243E-1	1.6965E6	
861	-3.2570E-1	7.4313E2	7.2243E-1	1.6965E6	
862	-3.2570E-1	7.4313E2	7.2243E-1	1.6965E6	
863	-3.2570E-1	7.4313E2	7.2243E-1	1.6965E6	
864	-3.2570E-1	7.4313E2	7.2243E-1	1.6965E6	
865	-3.2570E-1	7.4313E2	7.2243E-1	1.6965E6	
866	-3.2570E-1	7.4313E2	7.2243E-1	1.6965E6	
867	-3.2570E-1	7.4313E2	7.2243E-1	1.6965E6	
868	-3.2570E-1	7.4313E2	7.2243E-1	1.6965E6	
869	-3.2570E-1	7.4313E2	7.2243E-1	1.6965E6	
870	-3.2570E-1	7.4313E2	7.2243E-1	1.6965E6	
871	-3.2570E-1	7.4313E2	7.2243E-1	1.6965E6	
872	-3.2570E-1	7.4313E2	7.2243E-1	1.6965E6	
873	-3.2570E-1	7.4313E2	7.2243E-1	1.6965E6	
874	-3.2570E-1	7.4313E2	7.2243E-1	1.6965E6	
875	-3.2570E-1	7.4313E2	7.2243E-1	1.6965E6	
876	-3.2570E-1	7.4313E2	7.2243E-1	1.6965E6	
877	-3.2570E-1	7.4313E2	7.2243E-1	1.6965E6	
878	-3.2570E-1	7.4313E2	7.2243E-1	1.6965E6	
879	-3.2570E-1	7.4313E2	7.2243E-1	1.6965E6	
880	-3.2570E-1	7.4313E2	7.2243E-1	1.6965E6	
881	-3.2570E-1	7.4313E2	7.2243E-1	1.6965E6	
882	-3.2570E-1	7.4313E2	7.2243E-1	1.6965E6	
883	-3.2570E-1	7.4313E2	7.2243E-1	1.6965E6	
884	-3.2570E-1	7.4313E2	7.2243E-1	1.6965E6	
885	-3.2570E-1	7.4313E2	7.2243E-1	1.6965E6	
886	-3.2570E-1	7.4313E2	7.2243E-1	1.6965E6	
887	-3.2570E-1	7.4313E2	7.2243E-1	1.6965E6	
888	-3.2570E-1	7.4313E2	7.2243E-1	1.6965E6	
889	-3.2570E-1	7.4313E2	7.2243E-1	1.6965E6	
890	-3.2570E-1	7.4313E2	7.2243E-1	1.6965E6	
891	-3.2570E-1	7.4313E2	7.2243E-1	1.6965E6	
892	-3.2570E-1	7.4313E2	7.2243E-1	1.6965E6	
893	-3.2570E-1	7.4313E2	7.2243E-1	1.6965E6	
894	-3.2570E-1	7.4313E2	7.2243E-1	1.6965E6	
895	-3.2570E-1	7.4313E2	7.2243E-1	1.6965E6	
896	-3.2570E-1	7.4313E2	7.2243E-1	1.6965E6	
897	-3.2570E-1	7.4313E2	7.2243E-1	1.6965E6	
898	-3.2570E-1	7.4313E2	7.2243E-1	1.6965E6	
899	-3.2570E-1	7.4313E2	7.2243E-1	1.6965E6	
900	-3.2570E-1	7.4313E2	7.2243E-1	1.6965E6	
901	-3.2570E-1	7.4313E2	7.2243E-1	1.6965E6	
902	-3.2570E-1	7.4313E2	7.2243E-1	1.6965E6	
903	-3.2570E-1	7.4313E2	7.2243E-1	1.6965E6	
904	-3.2570E-1	7.4313E2	7.2243E-1	1.6965E6	
905	-3.2570E-1	7.4313E2	7.2243E-1	1.6965E6	
906	-3.2570E-1	7.4313E2	7.2243E-1	1.6965E6	
907	-3.2570E-1	7.4313E2	7.2243E-1	1.6965E6	
908	-3.2570E-1	7.4313E2	7.2243E-1	1.6965E6	
909	-3.2570E-1	7.4313E2	7.2243E-1	1.6965E6	
910	-3.2570E-1	7.4313E2	7.2243E-1	1.6965E6	
911	-3.2570E-1	7.4313E2	7.2243E-1	1.6965E6	
912	-3.2570E-1	7.4313E2	7.2243E-1	1.6965E6	
913	-3.2570E-1	7.4313E2	7.2243E-1	1.6965E6	
914	-3.2570E-1	7.4313E2	7.2243E-1	1.6965E6	
915	-3.2570E-1	7.4313E2	7.2243E-1	1.6965E6	
916	-3.2570E-1	7.4313E2	7.2243E-1	1.6965E6	
917	-3.2570E-1	7.4313E2	7.2243E-1	1.6965E6	
918	-3.2570E-1	7.4313E2	7.2243E-1	1.6965E6	
919	-3.2570E-1	7.4313E2	7.2243E-1	1.6965E6	
920	-3.2570E-1	7.4313E2	7.2243E-1	1.6965E6	
921	-3.2570E-1	7.4313E2	7.2243E-1	1.6965E6	
922	-3.2570E-1	7.4313E2	7.2243E-1	1.6965E6	
923	-3.2570E-1	7.4313E2	7.2243E-1	1.6965E6	
924	-3.2570E-1	7.4313E2	7.2243E-1	1.6965E6	
925	-3.2570E-1	7.4313E2	7.2243E-1	1.6965E6	
926	-3.2570E-1	7.4313E2	7.2243E-1	1.6965E6	
927	-3.2570E-1	7.4313E2	7.2243E-1	1.6965E6	
928	-3.2570E-1	7.4313E2	7.2243E-1	1.6965E6	
929	-3.2570E-1	7.4313E2	7.2243E-1	1.6965E6	
930	-3.2570E-1	7.4313E2	7.2243E-1	1.6965E6	
931	-3.2570E-1	7.4313E2	7.2243E-1	1.6965E6	
932	-3.2570E-1	7.4313E2	7.2243E-1	1.6965E6	
933	-3.2570E-1	7.4313E2	7.2243E-1	1.6965E6	
934	-3.2570E-1	7.4313E2	7.2243E-1	1.6965E6	
935	-3.2570E-1	7.4313E2	7.2243E-1	1.6965E6	
936	-3.2570E-1	7.4313E2	7.2243E-1	1.6965E6	
937	-3.2570E-1	7.4313E2	7.2243E-1	1.6965E6	
938	-3.2570E-1	7.4313E2	7.2243E-1	1.6965E6	
939	-3.2570E-1	7.4313E2	7.2243E-1	1.6965E6	
940	-3.2570E-1	7.4313E2	7.2243E-1	1.6965E6	
941	-3.2570E-1	7.4313E2	7.2243E-1	1.6965E6	
942	-3.2570E-1	7.4313E2	7.2243E-1	1.6965E6	
943	-3.2570E-1	7.4313E2	7.2243E-1	1.6965E6	
944	-3.2570E-1	7.4313E2	7.2243E-1	1.6965E6	
945	-3.2570E-1	7.4313E2	7.2243E-1	1.6965E6	
946	-3.2570E-1	7.4313E2	7.2243E-1	1.6965E6	
947	-3.2570E-1	7.4313E2	7.2243E-1	1.6965E6	
948	-3.2570E-1	7.4313E2	7.2243E-1	1.6965E6	
949	-3.2570E-1	7.4313E2	7.2243E-1	1.6965E6	
950	-3.2570E-1	7.4313E2	7.2243E-1	1.6965E6	
951	-3.2570E-1	7.4313E2	7.2243E-1	1.6965E6	
952	-3.2570E-1	7.4313E2	7.2243E-1	1.6965E6	
953	-3.2570E-1	7.4313E2	7.2243E-1	1.6965E6	
954	-3.2570E-1	7.4313E2	7.2243E-1	1.6965E6	
955	-3.2570E-1	7.4313E2	7.2243E-1	1.6965E6	
956	-3.2570E-1	7.4313E2	7.2243E-1	1.6965E6	
957	-3.2570E-1	7.4313E2	7.2243E-1	1.6965E6	
958	-3.2570E-1	7.4313E2	7.2243E-1	1.6965E6	
959	-3.2570E-1	7.4313E2	7.2243E-1	1.6965E6	
960	-3.2570E-1	7.4313E2	7.2243E-1	1.6965E6	
961	-3.2570E-1	7.4313E2	7.2243E-1	1.6965E6	
962	-3.2570E-1	7.4313E2	7.2243E-1	1.6965E6	
963	-3.2570E-1	7.4313E2	7.2243E-1	1.6965E6	
964	-3.2570E-1	7.4313E2	7.2243E-1	1.6965E6	
965	-3.2570E-1	7.4313E2	7.2243E-1	1.6965E6	
966	-3.2570E-1	7.4313E2	7.2243E-1	1.6965E6	
967	-3.2570E-1	7.4313E2	7.2243E-1	1.6965E6	
968	-3.2570E-1	7.4313E2	7.2243E-1	1.6965E6	
969	-3.2570E-1	7.4313E2	7.2243E-1	1.6965E6	
970	-3.2570E-1	7.4313E2	7.2243E-1	1.6965E6	
971	-3.2570E-1	7.4313E2	7.2243E-1	1.6965E6	
972	-3.2570E-1	7.4313E2	7.2243E-1	1.6965E6	
973	-3.2570E-1	7.4313E2	7.2243E-1	1.6965E6	
974	-3.2570E-1	7.4313E2	7.2243E-1	1.6965E6	
975	-3.2570E-1	7.4313E2	7.2243E-1	1.6965E6	
976	-3.2570E-1	7.4313E2	7.2243E-1	1.6965E6	
977	-3.2570E-1	7.4313E2	7.2243E-1	1.6965E6	
978	-3.2570E-1	7.4313E2	7.2243E-1	1.6965E6	
979	-3.2570E-1	7.4313E2	7.2243E-1	1.6965E6	
980	-3.2570E-1	7.4313E2	7.2243E-1	1.6965E6	
981	-3.2570E-1	7.4313E2	7.2243E-1	1.6965E6	
982	-3.2570E-1	7.4313E2	7.2243E-1	1.6965E6	
983	-3.2570E-1	7.4313E2	7.2243E-1	1.6965E6	
984	-3.2570E-1	7.4313E2	7.2243E-1	1.6965E6	
985	-3.2570E-1	7.4313E2	7.2243E-1	1.6965E6	
986	-3.2570E-1	7.4313E2	7.2243E-1	1.6965E6	
987	-3.2570E-1	7.4313E2	7.2243E-1	1.6965E6	
988	-3.2570E-1	7.4313E2	7.2243E-1	1.6965E6	
989	-3.2570E-1	7.4313E2	7.2243E-1	1.6965E6	
990	-3.2570E-1	7.4313E2	7.2243E-1	1.6965E6	
991	-3.2570E-1	7.4313E2	7.2243E-1	1.6965E6	
992	-3.2570E-1	7.4313E2	7.2243E-1	1.6965E6	
993	-3.2570E-1	7.4313E2	7.2243E-1	1.6965E6	
994	-3.2570E-1	7.4313E2	7.2243E-1	1.6965E6	
995	-3.2570E-1	7.4313E2	7.2243E-1	1.6965E6	
996	-3.2570E-1	7.4313E2	7.2243E-1	1.6965E6	
997	-3.2570E-1	7.4313E2	7.2243E-1	1.6965E6	
998	-3.2570E-1	7.4313E2	7.2243E-1	1.6965E6	
999	-3.2570E-1	7.4313E2	7.2243E-1	1.6965E6	
1000	-3.2570E-1	7.4313E2	7.2243E-1	1.6965E6	
1001	-3.2570E-1	7.4313E2	7.2243E-1	1.6965E6	
1002	-3.2570E-1	7.4313E2	7.2243E-1	1.6965E6	
1003	-3.2570E-1	7.4313E2	7.2243E-1	1.6965E6	
1004	-3.2570E-1	7.4313E2	7.2243E-1	1.6965E6	
1005	-3.2570E-1	7.4313E2	7.2243E-1	1.6965E6	
1006	-3.2570E-1	7.4313E2	7.2243E-1	1.6965E6	
1007	-3.2570E-1	7.4313E2	7.2243E-1	1.6965E6	
1008	-3.2570E-1	7.4313E2	7.2243E-1	1.6965E6	
1009	-3.2570E-1	7.4313E2	7.2243E-1	1.6965E6	
1010	-3.2570E-1	7.4313E2	7.2243E-1	1.6965E6	
1011	-3.2570E-1	7.4313E2	7.2243E-1	1.6965E6	
1012	-3.2570E-1	7.4313E2	7.2243E-1	1.6965E6	
1013	-3.2570E-1	7.4313E2	7.2243E-1	1.6965E6	
1014	-3.2570E-1	7.4313E2	7.2243E-1	1.6965E6	
1015	-3.2570E-1	7.4313E2	7.2243E-1	1.6965E6	
1016	-3.2570E-1	7.4313E2	7.2243E-1	1.6965E6	
1017	-3.2570E-1	7.4313E2	7.2243E-1	1.6965E6	
1018	-3.2570E-1	7.4313E2	7.2243E-1	1.6965E6	
1019	-3.2570E-1	7.4313E2	7.2243E-1	1.6965E6	
1020	-3.2570E-1	7.4313E2	7.2243E-1	1.6965E6	
1021	-3.2570E-1	7.4313E2	7.2243E-1	1.6965E6	
1022	-3.2570E-1	7.4313E2	7.2243E-1	1.6965E6	
1023	-3.2570E-1	7.4313E2	7.2243E-1	1.6965E6	
1024	-3.2570E-1	7.4313E2	7.2243E-1	1.6965E6	
1025	-3.2730E-1	7.4075E2	7.2236E-1	1.6965E6	
1026	-3.6682E-1	6.8210E2	7.2361E-1	1.6987E6	
1027	-3.8811E-1	6.5051E2	7.2636E-1	1.7010E6	
1028	-4.0833E-1	6.2051E2	7.2946E-1	1.7032E6	
1029	-4.2549E-1	5.9503E2	7.3281E-1	1.7054E6	
1030	-4.4243E-1	5.6989E2	7.3649E-1	1.7076E6	
1031	-4.5776E-1	5.4714E2	7.4028E-1	1.7098E6	
1032	-4.7661E-1	5.1917E2	7.4403E-1	1.7121E6	
1033	-4.8264E-1	5.1022E2	7.4805E-1	1.7143E6	
1034	-5.0110E-1	4.8282E2	7.5205E-1	1.7165E6	
1035	-5.0926E-1	4.7071E2	7.5620E-1	1.7187E6	
1036	-5.2765E-1	4.4342E2	7.6023E-1	1.7209E6	
1037	-5.3726E-1	4.2915E2	7.6450E-1	1.7232E6	
1038	-5.4955E-1	4.1092E2	7.6861E-1	1.7254E6	
1039	-5.6198E-1	3.9247E2	7.7299E-1	1.7276E6	
1040	-5.7411E-1	3.7447E2	7.7739E-1	1.7298E6	
1041	-5.8594E-1	3.5692E2	7.8156E-1	1.7320E6	
1042	-5.9402E-1	3.4491E2	7.8594E-1	1.7343E6	
1043	-6.0791E-1	3.2431E2	7.9041E-1	1.7365E6	
1044	-6.1653E-1	3.1151E2	7.9485E-1	1.7387E6	
1045	-6.2828E-1	2.9408E2	7.9938E-1	1.7409E6	
1046	-6.3690E-1	2.8128E2	8.0375E-1	1.7431E6	
1047	-6.4835E-1	2.6430E2	8.0821E-1	1.7454E6	
1048	-6.5865E-1	2.4901E2	8.1274E-1	1.7476E6	
1049	-6.6139E-1	2.4494E2	8.1731E-1	1.7498E6	
1050	-6.7459E-1	2.2535E2	8.2179E-1	1.7520E6	
1051	-6.8367E-1	2.1187E2	8.2624E-1	1.7542E6	
1052	-6.9138E-1	2.0044E2	8.3090E-1	1.7565E6	
1053	-7.0404E-1	1.8164E2	8.3547E-1	1.7587E6	
1054	-7.1228E-1	1.6941E2	8.4004E-1	1.7609E6	
1055	-7.1632E-1	1.6341E2	8.4469E-1	1.7631E6	
1056	-7.3311E-1	1.3850E2	8.4928E-1	1.7653E6	
1057	-7.3502E-1	1.3567E2	8.5393E-1	1.7676E6	
1058	-7.4371E-1	1.2277E2	8.5856E-1	1.7698E6	
1059	-7.5317E-1	1.0873E2	8.6320E-1	1.7720E6	
1060	-7.5920E-1	9.9780E1	8.6783E-1	1.7742E6	
1061	-7.6248E-1	9.4912E1	8.7248E-1	1.7764E6	
1062	-7.7255E-1	7.9966E1	8.7715E-1	1.7787E6	
1063	-7.8026E-1	6.8530E1	8.8193E-1	1.7809E6	
1064	-7.8979E-1	5.4377E1	8.8659E-1	1.7831E6	
1065	-7.9552E-1	4.5885E1	8.9129E-1	1.7853E6	
1066	-8.0467E-1	3.2298E1	8.9599E-1	1.7875E6	
1067	-8.0696E-1	2.8901E1	9.0071E-1	1.7898E6	
1068	-8.1505E-1	1.6899E1	9.0543E-1	1.7920E6	
1069	-8.1940E-1	1.0445E1	9.1021E-1	1.7942E6	
1070	-8.2283E-1	5.3500E0	9.1493E-1	1.7964E6	
1071	-8.2794E-1	-2.2362E0	9.1972E-1	1.7986E6	
1072	-8.3580E-1	-1.3898E1	9.2454E-1	1.8009E6	
1073	-8.3733E-1	-1.6163E1	9.2916E-1	1.8031E6	
1074	-8.4351E-1	-2.5334E1	9.3404E-1	1.8053E6	
1075	-8.4885E-1	-3.3260E1	9.3882E-1	1.8075E6	
1076	-8.5526E-1	-4.2771E1	9.4360E-1	1.8097E6	
1077	-8.5747E-1	-4.6055E1	9.4835E-1	1.8120E6	
1078	-8.6609E-1	-5.8849E1	9.5325E-1	1.8142E6	
1079	-8.6609E-1	-5.8849E1	9.5803E-1	1.8164E6	
1080	-8.7273E-1	-6.8700E1	9.6283E-1	1.8186E6	
1081	-8.7723E-1	-7.5380E1	9.6779E-1	1.8208E6	
1082	-8.7898E-1	-7.7984E1	9.7254E-1	1.8231E6	
1083	-8.8493E-1	-8.6816E1	9.7740E-1	1.8253E6	
1084	-8.8547E-1	-8.7608E1	9.8218E-1	1.8275E6	
1085	-8.9119E-1	-9.6100E1	9.8715E-1	1.8297E6	
1086	-8.9226E-1	-9.7685E1	9.9196E-1	1.8319E6	
1087	-8.9531E-1	-1.0221E2	9.9683E-1	1.8342E6	
1088	-9.0080E-1	-1.1037E2	1.0017E0	1.8364E6	
1089	-9.0569E-1	-1.1761E2	1.0067E0	1.8386E6	
1090	-9.0858E-1	-1.2192E2	1.0115E0	1.8408E6	
1091	-9.0652E-1	-1.1886E2	1.0163E0	1.8430E6	
1092	-9.1370E-1	-1.2950E2	1.0213E0	1.8453E6	
1093	-9.1621E-1	-1.3324E2	1.0262E0	1.8475E6	
1094	-9.2094E-1	-1.4026E2	1.0310E0	1.8497E6	
1095	-9.2056E-1	-1.3969E2	1.0361E0	1.8519E6	
1096	-9.2232E-1	-1.4230E2	1.0409E0	1.8541E6	
1097	-9.2865E-1	-1.5169E2	1.0459E0	1.8564E6	
1098	-9.2979E-1	-1.5339E2	1.0508E0	1.8586E6	
1099	-9.2979E-1	-1.5339E2	1.0559E0	1.8608E6	
1100	-9.3224E-1	-1.5702E2	1.0609E0	1.8630E6	
1101	-9.3987E-1	-1.6834E2	1.0658E0	1.8652E6	
1102	-9.3681E-1	-1.6381E2	1.0707E0	1.8675E6	
1103	-9.3872E-1	-1.6664E2	1.0757E0	1.8697E6	
1104	-9.3758E-1	-1.6494E2	1.0807E0	1.8719E6	
1105	-9.4109E-1	-1.7015E2	1.0858E0	1.8741E6	
1106	-9.4078E-1	-1.6970E2	1.0907E0	1.8763E6	
1107	-9.4482E-1	-1.7570E2	1.0957E0	1.8786E6	
1108	-9.4421E-1	-1.7479E2	1.1008E0	1.8808E6	
1109	-9.4635E-1	-1.7796E2	1.1057E0	1.8830E6	
1110	-9.4803E-1	-1.8045E2	1.1108E0	1.8852E6	
1111	-9.4879E-1	-1.8159E2	1.1158E0	1.8874E6	
1112	-9.4734E-1	-1.7943E2	1.1209E0	1.8897E6	
1113	-9.4673E-1	-1.7853E2	1.1259E0	1.8919E6	
1114	-9.4887E-1	-1.8170E2	1.1310E0	1.8941E6	
1115	-9.4971E-1	-1.8294E2	1.1359E0	1.8963E6	
1116	-9.4887E-1	-1.8170E2	1.1411E0	1.8985E6	
1117	-9.5016E-1	-1.8362E2	1.1461E0	1.9008E6	
1118	-9.5146E-1	-1.8555E2	1.1512E0	1.9030E6	
1119	-9.4978E-1	-1.8306E2	1.1563E0	1.9052E6	
1120	-9.5276E-1	-1.8747E2	1.1614E0	1.9074E6	
1121	-9.4810E-1	-1.8057E2	1.1664E0	1.9096E6	
1122	-9.5146E-1	-1.8555E2	1.1716E0	1.9119E6	
1123	-9.5146E-1	-1.8555E2	1.1766E0	1.9141E6	
1124	-9.5276E-1	-1.8747E2	1.1818E0	1.9163E6	
1125	-9.5238E-1	-1.8691E2	1.1869E0	1.9185E6	
1126	-9.5413E-1	-1.8951E2	1.1920E0	1.9207E6	
1127	-9.5825E-1	-1.9563E2	1.1971E0	1.9230E6	
1128	-9.5558E-1	-1.9166E2	1.2022E0	1.9252E6	
1129	-9.5818E-1	-1.9551E2	1.2074E0	1.9274E6	
1130	-9.6184E-1	-2.0095E2	1.2124E0	1.9296E6	
1131	-9.6016E-1	-1.9846E2	1.2177E0	1.9318E6	
1132	-9.6481E-1	-2.0536E2	1.2228E0	1.9341E6	
1133	-9.6497E-1	-2.0559E2	1.2280E0	1.9363E6	
1134	-9.6474E-1	-2.0525E2	1.2332E0	1.9385E6	
1135	-9.6809E-1	-2.1023E2	1.2382E0	1.9407E6	
1136	-9.7267E-1	-2.1703E2	1.2435E0	1.9429E6	
1137	-9.7099E-1	-2.1453E2	1.2487E0	1.9452E6	
1138	-9.7565E-1	-2.2144E2	1.2539E0	1.9474E6	
1139	-9.7404E-1	-2.1906E2	1.2592E0	1.9496E6	
1140	-9.7893E-1	-2.2631E2	1.2643E0	1.9518E6	
1141	-9.7839E-1	-2.2552E2	1.2694E0	1.9540E6	
1142	-9.6893E-1	-2.1148E2	1.2747E0	1.9563E6	
1143	-9.6756E-1	-2.0944E2	1.2798E0	1.9585E6	
1144	-9.6672E-1	-2.0819E2	1.2852E0	1.9607E6	
1145	-9.6893E-1	-2.1148E2	1.2904E0	1.9629E6	
1146	-9.6962E-1	-2.1250E2	1.2956E0	1.9651E6	
1147	-9.7206E-1	-2.1612E2	1.3008E0	1.9674E6	
1148	-9.6474E-1	-2.0525E2	1.3060E0	1.9696E6	
1149	-9.4917E-1	-1.8215E2	1.3114E0	1.9718E6	
1150	-9.4322E-1	-1.7332E2	1.3167E0	1.9740E6	
1151	-9.3506E-1	-1.6121E2	1.3218E0	1.9762E6	
1152	-9.2911E-1	-1.5237E2	1.3271E0	1.9785E6	
1153	-9.2369E-1	-1.4433E2	1.3324E0	1.9807E6	
1154	-9.1759E-1	-1.3528E2	1.3377E0	1.9829E6	
1155	-9.1545E-1	-1.3211E2	1.3429E0	1.9851E6	
1156	-9.1125E-1	-1.2588E2	1.3483E0	1.9873E6	
1157	-9.0691E-1	-1.1942E2	1.3535E0	1.9896E6	
1158	-9.0141E-1	-1.1127E2	1.3589E0	1.9918E6	
1159	-8.9897E-1	-1.0765E2	1.3642E0	1.9940E6	
1160	-8.9302E-1	-9.8818E1	1.3695E0	1.9962E6	
1161	-8.8799E-1	-9.1345E1	1.3748E0	1.9984E6	
1162	-8.7357E-1	-6.9945E1	1.3800E0	2.0007E6	
1163	-8.6021E-1	-5.0131E1	1.3854E0	2.0029E6	
1164	-8.4122E-1	-2.1937E1	1.3907E0	2.0051E6	
1165	-7.8140E-1	6.6832E1	1.3961E0	2.0073E6	
1166	-7.2449E-1	1.5130E2	1.4015E0	2.0095E6	
1167	-7.2060E-1	1.5707E2	1.4068E0	2.0118E6	
1168	-7.1899E-1	1.5945E2	1.4121E0	2.0140E6	
1169	-6.9534E-1	1.9455E2	1.4174E0	2.0162E6	
1170	-6.9359E-1	1.9715E2	1.4227E0	2.0184E6	
1171	-6.9504E-1	1.9500E2	1.4282E0	2.0206E6	
1172	-6.9420E-1	1.9625E2	1.4336E0	2.0229E6	
1173	-6.9450E-1	1.9580E2	1.4390E0	2.0251E6	
1174	-6.9710E-1	1.9195E2	1.4444E0	2.0273E6	
1175	-6.9672E-1	1.9251E2	1.4497E0	2.0295E6	
1176	-6.9527E-1	1.9466E2	1.4551E0	2.0317E6	
1177	-6.9633E-1	1.9308E2	1.4606E0	2.0340E6	
1178	-6.9565E-1	1.9410E2	1.4660E0	2.0362E6	
1179	-6.9618E-1	1.9330E2	1.4714E0	2.0384E6	
1180	-6.9702E-1	1.9206E2	1.4767E0	2.0406E6	
1181	-6.9748E-1	1.9138E2	1.4823E0	2.0428E6	
1182	-6.9633E-1	1.9308E2	1.4877E0	2.0451E6	
1183	-6.9695E-1	1.9217E2	1.4931E0	2.0473E6	
1184	-6.9771E-1	1.9104E2	1.4986E0	2.0495E6	
1185	-6.9679E-1	1.9240E2	1.5040E0	2.0517E6	
1186	-7.0053E-1	1.8685E2	1.5094E0	2.0539E6	
1187	-6.9641E-1	1.9297E2	1.5148E0	2.0562E6	
1188	-6.9557E-1	1.9421E2	1.5204E0	2.0584E6	
1189	-6.9809E-1	1.9047E2	1.5258E0	2.0606E6	
1190	-6.9633E-1	1.9308E2	1.5314E0	2.0628E6	
1191	-6.9908E-1	1.8900E2	1.5368E0	2.0650E6	
1192	-6.9870E-1	1.8957E2	1.5423E0	2.0673E6	
1193	-6.9893E-1	1.8923E2	1.5478E0	2.0695E6	
1194	-6.9878E-1	1.8946E2	1.5532E0	2.0717E6	
1195	-7.0000E-1	1.8764E2	1.5587E0	2.0739E6	
1196	-6.9931E-1	1.8866E2	1.5642E0	2.0761E6	
1197	-7.0084E-1	1.8640E2	1.5696E0	2.0784E6	
1198	-7.0015E-1	1.8742E2	1.5753E0	2.0806E6	
1199	-7.0038E-1	1.8708E2	1.5807E0	2.0828E6	
1200	-6.9923E-1	1.8878E2	1.5863E0	2.0850E6	
1201	-6.9809E-1	1.9047E2	1.5918E0	2.0872E6	
1202	-6.9939E-1	1.8855E2	1.5974E0	2.0895E6	
1203	-6.9954E-1	1.8832E2	1.6029E0	2.0917E6	
1204	-7.0015E-1	1.8742E2	1.6085E0	2.0939E6	
1205	-7.0168E-1	1.8515E2	1.6140E0	2.0961E6	
1206	-7.0152E-1	1.8538E2	1.6195E0	2.0983E6	
1207	-7.0030E-1	1.8719E2	1.6250E0	2.1006E6	
1208	-7.0023E-1	1.8730E2	1.6307E0	2.1028E6	
1209	-7.0122E-1	1.8583E2	1.6361E0	2.1050E6	
1210	-7.0114E-1	1.8595E2	1.6417E0	2.1072E6	
1211	-7.0145E-1	1.8549E2	1.6473E0	2.1094E6	
1212	-6.9984E-1	1.8787E2	1.6529E0	2.1117E6	
1213	-7.0244E-1	1.8402E2	1.6585E0	2.1139E6	
1214	-7.0328E-1	1.8277E2	1.6640E0	2.1161E6	
1215	-7.0160E-1	1.8527E2	1.6696E0	2.1183E6	
1216	-7.0297E-1	1.8323E2	1.6752E0	2.1205E6	
1217	-7.0358E-1	1.8232E2	1.6809E0	2.1228E6	
1218	-7.0541E-1	1.7960E2	1.6865E0	2.1250E6	
1219	-7.0206E-1	1.8459E2	1.6921E0	2.1272E6	
1220	-7.0511E-1	1.8006E2	1.6977E0	2.1294E6	
1221	-7.0412E-1	1.8153E2	1.7034E0	2.1316E6	
1222	-7.0259E-1	1.8379E2	1.7090E0	2.1339E6	
1223	-7.0251E-1	1.8391E2	1.7146E0	2.1361E6	
1224	-7.0572E-1	1.7915E2	1.7202E0	2.1383E6	
1225	-7.0381E-1	1.8198E2	1.7259E0	2.1405E6	
1226	-7.0320E-1	1.8289E2	1.7316E0	2.1427E6	
1227	-7.0511E-1	1.8006E2	1.7371E0	2.1450E6	
1228	-7.0580E-1	1.7904E2	1.7428E0	2.1472E6	
1229	-7.0404E-1	1.8164E2	1.7484E0	2.1494E6	
1230	-7.0534E-1	1.7972E2	1.7541E0	2.1516E6	
1231	-7.0457E-1	1.8085E2	1.7598E0	2.1538E6	
1232	-7.0839E-1	1.7519E2	1.7655E0	2.1561E6	
1233	-7.0595E-1	1.7881E2	1.7712E0	2.1583E6	
1234	-7.0503E-1	1.8017E2	1.7768E0	2.1605E6	
1235	-7.0480E-1	1.8051E2	1.7825E0	2.1627E6	
1236	-7.0686E-1	1.7745E2	1.7882E0	2.1649E6	
1237	-7.0595E-1	1.7881E2	1.7940E0	2.1672E6	
1238	-7.0793E-1	1.7587E2	1.7996E0	2.1694E6	
1239	-7.0557E-1	1.7938E2	1.8053E0	2.1716E6	
1240	-7.0717E-1	1.7700E2	1.8110E0	2.1738E6	
1241	-7.0694E-1	1.7734E2	1.8168E0	2.1760E6	
1242	-7.0541E-1	1.7960E2	1.8225E0	2.1783E6	
1243	-7.0831E-1	1.7530E2	1.8283E0	2.1805E6	
1244	-7.0900E-1	1.7428E2	1.8339E0	2.1827E6	
1245	-7.0648E-1	1.7802E2	1.8398E0	2.1849E6	
1246	-7.0793E-1	1.7587E2	1.8455E0	2.1871E6	
1247	-7.0702E-1	1.7723E2	1.8512E0	2.1894E6	
1248	-7.0938E-1	1.7372E2	1.8569E0	2.1916E6	
1249	-7.0747E-1	1.7655E2	1.8626E0	2.1938E6	
1250	-7.0930E-1	1.7383E2	1.8684E0	2.1960E6	
1251	-7.0976E-1	1.7315E2	1.8742E0	2.1982E6	
1252	-7.0854E-1	1.7496E2	1.8800E0	2.2005E6	
1253	-7.0801E-1	1.7575E2	1.8857E0	2.2027E6	
1254	-7.1053E-1	1.7202E2	1.8916E0	2.2049E6	
1255	-7.1045E-1	1.7213E2	1.8974E0	2.2071E6	
1256	-7.1136E-1	1.7077E2	1.9031E0	2.2093E6	
1257	-7.1236E-1	1.6930E2	1.9089E0	2.2116E6	
1258	-7.0877E-1	1.7462E2	1.9147E0	2.2138E6	
1259	-7.0976E-1	1.7315E2	1.9205E0	2.2160E6	
1260	-7.1037E-1	1.7224E2	1.9262E0	2.2182E6	
1261	-7.1083E-1	1.7157E2	1.9320E0	2.2204E6	
1262	-7.0915E-1	1.7406E2	1.9379E0	2.2227E6	
1263	-7.1083E-1	1.7157E2	1.9437E0	2.2249E6	
1264	-7.1045E-1	1.7213E2	1.9495E0	2.2271E6	
1265	-7.1373E-1	1.6726E2	1.9553E0	2.2293E6	
1266	-7.1030E-1	1.7236E2	1.9611E0	2.2315E6	
1267	-7.1190E-1	1.6998E2	1.9670E0	2.2338E6	
1268	-7.1198E-1	1.6987E2	1.9728E0	2.2360E6	
1269	-7.1167E-1	1.7032E2	1.9787E0	2.2382E6	
1270	-7.1060E-1	1.7191E2	1.9846E0	2.2404E6	
1271	-7.1083E-1	1.7157E2	1.9904E0	2.2426E6	
1272	-7.1053E-1	1.7202E2	1.9962E0	2.2449E6	
1273	-7.1220E-1	1.6953E2	2.0020E0	2.2471E6	
1274	-7.1350E-1	1.6760E2	2.0080E0	2.2493E6	
1275	-7.1297E-1	1.6840E2	2.0138E0	2.2515E6	
1276	-7.1304E-1	1.6828E2	2.0196E0	2.2537E6	
1277	-7.1434E-1	1.6636E2	2.0255E0	2.2560E6	
1278	-7.1281E-1	1.6862E2	2.0314E0	2.2582E6	
1279	-7.1342E-1	1.6772E2	2.0373E0	2.2604E6	
1280	-7.1159E-1	1.7043E2	2.0432E0	2.2626E6	
1281	-7.1327E-1	1.6794E2	2.0491E0	2.2648E6	
1282	-7.1198E-1	1.6987E2	2.0550E0	2.2671E6	
1283	-7.1548E-1	1.6466E2	2.0609E0	2.2693E6	
1284	-7.1274E-1	1.6873E2	2.0668E0	2.2715E6	
1285	-7.1419E-1	1.6658E2	2.0727E0	2.2737E6	
1286	-7.1541E-1	1.6477E2	2.0786E0	2.2759E6	
1287	-7.1426E-1	1.6647E2	2.0845E0	2.2782E6	
1288	-7.1434E-1	1.6636E2	2.0906E0	2.2804E6	
1289	-7.1434E-1	1.6636E2	2.0964E0	2.2826E6	
1290	-7.1632E-1	1.6341E2	2.1024E0	2.2848E6	
1291	-7.1495E-1	1.6545E2	2.1084E0	2.2870E6	
1292	-7.1480E-1	1.6568E2	2.1142E0	2.2893E6	
1293	-7.1823E-1	1.6058E2	2.1202E0	2.2915E6	
1294	-7.1655E-1	1.6307E2	2.1261E0	2.2937E6	
1295	-7.1754E-1	1.6160E2	2.1321E0	2.2959E6	
1296	-7.1419E-1	1.6658E2	2.1380E0	2.2981E6	
1297	-7.1365E-1	1.6738E2	2.1441E0	2.3004E6	
1298	-7.1831E-1	1.6047E2	2.1499E0	2.3026E6	
1299	-7.1754E-1	1.6160E2	2.1559E0	2.3048E6	
1300	-7.1602E-1	1.6387E2	2.1620E0	2.3070E6	
1301	-7.1701E-1	1.6239E2	2.1680E0	2.3092E6	
1302	-7.1671E-1	1.6285E2	2.1739E0	2.3115E6	
1303	-7.1785E-1	1.6115E2	2.1800E0	2.3137E6	
1304	-7.1556E-1	1.6455E2	2.1860E0	2.3159E6	
1305	-7.1922E-1	1.5911E2	2.1919E0	2.3181E6	
1306	-7.1877E-1	1.5979E2	2.1979E0	2.3203E6	
1307	-7.1823E-1	1.6058E2	2.2039E0	2.3226E6	
1308	-7.1983E-1	1.5820E2	2.2100E0	2.3248E6	
1309	-7.1754E-1	1.6160E2	2.2160E0	2.3270E6	
1310	-7.1922E-1	1.5911E2	2.2220E0	2.3292E6	
1311	-7.2029E-1	1.5753E2	2.2281E0	2.3314E6	
1312	-7.1945E-1	1.5877E2	2.2341E0	2.3337E6	
1313	-7.2014E-1	1.5775E2	2.2403E0	2.3359E6	
1314	-7.2166E-1	1.5549E2	2.2462E0	2.3381E6	
1315	-7.1953E-1	1.5866E2	2.2523E0	2.3403E6	
1316	-7.1938E-1	1.5888E2	2.2584E0	2.3425E6	
1317	-7.1945E-1	1.5877E2	2.2645E0	2.3448E6	
1318	-7.2128E-1	1.5605E2	2.2704E0	2.3470E6	
1319	-7.1823E-1	1.6058E2	2.2765E0	2.3492E6	
1320	-7.2006E-1	1.5787E2	2.2827E0	2.3514E6	
1321	-7.2296E-1	1.5356E2	2.2887E0	2.3536E6	
1322	-7.2319E-1	1.5322E2	2.2948E0	2.3559E6	
1323	-7.1983E-1	1.5820E2	2.3009E0	2.3581E6	
1324	-7.2258E-1	1.5413E2	2.3070E0	2.3603E6	
1325	-7.2067E-1	1.5696E2	2.3132E0	2.3625E6	
1326	-7.2060E-1	1.5707E2	2.3192E0	2.3647E6	
1327	-7.2342E-1	1.5288E2	2.3253E0	2.3670E6	
1328	-7.2380E-1	1.5232E2	2.3314E0	2.3692E6	
1329	-7.2258E-1	1.5413E2	2.3376E0	2.3714E6	
1330	-7.2144E-1	1.5583E2	2.3438E0	2.3736E6	
1331	-7.2395E-1	1.5209E2	2.3499E0	2.3758E6	
1332	-7.2144E-1	1.5583E2	2.3560E0	2.3781E6	
1333	-7.2296E-1	1.5356E2	2.3620E0	2.3803E6	
1334	-7.2357E-1	1.5266E2	2.3682E0	2.3825E6	
1335	-7.2495E-1	1.5062E2	2.3744E0	2.3847E6	
1336	-7.2319E-1	1.5322E2	2.3807E0	2.3869E6	
1337	-7.2433E-1	1.5152E2	2.3867E0	2.3892E6	
1338	-7.2395E-1	1.5209E2	2.3930E0	2.3914E6	
1339	-7.2334E-1	1.5300E2	2.3991E0	2.3936E6	
1340	-7.2327E-1	1.5311E2	2.4053E0	2.3958E6	
1341	-7.2212E-1	1.5481E2	2.4115E0	2.3980E6	
1342	-7.2342E-1	1.5288E2	2.4176E0	2.4003E6	
1343	-7.2601E-1	1.4903E2	2.4239E0	2.4025E6	
1344	-7.2609E-1	1.4892E2	2.4301E0	2.4047E6	
1345	-7.2388E-1	1.5220E2	2.4362E0	2.4069E6	
1346	-7.2495E-1	1.5062E2	2.4424E0	2.4091E6	
1347	-7.2945E-1	1.4394E2	2.4487E0	2.4114E6	
1348	-7.2319E-1	1.5322E2	2.4549E0	2.4136E6	
1349	-7.2655E-1	1.4824E2	2.4611E0	2.4158E6	
1350	-7.2792E-1	1.4620E2	2.4673E0	2.4180E6	
1351	-7.2594E-1	1.4915E2	2.4736E0	2.4202E6	
1352	-7.2487E-1	1.5073E2	2.4798E0	2.4225E6	
1353	-7.2708E-1	1.4745E2	2.4860E0	2.4247E6	
1354	-7.2769E-1	1.4654E2	2.4923E0	2.4269E6	
1355	-7.2685E-1	1.4779E2	2.4985E0	2.4291E6	
1356	-7.2624E-1	1.4869E2	2.5048E0	2.4313E6	
1357	-7.2556E-1	1.4971E2	2.5111E0	2.4336E6	
1358	-7.2693E-1	1.4767E2	2.5173E0	2.4358E6	
1359	-7.2807E-1	1.4598E2	2.5236E0	2.4380E6	
1360	-7.2769E-1	1.4654E2	2.5298E0	2.4402E6	
1361	-7.2716E-1	1.4734E2	2.5361E0	2.4424E6	
1362	-7.2594E-1	1.4915E2	2.5425E0	2.4447E6	
1363	-7.3082E-1	1.4190E2	2.5487E0	2.4469E6	
1364	-7.2990E-1	1.4326E2	2.5551E0	2.4491E6	
1365	-7.3082E-1	1.4190E2	2.5613E0	2.4513E6	
1366	-7.2899E-1	1.4462E2	2.5676E0	2.4535E6	
1367	-7.3151E-1	1.4088E2	2.5739E0	2.4558E6	
1368	-7.2777E-1	1.4643E2	2.5802E0	2.4580E6	
1369	-7.3128E-1	1.4122E2	2.5866E0	2.4602E6	
1370	-7.2876E-1	1.4496E2	2.5929E0	2.4624E6	
1371	-7.2960E-1	1.4371E2	2.5992E0	2.4646E6	
1372	-7.2899E-1	1.4462E2	2.6055E0	2.4669E6	
1373	-7.2876E-1	1.4496E2	2.6118E0	2.4691E6	
1374	-7.3036E-1	1.4258E2	2.6182E0	2.4713E6	
1375	-7.2945E-1	1.4394E2	2.6245E0	2.4735E6	
1376	-7.2998E-1	1.4315E2	2.6309E0	2.4757E6	
1377	-7.2983E-1	1.4337E2	2.6371E0	2.4780E6	
1378	-7.3273E-1	1.3907E2	2.6435E0	2.4802E6	
1379	-7.3097E-1	1.4167E2	2.6499E0	2.4824E6	
1380	-7.3265E-1	1.3918E2	2.6564E0	2.4846E6	
1381	-7.3265E-1	1.3918E2	2.6628E0	2.4868E6	
1382	-7.3151E-1	1.4088E2	2.6690E0	2.4891E6	
1383	-7.3303E-1	1.3862E2	2.6755E0	2.4913E6	
1384	-7.3090E-1	1.4179E2	2.6818E0	2.4935E6	
1385	-7.3494E-1	1.3579E2	2.6882E0	2.4957E6	
1386	-7.3303E-1	1.3862E2	2.6946E0	2.4979E6	
1387	-7.3296E-1	1.3873E2	2.7010E0	2.5002E6	
1388	-7.3265E-1	1.3918E2	2.7073E0	2.5024E6	
1389	-7.3395E-1	1.3726E2	2.7137E0	2.5046E6	
1390	-7.3334E-1	1.3816E2	2.7202E0	2.5068E6	
1391	-7.3303E-1	1.3862E2	2.7266E0	2.5090E6	
1392	-7.3364E-1	1.3771E2	2.7330E0	2.5113E6	
1393	-7.3647E-1	1.3352E2	2.7394E0	2.5135E6	
1394	-7.3601E-1	1.3420E2	2.7458E0	2.5157E6	
1395	-7.3540E-1	1.3511E2	2.7523E0	2.5179E6	
1396	-7.3486E-1	1.3590E2	2.7587E0	2.5201E6	
1397	-7.3532E-1	1.3522E2	2.7651E0	2.5224E6	
1398	-7.3540E-1	1.3511E2	2.7715E0	2.5246E6	
1399	-7.3570E-1	1.3465E2	2.7781E0	2.5268E6	
1400	-7.3639E-1	1.3363E2	2.7844E0	2.5290E6	
1401	-7.3814E-1	1.3103E2	2.7910E0	2.5312E6	
1402	-7.3807E-1	1.3114E2	2.7975E0	2.5335E6	
1403	-7.3784E-1	1.3148E2	2.8038E0	2.5357E6	
1404	-7.3616E-1	1.3397E2	2.8103E0	2.5379E6	
1405	-7.3647E-1	1.3352E2	2.8168E0	2.5401E6	
1406	-7.3700E-1	1.3273E2	2.8233E0	2.5423E6	
1407	-7.3593E-1	1.3431E2	2.8297E0	2.5446E6	
1408	-7.3753E-1	1.3194E2	2.8363E0	2.5468E6	
1409	-7.3669E-1	1.3318E2	2.8427E0	2.5490E6	
1410	-7.3715E-1	1.3250E2	2.8492E0	2.5512E6	
1411	-7.3761E-1	1.3182E2	2.8557E0	2.5534E6	
1412	-7.3540E-1	1.3511E2	2.8622E0	2.5557E6	
1413	-7.3769E-1	1.3171E2	2.8687E0	2.5579E6	
1414	-7.3662E-1	1.3330E2	2.8753E0	2.5601E6	
1415	-7.3845E-1	1.3058E2	2.8817E0	2.5623E6	
1416	-7.3593E-1	1.3431E2	2.8883E0	2.5645E6	
1417	-7.3769E-1	1.3171E2	2.8948E0	2.5668E6	
1418	-7.3875E-1	1.3012E2	2.9013E0	2.5690E6	
1419	-7.3814E-1	1.3103E2	2.9078E0	2.5712E6	
1420	-7.3936E-1	1.2922E2	2.9143E0	2.5734E6	
1421	-7.3799E-1	1.3126E2	2.9209E0	2.5756E6	
1422	-7.3784E-1	1.3148E2	2.9274E0	2.5779E6	
1423	-7.3967E-1	1.2877E2	2.9339E0	2.5801E6	
1424	-7.3883E-1	1.3001E2	2.9406E0	2.5823E6	
1425	-7.3875E-1	1.3012E2	2.9472E0	2.5845E6	
1426	-7.4036E-1	1.2775E2	2.9537E0	2.5867E6	
1427	-7.4081E-1	1.2707E2	2.9602E0	2.5890E6	
1428	-7.3952E-1	1.2899E2	2.9668E0	2.5912E6	
1429	-7.4020E-1	1.2797E2	2.9734E0	2.5934E6	
1430	-7.4181E-1	1.2560E2	2.9800E0	2.5956E6	
1431	-7.4211E-1	1.2514E2	2.9866E0	2.5978E6	
1432	-7.4074E-1	1.2718E2	2.9932E0	2.6001E6	
1433	-7.4036E-1	1.2775E2	2.9997E0	2.6023E6	
1434	-7.4341E-1	1.2322E2	3.0063E0	2.6045E6	
1435	-7.4135E-1	1.2628E2	3.0130E0	2.6067E6	
1436	-7.4211E-1	1.2514E2	3.0196E0	2.6089E6	
1437	-7.4089E-1	1.2695E2	3.0261E0	2.6112E6	
1438	-7.4089E-1	1.2695E2	3.0328E0	2.6134E6	
1439	-7.4211E-1	1.2514E2	3.0393E0	2.6156E6	
1440	-7.4387E-1	1.2254E2	3.0461E0	2.6178E6	
1441	-7.4348E-1	1.2310E2	3.0526E0	2.6200E6	
1442	-7.4463E-1	1.2141E2	3.0592E0	2.6223E6	
1443	-7.4364E-1	1.2288E2	3.0658E0	2.6245E6	
1444	-7.4638E-1	1.1880E2	3.0725E0	2.6267E6	
1445	-7.4303E-1	1.2378E2	3.0791E0	2.6289E6	
1446	-7.4532E-1	1.2039E2	3.0858E0	2.6311E6	
1447	-7.4585E-1	1.1959E2	3.0924E0	2.6334E6	
1448	-7.4310E-1	1.2367E2	3.0990E0	2.6356E6	
1449	-7.4394E-1	1.2243E2	3.1057E0	2.6378E6	
1450	-7.4486E-1	1.2107E2	3.1123E0	2.6400E6	
1451	-7.4509E-1	1.2073E2	3.1191E0	2.6422E6	
1452	-7.4432E-1	1.2186E2	3.1257E0	2.6445E6	
1453	-7.4516E-1	1.2061E2	3.1323E0	2.6467E6	
1454	-7.4677E-1	1.1824E2	3.1391E0	2.6489E6	
1455	-7.4631E-1	1.1892E2	3.1457E0	2.6511E6	
1456	-7.4753E-1	1.1710E2	3.1524E0	2.6533E6	
1457	-7.4570E-1	1.1982E2	3.1590E0	2.6556E6	
1458	-7.4875E-1	1.1529E2	3.1658E0	2.6578E6	
1459	-7.4692E-1	1.1801E2	3.1725E0	2.6600E6	
1460	-7.4669E-1	1.1835E2	3.1792E0	2.6622E6	
1461	-7.4860E-1	1.1552E2	3.1860E0	2.6644E6	
1462	-7.4593E-1	1.1948E2	3.1925E0	2.6667E6	
1463	-7.4760E-1	1.1699E2	3.1993E0	2.6689E6	
1464	-7.4783E-1	1.1665E2	3.2060E0	2.6711E6	
1465	-7.4730E-1	1.1744E2	3.2128E0	2.6733E6	
1466	-7.4829E-1	1.1597E2	3.2195E0	2.6755E6	
1467	-7.4890E-1	1.1507E2	3.2262E0	2.6778E6	
1468	-7.5096E-1	1.1201E2	3.2329E0	2.6800E6	
1469	-7.4989E-1	1.1359E2	3.2397E0	2.6822E6	
1470	-7.4944E-1	1.1427E2	3.2465E0	2.6844E6	
1471	-7.4791E-1	1.1654E2	3.2532E0	2.6866E6	
1472	-7.4860E-1	1.1552E2	3.2598E0	2.6889E6	
1473	-7.4806E-1	1.1631E2	3.2666E0	2.6911E6	
1474	-7.5104E-1	1.1190E2	3.2734E0	2.6933E6	
1475	-7.4890E-1	1.1507E2	3.2801E0	2.6955E6	
1476	-7.4974E-1	1.1382E2	3.2868E0	2.6977E6	
1477	-7.4707E-1	1.1778E2	3.2937E0	2.7000E6	
1478	-7.4928E-1	1.1450E2	3.3005E0	2.7022E6	
1479	-7.5043E-1	1.1280E2	3.3072E0	2.7044E6	
1480	-7.5211E-1	1.1031E2	3.3140E0	2.7066E6	
1481	-7.4989E-1	1.1359E2	3.3207E0	2.7088E6	
1482	-7.5256E-1	1.0963E2	3.3275E0	2.7111E6	
1483	-7.5294E-1	1.0906E2	3.3343E0	2.7133E6	
1484	-7.5226E-1	1.1008E2	3.3412E0	2.7155E6	
1485	-7.5340E-1	1.0839E2	3.3480E0	2.7177E6	
1486	-7.5211E-1	1.1031E2	3.3547E0	2.7199E6	
1487	-7.5134E-1	1.1144E2	3.3616E0	2.7222E6	
1488	-7.5134E-1	1.1144E2	3.3684E0	2.7244E6	
1489	-7.5050E-1	1.1269E2	3.3751E0	2.7266E6	
1490	-7.5150E-1	1.1122E2	3.3820E0	2.7288E6	
1491	-7.5233E-1	1.0997E2	3.3889E0	2.7310E6	
1492	-7.5180E-1	1.1076E2	3.3956E0	2.7333E6	
1493	-7.5317E-1	1.0873E2	3.4025E0	2.7355E6	
1494	-7.5172E-1	1.1088E2	3.4092E0	2.7377E6	
1495	-7.5180E-1	1.1076E2	3.4161E0	2.7399E6	
1496	-7.5180E-1	1.1076E2	3.4230E0	2.7421E6	
1497	-7.5500E-1	1.0601E2	3.4298E0	2.7444E6	
1498	-7.5378E-1	1.0782E2	3.4367E0	2.7466E6	
1499	-7.5386E-1	1.0771E2	3.4435E0	2.7488E6	
1500	-7.5287E-1	1.0918E2	3.4504E0	2.7510E6	
1501	-7.5386E-1	1.0771E2	3.4572E0	2.7532E6	
1502	-7.5424E-1	1.0714E2	3.4641E0	2.7555E6	
1503	-7.5333E-1	1.0850E2	3.4709E0	2.7577E6	
1504	-7.5691E-1	1.0318E2	3.4778E0	2.7599E6	
1505	-7.5439E-1	1.0691E2	3.4847E0	2.7621E6	
1506	-7.5600E-1	1.0454E2	3.4916E0	2.7643E6	
1507	-7.5569E-1	1.0499E2	3.4985E0	2.7666E6	
1508	-7.5539E-1	1.0544E2	3.5054E0	2.7688E6	
1509	-7.5470E-1	1.0646E2	3.5122E0	2.7710E6	
1510	-7.5577E-1	1.0488E2	3.5190E0	2.7732E6	
1511	-7.5600E-1	1.0454E2	3.5260E0	2.7754E6	
1512	-7.5653E-1	1.0374E2	3.5329E0	2.7777E6	
1513	-7.5699E-1	1.0306E2	3.5399E0	2.7799E6	
1514	-7.5630E-1	1.0408E2	3.5467E0	2.7821E6	
1515	-7.5714E-1	1.0284E2	3.5537E0	2.7843E6	
1516	-7.5638E-1	1.0397E2	3.5605E0	2.7865E6	
1517	-7.5607E-1	1.0442E2	3.5675E0	2.7888E6	
1518	-7.5615E-1	1.0431E2	3.5744E0	2.7910E6	
1519	-7.6004E-1	9.8535E1	3.5814E0	2.7932E6	
1520	-7.5539E-1	1.0544E2	3.5882E0	2.7954E6	
1521	-7.6111E-1	9.6950E1	3.5952E0	2.7976E6	
1522	-7.5905E-1	1.0001E2	3.6021E0	2.7999E6	
1523	-7.5897E-1	1.0012E2	3.6090E0	2.8021E6	
1524	-7.5966E-1	9.9101E1	3.6160E0	2.8043E6	
1525	-7.6088E-1	9.7289E1	3.6230E0	2.8065E6	
1526	-7.6065E-1	9.7629E1	3.6299E0	2.8087E6	
1527	-7.5943E-1	9.9441E1	3.6368E0	2.8110E6	
1528	-7.5958E-1	9.9214E1	3.6437E0	2.8132E6	
1529	-7.5989E-1	9.8761E1	3.6508E0	2.8154E6	
1530	-7.5912E-1	9.9893E1	3.6577E0	2.8176E6	
1531	-7.6042E-1	9.7969E1	3.6647E0	2.8198E6	
1532	-7.5897E-1	1.0012E2	3.6717E0	2.8221E6	
1533	-7.6103E-1	9.7063E1	3.6787E0	2.8243E6	
1534	-7.6012E-1	9.8422E1	3.6856E0	2.8265E6	
1535	-7.6363E-1	9.3213E1	3.6926E0	2.8287E6	
1536	-7.6134E-1	9.6610E1	3.6996E0	2.8309E6	
1537	-7.6187E-1	9.5817E1	3.7066E0	2.8332E6	
1538	-7.6225E-1	9.5251E1	3.7136E0	2.8354E6	
1539	-7.6347E-1	9.3440E1	3.7206E0	2.8376E6	
1540	-7.6332E-1	9.3666E1	3.7276E0	2.8398E6	
1541	-7.6218E-1	9.5364E1	3.7346E0	2.8420E6	
1542	-7.6340E-1	9.3553E1	3.7416E0	2.8443E6	
1543	-7.5996E-1	9.8648E1	3.7487E0	2.8465E6	
1544	-7.6118E-1	9.6836E1	3.7555E0	2.8487E6	
1545	-7.6096E-1	9.7176E1	3.7626E0	2.8509E6	
1546	-7.6302E-1	9.4119E1	3.7697E0	2.8531E6	
1547	-7.6355E-1	9.3326E1	3.7768E0	2.8554E6	
1548	-7.6317E-1	9.3892E1	3.7837E0	2.8576E6	
1549	-7.6248E-1	9.4912E1	3.7908E0	2.8598E6	
1550	-7.6324E-1	9.3779E1	3.7979E0	2.8620E6	
1551	-7.6363E-1	9.3213E1	3.8049E0	2.8642E6	
1552	-7.6721E-1	8.7892E1	3.8119E0	2.8665E6	
1553	-7.6180E-1	9.5931E1	3.8191E0	2.8687E6	
1554	-7.6202E-1	9.5591E1	3.8260E0	2.8709E6	
1555	-7.6599E-1	8.9703E1	3.8331E0	2.8731E6	
1556	-7.6660E-1	8.8797E1	3.8402E0	2.8753E6	
1557	-7.6393E-1	9.2760E1	3.8472E0	2.8776E6	
1558	-7.6385E-1	9.2873E1	3.8543E0	2.8798E6	
1559	-7.6485E-1	9.1402E1	3.8614E0	2.8820E6	
1560	-7.6546E-1	9.0496E1	3.8684E0	2.8842E6	
1561	-7.6645E-1	8.9024E1	3.8755E0	2.8864E6	
1562	-7.6706E-1	8.8118E1	3.8827E0	2.8887E6	
1563	-7.6378E-1	9.2987E1	3.8897E0	2.8909E6	
1564	-7.6637E-1	8.9137E1	3.8968E0	2.8931E6	
1565	-7.6736E-1	8.7665E1	3.9039E0	2.8953E6	
1566	-7.6698E-1	8.8231E1	3.9109E0	2.8975E6	
1567	-7.6637E-1	8.9137E1	3.9181E0	2.8998E6	
1568	-7.6668E-1	8.8684E1	3.9252E0	2.9020E6	
1569	-7.6668E-1	8.8684E1	3.9322E0	2.9042E6	
1570	-7.6744E-1	8.7552E1	3.9393E0	2.9064E6	
1571	-7.6859E-1	8.5853E1	3.9465E0	2.9086E6	
1572	-7.6897E-1	8.5287E1	3.9536E0	2.9109E6	
1573	-7.6920E-1	8.4948E1	3.9607E0	2.9131E6	
1574	-7.6706E-1	8.8118E1	3.9677E0	2.9153E6	
1575	-7.6706E-1	8.8118E1	3.9749E0	2.9175E6	
1576	-7.6851E-1	8.5967E1	3.9821E0	2.9197E6	
1577	-7.7126E-1	8.1891E1	3.9892E0	2.9220E6	
1578	-7.6904E-1	8.5174E1	3.9964E0	2.9242E6	
1579	-7.6950E-1	8.4495E1	4.0035E0	2.9264E6	
1580	-7.7103E-1	8.2230E1	4.0106E0	2.9286E6	
1581	-7.6698E-1	8.8231E1	4.0178E0	2.9308E6	
1582	-7.7026E-1	8.3362E1	4.0250E0	2.9331E6	
1583	-7.6904E-1	8.5174E1	4.0321E0	2.9353E6	
1584	-7.7316E-1	7.9060E1	4.0392E0	2.9375E6	
1585	-7.7156E-1	8.1438E1	4.0464E0	2.9397E6	
1586	-7.6965E-1	8.4268E1	4.0536E0	2.9419E6	
1587	-7.6981E-1	8.4042E1	4.0607E0	2.9442E6	
1588	-7.7202E-1	8.0758E1	4.0679E0	2.9464E6	
1589	-7.7156E-1	8.1438E1	4.0750E0	2.9486E6	
1590	-7.7293E-1	7.9400E1	4.0823E0	2.9508E6	
1591	-7.7141E-1	8.1664E1	4.0894E0	2.9530E6	
1592	-7.7347E-1	7.8607E1	4.0966E0	2.9553E6	
1593	-7.7187E-1	8.0985E1	4.1038E0	2.9575E6	
1594	-7.7263E-1	7.9852E1	4.1110E0	2.9597E6	
1595	-7.7545E-1	7.5663E1	4.1182E0	2.9619E6	
1596	-7.7370E-1	7.8267E1	4.1254E0	2.9641E6	
1597	-7.7484E-1	7.6569E1	4.1326E0	2.9664E6	
1598	-7.7522E-1	7.6003E1	4.1399E0	2.9686E6	
1599	-7.7431E-1	7.7362E1	4.1470E0	2.9708E6	
1600	-7.7560E-1	7.5437E1	4.1543E0	2.9730E6	
1601	-7.7637E-1	7.4304E1	4.1615E0	2.9752E6	
1602	-7.7560E-1	7.5437E1	4.1686E0	2.9775E6	
1603	-7.7637E-1	7.4304E1	4.1759E0	2.9797E6	
1604	-7.7728E-1	7.2946E1	4.1831E0	2.9819E6	
1605	-7.7400E-1	7.7814E1	4.1903E0	2.9841E6	
1606	-7.7530E-1	7.5890E1	4.1975E0	2.9863E6	
1607	-7.7347E-1	7.8607E1	4.2048E0	2.9886E6	
1608	-7.7660E-1	7.3965E1	4.2121E0	2.9908E6	
1609	-7.7660E-1	7.3965E1	4.2193E0	2.9930E6	
1610	-7.7667E-1	7.3852E1	4.2265E0	2.9952E6	
1611	-7.7667E-1	7.3852E1	4.2338E0	2.9974E6	
1612	-7.7995E-1	6.8983E1	4.2410E0	2.9997E6	
1613	-7.7744E-1	7.2719E1	4.2482E0	3.0019E6	
1614	-7.7797E-1	7.1927E1	4.2555E0	3.0041E6	
1615	-7.7820E-1	7.1587E1	4.2628E0	3.0063E6	
1616	-7.7713E-1	7.3172E1	4.2700E0	3.0085E6	
1617	-7.7667E-1	7.3852E1	4.2774E0	3.0108E6	
1618	-7.7881E-1	7.0681E1	4.2846E0	3.0130E6	
1619	-7.7820E-1	7.1587E1	4.2919E0	3.0152E6	
1620	-7.7637E-1	7.4304E1	4.2991E0	3.0174E6	
1621	-7.8003E-1	6.8870E1	4.3064E0	3.0196E6	
1622	-7.7827E-1	7.1474E1	4.3137E0	3.0219E6	
1623	-7.8156E-1	6.6605E1	4.3209E0	3.0241E6	
1624	-7.7881E-1	7.0681E1	4.3281E0	3.0263E6	
1625	-7.7904E-1	7.0342E1	4.3355E0	3.0285E6	
1626	-7.7721E-1	7.3059E1	4.3428E0	3.0307E6	
1627	-7.7927E-1	7.0002E1	4.3501E0	3.0330E6	
1628	-7.8041E-1	6.8303E1	4.3574E0	3.0352E6	
1629	-7.8064E-1	6.7964E1	4.3647E0	3.0374E6	
1630	-7.8178E-1	6.6265E1	4.3720E0	3.0396E6	
1631	-7.8346E-1	6.3774E1	4.3793E0	3.0418E6	
1632	-7.8125E-1	6.7058E1	4.3866E0	3.0441E6	
1633	-7.8323E-1	6.4114E1	4.3940E0	3.0463E6	
1634	-7.8156E-1	6.6605E1	4.4012E0	3.0485E6	
1635	-7.8064E-1	6.7964E1	4.4086E0	3.0507E6	
1636	-7.8171E-1	6.6379E1	4.4158E0	3.0529E6	
1637	-7.8339E-1	6.3888E1	4.4232E0	3.0552E6	
1638	-7.8346E-1	6.3774E1	4.4305E0	3.0574E6	
1639	-7.8552E-1	6.0717E1	4.4378E0	3.0596E6	
1640	-7.8354E-1	6.3661E1	4.4452E0	3.0618E6	
1641	-7.8270E-1	6.4907E1	4.4524E0	3.0640E6	
1642	-7.8606E-1	5.9925E1	4.4598E0	3.0663E6	
1643	-7.8316E-1	6.4227E1	4.4671E0	3.0685E6	
1644	-7.8423E-1	6.2642E1	4.4745E0	3.0707E6	
1645	-7.8644E-1	5.9359E1	4.4819E0	3.0729E6	
1646	-7.8568E-1	6.0491E1	4.4891E0	3.0751E6	
1647	-7.8407E-1	6.2869E1	4.4966E0	3.0774E6	
1648	-7.8568E-1	6.0491E1	4.5039E0	3.0796E6	
1649	-7.8705E-1	5.8453E1	4.5111E0	3.0818E6	
1650	-7.8476E-1	6.1850E1	4.5186E0	3.0840E6	
1651	-7.8659E-1	5.9132E1	4.5259E0	3.0862E6	
1652	-7.8636E-1	5.9472E1	4.5334E0	3.0885E6	
1653	-7.8819E-1	5.6754E1	4.5406E0	3.0907E6	
1654	-7.8789E-1	5.7207E1	4.5480E0	3.0929E6	
1655	-7.8629E-1	5.9585E1	4.5554E0	3.0951E6	
1656	-7.8728E-1	5.8113E1	4.5628E0	3.0973E6	
1657	-7.8789E-1	5.7207E1	4.5702E0	3.0996E6	
1658	-7.8972E-1	5.4490E1	4.5775E0	3.1018E6	
1659	-7.8720E-1	5.8226E1	4.5849E0	3.1040E6	
1660	-7.8934E-1	5.5056E1	4.5922E0	3.1062E6	
1661	-7.8850E-1	5.6302E1	4.5996E0	3.1084E6	
1662	-7.8812E-1	5.6868E1	4.6069E0	3.1107E6	
1663	-7.8888E-1	5.5735E1	4.6143E0	3.1129E6	
1664	-7.8766E-1	5.7547E1	4.6218E0	3.1151E6	
1665	-7.9155E-1	5.1773E1	4.6291E0	3.1173E6	
1666	-7.8842E-1	5.6415E1	4.6365E0	3.1195E6	
1667	-7.8979E-1	5.4377E1	4.6438E0	3.1218E6	
1668	-7.8857E-1	5.6188E1	4.6513E0	3.1240E6	
1669	-7.9147E-1	5.1886E1	4.6587E0	3.1262E6	
1670	-7.9300E-1	4.9621E1	4.6660E0	3.1284E6	
1671	-7.9155E-1	5.1773E1	4.6735E0	3.1306E6	
1672	-7.8880E-1	5.5849E1	4.6808E0	3.1329E6	
1673	-7.9124E-1	5.2225E1	4.6883E0	3.1351E6	
1674	-7.8926E-1	5.5169E1	4.6956E0	3.1373E6	
1675	-7.9201E-1	5.1093E1	4.7031E0	3.1395E6	
1676	-7.9010E-1	5.3924E1	4.7104E0	3.1417E6	
1677	-7.9254E-1	5.0301E1	4.7179E0	3.1440E6	
1678	-7.9353E-1	4.8829E1	4.7253E0	3.1462E6	
1679	-7.9346E-1	4.8942E1	4.7327E0	3.1484E6	
1680	-7.9140E-1	5.1999E1	4.7400E0	3.1506E6	
1681	-7.9430E-1	4.7696E1	4.7475E0	3.1528E6	
1682	-7.8957E-1	5.4716E1	4.7548E0	3.1551E6	
1683	-7.9308E-1	4.9508E1	4.7623E0	3.1573E6	
1684	-7.9308E-1	4.9508E1	4.7697E0	3.1595E6	
1685	-7.9407E-1	4.8036E1	4.7771E0	3.1617E6	
1686	-7.9536E-1	4.6111E1	4.7846E0	3.1639E6	
1687	-7.9491E-1	4.6791E1	4.7920E0	3.1662E6	
1688	-7.9483E-1	4.6904E1	4.7995E0	3.1684E6	
1689	-7.9506E-1	4.6564E1	4.8068E0	3.1706E6	
1690	-7.9491E-1	4.6791E1	4.8143E0	3.1728E6	
1691	-7.9277E-1	4.9961E1	4.8218E0	3.1750E6	
1692	-7.9422E-1	4.7810E1	4.8290E0	3.1773E6	
1693	-7.9582E-1	4.5432E1	4.8366E0	3.1795E6	
1694	-7.9453E-1	4.7357E1	4.8439E0	3.1817E6	
1695	-7.9613E-1	4.4979E1	4.8514E0	3.1839E6	
1696	-7.9521E-1	4.6338E1	4.8588E0	3.1861E6	
1697	-7.9735E-1	4.3167E1	4.8662E0	3.1884E6	
1698	-7.9567E-1	4.5658E1	4.8737E0	3.1906E6	
1699	-7.9704E-1	4.3620E1	4.8812E0	3.1928E6	
1700	-7.9781E-1	4.2488E1	4.8886E0	3.1950E6	
1701	-7.9895E-1	4.0790E1	4.8960E0	3.1972E6	
1702	-7.9872E-1	4.1129E1	4.9034E0	3.1995E6	
1703	-7.9597E-1	4.5205E1	4.9110E0	3.2017E6	
1704	-7.9781E-1	4.2488E1	4.9184E0	3.2039E6	
1705	-7.9811E-1	4.2035E1	4.9258E0	3.2061E6	
1706	-8.0093E-1	3.7846E1	4.9332E0	3.2083E6	
1707	-8.0048E-1	3.8525E1	4.9407E0	3.2106E6	
1708	-7.9948E-1	3.9997E1	4.9482E0	3.2128E6	
1709	-7.9933E-1	4.0223E1	4.9556E0	3.2150E6	
1710	-8.0070E-1	3.8185E1	4.9630E0	3.2172E6	
1711	-8.0032E-1	3.8752E1	4.9705E0	3.2194E6	
1712	-8.0070E-1	3.8185E1	4.9780E0	3.2217E6	
1713	-8.0032E-1	3.8752E1	4.9855E0	3.2239E6	
1714	-8.0070E-1	3.8185E1	4.9930E0	3.2261E6	
1715	-8.0078E-1	3.8072E1	5.0004E0	3.2283E6	
1716	-8.0170E-1	3.6713E1	5.0078E0	3.2305E6	
1717	-8.0360E-1	3.3883E1	5.0153E0	3.2328E6	
1718	-8.0185E-1	3.6487E1	5.0228E0	3.2350E6	
1719	-8.0124E-1	3.7393E1	5.0302E0	3.2372E6	
1720	-8.0162E-1	3.6827E1	5.0376E0	3.2394E6	
1721	-8.0437E-1	3.2751E1	5.0451E0	3.2416E6	
1722	-8.0315E-1	3.4562E1	5.0526E0	3.2439E6	
1723	-8.0360E-1	3.3883E1	5.0601E0	3.2461E6	
1724	-8.0246E-1	3.5581E1	5.0676E0	3.2483E6	
1725	-8.0399E-1	3.3317E1	5.0751E0	3.2505E6	
1726	-8.0399E-1	3.3317E1	5.0826E0	3.2527E6	
1727	-8.0528E-1	3.1392E1	5.0900E0	3.2550E6	
1728	-8.0399E-1	3.3317E1	5.0975E0	3.2572E6	
1729	-8.0551E-1	3.1052E1	5.1049E0	3.2594E6	
1730	-8.0513E-1	3.1618E1	5.1125E0	3.2616E6	
1731	-8.0177E-1	3.6600E1	5.1199E0	3.2638E6	
1732	-8.0315E-1	3.4562E1	5.1274E0	3.2661E6	
1733	-8.0467E-1	3.2298E1	5.1348E0	3.2683E6	
1734	-8.0597E-1	3.0373E1	5.1422E0	3.2705E6	
1735	-8.0498E-1	3.1845E1	5.1498E0	3.2727E6	
1736	-8.0727E-1	2.8448E1	5.1572E0	3.2749E6	
1737	-8.0574E-1	3.0713E1	5.1647E0	3.2772E6	
1738	-8.0742E-1	2.8222E1	5.1722E0	3.2794E6	
1739	-8.0681E-1	2.9127E1	5.1796E0	3.2816E6	
1740	-8.0658E-1	2.9467E1	5.1872E0	3.2838E6	
1741	-8.0574E-1	3.0713E1	5.1946E0	3.2860E6	
1742	-8.0719E-1	2.8561E1	5.2021E0	3.2883E6	
1743	-8.0757E-1	2.7995E1	5.2097E0	3.2905E6	
1744	-8.0826E-1	2.6976E1	5.2170E0	3.2927E6	
1745	-8.0711E-1	2.8674E1	5.2245E0	3.2949E6	
1746	-8.0658E-1	2.9467E1	5.2321E0	3.2971E6	
1747	-8.1100E-1	2.2900E1	5.2395E0	3.2994E6	
1748	-8.0772E-1	2.7769E1	5.2470E0	3.3016E6	
1749	-8.0894E-1	2.5957E1	5.2545E0	3.3038E6	
1750	-8.1024E-1	2.4032E1	5.2619E0	3.3060E6	
1751	-8.0826E-1	2.6976E1	5.2694E0	3.3082E6	
1752	-8.0902E-1	2.5844E1	5.2769E0	3.3105E6	
1753	-8.1245E-1	2.0749E1	5.2844E0	3.3127E6	
1754	-8.1017E-1	2.4145E1	5.2919E0	3.3149E6	
1755	-8.1207E-1	2.1315E1	5.2993E0	3.3171E6	
1756	-8.1299E-1	1.9956E1	5.3068E0	3.3193E6	
1757	-8.0780E-1	2.7655E1	5.3144E0	3.3216E6	
1758	-8.1291E-1	2.0069E1	5.3217E0	3.3238E6	
1759	-8.1436E-1	1.7918E1	5.3292E0	3.3260E6	
1760	-8.1177E-1	2.1768E1	5.3366E0	3.3282E6	
1761	-8.1406E-1	1.8371E1	5.3441E0	3.3304E6	
1762	-8.1017E-1	2.4145E1	5.3516E0	3.3327E6	
1763	-8.1421E-1	1.8144E1	5.3591E0	3.3349E6	
1764	-8.1482E-1	1.7239E1	5.3666E0	3.3371E6	
1765	-8.1490E-1	1.7125E1	5.3740E0	3.3393E6	
1766	-8.1375E-1	1.8824E1	5.3814E0	3.3415E6	
1767	-8.1291E-1	2.0069E1	5.3890E0	3.3438E6	
1768	-8.1474E-1	1.7352E1	5.3964E0	3.3460E6	
1769	-8.1474E-1	1.7352E1	5.4039E0	3.3482E6	
1770	-8.1329E-1	1.9503E1	5.4113E0	3.3504E6	
1771	-8.1360E-1	1.9050E1	5.4188E0	3.3526E6	
1772	-8.1360E-1	1.9050E1	5.4263E0	3.3549E6	
1773	-8.1635E-1	1.4974E1	5.4337E0	3.3571E6	
1774	-8.1619E-1	1.5201E1	5.4411E0	3.3593E6	
1775	-8.1612E-1	1.5314E1	5.4487E0	3.3615E6	
1776	-8.1581E-1	1.5767E1	5.4561E0	3.3637E6	
1777	-8.1642E-1	1.4861E1	5.4637E0	3.3660E6	
1778	-8.1596E-1	1.5540E1	5.4710E0	3.3682E6	
1779	-8.1818E-1	1.2257E1	5.4786E0	3.3704E6	
1780	-8.1551E-1	1.6220E1	5.4859E0	3.3726E6	
1781	-8.1520E-1	1.6673E1	5.4935E0	3.3748E6	
1782	-8.1627E-1	1.5087E1	5.5008E0	3.3771E6	
1783	-8.1688E-1	1.4182E1	5.5084E0	3.3793E6	
1784	-8.1612E-1	1.5314E1	5.5158E0	3.3815E6	
1785	-8.1909E-1	1.0898E1	5.5233E0	3.3837E6	
1786	-8.1711E-1	1.3842E1	5.5308E0	3.3859E6	
1787	-8.1886E-1	1.1238E1	5.5383E0	3.3882E6	
1788	-8.1779E-1	1.2823E1	5.5458E0	3.3904E6	
1789	-8.1963E-1	1.0105E1	5.5532E0	3.3926E6	
1790	-8.2001E-1	9.5393E0	5.5542E0	3.3929E6	
1791	-8.2001E-1	9.5393E0	5.5542E0	3.3929E6	
1792	-8.2001E-1	9.5393E0	5.5542E0	3.3929E6	
1793	-8.2001E-1	9.5393E0	5.5542E0	3.3929E6	
1794	-8.2001E-1	9.5393E0	5.5542E0	3.3929E6	
1795	-8.2001E-1	9.5393E0	5.5542E0	3.3929E6	
1796	-8.2001E-1	9.5393E0	5.5542E0	3.3929E6	
1797	-8.2001E-1	9.5393E0	5.5542E0	3.3929E6	
1798	-8.2001E-1	9.5393E0	5.5542E0	3.3929E6	
1799	-8.2001E-1	9.5393E0	5.5542E0	3.3929E6	
1800	-8.2001E-1	9.5393E0	5.5542E0	3.3929E6	
1801	-8.2001E-1	9.5393E0	5.5542E0	3.3929E6	
1802	-8.2001E-1	9.5393E0	5.5542E0	3.3929E6	
1803	-8.2001E-1	9.5393E0	5.5542E0	3.3929E6	
1804	-8.2001E-1	9.5393E0	5.5542E0	3.3929E6	
1805	-8.2001E-1	9.5393E0	5.5542E0	3.3929E6	
1806	-8.2001E-1	9.5393E0	5.5542E0	3.3929E6	
1807	-8.2001E-1	9.5393E0	5.5542E0	3.3929E6	
1808	-8.2001E-1	9.5393E0	5.5542E0	3.3929E6	
1809	-8.2001E-1	9.5393E0	5.5542E0	3.3929E6	
1810	-8.2001E-1	9.5393E0	5.5542E0	3.3929E6	
1811	-8.2001E-1	9.5393E0	5.5542E0	3.3929E6	
1812	-8.2001E-1	9.5393E0	5.5542E0	3.3929E6	
1813	-8.2001E-1	9.5393E0	5.5542E0	3.3929E6	
1814	-8.2001E-1	9.5393E0	5.5542E0	3.3929E6	
1815	-8.2001E-1	9.5393E0	5.5542E0	3.3929E6	
1816	-8.2001E-1	9.5393E0	5.5542E0	3.3929E6	
1817	-8.2001E-1	9.5393E0	5.5542E0	3.3929E6	
1818	-8.2001E-1	9.5393E0	5.5542E0	3.3929E6	
1819	-8.2001E-1	9.5393E0	5.5542E0	3.3929E6	
1820	-8.2001E-1	9.5393E0	5.5542E0	3.3929E6	
1821	-8.2001E-1	9.5393E0	5.5542E0	3.3929E6	
1822	-8.2001E-1	9.5393E0	5.5542E0	3.3929E6	
1823	-8.2001E-1	9.5393E0	5.5542E0	3.3929E6	
1824	-8.2001E-1	9.5393E0	5.5542E0	3.3929E6	
1825	-8.2001E-1	9.5393E0	5.5542E0	3.3929E6	
1826	-8.2001E-1	9.5393E0	5.5542E0	3.3929E6	
1827	-8.2001E-1	9.5393E0	5.5542E0	3.3929E6	
1828	-8.2001E-1	9.5393E0	5.5542E0	3.3929E6	
1829	-8.2001E-1	9.5393E0	5.5542E0	3.3929E6	
1830	-8.2001E-1	9.5393E0	5.5542E0	3.3929E6	
1831	-8.2001E-1	9.5393E0	5.5542E0	3.3929E6	
1832	-8.2001E-1	9.5393E0	5.5542E0	3.3929E6	
1833	-8.2001E-1	9.5393E0	5.5542E0	3.3929E6	
1834	-8.2001E-1	9.5393E0	5.5542E0	3.3929E6	
1835	-8.2001E-1	9.5393E0	5.5542E0	3.3929E6	
1836	-8.2001E-1	9.5393E0	5.5542E0	3.3929E6	
1837	-8.2001E-1	9.5393E0	5.5542E0	3.3929E6	
1838	-8.2001E-1	9.5393E0	5.5542E0	3.3929E6	
1839	-8.2001E-1	9.5393E0	5.5542E0	3.3929E6	
1840	-8.2001E-1	9.5393E0	5.5542E0	3.3929E6	
1841	-8.2001E-1	9.5393E0	5.5542E0	3.3929E6	
1842	-8.2001E-1	9.5393E0	5.5542E0	3.3929E6	
1843	-8.2001E-1	9.5393E0	5.5542E0	3.3929E6	
1844	-8.2001E-1	9.5393E0	5.5542E0	3.3929E6	
1845	-8.2001E-1	9.5393E0	5.5542E0	3.3929E6	
1846	-8.2001E-1	9.5393E0	5.5542E0	3.3929E6	
1847	-8.2001E-1	9.5393E0	5.5542E0	3.3929E6	
1848	-8.2001E-1	9.5393E0	5.5542E0	3.3929E6	
1849	-8.2001E-1	9.5393E0	5.5542E0	3.3929E6	
1850	-8.2001E-1	9.5393E0	5.5542E0	3.3929E6	
1851	-8.2001E-1	9.5393E0	5.5542E0	3.3929E6	
1852	-8.2001E-1	9.5393E0	5.5542E0	3.3929E6	
1853	-8.2001E-1	9.5393E0	5.5542E0	3.3929E6	
1854	-8.2001E-1	9.5393E0	5.5542E0	3.3929E6	
1855	-8.2001E-1	9.5393E0	5.5542E0	3.3929E6	
1856	-8.2001E-1	9.5393E0	5.5542E0	3.3929E6	
1857	-8.2001E-1	9.5393E0	5.5542E0	3.3929E6	
1858	-8.2001E-1	9.5393E0	5.5542E0	3.3929E6	
1859	-8.2001E-1	9.5393E0	5.5542E0	3.3929E6	
1860	-8.2001E-1	9.5393E0	5.5542E0	3.3929E6	
1861	-8.2001E-1	9.5393E0	5.5542E0	3.3929E6	
1862	-8.2001E-1	9.5393E0	5.5542E0	3.3929E6	
1863	-8.2001E-1	9.5393E0	5.5542E0	3.3929E6	
1864	-8.2001E-1	9.5393E0	5.5542E0	3.3929E6	
1865	-8.2001E-1	9.5393E0	5.5542E0	3.3929E6	
1866	-8.2001E-1	9.5393E0	5.5542E0	3.3929E6	
1867	-8.2001E-1	9.5393E0	5.5542E0	3.3929E6	
1868	-8.2001E-1	9.5393E0	5.5542E0	3.3929E6	
1869	-8.2001E-1	9.5393E0	5.5542E0	3.3929E6	
1870	-8.2001E-1	9.5393E0	5.5542E0	3.3929E6	
1871	-8.2001E-1	9.5393E0	5.5542E0	3.3929E6	
1872	-8.2001E-1	9.5393E0	5.5542E0	3.3929E6	
1873	-8.2001E-1	9.5393E0	5.5542E0	3.3929E6	
1874	-8.2001E-1	9.5393E0	5.5542E0	3.3929E6	
1875	-8.2001E-1	9.5393E0	5.5542E0	3.3929E6	
1876	-8.2001E-1	9.5393E0	5.5542E0	3.3929E6	
1877	-8.2001E-1	9.5393E0	5.5542E0	3.3929E6	
1878	-8.2001E-1	9.5393E0	5.5542E0	3.3929E6	
1879	-8.2001E-1	9.5393E0	5.5542E0	3.3929E6	
1880	-8.2001E-1	9.5393E0	5.5542E0	3.3929E6	
1881	-8.2001E-1	9.5393E0	5.5542E0	3.3929E6	
1882	-8.2001E-1	9.5393E0	5.5542E0	3.3929E6	
1883	-8.2001E-1	9.5393E0	5.5542E0	3.3929E6	
1884	-8.2001E-1	9.5393E0	5.5542E0	3.3929E6	
1885	-8.2001E-1	9.5393E0	5.5542E0	3.3929E6	
1886	-8.2001E-1	9.5393E0	5.5542E0	3.3929E6	
1887	-8.2001E-1	9.5393E0	5.5542E0	3.3929E6	
1888	-8.2001E-1	9.5393E0	5.5542E0	3.3929E6	
1889	-8.2001E-1	9.5393E0	5.5542E0	3.3929E6	
1890	-8.2001E-1	9.5393E0	5.5542E0	3.3929E6	
1891	-8.2001E-1	9.5393E0	5.5542E0	3.3929E6	
1892	-8.2001E-1	9.5393E0	5.5542E0	3.3929E6	
1893	-8.2001E-1	9.5393E0	5.5542E0	3.3929E6	
1894	-8.2001E-1	9.5393E0	5.5542E0	3.3929E6	
1895	-8.2001E-1	9.5393E0	5.5542E0	3.3929E6	
1896	-8.2001E-1	9.5393E0	5.5542E0	3.3929E6	
1897	-8.2001E-1	9.5393E0	5.5542E0	3.3929E6	
1898	-8.2001E-1	9.5393E0	5.5542E0	3.3929E6	
1899	-8.2001E-1	9.5393E0	5.5542E0	3.3929E6	
1900	-8.2001E-1	9.5393E0	5.5542E0	3.3929E6	
1901	-8.2001E-1	9.5393E0	5.5542E0	3.3929E6	
1902	-8.2001E-1	9.5393E0	5.5542E0	3.3929E6	
1903	-8.2001E-1	9.5393E0	5.5542E0	3.3929E6	
1904	-8.2001E-1	9.5393E0	5.5542E0	3.3929E6	
1905	-8.2001E-1	9.5393E0	5.5542E0	3.3929E6	
1906	-8.2001E-1	9.5393E0	5.5542E0	3.3929E6	
1907	-8.2001E-1	9.5393E0	5.5542E0	3.3929E6	
1908	-8.2001E-1	9.5393E0	5.5542E0	3.3929E6	
1909	-8.2001E-1	9.5393E0	5.5542E0	3.3929E6	
1910	-8.2001E-1	9.5393E0	5.5542E0	3.3929E6	
1911	-8.2001E-1	9.5393E0	5.5542E0	3.3929E6	
1912	-8.2001E-1	9.5393E0	5.5542E0	3.3929E6	
1913	-8.2001E-1	9.5393E0	5.5542E0	3.3929E6	
1914	-8.2001E-1	9.5393E0	5.5542E0	3.3929E6	
1915	-8.2001E-1	9.5393E0	5.5542E0	3.3929E6	
1916	-8.2001E-1	9.5393E0	5.5542E0	3.3929E6	
1917	-8.2001E-1	9.5393E0	5.5542E0	3.3929E6	
1918	-8.2001E-1	9.5393E0	5.5542E0	3.3929E6	
1919	-8.2001E-1	9.5393E0	5.5542E0	3.3929E6	
1920	-8.2001E-1	9.5393E0	5.5542E0	3.3929E6	
1921	-8.2001E-1	9.5393E0	5.5542E0	3.3929E6	
1922	-8.2001E-1	9.5393E0	5.5542E0	3.3929E6	
1923	-8.2001E-1	9.5393E0	5.5542E0	3.3929E6	
1924	-8.2001E-1	9.5393E0	5.5542E0	3.3929E6	
1925	-8.2001E-1	9.5393E0	5.5542E0	3.3929E6	
1926	-8.2001E-1	9.5393E0	5.5542E0	3.3929E6	
1927	-8.2001E-1	9.5393E0	5.5542E0	3.3929E6	
1928	-8.2001E-1	9.5393E0	5.5542E0	3.3929E6	
1929	-8.2001E-1	9.5393E0	5.5542E0	3.3929E6	
1930	-8.2001E-1	9.5393E0	5.5542E0	3.3929E6	
1931	-8.2001E-1	9.5393E0	5.5542E0	3.3929E6	
1932	-8.2001E-1	9.5393E0	5.5542E0	3.3929E6	
1933	-8.2001E-1	9.5393E0	5.5542E0	3.3929E6	
1934	-8.2001E-1	9.5393E0	5.5542E0	3.3929E6	
1935	-8.2001E-1	9.5393E0	5.5542E0	3.3929E6	
1936	-8.2001E-1	9.5393E0	5.5542E0	3.3929E6	
1937	-8.2001E-1	9.5393E0	5.5542E0	3.3929E6	
1938	-8.2001E-1	9.5393E0	5.5542E0	3.3929E6	
1939	-8.2001E-1	9.5393E0	5.5542E0	3.3929E6	
1940	-8.2001E-1	9.5393E0	5.5542E0	3.3929E6	
1941	-8.2001E-1	9.5393E0	5.5542E0	3.3929E6	
1942	-8.2001E-1	9.5393E0	5.5542E0	3.3929E6	
1943	-8.2001E-1	9.5393E0	5.5542E0	3.3929E6	
1944	-8.2001E-1	9.5393E0	5.5542E0	3.3929E6	
1945	-8.2001E-1	9.5393E0	5.5542E0	3.3929E6	
1946	-8.2001E-1	9.5393E0	5.5542E0	3.3929E6	
1947	-8.2001E-1	9.5393E0	5.5542E0	3.3929E6	
1948	-8.2001E-1	9.5393E0	5.5542E0	3.3929E6	
1949	-8.2001E-1	9.5393E0	5.5542E0	3.3929E6	
1950	-8.2001E-1	9.5393E0	5.5542E0	3.3929E6	
1951	-8.2001E-1	9.5393E0	5.5542E0	3.3929E6	
1952	-8.2001E-1	9.5393E0	5.5542E0	3.3929E6	
1953	-8.2001E-1	9.5393E0	5.5542E0	3.3929E6	
1954	-8.2001E-1	9.5393E0	5.5542E0	3.3929E6	
1955	-8.2001E-1	9.5393E0	5.5542E0	3.3929E6	
1956	-8.2001E-1	9.5393E0	5.5542E0	3.3929E6	
1957	-8.2001E-1	9.5393E0	5.5542E0	3.3929E6	
1958	-8.2001E-1	9.5393E0	5.5542E0	3.3929E6	
1959	-8.2001E-1	9.5393E0	5.5542E0	3.3929E6	
1960	-8.2001E-1	9.5393E0	5.5542E0	3.3929E6	
1961	-8.2001E-1	9.5393E0	5.5542E0	3.3929E6	
1962	-8.2001E-1	9.5393E0	5.5542E0	3.3929E6	
1963	-8.2001E-1	9.5393E0	5.5542E0	3.3929E6	
1964	-8.2001E-1	9.5393E0	5.5542E0	3.3929E6	
1965	-8.2001E-1	9.5393E0	5.5542E0	3.3929E6	
1966	-8.2001E-1	9.5393E0	5.5542E0	3.3929E6	
1967	-8.2001E-1	9.5393E0	5.5542E0	3.3929E6	
1968	-8.2001E-1	9.5393E0	5.5542E0	3.3929E6	
1969	-8.2001E-1	9.5393E0	5.5542E0	3.3929E6	
1970	-8.2001E-1	9.5393E0	5.5542E0	3.3929E6	
1971	-8.2001E-1	9.5393E0	5.5542E0	3.3929E6	
1972	-8.2001E-1	9.5393E0	5.5542E0	3.3929E6	
1973	-8.2001E-1	9.5393E0	5.5542E0	3.3929E6	
1974	-8.2001E-1	9.5393E0	5.5542E0	3.3929E6	
1975	-8.2001E-1	9.5393E0	5.5542E0	3.3929E6	
1976	-8.2001E-1	9.5393E0	5.5542E0	3.3929E6	
1977	-8.2001E-1	9.5393E0	5.5542E0	3.3929E6	
1978	-8.2001E-1	9.5393E0	5.5542E0	3.3929E6	
1979	-8.2001E-1	9.5393E0	5.5542E0	3.3929E6	
1980	-8.2001E-1	9.5393E0	5.5542E0	3.3929E6	
1981	-8.2001E-1	9.5393E0	5.5542E0	3.3929E6	
1982	-8.2001E-1	9.5393E0	5.5542E0	3.3929E6	
1983	-8.2001E-1	9.5393E0	5.5542E0	3.3929E6	
1984	-8.2001E-1	9.5393E0	5.5542E0	3.3929E6	
1985	-8.2001E-1	9.5393E0	5.5542E0	3.3929E6	
1986	-8.2001E-1	9.5393E0	5.5542E0	3.3929E6	
1987	-8.2001E-1	9.5393E0	5.5542E0	3.3929E6	
1988	-8.2001E-1	9.5393E0	5.5542E0	3.3929E6	
1989	-8.2001E-1	9.5393E0	5.5542E0	3.3929E6	
1990	-8.2001E-1	9.5393E0	5.5542E0	3.3929E6	
1991	-8.2001E-1	9.5393E0	5.5542E0	3.3929E6	
1992	-8.2001E-1	9.5393E0	5.5542E0	3.3929E6	
1993	-8.2001E-1	9.5393E0	5.5542E0	3.3929E6	
1994	-8.2001E-1	9.5393E0	5.5542E0	3.3929E6	
1995	-8.2001E-1	9.5393E0	5.5542E0	3.3929E6	
1996	-8.2001E-1	9.5393E0	5.5542E0	3.3929E6	
1997	-8.2001E-1	9.5393E0	5.5542E0	3.3929E6	
1998	-8.2001E-1	9.5393E0	5.5542E0	3.3929E6	
1999	-8.2001E-1	9.5393E0	5.5542E0	3.3929E6	
2000	-8.2001E-1	9.5393E0	5.5542E0	3.3929E6	
2001	-8.2001E-1	9.5393E0	5.5542E0	3.3929E6	
2002	-8.2001E-1	9.5393E0	5.5542E0	3.3929E6	
2003	-8.2001E-1	9.5393E0	5.5542E0	3.3929E6	
2004	-8.2001E-1	9.5393E0	5.5542E0	3.3929E6	
2005	-8.2001E-1	9.5393E0	5.5542E0	3.3929E6	
2006	-8.2001E-1	9.5393E0	5.5542E0	3.3929E6	
2007	-8.2001E-1	9.5393E0	5.5542E0	3.3929E6	
2008	-8.2001E-1	9.5393E0	5.5542E0	3.3929E6	
2009	-8.2001E-1	9.5393E0	5.5542E0	3.3929E6	
2010	-8.2001E-1	9.5393E0	5.5542E0	3.3929E6	
2011	-8.2001E-1	9.5393E0	5.5542E0	3.3929E6	
2012	-8.2001E-1	9.5393E0	5.5542E0	3.3929E6	
2013	-8.2001E-1	9.5393E0	5.5542E0	3.3929E6	
2014	-8.2001E-1	9.5393E0	5.5542E0	3.3929E6	
2015	-8.2001E-1	9.5393E0	5.5542E0	3.3929E6	
2016	-8.2001E-1	9.5393E0	5.5542E0	3.3929E6	
2017	-8.2001E-1	9.5393E0	5.5542E0	3.3929E6	
2018	-8.2001E-1	9.5393E0	5.5542E0	3.3929E6	
2019	-8.2001E-1	9.5393E0	5.5542E0	3.3929E6	
2020	-8.2001E-1	9.5393E0	5.5542E0	3.3929E6	
2021	-8.2001E-1	9.5393E0	5.5542E0	3.3929E6	
2022	-8.2001E-1	9.5393E0	5.5542E0	3.3929E6	
2023	-8.2001E-1	9.5393E0	5.5542E0	3.3929E6	
2024	-8.2001E-1	9.5393E0	5.5542E0	3.3929E6	
2025	-8.2001E-1	9.5393E0	5.5542E0	3.3929E6	
2026	-8.2001E-1	9.5393E0	5.5542E0	3.3929E6	
2027	-8.2001E-1	9.5393E0	5.5542E0	3.3929E6	
2028	-8.2001E-1	9.5393E0	5.5542E0	3.3929E6	
2029	-8.2001E-1	9.5393E0	5.5542E0	3.3929E6	
2030	-8.2001E-1	9.5393E0	5.5542E0	3.3929E6	
2031	-8.2001E-1	9.5393E0	5.5542E0	3.3929E6	
2032	-8.2001E-1	9.5393E0	5.5542E0	3.3929E6	
2033	-8.2001E-1	9.5393E0	5.5542E0	3.3929E6	
2034	-8.2001E-1	9.5393E0	5.5542E0	3.3929E6	
2035	-8.2001E-1	9.5393E0	5.5542E0	3.3929E6	
2036	-8.2001E-1	9.5393E0	5.5542E0	3.3929E6	
2037	-8.2001E-1	9.5393E0	5.5542E0	3.3929E6	
2038	-8.2001E-1	9.5393E0	5.5542E0	3.3929E6	
2039	-8.2001E-1	9.5393E0	5.5542E0	3.3929E6	
2040	-8.2001E-1	9.5393E0	5.5542E0	3.3929E6	
2041	-8.2001E-1	9.5393E0	5.5542E0	3.3929E6	
2042	-8.2001E-1	9.5393E0	5.5542E0	3.3929E6	
2043	-8.2001E-1	9.5393E0	5.5542E0	3.3929E6	
2044	-8.2001E-1	9.5393E0	5.5542E0	3.3929E6	
2045	-8.2001E-1	9.5393E0	5.5542E0	3.3929E6	
2046	-8.2001E-1	9.5393E0	5.5542E0	3.3929E6	
2047	-8.2001E-1	9.5393E0	5.5542E0	3.3929E6	
2048	-8.2001E-1	9.5393E0	5.5542E0	3.3929E6	
