point 087
Index	Vertical (A-B)	Force	Z Height	Time Stamp	
     	V	nN	?m	?sec	
1	-7.9796E-1	8.4975E-2	5.3704E0	1.2000E2	
2	-7.9750E-1	7.6433E-1	5.3691E0	2.3400E3	
3	-8.0017E-1	-3.1986E0	5.3664E0	4.5600E3	
4	-7.9887E-1	-1.2737E0	5.3633E0	6.7800E3	
5	-7.9948E-1	-2.1795E0	5.3599E0	9.0000E3	
6	-7.9720E-1	1.2172E0	5.3563E0	1.1220E4	
7	-7.9826E-1	-3.6793E-1	5.3525E0	1.3440E4	
8	-7.9834E-1	-4.8115E-1	5.3486E0	1.5660E4	
9	-7.9796E-1	8.4975E-2	5.3447E0	1.7880E4	
10	-8.0002E-1	-2.9721E0	5.3406E0	2.0100E4	
11	-7.9834E-1	-4.8115E-1	5.3364E0	2.2320E4	
12	-7.9819E-1	-2.5470E-1	5.3321E0	2.4540E4	
13	-7.9865E-1	-9.3406E-1	5.3278E0	2.6760E4	
14	-7.9895E-1	-1.3870E0	5.3234E0	2.8980E4	
15	-7.9773E-1	4.2465E-1	5.3190E0	3.1200E4	
16	-7.9750E-1	7.6433E-1	5.3145E0	3.3420E4	
17	-7.9582E-1	3.2553E0	5.3100E0	3.5640E4	
18	-7.9819E-1	-2.5470E-1	5.3055E0	3.7860E4	
19	-7.9712E-1	1.3305E0	5.3010E0	4.0080E4	
20	-7.9681E-1	1.7834E0	5.2964E0	4.2300E4	
21	-7.9765E-1	5.3788E-1	5.2917E0	4.4520E4	
22	-7.9659E-1	2.1230E0	5.2871E0	4.6740E4	
23	-7.9430E-1	5.5198E0	5.2824E0	4.8960E4	
24	-7.9636E-1	2.4627E0	5.2777E0	5.1180E4	
25	-7.9735E-1	9.9078E-1	5.2730E0	5.3400E4	
26	-7.9521E-1	4.1611E0	5.2684E0	5.5620E4	
27	-7.9559E-1	3.5950E0	5.2635E0	5.7840E4	
28	-7.9582E-1	3.2553E0	5.2588E0	6.0060E4	
29	-7.9407E-1	5.8595E0	5.2541E0	6.2280E4	
30	-7.9666E-1	2.0098E0	5.2493E0	6.4500E4	
31	-7.9590E-1	3.1421E0	5.2445E0	6.6720E4	
32	-7.9338E-1	6.8785E0	5.2397E0	6.8940E4	
33	-7.9445E-1	5.2934E0	5.2349E0	7.1160E4	
34	-7.9475E-1	4.8405E0	5.2300E0	7.3380E4	
35	-7.9384E-1	6.1992E0	5.2251E0	7.5600E4	
36	-7.9536E-1	3.9346E0	5.2203E0	7.7820E4	
37	-7.9277E-1	7.7843E0	5.2154E0	8.0040E4	
38	-7.9269E-1	7.8976E0	5.2105E0	8.2260E4	
39	-7.9353E-1	6.6521E0	5.2056E0	8.4480E4	
40	-7.9247E-1	8.2372E0	5.2008E0	8.6700E4	
41	-7.9369E-1	6.4256E0	5.1958E0	8.8920E4	
42	-7.9140E-1	9.8224E0	5.1909E0	9.1140E4	
43	-7.9590E-1	3.1421E0	5.1860E0	9.3360E4	
44	-7.9254E-1	8.1240E0	5.1811E0	9.5580E4	
45	-7.9292E-1	7.5579E0	5.1760E0	9.7800E4	
46	-7.9338E-1	6.8785E0	5.1711E0	1.0002E5	
47	-7.9254E-1	8.1240E0	5.1661E0	1.0224E5	
48	-7.9102E-1	1.0389E1	5.1612E0	1.0446E5	
49	-7.9155E-1	9.5959E0	5.1561E0	1.0668E5	
50	-7.9048E-1	1.1181E1	5.1512E0	1.0890E5	
51	-7.9338E-1	6.8785E0	5.1461E0	1.1112E5	
52	-7.9170E-1	9.3695E0	5.1411E0	1.1334E5	
53	-7.9109E-1	1.0275E1	5.1361E0	1.1556E5	
54	-7.8918E-1	1.3106E1	5.1311E0	1.1778E5	
55	-7.9208E-1	8.8034E0	5.1260E0	1.2000E5	
56	-7.8964E-1	1.2427E1	5.1210E0	1.2222E5	
57	-7.9117E-1	1.0162E1	5.1160E0	1.2444E5	
58	-7.8903E-1	1.3332E1	5.1109E0	1.2666E5	
59	-7.8888E-1	1.3559E1	5.1058E0	1.2888E5	
60	-7.8896E-1	1.3446E1	5.1007E0	1.3110E5	
61	-7.9124E-1	1.0049E1	5.0956E0	1.3332E5	
62	-7.8873E-1	1.3785E1	5.0907E0	1.3554E5	
63	-7.8735E-1	1.5823E1	5.0855E0	1.3776E5	
64	-7.8827E-1	1.4465E1	5.0804E0	1.3998E5	
65	-7.9002E-1	1.1860E1	5.0753E0	1.4220E5	
66	-7.8888E-1	1.3559E1	5.0702E0	1.4442E5	
67	-7.8880E-1	1.3672E1	5.0651E0	1.4664E5	
68	-7.8995E-1	1.1974E1	5.0600E0	1.4886E5	
69	-7.8827E-1	1.4465E1	5.0549E0	1.5108E5	
70	-7.8644E-1	1.7182E1	5.0497E0	1.5330E5	
71	-7.8667E-1	1.6842E1	5.0446E0	1.5552E5	
72	-7.8758E-1	1.5484E1	5.0394E0	1.5774E5	
73	-7.8575E-1	1.8201E1	5.0342E0	1.5996E5	
74	-7.8888E-1	1.3559E1	5.0291E0	1.6218E5	
75	-7.8606E-1	1.7748E1	5.0238E0	1.6440E5	
76	-7.8644E-1	1.7182E1	5.0187E0	1.6662E5	
77	-7.8712E-1	1.6163E1	5.0134E0	1.6884E5	
78	-7.8773E-1	1.5257E1	5.0083E0	1.7106E5	
79	-7.8751E-1	1.5597E1	5.0030E0	1.7328E5	
80	-7.8674E-1	1.6729E1	4.9980E0	1.7550E5	
81	-7.8690E-1	1.6503E1	4.9927E0	1.7772E5	
82	-7.8705E-1	1.6276E1	4.9875E0	1.7994E5	
83	-7.8323E-1	2.1938E1	4.9822E0	1.8216E5	
84	-7.8659E-1	1.6956E1	4.9770E0	1.8438E5	
85	-7.8720E-1	1.6050E1	4.9718E0	1.8660E5	
86	-7.8278E-1	2.2617E1	4.9665E0	1.8882E5	
87	-7.8545E-1	1.8654E1	4.9612E0	1.9104E5	
88	-7.8423E-1	2.0466E1	4.9560E0	1.9326E5	
89	-7.8300E-1	2.2277E1	4.9508E0	1.9548E5	
90	-7.8445E-1	2.0126E1	4.9455E0	1.9770E5	
91	-7.8712E-1	1.6163E1	4.9402E0	1.9992E5	
92	-7.8720E-1	1.6050E1	4.9349E0	2.0214E5	
93	-7.8323E-1	2.1938E1	4.9296E0	2.0436E5	
94	-7.8354E-1	2.1485E1	4.9243E0	2.0658E5	
95	-7.8323E-1	2.1938E1	4.9190E0	2.0880E5	
96	-7.8438E-1	2.0239E1	4.9137E0	2.1102E5	
97	-7.8407E-1	2.0692E1	4.9084E0	2.1324E5	
98	-7.8522E-1	1.8994E1	4.9031E0	2.1546E5	
99	-7.8163E-1	2.4315E1	4.8977E0	2.1768E5	
100	-7.8125E-1	2.4881E1	4.8924E0	2.1990E5	
101	-7.8247E-1	2.3070E1	4.8872E0	2.2212E5	
102	-7.8262E-1	2.2843E1	4.8818E0	2.2434E5	
103	-7.8362E-1	2.1371E1	4.8765E0	2.2656E5	
104	-7.8201E-1	2.3749E1	4.8711E0	2.2878E5	
105	-7.8392E-1	2.0919E1	4.8657E0	2.3100E5	
106	-7.8209E-1	2.3636E1	4.8604E0	2.3322E5	
107	-7.8438E-1	2.0239E1	4.8550E0	2.3544E5	
108	-7.8354E-1	2.1485E1	4.8495E0	2.3766E5	
109	-7.8110E-1	2.5108E1	4.8443E0	2.3988E5	
110	-7.8369E-1	2.1258E1	4.8389E0	2.4210E5	
111	-7.8262E-1	2.2843E1	4.8334E0	2.4432E5	
112	-7.8255E-1	2.2957E1	4.8282E0	2.4654E5	
113	-7.8094E-1	2.5334E1	4.8227E0	2.4876E5	
114	-7.8201E-1	2.3749E1	4.8172E0	2.5098E5	
115	-7.8285E-1	2.2504E1	4.8119E0	2.5320E5	
116	-7.7896E-1	2.8278E1	4.8064E0	2.5542E5	
117	-7.8110E-1	2.5108E1	4.8011E0	2.5764E5	
118	-7.8003E-1	2.6693E1	4.7956E0	2.5986E5	
119	-7.7789E-1	2.9863E1	4.7901E0	2.6208E5	
120	-7.8011E-1	2.6580E1	4.7847E0	2.6430E5	
121	-7.8133E-1	2.4768E1	4.7793E0	2.6652E5	
122	-7.8064E-1	2.5787E1	4.7738E0	2.6874E5	
123	-7.7835E-1	2.9184E1	4.7684E0	2.7096E5	
124	-7.7957E-1	2.7372E1	4.7629E0	2.7318E5	
125	-7.8102E-1	2.5221E1	4.7574E0	2.7540E5	
126	-7.7911E-1	2.8052E1	4.7520E0	2.7762E5	
127	-7.7850E-1	2.8958E1	4.7466E0	2.7984E5	
128	-7.8079E-1	2.5561E1	4.7410E0	2.8206E5	
129	-7.7782E-1	2.9977E1	4.7355E0	2.8428E5	
130	-7.7774E-1	3.0090E1	4.7300E0	2.8650E5	
131	-7.7690E-1	3.1335E1	4.7245E0	2.8872E5	
132	-7.7805E-1	2.9637E1	4.7190E0	2.9094E5	
133	-7.8094E-1	2.5334E1	4.7135E0	2.9316E5	
134	-7.7682E-1	3.1449E1	4.7080E0	2.9538E5	
135	-7.7614E-1	3.2468E1	4.7025E0	2.9760E5	
136	-7.7751E-1	3.0429E1	4.6970E0	2.9982E5	
137	-7.7766E-1	3.0203E1	4.6915E0	3.0204E5	
138	-7.7438E-1	3.5072E1	4.6858E0	3.0426E5	
139	-7.7736E-1	3.0656E1	4.6804E0	3.0648E5	
140	-7.7652E-1	3.1901E1	4.6748E0	3.0870E5	
141	-7.7385E-1	3.5864E1	4.6693E0	3.1092E5	
142	-7.7637E-1	3.2128E1	4.6637E0	3.1314E5	
143	-7.7637E-1	3.2128E1	4.6580E0	3.1536E5	
144	-7.7629E-1	3.2241E1	4.6526E0	3.1758E5	
145	-7.7477E-1	3.4506E1	4.6470E0	3.1980E5	
146	-7.7499E-1	3.4166E1	4.6415E0	3.2202E5	
147	-7.7499E-1	3.4166E1	4.6358E0	3.2424E5	
148	-7.7682E-1	3.1449E1	4.6302E0	3.2646E5	
149	-7.7301E-1	3.7110E1	4.6246E0	3.2868E5	
150	-7.7431E-1	3.5185E1	4.6190E0	3.3090E5	
151	-7.7614E-1	3.2468E1	4.6134E0	3.3312E5	
152	-7.7393E-1	3.5751E1	4.6077E0	3.3534E5	
153	-7.7362E-1	3.6204E1	4.6022E0	3.3756E5	
154	-7.7454E-1	3.4845E1	4.5965E0	3.3978E5	
155	-7.7301E-1	3.7110E1	4.5909E0	3.4200E5	
156	-7.7286E-1	3.7336E1	4.5852E0	3.4422E5	
157	-7.7187E-1	3.8808E1	4.5797E0	3.4644E5	
158	-7.7103E-1	4.0054E1	4.5740E0	3.4866E5	
159	-7.7431E-1	3.5185E1	4.5684E0	3.5088E5	
160	-7.7377E-1	3.5978E1	4.5627E0	3.5310E5	
161	-7.7179E-1	3.8921E1	4.5570E0	3.5532E5	
162	-7.7187E-1	3.8808E1	4.5514E0	3.5754E5	
163	-7.7263E-1	3.7676E1	4.5457E0	3.5976E5	
164	-7.7133E-1	3.9601E1	4.5400E0	3.6198E5	
165	-7.7324E-1	3.6770E1	4.5343E0	3.6420E5	
166	-7.7126E-1	3.9714E1	4.5287E0	3.6642E5	
167	-7.6958E-1	4.2205E1	4.5230E0	3.6864E5	
168	-7.6973E-1	4.1979E1	4.5173E0	3.7086E5	
169	-7.7011E-1	4.1412E1	4.5115E0	3.7308E5	
170	-7.7019E-1	4.1299E1	4.5058E0	3.7530E5	
171	-7.7156E-1	3.9261E1	4.5001E0	3.7752E5	
172	-7.7049E-1	4.0846E1	4.4944E0	3.7974E5	
173	-7.7110E-1	3.9940E1	4.4887E0	3.8196E5	
174	-7.7019E-1	4.1299E1	4.4830E0	3.8418E5	
175	-7.7003E-1	4.1526E1	4.4772E0	3.8640E5	
176	-7.6836E-1	4.4017E1	4.4715E0	3.8862E5	
177	-7.6935E-1	4.2545E1	4.4658E0	3.9084E5	
178	-7.6920E-1	4.2771E1	4.4601E0	3.9306E5	
179	-7.7209E-1	3.8469E1	4.4544E0	3.9528E5	
180	-7.6920E-1	4.2771E1	4.4485E0	3.9750E5	
181	-7.6851E-1	4.3790E1	4.4427E0	3.9972E5	
182	-7.6942E-1	4.2431E1	4.4369E0	4.0194E5	
183	-7.6859E-1	4.3677E1	4.4312E0	4.0416E5	
184	-7.6958E-1	4.2205E1	4.4255E0	4.0638E5	
185	-7.6920E-1	4.2771E1	4.4197E0	4.0860E5	
186	-7.7011E-1	4.1412E1	4.4140E0	4.1082E5	
187	-7.6874E-1	4.3450E1	4.4081E0	4.1304E5	
188	-7.6866E-1	4.3564E1	4.4024E0	4.1526E5	
189	-7.6675E-1	4.6394E1	4.3966E0	4.1748E5	
190	-7.6820E-1	4.4243E1	4.3907E0	4.1970E5	
191	-7.6637E-1	4.6960E1	4.3849E0	4.2192E5	
192	-7.6759E-1	4.5149E1	4.3791E0	4.2414E5	
193	-7.6508E-1	4.8885E1	4.3733E0	4.2636E5	
194	-7.6744E-1	4.5375E1	4.3675E0	4.2858E5	
195	-7.6729E-1	4.5602E1	4.3617E0	4.3080E5	
196	-7.6614E-1	4.7300E1	4.3558E0	4.3302E5	
197	-7.6660E-1	4.6621E1	4.3499E0	4.3524E5	
198	-7.6546E-1	4.8319E1	4.3442E0	4.3746E5	
199	-7.6454E-1	4.9678E1	4.3383E0	4.3968E5	
200	-7.6378E-1	5.0810E1	4.3325E0	4.4190E5	
201	-7.6546E-1	4.8319E1	4.3266E0	4.4412E5	
202	-7.6668E-1	4.6508E1	4.3207E0	4.4634E5	
203	-7.6485E-1	4.9225E1	4.3148E0	4.4856E5	
204	-7.6424E-1	5.0131E1	4.3090E0	4.5078E5	
205	-7.6508E-1	4.8885E1	4.3031E0	4.5300E5	
206	-7.6599E-1	4.7527E1	4.2972E0	4.5522E5	
207	-7.6256E-1	5.2622E1	4.2914E0	4.5744E5	
208	-7.6584E-1	4.7753E1	4.2855E0	4.5966E5	
209	-7.6546E-1	4.8319E1	4.2797E0	4.6188E5	
210	-7.6149E-1	5.4207E1	4.2737E0	4.6410E5	
211	-7.6385E-1	5.0697E1	4.2679E0	4.6632E5	
212	-7.6286E-1	5.2169E1	4.2620E0	4.6854E5	
213	-7.6241E-1	5.2848E1	4.2560E0	4.7076E5	
214	-7.6317E-1	5.1716E1	4.2501E0	4.7298E5	
215	-7.6294E-1	5.2056E1	4.2442E0	4.7520E5	
216	-7.6355E-1	5.1150E1	4.2383E0	4.7742E5	
217	-7.6363E-1	5.1037E1	4.2324E0	4.7964E5	
218	-7.6393E-1	5.0584E1	4.2265E0	4.8186E5	
219	-7.6180E-1	5.3754E1	4.2206E0	4.8408E5	
220	-7.6157E-1	5.4094E1	4.2146E0	4.8630E5	
221	-7.6164E-1	5.3980E1	4.2086E0	4.8852E5	
222	-7.6088E-1	5.5113E1	4.2027E0	4.9074E5	
223	-7.6180E-1	5.3754E1	4.1967E0	4.9296E5	
224	-7.6431E-1	5.0018E1	4.1907E0	4.9518E5	
225	-7.6202E-1	5.3414E1	4.1848E0	4.9740E5	
226	-7.6149E-1	5.4207E1	4.1788E0	4.9962E5	
227	-7.6141E-1	5.4320E1	4.1729E0	5.0184E5	
228	-7.6057E-1	5.5566E1	4.1669E0	5.0406E5	
229	-7.6233E-1	5.2961E1	4.1609E0	5.0628E5	
230	-7.6065E-1	5.5452E1	4.1549E0	5.0850E5	
231	-7.5912E-1	5.7717E1	4.1490E0	5.1072E5	
232	-7.5745E-1	6.0208E1	4.1430E0	5.1294E5	
233	-7.5813E-1	5.9189E1	4.1370E0	5.1516E5	
234	-7.5920E-1	5.7604E1	4.1310E0	5.1738E5	
235	-7.5935E-1	5.7377E1	4.1250E0	5.1960E5	
236	-7.5958E-1	5.7038E1	4.1190E0	5.2182E5	
237	-7.5912E-1	5.7717E1	4.1131E0	5.2404E5	
238	-7.6004E-1	5.6358E1	4.1071E0	5.2626E5	
239	-7.5790E-1	5.9528E1	4.1010E0	5.2848E5	
240	-7.5691E-1	6.1000E1	4.0950E0	5.3070E5	
241	-7.5920E-1	5.7604E1	4.0889E0	5.3292E5	
242	-7.5829E-1	5.8962E1	4.0829E0	5.3514E5	
243	-7.5737E-1	6.0321E1	4.0770E0	5.3736E5	
244	-7.5638E-1	6.1793E1	4.0708E0	5.3958E5	
245	-7.5844E-1	5.8736E1	4.0649E0	5.4180E5	
246	-7.5630E-1	6.1906E1	4.0588E0	5.4402E5	
247	-7.5798E-1	5.9415E1	4.0528E0	5.4624E5	
248	-7.5645E-1	6.1680E1	4.0467E0	5.4846E5	
249	-7.5737E-1	6.0321E1	4.0407E0	5.5068E5	
250	-7.5668E-1	6.1340E1	4.0346E0	5.5290E5	
251	-7.5623E-1	6.2019E1	4.0286E0	5.5512E5	
252	-7.5546E-1	6.3152E1	4.0225E0	5.5734E5	
253	-7.5462E-1	6.4397E1	4.0164E0	5.5956E5	
254	-7.5432E-1	6.4850E1	4.0104E0	5.6178E5	
255	-7.5653E-1	6.1567E1	4.0043E0	5.6400E5	
256	-7.5577E-1	6.2699E1	3.9982E0	5.6622E5	
257	-7.5645E-1	6.1680E1	3.9921E0	5.6844E5	
258	-7.5615E-1	6.2133E1	3.9860E0	5.7066E5	
259	-7.5165E-1	6.8813E1	3.9799E0	5.7288E5	
260	-7.5371E-1	6.5756E1	3.9738E0	5.7510E5	
261	-7.5638E-1	6.1793E1	3.9676E0	5.7732E5	
262	-7.5607E-1	6.2246E1	3.9615E0	5.7954E5	
263	-7.5287E-1	6.7001E1	3.9555E0	5.8176E5	
264	-7.5600E-1	6.2359E1	3.9494E0	5.8398E5	
265	-7.5508E-1	6.3718E1	3.9432E0	5.8620E5	
266	-7.5279E-1	6.7115E1	3.9372E0	5.8842E5	
267	-7.5485E-1	6.4058E1	3.9310E0	5.9064E5	
268	-7.5150E-1	6.9039E1	3.9249E0	5.9286E5	
269	-7.5249E-1	6.7568E1	3.9187E0	5.9508E5	
270	-7.4989E-1	7.1417E1	3.9127E0	5.9730E5	
271	-7.5241E-1	6.7681E1	3.9064E0	5.9952E5	
272	-7.5203E-1	6.8247E1	3.9004E0	6.0174E5	
273	-7.5043E-1	7.0625E1	3.8942E0	6.0396E5	
274	-7.5127E-1	6.9379E1	3.8880E0	6.0618E5	
275	-7.5096E-1	6.9832E1	3.8819E0	6.0840E5	
276	-7.5394E-1	6.5416E1	3.8757E0	6.1062E5	
277	-7.5157E-1	6.8926E1	3.8696E0	6.1284E5	
278	-7.5294E-1	6.6888E1	3.8634E0	6.1506E5	
279	-7.5012E-1	7.1078E1	3.8572E0	6.1728E5	
280	-7.5073E-1	7.0172E1	3.8511E0	6.1950E5	
281	-7.5142E-1	6.9153E1	3.8449E0	6.2172E5	
282	-7.4898E-1	7.2776E1	3.8387E0	6.2394E5	
283	-7.4936E-1	7.2210E1	3.8326E0	6.2616E5	
284	-7.4928E-1	7.2323E1	3.8263E0	6.2838E5	
285	-7.5066E-1	7.0285E1	3.8202E0	6.3060E5	
286	-7.4837E-1	7.3682E1	3.8139E0	6.3282E5	
287	-7.4944E-1	7.2097E1	3.8077E0	6.3504E5	
288	-7.4883E-1	7.3002E1	3.8015E0	6.3726E5	
289	-7.4875E-1	7.3116E1	3.7953E0	6.3948E5	
290	-7.4936E-1	7.2210E1	3.7891E0	6.4170E5	
291	-7.4730E-1	7.5267E1	3.7830E0	6.4392E5	
292	-7.4921E-1	7.2436E1	3.7767E0	6.4614E5	
293	-7.4852E-1	7.3455E1	3.7704E0	6.4836E5	
294	-7.4890E-1	7.2889E1	3.7642E0	6.5058E5	
295	-7.4883E-1	7.3002E1	3.7580E0	6.5280E5	
296	-7.4783E-1	7.4474E1	3.7517E0	6.5502E5	
297	-7.4585E-1	7.7418E1	3.7455E0	6.5724E5	
298	-7.4890E-1	7.2889E1	3.7392E0	6.5946E5	
299	-7.4951E-1	7.1983E1	3.7331E0	6.6168E5	
300	-7.4684E-1	7.5946E1	3.7269E0	6.6390E5	
301	-7.4738E-1	7.5154E1	3.7206E0	6.6612E5	
302	-7.4638E-1	7.6626E1	3.7142E0	6.6834E5	
303	-7.4669E-1	7.6173E1	3.7081E0	6.7056E5	
304	-7.4570E-1	7.7645E1	3.7018E0	6.7278E5	
305	-7.4486E-1	7.8890E1	3.6954E0	6.7500E5	
306	-7.4463E-1	7.9230E1	3.6892E0	6.7722E5	
307	-7.4539E-1	7.8098E1	3.6830E0	6.7944E5	
308	-7.4577E-1	7.7531E1	3.6768E0	6.8166E5	
309	-7.4310E-1	8.1494E1	3.6704E0	6.8388E5	
310	-7.4539E-1	7.8098E1	3.6641E0	6.8610E5	
311	-7.4532E-1	7.8211E1	3.6578E0	6.8832E5	
312	-7.4257E-1	8.2287E1	3.6516E0	6.9054E5	
313	-7.4493E-1	7.8777E1	3.6453E0	6.9276E5	
314	-7.4417E-1	7.9909E1	3.6389E0	6.9498E5	
315	-7.4226E-1	8.2740E1	3.6327E0	6.9720E5	
316	-7.4158E-1	8.3759E1	3.6263E0	6.9942E5	
317	-7.4287E-1	8.1834E1	3.6200E0	7.0164E5	
318	-7.4402E-1	8.0136E1	3.6138E0	7.0386E5	
319	-7.4280E-1	8.1947E1	3.6074E0	7.0608E5	
320	-7.4303E-1	8.1608E1	3.6011E0	7.0830E5	
321	-7.4730E-1	7.5267E1	3.5948E0	7.1052E5	
322	-7.4158E-1	8.3759E1	3.5884E0	7.1274E5	
323	-7.4059E-1	8.5231E1	3.5822E0	7.1496E5	
324	-7.4341E-1	8.1041E1	3.5757E0	7.1718E5	
325	-7.4348E-1	8.0928E1	3.5694E0	7.1940E5	
326	-7.4326E-1	8.1268E1	3.5631E0	7.2162E5	
327	-7.4402E-1	8.0136E1	3.5568E0	7.2384E5	
328	-7.4303E-1	8.1608E1	3.5504E0	7.2606E5	
329	-7.4203E-1	8.3079E1	3.5440E0	7.2828E5	
330	-7.4074E-1	8.5004E1	3.5377E0	7.3050E5	
331	-7.4158E-1	8.3759E1	3.5313E0	7.3272E5	
332	-7.3959E-1	8.6703E1	3.5250E0	7.3494E5	
333	-7.4120E-1	8.4325E1	3.5186E0	7.3716E5	
334	-7.4219E-1	8.2853E1	3.5123E0	7.3938E5	
335	-7.3875E-1	8.7948E1	3.5059E0	7.4160E5	
336	-7.3982E-1	8.6363E1	3.4995E0	7.4382E5	
337	-7.3967E-1	8.6589E1	3.4931E0	7.4604E5	
338	-7.3914E-1	8.7382E1	3.4867E0	7.4826E5	
339	-7.3921E-1	8.7269E1	3.4803E0	7.5048E5	
340	-7.3944E-1	8.6929E1	3.4740E0	7.5270E5	
341	-7.3875E-1	8.7948E1	3.4675E0	7.5492E5	
342	-7.3883E-1	8.7835E1	3.4611E0	7.5714E5	
343	-7.3952E-1	8.6816E1	3.4547E0	7.5936E5	
344	-7.3921E-1	8.7269E1	3.4483E0	7.6158E5	
345	-7.3761E-1	8.9647E1	3.4419E0	7.6380E5	
346	-7.3936E-1	8.7042E1	3.4355E0	7.6602E5	
347	-7.4051E-1	8.5344E1	3.4291E0	7.6824E5	
348	-7.3860E-1	8.8175E1	3.4227E0	7.7046E5	
349	-7.3853E-1	8.8288E1	3.4162E0	7.7268E5	
350	-7.3753E-1	8.9760E1	3.4098E0	7.7490E5	
351	-7.3845E-1	8.8401E1	3.4035E0	7.7712E5	
352	-7.3730E-1	9.0099E1	3.3969E0	7.7934E5	
353	-7.3555E-1	9.2704E1	3.3906E0	7.8156E5	
354	-7.3677E-1	9.0892E1	3.3841E0	7.8378E5	
355	-7.3578E-1	9.2364E1	3.3776E0	7.8600E5	
356	-7.3570E-1	9.2477E1	3.3713E0	7.8822E5	
357	-7.3479E-1	9.3836E1	3.3648E0	7.9044E5	
358	-7.3471E-1	9.3949E1	3.3584E0	7.9266E5	
359	-7.3227E-1	9.7572E1	3.3518E0	7.9488E5	
360	-7.3578E-1	9.2364E1	3.3454E0	7.9710E5	
361	-7.3807E-1	8.8967E1	3.3389E0	7.9932E5	
362	-7.3441E-1	9.4402E1	3.3326E0	8.0154E5	
363	-7.3204E-1	9.7912E1	3.3260E0	8.0376E5	
364	-7.3502E-1	9.3496E1	3.3196E0	8.0598E5	
365	-7.3441E-1	9.4402E1	3.3130E0	8.0820E5	
366	-7.3387E-1	9.5195E1	3.3066E0	8.1042E5	
367	-7.3441E-1	9.4402E1	3.3001E0	8.1264E5	
368	-7.3029E-1	1.0052E2	3.2936E0	8.1486E5	
369	-7.3303E-1	9.6440E1	3.2872E0	8.1708E5	
370	-7.3349E-1	9.5761E1	3.2808E0	8.1930E5	
371	-7.3418E-1	9.4742E1	3.2742E0	8.2152E5	
372	-7.3174E-1	9.8365E1	3.2677E0	8.2374E5	
373	-7.3303E-1	9.6440E1	3.2611E0	8.2596E5	
374	-7.3051E-1	1.0018E2	3.2547E0	8.2818E5	
375	-7.3174E-1	9.8365E1	3.2482E0	8.3040E5	
376	-7.3143E-1	9.8818E1	3.2416E0	8.3262E5	
377	-7.3090E-1	9.9610E1	3.2351E0	8.3484E5	
378	-7.2922E-1	1.0210E2	3.2286E0	8.3706E5	
379	-7.3227E-1	9.7572E1	3.2220E0	8.3928E5	
380	-7.2929E-1	1.0199E2	3.2156E0	8.4150E5	
381	-7.3143E-1	9.8818E1	3.2091E0	8.4372E5	
382	-7.3112E-1	9.9271E1	3.2025E0	8.4594E5	
383	-7.3151E-1	9.8705E1	3.1960E0	8.4816E5	
384	-7.3067E-1	9.9950E1	3.1895E0	8.5038E5	
385	-7.2861E-1	1.0301E2	3.1829E0	8.5260E5	
386	-7.2968E-1	1.0142E2	3.1764E0	8.5482E5	
387	-7.3105E-1	9.9384E1	3.1698E0	8.5704E5	
388	-7.3013E-1	1.0074E2	3.1633E0	8.5926E5	
389	-7.2876E-1	1.0278E2	3.1567E0	8.6148E5	
390	-7.2678E-1	1.0572E2	3.1502E0	8.6370E5	
391	-7.3128E-1	9.9044E1	3.1436E0	8.6592E5	
392	-7.2838E-1	1.0335E2	3.1372E0	8.6814E5	
393	-7.2693E-1	1.0550E2	3.1305E0	8.7036E5	
394	-7.2723E-1	1.0505E2	3.1240E0	8.7258E5	
395	-7.3006E-1	1.0086E2	3.1174E0	8.7480E5	
396	-7.2800E-1	1.0391E2	3.1108E0	8.7702E5	
397	-7.2838E-1	1.0335E2	3.1042E0	8.7924E5	
398	-7.2823E-1	1.0357E2	3.0977E0	8.8146E5	
399	-7.2823E-1	1.0357E2	3.0910E0	8.8368E5	
400	-7.2899E-1	1.0244E2	3.0844E0	8.8590E5	
401	-7.2510E-1	1.0822E2	3.0777E0	8.8812E5	
402	-7.2754E-1	1.0459E2	3.0712E0	8.9034E5	
403	-7.2639E-1	1.0629E2	3.0647E0	8.9256E5	
404	-7.2624E-1	1.0652E2	3.0581E0	8.9478E5	
405	-7.2540E-1	1.0776E2	3.0515E0	8.9700E5	
406	-7.2548E-1	1.0765E2	3.0450E0	8.9922E5	
407	-7.2472E-1	1.0878E2	3.0383E0	9.0144E5	
408	-7.2533E-1	1.0788E2	3.0317E0	9.0366E5	
409	-7.2624E-1	1.0652E2	3.0250E0	9.0588E5	
410	-7.2472E-1	1.0878E2	3.0185E0	9.0810E5	
411	-7.2678E-1	1.0572E2	3.0119E0	9.1032E5	
412	-7.2372E-1	1.1025E2	3.0053E0	9.1254E5	
413	-7.2227E-1	1.1240E2	2.9986E0	9.1476E5	
414	-7.2304E-1	1.1127E2	2.9920E0	9.1698E5	
415	-7.2304E-1	1.1127E2	2.9852E0	9.1920E5	
416	-7.2418E-1	1.0957E2	2.9787E0	9.2142E5	
417	-7.2182E-1	1.1308E2	2.9721E0	9.2364E5	
418	-7.2327E-1	1.1093E2	2.9654E0	9.2586E5	
419	-7.2205E-1	1.1274E2	2.9587E0	9.2808E5	
420	-7.2296E-1	1.1139E2	2.9521E0	9.3030E5	
421	-7.2182E-1	1.1308E2	2.9455E0	9.3252E5	
422	-7.2174E-1	1.1320E2	2.9388E0	9.3474E5	
423	-7.2289E-1	1.1150E2	2.9321E0	9.3696E5	
424	-7.2350E-1	1.1059E2	2.9255E0	9.3918E5	
425	-7.2006E-1	1.1569E2	2.9188E0	9.4140E5	
426	-7.2067E-1	1.1478E2	2.9122E0	9.4362E5	
427	-7.2044E-1	1.1512E2	2.9055E0	9.4584E5	
428	-7.2136E-1	1.1376E2	2.8989E0	9.4806E5	
429	-7.2121E-1	1.1399E2	2.8921E0	9.5028E5	
430	-7.2258E-1	1.1195E2	2.8854E0	9.5250E5	
431	-7.2067E-1	1.1478E2	2.8787E0	9.5472E5	
432	-7.2067E-1	1.1478E2	2.8721E0	9.5694E5	
433	-7.1922E-1	1.1693E2	2.8654E0	9.5916E5	
434	-7.1915E-1	1.1705E2	2.8587E0	9.6138E5	
435	-7.1915E-1	1.1705E2	2.8520E0	9.6360E5	
436	-7.2006E-1	1.1569E2	2.8454E0	9.6582E5	
437	-7.2021E-1	1.1546E2	2.8387E0	9.6804E5	
438	-7.1945E-1	1.1659E2	2.8321E0	9.7026E5	
439	-7.2037E-1	1.1524E2	2.8253E0	9.7248E5	
440	-7.1983E-1	1.1603E2	2.8186E0	9.7470E5	
441	-7.1770E-1	1.1920E2	2.8119E0	9.7692E5	
442	-7.1625E-1	1.2135E2	2.8052E0	9.7914E5	
443	-7.1907E-1	1.1716E2	2.7985E0	9.8136E5	
444	-7.1815E-1	1.1852E2	2.7917E0	9.8358E5	
445	-7.1617E-1	1.2146E2	2.7851E0	9.8580E5	
446	-7.1838E-1	1.1818E2	2.7784E0	9.8802E5	
447	-7.1632E-1	1.2124E2	2.7716E0	9.9024E5	
448	-7.1625E-1	1.2135E2	2.7649E0	9.9246E5	
449	-7.1777E-1	1.1909E2	2.7582E0	9.9468E5	
450	-7.1350E-1	1.2543E2	2.7515E0	9.9690E5	
451	-7.1526E-1	1.2282E2	2.7446E0	9.9912E5	
452	-7.1411E-1	1.2452E2	2.7379E0	1.0013E6	
453	-7.1671E-1	1.2067E2	2.7313E0	1.0036E6	
454	-7.1342E-1	1.2554E2	2.7244E0	1.0058E6	
455	-7.1602E-1	1.2169E2	2.7176E0	1.0080E6	
456	-7.1800E-1	1.1875E2	2.7110E0	1.0102E6	
457	-7.1495E-1	1.2327E2	2.7043E0	1.0124E6	
458	-7.1404E-1	1.2463E2	2.6974E0	1.0147E6	
459	-7.1457E-1	1.2384E2	2.6907E0	1.0169E6	
460	-7.1518E-1	1.2293E2	2.6839E0	1.0191E6	
461	-7.1426E-1	1.2429E2	2.6772E0	1.0213E6	
462	-7.1358E-1	1.2531E2	2.6703E0	1.0235E6	
463	-7.1510E-1	1.2305E2	2.6637E0	1.0258E6	
464	-7.1281E-1	1.2644E2	2.6569E0	1.0280E6	
465	-7.1404E-1	1.2463E2	2.6501E0	1.0302E6	
466	-7.1350E-1	1.2543E2	2.6432E0	1.0324E6	
467	-7.1411E-1	1.2452E2	2.6365E0	1.0346E6	
468	-7.0969E-1	1.3109E2	2.6297E0	1.0369E6	
469	-7.1304E-1	1.2611E2	2.6229E0	1.0391E6	
470	-7.1236E-1	1.2712E2	2.6162E0	1.0413E6	
471	-7.1281E-1	1.2644E2	2.6094E0	1.0435E6	
472	-7.1106E-1	1.2905E2	2.6026E0	1.0457E6	
473	-7.1251E-1	1.2690E2	2.5958E0	1.0480E6	
474	-7.1205E-1	1.2758E2	2.5891E0	1.0502E6	
475	-7.0992E-1	1.3075E2	2.5823E0	1.0524E6	
476	-7.1022E-1	1.3029E2	2.5754E0	1.0546E6	
477	-7.0831E-1	1.3313E2	2.5686E0	1.0568E6	
478	-7.1320E-1	1.2588E2	2.5619E0	1.0591E6	
479	-7.1213E-1	1.2746E2	2.5550E0	1.0613E6	
480	-7.1068E-1	1.2962E2	2.5482E0	1.0635E6	
481	-7.0915E-1	1.3188E2	2.5415E0	1.0657E6	
482	-7.1129E-1	1.2871E2	2.5346E0	1.0679E6	
483	-7.0831E-1	1.3313E2	2.5278E0	1.0702E6	
484	-7.1060E-1	1.2973E2	2.5210E0	1.0724E6	
485	-7.0923E-1	1.3177E2	2.5141E0	1.0746E6	
486	-7.0930E-1	1.3165E2	2.5073E0	1.0768E6	
487	-7.0854E-1	1.3279E2	2.5004E0	1.0790E6	
488	-7.0724E-1	1.3471E2	2.4936E0	1.0813E6	
489	-7.0900E-1	1.3211E2	2.4868E0	1.0835E6	
490	-7.0740E-1	1.3448E2	2.4800E0	1.0857E6	
491	-7.0679E-1	1.3539E2	2.4732E0	1.0879E6	
492	-7.0518E-1	1.3777E2	2.4663E0	1.0901E6	
493	-7.0709E-1	1.3494E2	2.4595E0	1.0924E6	
494	-7.0778E-1	1.3392E2	2.4526E0	1.0946E6	
495	-7.0839E-1	1.3301E2	2.4458E0	1.0968E6	
496	-7.0778E-1	1.3392E2	2.4389E0	1.0990E6	
497	-7.0839E-1	1.3301E2	2.4321E0	1.1012E6	
498	-7.0938E-1	1.3154E2	2.4253E0	1.1035E6	
499	-7.0450E-1	1.3879E2	2.4184E0	1.1057E6	
500	-7.0564E-1	1.3709E2	2.4115E0	1.1079E6	
501	-7.0534E-1	1.3754E2	2.4045E0	1.1101E6	
502	-7.0366E-1	1.4003E2	2.3977E0	1.1123E6	
503	-7.0503E-1	1.3799E2	2.3908E0	1.1146E6	
504	-7.0343E-1	1.4037E2	2.3841E0	1.1168E6	
505	-7.0419E-1	1.3924E2	2.3771E0	1.1190E6	
506	-7.0534E-1	1.3754E2	2.3702E0	1.1212E6	
507	-7.0374E-1	1.3992E2	2.3634E0	1.1234E6	
508	-7.0282E-1	1.4128E2	2.3566E0	1.1257E6	
509	-7.0320E-1	1.4071E2	2.3496E0	1.1279E6	
510	-7.0122E-1	1.4366E2	2.3428E0	1.1301E6	
511	-7.0511E-1	1.3788E2	2.3359E0	1.1323E6	
512	-7.0290E-1	1.4116E2	2.3291E0	1.1345E6	
513	-7.0236E-1	1.4196E2	2.3221E0	1.1368E6	
514	-7.0122E-1	1.4366E2	2.3153E0	1.1390E6	
515	-7.0297E-1	1.4105E2	2.3083E0	1.1412E6	
516	-7.0221E-1	1.4218E2	2.3014E0	1.1434E6	
517	-7.0160E-1	1.4309E2	2.2945E0	1.1456E6	
518	-7.0419E-1	1.3924E2	2.2876E0	1.1479E6	
519	-7.0198E-1	1.4252E2	2.2807E0	1.1501E6	
520	-7.0023E-1	1.4513E2	2.2739E0	1.1523E6	
521	-7.0137E-1	1.4343E2	2.2669E0	1.1545E6	
522	-7.0152E-1	1.4320E2	2.2601E0	1.1567E6	
523	-7.0061E-1	1.4456E2	2.2531E0	1.1590E6	
524	-6.9923E-1	1.4660E2	2.2462E0	1.1612E6	
525	-7.0198E-1	1.4252E2	2.2394E0	1.1634E6	
526	-7.0091E-1	1.4411E2	2.2324E0	1.1656E6	
527	-6.9992E-1	1.4558E2	2.2255E0	1.1678E6	
528	-6.9702E-1	1.4988E2	2.2185E0	1.1701E6	
529	-6.9839E-1	1.4784E2	2.2116E0	1.1723E6	
530	-6.9832E-1	1.4796E2	2.2047E0	1.1745E6	
531	-6.9702E-1	1.4988E2	2.1977E0	1.1767E6	
532	-6.9687E-1	1.5011E2	2.1908E0	1.1789E6	
533	-6.9641E-1	1.5079E2	2.1839E0	1.1812E6	
534	-6.9839E-1	1.4784E2	2.1770E0	1.1834E6	
535	-6.9870E-1	1.4739E2	2.1700E0	1.1856E6	
536	-6.9702E-1	1.4988E2	2.1631E0	1.1878E6	
537	-6.9656E-1	1.5056E2	2.1561E0	1.1900E6	
538	-6.9794E-1	1.4852E2	2.1492E0	1.1923E6	
539	-6.9664E-1	1.5045E2	2.1422E0	1.1945E6	
540	-6.9725E-1	1.4954E2	2.1352E0	1.1967E6	
541	-6.9740E-1	1.4932E2	2.1284E0	1.1989E6	
542	-6.9771E-1	1.4886E2	2.1213E0	1.2011E6	
543	-6.9351E-1	1.5509E2	2.1146E0	1.2034E6	
544	-6.9717E-1	1.4966E2	2.1075E0	1.2056E6	
545	-6.9572E-1	1.5181E2	2.1006E0	1.2078E6	
546	-6.9679E-1	1.5022E2	2.0936E0	1.2100E6	
547	-6.9473E-1	1.5328E2	2.0866E0	1.2122E6	
548	-6.9740E-1	1.4932E2	2.0796E0	1.2145E6	
549	-6.9290E-1	1.5600E2	2.0727E0	1.2167E6	
550	-6.9427E-1	1.5396E2	2.0657E0	1.2189E6	
551	-6.9382E-1	1.5464E2	2.0587E0	1.2211E6	
552	-6.9633E-1	1.5090E2	2.0518E0	1.2233E6	
553	-6.9420E-1	1.5407E2	2.0448E0	1.2256E6	
554	-6.9405E-1	1.5430E2	2.0378E0	1.2278E6	
555	-6.9099E-1	1.5883E2	2.0308E0	1.2300E6	
556	-6.9168E-1	1.5781E2	2.0239E0	1.2322E6	
557	-6.9328E-1	1.5543E2	2.0168E0	1.2344E6	
558	-6.9252E-1	1.5656E2	2.0099E0	1.2367E6	
559	-6.9275E-1	1.5622E2	2.0029E0	1.2389E6	
560	-6.9298E-1	1.5588E2	1.9960E0	1.2411E6	
561	-6.9176E-1	1.5770E2	1.9889E0	1.2433E6	
562	-6.9138E-1	1.5826E2	1.9819E0	1.2455E6	
563	-6.9313E-1	1.5566E2	1.9750E0	1.2478E6	
564	-6.9054E-1	1.5951E2	1.9680E0	1.2500E6	
565	-6.9077E-1	1.5917E2	1.9610E0	1.2522E6	
566	-6.9031E-1	1.5985E2	1.9540E0	1.2544E6	
567	-6.9244E-1	1.5668E2	1.9470E0	1.2566E6	
568	-6.9084E-1	1.5905E2	1.9399E0	1.2589E6	
569	-6.8916E-1	1.6154E2	1.9330E0	1.2611E6	
570	-6.8871E-1	1.6222E2	1.9260E0	1.2633E6	
571	-6.8932E-1	1.6132E2	1.9189E0	1.2655E6	
572	-6.8909E-1	1.6166E2	1.9120E0	1.2677E6	
573	-6.8893E-1	1.6188E2	1.9049E0	1.2700E6	
574	-6.8825E-1	1.6290E2	1.8978E0	1.2722E6	
575	-6.8779E-1	1.6358E2	1.8908E0	1.2744E6	
576	-6.8794E-1	1.6336E2	1.8838E0	1.2766E6	
577	-6.8871E-1	1.6222E2	1.8769E0	1.2788E6	
578	-6.9000E-1	1.6030E2	1.8699E0	1.2811E6	
579	-6.8817E-1	1.6302E2	1.8628E0	1.2833E6	
580	-6.8687E-1	1.6494E2	1.8559E0	1.2855E6	
581	-6.8596E-1	1.6630E2	1.8488E0	1.2877E6	
582	-6.8657E-1	1.6539E2	1.8418E0	1.2899E6	
583	-6.8733E-1	1.6426E2	1.8347E0	1.2922E6	
584	-6.8611E-1	1.6607E2	1.8278E0	1.2944E6	
585	-6.8672E-1	1.6517E2	1.8207E0	1.2966E6	
586	-6.8619E-1	1.6596E2	1.8136E0	1.2988E6	
587	-6.8726E-1	1.6438E2	1.8066E0	1.3010E6	
588	-6.8512E-1	1.6755E2	1.7996E0	1.3033E6	
589	-6.8611E-1	1.6607E2	1.7926E0	1.3055E6	
590	-6.8733E-1	1.6426E2	1.7855E0	1.3077E6	
591	-6.8520E-1	1.6743E2	1.7784E0	1.3099E6	
592	-6.8169E-1	1.7264E2	1.7715E0	1.3121E6	
593	-6.8604E-1	1.6619E2	1.7644E0	1.3144E6	
594	-6.8405E-1	1.6913E2	1.7574E0	1.3166E6	
595	-6.8375E-1	1.6958E2	1.7503E0	1.3188E6	
596	-6.8665E-1	1.6528E2	1.7432E0	1.3210E6	
597	-6.8329E-1	1.7026E2	1.7362E0	1.3232E6	
598	-6.8382E-1	1.6947E2	1.7292E0	1.3255E6	
599	-6.8420E-1	1.6890E2	1.7221E0	1.3277E6	
600	-6.8245E-1	1.7151E2	1.7150E0	1.3299E6	
601	-6.8329E-1	1.7026E2	1.7080E0	1.3321E6	
602	-6.8283E-1	1.7094E2	1.7010E0	1.3343E6	
603	-6.8230E-1	1.7174E2	1.6939E0	1.3366E6	
604	-6.8192E-1	1.7230E2	1.6869E0	1.3388E6	
605	-6.8161E-1	1.7275E2	1.6797E0	1.3410E6	
606	-6.8390E-1	1.6936E2	1.6727E0	1.3432E6	
607	-6.8260E-1	1.7128E2	1.6656E0	1.3454E6	
608	-6.7955E-1	1.7581E2	1.6585E0	1.3477E6	
609	-6.8085E-1	1.7389E2	1.6515E0	1.3499E6	
610	-6.8161E-1	1.7275E2	1.6445E0	1.3521E6	
611	-6.8024E-1	1.7479E2	1.6373E0	1.3543E6	
612	-6.8130E-1	1.7321E2	1.6303E0	1.3565E6	
613	-6.8062E-1	1.7423E2	1.6232E0	1.3588E6	
614	-6.7993E-1	1.7525E2	1.6161E0	1.3610E6	
615	-6.7894E-1	1.7672E2	1.6092E0	1.3632E6	
616	-6.7986E-1	1.7536E2	1.6021E0	1.3654E6	
617	-6.7963E-1	1.7570E2	1.5949E0	1.3676E6	
618	-6.7924E-1	1.7626E2	1.5878E0	1.3699E6	
619	-6.7879E-1	1.7694E2	1.5808E0	1.3721E6	
620	-6.7818E-1	1.7785E2	1.5737E0	1.3743E6	
621	-6.7764E-1	1.7864E2	1.5666E0	1.3765E6	
622	-6.7825E-1	1.7774E2	1.5595E0	1.3787E6	
623	-6.7833E-1	1.7762E2	1.5524E0	1.3810E6	
624	-6.7856E-1	1.7728E2	1.5453E0	1.3832E6	
625	-6.7604E-1	1.8102E2	1.5382E0	1.3854E6	
626	-6.7726E-1	1.7921E2	1.5312E0	1.3876E6	
627	-6.7696E-1	1.7966E2	1.5242E0	1.3898E6	
628	-6.7703E-1	1.7955E2	1.5170E0	1.3921E6	
629	-6.7642E-1	1.8045E2	1.5100E0	1.3943E6	
630	-6.7490E-1	1.8272E2	1.5029E0	1.3965E6	
631	-6.7719E-1	1.7932E2	1.4958E0	1.3987E6	
632	-6.7253E-1	1.8623E2	1.4886E0	1.4009E6	
633	-6.7436E-1	1.8351E2	1.4816E0	1.4032E6	
634	-6.7581E-1	1.8136E2	1.4746E0	1.4054E6	
635	-6.7276E-1	1.8589E2	1.4674E0	1.4076E6	
636	-6.7421E-1	1.8374E2	1.4604E0	1.4098E6	
637	-6.7459E-1	1.8317E2	1.4532E0	1.4120E6	
638	-6.7574E-1	1.8147E2	1.4461E0	1.4143E6	
639	-6.7490E-1	1.8272E2	1.4390E0	1.4165E6	
640	-6.7360E-1	1.8464E2	1.4318E0	1.4187E6	
641	-6.7154E-1	1.8770E2	1.4248E0	1.4209E6	
642	-6.7383E-1	1.8430E2	1.4177E0	1.4231E6	
643	-6.7261E-1	1.8611E2	1.4106E0	1.4254E6	
644	-6.7398E-1	1.8408E2	1.4035E0	1.4276E6	
645	-6.7238E-1	1.8645E2	1.3965E0	1.4298E6	
646	-6.7291E-1	1.8566E2	1.3893E0	1.4320E6	
647	-6.7314E-1	1.8532E2	1.3823E0	1.4342E6	
648	-6.7108E-1	1.8838E2	1.3751E0	1.4365E6	
649	-6.7253E-1	1.8623E2	1.3680E0	1.4387E6	
650	-6.7223E-1	1.8668E2	1.3609E0	1.4409E6	
651	-6.7238E-1	1.8645E2	1.3537E0	1.4431E6	
652	-6.7116E-1	1.8827E2	1.3467E0	1.4453E6	
653	-6.6994E-1	1.9008E2	1.3395E0	1.4476E6	
654	-6.7009E-1	1.8985E2	1.3325E0	1.4498E6	
655	-6.6826E-1	1.9257E2	1.3254E0	1.4520E6	
656	-6.7154E-1	1.8770E2	1.3182E0	1.4542E6	
657	-6.7123E-1	1.8815E2	1.3112E0	1.4564E6	
658	-6.7032E-1	1.8951E2	1.3040E0	1.4587E6	
659	-6.7001E-1	1.8996E2	1.2969E0	1.4609E6	
660	-6.7039E-1	1.8940E2	1.2898E0	1.4631E6	
661	-6.6940E-1	1.9087E2	1.2827E0	1.4653E6	
662	-6.7001E-1	1.8996E2	1.2755E0	1.4675E6	
663	-6.6826E-1	1.9257E2	1.2685E0	1.4698E6	
664	-6.6872E-1	1.9189E2	1.2614E0	1.4720E6	
665	-6.6742E-1	1.9381E2	1.2542E0	1.4742E6	
666	-6.7032E-1	1.8951E2	1.2472E0	1.4764E6	
667	-6.6849E-1	1.9223E2	1.2400E0	1.4786E6	
668	-6.6887E-1	1.9166E2	1.2328E0	1.4809E6	
669	-6.6818E-1	1.9268E2	1.2257E0	1.4831E6	
670	-6.6811E-1	1.9280E2	1.2187E0	1.4853E6	
671	-6.6612E-1	1.9574E2	1.2116E0	1.4875E6	
672	-6.6879E-1	1.9178E2	1.2044E0	1.4897E6	
673	-6.6475E-1	1.9778E2	1.1973E0	1.4920E6	
674	-6.6605E-1	1.9585E2	1.1901E0	1.4942E6	
675	-6.6727E-1	1.9404E2	1.1832E0	1.4964E6	
676	-6.6650E-1	1.9517E2	1.1760E0	1.4986E6	
677	-6.6689E-1	1.9461E2	1.1689E0	1.5008E6	
678	-6.6772E-1	1.9336E2	1.1618E0	1.5031E6	
679	-6.6360E-1	1.9948E2	1.1546E0	1.5053E6	
680	-6.6437E-1	1.9834E2	1.1474E0	1.5075E6	
681	-6.6658E-1	1.9506E2	1.1404E0	1.5097E6	
682	-6.6254E-1	2.0106E2	1.1332E0	1.5119E6	
683	-6.6437E-1	1.9834E2	1.1262E0	1.5142E6	
684	-6.6475E-1	1.9778E2	1.1190E0	1.5164E6	
685	-6.6345E-1	1.9970E2	1.1119E0	1.5186E6	
686	-6.6254E-1	2.0106E2	1.1047E0	1.5208E6	
687	-6.6414E-1	1.9868E2	1.0977E0	1.5230E6	
688	-6.6261E-1	2.0095E2	1.0906E0	1.5253E6	
689	-6.6498E-1	1.9744E2	1.0835E0	1.5275E6	
690	-6.6322E-1	2.0004E2	1.0764E0	1.5297E6	
691	-6.6528E-1	1.9698E2	1.0692E0	1.5319E6	
692	-6.6147E-1	2.0265E2	1.0622E0	1.5341E6	
693	-7.0503E-1	1.3799E2	1.0550E0	1.5364E6	
694	-7.0351E-1	1.4026E2	1.0479E0	1.5386E6	
695	-7.0267E-1	1.4150E2	1.0407E0	1.5408E6	
696	-6.9656E-1	1.5056E2	1.0336E0	1.5430E6	
697	-6.8848E-1	1.6256E2	1.0264E0	1.5452E6	
698	-6.8420E-1	1.6890E2	1.0193E0	1.5475E6	
699	-6.7856E-1	1.7728E2	1.0123E0	1.5497E6	
700	-6.7047E-1	1.8929E2	1.0051E0	1.5519E6	
701	-6.6444E-1	1.9823E2	9.9804E-1	1.5541E6	
702	-6.5971E-1	2.0525E2	9.9086E-1	1.5563E6	
703	-6.5514E-1	2.1204E2	9.8381E-1	1.5586E6	
704	-6.4903E-1	2.2110E2	9.7664E-1	1.5608E6	
705	-6.4796E-1	2.2269E2	9.6958E-1	1.5630E6	
706	-6.4140E-1	2.3242E2	9.6238E-1	1.5652E6	
707	-6.3240E-1	2.4578E2	9.5530E-1	1.5674E6	
708	-6.3118E-1	2.4760E2	9.4818E-1	1.5697E6	
709	-6.2897E-1	2.5088E2	9.4112E-1	1.5719E6	
710	-6.2767E-1	2.5280E2	9.3380E-1	1.5741E6	
711	-6.2370E-1	2.5869E2	9.2688E-1	1.5763E6	
712	-6.1935E-1	2.6515E2	9.1969E-1	1.5785E6	
713	-6.1600E-1	2.7013E2	9.1260E-1	1.5808E6	
714	-6.0959E-1	2.7964E2	9.0542E-1	1.5830E6	
715	-6.0776E-1	2.8236E2	8.9829E-1	1.5852E6	
716	-6.0318E-1	2.8915E2	8.9125E-1	1.5874E6	
717	-5.9990E-1	2.9402E2	8.8407E-1	1.5896E6	
718	-5.9776E-1	2.9719E2	8.7688E-1	1.5919E6	
719	-5.9608E-1	2.9968E2	8.6979E-1	1.5941E6	
720	-5.9227E-1	3.0534E2	8.6259E-1	1.5963E6	
721	-5.8640E-1	3.1406E2	8.5550E-1	1.5985E6	
722	-5.8228E-1	3.2017E2	8.4838E-1	1.6007E6	
723	-5.7472E-1	3.3138E2	8.4121E-1	1.6030E6	
724	-5.7350E-1	3.3320E2	8.3414E-1	1.6052E6	
725	-5.6709E-1	3.4271E2	8.2686E-1	1.6074E6	
726	-5.6351E-1	3.4803E2	8.1983E-1	1.6096E6	
727	-5.6099E-1	3.5176E2	8.1273E-1	1.6118E6	
728	-5.5847E-1	3.5550E2	8.0550E-1	1.6141E6	
729	-5.5252E-1	3.6433E2	7.9842E-1	1.6163E6	
730	-5.4703E-1	3.7248E2	7.9130E-1	1.6185E6	
731	-5.4047E-1	3.8222E2	7.8414E-1	1.6207E6	
732	-5.3818E-1	3.8562E2	7.7701E-1	1.6229E6	
733	-5.3223E-1	3.9445E2	7.6985E-1	1.6252E6	
734	-5.2521E-1	4.0487E2	7.6270E-1	1.6274E6	
735	-5.2185E-1	4.0985E2	7.5565E-1	1.6296E6	
736	-5.1720E-1	4.1676E2	7.4837E-1	1.6318E6	
737	-5.0819E-1	4.3012E2	7.4133E-1	1.6340E6	
738	-5.0171E-1	4.3974E2	7.3415E-1	1.6363E6	
739	-5.0156E-1	4.3997E2	7.2703E-1	1.6385E6	
740	-4.9202E-1	4.5412E2	7.1997E-1	1.6407E6	
741	-4.8805E-1	4.6001E2	7.1278E-1	1.6429E6	
742	-4.7890E-1	4.7360E2	7.0562E-1	1.6451E6	
743	-4.7295E-1	4.8243E2	6.9860E-1	1.6474E6	
744	-4.6661E-1	4.9182E2	6.9133E-1	1.6496E6	
745	-4.6509E-1	4.9409E2	6.8423E-1	1.6518E6	
746	-4.5647E-1	5.0688E2	6.7710E-1	1.6540E6	
747	-4.5357E-1	5.1119E2	6.6999E-1	1.6562E6	
748	-4.3869E-1	5.3327E2	6.6283E-1	1.6585E6	
749	-4.3396E-1	5.4028E2	6.5564E-1	1.6607E6	
750	-4.3083E-1	5.4493E2	6.4850E-1	1.6629E6	
751	-4.2877E-1	5.4798E2	6.4149E-1	1.6651E6	
752	-4.1687E-1	5.6565E2	6.3429E-1	1.6673E6	
753	-4.1298E-1	5.7142E2	6.2727E-1	1.6696E6	
754	-4.0802E-1	5.7878E2	6.2002E-1	1.6718E6	
755	-4.0207E-1	5.8761E2	6.1292E-1	1.6740E6	
756	-3.9322E-1	6.0075E2	6.0575E-1	1.6762E6	
757	-3.8994E-1	6.0562E2	5.9860E-1	1.6784E6	
758	-3.7895E-1	6.2192E2	5.9154E-1	1.6807E6	
759	-3.7704E-1	6.2475E2	5.8444E-1	1.6829E6	
760	-3.7437E-1	6.2871E2	5.7727E-1	1.6851E6	
761	-3.6621E-1	6.4083E2	5.7018E-1	1.6873E6	
762	-3.5988E-1	6.5023E2	5.6305E-1	1.6895E6	
763	-3.5690E-1	6.5464E2	5.5596E-1	1.6918E6	
764	-3.4660E-1	6.6993E2	5.4874E-1	1.6940E6	
765	-3.3875E-1	6.8159E2	5.4175E-1	1.6962E6	
766	-3.3585E-1	6.8589E2	5.3460E-1	1.6984E6	
767	-3.2539E-1	7.0141E2	5.2748E-1	1.7006E6	
768	-3.2120E-1	7.0763E2	5.2037E-1	1.7029E6	
769	-3.0968E-1	7.2473E2	5.1326E-1	1.7051E6	
770	-3.0342E-1	7.3401E2	5.0617E-1	1.7073E6	
771	-2.9953E-1	7.3979E2	5.0190E-1	1.7086E6	
772	-3.0067E-1	7.3809E2	5.0103E-1	1.7089E6	
773	-2.9778E-1	7.4239E2	5.0086E-1	1.7090E6	
774	-2.9778E-1	7.4239E2	5.0086E-1	1.7090E6	
775	-2.9778E-1	7.4239E2	5.0086E-1	1.7090E6	
776	-2.9778E-1	7.4239E2	5.0086E-1	1.7090E6	
777	-2.9778E-1	7.4239E2	5.0086E-1	1.7090E6	
778	-2.9778E-1	7.4239E2	5.0086E-1	1.7090E6	
779	-2.9778E-1	7.4239E2	5.0086E-1	1.7090E6	
780	-2.9778E-1	7.4239E2	5.0086E-1	1.7090E6	
781	-2.9778E-1	7.4239E2	5.0086E-1	1.7090E6	
782	-2.9778E-1	7.4239E2	5.0086E-1	1.7090E6	
783	-2.9778E-1	7.4239E2	5.0086E-1	1.7090E6	
784	-2.9778E-1	7.4239E2	5.0086E-1	1.7090E6	
785	-2.9778E-1	7.4239E2	5.0086E-1	1.7090E6	
786	-2.9778E-1	7.4239E2	5.0086E-1	1.7090E6	
787	-2.9778E-1	7.4239E2	5.0086E-1	1.7090E6	
788	-2.9778E-1	7.4239E2	5.0086E-1	1.7090E6	
789	-2.9778E-1	7.4239E2	5.0086E-1	1.7090E6	
790	-2.9778E-1	7.4239E2	5.0086E-1	1.7090E6	
791	-2.9778E-1	7.4239E2	5.0086E-1	1.7090E6	
792	-2.9778E-1	7.4239E2	5.0086E-1	1.7090E6	
793	-2.9778E-1	7.4239E2	5.0086E-1	1.7090E6	
794	-2.9778E-1	7.4239E2	5.0086E-1	1.7090E6	
795	-2.9778E-1	7.4239E2	5.0086E-1	1.7090E6	
796	-2.9778E-1	7.4239E2	5.0086E-1	1.7090E6	
797	-2.9778E-1	7.4239E2	5.0086E-1	1.7090E6	
798	-2.9778E-1	7.4239E2	5.0086E-1	1.7090E6	
799	-2.9778E-1	7.4239E2	5.0086E-1	1.7090E6	
800	-2.9778E-1	7.4239E2	5.0086E-1	1.7090E6	
801	-2.9778E-1	7.4239E2	5.0086E-1	1.7090E6	
802	-2.9778E-1	7.4239E2	5.0086E-1	1.7090E6	
803	-2.9778E-1	7.4239E2	5.0086E-1	1.7090E6	
804	-2.9778E-1	7.4239E2	5.0086E-1	1.7090E6	
805	-2.9778E-1	7.4239E2	5.0086E-1	1.7090E6	
806	-2.9778E-1	7.4239E2	5.0086E-1	1.7090E6	
807	-2.9778E-1	7.4239E2	5.0086E-1	1.7090E6	
808	-2.9778E-1	7.4239E2	5.0086E-1	1.7090E6	
809	-2.9778E-1	7.4239E2	5.0086E-1	1.7090E6	
810	-2.9778E-1	7.4239E2	5.0086E-1	1.7090E6	
811	-2.9778E-1	7.4239E2	5.0086E-1	1.7090E6	
812	-2.9778E-1	7.4239E2	5.0086E-1	1.7090E6	
813	-2.9778E-1	7.4239E2	5.0086E-1	1.7090E6	
814	-2.9778E-1	7.4239E2	5.0086E-1	1.7090E6	
815	-2.9778E-1	7.4239E2	5.0086E-1	1.7090E6	
816	-2.9778E-1	7.4239E2	5.0086E-1	1.7090E6	
817	-2.9778E-1	7.4239E2	5.0086E-1	1.7090E6	
818	-2.9778E-1	7.4239E2	5.0086E-1	1.7090E6	
819	-2.9778E-1	7.4239E2	5.0086E-1	1.7090E6	
820	-2.9778E-1	7.4239E2	5.0086E-1	1.7090E6	
821	-2.9778E-1	7.4239E2	5.0086E-1	1.7090E6	
822	-2.9778E-1	7.4239E2	5.0086E-1	1.7090E6	
823	-2.9778E-1	7.4239E2	5.0086E-1	1.7090E6	
824	-2.9778E-1	7.4239E2	5.0086E-1	1.7090E6	
825	-2.9778E-1	7.4239E2	5.0086E-1	1.7090E6	
826	-2.9778E-1	7.4239E2	5.0086E-1	1.7090E6	
827	-2.9778E-1	7.4239E2	5.0086E-1	1.7090E6	
828	-2.9778E-1	7.4239E2	5.0086E-1	1.7090E6	
829	-2.9778E-1	7.4239E2	5.0086E-1	1.7090E6	
830	-2.9778E-1	7.4239E2	5.0086E-1	1.7090E6	
831	-2.9778E-1	7.4239E2	5.0086E-1	1.7090E6	
832	-2.9778E-1	7.4239E2	5.0086E-1	1.7090E6	
833	-2.9778E-1	7.4239E2	5.0086E-1	1.7090E6	
834	-2.9778E-1	7.4239E2	5.0086E-1	1.7090E6	
835	-2.9778E-1	7.4239E2	5.0086E-1	1.7090E6	
836	-2.9778E-1	7.4239E2	5.0086E-1	1.7090E6	
837	-2.9778E-1	7.4239E2	5.0086E-1	1.7090E6	
838	-2.9778E-1	7.4239E2	5.0086E-1	1.7090E6	
839	-2.9778E-1	7.4239E2	5.0086E-1	1.7090E6	
840	-2.9778E-1	7.4239E2	5.0086E-1	1.7090E6	
841	-2.9778E-1	7.4239E2	5.0086E-1	1.7090E6	
842	-2.9778E-1	7.4239E2	5.0086E-1	1.7090E6	
843	-2.9778E-1	7.4239E2	5.0086E-1	1.7090E6	
844	-2.9778E-1	7.4239E2	5.0086E-1	1.7090E6	
845	-2.9778E-1	7.4239E2	5.0086E-1	1.7090E6	
846	-2.9778E-1	7.4239E2	5.0086E-1	1.7090E6	
847	-2.9778E-1	7.4239E2	5.0086E-1	1.7090E6	
848	-2.9778E-1	7.4239E2	5.0086E-1	1.7090E6	
849	-2.9778E-1	7.4239E2	5.0086E-1	1.7090E6	
850	-2.9778E-1	7.4239E2	5.0086E-1	1.7090E6	
851	-2.9778E-1	7.4239E2	5.0086E-1	1.7090E6	
852	-2.9778E-1	7.4239E2	5.0086E-1	1.7090E6	
853	-2.9778E-1	7.4239E2	5.0086E-1	1.7090E6	
854	-2.9778E-1	7.4239E2	5.0086E-1	1.7090E6	
855	-2.9778E-1	7.4239E2	5.0086E-1	1.7090E6	
856	-2.9778E-1	7.4239E2	5.0086E-1	1.7090E6	
857	-2.9778E-1	7.4239E2	5.0086E-1	1.7090E6	
858	-2.9778E-1	7.4239E2	5.0086E-1	1.7090E6	
859	-2.9778E-1	7.4239E2	5.0086E-1	1.7090E6	
860	-2.9778E-1	7.4239E2	5.0086E-1	1.7090E6	
861	-2.9778E-1	7.4239E2	5.0086E-1	1.7090E6	
862	-2.9778E-1	7.4239E2	5.0086E-1	1.7090E6	
863	-2.9778E-1	7.4239E2	5.0086E-1	1.7090E6	
864	-2.9778E-1	7.4239E2	5.0086E-1	1.7090E6	
865	-2.9778E-1	7.4239E2	5.0086E-1	1.7090E6	
866	-2.9778E-1	7.4239E2	5.0086E-1	1.7090E6	
867	-2.9778E-1	7.4239E2	5.0086E-1	1.7090E6	
868	-2.9778E-1	7.4239E2	5.0086E-1	1.7090E6	
869	-2.9778E-1	7.4239E2	5.0086E-1	1.7090E6	
870	-2.9778E-1	7.4239E2	5.0086E-1	1.7090E6	
871	-2.9778E-1	7.4239E2	5.0086E-1	1.7090E6	
872	-2.9778E-1	7.4239E2	5.0086E-1	1.7090E6	
873	-2.9778E-1	7.4239E2	5.0086E-1	1.7090E6	
874	-2.9778E-1	7.4239E2	5.0086E-1	1.7090E6	
875	-2.9778E-1	7.4239E2	5.0086E-1	1.7090E6	
876	-2.9778E-1	7.4239E2	5.0086E-1	1.7090E6	
877	-2.9778E-1	7.4239E2	5.0086E-1	1.7090E6	
878	-2.9778E-1	7.4239E2	5.0086E-1	1.7090E6	
879	-2.9778E-1	7.4239E2	5.0086E-1	1.7090E6	
880	-2.9778E-1	7.4239E2	5.0086E-1	1.7090E6	
881	-2.9778E-1	7.4239E2	5.0086E-1	1.7090E6	
882	-2.9778E-1	7.4239E2	5.0086E-1	1.7090E6	
883	-2.9778E-1	7.4239E2	5.0086E-1	1.7090E6	
884	-2.9778E-1	7.4239E2	5.0086E-1	1.7090E6	
885	-2.9778E-1	7.4239E2	5.0086E-1	1.7090E6	
886	-2.9778E-1	7.4239E2	5.0086E-1	1.7090E6	
887	-2.9778E-1	7.4239E2	5.0086E-1	1.7090E6	
888	-2.9778E-1	7.4239E2	5.0086E-1	1.7090E6	
889	-2.9778E-1	7.4239E2	5.0086E-1	1.7090E6	
890	-2.9778E-1	7.4239E2	5.0086E-1	1.7090E6	
891	-2.9778E-1	7.4239E2	5.0086E-1	1.7090E6	
892	-2.9778E-1	7.4239E2	5.0086E-1	1.7090E6	
893	-2.9778E-1	7.4239E2	5.0086E-1	1.7090E6	
894	-2.9778E-1	7.4239E2	5.0086E-1	1.7090E6	
895	-2.9778E-1	7.4239E2	5.0086E-1	1.7090E6	
896	-2.9778E-1	7.4239E2	5.0086E-1	1.7090E6	
897	-2.9778E-1	7.4239E2	5.0086E-1	1.7090E6	
898	-2.9778E-1	7.4239E2	5.0086E-1	1.7090E6	
899	-2.9778E-1	7.4239E2	5.0086E-1	1.7090E6	
900	-2.9778E-1	7.4239E2	5.0086E-1	1.7090E6	
901	-2.9778E-1	7.4239E2	5.0086E-1	1.7090E6	
902	-2.9778E-1	7.4239E2	5.0086E-1	1.7090E6	
903	-2.9778E-1	7.4239E2	5.0086E-1	1.7090E6	
904	-2.9778E-1	7.4239E2	5.0086E-1	1.7090E6	
905	-2.9778E-1	7.4239E2	5.0086E-1	1.7090E6	
906	-2.9778E-1	7.4239E2	5.0086E-1	1.7090E6	
907	-2.9778E-1	7.4239E2	5.0086E-1	1.7090E6	
908	-2.9778E-1	7.4239E2	5.0086E-1	1.7090E6	
909	-2.9778E-1	7.4239E2	5.0086E-1	1.7090E6	
910	-2.9778E-1	7.4239E2	5.0086E-1	1.7090E6	
911	-2.9778E-1	7.4239E2	5.0086E-1	1.7090E6	
912	-2.9778E-1	7.4239E2	5.0086E-1	1.7090E6	
913	-2.9778E-1	7.4239E2	5.0086E-1	1.7090E6	
914	-2.9778E-1	7.4239E2	5.0086E-1	1.7090E6	
915	-2.9778E-1	7.4239E2	5.0086E-1	1.7090E6	
916	-2.9778E-1	7.4239E2	5.0086E-1	1.7090E6	
917	-2.9778E-1	7.4239E2	5.0086E-1	1.7090E6	
918	-2.9778E-1	7.4239E2	5.0086E-1	1.7090E6	
919	-2.9778E-1	7.4239E2	5.0086E-1	1.7090E6	
920	-2.9778E-1	7.4239E2	5.0086E-1	1.7090E6	
921	-2.9778E-1	7.4239E2	5.0086E-1	1.7090E6	
922	-2.9778E-1	7.4239E2	5.0086E-1	1.7090E6	
923	-2.9778E-1	7.4239E2	5.0086E-1	1.7090E6	
924	-2.9778E-1	7.4239E2	5.0086E-1	1.7090E6	
925	-2.9778E-1	7.4239E2	5.0086E-1	1.7090E6	
926	-2.9778E-1	7.4239E2	5.0086E-1	1.7090E6	
927	-2.9778E-1	7.4239E2	5.0086E-1	1.7090E6	
928	-2.9778E-1	7.4239E2	5.0086E-1	1.7090E6	
929	-2.9778E-1	7.4239E2	5.0086E-1	1.7090E6	
930	-2.9778E-1	7.4239E2	5.0086E-1	1.7090E6	
931	-2.9778E-1	7.4239E2	5.0086E-1	1.7090E6	
932	-2.9778E-1	7.4239E2	5.0086E-1	1.7090E6	
933	-2.9778E-1	7.4239E2	5.0086E-1	1.7090E6	
934	-2.9778E-1	7.4239E2	5.0086E-1	1.7090E6	
935	-2.9778E-1	7.4239E2	5.0086E-1	1.7090E6	
936	-2.9778E-1	7.4239E2	5.0086E-1	1.7090E6	
937	-2.9778E-1	7.4239E2	5.0086E-1	1.7090E6	
938	-2.9778E-1	7.4239E2	5.0086E-1	1.7090E6	
939	-2.9778E-1	7.4239E2	5.0086E-1	1.7090E6	
940	-2.9778E-1	7.4239E2	5.0086E-1	1.7090E6	
941	-2.9778E-1	7.4239E2	5.0086E-1	1.7090E6	
942	-2.9778E-1	7.4239E2	5.0086E-1	1.7090E6	
943	-2.9778E-1	7.4239E2	5.0086E-1	1.7090E6	
944	-2.9778E-1	7.4239E2	5.0086E-1	1.7090E6	
945	-2.9778E-1	7.4239E2	5.0086E-1	1.7090E6	
946	-2.9778E-1	7.4239E2	5.0086E-1	1.7090E6	
947	-2.9778E-1	7.4239E2	5.0086E-1	1.7090E6	
948	-2.9778E-1	7.4239E2	5.0086E-1	1.7090E6	
949	-2.9778E-1	7.4239E2	5.0086E-1	1.7090E6	
950	-2.9778E-1	7.4239E2	5.0086E-1	1.7090E6	
951	-2.9778E-1	7.4239E2	5.0086E-1	1.7090E6	
952	-2.9778E-1	7.4239E2	5.0086E-1	1.7090E6	
953	-2.9778E-1	7.4239E2	5.0086E-1	1.7090E6	
954	-2.9778E-1	7.4239E2	5.0086E-1	1.7090E6	
955	-2.9778E-1	7.4239E2	5.0086E-1	1.7090E6	
956	-2.9778E-1	7.4239E2	5.0086E-1	1.7090E6	
957	-2.9778E-1	7.4239E2	5.0086E-1	1.7090E6	
958	-2.9778E-1	7.4239E2	5.0086E-1	1.7090E6	
959	-2.9778E-1	7.4239E2	5.0086E-1	1.7090E6	
960	-2.9778E-1	7.4239E2	5.0086E-1	1.7090E6	
961	-2.9778E-1	7.4239E2	5.0086E-1	1.7090E6	
962	-2.9778E-1	7.4239E2	5.0086E-1	1.7090E6	
963	-2.9778E-1	7.4239E2	5.0086E-1	1.7090E6	
964	-2.9778E-1	7.4239E2	5.0086E-1	1.7090E6	
965	-2.9778E-1	7.4239E2	5.0086E-1	1.7090E6	
966	-2.9778E-1	7.4239E2	5.0086E-1	1.7090E6	
967	-2.9778E-1	7.4239E2	5.0086E-1	1.7090E6	
968	-2.9778E-1	7.4239E2	5.0086E-1	1.7090E6	
969	-2.9778E-1	7.4239E2	5.0086E-1	1.7090E6	
970	-2.9778E-1	7.4239E2	5.0086E-1	1.7090E6	
971	-2.9778E-1	7.4239E2	5.0086E-1	1.7090E6	
972	-2.9778E-1	7.4239E2	5.0086E-1	1.7090E6	
973	-2.9778E-1	7.4239E2	5.0086E-1	1.7090E6	
974	-2.9778E-1	7.4239E2	5.0086E-1	1.7090E6	
975	-2.9778E-1	7.4239E2	5.0086E-1	1.7090E6	
976	-2.9778E-1	7.4239E2	5.0086E-1	1.7090E6	
977	-2.9778E-1	7.4239E2	5.0086E-1	1.7090E6	
978	-2.9778E-1	7.4239E2	5.0086E-1	1.7090E6	
979	-2.9778E-1	7.4239E2	5.0086E-1	1.7090E6	
980	-2.9778E-1	7.4239E2	5.0086E-1	1.7090E6	
981	-2.9778E-1	7.4239E2	5.0086E-1	1.7090E6	
982	-2.9778E-1	7.4239E2	5.0086E-1	1.7090E6	
983	-2.9778E-1	7.4239E2	5.0086E-1	1.7090E6	
984	-2.9778E-1	7.4239E2	5.0086E-1	1.7090E6	
985	-2.9778E-1	7.4239E2	5.0086E-1	1.7090E6	
986	-2.9778E-1	7.4239E2	5.0086E-1	1.7090E6	
987	-2.9778E-1	7.4239E2	5.0086E-1	1.7090E6	
988	-2.9778E-1	7.4239E2	5.0086E-1	1.7090E6	
989	-2.9778E-1	7.4239E2	5.0086E-1	1.7090E6	
990	-2.9778E-1	7.4239E2	5.0086E-1	1.7090E6	
991	-2.9778E-1	7.4239E2	5.0086E-1	1.7090E6	
992	-2.9778E-1	7.4239E2	5.0086E-1	1.7090E6	
993	-2.9778E-1	7.4239E2	5.0086E-1	1.7090E6	
994	-2.9778E-1	7.4239E2	5.0086E-1	1.7090E6	
995	-2.9778E-1	7.4239E2	5.0086E-1	1.7090E6	
996	-2.9778E-1	7.4239E2	5.0086E-1	1.7090E6	
997	-2.9778E-1	7.4239E2	5.0086E-1	1.7090E6	
998	-2.9778E-1	7.4239E2	5.0086E-1	1.7090E6	
999	-2.9778E-1	7.4239E2	5.0086E-1	1.7090E6	
1000	-2.9778E-1	7.4239E2	5.0086E-1	1.7090E6	
1001	-2.9778E-1	7.4239E2	5.0086E-1	1.7090E6	
1002	-2.9778E-1	7.4239E2	5.0086E-1	1.7090E6	
1003	-2.9778E-1	7.4239E2	5.0086E-1	1.7090E6	
1004	-2.9778E-1	7.4239E2	5.0086E-1	1.7090E6	
1005	-2.9778E-1	7.4239E2	5.0086E-1	1.7090E6	
1006	-2.9778E-1	7.4239E2	5.0086E-1	1.7090E6	
1007	-2.9778E-1	7.4239E2	5.0086E-1	1.7090E6	
1008	-2.9778E-1	7.4239E2	5.0086E-1	1.7090E6	
1009	-2.9778E-1	7.4239E2	5.0086E-1	1.7090E6	
1010	-2.9778E-1	7.4239E2	5.0086E-1	1.7090E6	
1011	-2.9778E-1	7.4239E2	5.0086E-1	1.7090E6	
1012	-2.9778E-1	7.4239E2	5.0086E-1	1.7090E6	
1013	-2.9778E-1	7.4239E2	5.0086E-1	1.7090E6	
1014	-2.9778E-1	7.4239E2	5.0086E-1	1.7090E6	
1015	-2.9778E-1	7.4239E2	5.0086E-1	1.7090E6	
1016	-2.9778E-1	7.4239E2	5.0086E-1	1.7090E6	
1017	-2.9778E-1	7.4239E2	5.0086E-1	1.7090E6	
1018	-2.9778E-1	7.4239E2	5.0086E-1	1.7090E6	
1019	-2.9778E-1	7.4239E2	5.0086E-1	1.7090E6	
1020	-2.9778E-1	7.4239E2	5.0086E-1	1.7090E6	
1021	-2.9778E-1	7.4239E2	5.0086E-1	1.7090E6	
1022	-2.9778E-1	7.4239E2	5.0086E-1	1.7090E6	
1023	-2.9778E-1	7.4239E2	5.0086E-1	1.7090E6	
1024	-2.9778E-1	7.4239E2	5.0086E-1	1.7090E6	
1025	-3.0014E-1	7.3888E2	5.0084E-1	1.7090E6	
1026	-3.3897E-1	6.8125E2	5.0206E-1	1.7112E6	
1027	-3.6552E-1	6.4185E2	5.0489E-1	1.7134E6	
1028	-3.8551E-1	6.1218E2	5.0792E-1	1.7157E6	
1029	-4.0642E-1	5.8116E2	5.1128E-1	1.7179E6	
1030	-4.1718E-1	5.6519E2	5.1495E-1	1.7201E6	
1031	-4.3655E-1	5.3644E2	5.1861E-1	1.7223E6	
1032	-4.5258E-1	5.1266E2	5.2252E-1	1.7245E6	
1033	-4.6196E-1	4.9873E2	5.2638E-1	1.7268E6	
1034	-4.7951E-1	4.7269E2	5.3032E-1	1.7290E6	
1035	-4.9210E-1	4.5401E2	5.3445E-1	1.7312E6	
1036	-5.0255E-1	4.3850E2	5.3871E-1	1.7334E6	
1037	-5.1567E-1	4.1902E2	5.4282E-1	1.7356E6	
1038	-5.2834E-1	4.0022E2	5.4700E-1	1.7379E6	
1039	-5.3925E-1	3.8403E2	5.5131E-1	1.7401E6	
1040	-5.5305E-1	3.6354E2	5.5550E-1	1.7423E6	
1041	-5.6061E-1	3.5233E2	5.5991E-1	1.7445E6	
1042	-5.7396E-1	3.3252E2	5.6428E-1	1.7467E6	
1043	-5.8197E-1	3.2063E2	5.6862E-1	1.7490E6	
1044	-5.9296E-1	3.0432E2	5.7308E-1	1.7512E6	
1045	-6.0326E-1	2.8904E2	5.7752E-1	1.7534E6	
1046	-6.1142E-1	2.7692E2	5.8186E-1	1.7556E6	
1047	-6.2721E-1	2.5348E2	5.8648E-1	1.7578E6	
1048	-6.3545E-1	2.4126E2	5.9096E-1	1.7601E6	
1049	-6.4651E-1	2.2484E2	5.9544E-1	1.7623E6	
1050	-6.5620E-1	2.1046E2	5.9994E-1	1.7645E6	
1051	-6.6620E-1	1.9563E2	6.0454E-1	1.7667E6	
1052	-6.7268E-1	1.8600E2	6.0902E-1	1.7689E6	
1053	-6.8481E-1	1.6800E2	6.1351E-1	1.7712E6	
1054	-6.8733E-1	1.6426E2	6.1815E-1	1.7734E6	
1055	-6.9824E-1	1.4807E2	6.2276E-1	1.7756E6	
1056	-7.0724E-1	1.3471E2	6.2740E-1	1.7778E6	
1057	-7.1800E-1	1.1875E2	6.3196E-1	1.7800E6	
1058	-7.2517E-1	1.0810E2	6.3659E-1	1.7823E6	
1059	-7.3456E-1	9.4176E1	6.4126E-1	1.7845E6	
1060	-7.4089E-1	8.4778E1	6.4590E-1	1.7867E6	
1061	-7.4883E-1	7.3002E1	6.5060E-1	1.7889E6	
1062	-7.5928E-1	5.7490E1	6.5532E-1	1.7911E6	
1063	-7.6561E-1	4.8093E1	6.5983E-1	1.7934E6	
1064	-7.6950E-1	4.2318E1	6.6466E-1	1.7956E6	
1065	-7.8201E-1	2.3749E1	6.6930E-1	1.7978E6	
1066	-7.8835E-1	1.4351E1	6.7403E-1	1.8000E6	
1067	-7.9391E-1	6.0859E0	6.7877E-1	1.8022E6	
1068	-8.0238E-1	-6.4821E0	6.8349E-1	1.8045E6	
1069	-8.0620E-1	-1.2143E1	6.8824E-1	1.8067E6	
1070	-8.1123E-1	-1.9616E1	6.9291E-1	1.8089E6	
1071	-8.1909E-1	-3.1279E1	6.9761E-1	1.8111E6	
1072	-8.2924E-1	-4.6338E1	7.0241E-1	1.8133E6	
1073	-8.3321E-1	-5.2225E1	7.0716E-1	1.8156E6	
1074	-8.3893E-1	-6.0717E1	7.1194E-1	1.8178E6	
1075	-8.4564E-1	-7.0681E1	7.1676E-1	1.8200E6	
1076	-8.4854E-1	-7.4984E1	7.2147E-1	1.8222E6	
1077	-8.5762E-1	-8.8458E1	7.2632E-1	1.8244E6	
1078	-8.6250E-1	-9.5704E1	7.3104E-1	1.8267E6	
1079	-8.6685E-1	-1.0216E2	7.3589E-1	1.8289E6	
1080	-8.7234E-1	-1.1031E2	7.4068E-1	1.8311E6	
1081	-8.7715E-1	-1.1744E2	7.4560E-1	1.8333E6	
1082	-8.8432E-1	-1.2809E2	7.5042E-1	1.8355E6	
1083	-8.9127E-1	-1.3839E2	7.5517E-1	1.8378E6	
1084	-8.9905E-1	-1.4994E2	7.6009E-1	1.8400E6	
1085	-9.0179E-1	-1.5402E2	7.6492E-1	1.8422E6	
1086	-9.0881E-1	-1.6443E2	7.6975E-1	1.8444E6	
1087	-9.1278E-1	-1.7032E2	7.7465E-1	1.8466E6	
1088	-9.1545E-1	-1.7428E2	7.7949E-1	1.8489E6	
1089	-9.1972E-1	-1.8062E2	7.8445E-1	1.8511E6	
1090	-9.2323E-1	-1.8583E2	7.8927E-1	1.8533E6	
1091	-9.3468E-1	-2.0282E2	7.9415E-1	1.8555E6	
1092	-9.3666E-1	-2.0576E2	7.9908E-1	1.8577E6	
1093	-9.3987E-1	-2.1051E2	8.0397E-1	1.8600E6	
1094	-9.4749E-1	-2.2184E2	8.0894E-1	1.8622E6	
1095	-9.5032E-1	-2.2603E2	8.1379E-1	1.8644E6	
1096	-9.5184E-1	-2.2829E2	8.1871E-1	1.8666E6	
1097	-9.6001E-1	-2.4041E2	8.2370E-1	1.8688E6	
1098	-9.6397E-1	-2.4629E2	8.2863E-1	1.8711E6	
1099	-9.6863E-1	-2.5320E2	8.3356E-1	1.8733E6	
1100	-9.6901E-1	-2.5377E2	8.3856E-1	1.8755E6	
1101	-9.7366E-1	-2.6067E2	8.4343E-1	1.8777E6	
1102	-9.7618E-1	-2.6441E2	8.4844E-1	1.8799E6	
1103	-9.8122E-1	-2.7188E2	8.5349E-1	1.8822E6	
1104	-9.8167E-1	-2.7256E2	8.5835E-1	1.8844E6	
1105	-9.8930E-1	-2.8389E2	8.6336E-1	1.8866E6	
1106	-9.9068E-1	-2.8592E2	8.6831E-1	1.8888E6	
1107	-9.9068E-1	-2.8592E2	8.7341E-1	1.8910E6	
1108	-9.9533E-1	-2.9283E2	8.7831E-1	1.8933E6	
1109	-9.9579E-1	-2.9351E2	8.8341E-1	1.8955E6	
1110	-9.9617E-1	-2.9408E2	8.8832E-1	1.8977E6	
1111	-1.0013E0	-3.0166E2	8.9333E-1	1.8999E6	
1112	-1.0024E0	-3.0336E2	8.9839E-1	1.9021E6	
1113	-1.0026E0	-3.0359E2	9.0344E-1	1.9044E6	
1114	-1.0035E0	-3.0495E2	9.0838E-1	1.9066E6	
1115	-1.0093E0	-3.1355E2	9.1347E-1	1.9088E6	
1116	-1.0131E0	-3.1921E2	9.1859E-1	1.9110E6	
1117	-1.0127E0	-3.1865E2	9.2358E-1	1.9132E6	
1118	-1.0123E0	-3.1808E2	9.2868E-1	1.9155E6	
1119	-1.0136E0	-3.2000E2	9.3373E-1	1.9177E6	
1120	-1.0152E0	-3.2227E2	9.3881E-1	1.9199E6	
1121	-1.0158E0	-3.2317E2	9.4388E-1	1.9221E6	
1122	-1.0147E0	-3.2159E2	9.4896E-1	1.9243E6	
1123	-1.0218E0	-3.3212E2	9.5407E-1	1.9266E6	
1124	-1.0184E0	-3.2714E2	9.5921E-1	1.9288E6	
1125	-1.0236E0	-3.3472E2	9.6427E-1	1.9310E6	
1126	-1.0222E0	-3.3269E2	9.6932E-1	1.9332E6	
1127	-1.0258E0	-3.3812E2	9.7450E-1	1.9354E6	
1128	-1.0256E0	-3.3778E2	9.7965E-1	1.9377E6	
1129	-1.0303E0	-3.4469E2	9.8469E-1	1.9399E6	
1130	-1.0266E0	-3.3925E2	9.8983E-1	1.9421E6	
1131	-1.0293E0	-3.4322E2	9.9497E-1	1.9443E6	
1132	-1.0266E0	-3.3925E2	1.0000E0	1.9465E6	
1133	-1.0278E0	-3.4106E2	1.0053E0	1.9488E6	
1134	-1.0273E0	-3.4027E2	1.0105E0	1.9510E6	
1135	-1.0277E0	-3.4084E2	1.0156E0	1.9532E6	
1136	-1.0261E0	-3.3846E2	1.0208E0	1.9554E6	
1137	-1.0285E0	-3.4208E2	1.0260E0	1.9576E6	
1138	-1.0301E0	-3.4446E2	1.0311E0	1.9599E6	
1139	-1.0267E0	-3.3937E2	1.0363E0	1.9621E6	
1140	-1.0265E0	-3.3914E2	1.0415E0	1.9643E6	
1141	-1.0265E0	-3.3903E2	1.0467E0	1.9665E6	
1142	-1.0254E0	-3.3744E2	1.0518E0	1.9687E6	
1143	-1.0229E0	-3.3370E2	1.0571E0	1.9710E6	
1144	-1.0221E0	-3.3257E2	1.0622E0	1.9732E6	
1145	-1.0238E0	-3.3506E2	1.0675E0	1.9754E6	
1146	-1.0194E0	-3.2850E2	1.0727E0	1.9776E6	
1147	-1.0197E0	-3.2906E2	1.0781E0	1.9798E6	
1148	-1.0182E0	-3.2680E2	1.0832E0	1.9821E6	
1149	-1.0150E0	-3.2204E2	1.0884E0	1.9843E6	
1150	-1.0123E0	-3.1808E2	1.0937E0	1.9865E6	
1151	-1.0084E0	-3.1219E2	1.0990E0	1.9887E6	
1152	-1.0106E0	-3.1548E2	1.1042E0	1.9909E6	
1153	-1.0059E0	-3.0857E2	1.1095E0	1.9932E6	
1154	-1.0010E0	-3.0121E2	1.1147E0	1.9954E6	
1155	-1.0004E0	-3.0042E2	1.1199E0	1.9976E6	
1156	-9.9808E-1	-2.9691E2	1.1253E0	1.9998E6	
1157	-9.9449E-1	-2.9158E2	1.1306E0	2.0020E6	
1158	-9.9014E-1	-2.8513E2	1.1359E0	2.0043E6	
1159	-9.8999E-1	-2.8490E2	1.1411E0	2.0065E6	
1160	-9.8381E-1	-2.7573E2	1.1464E0	2.0087E6	
1161	-9.8007E-1	-2.7018E2	1.1517E0	2.0109E6	
1162	-9.7565E-1	-2.6362E2	1.1571E0	2.0131E6	
1163	-9.6939E-1	-2.5433E2	1.1624E0	2.0154E6	
1164	-9.6169E-1	-2.4290E2	1.1677E0	2.0176E6	
1165	-9.5566E-1	-2.3395E2	1.1730E0	2.0198E6	
1166	-9.4879E-1	-2.2376E2	1.1784E0	2.0220E6	
1167	-9.4200E-1	-2.1369E2	1.1836E0	2.0242E6	
1168	-9.3796E-1	-2.0768E2	1.1890E0	2.0265E6	
1169	-9.3414E-1	-2.0202E2	1.1943E0	2.0287E6	
1170	-9.3079E-1	-1.9704E2	1.1997E0	2.0309E6	
1171	-9.2705E-1	-1.9149E2	1.2051E0	2.0331E6	
1172	-9.2415E-1	-1.8719E2	1.2105E0	2.0353E6	
1173	-9.1705E-1	-1.7666E2	1.2157E0	2.0376E6	
1174	-9.0607E-1	-1.6036E2	1.2211E0	2.0398E6	
1175	-9.0042E-1	-1.5198E2	1.2266E0	2.0420E6	
1176	-8.9500E-1	-1.4394E2	1.2319E0	2.0442E6	
1177	-8.8562E-1	-1.3001E2	1.2373E0	2.0464E6	
1178	-8.7852E-1	-1.1948E2	1.2429E0	2.0487E6	
1179	-8.7090E-1	-1.0816E2	1.2482E0	2.0509E6	
1180	-8.5800E-1	-8.9024E1	1.2536E0	2.0531E6	
1181	-8.4244E-1	-6.5926E1	1.2589E0	2.0553E6	
1182	-7.4417E-1	7.9909E1	1.2644E0	2.0575E6	
1183	-6.9374E-1	1.5475E2	1.2698E0	2.0598E6	
1184	-6.8260E-1	1.7128E2	1.2753E0	2.0620E6	
1185	-6.8207E-1	1.7207E2	1.2808E0	2.0642E6	
1186	-6.8108E-1	1.7355E2	1.2862E0	2.0664E6	
1187	-6.8275E-1	1.7106E2	1.2915E0	2.0686E6	
1188	-6.8214E-1	1.7196E2	1.2970E0	2.0709E6	
1189	-6.7986E-1	1.7536E2	1.3026E0	2.0731E6	
1190	-6.7551E-1	1.8181E2	1.3080E0	2.0753E6	
1191	-6.7818E-1	1.7785E2	1.3134E0	2.0775E6	
1192	-6.8115E-1	1.7343E2	1.3188E0	2.0797E6	
1193	-6.7551E-1	1.8181E2	1.3242E0	2.0820E6	
1194	-6.7482E-1	1.8283E2	1.3298E0	2.0842E6	
1195	-6.7589E-1	1.8125E2	1.3354E0	2.0864E6	
1196	-6.7490E-1	1.8272E2	1.3407E0	2.0886E6	
1197	-6.7558E-1	1.8170E2	1.3462E0	2.0908E6	
1198	-6.7436E-1	1.8351E2	1.3518E0	2.0931E6	
1199	-6.7604E-1	1.8102E2	1.3573E0	2.0953E6	
1200	-6.7497E-1	1.8260E2	1.3629E0	2.0975E6	
1201	-6.7589E-1	1.8125E2	1.3683E0	2.0997E6	
1202	-6.7543E-1	1.8193E2	1.3738E0	2.1019E6	
1203	-6.7474E-1	1.8294E2	1.3793E0	2.1042E6	
1204	-6.7734E-1	1.7909E2	1.3849E0	2.1064E6	
1205	-6.7627E-1	1.8068E2	1.3905E0	2.1086E6	
1206	-6.7711E-1	1.7943E2	1.3960E0	2.1108E6	
1207	-6.7398E-1	1.8408E2	1.4015E0	2.1130E6	
1208	-6.7604E-1	1.8102E2	1.4071E0	2.1153E6	
1209	-6.7627E-1	1.8068E2	1.4126E0	2.1175E6	
1210	-6.7596E-1	1.8113E2	1.4182E0	2.1197E6	
1211	-6.7673E-1	1.8000E2	1.4237E0	2.1219E6	
1212	-6.7688E-1	1.7977E2	1.4293E0	2.1241E6	
1213	-6.7650E-1	1.8034E2	1.4347E0	2.1264E6	
1214	-6.7886E-1	1.7683E2	1.4405E0	2.1286E6	
1215	-6.7734E-1	1.7909E2	1.4460E0	2.1308E6	
1216	-6.7993E-1	1.7525E2	1.4516E0	2.1330E6	
1217	-6.7955E-1	1.7581E2	1.4572E0	2.1352E6	
1218	-6.7879E-1	1.7694E2	1.4628E0	2.1375E6	
1219	-6.7825E-1	1.7774E2	1.4684E0	2.1397E6	
1220	-6.7917E-1	1.7638E2	1.4740E0	2.1419E6	
1221	-6.7757E-1	1.7876E2	1.4797E0	2.1441E6	
1222	-6.8085E-1	1.7389E2	1.4853E0	2.1463E6	
1223	-6.7955E-1	1.7581E2	1.4909E0	2.1486E6	
1224	-6.7902E-1	1.7660E2	1.4965E0	2.1508E6	
1225	-6.7894E-1	1.7672E2	1.5021E0	2.1530E6	
1226	-6.7986E-1	1.7536E2	1.5078E0	2.1552E6	
1227	-6.8123E-1	1.7332E2	1.5133E0	2.1574E6	
1228	-6.8192E-1	1.7230E2	1.5191E0	2.1597E6	
1229	-6.7970E-1	1.7558E2	1.5247E0	2.1619E6	
1230	-6.8024E-1	1.7479E2	1.5304E0	2.1641E6	
1231	-6.8253E-1	1.7140E2	1.5361E0	2.1663E6	
1232	-6.8153E-1	1.7287E2	1.5417E0	2.1685E6	
1233	-6.8375E-1	1.6958E2	1.5475E0	2.1708E6	
1234	-6.8214E-1	1.7196E2	1.5531E0	2.1730E6	
1235	-6.8359E-1	1.6981E2	1.5587E0	2.1752E6	
1236	-6.8291E-1	1.7083E2	1.5645E0	2.1774E6	
1237	-6.8428E-1	1.6879E2	1.5701E0	2.1796E6	
1238	-6.8260E-1	1.7128E2	1.5758E0	2.1819E6	
1239	-6.8031E-1	1.7468E2	1.5816E0	2.1841E6	
1240	-6.8115E-1	1.7343E2	1.5872E0	2.1863E6	
1241	-6.8283E-1	1.7094E2	1.5930E0	2.1885E6	
1242	-6.8184E-1	1.7241E2	1.5987E0	2.1907E6	
1243	-6.8108E-1	1.7355E2	1.6044E0	2.1930E6	
1244	-6.8199E-1	1.7219E2	1.6101E0	2.1952E6	
1245	-6.8275E-1	1.7106E2	1.6159E0	2.1974E6	
1246	-6.8001E-1	1.7513E2	1.6216E0	2.1996E6	
1247	-6.8077E-1	1.7400E2	1.6273E0	2.2018E6	
1248	-6.8100E-1	1.7366E2	1.6330E0	2.2041E6	
1249	-6.8230E-1	1.7174E2	1.6388E0	2.2063E6	
1250	-6.8230E-1	1.7174E2	1.6445E0	2.2085E6	
1251	-6.8001E-1	1.7513E2	1.6503E0	2.2107E6	
1252	-6.8306E-1	1.7060E2	1.6560E0	2.2129E6	
1253	-6.8016E-1	1.7491E2	1.6619E0	2.2152E6	
1254	-6.8573E-1	1.6664E2	1.6675E0	2.2174E6	
1255	-6.8291E-1	1.7083E2	1.6734E0	2.2196E6	
1256	-6.8207E-1	1.7207E2	1.6792E0	2.2218E6	
1257	-6.8596E-1	1.6630E2	1.6850E0	2.2240E6	
1258	-6.8596E-1	1.6630E2	1.6907E0	2.2263E6	
1259	-6.8382E-1	1.6947E2	1.6965E0	2.2285E6	
1260	-6.8230E-1	1.7174E2	1.7023E0	2.2307E6	
1261	-6.8344E-1	1.7004E2	1.7081E0	2.2329E6	
1262	-6.8634E-1	1.6573E2	1.7139E0	2.2351E6	
1263	-6.8687E-1	1.6494E2	1.7197E0	2.2374E6	
1264	-6.8550E-1	1.6698E2	1.7255E0	2.2396E6	
1265	-6.8184E-1	1.7241E2	1.7313E0	2.2418E6	
1266	-6.8657E-1	1.6539E2	1.7371E0	2.2440E6	
1267	-6.8817E-1	1.6302E2	1.7430E0	2.2462E6	
1268	-6.8680E-1	1.6505E2	1.7488E0	2.2485E6	
1269	-6.8893E-1	1.6188E2	1.7546E0	2.2507E6	
1270	-6.8779E-1	1.6358E2	1.7606E0	2.2529E6	
1271	-6.8825E-1	1.6290E2	1.7663E0	2.2551E6	
1272	-6.8787E-1	1.6347E2	1.7722E0	2.2573E6	
1273	-6.8756E-1	1.6392E2	1.7781E0	2.2596E6	
1274	-6.8642E-1	1.6562E2	1.7840E0	2.2618E6	
1275	-6.8657E-1	1.6539E2	1.7898E0	2.2640E6	
1276	-6.8604E-1	1.6619E2	1.7956E0	2.2662E6	
1277	-6.8748E-1	1.6404E2	1.8015E0	2.2684E6	
1278	-6.8916E-1	1.6154E2	1.8074E0	2.2707E6	
1279	-6.8825E-1	1.6290E2	1.8132E0	2.2729E6	
1280	-6.8527E-1	1.6732E2	1.8192E0	2.2751E6	
1281	-6.8680E-1	1.6505E2	1.8250E0	2.2773E6	
1282	-6.8863E-1	1.6234E2	1.8309E0	2.2795E6	
1283	-6.8779E-1	1.6358E2	1.8368E0	2.2818E6	
1284	-6.8886E-1	1.6200E2	1.8427E0	2.2840E6	
1285	-6.8878E-1	1.6211E2	1.8487E0	2.2862E6	
1286	-6.8855E-1	1.6245E2	1.8546E0	2.2884E6	
1287	-6.8787E-1	1.6347E2	1.8604E0	2.2906E6	
1288	-6.8901E-1	1.6177E2	1.8664E0	2.2929E6	
1289	-6.9130E-1	1.5837E2	1.8723E0	2.2951E6	
1290	-6.8871E-1	1.6222E2	1.8783E0	2.2973E6	
1291	-6.9008E-1	1.6019E2	1.8842E0	2.2995E6	
1292	-6.9275E-1	1.5622E2	1.8901E0	2.3017E6	
1293	-6.9168E-1	1.5781E2	1.8959E0	2.3040E6	
1294	-6.9328E-1	1.5543E2	1.9020E0	2.3062E6	
1295	-6.9153E-1	1.5803E2	1.9080E0	2.3084E6	
1296	-6.9199E-1	1.5736E2	1.9139E0	2.3106E6	
1297	-6.9199E-1	1.5736E2	1.9198E0	2.3128E6	
1298	-6.9122E-1	1.5849E2	1.9258E0	2.3151E6	
1299	-6.8886E-1	1.6200E2	1.9318E0	2.3173E6	
1300	-6.9283E-1	1.5611E2	1.9378E0	2.3195E6	
1301	-6.9160E-1	1.5792E2	1.9437E0	2.3217E6	
1302	-6.9168E-1	1.5781E2	1.9498E0	2.3239E6	
1303	-6.9321E-1	1.5554E2	1.9557E0	2.3262E6	
1304	-6.9168E-1	1.5781E2	1.9617E0	2.3284E6	
1305	-6.9313E-1	1.5566E2	1.9677E0	2.3306E6	
1306	-6.9214E-1	1.5713E2	1.9738E0	2.3328E6	
1307	-6.9199E-1	1.5736E2	1.9796E0	2.3350E6	
1308	-6.9359E-1	1.5498E2	1.9858E0	2.3373E6	
1309	-6.9443E-1	1.5373E2	1.9917E0	2.3395E6	
1310	-6.9519E-1	1.5260E2	1.9977E0	2.3417E6	
1311	-6.9542E-1	1.5226E2	2.0038E0	2.3439E6	
1312	-6.9527E-1	1.5249E2	2.0097E0	2.3461E6	
1313	-6.9298E-1	1.5588E2	2.0158E0	2.3484E6	
1314	-6.9481E-1	1.5317E2	2.0219E0	2.3506E6	
1315	-6.9344E-1	1.5520E2	2.0279E0	2.3528E6	
1316	-6.9542E-1	1.5226E2	2.0339E0	2.3550E6	
1317	-6.9405E-1	1.5430E2	2.0401E0	2.3572E6	
1318	-6.9382E-1	1.5464E2	2.0460E0	2.3595E6	
1319	-6.9435E-1	1.5385E2	2.0520E0	2.3617E6	
1320	-6.9427E-1	1.5396E2	2.0582E0	2.3639E6	
1321	-6.9748E-1	1.4920E2	2.0643E0	2.3661E6	
1322	-6.9725E-1	1.4954E2	2.0703E0	2.3683E6	
1323	-6.9603E-1	1.5135E2	2.0764E0	2.3706E6	
1324	-6.9611E-1	1.5124E2	2.0824E0	2.3728E6	
1325	-6.9542E-1	1.5226E2	2.0885E0	2.3750E6	
1326	-6.9778E-1	1.4875E2	2.0946E0	2.3772E6	
1327	-6.9740E-1	1.4932E2	2.1007E0	2.3794E6	
1328	-6.9695E-1	1.5000E2	2.1067E0	2.3817E6	
1329	-6.9962E-1	1.4603E2	2.1128E0	2.3839E6	
1330	-6.9855E-1	1.4762E2	2.1190E0	2.3861E6	
1331	-6.9740E-1	1.4932E2	2.1251E0	2.3883E6	
1332	-6.9962E-1	1.4603E2	2.1312E0	2.3905E6	
1333	-6.9908E-1	1.4683E2	2.1373E0	2.3928E6	
1334	-7.0091E-1	1.4411E2	2.1435E0	2.3950E6	
1335	-6.9847E-1	1.4773E2	2.1496E0	2.3972E6	
1336	-6.9717E-1	1.4966E2	2.1558E0	2.3994E6	
1337	-6.9931E-1	1.4649E2	2.1619E0	2.4016E6	
1338	-6.9992E-1	1.4558E2	2.1681E0	2.4039E6	
1339	-6.9901E-1	1.4694E2	2.1741E0	2.4061E6	
1340	-7.0045E-1	1.4479E2	2.1804E0	2.4083E6	
1341	-6.9908E-1	1.4683E2	2.1865E0	2.4105E6	
1342	-6.9725E-1	1.4954E2	2.1927E0	2.4127E6	
1343	-6.9969E-1	1.4592E2	2.1988E0	2.4150E6	
1344	-6.9962E-1	1.4603E2	2.2050E0	2.4172E6	
1345	-7.0107E-1	1.4388E2	2.2112E0	2.4194E6	
1346	-7.0160E-1	1.4309E2	2.2174E0	2.4216E6	
1347	-7.0297E-1	1.4105E2	2.2235E0	2.4238E6	
1348	-7.0206E-1	1.4241E2	2.2297E0	2.4261E6	
1349	-7.0053E-1	1.4467E2	2.2359E0	2.4283E6	
1350	-7.0305E-1	1.4094E2	2.2420E0	2.4305E6	
1351	-7.0396E-1	1.3958E2	2.2483E0	2.4327E6	
1352	-7.0312E-1	1.4082E2	2.2545E0	2.4349E6	
1353	-7.0274E-1	1.4139E2	2.2607E0	2.4372E6	
1354	-7.0137E-1	1.4343E2	2.2669E0	2.4394E6	
1355	-7.0183E-1	1.4275E2	2.2731E0	2.4416E6	
1356	-7.0419E-1	1.3924E2	2.2794E0	2.4438E6	
1357	-7.0274E-1	1.4139E2	2.2856E0	2.4460E6	
1358	-7.0450E-1	1.3879E2	2.2918E0	2.4483E6	
1359	-7.0457E-1	1.3867E2	2.2980E0	2.4505E6	
1360	-7.0488E-1	1.3822E2	2.3043E0	2.4527E6	
1361	-7.0274E-1	1.4139E2	2.3105E0	2.4549E6	
1362	-7.0473E-1	1.3845E2	2.3168E0	2.4571E6	
1363	-7.0518E-1	1.3777E2	2.3230E0	2.4594E6	
1364	-7.0618E-1	1.3630E2	2.3292E0	2.4616E6	
1365	-7.0488E-1	1.3822E2	2.3355E0	2.4638E6	
1366	-7.0641E-1	1.3596E2	2.3418E0	2.4660E6	
1367	-7.0190E-1	1.4264E2	2.3482E0	2.4682E6	
1368	-7.0366E-1	1.4003E2	2.3543E0	2.4705E6	
1369	-7.0717E-1	1.3482E2	2.3607E0	2.4727E6	
1370	-7.0625E-1	1.3618E2	2.3669E0	2.4749E6	
1371	-7.0618E-1	1.3630E2	2.3732E0	2.4771E6	
1372	-7.0396E-1	1.3958E2	2.3796E0	2.4793E6	
1373	-7.0465E-1	1.3856E2	2.3858E0	2.4816E6	
1374	-7.0465E-1	1.3856E2	2.3922E0	2.4838E6	
1375	-7.0518E-1	1.3777E2	2.3984E0	2.4860E6	
1376	-7.0671E-1	1.3550E2	2.4048E0	2.4882E6	
1377	-7.0709E-1	1.3494E2	2.4109E0	2.4904E6	
1378	-7.0503E-1	1.3799E2	2.4172E0	2.4927E6	
1379	-7.0816E-1	1.3335E2	2.4237E0	2.4949E6	
1380	-7.0709E-1	1.3494E2	2.4299E0	2.4971E6	
1381	-7.0763E-1	1.3414E2	2.4364E0	2.4993E6	
1382	-7.0946E-1	1.3143E2	2.4427E0	2.5015E6	
1383	-7.0976E-1	1.3097E2	2.4490E0	2.5038E6	
1384	-7.1167E-1	1.2814E2	2.4554E0	2.5060E6	
1385	-7.1121E-1	1.2882E2	2.4617E0	2.5082E6	
1386	-7.0770E-1	1.3403E2	2.4680E0	2.5104E6	
1387	-7.0877E-1	1.3245E2	2.4744E0	2.5126E6	
1388	-7.0709E-1	1.3494E2	2.4807E0	2.5149E6	
1389	-7.0892E-1	1.3222E2	2.4871E0	2.5171E6	
1390	-7.0816E-1	1.3335E2	2.4936E0	2.5193E6	
1391	-7.0946E-1	1.3143E2	2.4998E0	2.5215E6	
1392	-7.1129E-1	1.2871E2	2.5063E0	2.5237E6	
1393	-7.1053E-1	1.2984E2	2.5126E0	2.5260E6	
1394	-7.0969E-1	1.3109E2	2.5190E0	2.5282E6	
1395	-7.0839E-1	1.3301E2	2.5254E0	2.5304E6	
1396	-7.1098E-1	1.2916E2	2.5318E0	2.5326E6	
1397	-7.0953E-1	1.3131E2	2.5382E0	2.5348E6	
1398	-7.1014E-1	1.3041E2	2.5446E0	2.5371E6	
1399	-7.1236E-1	1.2712E2	2.5510E0	2.5393E6	
1400	-7.1213E-1	1.2746E2	2.5574E0	2.5415E6	
1401	-7.1198E-1	1.2769E2	2.5638E0	2.5437E6	
1402	-7.1175E-1	1.2803E2	2.5703E0	2.5459E6	
1403	-7.1205E-1	1.2758E2	2.5767E0	2.5482E6	
1404	-7.1114E-1	1.2894E2	2.5831E0	2.5504E6	
1405	-7.1121E-1	1.2882E2	2.5895E0	2.5526E6	
1406	-7.1205E-1	1.2758E2	2.5960E0	2.5548E6	
1407	-7.1274E-1	1.2656E2	2.6025E0	2.5570E6	
1408	-7.1236E-1	1.2712E2	2.6090E0	2.5593E6	
1409	-7.1266E-1	1.2667E2	2.6155E0	2.5615E6	
1410	-7.1335E-1	1.2565E2	2.6219E0	2.5637E6	
1411	-7.1434E-1	1.2418E2	2.6283E0	2.5659E6	
1412	-7.1457E-1	1.2384E2	2.6348E0	2.5681E6	
1413	-7.1220E-1	1.2735E2	2.6412E0	2.5704E6	
1414	-7.1556E-1	1.2237E2	2.6478E0	2.5726E6	
1415	-7.1220E-1	1.2735E2	2.6542E0	2.5748E6	
1416	-7.1404E-1	1.2463E2	2.6607E0	2.5770E6	
1417	-7.1365E-1	1.2520E2	2.6671E0	2.5792E6	
1418	-7.1365E-1	1.2520E2	2.6737E0	2.5815E6	
1419	-7.1480E-1	1.2350E2	2.6802E0	2.5837E6	
1420	-7.1449E-1	1.2395E2	2.6867E0	2.5859E6	
1421	-7.1434E-1	1.2418E2	2.6932E0	2.5881E6	
1422	-7.1701E-1	1.2022E2	2.6997E0	2.5903E6	
1423	-7.1678E-1	1.2056E2	2.7061E0	2.5926E6	
1424	-7.1564E-1	1.2226E2	2.7128E0	2.5948E6	
1425	-7.1518E-1	1.2293E2	2.7193E0	2.5970E6	
1426	-7.1442E-1	1.2407E2	2.7258E0	2.5992E6	
1427	-7.1823E-1	1.1841E2	2.7323E0	2.6014E6	
1428	-7.1686E-1	1.2044E2	2.7389E0	2.6037E6	
1429	-7.1854E-1	1.1795E2	2.7454E0	2.6059E6	
1430	-7.1686E-1	1.2044E2	2.7519E0	2.6081E6	
1431	-7.1663E-1	1.2078E2	2.7584E0	2.6103E6	
1432	-7.1724E-1	1.1988E2	2.7650E0	2.6125E6	
1433	-7.1564E-1	1.2226E2	2.7716E0	2.6148E6	
1434	-7.1976E-1	1.1614E2	2.7781E0	2.6170E6	
1435	-7.1869E-1	1.1773E2	2.7848E0	2.6192E6	
1436	-7.2105E-1	1.1422E2	2.7912E0	2.6214E6	
1437	-7.1777E-1	1.1909E2	2.7978E0	2.6236E6	
1438	-7.1861E-1	1.1784E2	2.8044E0	2.6259E6	
1439	-7.1899E-1	1.1727E2	2.8109E0	2.6281E6	
1440	-7.1838E-1	1.1818E2	2.8176E0	2.6303E6	
1441	-7.1716E-1	1.1999E2	2.8242E0	2.6325E6	
1442	-7.1907E-1	1.1716E2	2.8307E0	2.6347E6	
1443	-7.1854E-1	1.1795E2	2.8373E0	2.6370E6	
1444	-7.2098E-1	1.1433E2	2.8440E0	2.6392E6	
1445	-7.2098E-1	1.1433E2	2.8505E0	2.6414E6	
1446	-7.1945E-1	1.1659E2	2.8572E0	2.6436E6	
1447	-7.1953E-1	1.1648E2	2.8638E0	2.6458E6	
1448	-7.2189E-1	1.1297E2	2.8704E0	2.6481E6	
1449	-7.2075E-1	1.1467E2	2.8770E0	2.6503E6	
1450	-7.1884E-1	1.1750E2	2.8836E0	2.6525E6	
1451	-7.2083E-1	1.1456E2	2.8903E0	2.6547E6	
1452	-7.2151E-1	1.1354E2	2.8969E0	2.6569E6	
1453	-7.2098E-1	1.1433E2	2.9036E0	2.6592E6	
1454	-7.2433E-1	1.0935E2	2.9102E0	2.6614E6	
1455	-7.2327E-1	1.1093E2	2.9168E0	2.6636E6	
1456	-7.2357E-1	1.1048E2	2.9236E0	2.6658E6	
1457	-7.2067E-1	1.1478E2	2.9301E0	2.6680E6	
1458	-7.2411E-1	1.0969E2	2.9369E0	2.6703E6	
1459	-7.2044E-1	1.1512E2	2.9435E0	2.6725E6	
1460	-7.2151E-1	1.1354E2	2.9502E0	2.6747E6	
1461	-7.2098E-1	1.1433E2	2.9568E0	2.6769E6	
1462	-7.2266E-1	1.1184E2	2.9635E0	2.6791E6	
1463	-7.2495E-1	1.0844E2	2.9702E0	2.6814E6	
1464	-7.2411E-1	1.0969E2	2.9770E0	2.6836E6	
1465	-7.2311E-1	1.1116E2	2.9836E0	2.6858E6	
1466	-7.2594E-1	1.0697E2	2.9902E0	2.6880E6	
1467	-7.2472E-1	1.0878E2	2.9969E0	2.6902E6	
1468	-7.2472E-1	1.0878E2	3.0037E0	2.6925E6	
1469	-7.2617E-1	1.0663E2	3.0103E0	2.6947E6	
1470	-7.2296E-1	1.1139E2	3.0171E0	2.6969E6	
1471	-7.2540E-1	1.0776E2	3.0238E0	2.6991E6	
1472	-7.2411E-1	1.0969E2	3.0305E0	2.7013E6	
1473	-7.2716E-1	1.0516E2	3.0372E0	2.7036E6	
1474	-7.2449E-1	1.0912E2	3.0440E0	2.7058E6	
1475	-7.2746E-1	1.0471E2	3.0507E0	2.7080E6	
1476	-7.2609E-1	1.0674E2	3.0573E0	2.7102E6	
1477	-7.2746E-1	1.0471E2	3.0641E0	2.7124E6	
1478	-7.2762E-1	1.0448E2	3.0709E0	2.7147E6	
1479	-7.2754E-1	1.0459E2	3.0776E0	2.7169E6	
1480	-7.2830E-1	1.0346E2	3.0844E0	2.7191E6	
1481	-7.2525E-1	1.0799E2	3.0911E0	2.7213E6	
1482	-7.2975E-1	1.0131E2	3.0979E0	2.7235E6	
1483	-7.2769E-1	1.0437E2	3.1046E0	2.7258E6	
1484	-7.2723E-1	1.0505E2	3.1114E0	2.7280E6	
1485	-7.2701E-1	1.0538E2	3.1181E0	2.7302E6	
1486	-7.2868E-1	1.0289E2	3.1250E0	2.7324E6	
1487	-7.2830E-1	1.0346E2	3.1318E0	2.7346E6	
1488	-7.2884E-1	1.0267E2	3.1385E0	2.7369E6	
1489	-7.3090E-1	9.9610E1	3.1453E0	2.7391E6	
1490	-7.3013E-1	1.0074E2	3.1521E0	2.7413E6	
1491	-7.2800E-1	1.0391E2	3.1589E0	2.7435E6	
1492	-7.2784E-1	1.0414E2	3.1657E0	2.7457E6	
1493	-7.3105E-1	9.9384E1	3.1725E0	2.7480E6	
1494	-7.3120E-1	9.9158E1	3.1792E0	2.7502E6	
1495	-7.2945E-1	1.0176E2	3.1861E0	2.7524E6	
1496	-7.2853E-1	1.0312E2	3.1928E0	2.7546E6	
1497	-7.3219E-1	9.7686E1	3.1998E0	2.7568E6	
1498	-7.3074E-1	9.9837E1	3.2065E0	2.7591E6	
1499	-7.3212E-1	9.7799E1	3.2134E0	2.7613E6	
1500	-7.3082E-1	9.9724E1	3.2201E0	2.7635E6	
1501	-7.3189E-1	9.8138E1	3.2270E0	2.7657E6	
1502	-7.3235E-1	9.7459E1	3.2338E0	2.7679E6	
1503	-7.3196E-1	9.8025E1	3.2407E0	2.7702E6	
1504	-7.3471E-1	9.3949E1	3.2476E0	2.7724E6	
1505	-7.3326E-1	9.6100E1	3.2544E0	2.7746E6	
1506	-7.3212E-1	9.7799E1	3.2612E0	2.7768E6	
1507	-7.3128E-1	9.9044E1	3.2681E0	2.7790E6	
1508	-7.3212E-1	9.7799E1	3.2749E0	2.7813E6	
1509	-7.3341E-1	9.5874E1	3.2818E0	2.7835E6	
1510	-7.3479E-1	9.3836E1	3.2886E0	2.7857E6	
1511	-7.3196E-1	9.8025E1	3.2955E0	2.7879E6	
1512	-7.3296E-1	9.6553E1	3.3024E0	2.7901E6	
1513	-7.3380E-1	9.5308E1	3.3092E0	2.7924E6	
1514	-7.3196E-1	9.8025E1	3.3161E0	2.7946E6	
1515	-7.3296E-1	9.6553E1	3.3230E0	2.7968E6	
1516	-7.3532E-1	9.3043E1	3.3299E0	2.7990E6	
1517	-7.3524E-1	9.3157E1	3.3369E0	2.8012E6	
1518	-7.3631E-1	9.1571E1	3.3437E0	2.8035E6	
1519	-7.3524E-1	9.3157E1	3.3506E0	2.8057E6	
1520	-7.3448E-1	9.4289E1	3.3575E0	2.8079E6	
1521	-7.3601E-1	9.2024E1	3.3644E0	2.8101E6	
1522	-7.3792E-1	8.9194E1	3.3713E0	2.8123E6	
1523	-7.3540E-1	9.2930E1	3.3782E0	2.8146E6	
1524	-7.3547E-1	9.2817E1	3.3852E0	2.8168E6	
1525	-7.3708E-1	9.0439E1	3.3920E0	2.8190E6	
1526	-7.3730E-1	9.0099E1	3.3991E0	2.8212E6	
1527	-7.3715E-1	9.0326E1	3.4060E0	2.8234E6	
1528	-7.3494E-1	9.3609E1	3.4128E0	2.8257E6	
1529	-7.3997E-1	8.6137E1	3.4198E0	2.8279E6	
1530	-7.3921E-1	8.7269E1	3.4266E0	2.8301E6	
1531	-7.3929E-1	8.7156E1	3.4337E0	2.8323E6	
1532	-7.3715E-1	9.0326E1	3.4406E0	2.8345E6	
1533	-7.3898E-1	8.7608E1	3.4476E0	2.8368E6	
1534	-7.3883E-1	8.7835E1	3.4544E0	2.8390E6	
1535	-7.4158E-1	8.3759E1	3.4615E0	2.8412E6	
1536	-7.3784E-1	8.9307E1	3.4683E0	2.8434E6	
1537	-7.3700E-1	9.0552E1	3.4754E0	2.8456E6	
1538	-7.3807E-1	8.8967E1	3.4823E0	2.8479E6	
1539	-7.3898E-1	8.7608E1	3.4893E0	2.8501E6	
1540	-7.4165E-1	8.3646E1	3.4963E0	2.8523E6	
1541	-7.4074E-1	8.5004E1	3.5033E0	2.8545E6	
1542	-7.4295E-1	8.1721E1	3.5103E0	2.8567E6	
1543	-7.3936E-1	8.7042E1	3.5173E0	2.8590E6	
1544	-7.3814E-1	8.8854E1	3.5243E0	2.8612E6	
1545	-7.4280E-1	8.1947E1	3.5312E0	2.8634E6	
1546	-7.4120E-1	8.4325E1	3.5383E0	2.8656E6	
1547	-7.4181E-1	8.3419E1	3.5452E0	2.8678E6	
1548	-7.4036E-1	8.5570E1	3.5521E0	2.8701E6	
1549	-7.4135E-1	8.4098E1	3.5592E0	2.8723E6	
1550	-7.4051E-1	8.5344E1	3.5662E0	2.8745E6	
1551	-7.4028E-1	8.5684E1	3.5733E0	2.8767E6	
1552	-7.4173E-1	8.3532E1	3.5803E0	2.8789E6	
1553	-7.4333E-1	8.1155E1	3.5873E0	2.8812E6	
1554	-7.4303E-1	8.1608E1	3.5942E0	2.8834E6	
1555	-7.4242E-1	8.2513E1	3.6014E0	2.8856E6	
1556	-7.4356E-1	8.0815E1	3.6084E0	2.8878E6	
1557	-7.4036E-1	8.5570E1	3.6154E0	2.8900E6	
1558	-7.4219E-1	8.2853E1	3.6225E0	2.8923E6	
1559	-7.4333E-1	8.1155E1	3.6295E0	2.8945E6	
1560	-7.4463E-1	7.9230E1	3.6366E0	2.8967E6	
1561	-7.4112E-1	8.4438E1	3.6436E0	2.8989E6	
1562	-7.4432E-1	7.9683E1	3.6507E0	2.9011E6	
1563	-7.4547E-1	7.7984E1	3.6578E0	2.9034E6	
1564	-7.4615E-1	7.6965E1	3.6649E0	2.9056E6	
1565	-7.4547E-1	7.7984E1	3.6719E0	2.9078E6	
1566	-7.4432E-1	7.9683E1	3.6789E0	2.9100E6	
1567	-7.4387E-1	8.0362E1	3.6860E0	2.9122E6	
1568	-7.4425E-1	7.9796E1	3.6930E0	2.9145E6	
1569	-7.4577E-1	7.7531E1	3.7002E0	2.9167E6	
1570	-7.4516E-1	7.8437E1	3.7073E0	2.9189E6	
1571	-7.4585E-1	7.7418E1	3.7144E0	2.9211E6	
1572	-7.4654E-1	7.6399E1	3.7214E0	2.9233E6	
1573	-7.4554E-1	7.7871E1	3.7286E0	2.9256E6	
1574	-7.4699E-1	7.5720E1	3.7357E0	2.9278E6	
1575	-7.4539E-1	7.8098E1	3.7427E0	2.9300E6	
1576	-7.4631E-1	7.6739E1	3.7499E0	2.9322E6	
1577	-7.4692E-1	7.5833E1	3.7570E0	2.9344E6	
1578	-7.4669E-1	7.6173E1	3.7641E0	2.9367E6	
1579	-7.4699E-1	7.5720E1	3.7712E0	2.9389E6	
1580	-7.4875E-1	7.3116E1	3.7783E0	2.9411E6	
1581	-7.4738E-1	7.5154E1	3.7855E0	2.9433E6	
1582	-7.5058E-1	7.0398E1	3.7925E0	2.9455E6	
1583	-7.4677E-1	7.6059E1	3.7996E0	2.9478E6	
1584	-7.4974E-1	7.1644E1	3.8068E0	2.9500E6	
1585	-7.4799E-1	7.4248E1	3.8140E0	2.9522E6	
1586	-7.4867E-1	7.3229E1	3.8210E0	2.9544E6	
1587	-7.4806E-1	7.4135E1	3.8282E0	2.9566E6	
1588	-7.5165E-1	6.8813E1	3.8353E0	2.9589E6	
1589	-7.4966E-1	7.1757E1	3.8425E0	2.9611E6	
1590	-7.5066E-1	7.0285E1	3.8497E0	2.9633E6	
1591	-7.5165E-1	6.8813E1	3.8568E0	2.9655E6	
1592	-7.5287E-1	6.7001E1	3.8641E0	2.9677E6	
1593	-7.5211E-1	6.8134E1	3.8711E0	2.9700E6	
1594	-7.4982E-1	7.1530E1	3.8783E0	2.9722E6	
1595	-7.5020E-1	7.0964E1	3.8855E0	2.9744E6	
1596	-7.5287E-1	6.7001E1	3.8928E0	2.9766E6	
1597	-7.5142E-1	6.9153E1	3.8997E0	2.9788E6	
1598	-7.5264E-1	6.7341E1	3.9071E0	2.9811E6	
1599	-7.5188E-1	6.8473E1	3.9141E0	2.9833E6	
1600	-7.5340E-1	6.6209E1	3.9214E0	2.9855E6	
1601	-7.5256E-1	6.7454E1	3.9287E0	2.9877E6	
1602	-7.5447E-1	6.4624E1	3.9357E0	2.9899E6	
1603	-7.5165E-1	6.8813E1	3.9430E0	2.9922E6	
1604	-7.5340E-1	6.6209E1	3.9502E0	2.9944E6	
1605	-7.5279E-1	6.7115E1	3.9574E0	2.9966E6	
1606	-7.5310E-1	6.6662E1	3.9646E0	2.9988E6	
1607	-7.5455E-1	6.4510E1	3.9719E0	3.0010E6	
1608	-7.5211E-1	6.8134E1	3.9790E0	3.0033E6	
1609	-7.5325E-1	6.6435E1	3.9863E0	3.0055E6	
1610	-7.5348E-1	6.6096E1	3.9934E0	3.0077E6	
1611	-7.5523E-1	6.3491E1	4.0007E0	3.0099E6	
1612	-7.5455E-1	6.4510E1	4.0079E0	3.0121E6	
1613	-7.5493E-1	6.3944E1	4.0151E0	3.0144E6	
1614	-7.5531E-1	6.3378E1	4.0223E0	3.0166E6	
1615	-7.5645E-1	6.1680E1	4.0297E0	3.0188E6	
1616	-7.5592E-1	6.2472E1	4.0368E0	3.0210E6	
1617	-7.5645E-1	6.1680E1	4.0442E0	3.0232E6	
1618	-7.5478E-1	6.4171E1	4.0512E0	3.0255E6	
1619	-7.5455E-1	6.4510E1	4.0586E0	3.0277E6	
1620	-7.5706E-1	6.0774E1	4.0659E0	3.0299E6	
1621	-7.5485E-1	6.4058E1	4.0731E0	3.0321E6	
1622	-7.5623E-1	6.2019E1	4.0804E0	3.0343E6	
1623	-7.5844E-1	5.8736E1	4.0877E0	3.0366E6	
1624	-7.5508E-1	6.3718E1	4.0949E0	3.0388E6	
1625	-7.5706E-1	6.0774E1	4.1022E0	3.0410E6	
1626	-7.5668E-1	6.1340E1	4.1095E0	3.0432E6	
1627	-7.5897E-1	5.7943E1	4.1168E0	3.0454E6	
1628	-7.5729E-1	6.0434E1	4.1241E0	3.0477E6	
1629	-7.5996E-1	5.6471E1	4.1313E0	3.0499E6	
1630	-7.5836E-1	5.8849E1	4.1386E0	3.0521E6	
1631	-7.5958E-1	5.7038E1	4.1459E0	3.0543E6	
1632	-7.6057E-1	5.5566E1	4.1531E0	3.0565E6	
1633	-7.5905E-1	5.7830E1	4.1606E0	3.0588E6	
1634	-7.5836E-1	5.8849E1	4.1678E0	3.0610E6	
1635	-7.5974E-1	5.6811E1	4.1750E0	3.0632E6	
1636	-7.5745E-1	6.0208E1	4.1824E0	3.0654E6	
1637	-7.5760E-1	5.9981E1	4.1897E0	3.0676E6	
1638	-7.6225E-1	5.3075E1	4.1970E0	3.0699E6	
1639	-7.6019E-1	5.6132E1	4.2044E0	3.0721E6	
1640	-7.6370E-1	5.0923E1	4.2117E0	3.0743E6	
1641	-7.5989E-1	5.6585E1	4.2190E0	3.0765E6	
1642	-7.6202E-1	5.3414E1	4.2264E0	3.0787E6	
1643	-7.6210E-1	5.3301E1	4.2337E0	3.0810E6	
1644	-7.6012E-1	5.6245E1	4.2410E0	3.0832E6	
1645	-7.6218E-1	5.3188E1	4.2483E0	3.0854E6	
1646	-7.6096E-1	5.4999E1	4.2556E0	3.0876E6	
1647	-7.6225E-1	5.3075E1	4.2630E0	3.0898E6	
1648	-7.6050E-1	5.5679E1	4.2703E0	3.0921E6	
1649	-7.6202E-1	5.3414E1	4.2777E0	3.0943E6	
1650	-7.6332E-1	5.1489E1	4.2850E0	3.0965E6	
1651	-7.6416E-1	5.0244E1	4.2924E0	3.0987E6	
1652	-7.6599E-1	4.7527E1	4.2997E0	3.1009E6	
1653	-7.6500E-1	4.8998E1	4.3071E0	3.1032E6	
1654	-7.6546E-1	4.8319E1	4.3145E0	3.1054E6	
1655	-7.6637E-1	4.6960E1	4.3217E0	3.1076E6	
1656	-7.6447E-1	4.9791E1	4.3292E0	3.1098E6	
1657	-7.6355E-1	5.1150E1	4.3365E0	3.1120E6	
1658	-7.6340E-1	5.1376E1	4.3439E0	3.1143E6	
1659	-7.6675E-1	4.6394E1	4.3513E0	3.1165E6	
1660	-7.6508E-1	4.8885E1	4.3587E0	3.1187E6	
1661	-7.6591E-1	4.7640E1	4.3661E0	3.1209E6	
1662	-7.6317E-1	5.1716E1	4.3734E0	3.1231E6	
1663	-7.6668E-1	4.6508E1	4.3808E0	3.1254E6	
1664	-7.6508E-1	4.8885E1	4.3881E0	3.1276E6	
1665	-7.6508E-1	4.8885E1	4.3955E0	3.1298E6	
1666	-7.6546E-1	4.8319E1	4.4031E0	3.1320E6	
1667	-7.6935E-1	4.2545E1	4.4104E0	3.1342E6	
1668	-7.6714E-1	4.5828E1	4.4178E0	3.1365E6	
1669	-7.6790E-1	4.4696E1	4.4252E0	3.1387E6	
1670	-7.6744E-1	4.5375E1	4.4327E0	3.1409E6	
1671	-7.6561E-1	4.8093E1	4.4401E0	3.1431E6	
1672	-7.6790E-1	4.4696E1	4.4475E0	3.1453E6	
1673	-7.6859E-1	4.3677E1	4.4549E0	3.1476E6	
1674	-7.6698E-1	4.6055E1	4.4623E0	3.1498E6	
1675	-7.6866E-1	4.3564E1	4.4697E0	3.1520E6	
1676	-7.6866E-1	4.3564E1	4.4771E0	3.1542E6	
1677	-7.6736E-1	4.5488E1	4.4844E0	3.1564E6	
1678	-7.6721E-1	4.5715E1	4.4920E0	3.1587E6	
1679	-7.7034E-1	4.1073E1	4.4994E0	3.1609E6	
1680	-7.6836E-1	4.4017E1	4.5068E0	3.1631E6	
1681	-7.7042E-1	4.0959E1	4.5142E0	3.1653E6	
1682	-7.6912E-1	4.2884E1	4.5217E0	3.1675E6	
1683	-7.6859E-1	4.3677E1	4.5291E0	3.1698E6	
1684	-7.6797E-1	4.4583E1	4.5365E0	3.1720E6	
1685	-7.7095E-1	4.0167E1	4.5440E0	3.1742E6	
1686	-7.7202E-1	3.8582E1	4.5513E0	3.1764E6	
1687	-7.7133E-1	3.9601E1	4.5588E0	3.1786E6	
1688	-7.7042E-1	4.0959E1	4.5663E0	3.1809E6	
1689	-7.7080E-1	4.0393E1	4.5739E0	3.1831E6	
1690	-7.7385E-1	3.5864E1	4.5812E0	3.1853E6	
1691	-7.7240E-1	3.8016E1	4.5887E0	3.1875E6	
1692	-7.7301E-1	3.7110E1	4.5961E0	3.1897E6	
1693	-7.7156E-1	3.9261E1	4.6036E0	3.1920E6	
1694	-7.7103E-1	4.0054E1	4.6110E0	3.1942E6	
1695	-7.7278E-1	3.7449E1	4.6185E0	3.1964E6	
1696	-7.7278E-1	3.7449E1	4.6259E0	3.1986E6	
1697	-7.7263E-1	3.7676E1	4.6334E0	3.2008E6	
1698	-7.7209E-1	3.8469E1	4.6408E0	3.2031E6	
1699	-7.7248E-1	3.7902E1	4.6483E0	3.2053E6	
1700	-7.7728E-1	3.0769E1	4.6558E0	3.2075E6	
1701	-7.7423E-1	3.5298E1	4.6633E0	3.2097E6	
1702	-7.7454E-1	3.4845E1	4.6708E0	3.2119E6	
1703	-7.7438E-1	3.5072E1	4.6782E0	3.2142E6	
1704	-7.7553E-1	3.3373E1	4.6857E0	3.2164E6	
1705	-7.7675E-1	3.1562E1	4.6932E0	3.2186E6	
1706	-7.7568E-1	3.3147E1	4.7007E0	3.2208E6	
1707	-7.7393E-1	3.5751E1	4.7081E0	3.2230E6	
1708	-7.7393E-1	3.5751E1	4.7156E0	3.2253E6	
1709	-7.7522E-1	3.3826E1	4.7231E0	3.2275E6	
1710	-7.7698E-1	3.1222E1	4.7306E0	3.2297E6	
1711	-7.7736E-1	3.0656E1	4.7381E0	3.2319E6	
1712	-7.7728E-1	3.0769E1	4.7456E0	3.2341E6	
1713	-7.7782E-1	2.9977E1	4.7531E0	3.2364E6	
1714	-7.7820E-1	2.9410E1	4.7604E0	3.2386E6	
1715	-7.7530E-1	3.3713E1	4.7680E0	3.2408E6	
1716	-7.7522E-1	3.3826E1	4.7755E0	3.2430E6	
1717	-7.7499E-1	3.4166E1	4.7830E0	3.2452E6	
1718	-7.7888E-1	2.8391E1	4.7905E0	3.2475E6	
1719	-7.7812E-1	2.9524E1	4.7980E0	3.2497E6	
1720	-7.8064E-1	2.5787E1	4.8055E0	3.2519E6	
1721	-7.7904E-1	2.8165E1	4.8130E0	3.2541E6	
1722	-7.7820E-1	2.9410E1	4.8205E0	3.2563E6	
1723	-7.7797E-1	2.9750E1	4.8280E0	3.2586E6	
1724	-7.7873E-1	2.8618E1	4.8355E0	3.2608E6	
1725	-7.7782E-1	2.9977E1	4.8430E0	3.2630E6	
1726	-7.8171E-1	2.4202E1	4.8505E0	3.2652E6	
1727	-7.7919E-1	2.7939E1	4.8581E0	3.2674E6	
1728	-7.7850E-1	2.8958E1	4.8655E0	3.2697E6	
1729	-7.8178E-1	2.4089E1	4.8731E0	3.2719E6	
1730	-7.8300E-1	2.2277E1	4.8806E0	3.2741E6	
1731	-7.8308E-1	2.2164E1	4.8880E0	3.2763E6	
1732	-7.8087E-1	2.5448E1	4.8956E0	3.2785E6	
1733	-7.8117E-1	2.4995E1	4.9032E0	3.2808E6	
1734	-7.8194E-1	2.3862E1	4.9107E0	3.2830E6	
1735	-7.8156E-1	2.4429E1	4.9181E0	3.2852E6	
1736	-7.8056E-1	2.5900E1	4.9257E0	3.2874E6	
1737	-7.8316E-1	2.2051E1	4.9333E0	3.2896E6	
1738	-7.8194E-1	2.3862E1	4.9407E0	3.2919E6	
1739	-7.8316E-1	2.2051E1	4.9483E0	3.2941E6	
1740	-7.8232E-1	2.3296E1	4.9558E0	3.2963E6	
1741	-7.8522E-1	1.8994E1	4.9634E0	3.2985E6	
1742	-7.8072E-1	2.5674E1	4.9708E0	3.3007E6	
1743	-7.8247E-1	2.3070E1	4.9785E0	3.3030E6	
1744	-7.8178E-1	2.4089E1	4.9859E0	3.3052E6	
1745	-7.8484E-1	1.9560E1	4.9935E0	3.3074E6	
1746	-7.8262E-1	2.2843E1	5.0010E0	3.3096E6	
1747	-7.8224E-1	2.3409E1	5.0085E0	3.3118E6	
1748	-7.8415E-1	2.0579E1	5.0161E0	3.3141E6	
1749	-7.8606E-1	1.7748E1	5.0236E0	3.3163E6	
1750	-7.8415E-1	2.0579E1	5.0311E0	3.3185E6	
1751	-7.8583E-1	1.8088E1	5.0387E0	3.3207E6	
1752	-7.8476E-1	1.9673E1	5.0463E0	3.3229E6	
1753	-7.8423E-1	2.0466E1	5.0538E0	3.3252E6	
1754	-7.8636E-1	1.7295E1	5.0613E0	3.3274E6	
1755	-7.8659E-1	1.6956E1	5.0689E0	3.3296E6	
1756	-7.8743E-1	1.5710E1	5.0765E0	3.3318E6	
1757	-7.8491E-1	1.9447E1	5.0840E0	3.3340E6	
1758	-7.8552E-1	1.8541E1	5.0916E0	3.3363E6	
1759	-7.8590E-1	1.7975E1	5.0991E0	3.3385E6	
1760	-7.8552E-1	1.8541E1	5.1067E0	3.3407E6	
1761	-7.8789E-1	1.5031E1	5.1142E0	3.3429E6	
1762	-7.8888E-1	1.3559E1	5.1217E0	3.3451E6	
1763	-7.8949E-1	1.2653E1	5.1293E0	3.3474E6	
1764	-7.8957E-1	1.2540E1	5.1369E0	3.3496E6	
1765	-7.8941E-1	1.2766E1	5.1443E0	3.3518E6	
1766	-7.8934E-1	1.2879E1	5.1519E0	3.3540E6	
1767	-7.8720E-1	1.6050E1	5.1595E0	3.3562E6	
1768	-7.8697E-1	1.6389E1	5.1670E0	3.3585E6	
1769	-7.8880E-1	1.3672E1	5.1747E0	3.3607E6	
1770	-7.9018E-1	1.1634E1	5.1822E0	3.3629E6	
1771	-7.8995E-1	1.1974E1	5.1896E0	3.3651E6	
1772	-7.8842E-1	1.4238E1	5.1972E0	3.3673E6	
1773	-7.9041E-1	1.1294E1	5.2048E0	3.3696E6	
1774	-7.9147E-1	9.7092E0	5.2124E0	3.3718E6	
1775	-7.9185E-1	9.1430E0	5.2200E0	3.3740E6	
1776	-7.9056E-1	1.1068E1	5.2275E0	3.3762E6	
1777	-7.8957E-1	1.2540E1	5.2350E0	3.3784E6	
1778	-7.9086E-1	1.0615E1	5.2426E0	3.3807E6	
1779	-7.9399E-1	5.9727E0	5.2501E0	3.3829E6	
1780	-7.9201E-1	8.9166E0	5.2578E0	3.3851E6	
1781	-7.9201E-1	8.9166E0	5.2652E0	3.3873E6	
1782	-7.9254E-1	8.1240E0	5.2729E0	3.3895E6	
1783	-7.9254E-1	8.1240E0	5.2803E0	3.3918E6	
1784	-7.9292E-1	7.5579E0	5.2880E0	3.3940E6	
1785	-7.9231E-1	8.4637E0	5.2954E0	3.3962E6	
1786	-7.9308E-1	7.3314E0	5.3029E0	3.3984E6	
1787	-7.9277E-1	7.7843E0	5.3106E0	3.4006E6	
1788	-7.9453E-1	5.1801E0	5.3181E0	3.4029E6	
1789	-7.9239E-1	8.3505E0	5.3256E0	3.4051E6	
1790	-7.9407E-1	5.8595E0	5.3332E0	3.4073E6	
1791	-7.9445E-1	5.2934E0	5.3408E0	3.4095E6	
1792	-7.9361E-1	6.5388E0	5.3483E0	3.4117E6	
1793	-7.9460E-1	5.0669E0	5.3559E0	3.4140E6	
1794	-7.9430E-1	5.5198E0	5.3633E0	3.4162E6	
1795	-7.9689E-1	1.6701E0	5.3692E0	3.4178E6	
1796	-7.9689E-1	1.6701E0	5.3692E0	3.4178E6	
1797	-7.9689E-1	1.6701E0	5.3692E0	3.4178E6	
1798	-7.9689E-1	1.6701E0	5.3692E0	3.4178E6	
1799	-7.9689E-1	1.6701E0	5.3692E0	3.4178E6	
1800	-7.9689E-1	1.6701E0	5.3692E0	3.4178E6	
1801	-7.9689E-1	1.6701E0	5.3692E0	3.4178E6	
1802	-7.9689E-1	1.6701E0	5.3692E0	3.4178E6	
1803	-7.9689E-1	1.6701E0	5.3692E0	3.4178E6	
1804	-7.9689E-1	1.6701E0	5.3692E0	3.4178E6	
1805	-7.9689E-1	1.6701E0	5.3692E0	3.4178E6	
1806	-7.9689E-1	1.6701E0	5.3692E0	3.4178E6	
1807	-7.9689E-1	1.6701E0	5.3692E0	3.4178E6	
1808	-7.9689E-1	1.6701E0	5.3692E0	3.4178E6	
1809	-7.9689E-1	1.6701E0	5.3692E0	3.4178E6	
1810	-7.9689E-1	1.6701E0	5.3692E0	3.4178E6	
1811	-7.9689E-1	1.6701E0	5.3692E0	3.4178E6	
1812	-7.9689E-1	1.6701E0	5.3692E0	3.4178E6	
1813	-7.9689E-1	1.6701E0	5.3692E0	3.4178E6	
1814	-7.9689E-1	1.6701E0	5.3692E0	3.4178E6	
1815	-7.9689E-1	1.6701E0	5.3692E0	3.4178E6	
1816	-7.9689E-1	1.6701E0	5.3692E0	3.4178E6	
1817	-7.9689E-1	1.6701E0	5.3692E0	3.4178E6	
1818	-7.9689E-1	1.6701E0	5.3692E0	3.4178E6	
1819	-7.9689E-1	1.6701E0	5.3692E0	3.4178E6	
1820	-7.9689E-1	1.6701E0	5.3692E0	3.4178E6	
1821	-7.9689E-1	1.6701E0	5.3692E0	3.4178E6	
1822	-7.9689E-1	1.6701E0	5.3692E0	3.4178E6	
1823	-7.9689E-1	1.6701E0	5.3692E0	3.4178E6	
1824	-7.9689E-1	1.6701E0	5.3692E0	3.4178E6	
1825	-7.9689E-1	1.6701E0	5.3692E0	3.4178E6	
1826	-7.9689E-1	1.6701E0	5.3692E0	3.4178E6	
1827	-7.9689E-1	1.6701E0	5.3692E0	3.4178E6	
1828	-7.9689E-1	1.6701E0	5.3692E0	3.4178E6	
1829	-7.9689E-1	1.6701E0	5.3692E0	3.4178E6	
1830	-7.9689E-1	1.6701E0	5.3692E0	3.4178E6	
1831	-7.9689E-1	1.6701E0	5.3692E0	3.4178E6	
1832	-7.9689E-1	1.6701E0	5.3692E0	3.4178E6	
1833	-7.9689E-1	1.6701E0	5.3692E0	3.4178E6	
1834	-7.9689E-1	1.6701E0	5.3692E0	3.4178E6	
1835	-7.9689E-1	1.6701E0	5.3692E0	3.4178E6	
1836	-7.9689E-1	1.6701E0	5.3692E0	3.4178E6	
1837	-7.9689E-1	1.6701E0	5.3692E0	3.4178E6	
1838	-7.9689E-1	1.6701E0	5.3692E0	3.4178E6	
1839	-7.9689E-1	1.6701E0	5.3692E0	3.4178E6	
1840	-7.9689E-1	1.6701E0	5.3692E0	3.4178E6	
1841	-7.9689E-1	1.6701E0	5.3692E0	3.4178E6	
1842	-7.9689E-1	1.6701E0	5.3692E0	3.4178E6	
1843	-7.9689E-1	1.6701E0	5.3692E0	3.4178E6	
1844	-7.9689E-1	1.6701E0	5.3692E0	3.4178E6	
1845	-7.9689E-1	1.6701E0	5.3692E0	3.4178E6	
1846	-7.9689E-1	1.6701E0	5.3692E0	3.4178E6	
1847	-7.9689E-1	1.6701E0	5.3692E0	3.4178E6	
1848	-7.9689E-1	1.6701E0	5.3692E0	3.4178E6	
1849	-7.9689E-1	1.6701E0	5.3692E0	3.4178E6	
1850	-7.9689E-1	1.6701E0	5.3692E0	3.4178E6	
1851	-7.9689E-1	1.6701E0	5.3692E0	3.4178E6	
1852	-7.9689E-1	1.6701E0	5.3692E0	3.4178E6	
1853	-7.9689E-1	1.6701E0	5.3692E0	3.4178E6	
1854	-7.9689E-1	1.6701E0	5.3692E0	3.4178E6	
1855	-7.9689E-1	1.6701E0	5.3692E0	3.4178E6	
1856	-7.9689E-1	1.6701E0	5.3692E0	3.4178E6	
1857	-7.9689E-1	1.6701E0	5.3692E0	3.4178E6	
1858	-7.9689E-1	1.6701E0	5.3692E0	3.4178E6	
1859	-7.9689E-1	1.6701E0	5.3692E0	3.4178E6	
1860	-7.9689E-1	1.6701E0	5.3692E0	3.4178E6	
1861	-7.9689E-1	1.6701E0	5.3692E0	3.4178E6	
1862	-7.9689E-1	1.6701E0	5.3692E0	3.4178E6	
1863	-7.9689E-1	1.6701E0	5.3692E0	3.4178E6	
1864	-7.9689E-1	1.6701E0	5.3692E0	3.4178E6	
1865	-7.9689E-1	1.6701E0	5.3692E0	3.4178E6	
1866	-7.9689E-1	1.6701E0	5.3692E0	3.4178E6	
1867	-7.9689E-1	1.6701E0	5.3692E0	3.4178E6	
1868	-7.9689E-1	1.6701E0	5.3692E0	3.4178E6	
1869	-7.9689E-1	1.6701E0	5.3692E0	3.4178E6	
1870	-7.9689E-1	1.6701E0	5.3692E0	3.4178E6	
1871	-7.9689E-1	1.6701E0	5.3692E0	3.4178E6	
1872	-7.9689E-1	1.6701E0	5.3692E0	3.4178E6	
1873	-7.9689E-1	1.6701E0	5.3692E0	3.4178E6	
1874	-7.9689E-1	1.6701E0	5.3692E0	3.4178E6	
1875	-7.9689E-1	1.6701E0	5.3692E0	3.4178E6	
1876	-7.9689E-1	1.6701E0	5.3692E0	3.4178E6	
1877	-7.9689E-1	1.6701E0	5.3692E0	3.4178E6	
1878	-7.9689E-1	1.6701E0	5.3692E0	3.4178E6	
1879	-7.9689E-1	1.6701E0	5.3692E0	3.4178E6	
1880	-7.9689E-1	1.6701E0	5.3692E0	3.4178E6	
1881	-7.9689E-1	1.6701E0	5.3692E0	3.4178E6	
1882	-7.9689E-1	1.6701E0	5.3692E0	3.4178E6	
1883	-7.9689E-1	1.6701E0	5.3692E0	3.4178E6	
1884	-7.9689E-1	1.6701E0	5.3692E0	3.4178E6	
1885	-7.9689E-1	1.6701E0	5.3692E0	3.4178E6	
1886	-7.9689E-1	1.6701E0	5.3692E0	3.4178E6	
1887	-7.9689E-1	1.6701E0	5.3692E0	3.4178E6	
1888	-7.9689E-1	1.6701E0	5.3692E0	3.4178E6	
1889	-7.9689E-1	1.6701E0	5.3692E0	3.4178E6	
1890	-7.9689E-1	1.6701E0	5.3692E0	3.4178E6	
1891	-7.9689E-1	1.6701E0	5.3692E0	3.4178E6	
1892	-7.9689E-1	1.6701E0	5.3692E0	3.4178E6	
1893	-7.9689E-1	1.6701E0	5.3692E0	3.4178E6	
1894	-7.9689E-1	1.6701E0	5.3692E0	3.4178E6	
1895	-7.9689E-1	1.6701E0	5.3692E0	3.4178E6	
1896	-7.9689E-1	1.6701E0	5.3692E0	3.4178E6	
1897	-7.9689E-1	1.6701E0	5.3692E0	3.4178E6	
1898	-7.9689E-1	1.6701E0	5.3692E0	3.4178E6	
1899	-7.9689E-1	1.6701E0	5.3692E0	3.4178E6	
1900	-7.9689E-1	1.6701E0	5.3692E0	3.4178E6	
1901	-7.9689E-1	1.6701E0	5.3692E0	3.4178E6	
1902	-7.9689E-1	1.6701E0	5.3692E0	3.4178E6	
1903	-7.9689E-1	1.6701E0	5.3692E0	3.4178E6	
1904	-7.9689E-1	1.6701E0	5.3692E0	3.4178E6	
1905	-7.9689E-1	1.6701E0	5.3692E0	3.4178E6	
1906	-7.9689E-1	1.6701E0	5.3692E0	3.4178E6	
1907	-7.9689E-1	1.6701E0	5.3692E0	3.4178E6	
1908	-7.9689E-1	1.6701E0	5.3692E0	3.4178E6	
1909	-7.9689E-1	1.6701E0	5.3692E0	3.4178E6	
1910	-7.9689E-1	1.6701E0	5.3692E0	3.4178E6	
1911	-7.9689E-1	1.6701E0	5.3692E0	3.4178E6	
1912	-7.9689E-1	1.6701E0	5.3692E0	3.4178E6	
1913	-7.9689E-1	1.6701E0	5.3692E0	3.4178E6	
1914	-7.9689E-1	1.6701E0	5.3692E0	3.4178E6	
1915	-7.9689E-1	1.6701E0	5.3692E0	3.4178E6	
1916	-7.9689E-1	1.6701E0	5.3692E0	3.4178E6	
1917	-7.9689E-1	1.6701E0	5.3692E0	3.4178E6	
1918	-7.9689E-1	1.6701E0	5.3692E0	3.4178E6	
1919	-7.9689E-1	1.6701E0	5.3692E0	3.4178E6	
1920	-7.9689E-1	1.6701E0	5.3692E0	3.4178E6	
1921	-7.9689E-1	1.6701E0	5.3692E0	3.4178E6	
1922	-7.9689E-1	1.6701E0	5.3692E0	3.4178E6	
1923	-7.9689E-1	1.6701E0	5.3692E0	3.4178E6	
1924	-7.9689E-1	1.6701E0	5.3692E0	3.4178E6	
1925	-7.9689E-1	1.6701E0	5.3692E0	3.4178E6	
1926	-7.9689E-1	1.6701E0	5.3692E0	3.4178E6	
1927	-7.9689E-1	1.6701E0	5.3692E0	3.4178E6	
1928	-7.9689E-1	1.6701E0	5.3692E0	3.4178E6	
1929	-7.9689E-1	1.6701E0	5.3692E0	3.4178E6	
1930	-7.9689E-1	1.6701E0	5.3692E0	3.4178E6	
1931	-7.9689E-1	1.6701E0	5.3692E0	3.4178E6	
1932	-7.9689E-1	1.6701E0	5.3692E0	3.4178E6	
1933	-7.9689E-1	1.6701E0	5.3692E0	3.4178E6	
1934	-7.9689E-1	1.6701E0	5.3692E0	3.4178E6	
1935	-7.9689E-1	1.6701E0	5.3692E0	3.4178E6	
1936	-7.9689E-1	1.6701E0	5.3692E0	3.4178E6	
1937	-7.9689E-1	1.6701E0	5.3692E0	3.4178E6	
1938	-7.9689E-1	1.6701E0	5.3692E0	3.4178E6	
1939	-7.9689E-1	1.6701E0	5.3692E0	3.4178E6	
1940	-7.9689E-1	1.6701E0	5.3692E0	3.4178E6	
1941	-7.9689E-1	1.6701E0	5.3692E0	3.4178E6	
1942	-7.9689E-1	1.6701E0	5.3692E0	3.4178E6	
1943	-7.9689E-1	1.6701E0	5.3692E0	3.4178E6	
1944	-7.9689E-1	1.6701E0	5.3692E0	3.4178E6	
1945	-7.9689E-1	1.6701E0	5.3692E0	3.4178E6	
1946	-7.9689E-1	1.6701E0	5.3692E0	3.4178E6	
1947	-7.9689E-1	1.6701E0	5.3692E0	3.4178E6	
1948	-7.9689E-1	1.6701E0	5.3692E0	3.4178E6	
1949	-7.9689E-1	1.6701E0	5.3692E0	3.4178E6	
1950	-7.9689E-1	1.6701E0	5.3692E0	3.4178E6	
1951	-7.9689E-1	1.6701E0	5.3692E0	3.4178E6	
1952	-7.9689E-1	1.6701E0	5.3692E0	3.4178E6	
1953	-7.9689E-1	1.6701E0	5.3692E0	3.4178E6	
1954	-7.9689E-1	1.6701E0	5.3692E0	3.4178E6	
1955	-7.9689E-1	1.6701E0	5.3692E0	3.4178E6	
1956	-7.9689E-1	1.6701E0	5.3692E0	3.4178E6	
1957	-7.9689E-1	1.6701E0	5.3692E0	3.4178E6	
1958	-7.9689E-1	1.6701E0	5.3692E0	3.4178E6	
1959	-7.9689E-1	1.6701E0	5.3692E0	3.4178E6	
1960	-7.9689E-1	1.6701E0	5.3692E0	3.4178E6	
1961	-7.9689E-1	1.6701E0	5.3692E0	3.4178E6	
1962	-7.9689E-1	1.6701E0	5.3692E0	3.4178E6	
1963	-7.9689E-1	1.6701E0	5.3692E0	3.4178E6	
1964	-7.9689E-1	1.6701E0	5.3692E0	3.4178E6	
1965	-7.9689E-1	1.6701E0	5.3692E0	3.4178E6	
1966	-7.9689E-1	1.6701E0	5.3692E0	3.4178E6	
1967	-7.9689E-1	1.6701E0	5.3692E0	3.4178E6	
1968	-7.9689E-1	1.6701E0	5.3692E0	3.4178E6	
1969	-7.9689E-1	1.6701E0	5.3692E0	3.4178E6	
1970	-7.9689E-1	1.6701E0	5.3692E0	3.4178E6	
1971	-7.9689E-1	1.6701E0	5.3692E0	3.4178E6	
1972	-7.9689E-1	1.6701E0	5.3692E0	3.4178E6	
1973	-7.9689E-1	1.6701E0	5.3692E0	3.4178E6	
1974	-7.9689E-1	1.6701E0	5.3692E0	3.4178E6	
1975	-7.9689E-1	1.6701E0	5.3692E0	3.4178E6	
1976	-7.9689E-1	1.6701E0	5.3692E0	3.4178E6	
1977	-7.9689E-1	1.6701E0	5.3692E0	3.4178E6	
1978	-7.9689E-1	1.6701E0	5.3692E0	3.4178E6	
1979	-7.9689E-1	1.6701E0	5.3692E0	3.4178E6	
1980	-7.9689E-1	1.6701E0	5.3692E0	3.4178E6	
1981	-7.9689E-1	1.6701E0	5.3692E0	3.4178E6	
1982	-7.9689E-1	1.6701E0	5.3692E0	3.4178E6	
1983	-7.9689E-1	1.6701E0	5.3692E0	3.4178E6	
1984	-7.9689E-1	1.6701E0	5.3692E0	3.4178E6	
1985	-7.9689E-1	1.6701E0	5.3692E0	3.4178E6	
1986	-7.9689E-1	1.6701E0	5.3692E0	3.4178E6	
1987	-7.9689E-1	1.6701E0	5.3692E0	3.4178E6	
1988	-7.9689E-1	1.6701E0	5.3692E0	3.4178E6	
1989	-7.9689E-1	1.6701E0	5.3692E0	3.4178E6	
1990	-7.9689E-1	1.6701E0	5.3692E0	3.4178E6	
1991	-7.9689E-1	1.6701E0	5.3692E0	3.4178E6	
1992	-7.9689E-1	1.6701E0	5.3692E0	3.4178E6	
1993	-7.9689E-1	1.6701E0	5.3692E0	3.4178E6	
1994	-7.9689E-1	1.6701E0	5.3692E0	3.4178E6	
1995	-7.9689E-1	1.6701E0	5.3692E0	3.4178E6	
1996	-7.9689E-1	1.6701E0	5.3692E0	3.4178E6	
1997	-7.9689E-1	1.6701E0	5.3692E0	3.4178E6	
1998	-7.9689E-1	1.6701E0	5.3692E0	3.4178E6	
1999	-7.9689E-1	1.6701E0	5.3692E0	3.4178E6	
2000	-7.9689E-1	1.6701E0	5.3692E0	3.4178E6	
2001	-7.9689E-1	1.6701E0	5.3692E0	3.4178E6	
2002	-7.9689E-1	1.6701E0	5.3692E0	3.4178E6	
2003	-7.9689E-1	1.6701E0	5.3692E0	3.4178E6	
2004	-7.9689E-1	1.6701E0	5.3692E0	3.4178E6	
2005	-7.9689E-1	1.6701E0	5.3692E0	3.4178E6	
2006	-7.9689E-1	1.6701E0	5.3692E0	3.4178E6	
2007	-7.9689E-1	1.6701E0	5.3692E0	3.4178E6	
2008	-7.9689E-1	1.6701E0	5.3692E0	3.4178E6	
2009	-7.9689E-1	1.6701E0	5.3692E0	3.4178E6	
2010	-7.9689E-1	1.6701E0	5.3692E0	3.4178E6	
2011	-7.9689E-1	1.6701E0	5.3692E0	3.4178E6	
2012	-7.9689E-1	1.6701E0	5.3692E0	3.4178E6	
2013	-7.9689E-1	1.6701E0	5.3692E0	3.4178E6	
2014	-7.9689E-1	1.6701E0	5.3692E0	3.4178E6	
2015	-7.9689E-1	1.6701E0	5.3692E0	3.4178E6	
2016	-7.9689E-1	1.6701E0	5.3692E0	3.4178E6	
2017	-7.9689E-1	1.6701E0	5.3692E0	3.4178E6	
2018	-7.9689E-1	1.6701E0	5.3692E0	3.4178E6	
2019	-7.9689E-1	1.6701E0	5.3692E0	3.4178E6	
2020	-7.9689E-1	1.6701E0	5.3692E0	3.4178E6	
2021	-7.9689E-1	1.6701E0	5.3692E0	3.4178E6	
2022	-7.9689E-1	1.6701E0	5.3692E0	3.4178E6	
2023	-7.9689E-1	1.6701E0	5.3692E0	3.4178E6	
2024	-7.9689E-1	1.6701E0	5.3692E0	3.4178E6	
2025	-7.9689E-1	1.6701E0	5.3692E0	3.4178E6	
2026	-7.9689E-1	1.6701E0	5.3692E0	3.4178E6	
2027	-7.9689E-1	1.6701E0	5.3692E0	3.4178E6	
2028	-7.9689E-1	1.6701E0	5.3692E0	3.4178E6	
2029	-7.9689E-1	1.6701E0	5.3692E0	3.4178E6	
2030	-7.9689E-1	1.6701E0	5.3692E0	3.4178E6	
2031	-7.9689E-1	1.6701E0	5.3692E0	3.4178E6	
2032	-7.9689E-1	1.6701E0	5.3692E0	3.4178E6	
2033	-7.9689E-1	1.6701E0	5.3692E0	3.4178E6	
2034	-7.9689E-1	1.6701E0	5.3692E0	3.4178E6	
2035	-7.9689E-1	1.6701E0	5.3692E0	3.4178E6	
2036	-7.9689E-1	1.6701E0	5.3692E0	3.4178E6	
2037	-7.9689E-1	1.6701E0	5.3692E0	3.4178E6	
2038	-7.9689E-1	1.6701E0	5.3692E0	3.4178E6	
2039	-7.9689E-1	1.6701E0	5.3692E0	3.4178E6	
2040	-7.9689E-1	1.6701E0	5.3692E0	3.4178E6	
2041	-7.9689E-1	1.6701E0	5.3692E0	3.4178E6	
2042	-7.9689E-1	1.6701E0	5.3692E0	3.4178E6	
2043	-7.9689E-1	1.6701E0	5.3692E0	3.4178E6	
2044	-7.9689E-1	1.6701E0	5.3692E0	3.4178E6	
2045	-7.9689E-1	1.6701E0	5.3692E0	3.4178E6	
2046	-7.9689E-1	1.6701E0	5.3692E0	3.4178E6	
2047	-7.9689E-1	1.6701E0	5.3692E0	3.4178E6	
2048	-7.9689E-1	1.6701E0	5.3692E0	3.4178E6	
