point 212
Index	Vertical (A-B)	Force	Z Height	Time Stamp	
     	V	nN	?m	?sec	
1	-8.2993E-1	-9.0574E-1	5.6252E0	1.2000E2	
2	-8.2802E-1	1.9249E0	5.6239E0	2.3400E3	
3	-8.2771E-1	2.3778E0	5.6211E0	4.5600E3	
4	-8.2832E-1	1.4720E0	5.6181E0	6.7800E3	
5	-8.2840E-1	1.3588E0	5.6146E0	9.0000E3	
6	-8.2741E-1	2.8307E0	5.6110E0	1.1220E4	
7	-8.2962E-1	-4.5283E-1	5.6073E0	1.3440E4	
8	-8.2733E-1	2.9439E0	5.6033E0	1.5660E4	
9	-8.2710E-1	3.2836E0	5.5994E0	1.7880E4	
10	-8.2870E-1	9.0588E-1	5.5952E0	2.0100E4	
11	-8.2771E-1	2.3778E0	5.5909E0	2.2320E4	
12	-8.2779E-1	2.2646E0	5.5867E0	2.4540E4	
13	-8.2809E-1	1.8117E0	5.5825E0	2.6760E4	
14	-8.2642E-1	4.3026E0	5.5780E0	2.8980E4	
15	-8.2634E-1	4.4159E0	5.5736E0	3.1200E4	
16	-8.2771E-1	2.3778E0	5.5692E0	3.3420E4	
17	-8.2771E-1	2.3778E0	5.5647E0	3.5640E4	
18	-8.2474E-1	6.7936E0	5.5602E0	3.7860E4	
19	-8.2642E-1	4.3026E0	5.5557E0	4.0080E4	
20	-8.2520E-1	6.1143E0	5.5511E0	4.2300E4	
21	-8.2855E-1	1.1323E0	5.5464E0	4.4520E4	
22	-8.2550E-1	5.6614E0	5.5417E0	4.6740E4	
23	-8.2603E-1	4.8688E0	5.5371E0	4.8960E4	
24	-8.2802E-1	1.9249E0	5.5324E0	5.1180E4	
25	-8.2512E-1	6.2275E0	5.5277E0	5.3400E4	
26	-8.2779E-1	2.2646E0	5.5230E0	5.5620E4	
27	-8.2703E-1	3.3968E0	5.5183E0	5.7840E4	
28	-8.2497E-1	6.4539E0	5.5136E0	6.0060E4	
29	-8.2626E-1	4.5291E0	5.5088E0	6.2280E4	
30	-8.2458E-1	7.0201E0	5.5040E0	6.4500E4	
31	-8.2207E-1	1.0757E1	5.4992E0	6.6720E4	
32	-8.2565E-1	5.4349E0	5.4944E0	6.8940E4	
33	-8.2550E-1	5.6614E0	5.4896E0	7.1160E4	
34	-8.2397E-1	7.9259E0	5.4847E0	7.3380E4	
35	-8.2314E-1	9.1714E0	5.4799E0	7.5600E4	
36	-8.2687E-1	3.6233E0	5.4751E0	7.7820E4	
37	-8.2283E-1	9.6243E0	5.4702E0	8.0040E4	
38	-8.2413E-1	7.6994E0	5.4653E0	8.2260E4	
39	-8.2497E-1	6.4539E0	5.4605E0	8.4480E4	
40	-8.2657E-1	4.0762E0	5.4556E0	8.6700E4	
41	-8.2619E-1	4.6423E0	5.4507E0	8.8920E4	
42	-8.2726E-1	3.0572E0	5.4458E0	9.1140E4	
43	-8.2222E-1	1.0530E1	5.4407E0	9.3360E4	
44	-8.2520E-1	6.1143E0	5.4358E0	9.5580E4	
45	-8.2306E-1	9.2846E0	5.4308E0	9.7800E4	
46	-8.2222E-1	1.0530E1	5.4259E0	1.0002E5	
47	-8.2497E-1	6.4539E0	5.4210E0	1.0224E5	
48	-8.2191E-1	1.0983E1	5.4160E0	1.0446E5	
49	-8.2497E-1	6.4539E0	5.4111E0	1.0668E5	
50	-8.2474E-1	6.7936E0	5.4061E0	1.0890E5	
51	-8.2405E-1	7.8126E0	5.4010E0	1.1112E5	
52	-8.2153E-1	1.1549E1	5.3961E0	1.1334E5	
53	-8.2100E-1	1.2342E1	5.3910E0	1.1556E5	
54	-8.2100E-1	1.2342E1	5.3860E0	1.1778E5	
55	-8.1963E-1	1.4380E1	5.3809E0	1.2000E5	
56	-8.1940E-1	1.4719E1	5.3759E0	1.2222E5	
57	-8.2314E-1	9.1714E0	5.3709E0	1.2444E5	
58	-8.2001E-1	1.3814E1	5.3658E0	1.2666E5	
59	-8.2100E-1	1.2342E1	5.3607E0	1.2888E5	
60	-8.2024E-1	1.3474E1	5.3557E0	1.3110E5	
61	-8.2214E-1	1.0643E1	5.3505E0	1.3332E5	
62	-8.2024E-1	1.3474E1	5.3455E0	1.3554E5	
63	-8.1993E-1	1.3927E1	5.3404E0	1.3776E5	
64	-8.1955E-1	1.4493E1	5.3353E0	1.3998E5	
65	-8.1902E-1	1.5286E1	5.3302E0	1.4220E5	
66	-8.2054E-1	1.3021E1	5.3251E0	1.4442E5	
67	-8.1833E-1	1.6305E1	5.3200E0	1.4664E5	
68	-8.2222E-1	1.0530E1	5.3149E0	1.4886E5	
69	-8.1894E-1	1.5399E1	5.3098E0	1.5108E5	
70	-8.2016E-1	1.3587E1	5.3047E0	1.5330E5	
71	-8.1726E-1	1.7890E1	5.2994E0	1.5552E5	
72	-8.1917E-1	1.5059E1	5.2944E0	1.5774E5	
73	-8.1779E-1	1.7097E1	5.2892E0	1.5996E5	
74	-8.1825E-1	1.6418E1	5.2840E0	1.6218E5	
75	-8.1871E-1	1.5738E1	5.2789E0	1.6440E5	
76	-8.1688E-1	1.8456E1	5.2737E0	1.6662E5	
77	-8.1741E-1	1.7663E1	5.2684E0	1.6884E5	
78	-8.1879E-1	1.5625E1	5.2634E0	1.7106E5	
79	-8.1749E-1	1.7550E1	5.2581E0	1.7328E5	
80	-8.1787E-1	1.6984E1	5.2528E0	1.7550E5	
81	-8.1528E-1	2.0834E1	5.2476E0	1.7772E5	
82	-8.1772E-1	1.7210E1	5.2424E0	1.7994E5	
83	-8.1909E-1	1.5172E1	5.2372E0	1.8216E5	
84	-8.1543E-1	2.0607E1	5.2320E0	1.8438E5	
85	-8.1612E-1	1.9588E1	5.2267E0	1.8660E5	
86	-8.1940E-1	1.4719E1	5.2215E0	1.8882E5	
87	-8.1688E-1	1.8456E1	5.2162E0	1.9104E5	
88	-8.1635E-1	1.9248E1	5.2110E0	1.9326E5	
89	-8.1696E-1	1.8343E1	5.2057E0	1.9548E5	
90	-8.1551E-1	2.0494E1	5.2005E0	1.9770E5	
91	-8.1558E-1	2.0381E1	5.1952E0	1.9992E5	
92	-8.1650E-1	1.9022E1	5.1899E0	2.0214E5	
93	-8.1573E-1	2.0154E1	5.1846E0	2.0436E5	
94	-8.1512E-1	2.1060E1	5.1794E0	2.0658E5	
95	-8.1535E-1	2.0720E1	5.1740E0	2.0880E5	
96	-8.1413E-1	2.2532E1	5.1688E0	2.1102E5	
97	-8.1650E-1	1.9022E1	5.1635E0	2.1324E5	
98	-8.1474E-1	2.1626E1	5.1581E0	2.1546E5	
99	-8.1451E-1	2.1966E1	5.1528E0	2.1768E5	
100	-8.1734E-1	1.7777E1	5.1475E0	2.1990E5	
101	-8.1497E-1	2.1287E1	5.1422E0	2.2212E5	
102	-8.1329E-1	2.3777E1	5.1368E0	2.2434E5	
103	-8.1490E-1	2.1400E1	5.1315E0	2.2656E5	
104	-8.1360E-1	2.3325E1	5.1261E0	2.2878E5	
105	-8.1299E-1	2.4230E1	5.1208E0	2.3100E5	
106	-8.1261E-1	2.4797E1	5.1154E0	2.3322E5	
107	-8.1230E-1	2.5249E1	5.1101E0	2.3544E5	
108	-8.1451E-1	2.1966E1	5.1048E0	2.3766E5	
109	-8.1352E-1	2.3438E1	5.0994E0	2.3988E5	
110	-8.1047E-1	2.7967E1	5.0939E0	2.4210E5	
111	-8.1390E-1	2.2872E1	5.0885E0	2.4432E5	
112	-8.1131E-1	2.6721E1	5.0832E0	2.4654E5	
113	-8.1535E-1	2.0720E1	5.0778E0	2.4876E5	
114	-8.1009E-1	2.8533E1	5.0723E0	2.5098E5	
115	-8.1245E-1	2.5023E1	5.0669E0	2.5320E5	
116	-8.1139E-1	2.6608E1	5.0616E0	2.5542E5	
117	-8.1299E-1	2.4230E1	5.0561E0	2.5764E5	
118	-8.1047E-1	2.7967E1	5.0507E0	2.5986E5	
119	-8.1322E-1	2.3891E1	5.0452E0	2.6208E5	
120	-8.1039E-1	2.8080E1	5.0398E0	2.6430E5	
121	-8.1009E-1	2.8533E1	5.0343E0	2.6652E5	
122	-8.1009E-1	2.8533E1	5.0289E0	2.6874E5	
123	-8.1039E-1	2.8080E1	5.0234E0	2.7096E5	
124	-8.1245E-1	2.5023E1	5.0180E0	2.7318E5	
125	-8.0971E-1	2.9099E1	5.0126E0	2.7540E5	
126	-8.1139E-1	2.6608E1	5.0071E0	2.7762E5	
127	-8.1177E-1	2.6042E1	5.0017E0	2.7984E5	
128	-8.0963E-1	2.9212E1	4.9962E0	2.8206E5	
129	-8.0734E-1	3.2609E1	4.9907E0	2.8428E5	
130	-8.1078E-1	2.7514E1	4.9853E0	2.8650E5	
131	-8.1017E-1	2.8420E1	4.9797E0	2.8872E5	
132	-8.0986E-1	2.8873E1	4.9743E0	2.9094E5	
133	-8.1146E-1	2.6495E1	4.9686E0	2.9316E5	
134	-8.0917E-1	2.9892E1	4.9632E0	2.9538E5	
135	-8.0666E-1	3.3628E1	4.9577E0	2.9760E5	
136	-8.0681E-1	3.3402E1	4.9522E0	2.9982E5	
137	-8.1116E-1	2.6948E1	4.9466E0	3.0204E5	
138	-8.0727E-1	3.2722E1	4.9411E0	3.0426E5	
139	-8.0795E-1	3.1703E1	4.9355E0	3.0648E5	
140	-8.0772E-1	3.2043E1	4.9301E0	3.0870E5	
141	-8.0643E-1	3.3968E1	4.9244E0	3.1092E5	
142	-8.0772E-1	3.2043E1	4.9189E0	3.1314E5	
143	-8.0750E-1	3.2383E1	4.9133E0	3.1536E5	
144	-8.0711E-1	3.2949E1	4.9078E0	3.1758E5	
145	-8.0528E-1	3.5666E1	4.9021E0	3.1980E5	
146	-8.0826E-1	3.1250E1	4.8967E0	3.2202E5	
147	-8.0597E-1	3.4647E1	4.8911E0	3.2424E5	
148	-8.0505E-1	3.6006E1	4.8854E0	3.2646E5	
149	-8.0551E-1	3.5326E1	4.8800E0	3.2868E5	
150	-8.0711E-1	3.2949E1	4.8743E0	3.3090E5	
151	-8.0627E-1	3.4194E1	4.8688E0	3.3312E5	
152	-8.0711E-1	3.2949E1	4.8630E0	3.3534E5	
153	-8.0551E-1	3.5326E1	4.8575E0	3.3756E5	
154	-8.0673E-1	3.3515E1	4.8518E0	3.3978E5	
155	-8.0406E-1	3.7478E1	4.8463E0	3.4200E5	
156	-8.0498E-1	3.6119E1	4.8407E0	3.4422E5	
157	-8.0383E-1	3.7817E1	4.8350E0	3.4644E5	
158	-8.0643E-1	3.3968E1	4.8294E0	3.4866E5	
159	-8.0383E-1	3.7817E1	4.8238E0	3.5088E5	
160	-8.0612E-1	3.4421E1	4.8181E0	3.5310E5	
161	-8.0292E-1	3.9176E1	4.8125E0	3.5532E5	
162	-8.0597E-1	3.4647E1	4.8069E0	3.5754E5	
163	-8.0399E-1	3.7591E1	4.8013E0	3.5976E5	
164	-8.0139E-1	4.1441E1	4.7955E0	3.6198E5	
165	-8.0261E-1	3.9629E1	4.7898E0	3.6420E5	
166	-8.0116E-1	4.1780E1	4.7841E0	3.6642E5	
167	-8.0383E-1	3.7817E1	4.7785E0	3.6864E5	
168	-8.0215E-1	4.0308E1	4.7728E0	3.7086E5	
169	-7.9948E-1	4.4271E1	4.7671E0	3.7308E5	
170	-8.0353E-1	3.8270E1	4.7614E0	3.7530E5	
171	-8.0017E-1	4.3252E1	4.7557E0	3.7752E5	
172	-8.0124E-1	4.1667E1	4.7501E0	3.7974E5	
173	-8.0368E-1	3.8044E1	4.7444E0	3.8196E5	
174	-8.0040E-1	4.2913E1	4.7386E0	3.8418E5	
175	-7.9819E-1	4.6196E1	4.7330E0	3.8640E5	
176	-8.0025E-1	4.3139E1	4.7272E0	3.8862E5	
177	-8.0063E-1	4.2573E1	4.7215E0	3.9084E5	
178	-7.9903E-1	4.4951E1	4.7157E0	3.9306E5	
179	-7.9941E-1	4.4385E1	4.7099E0	3.9528E5	
180	-7.9903E-1	4.4951E1	4.7043E0	3.9750E5	
181	-7.9872E-1	4.5404E1	4.6984E0	3.9972E5	
182	-8.0338E-1	3.8497E1	4.6928E0	4.0194E5	
183	-7.9987E-1	4.3705E1	4.6871E0	4.0416E5	
184	-8.0025E-1	4.3139E1	4.6813E0	4.0638E5	
185	-7.9811E-1	4.6309E1	4.6754E0	4.0860E5	
186	-7.9819E-1	4.6196E1	4.6697E0	4.1082E5	
187	-8.0025E-1	4.3139E1	4.6639E0	4.1304E5	
188	-8.0032E-1	4.3026E1	4.6582E0	4.1526E5	
189	-7.9895E-1	4.5064E1	4.6524E0	4.1748E5	
190	-7.9727E-1	4.7555E1	4.6466E0	4.1970E5	
191	-7.9758E-1	4.7102E1	4.6407E0	4.2192E5	
192	-7.9834E-1	4.5970E1	4.6350E0	4.2414E5	
193	-7.9620E-1	4.9140E1	4.6292E0	4.2636E5	
194	-7.9742E-1	4.7328E1	4.6235E0	4.2858E5	
195	-7.9720E-1	4.7668E1	4.6175E0	4.3080E5	
196	-7.9613E-1	4.9253E1	4.6118E0	4.3302E5	
197	-7.9529E-1	5.0499E1	4.6059E0	4.3524E5	
198	-7.9521E-1	5.0612E1	4.6001E0	4.3746E5	
199	-7.9567E-1	4.9933E1	4.5942E0	4.3968E5	
200	-7.9796E-1	4.6536E1	4.5884E0	4.4190E5	
201	-7.9819E-1	4.6196E1	4.5826E0	4.4412E5	
202	-7.9666E-1	4.8461E1	4.5766E0	4.4634E5	
203	-7.9704E-1	4.7895E1	4.5709E0	4.4856E5	
204	-7.9903E-1	4.4951E1	4.5650E0	4.5078E5	
205	-7.9704E-1	4.7895E1	4.5591E0	4.5300E5	
206	-7.9422E-1	5.2084E1	4.5532E0	4.5522E5	
207	-7.9422E-1	5.2084E1	4.5473E0	4.5744E5	
208	-7.9483E-1	5.1178E1	4.5416E0	4.5966E5	
209	-7.9414E-1	5.2197E1	4.5355E0	4.6188E5	
210	-7.9468E-1	5.1405E1	4.5297E0	4.6410E5	
211	-7.9430E-1	5.1971E1	4.5238E0	4.6632E5	
212	-7.9674E-1	4.8347E1	4.5180E0	4.6854E5	
213	-7.9437E-1	5.1857E1	4.5120E0	4.7076E5	
214	-7.9681E-1	4.8234E1	4.5061E0	4.7298E5	
215	-7.9399E-1	5.2424E1	4.5002E0	4.7520E5	
216	-7.9353E-1	5.3103E1	4.4942E0	4.7742E5	
217	-7.9224E-1	5.5028E1	4.4884E0	4.7964E5	
218	-7.9315E-1	5.3669E1	4.4825E0	4.8186E5	
219	-7.9292E-1	5.4009E1	4.4766E0	4.8408E5	
220	-7.9407E-1	5.2310E1	4.4705E0	4.8630E5	
221	-7.9300E-1	5.3896E1	4.4647E0	4.8852E5	
222	-7.9124E-1	5.6500E1	4.4587E0	4.9074E5	
223	-7.8949E-1	5.9104E1	4.4528E0	4.9296E5	
224	-7.9178E-1	5.5707E1	4.4469E0	4.9518E5	
225	-7.9330E-1	5.3443E1	4.4409E0	4.9740E5	
226	-7.9109E-1	5.6726E1	4.4349E0	4.9962E5	
227	-7.9376E-1	5.2763E1	4.4290E0	5.0184E5	
228	-7.9193E-1	5.5481E1	4.4231E0	5.0406E5	
229	-7.8979E-1	5.8651E1	4.4170E0	5.0628E5	
230	-7.9155E-1	5.6047E1	4.4111E0	5.0850E5	
231	-7.9437E-1	5.1857E1	4.4052E0	5.1072E5	
232	-7.9231E-1	5.4915E1	4.3991E0	5.1294E5	
233	-7.9178E-1	5.5707E1	4.3931E0	5.1516E5	
234	-7.9041E-1	5.7745E1	4.3871E0	5.1738E5	
235	-7.9109E-1	5.6726E1	4.3812E0	5.1960E5	
236	-7.9094E-1	5.6953E1	4.3752E0	5.2182E5	
237	-7.8880E-1	6.0123E1	4.3692E0	5.2404E5	
238	-7.8934E-1	5.9330E1	4.3631E0	5.2626E5	
239	-7.8995E-1	5.8425E1	4.3571E0	5.2848E5	
240	-7.9079E-1	5.7179E1	4.3511E0	5.3070E5	
241	-7.8865E-1	6.0349E1	4.3450E0	5.3292E5	
242	-7.8880E-1	6.0123E1	4.3391E0	5.3514E5	
243	-7.8552E-1	6.4992E1	4.3330E0	5.3736E5	
244	-7.8979E-1	5.8651E1	4.3270E0	5.3958E5	
245	-7.8644E-1	6.3633E1	4.3209E0	5.4180E5	
246	-7.8583E-1	6.4539E1	4.3149E0	5.4402E5	
247	-7.8583E-1	6.4539E1	4.3089E0	5.4624E5	
248	-7.9063E-1	5.7406E1	4.3028E0	5.4846E5	
249	-7.8644E-1	6.3633E1	4.2968E0	5.5068E5	
250	-7.8575E-1	6.4652E1	4.2906E0	5.5290E5	
251	-7.8629E-1	6.3859E1	4.2846E0	5.5512E5	
252	-7.8552E-1	6.4992E1	4.2786E0	5.5734E5	
253	-7.8568E-1	6.4765E1	4.2725E0	5.5956E5	
254	-7.8697E-1	6.2840E1	4.2664E0	5.6178E5	
255	-7.8598E-1	6.4312E1	4.2604E0	5.6400E5	
256	-7.8300E-1	6.8728E1	4.2543E0	5.6622E5	
257	-7.8842E-1	6.0689E1	4.2482E0	5.6844E5	
258	-7.8644E-1	6.3633E1	4.2421E0	5.7066E5	
259	-7.8613E-1	6.4086E1	4.2360E0	5.7288E5	
260	-7.8308E-1	6.8615E1	4.2299E0	5.7510E5	
261	-7.8224E-1	6.9860E1	4.2238E0	5.7732E5	
262	-7.8453E-1	6.6464E1	4.2178E0	5.7954E5	
263	-7.8621E-1	6.3973E1	4.2116E0	5.8176E5	
264	-7.8392E-1	6.7369E1	4.2055E0	5.8398E5	
265	-7.8285E-1	6.8955E1	4.1994E0	5.8620E5	
266	-7.8423E-1	6.6916E1	4.1932E0	5.8842E5	
267	-7.8659E-1	6.3406E1	4.1872E0	5.9064E5	
268	-7.8476E-1	6.6124E1	4.1810E0	5.9286E5	
269	-7.8384E-1	6.7483E1	4.1749E0	5.9508E5	
270	-7.8430E-1	6.6803E1	4.1688E0	5.9730E5	
271	-7.8300E-1	6.8728E1	4.1626E0	5.9952E5	
272	-7.8209E-1	7.0087E1	4.1565E0	6.0174E5	
273	-7.8316E-1	6.8502E1	4.1503E0	6.0396E5	
274	-7.8377E-1	6.7596E1	4.1442E0	6.0618E5	
275	-7.8430E-1	6.6803E1	4.1380E0	6.0840E5	
276	-7.8087E-1	7.1898E1	4.1319E0	6.1062E5	
277	-7.7957E-1	7.3823E1	4.1257E0	6.1284E5	
278	-7.8178E-1	7.0540E1	4.1195E0	6.1506E5	
279	-7.8331E-1	6.8275E1	4.1133E0	6.1728E5	
280	-7.8285E-1	6.8955E1	4.1072E0	6.1950E5	
281	-7.8293E-1	6.8841E1	4.1011E0	6.2172E5	
282	-7.8072E-1	7.2125E1	4.0949E0	6.2394E5	
283	-7.8148E-1	7.0993E1	4.0886E0	6.2616E5	
284	-7.7911E-1	7.4503E1	4.0826E0	6.2838E5	
285	-7.7881E-1	7.4956E1	4.0763E0	6.3060E5	
286	-7.8239E-1	6.9634E1	4.0702E0	6.3282E5	
287	-7.8102E-1	7.1672E1	4.0639E0	6.3504E5	
288	-7.8194E-1	7.0313E1	4.0576E0	6.3726E5	
289	-7.8072E-1	7.2125E1	4.0514E0	6.3948E5	
290	-7.8033E-1	7.2691E1	4.0453E0	6.4170E5	
291	-7.7957E-1	7.3823E1	4.0391E0	6.4392E5	
292	-7.7545E-1	7.9937E1	4.0329E0	6.4614E5	
293	-7.8011E-1	7.3031E1	4.0266E0	6.4836E5	
294	-7.7850E-1	7.5408E1	4.0204E0	6.5058E5	
295	-7.7927E-1	7.4276E1	4.0142E0	6.5280E5	
296	-7.7820E-1	7.5861E1	4.0079E0	6.5502E5	
297	-7.8072E-1	7.2125E1	4.0018E0	6.5724E5	
298	-7.7461E-1	8.1183E1	3.9954E0	6.5946E5	
299	-7.7866E-1	7.5182E1	3.9893E0	6.6168E5	
300	-7.7774E-1	7.6541E1	3.9830E0	6.6390E5	
301	-7.7599E-1	7.9145E1	3.9768E0	6.6612E5	
302	-7.7759E-1	7.6767E1	3.9704E0	6.6834E5	
303	-7.7759E-1	7.6767E1	3.9643E0	6.7056E5	
304	-7.7621E-1	7.8805E1	3.9580E0	6.7278E5	
305	-7.7545E-1	7.9937E1	3.9517E0	6.7500E5	
306	-7.7751E-1	7.6880E1	3.9454E0	6.7722E5	
307	-7.7583E-1	7.9371E1	3.9392E0	6.7944E5	
308	-7.7690E-1	7.7786E1	3.9328E0	6.8166E5	
309	-7.7530E-1	8.0164E1	3.9266E0	6.8388E5	
310	-7.7477E-1	8.0956E1	3.9204E0	6.8610E5	
311	-7.7576E-1	7.9485E1	3.9141E0	6.8832E5	
312	-7.7515E-1	8.0390E1	3.9077E0	6.9054E5	
313	-7.7400E-1	8.2089E1	3.9014E0	6.9276E5	
314	-7.7454E-1	8.1296E1	3.8952E0	6.9498E5	
315	-7.7568E-1	7.9598E1	3.8890E0	6.9720E5	
316	-7.7431E-1	8.1636E1	3.8826E0	6.9942E5	
317	-7.7400E-1	8.2089E1	3.8762E0	7.0164E5	
318	-7.7400E-1	8.2089E1	3.8700E0	7.0386E5	
319	-7.7316E-1	8.3334E1	3.8636E0	7.0608E5	
320	-7.7232E-1	8.4580E1	3.8573E0	7.0830E5	
321	-7.7431E-1	8.1636E1	3.8511E0	7.1052E5	
322	-7.7522E-1	8.0277E1	3.8448E0	7.1274E5	
323	-7.7118E-1	8.6278E1	3.8384E0	7.1496E5	
324	-7.7278E-1	8.3900E1	3.8320E0	7.1718E5	
325	-7.7202E-1	8.5033E1	3.8257E0	7.1940E5	
326	-7.7110E-1	8.6391E1	3.8194E0	7.2162E5	
327	-7.7187E-1	8.5259E1	3.8130E0	7.2384E5	
328	-7.7217E-1	8.4806E1	3.8067E0	7.2606E5	
329	-7.7240E-1	8.4466E1	3.8003E0	7.2828E5	
330	-7.6988E-1	8.8203E1	3.7940E0	7.3050E5	
331	-7.6912E-1	8.9335E1	3.7877E0	7.3272E5	
332	-7.7148E-1	8.5825E1	3.7812E0	7.3494E5	
333	-7.7057E-1	8.7184E1	3.7749E0	7.3716E5	
334	-7.6981E-1	8.8316E1	3.7685E0	7.3938E5	
335	-7.7080E-1	8.6844E1	3.7622E0	7.4160E5	
336	-7.7019E-1	8.7750E1	3.7557E0	7.4382E5	
337	-7.6942E-1	8.8882E1	3.7494E0	7.4604E5	
338	-7.6973E-1	8.8429E1	3.7430E0	7.4826E5	
339	-7.7057E-1	8.7184E1	3.7367E0	7.5048E5	
340	-7.7019E-1	8.7750E1	3.7303E0	7.5270E5	
341	-7.6904E-1	8.9448E1	3.7238E0	7.5492E5	
342	-7.6942E-1	8.8882E1	3.7175E0	7.5714E5	
343	-7.7042E-1	8.7410E1	3.7111E0	7.5936E5	
344	-7.6866E-1	9.0015E1	3.7047E0	7.6158E5	
345	-7.7049E-1	8.7297E1	3.6983E0	7.6380E5	
346	-7.6729E-1	9.2053E1	3.6919E0	7.6602E5	
347	-7.6736E-1	9.1939E1	3.6854E0	7.6824E5	
348	-7.6958E-1	8.8656E1	3.6791E0	7.7046E5	
349	-7.6874E-1	8.9901E1	3.6726E0	7.7268E5	
350	-7.6874E-1	8.9901E1	3.6662E0	7.7490E5	
351	-7.6752E-1	9.1713E1	3.6597E0	7.7712E5	
352	-7.6820E-1	9.0694E1	3.6533E0	7.7934E5	
353	-7.6736E-1	9.1939E1	3.6469E0	7.8156E5	
354	-7.6637E-1	9.3411E1	3.6404E0	7.8378E5	
355	-7.6591E-1	9.4091E1	3.6341E0	7.8600E5	
356	-7.6675E-1	9.2845E1	3.6276E0	7.8822E5	
357	-7.6370E-1	9.7374E1	3.6211E0	7.9044E5	
358	-7.6828E-1	9.0581E1	3.6147E0	7.9266E5	
359	-7.6561E-1	9.4544E1	3.6082E0	7.9488E5	
360	-7.6393E-1	9.7035E1	3.6018E0	7.9710E5	
361	-7.6538E-1	9.4883E1	3.5954E0	7.9932E5	
362	-7.6607E-1	9.3864E1	3.5890E0	8.0154E5	
363	-7.6469E-1	9.5902E1	3.5825E0	8.0376E5	
364	-7.6378E-1	9.7261E1	3.5760E0	8.0598E5	
365	-7.6355E-1	9.7601E1	3.5695E0	8.0820E5	
366	-7.6492E-1	9.5563E1	3.5630E0	8.1042E5	
367	-7.6431E-1	9.6468E1	3.5565E0	8.1264E5	
368	-7.6210E-1	9.9752E1	3.5501E0	8.1486E5	
369	-7.6218E-1	9.9639E1	3.5437E0	8.1708E5	
370	-7.6454E-1	9.6129E1	3.5370E0	8.1930E5	
371	-7.6439E-1	9.6355E1	3.5306E0	8.2152E5	
372	-7.6370E-1	9.7374E1	3.5240E0	8.2374E5	
373	-7.6332E-1	9.7940E1	3.5177E0	8.2596E5	
374	-7.6340E-1	9.7827E1	3.5112E0	8.2818E5	
375	-7.6233E-1	9.9412E1	3.5046E0	8.3040E5	
376	-7.6302E-1	9.8393E1	3.4981E0	8.3262E5	
377	-7.6416E-1	9.6695E1	3.4916E0	8.3484E5	
378	-7.6172E-1	1.0032E2	3.4851E0	8.3706E5	
379	-7.6431E-1	9.6468E1	3.4786E0	8.3928E5	
380	-7.6324E-1	9.8054E1	3.4721E0	8.4150E5	
381	-7.5714E-1	1.0711E2	3.4655E0	8.4372E5	
382	-7.5874E-1	1.0473E2	3.4590E0	8.4594E5	
383	-7.6111E-1	1.0122E2	3.4525E0	8.4816E5	
384	-7.5958E-1	1.0349E2	3.4460E0	8.5038E5	
385	-7.6080E-1	1.0168E2	3.4395E0	8.5260E5	
386	-7.5813E-1	1.0564E2	3.4328E0	8.5482E5	
387	-7.6096E-1	1.0145E2	3.4263E0	8.5704E5	
388	-7.6080E-1	1.0168E2	3.4198E0	8.5926E5	
389	-7.5706E-1	1.0722E2	3.4132E0	8.6148E5	
390	-7.5615E-1	1.0858E2	3.4067E0	8.6370E5	
391	-7.6073E-1	1.0179E2	3.4001E0	8.6592E5	
392	-7.6088E-1	1.0156E2	3.3936E0	8.6814E5	
393	-7.5966E-1	1.0338E2	3.3870E0	8.7036E5	
394	-7.5783E-1	1.0609E2	3.3804E0	8.7258E5	
395	-7.6164E-1	1.0043E2	3.3739E0	8.7480E5	
396	-7.5790E-1	1.0598E2	3.3672E0	8.7702E5	
397	-7.5905E-1	1.0428E2	3.3608E0	8.7924E5	
398	-7.5676E-1	1.0768E2	3.3542E0	8.8146E5	
399	-7.5653E-1	1.0802E2	3.3476E0	8.8368E5	
400	-7.5569E-1	1.0926E2	3.3410E0	8.8590E5	
401	-7.5661E-1	1.0790E2	3.3344E0	8.8812E5	
402	-7.5485E-1	1.1051E2	3.3279E0	8.9034E5	
403	-7.5623E-1	1.0847E2	3.3213E0	8.9256E5	
404	-7.5600E-1	1.0881E2	3.3147E0	8.9478E5	
405	-7.5684E-1	1.0756E2	3.3081E0	8.9700E5	
406	-7.5653E-1	1.0802E2	3.3015E0	8.9922E5	
407	-7.5562E-1	1.0938E2	3.2948E0	9.0144E5	
408	-7.5653E-1	1.0802E2	3.2883E0	9.0366E5	
409	-7.5554E-1	1.0949E2	3.2816E0	9.0588E5	
410	-7.5607E-1	1.0870E2	3.2750E0	9.0810E5	
411	-7.5500E-1	1.1028E2	3.2683E0	9.1032E5	
412	-7.5371E-1	1.1221E2	3.2618E0	9.1254E5	
413	-7.5607E-1	1.0870E2	3.2552E0	9.1476E5	
414	-7.5493E-1	1.1040E2	3.2485E0	9.1698E5	
415	-7.5562E-1	1.0938E2	3.2420E0	9.1920E5	
416	-7.5493E-1	1.1040E2	3.2352E0	9.2142E5	
417	-7.5485E-1	1.1051E2	3.2287E0	9.2364E5	
418	-7.5310E-1	1.1311E2	3.2221E0	9.2586E5	
419	-7.5218E-1	1.1447E2	3.2153E0	9.2808E5	
420	-7.5203E-1	1.1470E2	3.2087E0	9.3030E5	
421	-7.5272E-1	1.1368E2	3.2020E0	9.3252E5	
422	-7.5478E-1	1.1062E2	3.1955E0	9.3474E5	
423	-7.5294E-1	1.1334E2	3.1888E0	9.3696E5	
424	-7.5089E-1	1.1640E2	3.1822E0	9.3918E5	
425	-7.5371E-1	1.1221E2	3.1754E0	9.4140E5	
426	-7.5172E-1	1.1515E2	3.1688E0	9.4362E5	
427	-7.5134E-1	1.1572E2	3.1621E0	9.4584E5	
428	-7.5066E-1	1.1674E2	3.1554E0	9.4806E5	
429	-7.5142E-1	1.1560E2	3.1488E0	9.5028E5	
430	-7.4966E-1	1.1821E2	3.1422E0	9.5250E5	
431	-7.5035E-1	1.1719E2	3.1355E0	9.5472E5	
432	-7.5104E-1	1.1617E2	3.1289E0	9.5694E5	
433	-7.5081E-1	1.1651E2	3.1222E0	9.5916E5	
434	-7.5096E-1	1.1628E2	3.1155E0	9.6138E5	
435	-7.5035E-1	1.1719E2	3.1088E0	9.6360E5	
436	-7.5104E-1	1.1617E2	3.1020E0	9.6582E5	
437	-7.4989E-1	1.1787E2	3.0954E0	9.6804E5	
438	-7.4921E-1	1.1889E2	3.0888E0	9.7026E5	
439	-7.5142E-1	1.1560E2	3.0820E0	9.7248E5	
440	-7.4860E-1	1.1979E2	3.0753E0	9.7470E5	
441	-7.4951E-1	1.1843E2	3.0686E0	9.7692E5	
442	-7.4837E-1	1.2013E2	3.0619E0	9.7914E5	
443	-7.5089E-1	1.1640E2	3.0552E0	9.8136E5	
444	-7.4768E-1	1.2115E2	3.0486E0	9.8358E5	
445	-7.4722E-1	1.2183E2	3.0417E0	9.8580E5	
446	-7.4982E-1	1.1798E2	3.0350E0	9.8802E5	
447	-7.4852E-1	1.1991E2	3.0283E0	9.9024E5	
448	-7.4570E-1	1.2410E2	3.0217E0	9.9246E5	
449	-7.4509E-1	1.2500E2	3.0149E0	9.9468E5	
450	-7.4570E-1	1.2410E2	3.0081E0	9.9690E5	
451	-7.4478E-1	1.2545E2	3.0014E0	9.9912E5	
452	-7.4516E-1	1.2489E2	2.9947E0	1.0013E6	
453	-7.4516E-1	1.2489E2	2.9879E0	1.0036E6	
454	-7.4692E-1	1.2228E2	2.9812E0	1.0058E6	
455	-7.4585E-1	1.2387E2	2.9745E0	1.0080E6	
456	-7.4554E-1	1.2432E2	2.9677E0	1.0102E6	
457	-7.4486E-1	1.2534E2	2.9610E0	1.0124E6	
458	-7.4493E-1	1.2523E2	2.9543E0	1.0147E6	
459	-7.4432E-1	1.2613E2	2.9475E0	1.0169E6	
460	-7.4272E-1	1.2851E2	2.9408E0	1.0191E6	
461	-7.4455E-1	1.2579E2	2.9340E0	1.0213E6	
462	-7.4577E-1	1.2398E2	2.9272E0	1.0235E6	
463	-7.4600E-1	1.2364E2	2.9204E0	1.0258E6	
464	-7.4333E-1	1.2761E2	2.9137E0	1.0280E6	
465	-7.4326E-1	1.2772E2	2.9069E0	1.0302E6	
466	-7.4226E-1	1.2919E2	2.9002E0	1.0324E6	
467	-7.4242E-1	1.2896E2	2.8934E0	1.0346E6	
468	-7.4493E-1	1.2523E2	2.8867E0	1.0369E6	
469	-7.4249E-1	1.2885E2	2.8799E0	1.0391E6	
470	-7.4547E-1	1.2444E2	2.8730E0	1.0413E6	
471	-7.4341E-1	1.2749E2	2.8662E0	1.0435E6	
472	-7.4074E-1	1.3146E2	2.8595E0	1.0457E6	
473	-7.4028E-1	1.3213E2	2.8527E0	1.0480E6	
474	-7.4188E-1	1.2976E2	2.8460E0	1.0502E6	
475	-7.4196E-1	1.2964E2	2.8390E0	1.0524E6	
476	-7.4020E-1	1.3225E2	2.8324E0	1.0546E6	
477	-7.4173E-1	1.2998E2	2.8255E0	1.0568E6	
478	-7.3845E-1	1.3485E2	2.8187E0	1.0591E6	
479	-7.3936E-1	1.3349E2	2.8119E0	1.0613E6	
480	-7.3967E-1	1.3304E2	2.8051E0	1.0635E6	
481	-7.4188E-1	1.2976E2	2.7983E0	1.0657E6	
482	-7.4104E-1	1.3100E2	2.7915E0	1.0679E6	
483	-7.4020E-1	1.3225E2	2.7845E0	1.0702E6	
484	-7.3944E-1	1.3338E2	2.7778E0	1.0724E6	
485	-7.3952E-1	1.3327E2	2.7710E0	1.0746E6	
486	-7.4059E-1	1.3168E2	2.7642E0	1.0768E6	
487	-7.3936E-1	1.3349E2	2.7574E0	1.0790E6	
488	-7.3822E-1	1.3519E2	2.7504E0	1.0813E6	
489	-7.4127E-1	1.3066E2	2.7438E0	1.0835E6	
490	-7.3975E-1	1.3293E2	2.7369E0	1.0857E6	
491	-7.3776E-1	1.3587E2	2.7301E0	1.0879E6	
492	-7.3593E-1	1.3859E2	2.7232E0	1.0901E6	
493	-7.3860E-1	1.3463E2	2.7164E0	1.0924E6	
494	-7.3944E-1	1.3338E2	2.7095E0	1.0946E6	
495	-7.3662E-1	1.3757E2	2.7027E0	1.0968E6	
496	-7.3692E-1	1.3712E2	2.6959E0	1.0990E6	
497	-7.3730E-1	1.3655E2	2.6890E0	1.1012E6	
498	-7.3738E-1	1.3644E2	2.6821E0	1.1035E6	
499	-7.3662E-1	1.3757E2	2.6753E0	1.1057E6	
500	-7.3662E-1	1.3757E2	2.6684E0	1.1079E6	
501	-7.3364E-1	1.4199E2	2.6615E0	1.1101E6	
502	-7.3647E-1	1.3780E2	2.6548E0	1.1123E6	
503	-7.3685E-1	1.3723E2	2.6478E0	1.1146E6	
504	-7.3860E-1	1.3463E2	2.6411E0	1.1168E6	
505	-7.3433E-1	1.4097E2	2.6341E0	1.1190E6	
506	-7.3380E-1	1.4176E2	2.6273E0	1.1212E6	
507	-7.3303E-1	1.4289E2	2.6204E0	1.1234E6	
508	-7.3387E-1	1.4165E2	2.6135E0	1.1257E6	
509	-7.3395E-1	1.4153E2	2.6066E0	1.1279E6	
510	-7.3471E-1	1.4040E2	2.5997E0	1.1301E6	
511	-7.3662E-1	1.3757E2	2.5928E0	1.1323E6	
512	-7.3112E-1	1.4572E2	2.5859E0	1.1345E6	
513	-7.3349E-1	1.4221E2	2.5791E0	1.1368E6	
514	-7.3334E-1	1.4244E2	2.5722E0	1.1390E6	
515	-7.3517E-1	1.3972E2	2.5653E0	1.1412E6	
516	-7.3212E-1	1.4425E2	2.5584E0	1.1434E6	
517	-7.3395E-1	1.4153E2	2.5515E0	1.1456E6	
518	-7.3273E-1	1.4334E2	2.5446E0	1.1479E6	
519	-7.3051E-1	1.4663E2	2.5377E0	1.1501E6	
520	-7.2914E-1	1.4867E2	2.5307E0	1.1523E6	
521	-7.3067E-1	1.4640E2	2.5240E0	1.1545E6	
522	-7.2952E-1	1.4810E2	2.5170E0	1.1567E6	
523	-7.3074E-1	1.4629E2	2.5101E0	1.1590E6	
524	-7.3135E-1	1.4538E2	2.5031E0	1.1612E6	
525	-7.3067E-1	1.4640E2	2.4962E0	1.1634E6	
526	-7.3257E-1	1.4357E2	2.4892E0	1.1656E6	
527	-7.3112E-1	1.4572E2	2.4823E0	1.1678E6	
528	-7.2990E-1	1.4753E2	2.4754E0	1.1701E6	
529	-7.2960E-1	1.4799E2	2.4685E0	1.1723E6	
530	-7.2876E-1	1.4923E2	2.4617E0	1.1745E6	
531	-7.2960E-1	1.4799E2	2.4547E0	1.1767E6	
532	-7.2853E-1	1.4957E2	2.4477E0	1.1789E6	
533	-7.2899E-1	1.4889E2	2.4407E0	1.1812E6	
534	-7.3013E-1	1.4719E2	2.4339E0	1.1834E6	
535	-7.2739E-1	1.5127E2	2.4268E0	1.1856E6	
536	-7.3013E-1	1.4719E2	2.4200E0	1.1878E6	
537	-7.2998E-1	1.4742E2	2.4130E0	1.1900E6	
538	-7.2723E-1	1.5150E2	2.4062E0	1.1923E6	
539	-7.2838E-1	1.4980E2	2.3991E0	1.1945E6	
540	-7.2868E-1	1.4934E2	2.3923E0	1.1967E6	
541	-7.2754E-1	1.5104E2	2.3853E0	1.1989E6	
542	-7.2594E-1	1.5342E2	2.3783E0	1.2011E6	
543	-7.2906E-1	1.4878E2	2.3713E0	1.2034E6	
544	-7.2685E-1	1.5206E2	2.3645E0	1.2056E6	
545	-7.2479E-1	1.5512E2	2.3574E0	1.2078E6	
546	-7.2533E-1	1.5433E2	2.3505E0	1.2100E6	
547	-7.2746E-1	1.5116E2	2.3434E0	1.2122E6	
548	-7.2571E-1	1.5376E2	2.3366E0	1.2145E6	
549	-7.2556E-1	1.5399E2	2.3295E0	1.2167E6	
550	-7.2655E-1	1.5252E2	2.3225E0	1.2189E6	
551	-7.2639E-1	1.5274E2	2.3156E0	1.2211E6	
552	-7.2723E-1	1.5150E2	2.3086E0	1.2233E6	
553	-7.2403E-1	1.5625E2	2.3018E0	1.2256E6	
554	-7.2166E-1	1.5976E2	2.2947E0	1.2278E6	
555	-7.2266E-1	1.5829E2	2.2877E0	1.2300E6	
556	-7.2403E-1	1.5625E2	2.2807E0	1.2322E6	
557	-7.2571E-1	1.5376E2	2.2737E0	1.2344E6	
558	-7.2411E-1	1.5614E2	2.2667E0	1.2367E6	
559	-7.2250E-1	1.5852E2	2.2598E0	1.2389E6	
560	-7.2243E-1	1.5863E2	2.2527E0	1.2411E6	
561	-7.2456E-1	1.5546E2	2.2458E0	1.2433E6	
562	-7.2495E-1	1.5489E2	2.2388E0	1.2455E6	
563	-7.2510E-1	1.5467E2	2.2318E0	1.2478E6	
564	-7.2327E-1	1.5738E2	2.2247E0	1.2500E6	
565	-7.2037E-1	1.6169E2	2.2178E0	1.2522E6	
566	-7.2128E-1	1.6033E2	2.2108E0	1.2544E6	
567	-7.2456E-1	1.5546E2	2.2037E0	1.2566E6	
568	-7.2441E-1	1.5569E2	2.1968E0	1.2589E6	
569	-7.2052E-1	1.6146E2	2.1896E0	1.2611E6	
570	-7.2144E-1	1.6010E2	2.1826E0	1.2633E6	
571	-7.2159E-1	1.5987E2	2.1758E0	1.2655E6	
572	-7.2403E-1	1.5625E2	2.1687E0	1.2677E6	
573	-7.1991E-1	1.6237E2	2.1616E0	1.2700E6	
574	-7.2136E-1	1.6021E2	2.1546E0	1.2722E6	
575	-7.1999E-1	1.6225E2	2.1476E0	1.2744E6	
576	-7.1861E-1	1.6429E2	2.1406E0	1.2766E6	
577	-7.1907E-1	1.6361E2	2.1336E0	1.2788E6	
578	-7.1960E-1	1.6282E2	2.1265E0	1.2811E6	
579	-7.2128E-1	1.6033E2	2.1196E0	1.2833E6	
580	-7.1877E-1	1.6406E2	2.1125E0	1.2855E6	
581	-7.2014E-1	1.6203E2	2.1055E0	1.2877E6	
582	-7.1960E-1	1.6282E2	2.0985E0	1.2899E6	
583	-7.1884E-1	1.6395E2	2.0915E0	1.2922E6	
584	-7.1922E-1	1.6338E2	2.0844E0	1.2944E6	
585	-7.1953E-1	1.6293E2	2.0774E0	1.2966E6	
586	-7.1938E-1	1.6316E2	2.0704E0	1.2988E6	
587	-7.1747E-1	1.6599E2	2.0633E0	1.3010E6	
588	-7.1892E-1	1.6384E2	2.0562E0	1.3033E6	
589	-7.1938E-1	1.6316E2	2.0492E0	1.3055E6	
590	-7.1632E-1	1.6769E2	2.0421E0	1.3077E6	
591	-7.1587E-1	1.6837E2	2.0349E0	1.3099E6	
592	-7.1823E-1	1.6486E2	2.0280E0	1.3121E6	
593	-7.1487E-1	1.6984E2	2.0209E0	1.3144E6	
594	-7.1457E-1	1.7029E2	2.0140E0	1.3166E6	
595	-7.1587E-1	1.6837E2	2.0069E0	1.3188E6	
596	-7.1594E-1	1.6825E2	1.9998E0	1.3210E6	
597	-7.1541E-1	1.6905E2	1.9927E0	1.3232E6	
598	-7.1495E-1	1.6973E2	1.9856E0	1.3255E6	
599	-7.1472E-1	1.7007E2	1.9787E0	1.3277E6	
600	-7.1381E-1	1.7142E2	1.9715E0	1.3299E6	
601	-7.1571E-1	1.6859E2	1.9645E0	1.3321E6	
602	-7.1335E-1	1.7210E2	1.9574E0	1.3343E6	
603	-7.1457E-1	1.7029E2	1.9504E0	1.3366E6	
604	-7.1396E-1	1.7120E2	1.9433E0	1.3388E6	
605	-7.1350E-1	1.7188E2	1.9363E0	1.3410E6	
606	-7.1281E-1	1.7290E2	1.9291E0	1.3432E6	
607	-7.1289E-1	1.7278E2	1.9221E0	1.3454E6	
608	-7.1236E-1	1.7358E2	1.9151E0	1.3477E6	
609	-7.1190E-1	1.7425E2	1.9079E0	1.3499E6	
610	-7.1182E-1	1.7437E2	1.9007E0	1.3521E6	
611	-7.1594E-1	1.6825E2	1.8938E0	1.3543E6	
612	-7.1121E-1	1.7527E2	1.8866E0	1.3565E6	
613	-7.1327E-1	1.7222E2	1.8796E0	1.3588E6	
614	-7.1121E-1	1.7527E2	1.8725E0	1.3610E6	
615	-7.1129E-1	1.7516E2	1.8655E0	1.3632E6	
616	-7.1014E-1	1.7686E2	1.8583E0	1.3654E6	
617	-7.1182E-1	1.7437E2	1.8513E0	1.3676E6	
618	-7.1121E-1	1.7527E2	1.8442E0	1.3699E6	
619	-7.1098E-1	1.7561E2	1.8370E0	1.3721E6	
620	-7.0992E-1	1.7720E2	1.8301E0	1.3743E6	
621	-7.1068E-1	1.7607E2	1.8228E0	1.3765E6	
622	-7.1175E-1	1.7448E2	1.8158E0	1.3787E6	
623	-7.1037E-1	1.7652E2	1.8087E0	1.3810E6	
624	-7.0900E-1	1.7856E2	1.8016E0	1.3832E6	
625	-7.0854E-1	1.7924E2	1.7944E0	1.3854E6	
626	-7.1220E-1	1.7380E2	1.7874E0	1.3876E6	
627	-7.0816E-1	1.7980E2	1.7803E0	1.3898E6	
628	-7.0892E-1	1.7867E2	1.7732E0	1.3921E6	
629	-7.0999E-1	1.7709E2	1.7661E0	1.3943E6	
630	-7.0755E-1	1.8071E2	1.7590E0	1.3965E6	
631	-7.0709E-1	1.8139E2	1.7518E0	1.3987E6	
632	-7.0877E-1	1.7890E2	1.7448E0	1.4009E6	
633	-7.0724E-1	1.8116E2	1.7377E0	1.4032E6	
634	-7.0915E-1	1.7833E2	1.7306E0	1.4054E6	
635	-7.0824E-1	1.7969E2	1.7234E0	1.4076E6	
636	-7.0694E-1	1.8161E2	1.7163E0	1.4098E6	
637	-7.0427E-1	1.8558E2	1.7091E0	1.4120E6	
638	-7.0602E-1	1.8297E2	1.7022E0	1.4143E6	
639	-7.0587E-1	1.8320E2	1.6949E0	1.4165E6	
640	-7.0595E-1	1.8309E2	1.6878E0	1.4187E6	
641	-7.0641E-1	1.8241E2	1.6808E0	1.4209E6	
642	-7.0602E-1	1.8297E2	1.6736E0	1.4231E6	
643	-7.0610E-1	1.8286E2	1.6665E0	1.4254E6	
644	-7.0526E-1	1.8411E2	1.6594E0	1.4276E6	
645	-7.0282E-1	1.8773E2	1.6522E0	1.4298E6	
646	-7.0297E-1	1.8750E2	1.6451E0	1.4320E6	
647	-7.0572E-1	1.8343E2	1.6380E0	1.4342E6	
648	-7.0480E-1	1.8478E2	1.6308E0	1.4365E6	
649	-7.0404E-1	1.8592E2	1.6237E0	1.4387E6	
650	-7.0663E-1	1.8207E2	1.6166E0	1.4409E6	
651	-7.0267E-1	1.8795E2	1.6094E0	1.4431E6	
652	-7.0084E-1	1.9067E2	1.6023E0	1.4453E6	
653	-7.0137E-1	1.8988E2	1.5951E0	1.4476E6	
654	-7.0480E-1	1.8478E2	1.5880E0	1.4498E6	
655	-7.0526E-1	1.8411E2	1.5810E0	1.4520E6	
656	-7.0259E-1	1.8807E2	1.5738E0	1.4542E6	
657	-7.0427E-1	1.8558E2	1.5667E0	1.4564E6	
658	-7.0107E-1	1.9033E2	1.5596E0	1.4587E6	
659	-6.9969E-1	1.9237E2	1.5524E0	1.4609E6	
660	-7.0023E-1	1.9158E2	1.5453E0	1.4631E6	
661	-7.0236E-1	1.8841E2	1.5380E0	1.4653E6	
662	-7.0122E-1	1.9011E2	1.5309E0	1.4675E6	
663	-7.0297E-1	1.8750E2	1.5238E0	1.4698E6	
664	-7.0488E-1	1.8467E2	1.5167E0	1.4720E6	
665	-7.0213E-1	1.8875E2	1.5095E0	1.4742E6	
666	-6.9923E-1	1.9305E2	1.5024E0	1.4764E6	
667	-7.0030E-1	1.9146E2	1.4952E0	1.4786E6	
668	-7.0030E-1	1.9146E2	1.4880E0	1.4809E6	
669	-6.9939E-1	1.9282E2	1.4808E0	1.4831E6	
670	-6.9908E-1	1.9328E2	1.4737E0	1.4853E6	
671	-6.9969E-1	1.9237E2	1.4666E0	1.4875E6	
672	-6.9801E-1	1.9486E2	1.4595E0	1.4897E6	
673	-6.9809E-1	1.9475E2	1.4523E0	1.4920E6	
674	-6.9748E-1	1.9565E2	1.4452E0	1.4942E6	
675	-6.9901E-1	1.9339E2	1.4381E0	1.4964E6	
676	-6.9824E-1	1.9452E2	1.4308E0	1.4986E6	
677	-6.9870E-1	1.9384E2	1.4237E0	1.5008E6	
678	-6.9809E-1	1.9475E2	1.4165E0	1.5031E6	
679	-6.9862E-1	1.9396E2	1.4094E0	1.5053E6	
680	-6.9580E-1	1.9815E2	1.4022E0	1.5075E6	
681	-6.9695E-1	1.9645E2	1.3950E0	1.5097E6	
682	-6.9626E-1	1.9747E2	1.3879E0	1.5119E6	
683	-6.9847E-1	1.9418E2	1.3808E0	1.5142E6	
684	-6.9504E-1	1.9928E2	1.3736E0	1.5164E6	
685	-6.9656E-1	1.9701E2	1.3664E0	1.5186E6	
686	-6.9427E-1	2.0041E2	1.3593E0	1.5208E6	
687	-6.9611E-1	1.9769E2	1.3520E0	1.5230E6	
688	-6.9664E-1	1.9690E2	1.3449E0	1.5253E6	
689	-6.9695E-1	1.9645E2	1.3378E0	1.5275E6	
690	-6.9580E-1	1.9815E2	1.3305E0	1.5297E6	
691	-6.9641E-1	1.9724E2	1.3235E0	1.5319E6	
692	-6.9603E-1	1.9781E2	1.3164E0	1.5341E6	
693	-6.9382E-1	2.0109E2	1.3092E0	1.5364E6	
694	-6.9321E-1	2.0199E2	1.3020E0	1.5386E6	
695	-6.9496E-1	1.9939E2	1.2948E0	1.5408E6	
696	-6.9427E-1	2.0041E2	1.2876E0	1.5430E6	
697	-6.9244E-1	2.0313E2	1.2805E0	1.5452E6	
698	-6.9298E-1	2.0233E2	1.2733E0	1.5475E6	
699	-6.9466E-1	1.9984E2	1.2661E0	1.5497E6	
700	-6.9176E-1	2.0415E2	1.2590E0	1.5519E6	
701	-6.9275E-1	2.0267E2	1.2519E0	1.5541E6	
702	-7.0969E-1	1.7754E2	1.2446E0	1.5563E6	
703	-7.0328E-1	1.8705E2	1.2375E0	1.5586E6	
704	-6.9702E-1	1.9633E2	1.2302E0	1.5608E6	
705	-6.9519E-1	1.9905E2	1.2231E0	1.5630E6	
706	-6.9275E-1	2.0267E2	1.2161E0	1.5652E6	
707	-6.8901E-1	2.0822E2	1.2089E0	1.5674E6	
708	-6.8237E-1	2.1807E2	1.2017E0	1.5697E6	
709	-6.7581E-1	2.2781E2	1.1945E0	1.5719E6	
710	-6.6917E-1	2.3766E2	1.1874E0	1.5741E6	
711	-6.6734E-1	2.4038E2	1.1802E0	1.5763E6	
712	-6.6422E-1	2.4502E2	1.1730E0	1.5785E6	
713	-6.6048E-1	2.5057E2	1.1658E0	1.5808E6	
714	-6.4903E-1	2.6755E2	1.1587E0	1.5830E6	
715	-6.4499E-1	2.7355E2	1.1516E0	1.5852E6	
716	-6.4026E-1	2.8057E2	1.1443E0	1.5874E6	
717	-6.3492E-1	2.8850E2	1.1372E0	1.5896E6	
718	-6.3171E-1	2.9325E2	1.1301E0	1.5919E6	
719	-6.2813E-1	2.9858E2	1.1230E0	1.5941E6	
720	-6.2309E-1	3.0605E2	1.1157E0	1.5963E6	
721	-6.2218E-1	3.0741E2	1.1085E0	1.5985E6	
722	-6.1356E-1	3.2020E2	1.1014E0	1.6007E6	
723	-6.1188E-1	3.2269E2	1.0942E0	1.6030E6	
724	-6.0616E-1	3.3119E2	1.0870E0	1.6052E6	
725	-6.0120E-1	3.3855E2	1.0799E0	1.6074E6	
726	-5.9776E-1	3.4364E2	1.0726E0	1.6096E6	
727	-5.9532E-1	3.4726E2	1.0656E0	1.6118E6	
728	-5.9067E-1	3.5417E2	1.0584E0	1.6141E6	
729	-5.8594E-1	3.6119E2	1.0511E0	1.6163E6	
730	-5.7793E-1	3.7308E2	1.0440E0	1.6185E6	
731	-5.7442E-1	3.7829E2	1.0369E0	1.6207E6	
732	-5.6602E-1	3.9074E2	1.0297E0	1.6229E6	
733	-5.6419E-1	3.9346E2	1.0224E0	1.6252E6	
734	-5.5664E-1	4.0467E2	1.0154E0	1.6274E6	
735	-5.5595E-1	4.0569E2	1.0082E0	1.6296E6	
736	-5.4543E-1	4.2131E2	1.0010E0	1.6318E6	
737	-5.4153E-1	4.2709E2	9.9385E-1	1.6340E6	
738	-5.3406E-1	4.3818E2	9.8667E-1	1.6363E6	
739	-5.2704E-1	4.4860E2	9.7955E-1	1.6385E6	
740	-5.2620E-1	4.4985E2	9.7239E-1	1.6407E6	
741	-5.1537E-1	4.6592E2	9.6520E-1	1.6429E6	
742	-5.1193E-1	4.7102E2	9.5805E-1	1.6451E6	
743	-5.1201E-1	4.7091E2	9.5084E-1	1.6474E6	
744	-5.0224E-1	4.8540E2	9.4374E-1	1.6496E6	
745	-4.9530E-1	4.9570E2	9.3655E-1	1.6518E6	
746	-4.8538E-1	5.1042E2	9.2945E-1	1.6540E6	
747	-4.8386E-1	5.1269E2	9.2219E-1	1.6562E6	
748	-4.7745E-1	5.2220E2	9.1516E-1	1.6585E6	
749	-4.7302E-1	5.2876E2	9.0792E-1	1.6607E6	
750	-4.6570E-1	5.3963E2	9.0078E-1	1.6629E6	
751	-4.6066E-1	5.4711E2	8.9355E-1	1.6651E6	
752	-4.5212E-1	5.5979E2	8.8640E-1	1.6673E6	
753	-4.4891E-1	5.6454E2	8.7931E-1	1.6696E6	
754	-4.3755E-1	5.8141E2	8.7204E-1	1.6718E6	
755	-4.3419E-1	5.8640E2	8.6487E-1	1.6740E6	
756	-4.2648E-1	5.9783E2	8.5780E-1	1.6762E6	
757	-4.1962E-1	6.0802E2	8.5063E-1	1.6784E6	
758	-4.1031E-1	6.2184E2	8.4352E-1	1.6807E6	
759	-4.0932E-1	6.2331E2	8.3624E-1	1.6829E6	
760	-3.9864E-1	6.3916E2	8.2921E-1	1.6851E6	
761	-3.9192E-1	6.4912E2	8.2203E-1	1.6873E6	
762	-3.8376E-1	6.6124E2	8.1479E-1	1.6895E6	
763	-3.8071E-1	6.6577E2	8.0772E-1	1.6918E6	
764	-3.7308E-1	6.7709E2	8.0056E-1	1.6940E6	
765	-3.6484E-1	6.8932E2	7.9342E-1	1.6962E6	
766	-3.5545E-1	7.0325E2	7.8625E-1	1.6984E6	
767	-3.5118E-1	7.0959E2	7.7920E-1	1.7006E6	
768	-3.3905E-1	7.2759E2	7.7198E-1	1.7029E6	
769	-3.3630E-1	7.3166E2	7.6486E-1	1.7051E6	
770	-3.3051E-1	7.4027E2	7.6173E-1	1.7060E6	
771	-3.3089E-1	7.3970E2	7.6130E-1	1.7062E6	
772	-3.3127E-1	7.3914E2	7.6091E-1	1.7063E6	
773	-3.2959E-1	7.4163E2	7.6050E-1	1.7065E6	
774	-3.2890E-1	7.4265E2	7.5747E-1	1.7074E6	
775	-3.2890E-1	7.4265E2	7.5747E-1	1.7074E6	
776	-3.2890E-1	7.4265E2	7.5747E-1	1.7074E6	
777	-3.2890E-1	7.4265E2	7.5747E-1	1.7074E6	
778	-3.2890E-1	7.4265E2	7.5747E-1	1.7074E6	
779	-3.2890E-1	7.4265E2	7.5747E-1	1.7074E6	
780	-3.2890E-1	7.4265E2	7.5747E-1	1.7074E6	
781	-3.2890E-1	7.4265E2	7.5747E-1	1.7074E6	
782	-3.2890E-1	7.4265E2	7.5747E-1	1.7074E6	
783	-3.2890E-1	7.4265E2	7.5747E-1	1.7074E6	
784	-3.2890E-1	7.4265E2	7.5747E-1	1.7074E6	
785	-3.2890E-1	7.4265E2	7.5747E-1	1.7074E6	
786	-3.2890E-1	7.4265E2	7.5747E-1	1.7074E6	
787	-3.2890E-1	7.4265E2	7.5747E-1	1.7074E6	
788	-3.2890E-1	7.4265E2	7.5747E-1	1.7074E6	
789	-3.2890E-1	7.4265E2	7.5747E-1	1.7074E6	
790	-3.2890E-1	7.4265E2	7.5747E-1	1.7074E6	
791	-3.2890E-1	7.4265E2	7.5747E-1	1.7074E6	
792	-3.2890E-1	7.4265E2	7.5747E-1	1.7074E6	
793	-3.2890E-1	7.4265E2	7.5747E-1	1.7074E6	
794	-3.2890E-1	7.4265E2	7.5747E-1	1.7074E6	
795	-3.2890E-1	7.4265E2	7.5747E-1	1.7074E6	
796	-3.2890E-1	7.4265E2	7.5747E-1	1.7074E6	
797	-3.2890E-1	7.4265E2	7.5747E-1	1.7074E6	
798	-3.2890E-1	7.4265E2	7.5747E-1	1.7074E6	
799	-3.2890E-1	7.4265E2	7.5747E-1	1.7074E6	
800	-3.2890E-1	7.4265E2	7.5747E-1	1.7074E6	
801	-3.2890E-1	7.4265E2	7.5747E-1	1.7074E6	
802	-3.2890E-1	7.4265E2	7.5747E-1	1.7074E6	
803	-3.2890E-1	7.4265E2	7.5747E-1	1.7074E6	
804	-3.2890E-1	7.4265E2	7.5747E-1	1.7074E6	
805	-3.2890E-1	7.4265E2	7.5747E-1	1.7074E6	
806	-3.2890E-1	7.4265E2	7.5747E-1	1.7074E6	
807	-3.2890E-1	7.4265E2	7.5747E-1	1.7074E6	
808	-3.2890E-1	7.4265E2	7.5747E-1	1.7074E6	
809	-3.2890E-1	7.4265E2	7.5747E-1	1.7074E6	
810	-3.2890E-1	7.4265E2	7.5747E-1	1.7074E6	
811	-3.2890E-1	7.4265E2	7.5747E-1	1.7074E6	
812	-3.2890E-1	7.4265E2	7.5747E-1	1.7074E6	
813	-3.2890E-1	7.4265E2	7.5747E-1	1.7074E6	
814	-3.2890E-1	7.4265E2	7.5747E-1	1.7074E6	
815	-3.2890E-1	7.4265E2	7.5747E-1	1.7074E6	
816	-3.2890E-1	7.4265E2	7.5747E-1	1.7074E6	
817	-3.2890E-1	7.4265E2	7.5747E-1	1.7074E6	
818	-3.2890E-1	7.4265E2	7.5747E-1	1.7074E6	
819	-3.2890E-1	7.4265E2	7.5747E-1	1.7074E6	
820	-3.2890E-1	7.4265E2	7.5747E-1	1.7074E6	
821	-3.2890E-1	7.4265E2	7.5747E-1	1.7074E6	
822	-3.2890E-1	7.4265E2	7.5747E-1	1.7074E6	
823	-3.2890E-1	7.4265E2	7.5747E-1	1.7074E6	
824	-3.2890E-1	7.4265E2	7.5747E-1	1.7074E6	
825	-3.2890E-1	7.4265E2	7.5747E-1	1.7074E6	
826	-3.2890E-1	7.4265E2	7.5747E-1	1.7074E6	
827	-3.2890E-1	7.4265E2	7.5747E-1	1.7074E6	
828	-3.2890E-1	7.4265E2	7.5747E-1	1.7074E6	
829	-3.2890E-1	7.4265E2	7.5747E-1	1.7074E6	
830	-3.2890E-1	7.4265E2	7.5747E-1	1.7074E6	
831	-3.2890E-1	7.4265E2	7.5747E-1	1.7074E6	
832	-3.2890E-1	7.4265E2	7.5747E-1	1.7074E6	
833	-3.2890E-1	7.4265E2	7.5747E-1	1.7074E6	
834	-3.2890E-1	7.4265E2	7.5747E-1	1.7074E6	
835	-3.2890E-1	7.4265E2	7.5747E-1	1.7074E6	
836	-3.2890E-1	7.4265E2	7.5747E-1	1.7074E6	
837	-3.2890E-1	7.4265E2	7.5747E-1	1.7074E6	
838	-3.2890E-1	7.4265E2	7.5747E-1	1.7074E6	
839	-3.2890E-1	7.4265E2	7.5747E-1	1.7074E6	
840	-3.2890E-1	7.4265E2	7.5747E-1	1.7074E6	
841	-3.2890E-1	7.4265E2	7.5747E-1	1.7074E6	
842	-3.2890E-1	7.4265E2	7.5747E-1	1.7074E6	
843	-3.2890E-1	7.4265E2	7.5747E-1	1.7074E6	
844	-3.2890E-1	7.4265E2	7.5747E-1	1.7074E6	
845	-3.2890E-1	7.4265E2	7.5747E-1	1.7074E6	
846	-3.2890E-1	7.4265E2	7.5747E-1	1.7074E6	
847	-3.2890E-1	7.4265E2	7.5747E-1	1.7074E6	
848	-3.2890E-1	7.4265E2	7.5747E-1	1.7074E6	
849	-3.2890E-1	7.4265E2	7.5747E-1	1.7074E6	
850	-3.2890E-1	7.4265E2	7.5747E-1	1.7074E6	
851	-3.2890E-1	7.4265E2	7.5747E-1	1.7074E6	
852	-3.2890E-1	7.4265E2	7.5747E-1	1.7074E6	
853	-3.2890E-1	7.4265E2	7.5747E-1	1.7074E6	
854	-3.2890E-1	7.4265E2	7.5747E-1	1.7074E6	
855	-3.2890E-1	7.4265E2	7.5747E-1	1.7074E6	
856	-3.2890E-1	7.4265E2	7.5747E-1	1.7074E6	
857	-3.2890E-1	7.4265E2	7.5747E-1	1.7074E6	
858	-3.2890E-1	7.4265E2	7.5747E-1	1.7074E6	
859	-3.2890E-1	7.4265E2	7.5747E-1	1.7074E6	
860	-3.2890E-1	7.4265E2	7.5747E-1	1.7074E6	
861	-3.2890E-1	7.4265E2	7.5747E-1	1.7074E6	
862	-3.2890E-1	7.4265E2	7.5747E-1	1.7074E6	
863	-3.2890E-1	7.4265E2	7.5747E-1	1.7074E6	
864	-3.2890E-1	7.4265E2	7.5747E-1	1.7074E6	
865	-3.2890E-1	7.4265E2	7.5747E-1	1.7074E6	
866	-3.2890E-1	7.4265E2	7.5747E-1	1.7074E6	
867	-3.2890E-1	7.4265E2	7.5747E-1	1.7074E6	
868	-3.2890E-1	7.4265E2	7.5747E-1	1.7074E6	
869	-3.2890E-1	7.4265E2	7.5747E-1	1.7074E6	
870	-3.2890E-1	7.4265E2	7.5747E-1	1.7074E6	
871	-3.2890E-1	7.4265E2	7.5747E-1	1.7074E6	
872	-3.2890E-1	7.4265E2	7.5747E-1	1.7074E6	
873	-3.2890E-1	7.4265E2	7.5747E-1	1.7074E6	
874	-3.2890E-1	7.4265E2	7.5747E-1	1.7074E6	
875	-3.2890E-1	7.4265E2	7.5747E-1	1.7074E6	
876	-3.2890E-1	7.4265E2	7.5747E-1	1.7074E6	
877	-3.2890E-1	7.4265E2	7.5747E-1	1.7074E6	
878	-3.2890E-1	7.4265E2	7.5747E-1	1.7074E6	
879	-3.2890E-1	7.4265E2	7.5747E-1	1.7074E6	
880	-3.2890E-1	7.4265E2	7.5747E-1	1.7074E6	
881	-3.2890E-1	7.4265E2	7.5747E-1	1.7074E6	
882	-3.2890E-1	7.4265E2	7.5747E-1	1.7074E6	
883	-3.2890E-1	7.4265E2	7.5747E-1	1.7074E6	
884	-3.2890E-1	7.4265E2	7.5747E-1	1.7074E6	
885	-3.2890E-1	7.4265E2	7.5747E-1	1.7074E6	
886	-3.2890E-1	7.4265E2	7.5747E-1	1.7074E6	
887	-3.2890E-1	7.4265E2	7.5747E-1	1.7074E6	
888	-3.2890E-1	7.4265E2	7.5747E-1	1.7074E6	
889	-3.2890E-1	7.4265E2	7.5747E-1	1.7074E6	
890	-3.2890E-1	7.4265E2	7.5747E-1	1.7074E6	
891	-3.2890E-1	7.4265E2	7.5747E-1	1.7074E6	
892	-3.2890E-1	7.4265E2	7.5747E-1	1.7074E6	
893	-3.2890E-1	7.4265E2	7.5747E-1	1.7074E6	
894	-3.2890E-1	7.4265E2	7.5747E-1	1.7074E6	
895	-3.2890E-1	7.4265E2	7.5747E-1	1.7074E6	
896	-3.2890E-1	7.4265E2	7.5747E-1	1.7074E6	
897	-3.2890E-1	7.4265E2	7.5747E-1	1.7074E6	
898	-3.2890E-1	7.4265E2	7.5747E-1	1.7074E6	
899	-3.2890E-1	7.4265E2	7.5747E-1	1.7074E6	
900	-3.2890E-1	7.4265E2	7.5747E-1	1.7074E6	
901	-3.2890E-1	7.4265E2	7.5747E-1	1.7074E6	
902	-3.2890E-1	7.4265E2	7.5747E-1	1.7074E6	
903	-3.2890E-1	7.4265E2	7.5747E-1	1.7074E6	
904	-3.2890E-1	7.4265E2	7.5747E-1	1.7074E6	
905	-3.2890E-1	7.4265E2	7.5747E-1	1.7074E6	
906	-3.2890E-1	7.4265E2	7.5747E-1	1.7074E6	
907	-3.2890E-1	7.4265E2	7.5747E-1	1.7074E6	
908	-3.2890E-1	7.4265E2	7.5747E-1	1.7074E6	
909	-3.2890E-1	7.4265E2	7.5747E-1	1.7074E6	
910	-3.2890E-1	7.4265E2	7.5747E-1	1.7074E6	
911	-3.2890E-1	7.4265E2	7.5747E-1	1.7074E6	
912	-3.2890E-1	7.4265E2	7.5747E-1	1.7074E6	
913	-3.2890E-1	7.4265E2	7.5747E-1	1.7074E6	
914	-3.2890E-1	7.4265E2	7.5747E-1	1.7074E6	
915	-3.2890E-1	7.4265E2	7.5747E-1	1.7074E6	
916	-3.2890E-1	7.4265E2	7.5747E-1	1.7074E6	
917	-3.2890E-1	7.4265E2	7.5747E-1	1.7074E6	
918	-3.2890E-1	7.4265E2	7.5747E-1	1.7074E6	
919	-3.2890E-1	7.4265E2	7.5747E-1	1.7074E6	
920	-3.2890E-1	7.4265E2	7.5747E-1	1.7074E6	
921	-3.2890E-1	7.4265E2	7.5747E-1	1.7074E6	
922	-3.2890E-1	7.4265E2	7.5747E-1	1.7074E6	
923	-3.2890E-1	7.4265E2	7.5747E-1	1.7074E6	
924	-3.2890E-1	7.4265E2	7.5747E-1	1.7074E6	
925	-3.2890E-1	7.4265E2	7.5747E-1	1.7074E6	
926	-3.2890E-1	7.4265E2	7.5747E-1	1.7074E6	
927	-3.2890E-1	7.4265E2	7.5747E-1	1.7074E6	
928	-3.2890E-1	7.4265E2	7.5747E-1	1.7074E6	
929	-3.2890E-1	7.4265E2	7.5747E-1	1.7074E6	
930	-3.2890E-1	7.4265E2	7.5747E-1	1.7074E6	
931	-3.2890E-1	7.4265E2	7.5747E-1	1.7074E6	
932	-3.2890E-1	7.4265E2	7.5747E-1	1.7074E6	
933	-3.2890E-1	7.4265E2	7.5747E-1	1.7074E6	
934	-3.2890E-1	7.4265E2	7.5747E-1	1.7074E6	
935	-3.2890E-1	7.4265E2	7.5747E-1	1.7074E6	
936	-3.2890E-1	7.4265E2	7.5747E-1	1.7074E6	
937	-3.2890E-1	7.4265E2	7.5747E-1	1.7074E6	
938	-3.2890E-1	7.4265E2	7.5747E-1	1.7074E6	
939	-3.2890E-1	7.4265E2	7.5747E-1	1.7074E6	
940	-3.2890E-1	7.4265E2	7.5747E-1	1.7074E6	
941	-3.2890E-1	7.4265E2	7.5747E-1	1.7074E6	
942	-3.2890E-1	7.4265E2	7.5747E-1	1.7074E6	
943	-3.2890E-1	7.4265E2	7.5747E-1	1.7074E6	
944	-3.2890E-1	7.4265E2	7.5747E-1	1.7074E6	
945	-3.2890E-1	7.4265E2	7.5747E-1	1.7074E6	
946	-3.2890E-1	7.4265E2	7.5747E-1	1.7074E6	
947	-3.2890E-1	7.4265E2	7.5747E-1	1.7074E6	
948	-3.2890E-1	7.4265E2	7.5747E-1	1.7074E6	
949	-3.2890E-1	7.4265E2	7.5747E-1	1.7074E6	
950	-3.2890E-1	7.4265E2	7.5747E-1	1.7074E6	
951	-3.2890E-1	7.4265E2	7.5747E-1	1.7074E6	
952	-3.2890E-1	7.4265E2	7.5747E-1	1.7074E6	
953	-3.2890E-1	7.4265E2	7.5747E-1	1.7074E6	
954	-3.2890E-1	7.4265E2	7.5747E-1	1.7074E6	
955	-3.2890E-1	7.4265E2	7.5747E-1	1.7074E6	
956	-3.2890E-1	7.4265E2	7.5747E-1	1.7074E6	
957	-3.2890E-1	7.4265E2	7.5747E-1	1.7074E6	
958	-3.2890E-1	7.4265E2	7.5747E-1	1.7074E6	
959	-3.2890E-1	7.4265E2	7.5747E-1	1.7074E6	
960	-3.2890E-1	7.4265E2	7.5747E-1	1.7074E6	
961	-3.2890E-1	7.4265E2	7.5747E-1	1.7074E6	
962	-3.2890E-1	7.4265E2	7.5747E-1	1.7074E6	
963	-3.2890E-1	7.4265E2	7.5747E-1	1.7074E6	
964	-3.2890E-1	7.4265E2	7.5747E-1	1.7074E6	
965	-3.2890E-1	7.4265E2	7.5747E-1	1.7074E6	
966	-3.2890E-1	7.4265E2	7.5747E-1	1.7074E6	
967	-3.2890E-1	7.4265E2	7.5747E-1	1.7074E6	
968	-3.2890E-1	7.4265E2	7.5747E-1	1.7074E6	
969	-3.2890E-1	7.4265E2	7.5747E-1	1.7074E6	
970	-3.2890E-1	7.4265E2	7.5747E-1	1.7074E6	
971	-3.2890E-1	7.4265E2	7.5747E-1	1.7074E6	
972	-3.2890E-1	7.4265E2	7.5747E-1	1.7074E6	
973	-3.2890E-1	7.4265E2	7.5747E-1	1.7074E6	
974	-3.2890E-1	7.4265E2	7.5747E-1	1.7074E6	
975	-3.2890E-1	7.4265E2	7.5747E-1	1.7074E6	
976	-3.2890E-1	7.4265E2	7.5747E-1	1.7074E6	
977	-3.2890E-1	7.4265E2	7.5747E-1	1.7074E6	
978	-3.2890E-1	7.4265E2	7.5747E-1	1.7074E6	
979	-3.2890E-1	7.4265E2	7.5747E-1	1.7074E6	
980	-3.2890E-1	7.4265E2	7.5747E-1	1.7074E6	
981	-3.2890E-1	7.4265E2	7.5747E-1	1.7074E6	
982	-3.2890E-1	7.4265E2	7.5747E-1	1.7074E6	
983	-3.2890E-1	7.4265E2	7.5747E-1	1.7074E6	
984	-3.2890E-1	7.4265E2	7.5747E-1	1.7074E6	
985	-3.2890E-1	7.4265E2	7.5747E-1	1.7074E6	
986	-3.2890E-1	7.4265E2	7.5747E-1	1.7074E6	
987	-3.2890E-1	7.4265E2	7.5747E-1	1.7074E6	
988	-3.2890E-1	7.4265E2	7.5747E-1	1.7074E6	
989	-3.2890E-1	7.4265E2	7.5747E-1	1.7074E6	
990	-3.2890E-1	7.4265E2	7.5747E-1	1.7074E6	
991	-3.2890E-1	7.4265E2	7.5747E-1	1.7074E6	
992	-3.2890E-1	7.4265E2	7.5747E-1	1.7074E6	
993	-3.2890E-1	7.4265E2	7.5747E-1	1.7074E6	
994	-3.2890E-1	7.4265E2	7.5747E-1	1.7074E6	
995	-3.2890E-1	7.4265E2	7.5747E-1	1.7074E6	
996	-3.2890E-1	7.4265E2	7.5747E-1	1.7074E6	
997	-3.2890E-1	7.4265E2	7.5747E-1	1.7074E6	
998	-3.2890E-1	7.4265E2	7.5747E-1	1.7074E6	
999	-3.2890E-1	7.4265E2	7.5747E-1	1.7074E6	
1000	-3.2890E-1	7.4265E2	7.5747E-1	1.7074E6	
1001	-3.2890E-1	7.4265E2	7.5747E-1	1.7074E6	
1002	-3.2890E-1	7.4265E2	7.5747E-1	1.7074E6	
1003	-3.2890E-1	7.4265E2	7.5747E-1	1.7074E6	
1004	-3.2890E-1	7.4265E2	7.5747E-1	1.7074E6	
1005	-3.2890E-1	7.4265E2	7.5747E-1	1.7074E6	
1006	-3.2890E-1	7.4265E2	7.5747E-1	1.7074E6	
1007	-3.2890E-1	7.4265E2	7.5747E-1	1.7074E6	
1008	-3.2890E-1	7.4265E2	7.5747E-1	1.7074E6	
1009	-3.2890E-1	7.4265E2	7.5747E-1	1.7074E6	
1010	-3.2890E-1	7.4265E2	7.5747E-1	1.7074E6	
1011	-3.2890E-1	7.4265E2	7.5747E-1	1.7074E6	
1012	-3.2890E-1	7.4265E2	7.5747E-1	1.7074E6	
1013	-3.2890E-1	7.4265E2	7.5747E-1	1.7074E6	
1014	-3.2890E-1	7.4265E2	7.5747E-1	1.7074E6	
1015	-3.2890E-1	7.4265E2	7.5747E-1	1.7074E6	
1016	-3.2890E-1	7.4265E2	7.5747E-1	1.7074E6	
1017	-3.2890E-1	7.4265E2	7.5747E-1	1.7074E6	
1018	-3.2890E-1	7.4265E2	7.5747E-1	1.7074E6	
1019	-3.2890E-1	7.4265E2	7.5747E-1	1.7074E6	
1020	-3.2890E-1	7.4265E2	7.5747E-1	1.7074E6	
1021	-3.2890E-1	7.4265E2	7.5747E-1	1.7074E6	
1022	-3.2890E-1	7.4265E2	7.5747E-1	1.7074E6	
1023	-3.2890E-1	7.4265E2	7.5747E-1	1.7074E6	
1024	-3.2890E-1	7.4265E2	7.5747E-1	1.7074E6	
1025	-3.3104E-1	7.3948E2	7.5744E-1	1.7074E6	
1026	-3.6880E-1	6.8343E2	7.5865E-1	1.7097E6	
1027	-3.9452E-1	6.4527E2	7.6142E-1	1.7119E6	
1028	-4.1199E-1	6.1934E2	7.6456E-1	1.7141E6	
1029	-4.3198E-1	5.8968E2	7.6786E-1	1.7163E6	
1030	-4.4838E-1	5.6534E2	7.7140E-1	1.7185E6	
1031	-4.6524E-1	5.4031E2	7.7520E-1	1.7208E6	
1032	-4.7943E-1	5.1925E2	7.7907E-1	1.7230E6	
1033	-4.9591E-1	4.9480E2	7.8296E-1	1.7252E6	
1034	-5.0529E-1	4.8087E2	7.8695E-1	1.7274E6	
1035	-5.2261E-1	4.5517E2	7.9105E-1	1.7296E6	
1036	-5.3192E-1	4.4135E2	7.9527E-1	1.7319E6	
1037	-5.4626E-1	4.2007E2	7.9939E-1	1.7341E6	
1038	-5.5939E-1	4.0059E2	8.0364E-1	1.7363E6	
1039	-5.6755E-1	3.8848E2	8.0787E-1	1.7385E6	
1040	-5.7732E-1	3.7398E2	8.1227E-1	1.7407E6	
1041	-5.8945E-1	3.5598E2	8.1654E-1	1.7430E6	
1042	-6.0196E-1	3.3741E2	8.2096E-1	1.7452E6	
1043	-6.1096E-1	3.2405E2	8.2535E-1	1.7474E6	
1044	-6.1829E-1	3.1318E2	8.2975E-1	1.7496E6	
1045	-6.3164E-1	2.9337E2	8.3416E-1	1.7518E6	
1046	-6.3713E-1	2.8522E2	8.3872E-1	1.7541E6	
1047	-6.4949E-1	2.6687E2	8.4312E-1	1.7563E6	
1048	-6.5758E-1	2.5487E2	8.4770E-1	1.7585E6	
1049	-6.6925E-1	2.3755E2	8.5216E-1	1.7607E6	
1050	-6.7802E-1	2.2453E2	8.5669E-1	1.7629E6	
1051	-6.8596E-1	2.1275E2	8.6124E-1	1.7652E6	
1052	-6.9611E-1	1.9769E2	8.6580E-1	1.7674E6	
1053	-7.0244E-1	1.8829E2	8.7039E-1	1.7696E6	
1054	-7.1472E-1	1.7007E2	8.7499E-1	1.7718E6	
1055	-7.2380E-1	1.5659E2	8.7963E-1	1.7740E6	
1056	-7.2975E-1	1.4776E2	8.8419E-1	1.7763E6	
1057	-7.3807E-1	1.3542E2	8.8884E-1	1.7785E6	
1058	-7.4699E-1	1.2217E2	8.9357E-1	1.7807E6	
1059	-7.5424E-1	1.1141E2	8.9815E-1	1.7829E6	
1060	-7.5897E-1	1.0439E2	9.0274E-1	1.7851E6	
1061	-7.7042E-1	8.7410E1	9.0745E-1	1.7874E6	
1062	-7.7393E-1	8.2202E1	9.1204E-1	1.7896E6	
1063	-7.8316E-1	6.8502E1	9.1674E-1	1.7918E6	
1064	-7.9208E-1	5.5254E1	9.2147E-1	1.7940E6	
1065	-8.0017E-1	4.3252E1	9.2625E-1	1.7962E6	
1066	-8.0307E-1	3.8950E1	9.3097E-1	1.7985E6	
1067	-8.1146E-1	2.6495E1	9.3574E-1	1.8007E6	
1068	-8.2062E-1	1.2908E1	9.4041E-1	1.8029E6	
1069	-8.2726E-1	3.0572E0	9.4517E-1	1.8051E6	
1070	-8.3138E-1	-3.0570E0	9.4986E-1	1.8073E6	
1071	-8.4061E-1	-1.6757E1	9.5464E-1	1.8096E6	
1072	-8.4480E-1	-2.2985E1	9.5934E-1	1.8118E6	
1073	-8.5602E-1	-3.9629E1	9.6422E-1	1.8140E6	
1074	-8.5907E-1	-4.4158E1	9.6899E-1	1.8162E6	
1075	-8.6716E-1	-5.6160E1	9.7382E-1	1.8184E6	
1076	-8.6723E-1	-5.6273E1	9.7856E-1	1.8207E6	
1077	-8.7547E-1	-6.8502E1	9.8334E-1	1.8229E6	
1078	-8.7921E-1	-7.4050E1	9.8813E-1	1.8251E6	
1079	-8.8730E-1	-8.6051E1	9.9302E-1	1.8273E6	
1080	-8.9172E-1	-9.2619E1	9.9783E-1	1.8295E6	
1081	-8.9493E-1	-9.7374E1	1.0027E0	1.8318E6	
1082	-8.9882E-1	-1.0315E2	1.0076E0	1.8340E6	
1083	-9.0401E-1	-1.1085E2	1.0124E0	1.8362E6	
1084	-9.0958E-1	-1.1911E2	1.0172E0	1.8384E6	
1085	-9.0950E-1	-1.1900E2	1.0221E0	1.8406E6	
1086	-9.1240E-1	-1.2330E2	1.0270E0	1.8429E6	
1087	-9.2209E-1	-1.3768E2	1.0318E0	1.8451E6	
1088	-9.2621E-1	-1.4380E2	1.0367E0	1.8473E6	
1089	-9.2583E-1	-1.4323E2	1.0417E0	1.8495E6	
1090	-9.3246E-1	-1.5308E2	1.0465E0	1.8517E6	
1091	-9.3216E-1	-1.5263E2	1.0514E0	1.8540E6	
1092	-9.3758E-1	-1.6067E2	1.0563E0	1.8562E6	
1093	-9.3956E-1	-1.6361E2	1.0612E0	1.8584E6	
1094	-9.4330E-1	-1.6916E2	1.0661E0	1.8606E6	
1095	-9.4925E-1	-1.7799E2	1.0711E0	1.8628E6	
1096	-9.5268E-1	-1.8309E2	1.0760E0	1.8651E6	
1097	-9.5543E-1	-1.8716E2	1.0810E0	1.8673E6	
1098	-9.6252E-1	-1.9769E2	1.0860E0	1.8695E6	
1099	-9.6016E-1	-1.9418E2	1.0909E0	1.8717E6	
1100	-9.6649E-1	-2.0358E2	1.0959E0	1.8739E6	
1101	-9.6878E-1	-2.0698E2	1.1008E0	1.8762E6	
1102	-9.7191E-1	-2.1162E2	1.1059E0	1.8784E6	
1103	-9.7588E-1	-2.1751E2	1.1108E0	1.8806E6	
1104	-9.7809E-1	-2.2079E2	1.1158E0	1.8828E6	
1105	-9.8122E-1	-2.2543E2	1.1207E0	1.8850E6	
1106	-9.8244E-1	-2.2724E2	1.1258E0	1.8873E6	
1107	-9.8854E-1	-2.3630E2	1.1307E0	1.8895E6	
1108	-9.8846E-1	-2.3619E2	1.1358E0	1.8917E6	
1109	-9.8869E-1	-2.3653E2	1.1408E0	1.8939E6	
1110	-9.8892E-1	-2.3687E2	1.1458E0	1.8961E6	
1111	-9.9388E-1	-2.4423E2	1.1508E0	1.8984E6	
1112	-9.9380E-1	-2.4411E2	1.1559E0	1.9006E6	
1113	-9.9945E-1	-2.5249E2	1.1609E0	1.9028E6	
1114	-9.9876E-1	-2.5147E2	1.1661E0	1.9050E6	
1115	-1.0029E0	-2.5759E2	1.1711E0	1.9072E6	
1116	-1.0044E0	-2.5985E2	1.1762E0	1.9095E6	
1117	-1.0034E0	-2.5838E2	1.1812E0	1.9117E6	
1118	-1.0062E0	-2.6246E2	1.1862E0	1.9139E6	
1119	-1.0036E0	-2.5872E2	1.1914E0	1.9161E6	
1120	-1.0023E0	-2.5668E2	1.1965E0	1.9183E6	
1121	-1.0045E0	-2.5997E2	1.2015E0	1.9206E6	
1122	-1.0017E0	-2.5589E2	1.2067E0	1.9228E6	
1123	-1.0018E0	-2.5600E2	1.2117E0	1.9250E6	
1124	-1.0062E0	-2.6246E2	1.2169E0	1.9272E6	
1125	-1.0059E0	-2.6200E2	1.2220E0	1.9294E6	
1126	-9.9953E-1	-2.5261E2	1.2271E0	1.9317E6	
1127	-1.0005E0	-2.5408E2	1.2322E0	1.9339E6	
1128	-1.0042E0	-2.5951E2	1.2374E0	1.9361E6	
1129	-1.0043E0	-2.5974E2	1.2425E0	1.9383E6	
1130	-1.0041E0	-2.5940E2	1.2476E0	1.9405E6	
1131	-9.9953E-1	-2.5261E2	1.2528E0	1.9428E6	
1132	-9.9800E-1	-2.5034E2	1.2580E0	1.9450E6	
1133	-9.9724E-1	-2.4921E2	1.2631E0	1.9472E6	
1134	-9.9663E-1	-2.4830E2	1.2683E0	1.9494E6	
1135	-9.9045E-1	-2.3913E2	1.2734E0	1.9516E6	
1136	-9.9152E-1	-2.4072E2	1.2786E0	1.9539E6	
1137	-9.8404E-1	-2.2962E2	1.2838E0	1.9561E6	
1138	-9.8450E-1	-2.3030E2	1.2890E0	1.9583E6	
1139	-9.7992E-1	-2.2351E2	1.2942E0	1.9605E6	
1140	-9.7786E-1	-2.2045E2	1.2994E0	1.9627E6	
1141	-9.7855E-1	-2.2147E2	1.3046E0	1.9650E6	
1142	-9.7214E-1	-2.1196E2	1.3099E0	1.9672E6	
1143	-9.7710E-1	-2.1932E2	1.3151E0	1.9694E6	
1144	-9.7435E-1	-2.1524E2	1.3203E0	1.9716E6	
1145	-9.7572E-1	-2.1728E2	1.3255E0	1.9738E6	
1146	-9.7397E-1	-2.1468E2	1.3308E0	1.9761E6	
1147	-9.7252E-1	-2.1252E2	1.3361E0	1.9783E6	
1148	-9.7504E-1	-2.1626E2	1.3412E0	1.9805E6	
1149	-9.7336E-1	-2.1377E2	1.3465E0	1.9827E6	
1150	-9.7237E-1	-2.1230E2	1.3518E0	1.9849E6	
1151	-9.7244E-1	-2.1241E2	1.3571E0	1.9872E6	
1152	-9.7321E-1	-2.1354E2	1.3623E0	1.9894E6	
1153	-9.7443E-1	-2.1536E2	1.3676E0	1.9916E6	
1154	-9.7366E-1	-2.1422E2	1.3729E0	1.9938E6	
1155	-9.7427E-1	-2.1513E2	1.3781E0	1.9960E6	
1156	-9.7305E-1	-2.1332E2	1.3835E0	1.9983E6	
1157	-9.7481E-1	-2.1592E2	1.3888E0	2.0005E6	
1158	-9.7038E-1	-2.0935E2	1.3941E0	2.0027E6	
1159	-9.7115E-1	-2.1049E2	1.3993E0	2.0049E6	
1160	-9.7267E-1	-2.1275E2	1.4048E0	2.0071E6	
1161	-9.7183E-1	-2.1151E2	1.4100E0	2.0094E6	
1162	-9.6825E-1	-2.0618E2	1.4153E0	2.0116E6	
1163	-9.6687E-1	-2.0415E2	1.4206E0	2.0138E6	
1164	-9.6634E-1	-2.0335E2	1.4260E0	2.0160E6	
1165	-9.6184E-1	-1.9667E2	1.4313E0	2.0182E6	
1166	-9.5230E-1	-1.8252E2	1.4367E0	2.0205E6	
1167	-9.4353E-1	-1.6950E2	1.4420E0	2.0227E6	
1168	-9.3452E-1	-1.5614E2	1.4474E0	2.0249E6	
1169	-9.2224E-1	-1.3791E2	1.4528E0	2.0271E6	
1170	-9.0416E-1	-1.1107E2	1.4581E0	2.0293E6	
1171	-8.8882E-1	-8.8316E1	1.4634E0	2.0316E6	
1172	-8.6632E-1	-5.4914E1	1.4689E0	2.0338E6	
1173	-8.3687E-1	-1.1209E1	1.4743E0	2.0360E6	
1174	-7.7873E-1	7.5069E1	1.4797E0	2.0382E6	
1175	-7.0671E-1	1.8195E2	1.4850E0	2.0404E6	
1176	-7.0244E-1	1.8829E2	1.4904E0	2.0427E6	
1177	-7.0244E-1	1.8829E2	1.4957E0	2.0449E6	
1178	-7.0305E-1	1.8739E2	1.5013E0	2.0471E6	
1179	-7.0457E-1	1.8512E2	1.5066E0	2.0493E6	
1180	-7.0580E-1	1.8331E2	1.5121E0	2.0515E6	
1181	-7.0244E-1	1.8829E2	1.5175E0	2.0538E6	
1182	-7.0244E-1	1.8829E2	1.5229E0	2.0560E6	
1183	-7.0221E-1	1.8863E2	1.5284E0	2.0582E6	
1184	-7.0312E-1	1.8728E2	1.5338E0	2.0604E6	
1185	-7.0190E-1	1.8909E2	1.5392E0	2.0626E6	
1186	-7.0480E-1	1.8478E2	1.5447E0	2.0649E6	
1187	-7.0557E-1	1.8365E2	1.5502E0	2.0671E6	
1188	-7.0473E-1	1.8490E2	1.5556E0	2.0693E6	
1189	-7.0488E-1	1.8467E2	1.5611E0	2.0715E6	
1190	-7.0679E-1	1.8184E2	1.5666E0	2.0737E6	
1191	-7.0648E-1	1.8229E2	1.5721E0	2.0760E6	
1192	-7.0717E-1	1.8127E2	1.5775E0	2.0782E6	
1193	-7.0305E-1	1.8739E2	1.5829E0	2.0804E6	
1194	-7.0526E-1	1.8411E2	1.5884E0	2.0826E6	
1195	-7.0473E-1	1.8490E2	1.5940E0	2.0848E6	
1196	-7.0435E-1	1.8546E2	1.5994E0	2.0871E6	
1197	-7.0412E-1	1.8580E2	1.6049E0	2.0893E6	
1198	-7.0625E-1	1.8263E2	1.6105E0	2.0915E6	
1199	-7.0572E-1	1.8343E2	1.6160E0	2.0937E6	
1200	-7.0763E-1	1.8060E2	1.6216E0	2.0959E6	
1201	-7.0801E-1	1.8003E2	1.6270E0	2.0982E6	
1202	-7.0808E-1	1.7992E2	1.6326E0	2.1004E6	
1203	-7.0564E-1	1.8354E2	1.6381E0	2.1026E6	
1204	-7.0755E-1	1.8071E2	1.6437E0	2.1048E6	
1205	-7.0755E-1	1.8071E2	1.6493E0	2.1070E6	
1206	-7.0831E-1	1.7958E2	1.6548E0	2.1093E6	
1207	-7.0679E-1	1.8184E2	1.6603E0	2.1115E6	
1208	-7.0778E-1	1.8037E2	1.6659E0	2.1137E6	
1209	-7.0854E-1	1.7924E2	1.6716E0	2.1159E6	
1210	-7.0969E-1	1.7754E2	1.6771E0	2.1181E6	
1211	-7.0641E-1	1.8241E2	1.6826E0	2.1204E6	
1212	-7.0740E-1	1.8093E2	1.6882E0	2.1226E6	
1213	-7.0908E-1	1.7844E2	1.6937E0	2.1248E6	
1214	-7.1014E-1	1.7686E2	1.6994E0	2.1270E6	
1215	-7.1022E-1	1.7675E2	1.7050E0	2.1292E6	
1216	-7.1037E-1	1.7652E2	1.7107E0	2.1315E6	
1217	-7.0709E-1	1.8139E2	1.7162E0	2.1337E6	
1218	-7.1121E-1	1.7527E2	1.7217E0	2.1359E6	
1219	-7.0656E-1	1.8218E2	1.7274E0	2.1381E6	
1220	-7.1114E-1	1.7539E2	1.7330E0	2.1403E6	
1221	-7.1007E-1	1.7697E2	1.7386E0	2.1426E6	
1222	-7.1091E-1	1.7573E2	1.7442E0	2.1448E6	
1223	-7.1198E-1	1.7414E2	1.7500E0	2.1470E6	
1224	-7.1053E-1	1.7629E2	1.7556E0	2.1492E6	
1225	-7.0961E-1	1.7765E2	1.7612E0	2.1514E6	
1226	-7.1121E-1	1.7527E2	1.7668E0	2.1537E6	
1227	-7.1304E-1	1.7256E2	1.7725E0	2.1559E6	
1228	-7.1411E-1	1.7097E2	1.7782E0	2.1581E6	
1229	-7.1068E-1	1.7607E2	1.7838E0	2.1603E6	
1230	-7.1396E-1	1.7120E2	1.7895E0	2.1625E6	
1231	-7.1213E-1	1.7391E2	1.7952E0	2.1648E6	
1232	-7.1136E-1	1.7505E2	1.8008E0	2.1670E6	
1233	-7.1205E-1	1.7403E2	1.8065E0	2.1692E6	
1234	-7.1350E-1	1.7188E2	1.8122E0	2.1714E6	
1235	-7.1243E-1	1.7346E2	1.8179E0	2.1736E6	
1236	-7.1770E-1	1.6565E2	1.8236E0	2.1759E6	
1237	-7.1396E-1	1.7120E2	1.8293E0	2.1781E6	
1238	-7.1365E-1	1.7165E2	1.8349E0	2.1803E6	
1239	-7.1205E-1	1.7403E2	1.8406E0	2.1825E6	
1240	-7.1373E-1	1.7154E2	1.8464E0	2.1847E6	
1241	-7.1342E-1	1.7199E2	1.8521E0	2.1870E6	
1242	-7.1480E-1	1.6995E2	1.8578E0	2.1892E6	
1243	-7.1587E-1	1.6837E2	1.8635E0	2.1914E6	
1244	-7.1480E-1	1.6995E2	1.8693E0	2.1936E6	
1245	-7.1663E-1	1.6723E2	1.8750E0	2.1958E6	
1246	-7.1426E-1	1.7074E2	1.8807E0	2.1981E6	
1247	-7.1671E-1	1.6712E2	1.8864E0	2.2003E6	
1248	-7.1457E-1	1.7029E2	1.8922E0	2.2025E6	
1249	-7.1594E-1	1.6825E2	1.8980E0	2.2047E6	
1250	-7.1564E-1	1.6871E2	1.9037E0	2.2069E6	
1251	-7.1381E-1	1.7142E2	1.9095E0	2.2092E6	
1252	-7.1808E-1	1.6508E2	1.9152E0	2.2114E6	
1253	-7.1510E-1	1.6950E2	1.9211E0	2.2136E6	
1254	-7.1762E-1	1.6576E2	1.9267E0	2.2158E6	
1255	-7.1541E-1	1.6905E2	1.9325E0	2.2180E6	
1256	-7.2029E-1	1.6180E2	1.9384E0	2.2203E6	
1257	-7.1754E-1	1.6588E2	1.9441E0	2.2225E6	
1258	-7.1701E-1	1.6667E2	1.9500E0	2.2247E6	
1259	-7.1770E-1	1.6565E2	1.9557E0	2.2269E6	
1260	-7.1846E-1	1.6452E2	1.9615E0	2.2291E6	
1261	-7.1709E-1	1.6656E2	1.9674E0	2.2314E6	
1262	-7.1877E-1	1.6406E2	1.9731E0	2.2336E6	
1263	-7.1609E-1	1.6803E2	1.9791E0	2.2358E6	
1264	-7.1945E-1	1.6305E2	1.9848E0	2.2380E6	
1265	-7.1823E-1	1.6486E2	1.9905E0	2.2402E6	
1266	-7.1854E-1	1.6440E2	1.9964E0	2.2425E6	
1267	-7.1861E-1	1.6429E2	2.0023E0	2.2447E6	
1268	-7.2021E-1	1.6191E2	2.0081E0	2.2469E6	
1269	-7.1976E-1	1.6259E2	2.0140E0	2.2491E6	
1270	-7.2067E-1	1.6123E2	2.0197E0	2.2513E6	
1271	-7.2067E-1	1.6123E2	2.0256E0	2.2536E6	
1272	-7.2006E-1	1.6214E2	2.0315E0	2.2558E6	
1273	-7.1991E-1	1.6237E2	2.0373E0	2.2580E6	
1274	-7.1899E-1	1.6372E2	2.0433E0	2.2602E6	
1275	-7.1831E-1	1.6474E2	2.0492E0	2.2624E6	
1276	-7.1892E-1	1.6384E2	2.0550E0	2.2647E6	
1277	-7.2327E-1	1.5738E2	2.0609E0	2.2669E6	
1278	-7.2029E-1	1.6180E2	2.0667E0	2.2691E6	
1279	-7.1945E-1	1.6305E2	2.0727E0	2.2713E6	
1280	-7.2083E-1	1.6101E2	2.0785E0	2.2735E6	
1281	-7.2128E-1	1.6033E2	2.0845E0	2.2758E6	
1282	-7.2159E-1	1.5987E2	2.0904E0	2.2780E6	
1283	-7.2250E-1	1.5852E2	2.0963E0	2.2802E6	
1284	-7.2533E-1	1.5433E2	2.1022E0	2.2824E6	
1285	-7.2365E-1	1.5682E2	2.1081E0	2.2846E6	
1286	-7.2243E-1	1.5863E2	2.1142E0	2.2869E6	
1287	-7.2571E-1	1.5376E2	2.1201E0	2.2891E6	
1288	-7.2006E-1	1.6214E2	2.1259E0	2.2913E6	
1289	-7.2433E-1	1.5580E2	2.1319E0	2.2935E6	
1290	-7.2334E-1	1.5727E2	2.1380E0	2.2957E6	
1291	-7.2372E-1	1.5670E2	2.1438E0	2.2980E6	
1292	-7.2227E-1	1.5886E2	2.1497E0	2.3002E6	
1293	-7.2502E-1	1.5478E2	2.1558E0	2.3024E6	
1294	-7.2357E-1	1.5693E2	2.1617E0	2.3046E6	
1295	-7.2365E-1	1.5682E2	2.1677E0	2.3068E6	
1296	-7.2609E-1	1.5319E2	2.1737E0	2.3091E6	
1297	-7.2433E-1	1.5580E2	2.1797E0	2.3113E6	
1298	-7.2517E-1	1.5455E2	2.1857E0	2.3135E6	
1299	-7.2594E-1	1.5342E2	2.1916E0	2.3157E6	
1300	-7.2762E-1	1.5093E2	2.1976E0	2.3179E6	
1301	-7.2777E-1	1.5070E2	2.2037E0	2.3202E6	
1302	-7.2525E-1	1.5444E2	2.2097E0	2.3224E6	
1303	-7.2792E-1	1.5048E2	2.2157E0	2.3246E6	
1304	-7.2578E-1	1.5365E2	2.2216E0	2.3268E6	
1305	-7.2777E-1	1.5070E2	2.2277E0	2.3290E6	
1306	-7.2472E-1	1.5523E2	2.2338E0	2.3313E6	
1307	-7.2586E-1	1.5353E2	2.2397E0	2.3335E6	
1308	-7.2701E-1	1.5184E2	2.2458E0	2.3357E6	
1309	-7.2632E-1	1.5285E2	2.2518E0	2.3379E6	
1310	-7.2815E-1	1.5014E2	2.2579E0	2.3401E6	
1311	-7.2815E-1	1.5014E2	2.2640E0	2.3424E6	
1312	-7.2838E-1	1.4980E2	2.2699E0	2.3446E6	
1313	-7.3105E-1	1.4583E2	2.2760E0	2.3468E6	
1314	-7.2922E-1	1.4855E2	2.2821E0	2.3490E6	
1315	-7.2830E-1	1.4991E2	2.2883E0	2.3512E6	
1316	-7.2723E-1	1.5150E2	2.2943E0	2.3535E6	
1317	-7.2754E-1	1.5104E2	2.3003E0	2.3557E6	
1318	-7.3174E-1	1.4482E2	2.3064E0	2.3579E6	
1319	-7.3151E-1	1.4516E2	2.3127E0	2.3601E6	
1320	-7.3006E-1	1.4731E2	2.3187E0	2.3623E6	
1321	-7.3097E-1	1.4595E2	2.3248E0	2.3646E6	
1322	-7.3326E-1	1.4255E2	2.3308E0	2.3668E6	
1323	-7.3280E-1	1.4323E2	2.3370E0	2.3690E6	
1324	-7.3128E-1	1.4550E2	2.3432E0	2.3712E6	
1325	-7.3181E-1	1.4470E2	2.3492E0	2.3734E6	
1326	-7.3334E-1	1.4244E2	2.3553E0	2.3757E6	
1327	-7.3120E-1	1.4561E2	2.3614E0	2.3779E6	
1328	-7.3204E-1	1.4436E2	2.3676E0	2.3801E6	
1329	-7.3082E-1	1.4617E2	2.3737E0	2.3823E6	
1330	-7.3074E-1	1.4629E2	2.3798E0	2.3845E6	
1331	-7.3235E-1	1.4391E2	2.3860E0	2.3868E6	
1332	-7.2899E-1	1.4889E2	2.3922E0	2.3890E6	
1333	-7.3311E-1	1.4278E2	2.3982E0	2.3912E6	
1334	-7.3090E-1	1.4606E2	2.4045E0	2.3934E6	
1335	-7.3227E-1	1.4402E2	2.4106E0	2.3956E6	
1336	-7.3204E-1	1.4436E2	2.4169E0	2.3979E6	
1337	-7.3387E-1	1.4165E2	2.4230E0	2.4001E6	
1338	-7.2929E-1	1.4844E2	2.4292E0	2.4023E6	
1339	-7.3257E-1	1.4357E2	2.4353E0	2.4045E6	
1340	-7.3334E-1	1.4244E2	2.4415E0	2.4067E6	
1341	-7.3311E-1	1.4278E2	2.4477E0	2.4090E6	
1342	-7.3349E-1	1.4221E2	2.4539E0	2.4112E6	
1343	-7.3502E-1	1.3995E2	2.4603E0	2.4134E6	
1344	-7.3540E-1	1.3938E2	2.4664E0	2.4156E6	
1345	-7.3410E-1	1.4131E2	2.4725E0	2.4178E6	
1346	-7.3349E-1	1.4221E2	2.4788E0	2.4201E6	
1347	-7.3647E-1	1.3780E2	2.4850E0	2.4223E6	
1348	-7.3318E-1	1.4266E2	2.4912E0	2.4245E6	
1349	-7.3578E-1	1.3881E2	2.4975E0	2.4267E6	
1350	-7.3418E-1	1.4119E2	2.5037E0	2.4289E6	
1351	-7.3540E-1	1.3938E2	2.5099E0	2.4312E6	
1352	-7.3456E-1	1.4063E2	2.5162E0	2.4334E6	
1353	-7.3723E-1	1.3666E2	2.5224E0	2.4356E6	
1354	-7.3669E-1	1.3746E2	2.5287E0	2.4378E6	
1355	-7.3601E-1	1.3848E2	2.5349E0	2.4400E6	
1356	-7.3761E-1	1.3610E2	2.5412E0	2.4423E6	
1357	-7.3936E-1	1.3349E2	2.5475E0	2.4445E6	
1358	-7.3784E-1	1.3576E2	2.5537E0	2.4467E6	
1359	-7.3814E-1	1.3530E2	2.5601E0	2.4489E6	
1360	-7.3891E-1	1.3417E2	2.5663E0	2.4511E6	
1361	-7.3578E-1	1.3881E2	2.5726E0	2.4534E6	
1362	-7.3898E-1	1.3406E2	2.5788E0	2.4556E6	
1363	-7.3799E-1	1.3553E2	2.5852E0	2.4578E6	
1364	-7.3769E-1	1.3598E2	2.5914E0	2.4600E6	
1365	-7.3921E-1	1.3372E2	2.5978E0	2.4622E6	
1366	-7.3875E-1	1.3440E2	2.6040E0	2.4645E6	
1367	-7.3952E-1	1.3327E2	2.6105E0	2.4667E6	
1368	-7.4051E-1	1.3179E2	2.6167E0	2.4689E6	
1369	-7.4013E-1	1.3236E2	2.6230E0	2.4711E6	
1370	-7.4036E-1	1.3202E2	2.6295E0	2.4733E6	
1371	-7.4112E-1	1.3089E2	2.6357E0	2.4756E6	
1372	-7.3997E-1	1.3259E2	2.6421E0	2.4778E6	
1373	-7.4066E-1	1.3157E2	2.6483E0	2.4800E6	
1374	-7.4005E-1	1.3247E2	2.6548E0	2.4822E6	
1375	-7.3929E-1	1.3361E2	2.6610E0	2.4844E6	
1376	-7.4089E-1	1.3123E2	2.6675E0	2.4867E6	
1377	-7.4066E-1	1.3157E2	2.6738E0	2.4889E6	
1378	-7.4173E-1	1.2998E2	2.6801E0	2.4911E6	
1379	-7.4203E-1	1.2953E2	2.6865E0	2.4933E6	
1380	-7.4371E-1	1.2704E2	2.6929E0	2.4955E6	
1381	-7.4394E-1	1.2670E2	2.6992E0	2.4978E6	
1382	-7.3967E-1	1.3304E2	2.7056E0	2.5000E6	
1383	-7.4242E-1	1.2896E2	2.7120E0	2.5022E6	
1384	-7.4379E-1	1.2693E2	2.7185E0	2.5044E6	
1385	-7.4326E-1	1.2772E2	2.7248E0	2.5066E6	
1386	-7.4219E-1	1.2930E2	2.7313E0	2.5089E6	
1387	-7.4364E-1	1.2715E2	2.7376E0	2.5111E6	
1388	-7.4371E-1	1.2704E2	2.7441E0	2.5133E6	
1389	-7.4409E-1	1.2647E2	2.7504E0	2.5155E6	
1390	-7.4287E-1	1.2828E2	2.7568E0	2.5177E6	
1391	-7.4478E-1	1.2545E2	2.7633E0	2.5200E6	
1392	-7.4524E-1	1.2477E2	2.7697E0	2.5222E6	
1393	-7.4333E-1	1.2761E2	2.7761E0	2.5244E6	
1394	-7.4448E-1	1.2591E2	2.7825E0	2.5266E6	
1395	-7.4677E-1	1.2251E2	2.7890E0	2.5288E6	
1396	-7.4341E-1	1.2749E2	2.7954E0	2.5311E6	
1397	-7.4547E-1	1.2444E2	2.8018E0	2.5333E6	
1398	-7.4478E-1	1.2545E2	2.8082E0	2.5355E6	
1399	-7.4455E-1	1.2579E2	2.8147E0	2.5377E6	
1400	-7.4799E-1	1.2070E2	2.8211E0	2.5399E6	
1401	-7.4715E-1	1.2194E2	2.8277E0	2.5422E6	
1402	-7.4448E-1	1.2591E2	2.8341E0	2.5444E6	
1403	-7.4615E-1	1.2342E2	2.8406E0	2.5466E6	
1404	-7.4585E-1	1.2387E2	2.8470E0	2.5488E6	
1405	-7.4677E-1	1.2251E2	2.8536E0	2.5510E6	
1406	-7.4448E-1	1.2591E2	2.8601E0	2.5533E6	
1407	-7.4554E-1	1.2432E2	2.8665E0	2.5555E6	
1408	-7.4730E-1	1.2172E2	2.8731E0	2.5577E6	
1409	-7.4837E-1	1.2013E2	2.8795E0	2.5599E6	
1410	-7.4730E-1	1.2172E2	2.8860E0	2.5621E6	
1411	-7.4753E-1	1.2138E2	2.8924E0	2.5644E6	
1412	-7.4883E-1	1.1945E2	2.8991E0	2.5666E6	
1413	-7.4760E-1	1.2126E2	2.9055E0	2.5688E6	
1414	-7.4669E-1	1.2262E2	2.9121E0	2.5710E6	
1415	-7.4791E-1	1.2081E2	2.9186E0	2.5732E6	
1416	-7.4921E-1	1.1889E2	2.9250E0	2.5755E6	
1417	-7.4738E-1	1.2160E2	2.9316E0	2.5777E6	
1418	-7.4966E-1	1.1821E2	2.9382E0	2.5799E6	
1419	-7.4844E-1	1.2002E2	2.9447E0	2.5821E6	
1420	-7.5256E-1	1.1391E2	2.9512E0	2.5843E6	
1421	-7.4875E-1	1.1957E2	2.9577E0	2.5866E6	
1422	-7.4982E-1	1.1798E2	2.9643E0	2.5888E6	
1423	-7.5066E-1	1.1674E2	2.9709E0	2.5910E6	
1424	-7.4913E-1	1.1900E2	2.9775E0	2.5932E6	
1425	-7.5134E-1	1.1572E2	2.9840E0	2.5954E6	
1426	-7.5127E-1	1.1583E2	2.9905E0	2.5977E6	
1427	-7.5287E-1	1.1345E2	2.9971E0	2.5999E6	
1428	-7.5073E-1	1.1662E2	3.0037E0	2.6021E6	
1429	-7.5188E-1	1.1492E2	3.0103E0	2.6043E6	
1430	-7.5104E-1	1.1617E2	3.0169E0	2.6065E6	
1431	-7.5241E-1	1.1413E2	3.0234E0	2.6088E6	
1432	-7.5493E-1	1.1040E2	3.0301E0	2.6110E6	
1433	-7.5226E-1	1.1436E2	3.0366E0	2.6132E6	
1434	-7.5333E-1	1.1277E2	3.0432E0	2.6154E6	
1435	-7.5211E-1	1.1458E2	3.0498E0	2.6176E6	
1436	-7.5752E-1	1.0655E2	3.0564E0	2.6199E6	
1437	-7.5546E-1	1.0960E2	3.0630E0	2.6221E6	
1438	-7.5203E-1	1.1470E2	3.0697E0	2.6243E6	
1439	-7.5523E-1	1.0994E2	3.0763E0	2.6265E6	
1440	-7.5333E-1	1.1277E2	3.0829E0	2.6287E6	
1441	-7.5531E-1	1.0983E2	3.0895E0	2.6310E6	
1442	-7.5287E-1	1.1345E2	3.0962E0	2.6332E6	
1443	-7.5310E-1	1.1311E2	3.1028E0	2.6354E6	
1444	-7.5645E-1	1.0813E2	3.1094E0	2.6376E6	
1445	-7.5417E-1	1.1153E2	3.1160E0	2.6398E6	
1446	-7.5676E-1	1.0768E2	3.1227E0	2.6421E6	
1447	-7.5485E-1	1.1051E2	3.1293E0	2.6443E6	
1448	-7.5600E-1	1.0881E2	3.1361E0	2.6465E6	
1449	-7.5752E-1	1.0655E2	3.1427E0	2.6487E6	
1450	-7.5592E-1	1.0892E2	3.1494E0	2.6509E6	
1451	-7.5813E-1	1.0564E2	3.1560E0	2.6532E6	
1452	-7.5699E-1	1.0734E2	3.1628E0	2.6554E6	
1453	-7.5699E-1	1.0734E2	3.1694E0	2.6576E6	
1454	-7.5859E-1	1.0496E2	3.1760E0	2.6598E6	
1455	-7.5737E-1	1.0677E2	3.1827E0	2.6620E6	
1456	-7.5668E-1	1.0779E2	3.1896E0	2.6643E6	
1457	-7.5905E-1	1.0428E2	3.1961E0	2.6665E6	
1458	-7.5836E-1	1.0530E2	3.2028E0	2.6687E6	
1459	-7.6118E-1	1.0111E2	3.2096E0	2.6709E6	
1460	-7.5729E-1	1.0689E2	3.2162E0	2.6731E6	
1461	-7.5821E-1	1.0553E2	3.2230E0	2.6754E6	
1462	-7.5951E-1	1.0360E2	3.2297E0	2.6776E6	
1463	-7.5752E-1	1.0655E2	3.2364E0	2.6798E6	
1464	-7.6080E-1	1.0168E2	3.2432E0	2.6820E6	
1465	-7.5760E-1	1.0643E2	3.2498E0	2.6842E6	
1466	-7.5996E-1	1.0292E2	3.2566E0	2.6865E6	
1467	-7.6103E-1	1.0134E2	3.2633E0	2.6887E6	
1468	-7.5920E-1	1.0405E2	3.2700E0	2.6909E6	
1469	-7.6164E-1	1.0043E2	3.2768E0	2.6931E6	
1470	-7.6073E-1	1.0179E2	3.2834E0	2.6953E6	
1471	-7.6019E-1	1.0258E2	3.2902E0	2.6976E6	
1472	-7.6088E-1	1.0156E2	3.2970E0	2.6998E6	
1473	-7.5912E-1	1.0417E2	3.3038E0	2.7020E6	
1474	-7.6286E-1	9.8620E1	3.3105E0	2.7042E6	
1475	-7.6164E-1	1.0043E2	3.3173E0	2.7064E6	
1476	-7.6126E-1	1.0100E2	3.3240E0	2.7087E6	
1477	-7.6218E-1	9.9639E1	3.3308E0	2.7109E6	
1478	-7.6294E-1	9.8506E1	3.3376E0	2.7131E6	
1479	-7.6202E-1	9.9865E1	3.3444E0	2.7153E6	
1480	-7.6279E-1	9.8733E1	3.3511E0	2.7175E6	
1481	-7.6569E-1	9.4430E1	3.3579E0	2.7198E6	
1482	-7.6347E-1	9.7714E1	3.3648E0	2.7220E6	
1483	-7.6469E-1	9.5902E1	3.3716E0	2.7242E6	
1484	-7.6378E-1	9.7261E1	3.3783E0	2.7264E6	
1485	-7.6218E-1	9.9639E1	3.3852E0	2.7286E6	
1486	-7.6485E-1	9.5676E1	3.3919E0	2.7309E6	
1487	-7.6210E-1	9.9752E1	3.3988E0	2.7331E6	
1488	-7.6546E-1	9.4770E1	3.4056E0	2.7353E6	
1489	-7.6416E-1	9.6695E1	3.4123E0	2.7375E6	
1490	-7.6561E-1	9.4544E1	3.4192E0	2.7397E6	
1491	-7.6538E-1	9.4883E1	3.4260E0	2.7420E6	
1492	-7.6584E-1	9.4204E1	3.4329E0	2.7442E6	
1493	-7.6546E-1	9.4770E1	3.4398E0	2.7464E6	
1494	-7.6622E-1	9.3638E1	3.4465E0	2.7486E6	
1495	-7.6561E-1	9.4544E1	3.4534E0	2.7508E6	
1496	-7.6492E-1	9.5563E1	3.4602E0	2.7531E6	
1497	-7.6599E-1	9.3977E1	3.4672E0	2.7553E6	
1498	-7.6675E-1	9.2845E1	3.4739E0	2.7575E6	
1499	-7.6744E-1	9.1826E1	3.4808E0	2.7597E6	
1500	-7.6790E-1	9.1147E1	3.4876E0	2.7619E6	
1501	-7.6797E-1	9.1034E1	3.4944E0	2.7642E6	
1502	-7.6492E-1	9.5563E1	3.5014E0	2.7664E6	
1503	-7.6775E-1	9.1373E1	3.5083E0	2.7686E6	
1504	-7.6698E-1	9.2506E1	3.5151E0	2.7708E6	
1505	-7.6805E-1	9.0920E1	3.5220E0	2.7730E6	
1506	-7.6859E-1	9.0128E1	3.5289E0	2.7753E6	
1507	-7.6721E-1	9.2166E1	3.5357E0	2.7775E6	
1508	-7.6988E-1	8.8203E1	3.5425E0	2.7797E6	
1509	-7.6859E-1	9.0128E1	3.5495E0	2.7819E6	
1510	-7.6973E-1	8.8429E1	3.5565E0	2.7841E6	
1511	-7.6965E-1	8.8543E1	3.5634E0	2.7864E6	
1512	-7.7019E-1	8.7750E1	3.5703E0	2.7886E6	
1513	-7.6698E-1	9.2506E1	3.5772E0	2.7908E6	
1514	-7.6958E-1	8.8656E1	3.5841E0	2.7930E6	
1515	-7.6874E-1	8.9901E1	3.5910E0	2.7952E6	
1516	-7.6920E-1	8.9222E1	3.5978E0	2.7975E6	
1517	-7.6920E-1	8.9222E1	3.6048E0	2.7997E6	
1518	-7.6958E-1	8.8656E1	3.6117E0	2.8019E6	
1519	-7.7141E-1	8.5938E1	3.6187E0	2.8041E6	
1520	-7.7118E-1	8.6278E1	3.6256E0	2.8063E6	
1521	-7.7019E-1	8.7750E1	3.6325E0	2.8086E6	
1522	-7.7362E-1	8.2655E1	3.6395E0	2.8108E6	
1523	-7.7324E-1	8.3221E1	3.6464E0	2.8130E6	
1524	-7.7339E-1	8.2995E1	3.6534E0	2.8152E6	
1525	-7.7423E-1	8.1749E1	3.6604E0	2.8174E6	
1526	-7.7438E-1	8.1523E1	3.6673E0	2.8197E6	
1527	-7.7400E-1	8.2089E1	3.6742E0	2.8219E6	
1528	-7.7568E-1	7.9598E1	3.6812E0	2.8241E6	
1529	-7.7255E-1	8.4240E1	3.6881E0	2.8263E6	
1530	-7.7194E-1	8.5146E1	3.6951E0	2.8285E6	
1531	-7.7316E-1	8.3334E1	3.7021E0	2.8308E6	
1532	-7.7278E-1	8.3900E1	3.7091E0	2.8330E6	
1533	-7.7507E-1	8.0504E1	3.7162E0	2.8352E6	
1534	-7.7782E-1	7.6427E1	3.7231E0	2.8374E6	
1535	-7.7423E-1	8.1749E1	3.7301E0	2.8396E6	
1536	-7.7530E-1	8.0164E1	3.7371E0	2.8419E6	
1537	-7.7576E-1	7.9485E1	3.7442E0	2.8441E6	
1538	-7.7522E-1	8.0277E1	3.7511E0	2.8463E6	
1539	-7.7744E-1	7.6994E1	3.7581E0	2.8485E6	
1540	-7.7782E-1	7.6427E1	3.7651E0	2.8507E6	
1541	-7.7560E-1	7.9711E1	3.7722E0	2.8530E6	
1542	-7.8056E-1	7.2351E1	3.7791E0	2.8552E6	
1543	-7.7477E-1	8.0956E1	3.7861E0	2.8574E6	
1544	-7.7744E-1	7.6994E1	3.7932E0	2.8596E6	
1545	-7.7538E-1	8.0051E1	3.8002E0	2.8618E6	
1546	-7.7835E-1	7.5635E1	3.8072E0	2.8641E6	
1547	-7.7766E-1	7.6654E1	3.8143E0	2.8663E6	
1548	-7.7621E-1	7.8805E1	3.8213E0	2.8685E6	
1549	-7.7728E-1	7.7220E1	3.8283E0	2.8707E6	
1550	-7.7705E-1	7.7560E1	3.8354E0	2.8729E6	
1551	-7.7682E-1	7.7899E1	3.8424E0	2.8752E6	
1552	-7.7927E-1	7.4276E1	3.8495E0	2.8774E6	
1553	-7.7850E-1	7.5408E1	3.8567E0	2.8796E6	
1554	-7.7896E-1	7.4729E1	3.8635E0	2.8818E6	
1555	-7.7805E-1	7.6088E1	3.8706E0	2.8840E6	
1556	-7.7904E-1	7.4616E1	3.8777E0	2.8863E6	
1557	-7.7759E-1	7.6767E1	3.8848E0	2.8885E6	
1558	-7.8094E-1	7.1785E1	3.8919E0	2.8907E6	
1559	-7.8079E-1	7.2012E1	3.8990E0	2.8929E6	
1560	-7.8041E-1	7.2578E1	3.9059E0	2.8951E6	
1561	-7.7919E-1	7.4389E1	3.9132E0	2.8974E6	
1562	-7.7980E-1	7.3484E1	3.9202E0	2.8996E6	
1563	-7.8186E-1	7.0426E1	3.9273E0	2.9018E6	
1564	-7.7919E-1	7.4389E1	3.9344E0	2.9040E6	
1565	-7.8316E-1	6.8502E1	3.9414E0	2.9062E6	
1566	-7.8056E-1	7.2351E1	3.9486E0	2.9085E6	
1567	-7.7972E-1	7.3597E1	3.9557E0	2.9107E6	
1568	-7.8117E-1	7.1446E1	3.9628E0	2.9129E6	
1569	-7.8415E-1	6.7030E1	3.9699E0	2.9151E6	
1570	-7.8339E-1	6.8162E1	3.9770E0	2.9173E6	
1571	-7.8270E-1	6.9181E1	3.9841E0	2.9196E6	
1572	-7.8377E-1	6.7596E1	3.9913E0	2.9218E6	
1573	-7.8239E-1	6.9634E1	3.9984E0	2.9240E6	
1574	-7.8384E-1	6.7483E1	4.0055E0	2.9262E6	
1575	-7.8514E-1	6.5558E1	4.0127E0	2.9284E6	
1576	-7.8300E-1	6.8728E1	4.0197E0	2.9307E6	
1577	-7.8285E-1	6.8955E1	4.0268E0	2.9329E6	
1578	-7.8522E-1	6.5445E1	4.0340E0	2.9351E6	
1579	-7.8461E-1	6.6350E1	4.0412E0	2.9373E6	
1580	-7.8262E-1	6.9294E1	4.0483E0	2.9395E6	
1581	-7.8751E-1	6.2048E1	4.0555E0	2.9418E6	
1582	-7.8339E-1	6.8162E1	4.0627E0	2.9440E6	
1583	-7.8568E-1	6.4765E1	4.0698E0	2.9462E6	
1584	-7.8491E-1	6.5897E1	4.0769E0	2.9484E6	
1585	-7.8545E-1	6.5105E1	4.0841E0	2.9506E6	
1586	-7.8819E-1	6.1029E1	4.0912E0	2.9529E6	
1587	-7.8743E-1	6.2161E1	4.0984E0	2.9551E6	
1588	-7.8720E-1	6.2501E1	4.1056E0	2.9573E6	
1589	-7.8697E-1	6.2840E1	4.1128E0	2.9595E6	
1590	-7.8896E-1	5.9896E1	4.1199E0	2.9617E6	
1591	-7.8705E-1	6.2727E1	4.1271E0	2.9640E6	
1592	-7.8735E-1	6.2274E1	4.1344E0	2.9662E6	
1593	-7.8728E-1	6.2387E1	4.1416E0	2.9684E6	
1594	-7.8720E-1	6.2501E1	4.1487E0	2.9706E6	
1595	-7.8835E-1	6.0802E1	4.1560E0	2.9728E6	
1596	-7.8896E-1	5.9896E1	4.1631E0	2.9751E6	
1597	-7.8949E-1	5.9104E1	4.1703E0	2.9773E6	
1598	-7.8712E-1	6.2614E1	4.1776E0	2.9795E6	
1599	-7.9041E-1	5.7745E1	4.1847E0	2.9817E6	
1600	-7.8827E-1	6.0916E1	4.1919E0	2.9839E6	
1601	-7.8995E-1	5.8425E1	4.1993E0	2.9862E6	
1602	-7.9063E-1	5.7406E1	4.2064E0	2.9884E6	
1603	-7.8949E-1	5.9104E1	4.2136E0	2.9906E6	
1604	-7.8979E-1	5.8651E1	4.2209E0	2.9928E6	
1605	-7.8979E-1	5.8651E1	4.2281E0	2.9950E6	
1606	-7.8835E-1	6.0802E1	4.2354E0	2.9973E6	
1607	-7.8918E-1	5.9557E1	4.2426E0	2.9995E6	
1608	-7.8865E-1	6.0349E1	4.2497E0	3.0017E6	
1609	-7.8827E-1	6.0916E1	4.2570E0	3.0039E6	
1610	-7.9048E-1	5.7632E1	4.2642E0	3.0061E6	
1611	-7.9170E-1	5.5820E1	4.2716E0	3.0084E6	
1612	-7.9041E-1	5.7745E1	4.2788E0	3.0106E6	
1613	-7.9193E-1	5.5481E1	4.2860E0	3.0128E6	
1614	-7.9163E-1	5.5934E1	4.2932E0	3.0150E6	
1615	-7.9315E-1	5.3669E1	4.3005E0	3.0172E6	
1616	-7.9247E-1	5.4688E1	4.3079E0	3.0195E6	
1617	-7.9239E-1	5.4801E1	4.3152E0	3.0217E6	
1618	-7.9124E-1	5.6500E1	4.3223E0	3.0239E6	
1619	-7.9262E-1	5.4462E1	4.3297E0	3.0261E6	
1620	-7.9559E-1	5.0046E1	4.3369E0	3.0283E6	
1621	-7.9605E-1	4.9366E1	4.3442E0	3.0306E6	
1622	-7.9308E-1	5.3782E1	4.3514E0	3.0328E6	
1623	-7.9208E-1	5.5254E1	4.3587E0	3.0350E6	
1624	-7.9315E-1	5.3669E1	4.3661E0	3.0372E6	
1625	-7.9506E-1	5.0838E1	4.3734E0	3.0394E6	
1626	-7.9582E-1	4.9706E1	4.3808E0	3.0417E6	
1627	-7.9460E-1	5.1518E1	4.3880E0	3.0439E6	
1628	-7.9826E-1	4.6083E1	4.3952E0	3.0461E6	
1629	-7.9605E-1	4.9366E1	4.4025E0	3.0483E6	
1630	-7.9773E-1	4.6876E1	4.4099E0	3.0505E6	
1631	-7.9651E-1	4.8687E1	4.4172E0	3.0528E6	
1632	-7.9567E-1	4.9933E1	4.4244E0	3.0550E6	
1633	-7.9803E-1	4.6423E1	4.4317E0	3.0572E6	
1634	-7.9666E-1	4.8461E1	4.4392E0	3.0594E6	
1635	-7.9697E-1	4.8008E1	4.4464E0	3.0616E6	
1636	-7.9933E-1	4.4498E1	4.4536E0	3.0639E6	
1637	-7.9704E-1	4.7895E1	4.4610E0	3.0661E6	
1638	-7.9979E-1	4.3818E1	4.4684E0	3.0683E6	
1639	-7.9712E-1	4.7781E1	4.4756E0	3.0705E6	
1640	-7.9636E-1	4.8914E1	4.4830E0	3.0727E6	
1641	-7.9666E-1	4.8461E1	4.4904E0	3.0750E6	
1642	-7.9826E-1	4.6083E1	4.4976E0	3.0772E6	
1643	-7.9857E-1	4.5630E1	4.5050E0	3.0794E6	
1644	-7.9895E-1	4.5064E1	4.5124E0	3.0816E6	
1645	-7.9895E-1	4.5064E1	4.5197E0	3.0838E6	
1646	-7.9865E-1	4.5517E1	4.5270E0	3.0861E6	
1647	-7.9842E-1	4.5856E1	4.5344E0	3.0883E6	
1648	-8.0223E-1	4.0195E1	4.5417E0	3.0905E6	
1649	-8.0025E-1	4.3139E1	4.5491E0	3.0927E6	
1650	-8.0040E-1	4.2913E1	4.5564E0	3.0949E6	
1651	-8.0299E-1	3.9063E1	4.5638E0	3.0972E6	
1652	-7.9903E-1	4.4951E1	4.5711E0	3.0994E6	
1653	-8.0292E-1	3.9176E1	4.5785E0	3.1016E6	
1654	-8.0070E-1	4.2460E1	4.5859E0	3.1038E6	
1655	-7.9964E-1	4.4045E1	4.5933E0	3.1060E6	
1656	-8.0139E-1	4.1441E1	4.6006E0	3.1083E6	
1657	-8.0322E-1	3.8723E1	4.6079E0	3.1105E6	
1658	-7.9941E-1	4.4385E1	4.6153E0	3.1127E6	
1659	-8.0223E-1	4.0195E1	4.6227E0	3.1149E6	
1660	-8.0124E-1	4.1667E1	4.6302E0	3.1171E6	
1661	-8.0292E-1	3.9176E1	4.6374E0	3.1194E6	
1662	-8.0322E-1	3.8723E1	4.6448E0	3.1216E6	
1663	-8.0437E-1	3.7025E1	4.6521E0	3.1238E6	
1664	-8.0421E-1	3.7251E1	4.6596E0	3.1260E6	
1665	-8.0353E-1	3.8270E1	4.6670E0	3.1282E6	
1666	-8.0399E-1	3.7591E1	4.6742E0	3.1305E6	
1667	-8.0421E-1	3.7251E1	4.6817E0	3.1327E6	
1668	-8.0475E-1	3.6459E1	4.6891E0	3.1349E6	
1669	-8.0246E-1	3.9856E1	4.6964E0	3.1371E6	
1670	-8.0666E-1	3.3628E1	4.7038E0	3.1393E6	
1671	-8.0307E-1	3.8950E1	4.7112E0	3.1416E6	
1672	-8.0582E-1	3.4874E1	4.7187E0	3.1438E6	
1673	-8.0711E-1	3.2949E1	4.7260E0	3.1460E6	
1674	-8.0467E-1	3.6572E1	4.7334E0	3.1482E6	
1675	-8.0666E-1	3.3628E1	4.7408E0	3.1504E6	
1676	-8.0719E-1	3.2836E1	4.7482E0	3.1527E6	
1677	-8.0597E-1	3.4647E1	4.7556E0	3.1549E6	
1678	-8.0696E-1	3.3175E1	4.7630E0	3.1571E6	
1679	-8.0750E-1	3.2383E1	4.7705E0	3.1593E6	
1680	-8.0620E-1	3.4307E1	4.7778E0	3.1615E6	
1681	-8.0597E-1	3.4647E1	4.7852E0	3.1638E6	
1682	-8.0627E-1	3.4194E1	4.7926E0	3.1660E6	
1683	-8.0757E-1	3.2269E1	4.8001E0	3.1682E6	
1684	-8.0948E-1	2.9439E1	4.8076E0	3.1704E6	
1685	-8.0864E-1	3.0684E1	4.8148E0	3.1726E6	
1686	-8.0803E-1	3.1590E1	4.8221E0	3.1749E6	
1687	-8.1161E-1	2.6268E1	4.8297E0	3.1771E6	
1688	-8.0849E-1	3.0911E1	4.8371E0	3.1793E6	
1689	-8.1024E-1	2.8307E1	4.8446E0	3.1815E6	
1690	-8.1055E-1	2.7854E1	4.8519E0	3.1837E6	
1691	-8.0963E-1	2.9212E1	4.8595E0	3.1860E6	
1692	-8.1085E-1	2.7401E1	4.8668E0	3.1882E6	
1693	-8.1100E-1	2.7174E1	4.8743E0	3.1904E6	
1694	-8.0956E-1	2.9326E1	4.8815E0	3.1926E6	
1695	-8.1207E-1	2.5589E1	4.8892E0	3.1948E6	
1696	-8.1192E-1	2.5816E1	4.8965E0	3.1971E6	
1697	-8.1230E-1	2.5249E1	4.9039E0	3.1993E6	
1698	-8.1482E-1	2.1513E1	4.9114E0	3.2015E6	
1699	-8.0956E-1	2.9326E1	4.9188E0	3.2037E6	
1700	-8.1322E-1	2.3891E1	4.9263E0	3.2059E6	
1701	-8.1230E-1	2.5249E1	4.9337E0	3.2082E6	
1702	-8.1444E-1	2.2079E1	4.9412E0	3.2104E6	
1703	-8.1261E-1	2.4797E1	4.9485E0	3.2126E6	
1704	-8.1360E-1	2.3325E1	4.9560E0	3.2148E6	
1705	-8.1512E-1	2.1060E1	4.9634E0	3.2170E6	
1706	-8.1261E-1	2.4797E1	4.9710E0	3.2193E6	
1707	-8.1192E-1	2.5816E1	4.9783E0	3.2215E6	
1708	-8.1123E-1	2.6835E1	4.9857E0	3.2237E6	
1709	-8.1512E-1	2.1060E1	4.9933E0	3.2259E6	
1710	-8.1558E-1	2.0381E1	5.0006E0	3.2281E6	
1711	-8.1596E-1	1.9815E1	5.0082E0	3.2304E6	
1712	-8.1345E-1	2.3551E1	5.0156E0	3.2326E6	
1713	-8.1390E-1	2.2872E1	5.0230E0	3.2348E6	
1714	-8.1619E-1	1.9475E1	5.0305E0	3.2370E6	
1715	-8.1566E-1	2.0267E1	5.0380E0	3.2392E6	
1716	-8.1367E-1	2.3211E1	5.0455E0	3.2415E6	
1717	-8.1718E-1	1.8003E1	5.0528E0	3.2437E6	
1718	-8.1421E-1	2.2419E1	5.0604E0	3.2459E6	
1719	-8.1779E-1	1.7097E1	5.0677E0	3.2481E6	
1720	-8.1871E-1	1.5738E1	5.0752E0	3.2503E6	
1721	-8.1810E-1	1.6644E1	5.0827E0	3.2526E6	
1722	-8.1581E-1	2.0041E1	5.0902E0	3.2548E6	
1723	-8.1779E-1	1.7097E1	5.0977E0	3.2570E6	
1724	-8.1650E-1	1.9022E1	5.1051E0	3.2592E6	
1725	-8.1848E-1	1.6078E1	5.1126E0	3.2614E6	
1726	-8.1833E-1	1.6305E1	5.1200E0	3.2637E6	
1727	-8.1879E-1	1.5625E1	5.1274E0	3.2659E6	
1728	-8.2001E-1	1.3814E1	5.1348E0	3.2681E6	
1729	-8.1863E-1	1.5852E1	5.1424E0	3.2703E6	
1730	-8.2001E-1	1.3814E1	5.1499E0	3.2725E6	
1731	-8.1993E-1	1.3927E1	5.1574E0	3.2748E6	
1732	-8.2146E-1	1.1662E1	5.1648E0	3.2770E6	
1733	-8.2062E-1	1.2908E1	5.1722E0	3.2792E6	
1734	-8.2275E-1	9.7375E0	5.1796E0	3.2814E6	
1735	-8.2108E-1	1.2228E1	5.1871E0	3.2836E6	
1736	-8.1802E-1	1.6757E1	5.1946E0	3.2859E6	
1737	-8.1909E-1	1.5172E1	5.2021E0	3.2881E6	
1738	-8.2108E-1	1.2228E1	5.2096E0	3.2903E6	
1739	-8.2130E-1	1.1889E1	5.2170E0	3.2925E6	
1740	-8.2069E-1	1.2795E1	5.2245E0	3.2947E6	
1741	-8.1833E-1	1.6305E1	5.2320E0	3.2970E6	
1742	-8.2314E-1	9.1714E0	5.2394E0	3.2992E6	
1743	-8.1947E-1	1.4606E1	5.2469E0	3.3014E6	
1744	-8.2420E-1	7.5862E0	5.2543E0	3.3036E6	
1745	-8.2375E-1	8.2655E0	5.2618E0	3.3058E6	
1746	-8.2352E-1	8.6052E0	5.2693E0	3.3081E6	
1747	-8.2291E-1	9.5110E0	5.2767E0	3.3103E6	
1748	-8.2237E-1	1.0304E1	5.2842E0	3.3125E6	
1749	-8.2375E-1	8.2655E0	5.2916E0	3.3147E6	
1750	-8.2275E-1	9.7375E0	5.2990E0	3.3169E6	
1751	-8.2336E-1	8.8317E0	5.3065E0	3.3192E6	
1752	-8.2581E-1	5.2085E0	5.3140E0	3.3214E6	
1753	-8.2504E-1	6.3407E0	5.3214E0	3.3236E6	
1754	-8.2581E-1	5.2085E0	5.3289E0	3.3258E6	
1755	-8.2367E-1	8.3788E0	5.3363E0	3.3280E6	
1756	-8.2397E-1	7.9259E0	5.3437E0	3.3303E6	
1757	-8.2550E-1	5.6614E0	5.3512E0	3.3325E6	
1758	-8.2497E-1	6.4539E0	5.3587E0	3.3347E6	
1759	-8.2512E-1	6.2275E0	5.3662E0	3.3369E6	
1760	-8.2352E-1	8.6052E0	5.3736E0	3.3391E6	
1761	-8.2672E-1	3.8497E0	5.3810E0	3.3414E6	
1762	-8.2840E-1	1.3588E0	5.3885E0	3.3436E6	
1763	-8.2764E-1	2.4910E0	5.3960E0	3.3458E6	
1764	-8.2840E-1	1.3588E0	5.4033E0	3.3480E6	
1765	-8.2726E-1	3.0572E0	5.4109E0	3.3502E6	
1766	-8.2741E-1	2.8307E0	5.4183E0	3.3525E6	
1767	-8.2726E-1	3.0572E0	5.4258E0	3.3547E6	
1768	-8.2840E-1	1.3588E0	5.4332E0	3.3569E6	
1769	-8.3061E-1	-1.9248E0	5.4407E0	3.3591E6	
1770	-8.2985E-1	-7.9251E-1	5.4481E0	3.3613E6	
1771	-8.2916E-1	2.2652E-1	5.4556E0	3.3636E6	
1772	-8.2756E-1	2.6043E0	5.4629E0	3.3658E6	
1773	-8.3023E-1	-1.3586E0	5.4705E0	3.3680E6	
1774	-8.3199E-1	-3.9628E0	5.4780E0	3.3702E6	
1775	-8.2870E-1	9.0588E-1	5.4854E0	3.3724E6	
1776	-8.2924E-1	1.1329E-1	5.4929E0	3.3747E6	
1777	-8.2703E-1	3.3968E0	5.5003E0	3.3769E6	
1778	-8.3069E-1	-2.0380E0	5.5077E0	3.3791E6	
1779	-8.2947E-1	-2.2638E-1	5.5151E0	3.3813E6	
1780	-8.3244E-1	-4.6422E0	5.5227E0	3.3835E6	
1781	-8.2977E-1	-6.7929E-1	5.5301E0	3.3858E6	
1782	-8.3221E-1	-4.3025E0	5.5376E0	3.3880E6	
1783	-8.3244E-1	-4.6422E0	5.5451E0	3.3902E6	
1784	-8.3206E-1	-4.0761E0	5.5525E0	3.3924E6	
1785	-8.3138E-1	-3.0570E0	5.5600E0	3.3946E6	
1786	-8.3267E-1	-4.9819E0	5.5675E0	3.3969E6	
1787	-8.3313E-1	-5.6612E0	5.5750E0	3.3991E6	
1788	-8.3244E-1	-4.6422E0	5.5825E0	3.4013E6	
1789	-8.3191E-1	-3.8496E0	5.5900E0	3.4035E6	
1790	-8.3397E-1	-6.9067E0	5.5974E0	3.4057E6	
1791	-8.3366E-1	-6.4538E0	5.6050E0	3.4080E6	
1792	-8.3374E-1	-6.5670E0	5.6124E0	3.4102E6	
1793	-8.3511E-1	-8.6051E0	5.6200E0	3.4124E6	
1794	-8.3450E-1	-7.6993E0	5.6275E0	3.4146E6	
1795	-8.3473E-1	-8.0390E0	5.6278E0	3.4147E6	
1796	-8.3473E-1	-8.0390E0	5.6278E0	3.4147E6	
1797	-8.3473E-1	-8.0390E0	5.6278E0	3.4147E6	
1798	-8.3473E-1	-8.0390E0	5.6278E0	3.4147E6	
1799	-8.3473E-1	-8.0390E0	5.6278E0	3.4147E6	
1800	-8.3473E-1	-8.0390E0	5.6278E0	3.4147E6	
1801	-8.3473E-1	-8.0390E0	5.6278E0	3.4147E6	
1802	-8.3473E-1	-8.0390E0	5.6278E0	3.4147E6	
1803	-8.3473E-1	-8.0390E0	5.6278E0	3.4147E6	
1804	-8.3473E-1	-8.0390E0	5.6278E0	3.4147E6	
1805	-8.3473E-1	-8.0390E0	5.6278E0	3.4147E6	
1806	-8.3473E-1	-8.0390E0	5.6278E0	3.4147E6	
1807	-8.3473E-1	-8.0390E0	5.6278E0	3.4147E6	
1808	-8.3473E-1	-8.0390E0	5.6278E0	3.4147E6	
1809	-8.3473E-1	-8.0390E0	5.6278E0	3.4147E6	
1810	-8.3473E-1	-8.0390E0	5.6278E0	3.4147E6	
1811	-8.3473E-1	-8.0390E0	5.6278E0	3.4147E6	
1812	-8.3473E-1	-8.0390E0	5.6278E0	3.4147E6	
1813	-8.3473E-1	-8.0390E0	5.6278E0	3.4147E6	
1814	-8.3473E-1	-8.0390E0	5.6278E0	3.4147E6	
1815	-8.3473E-1	-8.0390E0	5.6278E0	3.4147E6	
1816	-8.3473E-1	-8.0390E0	5.6278E0	3.4147E6	
1817	-8.3473E-1	-8.0390E0	5.6278E0	3.4147E6	
1818	-8.3473E-1	-8.0390E0	5.6278E0	3.4147E6	
1819	-8.3473E-1	-8.0390E0	5.6278E0	3.4147E6	
1820	-8.3473E-1	-8.0390E0	5.6278E0	3.4147E6	
1821	-8.3473E-1	-8.0390E0	5.6278E0	3.4147E6	
1822	-8.3473E-1	-8.0390E0	5.6278E0	3.4147E6	
1823	-8.3473E-1	-8.0390E0	5.6278E0	3.4147E6	
1824	-8.3473E-1	-8.0390E0	5.6278E0	3.4147E6	
1825	-8.3473E-1	-8.0390E0	5.6278E0	3.4147E6	
1826	-8.3473E-1	-8.0390E0	5.6278E0	3.4147E6	
1827	-8.3473E-1	-8.0390E0	5.6278E0	3.4147E6	
1828	-8.3473E-1	-8.0390E0	5.6278E0	3.4147E6	
1829	-8.3473E-1	-8.0390E0	5.6278E0	3.4147E6	
1830	-8.3473E-1	-8.0390E0	5.6278E0	3.4147E6	
1831	-8.3473E-1	-8.0390E0	5.6278E0	3.4147E6	
1832	-8.3473E-1	-8.0390E0	5.6278E0	3.4147E6	
1833	-8.3473E-1	-8.0390E0	5.6278E0	3.4147E6	
1834	-8.3473E-1	-8.0390E0	5.6278E0	3.4147E6	
1835	-8.3473E-1	-8.0390E0	5.6278E0	3.4147E6	
1836	-8.3473E-1	-8.0390E0	5.6278E0	3.4147E6	
1837	-8.3473E-1	-8.0390E0	5.6278E0	3.4147E6	
1838	-8.3473E-1	-8.0390E0	5.6278E0	3.4147E6	
1839	-8.3473E-1	-8.0390E0	5.6278E0	3.4147E6	
1840	-8.3473E-1	-8.0390E0	5.6278E0	3.4147E6	
1841	-8.3473E-1	-8.0390E0	5.6278E0	3.4147E6	
1842	-8.3473E-1	-8.0390E0	5.6278E0	3.4147E6	
1843	-8.3473E-1	-8.0390E0	5.6278E0	3.4147E6	
1844	-8.3473E-1	-8.0390E0	5.6278E0	3.4147E6	
1845	-8.3473E-1	-8.0390E0	5.6278E0	3.4147E6	
1846	-8.3473E-1	-8.0390E0	5.6278E0	3.4147E6	
1847	-8.3473E-1	-8.0390E0	5.6278E0	3.4147E6	
1848	-8.3473E-1	-8.0390E0	5.6278E0	3.4147E6	
1849	-8.3473E-1	-8.0390E0	5.6278E0	3.4147E6	
1850	-8.3473E-1	-8.0390E0	5.6278E0	3.4147E6	
1851	-8.3473E-1	-8.0390E0	5.6278E0	3.4147E6	
1852	-8.3473E-1	-8.0390E0	5.6278E0	3.4147E6	
1853	-8.3473E-1	-8.0390E0	5.6278E0	3.4147E6	
1854	-8.3473E-1	-8.0390E0	5.6278E0	3.4147E6	
1855	-8.3473E-1	-8.0390E0	5.6278E0	3.4147E6	
1856	-8.3473E-1	-8.0390E0	5.6278E0	3.4147E6	
1857	-8.3473E-1	-8.0390E0	5.6278E0	3.4147E6	
1858	-8.3473E-1	-8.0390E0	5.6278E0	3.4147E6	
1859	-8.3473E-1	-8.0390E0	5.6278E0	3.4147E6	
1860	-8.3473E-1	-8.0390E0	5.6278E0	3.4147E6	
1861	-8.3473E-1	-8.0390E0	5.6278E0	3.4147E6	
1862	-8.3473E-1	-8.0390E0	5.6278E0	3.4147E6	
1863	-8.3473E-1	-8.0390E0	5.6278E0	3.4147E6	
1864	-8.3473E-1	-8.0390E0	5.6278E0	3.4147E6	
1865	-8.3473E-1	-8.0390E0	5.6278E0	3.4147E6	
1866	-8.3473E-1	-8.0390E0	5.6278E0	3.4147E6	
1867	-8.3473E-1	-8.0390E0	5.6278E0	3.4147E6	
1868	-8.3473E-1	-8.0390E0	5.6278E0	3.4147E6	
1869	-8.3473E-1	-8.0390E0	5.6278E0	3.4147E6	
1870	-8.3473E-1	-8.0390E0	5.6278E0	3.4147E6	
1871	-8.3473E-1	-8.0390E0	5.6278E0	3.4147E6	
1872	-8.3473E-1	-8.0390E0	5.6278E0	3.4147E6	
1873	-8.3473E-1	-8.0390E0	5.6278E0	3.4147E6	
1874	-8.3473E-1	-8.0390E0	5.6278E0	3.4147E6	
1875	-8.3473E-1	-8.0390E0	5.6278E0	3.4147E6	
1876	-8.3473E-1	-8.0390E0	5.6278E0	3.4147E6	
1877	-8.3473E-1	-8.0390E0	5.6278E0	3.4147E6	
1878	-8.3473E-1	-8.0390E0	5.6278E0	3.4147E6	
1879	-8.3473E-1	-8.0390E0	5.6278E0	3.4147E6	
1880	-8.3473E-1	-8.0390E0	5.6278E0	3.4147E6	
1881	-8.3473E-1	-8.0390E0	5.6278E0	3.4147E6	
1882	-8.3473E-1	-8.0390E0	5.6278E0	3.4147E6	
1883	-8.3473E-1	-8.0390E0	5.6278E0	3.4147E6	
1884	-8.3473E-1	-8.0390E0	5.6278E0	3.4147E6	
1885	-8.3473E-1	-8.0390E0	5.6278E0	3.4147E6	
1886	-8.3473E-1	-8.0390E0	5.6278E0	3.4147E6	
1887	-8.3473E-1	-8.0390E0	5.6278E0	3.4147E6	
1888	-8.3473E-1	-8.0390E0	5.6278E0	3.4147E6	
1889	-8.3473E-1	-8.0390E0	5.6278E0	3.4147E6	
1890	-8.3473E-1	-8.0390E0	5.6278E0	3.4147E6	
1891	-8.3473E-1	-8.0390E0	5.6278E0	3.4147E6	
1892	-8.3473E-1	-8.0390E0	5.6278E0	3.4147E6	
1893	-8.3473E-1	-8.0390E0	5.6278E0	3.4147E6	
1894	-8.3473E-1	-8.0390E0	5.6278E0	3.4147E6	
1895	-8.3473E-1	-8.0390E0	5.6278E0	3.4147E6	
1896	-8.3473E-1	-8.0390E0	5.6278E0	3.4147E6	
1897	-8.3473E-1	-8.0390E0	5.6278E0	3.4147E6	
1898	-8.3473E-1	-8.0390E0	5.6278E0	3.4147E6	
1899	-8.3473E-1	-8.0390E0	5.6278E0	3.4147E6	
1900	-8.3473E-1	-8.0390E0	5.6278E0	3.4147E6	
1901	-8.3473E-1	-8.0390E0	5.6278E0	3.4147E6	
1902	-8.3473E-1	-8.0390E0	5.6278E0	3.4147E6	
1903	-8.3473E-1	-8.0390E0	5.6278E0	3.4147E6	
1904	-8.3473E-1	-8.0390E0	5.6278E0	3.4147E6	
1905	-8.3473E-1	-8.0390E0	5.6278E0	3.4147E6	
1906	-8.3473E-1	-8.0390E0	5.6278E0	3.4147E6	
1907	-8.3473E-1	-8.0390E0	5.6278E0	3.4147E6	
1908	-8.3473E-1	-8.0390E0	5.6278E0	3.4147E6	
1909	-8.3473E-1	-8.0390E0	5.6278E0	3.4147E6	
1910	-8.3473E-1	-8.0390E0	5.6278E0	3.4147E6	
1911	-8.3473E-1	-8.0390E0	5.6278E0	3.4147E6	
1912	-8.3473E-1	-8.0390E0	5.6278E0	3.4147E6	
1913	-8.3473E-1	-8.0390E0	5.6278E0	3.4147E6	
1914	-8.3473E-1	-8.0390E0	5.6278E0	3.4147E6	
1915	-8.3473E-1	-8.0390E0	5.6278E0	3.4147E6	
1916	-8.3473E-1	-8.0390E0	5.6278E0	3.4147E6	
1917	-8.3473E-1	-8.0390E0	5.6278E0	3.4147E6	
1918	-8.3473E-1	-8.0390E0	5.6278E0	3.4147E6	
1919	-8.3473E-1	-8.0390E0	5.6278E0	3.4147E6	
1920	-8.3473E-1	-8.0390E0	5.6278E0	3.4147E6	
1921	-8.3473E-1	-8.0390E0	5.6278E0	3.4147E6	
1922	-8.3473E-1	-8.0390E0	5.6278E0	3.4147E6	
1923	-8.3473E-1	-8.0390E0	5.6278E0	3.4147E6	
1924	-8.3473E-1	-8.0390E0	5.6278E0	3.4147E6	
1925	-8.3473E-1	-8.0390E0	5.6278E0	3.4147E6	
1926	-8.3473E-1	-8.0390E0	5.6278E0	3.4147E6	
1927	-8.3473E-1	-8.0390E0	5.6278E0	3.4147E6	
1928	-8.3473E-1	-8.0390E0	5.6278E0	3.4147E6	
1929	-8.3473E-1	-8.0390E0	5.6278E0	3.4147E6	
1930	-8.3473E-1	-8.0390E0	5.6278E0	3.4147E6	
1931	-8.3473E-1	-8.0390E0	5.6278E0	3.4147E6	
1932	-8.3473E-1	-8.0390E0	5.6278E0	3.4147E6	
1933	-8.3473E-1	-8.0390E0	5.6278E0	3.4147E6	
1934	-8.3473E-1	-8.0390E0	5.6278E0	3.4147E6	
1935	-8.3473E-1	-8.0390E0	5.6278E0	3.4147E6	
1936	-8.3473E-1	-8.0390E0	5.6278E0	3.4147E6	
1937	-8.3473E-1	-8.0390E0	5.6278E0	3.4147E6	
1938	-8.3473E-1	-8.0390E0	5.6278E0	3.4147E6	
1939	-8.3473E-1	-8.0390E0	5.6278E0	3.4147E6	
1940	-8.3473E-1	-8.0390E0	5.6278E0	3.4147E6	
1941	-8.3473E-1	-8.0390E0	5.6278E0	3.4147E6	
1942	-8.3473E-1	-8.0390E0	5.6278E0	3.4147E6	
1943	-8.3473E-1	-8.0390E0	5.6278E0	3.4147E6	
1944	-8.3473E-1	-8.0390E0	5.6278E0	3.4147E6	
1945	-8.3473E-1	-8.0390E0	5.6278E0	3.4147E6	
1946	-8.3473E-1	-8.0390E0	5.6278E0	3.4147E6	
1947	-8.3473E-1	-8.0390E0	5.6278E0	3.4147E6	
1948	-8.3473E-1	-8.0390E0	5.6278E0	3.4147E6	
1949	-8.3473E-1	-8.0390E0	5.6278E0	3.4147E6	
1950	-8.3473E-1	-8.0390E0	5.6278E0	3.4147E6	
1951	-8.3473E-1	-8.0390E0	5.6278E0	3.4147E6	
1952	-8.3473E-1	-8.0390E0	5.6278E0	3.4147E6	
1953	-8.3473E-1	-8.0390E0	5.6278E0	3.4147E6	
1954	-8.3473E-1	-8.0390E0	5.6278E0	3.4147E6	
1955	-8.3473E-1	-8.0390E0	5.6278E0	3.4147E6	
1956	-8.3473E-1	-8.0390E0	5.6278E0	3.4147E6	
1957	-8.3473E-1	-8.0390E0	5.6278E0	3.4147E6	
1958	-8.3473E-1	-8.0390E0	5.6278E0	3.4147E6	
1959	-8.3473E-1	-8.0390E0	5.6278E0	3.4147E6	
1960	-8.3473E-1	-8.0390E0	5.6278E0	3.4147E6	
1961	-8.3473E-1	-8.0390E0	5.6278E0	3.4147E6	
1962	-8.3473E-1	-8.0390E0	5.6278E0	3.4147E6	
1963	-8.3473E-1	-8.0390E0	5.6278E0	3.4147E6	
1964	-8.3473E-1	-8.0390E0	5.6278E0	3.4147E6	
1965	-8.3473E-1	-8.0390E0	5.6278E0	3.4147E6	
1966	-8.3473E-1	-8.0390E0	5.6278E0	3.4147E6	
1967	-8.3473E-1	-8.0390E0	5.6278E0	3.4147E6	
1968	-8.3473E-1	-8.0390E0	5.6278E0	3.4147E6	
1969	-8.3473E-1	-8.0390E0	5.6278E0	3.4147E6	
1970	-8.3473E-1	-8.0390E0	5.6278E0	3.4147E6	
1971	-8.3473E-1	-8.0390E0	5.6278E0	3.4147E6	
1972	-8.3473E-1	-8.0390E0	5.6278E0	3.4147E6	
1973	-8.3473E-1	-8.0390E0	5.6278E0	3.4147E6	
1974	-8.3473E-1	-8.0390E0	5.6278E0	3.4147E6	
1975	-8.3473E-1	-8.0390E0	5.6278E0	3.4147E6	
1976	-8.3473E-1	-8.0390E0	5.6278E0	3.4147E6	
1977	-8.3473E-1	-8.0390E0	5.6278E0	3.4147E6	
1978	-8.3473E-1	-8.0390E0	5.6278E0	3.4147E6	
1979	-8.3473E-1	-8.0390E0	5.6278E0	3.4147E6	
1980	-8.3473E-1	-8.0390E0	5.6278E0	3.4147E6	
1981	-8.3473E-1	-8.0390E0	5.6278E0	3.4147E6	
1982	-8.3473E-1	-8.0390E0	5.6278E0	3.4147E6	
1983	-8.3473E-1	-8.0390E0	5.6278E0	3.4147E6	
1984	-8.3473E-1	-8.0390E0	5.6278E0	3.4147E6	
1985	-8.3473E-1	-8.0390E0	5.6278E0	3.4147E6	
1986	-8.3473E-1	-8.0390E0	5.6278E0	3.4147E6	
1987	-8.3473E-1	-8.0390E0	5.6278E0	3.4147E6	
1988	-8.3473E-1	-8.0390E0	5.6278E0	3.4147E6	
1989	-8.3473E-1	-8.0390E0	5.6278E0	3.4147E6	
1990	-8.3473E-1	-8.0390E0	5.6278E0	3.4147E6	
1991	-8.3473E-1	-8.0390E0	5.6278E0	3.4147E6	
1992	-8.3473E-1	-8.0390E0	5.6278E0	3.4147E6	
1993	-8.3473E-1	-8.0390E0	5.6278E0	3.4147E6	
1994	-8.3473E-1	-8.0390E0	5.6278E0	3.4147E6	
1995	-8.3473E-1	-8.0390E0	5.6278E0	3.4147E6	
1996	-8.3473E-1	-8.0390E0	5.6278E0	3.4147E6	
1997	-8.3473E-1	-8.0390E0	5.6278E0	3.4147E6	
1998	-8.3473E-1	-8.0390E0	5.6278E0	3.4147E6	
1999	-8.3473E-1	-8.0390E0	5.6278E0	3.4147E6	
2000	-8.3473E-1	-8.0390E0	5.6278E0	3.4147E6	
2001	-8.3473E-1	-8.0390E0	5.6278E0	3.4147E6	
2002	-8.3473E-1	-8.0390E0	5.6278E0	3.4147E6	
2003	-8.3473E-1	-8.0390E0	5.6278E0	3.4147E6	
2004	-8.3473E-1	-8.0390E0	5.6278E0	3.4147E6	
2005	-8.3473E-1	-8.0390E0	5.6278E0	3.4147E6	
2006	-8.3473E-1	-8.0390E0	5.6278E0	3.4147E6	
2007	-8.3473E-1	-8.0390E0	5.6278E0	3.4147E6	
2008	-8.3473E-1	-8.0390E0	5.6278E0	3.4147E6	
2009	-8.3473E-1	-8.0390E0	5.6278E0	3.4147E6	
2010	-8.3473E-1	-8.0390E0	5.6278E0	3.4147E6	
2011	-8.3473E-1	-8.0390E0	5.6278E0	3.4147E6	
2012	-8.3473E-1	-8.0390E0	5.6278E0	3.4147E6	
2013	-8.3473E-1	-8.0390E0	5.6278E0	3.4147E6	
2014	-8.3473E-1	-8.0390E0	5.6278E0	3.4147E6	
2015	-8.3473E-1	-8.0390E0	5.6278E0	3.4147E6	
2016	-8.3473E-1	-8.0390E0	5.6278E0	3.4147E6	
2017	-8.3473E-1	-8.0390E0	5.6278E0	3.4147E6	
2018	-8.3473E-1	-8.0390E0	5.6278E0	3.4147E6	
2019	-8.3473E-1	-8.0390E0	5.6278E0	3.4147E6	
2020	-8.3473E-1	-8.0390E0	5.6278E0	3.4147E6	
2021	-8.3473E-1	-8.0390E0	5.6278E0	3.4147E6	
2022	-8.3473E-1	-8.0390E0	5.6278E0	3.4147E6	
2023	-8.3473E-1	-8.0390E0	5.6278E0	3.4147E6	
2024	-8.3473E-1	-8.0390E0	5.6278E0	3.4147E6	
2025	-8.3473E-1	-8.0390E0	5.6278E0	3.4147E6	
2026	-8.3473E-1	-8.0390E0	5.6278E0	3.4147E6	
2027	-8.3473E-1	-8.0390E0	5.6278E0	3.4147E6	
2028	-8.3473E-1	-8.0390E0	5.6278E0	3.4147E6	
2029	-8.3473E-1	-8.0390E0	5.6278E0	3.4147E6	
2030	-8.3473E-1	-8.0390E0	5.6278E0	3.4147E6	
2031	-8.3473E-1	-8.0390E0	5.6278E0	3.4147E6	
2032	-8.3473E-1	-8.0390E0	5.6278E0	3.4147E6	
2033	-8.3473E-1	-8.0390E0	5.6278E0	3.4147E6	
2034	-8.3473E-1	-8.0390E0	5.6278E0	3.4147E6	
2035	-8.3473E-1	-8.0390E0	5.6278E0	3.4147E6	
2036	-8.3473E-1	-8.0390E0	5.6278E0	3.4147E6	
2037	-8.3473E-1	-8.0390E0	5.6278E0	3.4147E6	
2038	-8.3473E-1	-8.0390E0	5.6278E0	3.4147E6	
2039	-8.3473E-1	-8.0390E0	5.6278E0	3.4147E6	
2040	-8.3473E-1	-8.0390E0	5.6278E0	3.4147E6	
2041	-8.3473E-1	-8.0390E0	5.6278E0	3.4147E6	
2042	-8.3473E-1	-8.0390E0	5.6278E0	3.4147E6	
2043	-8.3473E-1	-8.0390E0	5.6278E0	3.4147E6	
2044	-8.3473E-1	-8.0390E0	5.6278E0	3.4147E6	
2045	-8.3473E-1	-8.0390E0	5.6278E0	3.4147E6	
2046	-8.3473E-1	-8.0390E0	5.6278E0	3.4147E6	
2047	-8.3473E-1	-8.0390E0	5.6278E0	3.4147E6	
2048	-8.3473E-1	-8.0390E0	5.6278E0	3.4147E6	
