point 135
Index	Vertical (A-B)	Force	Z Height	Time Stamp	
     	V	nN	?m	?sec	
1	-8.0376E-1	-1.8116E0	5.4114E0	1.2000E2	
2	-8.0238E-1	2.2649E-1	5.4099E0	2.3400E3	
3	-8.0254E-1	4.1465E-5	5.4073E0	4.5600E3	
4	-8.0284E-1	-4.5286E-1	5.4042E0	6.7800E3	
5	-8.0269E-1	-2.2641E-1	5.4008E0	9.0000E3	
6	-8.0139E-1	1.6984E0	5.3973E0	1.1220E4	
7	-8.0208E-1	6.7940E-1	5.3934E0	1.3440E4	
8	-8.0345E-1	-1.3587E0	5.3896E0	1.5660E4	
9	-8.0254E-1	4.1465E-5	5.3856E0	1.7880E4	
10	-8.0109E-1	2.1513E0	5.3814E0	2.0100E4	
11	-8.0124E-1	1.9249E0	5.3773E0	2.2320E4	
12	-8.0132E-1	1.8117E0	5.3731E0	2.4540E4	
13	-8.0460E-1	-3.0571E0	5.3687E0	2.6760E4	
14	-8.0231E-1	3.3972E-1	5.3643E0	2.8980E4	
15	-7.9964E-1	4.3026E0	5.3600E0	3.1200E4	
16	-8.0231E-1	3.3972E-1	5.3554E0	3.3420E4	
17	-8.0078E-1	2.6042E0	5.3510E0	3.5640E4	
18	-7.9895E-1	5.3217E0	5.3464E0	3.7860E4	
19	-7.9956E-1	4.4158E0	5.3419E0	4.0080E4	
20	-8.0185E-1	1.0191E0	5.3373E0	4.2300E4	
21	-8.0055E-1	2.9439E0	5.3327E0	4.4520E4	
22	-7.9964E-1	4.3026E0	5.3280E0	4.6740E4	
23	-7.9872E-1	5.6613E0	5.3233E0	4.8960E4	
24	-7.9857E-1	5.8878E0	5.3187E0	5.1180E4	
25	-7.9857E-1	5.8878E0	5.3141E0	5.3400E4	
26	-7.9971E-1	4.1894E0	5.3093E0	5.5620E4	
27	-7.9857E-1	5.8878E0	5.3046E0	5.7840E4	
28	-7.9483E-1	1.1436E1	5.2998E0	6.0060E4	
29	-7.9575E-1	1.0077E1	5.2950E0	6.2280E4	
30	-7.9994E-1	3.8497E0	5.2903E0	6.4500E4	
31	-8.0048E-1	3.0571E0	5.2855E0	6.6720E4	
32	-7.9849E-1	6.0010E0	5.2807E0	6.8940E4	
33	-8.0025E-1	3.3968E0	5.2757E0	7.1160E4	
34	-7.9765E-1	7.2465E0	5.2710E0	7.3380E4	
35	-7.9803E-1	6.6804E0	5.2661E0	7.5600E4	
36	-7.9773E-1	7.1333E0	5.2613E0	7.7820E4	
37	-7.9704E-1	8.1523E0	5.2564E0	8.0040E4	
38	-8.0032E-1	3.2836E0	5.2516E0	8.2260E4	
39	-7.9628E-1	9.2846E0	5.2465E0	8.4480E4	
40	-7.9895E-1	5.3217E0	5.2418E0	8.6700E4	
41	-7.9582E-1	9.9639E0	5.2368E0	8.8920E4	
42	-7.9811E-1	6.5671E0	5.2319E0	9.1140E4	
43	-7.9659E-1	8.8316E0	5.2269E0	9.3360E4	
44	-7.9620E-1	9.3978E0	5.2220E0	9.5580E4	
45	-7.9758E-1	7.3597E0	5.2170E0	9.7800E4	
46	-7.9628E-1	9.2846E0	5.2121E0	1.0002E5	
47	-7.9887E-1	5.4349E0	5.2072E0	1.0224E5	
48	-7.9720E-1	7.9258E0	5.2022E0	1.0446E5	
49	-7.9575E-1	1.0077E1	5.1972E0	1.0668E5	
50	-7.9887E-1	5.4349E0	5.1922E0	1.0890E5	
51	-7.9597E-1	9.7375E0	5.1872E0	1.1112E5	
52	-7.9552E-1	1.0417E1	5.1822E0	1.1334E5	
53	-7.9590E-1	9.8507E0	5.1772E0	1.1556E5	
54	-7.9155E-1	1.6305E1	5.1721E0	1.1778E5	
55	-7.9613E-1	9.5110E0	5.1671E0	1.2000E5	
56	-7.9544E-1	1.0530E1	5.1621E0	1.2222E5	
57	-7.9536E-1	1.0643E1	5.1570E0	1.2444E5	
58	-7.9765E-1	7.2465E0	5.1520E0	1.2666E5	
59	-7.9460E-1	1.1776E1	5.1469E0	1.2888E5	
60	-7.9788E-1	6.9068E0	5.1419E0	1.3110E5	
61	-7.9643E-1	9.0581E0	5.1368E0	1.3332E5	
62	-7.9559E-1	1.0304E1	5.1316E0	1.3554E5	
63	-7.9613E-1	9.5110E0	5.1266E0	1.3776E5	
64	-7.9445E-1	1.2002E1	5.1215E0	1.3998E5	
65	-7.9399E-1	1.2681E1	5.1165E0	1.4220E5	
66	-7.9521E-1	1.0870E1	5.1113E0	1.4442E5	
67	-7.9216E-1	1.5399E1	5.1062E0	1.4664E5	
68	-7.9529E-1	1.0756E1	5.1010E0	1.4886E5	
69	-7.9315E-1	1.3927E1	5.0959E0	1.5108E5	
70	-7.9124E-1	1.6757E1	5.0908E0	1.5330E5	
71	-7.9201E-1	1.5625E1	5.0855E0	1.5552E5	
72	-7.9361E-1	1.3247E1	5.0804E0	1.5774E5	
73	-7.9430E-1	1.2228E1	5.0752E0	1.5996E5	
74	-7.9109E-1	1.6984E1	5.0701E0	1.6218E5	
75	-7.9193E-1	1.5738E1	5.0649E0	1.6440E5	
76	-7.9399E-1	1.2681E1	5.0597E0	1.6662E5	
77	-7.9140E-1	1.6531E1	5.0545E0	1.6884E5	
78	-7.9323E-1	1.3814E1	5.0494E0	1.7106E5	
79	-7.9071E-1	1.7550E1	5.0441E0	1.7328E5	
80	-7.9048E-1	1.7890E1	5.0389E0	1.7550E5	
81	-7.9231E-1	1.5172E1	5.0338E0	1.7772E5	
82	-7.8972E-1	1.9022E1	5.0285E0	1.7994E5	
83	-7.8941E-1	1.9475E1	5.0233E0	1.8216E5	
84	-7.9102E-1	1.7097E1	5.0181E0	1.8438E5	
85	-7.9041E-1	1.8003E1	5.0128E0	1.8660E5	
86	-7.9140E-1	1.6531E1	5.0076E0	1.8882E5	
87	-7.9063E-1	1.7663E1	5.0023E0	1.9104E5	
88	-7.9094E-1	1.7210E1	4.9971E0	1.9326E5	
89	-7.9071E-1	1.7550E1	4.9918E0	1.9548E5	
90	-7.8827E-1	2.1173E1	4.9865E0	1.9770E5	
91	-7.8918E-1	1.9815E1	4.9813E0	1.9992E5	
92	-7.8979E-1	1.8909E1	4.9761E0	2.0214E5	
93	-7.8949E-1	1.9362E1	4.9707E0	2.0436E5	
94	-7.8934E-1	1.9588E1	4.9655E0	2.0658E5	
95	-7.8796E-1	2.1626E1	4.9603E0	2.0880E5	
96	-7.8957E-1	1.9248E1	4.9549E0	2.1102E5	
97	-7.8827E-1	2.1173E1	4.9496E0	2.1324E5	
98	-7.8651E-1	2.3777E1	4.9442E0	2.1546E5	
99	-7.8751E-1	2.2306E1	4.9389E0	2.1768E5	
100	-7.8850E-1	2.0834E1	4.9336E0	2.1990E5	
101	-7.8751E-1	2.2306E1	4.9283E0	2.2212E5	
102	-7.8850E-1	2.0834E1	4.9229E0	2.2434E5	
103	-7.8644E-1	2.3891E1	4.9175E0	2.2656E5	
104	-7.8773E-1	2.1966E1	4.9122E0	2.2878E5	
105	-7.8621E-1	2.4230E1	4.9068E0	2.3100E5	
106	-7.8743E-1	2.2419E1	4.9015E0	2.3322E5	
107	-7.8674E-1	2.3438E1	4.8961E0	2.3544E5	
108	-7.8667E-1	2.3551E1	4.8909E0	2.3766E5	
109	-7.8712E-1	2.2872E1	4.8853E0	2.3988E5	
110	-7.8484E-1	2.6268E1	4.8800E0	2.4210E5	
111	-7.8331E-1	2.8533E1	4.8746E0	2.4432E5	
112	-7.8773E-1	2.1966E1	4.8692E0	2.4654E5	
113	-7.8842E-1	2.0947E1	4.8638E0	2.4876E5	
114	-7.8438E-1	2.6948E1	4.8584E0	2.5098E5	
115	-7.8468E-1	2.6495E1	4.8530E0	2.5320E5	
116	-7.8423E-1	2.7174E1	4.8475E0	2.5542E5	
117	-7.8499E-1	2.6042E1	4.8421E0	2.5764E5	
118	-7.8476E-1	2.6382E1	4.8368E0	2.5986E5	
119	-7.8552E-1	2.5249E1	4.8313E0	2.6208E5	
120	-7.8362E-1	2.8080E1	4.8258E0	2.6430E5	
121	-7.8445E-1	2.6835E1	4.8203E0	2.6652E5	
122	-7.8430E-1	2.7061E1	4.8150E0	2.6874E5	
123	-7.8545E-1	2.5363E1	4.8095E0	2.7096E5	
124	-7.8262E-1	2.9552E1	4.8040E0	2.7318E5	
125	-7.8621E-1	2.4230E1	4.7986E0	2.7540E5	
126	-7.8362E-1	2.8080E1	4.7932E0	2.7762E5	
127	-7.8293E-1	2.9099E1	4.7876E0	2.7984E5	
128	-7.8209E-1	3.0345E1	4.7821E0	2.8206E5	
129	-7.8354E-1	2.8193E1	4.7767E0	2.8428E5	
130	-7.8224E-1	3.0118E1	4.7712E0	2.8650E5	
131	-7.8461E-1	2.6608E1	4.7656E0	2.8872E5	
132	-7.8217E-1	3.0231E1	4.7602E0	2.9094E5	
133	-7.8339E-1	2.8420E1	4.7546E0	2.9316E5	
134	-7.8270E-1	2.9439E1	4.7492E0	2.9538E5	
135	-7.8331E-1	2.8533E1	4.7437E0	2.9760E5	
136	-7.8362E-1	2.8080E1	4.7382E0	2.9982E5	
137	-7.8087E-1	3.2156E1	4.7326E0	3.0204E5	
138	-7.8209E-1	3.0345E1	4.7271E0	3.0426E5	
139	-7.8224E-1	3.0118E1	4.7216E0	3.0648E5	
140	-7.8064E-1	3.2496E1	4.7159E0	3.0870E5	
141	-7.8178E-1	3.0797E1	4.7104E0	3.1092E5	
142	-7.8171E-1	3.0911E1	4.7048E0	3.1314E5	
143	-7.8102E-1	3.1930E1	4.6993E0	3.1536E5	
144	-7.8270E-1	2.9439E1	4.6937E0	3.1758E5	
145	-7.8323E-1	2.8646E1	4.6881E0	3.1980E5	
146	-7.7980E-1	3.3741E1	4.6826E0	3.2202E5	
147	-7.7942E-1	3.4307E1	4.6770E0	3.2424E5	
148	-7.8026E-1	3.3062E1	4.6713E0	3.2646E5	
149	-7.8041E-1	3.2836E1	4.6657E0	3.2868E5	
150	-7.7888E-1	3.5100E1	4.6602E0	3.3090E5	
151	-7.8102E-1	3.1930E1	4.6546E0	3.3312E5	
152	-7.7904E-1	3.4874E1	4.6490E0	3.3534E5	
153	-7.7782E-1	3.6685E1	4.6433E0	3.3756E5	
154	-7.8056E-1	3.2609E1	4.6378E0	3.3978E5	
155	-7.8148E-1	3.1250E1	4.6321E0	3.4200E5	
156	-7.8011E-1	3.3288E1	4.6265E0	3.4422E5	
157	-7.8079E-1	3.2269E1	4.6208E0	3.4644E5	
158	-7.7950E-1	3.4194E1	4.6151E0	3.4866E5	
159	-7.7919E-1	3.4647E1	4.6096E0	3.5088E5	
160	-7.8110E-1	3.1816E1	4.6039E0	3.5310E5	
161	-7.8201E-1	3.0458E1	4.5981E0	3.5532E5	
162	-7.7866E-1	3.5440E1	4.5925E0	3.5754E5	
163	-7.7744E-1	3.7251E1	4.5870E0	3.5976E5	
164	-7.7843E-1	3.5779E1	4.5812E0	3.6198E5	
165	-7.7888E-1	3.5100E1	4.5755E0	3.6420E5	
166	-7.7705E-1	3.7817E1	4.5698E0	3.6642E5	
167	-7.7843E-1	3.5779E1	4.5642E0	3.6864E5	
168	-7.7835E-1	3.5893E1	4.5585E0	3.7086E5	
169	-7.7751E-1	3.7138E1	4.5526E0	3.7308E5	
170	-7.7728E-1	3.7478E1	4.5470E0	3.7530E5	
171	-7.7568E-1	3.9856E1	4.5413E0	3.7752E5	
172	-7.7644E-1	3.8723E1	4.5355E0	3.7974E5	
173	-7.7667E-1	3.8384E1	4.5298E0	3.8196E5	
174	-7.7576E-1	3.9742E1	4.5241E0	3.8418E5	
175	-7.7515E-1	4.0648E1	4.5185E0	3.8640E5	
176	-7.7614E-1	3.9176E1	4.5128E0	3.8862E5	
177	-7.7660E-1	3.8497E1	4.5069E0	3.9084E5	
178	-7.7568E-1	3.9856E1	4.5012E0	3.9306E5	
179	-7.7667E-1	3.8384E1	4.4955E0	3.9528E5	
180	-7.7629E-1	3.8950E1	4.4897E0	3.9750E5	
181	-7.7293E-1	4.3932E1	4.4840E0	3.9972E5	
182	-7.7583E-1	3.9629E1	4.4782E0	4.0194E5	
183	-7.7400E-1	4.2346E1	4.4724E0	4.0416E5	
184	-7.7339E-1	4.3252E1	4.4667E0	4.0638E5	
185	-7.7362E-1	4.2913E1	4.4609E0	4.0860E5	
186	-7.7339E-1	4.3252E1	4.4551E0	4.1082E5	
187	-7.7431E-1	4.1894E1	4.4494E0	4.1304E5	
188	-7.7309E-1	4.3705E1	4.4435E0	4.1526E5	
189	-7.7492E-1	4.0988E1	4.4377E0	4.1748E5	
190	-7.7354E-1	4.3026E1	4.4320E0	4.1970E5	
191	-7.7393E-1	4.2460E1	4.4261E0	4.2192E5	
192	-7.7103E-1	4.6762E1	4.4203E0	4.2414E5	
193	-7.7339E-1	4.3252E1	4.4145E0	4.2636E5	
194	-7.6965E-1	4.8800E1	4.4086E0	4.2858E5	
195	-7.7118E-1	4.6536E1	4.4029E0	4.3080E5	
196	-7.7316E-1	4.3592E1	4.3970E0	4.3302E5	
197	-7.7400E-1	4.2346E1	4.3912E0	4.3524E5	
198	-7.7042E-1	4.7668E1	4.3853E0	4.3746E5	
199	-7.7171E-1	4.5743E1	4.3795E0	4.3968E5	
200	-7.7339E-1	4.3252E1	4.3737E0	4.4190E5	
201	-7.6851E-1	5.0499E1	4.3678E0	4.4412E5	
202	-7.7019E-1	4.8008E1	4.3619E0	4.4634E5	
203	-7.7248E-1	4.4611E1	4.3561E0	4.4856E5	
204	-7.6996E-1	4.8347E1	4.3501E0	4.5078E5	
205	-7.7187E-1	4.5517E1	4.3444E0	4.5300E5	
206	-7.6843E-1	5.0612E1	4.3385E0	4.5522E5	
207	-7.6820E-1	5.0952E1	4.3326E0	4.5744E5	
208	-7.6935E-1	4.9253E1	4.3268E0	4.5966E5	
209	-7.6744E-1	5.2084E1	4.3209E0	4.6188E5	
210	-7.6996E-1	4.8347E1	4.3149E0	4.6410E5	
211	-7.7141E-1	4.6196E1	4.3090E0	4.6632E5	
212	-7.7019E-1	4.8008E1	4.3032E0	4.6854E5	
213	-7.7225E-1	4.4951E1	4.2972E0	4.7076E5	
214	-7.6904E-1	4.9706E1	4.2914E0	4.7298E5	
215	-7.7026E-1	4.7895E1	4.2855E0	4.7520E5	
216	-7.6942E-1	4.9140E1	4.2795E0	4.7742E5	
217	-7.6935E-1	4.9253E1	4.2735E0	4.7964E5	
218	-7.7095E-1	4.6875E1	4.2677E0	4.8186E5	
219	-7.6973E-1	4.8687E1	4.2617E0	4.8408E5	
220	-7.7118E-1	4.6536E1	4.2558E0	4.8630E5	
221	-7.6797E-1	5.1291E1	4.2499E0	4.8852E5	
222	-7.6736E-1	5.2197E1	4.2439E0	4.9074E5	
223	-7.6530E-1	5.5254E1	4.2379E0	4.9296E5	
224	-7.6797E-1	5.1291E1	4.2321E0	4.9518E5	
225	-7.6920E-1	4.9480E1	4.2261E0	4.9740E5	
226	-7.7042E-1	4.7668E1	4.2200E0	4.9962E5	
227	-7.6744E-1	5.2084E1	4.2141E0	5.0184E5	
228	-7.6820E-1	5.0952E1	4.2082E0	5.0406E5	
229	-7.6660E-1	5.3329E1	4.2022E0	5.0628E5	
230	-7.6790E-1	5.1405E1	4.1961E0	5.0850E5	
231	-7.6584E-1	5.4462E1	4.1902E0	5.1072E5	
232	-7.6668E-1	5.3216E1	4.1842E0	5.1294E5	
233	-7.6530E-1	5.5254E1	4.1782E0	5.1516E5	
234	-7.6538E-1	5.5141E1	4.1723E0	5.1738E5	
235	-7.6324E-1	5.8311E1	4.1662E0	5.1960E5	
236	-7.6469E-1	5.6160E1	4.1602E0	5.2182E5	
237	-7.6508E-1	5.5594E1	4.1542E0	5.2404E5	
238	-7.6607E-1	5.4122E1	4.1483E0	5.2626E5	
239	-7.6607E-1	5.4122E1	4.1421E0	5.2848E5	
240	-7.6569E-1	5.4688E1	4.1362E0	5.3070E5	
241	-7.6340E-1	5.8085E1	4.1302E0	5.3292E5	
242	-7.6279E-1	5.8991E1	4.1242E0	5.3514E5	
243	-7.6324E-1	5.8311E1	4.1181E0	5.3736E5	
244	-7.6424E-1	5.6839E1	4.1120E0	5.3958E5	
245	-7.6202E-1	6.0123E1	4.1061E0	5.4180E5	
246	-7.6302E-1	5.8651E1	4.1001E0	5.4402E5	
247	-7.6019E-1	6.2840E1	4.0940E0	5.4624E5	
248	-7.6508E-1	5.5594E1	4.0879E0	5.4846E5	
249	-7.6218E-1	5.9896E1	4.0818E0	5.5068E5	
250	-7.6088E-1	6.1821E1	4.0758E0	5.5290E5	
251	-7.6286E-1	5.8877E1	4.0697E0	5.5512E5	
252	-7.6317E-1	5.8425E1	4.0637E0	5.5734E5	
253	-7.6180E-1	6.0463E1	4.0576E0	5.5956E5	
254	-7.5867E-1	6.5105E1	4.0515E0	5.6178E5	
255	-7.6241E-1	5.9557E1	4.0454E0	5.6400E5	
256	-7.6057E-1	6.2274E1	4.0394E0	5.6622E5	
257	-7.6111E-1	6.1482E1	4.0334E0	5.6844E5	
258	-7.6111E-1	6.1482E1	4.0272E0	5.7066E5	
259	-7.6027E-1	6.2727E1	4.0211E0	5.7288E5	
260	-7.5966E-1	6.3633E1	4.0150E0	5.7510E5	
261	-7.6157E-1	6.0802E1	4.0089E0	5.7732E5	
262	-7.5966E-1	6.3633E1	4.0028E0	5.7954E5	
263	-7.6004E-1	6.3067E1	3.9967E0	5.8176E5	
264	-7.6027E-1	6.2727E1	3.9907E0	5.8398E5	
265	-7.5935E-1	6.4086E1	3.9845E0	5.8620E5	
266	-7.5760E-1	6.6690E1	3.9784E0	5.8842E5	
267	-7.5752E-1	6.6803E1	3.9723E0	5.9064E5	
268	-7.5905E-1	6.4539E1	3.9661E0	5.9286E5	
269	-7.5905E-1	6.4539E1	3.9600E0	5.9508E5	
270	-7.5966E-1	6.3633E1	3.9538E0	5.9730E5	
271	-7.6004E-1	6.3067E1	3.9477E0	5.9952E5	
272	-7.5630E-1	6.8615E1	3.9415E0	6.0174E5	
273	-7.5775E-1	6.6464E1	3.9354E0	6.0396E5	
274	-7.5768E-1	6.6577E1	3.9292E0	6.0618E5	
275	-7.5691E-1	6.7709E1	3.9231E0	6.0840E5	
276	-7.5806E-1	6.6011E1	3.9169E0	6.1062E5	
277	-7.5714E-1	6.7369E1	3.9107E0	6.1284E5	
278	-7.5760E-1	6.6690E1	3.9046E0	6.1506E5	
279	-7.5706E-1	6.7483E1	3.8984E0	6.1728E5	
280	-7.5760E-1	6.6690E1	3.8922E0	6.1950E5	
281	-7.5439E-1	7.1445E1	3.8860E0	6.2172E5	
282	-7.5844E-1	6.5445E1	3.8799E0	6.2394E5	
283	-7.5768E-1	6.6577E1	3.8737E0	6.2616E5	
284	-7.5592E-1	6.9181E1	3.8676E0	6.2838E5	
285	-7.5470E-1	7.0993E1	3.8613E0	6.3060E5	
286	-7.5508E-1	7.0426E1	3.8551E0	6.3282E5	
287	-7.5470E-1	7.0993E1	3.8489E0	6.3504E5	
288	-7.5485E-1	7.0766E1	3.8427E0	6.3726E5	
289	-7.5592E-1	6.9181E1	3.8365E0	6.3948E5	
290	-7.5607E-1	6.8955E1	3.8303E0	6.4170E5	
291	-7.5470E-1	7.0993E1	3.8241E0	6.4392E5	
292	-7.5378E-1	7.2351E1	3.8178E0	6.4614E5	
293	-7.5478E-1	7.0879E1	3.8116E0	6.4836E5	
294	-7.5401E-1	7.2012E1	3.8054E0	6.5058E5	
295	-7.5508E-1	7.0426E1	3.7991E0	6.5280E5	
296	-7.5417E-1	7.1785E1	3.7929E0	6.5502E5	
297	-7.5569E-1	6.9521E1	3.7867E0	6.5724E5	
298	-7.5394E-1	7.2125E1	3.7805E0	6.5946E5	
299	-7.5264E-1	7.4050E1	3.7743E0	6.6168E5	
300	-7.5447E-1	7.1332E1	3.7679E0	6.6390E5	
301	-7.5287E-1	7.3710E1	3.7617E0	6.6612E5	
302	-7.5302E-1	7.3484E1	3.7555E0	6.6834E5	
303	-7.5386E-1	7.2238E1	3.7492E0	6.7056E5	
304	-7.5218E-1	7.4729E1	3.7429E0	6.7278E5	
305	-7.5424E-1	7.1672E1	3.7366E0	6.7500E5	
306	-7.4974E-1	7.8352E1	3.7304E0	6.7722E5	
307	-7.5233E-1	7.4503E1	3.7241E0	6.7944E5	
308	-7.5180E-1	7.5295E1	3.7178E0	6.8166E5	
309	-7.5058E-1	7.7107E1	3.7116E0	6.8388E5	
310	-7.4921E-1	7.9145E1	3.7053E0	6.8610E5	
311	-7.5249E-1	7.4276E1	3.6990E0	6.8832E5	
312	-7.4966E-1	7.8465E1	3.6927E0	6.9054E5	
313	-7.5043E-1	7.7333E1	3.6865E0	6.9276E5	
314	-7.4936E-1	7.8918E1	3.6801E0	6.9498E5	
315	-7.5157E-1	7.5635E1	3.6738E0	6.9720E5	
316	-7.4951E-1	7.8692E1	3.6675E0	6.9942E5	
317	-7.4776E-1	8.1296E1	3.6611E0	7.0164E5	
318	-7.4890E-1	7.9598E1	3.6549E0	7.0386E5	
319	-7.4928E-1	7.9032E1	3.6485E0	7.0608E5	
320	-7.5035E-1	7.7446E1	3.6423E0	7.0830E5	
321	-7.4951E-1	7.8692E1	3.6359E0	7.1052E5	
322	-7.4783E-1	8.1183E1	3.6296E0	7.1274E5	
323	-7.4799E-1	8.0956E1	3.6232E0	7.1496E5	
324	-7.4608E-1	8.3787E1	3.6170E0	7.1718E5	
325	-7.5012E-1	7.7786E1	3.6107E0	7.1940E5	
326	-7.4860E-1	8.0051E1	3.6042E0	7.2162E5	
327	-7.4638E-1	8.3334E1	3.5979E0	7.2384E5	
328	-7.4677E-1	8.2768E1	3.5915E0	7.2606E5	
329	-7.4738E-1	8.1862E1	3.5852E0	7.2828E5	
330	-7.4844E-1	8.0277E1	3.5788E0	7.3050E5	
331	-7.4745E-1	8.1749E1	3.5724E0	7.3272E5	
332	-7.4631E-1	8.3447E1	3.5661E0	7.3494E5	
333	-7.4448E-1	8.6165E1	3.5598E0	7.3716E5	
334	-7.4600E-1	8.3900E1	3.5533E0	7.3938E5	
335	-7.4280E-1	8.8656E1	3.5472E0	7.4160E5	
336	-7.4516E-1	8.5146E1	3.5406E0	7.4382E5	
337	-7.4753E-1	8.1636E1	3.5342E0	7.4604E5	
338	-7.4471E-1	8.5825E1	3.5279E0	7.4826E5	
339	-7.4432E-1	8.6391E1	3.5215E0	7.5048E5	
340	-7.4432E-1	8.6391E1	3.5151E0	7.5270E5	
341	-7.4554E-1	8.4580E1	3.5087E0	7.5492E5	
342	-7.4631E-1	8.3447E1	3.5024E0	7.5714E5	
343	-7.4554E-1	8.4580E1	3.4959E0	7.5936E5	
344	-7.4615E-1	8.3674E1	3.4895E0	7.6158E5	
345	-7.4379E-1	8.7184E1	3.4831E0	7.6380E5	
346	-7.4272E-1	8.8769E1	3.4767E0	7.6602E5	
347	-7.4364E-1	8.7410E1	3.4703E0	7.6824E5	
348	-7.4371E-1	8.7297E1	3.4639E0	7.7046E5	
349	-7.4471E-1	8.5825E1	3.4574E0	7.7268E5	
350	-7.4440E-1	8.6278E1	3.4509E0	7.7490E5	
351	-7.4341E-1	8.7750E1	3.4446E0	7.7712E5	
352	-7.4127E-1	9.0920E1	3.4381E0	7.7934E5	
353	-7.4501E-1	8.5372E1	3.4317E0	7.8156E5	
354	-7.4295E-1	8.8429E1	3.4253E0	7.8378E5	
355	-7.4127E-1	9.0920E1	3.4189E0	7.8600E5	
356	-7.4272E-1	8.8769E1	3.4124E0	7.8822E5	
357	-7.4120E-1	9.1034E1	3.4060E0	7.9044E5	
358	-7.4593E-1	8.4014E1	3.3994E0	7.9266E5	
359	-7.4326E-1	8.7976E1	3.3930E0	7.9488E5	
360	-7.4234E-1	8.9335E1	3.3867E0	7.9710E5	
361	-7.4242E-1	8.9222E1	3.3800E0	7.9932E5	
362	-7.4226E-1	8.9448E1	3.3737E0	8.0154E5	
363	-7.4318E-1	8.8090E1	3.3673E0	8.0376E5	
364	-7.4059E-1	9.1939E1	3.3607E0	8.0598E5	
365	-7.4051E-1	9.2053E1	3.3542E0	8.0820E5	
366	-7.4181E-1	9.0128E1	3.3477E0	8.1042E5	
367	-7.4181E-1	9.0128E1	3.3413E0	8.1264E5	
368	-7.3669E-1	9.7714E1	3.3348E0	8.1486E5	
369	-7.4074E-1	9.1713E1	3.3284E0	8.1708E5	
370	-7.4112E-1	9.1147E1	3.3218E0	8.1930E5	
371	-7.3967E-1	9.3298E1	3.3154E0	8.2152E5	
372	-7.3959E-1	9.3411E1	3.3089E0	8.2374E5	
373	-7.3906E-1	9.4204E1	3.3024E0	8.2596E5	
374	-7.3883E-1	9.4544E1	3.2959E0	8.2818E5	
375	-7.4059E-1	9.1939E1	3.2894E0	8.3040E5	
376	-7.3975E-1	9.3185E1	3.2828E0	8.3262E5	
377	-7.4005E-1	9.2732E1	3.2764E0	8.3484E5	
378	-7.3845E-1	9.5110E1	3.2697E0	8.3706E5	
379	-7.3898E-1	9.4317E1	3.2632E0	8.3928E5	
380	-7.4089E-1	9.1486E1	3.2567E0	8.4150E5	
381	-7.3677E-1	9.7601E1	3.2503E0	8.4372E5	
382	-7.3746E-1	9.6582E1	3.2437E0	8.4594E5	
383	-7.3738E-1	9.6695E1	3.2372E0	8.4816E5	
384	-7.3822E-1	9.5449E1	3.2306E0	8.5038E5	
385	-7.3624E-1	9.8393E1	3.2242E0	8.5260E5	
386	-7.3494E-1	1.0032E2	3.2175E0	8.5482E5	
387	-7.3601E-1	9.8733E1	3.2111E0	8.5704E5	
388	-7.3486E-1	1.0043E2	3.2045E0	8.5926E5	
389	-7.3540E-1	9.9639E1	3.1980E0	8.6148E5	
390	-7.3570E-1	9.9186E1	3.1914E0	8.6370E5	
391	-7.3517E-1	9.9978E1	3.1848E0	8.6592E5	
392	-7.3418E-1	1.0145E2	3.1782E0	8.6814E5	
393	-7.3303E-1	1.0315E2	3.1717E0	8.7036E5	
394	-7.3372E-1	1.0213E2	3.1651E0	8.7258E5	
395	-7.3509E-1	1.0009E2	3.1586E0	8.7480E5	
396	-7.3555E-1	9.9412E1	3.1519E0	8.7702E5	
397	-7.3280E-1	1.0349E2	3.1454E0	8.7924E5	
398	-7.3471E-1	1.0066E2	3.1388E0	8.8146E5	
399	-7.3364E-1	1.0224E2	3.1323E0	8.8368E5	
400	-7.3196E-1	1.0473E2	3.1257E0	8.8590E5	
401	-7.3265E-1	1.0371E2	3.1190E0	8.8812E5	
402	-7.3181E-1	1.0496E2	3.1126E0	8.9034E5	
403	-7.3235E-1	1.0417E2	3.1059E0	8.9256E5	
404	-7.3189E-1	1.0485E2	3.0994E0	8.9478E5	
405	-7.2998E-1	1.0768E2	3.0927E0	8.9700E5	
406	-7.3181E-1	1.0496E2	3.0861E0	8.9922E5	
407	-7.3174E-1	1.0507E2	3.0795E0	9.0144E5	
408	-7.3120E-1	1.0587E2	3.0729E0	9.0366E5	
409	-7.3143E-1	1.0553E2	3.0663E0	9.0588E5	
410	-7.3212E-1	1.0451E2	3.0598E0	9.0810E5	
411	-7.2845E-1	1.0994E2	3.0530E0	9.1032E5	
412	-7.2952E-1	1.0836E2	3.0465E0	9.1254E5	
413	-7.2922E-1	1.0881E2	3.0398E0	9.1476E5	
414	-7.3151E-1	1.0541E2	3.0333E0	9.1698E5	
415	-7.2861E-1	1.0972E2	3.0267E0	9.1920E5	
416	-7.2632E-1	1.1311E2	3.0200E0	9.2142E5	
417	-7.2945E-1	1.0847E2	3.0133E0	9.2364E5	
418	-7.3296E-1	1.0326E2	3.0067E0	9.2586E5	
419	-7.3044E-1	1.0700E2	3.0001E0	9.2808E5	
420	-7.2716E-1	1.1187E2	2.9934E0	9.3030E5	
421	-7.3357E-1	1.0236E2	2.9867E0	9.3252E5	
422	-7.2899E-1	1.0915E2	2.9801E0	9.3474E5	
423	-7.2906E-1	1.0904E2	2.9735E0	9.3696E5	
424	-7.2975E-1	1.0802E2	2.9667E0	9.3918E5	
425	-7.2876E-1	1.0949E2	2.9602E0	9.4140E5	
426	-7.2754E-1	1.1130E2	2.9535E0	9.4362E5	
427	-7.2517E-1	1.1481E2	2.9469E0	9.4584E5	
428	-7.2937E-1	1.0858E2	2.9402E0	9.4806E5	
429	-7.2800E-1	1.1062E2	2.9334E0	9.5028E5	
430	-7.2662E-1	1.1266E2	2.9269E0	9.5250E5	
431	-7.2800E-1	1.1062E2	2.9202E0	9.5472E5	
432	-7.2762E-1	1.1119E2	2.9136E0	9.5694E5	
433	-7.2769E-1	1.1107E2	2.9068E0	9.5916E5	
434	-7.2929E-1	1.0870E2	2.9001E0	9.6138E5	
435	-7.2731E-1	1.1164E2	2.8934E0	9.6360E5	
436	-7.2701E-1	1.1209E2	2.8867E0	9.6582E5	
437	-7.2639E-1	1.1300E2	2.8801E0	9.6804E5	
438	-7.2464E-1	1.1560E2	2.8733E0	9.7026E5	
439	-7.2563E-1	1.1413E2	2.8668E0	9.7248E5	
440	-7.2517E-1	1.1481E2	2.8600E0	9.7470E5	
441	-7.2441E-1	1.1594E2	2.8533E0	9.7692E5	
442	-7.2350E-1	1.1730E2	2.8465E0	9.7914E5	
443	-7.2540E-1	1.1447E2	2.8399E0	9.8136E5	
444	-7.2296E-1	1.1809E2	2.8331E0	9.8358E5	
445	-7.2594E-1	1.1368E2	2.8264E0	9.8580E5	
446	-7.2495E-1	1.1515E2	2.8197E0	9.8802E5	
447	-7.2388E-1	1.1674E2	2.8130E0	9.9024E5	
448	-7.2540E-1	1.1447E2	2.8062E0	9.9246E5	
449	-7.2083E-1	1.2126E2	2.7997E0	9.9468E5	
450	-7.2296E-1	1.1809E2	2.7928E0	9.9690E5	
451	-7.2052E-1	1.2172E2	2.7861E0	9.9912E5	
452	-7.2525E-1	1.1470E2	2.7794E0	1.0013E6	
453	-7.2189E-1	1.1968E2	2.7727E0	1.0036E6	
454	-7.2319E-1	1.1775E2	2.7659E0	1.0058E6	
455	-7.2273E-1	1.1843E2	2.7592E0	1.0080E6	
456	-7.2159E-1	1.2013E2	2.7525E0	1.0102E6	
457	-7.2403E-1	1.1651E2	2.7456E0	1.0124E6	
458	-7.1945E-1	1.2330E2	2.7390E0	1.0147E6	
459	-7.2182E-1	1.1979E2	2.7322E0	1.0169E6	
460	-7.1976E-1	1.2285E2	2.7254E0	1.0191E6	
461	-7.2006E-1	1.2240E2	2.7187E0	1.0213E6	
462	-7.1861E-1	1.2455E2	2.7119E0	1.0235E6	
463	-7.1976E-1	1.2285E2	2.7051E0	1.0258E6	
464	-7.1884E-1	1.2421E2	2.6983E0	1.0280E6	
465	-7.1709E-1	1.2681E2	2.6916E0	1.0302E6	
466	-7.1983E-1	1.2274E2	2.6850E0	1.0324E6	
467	-7.1854E-1	1.2466E2	2.6781E0	1.0346E6	
468	-7.2029E-1	1.2206E2	2.6713E0	1.0369E6	
469	-7.1770E-1	1.2591E2	2.6645E0	1.0391E6	
470	-7.1823E-1	1.2511E2	2.6578E0	1.0413E6	
471	-7.1892E-1	1.2410E2	2.6509E0	1.0435E6	
472	-7.1548E-1	1.2919E2	2.6442E0	1.0457E6	
473	-7.1869E-1	1.2444E2	2.6374E0	1.0480E6	
474	-7.1892E-1	1.2410E2	2.6306E0	1.0502E6	
475	-7.1579E-1	1.2874E2	2.6239E0	1.0524E6	
476	-7.1815E-1	1.2523E2	2.6170E0	1.0546E6	
477	-7.1716E-1	1.2670E2	2.6102E0	1.0568E6	
478	-7.1922E-1	1.2364E2	2.6034E0	1.0591E6	
479	-7.1701E-1	1.2693E2	2.5966E0	1.0613E6	
480	-7.1617E-1	1.2817E2	2.5898E0	1.0635E6	
481	-7.1739E-1	1.2636E2	2.5830E0	1.0657E6	
482	-7.1678E-1	1.2727E2	2.5761E0	1.0679E6	
483	-7.1571E-1	1.2885E2	2.5694E0	1.0702E6	
484	-7.1594E-1	1.2851E2	2.5626E0	1.0724E6	
485	-7.1671E-1	1.2738E2	2.5558E0	1.0746E6	
486	-7.1602E-1	1.2840E2	2.5489E0	1.0768E6	
487	-7.1640E-1	1.2783E2	2.5421E0	1.0790E6	
488	-7.1602E-1	1.2840E2	2.5352E0	1.0813E6	
489	-7.1556E-1	1.2908E2	2.5285E0	1.0835E6	
490	-7.1510E-1	1.2976E2	2.5216E0	1.0857E6	
491	-7.1320E-1	1.3259E2	2.5148E0	1.0879E6	
492	-7.1442E-1	1.3078E2	2.5079E0	1.0901E6	
493	-7.1419E-1	1.3112E2	2.5011E0	1.0924E6	
494	-7.1602E-1	1.2840E2	2.4943E0	1.0946E6	
495	-7.1373E-1	1.3179E2	2.4875E0	1.0968E6	
496	-7.1495E-1	1.2998E2	2.4806E0	1.0990E6	
497	-7.1274E-1	1.3327E2	2.4738E0	1.1012E6	
498	-7.1152E-1	1.3508E2	2.4669E0	1.1035E6	
499	-7.1327E-1	1.3247E2	2.4600E0	1.1057E6	
500	-7.1220E-1	1.3406E2	2.4532E0	1.1079E6	
501	-7.1182E-1	1.3463E2	2.4463E0	1.1101E6	
502	-7.1129E-1	1.3542E2	2.4395E0	1.1123E6	
503	-7.1342E-1	1.3225E2	2.4326E0	1.1146E6	
504	-7.1129E-1	1.3542E2	2.4257E0	1.1168E6	
505	-7.1213E-1	1.3417E2	2.4189E0	1.1190E6	
506	-7.1068E-1	1.3632E2	2.4119E0	1.1212E6	
507	-7.1213E-1	1.3417E2	2.4052E0	1.1234E6	
508	-7.0908E-1	1.3870E2	2.3983E0	1.1257E6	
509	-7.1075E-1	1.3621E2	2.3914E0	1.1279E6	
510	-7.1175E-1	1.3474E2	2.3846E0	1.1301E6	
511	-7.1022E-1	1.3700E2	2.3777E0	1.1323E6	
512	-7.1014E-1	1.3712E2	2.3707E0	1.1345E6	
513	-7.1159E-1	1.3497E2	2.3639E0	1.1368E6	
514	-7.0908E-1	1.3870E2	2.3570E0	1.1390E6	
515	-7.1037E-1	1.3678E2	2.3502E0	1.1412E6	
516	-7.1045E-1	1.3666E2	2.3433E0	1.1434E6	
517	-7.0969E-1	1.3780E2	2.3363E0	1.1456E6	
518	-7.0961E-1	1.3791E2	2.3295E0	1.1479E6	
519	-7.0923E-1	1.3848E2	2.3226E0	1.1501E6	
520	-7.0831E-1	1.3983E2	2.3158E0	1.1523E6	
521	-7.0786E-1	1.4051E2	2.3087E0	1.1545E6	
522	-7.0763E-1	1.4085E2	2.3018E0	1.1567E6	
523	-7.0549E-1	1.4402E2	2.2950E0	1.1590E6	
524	-7.0740E-1	1.4119E2	2.2880E0	1.1612E6	
525	-7.0572E-1	1.4368E2	2.2812E0	1.1634E6	
526	-7.0427E-1	1.4583E2	2.2743E0	1.1656E6	
527	-7.0526E-1	1.4436E2	2.2673E0	1.1678E6	
528	-7.0633E-1	1.4278E2	2.2603E0	1.1701E6	
529	-7.0648E-1	1.4255E2	2.2535E0	1.1723E6	
530	-7.0633E-1	1.4278E2	2.2466E0	1.1745E6	
531	-7.0396E-1	1.4629E2	2.2397E0	1.1767E6	
532	-7.0763E-1	1.4085E2	2.2327E0	1.1789E6	
533	-7.0534E-1	1.4425E2	2.2258E0	1.1812E6	
534	-7.0419E-1	1.4595E2	2.2188E0	1.1834E6	
535	-7.0366E-1	1.4674E2	2.2120E0	1.1856E6	
536	-7.0549E-1	1.4402E2	2.2050E0	1.1878E6	
537	-7.0236E-1	1.4867E2	2.1981E0	1.1900E6	
538	-7.0427E-1	1.4583E2	2.1912E0	1.1923E6	
539	-7.0282E-1	1.4799E2	2.1842E0	1.1945E6	
540	-7.0190E-1	1.4934E2	2.1772E0	1.1967E6	
541	-7.0435E-1	1.4572E2	2.1703E0	1.1989E6	
542	-7.0267E-1	1.4821E2	2.1633E0	1.2011E6	
543	-7.0091E-1	1.5082E2	2.1564E0	1.2034E6	
544	-7.0267E-1	1.4821E2	2.1495E0	1.2056E6	
545	-7.0366E-1	1.4674E2	2.1425E0	1.2078E6	
546	-7.0213E-1	1.4901E2	2.1355E0	1.2100E6	
547	-7.0282E-1	1.4799E2	2.1286E0	1.2122E6	
548	-7.0061E-1	1.5127E2	2.1216E0	1.2145E6	
549	-7.0320E-1	1.4742E2	2.1147E0	1.2167E6	
550	-7.0168E-1	1.4968E2	2.1078E0	1.2189E6	
551	-7.0297E-1	1.4776E2	2.1007E0	1.2211E6	
552	-6.9977E-1	1.5252E2	2.0938E0	1.2233E6	
553	-7.0152E-1	1.4991E2	2.0868E0	1.2256E6	
554	-7.0099E-1	1.5070E2	2.0799E0	1.2278E6	
555	-6.9962E-1	1.5274E2	2.0729E0	1.2300E6	
556	-7.0030E-1	1.5172E2	2.0659E0	1.2322E6	
557	-7.0038E-1	1.5161E2	2.0590E0	1.2344E6	
558	-7.0114E-1	1.5048E2	2.0519E0	1.2367E6	
559	-7.0190E-1	1.4934E2	2.0451E0	1.2389E6	
560	-6.9855E-1	1.5433E2	2.0380E0	1.2411E6	
561	-6.9908E-1	1.5353E2	2.0311E0	1.2433E6	
562	-7.0366E-1	1.4674E2	2.0241E0	1.2455E6	
563	-6.9756E-1	1.5580E2	2.0170E0	1.2478E6	
564	-6.9962E-1	1.5274E2	2.0101E0	1.2500E6	
565	-6.9847E-1	1.5444E2	2.0031E0	1.2522E6	
566	-6.9855E-1	1.5433E2	1.9961E0	1.2544E6	
567	-6.9839E-1	1.5455E2	1.9891E0	1.2566E6	
568	-7.0183E-1	1.4946E2	1.9821E0	1.2589E6	
569	-6.9809E-1	1.5501E2	1.9751E0	1.2611E6	
570	-6.9702E-1	1.5659E2	1.9681E0	1.2633E6	
571	-6.9649E-1	1.5738E2	1.9611E0	1.2655E6	
572	-6.9695E-1	1.5670E2	1.9540E0	1.2677E6	
573	-6.9794E-1	1.5523E2	1.9470E0	1.2700E6	
574	-6.9664E-1	1.5716E2	1.9400E0	1.2722E6	
575	-6.9542E-1	1.5897E2	1.9331E0	1.2744E6	
576	-6.9473E-1	1.5999E2	1.9260E0	1.2766E6	
577	-6.9321E-1	1.6225E2	1.9191E0	1.2788E6	
578	-6.9466E-1	1.6010E2	1.9120E0	1.2811E6	
579	-6.9305E-1	1.6248E2	1.9050E0	1.2833E6	
580	-6.9412E-1	1.6089E2	1.8979E0	1.2855E6	
581	-6.9450E-1	1.6033E2	1.8909E0	1.2877E6	
582	-6.9626E-1	1.5772E2	1.8839E0	1.2899E6	
583	-6.9321E-1	1.6225E2	1.8769E0	1.2922E6	
584	-6.9336E-1	1.6203E2	1.8698E0	1.2944E6	
585	-6.9054E-1	1.6622E2	1.8628E0	1.2966E6	
586	-6.9244E-1	1.6338E2	1.8558E0	1.2988E6	
587	-6.9344E-1	1.6191E2	1.8487E0	1.3010E6	
588	-6.9496E-1	1.5965E2	1.8418E0	1.3033E6	
589	-6.9008E-1	1.6689E2	1.8347E0	1.3055E6	
590	-6.9138E-1	1.6497E2	1.8277E0	1.3077E6	
591	-6.9221E-1	1.6372E2	1.8207E0	1.3099E6	
592	-6.9138E-1	1.6497E2	1.8136E0	1.3121E6	
593	-6.9168E-1	1.6452E2	1.8066E0	1.3144E6	
594	-6.9191E-1	1.6418E2	1.7995E0	1.3166E6	
595	-6.9145E-1	1.6486E2	1.7926E0	1.3188E6	
596	-6.8954E-1	1.6769E2	1.7855E0	1.3210E6	
597	-6.9145E-1	1.6486E2	1.7784E0	1.3232E6	
598	-6.9130E-1	1.6508E2	1.7714E0	1.3255E6	
599	-6.8893E-1	1.6859E2	1.7643E0	1.3277E6	
600	-6.9138E-1	1.6497E2	1.7573E0	1.3299E6	
601	-6.8977E-1	1.6735E2	1.7502E0	1.3321E6	
602	-6.8871E-1	1.6893E2	1.7432E0	1.3343E6	
603	-6.8939E-1	1.6791E2	1.7361E0	1.3366E6	
604	-6.8832E-1	1.6950E2	1.7290E0	1.3388E6	
605	-6.9153E-1	1.6474E2	1.7220E0	1.3410E6	
606	-6.9038E-1	1.6644E2	1.7149E0	1.3432E6	
607	-6.8741E-1	1.7086E2	1.7079E0	1.3454E6	
608	-6.9016E-1	1.6678E2	1.7008E0	1.3477E6	
609	-6.8916E-1	1.6825E2	1.6936E0	1.3499E6	
610	-6.8832E-1	1.6950E2	1.6866E0	1.3521E6	
611	-6.8977E-1	1.6735E2	1.6796E0	1.3543E6	
612	-6.8687E-1	1.7165E2	1.6725E0	1.3565E6	
613	-6.8657E-1	1.7210E2	1.6655E0	1.3588E6	
614	-6.8878E-1	1.6882E2	1.6583E0	1.3610E6	
615	-6.8756E-1	1.7063E2	1.6514E0	1.3632E6	
616	-6.8626E-1	1.7256E2	1.6442E0	1.3654E6	
617	-6.8626E-1	1.7256E2	1.6371E0	1.3676E6	
618	-6.8626E-1	1.7256E2	1.6299E0	1.3699E6	
619	-6.8954E-1	1.6769E2	1.6230E0	1.3721E6	
620	-6.8855E-1	1.6916E2	1.6159E0	1.3743E6	
621	-6.8504E-1	1.7437E2	1.6087E0	1.3765E6	
622	-6.8481E-1	1.7471E2	1.6016E0	1.3787E6	
623	-6.8703E-1	1.7142E2	1.5946E0	1.3810E6	
624	-6.8649E-1	1.7222E2	1.5875E0	1.3832E6	
625	-6.8466E-1	1.7493E2	1.5804E0	1.3854E6	
626	-6.8695E-1	1.7154E2	1.5733E0	1.3876E6	
627	-6.8474E-1	1.7482E2	1.5662E0	1.3898E6	
628	-6.8550E-1	1.7369E2	1.5591E0	1.3921E6	
629	-6.8466E-1	1.7493E2	1.5520E0	1.3943E6	
630	-6.8382E-1	1.7618E2	1.5449E0	1.3965E6	
631	-6.8306E-1	1.7731E2	1.5379E0	1.3987E6	
632	-6.8230E-1	1.7844E2	1.5307E0	1.4009E6	
633	-6.8672E-1	1.7188E2	1.5237E0	1.4032E6	
634	-6.8283E-1	1.7765E2	1.5165E0	1.4054E6	
635	-6.8352E-1	1.7663E2	1.5094E0	1.4076E6	
636	-6.8382E-1	1.7618E2	1.5023E0	1.4098E6	
637	-6.8176E-1	1.7924E2	1.4952E0	1.4120E6	
638	-6.8062E-1	1.8093E2	1.4880E0	1.4143E6	
639	-6.8329E-1	1.7697E2	1.4809E0	1.4165E6	
640	-6.7841E-1	1.8422E2	1.4739E0	1.4187E6	
641	-6.8176E-1	1.7924E2	1.4667E0	1.4209E6	
642	-6.8184E-1	1.7912E2	1.4595E0	1.4231E6	
643	-6.8130E-1	1.7992E2	1.4525E0	1.4254E6	
644	-6.8008E-1	1.8173E2	1.4453E0	1.4276E6	
645	-6.8077E-1	1.8071E2	1.4382E0	1.4298E6	
646	-6.7986E-1	1.8207E2	1.4311E0	1.4320E6	
647	-6.7924E-1	1.8297E2	1.4240E0	1.4342E6	
648	-6.7657E-1	1.8694E2	1.4168E0	1.4365E6	
649	-6.7932E-1	1.8286E2	1.4097E0	1.4387E6	
650	-6.7894E-1	1.8343E2	1.4026E0	1.4409E6	
651	-6.7810E-1	1.8467E2	1.3955E0	1.4431E6	
652	-6.7795E-1	1.8490E2	1.3884E0	1.4453E6	
653	-6.7871E-1	1.8377E2	1.3812E0	1.4476E6	
654	-6.7764E-1	1.8535E2	1.3740E0	1.4498E6	
655	-6.7719E-1	1.8603E2	1.3669E0	1.4520E6	
656	-6.7680E-1	1.8660E2	1.3597E0	1.4542E6	
657	-6.7635E-1	1.8728E2	1.3527E0	1.4564E6	
658	-6.7711E-1	1.8614E2	1.3455E0	1.4587E6	
659	-6.7642E-1	1.8716E2	1.3384E0	1.4609E6	
660	-6.7726E-1	1.8592E2	1.3312E0	1.4631E6	
661	-6.7406E-1	1.9067E2	1.3241E0	1.4653E6	
662	-6.7497E-1	1.8931E2	1.3170E0	1.4675E6	
663	-6.7535E-1	1.8875E2	1.3098E0	1.4698E6	
664	-6.7429E-1	1.9033E2	1.3026E0	1.4720E6	
665	-6.7192E-1	1.9384E2	1.2955E0	1.4742E6	
666	-6.7421E-1	1.9045E2	1.2882E0	1.4764E6	
667	-6.7413E-1	1.9056E2	1.2811E0	1.4786E6	
668	-6.7421E-1	1.9045E2	1.2740E0	1.4809E6	
669	-6.7627E-1	1.8739E2	1.2669E0	1.4831E6	
670	-6.7429E-1	1.9033E2	1.2597E0	1.4853E6	
671	-6.7596E-1	1.8784E2	1.2525E0	1.4875E6	
672	-6.7200E-1	1.9373E2	1.2454E0	1.4897E6	
673	-6.7429E-1	1.9033E2	1.2382E0	1.4920E6	
674	-6.7566E-1	1.8829E2	1.2311E0	1.4942E6	
675	-6.7444E-1	1.9011E2	1.2239E0	1.4964E6	
676	-6.7421E-1	1.9045E2	1.2167E0	1.4986E6	
677	-6.7436E-1	1.9022E2	1.2097E0	1.5008E6	
678	-6.7284E-1	1.9248E2	1.2023E0	1.5031E6	
679	-6.7245E-1	1.9305E2	1.1953E0	1.5053E6	
680	-6.7329E-1	1.9180E2	1.1881E0	1.5075E6	
681	-6.7276E-1	1.9260E2	1.1810E0	1.5097E6	
682	-6.6956E-1	1.9735E2	1.1738E0	1.5119E6	
683	-6.7207E-1	1.9362E2	1.1667E0	1.5142E6	
684	-6.7123E-1	1.9486E2	1.1595E0	1.5164E6	
685	-6.7162E-1	1.9430E2	1.1524E0	1.5186E6	
686	-6.7131E-1	1.9475E2	1.1453E0	1.5208E6	
687	-6.6986E-1	1.9690E2	1.1380E0	1.5230E6	
688	-7.1426E-1	1.3100E2	1.1309E0	1.5253E6	
689	-7.1762E-1	1.2602E2	1.1237E0	1.5275E6	
690	-7.1449E-1	1.3066E2	1.1165E0	1.5297E6	
691	-7.0580E-1	1.4357E2	1.1094E0	1.5319E6	
692	-7.0061E-1	1.5127E2	1.1022E0	1.5341E6	
693	-6.9786E-1	1.5535E2	1.0951E0	1.5364E6	
694	-6.9412E-1	1.6089E2	1.0879E0	1.5386E6	
695	-6.8611E-1	1.7278E2	1.0807E0	1.5408E6	
696	-6.7856E-1	1.8399E2	1.0736E0	1.5430E6	
697	-6.6971E-1	1.9713E2	1.0663E0	1.5452E6	
698	-6.6360E-1	2.0618E2	1.0593E0	1.5475E6	
699	-6.5758E-1	2.1513E2	1.0521E0	1.5497E6	
700	-6.5201E-1	2.2339E2	1.0449E0	1.5519E6	
701	-6.4568E-1	2.3279E2	1.0378E0	1.5541E6	
702	-6.4163E-1	2.3879E2	1.0305E0	1.5563E6	
703	-6.3866E-1	2.4321E2	1.0234E0	1.5586E6	
704	-6.3683E-1	2.4593E2	1.0162E0	1.5608E6	
705	-6.3110E-1	2.5442E2	1.0091E0	1.5630E6	
706	-6.2836E-1	2.5849E2	1.0019E0	1.5652E6	
707	-6.2218E-1	2.6767E2	9.9471E-1	1.5674E6	
708	-6.1913E-1	2.7219E2	9.8754E-1	1.5697E6	
709	-6.1630E-1	2.7638E2	9.8039E-1	1.5719E6	
710	-6.0989E-1	2.8590E2	9.7316E-1	1.5741E6	
711	-6.0165E-1	2.9812E2	9.6607E-1	1.5763E6	
712	-5.9929E-1	3.0163E2	9.5883E-1	1.5785E6	
713	-5.9265E-1	3.1148E2	9.5169E-1	1.5808E6	
714	-5.8823E-1	3.1805E2	9.4451E-1	1.5830E6	
715	-5.8250E-1	3.2654E2	9.3751E-1	1.5852E6	
716	-5.8365E-1	3.2484E2	9.3024E-1	1.5874E6	
717	-5.7968E-1	3.3073E2	9.2302E-1	1.5896E6	
718	-5.7632E-1	3.3571E2	9.1583E-1	1.5919E6	
719	-5.7205E-1	3.4205E2	9.0862E-1	1.5941E6	
720	-5.6808E-1	3.4794E2	9.0154E-1	1.5963E6	
721	-5.6374E-1	3.5440E2	8.9438E-1	1.5985E6	
722	-5.6007E-1	3.5983E2	8.8713E-1	1.6007E6	
723	-5.5939E-1	3.6085E2	8.8003E-1	1.6030E6	
724	-5.5511E-1	3.6719E2	8.7290E-1	1.6052E6	
725	-5.4863E-1	3.7682E2	8.6575E-1	1.6074E6	
726	-5.4947E-1	3.7557E2	8.5856E-1	1.6096E6	
727	-5.3780E-1	3.9289E2	8.5138E-1	1.6118E6	
728	-5.3383E-1	3.9878E2	8.4413E-1	1.6141E6	
729	-5.3261E-1	4.0059E2	8.3714E-1	1.6163E6	
730	-5.2757E-1	4.0807E2	8.2985E-1	1.6185E6	
731	-5.2376E-1	4.1373E2	8.2284E-1	1.6207E6	
732	-5.1987E-1	4.1950E2	8.1553E-1	1.6229E6	
733	-5.0934E-1	4.3513E2	8.0845E-1	1.6252E6	
734	-5.0812E-1	4.3694E2	8.0121E-1	1.6274E6	
735	-5.0171E-1	4.4645E2	7.9405E-1	1.6296E6	
736	-5.0018E-1	4.4871E2	7.8684E-1	1.6318E6	
737	-4.8851E-1	4.6604E2	7.7972E-1	1.6340E6	
738	-4.8332E-1	4.7374E2	7.7256E-1	1.6363E6	
739	-4.7729E-1	4.8268E2	7.6547E-1	1.6385E6	
740	-4.7264E-1	4.8959E2	7.5824E-1	1.6407E6	
741	-4.6677E-1	4.9831E2	7.5109E-1	1.6429E6	
742	-4.6036E-1	5.0782E2	7.4390E-1	1.6451E6	
743	-4.5624E-1	5.1393E2	7.3676E-1	1.6474E6	
744	-4.4708E-1	5.2752E2	7.2968E-1	1.6496E6	
745	-4.4563E-1	5.2967E2	7.2252E-1	1.6518E6	
746	-4.3823E-1	5.4065E2	7.1527E-1	1.6540E6	
747	-4.2976E-1	5.5322E2	7.0818E-1	1.6562E6	
748	-4.2946E-1	5.5367E2	7.0101E-1	1.6585E6	
749	-4.2282E-1	5.6352E2	6.9400E-1	1.6607E6	
750	-4.1328E-1	5.7768E2	6.8676E-1	1.6629E6	
751	-4.0924E-1	5.8368E2	6.7967E-1	1.6651E6	
752	-4.0215E-1	5.9421E2	6.7242E-1	1.6673E6	
753	-3.9452E-1	6.0553E2	6.6534E-1	1.6696E6	
754	-3.8795E-1	6.1527E2	6.5825E-1	1.6718E6	
755	-3.9055E-1	6.1142E2	6.5102E-1	1.6740E6	
756	-3.8094E-1	6.2569E2	6.4388E-1	1.6762E6	
757	-3.7575E-1	6.3338E2	6.3679E-1	1.6784E6	
758	-3.7140E-1	6.3984E2	6.2963E-1	1.6807E6	
759	-3.6064E-1	6.5580E2	6.2253E-1	1.6829E6	
760	-3.5561E-1	6.6328E2	6.1537E-1	1.6851E6	
761	-3.4935E-1	6.7256E2	6.0824E-1	1.6873E6	
762	-3.3401E-1	6.9532E2	6.0107E-1	1.6895E6	
763	-3.3005E-1	7.0121E2	5.9394E-1	1.6918E6	
764	-3.2326E-1	7.1128E2	5.8689E-1	1.6940E6	
765	-3.0685E-1	7.3563E2	5.7972E-1	1.6962E6	
766	-3.0411E-1	7.3970E2	5.7360E-1	1.6981E6	
767	-3.0121E-1	7.4401E2	5.7319E-1	1.6982E6	
768	-3.0121E-1	7.4401E2	5.7319E-1	1.6982E6	
769	-3.0121E-1	7.4401E2	5.7319E-1	1.6982E6	
770	-3.0121E-1	7.4401E2	5.7319E-1	1.6982E6	
771	-3.0121E-1	7.4401E2	5.7319E-1	1.6982E6	
772	-3.0121E-1	7.4401E2	5.7319E-1	1.6982E6	
773	-3.0121E-1	7.4401E2	5.7319E-1	1.6982E6	
774	-3.0121E-1	7.4401E2	5.7319E-1	1.6982E6	
775	-3.0121E-1	7.4401E2	5.7319E-1	1.6982E6	
776	-3.0121E-1	7.4401E2	5.7319E-1	1.6982E6	
777	-3.0121E-1	7.4401E2	5.7319E-1	1.6982E6	
778	-3.0121E-1	7.4401E2	5.7319E-1	1.6982E6	
779	-3.0121E-1	7.4401E2	5.7319E-1	1.6982E6	
780	-3.0121E-1	7.4401E2	5.7319E-1	1.6982E6	
781	-3.0121E-1	7.4401E2	5.7319E-1	1.6982E6	
782	-3.0121E-1	7.4401E2	5.7319E-1	1.6982E6	
783	-3.0121E-1	7.4401E2	5.7319E-1	1.6982E6	
784	-3.0121E-1	7.4401E2	5.7319E-1	1.6982E6	
785	-3.0121E-1	7.4401E2	5.7319E-1	1.6982E6	
786	-3.0121E-1	7.4401E2	5.7319E-1	1.6982E6	
787	-3.0121E-1	7.4401E2	5.7319E-1	1.6982E6	
788	-3.0121E-1	7.4401E2	5.7319E-1	1.6982E6	
789	-3.0121E-1	7.4401E2	5.7319E-1	1.6982E6	
790	-3.0121E-1	7.4401E2	5.7319E-1	1.6982E6	
791	-3.0121E-1	7.4401E2	5.7319E-1	1.6982E6	
792	-3.0121E-1	7.4401E2	5.7319E-1	1.6982E6	
793	-3.0121E-1	7.4401E2	5.7319E-1	1.6982E6	
794	-3.0121E-1	7.4401E2	5.7319E-1	1.6982E6	
795	-3.0121E-1	7.4401E2	5.7319E-1	1.6982E6	
796	-3.0121E-1	7.4401E2	5.7319E-1	1.6982E6	
797	-3.0121E-1	7.4401E2	5.7319E-1	1.6982E6	
798	-3.0121E-1	7.4401E2	5.7319E-1	1.6982E6	
799	-3.0121E-1	7.4401E2	5.7319E-1	1.6982E6	
800	-3.0121E-1	7.4401E2	5.7319E-1	1.6982E6	
801	-3.0121E-1	7.4401E2	5.7319E-1	1.6982E6	
802	-3.0121E-1	7.4401E2	5.7319E-1	1.6982E6	
803	-3.0121E-1	7.4401E2	5.7319E-1	1.6982E6	
804	-3.0121E-1	7.4401E2	5.7319E-1	1.6982E6	
805	-3.0121E-1	7.4401E2	5.7319E-1	1.6982E6	
806	-3.0121E-1	7.4401E2	5.7319E-1	1.6982E6	
807	-3.0121E-1	7.4401E2	5.7319E-1	1.6982E6	
808	-3.0121E-1	7.4401E2	5.7319E-1	1.6982E6	
809	-3.0121E-1	7.4401E2	5.7319E-1	1.6982E6	
810	-3.0121E-1	7.4401E2	5.7319E-1	1.6982E6	
811	-3.0121E-1	7.4401E2	5.7319E-1	1.6982E6	
812	-3.0121E-1	7.4401E2	5.7319E-1	1.6982E6	
813	-3.0121E-1	7.4401E2	5.7319E-1	1.6982E6	
814	-3.0121E-1	7.4401E2	5.7319E-1	1.6982E6	
815	-3.0121E-1	7.4401E2	5.7319E-1	1.6982E6	
816	-3.0121E-1	7.4401E2	5.7319E-1	1.6982E6	
817	-3.0121E-1	7.4401E2	5.7319E-1	1.6982E6	
818	-3.0121E-1	7.4401E2	5.7319E-1	1.6982E6	
819	-3.0121E-1	7.4401E2	5.7319E-1	1.6982E6	
820	-3.0121E-1	7.4401E2	5.7319E-1	1.6982E6	
821	-3.0121E-1	7.4401E2	5.7319E-1	1.6982E6	
822	-3.0121E-1	7.4401E2	5.7319E-1	1.6982E6	
823	-3.0121E-1	7.4401E2	5.7319E-1	1.6982E6	
824	-3.0121E-1	7.4401E2	5.7319E-1	1.6982E6	
825	-3.0121E-1	7.4401E2	5.7319E-1	1.6982E6	
826	-3.0121E-1	7.4401E2	5.7319E-1	1.6982E6	
827	-3.0121E-1	7.4401E2	5.7319E-1	1.6982E6	
828	-3.0121E-1	7.4401E2	5.7319E-1	1.6982E6	
829	-3.0121E-1	7.4401E2	5.7319E-1	1.6982E6	
830	-3.0121E-1	7.4401E2	5.7319E-1	1.6982E6	
831	-3.0121E-1	7.4401E2	5.7319E-1	1.6982E6	
832	-3.0121E-1	7.4401E2	5.7319E-1	1.6982E6	
833	-3.0121E-1	7.4401E2	5.7319E-1	1.6982E6	
834	-3.0121E-1	7.4401E2	5.7319E-1	1.6982E6	
835	-3.0121E-1	7.4401E2	5.7319E-1	1.6982E6	
836	-3.0121E-1	7.4401E2	5.7319E-1	1.6982E6	
837	-3.0121E-1	7.4401E2	5.7319E-1	1.6982E6	
838	-3.0121E-1	7.4401E2	5.7319E-1	1.6982E6	
839	-3.0121E-1	7.4401E2	5.7319E-1	1.6982E6	
840	-3.0121E-1	7.4401E2	5.7319E-1	1.6982E6	
841	-3.0121E-1	7.4401E2	5.7319E-1	1.6982E6	
842	-3.0121E-1	7.4401E2	5.7319E-1	1.6982E6	
843	-3.0121E-1	7.4401E2	5.7319E-1	1.6982E6	
844	-3.0121E-1	7.4401E2	5.7319E-1	1.6982E6	
845	-3.0121E-1	7.4401E2	5.7319E-1	1.6982E6	
846	-3.0121E-1	7.4401E2	5.7319E-1	1.6982E6	
847	-3.0121E-1	7.4401E2	5.7319E-1	1.6982E6	
848	-3.0121E-1	7.4401E2	5.7319E-1	1.6982E6	
849	-3.0121E-1	7.4401E2	5.7319E-1	1.6982E6	
850	-3.0121E-1	7.4401E2	5.7319E-1	1.6982E6	
851	-3.0121E-1	7.4401E2	5.7319E-1	1.6982E6	
852	-3.0121E-1	7.4401E2	5.7319E-1	1.6982E6	
853	-3.0121E-1	7.4401E2	5.7319E-1	1.6982E6	
854	-3.0121E-1	7.4401E2	5.7319E-1	1.6982E6	
855	-3.0121E-1	7.4401E2	5.7319E-1	1.6982E6	
856	-3.0121E-1	7.4401E2	5.7319E-1	1.6982E6	
857	-3.0121E-1	7.4401E2	5.7319E-1	1.6982E6	
858	-3.0121E-1	7.4401E2	5.7319E-1	1.6982E6	
859	-3.0121E-1	7.4401E2	5.7319E-1	1.6982E6	
860	-3.0121E-1	7.4401E2	5.7319E-1	1.6982E6	
861	-3.0121E-1	7.4401E2	5.7319E-1	1.6982E6	
862	-3.0121E-1	7.4401E2	5.7319E-1	1.6982E6	
863	-3.0121E-1	7.4401E2	5.7319E-1	1.6982E6	
864	-3.0121E-1	7.4401E2	5.7319E-1	1.6982E6	
865	-3.0121E-1	7.4401E2	5.7319E-1	1.6982E6	
866	-3.0121E-1	7.4401E2	5.7319E-1	1.6982E6	
867	-3.0121E-1	7.4401E2	5.7319E-1	1.6982E6	
868	-3.0121E-1	7.4401E2	5.7319E-1	1.6982E6	
869	-3.0121E-1	7.4401E2	5.7319E-1	1.6982E6	
870	-3.0121E-1	7.4401E2	5.7319E-1	1.6982E6	
871	-3.0121E-1	7.4401E2	5.7319E-1	1.6982E6	
872	-3.0121E-1	7.4401E2	5.7319E-1	1.6982E6	
873	-3.0121E-1	7.4401E2	5.7319E-1	1.6982E6	
874	-3.0121E-1	7.4401E2	5.7319E-1	1.6982E6	
875	-3.0121E-1	7.4401E2	5.7319E-1	1.6982E6	
876	-3.0121E-1	7.4401E2	5.7319E-1	1.6982E6	
877	-3.0121E-1	7.4401E2	5.7319E-1	1.6982E6	
878	-3.0121E-1	7.4401E2	5.7319E-1	1.6982E6	
879	-3.0121E-1	7.4401E2	5.7319E-1	1.6982E6	
880	-3.0121E-1	7.4401E2	5.7319E-1	1.6982E6	
881	-3.0121E-1	7.4401E2	5.7319E-1	1.6982E6	
882	-3.0121E-1	7.4401E2	5.7319E-1	1.6982E6	
883	-3.0121E-1	7.4401E2	5.7319E-1	1.6982E6	
884	-3.0121E-1	7.4401E2	5.7319E-1	1.6982E6	
885	-3.0121E-1	7.4401E2	5.7319E-1	1.6982E6	
886	-3.0121E-1	7.4401E2	5.7319E-1	1.6982E6	
887	-3.0121E-1	7.4401E2	5.7319E-1	1.6982E6	
888	-3.0121E-1	7.4401E2	5.7319E-1	1.6982E6	
889	-3.0121E-1	7.4401E2	5.7319E-1	1.6982E6	
890	-3.0121E-1	7.4401E2	5.7319E-1	1.6982E6	
891	-3.0121E-1	7.4401E2	5.7319E-1	1.6982E6	
892	-3.0121E-1	7.4401E2	5.7319E-1	1.6982E6	
893	-3.0121E-1	7.4401E2	5.7319E-1	1.6982E6	
894	-3.0121E-1	7.4401E2	5.7319E-1	1.6982E6	
895	-3.0121E-1	7.4401E2	5.7319E-1	1.6982E6	
896	-3.0121E-1	7.4401E2	5.7319E-1	1.6982E6	
897	-3.0121E-1	7.4401E2	5.7319E-1	1.6982E6	
898	-3.0121E-1	7.4401E2	5.7319E-1	1.6982E6	
899	-3.0121E-1	7.4401E2	5.7319E-1	1.6982E6	
900	-3.0121E-1	7.4401E2	5.7319E-1	1.6982E6	
901	-3.0121E-1	7.4401E2	5.7319E-1	1.6982E6	
902	-3.0121E-1	7.4401E2	5.7319E-1	1.6982E6	
903	-3.0121E-1	7.4401E2	5.7319E-1	1.6982E6	
904	-3.0121E-1	7.4401E2	5.7319E-1	1.6982E6	
905	-3.0121E-1	7.4401E2	5.7319E-1	1.6982E6	
906	-3.0121E-1	7.4401E2	5.7319E-1	1.6982E6	
907	-3.0121E-1	7.4401E2	5.7319E-1	1.6982E6	
908	-3.0121E-1	7.4401E2	5.7319E-1	1.6982E6	
909	-3.0121E-1	7.4401E2	5.7319E-1	1.6982E6	
910	-3.0121E-1	7.4401E2	5.7319E-1	1.6982E6	
911	-3.0121E-1	7.4401E2	5.7319E-1	1.6982E6	
912	-3.0121E-1	7.4401E2	5.7319E-1	1.6982E6	
913	-3.0121E-1	7.4401E2	5.7319E-1	1.6982E6	
914	-3.0121E-1	7.4401E2	5.7319E-1	1.6982E6	
915	-3.0121E-1	7.4401E2	5.7319E-1	1.6982E6	
916	-3.0121E-1	7.4401E2	5.7319E-1	1.6982E6	
917	-3.0121E-1	7.4401E2	5.7319E-1	1.6982E6	
918	-3.0121E-1	7.4401E2	5.7319E-1	1.6982E6	
919	-3.0121E-1	7.4401E2	5.7319E-1	1.6982E6	
920	-3.0121E-1	7.4401E2	5.7319E-1	1.6982E6	
921	-3.0121E-1	7.4401E2	5.7319E-1	1.6982E6	
922	-3.0121E-1	7.4401E2	5.7319E-1	1.6982E6	
923	-3.0121E-1	7.4401E2	5.7319E-1	1.6982E6	
924	-3.0121E-1	7.4401E2	5.7319E-1	1.6982E6	
925	-3.0121E-1	7.4401E2	5.7319E-1	1.6982E6	
926	-3.0121E-1	7.4401E2	5.7319E-1	1.6982E6	
927	-3.0121E-1	7.4401E2	5.7319E-1	1.6982E6	
928	-3.0121E-1	7.4401E2	5.7319E-1	1.6982E6	
929	-3.0121E-1	7.4401E2	5.7319E-1	1.6982E6	
930	-3.0121E-1	7.4401E2	5.7319E-1	1.6982E6	
931	-3.0121E-1	7.4401E2	5.7319E-1	1.6982E6	
932	-3.0121E-1	7.4401E2	5.7319E-1	1.6982E6	
933	-3.0121E-1	7.4401E2	5.7319E-1	1.6982E6	
934	-3.0121E-1	7.4401E2	5.7319E-1	1.6982E6	
935	-3.0121E-1	7.4401E2	5.7319E-1	1.6982E6	
936	-3.0121E-1	7.4401E2	5.7319E-1	1.6982E6	
937	-3.0121E-1	7.4401E2	5.7319E-1	1.6982E6	
938	-3.0121E-1	7.4401E2	5.7319E-1	1.6982E6	
939	-3.0121E-1	7.4401E2	5.7319E-1	1.6982E6	
940	-3.0121E-1	7.4401E2	5.7319E-1	1.6982E6	
941	-3.0121E-1	7.4401E2	5.7319E-1	1.6982E6	
942	-3.0121E-1	7.4401E2	5.7319E-1	1.6982E6	
943	-3.0121E-1	7.4401E2	5.7319E-1	1.6982E6	
944	-3.0121E-1	7.4401E2	5.7319E-1	1.6982E6	
945	-3.0121E-1	7.4401E2	5.7319E-1	1.6982E6	
946	-3.0121E-1	7.4401E2	5.7319E-1	1.6982E6	
947	-3.0121E-1	7.4401E2	5.7319E-1	1.6982E6	
948	-3.0121E-1	7.4401E2	5.7319E-1	1.6982E6	
949	-3.0121E-1	7.4401E2	5.7319E-1	1.6982E6	
950	-3.0121E-1	7.4401E2	5.7319E-1	1.6982E6	
951	-3.0121E-1	7.4401E2	5.7319E-1	1.6982E6	
952	-3.0121E-1	7.4401E2	5.7319E-1	1.6982E6	
953	-3.0121E-1	7.4401E2	5.7319E-1	1.6982E6	
954	-3.0121E-1	7.4401E2	5.7319E-1	1.6982E6	
955	-3.0121E-1	7.4401E2	5.7319E-1	1.6982E6	
956	-3.0121E-1	7.4401E2	5.7319E-1	1.6982E6	
957	-3.0121E-1	7.4401E2	5.7319E-1	1.6982E6	
958	-3.0121E-1	7.4401E2	5.7319E-1	1.6982E6	
959	-3.0121E-1	7.4401E2	5.7319E-1	1.6982E6	
960	-3.0121E-1	7.4401E2	5.7319E-1	1.6982E6	
961	-3.0121E-1	7.4401E2	5.7319E-1	1.6982E6	
962	-3.0121E-1	7.4401E2	5.7319E-1	1.6982E6	
963	-3.0121E-1	7.4401E2	5.7319E-1	1.6982E6	
964	-3.0121E-1	7.4401E2	5.7319E-1	1.6982E6	
965	-3.0121E-1	7.4401E2	5.7319E-1	1.6982E6	
966	-3.0121E-1	7.4401E2	5.7319E-1	1.6982E6	
967	-3.0121E-1	7.4401E2	5.7319E-1	1.6982E6	
968	-3.0121E-1	7.4401E2	5.7319E-1	1.6982E6	
969	-3.0121E-1	7.4401E2	5.7319E-1	1.6982E6	
970	-3.0121E-1	7.4401E2	5.7319E-1	1.6982E6	
971	-3.0121E-1	7.4401E2	5.7319E-1	1.6982E6	
972	-3.0121E-1	7.4401E2	5.7319E-1	1.6982E6	
973	-3.0121E-1	7.4401E2	5.7319E-1	1.6982E6	
974	-3.0121E-1	7.4401E2	5.7319E-1	1.6982E6	
975	-3.0121E-1	7.4401E2	5.7319E-1	1.6982E6	
976	-3.0121E-1	7.4401E2	5.7319E-1	1.6982E6	
977	-3.0121E-1	7.4401E2	5.7319E-1	1.6982E6	
978	-3.0121E-1	7.4401E2	5.7319E-1	1.6982E6	
979	-3.0121E-1	7.4401E2	5.7319E-1	1.6982E6	
980	-3.0121E-1	7.4401E2	5.7319E-1	1.6982E6	
981	-3.0121E-1	7.4401E2	5.7319E-1	1.6982E6	
982	-3.0121E-1	7.4401E2	5.7319E-1	1.6982E6	
983	-3.0121E-1	7.4401E2	5.7319E-1	1.6982E6	
984	-3.0121E-1	7.4401E2	5.7319E-1	1.6982E6	
985	-3.0121E-1	7.4401E2	5.7319E-1	1.6982E6	
986	-3.0121E-1	7.4401E2	5.7319E-1	1.6982E6	
987	-3.0121E-1	7.4401E2	5.7319E-1	1.6982E6	
988	-3.0121E-1	7.4401E2	5.7319E-1	1.6982E6	
989	-3.0121E-1	7.4401E2	5.7319E-1	1.6982E6	
990	-3.0121E-1	7.4401E2	5.7319E-1	1.6982E6	
991	-3.0121E-1	7.4401E2	5.7319E-1	1.6982E6	
992	-3.0121E-1	7.4401E2	5.7319E-1	1.6982E6	
993	-3.0121E-1	7.4401E2	5.7319E-1	1.6982E6	
994	-3.0121E-1	7.4401E2	5.7319E-1	1.6982E6	
995	-3.0121E-1	7.4401E2	5.7319E-1	1.6982E6	
996	-3.0121E-1	7.4401E2	5.7319E-1	1.6982E6	
997	-3.0121E-1	7.4401E2	5.7319E-1	1.6982E6	
998	-3.0121E-1	7.4401E2	5.7319E-1	1.6982E6	
999	-3.0121E-1	7.4401E2	5.7319E-1	1.6982E6	
1000	-3.0121E-1	7.4401E2	5.7319E-1	1.6982E6	
1001	-3.0121E-1	7.4401E2	5.7319E-1	1.6982E6	
1002	-3.0121E-1	7.4401E2	5.7319E-1	1.6982E6	
1003	-3.0121E-1	7.4401E2	5.7319E-1	1.6982E6	
1004	-3.0121E-1	7.4401E2	5.7319E-1	1.6982E6	
1005	-3.0121E-1	7.4401E2	5.7319E-1	1.6982E6	
1006	-3.0121E-1	7.4401E2	5.7319E-1	1.6982E6	
1007	-3.0121E-1	7.4401E2	5.7319E-1	1.6982E6	
1008	-3.0121E-1	7.4401E2	5.7319E-1	1.6982E6	
1009	-3.0121E-1	7.4401E2	5.7319E-1	1.6982E6	
1010	-3.0121E-1	7.4401E2	5.7319E-1	1.6982E6	
1011	-3.0121E-1	7.4401E2	5.7319E-1	1.6982E6	
1012	-3.0121E-1	7.4401E2	5.7319E-1	1.6982E6	
1013	-3.0121E-1	7.4401E2	5.7319E-1	1.6982E6	
1014	-3.0121E-1	7.4401E2	5.7319E-1	1.6982E6	
1015	-3.0121E-1	7.4401E2	5.7319E-1	1.6982E6	
1016	-3.0121E-1	7.4401E2	5.7319E-1	1.6982E6	
1017	-3.0121E-1	7.4401E2	5.7319E-1	1.6982E6	
1018	-3.0121E-1	7.4401E2	5.7319E-1	1.6982E6	
1019	-3.0121E-1	7.4401E2	5.7319E-1	1.6982E6	
1020	-3.0121E-1	7.4401E2	5.7319E-1	1.6982E6	
1021	-3.0121E-1	7.4401E2	5.7319E-1	1.6982E6	
1022	-3.0121E-1	7.4401E2	5.7319E-1	1.6982E6	
1023	-3.0121E-1	7.4401E2	5.7319E-1	1.6982E6	
1024	-3.0121E-1	7.4401E2	5.7319E-1	1.6982E6	
1025	-3.0197E-1	7.4287E2	5.7313E-1	1.6982E6	
1026	-3.4370E-1	6.8094E2	5.7456E-1	1.7005E6	
1027	-3.6942E-1	6.4278E2	5.7721E-1	1.7027E6	
1028	-3.9322E-1	6.0746E2	5.8030E-1	1.7049E6	
1029	-4.1382E-1	5.7689E2	5.8365E-1	1.7071E6	
1030	-4.2686E-1	5.5752E2	5.8727E-1	1.7093E6	
1031	-4.4472E-1	5.3103E2	5.9098E-1	1.7116E6	
1032	-4.6104E-1	5.0680E2	5.9478E-1	1.7138E6	
1033	-4.7424E-1	4.8721E2	5.9865E-1	1.7160E6	
1034	-4.8813E-1	4.6660E2	6.0269E-1	1.7182E6	
1035	-5.0049E-1	4.4826E2	6.0676E-1	1.7204E6	
1036	-5.1582E-1	4.2550E2	6.1091E-1	1.7227E6	
1037	-5.2475E-1	4.1225E2	6.1501E-1	1.7249E6	
1038	-5.3650E-1	3.9482E2	6.1925E-1	1.7271E6	
1039	-5.4466E-1	3.8270E2	6.2351E-1	1.7293E6	
1040	-5.5710E-1	3.6425E2	6.2796E-1	1.7315E6	
1041	-5.6870E-1	3.4704E2	6.3222E-1	1.7338E6	
1042	-5.8258E-1	3.2643E2	6.3660E-1	1.7360E6	
1043	-5.8998E-1	3.1545E2	6.4092E-1	1.7382E6	
1044	-6.0234E-1	2.9710E2	6.4541E-1	1.7404E6	
1045	-6.1577E-1	2.7718E2	6.4981E-1	1.7426E6	
1046	-6.2347E-1	2.6574E2	6.5418E-1	1.7449E6	
1047	-6.3278E-1	2.5193E2	6.5869E-1	1.7471E6	
1048	-6.4178E-1	2.3857E2	6.6323E-1	1.7493E6	
1049	-6.5468E-1	2.1943E2	6.6761E-1	1.7515E6	
1050	-6.6078E-1	2.1037E2	6.7219E-1	1.7537E6	
1051	-6.7024E-1	1.9633E2	6.7678E-1	1.7560E6	
1052	-6.7757E-1	1.8546E2	6.8136E-1	1.7582E6	
1053	-6.8985E-1	1.6723E2	6.8588E-1	1.7604E6	
1054	-6.9839E-1	1.5455E2	6.9045E-1	1.7626E6	
1055	-7.0732E-1	1.4131E2	6.9508E-1	1.7648E6	
1056	-7.1747E-1	1.2625E2	6.9968E-1	1.7671E6	
1057	-7.2044E-1	1.2183E2	7.0430E-1	1.7693E6	
1058	-7.2739E-1	1.1153E2	7.0902E-1	1.7715E6	
1059	-7.3959E-1	9.3411E1	7.1357E-1	1.7737E6	
1060	-7.4272E-1	8.8769E1	7.1824E-1	1.7759E6	
1061	-7.5317E-1	7.3257E1	7.2290E-1	1.7782E6	
1062	-7.5996E-1	6.3180E1	7.2752E-1	1.7804E6	
1063	-7.6622E-1	5.3895E1	7.3222E-1	1.7826E6	
1064	-7.7415E-1	4.2120E1	7.3699E-1	1.7848E6	
1065	-7.7873E-1	3.5326E1	7.4165E-1	1.7870E6	
1066	-7.8934E-1	1.9588E1	7.4635E-1	1.7893E6	
1067	-7.9079E-1	1.7437E1	7.5106E-1	1.7915E6	
1068	-8.0345E-1	-1.3587E0	7.5580E-1	1.7937E6	
1069	-8.0086E-1	2.4910E0	7.6051E-1	1.7959E6	
1070	-8.1284E-1	-1.5285E1	7.6526E-1	1.7981E6	
1071	-8.1589E-1	-1.9814E1	7.7006E-1	1.8004E6	
1072	-8.1978E-1	-2.5589E1	7.7479E-1	1.8026E6	
1073	-8.2703E-1	-3.6345E1	7.7952E-1	1.8048E6	
1074	-8.2985E-1	-4.0535E1	7.8433E-1	1.8070E6	
1075	-8.3694E-1	-5.1065E1	7.8909E-1	1.8092E6	
1076	-8.4183E-1	-5.8311E1	7.9389E-1	1.8115E6	
1077	-8.5037E-1	-7.0993E1	7.9874E-1	1.8137E6	
1078	-8.5396E-1	-7.6314E1	8.0352E-1	1.8159E6	
1079	-8.5693E-1	-8.0730E1	8.0828E-1	1.8181E6	
1080	-8.6655E-1	-9.4996E1	8.1313E-1	1.8203E6	
1081	-8.7471E-1	-1.0711E2	8.1795E-1	1.8226E6	
1082	-8.7151E-1	-1.0236E2	8.2279E-1	1.8248E6	
1083	-8.8280E-1	-1.1911E2	8.2762E-1	1.8270E6	
1084	-8.8745E-1	-1.2602E2	8.3249E-1	1.8292E6	
1085	-8.9195E-1	-1.3270E2	8.3736E-1	1.8314E6	
1086	-8.9714E-1	-1.4040E2	8.4215E-1	1.8337E6	
1087	-8.9844E-1	-1.4232E2	8.4707E-1	1.8359E6	
1088	-9.0286E-1	-1.4889E2	8.5196E-1	1.8381E6	
1089	-9.0698E-1	-1.5501E2	8.5675E-1	1.8403E6	
1090	-9.1019E-1	-1.5976E2	8.6165E-1	1.8425E6	
1091	-9.1576E-1	-1.6803E2	8.6664E-1	1.8448E6	
1092	-9.1667E-1	-1.6939E2	8.7151E-1	1.8470E6	
1093	-9.2148E-1	-1.7652E2	8.7642E-1	1.8492E6	
1094	-9.2339E-1	-1.7935E2	8.8131E-1	1.8514E6	
1095	-9.2743E-1	-1.8535E2	8.8624E-1	1.8536E6	
1096	-9.3307E-1	-1.9373E2	8.9117E-1	1.8559E6	
1097	-9.4032E-1	-2.0449E2	8.9610E-1	1.8581E6	
1098	-9.3964E-1	-2.0347E2	9.0104E-1	1.8603E6	
1099	-9.4162E-1	-2.0641E2	9.0594E-1	1.8625E6	
1100	-9.4841E-1	-2.1649E2	9.1095E-1	1.8647E6	
1101	-9.4803E-1	-2.1592E2	9.1590E-1	1.8670E6	
1102	-9.5589E-1	-2.2758E2	9.2072E-1	1.8692E6	
1103	-9.5879E-1	-2.3189E2	9.2578E-1	1.8714E6	
1104	-9.5924E-1	-2.3257E2	9.3072E-1	1.8736E6	
1105	-9.5909E-1	-2.3234E2	9.3576E-1	1.8758E6	
1106	-9.6359E-1	-2.3902E2	9.4086E-1	1.8781E6	
1107	-9.6169E-1	-2.3619E2	9.4582E-1	1.8803E6	
1108	-9.6489E-1	-2.4094E2	9.5079E-1	1.8825E6	
1109	-9.6985E-1	-2.4830E2	9.5583E-1	1.8847E6	
1110	-9.7168E-1	-2.5102E2	9.6081E-1	1.8869E6	
1111	-9.7397E-1	-2.5442E2	9.6579E-1	1.8892E6	
1112	-9.7198E-1	-2.5147E2	9.7092E-1	1.8914E6	
1113	-9.7389E-1	-2.5430E2	9.7599E-1	1.8936E6	
1114	-9.7878E-1	-2.6155E2	9.8098E-1	1.8958E6	
1115	-9.8091E-1	-2.6472E2	9.8605E-1	1.8980E6	
1116	-9.8244E-1	-2.6699E2	9.9108E-1	1.9003E6	
1117	-9.8381E-1	-2.6902E2	9.9608E-1	1.9025E6	
1118	-9.8373E-1	-2.6891E2	1.0011E0	1.9047E6	
1119	-9.8427E-1	-2.6970E2	1.0062E0	1.9069E6	
1120	-9.8770E-1	-2.7480E2	1.0112E0	1.9091E6	
1121	-9.8839E-1	-2.7582E2	1.0164E0	1.9114E6	
1122	-9.8930E-1	-2.7718E2	1.0214E0	1.9136E6	
1123	-9.9091E-1	-2.7955E2	1.0266E0	1.9158E6	
1124	-9.9472E-1	-2.8522E2	1.0317E0	1.9180E6	
1125	-9.9075E-1	-2.7933E2	1.0369E0	1.9202E6	
1126	-9.9533E-1	-2.8612E2	1.0420E0	1.9225E6	
1127	-9.9892E-1	-2.9144E2	1.0471E0	1.9247E6	
1128	-9.9419E-1	-2.8442E2	1.0521E0	1.9269E6	
1129	-9.9464E-1	-2.8510E2	1.0573E0	1.9291E6	
1130	-9.9602E-1	-2.8714E2	1.0624E0	1.9313E6	
1131	-9.9731E-1	-2.8907E2	1.0675E0	1.9336E6	
1132	-9.9312E-1	-2.8284E2	1.0726E0	1.9358E6	
1133	-9.9869E-1	-2.9110E2	1.0779E0	1.9380E6	
1134	-9.9716E-1	-2.8884E2	1.0831E0	1.9402E6	
1135	-1.0031E0	-2.9767E2	1.0881E0	1.9424E6	
1136	-9.9747E-1	-2.8929E2	1.0933E0	1.9447E6	
1137	-9.9678E-1	-2.8827E2	1.0985E0	1.9469E6	
1138	-9.9709E-1	-2.8873E2	1.1037E0	1.9491E6	
1139	-9.9922E-1	-2.9190E2	1.1090E0	1.9513E6	
1140	-9.9602E-1	-2.8714E2	1.1141E0	1.9535E6	
1141	-9.9861E-1	-2.9099E2	1.1193E0	1.9558E6	
1142	-9.9579E-1	-2.8680E2	1.1245E0	1.9580E6	
1143	-9.9945E-1	-2.9224E2	1.1297E0	1.9602E6	
1144	-9.9953E-1	-2.9235E2	1.1349E0	1.9624E6	
1145	-1.0008E0	-2.9427E2	1.1401E0	1.9646E6	
1146	-9.9800E-1	-2.9008E2	1.1455E0	1.9669E6	
1147	-9.9724E-1	-2.8895E2	1.1506E0	1.9691E6	
1148	-9.9503E-1	-2.8567E2	1.1558E0	1.9713E6	
1149	-9.9579E-1	-2.8680E2	1.1611E0	1.9735E6	
1150	-9.9266E-1	-2.8216E2	1.1664E0	1.9757E6	
1151	-9.9327E-1	-2.8306E2	1.1716E0	1.9780E6	
1152	-9.8831E-1	-2.7570E2	1.1768E0	1.9802E6	
1153	-9.8969E-1	-2.7774E2	1.1821E0	1.9824E6	
1154	-9.8511E-1	-2.7095E2	1.1874E0	1.9846E6	
1155	-9.8824E-1	-2.7559E2	1.1926E0	1.9868E6	
1156	-9.8450E-1	-2.7004E2	1.1980E0	1.9891E6	
1157	-9.8457E-1	-2.7016E2	1.2032E0	1.9913E6	
1158	-9.8282E-1	-2.6755E2	1.2085E0	1.9935E6	
1159	-9.8267E-1	-2.6733E2	1.2138E0	1.9957E6	
1160	-9.8389E-1	-2.6914E2	1.2191E0	1.9979E6	
1161	-9.8328E-1	-2.6823E2	1.2244E0	2.0002E6	
1162	-9.8282E-1	-2.6755E2	1.2298E0	2.0024E6	
1163	-9.7816E-1	-2.6065E2	1.2350E0	2.0046E6	
1164	-9.7923E-1	-2.6223E2	1.2404E0	2.0068E6	
1165	-9.7481E-1	-2.5566E2	1.2457E0	2.0090E6	
1166	-9.7176E-1	-2.5113E2	1.2511E0	2.0113E6	
1167	-9.7084E-1	-2.4978E2	1.2565E0	2.0135E6	
1168	-9.7183E-1	-2.5125E2	1.2619E0	2.0157E6	
1169	-9.6764E-1	-2.4502E2	1.2672E0	2.0179E6	
1170	-9.6848E-1	-2.4627E2	1.2724E0	2.0201E6	
1171	-9.7198E-1	-2.5147E2	1.2779E0	2.0224E6	
1172	-9.6703E-1	-2.4411E2	1.2832E0	2.0246E6	
1173	-9.7015E-1	-2.4876E2	1.2886E0	2.0268E6	
1174	-9.6802E-1	-2.4559E2	1.2940E0	2.0290E6	
1175	-9.6916E-1	-2.4728E2	1.2993E0	2.0312E6	
1176	-9.6802E-1	-2.4559E2	1.3047E0	2.0335E6	
1177	-9.6413E-1	-2.3981E2	1.3101E0	2.0357E6	
1178	-9.6199E-1	-2.3664E2	1.3155E0	2.0379E6	
1179	-9.6130E-1	-2.3562E2	1.3209E0	2.0401E6	
1180	-9.5825E-1	-2.3109E2	1.3264E0	2.0423E6	
1181	-9.5619E-1	-2.2804E2	1.3318E0	2.0446E6	
1182	-9.5451E-1	-2.2555E2	1.3373E0	2.0468E6	
1183	-9.4772E-1	-2.1547E2	1.3426E0	2.0490E6	
1184	-9.4147E-1	-2.0618E2	1.3481E0	2.0512E6	
1185	-9.3765E-1	-2.0052E2	1.3535E0	2.0534E6	
1186	-9.2300E-1	-1.7878E2	1.3590E0	2.0557E6	
1187	-9.1492E-1	-1.6678E2	1.3644E0	2.0579E6	
1188	-9.1011E-1	-1.5965E2	1.3699E0	2.0601E6	
1189	-9.0210E-1	-1.4776E2	1.3753E0	2.0623E6	
1190	-8.6670E-1	-9.5223E1	1.3808E0	2.0645E6	
1191	-7.8468E-1	2.6495E1	1.3862E0	2.0668E6	
1192	-7.2716E-1	1.1187E2	1.3917E0	2.0690E6	
1193	-7.0618E-1	1.4300E2	1.3971E0	2.0712E6	
1194	-7.0236E-1	1.4867E2	1.4027E0	2.0734E6	
1195	-6.9611E-1	1.5795E2	1.4082E0	2.0756E6	
1196	-6.9420E-1	1.6078E2	1.4137E0	2.0779E6	
1197	-6.9084E-1	1.6576E2	1.4192E0	2.0801E6	
1198	-6.9099E-1	1.6554E2	1.4246E0	2.0823E6	
1199	-6.9130E-1	1.6508E2	1.4302E0	2.0845E6	
1200	-6.8924E-1	1.6814E2	1.4357E0	2.0867E6	
1201	-6.8634E-1	1.7244E2	1.4412E0	2.0890E6	
1202	-6.8420E-1	1.7561E2	1.4467E0	2.0912E6	
1203	-6.8672E-1	1.7188E2	1.4523E0	2.0934E6	
1204	-6.8680E-1	1.7176E2	1.4579E0	2.0956E6	
1205	-6.8382E-1	1.7618E2	1.4633E0	2.0978E6	
1206	-6.8512E-1	1.7425E2	1.4689E0	2.1001E6	
1207	-6.8687E-1	1.7165E2	1.4744E0	2.1023E6	
1208	-6.8588E-1	1.7312E2	1.4800E0	2.1045E6	
1209	-6.8703E-1	1.7142E2	1.4855E0	2.1067E6	
1210	-6.8718E-1	1.7120E2	1.4911E0	2.1089E6	
1211	-6.8176E-1	1.7924E2	1.4967E0	2.1112E6	
1212	-6.8344E-1	1.7675E2	1.5023E0	2.1134E6	
1213	-6.8375E-1	1.7629E2	1.5078E0	2.1156E6	
1214	-6.8321E-1	1.7709E2	1.5134E0	2.1178E6	
1215	-6.8535E-1	1.7391E2	1.5191E0	2.1200E6	
1216	-6.8398E-1	1.7595E2	1.5246E0	2.1223E6	
1217	-6.8237E-1	1.7833E2	1.5303E0	2.1245E6	
1218	-6.8268E-1	1.7788E2	1.5359E0	2.1267E6	
1219	-6.8405E-1	1.7584E2	1.5414E0	2.1289E6	
1220	-6.8687E-1	1.7165E2	1.5470E0	2.1311E6	
1221	-6.8230E-1	1.7844E2	1.5527E0	2.1334E6	
1222	-6.8306E-1	1.7731E2	1.5582E0	2.1356E6	
1223	-6.8512E-1	1.7425E2	1.5639E0	2.1378E6	
1224	-6.8489E-1	1.7459E2	1.5695E0	2.1400E6	
1225	-6.8359E-1	1.7652E2	1.5752E0	2.1422E6	
1226	-6.8375E-1	1.7629E2	1.5808E0	2.1445E6	
1227	-6.8367E-1	1.7641E2	1.5865E0	2.1467E6	
1228	-6.8520E-1	1.7414E2	1.5920E0	2.1489E6	
1229	-6.8436E-1	1.7539E2	1.5978E0	2.1511E6	
1230	-6.8642E-1	1.7233E2	1.6034E0	2.1533E6	
1231	-6.8581E-1	1.7324E2	1.6091E0	2.1556E6	
1232	-6.8611E-1	1.7278E2	1.6148E0	2.1578E6	
1233	-6.8771E-1	1.7040E2	1.6205E0	2.1600E6	
1234	-6.8558E-1	1.7358E2	1.6262E0	2.1622E6	
1235	-6.8520E-1	1.7414E2	1.6319E0	2.1644E6	
1236	-6.8718E-1	1.7120E2	1.6375E0	2.1667E6	
1237	-6.8588E-1	1.7312E2	1.6433E0	2.1689E6	
1238	-6.8710E-1	1.7131E2	1.6489E0	2.1711E6	
1239	-6.8741E-1	1.7086E2	1.6547E0	2.1733E6	
1240	-6.8558E-1	1.7358E2	1.6604E0	2.1755E6	
1241	-6.8825E-1	1.6961E2	1.6661E0	2.1778E6	
1242	-6.8611E-1	1.7278E2	1.6718E0	2.1800E6	
1243	-6.8748E-1	1.7074E2	1.6775E0	2.1822E6	
1244	-6.8810E-1	1.6984E2	1.6833E0	2.1844E6	
1245	-6.8916E-1	1.6825E2	1.6889E0	2.1866E6	
1246	-6.8977E-1	1.6735E2	1.6947E0	2.1889E6	
1247	-6.8832E-1	1.6950E2	1.7003E0	2.1911E6	
1248	-6.8695E-1	1.7154E2	1.7061E0	2.1933E6	
1249	-6.8611E-1	1.7278E2	1.7120E0	2.1955E6	
1250	-6.8916E-1	1.6825E2	1.7176E0	2.1977E6	
1251	-6.8741E-1	1.7086E2	1.7235E0	2.2000E6	
1252	-6.8855E-1	1.6916E2	1.7292E0	2.2022E6	
1253	-6.9046E-1	1.6633E2	1.7350E0	2.2044E6	
1254	-6.8764E-1	1.7052E2	1.7408E0	2.2066E6	
1255	-6.9000E-1	1.6701E2	1.7465E0	2.2088E6	
1256	-6.8787E-1	1.7018E2	1.7523E0	2.2111E6	
1257	-6.8993E-1	1.6712E2	1.7582E0	2.2133E6	
1258	-6.8924E-1	1.6814E2	1.7639E0	2.2155E6	
1259	-6.8993E-1	1.6712E2	1.7696E0	2.2177E6	
1260	-6.9107E-1	1.6542E2	1.7755E0	2.2199E6	
1261	-6.9168E-1	1.6452E2	1.7814E0	2.2222E6	
1262	-6.9138E-1	1.6497E2	1.7871E0	2.2244E6	
1263	-6.9077E-1	1.6588E2	1.7928E0	2.2266E6	
1264	-6.8764E-1	1.7052E2	1.7987E0	2.2288E6	
1265	-6.9115E-1	1.6531E2	1.8047E0	2.2310E6	
1266	-6.8985E-1	1.6723E2	1.8104E0	2.2333E6	
1267	-6.9176E-1	1.6440E2	1.8162E0	2.2355E6	
1268	-6.8970E-1	1.6746E2	1.8221E0	2.2377E6	
1269	-6.8977E-1	1.6735E2	1.8279E0	2.2399E6	
1270	-6.9328E-1	1.6214E2	1.8338E0	2.2421E6	
1271	-6.9550E-1	1.5886E2	1.8396E0	2.2444E6	
1272	-6.9237E-1	1.6350E2	1.8454E0	2.2466E6	
1273	-6.9183E-1	1.6429E2	1.8513E0	2.2488E6	
1274	-6.9374E-1	1.6146E2	1.8572E0	2.2510E6	
1275	-6.9511E-1	1.5942E2	1.8630E0	2.2532E6	
1276	-6.9405E-1	1.6101E2	1.8689E0	2.2555E6	
1277	-6.9366E-1	1.6157E2	1.8748E0	2.2577E6	
1278	-6.9397E-1	1.6112E2	1.8807E0	2.2599E6	
1279	-6.9344E-1	1.6191E2	1.8866E0	2.2621E6	
1280	-6.9481E-1	1.5987E2	1.8925E0	2.2643E6	
1281	-6.9542E-1	1.5897E2	1.8984E0	2.2666E6	
1282	-6.9336E-1	1.6203E2	1.9043E0	2.2688E6	
1283	-6.9527E-1	1.5920E2	1.9102E0	2.2710E6	
1284	-6.9405E-1	1.6101E2	1.9160E0	2.2732E6	
1285	-6.9626E-1	1.5772E2	1.9220E0	2.2754E6	
1286	-6.9641E-1	1.5750E2	1.9279E0	2.2777E6	
1287	-6.9603E-1	1.5806E2	1.9337E0	2.2799E6	
1288	-6.9511E-1	1.5942E2	1.9398E0	2.2821E6	
1289	-6.9664E-1	1.5716E2	1.9457E0	2.2843E6	
1290	-6.9656E-1	1.5727E2	1.9516E0	2.2865E6	
1291	-6.9679E-1	1.5693E2	1.9576E0	2.2888E6	
1292	-6.9656E-1	1.5727E2	1.9635E0	2.2910E6	
1293	-6.9763E-1	1.5569E2	1.9694E0	2.2932E6	
1294	-6.9870E-1	1.5410E2	1.9754E0	2.2954E6	
1295	-6.9893E-1	1.5376E2	1.9814E0	2.2976E6	
1296	-6.9870E-1	1.5410E2	1.9872E0	2.2999E6	
1297	-6.9809E-1	1.5501E2	1.9933E0	2.3021E6	
1298	-7.0030E-1	1.5172E2	1.9992E0	2.3043E6	
1299	-6.9939E-1	1.5308E2	2.0052E0	2.3065E6	
1300	-6.9778E-1	1.5546E2	2.0112E0	2.3087E6	
1301	-6.9954E-1	1.5285E2	2.0172E0	2.3110E6	
1302	-6.9939E-1	1.5308E2	2.0232E0	2.3132E6	
1303	-7.0137E-1	1.5014E2	2.0291E0	2.3154E6	
1304	-6.9939E-1	1.5308E2	2.0352E0	2.3176E6	
1305	-7.0000E-1	1.5218E2	2.0411E0	2.3198E6	
1306	-6.9992E-1	1.5229E2	2.0472E0	2.3221E6	
1307	-7.0045E-1	1.5150E2	2.0532E0	2.3243E6	
1308	-7.0076E-1	1.5104E2	2.0592E0	2.3265E6	
1309	-7.0183E-1	1.4946E2	2.0652E0	2.3287E6	
1310	-7.0099E-1	1.5070E2	2.0713E0	2.3309E6	
1311	-7.0175E-1	1.4957E2	2.0773E0	2.3332E6	
1312	-7.0137E-1	1.5014E2	2.0833E0	2.3354E6	
1313	-6.9824E-1	1.5478E2	2.0893E0	2.3376E6	
1314	-7.0000E-1	1.5218E2	2.0954E0	2.3398E6	
1315	-7.0213E-1	1.4901E2	2.1014E0	2.3420E6	
1316	-7.0267E-1	1.4821E2	2.1075E0	2.3443E6	
1317	-7.0251E-1	1.4844E2	2.1135E0	2.3465E6	
1318	-7.0122E-1	1.5036E2	2.1196E0	2.3487E6	
1319	-6.9939E-1	1.5308E2	2.1257E0	2.3509E6	
1320	-7.0175E-1	1.4957E2	2.1317E0	2.3531E6	
1321	-7.0282E-1	1.4799E2	2.1378E0	2.3554E6	
1322	-7.0396E-1	1.4629E2	2.1439E0	2.3576E6	
1323	-7.0160E-1	1.4980E2	2.1499E0	2.3598E6	
1324	-7.0358E-1	1.4685E2	2.1560E0	2.3620E6	
1325	-7.0297E-1	1.4776E2	2.1621E0	2.3642E6	
1326	-7.0328E-1	1.4731E2	2.1682E0	2.3665E6	
1327	-7.0473E-1	1.4516E2	2.1743E0	2.3687E6	
1328	-7.0221E-1	1.4889E2	2.1804E0	2.3709E6	
1329	-7.0381E-1	1.4651E2	2.1865E0	2.3731E6	
1330	-7.0190E-1	1.4934E2	2.1927E0	2.3753E6	
1331	-7.0641E-1	1.4266E2	2.1988E0	2.3776E6	
1332	-7.0511E-1	1.4459E2	2.2049E0	2.3798E6	
1333	-7.0427E-1	1.4583E2	2.2110E0	2.3820E6	
1334	-7.0419E-1	1.4595E2	2.2171E0	2.3842E6	
1335	-7.0503E-1	1.4470E2	2.2233E0	2.3864E6	
1336	-7.0694E-1	1.4187E2	2.2294E0	2.3887E6	
1337	-7.0549E-1	1.4402E2	2.2357E0	2.3909E6	
1338	-7.0526E-1	1.4436E2	2.2418E0	2.3931E6	
1339	-7.0572E-1	1.4368E2	2.2480E0	2.3953E6	
1340	-7.0564E-1	1.4380E2	2.2541E0	2.3975E6	
1341	-7.0915E-1	1.3859E2	2.2602E0	2.3998E6	
1342	-7.0564E-1	1.4380E2	2.2664E0	2.4020E6	
1343	-7.0541E-1	1.4414E2	2.2726E0	2.4042E6	
1344	-7.0671E-1	1.4221E2	2.2788E0	2.4064E6	
1345	-7.0755E-1	1.4097E2	2.2850E0	2.4086E6	
1346	-7.0877E-1	1.3915E2	2.2912E0	2.4109E6	
1347	-7.0946E-1	1.3814E2	2.2974E0	2.4131E6	
1348	-7.0580E-1	1.4357E2	2.3035E0	2.4153E6	
1349	-7.0786E-1	1.4051E2	2.3097E0	2.4175E6	
1350	-7.0663E-1	1.4232E2	2.3159E0	2.4197E6	
1351	-7.0839E-1	1.3972E2	2.3222E0	2.4220E6	
1352	-7.0740E-1	1.4119E2	2.3284E0	2.4242E6	
1353	-7.0869E-1	1.3927E2	2.3346E0	2.4264E6	
1354	-7.0923E-1	1.3848E2	2.3409E0	2.4286E6	
1355	-7.0908E-1	1.3870E2	2.3470E0	2.4308E6	
1356	-7.0732E-1	1.4131E2	2.3533E0	2.4331E6	
1357	-7.1060E-1	1.3644E2	2.3595E0	2.4353E6	
1358	-7.0953E-1	1.3802E2	2.3658E0	2.4375E6	
1359	-7.0877E-1	1.3915E2	2.3721E0	2.4397E6	
1360	-7.1136E-1	1.3530E2	2.3783E0	2.4419E6	
1361	-7.1175E-1	1.3474E2	2.3846E0	2.4442E6	
1362	-7.1045E-1	1.3666E2	2.3907E0	2.4464E6	
1363	-7.1098E-1	1.3587E2	2.3972E0	2.4486E6	
1364	-7.1144E-1	1.3519E2	2.4034E0	2.4508E6	
1365	-7.1228E-1	1.3395E2	2.4096E0	2.4530E6	
1366	-7.1243E-1	1.3372E2	2.4159E0	2.4553E6	
1367	-7.1129E-1	1.3542E2	2.4222E0	2.4575E6	
1368	-7.1312E-1	1.3270E2	2.4285E0	2.4597E6	
1369	-7.1228E-1	1.3395E2	2.4348E0	2.4619E6	
1370	-7.1449E-1	1.3066E2	2.4411E0	2.4641E6	
1371	-7.1259E-1	1.3349E2	2.4474E0	2.4664E6	
1372	-7.1236E-1	1.3383E2	2.4537E0	2.4686E6	
1373	-7.1266E-1	1.3338E2	2.4600E0	2.4708E6	
1374	-7.1617E-1	1.2817E2	2.4663E0	2.4730E6	
1375	-7.1266E-1	1.3338E2	2.4726E0	2.4752E6	
1376	-7.1495E-1	1.2998E2	2.4790E0	2.4775E6	
1377	-7.1381E-1	1.3168E2	2.4853E0	2.4797E6	
1378	-7.1358E-1	1.3202E2	2.4916E0	2.4819E6	
1379	-7.1617E-1	1.2817E2	2.4980E0	2.4841E6	
1380	-7.1495E-1	1.2998E2	2.5044E0	2.4863E6	
1381	-7.1671E-1	1.2738E2	2.5107E0	2.4886E6	
1382	-7.1625E-1	1.2806E2	2.5170E0	2.4908E6	
1383	-7.1678E-1	1.2727E2	2.5234E0	2.4930E6	
1384	-7.1587E-1	1.2862E2	2.5298E0	2.4952E6	
1385	-7.1449E-1	1.3066E2	2.5361E0	2.4974E6	
1386	-7.1648E-1	1.2772E2	2.5426E0	2.4997E6	
1387	-7.1556E-1	1.2908E2	2.5490E0	2.5019E6	
1388	-7.1640E-1	1.2783E2	2.5553E0	2.5041E6	
1389	-7.1762E-1	1.2602E2	2.5617E0	2.5063E6	
1390	-7.1709E-1	1.2681E2	2.5681E0	2.5085E6	
1391	-7.1808E-1	1.2534E2	2.5744E0	2.5108E6	
1392	-7.1373E-1	1.3179E2	2.5809E0	2.5130E6	
1393	-7.1556E-1	1.2908E2	2.5873E0	2.5152E6	
1394	-7.1724E-1	1.2659E2	2.5936E0	2.5174E6	
1395	-7.1617E-1	1.2817E2	2.6000E0	2.5196E6	
1396	-7.1770E-1	1.2591E2	2.6065E0	2.5219E6	
1397	-7.1861E-1	1.2455E2	2.6129E0	2.5241E6	
1398	-7.1480E-1	1.3021E2	2.6193E0	2.5263E6	
1399	-7.1556E-1	1.2908E2	2.6258E0	2.5285E6	
1400	-7.1991E-1	1.2262E2	2.6322E0	2.5307E6	
1401	-7.1533E-1	1.2942E2	2.6386E0	2.5330E6	
1402	-7.1991E-1	1.2262E2	2.6451E0	2.5352E6	
1403	-7.1648E-1	1.2772E2	2.6515E0	2.5374E6	
1404	-7.2014E-1	1.2228E2	2.6580E0	2.5396E6	
1405	-7.2014E-1	1.2228E2	2.6644E0	2.5418E6	
1406	-7.2021E-1	1.2217E2	2.6709E0	2.5441E6	
1407	-7.1999E-1	1.2251E2	2.6773E0	2.5463E6	
1408	-7.2006E-1	1.2240E2	2.6837E0	2.5485E6	
1409	-7.1922E-1	1.2364E2	2.6902E0	2.5507E6	
1410	-7.2006E-1	1.2240E2	2.6968E0	2.5529E6	
1411	-7.1884E-1	1.2421E2	2.7033E0	2.5552E6	
1412	-7.1983E-1	1.2274E2	2.7098E0	2.5574E6	
1413	-7.1831E-1	1.2500E2	2.7161E0	2.5596E6	
1414	-7.2021E-1	1.2217E2	2.7226E0	2.5618E6	
1415	-7.1907E-1	1.2387E2	2.7292E0	2.5640E6	
1416	-7.2006E-1	1.2240E2	2.7356E0	2.5663E6	
1417	-7.2418E-1	1.1628E2	2.7422E0	2.5685E6	
1418	-7.2205E-1	1.1945E2	2.7486E0	2.5707E6	
1419	-7.2189E-1	1.1968E2	2.7552E0	2.5729E6	
1420	-7.2166E-1	1.2002E2	2.7617E0	2.5751E6	
1421	-7.2495E-1	1.1515E2	2.7682E0	2.5774E6	
1422	-7.2136E-1	1.2047E2	2.7747E0	2.5796E6	
1423	-7.2197E-1	1.1957E2	2.7813E0	2.5818E6	
1424	-7.2227E-1	1.1911E2	2.7877E0	2.5840E6	
1425	-7.2456E-1	1.1572E2	2.7943E0	2.5862E6	
1426	-7.2296E-1	1.1809E2	2.8009E0	2.5885E6	
1427	-7.2517E-1	1.1481E2	2.8074E0	2.5907E6	
1428	-7.2365E-1	1.1708E2	2.8140E0	2.5929E6	
1429	-7.2304E-1	1.1798E2	2.8205E0	2.5951E6	
1430	-7.2510E-1	1.1492E2	2.8271E0	2.5973E6	
1431	-7.2586E-1	1.1379E2	2.8337E0	2.5996E6	
1432	-7.2556E-1	1.1424E2	2.8402E0	2.6018E6	
1433	-7.2655E-1	1.1277E2	2.8468E0	2.6040E6	
1434	-7.2609E-1	1.1345E2	2.8533E0	2.6062E6	
1435	-7.2601E-1	1.1357E2	2.8599E0	2.6084E6	
1436	-7.2601E-1	1.1357E2	2.8665E0	2.6107E6	
1437	-7.2701E-1	1.1209E2	2.8731E0	2.6129E6	
1438	-7.2609E-1	1.1345E2	2.8797E0	2.6151E6	
1439	-7.2662E-1	1.1266E2	2.8863E0	2.6173E6	
1440	-7.2807E-1	1.1051E2	2.8929E0	2.6195E6	
1441	-7.2777E-1	1.1096E2	2.8995E0	2.6218E6	
1442	-7.2662E-1	1.1266E2	2.9061E0	2.6240E6	
1443	-7.2815E-1	1.1040E2	2.9127E0	2.6262E6	
1444	-7.2868E-1	1.0960E2	2.9192E0	2.6284E6	
1445	-7.2784E-1	1.1085E2	2.9260E0	2.6306E6	
1446	-7.2807E-1	1.1051E2	2.9326E0	2.6329E6	
1447	-7.2639E-1	1.1300E2	2.9392E0	2.6351E6	
1448	-7.3067E-1	1.0666E2	2.9458E0	2.6373E6	
1449	-7.3120E-1	1.0587E2	2.9525E0	2.6395E6	
1450	-7.2891E-1	1.0926E2	2.9591E0	2.6417E6	
1451	-7.3013E-1	1.0745E2	2.9657E0	2.6440E6	
1452	-7.3128E-1	1.0575E2	2.9724E0	2.6462E6	
1453	-7.2845E-1	1.0994E2	2.9790E0	2.6484E6	
1454	-7.3051E-1	1.0689E2	2.9857E0	2.6506E6	
1455	-7.2983E-1	1.0790E2	2.9923E0	2.6528E6	
1456	-7.3082E-1	1.0643E2	2.9990E0	2.6551E6	
1457	-7.3044E-1	1.0700E2	3.0056E0	2.6573E6	
1458	-7.3105E-1	1.0609E2	3.0123E0	2.6595E6	
1459	-7.3082E-1	1.0643E2	3.0190E0	2.6617E6	
1460	-7.3151E-1	1.0541E2	3.0256E0	2.6639E6	
1461	-7.3288E-1	1.0338E2	3.0323E0	2.6662E6	
1462	-7.3036E-1	1.0711E2	3.0390E0	2.6684E6	
1463	-7.3051E-1	1.0689E2	3.0457E0	2.6706E6	
1464	-7.3280E-1	1.0349E2	3.0524E0	2.6728E6	
1465	-7.3219E-1	1.0439E2	3.0591E0	2.6750E6	
1466	-7.3128E-1	1.0575E2	3.0658E0	2.6773E6	
1467	-7.3280E-1	1.0349E2	3.0725E0	2.6795E6	
1468	-7.3189E-1	1.0485E2	3.0792E0	2.6817E6	
1469	-7.3311E-1	1.0304E2	3.0859E0	2.6839E6	
1470	-7.3326E-1	1.0281E2	3.0926E0	2.6861E6	
1471	-7.3235E-1	1.0417E2	3.0994E0	2.6884E6	
1472	-7.3303E-1	1.0315E2	3.1061E0	2.6906E6	
1473	-7.3540E-1	9.9639E1	3.1128E0	2.6928E6	
1474	-7.3349E-1	1.0247E2	3.1195E0	2.6950E6	
1475	-7.3135E-1	1.0564E2	3.1262E0	2.6972E6	
1476	-7.3296E-1	1.0326E2	3.1330E0	2.6995E6	
1477	-7.3204E-1	1.0462E2	3.1398E0	2.7017E6	
1478	-7.3303E-1	1.0315E2	3.1464E0	2.7039E6	
1479	-7.3357E-1	1.0236E2	3.1533E0	2.7061E6	
1480	-7.3647E-1	9.8054E1	3.1600E0	2.7083E6	
1481	-7.3296E-1	1.0326E2	3.1668E0	2.7106E6	
1482	-7.3822E-1	9.5449E1	3.1736E0	2.7128E6	
1483	-7.3708E-1	9.7148E1	3.1803E0	2.7150E6	
1484	-7.3540E-1	9.9639E1	3.1870E0	2.7172E6	
1485	-7.3784E-1	9.6015E1	3.1939E0	2.7194E6	
1486	-7.3326E-1	1.0281E2	3.2007E0	2.7217E6	
1487	-7.3547E-1	9.9525E1	3.2074E0	2.7239E6	
1488	-7.3769E-1	9.6242E1	3.2141E0	2.7261E6	
1489	-7.3730E-1	9.6808E1	3.2210E0	2.7283E6	
1490	-7.3769E-1	9.6242E1	3.2278E0	2.7305E6	
1491	-7.3853E-1	9.4996E1	3.2346E0	2.7328E6	
1492	-7.3570E-1	9.9186E1	3.2413E0	2.7350E6	
1493	-7.3807E-1	9.5676E1	3.2482E0	2.7372E6	
1494	-7.3837E-1	9.5223E1	3.2550E0	2.7394E6	
1495	-7.4020E-1	9.2505E1	3.2619E0	2.7416E6	
1496	-7.3822E-1	9.5449E1	3.2686E0	2.7439E6	
1497	-7.3898E-1	9.4317E1	3.2755E0	2.7461E6	
1498	-7.4059E-1	9.1939E1	3.2822E0	2.7483E6	
1499	-7.3898E-1	9.4317E1	3.2892E0	2.7505E6	
1500	-7.3814E-1	9.5563E1	3.2959E0	2.7527E6	
1501	-7.4005E-1	9.2732E1	3.3028E0	2.7550E6	
1502	-7.3891E-1	9.4430E1	3.3096E0	2.7572E6	
1503	-7.3997E-1	9.2845E1	3.3164E0	2.7594E6	
1504	-7.4051E-1	9.2053E1	3.3233E0	2.7616E6	
1505	-7.4265E-1	8.8882E1	3.3301E0	2.7638E6	
1506	-7.4173E-1	9.0241E1	3.3371E0	2.7661E6	
1507	-7.4150E-1	9.0581E1	3.3439E0	2.7683E6	
1508	-7.4066E-1	9.1826E1	3.3507E0	2.7705E6	
1509	-7.4234E-1	8.9335E1	3.3576E0	2.7727E6	
1510	-7.4173E-1	9.0241E1	3.3644E0	2.7749E6	
1511	-7.4326E-1	8.7976E1	3.3714E0	2.7772E6	
1512	-7.4318E-1	8.8090E1	3.3782E0	2.7794E6	
1513	-7.4295E-1	8.8429E1	3.3851E0	2.7816E6	
1514	-7.4203E-1	8.9788E1	3.3920E0	2.7838E6	
1515	-7.4440E-1	8.6278E1	3.3989E0	2.7860E6	
1516	-7.4471E-1	8.5825E1	3.4058E0	2.7883E6	
1517	-7.4242E-1	8.9222E1	3.4127E0	2.7905E6	
1518	-7.4234E-1	8.9335E1	3.4195E0	2.7927E6	
1519	-7.4295E-1	8.8429E1	3.4265E0	2.7949E6	
1520	-7.4364E-1	8.7410E1	3.4333E0	2.7971E6	
1521	-7.4295E-1	8.8429E1	3.4402E0	2.7994E6	
1522	-7.4486E-1	8.5599E1	3.4472E0	2.8016E6	
1523	-7.4326E-1	8.7976E1	3.4541E0	2.8038E6	
1524	-7.4486E-1	8.5599E1	3.4610E0	2.8060E6	
1525	-7.4478E-1	8.5712E1	3.4679E0	2.8082E6	
1526	-7.4524E-1	8.5033E1	3.4748E0	2.8105E6	
1527	-7.4570E-1	8.4353E1	3.4818E0	2.8127E6	
1528	-7.4669E-1	8.2881E1	3.4887E0	2.8149E6	
1529	-7.4577E-1	8.4240E1	3.4956E0	2.8171E6	
1530	-7.4684E-1	8.2655E1	3.5026E0	2.8193E6	
1531	-7.4471E-1	8.5825E1	3.5096E0	2.8216E6	
1532	-7.4486E-1	8.5599E1	3.5166E0	2.8238E6	
1533	-7.4440E-1	8.6278E1	3.5235E0	2.8260E6	
1534	-7.4585E-1	8.4127E1	3.5304E0	2.8282E6	
1535	-7.4516E-1	8.5146E1	3.5374E0	2.8304E6	
1536	-7.4722E-1	8.2089E1	3.5444E0	2.8327E6	
1537	-7.4707E-1	8.2315E1	3.5513E0	2.8349E6	
1538	-7.4677E-1	8.2768E1	3.5584E0	2.8371E6	
1539	-7.4524E-1	8.5033E1	3.5653E0	2.8393E6	
1540	-7.4692E-1	8.2542E1	3.5723E0	2.8415E6	
1541	-7.4982E-1	7.8239E1	3.5792E0	2.8438E6	
1542	-7.4760E-1	8.1523E1	3.5861E0	2.8460E6	
1543	-7.4959E-1	7.8579E1	3.5933E0	2.8482E6	
1544	-7.4974E-1	7.8352E1	3.6002E0	2.8504E6	
1545	-7.4936E-1	7.8918E1	3.6073E0	2.8526E6	
1546	-7.4982E-1	7.8239E1	3.6142E0	2.8549E6	
1547	-7.4806E-1	8.0843E1	3.6213E0	2.8571E6	
1548	-7.4913E-1	7.9258E1	3.6283E0	2.8593E6	
1549	-7.5081E-1	7.6767E1	3.6353E0	2.8615E6	
1550	-7.5020E-1	7.7673E1	3.6423E0	2.8637E6	
1551	-7.4974E-1	7.8352E1	3.6492E0	2.8660E6	
1552	-7.5249E-1	7.4276E1	3.6563E0	2.8682E6	
1553	-7.5203E-1	7.4955E1	3.6633E0	2.8704E6	
1554	-7.5378E-1	7.2351E1	3.6703E0	2.8726E6	
1555	-7.5203E-1	7.4955E1	3.6774E0	2.8748E6	
1556	-7.5195E-1	7.5069E1	3.6845E0	2.8771E6	
1557	-7.5249E-1	7.4276E1	3.6915E0	2.8793E6	
1558	-7.5264E-1	7.4050E1	3.6984E0	2.8815E6	
1559	-7.5310E-1	7.3370E1	3.7056E0	2.8837E6	
1560	-7.5180E-1	7.5295E1	3.7126E0	2.8859E6	
1561	-7.5287E-1	7.3710E1	3.7198E0	2.8882E6	
1562	-7.5500E-1	7.0540E1	3.7267E0	2.8904E6	
1563	-7.5348E-1	7.2804E1	3.7337E0	2.8926E6	
1564	-7.5493E-1	7.0653E1	3.7410E0	2.8948E6	
1565	-7.5386E-1	7.2238E1	3.7480E0	2.8970E6	
1566	-7.5523E-1	7.0200E1	3.7550E0	2.8993E6	
1567	-7.5363E-1	7.2578E1	3.7621E0	2.9015E6	
1568	-7.5432E-1	7.1559E1	3.7692E0	2.9037E6	
1569	-7.5455E-1	7.1219E1	3.7762E0	2.9059E6	
1570	-7.5623E-1	6.8728E1	3.7834E0	2.9081E6	
1571	-7.5417E-1	7.1785E1	3.7904E0	2.9104E6	
1572	-7.5523E-1	7.0200E1	3.7974E0	2.9126E6	
1573	-7.5729E-1	6.7143E1	3.8045E0	2.9148E6	
1574	-7.5691E-1	6.7709E1	3.8117E0	2.9170E6	
1575	-7.5531E-1	7.0087E1	3.8189E0	2.9192E6	
1576	-7.5684E-1	6.7822E1	3.8259E0	2.9215E6	
1577	-7.5768E-1	6.6577E1	3.8330E0	2.9237E6	
1578	-7.5836E-1	6.5558E1	3.8401E0	2.9259E6	
1579	-7.5684E-1	6.7822E1	3.8473E0	2.9281E6	
1580	-7.5699E-1	6.7596E1	3.8544E0	2.9303E6	
1581	-7.6057E-1	6.2274E1	3.8616E0	2.9326E6	
1582	-7.5836E-1	6.5558E1	3.8686E0	2.9348E6	
1583	-7.5806E-1	6.6011E1	3.8757E0	2.9370E6	
1584	-7.5714E-1	6.7369E1	3.8829E0	2.9392E6	
1585	-7.5729E-1	6.7143E1	3.8901E0	2.9414E6	
1586	-7.5897E-1	6.4652E1	3.8973E0	2.9437E6	
1587	-7.5790E-1	6.6237E1	3.9044E0	2.9459E6	
1588	-7.6118E-1	6.1368E1	3.9116E0	2.9481E6	
1589	-7.5920E-1	6.4312E1	3.9187E0	2.9503E6	
1590	-7.5943E-1	6.3973E1	3.9258E0	2.9525E6	
1591	-7.6012E-1	6.2954E1	3.9330E0	2.9548E6	
1592	-7.5958E-1	6.3746E1	3.9401E0	2.9570E6	
1593	-7.5752E-1	6.6803E1	3.9473E0	2.9592E6	
1594	-7.5958E-1	6.3746E1	3.9545E0	2.9614E6	
1595	-7.5996E-1	6.3180E1	3.9616E0	2.9636E6	
1596	-7.6027E-1	6.2727E1	3.9688E0	2.9659E6	
1597	-7.6111E-1	6.1482E1	3.9761E0	2.9681E6	
1598	-7.6103E-1	6.1595E1	3.9832E0	2.9703E6	
1599	-7.6103E-1	6.1595E1	3.9905E0	2.9725E6	
1600	-7.6019E-1	6.2840E1	3.9976E0	2.9747E6	
1601	-7.6263E-1	5.9217E1	4.0049E0	2.9770E6	
1602	-7.6080E-1	6.1935E1	4.0120E0	2.9792E6	
1603	-7.6149E-1	6.0915E1	4.0192E0	2.9814E6	
1604	-7.6195E-1	6.0236E1	4.0264E0	2.9836E6	
1605	-7.6180E-1	6.0463E1	4.0336E0	2.9858E6	
1606	-7.6424E-1	5.6839E1	4.0408E0	2.9881E6	
1607	-7.6317E-1	5.8425E1	4.0480E0	2.9903E6	
1608	-7.6256E-1	5.9330E1	4.0553E0	2.9925E6	
1609	-7.6279E-1	5.8991E1	4.0625E0	2.9947E6	
1610	-7.6279E-1	5.8991E1	4.0697E0	2.9969E6	
1611	-7.6691E-1	5.2876E1	4.0769E0	2.9992E6	
1612	-7.6416E-1	5.6953E1	4.0841E0	3.0014E6	
1613	-7.6431E-1	5.6726E1	4.0914E0	3.0036E6	
1614	-7.6408E-1	5.7066E1	4.0987E0	3.0058E6	
1615	-7.6538E-1	5.5141E1	4.1058E0	3.0080E6	
1616	-7.6576E-1	5.4575E1	4.1131E0	3.0103E6	
1617	-7.6599E-1	5.4235E1	4.1203E0	3.0125E6	
1618	-7.6912E-1	4.9593E1	4.1276E0	3.0147E6	
1619	-7.6576E-1	5.4575E1	4.1349E0	3.0169E6	
1620	-7.6553E-1	5.4915E1	4.1422E0	3.0191E6	
1621	-7.6790E-1	5.1405E1	4.1493E0	3.0214E6	
1622	-7.6607E-1	5.4122E1	4.1567E0	3.0236E6	
1623	-7.6767E-1	5.1744E1	4.1639E0	3.0258E6	
1624	-7.6874E-1	5.0159E1	4.1711E0	3.0280E6	
1625	-7.6683E-1	5.2990E1	4.1785E0	3.0302E6	
1626	-7.6927E-1	4.9366E1	4.1858E0	3.0325E6	
1627	-7.6843E-1	5.0612E1	4.1931E0	3.0347E6	
1628	-7.6843E-1	5.0612E1	4.2002E0	3.0369E6	
1629	-7.6866E-1	5.0272E1	4.2076E0	3.0391E6	
1630	-7.6813E-1	5.1065E1	4.2149E0	3.0413E6	
1631	-7.7141E-1	4.6196E1	4.2222E0	3.0436E6	
1632	-7.6973E-1	4.8687E1	4.2294E0	3.0458E6	
1633	-7.7110E-1	4.6649E1	4.2368E0	3.0480E6	
1634	-7.6797E-1	5.1291E1	4.2441E0	3.0502E6	
1635	-7.7011E-1	4.8121E1	4.2514E0	3.0524E6	
1636	-7.6912E-1	4.9593E1	4.2587E0	3.0547E6	
1637	-7.6874E-1	5.0159E1	4.2661E0	3.0569E6	
1638	-7.7118E-1	4.6536E1	4.2733E0	3.0591E6	
1639	-7.7095E-1	4.6875E1	4.2807E0	3.0613E6	
1640	-7.6912E-1	4.9593E1	4.2880E0	3.0635E6	
1641	-7.7148E-1	4.6083E1	4.2953E0	3.0658E6	
1642	-7.7095E-1	4.6875E1	4.3027E0	3.0680E6	
1643	-7.7164E-1	4.5856E1	4.3100E0	3.0702E6	
1644	-7.7209E-1	4.5177E1	4.3173E0	3.0724E6	
1645	-7.7240E-1	4.4724E1	4.3246E0	3.0746E6	
1646	-7.7240E-1	4.4724E1	4.3320E0	3.0769E6	
1647	-7.7370E-1	4.2799E1	4.3394E0	3.0791E6	
1648	-7.7354E-1	4.3026E1	4.3467E0	3.0813E6	
1649	-7.7393E-1	4.2460E1	4.3541E0	3.0835E6	
1650	-7.7232E-1	4.4837E1	4.3614E0	3.0857E6	
1651	-7.7362E-1	4.2913E1	4.3688E0	3.0880E6	
1652	-7.7194E-1	4.5404E1	4.3760E0	3.0902E6	
1653	-7.7339E-1	4.3252E1	4.3835E0	3.0924E6	
1654	-7.7431E-1	4.1894E1	4.3908E0	3.0946E6	
1655	-7.7133E-1	4.6309E1	4.3982E0	3.0968E6	
1656	-7.7759E-1	3.7025E1	4.4055E0	3.0991E6	
1657	-7.7522E-1	4.0535E1	4.4128E0	3.1013E6	
1658	-7.7530E-1	4.0422E1	4.4204E0	3.1035E6	
1659	-7.7545E-1	4.0195E1	4.4277E0	3.1057E6	
1660	-7.7553E-1	4.0082E1	4.4351E0	3.1079E6	
1661	-7.7583E-1	3.9629E1	4.4424E0	3.1102E6	
1662	-7.7675E-1	3.8270E1	4.4498E0	3.1124E6	
1663	-7.7477E-1	4.1214E1	4.4572E0	3.1146E6	
1664	-7.7576E-1	3.9742E1	4.4646E0	3.1168E6	
1665	-7.7736E-1	3.7365E1	4.4719E0	3.1190E6	
1666	-7.7667E-1	3.8384E1	4.4794E0	3.1213E6	
1667	-7.7629E-1	3.8950E1	4.4868E0	3.1235E6	
1668	-7.7621E-1	3.9063E1	4.4941E0	3.1257E6	
1669	-7.7629E-1	3.8950E1	4.5016E0	3.1279E6	
1670	-7.7766E-1	3.6912E1	4.5089E0	3.1301E6	
1671	-7.7644E-1	3.8723E1	4.5164E0	3.1324E6	
1672	-7.7621E-1	3.9063E1	4.5238E0	3.1346E6	
1673	-7.7766E-1	3.6912E1	4.5312E0	3.1368E6	
1674	-7.8049E-1	3.2722E1	4.5387E0	3.1390E6	
1675	-7.8011E-1	3.3288E1	4.5461E0	3.1412E6	
1676	-7.7919E-1	3.4647E1	4.5534E0	3.1435E6	
1677	-7.7919E-1	3.4647E1	4.5609E0	3.1457E6	
1678	-7.7911E-1	3.4760E1	4.5683E0	3.1479E6	
1679	-7.7827E-1	3.6006E1	4.5757E0	3.1501E6	
1680	-7.7980E-1	3.3741E1	4.5831E0	3.1523E6	
1681	-7.8011E-1	3.3288E1	4.5906E0	3.1546E6	
1682	-7.8194E-1	3.0571E1	4.5981E0	3.1568E6	
1683	-7.7972E-1	3.3855E1	4.6056E0	3.1590E6	
1684	-7.7972E-1	3.3855E1	4.6129E0	3.1612E6	
1685	-7.8224E-1	3.0118E1	4.6204E0	3.1634E6	
1686	-7.8186E-1	3.0684E1	4.6278E0	3.1657E6	
1687	-7.8117E-1	3.1703E1	4.6352E0	3.1679E6	
1688	-7.8293E-1	2.9099E1	4.6427E0	3.1701E6	
1689	-7.8262E-1	2.9552E1	4.6501E0	3.1723E6	
1690	-7.8384E-1	2.7740E1	4.6575E0	3.1745E6	
1691	-7.8323E-1	2.8646E1	4.6650E0	3.1768E6	
1692	-7.8178E-1	3.0797E1	4.6725E0	3.1790E6	
1693	-7.8407E-1	2.7401E1	4.6800E0	3.1812E6	
1694	-7.8239E-1	2.9892E1	4.6874E0	3.1834E6	
1695	-7.8423E-1	2.7174E1	4.6948E0	3.1856E6	
1696	-7.8529E-1	2.5589E1	4.7023E0	3.1879E6	
1697	-7.8331E-1	2.8533E1	4.7098E0	3.1901E6	
1698	-7.8362E-1	2.8080E1	4.7173E0	3.1923E6	
1699	-7.8285E-1	2.9212E1	4.7246E0	3.1945E6	
1700	-7.8445E-1	2.6835E1	4.7321E0	3.1967E6	
1701	-7.8362E-1	2.8080E1	4.7397E0	3.1990E6	
1702	-7.8583E-1	2.4796E1	4.7470E0	3.2012E6	
1703	-7.8522E-1	2.5702E1	4.7545E0	3.2034E6	
1704	-7.8461E-1	2.6608E1	4.7620E0	3.2056E6	
1705	-7.8484E-1	2.6268E1	4.7695E0	3.2078E6	
1706	-7.8804E-1	2.1513E1	4.7770E0	3.2101E6	
1707	-7.8674E-1	2.3438E1	4.7844E0	3.2123E6	
1708	-7.8728E-1	2.2645E1	4.7919E0	3.2145E6	
1709	-7.8369E-1	2.7967E1	4.7994E0	3.2167E6	
1710	-7.8690E-1	2.3211E1	4.8069E0	3.2189E6	
1711	-7.8476E-1	2.6382E1	4.8143E0	3.2212E6	
1712	-7.8697E-1	2.3098E1	4.8218E0	3.2234E6	
1713	-7.8690E-1	2.3211E1	4.8293E0	3.2256E6	
1714	-7.8545E-1	2.5363E1	4.8368E0	3.2278E6	
1715	-7.8888E-1	2.0267E1	4.8444E0	3.2300E6	
1716	-7.8690E-1	2.3211E1	4.8519E0	3.2323E6	
1717	-7.8651E-1	2.3777E1	4.8593E0	3.2345E6	
1718	-7.8827E-1	2.1173E1	4.8668E0	3.2367E6	
1719	-7.8857E-1	2.0720E1	4.8744E0	3.2389E6	
1720	-7.8796E-1	2.1626E1	4.8818E0	3.2411E6	
1721	-7.8964E-1	1.9135E1	4.8893E0	3.2434E6	
1722	-7.8857E-1	2.0720E1	4.8968E0	3.2456E6	
1723	-7.9063E-1	1.7663E1	4.9043E0	3.2478E6	
1724	-7.8850E-1	2.0834E1	4.9117E0	3.2500E6	
1725	-7.8903E-1	2.0041E1	4.9193E0	3.2522E6	
1726	-7.8995E-1	1.8682E1	4.9268E0	3.2545E6	
1727	-7.9094E-1	1.7210E1	4.9344E0	3.2567E6	
1728	-7.9124E-1	1.6757E1	4.9419E0	3.2589E6	
1729	-7.8903E-1	2.0041E1	4.9494E0	3.2611E6	
1730	-7.8918E-1	1.9815E1	4.9569E0	3.2633E6	
1731	-7.9094E-1	1.7210E1	4.9645E0	3.2656E6	
1732	-7.8987E-1	1.8796E1	4.9720E0	3.2678E6	
1733	-7.9163E-1	1.6191E1	4.9794E0	3.2700E6	
1734	-7.9193E-1	1.5738E1	4.9869E0	3.2722E6	
1735	-7.9391E-1	1.2795E1	4.9945E0	3.2744E6	
1736	-7.9399E-1	1.2681E1	5.0019E0	3.2767E6	
1737	-7.9247E-1	1.4946E1	5.0095E0	3.2789E6	
1738	-7.9254E-1	1.4833E1	5.0171E0	3.2811E6	
1739	-7.9269E-1	1.4606E1	5.0246E0	3.2833E6	
1740	-7.9437E-1	1.2115E1	5.0322E0	3.2855E6	
1741	-7.9323E-1	1.3814E1	5.0396E0	3.2878E6	
1742	-7.9262E-1	1.4719E1	5.0472E0	3.2900E6	
1743	-7.9697E-1	8.2655E0	5.0548E0	3.2922E6	
1744	-7.9300E-1	1.4153E1	5.0622E0	3.2944E6	
1745	-7.9643E-1	9.0581E0	5.0697E0	3.2966E6	
1746	-7.9765E-1	7.2465E0	5.0773E0	3.2989E6	
1747	-7.9727E-1	7.8126E0	5.0849E0	3.3011E6	
1748	-7.9712E-1	8.0391E0	5.0923E0	3.3033E6	
1749	-7.9460E-1	1.1776E1	5.0999E0	3.3055E6	
1750	-7.9750E-1	7.4729E0	5.1075E0	3.3077E6	
1751	-7.9811E-1	6.5671E0	5.1150E0	3.3100E6	
1752	-7.9735E-1	7.6994E0	5.1226E0	3.3122E6	
1753	-7.9689E-1	8.3787E0	5.1301E0	3.3144E6	
1754	-7.9758E-1	7.3597E0	5.1376E0	3.3166E6	
1755	-7.9704E-1	8.1523E0	5.1452E0	3.3188E6	
1756	-7.9933E-1	4.7555E0	5.1527E0	3.3211E6	
1757	-7.9636E-1	9.1713E0	5.1603E0	3.3233E6	
1758	-8.0009E-1	3.6233E0	5.1678E0	3.3255E6	
1759	-7.9750E-1	7.4729E0	5.1754E0	3.3277E6	
1760	-7.9651E-1	8.9449E0	5.1829E0	3.3299E6	
1761	-7.9918E-1	4.9820E0	5.1905E0	3.3322E6	
1762	-7.9926E-1	4.8687E0	5.1980E0	3.3344E6	
1763	-7.9781E-1	7.0200E0	5.2056E0	3.3366E6	
1764	-8.0063E-1	2.8307E0	5.2131E0	3.3388E6	
1765	-8.0009E-1	3.6233E0	5.2206E0	3.3410E6	
1766	-8.0170E-1	1.2455E0	5.2282E0	3.3433E6	
1767	-8.0055E-1	2.9439E0	5.2357E0	3.3455E6	
1768	-8.0101E-1	2.2646E0	5.2433E0	3.3477E6	
1769	-8.0177E-1	1.1323E0	5.2508E0	3.3499E6	
1770	-7.9956E-1	4.4158E0	5.2584E0	3.3521E6	
1771	-7.9941E-1	4.6423E0	5.2660E0	3.3544E6	
1772	-7.9857E-1	5.8878E0	5.2735E0	3.3566E6	
1773	-8.0170E-1	1.2455E0	5.2811E0	3.3588E6	
1774	-8.0200E-1	7.9262E-1	5.2886E0	3.3610E6	
1775	-8.0261E-1	-1.1318E-1	5.2962E0	3.3632E6	
1776	-7.9933E-1	4.7555E0	5.3036E0	3.3655E6	
1777	-8.0299E-1	-6.7931E-1	5.3113E0	3.3677E6	
1778	-8.0345E-1	-1.3587E0	5.3188E0	3.3699E6	
1779	-8.0444E-1	-2.8306E0	5.3264E0	3.3721E6	
1780	-8.0376E-1	-1.8116E0	5.3340E0	3.3743E6	
1781	-8.0322E-1	-1.0190E0	5.3415E0	3.3766E6	
1782	-8.0299E-1	-6.7931E-1	5.3491E0	3.3788E6	
1783	-8.0460E-1	-3.0571E0	5.3565E0	3.3810E6	
1784	-8.0368E-1	-1.6983E0	5.3642E0	3.3832E6	
1785	-8.0391E-1	-2.0380E0	5.3717E0	3.3854E6	
1786	-8.0536E-1	-4.1893E0	5.3793E0	3.3877E6	
1787	-8.0475E-1	-3.2835E0	5.3868E0	3.3899E6	
1788	-8.0566E-1	-4.6422E0	5.3944E0	3.3921E6	
1789	-8.0612E-1	-5.3216E0	5.4019E0	3.3943E6	
1790	-8.0482E-1	-3.3967E0	5.4088E0	3.3963E6	
1791	-8.0482E-1	-3.3967E0	5.4088E0	3.3963E6	
1792	-8.0482E-1	-3.3967E0	5.4088E0	3.3963E6	
1793	-8.0482E-1	-3.3967E0	5.4088E0	3.3963E6	
1794	-8.0482E-1	-3.3967E0	5.4088E0	3.3963E6	
1795	-8.0482E-1	-3.3967E0	5.4088E0	3.3963E6	
1796	-8.0482E-1	-3.3967E0	5.4088E0	3.3963E6	
1797	-8.0482E-1	-3.3967E0	5.4088E0	3.3963E6	
1798	-8.0482E-1	-3.3967E0	5.4088E0	3.3963E6	
1799	-8.0482E-1	-3.3967E0	5.4088E0	3.3963E6	
1800	-8.0482E-1	-3.3967E0	5.4088E0	3.3963E6	
1801	-8.0482E-1	-3.3967E0	5.4088E0	3.3963E6	
1802	-8.0482E-1	-3.3967E0	5.4088E0	3.3963E6	
1803	-8.0482E-1	-3.3967E0	5.4088E0	3.3963E6	
1804	-8.0482E-1	-3.3967E0	5.4088E0	3.3963E6	
1805	-8.0482E-1	-3.3967E0	5.4088E0	3.3963E6	
1806	-8.0482E-1	-3.3967E0	5.4088E0	3.3963E6	
1807	-8.0482E-1	-3.3967E0	5.4088E0	3.3963E6	
1808	-8.0482E-1	-3.3967E0	5.4088E0	3.3963E6	
1809	-8.0482E-1	-3.3967E0	5.4088E0	3.3963E6	
1810	-8.0482E-1	-3.3967E0	5.4088E0	3.3963E6	
1811	-8.0482E-1	-3.3967E0	5.4088E0	3.3963E6	
1812	-8.0482E-1	-3.3967E0	5.4088E0	3.3963E6	
1813	-8.0482E-1	-3.3967E0	5.4088E0	3.3963E6	
1814	-8.0482E-1	-3.3967E0	5.4088E0	3.3963E6	
1815	-8.0482E-1	-3.3967E0	5.4088E0	3.3963E6	
1816	-8.0482E-1	-3.3967E0	5.4088E0	3.3963E6	
1817	-8.0482E-1	-3.3967E0	5.4088E0	3.3963E6	
1818	-8.0482E-1	-3.3967E0	5.4088E0	3.3963E6	
1819	-8.0482E-1	-3.3967E0	5.4088E0	3.3963E6	
1820	-8.0482E-1	-3.3967E0	5.4088E0	3.3963E6	
1821	-8.0482E-1	-3.3967E0	5.4088E0	3.3963E6	
1822	-8.0482E-1	-3.3967E0	5.4088E0	3.3963E6	
1823	-8.0482E-1	-3.3967E0	5.4088E0	3.3963E6	
1824	-8.0482E-1	-3.3967E0	5.4088E0	3.3963E6	
1825	-8.0482E-1	-3.3967E0	5.4088E0	3.3963E6	
1826	-8.0482E-1	-3.3967E0	5.4088E0	3.3963E6	
1827	-8.0482E-1	-3.3967E0	5.4088E0	3.3963E6	
1828	-8.0482E-1	-3.3967E0	5.4088E0	3.3963E6	
1829	-8.0482E-1	-3.3967E0	5.4088E0	3.3963E6	
1830	-8.0482E-1	-3.3967E0	5.4088E0	3.3963E6	
1831	-8.0482E-1	-3.3967E0	5.4088E0	3.3963E6	
1832	-8.0482E-1	-3.3967E0	5.4088E0	3.3963E6	
1833	-8.0482E-1	-3.3967E0	5.4088E0	3.3963E6	
1834	-8.0482E-1	-3.3967E0	5.4088E0	3.3963E6	
1835	-8.0482E-1	-3.3967E0	5.4088E0	3.3963E6	
1836	-8.0482E-1	-3.3967E0	5.4088E0	3.3963E6	
1837	-8.0482E-1	-3.3967E0	5.4088E0	3.3963E6	
1838	-8.0482E-1	-3.3967E0	5.4088E0	3.3963E6	
1839	-8.0482E-1	-3.3967E0	5.4088E0	3.3963E6	
1840	-8.0482E-1	-3.3967E0	5.4088E0	3.3963E6	
1841	-8.0482E-1	-3.3967E0	5.4088E0	3.3963E6	
1842	-8.0482E-1	-3.3967E0	5.4088E0	3.3963E6	
1843	-8.0482E-1	-3.3967E0	5.4088E0	3.3963E6	
1844	-8.0482E-1	-3.3967E0	5.4088E0	3.3963E6	
1845	-8.0482E-1	-3.3967E0	5.4088E0	3.3963E6	
1846	-8.0482E-1	-3.3967E0	5.4088E0	3.3963E6	
1847	-8.0482E-1	-3.3967E0	5.4088E0	3.3963E6	
1848	-8.0482E-1	-3.3967E0	5.4088E0	3.3963E6	
1849	-8.0482E-1	-3.3967E0	5.4088E0	3.3963E6	
1850	-8.0482E-1	-3.3967E0	5.4088E0	3.3963E6	
1851	-8.0482E-1	-3.3967E0	5.4088E0	3.3963E6	
1852	-8.0482E-1	-3.3967E0	5.4088E0	3.3963E6	
1853	-8.0482E-1	-3.3967E0	5.4088E0	3.3963E6	
1854	-8.0482E-1	-3.3967E0	5.4088E0	3.3963E6	
1855	-8.0482E-1	-3.3967E0	5.4088E0	3.3963E6	
1856	-8.0482E-1	-3.3967E0	5.4088E0	3.3963E6	
1857	-8.0482E-1	-3.3967E0	5.4088E0	3.3963E6	
1858	-8.0482E-1	-3.3967E0	5.4088E0	3.3963E6	
1859	-8.0482E-1	-3.3967E0	5.4088E0	3.3963E6	
1860	-8.0482E-1	-3.3967E0	5.4088E0	3.3963E6	
1861	-8.0482E-1	-3.3967E0	5.4088E0	3.3963E6	
1862	-8.0482E-1	-3.3967E0	5.4088E0	3.3963E6	
1863	-8.0482E-1	-3.3967E0	5.4088E0	3.3963E6	
1864	-8.0482E-1	-3.3967E0	5.4088E0	3.3963E6	
1865	-8.0482E-1	-3.3967E0	5.4088E0	3.3963E6	
1866	-8.0482E-1	-3.3967E0	5.4088E0	3.3963E6	
1867	-8.0482E-1	-3.3967E0	5.4088E0	3.3963E6	
1868	-8.0482E-1	-3.3967E0	5.4088E0	3.3963E6	
1869	-8.0482E-1	-3.3967E0	5.4088E0	3.3963E6	
1870	-8.0482E-1	-3.3967E0	5.4088E0	3.3963E6	
1871	-8.0482E-1	-3.3967E0	5.4088E0	3.3963E6	
1872	-8.0482E-1	-3.3967E0	5.4088E0	3.3963E6	
1873	-8.0482E-1	-3.3967E0	5.4088E0	3.3963E6	
1874	-8.0482E-1	-3.3967E0	5.4088E0	3.3963E6	
1875	-8.0482E-1	-3.3967E0	5.4088E0	3.3963E6	
1876	-8.0482E-1	-3.3967E0	5.4088E0	3.3963E6	
1877	-8.0482E-1	-3.3967E0	5.4088E0	3.3963E6	
1878	-8.0482E-1	-3.3967E0	5.4088E0	3.3963E6	
1879	-8.0482E-1	-3.3967E0	5.4088E0	3.3963E6	
1880	-8.0482E-1	-3.3967E0	5.4088E0	3.3963E6	
1881	-8.0482E-1	-3.3967E0	5.4088E0	3.3963E6	
1882	-8.0482E-1	-3.3967E0	5.4088E0	3.3963E6	
1883	-8.0482E-1	-3.3967E0	5.4088E0	3.3963E6	
1884	-8.0482E-1	-3.3967E0	5.4088E0	3.3963E6	
1885	-8.0482E-1	-3.3967E0	5.4088E0	3.3963E6	
1886	-8.0482E-1	-3.3967E0	5.4088E0	3.3963E6	
1887	-8.0482E-1	-3.3967E0	5.4088E0	3.3963E6	
1888	-8.0482E-1	-3.3967E0	5.4088E0	3.3963E6	
1889	-8.0482E-1	-3.3967E0	5.4088E0	3.3963E6	
1890	-8.0482E-1	-3.3967E0	5.4088E0	3.3963E6	
1891	-8.0482E-1	-3.3967E0	5.4088E0	3.3963E6	
1892	-8.0482E-1	-3.3967E0	5.4088E0	3.3963E6	
1893	-8.0482E-1	-3.3967E0	5.4088E0	3.3963E6	
1894	-8.0482E-1	-3.3967E0	5.4088E0	3.3963E6	
1895	-8.0482E-1	-3.3967E0	5.4088E0	3.3963E6	
1896	-8.0482E-1	-3.3967E0	5.4088E0	3.3963E6	
1897	-8.0482E-1	-3.3967E0	5.4088E0	3.3963E6	
1898	-8.0482E-1	-3.3967E0	5.4088E0	3.3963E6	
1899	-8.0482E-1	-3.3967E0	5.4088E0	3.3963E6	
1900	-8.0482E-1	-3.3967E0	5.4088E0	3.3963E6	
1901	-8.0482E-1	-3.3967E0	5.4088E0	3.3963E6	
1902	-8.0482E-1	-3.3967E0	5.4088E0	3.3963E6	
1903	-8.0482E-1	-3.3967E0	5.4088E0	3.3963E6	
1904	-8.0482E-1	-3.3967E0	5.4088E0	3.3963E6	
1905	-8.0482E-1	-3.3967E0	5.4088E0	3.3963E6	
1906	-8.0482E-1	-3.3967E0	5.4088E0	3.3963E6	
1907	-8.0482E-1	-3.3967E0	5.4088E0	3.3963E6	
1908	-8.0482E-1	-3.3967E0	5.4088E0	3.3963E6	
1909	-8.0482E-1	-3.3967E0	5.4088E0	3.3963E6	
1910	-8.0482E-1	-3.3967E0	5.4088E0	3.3963E6	
1911	-8.0482E-1	-3.3967E0	5.4088E0	3.3963E6	
1912	-8.0482E-1	-3.3967E0	5.4088E0	3.3963E6	
1913	-8.0482E-1	-3.3967E0	5.4088E0	3.3963E6	
1914	-8.0482E-1	-3.3967E0	5.4088E0	3.3963E6	
1915	-8.0482E-1	-3.3967E0	5.4088E0	3.3963E6	
1916	-8.0482E-1	-3.3967E0	5.4088E0	3.3963E6	
1917	-8.0482E-1	-3.3967E0	5.4088E0	3.3963E6	
1918	-8.0482E-1	-3.3967E0	5.4088E0	3.3963E6	
1919	-8.0482E-1	-3.3967E0	5.4088E0	3.3963E6	
1920	-8.0482E-1	-3.3967E0	5.4088E0	3.3963E6	
1921	-8.0482E-1	-3.3967E0	5.4088E0	3.3963E6	
1922	-8.0482E-1	-3.3967E0	5.4088E0	3.3963E6	
1923	-8.0482E-1	-3.3967E0	5.4088E0	3.3963E6	
1924	-8.0482E-1	-3.3967E0	5.4088E0	3.3963E6	
1925	-8.0482E-1	-3.3967E0	5.4088E0	3.3963E6	
1926	-8.0482E-1	-3.3967E0	5.4088E0	3.3963E6	
1927	-8.0482E-1	-3.3967E0	5.4088E0	3.3963E6	
1928	-8.0482E-1	-3.3967E0	5.4088E0	3.3963E6	
1929	-8.0482E-1	-3.3967E0	5.4088E0	3.3963E6	
1930	-8.0482E-1	-3.3967E0	5.4088E0	3.3963E6	
1931	-8.0482E-1	-3.3967E0	5.4088E0	3.3963E6	
1932	-8.0482E-1	-3.3967E0	5.4088E0	3.3963E6	
1933	-8.0482E-1	-3.3967E0	5.4088E0	3.3963E6	
1934	-8.0482E-1	-3.3967E0	5.4088E0	3.3963E6	
1935	-8.0482E-1	-3.3967E0	5.4088E0	3.3963E6	
1936	-8.0482E-1	-3.3967E0	5.4088E0	3.3963E6	
1937	-8.0482E-1	-3.3967E0	5.4088E0	3.3963E6	
1938	-8.0482E-1	-3.3967E0	5.4088E0	3.3963E6	
1939	-8.0482E-1	-3.3967E0	5.4088E0	3.3963E6	
1940	-8.0482E-1	-3.3967E0	5.4088E0	3.3963E6	
1941	-8.0482E-1	-3.3967E0	5.4088E0	3.3963E6	
1942	-8.0482E-1	-3.3967E0	5.4088E0	3.3963E6	
1943	-8.0482E-1	-3.3967E0	5.4088E0	3.3963E6	
1944	-8.0482E-1	-3.3967E0	5.4088E0	3.3963E6	
1945	-8.0482E-1	-3.3967E0	5.4088E0	3.3963E6	
1946	-8.0482E-1	-3.3967E0	5.4088E0	3.3963E6	
1947	-8.0482E-1	-3.3967E0	5.4088E0	3.3963E6	
1948	-8.0482E-1	-3.3967E0	5.4088E0	3.3963E6	
1949	-8.0482E-1	-3.3967E0	5.4088E0	3.3963E6	
1950	-8.0482E-1	-3.3967E0	5.4088E0	3.3963E6	
1951	-8.0482E-1	-3.3967E0	5.4088E0	3.3963E6	
1952	-8.0482E-1	-3.3967E0	5.4088E0	3.3963E6	
1953	-8.0482E-1	-3.3967E0	5.4088E0	3.3963E6	
1954	-8.0482E-1	-3.3967E0	5.4088E0	3.3963E6	
1955	-8.0482E-1	-3.3967E0	5.4088E0	3.3963E6	
1956	-8.0482E-1	-3.3967E0	5.4088E0	3.3963E6	
1957	-8.0482E-1	-3.3967E0	5.4088E0	3.3963E6	
1958	-8.0482E-1	-3.3967E0	5.4088E0	3.3963E6	
1959	-8.0482E-1	-3.3967E0	5.4088E0	3.3963E6	
1960	-8.0482E-1	-3.3967E0	5.4088E0	3.3963E6	
1961	-8.0482E-1	-3.3967E0	5.4088E0	3.3963E6	
1962	-8.0482E-1	-3.3967E0	5.4088E0	3.3963E6	
1963	-8.0482E-1	-3.3967E0	5.4088E0	3.3963E6	
1964	-8.0482E-1	-3.3967E0	5.4088E0	3.3963E6	
1965	-8.0482E-1	-3.3967E0	5.4088E0	3.3963E6	
1966	-8.0482E-1	-3.3967E0	5.4088E0	3.3963E6	
1967	-8.0482E-1	-3.3967E0	5.4088E0	3.3963E6	
1968	-8.0482E-1	-3.3967E0	5.4088E0	3.3963E6	
1969	-8.0482E-1	-3.3967E0	5.4088E0	3.3963E6	
1970	-8.0482E-1	-3.3967E0	5.4088E0	3.3963E6	
1971	-8.0482E-1	-3.3967E0	5.4088E0	3.3963E6	
1972	-8.0482E-1	-3.3967E0	5.4088E0	3.3963E6	
1973	-8.0482E-1	-3.3967E0	5.4088E0	3.3963E6	
1974	-8.0482E-1	-3.3967E0	5.4088E0	3.3963E6	
1975	-8.0482E-1	-3.3967E0	5.4088E0	3.3963E6	
1976	-8.0482E-1	-3.3967E0	5.4088E0	3.3963E6	
1977	-8.0482E-1	-3.3967E0	5.4088E0	3.3963E6	
1978	-8.0482E-1	-3.3967E0	5.4088E0	3.3963E6	
1979	-8.0482E-1	-3.3967E0	5.4088E0	3.3963E6	
1980	-8.0482E-1	-3.3967E0	5.4088E0	3.3963E6	
1981	-8.0482E-1	-3.3967E0	5.4088E0	3.3963E6	
1982	-8.0482E-1	-3.3967E0	5.4088E0	3.3963E6	
1983	-8.0482E-1	-3.3967E0	5.4088E0	3.3963E6	
1984	-8.0482E-1	-3.3967E0	5.4088E0	3.3963E6	
1985	-8.0482E-1	-3.3967E0	5.4088E0	3.3963E6	
1986	-8.0482E-1	-3.3967E0	5.4088E0	3.3963E6	
1987	-8.0482E-1	-3.3967E0	5.4088E0	3.3963E6	
1988	-8.0482E-1	-3.3967E0	5.4088E0	3.3963E6	
1989	-8.0482E-1	-3.3967E0	5.4088E0	3.3963E6	
1990	-8.0482E-1	-3.3967E0	5.4088E0	3.3963E6	
1991	-8.0482E-1	-3.3967E0	5.4088E0	3.3963E6	
1992	-8.0482E-1	-3.3967E0	5.4088E0	3.3963E6	
1993	-8.0482E-1	-3.3967E0	5.4088E0	3.3963E6	
1994	-8.0482E-1	-3.3967E0	5.4088E0	3.3963E6	
1995	-8.0482E-1	-3.3967E0	5.4088E0	3.3963E6	
1996	-8.0482E-1	-3.3967E0	5.4088E0	3.3963E6	
1997	-8.0482E-1	-3.3967E0	5.4088E0	3.3963E6	
1998	-8.0482E-1	-3.3967E0	5.4088E0	3.3963E6	
1999	-8.0482E-1	-3.3967E0	5.4088E0	3.3963E6	
2000	-8.0482E-1	-3.3967E0	5.4088E0	3.3963E6	
2001	-8.0482E-1	-3.3967E0	5.4088E0	3.3963E6	
2002	-8.0482E-1	-3.3967E0	5.4088E0	3.3963E6	
2003	-8.0482E-1	-3.3967E0	5.4088E0	3.3963E6	
2004	-8.0482E-1	-3.3967E0	5.4088E0	3.3963E6	
2005	-8.0482E-1	-3.3967E0	5.4088E0	3.3963E6	
2006	-8.0482E-1	-3.3967E0	5.4088E0	3.3963E6	
2007	-8.0482E-1	-3.3967E0	5.4088E0	3.3963E6	
2008	-8.0482E-1	-3.3967E0	5.4088E0	3.3963E6	
2009	-8.0482E-1	-3.3967E0	5.4088E0	3.3963E6	
2010	-8.0482E-1	-3.3967E0	5.4088E0	3.3963E6	
2011	-8.0482E-1	-3.3967E0	5.4088E0	3.3963E6	
2012	-8.0482E-1	-3.3967E0	5.4088E0	3.3963E6	
2013	-8.0482E-1	-3.3967E0	5.4088E0	3.3963E6	
2014	-8.0482E-1	-3.3967E0	5.4088E0	3.3963E6	
2015	-8.0482E-1	-3.3967E0	5.4088E0	3.3963E6	
2016	-8.0482E-1	-3.3967E0	5.4088E0	3.3963E6	
2017	-8.0482E-1	-3.3967E0	5.4088E0	3.3963E6	
2018	-8.0482E-1	-3.3967E0	5.4088E0	3.3963E6	
2019	-8.0482E-1	-3.3967E0	5.4088E0	3.3963E6	
2020	-8.0482E-1	-3.3967E0	5.4088E0	3.3963E6	
2021	-8.0482E-1	-3.3967E0	5.4088E0	3.3963E6	
2022	-8.0482E-1	-3.3967E0	5.4088E0	3.3963E6	
2023	-8.0482E-1	-3.3967E0	5.4088E0	3.3963E6	
2024	-8.0482E-1	-3.3967E0	5.4088E0	3.3963E6	
2025	-8.0482E-1	-3.3967E0	5.4088E0	3.3963E6	
2026	-8.0482E-1	-3.3967E0	5.4088E0	3.3963E6	
2027	-8.0482E-1	-3.3967E0	5.4088E0	3.3963E6	
2028	-8.0482E-1	-3.3967E0	5.4088E0	3.3963E6	
2029	-8.0482E-1	-3.3967E0	5.4088E0	3.3963E6	
2030	-8.0482E-1	-3.3967E0	5.4088E0	3.3963E6	
2031	-8.0482E-1	-3.3967E0	5.4088E0	3.3963E6	
2032	-8.0482E-1	-3.3967E0	5.4088E0	3.3963E6	
2033	-8.0482E-1	-3.3967E0	5.4088E0	3.3963E6	
2034	-8.0482E-1	-3.3967E0	5.4088E0	3.3963E6	
2035	-8.0482E-1	-3.3967E0	5.4088E0	3.3963E6	
2036	-8.0482E-1	-3.3967E0	5.4088E0	3.3963E6	
2037	-8.0482E-1	-3.3967E0	5.4088E0	3.3963E6	
2038	-8.0482E-1	-3.3967E0	5.4088E0	3.3963E6	
2039	-8.0482E-1	-3.3967E0	5.4088E0	3.3963E6	
2040	-8.0482E-1	-3.3967E0	5.4088E0	3.3963E6	
2041	-8.0482E-1	-3.3967E0	5.4088E0	3.3963E6	
2042	-8.0482E-1	-3.3967E0	5.4088E0	3.3963E6	
2043	-8.0482E-1	-3.3967E0	5.4088E0	3.3963E6	
2044	-8.0482E-1	-3.3967E0	5.4088E0	3.3963E6	
2045	-8.0482E-1	-3.3967E0	5.4088E0	3.3963E6	
2046	-8.0482E-1	-3.3967E0	5.4088E0	3.3963E6	
2047	-8.0482E-1	-3.3967E0	5.4088E0	3.3963E6	
2048	-8.0482E-1	-3.3967E0	5.4088E0	3.3963E6	
