point 008
Index	Vertical (A-B)	Force	Z Height	Time Stamp	
     	V	nN	?m	?sec	
1	-7.9498E-1	-3.4250E0	5.7663E0	1.2000E2	
2	-7.9239E-1	4.2464E-1	5.7652E0	2.3400E3	
3	-7.9391E-1	-1.8399E0	5.7627E0	4.5600E3	
4	-7.9155E-1	1.6701E0	5.7596E0	6.7800E3	
5	-7.9292E-1	-3.6794E-1	5.7562E0	9.0000E3	
6	-7.9117E-1	2.2362E0	5.7529E0	1.1220E4	
7	-7.9147E-1	1.7833E0	5.7491E0	1.3440E4	
8	-7.9308E-1	-5.9439E-1	5.7453E0	1.5660E4	
9	-7.9323E-1	-8.2085E-1	5.7413E0	1.7880E4	
10	-7.9239E-1	4.2464E-1	5.7372E0	2.0100E4	
11	-7.9216E-1	7.6432E-1	5.7331E0	2.2320E4	
12	-7.9216E-1	7.6432E-1	5.7289E0	2.4540E4	
13	-7.9285E-1	-2.5472E-1	5.7247E0	2.6760E4	
14	-7.9102E-1	2.4627E0	5.7203E0	2.8980E4	
15	-7.9094E-1	2.5759E0	5.7159E0	3.1200E4	
16	-7.9071E-1	2.9156E0	5.7115E0	3.3420E4	
17	-7.9041E-1	3.3685E0	5.7070E0	3.5640E4	
18	-7.9338E-1	-1.0473E0	5.7024E0	3.7860E4	
19	-7.9208E-1	8.7754E-1	5.6979E0	4.0080E4	
20	-7.9384E-1	-1.7267E0	5.6934E0	4.2300E4	
21	-7.9193E-1	1.1040E0	5.6888E0	4.4520E4	
22	-7.8911E-1	5.2933E0	5.6841E0	4.6740E4	
23	-7.9201E-1	9.9077E-1	5.6795E0	4.8960E4	
24	-7.9193E-1	1.1040E0	5.6748E0	5.1180E4	
25	-7.8758E-1	7.5579E0	5.6702E0	5.3400E4	
26	-7.9262E-1	8.4961E-2	5.6654E0	5.5620E4	
27	-7.8827E-1	6.5388E0	5.6607E0	5.7840E4	
28	-7.8865E-1	5.9727E0	5.6559E0	6.0060E4	
29	-7.8972E-1	4.3875E0	5.6511E0	6.2280E4	
30	-7.8796E-1	6.9917E0	5.6464E0	6.4500E4	
31	-7.8857E-1	6.0859E0	5.6417E0	6.6720E4	
32	-7.8865E-1	5.9727E0	5.6369E0	6.8940E4	
33	-7.8957E-1	4.6140E0	5.6320E0	7.1160E4	
34	-7.9071E-1	2.9156E0	5.6272E0	7.3380E4	
35	-7.8949E-1	4.7272E0	5.6223E0	7.5600E4	
36	-7.8995E-1	4.0479E0	5.6175E0	7.7820E4	
37	-7.8865E-1	5.9727E0	5.6126E0	8.0040E4	
38	-7.8941E-1	4.8404E0	5.6078E0	8.2260E4	
39	-7.8827E-1	6.5388E0	5.6028E0	8.4480E4	
40	-7.8667E-1	8.9166E0	5.5978E0	8.6700E4	
41	-7.8499E-1	1.1408E1	5.5929E0	8.8920E4	
42	-7.8629E-1	9.4827E0	5.5880E0	9.1140E4	
43	-7.8690E-1	8.5769E0	5.5831E0	9.3360E4	
44	-7.8781E-1	7.2182E0	5.5782E0	9.5580E4	
45	-7.8758E-1	7.5579E0	5.5732E0	9.7800E4	
46	-7.8598E-1	9.9356E0	5.5683E0	1.0002E5	
47	-7.8537E-1	1.0841E1	5.5632E0	1.0224E5	
48	-7.8773E-1	7.3314E0	5.5583E0	1.0446E5	
49	-7.8644E-1	9.2562E0	5.5533E0	1.0668E5	
50	-7.8690E-1	8.5769E0	5.5483E0	1.0890E5	
51	-7.8461E-1	1.1974E1	5.5433E0	1.1112E5	
52	-7.8430E-1	1.2427E1	5.5383E0	1.1334E5	
53	-7.8636E-1	9.3695E0	5.5332E0	1.1556E5	
54	-7.8522E-1	1.1068E1	5.5283E0	1.1778E5	
55	-7.8674E-1	8.8033E0	5.5232E0	1.2000E5	
56	-7.8552E-1	1.0615E1	5.5182E0	1.2222E5	
57	-7.8629E-1	9.4827E0	5.5131E0	1.2444E5	
58	-7.8621E-1	9.5959E0	5.5080E0	1.2666E5	
59	-7.8316E-1	1.4125E1	5.5029E0	1.2888E5	
60	-7.8346E-1	1.3672E1	5.4979E0	1.3110E5	
61	-7.8522E-1	1.1068E1	5.4927E0	1.3332E5	
62	-7.8247E-1	1.5144E1	5.4877E0	1.3554E5	
63	-7.8583E-1	1.0162E1	5.4826E0	1.3776E5	
64	-7.8163E-1	1.6389E1	5.4775E0	1.3998E5	
65	-7.8545E-1	1.0728E1	5.4723E0	1.4220E5	
66	-7.8575E-1	1.0275E1	5.4673E0	1.4442E5	
67	-7.8415E-1	1.2653E1	5.4621E0	1.4664E5	
68	-7.8285E-1	1.4578E1	5.4570E0	1.4886E5	
69	-7.8300E-1	1.4351E1	5.4518E0	1.5108E5	
70	-7.8392E-1	1.2993E1	5.4467E0	1.5330E5	
71	-7.8041E-1	1.8201E1	5.4414E0	1.5552E5	
72	-7.8575E-1	1.0275E1	5.4364E0	1.5774E5	
73	-7.8064E-1	1.7861E1	5.4312E0	1.5996E5	
74	-7.8316E-1	1.4125E1	5.4260E0	1.6218E5	
75	-7.8392E-1	1.2993E1	5.4208E0	1.6440E5	
76	-7.8232E-1	1.5370E1	5.4156E0	1.6662E5	
77	-7.8354E-1	1.3559E1	5.4104E0	1.6884E5	
78	-7.7896E-1	2.0352E1	5.4053E0	1.7106E5	
79	-7.8255E-1	1.5031E1	5.4000E0	1.7328E5	
80	-7.7934E-1	1.9786E1	5.3948E0	1.7550E5	
81	-7.8323E-1	1.4012E1	5.3896E0	1.7772E5	
82	-7.8056E-1	1.7975E1	5.3844E0	1.7994E5	
83	-7.8003E-1	1.8767E1	5.3791E0	1.8216E5	
84	-7.8011E-1	1.8654E1	5.3739E0	1.8438E5	
85	-7.8087E-1	1.7522E1	5.3686E0	1.8660E5	
86	-7.8148E-1	1.6616E1	5.3634E0	1.8882E5	
87	-7.8323E-1	1.4012E1	5.3581E0	1.9104E5	
88	-7.7965E-1	1.9333E1	5.3529E0	1.9326E5	
89	-7.8148E-1	1.6616E1	5.3476E0	1.9548E5	
90	-7.7980E-1	1.9107E1	5.3423E0	1.9770E5	
91	-7.7942E-1	1.9673E1	5.3370E0	1.9992E5	
92	-7.8033E-1	1.8314E1	5.3318E0	2.0214E5	
93	-7.8079E-1	1.7635E1	5.3265E0	2.0436E5	
94	-7.7866E-1	2.0805E1	5.3212E0	2.0658E5	
95	-7.7827E-1	2.1371E1	5.3158E0	2.0880E5	
96	-7.7614E-1	2.4542E1	5.3105E0	2.1102E5	
97	-7.7850E-1	2.1032E1	5.3052E0	2.1324E5	
98	-7.7690E-1	2.3409E1	5.2999E0	2.1546E5	
99	-7.7682E-1	2.3523E1	5.2945E0	2.1768E5	
100	-7.7774E-1	2.2164E1	5.2891E0	2.1990E5	
101	-7.7820E-1	2.1485E1	5.2838E0	2.2212E5	
102	-7.7850E-1	2.1032E1	5.2784E0	2.2434E5	
103	-7.7606E-1	2.4655E1	5.2731E0	2.2656E5	
104	-7.7812E-1	2.1598E1	5.2677E0	2.2878E5	
105	-7.7553E-1	2.5448E1	5.2623E0	2.3100E5	
106	-7.7835E-1	2.1258E1	5.2569E0	2.3322E5	
107	-7.7583E-1	2.4995E1	5.2516E0	2.3544E5	
108	-7.7484E-1	2.6467E1	5.2463E0	2.3766E5	
109	-7.7682E-1	2.3523E1	5.2408E0	2.3988E5	
110	-7.7408E-1	2.7599E1	5.2354E0	2.4210E5	
111	-7.7461E-1	2.6806E1	5.2300E0	2.4432E5	
112	-7.7606E-1	2.4655E1	5.2246E0	2.4654E5	
113	-7.7568E-1	2.5221E1	5.2192E0	2.4876E5	
114	-7.7301E-1	2.9184E1	5.2138E0	2.5098E5	
115	-7.7446E-1	2.7033E1	5.2084E0	2.5320E5	
116	-7.7316E-1	2.8958E1	5.2029E0	2.5542E5	
117	-7.7194E-1	3.0769E1	5.1975E0	2.5764E5	
118	-7.7415E-1	2.7486E1	5.1920E0	2.5986E5	
119	-7.7431E-1	2.7259E1	5.1867E0	2.6208E5	
120	-7.7530E-1	2.5787E1	5.1811E0	2.6430E5	
121	-7.7492E-1	2.6353E1	5.1757E0	2.6652E5	
122	-7.7583E-1	2.4995E1	5.1702E0	2.6874E5	
123	-7.7385E-1	2.7938E1	5.1647E0	2.7096E5	
124	-7.7248E-1	2.9977E1	5.1592E0	2.7318E5	
125	-7.7271E-1	2.9637E1	5.1537E0	2.7540E5	
126	-7.7347E-1	2.8505E1	5.1483E0	2.7762E5	
127	-7.7072E-1	3.2581E1	5.1427E0	2.7984E5	
128	-7.7271E-1	2.9637E1	5.1372E0	2.8206E5	
129	-7.7309E-1	2.9071E1	5.1317E0	2.8428E5	
130	-7.7301E-1	2.9184E1	5.1263E0	2.8650E5	
131	-7.7171E-1	3.1109E1	5.1208E0	2.8872E5	
132	-7.7148E-1	3.1448E1	5.1152E0	2.9094E5	
133	-7.7232E-1	3.0203E1	5.1097E0	2.9316E5	
134	-7.7286E-1	2.9410E1	5.1042E0	2.9538E5	
135	-7.7362E-1	2.8278E1	5.0987E0	2.9760E5	
136	-7.7332E-1	2.8731E1	5.0931E0	2.9982E5	
137	-7.7309E-1	2.9071E1	5.0875E0	3.0204E5	
138	-7.7049E-1	3.2920E1	5.0820E0	3.0426E5	
139	-7.7034E-1	3.3147E1	5.0765E0	3.0648E5	
140	-7.6920E-1	3.4845E1	5.0709E0	3.0870E5	
141	-7.7026E-1	3.3260E1	5.0654E0	3.1092E5	
142	-7.7248E-1	2.9977E1	5.0596E0	3.1314E5	
143	-7.6935E-1	3.4619E1	5.0541E0	3.1536E5	
144	-7.7103E-1	3.2128E1	5.0486E0	3.1758E5	
145	-7.7034E-1	3.3147E1	5.0431E0	3.1980E5	
146	-7.7072E-1	3.2581E1	5.0374E0	3.2202E5	
147	-7.6637E-1	3.9035E1	5.0318E0	3.2424E5	
148	-7.7026E-1	3.3260E1	5.0262E0	3.2646E5	
149	-7.6859E-1	3.5751E1	5.0206E0	3.2868E5	
150	-7.6752E-1	3.7336E1	5.0149E0	3.3090E5	
151	-7.6874E-1	3.5525E1	5.0094E0	3.3312E5	
152	-7.6965E-1	3.4166E1	5.0037E0	3.3534E5	
153	-7.6851E-1	3.5864E1	4.9981E0	3.3756E5	
154	-7.6828E-1	3.6204E1	4.9926E0	3.3978E5	
155	-7.6630E-1	3.9148E1	4.9869E0	3.4200E5	
156	-7.6881E-1	3.5411E1	4.9812E0	3.4422E5	
157	-7.6881E-1	3.5411E1	4.9756E0	3.4644E5	
158	-7.6904E-1	3.5072E1	4.9698E0	3.4866E5	
159	-7.6782E-1	3.6883E1	4.9643E0	3.5088E5	
160	-7.6752E-1	3.7336E1	4.9586E0	3.5310E5	
161	-7.6447E-1	4.1865E1	4.9530E0	3.5532E5	
162	-7.6729E-1	3.7676E1	4.9472E0	3.5754E5	
163	-7.6851E-1	3.5864E1	4.9416E0	3.5976E5	
164	-7.6385E-1	4.2771E1	4.9359E0	3.6198E5	
165	-7.6675E-1	3.8468E1	4.9303E0	3.6420E5	
166	-7.6515E-1	4.0846E1	4.9246E0	3.6642E5	
167	-7.6447E-1	4.1865E1	4.9188E0	3.6864E5	
168	-7.6759E-1	3.7223E1	4.9132E0	3.7086E5	
169	-7.6630E-1	3.9148E1	4.9074E0	3.7308E5	
170	-7.6439E-1	4.1978E1	4.9017E0	3.7530E5	
171	-7.6477E-1	4.1412E1	4.8960E0	3.7752E5	
172	-7.6576E-1	3.9940E1	4.8903E0	3.7974E5	
173	-7.6675E-1	3.8468E1	4.8846E0	3.8196E5	
174	-7.6302E-1	4.4017E1	4.8789E0	3.8418E5	
175	-7.6492E-1	4.1186E1	4.8732E0	3.8640E5	
176	-7.6630E-1	3.9148E1	4.8674E0	3.8862E5	
177	-7.6324E-1	4.3677E1	4.8616E0	3.9084E5	
178	-7.6263E-1	4.4583E1	4.8558E0	3.9306E5	
179	-7.6569E-1	4.0054E1	4.8501E0	3.9528E5	
180	-7.6355E-1	4.3224E1	4.8444E0	3.9750E5	
181	-7.6279E-1	4.4356E1	4.8386E0	3.9972E5	
182	-7.6187E-1	4.5715E1	4.8329E0	4.0194E5	
183	-7.6363E-1	4.3111E1	4.8271E0	4.0416E5	
184	-7.6477E-1	4.1412E1	4.8213E0	4.0638E5	
185	-7.6103E-1	4.6960E1	4.8156E0	4.0860E5	
186	-7.5920E-1	4.9678E1	4.8098E0	4.1082E5	
187	-7.6050E-1	4.7753E1	4.8040E0	4.1304E5	
188	-7.6118E-1	4.6734E1	4.7982E0	4.1526E5	
189	-7.6233E-1	4.5036E1	4.7923E0	4.1748E5	
190	-7.5989E-1	4.8659E1	4.7865E0	4.1970E5	
191	-7.5966E-1	4.8998E1	4.7807E0	4.2192E5	
192	-7.6309E-1	4.3903E1	4.7749E0	4.2414E5	
193	-7.6202E-1	4.5488E1	4.7691E0	4.2636E5	
194	-7.6057E-1	4.7640E1	4.7633E0	4.2858E5	
195	-7.5989E-1	4.8659E1	4.7575E0	4.3080E5	
196	-7.6035E-1	4.7979E1	4.7516E0	4.3302E5	
197	-7.6042E-1	4.7866E1	4.7458E0	4.3524E5	
198	-7.5844E-1	5.0810E1	4.7399E0	4.3746E5	
199	-7.6157E-1	4.6168E1	4.7341E0	4.3968E5	
200	-7.6065E-1	4.7527E1	4.7283E0	4.4190E5	
201	-7.6012E-1	4.8319E1	4.7223E0	4.4412E5	
202	-7.6035E-1	4.7979E1	4.7164E0	4.4634E5	
203	-7.5905E-1	4.9904E1	4.7107E0	4.4856E5	
204	-7.5813E-1	5.1263E1	4.7048E0	4.5078E5	
205	-7.5714E-1	5.2735E1	4.6989E0	4.5300E5	
206	-7.5928E-1	4.9565E1	4.6930E0	4.5522E5	
207	-7.5821E-1	5.1150E1	4.6870E0	4.5744E5	
208	-7.5935E-1	4.9451E1	4.6812E0	4.5966E5	
209	-7.5691E-1	5.3075E1	4.6754E0	4.6188E5	
210	-7.5630E-1	5.3980E1	4.6695E0	4.6410E5	
211	-7.5768E-1	5.1942E1	4.6635E0	4.6632E5	
212	-7.5539E-1	5.5339E1	4.6576E0	4.6854E5	
213	-7.5645E-1	5.3754E1	4.6517E0	4.7076E5	
214	-7.5722E-1	5.2622E1	4.6458E0	4.7298E5	
215	-7.5531E-1	5.5452E1	4.6398E0	4.7520E5	
216	-7.5592E-1	5.4547E1	4.6339E0	4.7742E5	
217	-7.5432E-1	5.6924E1	4.6279E0	4.7964E5	
218	-7.5485E-1	5.6132E1	4.6220E0	4.8186E5	
219	-7.5706E-1	5.2848E1	4.6160E0	4.8408E5	
220	-7.5600E-1	5.4433E1	4.6101E0	4.8630E5	
221	-7.5623E-1	5.4094E1	4.6042E0	4.8852E5	
222	-7.5455E-1	5.6585E1	4.5983E0	4.9074E5	
223	-7.5333E-1	5.8396E1	4.5922E0	4.9296E5	
224	-7.5554E-1	5.5113E1	4.5863E0	4.9518E5	
225	-7.5195E-1	6.0434E1	4.5803E0	4.9740E5	
226	-7.5493E-1	5.6018E1	4.5744E0	4.9962E5	
227	-7.5287E-1	5.9076E1	4.5684E0	5.0184E5	
228	-7.5417E-1	5.7151E1	4.5625E0	5.0406E5	
229	-7.5256E-1	5.9528E1	4.5564E0	5.0628E5	
230	-7.5317E-1	5.8623E1	4.5505E0	5.0850E5	
231	-7.5485E-1	5.6132E1	4.5445E0	5.1072E5	
232	-7.5294E-1	5.8962E1	4.5384E0	5.1294E5	
233	-7.5104E-1	6.1793E1	4.5324E0	5.1516E5	
234	-7.5371E-1	5.7830E1	4.5264E0	5.1738E5	
235	-7.5249E-1	5.9642E1	4.5204E0	5.1960E5	
236	-7.5356E-1	5.8057E1	4.5143E0	5.2182E5	
237	-7.5294E-1	5.8962E1	4.5083E0	5.2404E5	
238	-7.5417E-1	5.7151E1	4.5023E0	5.2626E5	
239	-7.5394E-1	5.7490E1	4.4962E0	5.2848E5	
240	-7.5172E-1	6.0774E1	4.4902E0	5.3070E5	
241	-7.5378E-1	5.7717E1	4.4842E0	5.3292E5	
242	-7.4989E-1	6.3491E1	4.4781E0	5.3514E5	
243	-7.5287E-1	5.9076E1	4.4721E0	5.3736E5	
244	-7.5012E-1	6.3152E1	4.4661E0	5.3958E5	
245	-7.5241E-1	5.9755E1	4.4600E0	5.4180E5	
246	-7.5012E-1	6.3152E1	4.4539E0	5.4402E5	
247	-7.4905E-1	6.4737E1	4.4478E0	5.4624E5	
248	-7.4768E-1	6.6775E1	4.4417E0	5.4846E5	
249	-7.5104E-1	6.1793E1	4.4357E0	5.5068E5	
250	-7.4898E-1	6.4850E1	4.4296E0	5.5290E5	
251	-7.4852E-1	6.5529E1	4.4235E0	5.5512E5	
252	-7.4974E-1	6.3718E1	4.4174E0	5.5734E5	
253	-7.4699E-1	6.7794E1	4.4114E0	5.5956E5	
254	-7.4821E-1	6.5982E1	4.4052E0	5.6178E5	
255	-7.5012E-1	6.3152E1	4.3992E0	5.6400E5	
256	-7.4783E-1	6.6548E1	4.3930E0	5.6622E5	
257	-7.4921E-1	6.4510E1	4.3870E0	5.6844E5	
258	-7.4760E-1	6.6888E1	4.3808E0	5.7066E5	
259	-7.4921E-1	6.4510E1	4.3748E0	5.7288E5	
260	-7.4768E-1	6.6775E1	4.3685E0	5.7510E5	
261	-7.4837E-1	6.5756E1	4.3625E0	5.7732E5	
262	-7.4570E-1	6.9719E1	4.3563E0	5.7954E5	
263	-7.4547E-1	7.0058E1	4.3501E0	5.8176E5	
264	-7.4799E-1	6.6322E1	4.3440E0	5.8398E5	
265	-7.4562E-1	6.9832E1	4.3380E0	5.8620E5	
266	-7.4654E-1	6.8473E1	4.3318E0	5.8842E5	
267	-7.4669E-1	6.8247E1	4.3256E0	5.9064E5	
268	-7.4593E-1	6.9379E1	4.3195E0	5.9286E5	
269	-7.4677E-1	6.8134E1	4.3133E0	5.9508E5	
270	-7.4715E-1	6.7568E1	4.3072E0	5.9730E5	
271	-7.4860E-1	6.5416E1	4.3010E0	5.9952E5	
272	-7.4486E-1	7.0964E1	4.2949E0	6.0174E5	
273	-7.4646E-1	6.8587E1	4.2886E0	6.0396E5	
274	-7.4509E-1	7.0625E1	4.2824E0	6.0618E5	
275	-7.4570E-1	6.9719E1	4.2763E0	6.0840E5	
276	-7.4371E-1	7.2663E1	4.2702E0	6.1062E5	
277	-7.4699E-1	6.7794E1	4.2639E0	6.1284E5	
278	-7.4379E-1	7.2549E1	4.2577E0	6.1506E5	
279	-7.4585E-1	6.9492E1	4.2515E0	6.1728E5	
280	-7.4417E-1	7.1983E1	4.2453E0	6.1950E5	
281	-7.4501E-1	7.0738E1	4.2391E0	6.2172E5	
282	-7.4379E-1	7.2549E1	4.2329E0	6.2394E5	
283	-7.4394E-1	7.2323E1	4.2268E0	6.2616E5	
284	-7.4356E-1	7.2889E1	4.2205E0	6.2838E5	
285	-7.4432E-1	7.1757E1	4.2143E0	6.3060E5	
286	-7.4249E-1	7.4474E1	4.2080E0	6.3282E5	
287	-7.4097E-1	7.6739E1	4.2019E0	6.3504E5	
288	-7.4280E-1	7.4021E1	4.1956E0	6.3726E5	
289	-7.4196E-1	7.5267E1	4.1894E0	6.3948E5	
290	-7.4265E-1	7.4248E1	4.1832E0	6.4170E5	
291	-7.4196E-1	7.5267E1	4.1769E0	6.4392E5	
292	-7.3997E-1	7.8211E1	4.1707E0	6.4614E5	
293	-7.3799E-1	8.1155E1	4.1644E0	6.4836E5	
294	-7.4081E-1	7.6965E1	4.1582E0	6.5058E5	
295	-7.4089E-1	7.6852E1	4.1519E0	6.5280E5	
296	-7.3975E-1	7.8550E1	4.1456E0	6.5502E5	
297	-7.3982E-1	7.8437E1	4.1394E0	6.5724E5	
298	-7.4089E-1	7.6852E1	4.1332E0	6.5946E5	
299	-7.3891E-1	7.9796E1	4.1268E0	6.6168E5	
300	-7.3982E-1	7.8437E1	4.1206E0	6.6390E5	
301	-7.4120E-1	7.6399E1	4.1144E0	6.6612E5	
302	-7.3891E-1	7.9796E1	4.1080E0	6.6834E5	
303	-7.3845E-1	8.0475E1	4.1018E0	6.7056E5	
304	-7.3860E-1	8.0249E1	4.0955E0	6.7278E5	
305	-7.4020E-1	7.7871E1	4.0893E0	6.7500E5	
306	-7.3730E-1	8.2174E1	4.0829E0	6.7722E5	
307	-7.3952E-1	7.8890E1	4.0766E0	6.7944E5	
308	-7.3853E-1	8.0362E1	4.0703E0	6.8166E5	
309	-7.3868E-1	8.0136E1	4.0640E0	6.8388E5	
310	-7.3891E-1	7.9796E1	4.0577E0	6.8610E5	
311	-7.3692E-1	8.2740E1	4.0515E0	6.8832E5	
312	-7.3441E-1	8.6476E1	4.0451E0	6.9054E5	
313	-7.3669E-1	8.3079E1	4.0388E0	6.9276E5	
314	-7.3601E-1	8.4098E1	4.0324E0	6.9498E5	
315	-7.3547E-1	8.4891E1	4.0261E0	6.9720E5	
316	-7.3860E-1	8.0249E1	4.0198E0	6.9942E5	
317	-7.3540E-1	8.5004E1	4.0135E0	7.0164E5	
318	-7.3486E-1	8.5797E1	4.0071E0	7.0386E5	
319	-7.3563E-1	8.4665E1	4.0008E0	7.0608E5	
320	-7.3685E-1	8.2853E1	3.9944E0	7.0830E5	
321	-7.3326E-1	8.8175E1	3.9881E0	7.1052E5	
322	-7.3410E-1	8.6929E1	3.9818E0	7.1274E5	
323	-7.3303E-1	8.8514E1	3.9753E0	7.1496E5	
324	-7.3441E-1	8.6476E1	3.9690E0	7.1718E5	
325	-7.3273E-1	8.8967E1	3.9627E0	7.1940E5	
326	-7.3296E-1	8.8627E1	3.9563E0	7.2162E5	
327	-7.3524E-1	8.5231E1	3.9500E0	7.2384E5	
328	-7.3288E-1	8.8741E1	3.9435E0	7.2606E5	
329	-7.3593E-1	8.4212E1	3.9371E0	7.2828E5	
330	-7.3395E-1	8.7156E1	3.9308E0	7.3050E5	
331	-7.3479E-1	8.5910E1	3.9244E0	7.3272E5	
332	-7.3250E-1	8.9307E1	3.9180E0	7.3494E5	
333	-7.3540E-1	8.5004E1	3.9116E0	7.3716E5	
334	-7.3463E-1	8.6137E1	3.9052E0	7.3938E5	
335	-7.3387E-1	8.7269E1	3.8989E0	7.4160E5	
336	-7.3479E-1	8.5910E1	3.8924E0	7.4382E5	
337	-7.3204E-1	8.9986E1	3.8860E0	7.4604E5	
338	-7.3044E-1	9.2364E1	3.8797E0	7.4826E5	
339	-7.2968E-1	9.3496E1	3.8733E0	7.5048E5	
340	-7.3021E-1	9.2704E1	3.8668E0	7.5270E5	
341	-7.3158E-1	9.0666E1	3.8603E0	7.5492E5	
342	-7.3013E-1	9.2817E1	3.8539E0	7.5714E5	
343	-7.3021E-1	9.2704E1	3.8476E0	7.5936E5	
344	-7.3021E-1	9.2704E1	3.8412E0	7.6158E5	
345	-7.2937E-1	9.3949E1	3.8348E0	7.6380E5	
346	-7.3006E-1	9.2930E1	3.8283E0	7.6602E5	
347	-7.3006E-1	9.2930E1	3.8218E0	7.6824E5	
348	-7.3021E-1	9.2704E1	3.8154E0	7.7046E5	
349	-7.2746E-1	9.6780E1	3.8089E0	7.7268E5	
350	-7.3006E-1	9.2930E1	3.8026E0	7.7490E5	
351	-7.3059E-1	9.2137E1	3.7961E0	7.7712E5	
352	-7.2876E-1	9.4855E1	3.7897E0	7.7934E5	
353	-7.3082E-1	9.1798E1	3.7832E0	7.8156E5	
354	-7.2701E-1	9.7459E1	3.7768E0	7.8378E5	
355	-7.2990E-1	9.3157E1	3.7702E0	7.8600E5	
356	-7.2998E-1	9.3043E1	3.7637E0	7.8822E5	
357	-7.2937E-1	9.3949E1	3.7573E0	7.9044E5	
358	-7.2746E-1	9.6780E1	3.7509E0	7.9266E5	
359	-7.2906E-1	9.4402E1	3.7443E0	7.9488E5	
360	-7.2845E-1	9.5308E1	3.7378E0	7.9710E5	
361	-7.2685E-1	9.7686E1	3.7314E0	7.9932E5	
362	-7.2639E-1	9.8365E1	3.7249E0	8.0154E5	
363	-7.2525E-1	1.0006E2	3.7183E0	8.0376E5	
364	-7.2853E-1	9.5195E1	3.7119E0	8.0598E5	
365	-7.2830E-1	9.5534E1	3.7054E0	8.0820E5	
366	-7.2632E-1	9.8478E1	3.6990E0	8.1042E5	
367	-7.2426E-1	1.0154E2	3.6924E0	8.1264E5	
368	-7.2586E-1	9.9157E1	3.6860E0	8.1486E5	
369	-7.2533E-1	9.9950E1	3.6794E0	8.1708E5	
370	-7.2578E-1	9.9271E1	3.6728E0	8.1930E5	
371	-7.2342E-1	1.0278E2	3.6664E0	8.2152E5	
372	-7.2319E-1	1.0312E2	3.6599E0	8.2374E5	
373	-7.2472E-1	1.0086E2	3.6533E0	8.2596E5	
374	-7.2685E-1	9.7686E1	3.6469E0	8.2818E5	
375	-7.2495E-1	1.0052E2	3.6403E0	8.3040E5	
376	-7.2380E-1	1.0221E2	3.6338E0	8.3262E5	
377	-7.2655E-1	9.8138E1	3.6272E0	8.3484E5	
378	-7.2472E-1	1.0086E2	3.6207E0	8.3706E5	
379	-7.2182E-1	1.0516E2	3.6142E0	8.3928E5	
380	-7.2258E-1	1.0403E2	3.6076E0	8.4150E5	
381	-7.2098E-1	1.0640E2	3.6010E0	8.4372E5	
382	-7.2357E-1	1.0255E2	3.5946E0	8.4594E5	
383	-7.2380E-1	1.0221E2	3.5879E0	8.4816E5	
384	-7.2052E-1	1.0708E2	3.5814E0	8.5038E5	
385	-7.2227E-1	1.0448E2	3.5748E0	8.5260E5	
386	-7.2075E-1	1.0674E2	3.5682E0	8.5482E5	
387	-7.2342E-1	1.0278E2	3.5616E0	8.5704E5	
388	-7.2334E-1	1.0289E2	3.5551E0	8.5926E5	
389	-7.1915E-1	1.0912E2	3.5486E0	8.6148E5	
390	-7.1861E-1	1.0991E2	3.5420E0	8.6370E5	
391	-7.2182E-1	1.0516E2	3.5353E0	8.6592E5	
392	-7.1945E-1	1.0867E2	3.5288E0	8.6814E5	
393	-7.2006E-1	1.0776E2	3.5222E0	8.7036E5	
394	-7.1991E-1	1.0799E2	3.5156E0	8.7258E5	
395	-7.1556E-1	1.1444E2	3.5090E0	8.7480E5	
396	-7.1884E-1	1.0957E2	3.5024E0	8.7702E5	
397	-7.1854E-1	1.1003E2	3.4958E0	8.7924E5	
398	-7.1793E-1	1.1093E2	3.4891E0	8.8146E5	
399	-7.2021E-1	1.0754E2	3.4826E0	8.8368E5	
400	-7.1922E-1	1.0901E2	3.4760E0	8.8590E5	
401	-7.1777E-1	1.1116E2	3.4694E0	8.8812E5	
402	-7.1678E-1	1.1263E2	3.4628E0	8.9034E5	
403	-7.1686E-1	1.1252E2	3.4562E0	8.9256E5	
404	-7.1922E-1	1.0901E2	3.4496E0	8.9478E5	
405	-7.1884E-1	1.0957E2	3.4429E0	8.9700E5	
406	-7.1968E-1	1.0833E2	3.4364E0	8.9922E5	
407	-7.1548E-1	1.1456E2	3.4296E0	9.0144E5	
408	-7.1754E-1	1.1150E2	3.4231E0	9.0366E5	
409	-7.1915E-1	1.0912E2	3.4164E0	9.0588E5	
410	-7.1785E-1	1.1105E2	3.4098E0	9.0810E5	
411	-7.1846E-1	1.1014E2	3.4031E0	9.1032E5	
412	-7.1556E-1	1.1444E2	3.3965E0	9.1254E5	
413	-7.1594E-1	1.1388E2	3.3899E0	9.1476E5	
414	-7.1617E-1	1.1354E2	3.3831E0	9.1698E5	
415	-7.1571E-1	1.1422E2	3.3766E0	9.1920E5	
416	-7.1724E-1	1.1195E2	3.3699E0	9.2142E5	
417	-7.1548E-1	1.1456E2	3.3633E0	9.2364E5	
418	-7.1480E-1	1.1558E2	3.3565E0	9.2586E5	
419	-7.1434E-1	1.1625E2	3.3499E0	9.2808E5	
420	-7.1342E-1	1.1761E2	3.3431E0	9.3030E5	
421	-7.1419E-1	1.1648E2	3.3367E0	9.3252E5	
422	-7.1594E-1	1.1388E2	3.3300E0	9.3474E5	
423	-7.1411E-1	1.1659E2	3.3232E0	9.3696E5	
424	-7.1259E-1	1.1886E2	3.3164E0	9.3918E5	
425	-7.1396E-1	1.1682E2	3.3097E0	9.4140E5	
426	-7.1152E-1	1.2044E2	3.3031E0	9.4362E5	
427	-7.1281E-1	1.1852E2	3.2964E0	9.4584E5	
428	-7.1472E-1	1.1569E2	3.2898E0	9.4806E5	
429	-7.1350E-1	1.1750E2	3.2830E0	9.5028E5	
430	-7.1106E-1	1.2112E2	3.2764E0	9.5250E5	
431	-7.1358E-1	1.1739E2	3.2697E0	9.5472E5	
432	-7.1228E-1	1.1931E2	3.2630E0	9.5694E5	
433	-7.1198E-1	1.1976E2	3.2563E0	9.5916E5	
434	-7.1266E-1	1.1875E2	3.2495E0	9.6138E5	
435	-7.1030E-1	1.2226E2	3.2428E0	9.6360E5	
436	-7.1297E-1	1.1829E2	3.2361E0	9.6582E5	
437	-7.0862E-1	1.2475E2	3.2294E0	9.6804E5	
438	-7.1243E-1	1.1909E2	3.2226E0	9.7026E5	
439	-7.1182E-1	1.1999E2	3.2160E0	9.7248E5	
440	-7.0999E-1	1.2271E2	3.2092E0	9.7470E5	
441	-7.1121E-1	1.2090E2	3.2024E0	9.7692E5	
442	-7.0946E-1	1.2350E2	3.1957E0	9.7914E5	
443	-7.1114E-1	1.2101E2	3.1890E0	9.8136E5	
444	-7.1007E-1	1.2260E2	3.1823E0	9.8358E5	
445	-7.0801E-1	1.2565E2	3.1755E0	9.8580E5	
446	-7.0923E-1	1.2384E2	3.1687E0	9.8802E5	
447	-7.0671E-1	1.2758E2	3.1620E0	9.9024E5	
448	-7.0671E-1	1.2758E2	3.1552E0	9.9246E5	
449	-7.0877E-1	1.2452E2	3.1485E0	9.9468E5	
450	-7.0915E-1	1.2395E2	3.1418E0	9.9690E5	
451	-7.0747E-1	1.2644E2	3.1350E0	9.9912E5	
452	-7.0755E-1	1.2633E2	3.1282E0	1.0013E6	
453	-7.0724E-1	1.2678E2	3.1215E0	1.0036E6	
454	-7.0694E-1	1.2724E2	3.1147E0	1.0058E6	
455	-7.0816E-1	1.2543E2	3.1080E0	1.0080E6	
456	-7.0709E-1	1.2701E2	3.1012E0	1.0102E6	
457	-7.0518E-1	1.2984E2	3.0944E0	1.0124E6	
458	-7.0816E-1	1.2543E2	3.0877E0	1.0147E6	
459	-7.0633E-1	1.2814E2	3.0808E0	1.0169E6	
460	-7.0717E-1	1.2690E2	3.0741E0	1.0191E6	
461	-7.0534E-1	1.2962E2	3.0673E0	1.0213E6	
462	-7.0267E-1	1.3358E2	3.0604E0	1.0235E6	
463	-7.0442E-1	1.3097E2	3.0537E0	1.0258E6	
464	-7.0351E-1	1.3233E2	3.0468E0	1.0280E6	
465	-7.0450E-1	1.3086E2	3.0401E0	1.0302E6	
466	-7.0641E-1	1.2803E2	3.0333E0	1.0324E6	
467	-7.0496E-1	1.3018E2	3.0265E0	1.0346E6	
468	-7.0503E-1	1.3007E2	3.0196E0	1.0369E6	
469	-7.0412E-1	1.3143E2	3.0128E0	1.0391E6	
470	-7.0404E-1	1.3154E2	3.0060E0	1.0413E6	
471	-7.0366E-1	1.3211E2	2.9993E0	1.0435E6	
472	-7.0244E-1	1.3392E2	2.9923E0	1.0457E6	
473	-7.0068E-1	1.3652E2	2.9856E0	1.0480E6	
474	-7.0412E-1	1.3143E2	2.9787E0	1.0502E6	
475	-7.0312E-1	1.3290E2	2.9720E0	1.0524E6	
476	-7.0389E-1	1.3177E2	2.9651E0	1.0546E6	
477	-7.0305E-1	1.3301E2	2.9583E0	1.0568E6	
478	-7.0137E-1	1.3550E2	2.9515E0	1.0591E6	
479	-7.0236E-1	1.3403E2	2.9446E0	1.0613E6	
480	-7.0137E-1	1.3550E2	2.9377E0	1.0635E6	
481	-7.0007E-1	1.3743E2	2.9309E0	1.0657E6	
482	-7.0282E-1	1.3335E2	2.9239E0	1.0679E6	
483	-7.0122E-1	1.3573E2	2.9172E0	1.0702E6	
484	-7.0129E-1	1.3562E2	2.9104E0	1.0724E6	
485	-7.0282E-1	1.3335E2	2.9035E0	1.0746E6	
486	-7.0007E-1	1.3743E2	2.8967E0	1.0768E6	
487	-7.0297E-1	1.3313E2	2.8898E0	1.0790E6	
488	-6.9984E-1	1.3777E2	2.8829E0	1.0813E6	
489	-6.9916E-1	1.3879E2	2.8761E0	1.0835E6	
490	-7.0076E-1	1.3641E2	2.8692E0	1.0857E6	
491	-6.9893E-1	1.3913E2	2.8623E0	1.0879E6	
492	-7.0030E-1	1.3709E2	2.8554E0	1.0901E6	
493	-6.9984E-1	1.3777E2	2.8485E0	1.0924E6	
494	-7.0107E-1	1.3596E2	2.8417E0	1.0946E6	
495	-6.9885E-1	1.3924E2	2.8349E0	1.0968E6	
496	-6.9717E-1	1.4173E2	2.8280E0	1.0990E6	
497	-6.9923E-1	1.3867E2	2.8212E0	1.1012E6	
498	-6.9778E-1	1.4082E2	2.8142E0	1.1035E6	
499	-6.9832E-1	1.4003E2	2.8072E0	1.1057E6	
500	-6.9839E-1	1.3992E2	2.8003E0	1.1079E6	
501	-6.9687E-1	1.4218E2	2.7936E0	1.1101E6	
502	-6.9572E-1	1.4388E2	2.7865E0	1.1123E6	
503	-6.9847E-1	1.3981E2	2.7797E0	1.1146E6	
504	-6.9878E-1	1.3935E2	2.7729E0	1.1168E6	
505	-6.9550E-1	1.4422E2	2.7659E0	1.1190E6	
506	-6.9557E-1	1.4411E2	2.7590E0	1.1212E6	
507	-6.9511E-1	1.4479E2	2.7520E0	1.1234E6	
508	-6.9511E-1	1.4479E2	2.7452E0	1.1257E6	
509	-6.9679E-1	1.4230E2	2.7381E0	1.1279E6	
510	-6.9412E-1	1.4626E2	2.7312E0	1.1301E6	
511	-6.9290E-1	1.4807E2	2.7244E0	1.1323E6	
512	-6.9504E-1	1.4490E2	2.7175E0	1.1345E6	
513	-6.9313E-1	1.4773E2	2.7105E0	1.1368E6	
514	-6.9664E-1	1.4252E2	2.7036E0	1.1390E6	
515	-6.9511E-1	1.4479E2	2.6967E0	1.1412E6	
516	-6.9313E-1	1.4773E2	2.6897E0	1.1434E6	
517	-6.9229E-1	1.4898E2	2.6828E0	1.1456E6	
518	-6.9542E-1	1.4433E2	2.6758E0	1.1479E6	
519	-6.9489E-1	1.4513E2	2.6690E0	1.1501E6	
520	-6.9260E-1	1.4852E2	2.6620E0	1.1523E6	
521	-6.9168E-1	1.4988E2	2.6549E0	1.1545E6	
522	-6.9038E-1	1.5181E2	2.6480E0	1.1567E6	
523	-6.9344E-1	1.4728E2	2.6411E0	1.1590E6	
524	-6.9069E-1	1.5135E2	2.6341E0	1.1612E6	
525	-6.9252E-1	1.4864E2	2.6273E0	1.1634E6	
526	-6.9183E-1	1.4966E2	2.6202E0	1.1656E6	
527	-6.9214E-1	1.4920E2	2.6133E0	1.1678E6	
528	-6.9077E-1	1.5124E2	2.6065E0	1.1701E6	
529	-6.9031E-1	1.5192E2	2.5994E0	1.1723E6	
530	-6.8977E-1	1.5271E2	2.5925E0	1.1745E6	
531	-6.9069E-1	1.5135E2	2.5855E0	1.1767E6	
532	-6.9107E-1	1.5079E2	2.5784E0	1.1789E6	
533	-6.9084E-1	1.5113E2	2.5715E0	1.1812E6	
534	-6.9221E-1	1.4909E2	2.5646E0	1.1834E6	
535	-6.8832E-1	1.5486E2	2.5576E0	1.1856E6	
536	-6.9023E-1	1.5203E2	2.5506E0	1.1878E6	
537	-6.8893E-1	1.5396E2	2.5436E0	1.1900E6	
538	-6.9023E-1	1.5203E2	2.5366E0	1.1923E6	
539	-6.8939E-1	1.5328E2	2.5295E0	1.1945E6	
540	-6.8748E-1	1.5611E2	2.5226E0	1.1967E6	
541	-6.8817E-1	1.5509E2	2.5157E0	1.1989E6	
542	-6.8985E-1	1.5260E2	2.5086E0	1.2011E6	
543	-6.8832E-1	1.5486E2	2.5016E0	1.2034E6	
544	-6.8924E-1	1.5351E2	2.4947E0	1.2056E6	
545	-6.8985E-1	1.5260E2	2.4876E0	1.2078E6	
546	-6.8848E-1	1.5464E2	2.4805E0	1.2100E6	
547	-6.8893E-1	1.5396E2	2.4736E0	1.2122E6	
548	-6.8443E-1	1.6064E2	2.4665E0	1.2145E6	
549	-6.8794E-1	1.5543E2	2.4596E0	1.2167E6	
550	-6.8649E-1	1.5758E2	2.4526E0	1.2189E6	
551	-6.8680E-1	1.5713E2	2.4455E0	1.2211E6	
552	-6.8512E-1	1.5962E2	2.4385E0	1.2233E6	
553	-6.8802E-1	1.5532E2	2.4315E0	1.2256E6	
554	-6.8619E-1	1.5803E2	2.4245E0	1.2278E6	
555	-6.8626E-1	1.5792E2	2.4174E0	1.2300E6	
556	-6.8665E-1	1.5736E2	2.4104E0	1.2322E6	
557	-6.8748E-1	1.5611E2	2.4035E0	1.2344E6	
558	-6.8588E-1	1.5849E2	2.3965E0	1.2367E6	
559	-6.8733E-1	1.5634E2	2.3893E0	1.2389E6	
560	-6.8451E-1	1.6053E2	2.3824E0	1.2411E6	
561	-6.8634E-1	1.5781E2	2.3753E0	1.2433E6	
562	-6.8741E-1	1.5622E2	2.3682E0	1.2455E6	
563	-6.8336E-1	1.6222E2	2.3613E0	1.2478E6	
564	-6.8382E-1	1.6154E2	2.3541E0	1.2500E6	
565	-6.8520E-1	1.5951E2	2.3471E0	1.2522E6	
566	-6.8443E-1	1.6064E2	2.3401E0	1.2544E6	
567	-6.8192E-1	1.6438E2	2.3330E0	1.2566E6	
568	-6.8283E-1	1.6302E2	2.3259E0	1.2589E6	
569	-6.8558E-1	1.5894E2	2.3189E0	1.2611E6	
570	-6.8199E-1	1.6426E2	2.3118E0	1.2633E6	
571	-6.8489E-1	1.5996E2	2.3048E0	1.2655E6	
572	-6.8230E-1	1.6381E2	2.2976E0	1.2677E6	
573	-6.8214E-1	1.6404E2	2.2906E0	1.2700E6	
574	-6.8092E-1	1.6585E2	2.2835E0	1.2722E6	
575	-6.8192E-1	1.6438E2	2.2764E0	1.2744E6	
576	-6.8222E-1	1.6392E2	2.2694E0	1.2766E6	
577	-6.8100E-1	1.6573E2	2.2624E0	1.2788E6	
578	-6.8413E-1	1.6109E2	2.2552E0	1.2811E6	
579	-6.8169E-1	1.6472E2	2.2481E0	1.2833E6	
580	-6.8069E-1	1.6619E2	2.2411E0	1.2855E6	
581	-6.8237E-1	1.6370E2	2.2341E0	1.2877E6	
582	-6.7955E-1	1.6789E2	2.2269E0	1.2899E6	
583	-6.8008E-1	1.6709E2	2.2198E0	1.2922E6	
584	-6.8016E-1	1.6698E2	2.2127E0	1.2944E6	
585	-6.7787E-1	1.7038E2	2.2057E0	1.2966E6	
586	-6.7955E-1	1.6789E2	2.1986E0	1.2988E6	
587	-6.7780E-1	1.7049E2	2.1915E0	1.3010E6	
588	-6.7818E-1	1.6992E2	2.1844E0	1.3033E6	
589	-6.7863E-1	1.6924E2	2.1773E0	1.3055E6	
590	-6.7947E-1	1.6800E2	2.1703E0	1.3077E6	
591	-6.7734E-1	1.7117E2	2.1631E0	1.3099E6	
592	-6.7802E-1	1.7015E2	2.1560E0	1.3121E6	
593	-6.7932E-1	1.6823E2	2.1489E0	1.3144E6	
594	-6.7917E-1	1.6845E2	2.1417E0	1.3166E6	
595	-6.7757E-1	1.7083E2	2.1347E0	1.3188E6	
596	-6.7719E-1	1.7140E2	2.1275E0	1.3210E6	
597	-6.7696E-1	1.7174E2	2.1204E0	1.3232E6	
598	-6.7635E-1	1.7264E2	2.1133E0	1.3255E6	
599	-6.7680E-1	1.7196E2	2.1063E0	1.3277E6	
600	-6.7535E-1	1.7411E2	2.0991E0	1.3299E6	
601	-6.7596E-1	1.7321E2	2.0920E0	1.3321E6	
602	-6.7581E-1	1.7343E2	2.0849E0	1.3343E6	
603	-6.7825E-1	1.6981E2	2.0777E0	1.3366E6	
604	-6.7307E-1	1.7751E2	2.0706E0	1.3388E6	
605	-6.7635E-1	1.7264E2	2.0635E0	1.3410E6	
606	-6.7711E-1	1.7151E2	2.0563E0	1.3432E6	
607	-6.7444E-1	1.7547E2	2.0491E0	1.3454E6	
608	-6.7345E-1	1.7694E2	2.0420E0	1.3477E6	
609	-6.7589E-1	1.7332E2	2.0349E0	1.3499E6	
610	-6.7444E-1	1.7547E2	2.0277E0	1.3521E6	
611	-6.7406E-1	1.7604E2	2.0206E0	1.3543E6	
612	-6.7520E-1	1.7434E2	2.0135E0	1.3565E6	
613	-6.7505E-1	1.7457E2	2.0064E0	1.3588E6	
614	-6.7345E-1	1.7694E2	1.9992E0	1.3610E6	
615	-6.7711E-1	1.7151E2	1.9921E0	1.3632E6	
616	-6.7505E-1	1.7457E2	1.9848E0	1.3654E6	
617	-6.7436E-1	1.7558E2	1.9777E0	1.3676E6	
618	-6.7383E-1	1.7638E2	1.9706E0	1.3699E6	
619	-6.7360E-1	1.7672E2	1.9636E0	1.3721E6	
620	-6.7245E-1	1.7842E2	1.9563E0	1.3743E6	
621	-6.6971E-1	1.8249E2	1.9491E0	1.3765E6	
622	-6.7314E-1	1.7740E2	1.9419E0	1.3787E6	
623	-6.6956E-1	1.8272E2	1.9348E0	1.3810E6	
624	-6.7184E-1	1.7932E2	1.9276E0	1.3832E6	
625	-6.7131E-1	1.8011E2	1.9205E0	1.3854E6	
626	-6.7101E-1	1.8057E2	1.9134E0	1.3876E6	
627	-6.7055E-1	1.8125E2	1.9061E0	1.3898E6	
628	-6.7047E-1	1.8136E2	1.8990E0	1.3921E6	
629	-6.7146E-1	1.7989E2	1.8917E0	1.3943E6	
630	-6.7017E-1	1.8181E2	1.8845E0	1.3965E6	
631	-6.7123E-1	1.8023E2	1.8774E0	1.3987E6	
632	-6.6948E-1	1.8283E2	1.8703E0	1.4009E6	
633	-6.6650E-1	1.8725E2	1.8631E0	1.4032E6	
634	-6.7017E-1	1.8181E2	1.8559E0	1.4054E6	
635	-6.6597E-1	1.8804E2	1.8487E0	1.4076E6	
636	-6.6780E-1	1.8532E2	1.8416E0	1.4098E6	
637	-6.6933E-1	1.8306E2	1.8343E0	1.4120E6	
638	-6.6696E-1	1.8657E2	1.8271E0	1.4143E6	
639	-6.6940E-1	1.8294E2	1.8199E0	1.4165E6	
640	-6.6628E-1	1.8759E2	1.8127E0	1.4187E6	
641	-6.6696E-1	1.8657E2	1.8056E0	1.4209E6	
642	-6.6483E-1	1.8974E2	1.7983E0	1.4231E6	
643	-6.6666E-1	1.8702E2	1.7912E0	1.4254E6	
644	-6.6757E-1	1.8566E2	1.7838E0	1.4276E6	
645	-6.6948E-1	1.8283E2	1.7767E0	1.4298E6	
646	-6.6513E-1	1.8929E2	1.7696E0	1.4320E6	
647	-6.6460E-1	1.9008E2	1.7623E0	1.4342E6	
648	-6.6620E-1	1.8770E2	1.7551E0	1.4365E6	
649	-6.6414E-1	1.9076E2	1.7479E0	1.4387E6	
650	-6.6528E-1	1.8906E2	1.7407E0	1.4409E6	
651	-6.6498E-1	1.8951E2	1.7336E0	1.4431E6	
652	-6.6582E-1	1.8827E2	1.7262E0	1.4453E6	
653	-6.6566E-1	1.8849E2	1.7192E0	1.4476E6	
654	-6.6589E-1	1.8815E2	1.7120E0	1.4498E6	
655	-6.6345E-1	1.9178E2	1.7047E0	1.4520E6	
656	-6.6315E-1	1.9223E2	1.6975E0	1.4542E6	
657	-6.6460E-1	1.9008E2	1.6902E0	1.4564E6	
658	-6.6437E-1	1.9042E2	1.6831E0	1.4587E6	
659	-6.6338E-1	1.9189E2	1.6757E0	1.4609E6	
660	-6.6223E-1	1.9359E2	1.6686E0	1.4631E6	
661	-6.6269E-1	1.9291E2	1.6613E0	1.4653E6	
662	-6.6475E-1	1.8985E2	1.6542E0	1.4675E6	
663	-6.6063E-1	1.9597E2	1.6469E0	1.4698E6	
664	-6.6277E-1	1.9280E2	1.6397E0	1.4720E6	
665	-6.5948E-1	1.9766E2	1.6324E0	1.4742E6	
666	-6.6338E-1	1.9189E2	1.6253E0	1.4764E6	
667	-6.6093E-1	1.9551E2	1.6179E0	1.4786E6	
668	-6.5987E-1	1.9710E2	1.6107E0	1.4809E6	
669	-6.6261E-1	1.9302E2	1.6035E0	1.4831E6	
670	-6.6238E-1	1.9336E2	1.5963E0	1.4853E6	
671	-6.5994E-1	1.9698E2	1.5890E0	1.4875E6	
672	-6.6261E-1	1.9302E2	1.5818E0	1.4897E6	
673	-6.6231E-1	1.9347E2	1.5746E0	1.4920E6	
674	-6.5910E-1	1.9823E2	1.5672E0	1.4942E6	
675	-6.5948E-1	1.9766E2	1.5601E0	1.4964E6	
676	-6.5956E-1	1.9755E2	1.5529E0	1.4986E6	
677	-6.6147E-1	1.9472E2	1.5456E0	1.5008E6	
678	-6.6055E-1	1.9608E2	1.5384E0	1.5031E6	
679	-6.6025E-1	1.9653E2	1.5311E0	1.5053E6	
680	-6.6154E-1	1.9461E2	1.5239E0	1.5075E6	
681	-6.5735E-1	2.0083E2	1.5166E0	1.5097E6	
682	-6.6071E-1	1.9585E2	1.5094E0	1.5119E6	
683	-6.5849E-1	1.9914E2	1.5021E0	1.5142E6	
684	-6.5971E-1	1.9732E2	1.4949E0	1.5164E6	
685	-6.5994E-1	1.9698E2	1.4876E0	1.5186E6	
686	-6.5872E-1	1.9880E2	1.4803E0	1.5208E6	
687	-6.5842E-1	1.9925E2	1.4730E0	1.5230E6	
688	-6.5964E-1	1.9744E2	1.4659E0	1.5253E6	
689	-6.5849E-1	1.9914E2	1.4586E0	1.5275E6	
690	-6.5536E-1	2.0378E2	1.4514E0	1.5297E6	
691	-6.5788E-1	2.0004E2	1.4441E0	1.5319E6	
692	-6.5712E-1	2.0117E2	1.4369E0	1.5341E6	
693	-6.5742E-1	2.0072E2	1.4295E0	1.5364E6	
694	-6.5590E-1	2.0299E2	1.4223E0	1.5386E6	
695	-6.5804E-1	1.9982E2	1.4150E0	1.5408E6	
696	-6.5773E-1	2.0027E2	1.4078E0	1.5430E6	
697	-6.5765E-1	2.0038E2	1.4006E0	1.5452E6	
698	-6.5399E-1	2.0582E2	1.3933E0	1.5475E6	
699	-6.5392E-1	2.0593E2	1.3859E0	1.5497E6	
700	-6.5521E-1	2.0400E2	1.3786E0	1.5519E6	
701	-6.5643E-1	2.0219E2	1.3714E0	1.5541E6	
702	-6.5384E-1	2.0604E2	1.3641E0	1.5563E6	
703	-6.5407E-1	2.0570E2	1.3569E0	1.5586E6	
704	-6.5529E-1	2.0389E2	1.3495E0	1.5608E6	
705	-6.5376E-1	2.0616E2	1.3424E0	1.5630E6	
706	-6.5346E-1	2.0661E2	1.3350E0	1.5652E6	
707	-6.5308E-1	2.0717E2	1.3277E0	1.5674E6	
708	-6.5117E-1	2.1001E2	1.3204E0	1.5697E6	
709	-6.5445E-1	2.0514E2	1.3133E0	1.5719E6	
710	-6.5193E-1	2.0887E2	1.3059E0	1.5741E6	
711	-6.5308E-1	2.0717E2	1.2987E0	1.5763E6	
712	-6.5392E-1	2.0593E2	1.2914E0	1.5785E6	
713	-6.5308E-1	2.0717E2	1.2841E0	1.5808E6	
714	-6.5117E-1	2.1001E2	1.2768E0	1.5830E6	
715	-6.5109E-1	2.1012E2	1.2695E0	1.5852E6	
716	-6.5140E-1	2.0967E2	1.2624E0	1.5874E6	
717	-6.5063E-1	2.1080E2	1.2550E0	1.5896E6	
718	-6.5338E-1	2.0672E2	1.2476E0	1.5919E6	
719	-6.5132E-1	2.0978E2	1.2404E0	1.5941E6	
720	-6.4964E-1	2.1227E2	1.2331E0	1.5963E6	
721	-6.5056E-1	2.1091E2	1.2259E0	1.5985E6	
722	-6.5079E-1	2.1057E2	1.2186E0	1.6007E6	
723	-6.4888E-1	2.1340E2	1.2113E0	1.6030E6	
724	-6.4796E-1	2.1476E2	1.2041E0	1.6052E6	
725	-6.4850E-1	2.1397E2	1.1968E0	1.6074E6	
726	-6.4774E-1	2.1510E2	1.1895E0	1.6096E6	
727	-6.4919E-1	2.1295E2	1.1822E0	1.6118E6	
728	-6.5025E-1	2.1136E2	1.1748E0	1.6141E6	
729	-6.4705E-1	2.1612E2	1.1675E0	1.6163E6	
730	-6.4552E-1	2.1838E2	1.1602E0	1.6185E6	
731	-6.4926E-1	2.1284E2	1.1530E0	1.6207E6	
732	-6.4728E-1	2.1578E2	1.1457E0	1.6229E6	
733	-6.4713E-1	2.1601E2	1.1384E0	1.6252E6	
734	-6.4613E-1	2.1748E2	1.1311E0	1.6274E6	
735	-6.4651E-1	2.1691E2	1.1238E0	1.6296E6	
736	-6.4400E-1	2.2065E2	1.1165E0	1.6318E6	
737	-6.4682E-1	2.1646E2	1.1092E0	1.6340E6	
738	-6.4842E-1	2.1408E2	1.1019E0	1.6363E6	
739	-6.4804E-1	2.1465E2	1.0946E0	1.6385E6	
740	-6.4659E-1	2.1680E2	1.0874E0	1.6407E6	
741	-6.4644E-1	2.1703E2	1.0800E0	1.6429E6	
742	-6.4453E-1	2.1986E2	1.0728E0	1.6451E6	
743	-6.4491E-1	2.1929E2	1.0655E0	1.6474E6	
744	-6.9695E-1	1.4207E2	1.0581E0	1.6496E6	
745	-6.7154E-1	1.7977E2	1.0509E0	1.6518E6	
746	-6.5117E-1	2.1001E2	1.0436E0	1.6540E6	
747	-6.2897E-1	2.4295E2	1.0363E0	1.6562E6	
748	-6.1050E-1	2.7035E2	1.0289E0	1.6585E6	
749	-5.9158E-1	2.9843E2	1.0217E0	1.6607E6	
750	-5.8006E-1	3.1553E2	1.0144E0	1.6629E6	
751	-5.6297E-1	3.4089E2	1.0071E0	1.6651E6	
752	-5.5206E-1	3.5709E2	9.9975E-1	1.6673E6	
753	-5.4100E-1	3.7350E2	9.9256E-1	1.6696E6	
754	-5.3726E-1	3.7905E2	9.8517E-1	1.6718E6	
755	-5.3169E-1	3.8732E2	9.7786E-1	1.6740E6	
756	-5.2277E-1	4.0056E2	9.7060E-1	1.6762E6	
757	-5.3429E-1	3.8347E2	9.6330E-1	1.6784E6	
758	-5.3444E-1	3.8324E2	9.5595E-1	1.6807E6	
759	-5.2803E-1	3.9275E2	9.4867E-1	1.6829E6	
760	-5.1453E-1	4.1279E2	9.4137E-1	1.6851E6	
761	-5.1285E-1	4.1528E2	9.3409E-1	1.6873E6	
762	-4.9866E-1	4.3634E2	9.2676E-1	1.6895E6	
763	-4.9843E-1	4.3668E2	9.1953E-1	1.6918E6	
764	-5.1483E-1	4.1234E2	9.1223E-1	1.6940E6	
765	-5.3558E-1	3.8154E2	9.0490E-1	1.6962E6	
766	-5.3009E-1	3.8969E2	8.9760E-1	1.6984E6	
767	-5.2124E-1	4.0283E2	8.9037E-1	1.7006E6	
768	-5.1689E-1	4.0928E2	8.8306E-1	1.7029E6	
769	-5.0270E-1	4.3034E2	8.7570E-1	1.7051E6	
770	-4.8454E-1	4.5729E2	8.6857E-1	1.7073E6	
771	-4.8714E-1	4.5344E2	8.6119E-1	1.7095E6	
772	-4.7668E-1	4.6895E2	8.5387E-1	1.7117E6	
773	-4.6005E-1	4.9364E2	8.4648E-1	1.7140E6	
774	-4.5418E-1	5.0235E2	8.3933E-1	1.7162E6	
775	-4.5479E-1	5.0145E2	8.3207E-1	1.7184E6	
776	-4.5074E-1	5.0745E2	8.2473E-1	1.7206E6	
777	-4.4312E-1	5.1877E2	8.1742E-1	1.7228E6	
778	-4.4167E-1	5.2092E2	8.1020E-1	1.7251E6	
779	-4.2595E-1	5.4425E2	8.0278E-1	1.7273E6	
780	-4.2091E-1	5.5172E2	7.9561E-1	1.7295E6	
781	-3.9787E-1	5.8591E2	7.8829E-1	1.7317E6	
782	-3.8818E-1	6.0029E2	7.8105E-1	1.7339E6	
783	-3.7476E-1	6.2022E2	7.7371E-1	1.7362E6	
784	-3.7201E-1	6.2430E2	7.6647E-1	1.7384E6	
785	-3.6652E-1	6.3245E2	7.5918E-1	1.7406E6	
786	-3.7071E-1	6.2622E2	7.5187E-1	1.7428E6	
787	-3.5324E-1	6.5215E2	7.4455E-1	1.7450E6	
788	-3.4355E-1	6.6653E2	7.3729E-1	1.7473E6	
789	-3.2295E-1	6.9710E2	7.3005E-1	1.7495E6	
790	-3.0701E-1	7.2077E2	7.2282E-1	1.7517E6	
791	-2.9045E-1	7.4534E2	7.1811E-1	1.7531E6	
792	-2.9045E-1	7.4534E2	7.1811E-1	1.7531E6	
793	-2.9045E-1	7.4534E2	7.1811E-1	1.7531E6	
794	-2.9045E-1	7.4534E2	7.1811E-1	1.7531E6	
795	-2.9045E-1	7.4534E2	7.1811E-1	1.7531E6	
796	-2.9045E-1	7.4534E2	7.1811E-1	1.7531E6	
797	-2.9045E-1	7.4534E2	7.1811E-1	1.7531E6	
798	-2.9045E-1	7.4534E2	7.1811E-1	1.7531E6	
799	-2.9045E-1	7.4534E2	7.1811E-1	1.7531E6	
800	-2.9045E-1	7.4534E2	7.1811E-1	1.7531E6	
801	-2.9045E-1	7.4534E2	7.1811E-1	1.7531E6	
802	-2.9045E-1	7.4534E2	7.1811E-1	1.7531E6	
803	-2.9045E-1	7.4534E2	7.1811E-1	1.7531E6	
804	-2.9045E-1	7.4534E2	7.1811E-1	1.7531E6	
805	-2.9045E-1	7.4534E2	7.1811E-1	1.7531E6	
806	-2.9045E-1	7.4534E2	7.1811E-1	1.7531E6	
807	-2.9045E-1	7.4534E2	7.1811E-1	1.7531E6	
808	-2.9045E-1	7.4534E2	7.1811E-1	1.7531E6	
809	-2.9045E-1	7.4534E2	7.1811E-1	1.7531E6	
810	-2.9045E-1	7.4534E2	7.1811E-1	1.7531E6	
811	-2.9045E-1	7.4534E2	7.1811E-1	1.7531E6	
812	-2.9045E-1	7.4534E2	7.1811E-1	1.7531E6	
813	-2.9045E-1	7.4534E2	7.1811E-1	1.7531E6	
814	-2.9045E-1	7.4534E2	7.1811E-1	1.7531E6	
815	-2.9045E-1	7.4534E2	7.1811E-1	1.7531E6	
816	-2.9045E-1	7.4534E2	7.1811E-1	1.7531E6	
817	-2.9045E-1	7.4534E2	7.1811E-1	1.7531E6	
818	-2.9045E-1	7.4534E2	7.1811E-1	1.7531E6	
819	-2.9045E-1	7.4534E2	7.1811E-1	1.7531E6	
820	-2.9045E-1	7.4534E2	7.1811E-1	1.7531E6	
821	-2.9045E-1	7.4534E2	7.1811E-1	1.7531E6	
822	-2.9045E-1	7.4534E2	7.1811E-1	1.7531E6	
823	-2.9045E-1	7.4534E2	7.1811E-1	1.7531E6	
824	-2.9045E-1	7.4534E2	7.1811E-1	1.7531E6	
825	-2.9045E-1	7.4534E2	7.1811E-1	1.7531E6	
826	-2.9045E-1	7.4534E2	7.1811E-1	1.7531E6	
827	-2.9045E-1	7.4534E2	7.1811E-1	1.7531E6	
828	-2.9045E-1	7.4534E2	7.1811E-1	1.7531E6	
829	-2.9045E-1	7.4534E2	7.1811E-1	1.7531E6	
830	-2.9045E-1	7.4534E2	7.1811E-1	1.7531E6	
831	-2.9045E-1	7.4534E2	7.1811E-1	1.7531E6	
832	-2.9045E-1	7.4534E2	7.1811E-1	1.7531E6	
833	-2.9045E-1	7.4534E2	7.1811E-1	1.7531E6	
834	-2.9045E-1	7.4534E2	7.1811E-1	1.7531E6	
835	-2.9045E-1	7.4534E2	7.1811E-1	1.7531E6	
836	-2.9045E-1	7.4534E2	7.1811E-1	1.7531E6	
837	-2.9045E-1	7.4534E2	7.1811E-1	1.7531E6	
838	-2.9045E-1	7.4534E2	7.1811E-1	1.7531E6	
839	-2.9045E-1	7.4534E2	7.1811E-1	1.7531E6	
840	-2.9045E-1	7.4534E2	7.1811E-1	1.7531E6	
841	-2.9045E-1	7.4534E2	7.1811E-1	1.7531E6	
842	-2.9045E-1	7.4534E2	7.1811E-1	1.7531E6	
843	-2.9045E-1	7.4534E2	7.1811E-1	1.7531E6	
844	-2.9045E-1	7.4534E2	7.1811E-1	1.7531E6	
845	-2.9045E-1	7.4534E2	7.1811E-1	1.7531E6	
846	-2.9045E-1	7.4534E2	7.1811E-1	1.7531E6	
847	-2.9045E-1	7.4534E2	7.1811E-1	1.7531E6	
848	-2.9045E-1	7.4534E2	7.1811E-1	1.7531E6	
849	-2.9045E-1	7.4534E2	7.1811E-1	1.7531E6	
850	-2.9045E-1	7.4534E2	7.1811E-1	1.7531E6	
851	-2.9045E-1	7.4534E2	7.1811E-1	1.7531E6	
852	-2.9045E-1	7.4534E2	7.1811E-1	1.7531E6	
853	-2.9045E-1	7.4534E2	7.1811E-1	1.7531E6	
854	-2.9045E-1	7.4534E2	7.1811E-1	1.7531E6	
855	-2.9045E-1	7.4534E2	7.1811E-1	1.7531E6	
856	-2.9045E-1	7.4534E2	7.1811E-1	1.7531E6	
857	-2.9045E-1	7.4534E2	7.1811E-1	1.7531E6	
858	-2.9045E-1	7.4534E2	7.1811E-1	1.7531E6	
859	-2.9045E-1	7.4534E2	7.1811E-1	1.7531E6	
860	-2.9045E-1	7.4534E2	7.1811E-1	1.7531E6	
861	-2.9045E-1	7.4534E2	7.1811E-1	1.7531E6	
862	-2.9045E-1	7.4534E2	7.1811E-1	1.7531E6	
863	-2.9045E-1	7.4534E2	7.1811E-1	1.7531E6	
864	-2.9045E-1	7.4534E2	7.1811E-1	1.7531E6	
865	-2.9045E-1	7.4534E2	7.1811E-1	1.7531E6	
866	-2.9045E-1	7.4534E2	7.1811E-1	1.7531E6	
867	-2.9045E-1	7.4534E2	7.1811E-1	1.7531E6	
868	-2.9045E-1	7.4534E2	7.1811E-1	1.7531E6	
869	-2.9045E-1	7.4534E2	7.1811E-1	1.7531E6	
870	-2.9045E-1	7.4534E2	7.1811E-1	1.7531E6	
871	-2.9045E-1	7.4534E2	7.1811E-1	1.7531E6	
872	-2.9045E-1	7.4534E2	7.1811E-1	1.7531E6	
873	-2.9045E-1	7.4534E2	7.1811E-1	1.7531E6	
874	-2.9045E-1	7.4534E2	7.1811E-1	1.7531E6	
875	-2.9045E-1	7.4534E2	7.1811E-1	1.7531E6	
876	-2.9045E-1	7.4534E2	7.1811E-1	1.7531E6	
877	-2.9045E-1	7.4534E2	7.1811E-1	1.7531E6	
878	-2.9045E-1	7.4534E2	7.1811E-1	1.7531E6	
879	-2.9045E-1	7.4534E2	7.1811E-1	1.7531E6	
880	-2.9045E-1	7.4534E2	7.1811E-1	1.7531E6	
881	-2.9045E-1	7.4534E2	7.1811E-1	1.7531E6	
882	-2.9045E-1	7.4534E2	7.1811E-1	1.7531E6	
883	-2.9045E-1	7.4534E2	7.1811E-1	1.7531E6	
884	-2.9045E-1	7.4534E2	7.1811E-1	1.7531E6	
885	-2.9045E-1	7.4534E2	7.1811E-1	1.7531E6	
886	-2.9045E-1	7.4534E2	7.1811E-1	1.7531E6	
887	-2.9045E-1	7.4534E2	7.1811E-1	1.7531E6	
888	-2.9045E-1	7.4534E2	7.1811E-1	1.7531E6	
889	-2.9045E-1	7.4534E2	7.1811E-1	1.7531E6	
890	-2.9045E-1	7.4534E2	7.1811E-1	1.7531E6	
891	-2.9045E-1	7.4534E2	7.1811E-1	1.7531E6	
892	-2.9045E-1	7.4534E2	7.1811E-1	1.7531E6	
893	-2.9045E-1	7.4534E2	7.1811E-1	1.7531E6	
894	-2.9045E-1	7.4534E2	7.1811E-1	1.7531E6	
895	-2.9045E-1	7.4534E2	7.1811E-1	1.7531E6	
896	-2.9045E-1	7.4534E2	7.1811E-1	1.7531E6	
897	-2.9045E-1	7.4534E2	7.1811E-1	1.7531E6	
898	-2.9045E-1	7.4534E2	7.1811E-1	1.7531E6	
899	-2.9045E-1	7.4534E2	7.1811E-1	1.7531E6	
900	-2.9045E-1	7.4534E2	7.1811E-1	1.7531E6	
901	-2.9045E-1	7.4534E2	7.1811E-1	1.7531E6	
902	-2.9045E-1	7.4534E2	7.1811E-1	1.7531E6	
903	-2.9045E-1	7.4534E2	7.1811E-1	1.7531E6	
904	-2.9045E-1	7.4534E2	7.1811E-1	1.7531E6	
905	-2.9045E-1	7.4534E2	7.1811E-1	1.7531E6	
906	-2.9045E-1	7.4534E2	7.1811E-1	1.7531E6	
907	-2.9045E-1	7.4534E2	7.1811E-1	1.7531E6	
908	-2.9045E-1	7.4534E2	7.1811E-1	1.7531E6	
909	-2.9045E-1	7.4534E2	7.1811E-1	1.7531E6	
910	-2.9045E-1	7.4534E2	7.1811E-1	1.7531E6	
911	-2.9045E-1	7.4534E2	7.1811E-1	1.7531E6	
912	-2.9045E-1	7.4534E2	7.1811E-1	1.7531E6	
913	-2.9045E-1	7.4534E2	7.1811E-1	1.7531E6	
914	-2.9045E-1	7.4534E2	7.1811E-1	1.7531E6	
915	-2.9045E-1	7.4534E2	7.1811E-1	1.7531E6	
916	-2.9045E-1	7.4534E2	7.1811E-1	1.7531E6	
917	-2.9045E-1	7.4534E2	7.1811E-1	1.7531E6	
918	-2.9045E-1	7.4534E2	7.1811E-1	1.7531E6	
919	-2.9045E-1	7.4534E2	7.1811E-1	1.7531E6	
920	-2.9045E-1	7.4534E2	7.1811E-1	1.7531E6	
921	-2.9045E-1	7.4534E2	7.1811E-1	1.7531E6	
922	-2.9045E-1	7.4534E2	7.1811E-1	1.7531E6	
923	-2.9045E-1	7.4534E2	7.1811E-1	1.7531E6	
924	-2.9045E-1	7.4534E2	7.1811E-1	1.7531E6	
925	-2.9045E-1	7.4534E2	7.1811E-1	1.7531E6	
926	-2.9045E-1	7.4534E2	7.1811E-1	1.7531E6	
927	-2.9045E-1	7.4534E2	7.1811E-1	1.7531E6	
928	-2.9045E-1	7.4534E2	7.1811E-1	1.7531E6	
929	-2.9045E-1	7.4534E2	7.1811E-1	1.7531E6	
930	-2.9045E-1	7.4534E2	7.1811E-1	1.7531E6	
931	-2.9045E-1	7.4534E2	7.1811E-1	1.7531E6	
932	-2.9045E-1	7.4534E2	7.1811E-1	1.7531E6	
933	-2.9045E-1	7.4534E2	7.1811E-1	1.7531E6	
934	-2.9045E-1	7.4534E2	7.1811E-1	1.7531E6	
935	-2.9045E-1	7.4534E2	7.1811E-1	1.7531E6	
936	-2.9045E-1	7.4534E2	7.1811E-1	1.7531E6	
937	-2.9045E-1	7.4534E2	7.1811E-1	1.7531E6	
938	-2.9045E-1	7.4534E2	7.1811E-1	1.7531E6	
939	-2.9045E-1	7.4534E2	7.1811E-1	1.7531E6	
940	-2.9045E-1	7.4534E2	7.1811E-1	1.7531E6	
941	-2.9045E-1	7.4534E2	7.1811E-1	1.7531E6	
942	-2.9045E-1	7.4534E2	7.1811E-1	1.7531E6	
943	-2.9045E-1	7.4534E2	7.1811E-1	1.7531E6	
944	-2.9045E-1	7.4534E2	7.1811E-1	1.7531E6	
945	-2.9045E-1	7.4534E2	7.1811E-1	1.7531E6	
946	-2.9045E-1	7.4534E2	7.1811E-1	1.7531E6	
947	-2.9045E-1	7.4534E2	7.1811E-1	1.7531E6	
948	-2.9045E-1	7.4534E2	7.1811E-1	1.7531E6	
949	-2.9045E-1	7.4534E2	7.1811E-1	1.7531E6	
950	-2.9045E-1	7.4534E2	7.1811E-1	1.7531E6	
951	-2.9045E-1	7.4534E2	7.1811E-1	1.7531E6	
952	-2.9045E-1	7.4534E2	7.1811E-1	1.7531E6	
953	-2.9045E-1	7.4534E2	7.1811E-1	1.7531E6	
954	-2.9045E-1	7.4534E2	7.1811E-1	1.7531E6	
955	-2.9045E-1	7.4534E2	7.1811E-1	1.7531E6	
956	-2.9045E-1	7.4534E2	7.1811E-1	1.7531E6	
957	-2.9045E-1	7.4534E2	7.1811E-1	1.7531E6	
958	-2.9045E-1	7.4534E2	7.1811E-1	1.7531E6	
959	-2.9045E-1	7.4534E2	7.1811E-1	1.7531E6	
960	-2.9045E-1	7.4534E2	7.1811E-1	1.7531E6	
961	-2.9045E-1	7.4534E2	7.1811E-1	1.7531E6	
962	-2.9045E-1	7.4534E2	7.1811E-1	1.7531E6	
963	-2.9045E-1	7.4534E2	7.1811E-1	1.7531E6	
964	-2.9045E-1	7.4534E2	7.1811E-1	1.7531E6	
965	-2.9045E-1	7.4534E2	7.1811E-1	1.7531E6	
966	-2.9045E-1	7.4534E2	7.1811E-1	1.7531E6	
967	-2.9045E-1	7.4534E2	7.1811E-1	1.7531E6	
968	-2.9045E-1	7.4534E2	7.1811E-1	1.7531E6	
969	-2.9045E-1	7.4534E2	7.1811E-1	1.7531E6	
970	-2.9045E-1	7.4534E2	7.1811E-1	1.7531E6	
971	-2.9045E-1	7.4534E2	7.1811E-1	1.7531E6	
972	-2.9045E-1	7.4534E2	7.1811E-1	1.7531E6	
973	-2.9045E-1	7.4534E2	7.1811E-1	1.7531E6	
974	-2.9045E-1	7.4534E2	7.1811E-1	1.7531E6	
975	-2.9045E-1	7.4534E2	7.1811E-1	1.7531E6	
976	-2.9045E-1	7.4534E2	7.1811E-1	1.7531E6	
977	-2.9045E-1	7.4534E2	7.1811E-1	1.7531E6	
978	-2.9045E-1	7.4534E2	7.1811E-1	1.7531E6	
979	-2.9045E-1	7.4534E2	7.1811E-1	1.7531E6	
980	-2.9045E-1	7.4534E2	7.1811E-1	1.7531E6	
981	-2.9045E-1	7.4534E2	7.1811E-1	1.7531E6	
982	-2.9045E-1	7.4534E2	7.1811E-1	1.7531E6	
983	-2.9045E-1	7.4534E2	7.1811E-1	1.7531E6	
984	-2.9045E-1	7.4534E2	7.1811E-1	1.7531E6	
985	-2.9045E-1	7.4534E2	7.1811E-1	1.7531E6	
986	-2.9045E-1	7.4534E2	7.1811E-1	1.7531E6	
987	-2.9045E-1	7.4534E2	7.1811E-1	1.7531E6	
988	-2.9045E-1	7.4534E2	7.1811E-1	1.7531E6	
989	-2.9045E-1	7.4534E2	7.1811E-1	1.7531E6	
990	-2.9045E-1	7.4534E2	7.1811E-1	1.7531E6	
991	-2.9045E-1	7.4534E2	7.1811E-1	1.7531E6	
992	-2.9045E-1	7.4534E2	7.1811E-1	1.7531E6	
993	-2.9045E-1	7.4534E2	7.1811E-1	1.7531E6	
994	-2.9045E-1	7.4534E2	7.1811E-1	1.7531E6	
995	-2.9045E-1	7.4534E2	7.1811E-1	1.7531E6	
996	-2.9045E-1	7.4534E2	7.1811E-1	1.7531E6	
997	-2.9045E-1	7.4534E2	7.1811E-1	1.7531E6	
998	-2.9045E-1	7.4534E2	7.1811E-1	1.7531E6	
999	-2.9045E-1	7.4534E2	7.1811E-1	1.7531E6	
1000	-2.9045E-1	7.4534E2	7.1811E-1	1.7531E6	
1001	-2.9045E-1	7.4534E2	7.1811E-1	1.7531E6	
1002	-2.9045E-1	7.4534E2	7.1811E-1	1.7531E6	
1003	-2.9045E-1	7.4534E2	7.1811E-1	1.7531E6	
1004	-2.9045E-1	7.4534E2	7.1811E-1	1.7531E6	
1005	-2.9045E-1	7.4534E2	7.1811E-1	1.7531E6	
1006	-2.9045E-1	7.4534E2	7.1811E-1	1.7531E6	
1007	-2.9045E-1	7.4534E2	7.1811E-1	1.7531E6	
1008	-2.9045E-1	7.4534E2	7.1811E-1	1.7531E6	
1009	-2.9045E-1	7.4534E2	7.1811E-1	1.7531E6	
1010	-2.9045E-1	7.4534E2	7.1811E-1	1.7531E6	
1011	-2.9045E-1	7.4534E2	7.1811E-1	1.7531E6	
1012	-2.9045E-1	7.4534E2	7.1811E-1	1.7531E6	
1013	-2.9045E-1	7.4534E2	7.1811E-1	1.7531E6	
1014	-2.9045E-1	7.4534E2	7.1811E-1	1.7531E6	
1015	-2.9045E-1	7.4534E2	7.1811E-1	1.7531E6	
1016	-2.9045E-1	7.4534E2	7.1811E-1	1.7531E6	
1017	-2.9045E-1	7.4534E2	7.1811E-1	1.7531E6	
1018	-2.9045E-1	7.4534E2	7.1811E-1	1.7531E6	
1019	-2.9045E-1	7.4534E2	7.1811E-1	1.7531E6	
1020	-2.9045E-1	7.4534E2	7.1811E-1	1.7531E6	
1021	-2.9045E-1	7.4534E2	7.1811E-1	1.7531E6	
1022	-2.9045E-1	7.4534E2	7.1811E-1	1.7531E6	
1023	-2.9045E-1	7.4534E2	7.1811E-1	1.7531E6	
1024	-2.9045E-1	7.4534E2	7.1811E-1	1.7531E6	
1025	-2.9182E-1	7.4330E2	7.1807E-1	1.7531E6	
1026	-3.3707E-1	6.7616E2	7.1920E-1	1.7554E6	
1027	-3.5454E-1	6.5023E2	7.2183E-1	1.7576E6	
1028	-3.7659E-1	6.1750E2	7.2493E-1	1.7598E6	
1029	-3.9238E-1	5.9407E2	7.2829E-1	1.7620E6	
1030	-4.0627E-1	5.7346E2	7.3178E-1	1.7642E6	
1031	-4.2625E-1	5.4379E2	7.3544E-1	1.7665E6	
1032	-4.3922E-1	5.2455E2	7.3920E-1	1.7687E6	
1033	-4.5364E-1	5.0315E2	7.4312E-1	1.7709E6	
1034	-4.6684E-1	4.8356E2	7.4710E-1	1.7731E6	
1035	-4.8523E-1	4.5627E2	7.5122E-1	1.7753E6	
1036	-4.9133E-1	4.4721E2	7.5526E-1	1.7776E6	
1037	-5.1430E-1	4.1313E2	7.5956E-1	1.7798E6	
1038	-5.1987E-1	4.0487E2	7.6367E-1	1.7820E6	
1039	-5.3268E-1	3.8585E2	7.6797E-1	1.7842E6	
1040	-5.4832E-1	3.6263E2	7.7228E-1	1.7864E6	
1041	-5.6259E-1	3.4146E2	7.7656E-1	1.7887E6	
1042	-5.6725E-1	3.3455E2	7.8104E-1	1.7909E6	
1043	-5.8693E-1	3.0534E2	7.8535E-1	1.7931E6	
1044	-5.9502E-1	2.9334E2	7.8975E-1	1.7953E6	
1045	-6.0669E-1	2.7602E2	7.9426E-1	1.7975E6	
1046	-6.1890E-1	2.5790E2	7.9869E-1	1.7998E6	
1047	-6.2943E-1	2.4227E2	8.0314E-1	1.8020E6	
1048	-6.4117E-1	2.2484E2	8.0766E-1	1.8042E6	
1049	-6.5453E-1	2.0502E2	8.1213E-1	1.8064E6	
1050	-6.6399E-1	1.9098E2	8.1663E-1	1.8086E6	
1051	-6.7276E-1	1.7796E2	8.2123E-1	1.8109E6	
1052	-6.8604E-1	1.5826E2	8.2575E-1	1.8131E6	
1053	-6.9595E-1	1.4354E2	8.3043E-1	1.8153E6	
1054	-7.0366E-1	1.3211E2	8.3507E-1	1.8175E6	
1055	-7.1533E-1	1.1478E2	8.3971E-1	1.8197E6	
1056	-7.2601E-1	9.8931E1	8.4416E-1	1.8220E6	
1057	-7.3425E-1	8.6703E1	8.4879E-1	1.8242E6	
1058	-7.4493E-1	7.0851E1	8.5358E-1	1.8264E6	
1059	-7.5218E-1	6.0095E1	8.5810E-1	1.8286E6	
1060	-7.6752E-1	3.7336E1	8.6290E-1	1.8308E6	
1061	-7.7286E-1	2.9410E1	8.6743E-1	1.8331E6	
1062	-7.7873E-1	2.0692E1	8.7225E-1	1.8353E6	
1063	-7.9102E-1	2.4627E0	8.7689E-1	1.8375E6	
1064	-7.9956E-1	-1.0219E1	8.8158E-1	1.8397E6	
1065	-8.0841E-1	-2.3353E1	8.8626E-1	1.8419E6	
1066	-8.1490E-1	-3.2977E1	8.9110E-1	1.8442E6	
1067	-8.2680E-1	-5.0640E1	8.9582E-1	1.8464E6	
1068	-8.3473E-1	-6.2416E1	9.0050E-1	1.8486E6	
1069	-8.4145E-1	-7.2380E1	9.0522E-1	1.8508E6	
1070	-8.4625E-1	-7.9513E1	9.1007E-1	1.8530E6	
1071	-8.4976E-1	-8.4721E1	9.1483E-1	1.8553E6	
1072	-8.5083E-1	-8.6306E1	9.1962E-1	1.8575E6	
1073	-8.5205E-1	-8.8118E1	9.2434E-1	1.8597E6	
1074	-8.5396E-1	-9.0949E1	9.2911E-1	1.8619E6	
1075	-8.5663E-1	-9.4911E1	9.3384E-1	1.8641E6	
1076	-8.5693E-1	-9.5364E1	9.3874E-1	1.8664E6	
1077	-8.6853E-1	-1.1257E2	9.4355E-1	1.8686E6	
1078	-8.6296E-1	-1.0431E2	9.4832E-1	1.8708E6	
1079	-8.7105E-1	-1.1631E2	9.5322E-1	1.8730E6	
1080	-8.6540E-1	-1.0793E2	9.5799E-1	1.8752E6	
1081	-8.7204E-1	-1.1778E2	9.6289E-1	1.8775E6	
1082	-8.7585E-1	-1.2344E2	9.6778E-1	1.8797E6	
1083	-8.7624E-1	-1.2401E2	9.7265E-1	1.8819E6	
1084	-8.7105E-1	-1.1631E2	9.7746E-1	1.8841E6	
1085	-8.7143E-1	-1.1688E2	9.8233E-1	1.8863E6	
1086	-8.7418E-1	-1.2095E2	9.8719E-1	1.8886E6	
1087	-8.7776E-1	-1.2627E2	9.9215E-1	1.8908E6	
1088	-8.8043E-1	-1.3024E2	9.9702E-1	1.8930E6	
1089	-8.7822E-1	-1.2695E2	1.0018E0	1.8952E6	
1090	-8.8089E-1	-1.3092E2	1.0068E0	1.8974E6	
1091	-8.8173E-1	-1.3216E2	1.0117E0	1.8997E6	
1092	-8.7929E-1	-1.2854E2	1.0167E0	1.9019E6	
1093	-8.8234E-1	-1.3307E2	1.0215E0	1.9041E6	
1094	-8.8974E-1	-1.4405E2	1.0264E0	1.9063E6	
1095	-8.8585E-1	-1.3828E2	1.0315E0	1.9085E6	
1096	-8.8654E-1	-1.3930E2	1.0365E0	1.9108E6	
1097	-8.8318E-1	-1.3431E2	1.0414E0	1.9130E6	
1098	-8.8791E-1	-1.4133E2	1.0464E0	1.9152E6	
1099	-8.9874E-1	-1.5741E2	1.0513E0	1.9174E6	
1100	-9.1057E-1	-1.7496E2	1.0563E0	1.9196E6	
1101	-9.1637E-1	-1.8357E2	1.0612E0	1.9219E6	
1102	-9.1309E-1	-1.7870E2	1.0662E0	1.9241E6	
1103	-8.9890E-1	-1.5764E2	1.0712E0	1.9263E6	
1104	-8.8943E-1	-1.4360E2	1.0762E0	1.9285E6	
1105	-8.8913E-1	-1.4315E2	1.0812E0	1.9307E6	
1106	-8.8661E-1	-1.3941E2	1.0863E0	1.9330E6	
1107	-8.9073E-1	-1.4552E2	1.0912E0	1.9352E6	
1108	-8.9241E-1	-1.4801E2	1.0963E0	1.9374E6	
1109	-8.8638E-1	-1.3907E2	1.1013E0	1.9396E6	
1110	-8.8837E-1	-1.4201E2	1.1063E0	1.9418E6	
1111	-8.8638E-1	-1.3907E2	1.1113E0	1.9441E6	
1112	-8.9134E-1	-1.4643E2	1.1164E0	1.9463E6	
1113	-8.8982E-1	-1.4416E2	1.1216E0	1.9485E6	
1114	-8.9149E-1	-1.4666E2	1.1266E0	1.9507E6	
1115	-8.8760E-1	-1.4088E2	1.1316E0	1.9529E6	
1116	-8.8989E-1	-1.4428E2	1.1368E0	1.9552E6	
1117	-8.8631E-1	-1.3896E2	1.1417E0	1.9574E6	
1118	-8.8486E-1	-1.3680E2	1.1469E0	1.9596E6	
1119	-8.8448E-1	-1.3624E2	1.1520E0	1.9618E6	
1120	-8.8745E-1	-1.4065E2	1.1571E0	1.9640E6	
1121	-8.8814E-1	-1.4167E2	1.1622E0	1.9663E6	
1122	-8.8631E-1	-1.3896E2	1.1673E0	1.9685E6	
1123	-8.8371E-1	-1.3511E2	1.1724E0	1.9707E6	
1124	-8.8486E-1	-1.3680E2	1.1775E0	1.9729E6	
1125	-8.8394E-1	-1.3545E2	1.1826E0	1.9751E6	
1126	-8.8318E-1	-1.3431E2	1.1877E0	1.9774E6	
1127	-8.8577E-1	-1.3816E2	1.1930E0	1.9796E6	
1128	-8.8608E-1	-1.3862E2	1.1980E0	1.9818E6	
1129	-8.8707E-1	-1.4009E2	1.2033E0	1.9840E6	
1130	-8.8562E-1	-1.3794E2	1.2084E0	1.9862E6	
1131	-8.8608E-1	-1.3862E2	1.2136E0	1.9885E6	
1132	-8.8318E-1	-1.3431E2	1.2187E0	1.9907E6	
1133	-8.8341E-1	-1.3465E2	1.2239E0	1.9929E6	
1134	-8.8264E-1	-1.3352E2	1.2291E0	1.9951E6	
1135	-8.8112E-1	-1.3126E2	1.2343E0	1.9973E6	
1136	-8.7685E-1	-1.2492E2	1.2395E0	1.9996E6	
1137	-8.7090E-1	-1.1608E2	1.2447E0	2.0018E6	
1138	-8.6700E-1	-1.1031E2	1.2498E0	2.0040E6	
1139	-8.6044E-1	-1.0057E2	1.2552E0	2.0062E6	
1140	-8.5800E-1	-9.6950E1	1.2603E0	2.0084E6	
1141	-8.5121E-1	-8.6872E1	1.2656E0	2.0107E6	
1142	-8.4091E-1	-7.1587E1	1.2708E0	2.0129E6	
1143	-8.1039E-1	-2.6297E1	1.2760E0	2.0151E6	
1144	-7.9849E-1	-8.6334E0	1.2812E0	2.0173E6	
1145	-7.8087E-1	1.7522E1	1.2865E0	2.0195E6	
1146	-7.6630E-1	3.9148E1	1.2918E0	2.0218E6	
1147	-7.5058E-1	6.2472E1	1.2969E0	2.0240E6	
1148	-7.2983E-1	9.3270E1	1.3022E0	2.0262E6	
1149	-7.0778E-1	1.2599E2	1.3075E0	2.0284E6	
1150	-6.8810E-1	1.5520E2	1.3128E0	2.0306E6	
1151	-6.7909E-1	1.6856E2	1.3180E0	2.0329E6	
1152	-6.7276E-1	1.7796E2	1.3234E0	2.0351E6	
1153	-6.6628E-1	1.8759E2	1.3286E0	2.0373E6	
1154	-6.5285E-1	2.0751E2	1.3340E0	2.0395E6	
1155	-6.5292E-1	2.0740E2	1.3392E0	2.0417E6	
1156	-6.5536E-1	2.0378E2	1.3445E0	2.0440E6	
1157	-6.5414E-1	2.0559E2	1.3499E0	2.0462E6	
1158	-6.5491E-1	2.0446E2	1.3552E0	2.0484E6	
1159	-6.5460E-1	2.0491E2	1.3605E0	2.0506E6	
1160	-6.5567E-1	2.0333E2	1.3658E0	2.0528E6	
1161	-6.5552E-1	2.0355E2	1.3711E0	2.0551E6	
1162	-6.5674E-1	2.0174E2	1.3766E0	2.0573E6	
1163	-6.5643E-1	2.0219E2	1.3819E0	2.0595E6	
1164	-6.5590E-1	2.0299E2	1.3872E0	2.0617E6	
1165	-6.5704E-1	2.0129E2	1.3924E0	2.0639E6	
1166	-6.5521E-1	2.0400E2	1.3979E0	2.0662E6	
1167	-6.5674E-1	2.0174E2	1.4032E0	2.0684E6	
1168	-6.5857E-1	1.9902E2	1.4087E0	2.0706E6	
1169	-6.5598E-1	2.0287E2	1.4140E0	2.0728E6	
1170	-6.5765E-1	2.0038E2	1.4194E0	2.0750E6	
1171	-6.5735E-1	2.0083E2	1.4248E0	2.0773E6	
1172	-6.5765E-1	2.0038E2	1.4302E0	2.0795E6	
1173	-6.5826E-1	1.9948E2	1.4356E0	2.0817E6	
1174	-6.5804E-1	1.9982E2	1.4410E0	2.0839E6	
1175	-6.5903E-1	1.9834E2	1.4463E0	2.0861E6	
1176	-6.5910E-1	1.9823E2	1.4519E0	2.0884E6	
1177	-6.5887E-1	1.9857E2	1.4572E0	2.0906E6	
1178	-6.5918E-1	1.9812E2	1.4625E0	2.0928E6	
1179	-6.5834E-1	1.9936E2	1.4681E0	2.0950E6	
1180	-6.5994E-1	1.9698E2	1.4736E0	2.0972E6	
1181	-6.5781E-1	2.0015E2	1.4790E0	2.0995E6	
1182	-6.5849E-1	1.9914E2	1.4844E0	2.1017E6	
1183	-6.5994E-1	1.9698E2	1.4899E0	2.1039E6	
1184	-6.5910E-1	1.9823E2	1.4954E0	2.1061E6	
1185	-6.6055E-1	1.9608E2	1.5008E0	2.1083E6	
1186	-6.5765E-1	2.0038E2	1.5063E0	2.1106E6	
1187	-6.6109E-1	1.9529E2	1.5117E0	2.1128E6	
1188	-6.6132E-1	1.9495E2	1.5172E0	2.1150E6	
1189	-6.6071E-1	1.9585E2	1.5228E0	2.1172E6	
1190	-6.6238E-1	1.9336E2	1.5282E0	2.1194E6	
1191	-6.6345E-1	1.9178E2	1.5337E0	2.1217E6	
1192	-6.6261E-1	1.9302E2	1.5392E0	2.1239E6	
1193	-6.6299E-1	1.9246E2	1.5447E0	2.1261E6	
1194	-6.6345E-1	1.9178E2	1.5502E0	2.1283E6	
1195	-6.6330E-1	1.9200E2	1.5558E0	2.1305E6	
1196	-6.6429E-1	1.9053E2	1.5613E0	2.1328E6	
1197	-6.6261E-1	1.9302E2	1.5668E0	2.1350E6	
1198	-6.6399E-1	1.9098E2	1.5723E0	2.1372E6	
1199	-6.6154E-1	1.9461E2	1.5778E0	2.1394E6	
1200	-6.6254E-1	1.9313E2	1.5835E0	2.1416E6	
1201	-6.6360E-1	1.9155E2	1.5890E0	2.1439E6	
1202	-6.6193E-1	1.9404E2	1.5945E0	2.1461E6	
1203	-6.6238E-1	1.9336E2	1.6001E0	2.1483E6	
1204	-6.6162E-1	1.9449E2	1.6055E0	2.1505E6	
1205	-6.6360E-1	1.9155E2	1.6111E0	2.1527E6	
1206	-6.6261E-1	1.9302E2	1.6168E0	2.1550E6	
1207	-6.6307E-1	1.9234E2	1.6222E0	2.1572E6	
1208	-6.6345E-1	1.9178E2	1.6277E0	2.1594E6	
1209	-6.6345E-1	1.9178E2	1.6334E0	2.1616E6	
1210	-6.6383E-1	1.9121E2	1.6391E0	2.1638E6	
1211	-6.6368E-1	1.9144E2	1.6446E0	2.1661E6	
1212	-6.6483E-1	1.8974E2	1.6503E0	2.1683E6	
1213	-6.6284E-1	1.9268E2	1.6559E0	2.1705E6	
1214	-6.6406E-1	1.9087E2	1.6615E0	2.1727E6	
1215	-6.6360E-1	1.9155E2	1.6671E0	2.1749E6	
1216	-6.6360E-1	1.9155E2	1.6728E0	2.1772E6	
1217	-6.6368E-1	1.9144E2	1.6783E0	2.1794E6	
1218	-6.6551E-1	1.8872E2	1.6840E0	2.1816E6	
1219	-6.6093E-1	1.9551E2	1.6896E0	2.1838E6	
1220	-6.6261E-1	1.9302E2	1.6952E0	2.1860E6	
1221	-6.6452E-1	1.9019E2	1.7009E0	2.1883E6	
1222	-6.6490E-1	1.8962E2	1.7065E0	2.1905E6	
1223	-6.6589E-1	1.8815E2	1.7122E0	2.1927E6	
1224	-6.6399E-1	1.9098E2	1.7178E0	2.1949E6	
1225	-6.6681E-1	1.8679E2	1.7235E0	2.1971E6	
1226	-6.6681E-1	1.8679E2	1.7293E0	2.1994E6	
1227	-6.6841E-1	1.8442E2	1.7348E0	2.2016E6	
1228	-6.6803E-1	1.8498E2	1.7405E0	2.2038E6	
1229	-6.6696E-1	1.8657E2	1.7462E0	2.2060E6	
1230	-6.6818E-1	1.8476E2	1.7519E0	2.2082E6	
1231	-6.6658E-1	1.8713E2	1.7577E0	2.2105E6	
1232	-6.6788E-1	1.8521E2	1.7633E0	2.2127E6	
1233	-6.6917E-1	1.8328E2	1.7690E0	2.2149E6	
1234	-6.6673E-1	1.8691E2	1.7748E0	2.2171E6	
1235	-6.6673E-1	1.8691E2	1.7804E0	2.2193E6	
1236	-6.6765E-1	1.8555E2	1.7861E0	2.2216E6	
1237	-6.6750E-1	1.8578E2	1.7918E0	2.2238E6	
1238	-6.6956E-1	1.8272E2	1.7976E0	2.2260E6	
1239	-6.7245E-1	1.7842E2	1.8034E0	2.2282E6	
1240	-6.6956E-1	1.8272E2	1.8091E0	2.2304E6	
1241	-6.7047E-1	1.8136E2	1.8148E0	2.2327E6	
1242	-6.6986E-1	1.8227E2	1.8206E0	2.2349E6	
1243	-6.7169E-1	1.7955E2	1.8263E0	2.2371E6	
1244	-6.7268E-1	1.7808E2	1.8321E0	2.2393E6	
1245	-6.7001E-1	1.8204E2	1.8379E0	2.2415E6	
1246	-6.7123E-1	1.8023E2	1.8436E0	2.2438E6	
1247	-6.7268E-1	1.7808E2	1.8494E0	2.2460E6	
1248	-6.7146E-1	1.7989E2	1.8552E0	2.2482E6	
1249	-6.7001E-1	1.8204E2	1.8609E0	2.2504E6	
1250	-6.7116E-1	1.8034E2	1.8667E0	2.2526E6	
1251	-6.7291E-1	1.7774E2	1.8725E0	2.2549E6	
1252	-6.7238E-1	1.7853E2	1.8784E0	2.2571E6	
1253	-6.7299E-1	1.7762E2	1.8842E0	2.2593E6	
1254	-6.7047E-1	1.8136E2	1.8900E0	2.2615E6	
1255	-6.7169E-1	1.7955E2	1.8957E0	2.2637E6	
1256	-6.7230E-1	1.7864E2	1.9016E0	2.2660E6	
1257	-6.7169E-1	1.7955E2	1.9074E0	2.2682E6	
1258	-6.7352E-1	1.7683E2	1.9133E0	2.2704E6	
1259	-6.7207E-1	1.7898E2	1.9191E0	2.2726E6	
1260	-6.7352E-1	1.7683E2	1.9249E0	2.2748E6	
1261	-6.7245E-1	1.7842E2	1.9308E0	2.2771E6	
1262	-6.7215E-1	1.7887E2	1.9366E0	2.2793E6	
1263	-6.7238E-1	1.7853E2	1.9425E0	2.2815E6	
1264	-6.7337E-1	1.7706E2	1.9482E0	2.2837E6	
1265	-6.7101E-1	1.8057E2	1.9541E0	2.2859E6	
1266	-6.7368E-1	1.7660E2	1.9600E0	2.2882E6	
1267	-6.7360E-1	1.7672E2	1.9659E0	2.2904E6	
1268	-6.7657E-1	1.7230E2	1.9717E0	2.2926E6	
1269	-6.7535E-1	1.7411E2	1.9777E0	2.2948E6	
1270	-6.7543E-1	1.7400E2	1.9835E0	2.2970E6	
1271	-6.7528E-1	1.7423E2	1.9894E0	2.2993E6	
1272	-6.7467E-1	1.7513E2	1.9953E0	2.3015E6	
1273	-6.7436E-1	1.7558E2	2.0012E0	2.3037E6	
1274	-6.7482E-1	1.7491E2	2.0072E0	2.3059E6	
1275	-6.7459E-1	1.7525E2	2.0130E0	2.3081E6	
1276	-6.7513E-1	1.7445E2	2.0188E0	2.3104E6	
1277	-6.7627E-1	1.7275E2	2.0248E0	2.3126E6	
1278	-6.7513E-1	1.7445E2	2.0308E0	2.3148E6	
1279	-6.7703E-1	1.7162E2	2.0368E0	2.3170E6	
1280	-6.7596E-1	1.7321E2	2.0427E0	2.3192E6	
1281	-6.7596E-1	1.7321E2	2.0486E0	2.3215E6	
1282	-6.7535E-1	1.7411E2	2.0545E0	2.3237E6	
1283	-6.7795E-1	1.7026E2	2.0604E0	2.3259E6	
1284	-6.7795E-1	1.7026E2	2.0664E0	2.3281E6	
1285	-6.7604E-1	1.7309E2	2.0723E0	2.3303E6	
1286	-6.7520E-1	1.7434E2	2.0783E0	2.3326E6	
1287	-6.7688E-1	1.7185E2	2.0843E0	2.3348E6	
1288	-6.7970E-1	1.6766E2	2.0903E0	2.3370E6	
1289	-6.7764E-1	1.7072E2	2.0963E0	2.3392E6	
1290	-6.7818E-1	1.6992E2	2.1022E0	2.3414E6	
1291	-6.7879E-1	1.6902E2	2.1082E0	2.3437E6	
1292	-6.7833E-1	1.6970E2	2.1142E0	2.3459E6	
1293	-6.7886E-1	1.6890E2	2.1202E0	2.3481E6	
1294	-6.7932E-1	1.6823E2	2.1262E0	2.3503E6	
1295	-6.7764E-1	1.7072E2	2.1322E0	2.3525E6	
1296	-6.7886E-1	1.6890E2	2.1383E0	2.3548E6	
1297	-6.7924E-1	1.6834E2	2.1442E0	2.3570E6	
1298	-6.7955E-1	1.6789E2	2.1502E0	2.3592E6	
1299	-6.7886E-1	1.6890E2	2.1562E0	2.3614E6	
1300	-6.8024E-1	1.6687E2	2.1623E0	2.3636E6	
1301	-6.7978E-1	1.6755E2	2.1683E0	2.3659E6	
1302	-6.7963E-1	1.6777E2	2.1744E0	2.3681E6	
1303	-6.8085E-1	1.6596E2	2.1803E0	2.3703E6	
1304	-6.8054E-1	1.6641E2	2.1864E0	2.3725E6	
1305	-6.8092E-1	1.6585E2	2.1925E0	2.3747E6	
1306	-6.7970E-1	1.6766E2	2.1985E0	2.3770E6	
1307	-6.8146E-1	1.6505E2	2.2046E0	2.3792E6	
1308	-6.8192E-1	1.6438E2	2.2106E0	2.3814E6	
1309	-6.8146E-1	1.6505E2	2.2166E0	2.3836E6	
1310	-6.8336E-1	1.6222E2	2.2228E0	2.3858E6	
1311	-6.8153E-1	1.6494E2	2.2288E0	2.3881E6	
1312	-6.8169E-1	1.6472E2	2.2349E0	2.3903E6	
1313	-6.8222E-1	1.6392E2	2.2410E0	2.3925E6	
1314	-6.8367E-1	1.6177E2	2.2472E0	2.3947E6	
1315	-6.8245E-1	1.6358E2	2.2532E0	2.3969E6	
1316	-6.8275E-1	1.6313E2	2.2593E0	2.3992E6	
1317	-6.8504E-1	1.5973E2	2.2654E0	2.4014E6	
1318	-6.8146E-1	1.6505E2	2.2716E0	2.4036E6	
1319	-6.8359E-1	1.6188E2	2.2777E0	2.4058E6	
1320	-6.8596E-1	1.5837E2	2.2838E0	2.4080E6	
1321	-6.8550E-1	1.5905E2	2.2898E0	2.4103E6	
1322	-6.8535E-1	1.5928E2	2.2960E0	2.4125E6	
1323	-6.8375E-1	1.6166E2	2.3021E0	2.4147E6	
1324	-6.8649E-1	1.5758E2	2.3082E0	2.4169E6	
1325	-6.8390E-1	1.6143E2	2.3144E0	2.4191E6	
1326	-6.8741E-1	1.5622E2	2.3206E0	2.4214E6	
1327	-6.8436E-1	1.6075E2	2.3268E0	2.4236E6	
1328	-6.8428E-1	1.6087E2	2.3329E0	2.4258E6	
1329	-6.8565E-1	1.5883E2	2.3390E0	2.4280E6	
1330	-6.8695E-1	1.5690E2	2.3452E0	2.4302E6	
1331	-6.8855E-1	1.5452E2	2.3514E0	2.4325E6	
1332	-6.8581E-1	1.5860E2	2.3575E0	2.4347E6	
1333	-6.8649E-1	1.5758E2	2.3638E0	2.4369E6	
1334	-6.8672E-1	1.5724E2	2.3699E0	2.4391E6	
1335	-6.8710E-1	1.5668E2	2.3762E0	2.4413E6	
1336	-6.8535E-1	1.5928E2	2.3822E0	2.4436E6	
1337	-6.8726E-1	1.5645E2	2.3885E0	2.4458E6	
1338	-6.8619E-1	1.5803E2	2.3947E0	2.4480E6	
1339	-6.8649E-1	1.5758E2	2.4010E0	2.4502E6	
1340	-6.8832E-1	1.5486E2	2.4071E0	2.4524E6	
1341	-6.9099E-1	1.5090E2	2.4134E0	2.4547E6	
1342	-6.8924E-1	1.5351E2	2.4197E0	2.4569E6	
1343	-6.8779E-1	1.5566E2	2.4257E0	2.4591E6	
1344	-6.8726E-1	1.5645E2	2.4321E0	2.4613E6	
1345	-6.8977E-1	1.5271E2	2.4383E0	2.4635E6	
1346	-6.9008E-1	1.5226E2	2.4445E0	2.4658E6	
1347	-6.8878E-1	1.5419E2	2.4508E0	2.4680E6	
1348	-6.8657E-1	1.5747E2	2.4570E0	2.4702E6	
1349	-6.9069E-1	1.5135E2	2.4633E0	2.4724E6	
1350	-6.8779E-1	1.5566E2	2.4696E0	2.4746E6	
1351	-6.8924E-1	1.5351E2	2.4757E0	2.4769E6	
1352	-6.9031E-1	1.5192E2	2.4820E0	2.4791E6	
1353	-6.9115E-1	1.5068E2	2.4883E0	2.4813E6	
1354	-6.8771E-1	1.5577E2	2.4945E0	2.4835E6	
1355	-6.9031E-1	1.5192E2	2.5008E0	2.4857E6	
1356	-6.8947E-1	1.5317E2	2.5073E0	2.4880E6	
1357	-6.9206E-1	1.4932E2	2.5135E0	2.4902E6	
1358	-6.9366E-1	1.4694E2	2.5197E0	2.4924E6	
1359	-6.8947E-1	1.5317E2	2.5261E0	2.4946E6	
1360	-6.9107E-1	1.5079E2	2.5324E0	2.4968E6	
1361	-6.9191E-1	1.4954E2	2.5386E0	2.4991E6	
1362	-6.9206E-1	1.4932E2	2.5450E0	2.5013E6	
1363	-6.9084E-1	1.5113E2	2.5512E0	2.5035E6	
1364	-6.9191E-1	1.4954E2	2.5576E0	2.5057E6	
1365	-6.9061E-1	1.5147E2	2.5639E0	2.5079E6	
1366	-6.9214E-1	1.4920E2	2.5702E0	2.5102E6	
1367	-6.9405E-1	1.4637E2	2.5767E0	2.5124E6	
1368	-6.9069E-1	1.5135E2	2.5830E0	2.5146E6	
1369	-6.9267E-1	1.4841E2	2.5892E0	2.5168E6	
1370	-6.9107E-1	1.5079E2	2.5957E0	2.5190E6	
1371	-6.9199E-1	1.4943E2	2.6020E0	2.5213E6	
1372	-6.9420E-1	1.4615E2	2.6082E0	2.5235E6	
1373	-6.9572E-1	1.4388E2	2.6147E0	2.5257E6	
1374	-6.9328E-1	1.4750E2	2.6210E0	2.5279E6	
1375	-6.9191E-1	1.4954E2	2.6274E0	2.5301E6	
1376	-6.9412E-1	1.4626E2	2.6338E0	2.5324E6	
1377	-6.9397E-1	1.4649E2	2.6401E0	2.5346E6	
1378	-6.9664E-1	1.4252E2	2.6466E0	2.5368E6	
1379	-6.9527E-1	1.4456E2	2.6530E0	2.5390E6	
1380	-6.9511E-1	1.4479E2	2.6594E0	2.5412E6	
1381	-6.9725E-1	1.4162E2	2.6658E0	2.5435E6	
1382	-6.9664E-1	1.4252E2	2.6722E0	2.5457E6	
1383	-6.9443E-1	1.4581E2	2.6786E0	2.5479E6	
1384	-6.9458E-1	1.4558E2	2.6850E0	2.5501E6	
1385	-6.9496E-1	1.4501E2	2.6914E0	2.5523E6	
1386	-6.9664E-1	1.4252E2	2.6979E0	2.5546E6	
1387	-6.9565E-1	1.4399E2	2.7043E0	2.5568E6	
1388	-6.9740E-1	1.4139E2	2.7108E0	2.5590E6	
1389	-6.9550E-1	1.4422E2	2.7172E0	2.5612E6	
1390	-6.9862E-1	1.3958E2	2.7236E0	2.5634E6	
1391	-6.9756E-1	1.4116E2	2.7300E0	2.5657E6	
1392	-6.9603E-1	1.4343E2	2.7365E0	2.5679E6	
1393	-6.9916E-1	1.3879E2	2.7429E0	2.5701E6	
1394	-6.9923E-1	1.3867E2	2.7493E0	2.5723E6	
1395	-6.9801E-1	1.4048E2	2.7558E0	2.5745E6	
1396	-6.9748E-1	1.4128E2	2.7623E0	2.5768E6	
1397	-6.9832E-1	1.4003E2	2.7688E0	2.5790E6	
1398	-6.9893E-1	1.3913E2	2.7753E0	2.5812E6	
1399	-6.9969E-1	1.3799E2	2.7818E0	2.5834E6	
1400	-7.0076E-1	1.3641E2	2.7882E0	2.5856E6	
1401	-7.0099E-1	1.3607E2	2.7946E0	2.5879E6	
1402	-7.0107E-1	1.3596E2	2.8012E0	2.5901E6	
1403	-7.0122E-1	1.3573E2	2.8075E0	2.5923E6	
1404	-7.0053E-1	1.3675E2	2.8141E0	2.5945E6	
1405	-7.0091E-1	1.3618E2	2.8207E0	2.5967E6	
1406	-7.0084E-1	1.3630E2	2.8271E0	2.5990E6	
1407	-7.0107E-1	1.3596E2	2.8337E0	2.6012E6	
1408	-7.0107E-1	1.3596E2	2.8401E0	2.6034E6	
1409	-7.0267E-1	1.3358E2	2.8467E0	2.6056E6	
1410	-7.0107E-1	1.3596E2	2.8533E0	2.6078E6	
1411	-7.0488E-1	1.3029E2	2.8598E0	2.6101E6	
1412	-7.0503E-1	1.3007E2	2.8663E0	2.6123E6	
1413	-7.0496E-1	1.3018E2	2.8729E0	2.6145E6	
1414	-7.0305E-1	1.3301E2	2.8793E0	2.6167E6	
1415	-7.0465E-1	1.3063E2	2.8859E0	2.6189E6	
1416	-7.0427E-1	1.3120E2	2.8924E0	2.6212E6	
1417	-7.0282E-1	1.3335E2	2.8990E0	2.6234E6	
1418	-7.0572E-1	1.2905E2	2.9056E0	2.6256E6	
1419	-7.0213E-1	1.3437E2	2.9121E0	2.6278E6	
1420	-7.0412E-1	1.3143E2	2.9188E0	2.6300E6	
1421	-7.0518E-1	1.2984E2	2.9252E0	2.6323E6	
1422	-7.0320E-1	1.3279E2	2.9319E0	2.6345E6	
1423	-7.0427E-1	1.3120E2	2.9384E0	2.6367E6	
1424	-7.0450E-1	1.3086E2	2.9450E0	2.6389E6	
1425	-7.0534E-1	1.2962E2	2.9516E0	2.6411E6	
1426	-7.0549E-1	1.2939E2	2.9582E0	2.6434E6	
1427	-7.0427E-1	1.3120E2	2.9648E0	2.6456E6	
1428	-7.0618E-1	1.2837E2	2.9713E0	2.6478E6	
1429	-7.0168E-1	1.3505E2	2.9780E0	2.6500E6	
1430	-7.0732E-1	1.2667E2	2.9846E0	2.6522E6	
1431	-7.0488E-1	1.3029E2	2.9912E0	2.6545E6	
1432	-7.0572E-1	1.2905E2	2.9978E0	2.6567E6	
1433	-7.0770E-1	1.2611E2	3.0044E0	2.6589E6	
1434	-7.0503E-1	1.3007E2	3.0111E0	2.6611E6	
1435	-7.0595E-1	1.2871E2	3.0177E0	2.6633E6	
1436	-7.0694E-1	1.2724E2	3.0244E0	2.6656E6	
1437	-7.0702E-1	1.2712E2	3.0310E0	2.6678E6	
1438	-7.0709E-1	1.2701E2	3.0376E0	2.6700E6	
1439	-7.0488E-1	1.3029E2	3.0442E0	2.6722E6	
1440	-7.0892E-1	1.2429E2	3.0509E0	2.6744E6	
1441	-7.0992E-1	1.2282E2	3.0576E0	2.6767E6	
1442	-7.0717E-1	1.2690E2	3.0642E0	2.6789E6	
1443	-7.0877E-1	1.2452E2	3.0709E0	2.6811E6	
1444	-7.0892E-1	1.2429E2	3.0776E0	2.6833E6	
1445	-7.0869E-1	1.2463E2	3.0842E0	2.6855E6	
1446	-7.1060E-1	1.2180E2	3.0909E0	2.6878E6	
1447	-7.1037E-1	1.2214E2	3.0976E0	2.6900E6	
1448	-7.1091E-1	1.2135E2	3.1043E0	2.6922E6	
1449	-7.0969E-1	1.2316E2	3.1109E0	2.6944E6	
1450	-7.0801E-1	1.2565E2	3.1177E0	2.6966E6	
1451	-7.0862E-1	1.2475E2	3.1243E0	2.6989E6	
1452	-7.0908E-1	1.2407E2	3.1310E0	2.7011E6	
1453	-7.1060E-1	1.2180E2	3.1377E0	2.7033E6	
1454	-7.0930E-1	1.2373E2	3.1445E0	2.7055E6	
1455	-7.1053E-1	1.2192E2	3.1512E0	2.7077E6	
1456	-7.1136E-1	1.2067E2	3.1579E0	2.7100E6	
1457	-7.1358E-1	1.1739E2	3.1646E0	2.7122E6	
1458	-7.1030E-1	1.2226E2	3.1713E0	2.7144E6	
1459	-7.1213E-1	1.1954E2	3.1781E0	2.7166E6	
1460	-7.1213E-1	1.1954E2	3.1848E0	2.7188E6	
1461	-7.1129E-1	1.2078E2	3.1914E0	2.7211E6	
1462	-7.1274E-1	1.1863E2	3.1982E0	2.7233E6	
1463	-7.1274E-1	1.1863E2	3.2050E0	2.7255E6	
1464	-7.1373E-1	1.1716E2	3.2117E0	2.7277E6	
1465	-7.1449E-1	1.1603E2	3.2185E0	2.7299E6	
1466	-7.1381E-1	1.1705E2	3.2253E0	2.7322E6	
1467	-7.1381E-1	1.1705E2	3.2321E0	2.7344E6	
1468	-7.1518E-1	1.1501E2	3.2388E0	2.7366E6	
1469	-7.1365E-1	1.1727E2	3.2455E0	2.7388E6	
1470	-7.1510E-1	1.1512E2	3.2524E0	2.7410E6	
1471	-7.1404E-1	1.1671E2	3.2592E0	2.7433E6	
1472	-7.1472E-1	1.1569E2	3.2659E0	2.7455E6	
1473	-7.1625E-1	1.1342E2	3.2727E0	2.7477E6	
1474	-7.1541E-1	1.1467E2	3.2795E0	2.7499E6	
1475	-7.1609E-1	1.1365E2	3.2862E0	2.7521E6	
1476	-7.1800E-1	1.1082E2	3.2930E0	2.7544E6	
1477	-7.1541E-1	1.1467E2	3.2998E0	2.7566E6	
1478	-7.1579E-1	1.1410E2	3.3066E0	2.7588E6	
1479	-7.1831E-1	1.1037E2	3.3134E0	2.7610E6	
1480	-7.1640E-1	1.1320E2	3.3203E0	2.7632E6	
1481	-7.1762E-1	1.1139E2	3.3271E0	2.7655E6	
1482	-7.1877E-1	1.0969E2	3.3339E0	2.7677E6	
1483	-7.1510E-1	1.1512E2	3.3407E0	2.7699E6	
1484	-7.1655E-1	1.1297E2	3.3475E0	2.7721E6	
1485	-7.1777E-1	1.1116E2	3.3544E0	2.7743E6	
1486	-7.1808E-1	1.1071E2	3.3613E0	2.7766E6	
1487	-7.1793E-1	1.1093E2	3.3681E0	2.7788E6	
1488	-7.1686E-1	1.1252E2	3.3749E0	2.7810E6	
1489	-7.1716E-1	1.1207E2	3.3817E0	2.7832E6	
1490	-7.1983E-1	1.0810E2	3.3886E0	2.7854E6	
1491	-7.1526E-1	1.1490E2	3.3954E0	2.7877E6	
1492	-7.2060E-1	1.0697E2	3.4023E0	2.7899E6	
1493	-7.1976E-1	1.0822E2	3.4092E0	2.7921E6	
1494	-7.1838E-1	1.1025E2	3.4160E0	2.7943E6	
1495	-7.1892E-1	1.0946E2	3.4229E0	2.7965E6	
1496	-7.1861E-1	1.0991E2	3.4298E0	2.7988E6	
1497	-7.2227E-1	1.0448E2	3.4366E0	2.8010E6	
1498	-7.1983E-1	1.0810E2	3.4436E0	2.8032E6	
1499	-7.2014E-1	1.0765E2	3.4504E0	2.8054E6	
1500	-7.2121E-1	1.0606E2	3.4574E0	2.8076E6	
1501	-7.2212E-1	1.0471E2	3.4642E0	2.8099E6	
1502	-7.2098E-1	1.0640E2	3.4711E0	2.8121E6	
1503	-7.2090E-1	1.0652E2	3.4781E0	2.8143E6	
1504	-7.2342E-1	1.0278E2	3.4848E0	2.8165E6	
1505	-7.2418E-1	1.0165E2	3.4918E0	2.8187E6	
1506	-7.2289E-1	1.0357E2	3.4988E0	2.8210E6	
1507	-7.2212E-1	1.0471E2	3.5056E0	2.8232E6	
1508	-7.2060E-1	1.0697E2	3.5126E0	2.8254E6	
1509	-7.2235E-1	1.0437E2	3.5196E0	2.8276E6	
1510	-7.2319E-1	1.0312E2	3.5264E0	2.8298E6	
1511	-7.2388E-1	1.0210E2	3.5334E0	2.8321E6	
1512	-7.2502E-1	1.0040E2	3.5403E0	2.8343E6	
1513	-7.2220E-1	1.0459E2	3.5472E0	2.8365E6	
1514	-7.2403E-1	1.0187E2	3.5542E0	2.8387E6	
1515	-7.1991E-1	1.0799E2	3.5611E0	2.8409E6	
1516	-7.2472E-1	1.0086E2	3.5681E0	2.8432E6	
1517	-7.2479E-1	1.0074E2	3.5751E0	2.8454E6	
1518	-7.2411E-1	1.0176E2	3.5820E0	2.8476E6	
1519	-7.2456E-1	1.0108E2	3.5890E0	2.8498E6	
1520	-7.2479E-1	1.0074E2	3.5959E0	2.8520E6	
1521	-7.2746E-1	9.6780E1	3.6029E0	2.8543E6	
1522	-7.2701E-1	9.7459E1	3.6098E0	2.8565E6	
1523	-7.2601E-1	9.8931E1	3.6168E0	2.8587E6	
1524	-7.2693E-1	9.7572E1	3.6239E0	2.8609E6	
1525	-7.2701E-1	9.7459E1	3.6308E0	2.8631E6	
1526	-7.2685E-1	9.7686E1	3.6378E0	2.8654E6	
1527	-7.2647E-1	9.8252E1	3.6447E0	2.8676E6	
1528	-7.2746E-1	9.6780E1	3.6518E0	2.8698E6	
1529	-7.2754E-1	9.6667E1	3.6588E0	2.8720E6	
1530	-7.2639E-1	9.8365E1	3.6659E0	2.8742E6	
1531	-7.2693E-1	9.7572E1	3.6729E0	2.8765E6	
1532	-7.2937E-1	9.3949E1	3.6798E0	2.8787E6	
1533	-7.2823E-1	9.5647E1	3.6869E0	2.8809E6	
1534	-7.2914E-1	9.4289E1	3.6939E0	2.8831E6	
1535	-7.2838E-1	9.5421E1	3.7009E0	2.8853E6	
1536	-7.3059E-1	9.2137E1	3.7079E0	2.8876E6	
1537	-7.2876E-1	9.4855E1	3.7149E0	2.8898E6	
1538	-7.3029E-1	9.2590E1	3.7219E0	2.8920E6	
1539	-7.2990E-1	9.3157E1	3.7291E0	2.8942E6	
1540	-7.3097E-1	9.1571E1	3.7361E0	2.8964E6	
1541	-7.2998E-1	9.3043E1	3.7431E0	2.8987E6	
1542	-7.3227E-1	8.9647E1	3.7501E0	2.9009E6	
1543	-7.3143E-1	9.0892E1	3.7572E0	2.9031E6	
1544	-7.2960E-1	9.3609E1	3.7642E0	2.9053E6	
1545	-7.3112E-1	9.1345E1	3.7713E0	2.9075E6	
1546	-7.3349E-1	8.7835E1	3.7784E0	2.9098E6	
1547	-7.3288E-1	8.8741E1	3.7854E0	2.9120E6	
1548	-7.3158E-1	9.0666E1	3.7924E0	2.9142E6	
1549	-7.3174E-1	9.0439E1	3.7995E0	2.9164E6	
1550	-7.3395E-1	8.7156E1	3.8067E0	2.9186E6	
1551	-7.3486E-1	8.5797E1	3.8137E0	2.9209E6	
1552	-7.3318E-1	8.8288E1	3.8208E0	2.9231E6	
1553	-7.3303E-1	8.8514E1	3.8279E0	2.9253E6	
1554	-7.3372E-1	8.7495E1	3.8351E0	2.9275E6	
1555	-7.3448E-1	8.6363E1	3.8421E0	2.9297E6	
1556	-7.3441E-1	8.6476E1	3.8491E0	2.9320E6	
1557	-7.3593E-1	8.4212E1	3.8564E0	2.9342E6	
1558	-7.3479E-1	8.5910E1	3.8635E0	2.9364E6	
1559	-7.3410E-1	8.6929E1	3.8705E0	2.9386E6	
1560	-7.3463E-1	8.6137E1	3.8776E0	2.9408E6	
1561	-7.3738E-1	8.2060E1	3.8847E0	2.9431E6	
1562	-7.3357E-1	8.7722E1	3.8918E0	2.9453E6	
1563	-7.3601E-1	8.4098E1	3.8990E0	2.9475E6	
1564	-7.3547E-1	8.4891E1	3.9061E0	2.9497E6	
1565	-7.3540E-1	8.5004E1	3.9133E0	2.9519E6	
1566	-7.3303E-1	8.8514E1	3.9204E0	2.9542E6	
1567	-7.3601E-1	8.4098E1	3.9276E0	2.9564E6	
1568	-7.3601E-1	8.4098E1	3.9347E0	2.9586E6	
1569	-7.3662E-1	8.3193E1	3.9418E0	2.9608E6	
1570	-7.3631E-1	8.3646E1	3.9490E0	2.9630E6	
1571	-7.3624E-1	8.3759E1	3.9561E0	2.9653E6	
1572	-7.3639E-1	8.3532E1	3.9633E0	2.9675E6	
1573	-7.3715E-1	8.2400E1	3.9705E0	2.9697E6	
1574	-7.3685E-1	8.2853E1	3.9776E0	2.9719E6	
1575	-7.3875E-1	8.0022E1	3.9848E0	2.9741E6	
1576	-7.3868E-1	8.0136E1	3.9919E0	2.9764E6	
1577	-7.3654E-1	8.3306E1	3.9992E0	2.9786E6	
1578	-7.3814E-1	8.0928E1	4.0064E0	2.9808E6	
1579	-7.3807E-1	8.1041E1	4.0135E0	2.9830E6	
1580	-7.3997E-1	7.8211E1	4.0206E0	2.9852E6	
1581	-7.4020E-1	7.7871E1	4.0279E0	2.9875E6	
1582	-7.3990E-1	7.8324E1	4.0351E0	2.9897E6	
1583	-7.3936E-1	7.9117E1	4.0423E0	2.9919E6	
1584	-7.3776E-1	8.1494E1	4.0494E0	2.9941E6	
1585	-7.3990E-1	7.8324E1	4.0566E0	2.9963E6	
1586	-7.4036E-1	7.7645E1	4.0639E0	2.9986E6	
1587	-7.4005E-1	7.8097E1	4.0711E0	3.0008E6	
1588	-7.4013E-1	7.7984E1	4.0783E0	3.0030E6	
1589	-7.4097E-1	7.6739E1	4.0855E0	3.0052E6	
1590	-7.4356E-1	7.2889E1	4.0927E0	3.0074E6	
1591	-7.4020E-1	7.7871E1	4.1000E0	3.0097E6	
1592	-7.4036E-1	7.7645E1	4.1072E0	3.0119E6	
1593	-7.4249E-1	7.4474E1	4.1145E0	3.0141E6	
1594	-7.4333E-1	7.3229E1	4.1216E0	3.0163E6	
1595	-7.4402E-1	7.2210E1	4.1289E0	3.0185E6	
1596	-7.4249E-1	7.4474E1	4.1361E0	3.0208E6	
1597	-7.4249E-1	7.4474E1	4.1434E0	3.0230E6	
1598	-7.4120E-1	7.6399E1	4.1506E0	3.0252E6	
1599	-7.4409E-1	7.2097E1	4.1579E0	3.0274E6	
1600	-7.4425E-1	7.1870E1	4.1651E0	3.0296E6	
1601	-7.4364E-1	7.2776E1	4.1723E0	3.0319E6	
1602	-7.4677E-1	6.8134E1	4.1795E0	3.0341E6	
1603	-7.4341E-1	7.3116E1	4.1869E0	3.0363E6	
1604	-7.4501E-1	7.0738E1	4.1942E0	3.0385E6	
1605	-7.4509E-1	7.0625E1	4.2014E0	3.0407E6	
1606	-7.4539E-1	7.0172E1	4.2088E0	3.0430E6	
1607	-7.4486E-1	7.0964E1	4.2161E0	3.0452E6	
1608	-7.4532E-1	7.0285E1	4.2234E0	3.0474E6	
1609	-7.4760E-1	6.6888E1	4.2305E0	3.0496E6	
1610	-7.4600E-1	6.9266E1	4.2379E0	3.0518E6	
1611	-7.4631E-1	6.8813E1	4.2451E0	3.0541E6	
1612	-7.4799E-1	6.6322E1	4.2524E0	3.0563E6	
1613	-7.4684E-1	6.8020E1	4.2596E0	3.0585E6	
1614	-7.4753E-1	6.7001E1	4.2670E0	3.0607E6	
1615	-7.4860E-1	6.5416E1	4.2743E0	3.0629E6	
1616	-7.4837E-1	6.5756E1	4.2816E0	3.0652E6	
1617	-7.4806E-1	6.6209E1	4.2889E0	3.0674E6	
1618	-7.4913E-1	6.4624E1	4.2962E0	3.0696E6	
1619	-7.4837E-1	6.5756E1	4.3035E0	3.0718E6	
1620	-7.4890E-1	6.4963E1	4.3109E0	3.0740E6	
1621	-7.4806E-1	6.6209E1	4.3181E0	3.0763E6	
1622	-7.4829E-1	6.5869E1	4.3255E0	3.0785E6	
1623	-7.5127E-1	6.1453E1	4.3329E0	3.0807E6	
1624	-7.4974E-1	6.3718E1	4.3402E0	3.0829E6	
1625	-7.5081E-1	6.2133E1	4.3476E0	3.0851E6	
1626	-7.5195E-1	6.0434E1	4.3549E0	3.0874E6	
1627	-7.4936E-1	6.4284E1	4.3623E0	3.0896E6	
1628	-7.5096E-1	6.1906E1	4.3696E0	3.0918E6	
1629	-7.5005E-1	6.3265E1	4.3770E0	3.0940E6	
1630	-7.5058E-1	6.2472E1	4.3843E0	3.0962E6	
1631	-7.5089E-1	6.2019E1	4.3916E0	3.0985E6	
1632	-7.5073E-1	6.2246E1	4.3989E0	3.1007E6	
1633	-7.5180E-1	6.0661E1	4.4063E0	3.1029E6	
1634	-7.5157E-1	6.1000E1	4.4137E0	3.1051E6	
1635	-7.5294E-1	5.8962E1	4.4211E0	3.1073E6	
1636	-7.5294E-1	5.8962E1	4.4285E0	3.1096E6	
1637	-7.4936E-1	6.4284E1	4.4358E0	3.1118E6	
1638	-7.5066E-1	6.2359E1	4.4432E0	3.1140E6	
1639	-7.5073E-1	6.2246E1	4.4505E0	3.1162E6	
1640	-7.5005E-1	6.3265E1	4.4579E0	3.1184E6	
1641	-7.4997E-1	6.3378E1	4.4652E0	3.1207E6	
1642	-7.5226E-1	5.9981E1	4.4727E0	3.1229E6	
1643	-7.5356E-1	5.8057E1	4.4801E0	3.1251E6	
1644	-7.5340E-1	5.8283E1	4.4874E0	3.1273E6	
1645	-7.5272E-1	5.9302E1	4.4949E0	3.1295E6	
1646	-7.5417E-1	5.7151E1	4.5023E0	3.1318E6	
1647	-7.5348E-1	5.8170E1	4.5097E0	3.1340E6	
1648	-7.5539E-1	5.5339E1	4.5171E0	3.1362E6	
1649	-7.5623E-1	5.4094E1	4.5244E0	3.1384E6	
1650	-7.5714E-1	5.2735E1	4.5319E0	3.1406E6	
1651	-7.5455E-1	5.6585E1	4.5393E0	3.1429E6	
1652	-7.5577E-1	5.4773E1	4.5466E0	3.1451E6	
1653	-7.5493E-1	5.6018E1	4.5540E0	3.1473E6	
1654	-7.5462E-1	5.6471E1	4.5615E0	3.1495E6	
1655	-7.5645E-1	5.3754E1	4.5689E0	3.1517E6	
1656	-7.5508E-1	5.5792E1	4.5763E0	3.1540E6	
1657	-7.5783E-1	5.1716E1	4.5838E0	3.1562E6	
1658	-7.5821E-1	5.1150E1	4.5911E0	3.1584E6	
1659	-7.5745E-1	5.2282E1	4.5986E0	3.1606E6	
1660	-7.5737E-1	5.2395E1	4.6060E0	3.1628E6	
1661	-7.5943E-1	4.9338E1	4.6135E0	3.1651E6	
1662	-7.5775E-1	5.1829E1	4.6208E0	3.1673E6	
1663	-7.5821E-1	5.1150E1	4.6284E0	3.1695E6	
1664	-7.5882E-1	5.0244E1	4.6358E0	3.1717E6	
1665	-7.6042E-1	4.7866E1	4.6432E0	3.1739E6	
1666	-7.6111E-1	4.6847E1	4.6506E0	3.1762E6	
1667	-7.5867E-1	5.0470E1	4.6580E0	3.1784E6	
1668	-7.5966E-1	4.8998E1	4.6655E0	3.1806E6	
1669	-7.6080E-1	4.7300E1	4.6730E0	3.1828E6	
1670	-7.6012E-1	4.8319E1	4.6804E0	3.1850E6	
1671	-7.6103E-1	4.6960E1	4.6880E0	3.1873E6	
1672	-7.6279E-1	4.4356E1	4.6953E0	3.1895E6	
1673	-7.6073E-1	4.7413E1	4.7028E0	3.1917E6	
1674	-7.6202E-1	4.5488E1	4.7102E0	3.1939E6	
1675	-7.6126E-1	4.6621E1	4.7177E0	3.1961E6	
1676	-7.6309E-1	4.3903E1	4.7251E0	3.1984E6	
1677	-7.6065E-1	4.7527E1	4.7326E0	3.2006E6	
1678	-7.6355E-1	4.3224E1	4.7401E0	3.2028E6	
1679	-7.6210E-1	4.5375E1	4.7475E0	3.2050E6	
1680	-7.6035E-1	4.7979E1	4.7550E0	3.2072E6	
1681	-7.6385E-1	4.2771E1	4.7624E0	3.2095E6	
1682	-7.6126E-1	4.6621E1	4.7699E0	3.2117E6	
1683	-7.6408E-1	4.2431E1	4.7773E0	3.2139E6	
1684	-7.6378E-1	4.2884E1	4.7849E0	3.2161E6	
1685	-7.6538E-1	4.0507E1	4.7923E0	3.2183E6	
1686	-7.6309E-1	4.3903E1	4.7999E0	3.2206E6	
1687	-7.6424E-1	4.2205E1	4.8074E0	3.2228E6	
1688	-7.6607E-1	3.9488E1	4.8148E0	3.2250E6	
1689	-7.6714E-1	3.7902E1	4.8222E0	3.2272E6	
1690	-7.6492E-1	4.1186E1	4.8296E0	3.2294E6	
1691	-7.6950E-1	3.4392E1	4.8372E0	3.2317E6	
1692	-7.6538E-1	4.0507E1	4.8448E0	3.2339E6	
1693	-7.6576E-1	3.9940E1	4.8522E0	3.2361E6	
1694	-7.6416E-1	4.2318E1	4.8596E0	3.2383E6	
1695	-7.6469E-1	4.1526E1	4.8672E0	3.2405E6	
1696	-7.6759E-1	3.7223E1	4.8747E0	3.2428E6	
1697	-7.6538E-1	4.0507E1	4.8821E0	3.2450E6	
1698	-7.6820E-1	3.6317E1	4.8896E0	3.2472E6	
1699	-7.6859E-1	3.5751E1	4.8971E0	3.2494E6	
1700	-7.6622E-1	3.9261E1	4.9048E0	3.2516E6	
1701	-7.6912E-1	3.4958E1	4.9122E0	3.2539E6	
1702	-7.6965E-1	3.4166E1	4.9197E0	3.2561E6	
1703	-7.6721E-1	3.7789E1	4.9271E0	3.2583E6	
1704	-7.6935E-1	3.4619E1	4.9347E0	3.2605E6	
1705	-7.7019E-1	3.3373E1	4.9422E0	3.2627E6	
1706	-7.6805E-1	3.6544E1	4.9497E0	3.2650E6	
1707	-7.7103E-1	3.2128E1	4.9572E0	3.2672E6	
1708	-7.6782E-1	3.6883E1	4.9648E0	3.2694E6	
1709	-7.6988E-1	3.3826E1	4.9722E0	3.2716E6	
1710	-7.6897E-1	3.5185E1	4.9798E0	3.2738E6	
1711	-7.7187E-1	3.0882E1	4.9874E0	3.2761E6	
1712	-7.7042E-1	3.3034E1	4.9948E0	3.2783E6	
1713	-7.6996E-1	3.3713E1	5.0023E0	3.2805E6	
1714	-7.6904E-1	3.5072E1	5.0099E0	3.2827E6	
1715	-7.7209E-1	3.0543E1	5.0174E0	3.2849E6	
1716	-7.7118E-1	3.1901E1	5.0250E0	3.2872E6	
1717	-7.7187E-1	3.0882E1	5.0325E0	3.2894E6	
1718	-7.7148E-1	3.1448E1	5.0400E0	3.2916E6	
1719	-7.7248E-1	2.9977E1	5.0476E0	3.2938E6	
1720	-7.7148E-1	3.1448E1	5.0551E0	3.2960E6	
1721	-7.7209E-1	3.0543E1	5.0626E0	3.2983E6	
1722	-7.7309E-1	2.9071E1	5.0701E0	3.3005E6	
1723	-7.7423E-1	2.7372E1	5.0777E0	3.3027E6	
1724	-7.7385E-1	2.7938E1	5.0852E0	3.3049E6	
1725	-7.7431E-1	2.7259E1	5.0928E0	3.3071E6	
1726	-7.7385E-1	2.7938E1	5.1003E0	3.3094E6	
1727	-7.7431E-1	2.7259E1	5.1079E0	3.3116E6	
1728	-7.7522E-1	2.5900E1	5.1154E0	3.3138E6	
1729	-7.7354E-1	2.8391E1	5.1229E0	3.3160E6	
1730	-7.7568E-1	2.5221E1	5.1305E0	3.3182E6	
1731	-7.7393E-1	2.7825E1	5.1381E0	3.3205E6	
1732	-7.7538E-1	2.5674E1	5.1456E0	3.3227E6	
1733	-7.7705E-1	2.3183E1	5.1531E0	3.3249E6	
1734	-7.7873E-1	2.0692E1	5.1608E0	3.3271E6	
1735	-7.7705E-1	2.3183E1	5.1683E0	3.3293E6	
1736	-7.7789E-1	2.1938E1	5.1758E0	3.3316E6	
1737	-7.7812E-1	2.1598E1	5.1834E0	3.3338E6	
1738	-7.7835E-1	2.1258E1	5.1910E0	3.3360E6	
1739	-7.7728E-1	2.2843E1	5.1986E0	3.3382E6	
1740	-7.7888E-1	2.0466E1	5.2060E0	3.3404E6	
1741	-7.7621E-1	2.4428E1	5.2135E0	3.3427E6	
1742	-7.7850E-1	2.1032E1	5.2211E0	3.3449E6	
1743	-7.7873E-1	2.0692E1	5.2287E0	3.3471E6	
1744	-7.7942E-1	1.9673E1	5.2363E0	3.3493E6	
1745	-7.7873E-1	2.0692E1	5.2438E0	3.3515E6	
1746	-7.8049E-1	1.8088E1	5.2514E0	3.3538E6	
1747	-7.7904E-1	2.0239E1	5.2590E0	3.3560E6	
1748	-7.7797E-1	2.1824E1	5.2664E0	3.3582E6	
1749	-7.7950E-1	1.9560E1	5.2741E0	3.3604E6	
1750	-7.8156E-1	1.6503E1	5.2816E0	3.3626E6	
1751	-7.7965E-1	1.9333E1	5.2891E0	3.3649E6	
1752	-7.8087E-1	1.7522E1	5.2966E0	3.3671E6	
1753	-7.8300E-1	1.4351E1	5.3042E0	3.3693E6	
1754	-7.8117E-1	1.7069E1	5.3118E0	3.3715E6	
1755	-7.8262E-1	1.4918E1	5.3193E0	3.3737E6	
1756	-7.8262E-1	1.4918E1	5.3269E0	3.3760E6	
1757	-7.8125E-1	1.6956E1	5.3345E0	3.3782E6	
1758	-7.8491E-1	1.1521E1	5.3420E0	3.3804E6	
1759	-7.8041E-1	1.8201E1	5.3495E0	3.3826E6	
1760	-7.8140E-1	1.6729E1	5.3573E0	3.3848E6	
1761	-7.8224E-1	1.5484E1	5.3646E0	3.3871E6	
1762	-7.8232E-1	1.5370E1	5.3723E0	3.3893E6	
1763	-7.8491E-1	1.1521E1	5.3799E0	3.3915E6	
1764	-7.8438E-1	1.2313E1	5.3874E0	3.3937E6	
1765	-7.8461E-1	1.1974E1	5.3948E0	3.3959E6	
1766	-7.8552E-1	1.0615E1	5.4026E0	3.3982E6	
1767	-7.8339E-1	1.3785E1	5.4100E0	3.4004E6	
1768	-7.8720E-1	8.1240E0	5.4176E0	3.4026E6	
1769	-7.8590E-1	1.0049E1	5.4251E0	3.4048E6	
1770	-7.8362E-1	1.3446E1	5.4326E0	3.4070E6	
1771	-7.8613E-1	9.7091E0	5.4402E0	3.4093E6	
1772	-7.8674E-1	8.8033E0	5.4477E0	3.4115E6	
1773	-7.8331E-1	1.3899E1	5.4553E0	3.4137E6	
1774	-7.8514E-1	1.1181E1	5.4627E0	3.4159E6	
1775	-7.8468E-1	1.1860E1	5.4704E0	3.4181E6	
1776	-7.8613E-1	9.7091E0	5.4779E0	3.4204E6	
1777	-7.8636E-1	9.3695E0	5.4855E0	3.4226E6	
1778	-7.8728E-1	8.0108E0	5.4931E0	3.4248E6	
1779	-7.8613E-1	9.7091E0	5.5006E0	3.4270E6	
1780	-7.8804E-1	6.8785E0	5.5082E0	3.4292E6	
1781	-7.8758E-1	7.5579E0	5.5157E0	3.4315E6	
1782	-7.8911E-1	5.2933E0	5.5233E0	3.4337E6	
1783	-7.9018E-1	3.7082E0	5.5309E0	3.4359E6	
1784	-7.8903E-1	5.4066E0	5.5384E0	3.4381E6	
1785	-7.8728E-1	8.0108E0	5.5460E0	3.4403E6	
1786	-7.8949E-1	4.7272E0	5.5535E0	3.4426E6	
1787	-7.8957E-1	4.6140E0	5.5610E0	3.4448E6	
1788	-7.9132E-1	2.0098E0	5.5686E0	3.4470E6	
1789	-7.8827E-1	6.5388E0	5.5762E0	3.4492E6	
1790	-7.9102E-1	2.4627E0	5.5838E0	3.4514E6	
1791	-7.8850E-1	6.1992E0	5.5914E0	3.4537E6	
1792	-7.8957E-1	4.6140E0	5.5990E0	3.4559E6	
1793	-7.9071E-1	2.9156E0	5.6066E0	3.4581E6	
1794	-7.9201E-1	9.9077E-1	5.6141E0	3.4603E6	
1795	-7.9155E-1	1.6701E0	5.6218E0	3.4625E6	
1796	-7.9117E-1	2.2362E0	5.6293E0	3.4648E6	
1797	-7.9185E-1	1.2172E0	5.6369E0	3.4670E6	
1798	-7.9407E-1	-2.0663E0	5.6445E0	3.4692E6	
1799	-7.9254E-1	1.9819E-1	5.6520E0	3.4714E6	
1800	-7.9155E-1	1.6701E0	5.6597E0	3.4736E6	
1801	-7.9353E-1	-1.2737E0	5.6672E0	3.4759E6	
1802	-7.9193E-1	1.1040E0	5.6748E0	3.4781E6	
1803	-7.9277E-1	-1.4149E-1	5.6825E0	3.4803E6	
1804	-7.9170E-1	1.4437E0	5.6900E0	3.4825E6	
1805	-7.9155E-1	1.6701E0	5.6977E0	3.4847E6	
1806	-7.9437E-1	-2.5192E0	5.7053E0	3.4870E6	
1807	-7.9514E-1	-3.6515E0	5.7128E0	3.4892E6	
1808	-7.9628E-1	-5.3499E0	5.7204E0	3.4914E6	
1809	-7.9239E-1	4.2464E-1	5.7281E0	3.4936E6	
1810	-7.9376E-1	-1.6134E0	5.7356E0	3.4958E6	
1811	-7.9399E-1	-1.9531E0	5.7433E0	3.4981E6	
1812	-7.9453E-1	-2.7457E0	5.7510E0	3.5003E6	
1813	-7.9582E-1	-4.6705E0	5.7586E0	3.5025E6	
1814	-7.9628E-1	-5.3499E0	5.7664E0	3.5047E6	
1815	-7.9582E-1	-4.6705E0	5.7712E0	3.5062E6	
1816	-7.9582E-1	-4.6705E0	5.7712E0	3.5062E6	
1817	-7.9582E-1	-4.6705E0	5.7712E0	3.5062E6	
1818	-7.9582E-1	-4.6705E0	5.7712E0	3.5062E6	
1819	-7.9582E-1	-4.6705E0	5.7712E0	3.5062E6	
1820	-7.9582E-1	-4.6705E0	5.7712E0	3.5062E6	
1821	-7.9582E-1	-4.6705E0	5.7712E0	3.5062E6	
1822	-7.9582E-1	-4.6705E0	5.7712E0	3.5062E6	
1823	-7.9582E-1	-4.6705E0	5.7712E0	3.5062E6	
1824	-7.9582E-1	-4.6705E0	5.7712E0	3.5062E6	
1825	-7.9582E-1	-4.6705E0	5.7712E0	3.5062E6	
1826	-7.9582E-1	-4.6705E0	5.7712E0	3.5062E6	
1827	-7.9582E-1	-4.6705E0	5.7712E0	3.5062E6	
1828	-7.9582E-1	-4.6705E0	5.7712E0	3.5062E6	
1829	-7.9582E-1	-4.6705E0	5.7712E0	3.5062E6	
1830	-7.9582E-1	-4.6705E0	5.7712E0	3.5062E6	
1831	-7.9582E-1	-4.6705E0	5.7712E0	3.5062E6	
1832	-7.9582E-1	-4.6705E0	5.7712E0	3.5062E6	
1833	-7.9582E-1	-4.6705E0	5.7712E0	3.5062E6	
1834	-7.9582E-1	-4.6705E0	5.7712E0	3.5062E6	
1835	-7.9582E-1	-4.6705E0	5.7712E0	3.5062E6	
1836	-7.9582E-1	-4.6705E0	5.7712E0	3.5062E6	
1837	-7.9582E-1	-4.6705E0	5.7712E0	3.5062E6	
1838	-7.9582E-1	-4.6705E0	5.7712E0	3.5062E6	
1839	-7.9582E-1	-4.6705E0	5.7712E0	3.5062E6	
1840	-7.9582E-1	-4.6705E0	5.7712E0	3.5062E6	
1841	-7.9582E-1	-4.6705E0	5.7712E0	3.5062E6	
1842	-7.9582E-1	-4.6705E0	5.7712E0	3.5062E6	
1843	-7.9582E-1	-4.6705E0	5.7712E0	3.5062E6	
1844	-7.9582E-1	-4.6705E0	5.7712E0	3.5062E6	
1845	-7.9582E-1	-4.6705E0	5.7712E0	3.5062E6	
1846	-7.9582E-1	-4.6705E0	5.7712E0	3.5062E6	
1847	-7.9582E-1	-4.6705E0	5.7712E0	3.5062E6	
1848	-7.9582E-1	-4.6705E0	5.7712E0	3.5062E6	
1849	-7.9582E-1	-4.6705E0	5.7712E0	3.5062E6	
1850	-7.9582E-1	-4.6705E0	5.7712E0	3.5062E6	
1851	-7.9582E-1	-4.6705E0	5.7712E0	3.5062E6	
1852	-7.9582E-1	-4.6705E0	5.7712E0	3.5062E6	
1853	-7.9582E-1	-4.6705E0	5.7712E0	3.5062E6	
1854	-7.9582E-1	-4.6705E0	5.7712E0	3.5062E6	
1855	-7.9582E-1	-4.6705E0	5.7712E0	3.5062E6	
1856	-7.9582E-1	-4.6705E0	5.7712E0	3.5062E6	
1857	-7.9582E-1	-4.6705E0	5.7712E0	3.5062E6	
1858	-7.9582E-1	-4.6705E0	5.7712E0	3.5062E6	
1859	-7.9582E-1	-4.6705E0	5.7712E0	3.5062E6	
1860	-7.9582E-1	-4.6705E0	5.7712E0	3.5062E6	
1861	-7.9582E-1	-4.6705E0	5.7712E0	3.5062E6	
1862	-7.9582E-1	-4.6705E0	5.7712E0	3.5062E6	
1863	-7.9582E-1	-4.6705E0	5.7712E0	3.5062E6	
1864	-7.9582E-1	-4.6705E0	5.7712E0	3.5062E6	
1865	-7.9582E-1	-4.6705E0	5.7712E0	3.5062E6	
1866	-7.9582E-1	-4.6705E0	5.7712E0	3.5062E6	
1867	-7.9582E-1	-4.6705E0	5.7712E0	3.5062E6	
1868	-7.9582E-1	-4.6705E0	5.7712E0	3.5062E6	
1869	-7.9582E-1	-4.6705E0	5.7712E0	3.5062E6	
1870	-7.9582E-1	-4.6705E0	5.7712E0	3.5062E6	
1871	-7.9582E-1	-4.6705E0	5.7712E0	3.5062E6	
1872	-7.9582E-1	-4.6705E0	5.7712E0	3.5062E6	
1873	-7.9582E-1	-4.6705E0	5.7712E0	3.5062E6	
1874	-7.9582E-1	-4.6705E0	5.7712E0	3.5062E6	
1875	-7.9582E-1	-4.6705E0	5.7712E0	3.5062E6	
1876	-7.9582E-1	-4.6705E0	5.7712E0	3.5062E6	
1877	-7.9582E-1	-4.6705E0	5.7712E0	3.5062E6	
1878	-7.9582E-1	-4.6705E0	5.7712E0	3.5062E6	
1879	-7.9582E-1	-4.6705E0	5.7712E0	3.5062E6	
1880	-7.9582E-1	-4.6705E0	5.7712E0	3.5062E6	
1881	-7.9582E-1	-4.6705E0	5.7712E0	3.5062E6	
1882	-7.9582E-1	-4.6705E0	5.7712E0	3.5062E6	
1883	-7.9582E-1	-4.6705E0	5.7712E0	3.5062E6	
1884	-7.9582E-1	-4.6705E0	5.7712E0	3.5062E6	
1885	-7.9582E-1	-4.6705E0	5.7712E0	3.5062E6	
1886	-7.9582E-1	-4.6705E0	5.7712E0	3.5062E6	
1887	-7.9582E-1	-4.6705E0	5.7712E0	3.5062E6	
1888	-7.9582E-1	-4.6705E0	5.7712E0	3.5062E6	
1889	-7.9582E-1	-4.6705E0	5.7712E0	3.5062E6	
1890	-7.9582E-1	-4.6705E0	5.7712E0	3.5062E6	
1891	-7.9582E-1	-4.6705E0	5.7712E0	3.5062E6	
1892	-7.9582E-1	-4.6705E0	5.7712E0	3.5062E6	
1893	-7.9582E-1	-4.6705E0	5.7712E0	3.5062E6	
1894	-7.9582E-1	-4.6705E0	5.7712E0	3.5062E6	
1895	-7.9582E-1	-4.6705E0	5.7712E0	3.5062E6	
1896	-7.9582E-1	-4.6705E0	5.7712E0	3.5062E6	
1897	-7.9582E-1	-4.6705E0	5.7712E0	3.5062E6	
1898	-7.9582E-1	-4.6705E0	5.7712E0	3.5062E6	
1899	-7.9582E-1	-4.6705E0	5.7712E0	3.5062E6	
1900	-7.9582E-1	-4.6705E0	5.7712E0	3.5062E6	
1901	-7.9582E-1	-4.6705E0	5.7712E0	3.5062E6	
1902	-7.9582E-1	-4.6705E0	5.7712E0	3.5062E6	
1903	-7.9582E-1	-4.6705E0	5.7712E0	3.5062E6	
1904	-7.9582E-1	-4.6705E0	5.7712E0	3.5062E6	
1905	-7.9582E-1	-4.6705E0	5.7712E0	3.5062E6	
1906	-7.9582E-1	-4.6705E0	5.7712E0	3.5062E6	
1907	-7.9582E-1	-4.6705E0	5.7712E0	3.5062E6	
1908	-7.9582E-1	-4.6705E0	5.7712E0	3.5062E6	
1909	-7.9582E-1	-4.6705E0	5.7712E0	3.5062E6	
1910	-7.9582E-1	-4.6705E0	5.7712E0	3.5062E6	
1911	-7.9582E-1	-4.6705E0	5.7712E0	3.5062E6	
1912	-7.9582E-1	-4.6705E0	5.7712E0	3.5062E6	
1913	-7.9582E-1	-4.6705E0	5.7712E0	3.5062E6	
1914	-7.9582E-1	-4.6705E0	5.7712E0	3.5062E6	
1915	-7.9582E-1	-4.6705E0	5.7712E0	3.5062E6	
1916	-7.9582E-1	-4.6705E0	5.7712E0	3.5062E6	
1917	-7.9582E-1	-4.6705E0	5.7712E0	3.5062E6	
1918	-7.9582E-1	-4.6705E0	5.7712E0	3.5062E6	
1919	-7.9582E-1	-4.6705E0	5.7712E0	3.5062E6	
1920	-7.9582E-1	-4.6705E0	5.7712E0	3.5062E6	
1921	-7.9582E-1	-4.6705E0	5.7712E0	3.5062E6	
1922	-7.9582E-1	-4.6705E0	5.7712E0	3.5062E6	
1923	-7.9582E-1	-4.6705E0	5.7712E0	3.5062E6	
1924	-7.9582E-1	-4.6705E0	5.7712E0	3.5062E6	
1925	-7.9582E-1	-4.6705E0	5.7712E0	3.5062E6	
1926	-7.9582E-1	-4.6705E0	5.7712E0	3.5062E6	
1927	-7.9582E-1	-4.6705E0	5.7712E0	3.5062E6	
1928	-7.9582E-1	-4.6705E0	5.7712E0	3.5062E6	
1929	-7.9582E-1	-4.6705E0	5.7712E0	3.5062E6	
1930	-7.9582E-1	-4.6705E0	5.7712E0	3.5062E6	
1931	-7.9582E-1	-4.6705E0	5.7712E0	3.5062E6	
1932	-7.9582E-1	-4.6705E0	5.7712E0	3.5062E6	
1933	-7.9582E-1	-4.6705E0	5.7712E0	3.5062E6	
1934	-7.9582E-1	-4.6705E0	5.7712E0	3.5062E6	
1935	-7.9582E-1	-4.6705E0	5.7712E0	3.5062E6	
1936	-7.9582E-1	-4.6705E0	5.7712E0	3.5062E6	
1937	-7.9582E-1	-4.6705E0	5.7712E0	3.5062E6	
1938	-7.9582E-1	-4.6705E0	5.7712E0	3.5062E6	
1939	-7.9582E-1	-4.6705E0	5.7712E0	3.5062E6	
1940	-7.9582E-1	-4.6705E0	5.7712E0	3.5062E6	
1941	-7.9582E-1	-4.6705E0	5.7712E0	3.5062E6	
1942	-7.9582E-1	-4.6705E0	5.7712E0	3.5062E6	
1943	-7.9582E-1	-4.6705E0	5.7712E0	3.5062E6	
1944	-7.9582E-1	-4.6705E0	5.7712E0	3.5062E6	
1945	-7.9582E-1	-4.6705E0	5.7712E0	3.5062E6	
1946	-7.9582E-1	-4.6705E0	5.7712E0	3.5062E6	
1947	-7.9582E-1	-4.6705E0	5.7712E0	3.5062E6	
1948	-7.9582E-1	-4.6705E0	5.7712E0	3.5062E6	
1949	-7.9582E-1	-4.6705E0	5.7712E0	3.5062E6	
1950	-7.9582E-1	-4.6705E0	5.7712E0	3.5062E6	
1951	-7.9582E-1	-4.6705E0	5.7712E0	3.5062E6	
1952	-7.9582E-1	-4.6705E0	5.7712E0	3.5062E6	
1953	-7.9582E-1	-4.6705E0	5.7712E0	3.5062E6	
1954	-7.9582E-1	-4.6705E0	5.7712E0	3.5062E6	
1955	-7.9582E-1	-4.6705E0	5.7712E0	3.5062E6	
1956	-7.9582E-1	-4.6705E0	5.7712E0	3.5062E6	
1957	-7.9582E-1	-4.6705E0	5.7712E0	3.5062E6	
1958	-7.9582E-1	-4.6705E0	5.7712E0	3.5062E6	
1959	-7.9582E-1	-4.6705E0	5.7712E0	3.5062E6	
1960	-7.9582E-1	-4.6705E0	5.7712E0	3.5062E6	
1961	-7.9582E-1	-4.6705E0	5.7712E0	3.5062E6	
1962	-7.9582E-1	-4.6705E0	5.7712E0	3.5062E6	
1963	-7.9582E-1	-4.6705E0	5.7712E0	3.5062E6	
1964	-7.9582E-1	-4.6705E0	5.7712E0	3.5062E6	
1965	-7.9582E-1	-4.6705E0	5.7712E0	3.5062E6	
1966	-7.9582E-1	-4.6705E0	5.7712E0	3.5062E6	
1967	-7.9582E-1	-4.6705E0	5.7712E0	3.5062E6	
1968	-7.9582E-1	-4.6705E0	5.7712E0	3.5062E6	
1969	-7.9582E-1	-4.6705E0	5.7712E0	3.5062E6	
1970	-7.9582E-1	-4.6705E0	5.7712E0	3.5062E6	
1971	-7.9582E-1	-4.6705E0	5.7712E0	3.5062E6	
1972	-7.9582E-1	-4.6705E0	5.7712E0	3.5062E6	
1973	-7.9582E-1	-4.6705E0	5.7712E0	3.5062E6	
1974	-7.9582E-1	-4.6705E0	5.7712E0	3.5062E6	
1975	-7.9582E-1	-4.6705E0	5.7712E0	3.5062E6	
1976	-7.9582E-1	-4.6705E0	5.7712E0	3.5062E6	
1977	-7.9582E-1	-4.6705E0	5.7712E0	3.5062E6	
1978	-7.9582E-1	-4.6705E0	5.7712E0	3.5062E6	
1979	-7.9582E-1	-4.6705E0	5.7712E0	3.5062E6	
1980	-7.9582E-1	-4.6705E0	5.7712E0	3.5062E6	
1981	-7.9582E-1	-4.6705E0	5.7712E0	3.5062E6	
1982	-7.9582E-1	-4.6705E0	5.7712E0	3.5062E6	
1983	-7.9582E-1	-4.6705E0	5.7712E0	3.5062E6	
1984	-7.9582E-1	-4.6705E0	5.7712E0	3.5062E6	
1985	-7.9582E-1	-4.6705E0	5.7712E0	3.5062E6	
1986	-7.9582E-1	-4.6705E0	5.7712E0	3.5062E6	
1987	-7.9582E-1	-4.6705E0	5.7712E0	3.5062E6	
1988	-7.9582E-1	-4.6705E0	5.7712E0	3.5062E6	
1989	-7.9582E-1	-4.6705E0	5.7712E0	3.5062E6	
1990	-7.9582E-1	-4.6705E0	5.7712E0	3.5062E6	
1991	-7.9582E-1	-4.6705E0	5.7712E0	3.5062E6	
1992	-7.9582E-1	-4.6705E0	5.7712E0	3.5062E6	
1993	-7.9582E-1	-4.6705E0	5.7712E0	3.5062E6	
1994	-7.9582E-1	-4.6705E0	5.7712E0	3.5062E6	
1995	-7.9582E-1	-4.6705E0	5.7712E0	3.5062E6	
1996	-7.9582E-1	-4.6705E0	5.7712E0	3.5062E6	
1997	-7.9582E-1	-4.6705E0	5.7712E0	3.5062E6	
1998	-7.9582E-1	-4.6705E0	5.7712E0	3.5062E6	
1999	-7.9582E-1	-4.6705E0	5.7712E0	3.5062E6	
2000	-7.9582E-1	-4.6705E0	5.7712E0	3.5062E6	
2001	-7.9582E-1	-4.6705E0	5.7712E0	3.5062E6	
2002	-7.9582E-1	-4.6705E0	5.7712E0	3.5062E6	
2003	-7.9582E-1	-4.6705E0	5.7712E0	3.5062E6	
2004	-7.9582E-1	-4.6705E0	5.7712E0	3.5062E6	
2005	-7.9582E-1	-4.6705E0	5.7712E0	3.5062E6	
2006	-7.9582E-1	-4.6705E0	5.7712E0	3.5062E6	
2007	-7.9582E-1	-4.6705E0	5.7712E0	3.5062E6	
2008	-7.9582E-1	-4.6705E0	5.7712E0	3.5062E6	
2009	-7.9582E-1	-4.6705E0	5.7712E0	3.5062E6	
2010	-7.9582E-1	-4.6705E0	5.7712E0	3.5062E6	
2011	-7.9582E-1	-4.6705E0	5.7712E0	3.5062E6	
2012	-7.9582E-1	-4.6705E0	5.7712E0	3.5062E6	
2013	-7.9582E-1	-4.6705E0	5.7712E0	3.5062E6	
2014	-7.9582E-1	-4.6705E0	5.7712E0	3.5062E6	
2015	-7.9582E-1	-4.6705E0	5.7712E0	3.5062E6	
2016	-7.9582E-1	-4.6705E0	5.7712E0	3.5062E6	
2017	-7.9582E-1	-4.6705E0	5.7712E0	3.5062E6	
2018	-7.9582E-1	-4.6705E0	5.7712E0	3.5062E6	
2019	-7.9582E-1	-4.6705E0	5.7712E0	3.5062E6	
2020	-7.9582E-1	-4.6705E0	5.7712E0	3.5062E6	
2021	-7.9582E-1	-4.6705E0	5.7712E0	3.5062E6	
2022	-7.9582E-1	-4.6705E0	5.7712E0	3.5062E6	
2023	-7.9582E-1	-4.6705E0	5.7712E0	3.5062E6	
2024	-7.9582E-1	-4.6705E0	5.7712E0	3.5062E6	
2025	-7.9582E-1	-4.6705E0	5.7712E0	3.5062E6	
2026	-7.9582E-1	-4.6705E0	5.7712E0	3.5062E6	
2027	-7.9582E-1	-4.6705E0	5.7712E0	3.5062E6	
2028	-7.9582E-1	-4.6705E0	5.7712E0	3.5062E6	
2029	-7.9582E-1	-4.6705E0	5.7712E0	3.5062E6	
2030	-7.9582E-1	-4.6705E0	5.7712E0	3.5062E6	
2031	-7.9582E-1	-4.6705E0	5.7712E0	3.5062E6	
2032	-7.9582E-1	-4.6705E0	5.7712E0	3.5062E6	
2033	-7.9582E-1	-4.6705E0	5.7712E0	3.5062E6	
2034	-7.9582E-1	-4.6705E0	5.7712E0	3.5062E6	
2035	-7.9582E-1	-4.6705E0	5.7712E0	3.5062E6	
2036	-7.9582E-1	-4.6705E0	5.7712E0	3.5062E6	
2037	-7.9582E-1	-4.6705E0	5.7712E0	3.5062E6	
2038	-7.9582E-1	-4.6705E0	5.7712E0	3.5062E6	
2039	-7.9582E-1	-4.6705E0	5.7712E0	3.5062E6	
2040	-7.9582E-1	-4.6705E0	5.7712E0	3.5062E6	
2041	-7.9582E-1	-4.6705E0	5.7712E0	3.5062E6	
2042	-7.9582E-1	-4.6705E0	5.7712E0	3.5062E6	
2043	-7.9582E-1	-4.6705E0	5.7712E0	3.5062E6	
2044	-7.9582E-1	-4.6705E0	5.7712E0	3.5062E6	
2045	-7.9582E-1	-4.6705E0	5.7712E0	3.5062E6	
2046	-7.9582E-1	-4.6705E0	5.7712E0	3.5062E6	
2047	-7.9582E-1	-4.6705E0	5.7712E0	3.5062E6	
2048	-7.9582E-1	-4.6705E0	5.7712E0	3.5062E6	
