point 033
Index	Vertical (A-B)	Force	Z Height	Time Stamp	
     	V	nN	?m	?sec	
1	-7.8606E-1	3.3119E0	5.5485E0	1.2000E2	
2	-7.8796E-1	4.8126E-1	5.5472E0	2.3400E3	
3	-7.8720E-1	1.6135E0	5.5445E0	4.5600E3	
4	-7.8644E-1	2.7458E0	5.5415E0	6.7800E3	
5	-7.8789E-1	5.9449E-1	5.5380E0	9.0000E3	
6	-7.8842E-1	-1.9809E-1	5.5344E0	1.1220E4	
7	-7.8880E-1	-7.6422E-1	5.5307E0	1.3440E4	
8	-7.8560E-1	3.9913E0	5.5267E0	1.5660E4	
9	-7.8697E-1	1.9532E0	5.5228E0	1.7880E4	
10	-7.8712E-1	1.7267E0	5.5186E0	2.0100E4	
11	-7.8773E-1	8.2094E-1	5.5144E0	2.2320E4	
12	-7.8644E-1	2.7458E0	5.5102E0	2.4540E4	
13	-7.8552E-1	4.1045E0	5.5059E0	2.6760E4	
14	-7.8636E-1	2.8590E0	5.5015E0	2.8980E4	
15	-7.8568E-1	3.8780E0	5.4971E0	3.1200E4	
16	-7.8606E-1	3.3119E0	5.4925E0	3.3420E4	
17	-7.8568E-1	3.8780E0	5.4881E0	3.5640E4	
18	-7.8751E-1	1.1606E0	5.4837E0	3.7860E4	
19	-7.8552E-1	4.1045E0	5.4791E0	4.0080E4	
20	-7.8743E-1	1.2738E0	5.4745E0	4.2300E4	
21	-7.8537E-1	4.3309E0	5.4698E0	4.4520E4	
22	-7.8712E-1	1.7267E0	5.4651E0	4.6740E4	
23	-7.8499E-1	4.8971E0	5.4605E0	4.8960E4	
24	-7.8560E-1	3.9913E0	5.4558E0	5.1180E4	
25	-7.8491E-1	5.0103E0	5.4511E0	5.3400E4	
26	-7.8545E-1	4.2177E0	5.4465E0	5.5620E4	
27	-7.8545E-1	4.2177E0	5.4417E0	5.7840E4	
28	-7.8392E-1	6.4822E0	5.4369E0	6.0060E4	
29	-7.8285E-1	8.0674E0	5.4321E0	6.2280E4	
30	-7.8392E-1	6.4822E0	5.4273E0	6.4500E4	
31	-7.8537E-1	4.3309E0	5.4226E0	6.6720E4	
32	-7.8384E-1	6.5955E0	5.4178E0	6.8940E4	
33	-7.8278E-1	8.1806E0	5.4130E0	7.1160E4	
34	-7.8209E-1	9.1996E0	5.4081E0	7.3380E4	
35	-7.8423E-1	6.0293E0	5.4032E0	7.5600E4	
36	-7.8323E-1	7.5013E0	5.3984E0	7.7820E4	
37	-7.8247E-1	8.6335E0	5.3935E0	8.0040E4	
38	-7.8430E-1	5.9161E0	5.3887E0	8.2260E4	
39	-7.8133E-1	1.0332E1	5.3838E0	8.4480E4	
40	-7.8415E-1	6.1426E0	5.3789E0	8.6700E4	
41	-7.7995E-1	1.2370E1	5.3740E0	8.8920E4	
42	-7.8239E-1	8.7467E0	5.3690E0	9.1140E4	
43	-7.8400E-1	6.3690E0	5.3641E0	9.3360E4	
44	-7.8232E-1	8.8600E0	5.3592E0	9.5580E4	
45	-7.8239E-1	8.7467E0	5.3542E0	9.7800E4	
46	-7.8163E-1	9.8790E0	5.3492E0	1.0002E5	
47	-7.8285E-1	8.0674E0	5.3442E0	1.0224E5	
48	-7.8133E-1	1.0332E1	5.3392E0	1.0446E5	
49	-7.7789E-1	1.5427E1	5.3343E0	1.0668E5	
50	-7.8270E-1	8.2938E0	5.3293E0	1.0890E5	
51	-7.7820E-1	1.4974E1	5.3243E0	1.1112E5	
52	-7.8262E-1	8.4071E0	5.3193E0	1.1334E5	
53	-7.7965E-1	1.2823E1	5.3142E0	1.1556E5	
54	-7.7911E-1	1.3615E1	5.3092E0	1.1778E5	
55	-7.8117E-1	1.0558E1	5.3041E0	1.2000E5	
56	-7.8171E-1	9.7658E0	5.2991E0	1.2222E5	
57	-7.7972E-1	1.2710E1	5.2940E0	1.2444E5	
58	-7.7950E-1	1.3049E1	5.2890E0	1.2666E5	
59	-7.8064E-1	1.1351E1	5.2839E0	1.2888E5	
60	-7.7759E-1	1.5880E1	5.2789E0	1.3110E5	
61	-7.7888E-1	1.3955E1	5.2738E0	1.3332E5	
62	-7.7972E-1	1.2710E1	5.2687E0	1.3554E5	
63	-7.7896E-1	1.3842E1	5.2636E0	1.3776E5	
64	-7.7812E-1	1.5087E1	5.2585E0	1.3998E5	
65	-7.7950E-1	1.3049E1	5.2533E0	1.4220E5	
66	-7.7888E-1	1.3955E1	5.2482E0	1.4442E5	
67	-7.7805E-1	1.5201E1	5.2431E0	1.4664E5	
68	-7.7950E-1	1.3049E1	5.2380E0	1.4886E5	
69	-7.7515E-1	1.9503E1	5.2328E0	1.5108E5	
70	-7.7484E-1	1.9956E1	5.2277E0	1.5330E5	
71	-7.7553E-1	1.8937E1	5.2225E0	1.5552E5	
72	-7.7888E-1	1.3955E1	5.2174E0	1.5774E5	
73	-7.7789E-1	1.5427E1	5.2121E0	1.5996E5	
74	-7.7698E-1	1.6786E1	5.2071E0	1.6218E5	
75	-7.7713E-1	1.6559E1	5.2018E0	1.6440E5	
76	-7.7713E-1	1.6559E1	5.1967E0	1.6662E5	
77	-7.7583E-1	1.8484E1	5.1915E0	1.6884E5	
78	-7.7553E-1	1.8937E1	5.1863E0	1.7106E5	
79	-7.7538E-1	1.9164E1	5.1811E0	1.7328E5	
80	-7.7477E-1	2.0069E1	5.1758E0	1.7550E5	
81	-7.7675E-1	1.7125E1	5.1706E0	1.7772E5	
82	-7.7530E-1	1.9277E1	5.1654E0	1.7994E5	
83	-7.7553E-1	1.8937E1	5.1601E0	1.8216E5	
84	-7.7728E-1	1.6333E1	5.1550E0	1.8438E5	
85	-7.7316E-1	2.2447E1	5.1497E0	1.8660E5	
86	-7.7431E-1	2.0749E1	5.1444E0	1.8882E5	
87	-7.7278E-1	2.3013E1	5.1391E0	1.9104E5	
88	-7.7271E-1	2.3126E1	5.1340E0	1.9326E5	
89	-7.7553E-1	1.8937E1	5.1287E0	1.9548E5	
90	-7.7362E-1	2.1768E1	5.1235E0	1.9770E5	
91	-7.7553E-1	1.8937E1	5.1180E0	1.9992E5	
92	-7.7652E-1	1.7465E1	5.1128E0	2.0214E5	
93	-7.7499E-1	1.9730E1	5.1075E0	2.0436E5	
94	-7.7194E-1	2.4259E1	5.1023E0	2.0658E5	
95	-7.7377E-1	2.1541E1	5.0969E0	2.0880E5	
96	-7.7286E-1	2.2900E1	5.0916E0	2.1102E5	
97	-7.7187E-1	2.4372E1	5.0863E0	2.1324E5	
98	-7.7263E-1	2.3240E1	5.0809E0	2.1546E5	
99	-7.7133E-1	2.5164E1	5.0756E0	2.1768E5	
100	-7.7019E-1	2.6863E1	5.0703E0	2.1990E5	
101	-7.7354E-1	2.1881E1	5.0649E0	2.2212E5	
102	-7.7133E-1	2.5164E1	5.0597E0	2.2434E5	
103	-7.7461E-1	2.0296E1	5.0542E0	2.2656E5	
104	-7.7332E-1	2.2221E1	5.0489E0	2.2878E5	
105	-7.7080E-1	2.5957E1	5.0435E0	2.3100E5	
106	-7.7194E-1	2.4259E1	5.0382E0	2.3322E5	
107	-7.7301E-1	2.2674E1	5.0328E0	2.3544E5	
108	-7.7118E-1	2.5391E1	5.0274E0	2.3766E5	
109	-7.7141E-1	2.5051E1	5.0220E0	2.3988E5	
110	-7.7026E-1	2.6750E1	5.0166E0	2.4210E5	
111	-7.7003E-1	2.7089E1	5.0113E0	2.4432E5	
112	-7.6965E-1	2.7655E1	5.0058E0	2.4654E5	
113	-7.7293E-1	2.2787E1	5.0004E0	2.4876E5	
114	-7.7164E-1	2.4712E1	4.9950E0	2.5098E5	
115	-7.7034E-1	2.6636E1	4.9896E0	2.5320E5	
116	-7.7271E-1	2.3126E1	4.9842E0	2.5542E5	
117	-7.7034E-1	2.6636E1	4.9787E0	2.5764E5	
118	-7.6920E-1	2.8335E1	4.9732E0	2.5986E5	
119	-7.7255E-1	2.3353E1	4.9678E0	2.6208E5	
120	-7.7026E-1	2.6750E1	4.9624E0	2.6430E5	
121	-7.6950E-1	2.7882E1	4.9570E0	2.6652E5	
122	-7.7003E-1	2.7089E1	4.9515E0	2.6874E5	
123	-7.6920E-1	2.8335E1	4.9460E0	2.7096E5	
124	-7.6790E-1	3.0260E1	4.9406E0	2.7318E5	
125	-7.6958E-1	2.7769E1	4.9352E0	2.7540E5	
126	-7.7065E-1	2.6184E1	4.9297E0	2.7762E5	
127	-7.6736E-1	3.1052E1	4.9241E0	2.7984E5	
128	-7.6721E-1	3.1279E1	4.9187E0	2.8206E5	
129	-7.6660E-1	3.2184E1	4.9131E0	2.8428E5	
130	-7.6775E-1	3.0486E1	4.9076E0	2.8650E5	
131	-7.6500E-1	3.4562E1	4.9022E0	2.8872E5	
132	-7.6797E-1	3.0146E1	4.8966E0	2.9094E5	
133	-7.6645E-1	3.2411E1	4.8911E0	2.9316E5	
134	-7.6469E-1	3.5015E1	4.8856E0	2.9538E5	
135	-7.6492E-1	3.4675E1	4.8801E0	2.9760E5	
136	-7.6668E-1	3.2071E1	4.8746E0	2.9982E5	
137	-7.6683E-1	3.1845E1	4.8689E0	3.0204E5	
138	-7.6607E-1	3.2977E1	4.8635E0	3.0426E5	
139	-7.6530E-1	3.4109E1	4.8580E0	3.0648E5	
140	-7.6645E-1	3.2411E1	4.8523E0	3.0870E5	
141	-7.6530E-1	3.4109E1	4.8468E0	3.1092E5	
142	-7.6393E-1	3.6147E1	4.8412E0	3.1314E5	
143	-7.6279E-1	3.7846E1	4.8357E0	3.1536E5	
144	-7.6302E-1	3.7506E1	4.8302E0	3.1758E5	
145	-7.6439E-1	3.5468E1	4.8245E0	3.1980E5	
146	-7.6324E-1	3.7166E1	4.8189E0	3.2202E5	
147	-7.6469E-1	3.5015E1	4.8134E0	3.2424E5	
148	-7.6324E-1	3.7166E1	4.8078E0	3.2646E5	
149	-7.6141E-1	3.9884E1	4.8022E0	3.2868E5	
150	-7.6431E-1	3.5581E1	4.7966E0	3.3090E5	
151	-7.6180E-1	3.9318E1	4.7909E0	3.3312E5	
152	-7.6454E-1	3.5242E1	4.7853E0	3.3534E5	
153	-7.6294E-1	3.7619E1	4.7797E0	3.3756E5	
154	-7.6080E-1	4.0790E1	4.7740E0	3.3978E5	
155	-7.6294E-1	3.7619E1	4.7684E0	3.4200E5	
156	-7.6378E-1	3.6374E1	4.7628E0	3.4422E5	
157	-7.6530E-1	3.4109E1	4.7572E0	3.4644E5	
158	-7.6355E-1	3.6714E1	4.7516E0	3.4866E5	
159	-7.6134E-1	3.9997E1	4.7459E0	3.5088E5	
160	-7.6012E-1	4.1809E1	4.7402E0	3.5310E5	
161	-7.6294E-1	3.7619E1	4.7346E0	3.5532E5	
162	-7.6149E-1	3.9771E1	4.7289E0	3.5754E5	
163	-7.5989E-1	4.2148E1	4.7233E0	3.5976E5	
164	-7.6012E-1	4.1809E1	4.7176E0	3.6198E5	
165	-7.5951E-1	4.2714E1	4.7118E0	3.6420E5	
166	-7.6241E-1	3.8412E1	4.7062E0	3.6642E5	
167	-7.6096E-1	4.0563E1	4.7006E0	3.6864E5	
168	-7.6195E-1	3.9091E1	4.6949E0	3.7086E5	
169	-7.6042E-1	4.1356E1	4.6891E0	3.7308E5	
170	-7.6012E-1	4.1809E1	4.6835E0	3.7530E5	
171	-7.6050E-1	4.1243E1	4.6777E0	3.7752E5	
172	-7.5890E-1	4.3620E1	4.6719E0	3.7974E5	
173	-7.5996E-1	4.2035E1	4.6663E0	3.8196E5	
174	-7.5851E-1	4.4186E1	4.6605E0	3.8418E5	
175	-7.5912E-1	4.3281E1	4.6549E0	3.8640E5	
176	-7.5874E-1	4.3847E1	4.6491E0	3.8862E5	
177	-7.5920E-1	4.3167E1	4.6433E0	3.9084E5	
178	-7.5745E-1	4.5772E1	4.6376E0	3.9306E5	
179	-7.5806E-1	4.4866E1	4.6318E0	3.9528E5	
180	-7.5981E-1	4.2262E1	4.6261E0	3.9750E5	
181	-7.5905E-1	4.3394E1	4.6203E0	3.9972E5	
182	-7.5867E-1	4.3960E1	4.6145E0	4.0194E5	
183	-7.5874E-1	4.3847E1	4.6088E0	4.0416E5	
184	-7.5722E-1	4.6111E1	4.6030E0	4.0638E5	
185	-7.5661E-1	4.7017E1	4.5972E0	4.0860E5	
186	-7.5645E-1	4.7243E1	4.5914E0	4.1082E5	
187	-7.5630E-1	4.7470E1	4.5857E0	4.1304E5	
188	-7.5409E-1	5.0753E1	4.5798E0	4.1526E5	
189	-7.5447E-1	5.0187E1	4.5740E0	4.1748E5	
190	-7.5684E-1	4.6677E1	4.5683E0	4.1970E5	
191	-7.5363E-1	5.1433E1	4.5623E0	4.2192E5	
192	-7.5684E-1	4.6677E1	4.5566E0	4.2414E5	
193	-7.5890E-1	4.3620E1	4.5507E0	4.2636E5	
194	-7.5562E-1	4.8489E1	4.5450E0	4.2858E5	
195	-7.5455E-1	5.0074E1	4.5392E0	4.3080E5	
196	-7.5500E-1	4.9395E1	4.5333E0	4.3302E5	
197	-7.5462E-1	4.9961E1	4.5274E0	4.3524E5	
198	-7.5645E-1	4.7243E1	4.5216E0	4.3746E5	
199	-7.5439E-1	5.0301E1	4.5157E0	4.3968E5	
200	-7.5325E-1	5.1999E1	4.5099E0	4.4190E5	
201	-7.5592E-1	4.8036E1	4.5040E0	4.4412E5	
202	-7.5661E-1	4.7017E1	4.4981E0	4.4634E5	
203	-7.5378E-1	5.1206E1	4.4923E0	4.4856E5	
204	-7.5356E-1	5.1546E1	4.4865E0	4.5078E5	
205	-7.5447E-1	5.0187E1	4.4806E0	4.5300E5	
206	-7.5378E-1	5.1206E1	4.4746E0	4.5522E5	
207	-7.5439E-1	5.0301E1	4.4688E0	4.5744E5	
208	-7.5340E-1	5.1773E1	4.4628E0	4.5966E5	
209	-7.5562E-1	4.8489E1	4.4570E0	4.6188E5	
210	-7.5363E-1	5.1433E1	4.4510E0	4.6410E5	
211	-7.5294E-1	5.2452E1	4.4452E0	4.6632E5	
212	-7.5432E-1	5.0414E1	4.4392E0	4.6854E5	
213	-7.5127E-1	5.4943E1	4.4333E0	4.7076E5	
214	-7.5310E-1	5.2225E1	4.4274E0	4.7298E5	
215	-7.5027E-1	5.6415E1	4.4215E0	4.7520E5	
216	-7.5142E-1	5.4716E1	4.4156E0	4.7742E5	
217	-7.5066E-1	5.5849E1	4.4096E0	4.7964E5	
218	-7.4951E-1	5.7547E1	4.4037E0	4.8186E5	
219	-7.5287E-1	5.2565E1	4.3977E0	4.8408E5	
220	-7.5050E-1	5.6075E1	4.3918E0	4.8630E5	
221	-7.4875E-1	5.8679E1	4.3858E0	4.8852E5	
222	-7.4974E-1	5.7207E1	4.3798E0	4.9074E5	
223	-7.5172E-1	5.4263E1	4.3740E0	4.9296E5	
224	-7.4959E-1	5.7434E1	4.3680E0	4.9518E5	
225	-7.4989E-1	5.6981E1	4.3620E0	4.9740E5	
226	-7.4623E-1	6.2416E1	4.3560E0	4.9962E5	
227	-7.4783E-1	6.0038E1	4.3501E0	5.0184E5	
228	-7.4760E-1	6.0378E1	4.3441E0	5.0406E5	
229	-7.4570E-1	6.3208E1	4.3381E0	5.0628E5	
230	-7.4860E-1	5.8906E1	4.3322E0	5.0850E5	
231	-7.4768E-1	6.0264E1	4.3261E0	5.1072E5	
232	-7.4646E-1	6.2076E1	4.3202E0	5.1294E5	
233	-7.4814E-1	5.9585E1	4.3141E0	5.1516E5	
234	-7.4532E-1	6.3774E1	4.3081E0	5.1738E5	
235	-7.4684E-1	6.1510E1	4.3021E0	5.1960E5	
236	-7.4829E-1	5.9359E1	4.2961E0	5.2182E5	
237	-7.4600E-1	6.2755E1	4.2900E0	5.2404E5	
238	-7.4799E-1	5.9812E1	4.2841E0	5.2626E5	
239	-7.4669E-1	6.1736E1	4.2780E0	5.2848E5	
240	-7.4554E-1	6.3435E1	4.2720E0	5.3070E5	
241	-7.4463E-1	6.4793E1	4.2659E0	5.3292E5	
242	-7.4646E-1	6.2076E1	4.2599E0	5.3514E5	
243	-7.4547E-1	6.3548E1	4.2539E0	5.3736E5	
244	-7.4402E-1	6.5699E1	4.2478E0	5.3958E5	
245	-7.4417E-1	6.5473E1	4.2418E0	5.4180E5	
246	-7.4341E-1	6.6605E1	4.2358E0	5.4402E5	
247	-7.4387E-1	6.5926E1	4.2297E0	5.4624E5	
248	-7.4669E-1	6.1736E1	4.2236E0	5.4846E5	
249	-7.4387E-1	6.5926E1	4.2175E0	5.5068E5	
250	-7.4432E-1	6.5246E1	4.2114E0	5.5290E5	
251	-7.4196E-1	6.8756E1	4.2054E0	5.5512E5	
252	-7.4265E-1	6.7737E1	4.1993E0	5.5734E5	
253	-7.4417E-1	6.5473E1	4.1933E0	5.5956E5	
254	-7.4432E-1	6.5246E1	4.1871E0	5.6178E5	
255	-7.4257E-1	6.7851E1	4.1811E0	5.6400E5	
256	-7.4280E-1	6.7511E1	4.1750E0	5.6622E5	
257	-7.4219E-1	6.8417E1	4.1689E0	5.6844E5	
258	-7.4242E-1	6.8077E1	4.1628E0	5.7066E5	
259	-7.4425E-1	6.5360E1	4.1567E0	5.7288E5	
260	-7.4341E-1	6.6605E1	4.1506E0	5.7510E5	
261	-7.4081E-1	7.0455E1	4.1444E0	5.7732E5	
262	-7.4165E-1	6.9209E1	4.1383E0	5.7954E5	
263	-7.4196E-1	6.8756E1	4.1321E0	5.8176E5	
264	-7.4219E-1	6.8417E1	4.1261E0	5.8398E5	
265	-7.4051E-1	7.0908E1	4.1199E0	5.8620E5	
266	-7.4173E-1	6.9096E1	4.1138E0	5.8842E5	
267	-7.4188E-1	6.8870E1	4.1077E0	5.9064E5	
268	-7.4257E-1	6.7851E1	4.1015E0	5.9286E5	
269	-7.4196E-1	6.8756E1	4.0954E0	5.9508E5	
270	-7.3944E-1	7.2493E1	4.0893E0	5.9730E5	
271	-7.4173E-1	6.9096E1	4.0830E0	5.9952E5	
272	-7.4051E-1	7.0908E1	4.0769E0	6.0174E5	
273	-7.4280E-1	6.7511E1	4.0708E0	6.0396E5	
274	-7.4219E-1	6.8417E1	4.0646E0	6.0618E5	
275	-7.3990E-1	7.1813E1	4.0585E0	6.0840E5	
276	-7.3830E-1	7.4191E1	4.0523E0	6.1062E5	
277	-7.3975E-1	7.2040E1	4.0460E0	6.1284E5	
278	-7.4150E-1	6.9436E1	4.0400E0	6.1506E5	
279	-7.3883E-1	7.3399E1	4.0337E0	6.1728E5	
280	-7.3868E-1	7.3625E1	4.0275E0	6.1950E5	
281	-7.3898E-1	7.3172E1	4.0213E0	6.2172E5	
282	-7.3822E-1	7.4304E1	4.0152E0	6.2394E5	
283	-7.3944E-1	7.2493E1	4.0090E0	6.2616E5	
284	-7.3769E-1	7.5097E1	4.0027E0	6.2838E5	
285	-7.4013E-1	7.1474E1	3.9965E0	6.3060E5	
286	-7.3853E-1	7.3852E1	3.9904E0	6.3282E5	
287	-7.3746E-1	7.5437E1	3.9841E0	6.3504E5	
288	-7.3914E-1	7.2946E1	3.9779E0	6.3726E5	
289	-7.3555E-1	7.8267E1	3.9717E0	6.3948E5	
290	-7.3631E-1	7.7135E1	3.9654E0	6.4170E5	
291	-7.3463E-1	7.9626E1	3.9593E0	6.4392E5	
292	-7.3494E-1	7.9173E1	3.9530E0	6.4614E5	
293	-7.3631E-1	7.7135E1	3.9468E0	6.4836E5	
294	-7.3471E-1	7.9513E1	3.9405E0	6.5058E5	
295	-7.3799E-1	7.4644E1	3.9343E0	6.5280E5	
296	-7.3418E-1	8.0305E1	3.9280E0	6.5502E5	
297	-7.3601E-1	7.7588E1	3.9218E0	6.5724E5	
298	-7.3456E-1	7.9739E1	3.9155E0	6.5946E5	
299	-7.3387E-1	8.0758E1	3.9093E0	6.6168E5	
300	-7.3647E-1	7.6909E1	3.9030E0	6.6390E5	
301	-7.3395E-1	8.0645E1	3.8967E0	6.6612E5	
302	-7.3235E-1	8.3023E1	3.8905E0	6.6834E5	
303	-7.3395E-1	8.0645E1	3.8842E0	6.7056E5	
304	-7.3105E-1	8.4948E1	3.8780E0	6.7278E5	
305	-7.3341E-1	8.1438E1	3.8717E0	6.7500E5	
306	-7.3235E-1	8.3023E1	3.8655E0	6.7722E5	
307	-7.3181E-1	8.3815E1	3.8591E0	6.7944E5	
308	-7.3082E-1	8.5287E1	3.8528E0	6.8166E5	
309	-7.3135E-1	8.4495E1	3.8464E0	6.8388E5	
310	-7.3326E-1	8.1664E1	3.8402E0	6.8610E5	
311	-7.3059E-1	8.5627E1	3.8339E0	6.8832E5	
312	-7.3235E-1	8.3023E1	3.8276E0	6.9054E5	
313	-7.3303E-1	8.2004E1	3.8213E0	6.9276E5	
314	-7.3105E-1	8.4948E1	3.8150E0	6.9498E5	
315	-7.3303E-1	8.2004E1	3.8086E0	6.9720E5	
316	-7.3204E-1	8.3476E1	3.8024E0	6.9942E5	
317	-7.2998E-1	8.6533E1	3.7961E0	7.0164E5	
318	-7.3090E-1	8.5174E1	3.7896E0	7.0386E5	
319	-7.3280E-1	8.2343E1	3.7834E0	7.0608E5	
320	-7.2960E-1	8.7099E1	3.7769E0	7.0830E5	
321	-7.2975E-1	8.6873E1	3.7707E0	7.1052E5	
322	-7.3036E-1	8.5967E1	3.7644E0	7.1274E5	
323	-7.3029E-1	8.6080E1	3.7580E0	7.1496E5	
324	-7.3044E-1	8.5853E1	3.7517E0	7.1718E5	
325	-7.2807E-1	8.9363E1	3.7453E0	7.1940E5	
326	-7.2754E-1	9.0156E1	3.7390E0	7.2162E5	
327	-7.2945E-1	8.7325E1	3.7326E0	7.2384E5	
328	-7.2884E-1	8.8231E1	3.7263E0	7.2606E5	
329	-7.2762E-1	9.0043E1	3.7199E0	7.2828E5	
330	-7.2754E-1	9.0156E1	3.7135E0	7.3050E5	
331	-7.2632E-1	9.1968E1	3.7072E0	7.3272E5	
332	-7.2777E-1	8.9816E1	3.7008E0	7.3494E5	
333	-7.2792E-1	8.9590E1	3.6944E0	7.3716E5	
334	-7.2807E-1	8.9363E1	3.6879E0	7.3938E5	
335	-7.2945E-1	8.7325E1	3.6817E0	7.4160E5	
336	-7.2884E-1	8.8231E1	3.6753E0	7.4382E5	
337	-7.2632E-1	9.1968E1	3.6689E0	7.4604E5	
338	-7.2617E-1	9.2194E1	3.6625E0	7.4826E5	
339	-7.2731E-1	9.0496E1	3.6561E0	7.5048E5	
340	-7.2723E-1	9.0609E1	3.6497E0	7.5270E5	
341	-7.2739E-1	9.0382E1	3.6432E0	7.5492E5	
342	-7.2655E-1	9.1628E1	3.6369E0	7.5714E5	
343	-7.2655E-1	9.1628E1	3.6305E0	7.5936E5	
344	-7.2388E-1	9.5591E1	3.6240E0	7.6158E5	
345	-7.2311E-1	9.6723E1	3.6175E0	7.6380E5	
346	-7.2411E-1	9.5251E1	3.6112E0	7.6602E5	
347	-7.2571E-1	9.2873E1	3.6047E0	7.6824E5	
348	-7.2716E-1	9.0722E1	3.5984E0	7.7046E5	
349	-7.2380E-1	9.5704E1	3.5918E0	7.7268E5	
350	-7.2441E-1	9.4798E1	3.5855E0	7.7490E5	
351	-7.2235E-1	9.7855E1	3.5790E0	7.7712E5	
352	-7.2433E-1	9.4912E1	3.5726E0	7.7934E5	
353	-7.2365E-1	9.5931E1	3.5661E0	7.8156E5	
354	-7.2388E-1	9.5591E1	3.5596E0	7.8378E5	
355	-7.2449E-1	9.4685E1	3.5532E0	7.8600E5	
356	-7.2327E-1	9.6497E1	3.5467E0	7.8822E5	
357	-7.2311E-1	9.6723E1	3.5402E0	7.9044E5	
358	-7.2319E-1	9.6610E1	3.5338E0	7.9266E5	
359	-7.2159E-1	9.8988E1	3.5274E0	7.9488E5	
360	-7.2220E-1	9.8082E1	3.5209E0	7.9710E5	
361	-7.2174E-1	9.8761E1	3.5144E0	7.9932E5	
362	-7.2166E-1	9.8874E1	3.5078E0	8.0154E5	
363	-7.2021E-1	1.0103E2	3.5014E0	8.0376E5	
364	-7.2151E-1	9.9101E1	3.4950E0	8.0598E5	
365	-7.2212E-1	9.8195E1	3.4884E0	8.0820E5	
366	-7.1877E-1	1.0318E2	3.4820E0	8.1042E5	
367	-7.1831E-1	1.0386E2	3.4754E0	8.1264E5	
368	-7.1770E-1	1.0476E2	3.4690E0	8.1486E5	
369	-7.2090E-1	1.0001E2	3.4626E0	8.1708E5	
370	-7.1945E-1	1.0216E2	3.4559E0	8.1930E5	
371	-7.1671E-1	1.0623E2	3.4496E0	8.2152E5	
372	-7.1960E-1	1.0193E2	3.4430E0	8.2374E5	
373	-7.2052E-1	1.0057E2	3.4366E0	8.2596E5	
374	-7.1686E-1	1.0601E2	3.4299E0	8.2818E5	
375	-7.1922E-1	1.0250E2	3.4235E0	8.3040E5	
376	-7.1854E-1	1.0352E2	3.4169E0	8.3262E5	
377	-7.1869E-1	1.0329E2	3.4103E0	8.3484E5	
378	-7.1693E-1	1.0589E2	3.4039E0	8.3706E5	
379	-7.1869E-1	1.0329E2	3.3973E0	8.3928E5	
380	-7.1678E-1	1.0612E2	3.3908E0	8.4150E5	
381	-7.1655E-1	1.0646E2	3.3843E0	8.4372E5	
382	-7.1663E-1	1.0635E2	3.3777E0	8.4594E5	
383	-7.1678E-1	1.0612E2	3.3712E0	8.4816E5	
384	-7.1556E-1	1.0793E2	3.3646E0	8.5038E5	
385	-7.1518E-1	1.0850E2	3.3581E0	8.5260E5	
386	-7.1480E-1	1.0906E2	3.3514E0	8.5482E5	
387	-7.1808E-1	1.0420E2	3.3450E0	8.5704E5	
388	-7.1602E-1	1.0725E2	3.3383E0	8.5926E5	
389	-7.1411E-1	1.1008E2	3.3318E0	8.6148E5	
390	-7.1739E-1	1.0522E2	3.3253E0	8.6370E5	
391	-7.1587E-1	1.0748E2	3.3188E0	8.6592E5	
392	-7.1297E-1	1.1178E2	3.3121E0	8.6814E5	
393	-7.1365E-1	1.1076E2	3.3055E0	8.7036E5	
394	-7.1419E-1	1.0997E2	3.2990E0	8.7258E5	
395	-7.1487E-1	1.0895E2	3.2923E0	8.7480E5	
396	-7.1373E-1	1.1065E2	3.2859E0	8.7702E5	
397	-7.1342E-1	1.1110E2	3.2791E0	8.7924E5	
398	-7.1533E-1	1.0827E2	3.2726E0	8.8146E5	
399	-7.1350E-1	1.1099E2	3.2660E0	8.8368E5	
400	-7.1281E-1	1.1201E2	3.2595E0	8.8590E5	
401	-7.1434E-1	1.0974E2	3.2528E0	8.8812E5	
402	-7.1419E-1	1.0997E2	3.2461E0	8.9034E5	
403	-7.1167E-1	1.1371E2	3.2396E0	8.9256E5	
404	-7.1342E-1	1.1110E2	3.2330E0	8.9478E5	
405	-7.1304E-1	1.1167E2	3.2263E0	8.9700E5	
406	-7.1365E-1	1.1076E2	3.2197E0	8.9922E5	
407	-7.1121E-1	1.1439E2	3.2131E0	9.0144E5	
408	-7.1381E-1	1.1054E2	3.2064E0	9.0366E5	
409	-7.1388E-1	1.1042E2	3.1999E0	9.0588E5	
410	-7.0946E-1	1.1699E2	3.1932E0	9.0810E5	
411	-7.1136E-1	1.1416E2	3.1866E0	9.1032E5	
412	-7.1045E-1	1.1552E2	3.1799E0	9.1254E5	
413	-7.1358E-1	1.1088E2	3.1733E0	9.1476E5	
414	-7.1266E-1	1.1224E2	3.1666E0	9.1698E5	
415	-7.1030E-1	1.1575E2	3.1601E0	9.1920E5	
416	-7.1472E-1	1.0918E2	3.1534E0	9.2142E5	
417	-7.0770E-1	1.1959E2	3.1467E0	9.2364E5	
418	-7.0908E-1	1.1756E2	3.1401E0	9.2586E5	
419	-7.1022E-1	1.1586E2	3.1334E0	9.2808E5	
420	-7.0885E-1	1.1790E2	3.1268E0	9.3030E5	
421	-7.0862E-1	1.1824E2	3.1201E0	9.3252E5	
422	-7.0763E-1	1.1971E2	3.1134E0	9.3474E5	
423	-7.0885E-1	1.1790E2	3.1067E0	9.3696E5	
424	-7.0854E-1	1.1835E2	3.1001E0	9.3918E5	
425	-7.0679E-1	1.2095E2	3.0934E0	9.4140E5	
426	-7.0976E-1	1.1654E2	3.0866E0	9.4362E5	
427	-7.0740E-1	1.2005E2	3.0801E0	9.4584E5	
428	-7.0763E-1	1.1971E2	3.0733E0	9.4806E5	
429	-7.0717E-1	1.2039E2	3.0666E0	9.5028E5	
430	-7.0724E-1	1.2027E2	3.0600E0	9.5250E5	
431	-7.0763E-1	1.1971E2	3.0532E0	9.5472E5	
432	-7.0633E-1	1.2163E2	3.0466E0	9.5694E5	
433	-7.0419E-1	1.2480E2	3.0398E0	9.5916E5	
434	-7.0473E-1	1.2401E2	3.0333E0	9.6138E5	
435	-7.0587E-1	1.2231E2	3.0265E0	9.6360E5	
436	-7.0412E-1	1.2492E2	3.0198E0	9.6582E5	
437	-7.0648E-1	1.2141E2	3.0131E0	9.6804E5	
438	-7.0427E-1	1.2469E2	3.0064E0	9.7026E5	
439	-7.0580E-1	1.2243E2	2.9997E0	9.7248E5	
440	-7.0412E-1	1.2492E2	2.9930E0	9.7470E5	
441	-7.0168E-1	1.2854E2	2.9862E0	9.7692E5	
442	-7.0480E-1	1.2390E2	2.9795E0	9.7914E5	
443	-7.0557E-1	1.2277E2	2.9728E0	9.8136E5	
444	-7.0473E-1	1.2401E2	2.9660E0	9.8358E5	
445	-7.0198E-1	1.2809E2	2.9593E0	9.8580E5	
446	-7.0206E-1	1.2797E2	2.9525E0	9.8802E5	
447	-7.0122E-1	1.2922E2	2.9459E0	9.9024E5	
448	-7.0236E-1	1.2752E2	2.9390E0	9.9246E5	
449	-7.0412E-1	1.2492E2	2.9324E0	9.9468E5	
450	-7.0175E-1	1.2843E2	2.9256E0	9.9690E5	
451	-7.0206E-1	1.2797E2	2.9188E0	9.9912E5	
452	-7.0190E-1	1.2820E2	2.9122E0	1.0013E6	
453	-6.9962E-1	1.3160E2	2.9053E0	1.0036E6	
454	-7.0061E-1	1.3012E2	2.8986E0	1.0058E6	
455	-7.0084E-1	1.2979E2	2.8918E0	1.0080E6	
456	-7.0312E-1	1.2639E2	2.8851E0	1.0102E6	
457	-6.9984E-1	1.3126E2	2.8783E0	1.0124E6	
458	-7.0091E-1	1.2967E2	2.8715E0	1.0147E6	
459	-7.0030E-1	1.3058E2	2.8647E0	1.0169E6	
460	-7.0038E-1	1.3046E2	2.8579E0	1.0191E6	
461	-7.0053E-1	1.3024E2	2.8512E0	1.0213E6	
462	-6.9862E-1	1.3307E2	2.8443E0	1.0235E6	
463	-6.9923E-1	1.3216E2	2.8377E0	1.0258E6	
464	-6.9778E-1	1.3431E2	2.8308E0	1.0280E6	
465	-6.9878E-1	1.3284E2	2.8241E0	1.0302E6	
466	-7.0045E-1	1.3035E2	2.8172E0	1.0324E6	
467	-7.0000E-1	1.3103E2	2.8104E0	1.0346E6	
468	-6.9794E-1	1.3409E2	2.8037E0	1.0369E6	
469	-7.0023E-1	1.3069E2	2.7969E0	1.0391E6	
470	-6.9946E-1	1.3182E2	2.7902E0	1.0413E6	
471	-6.9946E-1	1.3182E2	2.7832E0	1.0435E6	
472	-6.9946E-1	1.3182E2	2.7764E0	1.0457E6	
473	-6.9893E-1	1.3262E2	2.7696E0	1.0480E6	
474	-6.9855E-1	1.3318E2	2.7628E0	1.0502E6	
475	-6.9878E-1	1.3284E2	2.7561E0	1.0524E6	
476	-6.9595E-1	1.3703E2	2.7491E0	1.0546E6	
477	-6.9595E-1	1.3703E2	2.7424E0	1.0568E6	
478	-6.9389E-1	1.4009E2	2.7355E0	1.0591E6	
479	-6.9557E-1	1.3760E2	2.7287E0	1.0613E6	
480	-6.9740E-1	1.3488E2	2.7219E0	1.0635E6	
481	-6.9450E-1	1.3918E2	2.7151E0	1.0657E6	
482	-6.9595E-1	1.3703E2	2.7082E0	1.0679E6	
483	-6.9458E-1	1.3907E2	2.7014E0	1.0702E6	
484	-6.9412E-1	1.3975E2	2.6945E0	1.0724E6	
485	-6.9359E-1	1.4054E2	2.6877E0	1.0746E6	
486	-6.9862E-1	1.3307E2	2.6809E0	1.0768E6	
487	-6.9534E-1	1.3794E2	2.6741E0	1.0790E6	
488	-6.9664E-1	1.3601E2	2.6672E0	1.0813E6	
489	-6.9611E-1	1.3681E2	2.6605E0	1.0835E6	
490	-6.9603E-1	1.3692E2	2.6535E0	1.0857E6	
491	-6.9359E-1	1.4054E2	2.6466E0	1.0879E6	
492	-6.9374E-1	1.4032E2	2.6398E0	1.0901E6	
493	-6.9252E-1	1.4213E2	2.6329E0	1.0924E6	
494	-6.9359E-1	1.4054E2	2.6261E0	1.0946E6	
495	-6.9077E-1	1.4473E2	2.6192E0	1.0968E6	
496	-6.9359E-1	1.4054E2	2.6123E0	1.0990E6	
497	-6.9382E-1	1.4020E2	2.6055E0	1.1012E6	
498	-6.8886E-1	1.4756E2	2.5985E0	1.1035E6	
499	-6.9153E-1	1.4360E2	2.5916E0	1.1057E6	
500	-6.9199E-1	1.4292E2	2.5848E0	1.1079E6	
501	-6.9115E-1	1.4416E2	2.5778E0	1.1101E6	
502	-6.9092E-1	1.4450E2	2.5710E0	1.1123E6	
503	-6.9145E-1	1.4371E2	2.5642E0	1.1146E6	
504	-6.8947E-1	1.4666E2	2.5573E0	1.1168E6	
505	-6.8863E-1	1.4790E2	2.5504E0	1.1190E6	
506	-6.8939E-1	1.4677E2	2.5435E0	1.1212E6	
507	-6.8756E-1	1.4949E2	2.5366E0	1.1234E6	
508	-6.8985E-1	1.4609E2	2.5296E0	1.1257E6	
509	-6.8825E-1	1.4847E2	2.5228E0	1.1279E6	
510	-6.8787E-1	1.4903E2	2.5159E0	1.1301E6	
511	-6.8848E-1	1.4813E2	2.5090E0	1.1323E6	
512	-6.8901E-1	1.4734E2	2.5020E0	1.1345E6	
513	-6.8680E-1	1.5062E2	2.4952E0	1.1368E6	
514	-6.8802E-1	1.4881E2	2.4882E0	1.1390E6	
515	-6.8802E-1	1.4881E2	2.4813E0	1.1412E6	
516	-6.8604E-1	1.5175E2	2.4744E0	1.1434E6	
517	-6.8573E-1	1.5220E2	2.4676E0	1.1456E6	
518	-6.8466E-1	1.5379E2	2.4606E0	1.1479E6	
519	-6.8649E-1	1.5107E2	2.4536E0	1.1501E6	
520	-6.8565E-1	1.5232E2	2.4468E0	1.1523E6	
521	-6.8825E-1	1.4847E2	2.4398E0	1.1545E6	
522	-6.8710E-1	1.5017E2	2.4329E0	1.1567E6	
523	-6.8413E-1	1.5458E2	2.4259E0	1.1590E6	
524	-6.8733E-1	1.4983E2	2.4189E0	1.1612E6	
525	-6.8375E-1	1.5515E2	2.4120E0	1.1634E6	
526	-6.8710E-1	1.5017E2	2.4051E0	1.1656E6	
527	-6.8642E-1	1.5118E2	2.3982E0	1.1678E6	
528	-6.8367E-1	1.5526E2	2.3912E0	1.1701E6	
529	-6.8550E-1	1.5254E2	2.3843E0	1.1723E6	
530	-6.8542E-1	1.5266E2	2.3773E0	1.1745E6	
531	-6.8443E-1	1.5413E2	2.3704E0	1.1767E6	
532	-6.8466E-1	1.5379E2	2.3634E0	1.1789E6	
533	-6.8291E-1	1.5639E2	2.3566E0	1.1812E6	
534	-6.8352E-1	1.5549E2	2.3495E0	1.1834E6	
535	-6.8291E-1	1.5639E2	2.3426E0	1.1856E6	
536	-6.8459E-1	1.5390E2	2.3355E0	1.1878E6	
537	-6.8413E-1	1.5458E2	2.3286E0	1.1900E6	
538	-6.8253E-1	1.5696E2	2.3216E0	1.1923E6	
539	-6.8443E-1	1.5413E2	2.3146E0	1.1945E6	
540	-6.8153E-1	1.5843E2	2.3077E0	1.1967E6	
541	-6.8604E-1	1.5175E2	2.3007E0	1.1989E6	
542	-6.8222E-1	1.5741E2	2.2938E0	1.2011E6	
543	-6.8115E-1	1.5900E2	2.2869E0	1.2034E6	
544	-6.8268E-1	1.5673E2	2.2798E0	1.2056E6	
545	-6.8245E-1	1.5707E2	2.2728E0	1.2078E6	
546	-6.8222E-1	1.5741E2	2.2658E0	1.2100E6	
547	-6.8466E-1	1.5379E2	2.2589E0	1.2122E6	
548	-6.7986E-1	1.6092E2	2.2518E0	1.2145E6	
549	-6.8161E-1	1.5832E2	2.2449E0	1.2167E6	
550	-6.8092E-1	1.5934E2	2.2379E0	1.2189E6	
551	-6.8024E-1	1.6036E2	2.2308E0	1.2211E6	
552	-6.8001E-1	1.6070E2	2.2239E0	1.2233E6	
553	-6.8108E-1	1.5911E2	2.2168E0	1.2256E6	
554	-6.8016E-1	1.6047E2	2.2099E0	1.2278E6	
555	-6.8130E-1	1.5877E2	2.2029E0	1.2300E6	
556	-6.7802E-1	1.6364E2	2.1958E0	1.2322E6	
557	-6.7818E-1	1.6341E2	2.1888E0	1.2344E6	
558	-6.7680E-1	1.6545E2	2.1819E0	1.2367E6	
559	-6.7841E-1	1.6307E2	2.1749E0	1.2389E6	
560	-6.7764E-1	1.6421E2	2.1678E0	1.2411E6	
561	-6.7757E-1	1.6432E2	2.1608E0	1.2433E6	
562	-6.7871E-1	1.6262E2	2.1537E0	1.2455E6	
563	-6.7719E-1	1.6489E2	2.1467E0	1.2478E6	
564	-6.7871E-1	1.6262E2	2.1397E0	1.2500E6	
565	-6.7589E-1	1.6681E2	2.1327E0	1.2522E6	
566	-6.7650E-1	1.6590E2	2.1258E0	1.2544E6	
567	-6.7497E-1	1.6817E2	2.1187E0	1.2566E6	
568	-6.7436E-1	1.6907E2	2.1116E0	1.2589E6	
569	-6.7612E-1	1.6647E2	2.1046E0	1.2611E6	
570	-6.7558E-1	1.6726E2	2.0976E0	1.2633E6	
571	-6.7474E-1	1.6851E2	2.0905E0	1.2655E6	
572	-6.7467E-1	1.6862E2	2.0835E0	1.2677E6	
573	-6.7276E-1	1.7145E2	2.0764E0	1.2700E6	
574	-6.7413E-1	1.6941E2	2.0694E0	1.2722E6	
575	-6.7245E-1	1.7191E2	2.0623E0	1.2744E6	
576	-6.7612E-1	1.6647E2	2.0553E0	1.2766E6	
577	-6.7154E-1	1.7326E2	2.0483E0	1.2788E6	
578	-6.7299E-1	1.7111E2	2.0412E0	1.2811E6	
579	-6.7238E-1	1.7202E2	2.0341E0	1.2833E6	
580	-6.7200E-1	1.7258E2	2.0271E0	1.2855E6	
581	-6.7352E-1	1.7032E2	2.0201E0	1.2877E6	
582	-6.7123E-1	1.7372E2	2.0130E0	1.2899E6	
583	-6.7154E-1	1.7326E2	2.0059E0	1.2922E6	
584	-6.6971E-1	1.7598E2	1.9989E0	1.2944E6	
585	-6.7253E-1	1.7179E2	1.9919E0	1.2966E6	
586	-6.7184E-1	1.7281E2	1.9848E0	1.2988E6	
587	-6.6956E-1	1.7621E2	1.9777E0	1.3010E6	
588	-6.7200E-1	1.7258E2	1.9706E0	1.3033E6	
589	-6.6910E-1	1.7689E2	1.9636E0	1.3055E6	
590	-6.6986E-1	1.7575E2	1.9564E0	1.3077E6	
591	-6.6956E-1	1.7621E2	1.9494E0	1.3099E6	
592	-6.7192E-1	1.7270E2	1.9424E0	1.3121E6	
593	-6.6925E-1	1.7666E2	1.9353E0	1.3144E6	
594	-6.7001E-1	1.7553E2	1.9282E0	1.3166E6	
595	-6.7177E-1	1.7292E2	1.9211E0	1.3188E6	
596	-6.6872E-1	1.7745E2	1.9140E0	1.3210E6	
597	-6.6872E-1	1.7745E2	1.9069E0	1.3232E6	
598	-6.6803E-1	1.7847E2	1.8999E0	1.3255E6	
599	-6.6803E-1	1.7847E2	1.8928E0	1.3277E6	
600	-6.6910E-1	1.7689E2	1.8856E0	1.3299E6	
601	-6.6849E-1	1.7779E2	1.8786E0	1.3321E6	
602	-6.6971E-1	1.7598E2	1.8715E0	1.3343E6	
603	-6.6956E-1	1.7621E2	1.8645E0	1.3366E6	
604	-6.6826E-1	1.7813E2	1.8572E0	1.3388E6	
605	-6.6917E-1	1.7677E2	1.8502E0	1.3410E6	
606	-6.6910E-1	1.7689E2	1.8431E0	1.3432E6	
607	-6.6605E-1	1.8142E2	1.8361E0	1.3454E6	
608	-6.6925E-1	1.7666E2	1.8289E0	1.3477E6	
609	-6.6826E-1	1.7813E2	1.8218E0	1.3499E6	
610	-6.6994E-1	1.7564E2	1.8148E0	1.3521E6	
611	-6.6727E-1	1.7960E2	1.8076E0	1.3543E6	
612	-6.6605E-1	1.8142E2	1.8006E0	1.3565E6	
613	-6.6734E-1	1.7949E2	1.7933E0	1.3588E6	
614	-6.6727E-1	1.7960E2	1.7863E0	1.3610E6	
615	-6.6513E-1	1.8277E2	1.7791E0	1.3632E6	
616	-6.6772E-1	1.7893E2	1.7720E0	1.3654E6	
617	-6.6368E-1	1.8493E2	1.7648E0	1.3676E6	
618	-6.6505E-1	1.8289E2	1.7579E0	1.3699E6	
619	-6.6422E-1	1.8413E2	1.7508E0	1.3721E6	
620	-6.6292E-1	1.8606E2	1.7436E0	1.3743E6	
621	-6.6277E-1	1.8628E2	1.7365E0	1.3765E6	
622	-6.6551E-1	1.8221E2	1.7294E0	1.3787E6	
623	-6.6353E-1	1.8515E2	1.7222E0	1.3810E6	
624	-6.6269E-1	1.8640E2	1.7151E0	1.3832E6	
625	-6.6277E-1	1.8628E2	1.7081E0	1.3854E6	
626	-6.5979E-1	1.9070E2	1.7010E0	1.3876E6	
627	-6.6338E-1	1.8538E2	1.6937E0	1.3898E6	
628	-6.6017E-1	1.9013E2	1.6865E0	1.3921E6	
629	-6.6315E-1	1.8572E2	1.6795E0	1.3943E6	
630	-6.6040E-1	1.8979E2	1.6723E0	1.3965E6	
631	-6.6193E-1	1.8753E2	1.6652E0	1.3987E6	
632	-6.6093E-1	1.8900E2	1.6581E0	1.4009E6	
633	-6.5811E-1	1.9319E2	1.6510E0	1.4032E6	
634	-6.5842E-1	1.9274E2	1.6437E0	1.4054E6	
635	-6.6055E-1	1.8957E2	1.6367E0	1.4076E6	
636	-6.5994E-1	1.9047E2	1.6296E0	1.4098E6	
637	-6.6132E-1	1.8844E2	1.6224E0	1.4120E6	
638	-6.5903E-1	1.9183E2	1.6153E0	1.4143E6	
639	-6.6010E-1	1.9025E2	1.6081E0	1.4165E6	
640	-6.5941E-1	1.9127E2	1.6010E0	1.4187E6	
641	-6.5941E-1	1.9127E2	1.5939E0	1.4209E6	
642	-6.5796E-1	1.9342E2	1.5867E0	1.4231E6	
643	-6.5895E-1	1.9195E2	1.5795E0	1.4254E6	
644	-6.5842E-1	1.9274E2	1.5723E0	1.4276E6	
645	-6.5849E-1	1.9263E2	1.5653E0	1.4298E6	
646	-6.5842E-1	1.9274E2	1.5581E0	1.4320E6	
647	-6.5491E-1	1.9795E2	1.5510E0	1.4342E6	
648	-6.5552E-1	1.9704E2	1.5437E0	1.4365E6	
649	-6.5712E-1	1.9466E2	1.5367E0	1.4387E6	
650	-6.5704E-1	1.9478E2	1.5296E0	1.4409E6	
651	-6.5689E-1	1.9500E2	1.5222E0	1.4431E6	
652	-6.5453E-1	1.9851E2	1.5152E0	1.4453E6	
653	-6.5598E-1	1.9636E2	1.5081E0	1.4476E6	
654	-6.5865E-1	1.9240E2	1.5008E0	1.4498E6	
655	-6.5613E-1	1.9614E2	1.4937E0	1.4520E6	
656	-6.5598E-1	1.9636E2	1.4865E0	1.4542E6	
657	-6.5514E-1	1.9761E2	1.4793E0	1.4564E6	
658	-6.5460E-1	1.9840E2	1.4722E0	1.4587E6	
659	-6.5430E-1	1.9885E2	1.4650E0	1.4609E6	
660	-6.5598E-1	1.9636E2	1.4578E0	1.4631E6	
661	-6.5506E-1	1.9772E2	1.4508E0	1.4653E6	
662	-6.5369E-1	1.9976E2	1.4436E0	1.4675E6	
663	-6.5399E-1	1.9931E2	1.4364E0	1.4698E6	
664	-6.5216E-1	2.0202E2	1.4293E0	1.4720E6	
665	-6.5224E-1	2.0191E2	1.4221E0	1.4742E6	
666	-6.5475E-1	1.9817E2	1.4149E0	1.4764E6	
667	-6.5315E-1	2.0055E2	1.4077E0	1.4786E6	
668	-6.5346E-1	2.0010E2	1.4005E0	1.4809E6	
669	-6.5201E-1	2.0225E2	1.3933E0	1.4831E6	
670	-6.5292E-1	2.0089E2	1.3863E0	1.4853E6	
671	-6.5170E-1	2.0270E2	1.3790E0	1.4875E6	
672	-6.5445E-1	1.9863E2	1.3718E0	1.4897E6	
673	-6.5437E-1	1.9874E2	1.3647E0	1.4920E6	
674	-6.5491E-1	1.9795E2	1.3576E0	1.4942E6	
675	-6.5071E-1	2.0417E2	1.3503E0	1.4964E6	
676	-6.5178E-1	2.0259E2	1.3432E0	1.4986E6	
677	-6.5468E-1	1.9829E2	1.3360E0	1.5008E6	
678	-6.5102E-1	2.0372E2	1.3288E0	1.5031E6	
679	-6.5132E-1	2.0327E2	1.3217E0	1.5053E6	
680	-6.5002E-1	2.0519E2	1.3145E0	1.5075E6	
681	-6.5170E-1	2.0270E2	1.3073E0	1.5097E6	
682	-6.5102E-1	2.0372E2	1.3002E0	1.5119E6	
683	-6.5094E-1	2.0383E2	1.2929E0	1.5142E6	
684	-6.5048E-1	2.0451E2	1.2858E0	1.5164E6	
685	-6.4842E-1	2.0757E2	1.2785E0	1.5186E6	
686	-6.4850E-1	2.0746E2	1.2714E0	1.5208E6	
687	-6.4789E-1	2.0836E2	1.2643E0	1.5230E6	
688	-6.4819E-1	2.0791E2	1.2570E0	1.5253E6	
689	-6.4644E-1	2.1052E2	1.2499E0	1.5275E6	
690	-6.4697E-1	2.0972E2	1.2427E0	1.5297E6	
691	-6.4835E-1	2.0768E2	1.2355E0	1.5319E6	
692	-6.4980E-1	2.0553E2	1.2284E0	1.5341E6	
693	-6.4697E-1	2.0972E2	1.2212E0	1.5364E6	
694	-6.4720E-1	2.0938E2	1.2140E0	1.5386E6	
695	-6.4606E-1	2.1108E2	1.2069E0	1.5408E6	
696	-6.4590E-1	2.1131E2	1.1997E0	1.5430E6	
697	-6.4735E-1	2.0916E2	1.1925E0	1.5452E6	
698	-6.4697E-1	2.0972E2	1.1852E0	1.5475E6	
699	-6.4453E-1	2.1335E2	1.1780E0	1.5497E6	
700	-6.4499E-1	2.1267E2	1.1709E0	1.5519E6	
701	-6.4545E-1	2.1199E2	1.1636E0	1.5541E6	
702	-6.4575E-1	2.1153E2	1.1565E0	1.5563E6	
703	-6.4392E-1	2.1425E2	1.1494E0	1.5586E6	
704	-6.4423E-1	2.1380E2	1.1421E0	1.5608E6	
705	-6.4507E-1	2.1255E2	1.1350E0	1.5630E6	
706	-6.4362E-1	2.1470E2	1.1277E0	1.5652E6	
707	-6.4430E-1	2.1369E2	1.1206E0	1.5674E6	
708	-6.4262E-1	2.1618E2	1.1134E0	1.5697E6	
709	-6.4415E-1	2.1391E2	1.1063E0	1.5719E6	
710	-6.4331E-1	2.1516E2	1.0990E0	1.5741E6	
711	-6.4339E-1	2.1504E2	1.0919E0	1.5763E6	
712	-6.4285E-1	2.1584E2	1.0846E0	1.5785E6	
713	-6.4178E-1	2.1742E2	1.0776E0	1.5808E6	
714	-6.4339E-1	2.1504E2	1.0703E0	1.5830E6	
715	-6.5529E-1	1.9738E2	1.0632E0	1.5852E6	
716	-6.5895E-1	1.9195E2	1.0559E0	1.5874E6	
717	-6.6139E-1	1.8832E2	1.0489E0	1.5896E6	
718	-6.6139E-1	1.8832E2	1.0416E0	1.5919E6	
719	-6.5735E-1	1.9432E2	1.0344E0	1.5941E6	
720	-6.4651E-1	2.1040E2	1.0272E0	1.5963E6	
721	-6.3721E-1	2.2422E2	1.0201E0	1.5985E6	
722	-6.3026E-1	2.3452E2	1.0130E0	1.6007E6	
723	-6.2180E-1	2.4709E2	1.0057E0	1.6030E6	
724	-6.1462E-1	2.5773E2	9.9861E-1	1.6052E6	
725	-6.0913E-1	2.6588E2	9.9137E-1	1.6074E6	
726	-5.9708E-1	2.8377E2	9.8420E-1	1.6096E6	
727	-5.9326E-1	2.8943E2	9.7705E-1	1.6118E6	
728	-5.8960E-1	2.9487E2	9.6983E-1	1.6141E6	
729	-5.8655E-1	2.9940E2	9.6269E-1	1.6163E6	
730	-5.8266E-1	3.0517E2	9.5549E-1	1.6185E6	
731	-5.7617E-1	3.1480E2	9.4833E-1	1.6207E6	
732	-5.6984E-1	3.2419E2	9.4112E-1	1.6229E6	
733	-5.6152E-1	3.3654E2	9.3400E-1	1.6252E6	
734	-5.5595E-1	3.4480E2	9.2677E-1	1.6274E6	
735	-5.4825E-1	3.5624E2	9.1971E-1	1.6296E6	
736	-5.4283E-1	3.6428E2	9.1255E-1	1.6318E6	
737	-5.3482E-1	3.7616E2	9.0538E-1	1.6340E6	
738	-5.3146E-1	3.8115E2	8.9813E-1	1.6363E6	
739	-5.2711E-1	3.8760E2	8.9100E-1	1.6385E6	
740	-5.2254E-1	3.9439E2	8.8371E-1	1.6407E6	
741	-5.1460E-1	4.0617E2	8.7665E-1	1.6429E6	
742	-5.0926E-1	4.1409E2	8.6952E-1	1.6451E6	
743	-5.0514E-1	4.2021E2	8.6227E-1	1.6474E6	
744	-5.0346E-1	4.2270E2	8.5503E-1	1.6496E6	
745	-5.0125E-1	4.2598E2	8.4792E-1	1.6518E6	
746	-4.9835E-1	4.3029E2	8.4078E-1	1.6540E6	
747	-4.9057E-1	4.4184E2	8.3356E-1	1.6562E6	
748	-4.8622E-1	4.4829E2	8.2642E-1	1.6585E6	
749	-4.8264E-1	4.5361E2	8.1928E-1	1.6607E6	
750	-4.7325E-1	4.6754E2	8.1210E-1	1.6629E6	
751	-4.7226E-1	4.6901E2	8.0491E-1	1.6651E6	
752	-4.6158E-1	4.8486E2	7.9769E-1	1.6673E6	
753	-4.5441E-1	4.9550E2	7.9057E-1	1.6696E6	
754	-4.4861E-1	5.0411E2	7.8351E-1	1.6718E6	
755	-4.4571E-1	5.0841E2	7.7628E-1	1.6740E6	
756	-4.3297E-1	5.2732E2	7.6923E-1	1.6762E6	
757	-4.3060E-1	5.3083E2	7.6200E-1	1.6784E6	
758	-4.2519E-1	5.3887E2	7.5485E-1	1.6807E6	
759	-4.1199E-1	5.5846E2	7.4770E-1	1.6829E6	
760	-4.0833E-1	5.6389E2	7.4051E-1	1.6851E6	
761	-4.0062E-1	5.7533E2	7.3337E-1	1.6873E6	
762	-3.9696E-1	5.8076E2	7.2611E-1	1.6895E6	
763	-3.8849E-1	5.9333E2	7.1895E-1	1.6918E6	
764	-3.8483E-1	5.9877E2	7.1188E-1	1.6940E6	
765	-3.6842E-1	6.2311E2	7.0478E-1	1.6962E6	
766	-3.6629E-1	6.2628E2	6.9759E-1	1.6984E6	
767	-3.6087E-1	6.3432E2	6.9045E-1	1.7006E6	
768	-3.4782E-1	6.5368E2	6.8329E-1	1.7029E6	
769	-3.3821E-1	6.6795E2	6.7612E-1	1.7051E6	
770	-3.2616E-1	6.8584E2	6.6896E-1	1.7073E6	
771	-3.1769E-1	6.9840E2	6.6174E-1	1.7095E6	
772	-3.0876E-1	7.1165E2	6.5459E-1	1.7117E6	
773	-2.9678E-1	7.2943E2	6.4749E-1	1.7140E6	
774	-2.8793E-1	7.4256E2	6.4280E-1	1.7154E6	
775	-2.8793E-1	7.4256E2	6.4280E-1	1.7154E6	
776	-2.8793E-1	7.4256E2	6.4280E-1	1.7154E6	
777	-2.8793E-1	7.4256E2	6.4280E-1	1.7154E6	
778	-2.8793E-1	7.4256E2	6.4280E-1	1.7154E6	
779	-2.8793E-1	7.4256E2	6.4280E-1	1.7154E6	
780	-2.8793E-1	7.4256E2	6.4280E-1	1.7154E6	
781	-2.8793E-1	7.4256E2	6.4280E-1	1.7154E6	
782	-2.8793E-1	7.4256E2	6.4280E-1	1.7154E6	
783	-2.8793E-1	7.4256E2	6.4280E-1	1.7154E6	
784	-2.8793E-1	7.4256E2	6.4280E-1	1.7154E6	
785	-2.8793E-1	7.4256E2	6.4280E-1	1.7154E6	
786	-2.8793E-1	7.4256E2	6.4280E-1	1.7154E6	
787	-2.8793E-1	7.4256E2	6.4280E-1	1.7154E6	
788	-2.8793E-1	7.4256E2	6.4280E-1	1.7154E6	
789	-2.8793E-1	7.4256E2	6.4280E-1	1.7154E6	
790	-2.8793E-1	7.4256E2	6.4280E-1	1.7154E6	
791	-2.8793E-1	7.4256E2	6.4280E-1	1.7154E6	
792	-2.8793E-1	7.4256E2	6.4280E-1	1.7154E6	
793	-2.8793E-1	7.4256E2	6.4280E-1	1.7154E6	
794	-2.8793E-1	7.4256E2	6.4280E-1	1.7154E6	
795	-2.8793E-1	7.4256E2	6.4280E-1	1.7154E6	
796	-2.8793E-1	7.4256E2	6.4280E-1	1.7154E6	
797	-2.8793E-1	7.4256E2	6.4280E-1	1.7154E6	
798	-2.8793E-1	7.4256E2	6.4280E-1	1.7154E6	
799	-2.8793E-1	7.4256E2	6.4280E-1	1.7154E6	
800	-2.8793E-1	7.4256E2	6.4280E-1	1.7154E6	
801	-2.8793E-1	7.4256E2	6.4280E-1	1.7154E6	
802	-2.8793E-1	7.4256E2	6.4280E-1	1.7154E6	
803	-2.8793E-1	7.4256E2	6.4280E-1	1.7154E6	
804	-2.8793E-1	7.4256E2	6.4280E-1	1.7154E6	
805	-2.8793E-1	7.4256E2	6.4280E-1	1.7154E6	
806	-2.8793E-1	7.4256E2	6.4280E-1	1.7154E6	
807	-2.8793E-1	7.4256E2	6.4280E-1	1.7154E6	
808	-2.8793E-1	7.4256E2	6.4280E-1	1.7154E6	
809	-2.8793E-1	7.4256E2	6.4280E-1	1.7154E6	
810	-2.8793E-1	7.4256E2	6.4280E-1	1.7154E6	
811	-2.8793E-1	7.4256E2	6.4280E-1	1.7154E6	
812	-2.8793E-1	7.4256E2	6.4280E-1	1.7154E6	
813	-2.8793E-1	7.4256E2	6.4280E-1	1.7154E6	
814	-2.8793E-1	7.4256E2	6.4280E-1	1.7154E6	
815	-2.8793E-1	7.4256E2	6.4280E-1	1.7154E6	
816	-2.8793E-1	7.4256E2	6.4280E-1	1.7154E6	
817	-2.8793E-1	7.4256E2	6.4280E-1	1.7154E6	
818	-2.8793E-1	7.4256E2	6.4280E-1	1.7154E6	
819	-2.8793E-1	7.4256E2	6.4280E-1	1.7154E6	
820	-2.8793E-1	7.4256E2	6.4280E-1	1.7154E6	
821	-2.8793E-1	7.4256E2	6.4280E-1	1.7154E6	
822	-2.8793E-1	7.4256E2	6.4280E-1	1.7154E6	
823	-2.8793E-1	7.4256E2	6.4280E-1	1.7154E6	
824	-2.8793E-1	7.4256E2	6.4280E-1	1.7154E6	
825	-2.8793E-1	7.4256E2	6.4280E-1	1.7154E6	
826	-2.8793E-1	7.4256E2	6.4280E-1	1.7154E6	
827	-2.8793E-1	7.4256E2	6.4280E-1	1.7154E6	
828	-2.8793E-1	7.4256E2	6.4280E-1	1.7154E6	
829	-2.8793E-1	7.4256E2	6.4280E-1	1.7154E6	
830	-2.8793E-1	7.4256E2	6.4280E-1	1.7154E6	
831	-2.8793E-1	7.4256E2	6.4280E-1	1.7154E6	
832	-2.8793E-1	7.4256E2	6.4280E-1	1.7154E6	
833	-2.8793E-1	7.4256E2	6.4280E-1	1.7154E6	
834	-2.8793E-1	7.4256E2	6.4280E-1	1.7154E6	
835	-2.8793E-1	7.4256E2	6.4280E-1	1.7154E6	
836	-2.8793E-1	7.4256E2	6.4280E-1	1.7154E6	
837	-2.8793E-1	7.4256E2	6.4280E-1	1.7154E6	
838	-2.8793E-1	7.4256E2	6.4280E-1	1.7154E6	
839	-2.8793E-1	7.4256E2	6.4280E-1	1.7154E6	
840	-2.8793E-1	7.4256E2	6.4280E-1	1.7154E6	
841	-2.8793E-1	7.4256E2	6.4280E-1	1.7154E6	
842	-2.8793E-1	7.4256E2	6.4280E-1	1.7154E6	
843	-2.8793E-1	7.4256E2	6.4280E-1	1.7154E6	
844	-2.8793E-1	7.4256E2	6.4280E-1	1.7154E6	
845	-2.8793E-1	7.4256E2	6.4280E-1	1.7154E6	
846	-2.8793E-1	7.4256E2	6.4280E-1	1.7154E6	
847	-2.8793E-1	7.4256E2	6.4280E-1	1.7154E6	
848	-2.8793E-1	7.4256E2	6.4280E-1	1.7154E6	
849	-2.8793E-1	7.4256E2	6.4280E-1	1.7154E6	
850	-2.8793E-1	7.4256E2	6.4280E-1	1.7154E6	
851	-2.8793E-1	7.4256E2	6.4280E-1	1.7154E6	
852	-2.8793E-1	7.4256E2	6.4280E-1	1.7154E6	
853	-2.8793E-1	7.4256E2	6.4280E-1	1.7154E6	
854	-2.8793E-1	7.4256E2	6.4280E-1	1.7154E6	
855	-2.8793E-1	7.4256E2	6.4280E-1	1.7154E6	
856	-2.8793E-1	7.4256E2	6.4280E-1	1.7154E6	
857	-2.8793E-1	7.4256E2	6.4280E-1	1.7154E6	
858	-2.8793E-1	7.4256E2	6.4280E-1	1.7154E6	
859	-2.8793E-1	7.4256E2	6.4280E-1	1.7154E6	
860	-2.8793E-1	7.4256E2	6.4280E-1	1.7154E6	
861	-2.8793E-1	7.4256E2	6.4280E-1	1.7154E6	
862	-2.8793E-1	7.4256E2	6.4280E-1	1.7154E6	
863	-2.8793E-1	7.4256E2	6.4280E-1	1.7154E6	
864	-2.8793E-1	7.4256E2	6.4280E-1	1.7154E6	
865	-2.8793E-1	7.4256E2	6.4280E-1	1.7154E6	
866	-2.8793E-1	7.4256E2	6.4280E-1	1.7154E6	
867	-2.8793E-1	7.4256E2	6.4280E-1	1.7154E6	
868	-2.8793E-1	7.4256E2	6.4280E-1	1.7154E6	
869	-2.8793E-1	7.4256E2	6.4280E-1	1.7154E6	
870	-2.8793E-1	7.4256E2	6.4280E-1	1.7154E6	
871	-2.8793E-1	7.4256E2	6.4280E-1	1.7154E6	
872	-2.8793E-1	7.4256E2	6.4280E-1	1.7154E6	
873	-2.8793E-1	7.4256E2	6.4280E-1	1.7154E6	
874	-2.8793E-1	7.4256E2	6.4280E-1	1.7154E6	
875	-2.8793E-1	7.4256E2	6.4280E-1	1.7154E6	
876	-2.8793E-1	7.4256E2	6.4280E-1	1.7154E6	
877	-2.8793E-1	7.4256E2	6.4280E-1	1.7154E6	
878	-2.8793E-1	7.4256E2	6.4280E-1	1.7154E6	
879	-2.8793E-1	7.4256E2	6.4280E-1	1.7154E6	
880	-2.8793E-1	7.4256E2	6.4280E-1	1.7154E6	
881	-2.8793E-1	7.4256E2	6.4280E-1	1.7154E6	
882	-2.8793E-1	7.4256E2	6.4280E-1	1.7154E6	
883	-2.8793E-1	7.4256E2	6.4280E-1	1.7154E6	
884	-2.8793E-1	7.4256E2	6.4280E-1	1.7154E6	
885	-2.8793E-1	7.4256E2	6.4280E-1	1.7154E6	
886	-2.8793E-1	7.4256E2	6.4280E-1	1.7154E6	
887	-2.8793E-1	7.4256E2	6.4280E-1	1.7154E6	
888	-2.8793E-1	7.4256E2	6.4280E-1	1.7154E6	
889	-2.8793E-1	7.4256E2	6.4280E-1	1.7154E6	
890	-2.8793E-1	7.4256E2	6.4280E-1	1.7154E6	
891	-2.8793E-1	7.4256E2	6.4280E-1	1.7154E6	
892	-2.8793E-1	7.4256E2	6.4280E-1	1.7154E6	
893	-2.8793E-1	7.4256E2	6.4280E-1	1.7154E6	
894	-2.8793E-1	7.4256E2	6.4280E-1	1.7154E6	
895	-2.8793E-1	7.4256E2	6.4280E-1	1.7154E6	
896	-2.8793E-1	7.4256E2	6.4280E-1	1.7154E6	
897	-2.8793E-1	7.4256E2	6.4280E-1	1.7154E6	
898	-2.8793E-1	7.4256E2	6.4280E-1	1.7154E6	
899	-2.8793E-1	7.4256E2	6.4280E-1	1.7154E6	
900	-2.8793E-1	7.4256E2	6.4280E-1	1.7154E6	
901	-2.8793E-1	7.4256E2	6.4280E-1	1.7154E6	
902	-2.8793E-1	7.4256E2	6.4280E-1	1.7154E6	
903	-2.8793E-1	7.4256E2	6.4280E-1	1.7154E6	
904	-2.8793E-1	7.4256E2	6.4280E-1	1.7154E6	
905	-2.8793E-1	7.4256E2	6.4280E-1	1.7154E6	
906	-2.8793E-1	7.4256E2	6.4280E-1	1.7154E6	
907	-2.8793E-1	7.4256E2	6.4280E-1	1.7154E6	
908	-2.8793E-1	7.4256E2	6.4280E-1	1.7154E6	
909	-2.8793E-1	7.4256E2	6.4280E-1	1.7154E6	
910	-2.8793E-1	7.4256E2	6.4280E-1	1.7154E6	
911	-2.8793E-1	7.4256E2	6.4280E-1	1.7154E6	
912	-2.8793E-1	7.4256E2	6.4280E-1	1.7154E6	
913	-2.8793E-1	7.4256E2	6.4280E-1	1.7154E6	
914	-2.8793E-1	7.4256E2	6.4280E-1	1.7154E6	
915	-2.8793E-1	7.4256E2	6.4280E-1	1.7154E6	
916	-2.8793E-1	7.4256E2	6.4280E-1	1.7154E6	
917	-2.8793E-1	7.4256E2	6.4280E-1	1.7154E6	
918	-2.8793E-1	7.4256E2	6.4280E-1	1.7154E6	
919	-2.8793E-1	7.4256E2	6.4280E-1	1.7154E6	
920	-2.8793E-1	7.4256E2	6.4280E-1	1.7154E6	
921	-2.8793E-1	7.4256E2	6.4280E-1	1.7154E6	
922	-2.8793E-1	7.4256E2	6.4280E-1	1.7154E6	
923	-2.8793E-1	7.4256E2	6.4280E-1	1.7154E6	
924	-2.8793E-1	7.4256E2	6.4280E-1	1.7154E6	
925	-2.8793E-1	7.4256E2	6.4280E-1	1.7154E6	
926	-2.8793E-1	7.4256E2	6.4280E-1	1.7154E6	
927	-2.8793E-1	7.4256E2	6.4280E-1	1.7154E6	
928	-2.8793E-1	7.4256E2	6.4280E-1	1.7154E6	
929	-2.8793E-1	7.4256E2	6.4280E-1	1.7154E6	
930	-2.8793E-1	7.4256E2	6.4280E-1	1.7154E6	
931	-2.8793E-1	7.4256E2	6.4280E-1	1.7154E6	
932	-2.8793E-1	7.4256E2	6.4280E-1	1.7154E6	
933	-2.8793E-1	7.4256E2	6.4280E-1	1.7154E6	
934	-2.8793E-1	7.4256E2	6.4280E-1	1.7154E6	
935	-2.8793E-1	7.4256E2	6.4280E-1	1.7154E6	
936	-2.8793E-1	7.4256E2	6.4280E-1	1.7154E6	
937	-2.8793E-1	7.4256E2	6.4280E-1	1.7154E6	
938	-2.8793E-1	7.4256E2	6.4280E-1	1.7154E6	
939	-2.8793E-1	7.4256E2	6.4280E-1	1.7154E6	
940	-2.8793E-1	7.4256E2	6.4280E-1	1.7154E6	
941	-2.8793E-1	7.4256E2	6.4280E-1	1.7154E6	
942	-2.8793E-1	7.4256E2	6.4280E-1	1.7154E6	
943	-2.8793E-1	7.4256E2	6.4280E-1	1.7154E6	
944	-2.8793E-1	7.4256E2	6.4280E-1	1.7154E6	
945	-2.8793E-1	7.4256E2	6.4280E-1	1.7154E6	
946	-2.8793E-1	7.4256E2	6.4280E-1	1.7154E6	
947	-2.8793E-1	7.4256E2	6.4280E-1	1.7154E6	
948	-2.8793E-1	7.4256E2	6.4280E-1	1.7154E6	
949	-2.8793E-1	7.4256E2	6.4280E-1	1.7154E6	
950	-2.8793E-1	7.4256E2	6.4280E-1	1.7154E6	
951	-2.8793E-1	7.4256E2	6.4280E-1	1.7154E6	
952	-2.8793E-1	7.4256E2	6.4280E-1	1.7154E6	
953	-2.8793E-1	7.4256E2	6.4280E-1	1.7154E6	
954	-2.8793E-1	7.4256E2	6.4280E-1	1.7154E6	
955	-2.8793E-1	7.4256E2	6.4280E-1	1.7154E6	
956	-2.8793E-1	7.4256E2	6.4280E-1	1.7154E6	
957	-2.8793E-1	7.4256E2	6.4280E-1	1.7154E6	
958	-2.8793E-1	7.4256E2	6.4280E-1	1.7154E6	
959	-2.8793E-1	7.4256E2	6.4280E-1	1.7154E6	
960	-2.8793E-1	7.4256E2	6.4280E-1	1.7154E6	
961	-2.8793E-1	7.4256E2	6.4280E-1	1.7154E6	
962	-2.8793E-1	7.4256E2	6.4280E-1	1.7154E6	
963	-2.8793E-1	7.4256E2	6.4280E-1	1.7154E6	
964	-2.8793E-1	7.4256E2	6.4280E-1	1.7154E6	
965	-2.8793E-1	7.4256E2	6.4280E-1	1.7154E6	
966	-2.8793E-1	7.4256E2	6.4280E-1	1.7154E6	
967	-2.8793E-1	7.4256E2	6.4280E-1	1.7154E6	
968	-2.8793E-1	7.4256E2	6.4280E-1	1.7154E6	
969	-2.8793E-1	7.4256E2	6.4280E-1	1.7154E6	
970	-2.8793E-1	7.4256E2	6.4280E-1	1.7154E6	
971	-2.8793E-1	7.4256E2	6.4280E-1	1.7154E6	
972	-2.8793E-1	7.4256E2	6.4280E-1	1.7154E6	
973	-2.8793E-1	7.4256E2	6.4280E-1	1.7154E6	
974	-2.8793E-1	7.4256E2	6.4280E-1	1.7154E6	
975	-2.8793E-1	7.4256E2	6.4280E-1	1.7154E6	
976	-2.8793E-1	7.4256E2	6.4280E-1	1.7154E6	
977	-2.8793E-1	7.4256E2	6.4280E-1	1.7154E6	
978	-2.8793E-1	7.4256E2	6.4280E-1	1.7154E6	
979	-2.8793E-1	7.4256E2	6.4280E-1	1.7154E6	
980	-2.8793E-1	7.4256E2	6.4280E-1	1.7154E6	
981	-2.8793E-1	7.4256E2	6.4280E-1	1.7154E6	
982	-2.8793E-1	7.4256E2	6.4280E-1	1.7154E6	
983	-2.8793E-1	7.4256E2	6.4280E-1	1.7154E6	
984	-2.8793E-1	7.4256E2	6.4280E-1	1.7154E6	
985	-2.8793E-1	7.4256E2	6.4280E-1	1.7154E6	
986	-2.8793E-1	7.4256E2	6.4280E-1	1.7154E6	
987	-2.8793E-1	7.4256E2	6.4280E-1	1.7154E6	
988	-2.8793E-1	7.4256E2	6.4280E-1	1.7154E6	
989	-2.8793E-1	7.4256E2	6.4280E-1	1.7154E6	
990	-2.8793E-1	7.4256E2	6.4280E-1	1.7154E6	
991	-2.8793E-1	7.4256E2	6.4280E-1	1.7154E6	
992	-2.8793E-1	7.4256E2	6.4280E-1	1.7154E6	
993	-2.8793E-1	7.4256E2	6.4280E-1	1.7154E6	
994	-2.8793E-1	7.4256E2	6.4280E-1	1.7154E6	
995	-2.8793E-1	7.4256E2	6.4280E-1	1.7154E6	
996	-2.8793E-1	7.4256E2	6.4280E-1	1.7154E6	
997	-2.8793E-1	7.4256E2	6.4280E-1	1.7154E6	
998	-2.8793E-1	7.4256E2	6.4280E-1	1.7154E6	
999	-2.8793E-1	7.4256E2	6.4280E-1	1.7154E6	
1000	-2.8793E-1	7.4256E2	6.4280E-1	1.7154E6	
1001	-2.8793E-1	7.4256E2	6.4280E-1	1.7154E6	
1002	-2.8793E-1	7.4256E2	6.4280E-1	1.7154E6	
1003	-2.8793E-1	7.4256E2	6.4280E-1	1.7154E6	
1004	-2.8793E-1	7.4256E2	6.4280E-1	1.7154E6	
1005	-2.8793E-1	7.4256E2	6.4280E-1	1.7154E6	
1006	-2.8793E-1	7.4256E2	6.4280E-1	1.7154E6	
1007	-2.8793E-1	7.4256E2	6.4280E-1	1.7154E6	
1008	-2.8793E-1	7.4256E2	6.4280E-1	1.7154E6	
1009	-2.8793E-1	7.4256E2	6.4280E-1	1.7154E6	
1010	-2.8793E-1	7.4256E2	6.4280E-1	1.7154E6	
1011	-2.8793E-1	7.4256E2	6.4280E-1	1.7154E6	
1012	-2.8793E-1	7.4256E2	6.4280E-1	1.7154E6	
1013	-2.8793E-1	7.4256E2	6.4280E-1	1.7154E6	
1014	-2.8793E-1	7.4256E2	6.4280E-1	1.7154E6	
1015	-2.8793E-1	7.4256E2	6.4280E-1	1.7154E6	
1016	-2.8793E-1	7.4256E2	6.4280E-1	1.7154E6	
1017	-2.8793E-1	7.4256E2	6.4280E-1	1.7154E6	
1018	-2.8793E-1	7.4256E2	6.4280E-1	1.7154E6	
1019	-2.8793E-1	7.4256E2	6.4280E-1	1.7154E6	
1020	-2.8793E-1	7.4256E2	6.4280E-1	1.7154E6	
1021	-2.8793E-1	7.4256E2	6.4280E-1	1.7154E6	
1022	-2.8793E-1	7.4256E2	6.4280E-1	1.7154E6	
1023	-2.8793E-1	7.4256E2	6.4280E-1	1.7154E6	
1024	-2.8793E-1	7.4256E2	6.4280E-1	1.7154E6	
1025	-2.9106E-1	7.3792E2	6.4273E-1	1.7154E6	
1026	-3.2784E-1	6.8335E2	6.4405E-1	1.7177E6	
1027	-3.6057E-1	6.3477E2	6.4672E-1	1.7199E6	
1028	-3.7582E-1	6.1213E2	6.4979E-1	1.7221E6	
1029	-3.9474E-1	5.8405E2	6.5319E-1	1.7243E6	
1030	-4.1367E-1	5.5597E2	6.5680E-1	1.7265E6	
1031	-4.2450E-1	5.3989E2	6.6037E-1	1.7288E6	
1032	-4.4090E-1	5.1555E2	6.6429E-1	1.7310E6	
1033	-4.5464E-1	4.9516E2	6.6818E-1	1.7332E6	
1034	-4.6860E-1	4.7444E2	6.7222E-1	1.7354E6	
1035	-4.7989E-1	4.5769E2	6.7624E-1	1.7376E6	
1036	-4.9339E-1	4.3765E2	6.8040E-1	1.7399E6	
1037	-5.0606E-1	4.1885E2	6.8456E-1	1.7421E6	
1038	-5.1819E-1	4.0085E2	6.8885E-1	1.7443E6	
1039	-5.3078E-1	3.8217E2	6.9301E-1	1.7465E6	
1040	-5.4085E-1	3.6722E2	6.9746E-1	1.7487E6	
1041	-5.5550E-1	3.4548E2	7.0178E-1	1.7510E6	
1042	-5.6412E-1	3.3269E2	7.0610E-1	1.7532E6	
1043	-5.7281E-1	3.1978E2	7.1053E-1	1.7554E6	
1044	-5.8128E-1	3.0721E2	7.1492E-1	1.7576E6	
1045	-5.9601E-1	2.8536E2	7.1935E-1	1.7598E6	
1046	-6.0692E-1	2.6917E2	7.2383E-1	1.7621E6	
1047	-6.1134E-1	2.6260E2	7.2837E-1	1.7643E6	
1048	-6.2340E-1	2.4471E2	7.3289E-1	1.7665E6	
1049	-6.3164E-1	2.3248E2	7.3738E-1	1.7687E6	
1050	-6.4354E-1	2.1482E2	7.4191E-1	1.7709E6	
1051	-6.5483E-1	1.9806E2	7.4644E-1	1.7732E6	
1052	-6.5887E-1	1.9206E2	7.5100E-1	1.7754E6	
1053	-6.6429E-1	1.8402E2	7.5564E-1	1.7776E6	
1054	-6.7329E-1	1.7066E2	7.6023E-1	1.7798E6	
1055	-6.8153E-1	1.5843E2	7.6478E-1	1.7820E6	
1056	-6.9260E-1	1.4201E2	7.6936E-1	1.7843E6	
1057	-7.0168E-1	1.2854E2	7.7402E-1	1.7865E6	
1058	-7.0900E-1	1.1767E2	7.7862E-1	1.7887E6	
1059	-7.1884E-1	1.0306E2	7.8323E-1	1.7909E6	
1060	-7.2014E-1	1.0114E2	7.8787E-1	1.7931E6	
1061	-7.2769E-1	8.9930E1	7.9264E-1	1.7954E6	
1062	-7.3631E-1	7.7135E1	7.9725E-1	1.7976E6	
1063	-7.3906E-1	7.3059E1	8.0204E-1	1.7998E6	
1064	-7.4768E-1	6.0264E1	8.0669E-1	1.8020E6	
1065	-7.5256E-1	5.3018E1	8.1134E-1	1.8042E6	
1066	-7.5684E-1	4.6677E1	8.1605E-1	1.8065E6	
1067	-7.6202E-1	3.8978E1	8.2081E-1	1.8087E6	
1068	-7.7057E-1	2.6297E1	8.2551E-1	1.8109E6	
1069	-7.7209E-1	2.4032E1	8.3025E-1	1.8131E6	
1070	-7.7888E-1	1.3955E1	8.3502E-1	1.8153E6	
1071	-7.8461E-1	5.4632E0	8.3979E-1	1.8176E6	
1072	-7.8743E-1	1.2738E0	8.4451E-1	1.8198E6	
1073	-7.9651E-1	-1.2200E1	8.4935E-1	1.8220E6	
1074	-7.9872E-1	-1.5484E1	8.5410E-1	1.8242E6	
1075	-8.0101E-1	-1.8880E1	8.5884E-1	1.8264E6	
1076	-8.0605E-1	-2.6353E1	8.6365E-1	1.8287E6	
1077	-8.0978E-1	-3.1901E1	8.6842E-1	1.8309E6	
1078	-8.1337E-1	-3.7223E1	8.7330E-1	1.8331E6	
1079	-8.2108E-1	-4.8659E1	8.7812E-1	1.8353E6	
1080	-8.2619E-1	-5.6245E1	8.8299E-1	1.8375E6	
1081	-8.3252E-1	-6.5643E1	8.8778E-1	1.8398E6	
1082	-8.3244E-1	-6.5529E1	8.9258E-1	1.8420E6	
1083	-8.4061E-1	-7.7644E1	8.9746E-1	1.8442E6	
1084	-8.4541E-1	-8.4778E1	9.0232E-1	1.8464E6	
1085	-8.4625E-1	-8.6023E1	9.0730E-1	1.8486E6	
1086	-8.4877E-1	-8.9760E1	9.1209E-1	1.8509E6	
1087	-8.5495E-1	-9.8931E1	9.1694E-1	1.8531E6	
1088	-8.5831E-1	-1.0391E2	9.2189E-1	1.8553E6	
1089	-8.5930E-1	-1.0538E2	9.2664E-1	1.8575E6	
1090	-8.6334E-1	-1.1139E2	9.3159E-1	1.8597E6	
1091	-8.6273E-1	-1.1048E2	9.3650E-1	1.8620E6	
1092	-8.7029E-1	-1.2169E2	9.4130E-1	1.8642E6	
1093	-8.7234E-1	-1.2475E2	9.4630E-1	1.8664E6	
1094	-8.7173E-1	-1.2384E2	9.5120E-1	1.8686E6	
1095	-8.7601E-1	-1.3018E2	9.5619E-1	1.8708E6	
1096	-8.7463E-1	-1.2814E2	9.6119E-1	1.8731E6	
1097	-8.7761E-1	-1.3256E2	9.6603E-1	1.8753E6	
1098	-8.8219E-1	-1.3935E2	9.7104E-1	1.8775E6	
1099	-8.8593E-1	-1.4490E2	9.7599E-1	1.8797E6	
1100	-8.8188E-1	-1.3890E2	9.8091E-1	1.8819E6	
1101	-8.8608E-1	-1.4513E2	9.8581E-1	1.8842E6	
1102	-8.8120E-1	-1.3788E2	9.9097E-1	1.8864E6	
1103	-8.8448E-1	-1.4275E2	9.9585E-1	1.8886E6	
1104	-8.8104E-1	-1.3765E2	1.0009E0	1.8908E6	
1105	-8.8615E-1	-1.4524E2	1.0058E0	1.8930E6	
1106	-8.8219E-1	-1.3935E2	1.0108E0	1.8953E6	
1107	-8.8539E-1	-1.4411E2	1.0159E0	1.8975E6	
1108	-8.8326E-1	-1.4094E2	1.0209E0	1.8997E6	
1109	-8.9050E-1	-1.5169E2	1.0259E0	1.9019E6	
1110	-8.8799E-1	-1.4796E2	1.0308E0	1.9041E6	
1111	-8.8913E-1	-1.4966E2	1.0359E0	1.9064E6	
1112	-8.9287E-1	-1.5520E2	1.0410E0	1.9086E6	
1113	-8.9325E-1	-1.5577E2	1.0460E0	1.9108E6	
1114	-8.9340E-1	-1.5600E2	1.0509E0	1.9130E6	
1115	-8.9668E-1	-1.6087E2	1.0561E0	1.9152E6	
1116	-8.9523E-1	-1.5871E2	1.0612E0	1.9175E6	
1117	-8.9409E-1	-1.5702E2	1.0662E0	1.9197E6	
1118	-8.9775E-1	-1.6245E2	1.0713E0	1.9219E6	
1119	-8.9409E-1	-1.5702E2	1.0763E0	1.9241E6	
1120	-8.9836E-1	-1.6336E2	1.0813E0	1.9263E6	
1121	-8.9920E-1	-1.6460E2	1.0865E0	1.9286E6	
1122	-9.0073E-1	-1.6687E2	1.0917E0	1.9308E6	
1123	-9.0332E-1	-1.7072E2	1.0967E0	1.9330E6	
1124	-9.0302E-1	-1.7026E2	1.1018E0	1.9352E6	
1125	-9.0378E-1	-1.7140E2	1.1071E0	1.9374E6	
1126	-9.1110E-1	-1.8227E2	1.1121E0	1.9397E6	
1127	-9.0553E-1	-1.7400E2	1.1173E0	1.9419E6	
1128	-9.0988E-1	-1.8045E2	1.1224E0	1.9441E6	
1129	-9.0836E-1	-1.7819E2	1.1274E0	1.9463E6	
1130	-9.1400E-1	-1.8657E2	1.1327E0	1.9485E6	
1131	-9.0988E-1	-1.8045E2	1.1378E0	1.9508E6	
1132	-9.0981E-1	-1.8034E2	1.1429E0	1.9530E6	
1133	-9.1576E-1	-1.8917E2	1.1481E0	1.9552E6	
1134	-9.1660E-1	-1.9042E2	1.1533E0	1.9574E6	
1135	-9.1660E-1	-1.9042E2	1.1585E0	1.9596E6	
1136	-9.1385E-1	-1.8634E2	1.1636E0	1.9619E6	
1137	-9.1751E-1	-1.9178E2	1.1688E0	1.9641E6	
1138	-9.1652E-1	-1.9030E2	1.1740E0	1.9663E6	
1139	-9.1438E-1	-1.8713E2	1.1792E0	1.9685E6	
1140	-9.1057E-1	-1.8147E2	1.1844E0	1.9707E6	
1141	-9.0904E-1	-1.7921E2	1.1895E0	1.9730E6	
1142	-9.0622E-1	-1.7502E2	1.1949E0	1.9752E6	
1143	-9.0538E-1	-1.7377E2	1.2001E0	1.9774E6	
1144	-9.0416E-1	-1.7196E2	1.2052E0	1.9796E6	
1145	-9.0378E-1	-1.7140E2	1.2105E0	1.9818E6	
1146	-9.0340E-1	-1.7083E2	1.2158E0	1.9841E6	
1147	-8.9760E-1	-1.6222E2	1.2210E0	1.9863E6	
1148	-8.9157E-1	-1.5328E2	1.2263E0	1.9885E6	
1149	-8.8570E-1	-1.4456E2	1.2314E0	1.9907E6	
1150	-8.7891E-1	-1.3448E2	1.2367E0	1.9929E6	
1151	-8.6700E-1	-1.1682E2	1.2420E0	1.9952E6	
1152	-8.5747E-1	-1.0267E2	1.2472E0	1.9974E6	
1153	-8.4763E-1	-8.8061E1	1.2525E0	1.9996E6	
1154	-8.2245E-1	-5.0697E1	1.2578E0	2.0018E6	
1155	-7.8613E-1	3.1987E0	1.2632E0	2.0040E6	
1156	-7.3952E-1	7.2380E1	1.2684E0	2.0063E6	
1157	-6.9382E-1	1.4020E2	1.2736E0	2.0085E6	
1158	-6.7482E-1	1.6840E2	1.2790E0	2.0107E6	
1159	-6.6528E-1	1.8255E2	1.2843E0	2.0129E6	
1160	-6.6025E-1	1.9002E2	1.2896E0	2.0151E6	
1161	-6.6086E-1	1.8912E2	1.2950E0	2.0174E6	
1162	-6.5521E-1	1.9749E2	1.3002E0	2.0196E6	
1163	-6.5208E-1	2.0214E2	1.3056E0	2.0218E6	
1164	-6.5414E-1	1.9908E2	1.3109E0	2.0240E6	
1165	-6.5300E-1	2.0078E2	1.3162E0	2.0262E6	
1166	-6.5117E-1	2.0350E2	1.3217E0	2.0285E6	
1167	-6.5285E-1	2.0100E2	1.3270E0	2.0307E6	
1168	-6.5269E-1	2.0123E2	1.3323E0	2.0329E6	
1169	-6.5170E-1	2.0270E2	1.3377E0	2.0351E6	
1170	-6.5346E-1	2.0010E2	1.3431E0	2.0373E6	
1171	-6.5331E-1	2.0032E2	1.3484E0	2.0396E6	
1172	-6.5346E-1	2.0010E2	1.3538E0	2.0418E6	
1173	-6.5529E-1	1.9738E2	1.3592E0	2.0440E6	
1174	-6.5453E-1	1.9851E2	1.3646E0	2.0462E6	
1175	-6.5453E-1	1.9851E2	1.3700E0	2.0484E6	
1176	-6.5468E-1	1.9829E2	1.3753E0	2.0507E6	
1177	-6.5430E-1	1.9885E2	1.3807E0	2.0529E6	
1178	-6.5445E-1	1.9863E2	1.3862E0	2.0551E6	
1179	-6.5498E-1	1.9783E2	1.3916E0	2.0573E6	
1180	-6.5399E-1	1.9931E2	1.3970E0	2.0595E6	
1181	-6.5430E-1	1.9885E2	1.4024E0	2.0618E6	
1182	-6.5468E-1	1.9829E2	1.4079E0	2.0640E6	
1183	-6.5704E-1	1.9478E2	1.4133E0	2.0662E6	
1184	-6.5559E-1	1.9693E2	1.4187E0	2.0684E6	
1185	-6.5819E-1	1.9308E2	1.4242E0	2.0706E6	
1186	-6.5872E-1	1.9229E2	1.4296E0	2.0729E6	
1187	-6.5529E-1	1.9738E2	1.4351E0	2.0751E6	
1188	-6.5735E-1	1.9432E2	1.4406E0	2.0773E6	
1189	-6.5590E-1	1.9648E2	1.4460E0	2.0795E6	
1190	-6.5811E-1	1.9319E2	1.4514E0	2.0817E6	
1191	-6.5735E-1	1.9432E2	1.4570E0	2.0840E6	
1192	-6.5910E-1	1.9172E2	1.4624E0	2.0862E6	
1193	-6.5628E-1	1.9591E2	1.4680E0	2.0884E6	
1194	-6.5643E-1	1.9568E2	1.4734E0	2.0906E6	
1195	-6.5628E-1	1.9591E2	1.4790E0	2.0928E6	
1196	-6.5590E-1	1.9648E2	1.4844E0	2.0951E6	
1197	-6.5704E-1	1.9478E2	1.4899E0	2.0973E6	
1198	-6.5849E-1	1.9263E2	1.4954E0	2.0995E6	
1199	-6.5948E-1	1.9115E2	1.5009E0	2.1017E6	
1200	-6.6040E-1	1.8979E2	1.5065E0	2.1039E6	
1201	-6.5788E-1	1.9353E2	1.5120E0	2.1062E6	
1202	-6.5834E-1	1.9285E2	1.5176E0	2.1084E6	
1203	-6.5971E-1	1.9081E2	1.5231E0	2.1106E6	
1204	-6.5849E-1	1.9263E2	1.5287E0	2.1128E6	
1205	-6.5926E-1	1.9149E2	1.5342E0	2.1150E6	
1206	-6.5933E-1	1.9138E2	1.5398E0	2.1173E6	
1207	-6.5788E-1	1.9353E2	1.5453E0	2.1195E6	
1208	-6.5887E-1	1.9206E2	1.5509E0	2.1217E6	
1209	-6.5659E-1	1.9546E2	1.5564E0	2.1239E6	
1210	-6.5704E-1	1.9478E2	1.5619E0	2.1261E6	
1211	-6.6147E-1	1.8821E2	1.5677E0	2.1284E6	
1212	-6.5804E-1	1.9330E2	1.5732E0	2.1306E6	
1213	-6.6078E-1	1.8923E2	1.5788E0	2.1328E6	
1214	-6.6124E-1	1.8855E2	1.5844E0	2.1350E6	
1215	-6.5987E-1	1.9059E2	1.5900E0	2.1372E6	
1216	-6.6086E-1	1.8912E2	1.5956E0	2.1395E6	
1217	-6.6116E-1	1.8866E2	1.6011E0	2.1417E6	
1218	-6.6277E-1	1.8628E2	1.6068E0	2.1439E6	
1219	-6.5956E-1	1.9104E2	1.6125E0	2.1461E6	
1220	-6.6200E-1	1.8742E2	1.6181E0	2.1483E6	
1221	-6.6040E-1	1.8979E2	1.6237E0	2.1506E6	
1222	-6.6185E-1	1.8764E2	1.6293E0	2.1528E6	
1223	-6.6467E-1	1.8345E2	1.6350E0	2.1550E6	
1224	-6.6391E-1	1.8459E2	1.6406E0	2.1572E6	
1225	-6.6322E-1	1.8561E2	1.6463E0	2.1594E6	
1226	-6.6383E-1	1.8470E2	1.6520E0	2.1617E6	
1227	-6.6322E-1	1.8561E2	1.6575E0	2.1639E6	
1228	-6.6483E-1	1.8323E2	1.6631E0	2.1661E6	
1229	-6.6513E-1	1.8277E2	1.6689E0	2.1683E6	
1230	-6.6368E-1	1.8493E2	1.6746E0	2.1705E6	
1231	-6.6483E-1	1.8323E2	1.6802E0	2.1728E6	
1232	-6.6429E-1	1.8402E2	1.6860E0	2.1750E6	
1233	-6.6505E-1	1.8289E2	1.6917E0	2.1772E6	
1234	-6.6513E-1	1.8277E2	1.6973E0	2.1794E6	
1235	-6.6422E-1	1.8413E2	1.7032E0	2.1816E6	
1236	-6.6628E-1	1.8108E2	1.7087E0	2.1839E6	
1237	-6.6353E-1	1.8515E2	1.7145E0	2.1861E6	
1238	-6.6734E-1	1.7949E2	1.7202E0	2.1883E6	
1239	-6.6566E-1	1.8198E2	1.7259E0	2.1905E6	
1240	-6.6551E-1	1.8221E2	1.7315E0	2.1927E6	
1241	-6.6711E-1	1.7983E2	1.7374E0	2.1950E6	
1242	-6.6536E-1	1.8244E2	1.7430E0	2.1972E6	
1243	-6.6803E-1	1.7847E2	1.7487E0	2.1994E6	
1244	-6.6971E-1	1.7598E2	1.7545E0	2.2016E6	
1245	-6.6666E-1	1.8051E2	1.7603E0	2.2038E6	
1246	-6.6566E-1	1.8198E2	1.7659E0	2.2061E6	
1247	-6.6963E-1	1.7609E2	1.7718E0	2.2083E6	
1248	-6.6795E-1	1.7859E2	1.7775E0	2.2105E6	
1249	-6.6719E-1	1.7972E2	1.7832E0	2.2127E6	
1250	-6.7085E-1	1.7428E2	1.7890E0	2.2149E6	
1251	-6.6879E-1	1.7734E2	1.7949E0	2.2172E6	
1252	-6.6826E-1	1.7813E2	1.8006E0	2.2194E6	
1253	-6.6933E-1	1.7655E2	1.8064E0	2.2216E6	
1254	-6.6795E-1	1.7859E2	1.8121E0	2.2238E6	
1255	-6.6994E-1	1.7564E2	1.8180E0	2.2260E6	
1256	-6.6879E-1	1.7734E2	1.8237E0	2.2283E6	
1257	-6.6978E-1	1.7587E2	1.8295E0	2.2305E6	
1258	-6.7001E-1	1.7553E2	1.8353E0	2.2327E6	
1259	-6.7024E-1	1.7519E2	1.8411E0	2.2349E6	
1260	-6.6879E-1	1.7734E2	1.8471E0	2.2371E6	
1261	-6.7093E-1	1.7417E2	1.8527E0	2.2394E6	
1262	-6.7017E-1	1.7530E2	1.8586E0	2.2416E6	
1263	-6.7307E-1	1.7100E2	1.8644E0	2.2438E6	
1264	-6.7062E-1	1.7462E2	1.8702E0	2.2460E6	
1265	-6.7085E-1	1.7428E2	1.8761E0	2.2482E6	
1266	-6.7062E-1	1.7462E2	1.8819E0	2.2505E6	
1267	-6.7291E-1	1.7123E2	1.8877E0	2.2527E6	
1268	-6.7360E-1	1.7021E2	1.8936E0	2.2549E6	
1269	-6.7032E-1	1.7508E2	1.8994E0	2.2571E6	
1270	-6.7223E-1	1.7224E2	1.9053E0	2.2593E6	
1271	-6.7001E-1	1.7553E2	1.9111E0	2.2616E6	
1272	-6.7368E-1	1.7009E2	1.9170E0	2.2638E6	
1273	-6.7101E-1	1.7406E2	1.9229E0	2.2660E6	
1274	-6.7215E-1	1.7236E2	1.9288E0	2.2682E6	
1275	-6.7162E-1	1.7315E2	1.9347E0	2.2704E6	
1276	-6.7299E-1	1.7111E2	1.9404E0	2.2727E6	
1277	-6.7513E-1	1.6794E2	1.9463E0	2.2749E6	
1278	-6.7314E-1	1.7089E2	1.9523E0	2.2771E6	
1279	-6.7604E-1	1.6658E2	1.9583E0	2.2793E6	
1280	-6.7284E-1	1.7134E2	1.9641E0	2.2815E6	
1281	-6.7421E-1	1.6930E2	1.9701E0	2.2838E6	
1282	-6.7337E-1	1.7055E2	1.9760E0	2.2860E6	
1283	-6.7413E-1	1.6941E2	1.9818E0	2.2882E6	
1284	-6.7429E-1	1.6919E2	1.9878E0	2.2904E6	
1285	-6.7360E-1	1.7021E2	1.9937E0	2.2926E6	
1286	-6.7177E-1	1.7292E2	1.9995E0	2.2949E6	
1287	-6.7390E-1	1.6975E2	2.0055E0	2.2971E6	
1288	-6.7467E-1	1.6862E2	2.0115E0	2.2993E6	
1289	-6.7612E-1	1.6647E2	2.0173E0	2.3015E6	
1290	-6.7596E-1	1.6670E2	2.0234E0	2.3037E6	
1291	-6.7665E-1	1.6568E2	2.0293E0	2.3060E6	
1292	-6.7650E-1	1.6590E2	2.0353E0	2.3082E6	
1293	-6.7879E-1	1.6251E2	2.0413E0	2.3104E6	
1294	-6.7909E-1	1.6205E2	2.0472E0	2.3126E6	
1295	-6.7772E-1	1.6409E2	2.0532E0	2.3148E6	
1296	-6.7650E-1	1.6590E2	2.0592E0	2.3171E6	
1297	-6.7635E-1	1.6613E2	2.0651E0	2.3193E6	
1298	-6.7863E-1	1.6273E2	2.0710E0	2.3215E6	
1299	-6.7787E-1	1.6387E2	2.0771E0	2.3237E6	
1300	-6.7818E-1	1.6341E2	2.0831E0	2.3259E6	
1301	-6.7909E-1	1.6205E2	2.0891E0	2.3282E6	
1302	-6.7780E-1	1.6398E2	2.0952E0	2.3304E6	
1303	-6.7924E-1	1.6183E2	2.1011E0	2.3326E6	
1304	-6.8039E-1	1.6013E2	2.1072E0	2.3348E6	
1305	-6.7955E-1	1.6138E2	2.1131E0	2.3370E6	
1306	-6.7802E-1	1.6364E2	2.1192E0	2.3393E6	
1307	-6.7757E-1	1.6432E2	2.1252E0	2.3415E6	
1308	-6.8184E-1	1.5798E2	2.1312E0	2.3437E6	
1309	-6.7909E-1	1.6205E2	2.1373E0	2.3459E6	
1310	-6.7986E-1	1.6092E2	2.1434E0	2.3481E6	
1311	-6.8115E-1	1.5900E2	2.1494E0	2.3504E6	
1312	-6.8123E-1	1.5888E2	2.1554E0	2.3526E6	
1313	-6.8100E-1	1.5922E2	2.1616E0	2.3548E6	
1314	-6.8039E-1	1.6013E2	2.1676E0	2.3570E6	
1315	-6.8130E-1	1.5877E2	2.1736E0	2.3592E6	
1316	-6.8115E-1	1.5900E2	2.1797E0	2.3615E6	
1317	-6.8054E-1	1.5990E2	2.1857E0	2.3637E6	
1318	-6.8306E-1	1.5617E2	2.1919E0	2.3659E6	
1319	-6.8329E-1	1.5583E2	2.1980E0	2.3681E6	
1320	-6.8619E-1	1.5152E2	2.2040E0	2.3703E6	
1321	-6.8321E-1	1.5594E2	2.2101E0	2.3726E6	
1322	-6.8283E-1	1.5651E2	2.2162E0	2.3748E6	
1323	-6.8352E-1	1.5549E2	2.2224E0	2.3770E6	
1324	-6.8344E-1	1.5560E2	2.2284E0	2.3792E6	
1325	-6.8375E-1	1.5515E2	2.2346E0	2.3814E6	
1326	-6.8405E-1	1.5469E2	2.2406E0	2.3837E6	
1327	-6.8626E-1	1.5141E2	2.2468E0	2.3859E6	
1328	-6.8382E-1	1.5503E2	2.2528E0	2.3881E6	
1329	-6.8649E-1	1.5107E2	2.2590E0	2.3903E6	
1330	-6.8489E-1	1.5345E2	2.2651E0	2.3925E6	
1331	-6.8695E-1	1.5039E2	2.2713E0	2.3948E6	
1332	-6.8535E-1	1.5277E2	2.2774E0	2.3970E6	
1333	-6.8497E-1	1.5334E2	2.2836E0	2.3992E6	
1334	-6.8687E-1	1.5051E2	2.2897E0	2.4014E6	
1335	-6.8588E-1	1.5198E2	2.2958E0	2.4036E6	
1336	-6.8596E-1	1.5186E2	2.3020E0	2.4059E6	
1337	-6.8283E-1	1.5651E2	2.3082E0	2.4081E6	
1338	-6.8779E-1	1.4915E2	2.3143E0	2.4103E6	
1339	-6.8489E-1	1.5345E2	2.3205E0	2.4125E6	
1340	-6.8893E-1	1.4745E2	2.3267E0	2.4147E6	
1341	-6.8703E-1	1.5028E2	2.3329E0	2.4170E6	
1342	-6.8939E-1	1.4677E2	2.3391E0	2.4192E6	
1343	-6.8893E-1	1.4745E2	2.3453E0	2.4214E6	
1344	-6.8893E-1	1.4745E2	2.3515E0	2.4236E6	
1345	-6.8893E-1	1.4745E2	2.3577E0	2.4258E6	
1346	-6.8886E-1	1.4756E2	2.3638E0	2.4281E6	
1347	-6.9046E-1	1.4518E2	2.3701E0	2.4303E6	
1348	-6.8810E-1	1.4869E2	2.3763E0	2.4325E6	
1349	-6.9122E-1	1.4405E2	2.3825E0	2.4347E6	
1350	-6.8993E-1	1.4598E2	2.3887E0	2.4369E6	
1351	-6.9099E-1	1.4439E2	2.3950E0	2.4392E6	
1352	-6.8825E-1	1.4847E2	2.4012E0	2.4414E6	
1353	-6.8993E-1	1.4598E2	2.4074E0	2.4436E6	
1354	-6.9016E-1	1.4564E2	2.4137E0	2.4458E6	
1355	-6.9023E-1	1.4552E2	2.4199E0	2.4480E6	
1356	-6.8924E-1	1.4700E2	2.4262E0	2.4503E6	
1357	-6.8932E-1	1.4688E2	2.4324E0	2.4525E6	
1358	-6.9084E-1	1.4462E2	2.4386E0	2.4547E6	
1359	-6.8893E-1	1.4745E2	2.4450E0	2.4569E6	
1360	-6.8909E-1	1.4722E2	2.4512E0	2.4591E6	
1361	-6.8848E-1	1.4813E2	2.4575E0	2.4614E6	
1362	-6.9069E-1	1.4484E2	2.4638E0	2.4636E6	
1363	-6.9054E-1	1.4507E2	2.4701E0	2.4658E6	
1364	-6.9237E-1	1.4235E2	2.4764E0	2.4680E6	
1365	-6.8924E-1	1.4700E2	2.4827E0	2.4702E6	
1366	-6.9107E-1	1.4428E2	2.4890E0	2.4725E6	
1367	-6.9458E-1	1.3907E2	2.4952E0	2.4747E6	
1368	-6.8916E-1	1.4711E2	2.5015E0	2.4769E6	
1369	-6.9107E-1	1.4428E2	2.5078E0	2.4791E6	
1370	-6.9191E-1	1.4303E2	2.5142E0	2.4813E6	
1371	-6.9298E-1	1.4145E2	2.5205E0	2.4836E6	
1372	-6.9237E-1	1.4235E2	2.5268E0	2.4858E6	
1373	-6.9260E-1	1.4201E2	2.5332E0	2.4880E6	
1374	-6.9298E-1	1.4145E2	2.5395E0	2.4902E6	
1375	-6.9443E-1	1.3930E2	2.5458E0	2.4924E6	
1376	-6.9153E-1	1.4360E2	2.5521E0	2.4947E6	
1377	-6.9565E-1	1.3748E2	2.5585E0	2.4969E6	
1378	-6.9458E-1	1.3907E2	2.5649E0	2.4991E6	
1379	-6.9565E-1	1.3748E2	2.5713E0	2.5013E6	
1380	-6.9626E-1	1.3658E2	2.5775E0	2.5035E6	
1381	-6.9633E-1	1.3647E2	2.5840E0	2.5058E6	
1382	-6.9695E-1	1.3556E2	2.5903E0	2.5080E6	
1383	-6.9450E-1	1.3918E2	2.5967E0	2.5102E6	
1384	-6.9710E-1	1.3533E2	2.6030E0	2.5124E6	
1385	-6.9641E-1	1.3635E2	2.6095E0	2.5146E6	
1386	-6.9565E-1	1.3748E2	2.6157E0	2.5169E6	
1387	-6.9481E-1	1.3873E2	2.6222E0	2.5191E6	
1388	-6.9649E-1	1.3624E2	2.6286E0	2.5213E6	
1389	-6.9626E-1	1.3658E2	2.6350E0	2.5235E6	
1390	-6.9946E-1	1.3182E2	2.6414E0	2.5257E6	
1391	-6.9641E-1	1.3635E2	2.6478E0	2.5280E6	
1392	-6.9656E-1	1.3613E2	2.6543E0	2.5302E6	
1393	-6.9984E-1	1.3126E2	2.6607E0	2.5324E6	
1394	-6.9824E-1	1.3363E2	2.6671E0	2.5346E6	
1395	-6.9817E-1	1.3375E2	2.6734E0	2.5368E6	
1396	-6.9923E-1	1.3216E2	2.6800E0	2.5391E6	
1397	-6.9946E-1	1.3182E2	2.6864E0	2.5413E6	
1398	-6.9885E-1	1.3273E2	2.6927E0	2.5435E6	
1399	-7.0137E-1	1.2899E2	2.6993E0	2.5457E6	
1400	-6.9977E-1	1.3137E2	2.7056E0	2.5479E6	
1401	-7.0084E-1	1.2979E2	2.7122E0	2.5502E6	
1402	-7.0045E-1	1.3035E2	2.7186E0	2.5524E6	
1403	-7.0305E-1	1.2650E2	2.7252E0	2.5546E6	
1404	-6.9939E-1	1.3194E2	2.7315E0	2.5568E6	
1405	-7.0183E-1	1.2831E2	2.7380E0	2.5590E6	
1406	-7.0030E-1	1.3058E2	2.7444E0	2.5613E6	
1407	-7.0084E-1	1.2979E2	2.7510E0	2.5635E6	
1408	-7.0129E-1	1.2911E2	2.7573E0	2.5657E6	
1409	-7.0175E-1	1.2843E2	2.7639E0	2.5679E6	
1410	-7.0175E-1	1.2843E2	2.7705E0	2.5701E6	
1411	-7.0122E-1	1.2922E2	2.7769E0	2.5724E6	
1412	-7.0183E-1	1.2831E2	2.7834E0	2.5746E6	
1413	-7.0007E-1	1.3092E2	2.7899E0	2.5768E6	
1414	-7.0343E-1	1.2594E2	2.7964E0	2.5790E6	
1415	-7.0251E-1	1.2729E2	2.8030E0	2.5812E6	
1416	-7.0267E-1	1.2707E2	2.8093E0	2.5835E6	
1417	-7.0396E-1	1.2514E2	2.8159E0	2.5857E6	
1418	-7.0526E-1	1.2322E2	2.8225E0	2.5879E6	
1419	-7.0419E-1	1.2480E2	2.8290E0	2.5901E6	
1420	-7.0457E-1	1.2424E2	2.8356E0	2.5923E6	
1421	-7.0236E-1	1.2752E2	2.8421E0	2.5946E6	
1422	-7.0480E-1	1.2390E2	2.8486E0	2.5968E6	
1423	-7.0259E-1	1.2718E2	2.8552E0	2.5990E6	
1424	-7.0358E-1	1.2571E2	2.8617E0	2.6012E6	
1425	-7.0297E-1	1.2661E2	2.8682E0	2.6034E6	
1426	-7.0328E-1	1.2616E2	2.8749E0	2.6057E6	
1427	-7.0457E-1	1.2424E2	2.8814E0	2.6079E6	
1428	-7.0221E-1	1.2775E2	2.8879E0	2.6101E6	
1429	-7.0457E-1	1.2424E2	2.8945E0	2.6123E6	
1430	-7.0457E-1	1.2424E2	2.9011E0	2.6145E6	
1431	-7.0450E-1	1.2435E2	2.9077E0	2.6168E6	
1432	-7.0511E-1	1.2344E2	2.9142E0	2.6190E6	
1433	-7.0465E-1	1.2412E2	2.9209E0	2.6212E6	
1434	-7.0549E-1	1.2288E2	2.9274E0	2.6234E6	
1435	-7.0518E-1	1.2333E2	2.9340E0	2.6256E6	
1436	-7.0625E-1	1.2175E2	2.9406E0	2.6279E6	
1437	-7.0633E-1	1.2163E2	2.9473E0	2.6301E6	
1438	-7.0709E-1	1.2050E2	2.9539E0	2.6323E6	
1439	-7.0740E-1	1.2005E2	2.9605E0	2.6345E6	
1440	-7.0618E-1	1.2186E2	2.9671E0	2.6367E6	
1441	-7.0633E-1	1.2163E2	2.9737E0	2.6390E6	
1442	-7.0763E-1	1.1971E2	2.9802E0	2.6412E6	
1443	-7.0679E-1	1.2095E2	2.9869E0	2.6434E6	
1444	-7.0618E-1	1.2186E2	2.9935E0	2.6456E6	
1445	-7.0740E-1	1.2005E2	3.0002E0	2.6478E6	
1446	-7.0969E-1	1.1665E2	3.0069E0	2.6501E6	
1447	-7.1068E-1	1.1518E2	3.0136E0	2.6523E6	
1448	-7.0724E-1	1.2027E2	3.0202E0	2.6545E6	
1449	-7.0816E-1	1.1892E2	3.0269E0	2.6567E6	
1450	-7.0930E-1	1.1722E2	3.0335E0	2.6589E6	
1451	-7.0900E-1	1.1767E2	3.0402E0	2.6612E6	
1452	-7.1075E-1	1.1507E2	3.0468E0	2.6634E6	
1453	-7.0854E-1	1.1835E2	3.0536E0	2.6656E6	
1454	-7.0984E-1	1.1642E2	3.0602E0	2.6678E6	
1455	-7.1159E-1	1.1382E2	3.0669E0	2.6700E6	
1456	-7.1014E-1	1.1597E2	3.0735E0	2.6723E6	
1457	-7.1388E-1	1.1042E2	3.0802E0	2.6745E6	
1458	-7.1175E-1	1.1359E2	3.0870E0	2.6767E6	
1459	-7.0969E-1	1.1665E2	3.0936E0	2.6789E6	
1460	-7.1106E-1	1.1461E2	3.1003E0	2.6811E6	
1461	-7.1243E-1	1.1257E2	3.1071E0	2.6834E6	
1462	-7.1541E-1	1.0816E2	3.1137E0	2.6856E6	
1463	-7.1381E-1	1.1054E2	3.1205E0	2.6878E6	
1464	-7.1236E-1	1.1269E2	3.1272E0	2.6900E6	
1465	-7.1411E-1	1.1008E2	3.1340E0	2.6922E6	
1466	-7.1220E-1	1.1291E2	3.1405E0	2.6945E6	
1467	-7.1404E-1	1.1020E2	3.1473E0	2.6967E6	
1468	-7.1396E-1	1.1031E2	3.1540E0	2.6989E6	
1469	-7.1526E-1	1.0839E2	3.1608E0	2.7011E6	
1470	-7.1716E-1	1.0555E2	3.1675E0	2.7033E6	
1471	-7.1625E-1	1.0691E2	3.1743E0	2.7056E6	
1472	-7.1213E-1	1.1303E2	3.1811E0	2.7078E6	
1473	-7.1602E-1	1.0725E2	3.1878E0	2.7100E6	
1474	-7.1815E-1	1.0408E2	3.1946E0	2.7122E6	
1475	-7.1526E-1	1.0839E2	3.2013E0	2.7144E6	
1476	-7.1548E-1	1.0805E2	3.2081E0	2.7167E6	
1477	-7.1564E-1	1.0782E2	3.2148E0	2.7189E6	
1478	-7.1625E-1	1.0691E2	3.2216E0	2.7211E6	
1479	-7.1571E-1	1.0771E2	3.2284E0	2.7233E6	
1480	-7.1419E-1	1.0997E2	3.2351E0	2.7255E6	
1481	-7.1503E-1	1.0873E2	3.2419E0	2.7278E6	
1482	-7.1472E-1	1.0918E2	3.2487E0	2.7300E6	
1483	-7.1762E-1	1.0488E2	3.2555E0	2.7322E6	
1484	-7.1831E-1	1.0386E2	3.2622E0	2.7344E6	
1485	-7.1785E-1	1.0454E2	3.2690E0	2.7366E6	
1486	-7.1770E-1	1.0476E2	3.2759E0	2.7389E6	
1487	-7.1831E-1	1.0386E2	3.2826E0	2.7411E6	
1488	-7.1640E-1	1.0669E2	3.2895E0	2.7433E6	
1489	-7.1861E-1	1.0340E2	3.2963E0	2.7455E6	
1490	-7.1930E-1	1.0238E2	3.3031E0	2.7477E6	
1491	-7.1838E-1	1.0374E2	3.3099E0	2.7500E6	
1492	-7.1815E-1	1.0408E2	3.3167E0	2.7522E6	
1493	-7.1724E-1	1.0544E2	3.3236E0	2.7544E6	
1494	-7.1999E-1	1.0137E2	3.3304E0	2.7566E6	
1495	-7.1732E-1	1.0533E2	3.3372E0	2.7588E6	
1496	-7.1747E-1	1.0510E2	3.3440E0	2.7611E6	
1497	-7.1968E-1	1.0182E2	3.3509E0	2.7633E6	
1498	-7.2227E-1	9.7969E1	3.3578E0	2.7655E6	
1499	-7.1831E-1	1.0386E2	3.3647E0	2.7677E6	
1500	-7.2052E-1	1.0057E2	3.3714E0	2.7699E6	
1501	-7.1976E-1	1.0171E2	3.3783E0	2.7722E6	
1502	-7.2067E-1	1.0035E2	3.3853E0	2.7744E6	
1503	-7.2075E-1	1.0023E2	3.3921E0	2.7766E6	
1504	-7.2105E-1	9.9780E1	3.3990E0	2.7788E6	
1505	-7.1968E-1	1.0182E2	3.4058E0	2.7810E6	
1506	-7.2182E-1	9.8648E1	3.4127E0	2.7833E6	
1507	-7.1892E-1	1.0295E2	3.4196E0	2.7855E6	
1508	-7.2098E-1	9.9893E1	3.4265E0	2.7877E6	
1509	-7.2037E-1	1.0080E2	3.4335E0	2.7899E6	
1510	-7.2334E-1	9.6383E1	3.4403E0	2.7921E6	
1511	-7.2220E-1	9.8082E1	3.4473E0	2.7944E6	
1512	-7.2319E-1	9.6610E1	3.4540E0	2.7966E6	
1513	-7.2220E-1	9.8082E1	3.4610E0	2.7988E6	
1514	-7.2327E-1	9.6497E1	3.4679E0	2.8010E6	
1515	-7.2418E-1	9.5138E1	3.4749E0	2.8032E6	
1516	-7.2685E-1	9.1175E1	3.4818E0	2.8055E6	
1517	-7.2586E-1	9.2647E1	3.4886E0	2.8077E6	
1518	-7.2182E-1	9.8648E1	3.4956E0	2.8099E6	
1519	-7.2525E-1	9.3553E1	3.5026E0	2.8121E6	
1520	-7.2571E-1	9.2873E1	3.5095E0	2.8143E6	
1521	-7.2632E-1	9.1968E1	3.5164E0	2.8166E6	
1522	-7.2327E-1	9.6497E1	3.5233E0	2.8188E6	
1523	-7.2594E-1	9.2534E1	3.5302E0	2.8210E6	
1524	-7.2617E-1	9.2194E1	3.5371E0	2.8232E6	
1525	-7.2701E-1	9.0949E1	3.5441E0	2.8254E6	
1526	-7.2609E-1	9.2307E1	3.5511E0	2.8277E6	
1527	-7.2838E-1	8.8911E1	3.5580E0	2.8299E6	
1528	-7.2693E-1	9.1062E1	3.5650E0	2.8321E6	
1529	-7.2739E-1	9.0382E1	3.5720E0	2.8343E6	
1530	-7.2739E-1	9.0382E1	3.5789E0	2.8365E6	
1531	-7.2815E-1	8.9250E1	3.5859E0	2.8388E6	
1532	-7.2792E-1	8.9590E1	3.5929E0	2.8410E6	
1533	-7.2754E-1	9.0156E1	3.5998E0	2.8432E6	
1534	-7.2754E-1	9.0156E1	3.6068E0	2.8454E6	
1535	-7.2838E-1	8.8911E1	3.6139E0	2.8476E6	
1536	-7.2670E-1	9.1402E1	3.6209E0	2.8499E6	
1537	-7.3029E-1	8.6080E1	3.6279E0	2.8521E6	
1538	-7.2960E-1	8.7099E1	3.6349E0	2.8543E6	
1539	-7.2960E-1	8.7099E1	3.6419E0	2.8565E6	
1540	-7.2945E-1	8.7325E1	3.6489E0	2.8587E6	
1541	-7.2838E-1	8.8911E1	3.6559E0	2.8610E6	
1542	-7.3120E-1	8.4721E1	3.6629E0	2.8632E6	
1543	-7.3174E-1	8.3929E1	3.6700E0	2.8654E6	
1544	-7.3067E-1	8.5514E1	3.6769E0	2.8676E6	
1545	-7.3341E-1	8.1438E1	3.6839E0	2.8698E6	
1546	-7.2990E-1	8.6646E1	3.6910E0	2.8721E6	
1547	-7.2914E-1	8.7778E1	3.6981E0	2.8743E6	
1548	-7.2990E-1	8.6646E1	3.7050E0	2.8765E6	
1549	-7.3143E-1	8.4382E1	3.7122E0	2.8787E6	
1550	-7.3067E-1	8.5514E1	3.7191E0	2.8809E6	
1551	-7.2952E-1	8.7212E1	3.7262E0	2.8832E6	
1552	-7.3395E-1	8.0645E1	3.7332E0	2.8854E6	
1553	-7.3174E-1	8.3929E1	3.7403E0	2.8876E6	
1554	-7.3082E-1	8.5287E1	3.7473E0	2.8898E6	
1555	-7.3067E-1	8.5514E1	3.7544E0	2.8920E6	
1556	-7.3280E-1	8.2343E1	3.7614E0	2.8943E6	
1557	-7.3112E-1	8.4834E1	3.7685E0	2.8965E6	
1558	-7.3181E-1	8.3815E1	3.7756E0	2.8987E6	
1559	-7.3166E-1	8.4042E1	3.7826E0	2.9009E6	
1560	-7.3387E-1	8.0758E1	3.7898E0	2.9031E6	
1561	-7.3311E-1	8.1891E1	3.7969E0	2.9054E6	
1562	-7.3586E-1	7.7814E1	3.8040E0	2.9076E6	
1563	-7.3372E-1	8.0985E1	3.8111E0	2.9098E6	
1564	-7.3341E-1	8.1438E1	3.8181E0	2.9120E6	
1565	-7.3311E-1	8.1891E1	3.8253E0	2.9142E6	
1566	-7.3425E-1	8.0192E1	3.8323E0	2.9165E6	
1567	-7.3479E-1	7.9400E1	3.8395E0	2.9187E6	
1568	-7.3471E-1	7.9513E1	3.8466E0	2.9209E6	
1569	-7.3456E-1	7.9739E1	3.8537E0	2.9231E6	
1570	-7.3486E-1	7.9286E1	3.8608E0	2.9253E6	
1571	-7.3616E-1	7.7362E1	3.8680E0	2.9276E6	
1572	-7.3669E-1	7.6569E1	3.8751E0	2.9298E6	
1573	-7.3669E-1	7.6569E1	3.8821E0	2.9320E6	
1574	-7.3586E-1	7.7814E1	3.8893E0	2.9342E6	
1575	-7.3654E-1	7.6795E1	3.8964E0	2.9364E6	
1576	-7.3792E-1	7.4757E1	3.9036E0	2.9387E6	
1577	-7.3563E-1	7.8154E1	3.9107E0	2.9409E6	
1578	-7.3753E-1	7.5323E1	3.9178E0	2.9431E6	
1579	-7.3845E-1	7.3965E1	3.9249E0	2.9453E6	
1580	-7.3746E-1	7.5437E1	3.9322E0	2.9475E6	
1581	-7.3776E-1	7.4984E1	3.9393E0	2.9498E6	
1582	-7.3723E-1	7.5776E1	3.9465E0	2.9520E6	
1583	-7.4150E-1	6.9436E1	3.9537E0	2.9542E6	
1584	-7.3997E-1	7.1700E1	3.9608E0	2.9564E6	
1585	-7.4127E-1	6.9775E1	3.9680E0	2.9586E6	
1586	-7.4097E-1	7.0228E1	3.9750E0	2.9609E6	
1587	-7.3936E-1	7.2606E1	3.9824E0	2.9631E6	
1588	-7.3860E-1	7.3738E1	3.9895E0	2.9653E6	
1589	-7.4066E-1	7.0681E1	3.9967E0	2.9675E6	
1590	-7.4181E-1	6.8983E1	4.0038E0	2.9697E6	
1591	-7.3967E-1	7.2153E1	4.0111E0	2.9720E6	
1592	-7.4219E-1	6.8417E1	4.0182E0	2.9742E6	
1593	-7.4066E-1	7.0681E1	4.0253E0	2.9764E6	
1594	-7.4409E-1	6.5586E1	4.0325E0	2.9786E6	
1595	-7.4089E-1	7.0342E1	4.0399E0	2.9808E6	
1596	-7.4242E-1	6.8077E1	4.0471E0	2.9831E6	
1597	-7.4181E-1	6.8983E1	4.0542E0	2.9853E6	
1598	-7.4455E-1	6.4907E1	4.0615E0	2.9875E6	
1599	-7.4364E-1	6.6265E1	4.0687E0	2.9897E6	
1600	-7.4303E-1	6.7171E1	4.0759E0	2.9919E6	
1601	-7.4303E-1	6.7171E1	4.0832E0	2.9942E6	
1602	-7.4295E-1	6.7284E1	4.0904E0	2.9964E6	
1603	-7.4455E-1	6.4907E1	4.0976E0	2.9986E6	
1604	-7.4348E-1	6.6492E1	4.1048E0	3.0008E6	
1605	-7.4158E-1	6.9323E1	4.1120E0	3.0030E6	
1606	-7.4326E-1	6.6832E1	4.1193E0	3.0053E6	
1607	-7.4310E-1	6.7058E1	4.1266E0	3.0075E6	
1608	-7.4371E-1	6.6152E1	4.1338E0	3.0097E6	
1609	-7.4265E-1	6.7737E1	4.1410E0	3.0119E6	
1610	-7.4402E-1	6.5699E1	4.1483E0	3.0141E6	
1611	-7.4333E-1	6.6718E1	4.1556E0	3.0164E6	
1612	-7.4539E-1	6.3661E1	4.1628E0	3.0186E6	
1613	-7.4524E-1	6.3888E1	4.1701E0	3.0208E6	
1614	-7.4516E-1	6.4001E1	4.1774E0	3.0230E6	
1615	-7.4715E-1	6.1057E1	4.1847E0	3.0252E6	
1616	-7.4547E-1	6.3548E1	4.1919E0	3.0275E6	
1617	-7.4585E-1	6.2982E1	4.1992E0	3.0297E6	
1618	-7.4394E-1	6.5813E1	4.2064E0	3.0319E6	
1619	-7.4692E-1	6.1397E1	4.2136E0	3.0341E6	
1620	-7.4493E-1	6.4341E1	4.2210E0	3.0363E6	
1621	-7.4654E-1	6.1963E1	4.2283E0	3.0386E6	
1622	-7.4615E-1	6.2529E1	4.2356E0	3.0408E6	
1623	-7.4524E-1	6.3888E1	4.2428E0	3.0430E6	
1624	-7.4570E-1	6.3208E1	4.2502E0	3.0452E6	
1625	-7.4738E-1	6.0717E1	4.2576E0	3.0474E6	
1626	-7.4936E-1	5.7773E1	4.2649E0	3.0497E6	
1627	-7.4783E-1	6.0038E1	4.2722E0	3.0519E6	
1628	-7.5104E-1	5.5283E1	4.2794E0	3.0541E6	
1629	-7.4791E-1	5.9925E1	4.2868E0	3.0563E6	
1630	-7.4875E-1	5.8679E1	4.2940E0	3.0585E6	
1631	-7.4951E-1	5.7547E1	4.3015E0	3.0608E6	
1632	-7.4860E-1	5.8906E1	4.3086E0	3.0630E6	
1633	-7.5005E-1	5.6754E1	4.3161E0	3.0652E6	
1634	-7.4944E-1	5.7660E1	4.3233E0	3.0674E6	
1635	-7.5089E-1	5.5509E1	4.3307E0	3.0696E6	
1636	-7.5012E-1	5.6641E1	4.3380E0	3.0719E6	
1637	-7.4974E-1	5.7207E1	4.3454E0	3.0741E6	
1638	-7.5203E-1	5.3811E1	4.3528E0	3.0763E6	
1639	-7.5233E-1	5.3358E1	4.3600E0	3.0785E6	
1640	-7.5066E-1	5.5849E1	4.3674E0	3.0807E6	
1641	-7.5134E-1	5.4830E1	4.3747E0	3.0830E6	
1642	-7.5066E-1	5.5849E1	4.3821E0	3.0852E6	
1643	-7.5089E-1	5.5509E1	4.3893E0	3.0874E6	
1644	-7.4997E-1	5.6868E1	4.3968E0	3.0896E6	
1645	-7.5264E-1	5.2905E1	4.4042E0	3.0918E6	
1646	-7.5218E-1	5.3584E1	4.4116E0	3.0941E6	
1647	-7.5470E-1	4.9848E1	4.4189E0	3.0963E6	
1648	-7.5478E-1	4.9734E1	4.4264E0	3.0985E6	
1649	-7.5371E-1	5.1320E1	4.4336E0	3.1007E6	
1650	-7.5218E-1	5.3584E1	4.4410E0	3.1029E6	
1651	-7.5424E-1	5.0527E1	4.4484E0	3.1052E6	
1652	-7.5554E-1	4.8602E1	4.4558E0	3.1074E6	
1653	-7.5363E-1	5.1433E1	4.4632E0	3.1096E6	
1654	-7.5401E-1	5.0867E1	4.4706E0	3.1118E6	
1655	-7.5607E-1	4.7810E1	4.4780E0	3.1140E6	
1656	-7.5531E-1	4.8942E1	4.4854E0	3.1163E6	
1657	-7.5562E-1	4.8489E1	4.4927E0	3.1185E6	
1658	-7.5653E-1	4.7130E1	4.5001E0	3.1207E6	
1659	-7.5630E-1	4.7470E1	4.5075E0	3.1229E6	
1660	-7.5684E-1	4.6677E1	4.5150E0	3.1251E6	
1661	-7.5905E-1	4.3394E1	4.5223E0	3.1274E6	
1662	-7.5638E-1	4.7357E1	4.5298E0	3.1296E6	
1663	-7.5623E-1	4.7583E1	4.5372E0	3.1318E6	
1664	-7.5897E-1	4.3507E1	4.5445E0	3.1340E6	
1665	-7.5661E-1	4.7017E1	4.5520E0	3.1362E6	
1666	-7.6042E-1	4.1356E1	4.5593E0	3.1385E6	
1667	-7.5844E-1	4.4300E1	4.5668E0	3.1407E6	
1668	-7.5539E-1	4.8829E1	4.5743E0	3.1429E6	
1669	-7.5981E-1	4.2262E1	4.5818E0	3.1451E6	
1670	-7.5867E-1	4.3960E1	4.5891E0	3.1473E6	
1671	-7.5775E-1	4.5319E1	4.5966E0	3.1496E6	
1672	-7.5951E-1	4.2714E1	4.6039E0	3.1518E6	
1673	-7.5851E-1	4.4186E1	4.6114E0	3.1540E6	
1674	-7.5829E-1	4.4526E1	4.6188E0	3.1562E6	
1675	-7.6141E-1	3.9884E1	4.6262E0	3.1584E6	
1676	-7.5821E-1	4.4639E1	4.6337E0	3.1607E6	
1677	-7.6126E-1	4.0110E1	4.6410E0	3.1629E6	
1678	-7.5958E-1	4.2601E1	4.6485E0	3.1651E6	
1679	-7.6172E-1	3.9431E1	4.6560E0	3.1673E6	
1680	-7.6241E-1	3.8412E1	4.6634E0	3.1695E6	
1681	-7.6035E-1	4.1469E1	4.6709E0	3.1718E6	
1682	-7.6149E-1	3.9771E1	4.6784E0	3.1740E6	
1683	-7.6172E-1	3.9431E1	4.6859E0	3.1762E6	
1684	-7.6385E-1	3.6261E1	4.6932E0	3.1784E6	
1685	-7.6118E-1	4.0223E1	4.7007E0	3.1806E6	
1686	-7.6195E-1	3.9091E1	4.7081E0	3.1829E6	
1687	-7.6019E-1	4.1695E1	4.7157E0	3.1851E6	
1688	-7.6111E-1	4.0337E1	4.7230E0	3.1873E6	
1689	-7.6042E-1	4.1356E1	4.7305E0	3.1895E6	
1690	-7.6302E-1	3.7506E1	4.7381E0	3.1917E6	
1691	-7.6355E-1	3.6714E1	4.7455E0	3.1940E6	
1692	-7.6271E-1	3.7959E1	4.7530E0	3.1962E6	
1693	-7.6332E-1	3.7053E1	4.7604E0	3.1984E6	
1694	-7.6355E-1	3.6714E1	4.7679E0	3.2006E6	
1695	-7.6302E-1	3.7506E1	4.7753E0	3.2028E6	
1696	-7.6454E-1	3.5242E1	4.7827E0	3.2051E6	
1697	-7.6248E-1	3.8299E1	4.7903E0	3.2073E6	
1698	-7.6576E-1	3.3430E1	4.7978E0	3.2095E6	
1699	-7.6576E-1	3.3430E1	4.8051E0	3.2117E6	
1700	-7.6355E-1	3.6714E1	4.8126E0	3.2139E6	
1701	-7.6500E-1	3.4562E1	4.8201E0	3.2162E6	
1702	-7.6523E-1	3.4223E1	4.8277E0	3.2184E6	
1703	-7.6698E-1	3.1618E1	4.8351E0	3.2206E6	
1704	-7.6637E-1	3.2524E1	4.8426E0	3.2228E6	
1705	-7.6591E-1	3.3204E1	4.8501E0	3.2250E6	
1706	-7.6767E-1	3.0599E1	4.8577E0	3.2273E6	
1707	-7.6515E-1	3.4336E1	4.8651E0	3.2295E6	
1708	-7.6637E-1	3.2524E1	4.8725E0	3.2317E6	
1709	-7.6942E-1	2.7995E1	4.8801E0	3.2339E6	
1710	-7.6813E-1	2.9920E1	4.8876E0	3.2361E6	
1711	-7.7003E-1	2.7089E1	4.8950E0	3.2384E6	
1712	-7.7034E-1	2.6636E1	4.9027E0	3.2406E6	
1713	-7.6988E-1	2.7316E1	4.9101E0	3.2428E6	
1714	-7.6904E-1	2.8561E1	4.9176E0	3.2450E6	
1715	-7.6965E-1	2.7655E1	4.9252E0	3.2472E6	
1716	-7.7026E-1	2.6750E1	4.9326E0	3.2495E6	
1717	-7.7286E-1	2.2900E1	4.9401E0	3.2517E6	
1718	-7.6981E-1	2.7429E1	4.9476E0	3.2539E6	
1719	-7.7209E-1	2.4032E1	4.9552E0	3.2561E6	
1720	-7.7171E-1	2.4598E1	4.9627E0	3.2583E6	
1721	-7.7194E-1	2.4259E1	4.9703E0	3.2606E6	
1722	-7.7141E-1	2.5051E1	4.9778E0	3.2628E6	
1723	-7.7057E-1	2.6297E1	4.9854E0	3.2650E6	
1724	-7.7271E-1	2.3126E1	4.9928E0	3.2672E6	
1725	-7.7049E-1	2.6410E1	5.0003E0	3.2694E6	
1726	-7.7072E-1	2.6070E1	5.0078E0	3.2717E6	
1727	-7.7202E-1	2.4145E1	5.0153E0	3.2739E6	
1728	-7.7103E-1	2.5617E1	5.0229E0	3.2761E6	
1729	-7.7118E-1	2.5391E1	5.0304E0	3.2783E6	
1730	-7.7454E-1	2.0409E1	5.0379E0	3.2805E6	
1731	-7.7164E-1	2.4712E1	5.0455E0	3.2828E6	
1732	-7.7477E-1	2.0069E1	5.0530E0	3.2850E6	
1733	-7.7271E-1	2.3126E1	5.0605E0	3.2872E6	
1734	-7.7248E-1	2.3466E1	5.0681E0	3.2894E6	
1735	-7.7240E-1	2.3579E1	5.0756E0	3.2916E6	
1736	-7.7744E-1	1.6106E1	5.0831E0	3.2939E6	
1737	-7.7347E-1	2.1994E1	5.0906E0	3.2961E6	
1738	-7.7438E-1	2.0635E1	5.0983E0	3.2983E6	
1739	-7.7576E-1	1.8597E1	5.1057E0	3.3005E6	
1740	-7.7370E-1	2.1654E1	5.1133E0	3.3027E6	
1741	-7.7431E-1	2.0749E1	5.1209E0	3.3050E6	
1742	-7.7538E-1	1.9164E1	5.1284E0	3.3072E6	
1743	-7.7713E-1	1.6559E1	5.1360E0	3.3094E6	
1744	-7.7682E-1	1.7012E1	5.1435E0	3.3116E6	
1745	-7.8087E-1	1.1011E1	5.1510E0	3.3138E6	
1746	-7.7675E-1	1.7125E1	5.1586E0	3.3161E6	
1747	-7.7698E-1	1.6786E1	5.1661E0	3.3183E6	
1748	-7.7690E-1	1.6899E1	5.1738E0	3.3205E6	
1749	-7.7789E-1	1.5427E1	5.1812E0	3.3227E6	
1750	-7.7888E-1	1.3955E1	5.1889E0	3.3249E6	
1751	-7.7843E-1	1.4634E1	5.1964E0	3.3272E6	
1752	-7.7698E-1	1.6786E1	5.2040E0	3.3294E6	
1753	-7.7660E-1	1.7352E1	5.2115E0	3.3316E6	
1754	-7.7492E-1	1.9843E1	5.2191E0	3.3338E6	
1755	-7.7972E-1	1.2710E1	5.2267E0	3.3360E6	
1756	-7.7896E-1	1.3842E1	5.2342E0	3.3383E6	
1757	-7.7980E-1	1.2596E1	5.2416E0	3.3405E6	
1758	-7.7888E-1	1.3955E1	5.2493E0	3.3427E6	
1759	-7.7881E-1	1.4068E1	5.2568E0	3.3449E6	
1760	-7.8201E-1	9.3129E0	5.2644E0	3.3471E6	
1761	-7.8011E-1	1.2144E1	5.2721E0	3.3494E6	
1762	-7.7904E-1	1.3729E1	5.2795E0	3.3516E6	
1763	-7.8018E-1	1.2030E1	5.2871E0	3.3538E6	
1764	-7.8140E-1	1.0219E1	5.2946E0	3.3560E6	
1765	-7.8194E-1	9.4261E0	5.3022E0	3.3582E6	
1766	-7.8140E-1	1.0219E1	5.3097E0	3.3605E6	
1767	-7.8094E-1	1.0898E1	5.3173E0	3.3627E6	
1768	-7.8308E-1	7.7277E0	5.3248E0	3.3649E6	
1769	-7.8209E-1	9.1996E0	5.3324E0	3.3671E6	
1770	-7.8514E-1	4.6706E0	5.3400E0	3.3693E6	
1771	-7.8430E-1	5.9161E0	5.3476E0	3.3716E6	
1772	-7.8423E-1	6.0293E0	5.3550E0	3.3738E6	
1773	-7.8377E-1	6.7087E0	5.3626E0	3.3760E6	
1774	-7.8682E-1	2.1797E0	5.3702E0	3.3782E6	
1775	-7.8423E-1	6.0293E0	5.3777E0	3.3804E6	
1776	-7.8407E-1	6.2558E0	5.3852E0	3.3827E6	
1777	-7.8651E-1	2.6326E0	5.3929E0	3.3849E6	
1778	-7.8323E-1	7.5013E0	5.4003E0	3.3871E6	
1779	-7.8522E-1	4.5574E0	5.4080E0	3.3893E6	
1780	-7.8659E-1	2.5193E0	5.4155E0	3.3915E6	
1781	-7.8377E-1	6.7087E0	5.4230E0	3.3938E6	
1782	-7.8468E-1	5.3500E0	5.4307E0	3.3960E6	
1783	-7.8667E-1	2.4061E0	5.4382E0	3.3982E6	
1784	-7.8629E-1	2.9722E0	5.4458E0	3.4004E6	
1785	-7.8606E-1	3.3119E0	5.4534E0	3.4026E6	
1786	-7.8896E-1	-9.9067E-1	5.4608E0	3.4049E6	
1787	-7.8735E-1	1.3871E0	5.4684E0	3.4071E6	
1788	-7.8979E-1	-2.2362E0	5.4760E0	3.4093E6	
1789	-7.8644E-1	2.7458E0	5.4836E0	3.4115E6	
1790	-7.8651E-1	2.6326E0	5.4911E0	3.4137E6	
1791	-7.8590E-1	3.5384E0	5.4988E0	3.4160E6	
1792	-7.8720E-1	1.6135E0	5.5063E0	3.4182E6	
1793	-7.8880E-1	-7.6422E-1	5.5139E0	3.4204E6	
1794	-7.8697E-1	1.9532E0	5.5214E0	3.4226E6	
1795	-7.9025E-1	-2.9155E0	5.5290E0	3.4248E6	
1796	-7.8926E-1	-1.4436E0	5.5366E0	3.4271E6	
1797	-7.8781E-1	7.0772E-1	5.5441E0	3.4293E6	
1798	-7.8850E-1	-3.1132E-1	5.5491E0	3.4308E6	
1799	-7.8850E-1	-3.1132E-1	5.5491E0	3.4308E6	
1800	-7.8850E-1	-3.1132E-1	5.5491E0	3.4308E6	
1801	-7.8850E-1	-3.1132E-1	5.5491E0	3.4308E6	
1802	-7.8850E-1	-3.1132E-1	5.5491E0	3.4308E6	
1803	-7.8850E-1	-3.1132E-1	5.5491E0	3.4308E6	
1804	-7.8850E-1	-3.1132E-1	5.5491E0	3.4308E6	
1805	-7.8850E-1	-3.1132E-1	5.5491E0	3.4308E6	
1806	-7.8850E-1	-3.1132E-1	5.5491E0	3.4308E6	
1807	-7.8850E-1	-3.1132E-1	5.5491E0	3.4308E6	
1808	-7.8850E-1	-3.1132E-1	5.5491E0	3.4308E6	
1809	-7.8850E-1	-3.1132E-1	5.5491E0	3.4308E6	
1810	-7.8850E-1	-3.1132E-1	5.5491E0	3.4308E6	
1811	-7.8850E-1	-3.1132E-1	5.5491E0	3.4308E6	
1812	-7.8850E-1	-3.1132E-1	5.5491E0	3.4308E6	
1813	-7.8850E-1	-3.1132E-1	5.5491E0	3.4308E6	
1814	-7.8850E-1	-3.1132E-1	5.5491E0	3.4308E6	
1815	-7.8850E-1	-3.1132E-1	5.5491E0	3.4308E6	
1816	-7.8850E-1	-3.1132E-1	5.5491E0	3.4308E6	
1817	-7.8850E-1	-3.1132E-1	5.5491E0	3.4308E6	
1818	-7.8850E-1	-3.1132E-1	5.5491E0	3.4308E6	
1819	-7.8850E-1	-3.1132E-1	5.5491E0	3.4308E6	
1820	-7.8850E-1	-3.1132E-1	5.5491E0	3.4308E6	
1821	-7.8850E-1	-3.1132E-1	5.5491E0	3.4308E6	
1822	-7.8850E-1	-3.1132E-1	5.5491E0	3.4308E6	
1823	-7.8850E-1	-3.1132E-1	5.5491E0	3.4308E6	
1824	-7.8850E-1	-3.1132E-1	5.5491E0	3.4308E6	
1825	-7.8850E-1	-3.1132E-1	5.5491E0	3.4308E6	
1826	-7.8850E-1	-3.1132E-1	5.5491E0	3.4308E6	
1827	-7.8850E-1	-3.1132E-1	5.5491E0	3.4308E6	
1828	-7.8850E-1	-3.1132E-1	5.5491E0	3.4308E6	
1829	-7.8850E-1	-3.1132E-1	5.5491E0	3.4308E6	
1830	-7.8850E-1	-3.1132E-1	5.5491E0	3.4308E6	
1831	-7.8850E-1	-3.1132E-1	5.5491E0	3.4308E6	
1832	-7.8850E-1	-3.1132E-1	5.5491E0	3.4308E6	
1833	-7.8850E-1	-3.1132E-1	5.5491E0	3.4308E6	
1834	-7.8850E-1	-3.1132E-1	5.5491E0	3.4308E6	
1835	-7.8850E-1	-3.1132E-1	5.5491E0	3.4308E6	
1836	-7.8850E-1	-3.1132E-1	5.5491E0	3.4308E6	
1837	-7.8850E-1	-3.1132E-1	5.5491E0	3.4308E6	
1838	-7.8850E-1	-3.1132E-1	5.5491E0	3.4308E6	
1839	-7.8850E-1	-3.1132E-1	5.5491E0	3.4308E6	
1840	-7.8850E-1	-3.1132E-1	5.5491E0	3.4308E6	
1841	-7.8850E-1	-3.1132E-1	5.5491E0	3.4308E6	
1842	-7.8850E-1	-3.1132E-1	5.5491E0	3.4308E6	
1843	-7.8850E-1	-3.1132E-1	5.5491E0	3.4308E6	
1844	-7.8850E-1	-3.1132E-1	5.5491E0	3.4308E6	
1845	-7.8850E-1	-3.1132E-1	5.5491E0	3.4308E6	
1846	-7.8850E-1	-3.1132E-1	5.5491E0	3.4308E6	
1847	-7.8850E-1	-3.1132E-1	5.5491E0	3.4308E6	
1848	-7.8850E-1	-3.1132E-1	5.5491E0	3.4308E6	
1849	-7.8850E-1	-3.1132E-1	5.5491E0	3.4308E6	
1850	-7.8850E-1	-3.1132E-1	5.5491E0	3.4308E6	
1851	-7.8850E-1	-3.1132E-1	5.5491E0	3.4308E6	
1852	-7.8850E-1	-3.1132E-1	5.5491E0	3.4308E6	
1853	-7.8850E-1	-3.1132E-1	5.5491E0	3.4308E6	
1854	-7.8850E-1	-3.1132E-1	5.5491E0	3.4308E6	
1855	-7.8850E-1	-3.1132E-1	5.5491E0	3.4308E6	
1856	-7.8850E-1	-3.1132E-1	5.5491E0	3.4308E6	
1857	-7.8850E-1	-3.1132E-1	5.5491E0	3.4308E6	
1858	-7.8850E-1	-3.1132E-1	5.5491E0	3.4308E6	
1859	-7.8850E-1	-3.1132E-1	5.5491E0	3.4308E6	
1860	-7.8850E-1	-3.1132E-1	5.5491E0	3.4308E6	
1861	-7.8850E-1	-3.1132E-1	5.5491E0	3.4308E6	
1862	-7.8850E-1	-3.1132E-1	5.5491E0	3.4308E6	
1863	-7.8850E-1	-3.1132E-1	5.5491E0	3.4308E6	
1864	-7.8850E-1	-3.1132E-1	5.5491E0	3.4308E6	
1865	-7.8850E-1	-3.1132E-1	5.5491E0	3.4308E6	
1866	-7.8850E-1	-3.1132E-1	5.5491E0	3.4308E6	
1867	-7.8850E-1	-3.1132E-1	5.5491E0	3.4308E6	
1868	-7.8850E-1	-3.1132E-1	5.5491E0	3.4308E6	
1869	-7.8850E-1	-3.1132E-1	5.5491E0	3.4308E6	
1870	-7.8850E-1	-3.1132E-1	5.5491E0	3.4308E6	
1871	-7.8850E-1	-3.1132E-1	5.5491E0	3.4308E6	
1872	-7.8850E-1	-3.1132E-1	5.5491E0	3.4308E6	
1873	-7.8850E-1	-3.1132E-1	5.5491E0	3.4308E6	
1874	-7.8850E-1	-3.1132E-1	5.5491E0	3.4308E6	
1875	-7.8850E-1	-3.1132E-1	5.5491E0	3.4308E6	
1876	-7.8850E-1	-3.1132E-1	5.5491E0	3.4308E6	
1877	-7.8850E-1	-3.1132E-1	5.5491E0	3.4308E6	
1878	-7.8850E-1	-3.1132E-1	5.5491E0	3.4308E6	
1879	-7.8850E-1	-3.1132E-1	5.5491E0	3.4308E6	
1880	-7.8850E-1	-3.1132E-1	5.5491E0	3.4308E6	
1881	-7.8850E-1	-3.1132E-1	5.5491E0	3.4308E6	
1882	-7.8850E-1	-3.1132E-1	5.5491E0	3.4308E6	
1883	-7.8850E-1	-3.1132E-1	5.5491E0	3.4308E6	
1884	-7.8850E-1	-3.1132E-1	5.5491E0	3.4308E6	
1885	-7.8850E-1	-3.1132E-1	5.5491E0	3.4308E6	
1886	-7.8850E-1	-3.1132E-1	5.5491E0	3.4308E6	
1887	-7.8850E-1	-3.1132E-1	5.5491E0	3.4308E6	
1888	-7.8850E-1	-3.1132E-1	5.5491E0	3.4308E6	
1889	-7.8850E-1	-3.1132E-1	5.5491E0	3.4308E6	
1890	-7.8850E-1	-3.1132E-1	5.5491E0	3.4308E6	
1891	-7.8850E-1	-3.1132E-1	5.5491E0	3.4308E6	
1892	-7.8850E-1	-3.1132E-1	5.5491E0	3.4308E6	
1893	-7.8850E-1	-3.1132E-1	5.5491E0	3.4308E6	
1894	-7.8850E-1	-3.1132E-1	5.5491E0	3.4308E6	
1895	-7.8850E-1	-3.1132E-1	5.5491E0	3.4308E6	
1896	-7.8850E-1	-3.1132E-1	5.5491E0	3.4308E6	
1897	-7.8850E-1	-3.1132E-1	5.5491E0	3.4308E6	
1898	-7.8850E-1	-3.1132E-1	5.5491E0	3.4308E6	
1899	-7.8850E-1	-3.1132E-1	5.5491E0	3.4308E6	
1900	-7.8850E-1	-3.1132E-1	5.5491E0	3.4308E6	
1901	-7.8850E-1	-3.1132E-1	5.5491E0	3.4308E6	
1902	-7.8850E-1	-3.1132E-1	5.5491E0	3.4308E6	
1903	-7.8850E-1	-3.1132E-1	5.5491E0	3.4308E6	
1904	-7.8850E-1	-3.1132E-1	5.5491E0	3.4308E6	
1905	-7.8850E-1	-3.1132E-1	5.5491E0	3.4308E6	
1906	-7.8850E-1	-3.1132E-1	5.5491E0	3.4308E6	
1907	-7.8850E-1	-3.1132E-1	5.5491E0	3.4308E6	
1908	-7.8850E-1	-3.1132E-1	5.5491E0	3.4308E6	
1909	-7.8850E-1	-3.1132E-1	5.5491E0	3.4308E6	
1910	-7.8850E-1	-3.1132E-1	5.5491E0	3.4308E6	
1911	-7.8850E-1	-3.1132E-1	5.5491E0	3.4308E6	
1912	-7.8850E-1	-3.1132E-1	5.5491E0	3.4308E6	
1913	-7.8850E-1	-3.1132E-1	5.5491E0	3.4308E6	
1914	-7.8850E-1	-3.1132E-1	5.5491E0	3.4308E6	
1915	-7.8850E-1	-3.1132E-1	5.5491E0	3.4308E6	
1916	-7.8850E-1	-3.1132E-1	5.5491E0	3.4308E6	
1917	-7.8850E-1	-3.1132E-1	5.5491E0	3.4308E6	
1918	-7.8850E-1	-3.1132E-1	5.5491E0	3.4308E6	
1919	-7.8850E-1	-3.1132E-1	5.5491E0	3.4308E6	
1920	-7.8850E-1	-3.1132E-1	5.5491E0	3.4308E6	
1921	-7.8850E-1	-3.1132E-1	5.5491E0	3.4308E6	
1922	-7.8850E-1	-3.1132E-1	5.5491E0	3.4308E6	
1923	-7.8850E-1	-3.1132E-1	5.5491E0	3.4308E6	
1924	-7.8850E-1	-3.1132E-1	5.5491E0	3.4308E6	
1925	-7.8850E-1	-3.1132E-1	5.5491E0	3.4308E6	
1926	-7.8850E-1	-3.1132E-1	5.5491E0	3.4308E6	
1927	-7.8850E-1	-3.1132E-1	5.5491E0	3.4308E6	
1928	-7.8850E-1	-3.1132E-1	5.5491E0	3.4308E6	
1929	-7.8850E-1	-3.1132E-1	5.5491E0	3.4308E6	
1930	-7.8850E-1	-3.1132E-1	5.5491E0	3.4308E6	
1931	-7.8850E-1	-3.1132E-1	5.5491E0	3.4308E6	
1932	-7.8850E-1	-3.1132E-1	5.5491E0	3.4308E6	
1933	-7.8850E-1	-3.1132E-1	5.5491E0	3.4308E6	
1934	-7.8850E-1	-3.1132E-1	5.5491E0	3.4308E6	
1935	-7.8850E-1	-3.1132E-1	5.5491E0	3.4308E6	
1936	-7.8850E-1	-3.1132E-1	5.5491E0	3.4308E6	
1937	-7.8850E-1	-3.1132E-1	5.5491E0	3.4308E6	
1938	-7.8850E-1	-3.1132E-1	5.5491E0	3.4308E6	
1939	-7.8850E-1	-3.1132E-1	5.5491E0	3.4308E6	
1940	-7.8850E-1	-3.1132E-1	5.5491E0	3.4308E6	
1941	-7.8850E-1	-3.1132E-1	5.5491E0	3.4308E6	
1942	-7.8850E-1	-3.1132E-1	5.5491E0	3.4308E6	
1943	-7.8850E-1	-3.1132E-1	5.5491E0	3.4308E6	
1944	-7.8850E-1	-3.1132E-1	5.5491E0	3.4308E6	
1945	-7.8850E-1	-3.1132E-1	5.5491E0	3.4308E6	
1946	-7.8850E-1	-3.1132E-1	5.5491E0	3.4308E6	
1947	-7.8850E-1	-3.1132E-1	5.5491E0	3.4308E6	
1948	-7.8850E-1	-3.1132E-1	5.5491E0	3.4308E6	
1949	-7.8850E-1	-3.1132E-1	5.5491E0	3.4308E6	
1950	-7.8850E-1	-3.1132E-1	5.5491E0	3.4308E6	
1951	-7.8850E-1	-3.1132E-1	5.5491E0	3.4308E6	
1952	-7.8850E-1	-3.1132E-1	5.5491E0	3.4308E6	
1953	-7.8850E-1	-3.1132E-1	5.5491E0	3.4308E6	
1954	-7.8850E-1	-3.1132E-1	5.5491E0	3.4308E6	
1955	-7.8850E-1	-3.1132E-1	5.5491E0	3.4308E6	
1956	-7.8850E-1	-3.1132E-1	5.5491E0	3.4308E6	
1957	-7.8850E-1	-3.1132E-1	5.5491E0	3.4308E6	
1958	-7.8850E-1	-3.1132E-1	5.5491E0	3.4308E6	
1959	-7.8850E-1	-3.1132E-1	5.5491E0	3.4308E6	
1960	-7.8850E-1	-3.1132E-1	5.5491E0	3.4308E6	
1961	-7.8850E-1	-3.1132E-1	5.5491E0	3.4308E6	
1962	-7.8850E-1	-3.1132E-1	5.5491E0	3.4308E6	
1963	-7.8850E-1	-3.1132E-1	5.5491E0	3.4308E6	
1964	-7.8850E-1	-3.1132E-1	5.5491E0	3.4308E6	
1965	-7.8850E-1	-3.1132E-1	5.5491E0	3.4308E6	
1966	-7.8850E-1	-3.1132E-1	5.5491E0	3.4308E6	
1967	-7.8850E-1	-3.1132E-1	5.5491E0	3.4308E6	
1968	-7.8850E-1	-3.1132E-1	5.5491E0	3.4308E6	
1969	-7.8850E-1	-3.1132E-1	5.5491E0	3.4308E6	
1970	-7.8850E-1	-3.1132E-1	5.5491E0	3.4308E6	
1971	-7.8850E-1	-3.1132E-1	5.5491E0	3.4308E6	
1972	-7.8850E-1	-3.1132E-1	5.5491E0	3.4308E6	
1973	-7.8850E-1	-3.1132E-1	5.5491E0	3.4308E6	
1974	-7.8850E-1	-3.1132E-1	5.5491E0	3.4308E6	
1975	-7.8850E-1	-3.1132E-1	5.5491E0	3.4308E6	
1976	-7.8850E-1	-3.1132E-1	5.5491E0	3.4308E6	
1977	-7.8850E-1	-3.1132E-1	5.5491E0	3.4308E6	
1978	-7.8850E-1	-3.1132E-1	5.5491E0	3.4308E6	
1979	-7.8850E-1	-3.1132E-1	5.5491E0	3.4308E6	
1980	-7.8850E-1	-3.1132E-1	5.5491E0	3.4308E6	
1981	-7.8850E-1	-3.1132E-1	5.5491E0	3.4308E6	
1982	-7.8850E-1	-3.1132E-1	5.5491E0	3.4308E6	
1983	-7.8850E-1	-3.1132E-1	5.5491E0	3.4308E6	
1984	-7.8850E-1	-3.1132E-1	5.5491E0	3.4308E6	
1985	-7.8850E-1	-3.1132E-1	5.5491E0	3.4308E6	
1986	-7.8850E-1	-3.1132E-1	5.5491E0	3.4308E6	
1987	-7.8850E-1	-3.1132E-1	5.5491E0	3.4308E6	
1988	-7.8850E-1	-3.1132E-1	5.5491E0	3.4308E6	
1989	-7.8850E-1	-3.1132E-1	5.5491E0	3.4308E6	
1990	-7.8850E-1	-3.1132E-1	5.5491E0	3.4308E6	
1991	-7.8850E-1	-3.1132E-1	5.5491E0	3.4308E6	
1992	-7.8850E-1	-3.1132E-1	5.5491E0	3.4308E6	
1993	-7.8850E-1	-3.1132E-1	5.5491E0	3.4308E6	
1994	-7.8850E-1	-3.1132E-1	5.5491E0	3.4308E6	
1995	-7.8850E-1	-3.1132E-1	5.5491E0	3.4308E6	
1996	-7.8850E-1	-3.1132E-1	5.5491E0	3.4308E6	
1997	-7.8850E-1	-3.1132E-1	5.5491E0	3.4308E6	
1998	-7.8850E-1	-3.1132E-1	5.5491E0	3.4308E6	
1999	-7.8850E-1	-3.1132E-1	5.5491E0	3.4308E6	
2000	-7.8850E-1	-3.1132E-1	5.5491E0	3.4308E6	
2001	-7.8850E-1	-3.1132E-1	5.5491E0	3.4308E6	
2002	-7.8850E-1	-3.1132E-1	5.5491E0	3.4308E6	
2003	-7.8850E-1	-3.1132E-1	5.5491E0	3.4308E6	
2004	-7.8850E-1	-3.1132E-1	5.5491E0	3.4308E6	
2005	-7.8850E-1	-3.1132E-1	5.5491E0	3.4308E6	
2006	-7.8850E-1	-3.1132E-1	5.5491E0	3.4308E6	
2007	-7.8850E-1	-3.1132E-1	5.5491E0	3.4308E6	
2008	-7.8850E-1	-3.1132E-1	5.5491E0	3.4308E6	
2009	-7.8850E-1	-3.1132E-1	5.5491E0	3.4308E6	
2010	-7.8850E-1	-3.1132E-1	5.5491E0	3.4308E6	
2011	-7.8850E-1	-3.1132E-1	5.5491E0	3.4308E6	
2012	-7.8850E-1	-3.1132E-1	5.5491E0	3.4308E6	
2013	-7.8850E-1	-3.1132E-1	5.5491E0	3.4308E6	
2014	-7.8850E-1	-3.1132E-1	5.5491E0	3.4308E6	
2015	-7.8850E-1	-3.1132E-1	5.5491E0	3.4308E6	
2016	-7.8850E-1	-3.1132E-1	5.5491E0	3.4308E6	
2017	-7.8850E-1	-3.1132E-1	5.5491E0	3.4308E6	
2018	-7.8850E-1	-3.1132E-1	5.5491E0	3.4308E6	
2019	-7.8850E-1	-3.1132E-1	5.5491E0	3.4308E6	
2020	-7.8850E-1	-3.1132E-1	5.5491E0	3.4308E6	
2021	-7.8850E-1	-3.1132E-1	5.5491E0	3.4308E6	
2022	-7.8850E-1	-3.1132E-1	5.5491E0	3.4308E6	
2023	-7.8850E-1	-3.1132E-1	5.5491E0	3.4308E6	
2024	-7.8850E-1	-3.1132E-1	5.5491E0	3.4308E6	
2025	-7.8850E-1	-3.1132E-1	5.5491E0	3.4308E6	
2026	-7.8850E-1	-3.1132E-1	5.5491E0	3.4308E6	
2027	-7.8850E-1	-3.1132E-1	5.5491E0	3.4308E6	
2028	-7.8850E-1	-3.1132E-1	5.5491E0	3.4308E6	
2029	-7.8850E-1	-3.1132E-1	5.5491E0	3.4308E6	
2030	-7.8850E-1	-3.1132E-1	5.5491E0	3.4308E6	
2031	-7.8850E-1	-3.1132E-1	5.5491E0	3.4308E6	
2032	-7.8850E-1	-3.1132E-1	5.5491E0	3.4308E6	
2033	-7.8850E-1	-3.1132E-1	5.5491E0	3.4308E6	
2034	-7.8850E-1	-3.1132E-1	5.5491E0	3.4308E6	
2035	-7.8850E-1	-3.1132E-1	5.5491E0	3.4308E6	
2036	-7.8850E-1	-3.1132E-1	5.5491E0	3.4308E6	
2037	-7.8850E-1	-3.1132E-1	5.5491E0	3.4308E6	
2038	-7.8850E-1	-3.1132E-1	5.5491E0	3.4308E6	
2039	-7.8850E-1	-3.1132E-1	5.5491E0	3.4308E6	
2040	-7.8850E-1	-3.1132E-1	5.5491E0	3.4308E6	
2041	-7.8850E-1	-3.1132E-1	5.5491E0	3.4308E6	
2042	-7.8850E-1	-3.1132E-1	5.5491E0	3.4308E6	
2043	-7.8850E-1	-3.1132E-1	5.5491E0	3.4308E6	
2044	-7.8850E-1	-3.1132E-1	5.5491E0	3.4308E6	
2045	-7.8850E-1	-3.1132E-1	5.5491E0	3.4308E6	
2046	-7.8850E-1	-3.1132E-1	5.5491E0	3.4308E6	
2047	-7.8850E-1	-3.1132E-1	5.5491E0	3.4308E6	
2048	-7.8850E-1	-3.1132E-1	5.5491E0	3.4308E6	
