point 103
Index	Vertical (A-B)	Force	Z Height	Time Stamp	
     	V	nN	?m	?sec	
1	-7.9453E-1	3.7648E0	5.4256E0	1.2000E2	
2	-7.9575E-1	1.9532E0	5.4241E0	2.3400E3	
3	-7.9735E-1	-4.2453E-1	5.4215E0	4.5600E3	
4	-7.9620E-1	1.2739E0	5.4183E0	6.7800E3	
5	-7.9506E-1	2.9722E0	5.4149E0	9.0000E3	
6	-7.9605E-1	1.5003E0	5.4112E0	1.1220E4	
7	-7.9613E-1	1.3871E0	5.4075E0	1.3440E4	
8	-7.9773E-1	-9.9066E-1	5.4036E0	1.5660E4	
9	-7.9361E-1	5.1235E0	5.3995E0	1.7880E4	
10	-7.9575E-1	1.9532E0	5.3954E0	2.0100E4	
11	-7.9529E-1	2.6326E0	5.3912E0	2.2320E4	
12	-7.9681E-1	3.6805E-1	5.3870E0	2.4540E4	
13	-7.9231E-1	7.0484E0	5.3827E0	2.6760E4	
14	-7.9666E-1	5.9450E-1	5.3783E0	2.8980E4	
15	-7.9643E-1	9.3418E-1	5.3738E0	3.1200E4	
16	-7.9720E-1	-1.9808E-1	5.3694E0	3.3420E4	
17	-7.9224E-1	7.1616E0	5.3650E0	3.5640E4	
18	-7.9559E-1	2.1797E0	5.3603E0	3.7860E4	
19	-7.9552E-1	2.2929E0	5.3558E0	4.0080E4	
20	-7.9597E-1	1.6135E0	5.3513E0	4.2300E4	
21	-7.9567E-1	2.0664E0	5.3467E0	4.4520E4	
22	-7.9399E-1	4.5574E0	5.3419E0	4.6740E4	
23	-7.9292E-1	6.1426E0	5.3372E0	4.8960E4	
24	-7.9239E-1	6.9351E0	5.3327E0	5.1180E4	
25	-7.9155E-1	8.1806E0	5.3280E0	5.3400E4	
26	-7.9147E-1	8.2939E0	5.3232E0	5.5620E4	
27	-7.9254E-1	6.7087E0	5.3185E0	5.7840E4	
28	-7.9147E-1	8.2939E0	5.3137E0	6.0060E4	
29	-7.9575E-1	1.9532E0	5.3090E0	6.2280E4	
30	-7.9430E-1	4.1045E0	5.3041E0	6.4500E4	
31	-7.9277E-1	6.3690E0	5.2994E0	6.6720E4	
32	-7.9102E-1	8.9732E0	5.2946E0	6.8940E4	
33	-7.9086E-1	9.1997E0	5.2897E0	7.1160E4	
34	-7.9224E-1	7.1616E0	5.2849E0	7.3380E4	
35	-7.9033E-1	9.9922E0	5.2801E0	7.5600E4	
36	-7.9300E-1	6.0293E0	5.2753E0	7.7820E4	
37	-7.9163E-1	8.0674E0	5.2703E0	8.0040E4	
38	-7.9208E-1	7.3880E0	5.2654E0	8.2260E4	
39	-7.9247E-1	6.8219E0	5.2606E0	8.4480E4	
40	-7.8949E-1	1.1238E1	5.2556E0	8.6700E4	
41	-7.9063E-1	9.5393E0	5.2507E0	8.8920E4	
42	-7.9048E-1	9.7658E0	5.2458E0	9.1140E4	
43	-7.9208E-1	7.3880E0	5.2408E0	9.3360E4	
44	-7.9010E-1	1.0332E1	5.2359E0	9.5580E4	
45	-7.9079E-1	9.3129E0	5.2310E0	9.7800E4	
46	-7.8964E-1	1.1011E1	5.2260E0	1.0002E5	
47	-7.9163E-1	8.0674E0	5.2210E0	1.0224E5	
48	-7.9079E-1	9.3129E0	5.2161E0	1.0446E5	
49	-7.8957E-1	1.1124E1	5.2111E0	1.0668E5	
50	-7.9063E-1	9.5393E0	5.2061E0	1.0890E5	
51	-7.8888E-1	1.2144E1	5.2012E0	1.1112E5	
52	-7.8880E-1	1.2257E1	5.1960E0	1.1334E5	
53	-7.8812E-1	1.3276E1	5.1911E0	1.1556E5	
54	-7.8987E-1	1.0672E1	5.1860E0	1.1778E5	
55	-7.9063E-1	9.5393E0	5.1810E0	1.2000E5	
56	-7.9025E-1	1.0105E1	5.1759E0	1.2222E5	
57	-7.8911E-1	1.1804E1	5.1709E0	1.2444E5	
58	-7.8751E-1	1.4182E1	5.1658E0	1.2666E5	
59	-7.9117E-1	8.7468E0	5.1608E0	1.2888E5	
60	-7.8735E-1	1.4408E1	5.1556E0	1.3110E5	
61	-7.8712E-1	1.4748E1	5.1506E0	1.3332E5	
62	-7.8781E-1	1.3729E1	5.1455E0	1.3554E5	
63	-7.8629E-1	1.5993E1	5.1405E0	1.3776E5	
64	-7.8735E-1	1.4408E1	5.1354E0	1.3998E5	
65	-7.8682E-1	1.5201E1	5.1302E0	1.4220E5	
66	-7.8758E-1	1.4068E1	5.1251E0	1.4442E5	
67	-7.8949E-1	1.1238E1	5.1200E0	1.4664E5	
68	-7.8720E-1	1.4634E1	5.1148E0	1.4886E5	
69	-7.8598E-1	1.6446E1	5.1098E0	1.5108E5	
70	-7.8636E-1	1.5880E1	5.1046E0	1.5330E5	
71	-7.8888E-1	1.2144E1	5.0995E0	1.5552E5	
72	-7.9056E-1	9.6526E0	5.0943E0	1.5774E5	
73	-7.8529E-1	1.7465E1	5.0891E0	1.5996E5	
74	-7.8568E-1	1.6899E1	5.0840E0	1.6218E5	
75	-7.8407E-1	1.9277E1	5.0789E0	1.6440E5	
76	-7.8796E-1	1.3502E1	5.0736E0	1.6662E5	
77	-7.8461E-1	1.8484E1	5.0684E0	1.6884E5	
78	-7.8621E-1	1.6106E1	5.0633E0	1.7106E5	
79	-7.8697E-1	1.4974E1	5.0581E0	1.7328E5	
80	-7.8819E-1	1.3163E1	5.0528E0	1.7550E5	
81	-7.8636E-1	1.5880E1	5.0477E0	1.7772E5	
82	-7.8545E-1	1.7239E1	5.0424E0	1.7994E5	
83	-7.8514E-1	1.7692E1	5.0372E0	1.8216E5	
84	-7.8484E-1	1.8144E1	5.0320E0	1.8438E5	
85	-7.8362E-1	1.9956E1	5.0268E0	1.8660E5	
86	-7.8590E-1	1.6559E1	5.0215E0	1.8882E5	
87	-7.8423E-1	1.9050E1	5.0163E0	1.9104E5	
88	-7.8583E-1	1.6673E1	5.0109E0	1.9326E5	
89	-7.8491E-1	1.8031E1	5.0057E0	1.9548E5	
90	-7.8163E-1	2.2900E1	5.0005E0	1.9770E5	
91	-7.8400E-1	1.9390E1	4.9952E0	1.9992E5	
92	-7.8674E-1	1.5314E1	4.9899E0	2.0214E5	
93	-7.8392E-1	1.9503E1	4.9846E0	2.0436E5	
94	-7.8461E-1	1.8484E1	4.9794E0	2.0658E5	
95	-7.8278E-1	2.1202E1	4.9740E0	2.0880E5	
96	-7.8423E-1	1.9050E1	4.9687E0	2.1102E5	
97	-7.8400E-1	1.9390E1	4.9635E0	2.1324E5	
98	-7.8056E-1	2.4485E1	4.9581E0	2.1546E5	
99	-7.8506E-1	1.7805E1	4.9528E0	2.1768E5	
100	-7.8369E-1	1.9843E1	4.9476E0	2.1990E5	
101	-7.8087E-1	2.4032E1	4.9422E0	2.2212E5	
102	-7.8072E-1	2.4259E1	4.9368E0	2.2434E5	
103	-7.8232E-1	2.1881E1	4.9315E0	2.2656E5	
104	-7.8262E-1	2.1428E1	4.9262E0	2.2878E5	
105	-7.8148E-1	2.3126E1	4.9208E0	2.3100E5	
106	-7.8201E-1	2.2334E1	4.9154E0	2.3322E5	
107	-7.8262E-1	2.1428E1	4.9101E0	2.3544E5	
108	-7.7881E-1	2.7089E1	4.9047E0	2.3766E5	
109	-7.8156E-1	2.3013E1	4.8993E0	2.3988E5	
110	-7.8430E-1	1.8937E1	4.8940E0	2.4210E5	
111	-7.8056E-1	2.4485E1	4.8885E0	2.4432E5	
112	-7.8003E-1	2.5278E1	4.8831E0	2.4654E5	
113	-7.8148E-1	2.3126E1	4.8778E0	2.4876E5	
114	-7.8178E-1	2.2674E1	4.8723E0	2.5098E5	
115	-7.7896E-1	2.6863E1	4.8670E0	2.5320E5	
116	-7.8163E-1	2.2900E1	4.8616E0	2.5542E5	
117	-7.8018E-1	2.5051E1	4.8561E0	2.5764E5	
118	-7.7980E-1	2.5617E1	4.8507E0	2.5986E5	
119	-7.8140E-1	2.3240E1	4.8453E0	2.6208E5	
120	-7.7728E-1	2.9354E1	4.8398E0	2.6430E5	
121	-7.7980E-1	2.5617E1	4.8345E0	2.6652E5	
122	-7.7797E-1	2.8335E1	4.8289E0	2.6874E5	
123	-7.7881E-1	2.7089E1	4.8234E0	2.7096E5	
124	-7.8140E-1	2.3240E1	4.8180E0	2.7318E5	
125	-7.7919E-1	2.6523E1	4.8126E0	2.7540E5	
126	-7.7629E-1	3.0826E1	4.8071E0	2.7762E5	
127	-7.7919E-1	2.6523E1	4.8016E0	2.7984E5	
128	-7.7995E-1	2.5391E1	4.7961E0	2.8206E5	
129	-7.7675E-1	3.0146E1	4.7906E0	2.8428E5	
130	-7.7919E-1	2.6523E1	4.7852E0	2.8650E5	
131	-7.7866E-1	2.7316E1	4.7797E0	2.8872E5	
132	-7.7820E-1	2.7995E1	4.7742E0	2.9094E5	
133	-7.7316E-1	3.5468E1	4.7687E0	2.9316E5	
134	-7.7522E-1	3.2411E1	4.7632E0	2.9538E5	
135	-7.7675E-1	3.0146E1	4.7576E0	2.9760E5	
136	-7.7629E-1	3.0826E1	4.7521E0	2.9982E5	
137	-7.7774E-1	2.8674E1	4.7466E0	3.0204E5	
138	-7.7614E-1	3.1052E1	4.7410E0	3.0426E5	
139	-7.7560E-1	3.1845E1	4.7355E0	3.0648E5	
140	-7.7660E-1	3.0373E1	4.7299E0	3.0870E5	
141	-7.7393E-1	3.4336E1	4.7244E0	3.1092E5	
142	-7.7530E-1	3.2298E1	4.7188E0	3.1314E5	
143	-7.7354E-1	3.4902E1	4.7133E0	3.1536E5	
144	-7.7301E-1	3.5694E1	4.7077E0	3.1758E5	
145	-7.7599E-1	3.1279E1	4.7021E0	3.1980E5	
146	-7.7522E-1	3.2411E1	4.6967E0	3.2202E5	
147	-7.7438E-1	3.3656E1	4.6909E0	3.2424E5	
148	-7.7255E-1	3.6374E1	4.6853E0	3.2646E5	
149	-7.7408E-1	3.4109E1	4.6798E0	3.2868E5	
150	-7.7301E-1	3.5694E1	4.6742E0	3.3090E5	
151	-7.7507E-1	3.2637E1	4.6686E0	3.3312E5	
152	-7.7362E-1	3.4789E1	4.6630E0	3.3534E5	
153	-7.7339E-1	3.5128E1	4.6574E0	3.3756E5	
154	-7.7377E-1	3.4562E1	4.6518E0	3.3978E5	
155	-7.7255E-1	3.6374E1	4.6462E0	3.4200E5	
156	-7.7194E-1	3.7280E1	4.6405E0	3.4422E5	
157	-7.7240E-1	3.6600E1	4.6350E0	3.4644E5	
158	-7.7278E-1	3.6034E1	4.6292E0	3.4866E5	
159	-7.7232E-1	3.6714E1	4.6236E0	3.5088E5	
160	-7.7454E-1	3.3430E1	4.6180E0	3.5310E5	
161	-7.6981E-1	4.0450E1	4.6124E0	3.5532E5	
162	-7.7240E-1	3.6600E1	4.6067E0	3.5754E5	
163	-7.7408E-1	3.4109E1	4.6009E0	3.5976E5	
164	-7.7423E-1	3.3883E1	4.5954E0	3.6198E5	
165	-7.7225E-1	3.6827E1	4.5895E0	3.6420E5	
166	-7.7209E-1	3.7053E1	4.5840E0	3.6642E5	
167	-7.7225E-1	3.6827E1	4.5782E0	3.6864E5	
168	-7.7087E-1	3.8865E1	4.5725E0	3.7086E5	
169	-7.7003E-1	4.0110E1	4.5668E0	3.7308E5	
170	-7.7286E-1	3.5921E1	4.5613E0	3.7530E5	
171	-7.7126E-1	3.8299E1	4.5555E0	3.7752E5	
172	-7.7057E-1	3.9318E1	4.5497E0	3.7974E5	
173	-7.7110E-1	3.8525E1	4.5440E0	3.8196E5	
174	-7.7110E-1	3.8525E1	4.5384E0	3.8418E5	
175	-7.7347E-1	3.5015E1	4.5326E0	3.8640E5	
176	-7.7011E-1	3.9997E1	4.5268E0	3.8862E5	
177	-7.6920E-1	4.1356E1	4.5212E0	3.9084E5	
178	-7.6996E-1	4.0224E1	4.5153E0	3.9306E5	
179	-7.7072E-1	3.9091E1	4.5097E0	3.9528E5	
180	-7.7042E-1	3.9544E1	4.5038E0	3.9750E5	
181	-7.7133E-1	3.8185E1	4.4981E0	3.9972E5	
182	-7.7164E-1	3.7733E1	4.4924E0	4.0194E5	
183	-7.6950E-1	4.0903E1	4.4866E0	4.0416E5	
184	-7.6714E-1	4.4413E1	4.4809E0	4.0638E5	
185	-7.6889E-1	4.1809E1	4.4751E0	4.0860E5	
186	-7.6851E-1	4.2375E1	4.4693E0	4.1082E5	
187	-7.6820E-1	4.2828E1	4.4634E0	4.1304E5	
188	-7.6759E-1	4.3734E1	4.4577E0	4.1526E5	
189	-7.6820E-1	4.2828E1	4.4519E0	4.1748E5	
190	-7.6981E-1	4.0450E1	4.4462E0	4.1970E5	
191	-7.6866E-1	4.2148E1	4.4403E0	4.2192E5	
192	-7.6767E-1	4.3620E1	4.4346E0	4.2414E5	
193	-7.6637E-1	4.5545E1	4.4286E0	4.2636E5	
194	-7.6492E-1	4.7696E1	4.4230E0	4.2858E5	
195	-7.6752E-1	4.3847E1	4.4171E0	4.3080E5	
196	-7.6675E-1	4.4979E1	4.4112E0	4.3302E5	
197	-7.6698E-1	4.4639E1	4.4054E0	4.3524E5	
198	-7.6759E-1	4.3734E1	4.3996E0	4.3746E5	
199	-7.6752E-1	4.3847E1	4.3938E0	4.3968E5	
200	-7.6523E-1	4.7244E1	4.3879E0	4.4190E5	
201	-7.6363E-1	4.9621E1	4.3820E0	4.4412E5	
202	-7.6485E-1	4.7810E1	4.3762E0	4.4634E5	
203	-7.6622E-1	4.5772E1	4.3703E0	4.4856E5	
204	-7.6523E-1	4.7244E1	4.3645E0	4.5078E5	
205	-7.6614E-1	4.5885E1	4.3587E0	4.5300E5	
206	-7.6515E-1	4.7357E1	4.3527E0	4.5522E5	
207	-7.6447E-1	4.8376E1	4.3468E0	4.5744E5	
208	-7.6614E-1	4.5885E1	4.3410E0	4.5966E5	
209	-7.6355E-1	4.9734E1	4.3351E0	4.6188E5	
210	-7.6469E-1	4.8036E1	4.3292E0	4.6410E5	
211	-7.6492E-1	4.7696E1	4.3233E0	4.6632E5	
212	-7.6225E-1	5.1659E1	4.3174E0	4.6854E5	
213	-7.6218E-1	5.1773E1	4.3115E0	4.7076E5	
214	-7.6324E-1	5.0187E1	4.3055E0	4.7298E5	
215	-7.6385E-1	4.9282E1	4.2997E0	4.7520E5	
216	-7.6401E-1	4.9055E1	4.2938E0	4.7742E5	
217	-7.6378E-1	4.9395E1	4.2878E0	4.7964E5	
218	-7.6256E-1	5.1206E1	4.2819E0	4.8186E5	
219	-7.6172E-1	5.2452E1	4.2759E0	4.8408E5	
220	-7.6279E-1	5.0867E1	4.2701E0	4.8630E5	
221	-7.6057E-1	5.4150E1	4.2641E0	4.8852E5	
222	-7.6347E-1	4.9848E1	4.2581E0	4.9074E5	
223	-7.6157E-1	5.2678E1	4.2523E0	4.9296E5	
224	-7.6157E-1	5.2678E1	4.2463E0	4.9518E5	
225	-7.6256E-1	5.1206E1	4.2403E0	4.9740E5	
226	-7.6126E-1	5.3131E1	4.2344E0	4.9962E5	
227	-7.6210E-1	5.1886E1	4.2284E0	5.0184E5	
228	-7.6004E-1	5.4943E1	4.2225E0	5.0406E5	
229	-7.6057E-1	5.4150E1	4.2165E0	5.0628E5	
230	-7.6065E-1	5.4037E1	4.2105E0	5.0850E5	
231	-7.6233E-1	5.1546E1	4.2046E0	5.1072E5	
232	-7.6111E-1	5.3358E1	4.1985E0	5.1294E5	
233	-7.6088E-1	5.3697E1	4.1926E0	5.1516E5	
234	-7.6027E-1	5.4603E1	4.1865E0	5.1738E5	
235	-7.5790E-1	5.8113E1	4.1806E0	5.1960E5	
236	-7.5989E-1	5.5169E1	4.1746E0	5.2182E5	
237	-7.5989E-1	5.5169E1	4.1686E0	5.2404E5	
238	-7.6149E-1	5.2792E1	4.1627E0	5.2626E5	
239	-7.5844E-1	5.7321E1	4.1565E0	5.2848E5	
240	-7.6012E-1	5.4830E1	4.1506E0	5.3070E5	
241	-7.5912E-1	5.6302E1	4.1445E0	5.3292E5	
242	-7.5760E-1	5.8566E1	4.1387E0	5.3514E5	
243	-7.5928E-1	5.6075E1	4.1325E0	5.3736E5	
244	-7.5859E-1	5.7094E1	4.1265E0	5.3958E5	
245	-7.5531E-1	6.1963E1	4.1206E0	5.4180E5	
246	-7.5958E-1	5.5622E1	4.1144E0	5.4402E5	
247	-7.5974E-1	5.5396E1	4.1083E0	5.4624E5	
248	-7.5958E-1	5.5622E1	4.1022E0	5.4846E5	
249	-7.5760E-1	5.8566E1	4.0962E0	5.5068E5	
250	-7.5417E-1	6.3661E1	4.0902E0	5.5290E5	
251	-7.5645E-1	6.0264E1	4.0841E0	5.5512E5	
252	-7.5470E-1	6.2869E1	4.0781E0	5.5734E5	
253	-7.5745E-1	5.8793E1	4.0720E0	5.5956E5	
254	-7.5729E-1	5.9019E1	4.0660E0	5.6178E5	
255	-7.5890E-1	5.6641E1	4.0598E0	5.6400E5	
256	-7.5562E-1	6.1510E1	4.0538E0	5.6622E5	
257	-7.5661E-1	6.0038E1	4.0477E0	5.6844E5	
258	-7.5455E-1	6.3095E1	4.0416E0	5.7066E5	
259	-7.5493E-1	6.2529E1	4.0355E0	5.7288E5	
260	-7.5508E-1	6.2303E1	4.0296E0	5.7510E5	
261	-7.5760E-1	5.8566E1	4.0234E0	5.7732E5	
262	-7.5417E-1	6.3661E1	4.0174E0	5.7954E5	
263	-7.5409E-1	6.3774E1	4.0111E0	5.8176E5	
264	-7.5630E-1	6.0491E1	4.0051E0	5.8398E5	
265	-7.5493E-1	6.2529E1	3.9990E0	5.8620E5	
266	-7.5241E-1	6.6265E1	3.9928E0	5.8842E5	
267	-7.5546E-1	6.1736E1	3.9867E0	5.9064E5	
268	-7.5417E-1	6.3661E1	3.9806E0	5.9286E5	
269	-7.5089E-1	6.8530E1	3.9744E0	5.9508E5	
270	-7.5371E-1	6.4341E1	3.9683E0	5.9730E5	
271	-7.5050E-1	6.9096E1	3.9621E0	5.9952E5	
272	-7.5256E-1	6.6039E1	3.9561E0	6.0174E5	
273	-7.5035E-1	6.9323E1	3.9499E0	6.0396E5	
274	-7.5249E-1	6.6152E1	3.9437E0	6.0618E5	
275	-7.5325E-1	6.5020E1	3.9377E0	6.0840E5	
276	-7.5073E-1	6.8756E1	3.9314E0	6.1062E5	
277	-7.5165E-1	6.7398E1	3.9253E0	6.1284E5	
278	-7.5043E-1	6.9209E1	3.9192E0	6.1506E5	
279	-7.5249E-1	6.6152E1	3.9130E0	6.1728E5	
280	-7.5027E-1	6.9436E1	3.9068E0	6.1950E5	
281	-7.5127E-1	6.7964E1	3.9007E0	6.2172E5	
282	-7.4936E-1	7.0794E1	3.8944E0	6.2394E5	
283	-7.5226E-1	6.6492E1	3.8883E0	6.2616E5	
284	-7.4867E-1	7.1813E1	3.8821E0	6.2838E5	
285	-7.5172E-1	6.7284E1	3.8759E0	6.3060E5	
286	-7.4944E-1	7.0681E1	3.8697E0	6.3282E5	
287	-7.5081E-1	6.8643E1	3.8635E0	6.3504E5	
288	-7.5027E-1	6.9436E1	3.8573E0	6.3726E5	
289	-7.4974E-1	7.0228E1	3.8511E0	6.3948E5	
290	-7.4989E-1	7.0002E1	3.8449E0	6.4170E5	
291	-7.4928E-1	7.0908E1	3.8388E0	6.4392E5	
292	-7.4936E-1	7.0794E1	3.8326E0	6.4614E5	
293	-7.4738E-1	7.3738E1	3.8262E0	6.4836E5	
294	-7.4837E-1	7.2266E1	3.8201E0	6.5058E5	
295	-7.5058E-1	6.8983E1	3.8139E0	6.5280E5	
296	-7.4844E-1	7.2153E1	3.8076E0	6.5502E5	
297	-7.4944E-1	7.0681E1	3.8014E0	6.5724E5	
298	-7.4646E-1	7.5097E1	3.7951E0	6.5946E5	
299	-7.4677E-1	7.4644E1	3.7889E0	6.6168E5	
300	-7.4814E-1	7.2606E1	3.7826E0	6.6390E5	
301	-7.5096E-1	6.8417E1	3.7764E0	6.6612E5	
302	-7.4631E-1	7.5323E1	3.7701E0	6.6834E5	
303	-7.4776E-1	7.3172E1	3.7640E0	6.7056E5	
304	-7.4570E-1	7.6229E1	3.7576E0	6.7278E5	
305	-7.4722E-1	7.3965E1	3.7513E0	6.7500E5	
306	-7.4554E-1	7.6456E1	3.7450E0	6.7722E5	
307	-7.4524E-1	7.6909E1	3.7389E0	6.7944E5	
308	-7.4448E-1	7.8041E1	3.7326E0	6.8166E5	
309	-7.4776E-1	7.3172E1	3.7264E0	6.8388E5	
310	-7.4493E-1	7.7362E1	3.7200E0	6.8610E5	
311	-7.4669E-1	7.4757E1	3.7137E0	6.8832E5	
312	-7.4738E-1	7.3738E1	3.7075E0	6.9054E5	
313	-7.4646E-1	7.5097E1	3.7011E0	6.9276E5	
314	-7.4402E-1	7.8720E1	3.6949E0	6.9498E5	
315	-7.4417E-1	7.8494E1	3.6886E0	6.9720E5	
316	-7.4409E-1	7.8607E1	3.6823E0	6.9942E5	
317	-7.4249E-1	8.0985E1	3.6761E0	7.0164E5	
318	-7.4493E-1	7.7362E1	3.6697E0	7.0386E5	
319	-7.4409E-1	7.8607E1	3.6633E0	7.0608E5	
320	-7.4257E-1	8.0872E1	3.6571E0	7.0830E5	
321	-7.4341E-1	7.9626E1	3.6508E0	7.1052E5	
322	-7.4348E-1	7.9513E1	3.6445E0	7.1274E5	
323	-7.4493E-1	7.7362E1	3.6381E0	7.1496E5	
324	-7.4089E-1	8.3363E1	3.6318E0	7.1718E5	
325	-7.4318E-1	7.9966E1	3.6255E0	7.1940E5	
326	-7.4409E-1	7.8607E1	3.6191E0	7.2162E5	
327	-7.4371E-1	7.9173E1	3.6128E0	7.2384E5	
328	-7.4074E-1	8.3589E1	3.6065E0	7.2606E5	
329	-7.3990E-1	8.4834E1	3.6001E0	7.2828E5	
330	-7.4341E-1	7.9626E1	3.5937E0	7.3050E5	
331	-7.4379E-1	7.9060E1	3.5873E0	7.3272E5	
332	-7.4287E-1	8.0419E1	3.5811E0	7.3494E5	
333	-7.4005E-1	8.4608E1	3.5746E0	7.3716E5	
334	-7.4150E-1	8.2457E1	3.5682E0	7.3938E5	
335	-7.4066E-1	8.3702E1	3.5619E0	7.4160E5	
336	-7.4059E-1	8.3815E1	3.5555E0	7.4382E5	
337	-7.3982E-1	8.4948E1	3.5492E0	7.4604E5	
338	-7.3967E-1	8.5174E1	3.5428E0	7.4826E5	
339	-7.3723E-1	8.8797E1	3.5363E0	7.5048E5	
340	-7.4043E-1	8.4042E1	3.5301E0	7.5270E5	
341	-7.3914E-1	8.5967E1	3.5236E0	7.5492E5	
342	-7.3708E-1	8.9024E1	3.5173E0	7.5714E5	
343	-7.4036E-1	8.4155E1	3.5109E0	7.5936E5	
344	-7.3921E-1	8.5853E1	3.5044E0	7.6158E5	
345	-7.3891E-1	8.6306E1	3.4981E0	7.6380E5	
346	-7.3784E-1	8.7892E1	3.4917E0	7.6602E5	
347	-7.3883E-1	8.6420E1	3.4852E0	7.6824E5	
348	-7.3685E-1	8.9363E1	3.4788E0	7.7046E5	
349	-7.3860E-1	8.6759E1	3.4724E0	7.7268E5	
350	-7.3776E-1	8.8005E1	3.4660E0	7.7490E5	
351	-7.3807E-1	8.7552E1	3.4596E0	7.7712E5	
352	-7.3692E-1	8.9250E1	3.4531E0	7.7934E5	
353	-7.3700E-1	8.9137E1	3.4466E0	7.8156E5	
354	-7.3647E-1	8.9930E1	3.4403E0	7.8378E5	
355	-7.3761E-1	8.8231E1	3.4339E0	7.8600E5	
356	-7.3761E-1	8.8231E1	3.4274E0	7.8822E5	
357	-7.3174E-1	9.6950E1	3.4209E0	7.9044E5	
358	-7.3563E-1	9.1175E1	3.4145E0	7.9266E5	
359	-7.3654E-1	8.9816E1	3.4081E0	7.9488E5	
360	-7.3868E-1	8.6646E1	3.4016E0	7.9710E5	
361	-7.3532E-1	9.1628E1	3.3951E0	7.9932E5	
362	-7.3669E-1	8.9590E1	3.3887E0	8.0154E5	
363	-7.3532E-1	9.1628E1	3.3822E0	8.0376E5	
364	-7.3364E-1	9.4119E1	3.3759E0	8.0598E5	
365	-7.3654E-1	8.9816E1	3.3693E0	8.0820E5	
366	-7.3364E-1	9.4119E1	3.3628E0	8.1042E5	
367	-7.3395E-1	9.3666E1	3.3564E0	8.1264E5	
368	-7.3242E-1	9.5931E1	3.3499E0	8.1486E5	
369	-7.3456E-1	9.2760E1	3.3434E0	8.1708E5	
370	-7.3296E-1	9.5138E1	3.3369E0	8.1930E5	
371	-7.3395E-1	9.3666E1	3.3303E0	8.2152E5	
372	-7.3448E-1	9.2873E1	3.3239E0	8.2374E5	
373	-7.3196E-1	9.6610E1	3.3174E0	8.2596E5	
374	-7.3425E-1	9.3213E1	3.3109E0	8.2818E5	
375	-7.3090E-1	9.8195E1	3.3045E0	8.3040E5	
376	-7.3120E-1	9.7742E1	3.2980E0	8.3262E5	
377	-7.3257E-1	9.5704E1	3.2915E0	8.3484E5	
378	-7.3273E-1	9.5478E1	3.2849E0	8.3706E5	
379	-7.3463E-1	9.2647E1	3.2783E0	8.3928E5	
380	-7.3067E-1	9.8535E1	3.2719E0	8.4150E5	
381	-7.3029E-1	9.9101E1	3.2654E0	8.4372E5	
382	-7.3120E-1	9.7742E1	3.2589E0	8.4594E5	
383	-7.2945E-1	1.0035E2	3.2523E0	8.4816E5	
384	-7.3235E-1	9.6044E1	3.2458E0	8.5038E5	
385	-7.3189E-1	9.6723E1	3.2392E0	8.5260E5	
386	-7.3227E-1	9.6157E1	3.2327E0	8.5482E5	
387	-7.2983E-1	9.9780E1	3.2261E0	8.5704E5	
388	-7.3265E-1	9.5591E1	3.2196E0	8.5926E5	
389	-7.3051E-1	9.8761E1	3.2130E0	8.6148E5	
390	-7.2815E-1	1.0227E2	3.2066E0	8.6370E5	
391	-7.2975E-1	9.9893E1	3.2000E0	8.6592E5	
392	-7.3051E-1	9.8761E1	3.1934E0	8.6814E5	
393	-7.2884E-1	1.0125E2	3.1870E0	8.7036E5	
394	-7.2922E-1	1.0069E2	3.1804E0	8.7258E5	
395	-7.2884E-1	1.0125E2	3.1737E0	8.7480E5	
396	-7.2838E-1	1.0193E2	3.1672E0	8.7702E5	
397	-7.2815E-1	1.0227E2	3.1606E0	8.7924E5	
398	-7.2807E-1	1.0238E2	3.1540E0	8.8146E5	
399	-7.2578E-1	1.0578E2	3.1475E0	8.8368E5	
400	-7.2823E-1	1.0216E2	3.1409E0	8.8590E5	
401	-7.2746E-1	1.0329E2	3.1342E0	8.8812E5	
402	-7.2601E-1	1.0544E2	3.1277E0	8.9034E5	
403	-7.2746E-1	1.0329E2	3.1211E0	8.9256E5	
404	-7.2495E-1	1.0703E2	3.1145E0	8.9478E5	
405	-7.2586E-1	1.0567E2	3.1080E0	8.9700E5	
406	-7.2403E-1	1.0839E2	3.1014E0	8.9922E5	
407	-7.2746E-1	1.0329E2	3.0947E0	9.0144E5	
408	-7.2701E-1	1.0397E2	3.0882E0	9.0366E5	
409	-7.2441E-1	1.0782E2	3.0815E0	9.0588E5	
410	-7.2372E-1	1.0884E2	3.0749E0	9.0810E5	
411	-7.2716E-1	1.0374E2	3.0683E0	9.1032E5	
412	-7.2258E-1	1.1054E2	3.0617E0	9.1254E5	
413	-7.2235E-1	1.1088E2	3.0551E0	9.1476E5	
414	-7.2533E-1	1.0646E2	3.0485E0	9.1698E5	
415	-7.2319E-1	1.0963E2	3.0419E0	9.1920E5	
416	-7.2510E-1	1.0680E2	3.0352E0	9.2142E5	
417	-7.2365E-1	1.0895E2	3.0286E0	9.2364E5	
418	-7.2296E-1	1.0997E2	3.0219E0	9.2586E5	
419	-7.2151E-1	1.1212E2	3.0153E0	9.2808E5	
420	-7.2105E-1	1.1280E2	3.0086E0	9.3030E5	
421	-7.2266E-1	1.1042E2	3.0020E0	9.3252E5	
422	-7.1945E-1	1.1518E2	2.9953E0	9.3474E5	
423	-7.2334E-1	1.0940E2	2.9887E0	9.3696E5	
424	-7.2105E-1	1.1280E2	2.9821E0	9.3918E5	
425	-7.2235E-1	1.1088E2	2.9754E0	9.4140E5	
426	-7.1983E-1	1.1461E2	2.9688E0	9.4362E5	
427	-7.2121E-1	1.1257E2	2.9620E0	9.4584E5	
428	-7.2067E-1	1.1337E2	2.9555E0	9.4806E5	
429	-7.2159E-1	1.1201E2	2.9488E0	9.5028E5	
430	-7.2166E-1	1.1190E2	2.9420E0	9.5250E5	
431	-7.1960E-1	1.1495E2	2.9354E0	9.5472E5	
432	-7.1991E-1	1.1450E2	2.9288E0	9.5694E5	
433	-7.2006E-1	1.1427E2	2.9221E0	9.5916E5	
434	-7.2067E-1	1.1337E2	2.9154E0	9.6138E5	
435	-7.2029E-1	1.1393E2	2.9087E0	9.6360E5	
436	-7.1892E-1	1.1597E2	2.9021E0	9.6582E5	
437	-7.1793E-1	1.1744E2	2.8953E0	9.6804E5	
438	-7.1800E-1	1.1733E2	2.8886E0	9.7026E5	
439	-7.1846E-1	1.1665E2	2.8820E0	9.7248E5	
440	-7.1846E-1	1.1665E2	2.8753E0	9.7470E5	
441	-7.1701E-1	1.1880E2	2.8686E0	9.7692E5	
442	-7.1915E-1	1.1563E2	2.8618E0	9.7914E5	
443	-7.1815E-1	1.1710E2	2.8551E0	9.8136E5	
444	-7.1793E-1	1.1744E2	2.8484E0	9.8358E5	
445	-7.1892E-1	1.1597E2	2.8417E0	9.8580E5	
446	-7.1655E-1	1.1948E2	2.8350E0	9.8802E5	
447	-7.1716E-1	1.1858E2	2.8283E0	9.9024E5	
448	-7.1609E-1	1.2016E2	2.8216E0	9.9246E5	
449	-7.1770E-1	1.1778E2	2.8148E0	9.9468E5	
450	-7.1465E-1	1.2231E2	2.8081E0	9.9690E5	
451	-7.1754E-1	1.1801E2	2.8014E0	9.9912E5	
452	-7.1487E-1	1.2197E2	2.7946E0	1.0013E6	
453	-7.1472E-1	1.2220E2	2.7879E0	1.0036E6	
454	-7.1594E-1	1.2039E2	2.7812E0	1.0058E6	
455	-7.1632E-1	1.1982E2	2.7745E0	1.0080E6	
456	-7.1465E-1	1.2231E2	2.7678E0	1.0102E6	
457	-7.1342E-1	1.2412E2	2.7609E0	1.0124E6	
458	-7.1526E-1	1.2141E2	2.7542E0	1.0147E6	
459	-7.1335E-1	1.2424E2	2.7474E0	1.0169E6	
460	-7.1350E-1	1.2401E2	2.7407E0	1.0191E6	
461	-7.1289E-1	1.2492E2	2.7340E0	1.0213E6	
462	-7.1503E-1	1.2175E2	2.7271E0	1.0235E6	
463	-7.1190E-1	1.2639E2	2.7205E0	1.0258E6	
464	-7.1373E-1	1.2367E2	2.7137E0	1.0280E6	
465	-7.1243E-1	1.2560E2	2.7069E0	1.0302E6	
466	-7.1381E-1	1.2356E2	2.7001E0	1.0324E6	
467	-7.1609E-1	1.2016E2	2.6933E0	1.0346E6	
468	-7.1213E-1	1.2605E2	2.6867E0	1.0369E6	
469	-7.1297E-1	1.2480E2	2.6798E0	1.0391E6	
470	-7.1098E-1	1.2775E2	2.6730E0	1.0413E6	
471	-7.0869E-1	1.3114E2	2.6663E0	1.0435E6	
472	-7.1236E-1	1.2571E2	2.6595E0	1.0457E6	
473	-7.1220E-1	1.2594E2	2.6526E0	1.0480E6	
474	-7.1152E-1	1.2695E2	2.6459E0	1.0502E6	
475	-7.1190E-1	1.2639E2	2.6391E0	1.0524E6	
476	-7.1045E-1	1.2854E2	2.6323E0	1.0546E6	
477	-7.1144E-1	1.2707E2	2.6255E0	1.0568E6	
478	-7.1121E-1	1.2741E2	2.6186E0	1.0591E6	
479	-7.0976E-1	1.2956E2	2.6119E0	1.0613E6	
480	-7.0892E-1	1.3080E2	2.6052E0	1.0635E6	
481	-7.0831E-1	1.3171E2	2.5982E0	1.0657E6	
482	-7.0908E-1	1.3058E2	2.5915E0	1.0679E6	
483	-7.0763E-1	1.3273E2	2.5847E0	1.0702E6	
484	-7.0900E-1	1.3069E2	2.5778E0	1.0724E6	
485	-7.0885E-1	1.3092E2	2.5709E0	1.0746E6	
486	-7.0740E-1	1.3307E2	2.5643E0	1.0768E6	
487	-7.0663E-1	1.3420E2	2.5574E0	1.0790E6	
488	-7.0633E-1	1.3465E2	2.5506E0	1.0813E6	
489	-7.0602E-1	1.3511E2	2.5438E0	1.0835E6	
490	-7.0457E-1	1.3726E2	2.5368E0	1.0857E6	
491	-7.0778E-1	1.3250E2	2.5301E0	1.0879E6	
492	-7.0557E-1	1.3579E2	2.5232E0	1.0901E6	
493	-7.0732E-1	1.3318E2	2.5165E0	1.0924E6	
494	-7.0724E-1	1.3330E2	2.5096E0	1.0946E6	
495	-7.0335E-1	1.3907E2	2.5027E0	1.0968E6	
496	-7.0595E-1	1.3522E2	2.4959E0	1.0990E6	
497	-7.0534E-1	1.3613E2	2.4890E0	1.1012E6	
498	-7.0518E-1	1.3635E2	2.4822E0	1.1035E6	
499	-7.0663E-1	1.3420E2	2.4753E0	1.1057E6	
500	-7.0267E-1	1.4009E2	2.4685E0	1.1079E6	
501	-7.0557E-1	1.3579E2	2.4616E0	1.1101E6	
502	-7.0389E-1	1.3828E2	2.4548E0	1.1123E6	
503	-7.0351E-1	1.3884E2	2.4480E0	1.1146E6	
504	-7.0457E-1	1.3726E2	2.4412E0	1.1168E6	
505	-7.0419E-1	1.3782E2	2.4341E0	1.1190E6	
506	-7.0282E-1	1.3986E2	2.4273E0	1.1212E6	
507	-7.0549E-1	1.3590E2	2.4204E0	1.1234E6	
508	-7.0244E-1	1.4043E2	2.4136E0	1.1257E6	
509	-7.0305E-1	1.3952E2	2.4067E0	1.1279E6	
510	-7.0129E-1	1.4213E2	2.3999E0	1.1301E6	
511	-7.0381E-1	1.3839E2	2.3930E0	1.1323E6	
512	-7.0145E-1	1.4190E2	2.3861E0	1.1345E6	
513	-7.0358E-1	1.3873E2	2.3792E0	1.1368E6	
514	-7.0099E-1	1.4258E2	2.3723E0	1.1390E6	
515	-7.0534E-1	1.3613E2	2.3654E0	1.1412E6	
516	-7.0236E-1	1.4054E2	2.3584E0	1.1434E6	
517	-7.0305E-1	1.3952E2	2.3516E0	1.1456E6	
518	-7.0068E-1	1.4303E2	2.3447E0	1.1479E6	
519	-7.0229E-1	1.4065E2	2.3378E0	1.1501E6	
520	-6.9984E-1	1.4428E2	2.3309E0	1.1523E6	
521	-7.0168E-1	1.4156E2	2.3240E0	1.1545E6	
522	-6.9969E-1	1.4450E2	2.3171E0	1.1567E6	
523	-6.9916E-1	1.4530E2	2.3102E0	1.1590E6	
524	-6.9626E-1	1.4960E2	2.3033E0	1.1612E6	
525	-6.9809E-1	1.4688E2	2.2964E0	1.1634E6	
526	-6.9878E-1	1.4586E2	2.2895E0	1.1656E6	
527	-6.9740E-1	1.4790E2	2.2826E0	1.1678E6	
528	-7.0076E-1	1.4292E2	2.2757E0	1.1701E6	
529	-6.9679E-1	1.4881E2	2.2687E0	1.1723E6	
530	-6.9786E-1	1.4722E2	2.2618E0	1.1745E6	
531	-6.9763E-1	1.4756E2	2.2549E0	1.1767E6	
532	-6.9717E-1	1.4824E2	2.2479E0	1.1789E6	
533	-6.9664E-1	1.4903E2	2.2409E0	1.1812E6	
534	-6.9664E-1	1.4903E2	2.2342E0	1.1834E6	
535	-6.9786E-1	1.4722E2	2.2272E0	1.1856E6	
536	-6.9740E-1	1.4790E2	2.2202E0	1.1878E6	
537	-6.9679E-1	1.4881E2	2.2133E0	1.1900E6	
538	-6.9717E-1	1.4824E2	2.2063E0	1.1923E6	
539	-6.9748E-1	1.4779E2	2.1994E0	1.1945E6	
540	-6.9580E-1	1.5028E2	2.1925E0	1.1967E6	
541	-6.9748E-1	1.4779E2	2.1855E0	1.1989E6	
542	-6.9695E-1	1.4858E2	2.1785E0	1.2011E6	
543	-6.9557E-1	1.5062E2	2.1716E0	1.2034E6	
544	-6.9260E-1	1.5503E2	2.1646E0	1.2056E6	
545	-6.9504E-1	1.5141E2	2.1577E0	1.2078E6	
546	-6.9221E-1	1.5560E2	2.1507E0	1.2100E6	
547	-6.9420E-1	1.5266E2	2.1437E0	1.2122E6	
548	-6.9176E-1	1.5628E2	2.1368E0	1.2145E6	
549	-6.9397E-1	1.5300E2	2.1299E0	1.2167E6	
550	-6.9298E-1	1.5447E2	2.1229E0	1.2189E6	
551	-6.9412E-1	1.5277E2	2.1159E0	1.2211E6	
552	-6.9260E-1	1.5503E2	2.1091E0	1.2233E6	
553	-6.9069E-1	1.5787E2	2.1019E0	1.2256E6	
554	-6.9336E-1	1.5390E2	2.0949E0	1.2278E6	
555	-6.9435E-1	1.5243E2	2.0880E0	1.2300E6	
556	-6.9206E-1	1.5583E2	2.0810E0	1.2322E6	
557	-6.8939E-1	1.5979E2	2.0741E0	1.2344E6	
558	-6.9183E-1	1.5617E2	2.0671E0	1.2367E6	
559	-6.8932E-1	1.5990E2	2.0601E0	1.2389E6	
560	-6.9122E-1	1.5707E2	2.0531E0	1.2411E6	
561	-6.9107E-1	1.5730E2	2.0461E0	1.2433E6	
562	-6.9008E-1	1.5877E2	2.0392E0	1.2455E6	
563	-6.9077E-1	1.5775E2	2.0322E0	1.2478E6	
564	-6.8787E-1	1.6205E2	2.0251E0	1.2500E6	
565	-6.9138E-1	1.5685E2	2.0181E0	1.2522E6	
566	-6.8771E-1	1.6228E2	2.0112E0	1.2544E6	
567	-6.9000E-1	1.5888E2	2.0041E0	1.2566E6	
568	-6.8993E-1	1.5900E2	1.9972E0	1.2589E6	
569	-6.8985E-1	1.5911E2	1.9902E0	1.2611E6	
570	-6.9160E-1	1.5651E2	1.9831E0	1.2633E6	
571	-6.8680E-1	1.6364E2	1.9762E0	1.2655E6	
572	-6.8924E-1	1.6002E2	1.9692E0	1.2677E6	
573	-6.8710E-1	1.6319E2	1.9622E0	1.2700E6	
574	-6.8787E-1	1.6205E2	1.9552E0	1.2722E6	
575	-6.8901E-1	1.6036E2	1.9481E0	1.2744E6	
576	-6.8825E-1	1.6149E2	1.9412E0	1.2766E6	
577	-6.8634E-1	1.6432E2	1.9341E0	1.2788E6	
578	-6.8550E-1	1.6556E2	1.9270E0	1.2811E6	
579	-6.8771E-1	1.6228E2	1.9200E0	1.2833E6	
580	-6.8779E-1	1.6217E2	1.9130E0	1.2855E6	
581	-6.8733E-1	1.6285E2	1.9060E0	1.2877E6	
582	-6.8390E-1	1.6794E2	1.8990E0	1.2899E6	
583	-6.8703E-1	1.6330E2	1.8919E0	1.2922E6	
584	-6.8466E-1	1.6681E2	1.8849E0	1.2944E6	
585	-6.8565E-1	1.6534E2	1.8779E0	1.2966E6	
586	-6.8314E-1	1.6907E2	1.8708E0	1.2988E6	
587	-6.8550E-1	1.6556E2	1.8637E0	1.3010E6	
588	-6.8642E-1	1.6421E2	1.8569E0	1.3033E6	
589	-6.8428E-1	1.6738E2	1.8498E0	1.3055E6	
590	-6.8413E-1	1.6760E2	1.8427E0	1.3077E6	
591	-6.8665E-1	1.6387E2	1.8357E0	1.3099E6	
592	-6.8527E-1	1.6590E2	1.8287E0	1.3121E6	
593	-6.8382E-1	1.6806E2	1.8216E0	1.3144E6	
594	-6.8291E-1	1.6941E2	1.8146E0	1.3166E6	
595	-6.8382E-1	1.6806E2	1.8076E0	1.3188E6	
596	-6.8382E-1	1.6806E2	1.8005E0	1.3210E6	
597	-6.8367E-1	1.6828E2	1.7934E0	1.3232E6	
598	-6.8344E-1	1.6862E2	1.7863E0	1.3255E6	
599	-6.8161E-1	1.7134E2	1.7794E0	1.3277E6	
600	-6.8001E-1	1.7372E2	1.7723E0	1.3299E6	
601	-6.8352E-1	1.6851E2	1.7652E0	1.3321E6	
602	-6.8054E-1	1.7292E2	1.7582E0	1.3343E6	
603	-6.8092E-1	1.7236E2	1.7511E0	1.3366E6	
604	-6.7780E-1	1.7700E2	1.7440E0	1.3388E6	
605	-6.8077E-1	1.7258E2	1.7370E0	1.3410E6	
606	-6.8222E-1	1.7043E2	1.7300E0	1.3432E6	
607	-6.8039E-1	1.7315E2	1.7229E0	1.3454E6	
608	-6.8008E-1	1.7360E2	1.7158E0	1.3477E6	
609	-6.7970E-1	1.7417E2	1.7087E0	1.3499E6	
610	-6.7940E-1	1.7462E2	1.7017E0	1.3521E6	
611	-6.7741E-1	1.7757E2	1.6946E0	1.3543E6	
612	-6.7909E-1	1.7508E2	1.6876E0	1.3565E6	
613	-6.7902E-1	1.7519E2	1.6805E0	1.3588E6	
614	-6.7886E-1	1.7542E2	1.6734E0	1.3610E6	
615	-6.7894E-1	1.7530E2	1.6664E0	1.3632E6	
616	-6.7993E-1	1.7383E2	1.6593E0	1.3654E6	
617	-6.7940E-1	1.7462E2	1.6521E0	1.3676E6	
618	-6.7703E-1	1.7813E2	1.6450E0	1.3699E6	
619	-6.7825E-1	1.7632E2	1.6379E0	1.3721E6	
620	-6.7596E-1	1.7972E2	1.6310E0	1.3743E6	
621	-6.7894E-1	1.7530E2	1.6238E0	1.3765E6	
622	-6.7680E-1	1.7847E2	1.6167E0	1.3787E6	
623	-6.7612E-1	1.7949E2	1.6096E0	1.3810E6	
624	-6.7680E-1	1.7847E2	1.6026E0	1.3832E6	
625	-6.7619E-1	1.7938E2	1.5955E0	1.3854E6	
626	-6.7596E-1	1.7972E2	1.5884E0	1.3876E6	
627	-6.7818E-1	1.7643E2	1.5813E0	1.3898E6	
628	-6.7719E-1	1.7791E2	1.5742E0	1.3921E6	
629	-6.7329E-1	1.8368E2	1.5671E0	1.3943E6	
630	-6.7490E-1	1.8130E2	1.5600E0	1.3965E6	
631	-6.7482E-1	1.8142E2	1.5530E0	1.3987E6	
632	-6.7451E-1	1.8187E2	1.5460E0	1.4009E6	
633	-6.7581E-1	1.7994E2	1.5387E0	1.4032E6	
634	-6.7375E-1	1.8300E2	1.5316E0	1.4054E6	
635	-6.7421E-1	1.8232E2	1.5246E0	1.4076E6	
636	-6.7444E-1	1.8198E2	1.5175E0	1.4098E6	
637	-6.7230E-1	1.8515E2	1.5103E0	1.4120E6	
638	-6.7261E-1	1.8470E2	1.5033E0	1.4143E6	
639	-6.7474E-1	1.8153E2	1.4961E0	1.4165E6	
640	-6.7337E-1	1.8357E2	1.4891E0	1.4187E6	
641	-6.7513E-1	1.8096E2	1.4819E0	1.4209E6	
642	-6.7146E-1	1.8640E2	1.4748E0	1.4231E6	
643	-6.7230E-1	1.8515E2	1.4676E0	1.4254E6	
644	-6.7291E-1	1.8425E2	1.4606E0	1.4276E6	
645	-6.7223E-1	1.8527E2	1.4535E0	1.4298E6	
646	-6.7535E-1	1.8062E2	1.4464E0	1.4320E6	
647	-6.7284E-1	1.8436E2	1.4392E0	1.4342E6	
648	-6.7085E-1	1.8730E2	1.4322E0	1.4365E6	
649	-6.7329E-1	1.8368E2	1.4249E0	1.4387E6	
650	-6.7093E-1	1.8719E2	1.4180E0	1.4409E6	
651	-6.7009E-1	1.8844E2	1.4109E0	1.4431E6	
652	-6.7062E-1	1.8764E2	1.4036E0	1.4453E6	
653	-6.7039E-1	1.8798E2	1.3965E0	1.4476E6	
654	-6.7108E-1	1.8696E2	1.3894E0	1.4498E6	
655	-6.6856E-1	1.9070E2	1.3824E0	1.4520E6	
656	-6.6902E-1	1.9002E2	1.3752E0	1.4542E6	
657	-6.6902E-1	1.9002E2	1.3682E0	1.4564E6	
658	-6.6742E-1	1.9240E2	1.3609E0	1.4587E6	
659	-6.6933E-1	1.8957E2	1.3539E0	1.4609E6	
660	-6.6788E-1	1.9172E2	1.3468E0	1.4631E6	
661	-6.7070E-1	1.8753E2	1.3396E0	1.4653E6	
662	-6.6940E-1	1.8946E2	1.3325E0	1.4675E6	
663	-6.6772E-1	1.9195E2	1.3253E0	1.4698E6	
664	-6.6681E-1	1.9330E2	1.3182E0	1.4720E6	
665	-6.6750E-1	1.9229E2	1.3111E0	1.4742E6	
666	-6.6940E-1	1.8946E2	1.3040E0	1.4764E6	
667	-6.6772E-1	1.9195E2	1.2968E0	1.4786E6	
668	-6.6925E-1	1.8968E2	1.2898E0	1.4809E6	
669	-6.6673E-1	1.9342E2	1.2826E0	1.4831E6	
670	-6.6505E-1	1.9591E2	1.2755E0	1.4853E6	
671	-6.6864E-1	1.9059E2	1.2683E0	1.4875E6	
672	-6.6475E-1	1.9636E2	1.2612E0	1.4897E6	
673	-6.6788E-1	1.9172E2	1.2540E0	1.4920E6	
674	-6.6559E-1	1.9512E2	1.2469E0	1.4942E6	
675	-6.6498E-1	1.9602E2	1.2397E0	1.4964E6	
676	-6.6559E-1	1.9512E2	1.2327E0	1.4986E6	
677	-6.6582E-1	1.9478E2	1.2255E0	1.5008E6	
678	-6.6597E-1	1.9455E2	1.2184E0	1.5031E6	
679	-6.6559E-1	1.9512E2	1.2112E0	1.5053E6	
680	-6.6322E-1	1.9863E2	1.2041E0	1.5075E6	
681	-6.6277E-1	1.9931E2	1.1970E0	1.5097E6	
682	-6.6437E-1	1.9693E2	1.1899E0	1.5119E6	
683	-6.6254E-1	1.9965E2	1.1827E0	1.5142E6	
684	-6.6437E-1	1.9693E2	1.1755E0	1.5164E6	
685	-6.6269E-1	1.9942E2	1.1684E0	1.5186E6	
686	-6.6315E-1	1.9874E2	1.1612E0	1.5208E6	
687	-6.6315E-1	1.9874E2	1.1542E0	1.5230E6	
688	-6.6109E-1	2.0180E2	1.1471E0	1.5253E6	
689	-6.6467E-1	1.9648E2	1.1398E0	1.5275E6	
690	-6.6071E-1	2.0236E2	1.1328E0	1.5297E6	
691	-6.6269E-1	1.9942E2	1.1256E0	1.5319E6	
692	-6.6208E-1	2.0032E2	1.1185E0	1.5341E6	
693	-6.5987E-1	2.0361E2	1.1113E0	1.5364E6	
694	-6.6025E-1	2.0304E2	1.1042E0	1.5386E6	
695	-6.6017E-1	2.0316E2	1.0970E0	1.5408E6	
696	-6.6124E-1	2.0157E2	1.0898E0	1.5430E6	
697	-6.6002E-1	2.0338E2	1.0827E0	1.5452E6	
698	-6.6124E-1	2.0157E2	1.0756E0	1.5475E6	
699	-7.0023E-1	1.4371E2	1.0684E0	1.5497E6	
700	-7.0175E-1	1.4145E2	1.0613E0	1.5519E6	
701	-6.9466E-1	1.5198E2	1.0541E0	1.5541E6	
702	-6.9206E-1	1.5583E2	1.0471E0	1.5563E6	
703	-6.8611E-1	1.6466E2	1.0399E0	1.5586E6	
704	-6.7810E-1	1.7655E2	1.0327E0	1.5608E6	
705	-6.6856E-1	1.9070E2	1.0256E0	1.5630E6	
706	-6.6078E-1	2.0225E2	1.0184E0	1.5652E6	
707	-6.5346E-1	2.1312E2	1.0113E0	1.5674E6	
708	-6.4766E-1	2.2172E2	1.0042E0	1.5697E6	
709	-6.4163E-1	2.3067E2	9.9693E-1	1.5719E6	
710	-6.3736E-1	2.3701E2	9.8985E-1	1.5741E6	
711	-6.3026E-1	2.4754E2	9.8265E-1	1.5763E6	
712	-6.2675E-1	2.5275E2	9.7551E-1	1.5785E6	
713	-6.1630E-1	2.6826E2	9.6844E-1	1.5808E6	
714	-6.1508E-1	2.7007E2	9.6132E-1	1.5830E6	
715	-6.1157E-1	2.7528E2	9.5414E-1	1.5852E6	
716	-6.0860E-1	2.7970E2	9.4708E-1	1.5874E6	
717	-6.0562E-1	2.8411E2	9.3986E-1	1.5896E6	
718	-6.0440E-1	2.8592E2	9.3269E-1	1.5919E6	
719	-5.9540E-1	2.9928E2	9.2563E-1	1.5941E6	
720	-5.9525E-1	2.9951E2	9.1838E-1	1.5963E6	
721	-5.8617E-1	3.1298E2	9.1136E-1	1.5985E6	
722	-5.8250E-1	3.1842E2	9.0417E-1	1.6007E6	
723	-5.7625E-1	3.2770E2	8.9698E-1	1.6030E6	
724	-5.7312E-1	3.3235E2	8.8973E-1	1.6052E6	
725	-5.6839E-1	3.3937E2	8.8263E-1	1.6074E6	
726	-5.6702E-1	3.4140E2	8.7555E-1	1.6096E6	
727	-5.6183E-1	3.4910E2	8.6836E-1	1.6118E6	
728	-5.6229E-1	3.4842E2	8.6124E-1	1.6141E6	
729	-5.5702E-1	3.5624E2	8.5409E-1	1.6163E6	
730	-5.5344E-1	3.6156E2	8.4696E-1	1.6185E6	
731	-5.4771E-1	3.7005E2	8.3985E-1	1.6207E6	
732	-5.4344E-1	3.7639E2	8.3266E-1	1.6229E6	
733	-5.3604E-1	3.8737E2	8.2549E-1	1.6252E6	
734	-5.3276E-1	3.9224E2	8.1844E-1	1.6274E6	
735	-5.2773E-1	3.9972E2	8.1120E-1	1.6296E6	
736	-5.2193E-1	4.0832E2	8.0416E-1	1.6318E6	
737	-5.1865E-1	4.1319E2	7.9696E-1	1.6340E6	
738	-5.1392E-1	4.2021E2	7.8997E-1	1.6363E6	
739	-5.0385E-1	4.3515E2	7.8274E-1	1.6385E6	
740	-4.9767E-1	4.4433E2	7.7559E-1	1.6407E6	
741	-4.9179E-1	4.5304E2	7.6833E-1	1.6429E6	
742	-4.8462E-1	4.6369E2	7.6128E-1	1.6451E6	
743	-4.8447E-1	4.6391E2	7.5422E-1	1.6474E6	
744	-4.8058E-1	4.6969E2	7.4704E-1	1.6496E6	
745	-4.7333E-1	4.8045E2	7.3982E-1	1.6518E6	
746	-4.6387E-1	4.9449E2	7.3269E-1	1.6540E6	
747	-4.5746E-1	5.0400E2	7.2563E-1	1.6562E6	
748	-4.4868E-1	5.1702E2	7.1852E-1	1.6585E6	
749	-4.4632E-1	5.2053E2	7.1135E-1	1.6607E6	
750	-4.4014E-1	5.2970E2	7.0424E-1	1.6629E6	
751	-4.2793E-1	5.4781E2	6.9710E-1	1.6651E6	
752	-4.2320E-1	5.5483E2	6.9002E-1	1.6673E6	
753	-4.1435E-1	5.6797E2	6.8287E-1	1.6696E6	
754	-4.0504E-1	5.8178E2	6.7578E-1	1.6718E6	
755	-4.0314E-1	5.8461E2	6.6859E-1	1.6740E6	
756	-3.9452E-1	5.9741E2	6.6156E-1	1.6762E6	
757	-3.8704E-1	6.0850E2	6.5438E-1	1.6784E6	
758	-3.8376E-1	6.1337E2	6.4730E-1	1.6807E6	
759	-3.8002E-1	6.1892E2	6.4012E-1	1.6829E6	
760	-3.7231E-1	6.3036E2	6.3310E-1	1.6851E6	
761	-3.6743E-1	6.3760E2	6.2595E-1	1.6873E6	
762	-3.6179E-1	6.4598E2	6.1885E-1	1.6895E6	
763	-3.5736E-1	6.5255E2	6.1178E-1	1.6918E6	
764	-3.4798E-1	6.6648E2	6.0451E-1	1.6940E6	
765	-3.4142E-1	6.7621E2	5.9754E-1	1.6962E6	
766	-3.3577E-1	6.8459E2	5.9029E-1	1.6984E6	
767	-3.2845E-1	6.9546E2	5.8328E-1	1.7006E6	
768	-3.1937E-1	7.0893E2	5.7624E-1	1.7029E6	
769	-3.1670E-1	7.1290E2	5.6901E-1	1.7051E6	
770	-3.0884E-1	7.2456E2	5.6204E-1	1.7073E6	
771	-3.0052E-1	7.3690E2	5.5495E-1	1.7095E6	
772	-2.9854E-1	7.3985E2	5.5224E-1	1.7104E6	
773	-2.9572E-1	7.4403E2	5.5191E-1	1.7105E6	
774	-2.9572E-1	7.4403E2	5.5191E-1	1.7105E6	
775	-2.9572E-1	7.4403E2	5.5191E-1	1.7105E6	
776	-2.9572E-1	7.4403E2	5.5191E-1	1.7105E6	
777	-2.9572E-1	7.4403E2	5.5191E-1	1.7105E6	
778	-2.9572E-1	7.4403E2	5.5191E-1	1.7105E6	
779	-2.9572E-1	7.4403E2	5.5191E-1	1.7105E6	
780	-2.9572E-1	7.4403E2	5.5191E-1	1.7105E6	
781	-2.9572E-1	7.4403E2	5.5191E-1	1.7105E6	
782	-2.9572E-1	7.4403E2	5.5191E-1	1.7105E6	
783	-2.9572E-1	7.4403E2	5.5191E-1	1.7105E6	
784	-2.9572E-1	7.4403E2	5.5191E-1	1.7105E6	
785	-2.9572E-1	7.4403E2	5.5191E-1	1.7105E6	
786	-2.9572E-1	7.4403E2	5.5191E-1	1.7105E6	
787	-2.9572E-1	7.4403E2	5.5191E-1	1.7105E6	
788	-2.9572E-1	7.4403E2	5.5191E-1	1.7105E6	
789	-2.9572E-1	7.4403E2	5.5191E-1	1.7105E6	
790	-2.9572E-1	7.4403E2	5.5191E-1	1.7105E6	
791	-2.9572E-1	7.4403E2	5.5191E-1	1.7105E6	
792	-2.9572E-1	7.4403E2	5.5191E-1	1.7105E6	
793	-2.9572E-1	7.4403E2	5.5191E-1	1.7105E6	
794	-2.9572E-1	7.4403E2	5.5191E-1	1.7105E6	
795	-2.9572E-1	7.4403E2	5.5191E-1	1.7105E6	
796	-2.9572E-1	7.4403E2	5.5191E-1	1.7105E6	
797	-2.9572E-1	7.4403E2	5.5191E-1	1.7105E6	
798	-2.9572E-1	7.4403E2	5.5191E-1	1.7105E6	
799	-2.9572E-1	7.4403E2	5.5191E-1	1.7105E6	
800	-2.9572E-1	7.4403E2	5.5191E-1	1.7105E6	
801	-2.9572E-1	7.4403E2	5.5191E-1	1.7105E6	
802	-2.9572E-1	7.4403E2	5.5191E-1	1.7105E6	
803	-2.9572E-1	7.4403E2	5.5191E-1	1.7105E6	
804	-2.9572E-1	7.4403E2	5.5191E-1	1.7105E6	
805	-2.9572E-1	7.4403E2	5.5191E-1	1.7105E6	
806	-2.9572E-1	7.4403E2	5.5191E-1	1.7105E6	
807	-2.9572E-1	7.4403E2	5.5191E-1	1.7105E6	
808	-2.9572E-1	7.4403E2	5.5191E-1	1.7105E6	
809	-2.9572E-1	7.4403E2	5.5191E-1	1.7105E6	
810	-2.9572E-1	7.4403E2	5.5191E-1	1.7105E6	
811	-2.9572E-1	7.4403E2	5.5191E-1	1.7105E6	
812	-2.9572E-1	7.4403E2	5.5191E-1	1.7105E6	
813	-2.9572E-1	7.4403E2	5.5191E-1	1.7105E6	
814	-2.9572E-1	7.4403E2	5.5191E-1	1.7105E6	
815	-2.9572E-1	7.4403E2	5.5191E-1	1.7105E6	
816	-2.9572E-1	7.4403E2	5.5191E-1	1.7105E6	
817	-2.9572E-1	7.4403E2	5.5191E-1	1.7105E6	
818	-2.9572E-1	7.4403E2	5.5191E-1	1.7105E6	
819	-2.9572E-1	7.4403E2	5.5191E-1	1.7105E6	
820	-2.9572E-1	7.4403E2	5.5191E-1	1.7105E6	
821	-2.9572E-1	7.4403E2	5.5191E-1	1.7105E6	
822	-2.9572E-1	7.4403E2	5.5191E-1	1.7105E6	
823	-2.9572E-1	7.4403E2	5.5191E-1	1.7105E6	
824	-2.9572E-1	7.4403E2	5.5191E-1	1.7105E6	
825	-2.9572E-1	7.4403E2	5.5191E-1	1.7105E6	
826	-2.9572E-1	7.4403E2	5.5191E-1	1.7105E6	
827	-2.9572E-1	7.4403E2	5.5191E-1	1.7105E6	
828	-2.9572E-1	7.4403E2	5.5191E-1	1.7105E6	
829	-2.9572E-1	7.4403E2	5.5191E-1	1.7105E6	
830	-2.9572E-1	7.4403E2	5.5191E-1	1.7105E6	
831	-2.9572E-1	7.4403E2	5.5191E-1	1.7105E6	
832	-2.9572E-1	7.4403E2	5.5191E-1	1.7105E6	
833	-2.9572E-1	7.4403E2	5.5191E-1	1.7105E6	
834	-2.9572E-1	7.4403E2	5.5191E-1	1.7105E6	
835	-2.9572E-1	7.4403E2	5.5191E-1	1.7105E6	
836	-2.9572E-1	7.4403E2	5.5191E-1	1.7105E6	
837	-2.9572E-1	7.4403E2	5.5191E-1	1.7105E6	
838	-2.9572E-1	7.4403E2	5.5191E-1	1.7105E6	
839	-2.9572E-1	7.4403E2	5.5191E-1	1.7105E6	
840	-2.9572E-1	7.4403E2	5.5191E-1	1.7105E6	
841	-2.9572E-1	7.4403E2	5.5191E-1	1.7105E6	
842	-2.9572E-1	7.4403E2	5.5191E-1	1.7105E6	
843	-2.9572E-1	7.4403E2	5.5191E-1	1.7105E6	
844	-2.9572E-1	7.4403E2	5.5191E-1	1.7105E6	
845	-2.9572E-1	7.4403E2	5.5191E-1	1.7105E6	
846	-2.9572E-1	7.4403E2	5.5191E-1	1.7105E6	
847	-2.9572E-1	7.4403E2	5.5191E-1	1.7105E6	
848	-2.9572E-1	7.4403E2	5.5191E-1	1.7105E6	
849	-2.9572E-1	7.4403E2	5.5191E-1	1.7105E6	
850	-2.9572E-1	7.4403E2	5.5191E-1	1.7105E6	
851	-2.9572E-1	7.4403E2	5.5191E-1	1.7105E6	
852	-2.9572E-1	7.4403E2	5.5191E-1	1.7105E6	
853	-2.9572E-1	7.4403E2	5.5191E-1	1.7105E6	
854	-2.9572E-1	7.4403E2	5.5191E-1	1.7105E6	
855	-2.9572E-1	7.4403E2	5.5191E-1	1.7105E6	
856	-2.9572E-1	7.4403E2	5.5191E-1	1.7105E6	
857	-2.9572E-1	7.4403E2	5.5191E-1	1.7105E6	
858	-2.9572E-1	7.4403E2	5.5191E-1	1.7105E6	
859	-2.9572E-1	7.4403E2	5.5191E-1	1.7105E6	
860	-2.9572E-1	7.4403E2	5.5191E-1	1.7105E6	
861	-2.9572E-1	7.4403E2	5.5191E-1	1.7105E6	
862	-2.9572E-1	7.4403E2	5.5191E-1	1.7105E6	
863	-2.9572E-1	7.4403E2	5.5191E-1	1.7105E6	
864	-2.9572E-1	7.4403E2	5.5191E-1	1.7105E6	
865	-2.9572E-1	7.4403E2	5.5191E-1	1.7105E6	
866	-2.9572E-1	7.4403E2	5.5191E-1	1.7105E6	
867	-2.9572E-1	7.4403E2	5.5191E-1	1.7105E6	
868	-2.9572E-1	7.4403E2	5.5191E-1	1.7105E6	
869	-2.9572E-1	7.4403E2	5.5191E-1	1.7105E6	
870	-2.9572E-1	7.4403E2	5.5191E-1	1.7105E6	
871	-2.9572E-1	7.4403E2	5.5191E-1	1.7105E6	
872	-2.9572E-1	7.4403E2	5.5191E-1	1.7105E6	
873	-2.9572E-1	7.4403E2	5.5191E-1	1.7105E6	
874	-2.9572E-1	7.4403E2	5.5191E-1	1.7105E6	
875	-2.9572E-1	7.4403E2	5.5191E-1	1.7105E6	
876	-2.9572E-1	7.4403E2	5.5191E-1	1.7105E6	
877	-2.9572E-1	7.4403E2	5.5191E-1	1.7105E6	
878	-2.9572E-1	7.4403E2	5.5191E-1	1.7105E6	
879	-2.9572E-1	7.4403E2	5.5191E-1	1.7105E6	
880	-2.9572E-1	7.4403E2	5.5191E-1	1.7105E6	
881	-2.9572E-1	7.4403E2	5.5191E-1	1.7105E6	
882	-2.9572E-1	7.4403E2	5.5191E-1	1.7105E6	
883	-2.9572E-1	7.4403E2	5.5191E-1	1.7105E6	
884	-2.9572E-1	7.4403E2	5.5191E-1	1.7105E6	
885	-2.9572E-1	7.4403E2	5.5191E-1	1.7105E6	
886	-2.9572E-1	7.4403E2	5.5191E-1	1.7105E6	
887	-2.9572E-1	7.4403E2	5.5191E-1	1.7105E6	
888	-2.9572E-1	7.4403E2	5.5191E-1	1.7105E6	
889	-2.9572E-1	7.4403E2	5.5191E-1	1.7105E6	
890	-2.9572E-1	7.4403E2	5.5191E-1	1.7105E6	
891	-2.9572E-1	7.4403E2	5.5191E-1	1.7105E6	
892	-2.9572E-1	7.4403E2	5.5191E-1	1.7105E6	
893	-2.9572E-1	7.4403E2	5.5191E-1	1.7105E6	
894	-2.9572E-1	7.4403E2	5.5191E-1	1.7105E6	
895	-2.9572E-1	7.4403E2	5.5191E-1	1.7105E6	
896	-2.9572E-1	7.4403E2	5.5191E-1	1.7105E6	
897	-2.9572E-1	7.4403E2	5.5191E-1	1.7105E6	
898	-2.9572E-1	7.4403E2	5.5191E-1	1.7105E6	
899	-2.9572E-1	7.4403E2	5.5191E-1	1.7105E6	
900	-2.9572E-1	7.4403E2	5.5191E-1	1.7105E6	
901	-2.9572E-1	7.4403E2	5.5191E-1	1.7105E6	
902	-2.9572E-1	7.4403E2	5.5191E-1	1.7105E6	
903	-2.9572E-1	7.4403E2	5.5191E-1	1.7105E6	
904	-2.9572E-1	7.4403E2	5.5191E-1	1.7105E6	
905	-2.9572E-1	7.4403E2	5.5191E-1	1.7105E6	
906	-2.9572E-1	7.4403E2	5.5191E-1	1.7105E6	
907	-2.9572E-1	7.4403E2	5.5191E-1	1.7105E6	
908	-2.9572E-1	7.4403E2	5.5191E-1	1.7105E6	
909	-2.9572E-1	7.4403E2	5.5191E-1	1.7105E6	
910	-2.9572E-1	7.4403E2	5.5191E-1	1.7105E6	
911	-2.9572E-1	7.4403E2	5.5191E-1	1.7105E6	
912	-2.9572E-1	7.4403E2	5.5191E-1	1.7105E6	
913	-2.9572E-1	7.4403E2	5.5191E-1	1.7105E6	
914	-2.9572E-1	7.4403E2	5.5191E-1	1.7105E6	
915	-2.9572E-1	7.4403E2	5.5191E-1	1.7105E6	
916	-2.9572E-1	7.4403E2	5.5191E-1	1.7105E6	
917	-2.9572E-1	7.4403E2	5.5191E-1	1.7105E6	
918	-2.9572E-1	7.4403E2	5.5191E-1	1.7105E6	
919	-2.9572E-1	7.4403E2	5.5191E-1	1.7105E6	
920	-2.9572E-1	7.4403E2	5.5191E-1	1.7105E6	
921	-2.9572E-1	7.4403E2	5.5191E-1	1.7105E6	
922	-2.9572E-1	7.4403E2	5.5191E-1	1.7105E6	
923	-2.9572E-1	7.4403E2	5.5191E-1	1.7105E6	
924	-2.9572E-1	7.4403E2	5.5191E-1	1.7105E6	
925	-2.9572E-1	7.4403E2	5.5191E-1	1.7105E6	
926	-2.9572E-1	7.4403E2	5.5191E-1	1.7105E6	
927	-2.9572E-1	7.4403E2	5.5191E-1	1.7105E6	
928	-2.9572E-1	7.4403E2	5.5191E-1	1.7105E6	
929	-2.9572E-1	7.4403E2	5.5191E-1	1.7105E6	
930	-2.9572E-1	7.4403E2	5.5191E-1	1.7105E6	
931	-2.9572E-1	7.4403E2	5.5191E-1	1.7105E6	
932	-2.9572E-1	7.4403E2	5.5191E-1	1.7105E6	
933	-2.9572E-1	7.4403E2	5.5191E-1	1.7105E6	
934	-2.9572E-1	7.4403E2	5.5191E-1	1.7105E6	
935	-2.9572E-1	7.4403E2	5.5191E-1	1.7105E6	
936	-2.9572E-1	7.4403E2	5.5191E-1	1.7105E6	
937	-2.9572E-1	7.4403E2	5.5191E-1	1.7105E6	
938	-2.9572E-1	7.4403E2	5.5191E-1	1.7105E6	
939	-2.9572E-1	7.4403E2	5.5191E-1	1.7105E6	
940	-2.9572E-1	7.4403E2	5.5191E-1	1.7105E6	
941	-2.9572E-1	7.4403E2	5.5191E-1	1.7105E6	
942	-2.9572E-1	7.4403E2	5.5191E-1	1.7105E6	
943	-2.9572E-1	7.4403E2	5.5191E-1	1.7105E6	
944	-2.9572E-1	7.4403E2	5.5191E-1	1.7105E6	
945	-2.9572E-1	7.4403E2	5.5191E-1	1.7105E6	
946	-2.9572E-1	7.4403E2	5.5191E-1	1.7105E6	
947	-2.9572E-1	7.4403E2	5.5191E-1	1.7105E6	
948	-2.9572E-1	7.4403E2	5.5191E-1	1.7105E6	
949	-2.9572E-1	7.4403E2	5.5191E-1	1.7105E6	
950	-2.9572E-1	7.4403E2	5.5191E-1	1.7105E6	
951	-2.9572E-1	7.4403E2	5.5191E-1	1.7105E6	
952	-2.9572E-1	7.4403E2	5.5191E-1	1.7105E6	
953	-2.9572E-1	7.4403E2	5.5191E-1	1.7105E6	
954	-2.9572E-1	7.4403E2	5.5191E-1	1.7105E6	
955	-2.9572E-1	7.4403E2	5.5191E-1	1.7105E6	
956	-2.9572E-1	7.4403E2	5.5191E-1	1.7105E6	
957	-2.9572E-1	7.4403E2	5.5191E-1	1.7105E6	
958	-2.9572E-1	7.4403E2	5.5191E-1	1.7105E6	
959	-2.9572E-1	7.4403E2	5.5191E-1	1.7105E6	
960	-2.9572E-1	7.4403E2	5.5191E-1	1.7105E6	
961	-2.9572E-1	7.4403E2	5.5191E-1	1.7105E6	
962	-2.9572E-1	7.4403E2	5.5191E-1	1.7105E6	
963	-2.9572E-1	7.4403E2	5.5191E-1	1.7105E6	
964	-2.9572E-1	7.4403E2	5.5191E-1	1.7105E6	
965	-2.9572E-1	7.4403E2	5.5191E-1	1.7105E6	
966	-2.9572E-1	7.4403E2	5.5191E-1	1.7105E6	
967	-2.9572E-1	7.4403E2	5.5191E-1	1.7105E6	
968	-2.9572E-1	7.4403E2	5.5191E-1	1.7105E6	
969	-2.9572E-1	7.4403E2	5.5191E-1	1.7105E6	
970	-2.9572E-1	7.4403E2	5.5191E-1	1.7105E6	
971	-2.9572E-1	7.4403E2	5.5191E-1	1.7105E6	
972	-2.9572E-1	7.4403E2	5.5191E-1	1.7105E6	
973	-2.9572E-1	7.4403E2	5.5191E-1	1.7105E6	
974	-2.9572E-1	7.4403E2	5.5191E-1	1.7105E6	
975	-2.9572E-1	7.4403E2	5.5191E-1	1.7105E6	
976	-2.9572E-1	7.4403E2	5.5191E-1	1.7105E6	
977	-2.9572E-1	7.4403E2	5.5191E-1	1.7105E6	
978	-2.9572E-1	7.4403E2	5.5191E-1	1.7105E6	
979	-2.9572E-1	7.4403E2	5.5191E-1	1.7105E6	
980	-2.9572E-1	7.4403E2	5.5191E-1	1.7105E6	
981	-2.9572E-1	7.4403E2	5.5191E-1	1.7105E6	
982	-2.9572E-1	7.4403E2	5.5191E-1	1.7105E6	
983	-2.9572E-1	7.4403E2	5.5191E-1	1.7105E6	
984	-2.9572E-1	7.4403E2	5.5191E-1	1.7105E6	
985	-2.9572E-1	7.4403E2	5.5191E-1	1.7105E6	
986	-2.9572E-1	7.4403E2	5.5191E-1	1.7105E6	
987	-2.9572E-1	7.4403E2	5.5191E-1	1.7105E6	
988	-2.9572E-1	7.4403E2	5.5191E-1	1.7105E6	
989	-2.9572E-1	7.4403E2	5.5191E-1	1.7105E6	
990	-2.9572E-1	7.4403E2	5.5191E-1	1.7105E6	
991	-2.9572E-1	7.4403E2	5.5191E-1	1.7105E6	
992	-2.9572E-1	7.4403E2	5.5191E-1	1.7105E6	
993	-2.9572E-1	7.4403E2	5.5191E-1	1.7105E6	
994	-2.9572E-1	7.4403E2	5.5191E-1	1.7105E6	
995	-2.9572E-1	7.4403E2	5.5191E-1	1.7105E6	
996	-2.9572E-1	7.4403E2	5.5191E-1	1.7105E6	
997	-2.9572E-1	7.4403E2	5.5191E-1	1.7105E6	
998	-2.9572E-1	7.4403E2	5.5191E-1	1.7105E6	
999	-2.9572E-1	7.4403E2	5.5191E-1	1.7105E6	
1000	-2.9572E-1	7.4403E2	5.5191E-1	1.7105E6	
1001	-2.9572E-1	7.4403E2	5.5191E-1	1.7105E6	
1002	-2.9572E-1	7.4403E2	5.5191E-1	1.7105E6	
1003	-2.9572E-1	7.4403E2	5.5191E-1	1.7105E6	
1004	-2.9572E-1	7.4403E2	5.5191E-1	1.7105E6	
1005	-2.9572E-1	7.4403E2	5.5191E-1	1.7105E6	
1006	-2.9572E-1	7.4403E2	5.5191E-1	1.7105E6	
1007	-2.9572E-1	7.4403E2	5.5191E-1	1.7105E6	
1008	-2.9572E-1	7.4403E2	5.5191E-1	1.7105E6	
1009	-2.9572E-1	7.4403E2	5.5191E-1	1.7105E6	
1010	-2.9572E-1	7.4403E2	5.5191E-1	1.7105E6	
1011	-2.9572E-1	7.4403E2	5.5191E-1	1.7105E6	
1012	-2.9572E-1	7.4403E2	5.5191E-1	1.7105E6	
1013	-2.9572E-1	7.4403E2	5.5191E-1	1.7105E6	
1014	-2.9572E-1	7.4403E2	5.5191E-1	1.7105E6	
1015	-2.9572E-1	7.4403E2	5.5191E-1	1.7105E6	
1016	-2.9572E-1	7.4403E2	5.5191E-1	1.7105E6	
1017	-2.9572E-1	7.4403E2	5.5191E-1	1.7105E6	
1018	-2.9572E-1	7.4403E2	5.5191E-1	1.7105E6	
1019	-2.9572E-1	7.4403E2	5.5191E-1	1.7105E6	
1020	-2.9572E-1	7.4403E2	5.5191E-1	1.7105E6	
1021	-2.9572E-1	7.4403E2	5.5191E-1	1.7105E6	
1022	-2.9572E-1	7.4403E2	5.5191E-1	1.7105E6	
1023	-2.9572E-1	7.4403E2	5.5191E-1	1.7105E6	
1024	-2.9572E-1	7.4403E2	5.5191E-1	1.7105E6	
1025	-2.9884E-1	7.3939E2	5.5188E-1	1.7105E6	
1026	-3.3882E-1	6.8006E2	5.5327E-1	1.7127E6	
1027	-3.6621E-1	6.3941E2	5.5596E-1	1.7149E6	
1028	-3.8315E-1	6.1428E2	5.5908E-1	1.7171E6	
1029	-4.0337E-1	5.8427E2	5.6242E-1	1.7194E6	
1030	-4.1672E-1	5.6446E2	5.6595E-1	1.7216E6	
1031	-4.3640E-1	5.3525E2	5.6968E-1	1.7238E6	
1032	-4.5067E-1	5.1407E2	5.7356E-1	1.7260E6	
1033	-4.6417E-1	4.9403E2	5.7752E-1	1.7282E6	
1034	-4.7745E-1	4.7433E2	5.8159E-1	1.7305E6	
1035	-4.9072E-1	4.5463E2	5.8564E-1	1.7327E6	
1036	-5.0323E-1	4.3606E2	5.8971E-1	1.7349E6	
1037	-5.1285E-1	4.2179E2	5.9391E-1	1.7371E6	
1038	-5.2704E-1	4.0073E2	5.9814E-1	1.7393E6	
1039	-5.3383E-1	3.9066E2	6.0239E-1	1.7416E6	
1040	-5.5374E-1	3.6111E2	6.0681E-1	1.7438E6	
1041	-5.5817E-1	3.5454E2	6.1111E-1	1.7460E6	
1042	-5.6931E-1	3.3801E2	6.1550E-1	1.7482E6	
1043	-5.8220E-1	3.1887E2	6.1992E-1	1.7504E6	
1044	-5.9265E-1	3.0336E2	6.2439E-1	1.7527E6	
1045	-5.9616E-1	2.9815E2	6.2880E-1	1.7549E6	
1046	-6.1417E-1	2.7143E2	6.3318E-1	1.7571E6	
1047	-6.2302E-1	2.5830E2	6.3766E-1	1.7593E6	
1048	-6.3210E-1	2.4482E2	6.4217E-1	1.7615E6	
1049	-6.4041E-1	2.3248E2	6.4675E-1	1.7638E6	
1050	-6.4774E-1	2.2161E2	6.5118E-1	1.7660E6	
1051	-6.6109E-1	2.0180E2	6.5574E-1	1.7682E6	
1052	-6.6566E-1	1.9500E2	6.6029E-1	1.7704E6	
1053	-6.7818E-1	1.7643E2	6.6487E-1	1.7726E6	
1054	-6.8245E-1	1.7009E2	6.6942E-1	1.7749E6	
1055	-6.9435E-1	1.5243E2	6.7405E-1	1.7771E6	
1056	-6.9832E-1	1.4654E2	6.7870E-1	1.7793E6	
1057	-7.0824E-1	1.3182E2	6.8318E-1	1.7815E6	
1058	-7.1671E-1	1.1926E2	6.8788E-1	1.7837E6	
1059	-7.2311E-1	1.0974E2	6.9255E-1	1.7860E6	
1060	-7.3372E-1	9.4006E1	6.9717E-1	1.7882E6	
1061	-7.3921E-1	8.5853E1	7.0187E-1	1.7904E6	
1062	-7.4707E-1	7.4191E1	7.0650E-1	1.7926E6	
1063	-7.5554E-1	6.1623E1	7.1122E-1	1.7948E6	
1064	-7.5996E-1	5.5056E1	7.1585E-1	1.7971E6	
1065	-7.7042E-1	3.9544E1	7.2053E-1	1.7993E6	
1066	-7.7652E-1	3.0486E1	7.2529E-1	1.8015E6	
1067	-7.8110E-1	2.3693E1	7.2994E-1	1.8037E6	
1068	-7.8835E-1	1.2936E1	7.3477E-1	1.8059E6	
1069	-7.9308E-1	5.9161E0	7.3948E-1	1.8082E6	
1070	-7.9826E-1	-1.7832E0	7.4424E-1	1.8104E6	
1071	-8.0963E-1	-1.8654E1	7.4895E-1	1.8126E6	
1072	-8.1169E-1	-2.1711E1	7.5366E-1	1.8148E6	
1073	-8.1696E-1	-2.9524E1	7.5848E-1	1.8170E6	
1074	-8.2359E-1	-3.9374E1	7.6323E-1	1.8193E6	
1075	-8.3069E-1	-4.9904E1	7.6805E-1	1.8215E6	
1076	-8.3252E-1	-5.2622E1	7.7284E-1	1.8237E6	
1077	-8.3862E-1	-6.1680E1	7.7759E-1	1.8259E6	
1078	-8.4373E-1	-6.9266E1	7.8247E-1	1.8281E6	
1079	-8.4785E-1	-7.5380E1	7.8721E-1	1.8304E6	
1080	-8.5587E-1	-8.7269E1	7.9205E-1	1.8326E6	
1081	-8.5861E-1	-9.1345E1	7.9685E-1	1.8348E6	
1082	-8.6220E-1	-9.6666E1	8.0179E-1	1.8370E6	
1083	-8.6533E-1	-1.0131E2	8.0650E-1	1.8392E6	
1084	-8.7372E-1	-1.1376E2	8.1129E-1	1.8415E6	
1085	-8.7677E-1	-1.1829E2	8.1629E-1	1.8437E6	
1086	-8.8226E-1	-1.2644E2	8.2111E-1	1.8459E6	
1087	-8.8303E-1	-1.2758E2	8.2587E-1	1.8481E6	
1088	-8.8737E-1	-1.3403E2	8.3081E-1	1.8503E6	
1089	-8.9096E-1	-1.3935E2	8.3576E-1	1.8526E6	
1090	-8.9226E-1	-1.4128E2	8.4063E-1	1.8548E6	
1091	-8.9554E-1	-1.4615E2	8.4548E-1	1.8570E6	
1092	-8.9867E-1	-1.5079E2	8.5043E-1	1.8592E6	
1093	-9.0088E-1	-1.5407E2	8.5529E-1	1.8614E6	
1094	-9.0515E-1	-1.6041E2	8.6020E-1	1.8637E6	
1095	-9.0469E-1	-1.5973E2	8.6513E-1	1.8659E6	
1096	-9.1202E-1	-1.7060E2	8.7015E-1	1.8681E6	
1097	-9.1362E-1	-1.7298E2	8.7507E-1	1.8703E6	
1098	-9.1713E-1	-1.7819E2	8.8000E-1	1.8725E6	
1099	-9.1927E-1	-1.8136E2	8.8495E-1	1.8748E6	
1100	-9.2285E-1	-1.8668E2	8.8992E-1	1.8770E6	
1101	-9.2461E-1	-1.8929E2	8.9486E-1	1.8792E6	
1102	-9.2636E-1	-1.9189E2	8.9980E-1	1.8814E6	
1103	-9.2834E-1	-1.9483E2	9.0477E-1	1.8836E6	
1104	-9.2957E-1	-1.9664E2	9.0970E-1	1.8859E6	
1105	-9.3636E-1	-2.0672E2	9.1484E-1	1.8881E6	
1106	-9.3536E-1	-2.0525E2	9.1980E-1	1.8903E6	
1107	-9.3864E-1	-2.1012E2	9.2460E-1	1.8925E6	
1108	-9.4261E-1	-2.1601E2	9.2975E-1	1.8947E6	
1109	-9.4055E-1	-2.1295E2	9.3477E-1	1.8970E6	
1110	-9.4337E-1	-2.1714E2	9.3979E-1	1.8992E6	
1111	-9.4810E-1	-2.2416E2	9.4474E-1	1.9014E6	
1112	-9.4498E-1	-2.1952E2	9.4986E-1	1.9036E6	
1113	-9.4887E-1	-2.2529E2	9.5488E-1	1.9058E6	
1114	-9.4788E-1	-2.2382E2	9.5992E-1	1.9081E6	
1115	-9.4772E-1	-2.2359E2	9.6492E-1	1.9103E6	
1116	-9.5131E-1	-2.2891E2	9.7004E-1	1.9125E6	
1117	-9.5322E-1	-2.3174E2	9.7501E-1	1.9147E6	
1118	-9.5367E-1	-2.3242E2	9.8008E-1	1.9169E6	
1119	-9.5673E-1	-2.3695E2	9.8520E-1	1.9192E6	
1120	-9.5940E-1	-2.4092E2	9.9035E-1	1.9214E6	
1121	-9.5383E-1	-2.3265E2	9.9526E-1	1.9236E6	
1122	-9.5703E-1	-2.3741E2	1.0005E0	1.9258E6	
1123	-9.5688E-1	-2.3718E2	1.0055E0	1.9280E6	
1124	-9.5581E-1	-2.3559E2	1.0106E0	1.9303E6	
1125	-9.5284E-1	-2.3118E2	1.0158E0	1.9325E6	
1126	-9.5520E-1	-2.3469E2	1.0209E0	1.9347E6	
1127	-9.5161E-1	-2.2937E2	1.0259E0	1.9369E6	
1128	-9.5100E-1	-2.2846E2	1.0311E0	1.9391E6	
1129	-9.4688E-1	-2.2235E2	1.0362E0	1.9414E6	
1130	-9.5207E-1	-2.3005E2	1.0413E0	1.9436E6	
1131	-9.4849E-1	-2.2472E2	1.0464E0	1.9458E6	
1132	-9.4963E-1	-2.2642E2	1.0516E0	1.9480E6	
1133	-9.4406E-1	-2.1816E2	1.0567E0	1.9502E6	
1134	-9.4490E-1	-2.1940E2	1.0620E0	1.9525E6	
1135	-9.4063E-1	-2.1306E2	1.0671E0	1.9547E6	
1136	-9.4238E-1	-2.1567E2	1.0723E0	1.9569E6	
1137	-9.4299E-1	-2.1657E2	1.0774E0	1.9591E6	
1138	-9.3796E-1	-2.0910E2	1.0827E0	1.9613E6	
1139	-9.3773E-1	-2.0876E2	1.0878E0	1.9636E6	
1140	-9.2918E-1	-1.9608E2	1.0930E0	1.9658E6	
1141	-9.2926E-1	-1.9619E2	1.0982E0	1.9680E6	
1142	-9.2812E-1	-1.9449E2	1.1035E0	1.9702E6	
1143	-9.2644E-1	-1.9200E2	1.1087E0	1.9724E6	
1144	-9.2705E-1	-1.9291E2	1.1139E0	1.9747E6	
1145	-9.2278E-1	-1.8657E2	1.1191E0	1.9769E6	
1146	-9.2278E-1	-1.8657E2	1.1244E0	1.9791E6	
1147	-9.2178E-1	-1.8510E2	1.1295E0	1.9813E6	
1148	-9.1949E-1	-1.8170E2	1.1348E0	1.9835E6	
1149	-9.1759E-1	-1.7887E2	1.1400E0	1.9858E6	
1150	-9.1881E-1	-1.8068E2	1.1453E0	1.9880E6	
1151	-9.2026E-1	-1.8283E2	1.1504E0	1.9902E6	
1152	-9.1766E-1	-1.7898E2	1.1559E0	1.9924E6	
1153	-9.1515E-1	-1.7525E2	1.1610E0	1.9946E6	
1154	-9.1637E-1	-1.7706E2	1.1663E0	1.9969E6	
1155	-9.1858E-1	-1.8034E2	1.1715E0	1.9991E6	
1156	-9.1934E-1	-1.8147E2	1.1769E0	2.0013E6	
1157	-9.1522E-1	-1.7536E2	1.1822E0	2.0035E6	
1158	-9.1682E-1	-1.7774E2	1.1875E0	2.0057E6	
1159	-9.1255E-1	-1.7140E2	1.1928E0	2.0080E6	
1160	-9.0797E-1	-1.6460E2	1.1980E0	2.0102E6	
1161	-9.1072E-1	-1.6868E2	1.2033E0	2.0124E6	
1162	-9.0736E-1	-1.6370E2	1.2086E0	2.0146E6	
1163	-9.0370E-1	-1.5826E2	1.2140E0	2.0168E6	
1164	-9.0210E-1	-1.5588E2	1.2193E0	2.0191E6	
1165	-8.9813E-1	-1.5000E2	1.2245E0	2.0213E6	
1166	-8.9333E-1	-1.4286E2	1.2300E0	2.0235E6	
1167	-8.8905E-1	-1.3652E2	1.2354E0	2.0257E6	
1168	-8.8562E-1	-1.3143E2	1.2407E0	2.0279E6	
1169	-8.8135E-1	-1.2509E2	1.2460E0	2.0302E6	
1170	-8.7448E-1	-1.1490E2	1.2514E0	2.0324E6	
1171	-8.6769E-1	-1.0482E2	1.2568E0	2.0346E6	
1172	-8.5503E-1	-8.6023E1	1.2621E0	2.0368E6	
1173	-8.4915E-1	-7.7305E1	1.2676E0	2.0390E6	
1174	-8.3321E-1	-5.3641E1	1.2729E0	2.0413E6	
1175	-8.2123E-1	-3.5864E1	1.2783E0	2.0435E6	
1176	-7.9674E-1	4.8128E-1	1.2836E0	2.0457E6	
1177	-7.3128E-1	9.7629E1	1.2891E0	2.0479E6	
1178	-7.0045E-1	1.4337E2	1.2945E0	2.0501E6	
1179	-6.9229E-1	1.5549E2	1.2999E0	2.0524E6	
1180	-6.9313E-1	1.5424E2	1.3052E0	2.0546E6	
1181	-6.7963E-1	1.7428E2	1.3106E0	2.0568E6	
1182	-6.8039E-1	1.7315E2	1.3161E0	2.0590E6	
1183	-6.7833E-1	1.7621E2	1.3215E0	2.0612E6	
1184	-6.7734E-1	1.7768E2	1.3269E0	2.0635E6	
1185	-6.7535E-1	1.8062E2	1.3324E0	2.0657E6	
1186	-6.7482E-1	1.8142E2	1.3379E0	2.0679E6	
1187	-6.7001E-1	1.8855E2	1.3433E0	2.0701E6	
1188	-6.7047E-1	1.8787E2	1.3487E0	2.0723E6	
1189	-6.6872E-1	1.9047E2	1.3541E0	2.0746E6	
1190	-6.6879E-1	1.9036E2	1.3595E0	2.0768E6	
1191	-6.6978E-1	1.8889E2	1.3650E0	2.0790E6	
1192	-6.6971E-1	1.8900E2	1.3705E0	2.0812E6	
1193	-6.6933E-1	1.8957E2	1.3761E0	2.0834E6	
1194	-6.6803E-1	1.9149E2	1.3815E0	2.0857E6	
1195	-6.6971E-1	1.8900E2	1.3870E0	2.0879E6	
1196	-6.6910E-1	1.8991E2	1.3925E0	2.0901E6	
1197	-6.7055E-1	1.8776E2	1.3980E0	2.0923E6	
1198	-6.7047E-1	1.8787E2	1.4035E0	2.0945E6	
1199	-6.6902E-1	1.9002E2	1.4090E0	2.0968E6	
1200	-6.7200E-1	1.8561E2	1.4145E0	2.0990E6	
1201	-6.7116E-1	1.8685E2	1.4201E0	2.1012E6	
1202	-6.7108E-1	1.8696E2	1.4256E0	2.1034E6	
1203	-6.7009E-1	1.8844E2	1.4311E0	2.1056E6	
1204	-6.6994E-1	1.8866E2	1.4367E0	2.1079E6	
1205	-6.7268E-1	1.8459E2	1.4422E0	2.1101E6	
1206	-6.7009E-1	1.8844E2	1.4477E0	2.1123E6	
1207	-6.7085E-1	1.8730E2	1.4533E0	2.1145E6	
1208	-6.7085E-1	1.8730E2	1.4588E0	2.1167E6	
1209	-6.7513E-1	1.8096E2	1.4644E0	2.1190E6	
1210	-6.7146E-1	1.8640E2	1.4699E0	2.1212E6	
1211	-6.7352E-1	1.8334E2	1.4756E0	2.1234E6	
1212	-6.7390E-1	1.8277E2	1.4812E0	2.1256E6	
1213	-6.7139E-1	1.8651E2	1.4866E0	2.1278E6	
1214	-6.7329E-1	1.8368E2	1.4923E0	2.1301E6	
1215	-6.7406E-1	1.8255E2	1.4979E0	2.1323E6	
1216	-6.7329E-1	1.8368E2	1.5035E0	2.1345E6	
1217	-6.7238E-1	1.8504E2	1.5090E0	2.1367E6	
1218	-6.7528E-1	1.8074E2	1.5147E0	2.1389E6	
1219	-6.7459E-1	1.8176E2	1.5203E0	2.1412E6	
1220	-6.7253E-1	1.8481E2	1.5259E0	2.1434E6	
1221	-6.7207E-1	1.8549E2	1.5315E0	2.1456E6	
1222	-6.7223E-1	1.8527E2	1.5372E0	2.1478E6	
1223	-6.7444E-1	1.8198E2	1.5427E0	2.1500E6	
1224	-6.7474E-1	1.8153E2	1.5484E0	2.1523E6	
1225	-6.7390E-1	1.8277E2	1.5540E0	2.1545E6	
1226	-6.7421E-1	1.8232E2	1.5596E0	2.1567E6	
1227	-6.7390E-1	1.8277E2	1.5653E0	2.1589E6	
1228	-6.7711E-1	1.7802E2	1.5709E0	2.1611E6	
1229	-6.7345E-1	1.8345E2	1.5766E0	2.1634E6	
1230	-6.7360E-1	1.8323E2	1.5822E0	2.1656E6	
1231	-6.7749E-1	1.7745E2	1.5879E0	2.1678E6	
1232	-6.7596E-1	1.7972E2	1.5936E0	2.1700E6	
1233	-6.7604E-1	1.7960E2	1.5992E0	2.1722E6	
1234	-6.7421E-1	1.8232E2	1.6050E0	2.1745E6	
1235	-6.7741E-1	1.7757E2	1.6106E0	2.1767E6	
1236	-6.7604E-1	1.7960E2	1.6163E0	2.1789E6	
1237	-6.7596E-1	1.7972E2	1.6219E0	2.1811E6	
1238	-6.7528E-1	1.8074E2	1.6277E0	2.1833E6	
1239	-6.7764E-1	1.7723E2	1.6334E0	2.1856E6	
1240	-6.7642E-1	1.7904E2	1.6392E0	2.1878E6	
1241	-6.7642E-1	1.7904E2	1.6448E0	2.1900E6	
1242	-6.7970E-1	1.7417E2	1.6505E0	2.1922E6	
1243	-6.7970E-1	1.7417E2	1.6562E0	2.1944E6	
1244	-6.7665E-1	1.7870E2	1.6620E0	2.1967E6	
1245	-6.8008E-1	1.7360E2	1.6677E0	2.1989E6	
1246	-6.7566E-1	1.8017E2	1.6734E0	2.2011E6	
1247	-6.7543E-1	1.8051E2	1.6791E0	2.2033E6	
1248	-6.7680E-1	1.7847E2	1.6849E0	2.2055E6	
1249	-6.8001E-1	1.7372E2	1.6906E0	2.2078E6	
1250	-6.7757E-1	1.7734E2	1.6965E0	2.2100E6	
1251	-6.7940E-1	1.7462E2	1.7021E0	2.2122E6	
1252	-6.7924E-1	1.7485E2	1.7079E0	2.2144E6	
1253	-6.7917E-1	1.7496E2	1.7137E0	2.2166E6	
1254	-6.7802E-1	1.7666E2	1.7195E0	2.2189E6	
1255	-6.7963E-1	1.7428E2	1.7252E0	2.2211E6	
1256	-6.8291E-1	1.6941E2	1.7310E0	2.2233E6	
1257	-6.7894E-1	1.7530E2	1.7367E0	2.2255E6	
1258	-6.7917E-1	1.7496E2	1.7425E0	2.2277E6	
1259	-6.8283E-1	1.6953E2	1.7483E0	2.2300E6	
1260	-6.8047E-1	1.7304E2	1.7541E0	2.2322E6	
1261	-6.8359E-1	1.6840E2	1.7600E0	2.2344E6	
1262	-6.8153E-1	1.7145E2	1.7657E0	2.2366E6	
1263	-6.8069E-1	1.7270E2	1.7715E0	2.2388E6	
1264	-6.8115E-1	1.7202E2	1.7773E0	2.2411E6	
1265	-6.8192E-1	1.7089E2	1.7832E0	2.2433E6	
1266	-6.8275E-1	1.6964E2	1.7890E0	2.2455E6	
1267	-6.8352E-1	1.6851E2	1.7948E0	2.2477E6	
1268	-6.8077E-1	1.7258E2	1.8006E0	2.2499E6	
1269	-6.8375E-1	1.6817E2	1.8065E0	2.2522E6	
1270	-6.8184E-1	1.7100E2	1.8124E0	2.2544E6	
1271	-6.8352E-1	1.6851E2	1.8182E0	2.2566E6	
1272	-6.8108E-1	1.7213E2	1.8241E0	2.2588E6	
1273	-6.8489E-1	1.6647E2	1.8299E0	2.2610E6	
1274	-6.8336E-1	1.6873E2	1.8357E0	2.2633E6	
1275	-6.8161E-1	1.7134E2	1.8416E0	2.2655E6	
1276	-6.8489E-1	1.6647E2	1.8475E0	2.2677E6	
1277	-6.8283E-1	1.6953E2	1.8533E0	2.2699E6	
1278	-6.8481E-1	1.6658E2	1.8592E0	2.2721E6	
1279	-6.8481E-1	1.6658E2	1.8651E0	2.2744E6	
1280	-6.8314E-1	1.6907E2	1.8710E0	2.2766E6	
1281	-6.8520E-1	1.6602E2	1.8768E0	2.2788E6	
1282	-6.8535E-1	1.6579E2	1.8828E0	2.2810E6	
1283	-6.8581E-1	1.6511E2	1.8887E0	2.2832E6	
1284	-6.8382E-1	1.6806E2	1.8946E0	2.2855E6	
1285	-6.8413E-1	1.6760E2	1.9005E0	2.2877E6	
1286	-6.8550E-1	1.6556E2	1.9065E0	2.2899E6	
1287	-6.8504E-1	1.6624E2	1.9123E0	2.2921E6	
1288	-6.8619E-1	1.6455E2	1.9182E0	2.2943E6	
1289	-6.8680E-1	1.6364E2	1.9242E0	2.2966E6	
1290	-6.8657E-1	1.6398E2	1.9301E0	2.2988E6	
1291	-6.8657E-1	1.6398E2	1.9360E0	2.3010E6	
1292	-6.8489E-1	1.6647E2	1.9419E0	2.3032E6	
1293	-6.8535E-1	1.6579E2	1.9480E0	2.3054E6	
1294	-6.8604E-1	1.6477E2	1.9537E0	2.3077E6	
1295	-6.8588E-1	1.6500E2	1.9598E0	2.3099E6	
1296	-6.8886E-1	1.6058E2	1.9657E0	2.3121E6	
1297	-6.8687E-1	1.6353E2	1.9716E0	2.3143E6	
1298	-6.8542E-1	1.6568E2	1.9777E0	2.3165E6	
1299	-6.9023E-1	1.5854E2	1.9836E0	2.3188E6	
1300	-6.8787E-1	1.6205E2	1.9897E0	2.3210E6	
1301	-6.8863E-1	1.6092E2	1.9956E0	2.3232E6	
1302	-6.8741E-1	1.6273E2	2.0016E0	2.3254E6	
1303	-6.8871E-1	1.6081E2	2.0075E0	2.3276E6	
1304	-6.9107E-1	1.5730E2	2.0135E0	2.3299E6	
1305	-6.8893E-1	1.6047E2	2.0194E0	2.3321E6	
1306	-6.9023E-1	1.5854E2	2.0255E0	2.3343E6	
1307	-6.9153E-1	1.5662E2	2.0315E0	2.3365E6	
1308	-6.8840E-1	1.6126E2	2.0376E0	2.3387E6	
1309	-6.8939E-1	1.5979E2	2.0435E0	2.3410E6	
1310	-6.9054E-1	1.5809E2	2.0496E0	2.3432E6	
1311	-6.9176E-1	1.5628E2	2.0556E0	2.3454E6	
1312	-6.8909E-1	1.6024E2	2.0616E0	2.3476E6	
1313	-6.9107E-1	1.5730E2	2.0676E0	2.3498E6	
1314	-6.9168E-1	1.5639E2	2.0737E0	2.3521E6	
1315	-6.9145E-1	1.5673E2	2.0797E0	2.3543E6	
1316	-6.9069E-1	1.5787E2	2.0859E0	2.3565E6	
1317	-6.9130E-1	1.5696E2	2.0918E0	2.3587E6	
1318	-6.9382E-1	1.5322E2	2.0979E0	2.3609E6	
1319	-6.9092E-1	1.5753E2	2.1039E0	2.3632E6	
1320	-6.9336E-1	1.5390E2	2.1101E0	2.3654E6	
1321	-6.9221E-1	1.5560E2	2.1160E0	2.3676E6	
1322	-6.9366E-1	1.5345E2	2.1222E0	2.3698E6	
1323	-6.9260E-1	1.5503E2	2.1283E0	2.3720E6	
1324	-6.9206E-1	1.5583E2	2.1343E0	2.3743E6	
1325	-6.9412E-1	1.5277E2	2.1404E0	2.3765E6	
1326	-6.9122E-1	1.5707E2	2.1465E0	2.3787E6	
1327	-6.9298E-1	1.5447E2	2.1527E0	2.3809E6	
1328	-6.9473E-1	1.5186E2	2.1587E0	2.3831E6	
1329	-6.9527E-1	1.5107E2	2.1648E0	2.3854E6	
1330	-6.9466E-1	1.5198E2	2.1709E0	2.3876E6	
1331	-6.9527E-1	1.5107E2	2.1770E0	2.3898E6	
1332	-6.9321E-1	1.5413E2	2.1832E0	2.3920E6	
1333	-6.9412E-1	1.5277E2	2.1893E0	2.3942E6	
1334	-6.9473E-1	1.5186E2	2.1954E0	2.3965E6	
1335	-6.9778E-1	1.4734E2	2.2016E0	2.3987E6	
1336	-6.9511E-1	1.5130E2	2.2077E0	2.4009E6	
1337	-6.9748E-1	1.4779E2	2.2139E0	2.4031E6	
1338	-6.9710E-1	1.4835E2	2.2201E0	2.4053E6	
1339	-6.9443E-1	1.5232E2	2.2261E0	2.4076E6	
1340	-6.9443E-1	1.5232E2	2.2324E0	2.4098E6	
1341	-6.9595E-1	1.5005E2	2.2385E0	2.4120E6	
1342	-6.9603E-1	1.4994E2	2.2446E0	2.4142E6	
1343	-6.9717E-1	1.4824E2	2.2508E0	2.4164E6	
1344	-6.9756E-1	1.4767E2	2.2570E0	2.4187E6	
1345	-6.9809E-1	1.4688E2	2.2631E0	2.4209E6	
1346	-6.9717E-1	1.4824E2	2.2694E0	2.4231E6	
1347	-7.0000E-1	1.4405E2	2.2756E0	2.4253E6	
1348	-6.9717E-1	1.4824E2	2.2818E0	2.4275E6	
1349	-6.9717E-1	1.4824E2	2.2880E0	2.4298E6	
1350	-6.9977E-1	1.4439E2	2.2942E0	2.4320E6	
1351	-6.9763E-1	1.4756E2	2.3005E0	2.4342E6	
1352	-7.0099E-1	1.4258E2	2.3067E0	2.4364E6	
1353	-6.9992E-1	1.4416E2	2.3129E0	2.4386E6	
1354	-6.9954E-1	1.4473E2	2.3191E0	2.4409E6	
1355	-6.9923E-1	1.4518E2	2.3253E0	2.4431E6	
1356	-6.9977E-1	1.4439E2	2.3315E0	2.4453E6	
1357	-7.0084E-1	1.4281E2	2.3378E0	2.4475E6	
1358	-6.9954E-1	1.4473E2	2.3442E0	2.4497E6	
1359	-7.0091E-1	1.4269E2	2.3503E0	2.4520E6	
1360	-6.9916E-1	1.4530E2	2.3566E0	2.4542E6	
1361	-7.0145E-1	1.4190E2	2.3627E0	2.4564E6	
1362	-7.0183E-1	1.4133E2	2.3690E0	2.4586E6	
1363	-7.0122E-1	1.4224E2	2.3753E0	2.4608E6	
1364	-6.9740E-1	1.4790E2	2.3816E0	2.4631E6	
1365	-7.0023E-1	1.4371E2	2.3879E0	2.4653E6	
1366	-7.0213E-1	1.4088E2	2.3942E0	2.4675E6	
1367	-6.9908E-1	1.4541E2	2.4006E0	2.4697E6	
1368	-7.0335E-1	1.3907E2	2.4067E0	2.4719E6	
1369	-7.0396E-1	1.3816E2	2.4130E0	2.4742E6	
1370	-7.0351E-1	1.3884E2	2.4194E0	2.4764E6	
1371	-7.0328E-1	1.3918E2	2.4257E0	2.4786E6	
1372	-7.0175E-1	1.4145E2	2.4319E0	2.4808E6	
1373	-7.0351E-1	1.3884E2	2.4383E0	2.4830E6	
1374	-7.0267E-1	1.4009E2	2.4446E0	2.4853E6	
1375	-7.0351E-1	1.3884E2	2.4509E0	2.4875E6	
1376	-7.0351E-1	1.3884E2	2.4572E0	2.4897E6	
1377	-7.0656E-1	1.3431E2	2.4636E0	2.4919E6	
1378	-7.0183E-1	1.4133E2	2.4699E0	2.4941E6	
1379	-7.0580E-1	1.3545E2	2.4763E0	2.4964E6	
1380	-7.0297E-1	1.3964E2	2.4826E0	2.4986E6	
1381	-7.0396E-1	1.3816E2	2.4889E0	2.5008E6	
1382	-7.0549E-1	1.3590E2	2.4954E0	2.5030E6	
1383	-7.0732E-1	1.3318E2	2.5017E0	2.5052E6	
1384	-7.0389E-1	1.3828E2	2.5081E0	2.5075E6	
1385	-7.0534E-1	1.3613E2	2.5144E0	2.5097E6	
1386	-7.0618E-1	1.3488E2	2.5208E0	2.5119E6	
1387	-7.0580E-1	1.3545E2	2.5272E0	2.5141E6	
1388	-7.0717E-1	1.3341E2	2.5336E0	2.5163E6	
1389	-7.0633E-1	1.3465E2	2.5398E0	2.5186E6	
1390	-7.0694E-1	1.3375E2	2.5463E0	2.5208E6	
1391	-7.0663E-1	1.3420E2	2.5527E0	2.5230E6	
1392	-7.0877E-1	1.3103E2	2.5591E0	2.5252E6	
1393	-7.0732E-1	1.3318E2	2.5655E0	2.5274E6	
1394	-7.0610E-1	1.3499E2	2.5720E0	2.5297E6	
1395	-7.0663E-1	1.3420E2	2.5784E0	2.5319E6	
1396	-7.0663E-1	1.3420E2	2.5848E0	2.5341E6	
1397	-7.0854E-1	1.3137E2	2.5911E0	2.5363E6	
1398	-7.0946E-1	1.3001E2	2.5976E0	2.5385E6	
1399	-7.0908E-1	1.3058E2	2.6041E0	2.5408E6	
1400	-7.0885E-1	1.3092E2	2.6105E0	2.5430E6	
1401	-7.0908E-1	1.3058E2	2.6169E0	2.5452E6	
1402	-7.0808E-1	1.3205E2	2.6234E0	2.5474E6	
1403	-7.0946E-1	1.3001E2	2.6298E0	2.5496E6	
1404	-7.0580E-1	1.3545E2	2.6363E0	2.5519E6	
1405	-7.0915E-1	1.3046E2	2.6427E0	2.5541E6	
1406	-7.0740E-1	1.3307E2	2.6491E0	2.5563E6	
1407	-7.1098E-1	1.2775E2	2.6556E0	2.5585E6	
1408	-7.0847E-1	1.3148E2	2.6621E0	2.5607E6	
1409	-7.1030E-1	1.2877E2	2.6686E0	2.5630E6	
1410	-7.0999E-1	1.2922E2	2.6751E0	2.5652E6	
1411	-7.1007E-1	1.2911E2	2.6815E0	2.5674E6	
1412	-7.1457E-1	1.2243E2	2.6879E0	2.5696E6	
1413	-7.1266E-1	1.2526E2	2.6944E0	2.5718E6	
1414	-7.1037E-1	1.2865E2	2.7010E0	2.5741E6	
1415	-7.1121E-1	1.2741E2	2.7074E0	2.5763E6	
1416	-7.0946E-1	1.3001E2	2.7140E0	2.5785E6	
1417	-7.1159E-1	1.2684E2	2.7204E0	2.5807E6	
1418	-7.1304E-1	1.2469E2	2.7270E0	2.5829E6	
1419	-7.1365E-1	1.2378E2	2.7335E0	2.5852E6	
1420	-7.1381E-1	1.2356E2	2.7401E0	2.5874E6	
1421	-7.1365E-1	1.2378E2	2.7466E0	2.5896E6	
1422	-7.1304E-1	1.2469E2	2.7531E0	2.5918E6	
1423	-7.1480E-1	1.2209E2	2.7596E0	2.5940E6	
1424	-7.1648E-1	1.1959E2	2.7662E0	2.5963E6	
1425	-7.1556E-1	1.2095E2	2.7727E0	2.5985E6	
1426	-7.1312E-1	1.2458E2	2.7793E0	2.6007E6	
1427	-7.1526E-1	1.2141E2	2.7858E0	2.6029E6	
1428	-7.1465E-1	1.2231E2	2.7924E0	2.6051E6	
1429	-7.1678E-1	1.1914E2	2.7989E0	2.6074E6	
1430	-7.1449E-1	1.2254E2	2.8055E0	2.6096E6	
1431	-7.1556E-1	1.2095E2	2.8121E0	2.6118E6	
1432	-7.1800E-1	1.1733E2	2.8187E0	2.6140E6	
1433	-7.1564E-1	1.2084E2	2.8251E0	2.6162E6	
1434	-7.1678E-1	1.1914E2	2.8317E0	2.6185E6	
1435	-7.1663E-1	1.1937E2	2.8383E0	2.6207E6	
1436	-7.1709E-1	1.1869E2	2.8449E0	2.6229E6	
1437	-7.1732E-1	1.1835E2	2.8515E0	2.6251E6	
1438	-7.1838E-1	1.1676E2	2.8581E0	2.6273E6	
1439	-7.1869E-1	1.1631E2	2.8647E0	2.6296E6	
1440	-7.1671E-1	1.1926E2	2.8713E0	2.6318E6	
1441	-7.1770E-1	1.1778E2	2.8779E0	2.6340E6	
1442	-7.1747E-1	1.1812E2	2.8845E0	2.6362E6	
1443	-7.1960E-1	1.1495E2	2.8912E0	2.6384E6	
1444	-7.1609E-1	1.2016E2	2.8978E0	2.6407E6	
1445	-7.1777E-1	1.1767E2	2.9044E0	2.6429E6	
1446	-7.1709E-1	1.1869E2	2.9111E0	2.6451E6	
1447	-7.1930E-1	1.1541E2	2.9177E0	2.6473E6	
1448	-7.2006E-1	1.1427E2	2.9243E0	2.6495E6	
1449	-7.1930E-1	1.1541E2	2.9308E0	2.6518E6	
1450	-7.1770E-1	1.1778E2	2.9375E0	2.6540E6	
1451	-7.2136E-1	1.1235E2	2.9442E0	2.6562E6	
1452	-7.1938E-1	1.1529E2	2.9508E0	2.6584E6	
1453	-7.2113E-1	1.1269E2	2.9574E0	2.6606E6	
1454	-7.2067E-1	1.1337E2	2.9642E0	2.6629E6	
1455	-7.1892E-1	1.1597E2	2.9708E0	2.6651E6	
1456	-7.2205E-1	1.1133E2	2.9774E0	2.6673E6	
1457	-7.2189E-1	1.1156E2	2.9842E0	2.6695E6	
1458	-7.2227E-1	1.1099E2	2.9909E0	2.6717E6	
1459	-7.2166E-1	1.1190E2	2.9976E0	2.6740E6	
1460	-7.2342E-1	1.0929E2	3.0042E0	2.6762E6	
1461	-7.2144E-1	1.1224E2	3.0109E0	2.6784E6	
1462	-7.2311E-1	1.0974E2	3.0176E0	2.6806E6	
1463	-7.2266E-1	1.1042E2	3.0242E0	2.6828E6	
1464	-7.2388E-1	1.0861E2	3.0310E0	2.6851E6	
1465	-7.2037E-1	1.1382E2	3.0377E0	2.6873E6	
1466	-7.2334E-1	1.0940E2	3.0443E0	2.6895E6	
1467	-7.2342E-1	1.0929E2	3.0510E0	2.6917E6	
1468	-7.2418E-1	1.0816E2	3.0577E0	2.6939E6	
1469	-7.2418E-1	1.0816E2	3.0645E0	2.6962E6	
1470	-7.2456E-1	1.0759E2	3.0712E0	2.6984E6	
1471	-7.2281E-1	1.1020E2	3.0780E0	2.7006E6	
1472	-7.2433E-1	1.0793E2	3.0847E0	2.7028E6	
1473	-7.2533E-1	1.0646E2	3.0915E0	2.7050E6	
1474	-7.2342E-1	1.0929E2	3.0981E0	2.7073E6	
1475	-7.2502E-1	1.0691E2	3.1049E0	2.7095E6	
1476	-7.2586E-1	1.0567E2	3.1117E0	2.7117E6	
1477	-7.2456E-1	1.0759E2	3.1184E0	2.7139E6	
1478	-7.2815E-1	1.0227E2	3.1252E0	2.7161E6	
1479	-7.2723E-1	1.0363E2	3.1318E0	2.7184E6	
1480	-7.2899E-1	1.0103E2	3.1387E0	2.7206E6	
1481	-7.2571E-1	1.0589E2	3.1454E0	2.7228E6	
1482	-7.2769E-1	1.0295E2	3.1521E0	2.7250E6	
1483	-7.2632E-1	1.0499E2	3.1589E0	2.7272E6	
1484	-7.2716E-1	1.0374E2	3.1657E0	2.7295E6	
1485	-7.2769E-1	1.0295E2	3.1726E0	2.7317E6	
1486	-7.2685E-1	1.0420E2	3.1793E0	2.7339E6	
1487	-7.3120E-1	9.7742E1	3.1861E0	2.7361E6	
1488	-7.2990E-1	9.9667E1	3.1929E0	2.7383E6	
1489	-7.2594E-1	1.0555E2	3.1997E0	2.7406E6	
1490	-7.2662E-1	1.0454E2	3.2065E0	2.7428E6	
1491	-7.2716E-1	1.0374E2	3.2132E0	2.7450E6	
1492	-7.2937E-1	1.0046E2	3.2201E0	2.7472E6	
1493	-7.2823E-1	1.0216E2	3.2269E0	2.7494E6	
1494	-7.2731E-1	1.0352E2	3.2338E0	2.7517E6	
1495	-7.2823E-1	1.0216E2	3.2405E0	2.7539E6	
1496	-7.3196E-1	9.6610E1	3.2473E0	2.7561E6	
1497	-7.2685E-1	1.0420E2	3.2543E0	2.7583E6	
1498	-7.2762E-1	1.0306E2	3.2610E0	2.7605E6	
1499	-7.3143E-1	9.7403E1	3.2678E0	2.7628E6	
1500	-7.3120E-1	9.7742E1	3.2747E0	2.7650E6	
1501	-7.3029E-1	9.9101E1	3.2815E0	2.7672E6	
1502	-7.3326E-1	9.4685E1	3.2883E0	2.7694E6	
1503	-7.3105E-1	9.7969E1	3.2952E0	2.7716E6	
1504	-7.3273E-1	9.5478E1	3.3021E0	2.7739E6	
1505	-7.3204E-1	9.6497E1	3.3089E0	2.7761E6	
1506	-7.3097E-1	9.8082E1	3.3158E0	2.7783E6	
1507	-7.3326E-1	9.4685E1	3.3225E0	2.7805E6	
1508	-7.3318E-1	9.4798E1	3.3295E0	2.7827E6	
1509	-7.3288E-1	9.5251E1	3.3364E0	2.7850E6	
1510	-7.3433E-1	9.3100E1	3.3433E0	2.7872E6	
1511	-7.3593E-1	9.0722E1	3.3501E0	2.7894E6	
1512	-7.3158E-1	9.7176E1	3.3571E0	2.7916E6	
1513	-7.3341E-1	9.4459E1	3.3639E0	2.7938E6	
1514	-7.3418E-1	9.3326E1	3.3708E0	2.7961E6	
1515	-7.3273E-1	9.5478E1	3.3777E0	2.7983E6	
1516	-7.3563E-1	9.1175E1	3.3846E0	2.8005E6	
1517	-7.3326E-1	9.4685E1	3.3915E0	2.8027E6	
1518	-7.3601E-1	9.0609E1	3.3984E0	2.8049E6	
1519	-7.3509E-1	9.1968E1	3.4053E0	2.8072E6	
1520	-7.3296E-1	9.5138E1	3.4122E0	2.8094E6	
1521	-7.3532E-1	9.1628E1	3.4193E0	2.8116E6	
1522	-7.3395E-1	9.3666E1	3.4261E0	2.8138E6	
1523	-7.3349E-1	9.4345E1	3.4330E0	2.8160E6	
1524	-7.3753E-1	8.8344E1	3.4400E0	2.8183E6	
1525	-7.3463E-1	9.2647E1	3.4469E0	2.8205E6	
1526	-7.3738E-1	8.8571E1	3.4539E0	2.8227E6	
1527	-7.3547E-1	9.1402E1	3.4608E0	2.8249E6	
1528	-7.3860E-1	8.6759E1	3.4677E0	2.8271E6	
1529	-7.3723E-1	8.8797E1	3.4747E0	2.8294E6	
1530	-7.3730E-1	8.8684E1	3.4817E0	2.8316E6	
1531	-7.3738E-1	8.8571E1	3.4885E0	2.8338E6	
1532	-7.3898E-1	8.6193E1	3.4955E0	2.8360E6	
1533	-7.3700E-1	8.9137E1	3.5025E0	2.8382E6	
1534	-7.3853E-1	8.6873E1	3.5094E0	2.8405E6	
1535	-7.3746E-1	8.8458E1	3.5164E0	2.8427E6	
1536	-7.4051E-1	8.3929E1	3.5233E0	2.8449E6	
1537	-7.4043E-1	8.4042E1	3.5303E0	2.8471E6	
1538	-7.3776E-1	8.8005E1	3.5374E0	2.8493E6	
1539	-7.3944E-1	8.5514E1	3.5443E0	2.8516E6	
1540	-7.3883E-1	8.6420E1	3.5513E0	2.8538E6	
1541	-7.3975E-1	8.5061E1	3.5583E0	2.8560E6	
1542	-7.4028E-1	8.4268E1	3.5653E0	2.8582E6	
1543	-7.4020E-1	8.4382E1	3.5723E0	2.8604E6	
1544	-7.4448E-1	7.8041E1	3.5793E0	2.8627E6	
1545	-7.4089E-1	8.3363E1	3.5862E0	2.8649E6	
1546	-7.4120E-1	8.2910E1	3.5933E0	2.8671E6	
1547	-7.4242E-1	8.1098E1	3.6003E0	2.8693E6	
1548	-7.4089E-1	8.3363E1	3.6073E0	2.8715E6	
1549	-7.4333E-1	7.9739E1	3.6144E0	2.8738E6	
1550	-7.4043E-1	8.4042E1	3.6214E0	2.8760E6	
1551	-7.4402E-1	7.8720E1	3.6284E0	2.8782E6	
1552	-7.4249E-1	8.0985E1	3.6354E0	2.8804E6	
1553	-7.4188E-1	8.1891E1	3.6425E0	2.8826E6	
1554	-7.4486E-1	7.7475E1	3.6496E0	2.8849E6	
1555	-7.4448E-1	7.8041E1	3.6567E0	2.8871E6	
1556	-7.4570E-1	7.6229E1	3.6636E0	2.8893E6	
1557	-7.4471E-1	7.7701E1	3.6706E0	2.8915E6	
1558	-7.4196E-1	8.1777E1	3.6778E0	2.8937E6	
1559	-7.4478E-1	7.7588E1	3.6848E0	2.8960E6	
1560	-7.4463E-1	7.7814E1	3.6918E0	2.8982E6	
1561	-7.4280E-1	8.0532E1	3.6989E0	2.9004E6	
1562	-7.4417E-1	7.8494E1	3.7059E0	2.9026E6	
1563	-7.4379E-1	7.9060E1	3.7129E0	2.9048E6	
1564	-7.4707E-1	7.4191E1	3.7201E0	2.9071E6	
1565	-7.4310E-1	8.0079E1	3.7271E0	2.9093E6	
1566	-7.4425E-1	7.8381E1	3.7343E0	2.9115E6	
1567	-7.4509E-1	7.7135E1	3.7414E0	2.9137E6	
1568	-7.4860E-1	7.1927E1	3.7484E0	2.9159E6	
1569	-7.4448E-1	7.8041E1	3.7556E0	2.9182E6	
1570	-7.4486E-1	7.7475E1	3.7626E0	2.9204E6	
1571	-7.4570E-1	7.6229E1	3.7697E0	2.9226E6	
1572	-7.4455E-1	7.7928E1	3.7768E0	2.9248E6	
1573	-7.4699E-1	7.4304E1	3.7839E0	2.9270E6	
1574	-7.4783E-1	7.3059E1	3.7911E0	2.9293E6	
1575	-7.4638E-1	7.5210E1	3.7980E0	2.9315E6	
1576	-7.4493E-1	7.7362E1	3.8052E0	2.9337E6	
1577	-7.4684E-1	7.4531E1	3.8123E0	2.9359E6	
1578	-7.4684E-1	7.4531E1	3.8195E0	2.9381E6	
1579	-7.4860E-1	7.1927E1	3.8266E0	2.9404E6	
1580	-7.4730E-1	7.3852E1	3.8337E0	2.9426E6	
1581	-7.4821E-1	7.2493E1	3.8409E0	2.9448E6	
1582	-7.4669E-1	7.4757E1	3.8480E0	2.9470E6	
1583	-7.5020E-1	6.9549E1	3.8551E0	2.9492E6	
1584	-7.5073E-1	6.8756E1	3.8623E0	2.9515E6	
1585	-7.5150E-1	6.7624E1	3.8694E0	2.9537E6	
1586	-7.5058E-1	6.8983E1	3.8765E0	2.9559E6	
1587	-7.5172E-1	6.7284E1	3.8837E0	2.9581E6	
1588	-7.5157E-1	6.7511E1	3.8909E0	2.9603E6	
1589	-7.4829E-1	7.2380E1	3.8980E0	2.9626E6	
1590	-7.5157E-1	6.7511E1	3.9052E0	2.9648E6	
1591	-7.5195E-1	6.6945E1	3.9123E0	2.9670E6	
1592	-7.5218E-1	6.6605E1	3.9196E0	2.9692E6	
1593	-7.4936E-1	7.0794E1	3.9266E0	2.9714E6	
1594	-7.4936E-1	7.0794E1	3.9339E0	2.9737E6	
1595	-7.5195E-1	6.6945E1	3.9411E0	2.9759E6	
1596	-7.5172E-1	6.7284E1	3.9483E0	2.9781E6	
1597	-7.5363E-1	6.4454E1	3.9553E0	2.9803E6	
1598	-7.5325E-1	6.5020E1	3.9626E0	2.9825E6	
1599	-7.5180E-1	6.7171E1	3.9698E0	2.9848E6	
1600	-7.5317E-1	6.5133E1	3.9770E0	2.9870E6	
1601	-7.5439E-1	6.3322E1	3.9842E0	2.9892E6	
1602	-7.5241E-1	6.6265E1	3.9915E0	2.9914E6	
1603	-7.5592E-1	6.1057E1	3.9986E0	2.9936E6	
1604	-7.5409E-1	6.3774E1	4.0059E0	2.9959E6	
1605	-7.5378E-1	6.4227E1	4.0130E0	2.9981E6	
1606	-7.5302E-1	6.5360E1	4.0202E0	3.0003E6	
1607	-7.5439E-1	6.3322E1	4.0275E0	3.0025E6	
1608	-7.5478E-1	6.2755E1	4.0347E0	3.0047E6	
1609	-7.5378E-1	6.4227E1	4.0419E0	3.0070E6	
1610	-7.5554E-1	6.1623E1	4.0492E0	3.0092E6	
1611	-7.6027E-1	5.4603E1	4.0564E0	3.0114E6	
1612	-7.5485E-1	6.2642E1	4.0636E0	3.0136E6	
1613	-7.5394E-1	6.4001E1	4.0709E0	3.0158E6	
1614	-7.5722E-1	5.9132E1	4.0781E0	3.0181E6	
1615	-7.5592E-1	6.1057E1	4.0853E0	3.0203E6	
1616	-7.5340E-1	6.4794E1	4.0926E0	3.0225E6	
1617	-7.5722E-1	5.9132E1	4.0999E0	3.0247E6	
1618	-7.6065E-1	5.4037E1	4.1072E0	3.0269E6	
1619	-7.5768E-1	5.8453E1	4.1144E0	3.0292E6	
1620	-7.5584E-1	6.1170E1	4.1217E0	3.0314E6	
1621	-7.5790E-1	5.8113E1	4.1289E0	3.0336E6	
1622	-7.5752E-1	5.8679E1	4.1362E0	3.0358E6	
1623	-7.5699E-1	5.9472E1	4.1435E0	3.0380E6	
1624	-7.5928E-1	5.6075E1	4.1507E0	3.0403E6	
1625	-7.5912E-1	5.6302E1	4.1581E0	3.0425E6	
1626	-7.5806E-1	5.7887E1	4.1653E0	3.0447E6	
1627	-7.5699E-1	5.9472E1	4.1726E0	3.0469E6	
1628	-7.5859E-1	5.7094E1	4.1799E0	3.0491E6	
1629	-7.5966E-1	5.5509E1	4.1871E0	3.0514E6	
1630	-7.5951E-1	5.5735E1	4.1946E0	3.0536E6	
1631	-7.6057E-1	5.4150E1	4.2018E0	3.0558E6	
1632	-7.6019E-1	5.4716E1	4.2090E0	3.0580E6	
1633	-7.5928E-1	5.6075E1	4.2163E0	3.0602E6	
1634	-7.6012E-1	5.4830E1	4.2237E0	3.0625E6	
1635	-7.6248E-1	5.1320E1	4.2310E0	3.0647E6	
1636	-7.6088E-1	5.3697E1	4.2383E0	3.0669E6	
1637	-7.6134E-1	5.3018E1	4.2456E0	3.0691E6	
1638	-7.6012E-1	5.4830E1	4.2530E0	3.0713E6	
1639	-7.6004E-1	5.4943E1	4.2602E0	3.0736E6	
1640	-7.6111E-1	5.3358E1	4.2676E0	3.0758E6	
1641	-7.6439E-1	4.8489E1	4.2749E0	3.0780E6	
1642	-7.6134E-1	5.3018E1	4.2822E0	3.0802E6	
1643	-7.6424E-1	4.8715E1	4.2895E0	3.0824E6	
1644	-7.6340E-1	4.9961E1	4.2971E0	3.0847E6	
1645	-7.6210E-1	5.1886E1	4.3042E0	3.0869E6	
1646	-7.6111E-1	5.3358E1	4.3117E0	3.0891E6	
1647	-7.6439E-1	4.8489E1	4.3190E0	3.0913E6	
1648	-7.6294E-1	5.0640E1	4.3263E0	3.0935E6	
1649	-7.6347E-1	4.9848E1	4.3337E0	3.0958E6	
1650	-7.6439E-1	4.8489E1	4.3409E0	3.0980E6	
1651	-7.6492E-1	4.7696E1	4.3484E0	3.1002E6	
1652	-7.6393E-1	4.9168E1	4.3557E0	3.1024E6	
1653	-7.6614E-1	4.5885E1	4.3630E0	3.1046E6	
1654	-7.6469E-1	4.8036E1	4.3704E0	3.1069E6	
1655	-7.6622E-1	4.5772E1	4.3778E0	3.1091E6	
1656	-7.6530E-1	4.7130E1	4.3851E0	3.1113E6	
1657	-7.6782E-1	4.3394E1	4.3926E0	3.1135E6	
1658	-7.6668E-1	4.5092E1	4.3999E0	3.1157E6	
1659	-7.6668E-1	4.5092E1	4.4073E0	3.1180E6	
1660	-7.6714E-1	4.4413E1	4.4147E0	3.1202E6	
1661	-7.6759E-1	4.3734E1	4.4221E0	3.1224E6	
1662	-7.6767E-1	4.3620E1	4.4294E0	3.1246E6	
1663	-7.6881E-1	4.1922E1	4.4369E0	3.1268E6	
1664	-7.6721E-1	4.4300E1	4.4442E0	3.1291E6	
1665	-7.6897E-1	4.1695E1	4.4517E0	3.1313E6	
1666	-7.6736E-1	4.4073E1	4.4590E0	3.1335E6	
1667	-7.6828E-1	4.2714E1	4.4664E0	3.1357E6	
1668	-7.6752E-1	4.3847E1	4.4738E0	3.1379E6	
1669	-7.7042E-1	3.9544E1	4.4813E0	3.1402E6	
1670	-7.7019E-1	3.9884E1	4.4886E0	3.1424E6	
1671	-7.7095E-1	3.8752E1	4.4959E0	3.1446E6	
1672	-7.6988E-1	4.0337E1	4.5034E0	3.1468E6	
1673	-7.6790E-1	4.3281E1	4.5108E0	3.1490E6	
1674	-7.7072E-1	3.9091E1	4.5183E0	3.1513E6	
1675	-7.6851E-1	4.2375E1	4.5257E0	3.1535E6	
1676	-7.6927E-1	4.1243E1	4.5331E0	3.1557E6	
1677	-7.7217E-1	3.6940E1	4.5405E0	3.1579E6	
1678	-7.7126E-1	3.8299E1	4.5479E0	3.1601E6	
1679	-7.6973E-1	4.0563E1	4.5554E0	3.1624E6	
1680	-7.7087E-1	3.8865E1	4.5628E0	3.1646E6	
1681	-7.7202E-1	3.7166E1	4.5701E0	3.1668E6	
1682	-7.7019E-1	3.9884E1	4.5776E0	3.1690E6	
1683	-7.7477E-1	3.3090E1	4.5851E0	3.1712E6	
1684	-7.7179E-1	3.7506E1	4.5925E0	3.1735E6	
1685	-7.7255E-1	3.6374E1	4.6000E0	3.1757E6	
1686	-7.7118E-1	3.8412E1	4.6075E0	3.1779E6	
1687	-7.7682E-1	3.0033E1	4.6149E0	3.1801E6	
1688	-7.7354E-1	3.4902E1	4.6222E0	3.1823E6	
1689	-7.7301E-1	3.5694E1	4.6297E0	3.1846E6	
1690	-7.7248E-1	3.6487E1	4.6372E0	3.1868E6	
1691	-7.7637E-1	3.0713E1	4.6446E0	3.1890E6	
1692	-7.7362E-1	3.4789E1	4.6520E0	3.1912E6	
1693	-7.7385E-1	3.4449E1	4.6595E0	3.1934E6	
1694	-7.7507E-1	3.2637E1	4.6670E0	3.1957E6	
1695	-7.7690E-1	2.9920E1	4.6744E0	3.1979E6	
1696	-7.7591E-1	3.1392E1	4.6818E0	3.2001E6	
1697	-7.7492E-1	3.2864E1	4.6894E0	3.2023E6	
1698	-7.7583E-1	3.1505E1	4.6968E0	3.2045E6	
1699	-7.7454E-1	3.3430E1	4.7043E0	3.2068E6	
1700	-7.7606E-1	3.1165E1	4.7116E0	3.2090E6	
1701	-7.7583E-1	3.1505E1	4.7191E0	3.2112E6	
1702	-7.7660E-1	3.0373E1	4.7265E0	3.2134E6	
1703	-7.7843E-1	2.7655E1	4.7340E0	3.2156E6	
1704	-7.7621E-1	3.0939E1	4.7415E0	3.2179E6	
1705	-7.7766E-1	2.8788E1	4.7491E0	3.2201E6	
1706	-7.7728E-1	2.9354E1	4.7564E0	3.2223E6	
1707	-7.7736E-1	2.9241E1	4.7640E0	3.2245E6	
1708	-7.7896E-1	2.6863E1	4.7713E0	3.2267E6	
1709	-7.7774E-1	2.8674E1	4.7789E0	3.2290E6	
1710	-7.7705E-1	2.9694E1	4.7864E0	3.2312E6	
1711	-7.8072E-1	2.4259E1	4.7938E0	3.2334E6	
1712	-7.8102E-1	2.3806E1	4.8013E0	3.2356E6	
1713	-7.7843E-1	2.7655E1	4.8088E0	3.2378E6	
1714	-7.7644E-1	3.0599E1	4.8163E0	3.2401E6	
1715	-7.8087E-1	2.4032E1	4.8237E0	3.2423E6	
1716	-7.7827E-1	2.7882E1	4.8311E0	3.2445E6	
1717	-7.7827E-1	2.7882E1	4.8388E0	3.2467E6	
1718	-7.7835E-1	2.7769E1	4.8462E0	3.2489E6	
1719	-7.7766E-1	2.8788E1	4.8536E0	3.2512E6	
1720	-7.7950E-1	2.6070E1	4.8611E0	3.2534E6	
1721	-7.8163E-1	2.2900E1	4.8686E0	3.2556E6	
1722	-7.8079E-1	2.4145E1	4.8762E0	3.2578E6	
1723	-7.8186E-1	2.2560E1	4.8837E0	3.2600E6	
1724	-7.8049E-1	2.4598E1	4.8911E0	3.2623E6	
1725	-7.8087E-1	2.4032E1	4.8987E0	3.2645E6	
1726	-7.8339E-1	2.0296E1	4.9061E0	3.2667E6	
1727	-7.7980E-1	2.5617E1	4.9136E0	3.2689E6	
1728	-7.8285E-1	2.1088E1	4.9211E0	3.2711E6	
1729	-7.8331E-1	2.0409E1	4.9286E0	3.2734E6	
1730	-7.8171E-1	2.2787E1	4.9360E0	3.2756E6	
1731	-7.8331E-1	2.0409E1	4.9436E0	3.2778E6	
1732	-7.8430E-1	1.8937E1	4.9512E0	3.2800E6	
1733	-7.8331E-1	2.0409E1	4.9586E0	3.2822E6	
1734	-7.8430E-1	1.8937E1	4.9661E0	3.2845E6	
1735	-7.8453E-1	1.8597E1	4.9736E0	3.2867E6	
1736	-7.8705E-1	1.4861E1	4.9811E0	3.2889E6	
1737	-7.8659E-1	1.5540E1	4.9886E0	3.2911E6	
1738	-7.8712E-1	1.4748E1	4.9961E0	3.2933E6	
1739	-7.8438E-1	1.8824E1	5.0037E0	3.2956E6	
1740	-7.8583E-1	1.6673E1	5.0111E0	3.2978E6	
1741	-7.8514E-1	1.7692E1	5.0187E0	3.3000E6	
1742	-7.8621E-1	1.6106E1	5.0262E0	3.3022E6	
1743	-7.8468E-1	1.8371E1	5.0338E0	3.3044E6	
1744	-7.8888E-1	1.2144E1	5.0413E0	3.3067E6	
1745	-7.8621E-1	1.6106E1	5.0488E0	3.3089E6	
1746	-7.8796E-1	1.3502E1	5.0563E0	3.3111E6	
1747	-7.8835E-1	1.2936E1	5.0638E0	3.3133E6	
1748	-7.8613E-1	1.6220E1	5.0713E0	3.3155E6	
1749	-7.8896E-1	1.2030E1	5.0788E0	3.3178E6	
1750	-7.8743E-1	1.4295E1	5.0863E0	3.3200E6	
1751	-7.8789E-1	1.3615E1	5.0939E0	3.3222E6	
1752	-7.8743E-1	1.4295E1	5.1014E0	3.3244E6	
1753	-7.8888E-1	1.2144E1	5.1090E0	3.3266E6	
1754	-7.8735E-1	1.4408E1	5.1165E0	3.3289E6	
1755	-7.9147E-1	8.2939E0	5.1239E0	3.3311E6	
1756	-7.9140E-1	8.4071E0	5.1315E0	3.3333E6	
1757	-7.9025E-1	1.0105E1	5.1391E0	3.3355E6	
1758	-7.8827E-1	1.3049E1	5.1465E0	3.3377E6	
1759	-7.8720E-1	1.4634E1	5.1540E0	3.3400E6	
1760	-7.9002E-1	1.0445E1	5.1616E0	3.3422E6	
1761	-7.8850E-1	1.2710E1	5.1691E0	3.3444E6	
1762	-7.8720E-1	1.4634E1	5.1766E0	3.3466E6	
1763	-7.9056E-1	9.6526E0	5.1840E0	3.3488E6	
1764	-7.9056E-1	9.6526E0	5.1915E0	3.3511E6	
1765	-7.9094E-1	9.0864E0	5.1991E0	3.3533E6	
1766	-7.9216E-1	7.2748E0	5.2066E0	3.3555E6	
1767	-7.9216E-1	7.2748E0	5.2141E0	3.3577E6	
1768	-7.8896E-1	1.2030E1	5.2216E0	3.3599E6	
1769	-7.9239E-1	6.9351E0	5.2291E0	3.3622E6	
1770	-7.9338E-1	5.4632E0	5.2367E0	3.3644E6	
1771	-7.9285E-1	6.2558E0	5.2441E0	3.3666E6	
1772	-7.9277E-1	6.3690E0	5.2516E0	3.3688E6	
1773	-7.9315E-1	5.8029E0	5.2592E0	3.3710E6	
1774	-7.9338E-1	5.4632E0	5.2666E0	3.3733E6	
1775	-7.9285E-1	6.2558E0	5.2742E0	3.3755E6	
1776	-7.9201E-1	7.5013E0	5.2816E0	3.3777E6	
1777	-7.9338E-1	5.4632E0	5.2891E0	3.3799E6	
1778	-7.9559E-1	2.1797E0	5.2966E0	3.3821E6	
1779	-7.9651E-1	8.2096E-1	5.3043E0	3.3844E6	
1780	-7.9468E-1	3.5384E0	5.3116E0	3.3866E6	
1781	-7.9453E-1	3.7648E0	5.3192E0	3.3888E6	
1782	-7.9483E-1	3.3119E0	5.3267E0	3.3910E6	
1783	-7.9575E-1	1.9532E0	5.3342E0	3.3932E6	
1784	-7.9788E-1	-1.2171E0	5.3416E0	3.3955E6	
1785	-7.9567E-1	2.0664E0	5.3492E0	3.3977E6	
1786	-7.9720E-1	-1.9808E-1	5.3566E0	3.3999E6	
1787	-7.9376E-1	4.8971E0	5.3642E0	3.4021E6	
1788	-7.9590E-1	1.7268E0	5.3716E0	3.4043E6	
1789	-7.9689E-1	2.5483E-1	5.3791E0	3.4066E6	
1790	-7.9781E-1	-1.1039E0	5.3866E0	3.4088E6	
1791	-7.9758E-1	-7.6420E-1	5.3941E0	3.4110E6	
1792	-7.9552E-1	2.2929E0	5.4016E0	3.4132E6	
1793	-7.9956E-1	-3.7081E0	5.4092E0	3.4154E6	
1794	-7.9895E-1	-2.8023E0	5.4166E0	3.4177E6	
1795	-8.0032E-1	-4.8403E0	5.4242E0	3.4199E6	
1796	-7.9918E-1	-3.1419E0	5.4273E0	3.4208E6	
1797	-7.9918E-1	-3.1419E0	5.4273E0	3.4208E6	
1798	-7.9918E-1	-3.1419E0	5.4273E0	3.4208E6	
1799	-7.9918E-1	-3.1419E0	5.4273E0	3.4208E6	
1800	-7.9918E-1	-3.1419E0	5.4273E0	3.4208E6	
1801	-7.9918E-1	-3.1419E0	5.4273E0	3.4208E6	
1802	-7.9918E-1	-3.1419E0	5.4273E0	3.4208E6	
1803	-7.9918E-1	-3.1419E0	5.4273E0	3.4208E6	
1804	-7.9918E-1	-3.1419E0	5.4273E0	3.4208E6	
1805	-7.9918E-1	-3.1419E0	5.4273E0	3.4208E6	
1806	-7.9918E-1	-3.1419E0	5.4273E0	3.4208E6	
1807	-7.9918E-1	-3.1419E0	5.4273E0	3.4208E6	
1808	-7.9918E-1	-3.1419E0	5.4273E0	3.4208E6	
1809	-7.9918E-1	-3.1419E0	5.4273E0	3.4208E6	
1810	-7.9918E-1	-3.1419E0	5.4273E0	3.4208E6	
1811	-7.9918E-1	-3.1419E0	5.4273E0	3.4208E6	
1812	-7.9918E-1	-3.1419E0	5.4273E0	3.4208E6	
1813	-7.9918E-1	-3.1419E0	5.4273E0	3.4208E6	
1814	-7.9918E-1	-3.1419E0	5.4273E0	3.4208E6	
1815	-7.9918E-1	-3.1419E0	5.4273E0	3.4208E6	
1816	-7.9918E-1	-3.1419E0	5.4273E0	3.4208E6	
1817	-7.9918E-1	-3.1419E0	5.4273E0	3.4208E6	
1818	-7.9918E-1	-3.1419E0	5.4273E0	3.4208E6	
1819	-7.9918E-1	-3.1419E0	5.4273E0	3.4208E6	
1820	-7.9918E-1	-3.1419E0	5.4273E0	3.4208E6	
1821	-7.9918E-1	-3.1419E0	5.4273E0	3.4208E6	
1822	-7.9918E-1	-3.1419E0	5.4273E0	3.4208E6	
1823	-7.9918E-1	-3.1419E0	5.4273E0	3.4208E6	
1824	-7.9918E-1	-3.1419E0	5.4273E0	3.4208E6	
1825	-7.9918E-1	-3.1419E0	5.4273E0	3.4208E6	
1826	-7.9918E-1	-3.1419E0	5.4273E0	3.4208E6	
1827	-7.9918E-1	-3.1419E0	5.4273E0	3.4208E6	
1828	-7.9918E-1	-3.1419E0	5.4273E0	3.4208E6	
1829	-7.9918E-1	-3.1419E0	5.4273E0	3.4208E6	
1830	-7.9918E-1	-3.1419E0	5.4273E0	3.4208E6	
1831	-7.9918E-1	-3.1419E0	5.4273E0	3.4208E6	
1832	-7.9918E-1	-3.1419E0	5.4273E0	3.4208E6	
1833	-7.9918E-1	-3.1419E0	5.4273E0	3.4208E6	
1834	-7.9918E-1	-3.1419E0	5.4273E0	3.4208E6	
1835	-7.9918E-1	-3.1419E0	5.4273E0	3.4208E6	
1836	-7.9918E-1	-3.1419E0	5.4273E0	3.4208E6	
1837	-7.9918E-1	-3.1419E0	5.4273E0	3.4208E6	
1838	-7.9918E-1	-3.1419E0	5.4273E0	3.4208E6	
1839	-7.9918E-1	-3.1419E0	5.4273E0	3.4208E6	
1840	-7.9918E-1	-3.1419E0	5.4273E0	3.4208E6	
1841	-7.9918E-1	-3.1419E0	5.4273E0	3.4208E6	
1842	-7.9918E-1	-3.1419E0	5.4273E0	3.4208E6	
1843	-7.9918E-1	-3.1419E0	5.4273E0	3.4208E6	
1844	-7.9918E-1	-3.1419E0	5.4273E0	3.4208E6	
1845	-7.9918E-1	-3.1419E0	5.4273E0	3.4208E6	
1846	-7.9918E-1	-3.1419E0	5.4273E0	3.4208E6	
1847	-7.9918E-1	-3.1419E0	5.4273E0	3.4208E6	
1848	-7.9918E-1	-3.1419E0	5.4273E0	3.4208E6	
1849	-7.9918E-1	-3.1419E0	5.4273E0	3.4208E6	
1850	-7.9918E-1	-3.1419E0	5.4273E0	3.4208E6	
1851	-7.9918E-1	-3.1419E0	5.4273E0	3.4208E6	
1852	-7.9918E-1	-3.1419E0	5.4273E0	3.4208E6	
1853	-7.9918E-1	-3.1419E0	5.4273E0	3.4208E6	
1854	-7.9918E-1	-3.1419E0	5.4273E0	3.4208E6	
1855	-7.9918E-1	-3.1419E0	5.4273E0	3.4208E6	
1856	-7.9918E-1	-3.1419E0	5.4273E0	3.4208E6	
1857	-7.9918E-1	-3.1419E0	5.4273E0	3.4208E6	
1858	-7.9918E-1	-3.1419E0	5.4273E0	3.4208E6	
1859	-7.9918E-1	-3.1419E0	5.4273E0	3.4208E6	
1860	-7.9918E-1	-3.1419E0	5.4273E0	3.4208E6	
1861	-7.9918E-1	-3.1419E0	5.4273E0	3.4208E6	
1862	-7.9918E-1	-3.1419E0	5.4273E0	3.4208E6	
1863	-7.9918E-1	-3.1419E0	5.4273E0	3.4208E6	
1864	-7.9918E-1	-3.1419E0	5.4273E0	3.4208E6	
1865	-7.9918E-1	-3.1419E0	5.4273E0	3.4208E6	
1866	-7.9918E-1	-3.1419E0	5.4273E0	3.4208E6	
1867	-7.9918E-1	-3.1419E0	5.4273E0	3.4208E6	
1868	-7.9918E-1	-3.1419E0	5.4273E0	3.4208E6	
1869	-7.9918E-1	-3.1419E0	5.4273E0	3.4208E6	
1870	-7.9918E-1	-3.1419E0	5.4273E0	3.4208E6	
1871	-7.9918E-1	-3.1419E0	5.4273E0	3.4208E6	
1872	-7.9918E-1	-3.1419E0	5.4273E0	3.4208E6	
1873	-7.9918E-1	-3.1419E0	5.4273E0	3.4208E6	
1874	-7.9918E-1	-3.1419E0	5.4273E0	3.4208E6	
1875	-7.9918E-1	-3.1419E0	5.4273E0	3.4208E6	
1876	-7.9918E-1	-3.1419E0	5.4273E0	3.4208E6	
1877	-7.9918E-1	-3.1419E0	5.4273E0	3.4208E6	
1878	-7.9918E-1	-3.1419E0	5.4273E0	3.4208E6	
1879	-7.9918E-1	-3.1419E0	5.4273E0	3.4208E6	
1880	-7.9918E-1	-3.1419E0	5.4273E0	3.4208E6	
1881	-7.9918E-1	-3.1419E0	5.4273E0	3.4208E6	
1882	-7.9918E-1	-3.1419E0	5.4273E0	3.4208E6	
1883	-7.9918E-1	-3.1419E0	5.4273E0	3.4208E6	
1884	-7.9918E-1	-3.1419E0	5.4273E0	3.4208E6	
1885	-7.9918E-1	-3.1419E0	5.4273E0	3.4208E6	
1886	-7.9918E-1	-3.1419E0	5.4273E0	3.4208E6	
1887	-7.9918E-1	-3.1419E0	5.4273E0	3.4208E6	
1888	-7.9918E-1	-3.1419E0	5.4273E0	3.4208E6	
1889	-7.9918E-1	-3.1419E0	5.4273E0	3.4208E6	
1890	-7.9918E-1	-3.1419E0	5.4273E0	3.4208E6	
1891	-7.9918E-1	-3.1419E0	5.4273E0	3.4208E6	
1892	-7.9918E-1	-3.1419E0	5.4273E0	3.4208E6	
1893	-7.9918E-1	-3.1419E0	5.4273E0	3.4208E6	
1894	-7.9918E-1	-3.1419E0	5.4273E0	3.4208E6	
1895	-7.9918E-1	-3.1419E0	5.4273E0	3.4208E6	
1896	-7.9918E-1	-3.1419E0	5.4273E0	3.4208E6	
1897	-7.9918E-1	-3.1419E0	5.4273E0	3.4208E6	
1898	-7.9918E-1	-3.1419E0	5.4273E0	3.4208E6	
1899	-7.9918E-1	-3.1419E0	5.4273E0	3.4208E6	
1900	-7.9918E-1	-3.1419E0	5.4273E0	3.4208E6	
1901	-7.9918E-1	-3.1419E0	5.4273E0	3.4208E6	
1902	-7.9918E-1	-3.1419E0	5.4273E0	3.4208E6	
1903	-7.9918E-1	-3.1419E0	5.4273E0	3.4208E6	
1904	-7.9918E-1	-3.1419E0	5.4273E0	3.4208E6	
1905	-7.9918E-1	-3.1419E0	5.4273E0	3.4208E6	
1906	-7.9918E-1	-3.1419E0	5.4273E0	3.4208E6	
1907	-7.9918E-1	-3.1419E0	5.4273E0	3.4208E6	
1908	-7.9918E-1	-3.1419E0	5.4273E0	3.4208E6	
1909	-7.9918E-1	-3.1419E0	5.4273E0	3.4208E6	
1910	-7.9918E-1	-3.1419E0	5.4273E0	3.4208E6	
1911	-7.9918E-1	-3.1419E0	5.4273E0	3.4208E6	
1912	-7.9918E-1	-3.1419E0	5.4273E0	3.4208E6	
1913	-7.9918E-1	-3.1419E0	5.4273E0	3.4208E6	
1914	-7.9918E-1	-3.1419E0	5.4273E0	3.4208E6	
1915	-7.9918E-1	-3.1419E0	5.4273E0	3.4208E6	
1916	-7.9918E-1	-3.1419E0	5.4273E0	3.4208E6	
1917	-7.9918E-1	-3.1419E0	5.4273E0	3.4208E6	
1918	-7.9918E-1	-3.1419E0	5.4273E0	3.4208E6	
1919	-7.9918E-1	-3.1419E0	5.4273E0	3.4208E6	
1920	-7.9918E-1	-3.1419E0	5.4273E0	3.4208E6	
1921	-7.9918E-1	-3.1419E0	5.4273E0	3.4208E6	
1922	-7.9918E-1	-3.1419E0	5.4273E0	3.4208E6	
1923	-7.9918E-1	-3.1419E0	5.4273E0	3.4208E6	
1924	-7.9918E-1	-3.1419E0	5.4273E0	3.4208E6	
1925	-7.9918E-1	-3.1419E0	5.4273E0	3.4208E6	
1926	-7.9918E-1	-3.1419E0	5.4273E0	3.4208E6	
1927	-7.9918E-1	-3.1419E0	5.4273E0	3.4208E6	
1928	-7.9918E-1	-3.1419E0	5.4273E0	3.4208E6	
1929	-7.9918E-1	-3.1419E0	5.4273E0	3.4208E6	
1930	-7.9918E-1	-3.1419E0	5.4273E0	3.4208E6	
1931	-7.9918E-1	-3.1419E0	5.4273E0	3.4208E6	
1932	-7.9918E-1	-3.1419E0	5.4273E0	3.4208E6	
1933	-7.9918E-1	-3.1419E0	5.4273E0	3.4208E6	
1934	-7.9918E-1	-3.1419E0	5.4273E0	3.4208E6	
1935	-7.9918E-1	-3.1419E0	5.4273E0	3.4208E6	
1936	-7.9918E-1	-3.1419E0	5.4273E0	3.4208E6	
1937	-7.9918E-1	-3.1419E0	5.4273E0	3.4208E6	
1938	-7.9918E-1	-3.1419E0	5.4273E0	3.4208E6	
1939	-7.9918E-1	-3.1419E0	5.4273E0	3.4208E6	
1940	-7.9918E-1	-3.1419E0	5.4273E0	3.4208E6	
1941	-7.9918E-1	-3.1419E0	5.4273E0	3.4208E6	
1942	-7.9918E-1	-3.1419E0	5.4273E0	3.4208E6	
1943	-7.9918E-1	-3.1419E0	5.4273E0	3.4208E6	
1944	-7.9918E-1	-3.1419E0	5.4273E0	3.4208E6	
1945	-7.9918E-1	-3.1419E0	5.4273E0	3.4208E6	
1946	-7.9918E-1	-3.1419E0	5.4273E0	3.4208E6	
1947	-7.9918E-1	-3.1419E0	5.4273E0	3.4208E6	
1948	-7.9918E-1	-3.1419E0	5.4273E0	3.4208E6	
1949	-7.9918E-1	-3.1419E0	5.4273E0	3.4208E6	
1950	-7.9918E-1	-3.1419E0	5.4273E0	3.4208E6	
1951	-7.9918E-1	-3.1419E0	5.4273E0	3.4208E6	
1952	-7.9918E-1	-3.1419E0	5.4273E0	3.4208E6	
1953	-7.9918E-1	-3.1419E0	5.4273E0	3.4208E6	
1954	-7.9918E-1	-3.1419E0	5.4273E0	3.4208E6	
1955	-7.9918E-1	-3.1419E0	5.4273E0	3.4208E6	
1956	-7.9918E-1	-3.1419E0	5.4273E0	3.4208E6	
1957	-7.9918E-1	-3.1419E0	5.4273E0	3.4208E6	
1958	-7.9918E-1	-3.1419E0	5.4273E0	3.4208E6	
1959	-7.9918E-1	-3.1419E0	5.4273E0	3.4208E6	
1960	-7.9918E-1	-3.1419E0	5.4273E0	3.4208E6	
1961	-7.9918E-1	-3.1419E0	5.4273E0	3.4208E6	
1962	-7.9918E-1	-3.1419E0	5.4273E0	3.4208E6	
1963	-7.9918E-1	-3.1419E0	5.4273E0	3.4208E6	
1964	-7.9918E-1	-3.1419E0	5.4273E0	3.4208E6	
1965	-7.9918E-1	-3.1419E0	5.4273E0	3.4208E6	
1966	-7.9918E-1	-3.1419E0	5.4273E0	3.4208E6	
1967	-7.9918E-1	-3.1419E0	5.4273E0	3.4208E6	
1968	-7.9918E-1	-3.1419E0	5.4273E0	3.4208E6	
1969	-7.9918E-1	-3.1419E0	5.4273E0	3.4208E6	
1970	-7.9918E-1	-3.1419E0	5.4273E0	3.4208E6	
1971	-7.9918E-1	-3.1419E0	5.4273E0	3.4208E6	
1972	-7.9918E-1	-3.1419E0	5.4273E0	3.4208E6	
1973	-7.9918E-1	-3.1419E0	5.4273E0	3.4208E6	
1974	-7.9918E-1	-3.1419E0	5.4273E0	3.4208E6	
1975	-7.9918E-1	-3.1419E0	5.4273E0	3.4208E6	
1976	-7.9918E-1	-3.1419E0	5.4273E0	3.4208E6	
1977	-7.9918E-1	-3.1419E0	5.4273E0	3.4208E6	
1978	-7.9918E-1	-3.1419E0	5.4273E0	3.4208E6	
1979	-7.9918E-1	-3.1419E0	5.4273E0	3.4208E6	
1980	-7.9918E-1	-3.1419E0	5.4273E0	3.4208E6	
1981	-7.9918E-1	-3.1419E0	5.4273E0	3.4208E6	
1982	-7.9918E-1	-3.1419E0	5.4273E0	3.4208E6	
1983	-7.9918E-1	-3.1419E0	5.4273E0	3.4208E6	
1984	-7.9918E-1	-3.1419E0	5.4273E0	3.4208E6	
1985	-7.9918E-1	-3.1419E0	5.4273E0	3.4208E6	
1986	-7.9918E-1	-3.1419E0	5.4273E0	3.4208E6	
1987	-7.9918E-1	-3.1419E0	5.4273E0	3.4208E6	
1988	-7.9918E-1	-3.1419E0	5.4273E0	3.4208E6	
1989	-7.9918E-1	-3.1419E0	5.4273E0	3.4208E6	
1990	-7.9918E-1	-3.1419E0	5.4273E0	3.4208E6	
1991	-7.9918E-1	-3.1419E0	5.4273E0	3.4208E6	
1992	-7.9918E-1	-3.1419E0	5.4273E0	3.4208E6	
1993	-7.9918E-1	-3.1419E0	5.4273E0	3.4208E6	
1994	-7.9918E-1	-3.1419E0	5.4273E0	3.4208E6	
1995	-7.9918E-1	-3.1419E0	5.4273E0	3.4208E6	
1996	-7.9918E-1	-3.1419E0	5.4273E0	3.4208E6	
1997	-7.9918E-1	-3.1419E0	5.4273E0	3.4208E6	
1998	-7.9918E-1	-3.1419E0	5.4273E0	3.4208E6	
1999	-7.9918E-1	-3.1419E0	5.4273E0	3.4208E6	
2000	-7.9918E-1	-3.1419E0	5.4273E0	3.4208E6	
2001	-7.9918E-1	-3.1419E0	5.4273E0	3.4208E6	
2002	-7.9918E-1	-3.1419E0	5.4273E0	3.4208E6	
2003	-7.9918E-1	-3.1419E0	5.4273E0	3.4208E6	
2004	-7.9918E-1	-3.1419E0	5.4273E0	3.4208E6	
2005	-7.9918E-1	-3.1419E0	5.4273E0	3.4208E6	
2006	-7.9918E-1	-3.1419E0	5.4273E0	3.4208E6	
2007	-7.9918E-1	-3.1419E0	5.4273E0	3.4208E6	
2008	-7.9918E-1	-3.1419E0	5.4273E0	3.4208E6	
2009	-7.9918E-1	-3.1419E0	5.4273E0	3.4208E6	
2010	-7.9918E-1	-3.1419E0	5.4273E0	3.4208E6	
2011	-7.9918E-1	-3.1419E0	5.4273E0	3.4208E6	
2012	-7.9918E-1	-3.1419E0	5.4273E0	3.4208E6	
2013	-7.9918E-1	-3.1419E0	5.4273E0	3.4208E6	
2014	-7.9918E-1	-3.1419E0	5.4273E0	3.4208E6	
2015	-7.9918E-1	-3.1419E0	5.4273E0	3.4208E6	
2016	-7.9918E-1	-3.1419E0	5.4273E0	3.4208E6	
2017	-7.9918E-1	-3.1419E0	5.4273E0	3.4208E6	
2018	-7.9918E-1	-3.1419E0	5.4273E0	3.4208E6	
2019	-7.9918E-1	-3.1419E0	5.4273E0	3.4208E6	
2020	-7.9918E-1	-3.1419E0	5.4273E0	3.4208E6	
2021	-7.9918E-1	-3.1419E0	5.4273E0	3.4208E6	
2022	-7.9918E-1	-3.1419E0	5.4273E0	3.4208E6	
2023	-7.9918E-1	-3.1419E0	5.4273E0	3.4208E6	
2024	-7.9918E-1	-3.1419E0	5.4273E0	3.4208E6	
2025	-7.9918E-1	-3.1419E0	5.4273E0	3.4208E6	
2026	-7.9918E-1	-3.1419E0	5.4273E0	3.4208E6	
2027	-7.9918E-1	-3.1419E0	5.4273E0	3.4208E6	
2028	-7.9918E-1	-3.1419E0	5.4273E0	3.4208E6	
2029	-7.9918E-1	-3.1419E0	5.4273E0	3.4208E6	
2030	-7.9918E-1	-3.1419E0	5.4273E0	3.4208E6	
2031	-7.9918E-1	-3.1419E0	5.4273E0	3.4208E6	
2032	-7.9918E-1	-3.1419E0	5.4273E0	3.4208E6	
2033	-7.9918E-1	-3.1419E0	5.4273E0	3.4208E6	
2034	-7.9918E-1	-3.1419E0	5.4273E0	3.4208E6	
2035	-7.9918E-1	-3.1419E0	5.4273E0	3.4208E6	
2036	-7.9918E-1	-3.1419E0	5.4273E0	3.4208E6	
2037	-7.9918E-1	-3.1419E0	5.4273E0	3.4208E6	
2038	-7.9918E-1	-3.1419E0	5.4273E0	3.4208E6	
2039	-7.9918E-1	-3.1419E0	5.4273E0	3.4208E6	
2040	-7.9918E-1	-3.1419E0	5.4273E0	3.4208E6	
2041	-7.9918E-1	-3.1419E0	5.4273E0	3.4208E6	
2042	-7.9918E-1	-3.1419E0	5.4273E0	3.4208E6	
2043	-7.9918E-1	-3.1419E0	5.4273E0	3.4208E6	
2044	-7.9918E-1	-3.1419E0	5.4273E0	3.4208E6	
2045	-7.9918E-1	-3.1419E0	5.4273E0	3.4208E6	
2046	-7.9918E-1	-3.1419E0	5.4273E0	3.4208E6	
2047	-7.9918E-1	-3.1419E0	5.4273E0	3.4208E6	
2048	-7.9918E-1	-3.1419E0	5.4273E0	3.4208E6	
