point 004
Index	Vertical (A-B)	Force	Z Height	Time Stamp	
     	V	nN	?m	?sec	
1	-7.8880E-1	-1.3587E0	5.5035E0	1.2000E2	
2	-7.8682E-1	1.5852E0	5.5022E0	2.3400E3	
3	-7.9056E-1	-3.9628E0	5.4996E0	4.5600E3	
4	-7.8560E-1	3.3968E0	5.4966E0	6.7800E3	
5	-7.8667E-1	1.8117E0	5.4932E0	9.0000E3	
6	-7.8743E-1	6.7941E-1	5.4898E0	1.1220E4	
7	-7.8796E-1	-1.1317E-1	5.4859E0	1.3440E4	
8	-7.8545E-1	3.6233E0	5.4820E0	1.5660E4	
9	-7.8697E-1	1.3588E0	5.4780E0	1.7880E4	
10	-7.8842E-1	-7.9252E-1	5.4739E0	2.0100E4	
11	-7.8796E-1	-1.1317E-1	5.4698E0	2.2320E4	
12	-7.8522E-1	3.9630E0	5.4656E0	2.4540E4	
13	-7.8758E-1	4.5296E-1	5.4613E0	2.6760E4	
14	-7.8476E-1	4.6423E0	5.4568E0	2.8980E4	
15	-7.8430E-1	5.3217E0	5.4525E0	3.1200E4	
16	-7.8339E-1	6.6804E0	5.4480E0	3.3420E4	
17	-7.8613E-1	2.6042E0	5.4435E0	3.5640E4	
18	-7.8598E-1	2.8307E0	5.4390E0	3.7860E4	
19	-7.8506E-1	4.1894E0	5.4343E0	4.0080E4	
20	-7.8506E-1	4.1894E0	5.4299E0	4.2300E4	
21	-7.8384E-1	6.0010E0	5.4253E0	4.4520E4	
22	-7.8415E-1	5.5481E0	5.4206E0	4.6740E4	
23	-7.8217E-1	8.4920E0	5.4159E0	4.8960E4	
24	-7.8293E-1	7.3597E0	5.4113E0	5.1180E4	
25	-7.8247E-1	8.0391E0	5.4066E0	5.3400E4	
26	-7.8445E-1	5.0952E0	5.4018E0	5.5620E4	
27	-7.8369E-1	6.2275E0	5.3971E0	5.7840E4	
28	-7.8415E-1	5.5481E0	5.3923E0	6.0060E4	
29	-7.8384E-1	6.0010E0	5.3875E0	6.2280E4	
30	-7.8171E-1	9.1713E0	5.3828E0	6.4500E4	
31	-7.8148E-1	9.5110E0	5.3780E0	6.6720E4	
32	-7.8293E-1	7.3597E0	5.3731E0	6.8940E4	
33	-7.8079E-1	1.0530E1	5.3683E0	7.1160E4	
34	-7.7957E-1	1.2342E1	5.3635E0	7.3380E4	
35	-7.8094E-1	1.0304E1	5.3585E0	7.5600E4	
36	-7.7934E-1	1.2681E1	5.3537E0	7.7820E4	
37	-7.8331E-1	6.7936E0	5.3489E0	8.0040E4	
38	-7.8232E-1	8.2655E0	5.3440E0	8.2260E4	
39	-7.7896E-1	1.3247E1	5.3390E0	8.4480E4	
40	-7.8094E-1	1.0304E1	5.3341E0	8.6700E4	
41	-7.8171E-1	9.1713E0	5.3292E0	8.8920E4	
42	-7.8209E-1	8.6052E0	5.3243E0	9.1140E4	
43	-7.8133E-1	9.7375E0	5.3193E0	9.3360E4	
44	-7.7980E-1	1.2002E1	5.3144E0	9.5580E4	
45	-7.8018E-1	1.1436E1	5.3094E0	9.7800E4	
46	-7.7927E-1	1.2795E1	5.3044E0	1.0002E5	
47	-7.7797E-1	1.4719E1	5.2995E0	1.0224E5	
48	-7.8140E-1	9.6242E0	5.2945E0	1.0446E5	
49	-7.7888E-1	1.3361E1	5.2895E0	1.0668E5	
50	-7.7995E-1	1.1776E1	5.2845E0	1.0890E5	
51	-7.7904E-1	1.3134E1	5.2794E0	1.1112E5	
52	-7.7789E-1	1.4833E1	5.2744E0	1.1334E5	
53	-7.7736E-1	1.5625E1	5.2693E0	1.1556E5	
54	-7.7766E-1	1.5172E1	5.2643E0	1.1778E5	
55	-7.7843E-1	1.4040E1	5.2593E0	1.2000E5	
56	-7.7751E-1	1.5399E1	5.2543E0	1.2222E5	
57	-7.7560E-1	1.8229E1	5.2492E0	1.2444E5	
58	-7.8102E-1	1.0190E1	5.2441E0	1.2666E5	
59	-7.7705E-1	1.6078E1	5.2390E0	1.2888E5	
60	-7.8110E-1	1.0077E1	5.2340E0	1.3110E5	
61	-7.7812E-1	1.4493E1	5.2290E0	1.3332E5	
62	-7.7835E-1	1.4153E1	5.2239E0	1.3554E5	
63	-7.7660E-1	1.6757E1	5.2186E0	1.3776E5	
64	-7.7408E-1	2.0494E1	5.2135E0	1.3998E5	
65	-7.7782E-1	1.4946E1	5.2085E0	1.4220E5	
66	-7.7698E-1	1.6191E1	5.2033E0	1.4442E5	
67	-7.7736E-1	1.5625E1	5.1982E0	1.4664E5	
68	-7.7728E-1	1.5738E1	5.1930E0	1.4886E5	
69	-7.7591E-1	1.7776E1	5.1879E0	1.5108E5	
70	-7.7690E-1	1.6305E1	5.1827E0	1.5330E5	
71	-7.7713E-1	1.5965E1	5.1775E0	1.5552E5	
72	-7.7591E-1	1.7776E1	5.1725E0	1.5774E5	
73	-7.7576E-1	1.8003E1	5.1672E0	1.5996E5	
74	-7.7637E-1	1.7097E1	5.1620E0	1.6218E5	
75	-7.7782E-1	1.4946E1	5.1567E0	1.6440E5	
76	-7.7690E-1	1.6305E1	5.1517E0	1.6662E5	
77	-7.7995E-1	1.1776E1	5.1464E0	1.6884E5	
78	-7.7682E-1	1.6418E1	5.1412E0	1.7106E5	
79	-7.7797E-1	1.4719E1	5.1360E0	1.7328E5	
80	-7.7751E-1	1.5399E1	5.1309E0	1.7550E5	
81	-7.7568E-1	1.8116E1	5.1256E0	1.7772E5	
82	-7.7721E-1	1.5852E1	5.1203E0	1.7994E5	
83	-7.7721E-1	1.5852E1	5.1151E0	1.8216E5	
84	-7.7469E-1	1.9588E1	5.1098E0	1.8438E5	
85	-7.7629E-1	1.7210E1	5.1046E0	1.8660E5	
86	-7.7583E-1	1.7890E1	5.0994E0	1.8882E5	
87	-7.7286E-1	2.2306E1	5.0941E0	1.9104E5	
88	-7.7385E-1	2.0834E1	5.0888E0	1.9326E5	
89	-7.7278E-1	2.2419E1	5.0836E0	1.9548E5	
90	-7.7606E-1	1.7550E1	5.0782E0	1.9770E5	
91	-7.7461E-1	1.9701E1	5.0729E0	1.9992E5	
92	-7.7454E-1	1.9815E1	5.0676E0	2.0214E5	
93	-7.7545E-1	1.8456E1	5.0623E0	2.0436E5	
94	-7.7705E-1	1.6078E1	5.0570E0	2.0658E5	
95	-7.7477E-1	1.9475E1	5.0517E0	2.0880E5	
96	-7.7431E-1	2.0154E1	5.0465E0	2.1102E5	
97	-7.7438E-1	2.0041E1	5.0410E0	2.1324E5	
98	-7.7522E-1	1.8796E1	5.0356E0	2.1546E5	
99	-7.7408E-1	2.0494E1	5.0303E0	2.1768E5	
100	-7.7469E-1	1.9588E1	5.0250E0	2.1990E5	
101	-7.7393E-1	2.0720E1	5.0197E0	2.2212E5	
102	-7.7454E-1	1.9815E1	5.0143E0	2.2434E5	
103	-7.7209E-1	2.3438E1	5.0090E0	2.2656E5	
104	-7.7217E-1	2.3325E1	5.0035E0	2.2878E5	
105	-7.7179E-1	2.3891E1	4.9982E0	2.3100E5	
106	-7.7202E-1	2.3551E1	4.9928E0	2.3322E5	
107	-7.7011E-1	2.6382E1	4.9875E0	2.3544E5	
108	-7.7286E-1	2.2306E1	4.9821E0	2.3766E5	
109	-7.7179E-1	2.3891E1	4.9767E0	2.3988E5	
110	-7.7065E-1	2.5589E1	4.9713E0	2.4210E5	
111	-7.7103E-1	2.5023E1	4.9659E0	2.4432E5	
112	-7.6996E-1	2.6608E1	4.9605E0	2.4654E5	
113	-7.7011E-1	2.6382E1	4.9550E0	2.4876E5	
114	-7.6973E-1	2.6948E1	4.9496E0	2.5098E5	
115	-7.6942E-1	2.7401E1	4.9442E0	2.5320E5	
116	-7.7057E-1	2.5702E1	4.9389E0	2.5542E5	
117	-7.7065E-1	2.5589E1	4.9333E0	2.5764E5	
118	-7.6988E-1	2.6721E1	4.9280E0	2.5986E5	
119	-7.6920E-1	2.7740E1	4.9224E0	2.6208E5	
120	-7.6859E-1	2.8646E1	4.9170E0	2.6430E5	
121	-7.6897E-1	2.8080E1	4.9115E0	2.6652E5	
122	-7.6820E-1	2.9212E1	4.9061E0	2.6874E5	
123	-7.6805E-1	2.9439E1	4.9006E0	2.7096E5	
124	-7.6622E-1	3.2156E1	4.8951E0	2.7318E5	
125	-7.6508E-1	3.3855E1	4.8896E0	2.7540E5	
126	-7.6576E-1	3.2836E1	4.8841E0	2.7762E5	
127	-7.6729E-1	3.0571E1	4.8787E0	2.7984E5	
128	-7.6767E-1	3.0005E1	4.8731E0	2.8206E5	
129	-7.6721E-1	3.0684E1	4.8676E0	2.8428E5	
130	-7.6584E-1	3.2722E1	4.8621E0	2.8650E5	
131	-7.6553E-1	3.3175E1	4.8566E0	2.8872E5	
132	-7.6599E-1	3.2496E1	4.8511E0	2.9094E5	
133	-7.6553E-1	3.3175E1	4.8457E0	2.9316E5	
134	-7.6721E-1	3.0684E1	4.8400E0	2.9538E5	
135	-7.6736E-1	3.0458E1	4.8346E0	2.9760E5	
136	-7.6668E-1	3.1477E1	4.8289E0	2.9982E5	
137	-7.6553E-1	3.3175E1	4.8234E0	3.0204E5	
138	-7.6668E-1	3.1477E1	4.8178E0	3.0426E5	
139	-7.6630E-1	3.2043E1	4.8123E0	3.0648E5	
140	-7.6546E-1	3.3288E1	4.8067E0	3.0870E5	
141	-7.6599E-1	3.2496E1	4.8012E0	3.1092E5	
142	-7.6523E-1	3.3628E1	4.7956E0	3.1314E5	
143	-7.6286E-1	3.7138E1	4.7900E0	3.1536E5	
144	-7.6813E-1	2.9326E1	4.7843E0	3.1758E5	
145	-7.6447E-1	3.4760E1	4.7788E0	3.1980E5	
146	-7.6355E-1	3.6119E1	4.7732E0	3.2202E5	
147	-7.6569E-1	3.2949E1	4.7676E0	3.2424E5	
148	-7.6584E-1	3.2722E1	4.7620E0	3.2646E5	
149	-7.6447E-1	3.4760E1	4.7564E0	3.2868E5	
150	-7.6607E-1	3.2383E1	4.7509E0	3.3090E5	
151	-7.6538E-1	3.3402E1	4.7452E0	3.3312E5	
152	-7.6546E-1	3.3288E1	4.7395E0	3.3534E5	
153	-7.6500E-1	3.3968E1	4.7339E0	3.3756E5	
154	-7.6347E-1	3.6232E1	4.7283E0	3.3978E5	
155	-7.6416E-1	3.5213E1	4.7227E0	3.4200E5	
156	-7.6233E-1	3.7931E1	4.7170E0	3.4422E5	
157	-7.6477E-1	3.4307E1	4.7113E0	3.4644E5	
158	-7.6332E-1	3.6459E1	4.7057E0	3.4866E5	
159	-7.6508E-1	3.3855E1	4.7000E0	3.5088E5	
160	-7.6385E-1	3.5666E1	4.6943E0	3.5310E5	
161	-7.6424E-1	3.5100E1	4.6887E0	3.5532E5	
162	-7.6408E-1	3.5326E1	4.6830E0	3.5754E5	
163	-7.6378E-1	3.5779E1	4.6773E0	3.5976E5	
164	-7.6256E-1	3.7591E1	4.6716E0	3.6198E5	
165	-7.6447E-1	3.4760E1	4.6659E0	3.6420E5	
166	-7.6454E-1	3.4647E1	4.6602E0	3.6642E5	
167	-7.6248E-1	3.7704E1	4.6545E0	3.6864E5	
168	-7.6248E-1	3.7704E1	4.6489E0	3.7086E5	
169	-7.6424E-1	3.5100E1	4.6431E0	3.7308E5	
170	-7.6195E-1	3.8497E1	4.6373E0	3.7530E5	
171	-7.6172E-1	3.8836E1	4.6316E0	3.7752E5	
172	-7.6347E-1	3.6232E1	4.6259E0	3.7974E5	
173	-7.6263E-1	3.7478E1	4.6201E0	3.8196E5	
174	-7.6263E-1	3.7478E1	4.6144E0	3.8418E5	
175	-7.6111E-1	3.9742E1	4.6088E0	3.8640E5	
176	-7.5928E-1	4.2460E1	4.6030E0	3.8862E5	
177	-7.5989E-1	4.1554E1	4.5972E0	3.9084E5	
178	-7.6439E-1	3.4874E1	4.5914E0	3.9306E5	
179	-7.6073E-1	4.0308E1	4.5856E0	3.9528E5	
180	-7.6347E-1	3.6232E1	4.5799E0	3.9750E5	
181	-7.6004E-1	4.1327E1	4.5740E0	3.9972E5	
182	-7.6111E-1	3.9742E1	4.5682E0	4.0194E5	
183	-7.6073E-1	4.0308E1	4.5625E0	4.0416E5	
184	-7.5882E-1	4.3139E1	4.5567E0	4.0638E5	
185	-7.5821E-1	4.4045E1	4.5510E0	4.0860E5	
186	-7.6096E-1	3.9969E1	4.5452E0	4.1082E5	
187	-7.5813E-1	4.4158E1	4.5393E0	4.1304E5	
188	-7.5867E-1	4.3366E1	4.5334E0	4.1526E5	
189	-7.5714E-1	4.5630E1	4.5277E0	4.1748E5	
190	-7.5706E-1	4.5743E1	4.5219E0	4.1970E5	
191	-7.5562E-1	4.7895E1	4.5161E0	4.2192E5	
192	-7.5775E-1	4.4724E1	4.5103E0	4.2414E5	
193	-7.5706E-1	4.5743E1	4.5043E0	4.2636E5	
194	-7.5645E-1	4.6649E1	4.4986E0	4.2858E5	
195	-7.5638E-1	4.6762E1	4.4927E0	4.3080E5	
196	-7.5806E-1	4.4271E1	4.4869E0	4.3302E5	
197	-7.5623E-1	4.6989E1	4.4810E0	4.3524E5	
198	-7.5722E-1	4.5517E1	4.4751E0	4.3746E5	
199	-7.5317E-1	5.1518E1	4.4693E0	4.3968E5	
200	-7.5531E-1	4.8347E1	4.4634E0	4.4190E5	
201	-7.5218E-1	5.2990E1	4.4576E0	4.4412E5	
202	-7.5539E-1	4.8234E1	4.4516E0	4.4634E5	
203	-7.5493E-1	4.8914E1	4.4458E0	4.4856E5	
204	-7.5523E-1	4.8461E1	4.4399E0	4.5078E5	
205	-7.5340E-1	5.1178E1	4.4340E0	4.5300E5	
206	-7.5325E-1	5.1405E1	4.4281E0	4.5522E5	
207	-7.5539E-1	4.8234E1	4.4221E0	4.5744E5	
208	-7.5691E-1	4.5970E1	4.4163E0	4.5966E5	
209	-7.5554E-1	4.8008E1	4.4104E0	4.6188E5	
210	-7.5325E-1	5.1405E1	4.4045E0	4.6410E5	
211	-7.5272E-1	5.2197E1	4.3985E0	4.6632E5	
212	-7.5439E-1	4.9706E1	4.3927E0	4.6854E5	
213	-7.5363E-1	5.0838E1	4.3867E0	4.7076E5	
214	-7.5378E-1	5.0612E1	4.3808E0	4.7298E5	
215	-7.5348E-1	5.1065E1	4.3748E0	4.7520E5	
216	-7.5142E-1	5.4122E1	4.3689E0	4.7742E5	
217	-7.5211E-1	5.3103E1	4.3629E0	4.7964E5	
218	-7.5233E-1	5.2763E1	4.3570E0	4.8186E5	
219	-7.5195E-1	5.3329E1	4.3512E0	4.8408E5	
220	-7.5233E-1	5.2763E1	4.3451E0	4.8630E5	
221	-7.5310E-1	5.1631E1	4.3391E0	4.8852E5	
222	-7.5073E-1	5.5141E1	4.3332E0	4.9074E5	
223	-7.5165E-1	5.3782E1	4.3272E0	4.9296E5	
224	-7.5104E-1	5.4688E1	4.3214E0	4.9518E5	
225	-7.5089E-1	5.4915E1	4.3153E0	4.9740E5	
226	-7.5325E-1	5.1405E1	4.3093E0	4.9962E5	
227	-7.5089E-1	5.4915E1	4.3033E0	5.0184E5	
228	-7.5043E-1	5.5594E1	4.2974E0	5.0406E5	
229	-7.5066E-1	5.5254E1	4.2913E0	5.0628E5	
230	-7.5127E-1	5.4348E1	4.2853E0	5.0850E5	
231	-7.5348E-1	5.1065E1	4.2794E0	5.1072E5	
232	-7.5027E-1	5.5820E1	4.2732E0	5.1294E5	
233	-7.5050E-1	5.5481E1	4.2673E0	5.1516E5	
234	-7.5104E-1	5.4688E1	4.2613E0	5.1738E5	
235	-7.5333E-1	5.1291E1	4.2552E0	5.1960E5	
236	-7.4944E-1	5.7066E1	4.2492E0	5.2182E5	
237	-7.4997E-1	5.6273E1	4.2432E0	5.2404E5	
238	-7.5096E-1	5.4801E1	4.2371E0	5.2626E5	
239	-7.5241E-1	5.2650E1	4.2311E0	5.2848E5	
240	-7.5119E-1	5.4462E1	4.2251E0	5.3070E5	
241	-7.5233E-1	5.2763E1	4.2190E0	5.3292E5	
242	-7.5012E-1	5.6047E1	4.2130E0	5.3514E5	
243	-7.5157E-1	5.3896E1	4.2069E0	5.3736E5	
244	-7.5111E-1	5.4575E1	4.2008E0	5.3958E5	
245	-7.5104E-1	5.4688E1	4.1947E0	5.4180E5	
246	-7.4921E-1	5.7406E1	4.1886E0	5.4402E5	
247	-7.4959E-1	5.6839E1	4.1826E0	5.4624E5	
248	-7.4905E-1	5.7632E1	4.1766E0	5.4846E5	
249	-7.4913E-1	5.7519E1	4.1706E0	5.5068E5	
250	-7.4860E-1	5.8311E1	4.1645E0	5.5290E5	
251	-7.4867E-1	5.8198E1	4.1584E0	5.5512E5	
252	-7.4699E-1	6.0689E1	4.1522E0	5.5734E5	
253	-7.4768E-1	5.9670E1	4.1462E0	5.5956E5	
254	-7.4753E-1	5.9896E1	4.1400E0	5.6178E5	
255	-7.4486E-1	6.3859E1	4.1340E0	5.6400E5	
256	-7.4646E-1	6.1482E1	4.1277E0	5.6622E5	
257	-7.4493E-1	6.3746E1	4.1217E0	5.6844E5	
258	-7.4745E-1	6.0010E1	4.1157E0	5.7066E5	
259	-7.4677E-1	6.1029E1	4.1095E0	5.7288E5	
260	-7.4959E-1	5.6839E1	4.1034E0	5.7510E5	
261	-7.4593E-1	6.2274E1	4.0972E0	5.7732E5	
262	-7.4722E-1	6.0349E1	4.0912E0	5.7954E5	
263	-7.4425E-1	6.4765E1	4.0849E0	5.8176E5	
264	-7.4394E-1	6.5218E1	4.0788E0	5.8398E5	
265	-7.4478E-1	6.3973E1	4.0727E0	5.8620E5	
266	-7.4371E-1	6.5558E1	4.0665E0	5.8842E5	
267	-7.4493E-1	6.3746E1	4.0604E0	5.9064E5	
268	-7.4272E-1	6.7030E1	4.0543E0	5.9286E5	
269	-7.4341E-1	6.6011E1	4.0481E0	5.9508E5	
270	-7.4112E-1	6.9407E1	4.0420E0	5.9730E5	
271	-7.4303E-1	6.6577E1	4.0358E0	5.9952E5	
272	-7.4341E-1	6.6011E1	4.0296E0	6.0174E5	
273	-7.4226E-1	6.7709E1	4.0234E0	6.0396E5	
274	-7.4234E-1	6.7596E1	4.0173E0	6.0618E5	
275	-7.4013E-1	7.0879E1	4.0111E0	6.0840E5	
276	-7.4081E-1	6.9860E1	4.0049E0	6.1062E5	
277	-7.4188E-1	6.8275E1	3.9987E0	6.1284E5	
278	-7.4066E-1	7.0087E1	3.9925E0	6.1506E5	
279	-7.4249E-1	6.7369E1	3.9863E0	6.1728E5	
280	-7.3975E-1	7.1445E1	3.9802E0	6.1950E5	
281	-7.3914E-1	7.2351E1	3.9739E0	6.2172E5	
282	-7.4028E-1	7.0653E1	3.9677E0	6.2394E5	
283	-7.4265E-1	6.7143E1	3.9615E0	6.2616E5	
284	-7.3784E-1	7.4276E1	3.9553E0	6.2838E5	
285	-7.4104E-1	6.9521E1	3.9491E0	6.3060E5	
286	-7.3784E-1	7.4276E1	3.9428E0	6.3282E5	
287	-7.4089E-1	6.9747E1	3.9367E0	6.3504E5	
288	-7.3807E-1	7.3936E1	3.9304E0	6.3726E5	
289	-7.3822E-1	7.3710E1	3.9241E0	6.3948E5	
290	-7.3830E-1	7.3597E1	3.9179E0	6.4170E5	
291	-7.3753E-1	7.4729E1	3.9116E0	6.4392E5	
292	-7.3860E-1	7.3144E1	3.9054E0	6.4614E5	
293	-7.3990E-1	7.1219E1	3.8992E0	6.4836E5	
294	-7.3723E-1	7.5182E1	3.8930E0	6.5058E5	
295	-7.3936E-1	7.2012E1	3.8866E0	6.5280E5	
296	-7.3700E-1	7.5522E1	3.8804E0	6.5502E5	
297	-7.3822E-1	7.3710E1	3.8741E0	6.5724E5	
298	-7.3677E-1	7.5861E1	3.8679E0	6.5946E5	
299	-7.3524E-1	7.8126E1	3.8617E0	6.6168E5	
300	-7.3914E-1	7.2351E1	3.8554E0	6.6390E5	
301	-7.3830E-1	7.3597E1	3.8491E0	6.6612E5	
302	-7.3860E-1	7.3144E1	3.8428E0	6.6834E5	
303	-7.3738E-1	7.4955E1	3.8365E0	6.7056E5	
304	-7.3738E-1	7.4955E1	3.8302E0	6.7278E5	
305	-7.3792E-1	7.4163E1	3.8239E0	6.7500E5	
306	-7.3631E-1	7.6541E1	3.8176E0	6.7722E5	
307	-7.3822E-1	7.3710E1	3.8113E0	6.7944E5	
308	-7.3761E-1	7.4616E1	3.8051E0	6.8166E5	
309	-7.3891E-1	7.2691E1	3.7987E0	6.8388E5	
310	-7.3570E-1	7.7446E1	3.7925E0	6.8610E5	
311	-7.3769E-1	7.4503E1	3.7861E0	6.8832E5	
312	-7.3914E-1	7.2351E1	3.7798E0	6.9054E5	
313	-7.3578E-1	7.7333E1	3.7735E0	6.9276E5	
314	-7.3860E-1	7.3144E1	3.7671E0	6.9498E5	
315	-7.3494E-1	7.8579E1	3.7608E0	6.9720E5	
316	-7.3715E-1	7.5295E1	3.7545E0	6.9942E5	
317	-7.3662E-1	7.6088E1	3.7482E0	7.0164E5	
318	-7.3586E-1	7.7220E1	3.7418E0	7.0386E5	
319	-7.3845E-1	7.3370E1	3.7355E0	7.0608E5	
320	-7.3380E-1	8.0277E1	3.7290E0	7.0830E5	
321	-7.3456E-1	7.9145E1	3.7227E0	7.1052E5	
322	-7.3616E-1	7.6767E1	3.7164E0	7.1274E5	
323	-7.3441E-1	7.9371E1	3.7100E0	7.1496E5	
324	-7.3242E-1	8.2315E1	3.7038E0	7.1718E5	
325	-7.3608E-1	7.6880E1	3.6974E0	7.1940E5	
326	-7.3364E-1	8.0504E1	3.6910E0	7.2162E5	
327	-7.3357E-1	8.0617E1	3.6846E0	7.2384E5	
328	-7.3151E-1	8.3674E1	3.6782E0	7.2606E5	
329	-7.3700E-1	7.5522E1	3.6718E0	7.2828E5	
330	-7.3219E-1	8.2655E1	3.6655E0	7.3050E5	
331	-7.3074E-1	8.4806E1	3.6591E0	7.3272E5	
332	-7.3235E-1	8.2428E1	3.6527E0	7.3494E5	
333	-7.3204E-1	8.2881E1	3.6463E0	7.3716E5	
334	-7.3174E-1	8.3334E1	3.6398E0	7.3938E5	
335	-7.3059E-1	8.5033E1	3.6335E0	7.4160E5	
336	-7.3212E-1	8.2768E1	3.6271E0	7.4382E5	
337	-7.2998E-1	8.5938E1	3.6207E0	7.4604E5	
338	-7.3013E-1	8.5712E1	3.6143E0	7.4826E5	
339	-7.3090E-1	8.4580E1	3.6079E0	7.5048E5	
340	-7.2861E-1	8.7976E1	3.6015E0	7.5270E5	
341	-7.3151E-1	8.3674E1	3.5950E0	7.5492E5	
342	-7.3013E-1	8.5712E1	3.5886E0	7.5714E5	
343	-7.2807E-1	8.8769E1	3.5822E0	7.5936E5	
344	-7.2815E-1	8.8656E1	3.5758E0	7.6158E5	
345	-7.2662E-1	9.0920E1	3.5694E0	7.6380E5	
346	-7.2823E-1	8.8543E1	3.5629E0	7.6602E5	
347	-7.2830E-1	8.8429E1	3.5565E0	7.6824E5	
348	-7.2441E-1	9.4204E1	3.5500E0	7.7046E5	
349	-7.2853E-1	8.8090E1	3.5435E0	7.7268E5	
350	-7.2670E-1	9.0807E1	3.5371E0	7.7490E5	
351	-7.2556E-1	9.2505E1	3.5306E0	7.7712E5	
352	-7.2472E-1	9.3751E1	3.5242E0	7.7934E5	
353	-7.2449E-1	9.4091E1	3.5178E0	7.8156E5	
354	-7.2792E-1	8.8995E1	3.5114E0	7.8378E5	
355	-7.2731E-1	8.9901E1	3.5048E0	7.8600E5	
356	-7.2487E-1	9.3525E1	3.4983E0	7.8822E5	
357	-7.2861E-1	8.7976E1	3.4919E0	7.9044E5	
358	-7.2479E-1	9.3638E1	3.4854E0	7.9266E5	
359	-7.2304E-1	9.6242E1	3.4789E0	7.9488E5	
360	-7.2525E-1	9.2958E1	3.4724E0	7.9710E5	
361	-7.2601E-1	9.1826E1	3.4659E0	7.9932E5	
362	-7.2586E-1	9.2053E1	3.4594E0	8.0154E5	
363	-7.2655E-1	9.1034E1	3.4530E0	8.0376E5	
364	-7.2685E-1	9.0581E1	3.4464E0	8.0598E5	
365	-7.2403E-1	9.4770E1	3.4399E0	8.0820E5	
366	-7.2472E-1	9.3751E1	3.4334E0	8.1042E5	
367	-7.2205E-1	9.7714E1	3.4270E0	8.1264E5	
368	-7.2342E-1	9.5676E1	3.4204E0	8.1486E5	
369	-7.2403E-1	9.4770E1	3.4138E0	8.1708E5	
370	-7.2357E-1	9.5449E1	3.4074E0	8.1930E5	
371	-7.2563E-1	9.2392E1	3.4009E0	8.2152E5	
372	-7.2517E-1	9.3072E1	3.3943E0	8.2374E5	
373	-7.2479E-1	9.3638E1	3.3879E0	8.2596E5	
374	-7.2411E-1	9.4657E1	3.3813E0	8.2818E5	
375	-7.2510E-1	9.3185E1	3.3748E0	8.3040E5	
376	-7.2456E-1	9.3977E1	3.3682E0	8.3262E5	
377	-7.2281E-1	9.6582E1	3.3617E0	8.3484E5	
378	-7.2105E-1	9.9186E1	3.3551E0	8.3706E5	
379	-7.2174E-1	9.8167E1	3.3486E0	8.3928E5	
380	-7.2281E-1	9.6582E1	3.3420E0	8.4150E5	
381	-7.2197E-1	9.7827E1	3.3355E0	8.4372E5	
382	-7.2235E-1	9.7261E1	3.3289E0	8.4594E5	
383	-7.2197E-1	9.7827E1	3.3224E0	8.4816E5	
384	-7.2365E-1	9.5336E1	3.3158E0	8.5038E5	
385	-7.2411E-1	9.4657E1	3.3093E0	8.5260E5	
386	-7.2144E-1	9.8620E1	3.3026E0	8.5482E5	
387	-7.2151E-1	9.8506E1	3.2961E0	8.5704E5	
388	-7.2205E-1	9.7714E1	3.2895E0	8.5926E5	
389	-7.1983E-1	1.0100E2	3.2829E0	8.6148E5	
390	-7.2083E-1	9.9525E1	3.2763E0	8.6370E5	
391	-7.2083E-1	9.9525E1	3.2698E0	8.6592E5	
392	-7.2090E-1	9.9412E1	3.2631E0	8.6814E5	
393	-7.1754E-1	1.0439E2	3.2566E0	8.7036E5	
394	-7.1991E-1	1.0088E2	3.2500E0	8.7258E5	
395	-7.1976E-1	1.0111E2	3.2434E0	8.7480E5	
396	-7.2350E-1	9.5563E1	3.2368E0	8.7702E5	
397	-7.2060E-1	9.9865E1	3.2302E0	8.7924E5	
398	-7.2014E-1	1.0054E2	3.2236E0	8.8146E5	
399	-7.1648E-1	1.0598E2	3.2171E0	8.8368E5	
400	-7.1854E-1	1.0292E2	3.2103E0	8.8590E5	
401	-7.1648E-1	1.0598E2	3.2038E0	8.8812E5	
402	-7.1655E-1	1.0587E2	3.1971E0	8.9034E5	
403	-7.1655E-1	1.0587E2	3.1905E0	8.9256E5	
404	-7.1632E-1	1.0621E2	3.1839E0	8.9478E5	
405	-7.1793E-1	1.0383E2	3.1773E0	8.9700E5	
406	-7.1899E-1	1.0224E2	3.1706E0	8.9922E5	
407	-7.1716E-1	1.0496E2	3.1640E0	9.0144E5	
408	-7.1609E-1	1.0655E2	3.1573E0	9.0366E5	
409	-7.1556E-1	1.0734E2	3.1508E0	9.0588E5	
410	-7.1663E-1	1.0575E2	3.1441E0	9.0810E5	
411	-7.1449E-1	1.0892E2	3.1374E0	9.1032E5	
412	-7.1342E-1	1.1051E2	3.1307E0	9.1254E5	
413	-7.1335E-1	1.1062E2	3.1241E0	9.1476E5	
414	-7.1449E-1	1.0892E2	3.1174E0	9.1698E5	
415	-7.1449E-1	1.0892E2	3.1108E0	9.1920E5	
416	-7.1342E-1	1.1051E2	3.1041E0	9.2142E5	
417	-7.1533E-1	1.0768E2	3.0974E0	9.2364E5	
418	-7.1533E-1	1.0768E2	3.0908E0	9.2586E5	
419	-7.1297E-1	1.1119E2	3.0841E0	9.2808E5	
420	-7.1251E-1	1.1187E2	3.0775E0	9.3030E5	
421	-7.1114E-1	1.1391E2	3.0708E0	9.3252E5	
422	-7.1350E-1	1.1040E2	3.0641E0	9.3474E5	
423	-7.1373E-1	1.1006E2	3.0572E0	9.3696E5	
424	-7.1098E-1	1.1413E2	3.0507E0	9.3918E5	
425	-7.1129E-1	1.1368E2	3.0440E0	9.4140E5	
426	-7.1182E-1	1.1289E2	3.0373E0	9.4362E5	
427	-7.0961E-1	1.1617E2	3.0307E0	9.4584E5	
428	-7.1159E-1	1.1323E2	3.0239E0	9.4806E5	
429	-7.0900E-1	1.1708E2	3.0173E0	9.5028E5	
430	-7.1350E-1	1.1040E2	3.0104E0	9.5250E5	
431	-7.1159E-1	1.1323E2	3.0037E0	9.5472E5	
432	-7.1045E-1	1.1492E2	2.9971E0	9.5694E5	
433	-7.1213E-1	1.1243E2	2.9904E0	9.5916E5	
434	-7.0999E-1	1.1560E2	2.9836E0	9.6138E5	
435	-7.1114E-1	1.1391E2	2.9769E0	9.6360E5	
436	-7.1129E-1	1.1368E2	2.9702E0	9.6582E5	
437	-7.0984E-1	1.1583E2	2.9634E0	9.6804E5	
438	-7.1060E-1	1.1470E2	2.9568E0	9.7026E5	
439	-7.0992E-1	1.1572E2	2.9500E0	9.7248E5	
440	-7.1243E-1	1.1198E2	2.9433E0	9.7470E5	
441	-7.0747E-1	1.1934E2	2.9366E0	9.7692E5	
442	-7.1129E-1	1.1368E2	2.9298E0	9.7914E5	
443	-7.0999E-1	1.1560E2	2.9230E0	9.8136E5	
444	-7.0847E-1	1.1787E2	2.9164E0	9.8358E5	
445	-7.0938E-1	1.1651E2	2.9095E0	9.8580E5	
446	-7.1045E-1	1.1492E2	2.9028E0	9.8802E5	
447	-7.0961E-1	1.1617E2	2.8960E0	9.9024E5	
448	-7.1037E-1	1.1504E2	2.8893E0	9.9246E5	
449	-7.1068E-1	1.1458E2	2.8826E0	9.9468E5	
450	-7.0671E-1	1.2047E2	2.8758E0	9.9690E5	
451	-7.0969E-1	1.1606E2	2.8690E0	9.9912E5	
452	-7.0999E-1	1.1560E2	2.8623E0	1.0013E6	
453	-7.0831E-1	1.1809E2	2.8554E0	1.0036E6	
454	-7.0847E-1	1.1787E2	2.8487E0	1.0058E6	
455	-7.0953E-1	1.1628E2	2.8420E0	1.0080E6	
456	-7.0923E-1	1.1674E2	2.8351E0	1.0102E6	
457	-7.0679E-1	1.2036E2	2.8284E0	1.0124E6	
458	-7.0702E-1	1.2002E2	2.8215E0	1.0147E6	
459	-7.0549E-1	1.2228E2	2.8148E0	1.0169E6	
460	-7.0869E-1	1.1753E2	2.8081E0	1.0191E6	
461	-7.0587E-1	1.2172E2	2.8012E0	1.0213E6	
462	-7.0618E-1	1.2126E2	2.7943E0	1.0235E6	
463	-7.0702E-1	1.2002E2	2.7876E0	1.0258E6	
464	-7.0473E-1	1.2342E2	2.7808E0	1.0280E6	
465	-7.0503E-1	1.2296E2	2.7740E0	1.0302E6	
466	-7.0580E-1	1.2183E2	2.7671E0	1.0324E6	
467	-7.0740E-1	1.1945E2	2.7604E0	1.0346E6	
468	-7.0602E-1	1.2149E2	2.7534E0	1.0369E6	
469	-7.0480E-1	1.2330E2	2.7467E0	1.0391E6	
470	-7.0335E-1	1.2545E2	2.7399E0	1.0413E6	
471	-7.0129E-1	1.2851E2	2.7331E0	1.0435E6	
472	-7.0251E-1	1.2670E2	2.7263E0	1.0457E6	
473	-7.0297E-1	1.2602E2	2.7195E0	1.0480E6	
474	-7.0297E-1	1.2602E2	2.7126E0	1.0502E6	
475	-7.0381E-1	1.2477E2	2.7058E0	1.0524E6	
476	-7.0152E-1	1.2817E2	2.6989E0	1.0546E6	
477	-7.0374E-1	1.2489E2	2.6921E0	1.0568E6	
478	-6.9855E-1	1.3259E2	2.6854E0	1.0591E6	
479	-6.9923E-1	1.3157E2	2.6785E0	1.0613E6	
480	-7.0160E-1	1.2806E2	2.6716E0	1.0635E6	
481	-7.0030E-1	1.2998E2	2.6648E0	1.0657E6	
482	-7.0007E-1	1.3032E2	2.6578E0	1.0679E6	
483	-6.9969E-1	1.3089E2	2.6510E0	1.0702E6	
484	-7.0145E-1	1.2828E2	2.6441E0	1.0724E6	
485	-6.9786E-1	1.3361E2	2.6372E0	1.0746E6	
486	-6.9725E-1	1.3451E2	2.6304E0	1.0768E6	
487	-6.9817E-1	1.3315E2	2.6236E0	1.0790E6	
488	-6.9870E-1	1.3236E2	2.6167E0	1.0813E6	
489	-6.9939E-1	1.3134E2	2.6098E0	1.0835E6	
490	-6.9580E-1	1.3666E2	2.6029E0	1.0857E6	
491	-6.9633E-1	1.3587E2	2.5962E0	1.0879E6	
492	-6.9748E-1	1.3417E2	2.5892E0	1.0901E6	
493	-6.9534E-1	1.3734E2	2.5823E0	1.0924E6	
494	-6.9656E-1	1.3553E2	2.5755E0	1.0946E6	
495	-6.9763E-1	1.3395E2	2.5685E0	1.0968E6	
496	-6.9847E-1	1.3270E2	2.5617E0	1.0990E6	
497	-6.9527E-1	1.3746E2	2.5549E0	1.1012E6	
498	-6.9611E-1	1.3621E2	2.5480E0	1.1035E6	
499	-6.9885E-1	1.3213E2	2.5411E0	1.1057E6	
500	-6.9695E-1	1.3497E2	2.5342E0	1.1079E6	
501	-6.9611E-1	1.3621E2	2.5272E0	1.1101E6	
502	-6.9664E-1	1.3542E2	2.5203E0	1.1123E6	
503	-6.9557E-1	1.3700E2	2.5134E0	1.1146E6	
504	-6.9626E-1	1.3598E2	2.5065E0	1.1168E6	
505	-6.9626E-1	1.3598E2	2.4995E0	1.1190E6	
506	-6.9740E-1	1.3429E2	2.4928E0	1.1212E6	
507	-6.9885E-1	1.3213E2	2.4858E0	1.1234E6	
508	-6.9839E-1	1.3281E2	2.4788E0	1.1257E6	
509	-6.9534E-1	1.3734E2	2.4719E0	1.1279E6	
510	-6.9237E-1	1.4176E2	2.4650E0	1.1301E6	
511	-6.9786E-1	1.3361E2	2.4582E0	1.1323E6	
512	-6.9611E-1	1.3621E2	2.4511E0	1.1345E6	
513	-6.9412E-1	1.3915E2	2.4442E0	1.1368E6	
514	-6.9656E-1	1.3553E2	2.4372E0	1.1390E6	
515	-6.9649E-1	1.3564E2	2.4304E0	1.1412E6	
516	-6.9618E-1	1.3610E2	2.4234E0	1.1434E6	
517	-6.9725E-1	1.3451E2	2.4165E0	1.1456E6	
518	-6.9702E-1	1.3485E2	2.4094E0	1.1479E6	
519	-6.9633E-1	1.3587E2	2.4026E0	1.1501E6	
520	-6.9199E-1	1.4232E2	2.3957E0	1.1523E6	
521	-6.9626E-1	1.3598E2	2.3887E0	1.1545E6	
522	-6.9305E-1	1.4074E2	2.3817E0	1.1567E6	
523	-6.9489E-1	1.3802E2	2.3747E0	1.1590E6	
524	-6.9115E-1	1.4357E2	2.3679E0	1.1612E6	
525	-6.9382E-1	1.3961E2	2.3608E0	1.1634E6	
526	-6.9458E-1	1.3848E2	2.3538E0	1.1656E6	
527	-6.9145E-1	1.4312E2	2.3469E0	1.1678E6	
528	-6.9321E-1	1.4051E2	2.3400E0	1.1701E6	
529	-6.9176E-1	1.4266E2	2.3330E0	1.1723E6	
530	-6.9252E-1	1.4153E2	2.3260E0	1.1745E6	
531	-6.9160E-1	1.4289E2	2.3191E0	1.1767E6	
532	-6.9290E-1	1.4097E2	2.3121E0	1.1789E6	
533	-6.9061E-1	1.4436E2	2.3051E0	1.1812E6	
534	-6.9046E-1	1.4459E2	2.2981E0	1.1834E6	
535	-6.9038E-1	1.4470E2	2.2912E0	1.1856E6	
536	-6.9199E-1	1.4232E2	2.2842E0	1.1878E6	
537	-6.8779E-1	1.4855E2	2.2772E0	1.1900E6	
538	-6.8985E-1	1.4550E2	2.2702E0	1.1923E6	
539	-6.8947E-1	1.4606E2	2.2632E0	1.1945E6	
540	-6.8756E-1	1.4889E2	2.2562E0	1.1967E6	
541	-6.8825E-1	1.4787E2	2.2492E0	1.1989E6	
542	-6.8733E-1	1.4923E2	2.2421E0	1.2011E6	
543	-6.8748E-1	1.4901E2	2.2352E0	1.2034E6	
544	-6.8359E-1	1.5478E2	2.2281E0	1.2056E6	
545	-6.8726E-1	1.4934E2	2.2212E0	1.2078E6	
546	-6.8588E-1	1.5138E2	2.2142E0	1.2100E6	
547	-6.8512E-1	1.5252E2	2.2071E0	1.2122E6	
548	-6.8649E-1	1.5048E2	2.2002E0	1.2145E6	
549	-6.8314E-1	1.5546E2	2.1932E0	1.2167E6	
550	-6.8680E-1	1.5002E2	2.1862E0	1.2189E6	
551	-6.8680E-1	1.5002E2	2.1791E0	1.2211E6	
552	-6.8687E-1	1.4991E2	2.1721E0	1.2233E6	
553	-6.8535E-1	1.5218E2	2.1650E0	1.2256E6	
554	-6.8253E-1	1.5636E2	2.1581E0	1.2278E6	
555	-6.8390E-1	1.5433E2	2.1510E0	1.2300E6	
556	-6.8245E-1	1.5648E2	2.1440E0	1.2322E6	
557	-6.8253E-1	1.5636E2	2.1370E0	1.2344E6	
558	-6.8314E-1	1.5546E2	2.1299E0	1.2367E6	
559	-6.8436E-1	1.5365E2	2.1228E0	1.2389E6	
560	-6.8466E-1	1.5319E2	2.1158E0	1.2411E6	
561	-6.8542E-1	1.5206E2	2.1088E0	1.2433E6	
562	-6.8092E-1	1.5874E2	2.1017E0	1.2455E6	
563	-6.8405E-1	1.5410E2	2.0947E0	1.2478E6	
564	-6.8321E-1	1.5535E2	2.0877E0	1.2500E6	
565	-6.8428E-1	1.5376E2	2.0806E0	1.2522E6	
566	-6.8199E-1	1.5716E2	2.0735E0	1.2544E6	
567	-6.8161E-1	1.5772E2	2.0665E0	1.2566E6	
568	-6.8092E-1	1.5874E2	2.0594E0	1.2589E6	
569	-6.8253E-1	1.5636E2	2.0524E0	1.2611E6	
570	-6.8413E-1	1.5399E2	2.0454E0	1.2633E6	
571	-6.8161E-1	1.5772E2	2.0383E0	1.2655E6	
572	-6.8077E-1	1.5897E2	2.0312E0	1.2677E6	
573	-6.8092E-1	1.5874E2	2.0242E0	1.2700E6	
574	-6.8024E-1	1.5976E2	2.0170E0	1.2722E6	
575	-6.8291E-1	1.5580E2	2.0101E0	1.2744E6	
576	-6.8031E-1	1.5965E2	2.0030E0	1.2766E6	
577	-6.8321E-1	1.5535E2	1.9959E0	1.2788E6	
578	-6.8329E-1	1.5523E2	1.9888E0	1.2811E6	
579	-6.8123E-1	1.5829E2	1.9818E0	1.2833E6	
580	-6.8222E-1	1.5682E2	1.9747E0	1.2855E6	
581	-6.8230E-1	1.5670E2	1.9675E0	1.2877E6	
582	-6.8214E-1	1.5693E2	1.9605E0	1.2899E6	
583	-6.8024E-1	1.5976E2	1.9534E0	1.2922E6	
584	-6.8176E-1	1.5750E2	1.9463E0	1.2944E6	
585	-6.7940E-1	1.6101E2	1.9392E0	1.2966E6	
586	-6.8085E-1	1.5886E2	1.9321E0	1.2988E6	
587	-6.7802E-1	1.6305E2	1.9251E0	1.3010E6	
588	-6.7764E-1	1.6361E2	1.9180E0	1.3033E6	
589	-6.7787E-1	1.6327E2	1.9108E0	1.3055E6	
590	-6.7856E-1	1.6225E2	1.9038E0	1.3077E6	
591	-6.7947E-1	1.6089E2	1.8966E0	1.3099E6	
592	-6.7833E-1	1.6259E2	1.8895E0	1.3121E6	
593	-6.7635E-1	1.6554E2	1.8824E0	1.3144E6	
594	-6.7818E-1	1.6282E2	1.8753E0	1.3166E6	
595	-6.7657E-1	1.6520E2	1.8681E0	1.3188E6	
596	-6.7871E-1	1.6203E2	1.8612E0	1.3210E6	
597	-6.7551E-1	1.6678E2	1.8540E0	1.3232E6	
598	-6.7833E-1	1.6259E2	1.8468E0	1.3255E6	
599	-6.7627E-1	1.6565E2	1.8398E0	1.3277E6	
600	-6.7223E-1	1.7165E2	1.8327E0	1.3299E6	
601	-6.7490E-1	1.6769E2	1.8256E0	1.3321E6	
602	-6.7574E-1	1.6644E2	1.8183E0	1.3343E6	
603	-6.7398E-1	1.6905E2	1.8113E0	1.3366E6	
604	-6.7238E-1	1.7142E2	1.8042E0	1.3388E6	
605	-6.7360E-1	1.6961E2	1.7970E0	1.3410E6	
606	-6.7268E-1	1.7097E2	1.7899E0	1.3432E6	
607	-6.7261E-1	1.7108E2	1.7828E0	1.3454E6	
608	-6.7055E-1	1.7414E2	1.7757E0	1.3477E6	
609	-6.7261E-1	1.7108E2	1.7685E0	1.3499E6	
610	-6.7238E-1	1.7142E2	1.7615E0	1.3521E6	
611	-6.7398E-1	1.6905E2	1.7543E0	1.3543E6	
612	-6.7329E-1	1.7007E2	1.7472E0	1.3565E6	
613	-6.7055E-1	1.7414E2	1.7400E0	1.3588E6	
614	-6.7017E-1	1.7471E2	1.7329E0	1.3610E6	
615	-6.7062E-1	1.7403E2	1.7257E0	1.3632E6	
616	-6.6879E-1	1.7675E2	1.7186E0	1.3654E6	
617	-6.7062E-1	1.7403E2	1.7114E0	1.3676E6	
618	-6.6856E-1	1.7709E2	1.7043E0	1.3699E6	
619	-6.7101E-1	1.7346E2	1.6972E0	1.3721E6	
620	-6.7123E-1	1.7312E2	1.6900E0	1.3743E6	
621	-6.6917E-1	1.7618E2	1.6828E0	1.3765E6	
622	-6.6879E-1	1.7675E2	1.6757E0	1.3787E6	
623	-6.6917E-1	1.7618E2	1.6686E0	1.3810E6	
624	-6.6864E-1	1.7697E2	1.6613E0	1.3832E6	
625	-6.6849E-1	1.7720E2	1.6542E0	1.3854E6	
626	-6.6956E-1	1.7561E2	1.6472E0	1.3876E6	
627	-6.6841E-1	1.7731E2	1.6399E0	1.3898E6	
628	-6.7131E-1	1.7301E2	1.6328E0	1.3921E6	
629	-6.6864E-1	1.7697E2	1.6256E0	1.3943E6	
630	-6.6803E-1	1.7788E2	1.6184E0	1.3965E6	
631	-6.6826E-1	1.7754E2	1.6112E0	1.3987E6	
632	-6.6940E-1	1.7584E2	1.6041E0	1.4009E6	
633	-6.6841E-1	1.7731E2	1.5969E0	1.4032E6	
634	-6.6719E-1	1.7912E2	1.5897E0	1.4054E6	
635	-6.7024E-1	1.7459E2	1.5826E0	1.4076E6	
636	-6.6803E-1	1.7788E2	1.5754E0	1.4098E6	
637	-6.7062E-1	1.7403E2	1.5682E0	1.4120E6	
638	-6.6711E-1	1.7924E2	1.5611E0	1.4143E6	
639	-6.6887E-1	1.7663E2	1.5539E0	1.4165E6	
640	-6.6696E-1	1.7946E2	1.5467E0	1.4187E6	
641	-6.7009E-1	1.7482E2	1.5395E0	1.4209E6	
642	-6.6727E-1	1.7901E2	1.5324E0	1.4231E6	
643	-6.6750E-1	1.7867E2	1.5252E0	1.4254E6	
644	-6.6879E-1	1.7675E2	1.5179E0	1.4276E6	
645	-6.6780E-1	1.7822E2	1.5108E0	1.4298E6	
646	-6.6612E-1	1.8071E2	1.5036E0	1.4320E6	
647	-6.6612E-1	1.8071E2	1.4963E0	1.4342E6	
648	-6.6872E-1	1.7686E2	1.4892E0	1.4365E6	
649	-6.6490E-1	1.8252E2	1.4820E0	1.4387E6	
650	-6.6666E-1	1.7992E2	1.4748E0	1.4409E6	
651	-6.6582E-1	1.8116E2	1.4677E0	1.4431E6	
652	-6.6299E-1	1.8535E2	1.4604E0	1.4453E6	
653	-6.6292E-1	1.8546E2	1.4533E0	1.4476E6	
654	-6.6414E-1	1.8365E2	1.4460E0	1.4498E6	
655	-6.6536E-1	1.8184E2	1.4388E0	1.4520E6	
656	-6.6391E-1	1.8399E2	1.4317E0	1.4542E6	
657	-6.6322E-1	1.8501E2	1.4244E0	1.4564E6	
658	-6.6460E-1	1.8297E2	1.4173E0	1.4587E6	
659	-6.6406E-1	1.8377E2	1.4102E0	1.4609E6	
660	-6.6299E-1	1.8535E2	1.4029E0	1.4631E6	
661	-6.6452E-1	1.8309E2	1.3956E0	1.4653E6	
662	-6.6200E-1	1.8682E2	1.3884E0	1.4675E6	
663	-6.6231E-1	1.8637E2	1.3813E0	1.4698E6	
664	-6.5781E-1	1.9305E2	1.3741E0	1.4720E6	
665	-6.6208E-1	1.8671E2	1.3669E0	1.4742E6	
666	-6.6055E-1	1.8897E2	1.3596E0	1.4764E6	
667	-6.5880E-1	1.9158E2	1.3524E0	1.4786E6	
668	-6.5842E-1	1.9214E2	1.3452E0	1.4809E6	
669	-6.5903E-1	1.9124E2	1.3380E0	1.4831E6	
670	-6.6010E-1	1.8965E2	1.3308E0	1.4853E6	
671	-6.5666E-1	1.9475E2	1.3235E0	1.4875E6	
672	-6.5765E-1	1.9328E2	1.3163E0	1.4897E6	
673	-6.5552E-1	1.9645E2	1.3091E0	1.4920E6	
674	-6.5811E-1	1.9260E2	1.3020E0	1.4942E6	
675	-6.5742E-1	1.9362E2	1.2948E0	1.4964E6	
676	-6.5422E-1	1.9837E2	1.2874E0	1.4986E6	
677	-6.5636E-1	1.9520E2	1.2803E0	1.5008E6	
678	-6.5445E-1	1.9803E2	1.2731E0	1.5031E6	
679	-6.5460E-1	1.9781E2	1.2658E0	1.5053E6	
680	-6.5598E-1	1.9577E2	1.2586E0	1.5075E6	
681	-6.5483E-1	1.9747E2	1.2514E0	1.5097E6	
682	-6.5475E-1	1.9758E2	1.2442E0	1.5119E6	
683	-6.5468E-1	1.9769E2	1.2370E0	1.5142E6	
684	-6.5414E-1	1.9848E2	1.2297E0	1.5164E6	
685	-6.5384E-1	1.9894E2	1.2224E0	1.5186E6	
686	-6.5590E-1	1.9588E2	1.2153E0	1.5208E6	
687	-6.5437E-1	1.9815E2	1.2079E0	1.5230E6	
688	-6.5514E-1	1.9701E2	1.2008E0	1.5253E6	
689	-6.5521E-1	1.9690E2	1.1936E0	1.5275E6	
690	-6.5475E-1	1.9758E2	1.1864E0	1.5297E6	
691	-6.5659E-1	1.9486E2	1.1790E0	1.5319E6	
692	-6.5498E-1	1.9724E2	1.1719E0	1.5341E6	
693	-6.5392E-1	1.9882E2	1.1647E0	1.5364E6	
694	-6.5407E-1	1.9860E2	1.1574E0	1.5386E6	
695	-6.5384E-1	1.9894E2	1.1502E0	1.5408E6	
696	-6.5292E-1	2.0030E2	1.1430E0	1.5430E6	
697	-6.5430E-1	1.9826E2	1.1358E0	1.5452E6	
698	-6.5742E-1	1.9362E2	1.1286E0	1.5475E6	
699	-6.5491E-1	1.9735E2	1.1214E0	1.5497E6	
700	-6.5567E-1	1.9622E2	1.1141E0	1.5519E6	
701	-6.5506E-1	1.9713E2	1.1068E0	1.5541E6	
702	-6.5460E-1	1.9781E2	1.0996E0	1.5563E6	
703	-6.5475E-1	1.9758E2	1.0924E0	1.5586E6	
704	-6.5453E-1	1.9792E2	1.0851E0	1.5608E6	
705	-6.5414E-1	1.9848E2	1.0781E0	1.5630E6	
706	-6.5552E-1	1.9645E2	1.0707E0	1.5652E6	
707	-6.9725E-1	1.3451E2	1.0634E0	1.5674E6	
708	-6.8695E-1	1.4980E2	1.0563E0	1.5697E6	
709	-6.7413E-1	1.6882E2	1.0490E0	1.5719E6	
710	-6.6231E-1	1.8637E2	1.0417E0	1.5741E6	
711	-6.5125E-1	2.0279E2	1.0345E0	1.5763E6	
712	-6.4735E-1	2.0856E2	1.0272E0	1.5785E6	
713	-6.3698E-1	2.2396E2	1.0200E0	1.5808E6	
714	-6.3560E-1	2.2600E2	1.0129E0	1.5830E6	
715	-6.3011E-1	2.3415E2	1.0056E0	1.5852E6	
716	-6.2279E-1	2.4502E2	9.9830E-1	1.5874E6	
717	-6.2286E-1	2.4491E2	9.9110E-1	1.5896E6	
718	-6.1485E-1	2.5680E2	9.8385E-1	1.5919E6	
719	-6.0989E-1	2.6416E2	9.7661E-1	1.5941E6	
720	-5.9792E-1	2.8193E2	9.6944E-1	1.5963E6	
721	-6.0043E-1	2.7820E2	9.6220E-1	1.5985E6	
722	-5.8693E-1	2.9824E2	9.5487E-1	1.6007E6	
723	-5.8586E-1	2.9982E2	9.4775E-1	1.6030E6	
724	-5.7625E-1	3.1409E2	9.4035E-1	1.6052E6	
725	-5.7503E-1	3.1590E2	9.3325E-1	1.6074E6	
726	-5.6526E-1	3.3039E2	9.2597E-1	1.6096E6	
727	-5.6038E-1	3.3764E2	9.1875E-1	1.6118E6	
728	-5.5084E-1	3.5179E2	9.1159E-1	1.6141E6	
729	-5.5008E-1	3.5292E2	9.0436E-1	1.6163E6	
730	-5.4611E-1	3.5881E2	8.9721E-1	1.6185E6	
731	-5.4314E-1	3.6323E2	8.8972E-1	1.6207E6	
732	-5.3871E-1	3.6980E2	8.8257E-1	1.6229E6	
733	-5.3490E-1	3.7546E2	8.7541E-1	1.6252E6	
734	-5.3345E-1	3.7761E2	8.6817E-1	1.6274E6	
735	-5.2338E-1	3.9255E2	8.6091E-1	1.6296E6	
736	-5.1826E-1	4.0014E2	8.5366E-1	1.6318E6	
737	-5.1353E-1	4.0716E2	8.4652E-1	1.6340E6	
738	-5.0255E-1	4.2346E2	8.3920E-1	1.6363E6	
739	-4.9797E-1	4.3026E2	8.3198E-1	1.6385E6	
740	-4.9118E-1	4.4033E2	8.2476E-1	1.6407E6	
741	-4.8592E-1	4.4815E2	8.1760E-1	1.6429E6	
742	-4.8454E-1	4.5019E2	8.1041E-1	1.6451E6	
743	-4.8309E-1	4.5234E2	8.0308E-1	1.6474E6	
744	-4.7363E-1	4.6638E2	7.9595E-1	1.6496E6	
745	-4.6425E-1	4.8030E2	7.8870E-1	1.6518E6	
746	-4.5937E-1	4.8755E2	7.8153E-1	1.6540E6	
747	-4.5135E-1	4.9944E2	7.7418E-1	1.6562E6	
748	-4.4540E-1	5.0827E2	7.6696E-1	1.6585E6	
749	-4.3335E-1	5.2616E2	7.5979E-1	1.6607E6	
750	-4.2763E-1	5.3465E2	7.5249E-1	1.6629E6	
751	-4.1824E-1	5.4858E2	7.4535E-1	1.6651E6	
752	-4.1306E-1	5.5628E2	7.3813E-1	1.6673E6	
753	-4.0573E-1	5.6715E2	7.3095E-1	1.6696E6	
754	-3.9757E-1	5.7926E2	7.2369E-1	1.6718E6	
755	-3.9139E-1	5.8843E2	7.1639E-1	1.6740E6	
756	-3.8620E-1	5.9613E2	7.0923E-1	1.6762E6	
757	-3.8071E-1	6.0429E2	7.0196E-1	1.6784E6	
758	-3.7712E-1	6.0961E2	6.9473E-1	1.6807E6	
759	-3.6842E-1	6.2252E2	6.8752E-1	1.6829E6	
760	-3.6407E-1	6.2897E2	6.8039E-1	1.6851E6	
761	-3.5522E-1	6.4210E2	6.7312E-1	1.6873E6	
762	-3.5019E-1	6.4958E2	6.6575E-1	1.6895E6	
763	-3.4409E-1	6.5863E2	6.5865E-1	1.6918E6	
764	-3.3966E-1	6.6520E2	6.5140E-1	1.6940E6	
765	-3.3646E-1	6.6996E2	6.4418E-1	1.6962E6	
766	-3.2463E-1	6.8751E2	6.3690E-1	1.6984E6	
767	-3.2013E-1	6.9419E2	6.2969E-1	1.7006E6	
768	-3.1425E-1	7.0291E2	6.2245E-1	1.7029E6	
769	-3.0800E-1	7.1219E2	6.1517E-1	1.7051E6	
770	-2.9938E-1	7.2498E2	6.0798E-1	1.7073E6	
771	-2.9289E-1	7.3461E2	6.0082E-1	1.7095E6	
772	-2.8923E-1	7.4004E2	6.0030E-1	1.7097E6	
773	-2.8793E-1	7.4197E2	5.9988E-1	1.7098E6	
774	-2.8641E-1	7.4423E2	5.9966E-1	1.7099E6	
775	-2.8641E-1	7.4423E2	5.9966E-1	1.7099E6	
776	-2.8641E-1	7.4423E2	5.9966E-1	1.7099E6	
777	-2.8641E-1	7.4423E2	5.9966E-1	1.7099E6	
778	-2.8641E-1	7.4423E2	5.9966E-1	1.7099E6	
779	-2.8641E-1	7.4423E2	5.9966E-1	1.7099E6	
780	-2.8641E-1	7.4423E2	5.9966E-1	1.7099E6	
781	-2.8641E-1	7.4423E2	5.9966E-1	1.7099E6	
782	-2.8641E-1	7.4423E2	5.9966E-1	1.7099E6	
783	-2.8641E-1	7.4423E2	5.9966E-1	1.7099E6	
784	-2.8641E-1	7.4423E2	5.9966E-1	1.7099E6	
785	-2.8641E-1	7.4423E2	5.9966E-1	1.7099E6	
786	-2.8641E-1	7.4423E2	5.9966E-1	1.7099E6	
787	-2.8641E-1	7.4423E2	5.9966E-1	1.7099E6	
788	-2.8641E-1	7.4423E2	5.9966E-1	1.7099E6	
789	-2.8641E-1	7.4423E2	5.9966E-1	1.7099E6	
790	-2.8641E-1	7.4423E2	5.9966E-1	1.7099E6	
791	-2.8641E-1	7.4423E2	5.9966E-1	1.7099E6	
792	-2.8641E-1	7.4423E2	5.9966E-1	1.7099E6	
793	-2.8641E-1	7.4423E2	5.9966E-1	1.7099E6	
794	-2.8641E-1	7.4423E2	5.9966E-1	1.7099E6	
795	-2.8641E-1	7.4423E2	5.9966E-1	1.7099E6	
796	-2.8641E-1	7.4423E2	5.9966E-1	1.7099E6	
797	-2.8641E-1	7.4423E2	5.9966E-1	1.7099E6	
798	-2.8641E-1	7.4423E2	5.9966E-1	1.7099E6	
799	-2.8641E-1	7.4423E2	5.9966E-1	1.7099E6	
800	-2.8641E-1	7.4423E2	5.9966E-1	1.7099E6	
801	-2.8641E-1	7.4423E2	5.9966E-1	1.7099E6	
802	-2.8641E-1	7.4423E2	5.9966E-1	1.7099E6	
803	-2.8641E-1	7.4423E2	5.9966E-1	1.7099E6	
804	-2.8641E-1	7.4423E2	5.9966E-1	1.7099E6	
805	-2.8641E-1	7.4423E2	5.9966E-1	1.7099E6	
806	-2.8641E-1	7.4423E2	5.9966E-1	1.7099E6	
807	-2.8641E-1	7.4423E2	5.9966E-1	1.7099E6	
808	-2.8641E-1	7.4423E2	5.9966E-1	1.7099E6	
809	-2.8641E-1	7.4423E2	5.9966E-1	1.7099E6	
810	-2.8641E-1	7.4423E2	5.9966E-1	1.7099E6	
811	-2.8641E-1	7.4423E2	5.9966E-1	1.7099E6	
812	-2.8641E-1	7.4423E2	5.9966E-1	1.7099E6	
813	-2.8641E-1	7.4423E2	5.9966E-1	1.7099E6	
814	-2.8641E-1	7.4423E2	5.9966E-1	1.7099E6	
815	-2.8641E-1	7.4423E2	5.9966E-1	1.7099E6	
816	-2.8641E-1	7.4423E2	5.9966E-1	1.7099E6	
817	-2.8641E-1	7.4423E2	5.9966E-1	1.7099E6	
818	-2.8641E-1	7.4423E2	5.9966E-1	1.7099E6	
819	-2.8641E-1	7.4423E2	5.9966E-1	1.7099E6	
820	-2.8641E-1	7.4423E2	5.9966E-1	1.7099E6	
821	-2.8641E-1	7.4423E2	5.9966E-1	1.7099E6	
822	-2.8641E-1	7.4423E2	5.9966E-1	1.7099E6	
823	-2.8641E-1	7.4423E2	5.9966E-1	1.7099E6	
824	-2.8641E-1	7.4423E2	5.9966E-1	1.7099E6	
825	-2.8641E-1	7.4423E2	5.9966E-1	1.7099E6	
826	-2.8641E-1	7.4423E2	5.9966E-1	1.7099E6	
827	-2.8641E-1	7.4423E2	5.9966E-1	1.7099E6	
828	-2.8641E-1	7.4423E2	5.9966E-1	1.7099E6	
829	-2.8641E-1	7.4423E2	5.9966E-1	1.7099E6	
830	-2.8641E-1	7.4423E2	5.9966E-1	1.7099E6	
831	-2.8641E-1	7.4423E2	5.9966E-1	1.7099E6	
832	-2.8641E-1	7.4423E2	5.9966E-1	1.7099E6	
833	-2.8641E-1	7.4423E2	5.9966E-1	1.7099E6	
834	-2.8641E-1	7.4423E2	5.9966E-1	1.7099E6	
835	-2.8641E-1	7.4423E2	5.9966E-1	1.7099E6	
836	-2.8641E-1	7.4423E2	5.9966E-1	1.7099E6	
837	-2.8641E-1	7.4423E2	5.9966E-1	1.7099E6	
838	-2.8641E-1	7.4423E2	5.9966E-1	1.7099E6	
839	-2.8641E-1	7.4423E2	5.9966E-1	1.7099E6	
840	-2.8641E-1	7.4423E2	5.9966E-1	1.7099E6	
841	-2.8641E-1	7.4423E2	5.9966E-1	1.7099E6	
842	-2.8641E-1	7.4423E2	5.9966E-1	1.7099E6	
843	-2.8641E-1	7.4423E2	5.9966E-1	1.7099E6	
844	-2.8641E-1	7.4423E2	5.9966E-1	1.7099E6	
845	-2.8641E-1	7.4423E2	5.9966E-1	1.7099E6	
846	-2.8641E-1	7.4423E2	5.9966E-1	1.7099E6	
847	-2.8641E-1	7.4423E2	5.9966E-1	1.7099E6	
848	-2.8641E-1	7.4423E2	5.9966E-1	1.7099E6	
849	-2.8641E-1	7.4423E2	5.9966E-1	1.7099E6	
850	-2.8641E-1	7.4423E2	5.9966E-1	1.7099E6	
851	-2.8641E-1	7.4423E2	5.9966E-1	1.7099E6	
852	-2.8641E-1	7.4423E2	5.9966E-1	1.7099E6	
853	-2.8641E-1	7.4423E2	5.9966E-1	1.7099E6	
854	-2.8641E-1	7.4423E2	5.9966E-1	1.7099E6	
855	-2.8641E-1	7.4423E2	5.9966E-1	1.7099E6	
856	-2.8641E-1	7.4423E2	5.9966E-1	1.7099E6	
857	-2.8641E-1	7.4423E2	5.9966E-1	1.7099E6	
858	-2.8641E-1	7.4423E2	5.9966E-1	1.7099E6	
859	-2.8641E-1	7.4423E2	5.9966E-1	1.7099E6	
860	-2.8641E-1	7.4423E2	5.9966E-1	1.7099E6	
861	-2.8641E-1	7.4423E2	5.9966E-1	1.7099E6	
862	-2.8641E-1	7.4423E2	5.9966E-1	1.7099E6	
863	-2.8641E-1	7.4423E2	5.9966E-1	1.7099E6	
864	-2.8641E-1	7.4423E2	5.9966E-1	1.7099E6	
865	-2.8641E-1	7.4423E2	5.9966E-1	1.7099E6	
866	-2.8641E-1	7.4423E2	5.9966E-1	1.7099E6	
867	-2.8641E-1	7.4423E2	5.9966E-1	1.7099E6	
868	-2.8641E-1	7.4423E2	5.9966E-1	1.7099E6	
869	-2.8641E-1	7.4423E2	5.9966E-1	1.7099E6	
870	-2.8641E-1	7.4423E2	5.9966E-1	1.7099E6	
871	-2.8641E-1	7.4423E2	5.9966E-1	1.7099E6	
872	-2.8641E-1	7.4423E2	5.9966E-1	1.7099E6	
873	-2.8641E-1	7.4423E2	5.9966E-1	1.7099E6	
874	-2.8641E-1	7.4423E2	5.9966E-1	1.7099E6	
875	-2.8641E-1	7.4423E2	5.9966E-1	1.7099E6	
876	-2.8641E-1	7.4423E2	5.9966E-1	1.7099E6	
877	-2.8641E-1	7.4423E2	5.9966E-1	1.7099E6	
878	-2.8641E-1	7.4423E2	5.9966E-1	1.7099E6	
879	-2.8641E-1	7.4423E2	5.9966E-1	1.7099E6	
880	-2.8641E-1	7.4423E2	5.9966E-1	1.7099E6	
881	-2.8641E-1	7.4423E2	5.9966E-1	1.7099E6	
882	-2.8641E-1	7.4423E2	5.9966E-1	1.7099E6	
883	-2.8641E-1	7.4423E2	5.9966E-1	1.7099E6	
884	-2.8641E-1	7.4423E2	5.9966E-1	1.7099E6	
885	-2.8641E-1	7.4423E2	5.9966E-1	1.7099E6	
886	-2.8641E-1	7.4423E2	5.9966E-1	1.7099E6	
887	-2.8641E-1	7.4423E2	5.9966E-1	1.7099E6	
888	-2.8641E-1	7.4423E2	5.9966E-1	1.7099E6	
889	-2.8641E-1	7.4423E2	5.9966E-1	1.7099E6	
890	-2.8641E-1	7.4423E2	5.9966E-1	1.7099E6	
891	-2.8641E-1	7.4423E2	5.9966E-1	1.7099E6	
892	-2.8641E-1	7.4423E2	5.9966E-1	1.7099E6	
893	-2.8641E-1	7.4423E2	5.9966E-1	1.7099E6	
894	-2.8641E-1	7.4423E2	5.9966E-1	1.7099E6	
895	-2.8641E-1	7.4423E2	5.9966E-1	1.7099E6	
896	-2.8641E-1	7.4423E2	5.9966E-1	1.7099E6	
897	-2.8641E-1	7.4423E2	5.9966E-1	1.7099E6	
898	-2.8641E-1	7.4423E2	5.9966E-1	1.7099E6	
899	-2.8641E-1	7.4423E2	5.9966E-1	1.7099E6	
900	-2.8641E-1	7.4423E2	5.9966E-1	1.7099E6	
901	-2.8641E-1	7.4423E2	5.9966E-1	1.7099E6	
902	-2.8641E-1	7.4423E2	5.9966E-1	1.7099E6	
903	-2.8641E-1	7.4423E2	5.9966E-1	1.7099E6	
904	-2.8641E-1	7.4423E2	5.9966E-1	1.7099E6	
905	-2.8641E-1	7.4423E2	5.9966E-1	1.7099E6	
906	-2.8641E-1	7.4423E2	5.9966E-1	1.7099E6	
907	-2.8641E-1	7.4423E2	5.9966E-1	1.7099E6	
908	-2.8641E-1	7.4423E2	5.9966E-1	1.7099E6	
909	-2.8641E-1	7.4423E2	5.9966E-1	1.7099E6	
910	-2.8641E-1	7.4423E2	5.9966E-1	1.7099E6	
911	-2.8641E-1	7.4423E2	5.9966E-1	1.7099E6	
912	-2.8641E-1	7.4423E2	5.9966E-1	1.7099E6	
913	-2.8641E-1	7.4423E2	5.9966E-1	1.7099E6	
914	-2.8641E-1	7.4423E2	5.9966E-1	1.7099E6	
915	-2.8641E-1	7.4423E2	5.9966E-1	1.7099E6	
916	-2.8641E-1	7.4423E2	5.9966E-1	1.7099E6	
917	-2.8641E-1	7.4423E2	5.9966E-1	1.7099E6	
918	-2.8641E-1	7.4423E2	5.9966E-1	1.7099E6	
919	-2.8641E-1	7.4423E2	5.9966E-1	1.7099E6	
920	-2.8641E-1	7.4423E2	5.9966E-1	1.7099E6	
921	-2.8641E-1	7.4423E2	5.9966E-1	1.7099E6	
922	-2.8641E-1	7.4423E2	5.9966E-1	1.7099E6	
923	-2.8641E-1	7.4423E2	5.9966E-1	1.7099E6	
924	-2.8641E-1	7.4423E2	5.9966E-1	1.7099E6	
925	-2.8641E-1	7.4423E2	5.9966E-1	1.7099E6	
926	-2.8641E-1	7.4423E2	5.9966E-1	1.7099E6	
927	-2.8641E-1	7.4423E2	5.9966E-1	1.7099E6	
928	-2.8641E-1	7.4423E2	5.9966E-1	1.7099E6	
929	-2.8641E-1	7.4423E2	5.9966E-1	1.7099E6	
930	-2.8641E-1	7.4423E2	5.9966E-1	1.7099E6	
931	-2.8641E-1	7.4423E2	5.9966E-1	1.7099E6	
932	-2.8641E-1	7.4423E2	5.9966E-1	1.7099E6	
933	-2.8641E-1	7.4423E2	5.9966E-1	1.7099E6	
934	-2.8641E-1	7.4423E2	5.9966E-1	1.7099E6	
935	-2.8641E-1	7.4423E2	5.9966E-1	1.7099E6	
936	-2.8641E-1	7.4423E2	5.9966E-1	1.7099E6	
937	-2.8641E-1	7.4423E2	5.9966E-1	1.7099E6	
938	-2.8641E-1	7.4423E2	5.9966E-1	1.7099E6	
939	-2.8641E-1	7.4423E2	5.9966E-1	1.7099E6	
940	-2.8641E-1	7.4423E2	5.9966E-1	1.7099E6	
941	-2.8641E-1	7.4423E2	5.9966E-1	1.7099E6	
942	-2.8641E-1	7.4423E2	5.9966E-1	1.7099E6	
943	-2.8641E-1	7.4423E2	5.9966E-1	1.7099E6	
944	-2.8641E-1	7.4423E2	5.9966E-1	1.7099E6	
945	-2.8641E-1	7.4423E2	5.9966E-1	1.7099E6	
946	-2.8641E-1	7.4423E2	5.9966E-1	1.7099E6	
947	-2.8641E-1	7.4423E2	5.9966E-1	1.7099E6	
948	-2.8641E-1	7.4423E2	5.9966E-1	1.7099E6	
949	-2.8641E-1	7.4423E2	5.9966E-1	1.7099E6	
950	-2.8641E-1	7.4423E2	5.9966E-1	1.7099E6	
951	-2.8641E-1	7.4423E2	5.9966E-1	1.7099E6	
952	-2.8641E-1	7.4423E2	5.9966E-1	1.7099E6	
953	-2.8641E-1	7.4423E2	5.9966E-1	1.7099E6	
954	-2.8641E-1	7.4423E2	5.9966E-1	1.7099E6	
955	-2.8641E-1	7.4423E2	5.9966E-1	1.7099E6	
956	-2.8641E-1	7.4423E2	5.9966E-1	1.7099E6	
957	-2.8641E-1	7.4423E2	5.9966E-1	1.7099E6	
958	-2.8641E-1	7.4423E2	5.9966E-1	1.7099E6	
959	-2.8641E-1	7.4423E2	5.9966E-1	1.7099E6	
960	-2.8641E-1	7.4423E2	5.9966E-1	1.7099E6	
961	-2.8641E-1	7.4423E2	5.9966E-1	1.7099E6	
962	-2.8641E-1	7.4423E2	5.9966E-1	1.7099E6	
963	-2.8641E-1	7.4423E2	5.9966E-1	1.7099E6	
964	-2.8641E-1	7.4423E2	5.9966E-1	1.7099E6	
965	-2.8641E-1	7.4423E2	5.9966E-1	1.7099E6	
966	-2.8641E-1	7.4423E2	5.9966E-1	1.7099E6	
967	-2.8641E-1	7.4423E2	5.9966E-1	1.7099E6	
968	-2.8641E-1	7.4423E2	5.9966E-1	1.7099E6	
969	-2.8641E-1	7.4423E2	5.9966E-1	1.7099E6	
970	-2.8641E-1	7.4423E2	5.9966E-1	1.7099E6	
971	-2.8641E-1	7.4423E2	5.9966E-1	1.7099E6	
972	-2.8641E-1	7.4423E2	5.9966E-1	1.7099E6	
973	-2.8641E-1	7.4423E2	5.9966E-1	1.7099E6	
974	-2.8641E-1	7.4423E2	5.9966E-1	1.7099E6	
975	-2.8641E-1	7.4423E2	5.9966E-1	1.7099E6	
976	-2.8641E-1	7.4423E2	5.9966E-1	1.7099E6	
977	-2.8641E-1	7.4423E2	5.9966E-1	1.7099E6	
978	-2.8641E-1	7.4423E2	5.9966E-1	1.7099E6	
979	-2.8641E-1	7.4423E2	5.9966E-1	1.7099E6	
980	-2.8641E-1	7.4423E2	5.9966E-1	1.7099E6	
981	-2.8641E-1	7.4423E2	5.9966E-1	1.7099E6	
982	-2.8641E-1	7.4423E2	5.9966E-1	1.7099E6	
983	-2.8641E-1	7.4423E2	5.9966E-1	1.7099E6	
984	-2.8641E-1	7.4423E2	5.9966E-1	1.7099E6	
985	-2.8641E-1	7.4423E2	5.9966E-1	1.7099E6	
986	-2.8641E-1	7.4423E2	5.9966E-1	1.7099E6	
987	-2.8641E-1	7.4423E2	5.9966E-1	1.7099E6	
988	-2.8641E-1	7.4423E2	5.9966E-1	1.7099E6	
989	-2.8641E-1	7.4423E2	5.9966E-1	1.7099E6	
990	-2.8641E-1	7.4423E2	5.9966E-1	1.7099E6	
991	-2.8641E-1	7.4423E2	5.9966E-1	1.7099E6	
992	-2.8641E-1	7.4423E2	5.9966E-1	1.7099E6	
993	-2.8641E-1	7.4423E2	5.9966E-1	1.7099E6	
994	-2.8641E-1	7.4423E2	5.9966E-1	1.7099E6	
995	-2.8641E-1	7.4423E2	5.9966E-1	1.7099E6	
996	-2.8641E-1	7.4423E2	5.9966E-1	1.7099E6	
997	-2.8641E-1	7.4423E2	5.9966E-1	1.7099E6	
998	-2.8641E-1	7.4423E2	5.9966E-1	1.7099E6	
999	-2.8641E-1	7.4423E2	5.9966E-1	1.7099E6	
1000	-2.8641E-1	7.4423E2	5.9966E-1	1.7099E6	
1001	-2.8641E-1	7.4423E2	5.9966E-1	1.7099E6	
1002	-2.8641E-1	7.4423E2	5.9966E-1	1.7099E6	
1003	-2.8641E-1	7.4423E2	5.9966E-1	1.7099E6	
1004	-2.8641E-1	7.4423E2	5.9966E-1	1.7099E6	
1005	-2.8641E-1	7.4423E2	5.9966E-1	1.7099E6	
1006	-2.8641E-1	7.4423E2	5.9966E-1	1.7099E6	
1007	-2.8641E-1	7.4423E2	5.9966E-1	1.7099E6	
1008	-2.8641E-1	7.4423E2	5.9966E-1	1.7099E6	
1009	-2.8641E-1	7.4423E2	5.9966E-1	1.7099E6	
1010	-2.8641E-1	7.4423E2	5.9966E-1	1.7099E6	
1011	-2.8641E-1	7.4423E2	5.9966E-1	1.7099E6	
1012	-2.8641E-1	7.4423E2	5.9966E-1	1.7099E6	
1013	-2.8641E-1	7.4423E2	5.9966E-1	1.7099E6	
1014	-2.8641E-1	7.4423E2	5.9966E-1	1.7099E6	
1015	-2.8641E-1	7.4423E2	5.9966E-1	1.7099E6	
1016	-2.8641E-1	7.4423E2	5.9966E-1	1.7099E6	
1017	-2.8641E-1	7.4423E2	5.9966E-1	1.7099E6	
1018	-2.8641E-1	7.4423E2	5.9966E-1	1.7099E6	
1019	-2.8641E-1	7.4423E2	5.9966E-1	1.7099E6	
1020	-2.8641E-1	7.4423E2	5.9966E-1	1.7099E6	
1021	-2.8641E-1	7.4423E2	5.9966E-1	1.7099E6	
1022	-2.8641E-1	7.4423E2	5.9966E-1	1.7099E6	
1023	-2.8641E-1	7.4423E2	5.9966E-1	1.7099E6	
1024	-2.8641E-1	7.4423E2	5.9966E-1	1.7099E6	
1025	-2.8854E-1	7.4106E2	5.9962E-1	1.7099E6	
1026	-3.3287E-1	6.7528E2	6.0088E-1	1.7121E6	
1027	-3.5439E-1	6.4335E2	6.0358E-1	1.7143E6	
1028	-3.7308E-1	6.1561E2	6.0660E-1	1.7166E6	
1029	-3.9337E-1	5.8549E2	6.0993E-1	1.7188E6	
1030	-4.1206E-1	5.5775E2	6.1352E-1	1.7210E6	
1031	-4.2732E-1	5.3510E2	6.1711E-1	1.7232E6	
1032	-4.4304E-1	5.1178E2	6.2100E-1	1.7254E6	
1033	-4.5570E-1	4.9298E2	6.2481E-1	1.7277E6	
1034	-4.7195E-1	4.6887E2	6.2884E-1	1.7299E6	
1035	-4.8248E-1	4.5324E2	6.3293E-1	1.7321E6	
1036	-4.9652E-1	4.3241E2	6.3700E-1	1.7343E6	
1037	-5.0636E-1	4.1780E2	6.4112E-1	1.7365E6	
1038	-5.1582E-1	4.0376E2	6.4538E-1	1.7388E6	
1039	-5.3238E-1	3.7919E2	6.4962E-1	1.7410E6	
1040	-5.3421E-1	3.7648E2	6.5402E-1	1.7432E6	
1041	-5.4916E-1	3.5428E2	6.5825E-1	1.7454E6	
1042	-5.5962E-1	3.3877E2	6.6273E-1	1.7476E6	
1043	-5.7106E-1	3.2179E2	6.6705E-1	1.7499E6	
1044	-5.7510E-1	3.1579E2	6.7157E-1	1.7521E6	
1045	-5.8739E-1	2.9756E2	6.7593E-1	1.7543E6	
1046	-5.9761E-1	2.8239E2	6.8043E-1	1.7565E6	
1047	-6.0471E-1	2.7186E2	6.8489E-1	1.7587E6	
1048	-6.1150E-1	2.6178E2	6.8939E-1	1.7610E6	
1049	-6.2263E-1	2.4525E2	6.9392E-1	1.7632E6	
1050	-6.2950E-1	2.3506E2	6.9843E-1	1.7654E6	
1051	-6.3919E-1	2.2068E2	7.0301E-1	1.7676E6	
1052	-6.4690E-1	2.0924E2	7.0752E-1	1.7698E6	
1053	-6.5697E-1	1.9430E2	7.1213E-1	1.7721E6	
1054	-6.5987E-1	1.8999E2	7.1664E-1	1.7743E6	
1055	-6.7032E-1	1.7448E2	7.2133E-1	1.7765E6	
1056	-6.7764E-1	1.6361E2	7.2590E-1	1.7787E6	
1057	-6.8733E-1	1.4923E2	7.3056E-1	1.7809E6	
1058	-6.9542E-1	1.3723E2	7.3515E-1	1.7832E6	
1059	-6.9427E-1	1.3893E2	7.3988E-1	1.7854E6	
1060	-7.0312E-1	1.2579E2	7.4450E-1	1.7876E6	
1061	-7.1236E-1	1.1209E2	7.4916E-1	1.7898E6	
1062	-7.2205E-1	9.7714E1	7.5384E-1	1.7920E6	
1063	-7.2884E-1	8.7637E1	7.5853E-1	1.7943E6	
1064	-7.3219E-1	8.2655E1	7.6325E-1	1.7965E6	
1065	-7.3784E-1	7.4276E1	7.6795E-1	1.7987E6	
1066	-7.4600E-1	6.2161E1	7.7263E-1	1.8009E6	
1067	-7.5302E-1	5.1744E1	7.7741E-1	1.8031E6	
1068	-7.5836E-1	4.3818E1	7.8205E-1	1.8054E6	
1069	-7.6225E-1	3.8044E1	7.8691E-1	1.8076E6	
1070	-7.6851E-1	2.8759E1	7.9159E-1	1.8098E6	
1071	-7.7568E-1	1.8116E1	7.9641E-1	1.8120E6	
1072	-7.8384E-1	6.0010E0	8.0104E-1	1.8142E6	
1073	-7.8621E-1	2.4910E0	8.0589E-1	1.8165E6	
1074	-7.9170E-1	-5.6612E0	8.1073E-1	1.8187E6	
1075	-7.9979E-1	-1.7663E1	8.1553E-1	1.8209E6	
1076	-8.0536E-1	-2.5929E1	8.2030E-1	1.8231E6	
1077	-8.1505E-1	-4.0308E1	8.2511E-1	1.8253E6	
1078	-8.1825E-1	-4.5064E1	8.2996E-1	1.8276E6	
1079	-8.2687E-1	-5.7858E1	8.3481E-1	1.8298E6	
1080	-8.2771E-1	-5.9104E1	8.3960E-1	1.8320E6	
1081	-8.3580E-1	-7.1106E1	8.4438E-1	1.8342E6	
1082	-8.3824E-1	-7.4729E1	8.4921E-1	1.8364E6	
1083	-8.4610E-1	-8.6391E1	8.5417E-1	1.8387E6	
1084	-8.4694E-1	-8.7637E1	8.5896E-1	1.8409E6	
1085	-8.5716E-1	-1.0281E2	8.6380E-1	1.8431E6	
1086	-8.6082E-1	-1.0824E2	8.6877E-1	1.8453E6	
1087	-8.6876E-1	-1.2002E2	8.7355E-1	1.8475E6	
1088	-8.7753E-1	-1.3304E2	8.7852E-1	1.8498E6	
1089	-8.8379E-1	-1.4232E2	8.8338E-1	1.8520E6	
1090	-8.8852E-1	-1.4934E2	8.8832E-1	1.8542E6	
1091	-8.9607E-1	-1.6055E2	8.9308E-1	1.8564E6	
1092	-9.0637E-1	-1.7584E2	8.9813E-1	1.8586E6	
1093	-9.1446E-1	-1.8784E2	9.0312E-1	1.8609E6	
1094	-9.1980E-1	-1.9577E2	9.0791E-1	1.8631E6	
1095	-9.2987E-1	-2.1071E2	9.1290E-1	1.8653E6	
1096	-9.3216E-1	-2.1411E2	9.1781E-1	1.8675E6	
1097	-9.4360E-1	-2.3109E2	9.2278E-1	1.8697E6	
1098	-9.4940E-1	-2.3970E2	9.2777E-1	1.8720E6	
1099	-9.5840E-1	-2.5306E2	9.3273E-1	1.8742E6	
1100	-9.6107E-1	-2.5702E2	9.3772E-1	1.8764E6	
1101	-9.7458E-1	-2.7706E2	9.4279E-1	1.8786E6	
1102	-9.7618E-1	-2.7944E2	9.4763E-1	1.8808E6	
1103	-9.8518E-1	-2.9280E2	9.5261E-1	1.8831E6	
1104	-9.8534E-1	-2.9303E2	9.5759E-1	1.8853E6	
1105	-9.9037E-1	-3.0050E2	9.6255E-1	1.8875E6	
1106	-9.9838E-1	-3.1239E2	9.6773E-1	1.8897E6	
1107	-9.9937E-1	-3.1386E2	9.7275E-1	1.8919E6	
1108	-1.0085E0	-3.2745E2	9.7775E-1	1.8942E6	
1109	-1.0056E0	-3.2315E2	9.8269E-1	1.8964E6	
1110	-1.0122E0	-3.3288E2	9.8782E-1	1.8986E6	
1111	-1.0101E0	-3.2971E2	9.9276E-1	1.9008E6	
1112	-1.0225E0	-3.4817E2	9.9779E-1	1.9030E6	
1113	-1.0204E0	-3.4500E2	1.0029E0	1.9053E6	
1114	-1.0222E0	-3.4772E2	1.0079E0	1.9075E6	
1115	-1.0275E0	-3.5553E2	1.0129E0	1.9097E6	
1116	-1.0304E0	-3.5994E2	1.0180E0	1.9119E6	
1117	-1.0358E0	-3.6787E2	1.0232E0	1.9141E6	
1118	-1.0429E0	-3.7851E2	1.0283E0	1.9164E6	
1119	-1.0424E0	-3.7772E2	1.0333E0	1.9186E6	
1120	-1.0387E0	-3.7229E2	1.0383E0	1.9208E6	
1121	-1.0510E0	-3.9052E2	1.0433E0	1.9230E6	
1122	-1.0532E0	-3.9369E2	1.0486E0	1.9252E6	
1123	-1.0551E0	-3.9652E2	1.0537E0	1.9275E6	
1124	-1.0580E0	-4.0082E2	1.0587E0	1.9297E6	
1125	-1.0620E0	-4.0682E2	1.0639E0	1.9319E6	
1126	-1.0632E0	-4.0852E2	1.0690E0	1.9341E6	
1127	-1.0649E0	-4.1112E2	1.0742E0	1.9363E6	
1128	-1.0636E0	-4.0920E2	1.0792E0	1.9386E6	
1129	-1.0666E0	-4.1361E2	1.0845E0	1.9408E6	
1130	-1.0692E0	-4.1746E2	1.0896E0	1.9430E6	
1131	-1.0698E0	-4.1837E2	1.0947E0	1.9452E6	
1132	-1.0740E0	-4.2460E2	1.1000E0	1.9474E6	
1133	-1.0734E0	-4.2369E2	1.1050E0	1.9497E6	
1134	-1.0738E0	-4.2437E2	1.1102E0	1.9519E6	
1135	-1.0751E0	-4.2629E2	1.1154E0	1.9541E6	
1136	-1.0785E0	-4.3128E2	1.1206E0	1.9563E6	
1137	-1.0766E0	-4.2845E2	1.1258E0	1.9585E6	
1138	-1.0867E0	-4.4351E2	1.1310E0	1.9608E6	
1139	-1.0894E0	-4.4747E2	1.1362E0	1.9630E6	
1140	-1.0877E0	-4.4498E2	1.1414E0	1.9652E6	
1141	-1.0946E0	-4.5517E2	1.1466E0	1.9674E6	
1142	-1.0937E0	-4.5381E2	1.1518E0	1.9696E6	
1143	-1.0921E0	-4.5143E2	1.1571E0	1.9719E6	
1144	-1.0880E0	-4.4532E2	1.1623E0	1.9741E6	
1145	-1.0877E0	-4.4498E2	1.1676E0	1.9763E6	
1146	-1.0914E0	-4.5041E2	1.1729E0	1.9785E6	
1147	-1.0967E0	-4.5834E2	1.1779E0	1.9807E6	
1148	-1.0977E0	-4.5981E2	1.1833E0	1.9830E6	
1149	-1.1018E0	-4.6592E2	1.1886E0	1.9852E6	
1150	-1.1050E0	-4.7068E2	1.1938E0	1.9874E6	
1151	-1.1053E0	-4.7102E2	1.1991E0	1.9896E6	
1152	-1.1099E0	-4.7793E2	1.2043E0	1.9918E6	
1153	-1.1131E0	-4.8268E2	1.2097E0	1.9941E6	
1154	-1.1086E0	-4.7589E2	1.2149E0	1.9963E6	
1155	-1.1089E0	-4.7645E2	1.2202E0	1.9985E6	
1156	-1.1075E0	-4.7430E2	1.2255E0	2.0007E6	
1157	-1.1081E0	-4.7521E2	1.2308E0	2.0029E6	
1158	-1.1085E0	-4.7577E2	1.2362E0	2.0052E6	
1159	-1.1076E0	-4.7453E2	1.2414E0	2.0074E6	
1160	-1.1043E0	-4.6955E2	1.2467E0	2.0096E6	
1161	-1.1043E0	-4.6955E2	1.2520E0	2.0118E6	
1162	-1.1033E0	-4.6808E2	1.2574E0	2.0140E6	
1163	-1.1045E0	-4.6989E2	1.2628E0	2.0163E6	
1164	-1.1015E0	-4.6536E2	1.2681E0	2.0185E6	
1165	-1.1008E0	-4.6445E2	1.2734E0	2.0207E6	
1166	-1.0976E0	-4.5958E2	1.2787E0	2.0229E6	
1167	-1.0979E0	-4.6004E2	1.2841E0	2.0251E6	
1168	-1.0958E0	-4.5698E2	1.2896E0	2.0274E6	
1169	-1.0962E0	-4.5755E2	1.2950E0	2.0296E6	
1170	-1.0930E0	-4.5279E2	1.3003E0	2.0318E6	
1171	-1.0895E0	-4.4758E2	1.3056E0	2.0340E6	
1172	-1.0905E0	-4.4905E2	1.3111E0	2.0362E6	
1173	-1.0903E0	-4.4883E2	1.3165E0	2.0385E6	
1174	-1.0917E0	-4.5086E2	1.3218E0	2.0407E6	
1175	-1.0809E0	-4.3479E2	1.3273E0	2.0429E6	
1176	-1.0826E0	-4.3739E2	1.3326E0	2.0451E6	
1177	-1.0777E0	-4.3003E2	1.3380E0	2.0473E6	
1178	-1.0777E0	-4.3003E2	1.3433E0	2.0496E6	
1179	-1.0750E0	-4.2607E2	1.3489E0	2.0518E6	
1180	-1.0732E0	-4.2335E2	1.3544E0	2.0540E6	
1181	-1.0723E0	-4.2211E2	1.3597E0	2.0562E6	
1182	-1.0697E0	-4.1826E2	1.3653E0	2.0584E6	
1183	-1.0652E0	-4.1158E2	1.3707E0	2.0607E6	
1184	-1.0686E0	-4.1667E2	1.3761E0	2.0629E6	
1185	-1.0638E0	-4.0942E2	1.3816E0	2.0651E6	
1186	-1.0622E0	-4.0716E2	1.3870E0	2.0673E6	
1187	-1.0590E0	-4.0229E2	1.3926E0	2.0695E6	
1188	-1.0558E0	-3.9765E2	1.3980E0	2.0718E6	
1189	-1.0502E0	-3.8927E2	1.4035E0	2.0740E6	
1190	-1.0500E0	-3.8893E2	1.4089E0	2.0762E6	
1191	-1.0429E0	-3.7851E2	1.4144E0	2.0784E6	
1192	-1.0349E0	-3.6662E2	1.4199E0	2.0806E6	
1193	-1.0052E0	-3.2258E2	1.4254E0	2.0829E6	
1194	-9.8671E-1	-2.9507E2	1.4309E0	2.0851E6	
1195	-9.7511E-1	-2.7786E2	1.4363E0	2.0873E6	
1196	-9.4978E-1	-2.4026E2	1.4419E0	2.0895E6	
1197	-9.1965E-1	-1.9554E2	1.4474E0	2.0917E6	
1198	-8.8303E-1	-1.4119E2	1.4529E0	2.0940E6	
1199	-8.1474E-1	-3.9855E1	1.4585E0	2.0962E6	
1200	-7.0740E-1	1.1945E2	1.4640E0	2.0984E6	
1201	-6.8291E-1	1.5580E2	1.4696E0	2.1006E6	
1202	-6.6696E-1	1.7946E2	1.4750E0	2.1028E6	
1203	-6.6643E-1	1.8026E2	1.4806E0	2.1051E6	
1204	-6.6353E-1	1.8456E2	1.4863E0	2.1073E6	
1205	-6.6643E-1	1.8026E2	1.4918E0	2.1095E6	
1206	-6.6757E-1	1.7856E2	1.4974E0	2.1117E6	
1207	-6.6551E-1	1.8161E2	1.5029E0	2.1139E6	
1208	-6.6589E-1	1.8105E2	1.5085E0	2.1162E6	
1209	-6.6406E-1	1.8377E2	1.5141E0	2.1184E6	
1210	-6.6696E-1	1.7946E2	1.5196E0	2.1206E6	
1211	-6.6566E-1	1.8139E2	1.5253E0	2.1228E6	
1212	-6.6605E-1	1.8082E2	1.5308E0	2.1250E6	
1213	-6.6704E-1	1.7935E2	1.5364E0	2.1273E6	
1214	-6.6582E-1	1.8116E2	1.5421E0	2.1295E6	
1215	-6.6528E-1	1.8195E2	1.5476E0	2.1317E6	
1216	-6.6658E-1	1.8003E2	1.5532E0	2.1339E6	
1217	-6.6635E-1	1.8037E2	1.5589E0	2.1361E6	
1218	-6.6551E-1	1.8161E2	1.5646E0	2.1384E6	
1219	-6.6902E-1	1.7641E2	1.5702E0	2.1406E6	
1220	-6.6628E-1	1.8048E2	1.5758E0	2.1428E6	
1221	-6.6925E-1	1.7607E2	1.5814E0	2.1450E6	
1222	-6.6628E-1	1.8048E2	1.5871E0	2.1472E6	
1223	-6.6551E-1	1.8161E2	1.5928E0	2.1495E6	
1224	-6.6620E-1	1.8060E2	1.5984E0	2.1517E6	
1225	-6.6734E-1	1.7890E2	1.6040E0	2.1539E6	
1226	-6.6566E-1	1.8139E2	1.6098E0	2.1561E6	
1227	-6.6826E-1	1.7754E2	1.6154E0	2.1583E6	
1228	-6.6795E-1	1.7799E2	1.6210E0	2.1606E6	
1229	-6.6734E-1	1.7890E2	1.6266E0	2.1628E6	
1230	-6.6788E-1	1.7810E2	1.6324E0	2.1650E6	
1231	-6.6612E-1	1.8071E2	1.6381E0	2.1672E6	
1232	-6.6772E-1	1.7833E2	1.6439E0	2.1694E6	
1233	-6.6643E-1	1.8026E2	1.6495E0	2.1717E6	
1234	-6.6719E-1	1.7912E2	1.6553E0	2.1739E6	
1235	-6.6811E-1	1.7776E2	1.6609E0	2.1761E6	
1236	-6.6826E-1	1.7754E2	1.6666E0	2.1783E6	
1237	-6.6635E-1	1.8037E2	1.6724E0	2.1805E6	
1238	-6.6628E-1	1.8048E2	1.6780E0	2.1828E6	
1239	-6.6635E-1	1.8037E2	1.6839E0	2.1850E6	
1240	-6.6727E-1	1.7901E2	1.6896E0	2.1872E6	
1241	-6.6795E-1	1.7799E2	1.6953E0	2.1894E6	
1242	-6.6788E-1	1.7810E2	1.7011E0	2.1916E6	
1243	-6.6734E-1	1.7890E2	1.7068E0	2.1939E6	
1244	-6.6788E-1	1.7810E2	1.7125E0	2.1961E6	
1245	-6.6872E-1	1.7686E2	1.7183E0	2.1983E6	
1246	-6.6849E-1	1.7720E2	1.7240E0	2.2005E6	
1247	-6.7001E-1	1.7493E2	1.7299E0	2.2027E6	
1248	-6.6963E-1	1.7550E2	1.7356E0	2.2050E6	
1249	-6.6925E-1	1.7607E2	1.7414E0	2.2072E6	
1250	-6.6841E-1	1.7731E2	1.7472E0	2.2094E6	
1251	-6.6879E-1	1.7675E2	1.7530E0	2.2116E6	
1252	-6.7390E-1	1.6916E2	1.7587E0	2.2138E6	
1253	-6.7024E-1	1.7459E2	1.7645E0	2.2161E6	
1254	-6.7078E-1	1.7380E2	1.7703E0	2.2183E6	
1255	-6.6879E-1	1.7675E2	1.7762E0	2.2205E6	
1256	-6.6887E-1	1.7663E2	1.7819E0	2.2227E6	
1257	-6.7360E-1	1.6961E2	1.7878E0	2.2249E6	
1258	-6.7543E-1	1.6689E2	1.7936E0	2.2272E6	
1259	-6.7238E-1	1.7142E2	1.7995E0	2.2294E6	
1260	-6.7154E-1	1.7267E2	1.8053E0	2.2316E6	
1261	-6.7230E-1	1.7154E2	1.8111E0	2.2338E6	
1262	-6.7230E-1	1.7154E2	1.8170E0	2.2360E6	
1263	-6.7398E-1	1.6905E2	1.8227E0	2.2383E6	
1264	-6.7612E-1	1.6588E2	1.8287E0	2.2405E6	
1265	-6.7215E-1	1.7176E2	1.8345E0	2.2427E6	
1266	-6.7520E-1	1.6723E2	1.8402E0	2.2449E6	
1267	-6.7665E-1	1.6508E2	1.8462E0	2.2471E6	
1268	-6.7520E-1	1.6723E2	1.8521E0	2.2494E6	
1269	-6.7406E-1	1.6893E2	1.8579E0	2.2516E6	
1270	-6.7474E-1	1.6791E2	1.8638E0	2.2538E6	
1271	-6.7719E-1	1.6429E2	1.8697E0	2.2560E6	
1272	-6.7596E-1	1.6610E2	1.8757E0	2.2582E6	
1273	-6.7886E-1	1.6180E2	1.8815E0	2.2605E6	
1274	-6.7574E-1	1.6644E2	1.8874E0	2.2627E6	
1275	-6.7764E-1	1.6361E2	1.8933E0	2.2649E6	
1276	-6.7947E-1	1.6089E2	1.8991E0	2.2671E6	
1277	-6.8054E-1	1.5931E2	1.9051E0	2.2693E6	
1278	-6.7757E-1	1.6372E2	1.9110E0	2.2716E6	
1279	-6.8054E-1	1.5931E2	1.9170E0	2.2738E6	
1280	-6.7886E-1	1.6180E2	1.9229E0	2.2760E6	
1281	-6.7741E-1	1.6395E2	1.9288E0	2.2782E6	
1282	-6.7886E-1	1.6180E2	1.9347E0	2.2804E6	
1283	-6.7909E-1	1.6146E2	1.9407E0	2.2827E6	
1284	-6.7894E-1	1.6169E2	1.9466E0	2.2849E6	
1285	-6.8008E-1	1.5999E2	1.9526E0	2.2871E6	
1286	-6.8138E-1	1.5806E2	1.9585E0	2.2893E6	
1287	-6.7970E-1	1.6055E2	1.9644E0	2.2915E6	
1288	-6.8069E-1	1.5908E2	1.9704E0	2.2938E6	
1289	-6.7963E-1	1.6067E2	1.9764E0	2.2960E6	
1290	-6.7963E-1	1.6067E2	1.9823E0	2.2982E6	
1291	-6.8298E-1	1.5569E2	1.9883E0	2.3004E6	
1292	-6.8199E-1	1.5716E2	1.9943E0	2.3026E6	
1293	-6.8077E-1	1.5897E2	2.0003E0	2.3049E6	
1294	-6.8047E-1	1.5942E2	2.0063E0	2.3071E6	
1295	-6.8085E-1	1.5886E2	2.0122E0	2.3093E6	
1296	-6.8092E-1	1.5874E2	2.0183E0	2.3115E6	
1297	-6.7963E-1	1.6067E2	2.0243E0	2.3137E6	
1298	-6.8069E-1	1.5908E2	2.0303E0	2.3160E6	
1299	-6.8047E-1	1.5942E2	2.0363E0	2.3182E6	
1300	-6.8184E-1	1.5738E2	2.0423E0	2.3204E6	
1301	-6.8207E-1	1.5704E2	2.0484E0	2.3226E6	
1302	-6.8336E-1	1.5512E2	2.0544E0	2.3248E6	
1303	-6.8283E-1	1.5591E2	2.0604E0	2.3271E6	
1304	-6.8184E-1	1.5738E2	2.0664E0	2.3293E6	
1305	-6.8108E-1	1.5852E2	2.0723E0	2.3315E6	
1306	-6.8062E-1	1.5920E2	2.0785E0	2.3337E6	
1307	-6.8047E-1	1.5942E2	2.0845E0	2.3359E6	
1308	-6.8100E-1	1.5863E2	2.0905E0	2.3382E6	
1309	-6.8214E-1	1.5693E2	2.0966E0	2.3404E6	
1310	-6.8382E-1	1.5444E2	2.1027E0	2.3426E6	
1311	-6.7986E-1	1.6033E2	2.1087E0	2.3448E6	
1312	-6.8260E-1	1.5625E2	2.1147E0	2.3470E6	
1313	-6.8115E-1	1.5840E2	2.1208E0	2.3493E6	
1314	-6.8367E-1	1.5467E2	2.1268E0	2.3515E6	
1315	-6.8100E-1	1.5863E2	2.1329E0	2.3537E6	
1316	-6.8344E-1	1.5501E2	2.1390E0	2.3559E6	
1317	-6.8047E-1	1.5942E2	2.1451E0	2.3581E6	
1318	-6.8283E-1	1.5591E2	2.1513E0	2.3604E6	
1319	-6.8253E-1	1.5636E2	2.1573E0	2.3626E6	
1320	-6.8428E-1	1.5376E2	2.1634E0	2.3648E6	
1321	-6.8283E-1	1.5591E2	2.1695E0	2.3670E6	
1322	-6.8336E-1	1.5512E2	2.1756E0	2.3692E6	
1323	-6.8222E-1	1.5682E2	2.1818E0	2.3715E6	
1324	-6.8649E-1	1.5048E2	2.1879E0	2.3737E6	
1325	-6.8283E-1	1.5591E2	2.1940E0	2.3759E6	
1326	-6.8451E-1	1.5342E2	2.2001E0	2.3781E6	
1327	-6.8474E-1	1.5308E2	2.2062E0	2.3803E6	
1328	-6.8497E-1	1.5274E2	2.2124E0	2.3826E6	
1329	-6.8687E-1	1.4991E2	2.2185E0	2.3848E6	
1330	-6.8512E-1	1.5252E2	2.2248E0	2.3870E6	
1331	-6.8428E-1	1.5376E2	2.2308E0	2.3892E6	
1332	-6.8443E-1	1.5353E2	2.2369E0	2.3914E6	
1333	-6.8634E-1	1.5070E2	2.2432E0	2.3937E6	
1334	-6.8604E-1	1.5116E2	2.2493E0	2.3959E6	
1335	-6.8756E-1	1.4889E2	2.2555E0	2.3981E6	
1336	-6.8802E-1	1.4821E2	2.2617E0	2.4003E6	
1337	-6.8718E-1	1.4946E2	2.2679E0	2.4025E6	
1338	-6.8733E-1	1.4923E2	2.2741E0	2.4048E6	
1339	-6.8733E-1	1.4923E2	2.2801E0	2.4070E6	
1340	-6.8779E-1	1.4855E2	2.2865E0	2.4092E6	
1341	-6.8817E-1	1.4799E2	2.2926E0	2.4114E6	
1342	-6.9305E-1	1.4074E2	2.2988E0	2.4136E6	
1343	-6.9092E-1	1.4391E2	2.3050E0	2.4159E6	
1344	-6.9199E-1	1.4232E2	2.3112E0	2.4181E6	
1345	-6.9122E-1	1.4346E2	2.3173E0	2.4203E6	
1346	-6.9191E-1	1.4244E2	2.3237E0	2.4225E6	
1347	-6.9344E-1	1.4017E2	2.3298E0	2.4247E6	
1348	-6.9336E-1	1.4029E2	2.3360E0	2.4270E6	
1349	-6.9183E-1	1.4255E2	2.3423E0	2.4292E6	
1350	-6.9283E-1	1.4108E2	2.3486E0	2.4314E6	
1351	-6.9008E-1	1.4516E2	2.3547E0	2.4336E6	
1352	-6.9382E-1	1.3961E2	2.3609E0	2.4358E6	
1353	-6.9260E-1	1.4142E2	2.3673E0	2.4381E6	
1354	-6.9427E-1	1.3893E2	2.3735E0	2.4403E6	
1355	-6.9275E-1	1.4119E2	2.3798E0	2.4425E6	
1356	-6.9374E-1	1.3972E2	2.3861E0	2.4447E6	
1357	-6.9191E-1	1.4244E2	2.3923E0	2.4469E6	
1358	-6.9527E-1	1.3746E2	2.3986E0	2.4492E6	
1359	-6.9328E-1	1.4040E2	2.4049E0	2.4514E6	
1360	-6.9183E-1	1.4255E2	2.4112E0	2.4536E6	
1361	-6.9405E-1	1.3927E2	2.4175E0	2.4558E6	
1362	-6.9504E-1	1.3780E2	2.4238E0	2.4580E6	
1363	-6.9489E-1	1.3802E2	2.4301E0	2.4603E6	
1364	-6.9397E-1	1.3938E2	2.4363E0	2.4625E6	
1365	-6.9420E-1	1.3904E2	2.4427E0	2.4647E6	
1366	-6.9542E-1	1.3723E2	2.4489E0	2.4669E6	
1367	-6.9405E-1	1.3927E2	2.4552E0	2.4691E6	
1368	-6.9504E-1	1.3780E2	2.4616E0	2.4714E6	
1369	-6.9443E-1	1.3870E2	2.4679E0	2.4736E6	
1370	-6.9496E-1	1.3791E2	2.4742E0	2.4758E6	
1371	-6.9473E-1	1.3825E2	2.4805E0	2.4780E6	
1372	-6.9405E-1	1.3927E2	2.4868E0	2.4802E6	
1373	-6.9649E-1	1.3564E2	2.4933E0	2.4825E6	
1374	-6.9656E-1	1.3553E2	2.4996E0	2.4847E6	
1375	-6.9603E-1	1.3632E2	2.5058E0	2.4869E6	
1376	-6.9641E-1	1.3576E2	2.5123E0	2.4891E6	
1377	-6.9496E-1	1.3791E2	2.5186E0	2.4913E6	
1378	-6.9191E-1	1.4244E2	2.5250E0	2.4936E6	
1379	-6.9534E-1	1.3734E2	2.5314E0	2.4958E6	
1380	-6.9679E-1	1.3519E2	2.5377E0	2.4980E6	
1381	-6.9473E-1	1.3825E2	2.5441E0	2.5002E6	
1382	-6.9542E-1	1.3723E2	2.5504E0	2.5024E6	
1383	-6.9717E-1	1.3463E2	2.5569E0	2.5047E6	
1384	-6.9382E-1	1.3961E2	2.5633E0	2.5069E6	
1385	-6.9511E-1	1.3768E2	2.5697E0	2.5091E6	
1386	-6.9733E-1	1.3440E2	2.5760E0	2.5113E6	
1387	-6.9649E-1	1.3564E2	2.5825E0	2.5135E6	
1388	-6.9588E-1	1.3655E2	2.5888E0	2.5158E6	
1389	-6.9672E-1	1.3530E2	2.5953E0	2.5180E6	
1390	-6.9763E-1	1.3395E2	2.6017E0	2.5202E6	
1391	-6.9672E-1	1.3530E2	2.6081E0	2.5224E6	
1392	-6.9870E-1	1.3236E2	2.6146E0	2.5246E6	
1393	-6.9626E-1	1.3598E2	2.6209E0	2.5269E6	
1394	-6.9855E-1	1.3259E2	2.6275E0	2.5291E6	
1395	-6.9717E-1	1.3463E2	2.6338E0	2.5313E6	
1396	-6.9717E-1	1.3463E2	2.6403E0	2.5335E6	
1397	-7.0000E-1	1.3044E2	2.6467E0	2.5357E6	
1398	-7.0015E-1	1.3021E2	2.6532E0	2.5380E6	
1399	-6.9847E-1	1.3270E2	2.6596E0	2.5402E6	
1400	-6.9984E-1	1.3066E2	2.6661E0	2.5424E6	
1401	-7.0076E-1	1.2930E2	2.6726E0	2.5446E6	
1402	-6.9969E-1	1.3089E2	2.6791E0	2.5468E6	
1403	-7.0160E-1	1.2806E2	2.6856E0	2.5491E6	
1404	-7.0244E-1	1.2681E2	2.6920E0	2.5513E6	
1405	-7.0061E-1	1.2953E2	2.6985E0	2.5535E6	
1406	-7.0068E-1	1.2942E2	2.7050E0	2.5557E6	
1407	-7.0076E-1	1.2930E2	2.7116E0	2.5579E6	
1408	-7.0084E-1	1.2919E2	2.7180E0	2.5602E6	
1409	-7.0183E-1	1.2772E2	2.7245E0	2.5624E6	
1410	-7.0107E-1	1.2885E2	2.7310E0	2.5646E6	
1411	-7.0137E-1	1.2840E2	2.7375E0	2.5668E6	
1412	-7.0488E-1	1.2319E2	2.7440E0	2.5690E6	
1413	-7.0473E-1	1.2342E2	2.7506E0	2.5713E6	
1414	-7.0694E-1	1.2013E2	2.7571E0	2.5735E6	
1415	-7.0366E-1	1.2500E2	2.7636E0	2.5757E6	
1416	-7.0633E-1	1.2104E2	2.7701E0	2.5779E6	
1417	-7.0717E-1	1.1979E2	2.7767E0	2.5801E6	
1418	-7.0564E-1	1.2206E2	2.7832E0	2.5824E6	
1419	-7.0557E-1	1.2217E2	2.7897E0	2.5846E6	
1420	-7.0572E-1	1.2194E2	2.7964E0	2.5868E6	
1421	-7.0534E-1	1.2251E2	2.8029E0	2.5890E6	
1422	-7.0488E-1	1.2319E2	2.8095E0	2.5912E6	
1423	-7.0717E-1	1.1979E2	2.8160E0	2.5935E6	
1424	-7.0885E-1	1.1730E2	2.8227E0	2.5957E6	
1425	-7.0541E-1	1.2240E2	2.8292E0	2.5979E6	
1426	-7.0946E-1	1.1640E2	2.8357E0	2.6001E6	
1427	-7.0694E-1	1.2013E2	2.8422E0	2.6023E6	
1428	-7.0709E-1	1.1991E2	2.8489E0	2.6046E6	
1429	-7.0976E-1	1.1594E2	2.8553E0	2.6068E6	
1430	-7.0831E-1	1.1809E2	2.8620E0	2.6090E6	
1431	-7.0770E-1	1.1900E2	2.8686E0	2.6112E6	
1432	-7.1053E-1	1.1481E2	2.8752E0	2.6134E6	
1433	-7.0908E-1	1.1696E2	2.8818E0	2.6157E6	
1434	-7.1083E-1	1.1436E2	2.8884E0	2.6179E6	
1435	-7.0763E-1	1.1911E2	2.8950E0	2.6201E6	
1436	-7.1037E-1	1.1504E2	2.9017E0	2.6223E6	
1437	-7.0824E-1	1.1821E2	2.9082E0	2.6245E6	
1438	-7.1007E-1	1.1549E2	2.9149E0	2.6268E6	
1439	-7.0862E-1	1.1764E2	2.9215E0	2.6290E6	
1440	-7.1014E-1	1.1538E2	2.9282E0	2.6312E6	
1441	-7.0892E-1	1.1719E2	2.9348E0	2.6334E6	
1442	-7.1007E-1	1.1549E2	2.9415E0	2.6356E6	
1443	-7.0740E-1	1.1945E2	2.9481E0	2.6379E6	
1444	-7.1121E-1	1.1379E2	2.9547E0	2.6401E6	
1445	-7.1136E-1	1.1357E2	2.9614E0	2.6423E6	
1446	-7.0908E-1	1.1696E2	2.9681E0	2.6445E6	
1447	-7.0923E-1	1.1674E2	2.9746E0	2.6467E6	
1448	-7.0724E-1	1.1968E2	2.9814E0	2.6490E6	
1449	-7.1091E-1	1.1424E2	2.9880E0	2.6512E6	
1450	-7.1121E-1	1.1379E2	2.9947E0	2.6534E6	
1451	-7.1220E-1	1.1232E2	3.0013E0	2.6556E6	
1452	-7.0923E-1	1.1674E2	3.0080E0	2.6578E6	
1453	-7.1037E-1	1.1504E2	3.0147E0	2.6601E6	
1454	-7.1053E-1	1.1481E2	3.0214E0	2.6623E6	
1455	-7.1053E-1	1.1481E2	3.0281E0	2.6645E6	
1456	-7.1136E-1	1.1357E2	3.0348E0	2.6667E6	
1457	-7.1091E-1	1.1424E2	3.0415E0	2.6689E6	
1458	-7.1228E-1	1.1221E2	3.0483E0	2.6712E6	
1459	-7.0930E-1	1.1662E2	3.0550E0	2.6734E6	
1460	-7.1182E-1	1.1289E2	3.0617E0	2.6756E6	
1461	-7.1007E-1	1.1549E2	3.0684E0	2.6778E6	
1462	-7.1037E-1	1.1504E2	3.0752E0	2.6800E6	
1463	-7.1106E-1	1.1402E2	3.0818E0	2.6823E6	
1464	-7.1182E-1	1.1289E2	3.0886E0	2.6845E6	
1465	-7.1335E-1	1.1062E2	3.0953E0	2.6867E6	
1466	-7.1167E-1	1.1311E2	3.1020E0	2.6889E6	
1467	-7.1220E-1	1.1232E2	3.1088E0	2.6911E6	
1468	-7.1159E-1	1.1323E2	3.1155E0	2.6934E6	
1469	-7.1281E-1	1.1141E2	3.1224E0	2.6956E6	
1470	-7.1251E-1	1.1187E2	3.1290E0	2.6978E6	
1471	-7.1457E-1	1.0881E2	3.1358E0	2.7000E6	
1472	-7.1289E-1	1.1130E2	3.1426E0	2.7022E6	
1473	-7.1548E-1	1.0745E2	3.1494E0	2.7045E6	
1474	-7.1655E-1	1.0587E2	3.1561E0	2.7067E6	
1475	-7.1480E-1	1.0847E2	3.1628E0	2.7089E6	
1476	-7.1648E-1	1.0598E2	3.1696E0	2.7111E6	
1477	-7.1556E-1	1.0734E2	3.1764E0	2.7133E6	
1478	-7.1770E-1	1.0417E2	3.1832E0	2.7156E6	
1479	-7.1716E-1	1.0496E2	3.1901E0	2.7178E6	
1480	-7.1854E-1	1.0292E2	3.1968E0	2.7200E6	
1481	-7.1602E-1	1.0666E2	3.2036E0	2.7222E6	
1482	-7.1579E-1	1.0700E2	3.2104E0	2.7244E6	
1483	-7.1930E-1	1.0179E2	3.2172E0	2.7267E6	
1484	-7.1838E-1	1.0315E2	3.2240E0	2.7289E6	
1485	-7.2021E-1	1.0043E2	3.2309E0	2.7311E6	
1486	-7.1922E-1	1.0190E2	3.2377E0	2.7333E6	
1487	-7.1732E-1	1.0473E2	3.2446E0	2.7355E6	
1488	-7.1655E-1	1.0587E2	3.2513E0	2.7378E6	
1489	-7.1922E-1	1.0190E2	3.2581E0	2.7400E6	
1490	-7.2075E-1	9.9639E1	3.2650E0	2.7422E6	
1491	-7.2227E-1	9.7374E1	3.2719E0	2.7444E6	
1492	-7.2327E-1	9.5902E1	3.2786E0	2.7466E6	
1493	-7.2105E-1	9.9186E1	3.2855E0	2.7489E6	
1494	-7.2105E-1	9.9186E1	3.2925E0	2.7511E6	
1495	-7.2189E-1	9.7940E1	3.2992E0	2.7533E6	
1496	-7.2037E-1	1.0020E2	3.3062E0	2.7555E6	
1497	-7.2174E-1	9.8167E1	3.3130E0	2.7577E6	
1498	-7.2357E-1	9.5449E1	3.3199E0	2.7600E6	
1499	-7.2182E-1	9.8054E1	3.3268E0	2.7622E6	
1500	-7.2144E-1	9.8620E1	3.3337E0	2.7644E6	
1501	-7.2075E-1	9.9639E1	3.3405E0	2.7666E6	
1502	-7.2174E-1	9.8167E1	3.3474E0	2.7688E6	
1503	-7.2586E-1	9.2053E1	3.3542E0	2.7711E6	
1504	-7.2464E-1	9.3864E1	3.3612E0	2.7733E6	
1505	-7.2205E-1	9.7714E1	3.3681E0	2.7755E6	
1506	-7.2090E-1	9.9412E1	3.3749E0	2.7777E6	
1507	-7.2433E-1	9.4317E1	3.3819E0	2.7799E6	
1508	-7.2563E-1	9.2392E1	3.3888E0	2.7822E6	
1509	-7.2289E-1	9.6468E1	3.3957E0	2.7844E6	
1510	-7.2372E-1	9.5223E1	3.4025E0	2.7866E6	
1511	-7.2159E-1	9.8393E1	3.4094E0	2.7888E6	
1512	-7.2380E-1	9.5110E1	3.4165E0	2.7910E6	
1513	-7.2357E-1	9.5449E1	3.4233E0	2.7933E6	
1514	-7.2281E-1	9.6582E1	3.4302E0	2.7955E6	
1515	-7.2594E-1	9.1939E1	3.4372E0	2.7977E6	
1516	-7.2449E-1	9.4091E1	3.4441E0	2.7999E6	
1517	-7.2609E-1	9.1713E1	3.4511E0	2.8021E6	
1518	-7.2433E-1	9.4317E1	3.4581E0	2.8044E6	
1519	-7.2319E-1	9.6015E1	3.4650E0	2.8066E6	
1520	-7.2403E-1	9.4770E1	3.4719E0	2.8088E6	
1521	-7.2342E-1	9.5676E1	3.4788E0	2.8110E6	
1522	-7.2441E-1	9.4204E1	3.4859E0	2.8132E6	
1523	-7.2266E-1	9.6808E1	3.4928E0	2.8155E6	
1524	-7.2495E-1	9.3411E1	3.4999E0	2.8177E6	
1525	-7.2685E-1	9.0581E1	3.5068E0	2.8199E6	
1526	-7.2395E-1	9.4883E1	3.5137E0	2.8221E6	
1527	-7.2289E-1	9.6468E1	3.5207E0	2.8243E6	
1528	-7.2807E-1	8.8769E1	3.5278E0	2.8266E6	
1529	-7.2426E-1	9.4430E1	3.5346E0	2.8288E6	
1530	-7.2769E-1	8.9335E1	3.5416E0	2.8310E6	
1531	-7.2701E-1	9.0354E1	3.5487E0	2.8332E6	
1532	-7.2701E-1	9.0354E1	3.5557E0	2.8354E6	
1533	-7.2693E-1	9.0467E1	3.5627E0	2.8377E6	
1534	-7.2830E-1	8.8429E1	3.5697E0	2.8399E6	
1535	-7.2594E-1	9.1939E1	3.5767E0	2.8421E6	
1536	-7.2739E-1	8.9788E1	3.5837E0	2.8443E6	
1537	-7.2983E-1	8.6165E1	3.5908E0	2.8465E6	
1538	-7.3235E-1	8.2428E1	3.5978E0	2.8488E6	
1539	-7.2998E-1	8.5938E1	3.6047E0	2.8510E6	
1540	-7.3181E-1	8.3221E1	3.6117E0	2.8532E6	
1541	-7.2876E-1	8.7750E1	3.6189E0	2.8554E6	
1542	-7.3128E-1	8.4014E1	3.6258E0	2.8576E6	
1543	-7.3235E-1	8.2428E1	3.6329E0	2.8599E6	
1544	-7.3097E-1	8.4466E1	3.6399E0	2.8621E6	
1545	-7.3387E-1	8.0164E1	3.6470E0	2.8643E6	
1546	-7.2990E-1	8.6052E1	3.6541E0	2.8665E6	
1547	-7.3090E-1	8.4580E1	3.6611E0	2.8687E6	
1548	-7.3181E-1	8.3221E1	3.6681E0	2.8710E6	
1549	-7.3318E-1	8.1183E1	3.6753E0	2.8732E6	
1550	-7.3441E-1	7.9371E1	3.6824E0	2.8754E6	
1551	-7.3509E-1	7.8352E1	3.6892E0	2.8776E6	
1552	-7.3357E-1	8.0617E1	3.6964E0	2.8798E6	
1553	-7.3364E-1	8.0504E1	3.7036E0	2.8821E6	
1554	-7.3288E-1	8.1636E1	3.7105E0	2.8843E6	
1555	-7.3372E-1	8.0390E1	3.7177E0	2.8865E6	
1556	-7.3433E-1	7.9485E1	3.7248E0	2.8887E6	
1557	-7.3280E-1	8.1749E1	3.7319E0	2.8909E6	
1558	-7.3418E-1	7.9711E1	3.7390E0	2.8932E6	
1559	-7.3273E-1	8.1862E1	3.7461E0	2.8954E6	
1560	-7.3380E-1	8.0277E1	3.7531E0	2.8976E6	
1561	-7.3486E-1	7.8692E1	3.7603E0	2.8998E6	
1562	-7.3631E-1	7.6541E1	3.7673E0	2.9020E6	
1563	-7.3753E-1	7.4729E1	3.7746E0	2.9043E6	
1564	-7.3769E-1	7.4503E1	3.7816E0	2.9065E6	
1565	-7.3708E-1	7.5408E1	3.7887E0	2.9087E6	
1566	-7.3700E-1	7.5522E1	3.7958E0	2.9109E6	
1567	-7.3921E-1	7.2238E1	3.8030E0	2.9131E6	
1568	-7.3792E-1	7.4163E1	3.8101E0	2.9154E6	
1569	-7.3341E-1	8.0843E1	3.8173E0	2.9176E6	
1570	-7.3631E-1	7.6541E1	3.8244E0	2.9198E6	
1571	-7.3639E-1	7.6427E1	3.8315E0	2.9220E6	
1572	-7.3761E-1	7.4616E1	3.8387E0	2.9242E6	
1573	-7.3723E-1	7.5182E1	3.8459E0	2.9265E6	
1574	-7.3738E-1	7.4955E1	3.8530E0	2.9287E6	
1575	-7.3555E-1	7.7673E1	3.8601E0	2.9309E6	
1576	-7.3677E-1	7.5861E1	3.8674E0	2.9331E6	
1577	-7.3792E-1	7.4163E1	3.8745E0	2.9353E6	
1578	-7.3914E-1	7.2351E1	3.8817E0	2.9376E6	
1579	-7.3921E-1	7.2238E1	3.8888E0	2.9398E6	
1580	-7.3792E-1	7.4163E1	3.8960E0	2.9420E6	
1581	-7.3845E-1	7.3370E1	3.9031E0	2.9442E6	
1582	-7.3746E-1	7.4842E1	3.9103E0	2.9464E6	
1583	-7.3761E-1	7.4616E1	3.9175E0	2.9487E6	
1584	-7.3799E-1	7.4050E1	3.9247E0	2.9509E6	
1585	-7.3898E-1	7.2578E1	3.9320E0	2.9531E6	
1586	-7.3997E-1	7.1106E1	3.9390E0	2.9553E6	
1587	-7.3914E-1	7.2351E1	3.9463E0	2.9575E6	
1588	-7.3906E-1	7.2465E1	3.9537E0	2.9598E6	
1589	-7.4142E-1	6.8955E1	3.9607E0	2.9620E6	
1590	-7.4020E-1	7.0766E1	3.9679E0	2.9642E6	
1591	-7.3883E-1	7.2804E1	3.9753E0	2.9664E6	
1592	-7.4173E-1	6.8502E1	3.9825E0	2.9686E6	
1593	-7.4165E-1	6.8615E1	3.9896E0	2.9709E6	
1594	-7.4066E-1	7.0087E1	3.9968E0	2.9731E6	
1595	-7.4051E-1	7.0313E1	4.0041E0	2.9753E6	
1596	-7.4020E-1	7.0766E1	4.0113E0	2.9775E6	
1597	-7.4280E-1	6.6916E1	4.0185E0	2.9797E6	
1598	-7.4089E-1	6.9747E1	4.0258E0	2.9820E6	
1599	-7.4135E-1	6.9068E1	4.0331E0	2.9842E6	
1600	-7.4287E-1	6.6803E1	4.0403E0	2.9864E6	
1601	-7.4371E-1	6.5558E1	4.0474E0	2.9886E6	
1602	-7.4440E-1	6.4539E1	4.0548E0	2.9908E6	
1603	-7.4379E-1	6.5445E1	4.0621E0	2.9931E6	
1604	-7.4448E-1	6.4425E1	4.0693E0	2.9953E6	
1605	-7.4661E-1	6.1255E1	4.0766E0	2.9975E6	
1606	-7.4440E-1	6.4539E1	4.0838E0	2.9997E6	
1607	-7.4394E-1	6.5218E1	4.0911E0	3.0019E6	
1608	-7.4501E-1	6.3633E1	4.0984E0	3.0042E6	
1609	-7.4692E-1	6.0802E1	4.1057E0	3.0064E6	
1610	-7.4730E-1	6.0236E1	4.1129E0	3.0086E6	
1611	-7.4860E-1	5.8311E1	4.1203E0	3.0108E6	
1612	-7.4783E-1	5.9444E1	4.1275E0	3.0130E6	
1613	-7.4974E-1	5.6613E1	4.1348E0	3.0153E6	
1614	-7.4890E-1	5.7858E1	4.1421E0	3.0175E6	
1615	-7.5096E-1	5.4801E1	4.1494E0	3.0197E6	
1616	-7.4684E-1	6.0916E1	4.1568E0	3.0219E6	
1617	-7.4921E-1	5.7406E1	4.1640E0	3.0241E6	
1618	-7.4860E-1	5.8311E1	4.1714E0	3.0264E6	
1619	-7.5027E-1	5.5820E1	4.1787E0	3.0286E6	
1620	-7.4997E-1	5.6273E1	4.1859E0	3.0308E6	
1621	-7.4989E-1	5.6386E1	4.1934E0	3.0330E6	
1622	-7.4883E-1	5.7972E1	4.2007E0	3.0352E6	
1623	-7.5111E-1	5.4575E1	4.2080E0	3.0375E6	
1624	-7.4959E-1	5.6839E1	4.2153E0	3.0397E6	
1625	-7.4944E-1	5.7066E1	4.2226E0	3.0419E6	
1626	-7.4921E-1	5.7406E1	4.2300E0	3.0441E6	
1627	-7.5043E-1	5.5594E1	4.2373E0	3.0463E6	
1628	-7.5027E-1	5.5820E1	4.2446E0	3.0486E6	
1629	-7.4974E-1	5.6613E1	4.2520E0	3.0508E6	
1630	-7.5111E-1	5.4575E1	4.2593E0	3.0530E6	
1631	-7.5386E-1	5.0499E1	4.2667E0	3.0552E6	
1632	-7.5134E-1	5.4235E1	4.2740E0	3.0574E6	
1633	-7.5241E-1	5.2650E1	4.2814E0	3.0597E6	
1634	-7.5134E-1	5.4235E1	4.2887E0	3.0619E6	
1635	-7.5081E-1	5.5028E1	4.2962E0	3.0641E6	
1636	-7.5203E-1	5.3216E1	4.3035E0	3.0663E6	
1637	-7.5157E-1	5.3896E1	4.3109E0	3.0685E6	
1638	-7.5150E-1	5.4009E1	4.3182E0	3.0708E6	
1639	-7.5157E-1	5.3896E1	4.3257E0	3.0730E6	
1640	-7.5111E-1	5.4575E1	4.3330E0	3.0752E6	
1641	-7.5157E-1	5.3896E1	4.3404E0	3.0774E6	
1642	-7.5050E-1	5.5481E1	4.3478E0	3.0796E6	
1643	-7.5012E-1	5.6047E1	4.3551E0	3.0819E6	
1644	-7.5394E-1	5.0386E1	4.3625E0	3.0841E6	
1645	-7.5096E-1	5.4801E1	4.3700E0	3.0863E6	
1646	-7.5348E-1	5.1065E1	4.3774E0	3.0885E6	
1647	-7.5279E-1	5.2084E1	4.3848E0	3.0907E6	
1648	-7.5401E-1	5.0272E1	4.3922E0	3.0930E6	
1649	-7.5516E-1	4.8574E1	4.3996E0	3.0952E6	
1650	-7.5417E-1	5.0046E1	4.4070E0	3.0974E6	
1651	-7.5417E-1	5.0046E1	4.4143E0	3.0996E6	
1652	-7.5432E-1	4.9819E1	4.4218E0	3.1018E6	
1653	-7.5401E-1	5.0272E1	4.4291E0	3.1041E6	
1654	-7.5745E-1	4.5177E1	4.4367E0	3.1063E6	
1655	-7.5485E-1	4.9027E1	4.4442E0	3.1085E6	
1656	-7.5760E-1	4.4951E1	4.4515E0	3.1107E6	
1657	-7.5623E-1	4.6989E1	4.4590E0	3.1129E6	
1658	-7.5401E-1	5.0272E1	4.4664E0	3.1152E6	
1659	-7.5600E-1	4.7328E1	4.4739E0	3.1174E6	
1660	-7.5577E-1	4.7668E1	4.4813E0	3.1196E6	
1661	-7.5874E-1	4.3252E1	4.4887E0	3.1218E6	
1662	-7.5562E-1	4.7895E1	4.4962E0	3.1240E6	
1663	-7.5684E-1	4.6083E1	4.5036E0	3.1263E6	
1664	-7.5722E-1	4.5517E1	4.5110E0	3.1285E6	
1665	-7.5935E-1	4.2346E1	4.5184E0	3.1307E6	
1666	-7.5737E-1	4.5290E1	4.5260E0	3.1329E6	
1667	-7.5722E-1	4.5517E1	4.5334E0	3.1351E6	
1668	-7.5600E-1	4.7328E1	4.5409E0	3.1374E6	
1669	-7.5829E-1	4.3932E1	4.5483E0	3.1396E6	
1670	-7.5981E-1	4.1667E1	4.5557E0	3.1418E6	
1671	-7.5974E-1	4.1780E1	4.5633E0	3.1440E6	
1672	-7.6195E-1	3.8497E1	4.5707E0	3.1462E6	
1673	-7.6019E-1	4.1101E1	4.5782E0	3.1485E6	
1674	-7.6027E-1	4.0988E1	4.5857E0	3.1507E6	
1675	-7.6241E-1	3.7817E1	4.5931E0	3.1529E6	
1676	-7.6172E-1	3.8836E1	4.6006E0	3.1551E6	
1677	-7.6111E-1	3.9742E1	4.6081E0	3.1573E6	
1678	-7.6180E-1	3.8723E1	4.6156E0	3.1596E6	
1679	-7.6263E-1	3.7478E1	4.6232E0	3.1618E6	
1680	-7.6355E-1	3.6119E1	4.6306E0	3.1640E6	
1681	-7.6279E-1	3.7251E1	4.6381E0	3.1662E6	
1682	-7.6103E-1	3.9856E1	4.6455E0	3.1684E6	
1683	-7.6378E-1	3.5779E1	4.6530E0	3.1707E6	
1684	-7.6385E-1	3.5666E1	4.6606E0	3.1729E6	
1685	-7.6408E-1	3.5326E1	4.6680E0	3.1751E6	
1686	-7.6195E-1	3.8497E1	4.6754E0	3.1773E6	
1687	-7.6294E-1	3.7025E1	4.6830E0	3.1795E6	
1688	-7.6416E-1	3.5213E1	4.6906E0	3.1818E6	
1689	-7.6439E-1	3.4874E1	4.6981E0	3.1840E6	
1690	-7.6485E-1	3.4194E1	4.7055E0	3.1862E6	
1691	-7.6286E-1	3.7138E1	4.7131E0	3.1884E6	
1692	-7.6706E-1	3.0911E1	4.7205E0	3.1906E6	
1693	-7.6561E-1	3.3062E1	4.7280E0	3.1929E6	
1694	-7.6614E-1	3.2269E1	4.7356E0	3.1951E6	
1695	-7.6569E-1	3.2949E1	4.7430E0	3.1973E6	
1696	-7.6508E-1	3.3855E1	4.7506E0	3.1995E6	
1697	-7.6378E-1	3.5779E1	4.7581E0	3.2017E6	
1698	-7.6523E-1	3.3628E1	4.7656E0	3.2040E6	
1699	-7.6530E-1	3.3515E1	4.7732E0	3.2062E6	
1700	-7.6904E-1	2.7967E1	4.7808E0	3.2084E6	
1701	-7.6683E-1	3.1250E1	4.7883E0	3.2106E6	
1702	-7.6546E-1	3.3288E1	4.7958E0	3.2128E6	
1703	-7.6492E-1	3.4081E1	4.8033E0	3.2151E6	
1704	-7.6721E-1	3.0684E1	4.8108E0	3.2173E6	
1705	-7.6714E-1	3.0797E1	4.8183E0	3.2195E6	
1706	-7.6874E-1	2.8420E1	4.8259E0	3.2217E6	
1707	-7.6683E-1	3.1250E1	4.8335E0	3.2239E6	
1708	-7.6508E-1	3.3855E1	4.8410E0	3.2262E6	
1709	-7.6775E-1	2.9892E1	4.8486E0	3.2284E6	
1710	-7.6988E-1	2.6721E1	4.8561E0	3.2306E6	
1711	-7.6874E-1	2.8420E1	4.8636E0	3.2328E6	
1712	-7.6706E-1	3.0911E1	4.8712E0	3.2350E6	
1713	-7.6950E-1	2.7287E1	4.8788E0	3.2373E6	
1714	-7.7057E-1	2.5702E1	4.8863E0	3.2395E6	
1715	-7.6836E-1	2.8986E1	4.8939E0	3.2417E6	
1716	-7.6698E-1	3.1024E1	4.9014E0	3.2439E6	
1717	-7.7072E-1	2.5476E1	4.9090E0	3.2461E6	
1718	-7.7110E-1	2.4910E1	4.9165E0	3.2484E6	
1719	-7.6988E-1	2.6721E1	4.9241E0	3.2506E6	
1720	-7.6973E-1	2.6948E1	4.9316E0	3.2528E6	
1721	-7.7049E-1	2.5816E1	4.9393E0	3.2550E6	
1722	-7.7049E-1	2.5816E1	4.9468E0	3.2572E6	
1723	-7.7080E-1	2.5363E1	4.9544E0	3.2595E6	
1724	-7.7454E-1	1.9815E1	4.9619E0	3.2617E6	
1725	-7.7248E-1	2.2872E1	4.9695E0	3.2639E6	
1726	-7.7179E-1	2.3891E1	4.9771E0	3.2661E6	
1727	-7.7415E-1	2.0381E1	4.9847E0	3.2683E6	
1728	-7.7362E-1	2.1173E1	4.9923E0	3.2706E6	
1729	-7.7591E-1	1.7776E1	4.9998E0	3.2728E6	
1730	-7.7385E-1	2.0834E1	5.0075E0	3.2750E6	
1731	-7.7454E-1	1.9815E1	5.0150E0	3.2772E6	
1732	-7.7530E-1	1.8682E1	5.0226E0	3.2794E6	
1733	-7.7522E-1	1.8796E1	5.0302E0	3.2817E6	
1734	-7.7454E-1	1.9815E1	5.0378E0	3.2839E6	
1735	-7.7522E-1	1.8796E1	5.0455E0	3.2861E6	
1736	-7.7637E-1	1.7097E1	5.0530E0	3.2883E6	
1737	-7.7530E-1	1.8682E1	5.0606E0	3.2905E6	
1738	-7.7797E-1	1.4719E1	5.0682E0	3.2928E6	
1739	-7.7667E-1	1.6644E1	5.0759E0	3.2950E6	
1740	-7.7721E-1	1.5852E1	5.0834E0	3.2972E6	
1741	-7.7950E-1	1.2455E1	5.0909E0	3.2994E6	
1742	-7.7568E-1	1.8116E1	5.0986E0	3.3016E6	
1743	-7.7599E-1	1.7663E1	5.1062E0	3.3039E6	
1744	-7.7934E-1	1.2681E1	5.1138E0	3.3061E6	
1745	-7.7621E-1	1.7324E1	5.1215E0	3.3083E6	
1746	-7.7950E-1	1.2455E1	5.1290E0	3.3105E6	
1747	-7.7820E-1	1.4380E1	5.1367E0	3.3127E6	
1748	-7.7713E-1	1.5965E1	5.1443E0	3.3150E6	
1749	-7.8011E-1	1.1549E1	5.1519E0	3.3172E6	
1750	-7.7866E-1	1.3700E1	5.1595E0	3.3194E6	
1751	-7.7896E-1	1.3247E1	5.1670E0	3.3216E6	
1752	-7.8033E-1	1.1209E1	5.1746E0	3.3238E6	
1753	-7.8064E-1	1.0757E1	5.1822E0	3.3261E6	
1754	-7.7789E-1	1.4833E1	5.1899E0	3.3283E6	
1755	-7.7957E-1	1.2342E1	5.1976E0	3.3305E6	
1756	-7.8033E-1	1.1209E1	5.2051E0	3.3327E6	
1757	-7.7980E-1	1.2002E1	5.2127E0	3.3349E6	
1758	-7.8064E-1	1.0757E1	5.2204E0	3.3372E6	
1759	-7.7995E-1	1.1776E1	5.2280E0	3.3394E6	
1760	-7.8224E-1	8.3788E0	5.2356E0	3.3416E6	
1761	-7.7843E-1	1.4040E1	5.2433E0	3.3438E6	
1762	-7.8125E-1	9.8507E0	5.2508E0	3.3460E6	
1763	-7.8148E-1	9.5110E0	5.2586E0	3.3483E6	
1764	-7.8209E-1	8.6052E0	5.2661E0	3.3505E6	
1765	-7.8056E-1	1.0870E1	5.2738E0	3.3527E6	
1766	-7.8148E-1	9.5110E0	5.2814E0	3.3549E6	
1767	-7.8026E-1	1.1323E1	5.2890E0	3.3571E6	
1768	-7.8255E-1	7.9259E0	5.2966E0	3.3594E6	
1769	-7.8445E-1	5.0952E0	5.3043E0	3.3616E6	
1770	-7.8354E-1	6.4539E0	5.3119E0	3.3638E6	
1771	-7.8232E-1	8.2655E0	5.3196E0	3.3660E6	
1772	-7.8217E-1	8.4920E0	5.3271E0	3.3682E6	
1773	-7.8537E-1	3.7365E0	5.3348E0	3.3705E6	
1774	-7.8423E-1	5.4349E0	5.3424E0	3.3727E6	
1775	-7.8278E-1	7.5862E0	5.3500E0	3.3749E6	
1776	-7.8171E-1	9.1713E0	5.3576E0	3.3771E6	
1777	-7.8239E-1	8.1523E0	5.3653E0	3.3793E6	
1778	-7.8430E-1	5.3217E0	5.3729E0	3.3816E6	
1779	-7.8430E-1	5.3217E0	5.3805E0	3.3838E6	
1780	-7.8598E-1	2.8307E0	5.3881E0	3.3860E6	
1781	-7.8316E-1	7.0201E0	5.3957E0	3.3882E6	
1782	-7.8560E-1	3.3968E0	5.4034E0	3.3904E6	
1783	-7.8484E-1	4.5291E0	5.4110E0	3.3927E6	
1784	-7.8415E-1	5.5481E0	5.4186E0	3.3949E6	
1785	-7.8506E-1	4.1894E0	5.4264E0	3.3971E6	
1786	-7.8751E-1	5.6618E-1	5.4340E0	3.3993E6	
1787	-7.8751E-1	5.6618E-1	5.4415E0	3.4015E6	
1788	-7.8674E-1	1.6984E0	5.4492E0	3.4038E6	
1789	-7.8621E-1	2.4910E0	5.4568E0	3.4060E6	
1790	-7.8896E-1	-1.5851E0	5.4644E0	3.4082E6	
1791	-7.8613E-1	2.6042E0	5.4722E0	3.4104E6	
1792	-7.9033E-1	-3.6232E0	5.4797E0	3.4126E6	
1793	-7.9086E-1	-4.4157E0	5.4873E0	3.4149E6	
1794	-7.9109E-1	-4.7554E0	5.4950E0	3.4171E6	
1795	-7.8926E-1	-2.0380E0	5.5026E0	3.4193E6	
1796	-7.9079E-1	-4.3025E0	5.5038E0	3.4196E6	
1797	-7.9079E-1	-4.3025E0	5.5038E0	3.4196E6	
1798	-7.9079E-1	-4.3025E0	5.5038E0	3.4196E6	
1799	-7.9079E-1	-4.3025E0	5.5038E0	3.4196E6	
1800	-7.9079E-1	-4.3025E0	5.5038E0	3.4196E6	
1801	-7.9079E-1	-4.3025E0	5.5038E0	3.4196E6	
1802	-7.9079E-1	-4.3025E0	5.5038E0	3.4196E6	
1803	-7.9079E-1	-4.3025E0	5.5038E0	3.4196E6	
1804	-7.9079E-1	-4.3025E0	5.5038E0	3.4196E6	
1805	-7.9079E-1	-4.3025E0	5.5038E0	3.4196E6	
1806	-7.9079E-1	-4.3025E0	5.5038E0	3.4196E6	
1807	-7.9079E-1	-4.3025E0	5.5038E0	3.4196E6	
1808	-7.9079E-1	-4.3025E0	5.5038E0	3.4196E6	
1809	-7.9079E-1	-4.3025E0	5.5038E0	3.4196E6	
1810	-7.9079E-1	-4.3025E0	5.5038E0	3.4196E6	
1811	-7.9079E-1	-4.3025E0	5.5038E0	3.4196E6	
1812	-7.9079E-1	-4.3025E0	5.5038E0	3.4196E6	
1813	-7.9079E-1	-4.3025E0	5.5038E0	3.4196E6	
1814	-7.9079E-1	-4.3025E0	5.5038E0	3.4196E6	
1815	-7.9079E-1	-4.3025E0	5.5038E0	3.4196E6	
1816	-7.9079E-1	-4.3025E0	5.5038E0	3.4196E6	
1817	-7.9079E-1	-4.3025E0	5.5038E0	3.4196E6	
1818	-7.9079E-1	-4.3025E0	5.5038E0	3.4196E6	
1819	-7.9079E-1	-4.3025E0	5.5038E0	3.4196E6	
1820	-7.9079E-1	-4.3025E0	5.5038E0	3.4196E6	
1821	-7.9079E-1	-4.3025E0	5.5038E0	3.4196E6	
1822	-7.9079E-1	-4.3025E0	5.5038E0	3.4196E6	
1823	-7.9079E-1	-4.3025E0	5.5038E0	3.4196E6	
1824	-7.9079E-1	-4.3025E0	5.5038E0	3.4196E6	
1825	-7.9079E-1	-4.3025E0	5.5038E0	3.4196E6	
1826	-7.9079E-1	-4.3025E0	5.5038E0	3.4196E6	
1827	-7.9079E-1	-4.3025E0	5.5038E0	3.4196E6	
1828	-7.9079E-1	-4.3025E0	5.5038E0	3.4196E6	
1829	-7.9079E-1	-4.3025E0	5.5038E0	3.4196E6	
1830	-7.9079E-1	-4.3025E0	5.5038E0	3.4196E6	
1831	-7.9079E-1	-4.3025E0	5.5038E0	3.4196E6	
1832	-7.9079E-1	-4.3025E0	5.5038E0	3.4196E6	
1833	-7.9079E-1	-4.3025E0	5.5038E0	3.4196E6	
1834	-7.9079E-1	-4.3025E0	5.5038E0	3.4196E6	
1835	-7.9079E-1	-4.3025E0	5.5038E0	3.4196E6	
1836	-7.9079E-1	-4.3025E0	5.5038E0	3.4196E6	
1837	-7.9079E-1	-4.3025E0	5.5038E0	3.4196E6	
1838	-7.9079E-1	-4.3025E0	5.5038E0	3.4196E6	
1839	-7.9079E-1	-4.3025E0	5.5038E0	3.4196E6	
1840	-7.9079E-1	-4.3025E0	5.5038E0	3.4196E6	
1841	-7.9079E-1	-4.3025E0	5.5038E0	3.4196E6	
1842	-7.9079E-1	-4.3025E0	5.5038E0	3.4196E6	
1843	-7.9079E-1	-4.3025E0	5.5038E0	3.4196E6	
1844	-7.9079E-1	-4.3025E0	5.5038E0	3.4196E6	
1845	-7.9079E-1	-4.3025E0	5.5038E0	3.4196E6	
1846	-7.9079E-1	-4.3025E0	5.5038E0	3.4196E6	
1847	-7.9079E-1	-4.3025E0	5.5038E0	3.4196E6	
1848	-7.9079E-1	-4.3025E0	5.5038E0	3.4196E6	
1849	-7.9079E-1	-4.3025E0	5.5038E0	3.4196E6	
1850	-7.9079E-1	-4.3025E0	5.5038E0	3.4196E6	
1851	-7.9079E-1	-4.3025E0	5.5038E0	3.4196E6	
1852	-7.9079E-1	-4.3025E0	5.5038E0	3.4196E6	
1853	-7.9079E-1	-4.3025E0	5.5038E0	3.4196E6	
1854	-7.9079E-1	-4.3025E0	5.5038E0	3.4196E6	
1855	-7.9079E-1	-4.3025E0	5.5038E0	3.4196E6	
1856	-7.9079E-1	-4.3025E0	5.5038E0	3.4196E6	
1857	-7.9079E-1	-4.3025E0	5.5038E0	3.4196E6	
1858	-7.9079E-1	-4.3025E0	5.5038E0	3.4196E6	
1859	-7.9079E-1	-4.3025E0	5.5038E0	3.4196E6	
1860	-7.9079E-1	-4.3025E0	5.5038E0	3.4196E6	
1861	-7.9079E-1	-4.3025E0	5.5038E0	3.4196E6	
1862	-7.9079E-1	-4.3025E0	5.5038E0	3.4196E6	
1863	-7.9079E-1	-4.3025E0	5.5038E0	3.4196E6	
1864	-7.9079E-1	-4.3025E0	5.5038E0	3.4196E6	
1865	-7.9079E-1	-4.3025E0	5.5038E0	3.4196E6	
1866	-7.9079E-1	-4.3025E0	5.5038E0	3.4196E6	
1867	-7.9079E-1	-4.3025E0	5.5038E0	3.4196E6	
1868	-7.9079E-1	-4.3025E0	5.5038E0	3.4196E6	
1869	-7.9079E-1	-4.3025E0	5.5038E0	3.4196E6	
1870	-7.9079E-1	-4.3025E0	5.5038E0	3.4196E6	
1871	-7.9079E-1	-4.3025E0	5.5038E0	3.4196E6	
1872	-7.9079E-1	-4.3025E0	5.5038E0	3.4196E6	
1873	-7.9079E-1	-4.3025E0	5.5038E0	3.4196E6	
1874	-7.9079E-1	-4.3025E0	5.5038E0	3.4196E6	
1875	-7.9079E-1	-4.3025E0	5.5038E0	3.4196E6	
1876	-7.9079E-1	-4.3025E0	5.5038E0	3.4196E6	
1877	-7.9079E-1	-4.3025E0	5.5038E0	3.4196E6	
1878	-7.9079E-1	-4.3025E0	5.5038E0	3.4196E6	
1879	-7.9079E-1	-4.3025E0	5.5038E0	3.4196E6	
1880	-7.9079E-1	-4.3025E0	5.5038E0	3.4196E6	
1881	-7.9079E-1	-4.3025E0	5.5038E0	3.4196E6	
1882	-7.9079E-1	-4.3025E0	5.5038E0	3.4196E6	
1883	-7.9079E-1	-4.3025E0	5.5038E0	3.4196E6	
1884	-7.9079E-1	-4.3025E0	5.5038E0	3.4196E6	
1885	-7.9079E-1	-4.3025E0	5.5038E0	3.4196E6	
1886	-7.9079E-1	-4.3025E0	5.5038E0	3.4196E6	
1887	-7.9079E-1	-4.3025E0	5.5038E0	3.4196E6	
1888	-7.9079E-1	-4.3025E0	5.5038E0	3.4196E6	
1889	-7.9079E-1	-4.3025E0	5.5038E0	3.4196E6	
1890	-7.9079E-1	-4.3025E0	5.5038E0	3.4196E6	
1891	-7.9079E-1	-4.3025E0	5.5038E0	3.4196E6	
1892	-7.9079E-1	-4.3025E0	5.5038E0	3.4196E6	
1893	-7.9079E-1	-4.3025E0	5.5038E0	3.4196E6	
1894	-7.9079E-1	-4.3025E0	5.5038E0	3.4196E6	
1895	-7.9079E-1	-4.3025E0	5.5038E0	3.4196E6	
1896	-7.9079E-1	-4.3025E0	5.5038E0	3.4196E6	
1897	-7.9079E-1	-4.3025E0	5.5038E0	3.4196E6	
1898	-7.9079E-1	-4.3025E0	5.5038E0	3.4196E6	
1899	-7.9079E-1	-4.3025E0	5.5038E0	3.4196E6	
1900	-7.9079E-1	-4.3025E0	5.5038E0	3.4196E6	
1901	-7.9079E-1	-4.3025E0	5.5038E0	3.4196E6	
1902	-7.9079E-1	-4.3025E0	5.5038E0	3.4196E6	
1903	-7.9079E-1	-4.3025E0	5.5038E0	3.4196E6	
1904	-7.9079E-1	-4.3025E0	5.5038E0	3.4196E6	
1905	-7.9079E-1	-4.3025E0	5.5038E0	3.4196E6	
1906	-7.9079E-1	-4.3025E0	5.5038E0	3.4196E6	
1907	-7.9079E-1	-4.3025E0	5.5038E0	3.4196E6	
1908	-7.9079E-1	-4.3025E0	5.5038E0	3.4196E6	
1909	-7.9079E-1	-4.3025E0	5.5038E0	3.4196E6	
1910	-7.9079E-1	-4.3025E0	5.5038E0	3.4196E6	
1911	-7.9079E-1	-4.3025E0	5.5038E0	3.4196E6	
1912	-7.9079E-1	-4.3025E0	5.5038E0	3.4196E6	
1913	-7.9079E-1	-4.3025E0	5.5038E0	3.4196E6	
1914	-7.9079E-1	-4.3025E0	5.5038E0	3.4196E6	
1915	-7.9079E-1	-4.3025E0	5.5038E0	3.4196E6	
1916	-7.9079E-1	-4.3025E0	5.5038E0	3.4196E6	
1917	-7.9079E-1	-4.3025E0	5.5038E0	3.4196E6	
1918	-7.9079E-1	-4.3025E0	5.5038E0	3.4196E6	
1919	-7.9079E-1	-4.3025E0	5.5038E0	3.4196E6	
1920	-7.9079E-1	-4.3025E0	5.5038E0	3.4196E6	
1921	-7.9079E-1	-4.3025E0	5.5038E0	3.4196E6	
1922	-7.9079E-1	-4.3025E0	5.5038E0	3.4196E6	
1923	-7.9079E-1	-4.3025E0	5.5038E0	3.4196E6	
1924	-7.9079E-1	-4.3025E0	5.5038E0	3.4196E6	
1925	-7.9079E-1	-4.3025E0	5.5038E0	3.4196E6	
1926	-7.9079E-1	-4.3025E0	5.5038E0	3.4196E6	
1927	-7.9079E-1	-4.3025E0	5.5038E0	3.4196E6	
1928	-7.9079E-1	-4.3025E0	5.5038E0	3.4196E6	
1929	-7.9079E-1	-4.3025E0	5.5038E0	3.4196E6	
1930	-7.9079E-1	-4.3025E0	5.5038E0	3.4196E6	
1931	-7.9079E-1	-4.3025E0	5.5038E0	3.4196E6	
1932	-7.9079E-1	-4.3025E0	5.5038E0	3.4196E6	
1933	-7.9079E-1	-4.3025E0	5.5038E0	3.4196E6	
1934	-7.9079E-1	-4.3025E0	5.5038E0	3.4196E6	
1935	-7.9079E-1	-4.3025E0	5.5038E0	3.4196E6	
1936	-7.9079E-1	-4.3025E0	5.5038E0	3.4196E6	
1937	-7.9079E-1	-4.3025E0	5.5038E0	3.4196E6	
1938	-7.9079E-1	-4.3025E0	5.5038E0	3.4196E6	
1939	-7.9079E-1	-4.3025E0	5.5038E0	3.4196E6	
1940	-7.9079E-1	-4.3025E0	5.5038E0	3.4196E6	
1941	-7.9079E-1	-4.3025E0	5.5038E0	3.4196E6	
1942	-7.9079E-1	-4.3025E0	5.5038E0	3.4196E6	
1943	-7.9079E-1	-4.3025E0	5.5038E0	3.4196E6	
1944	-7.9079E-1	-4.3025E0	5.5038E0	3.4196E6	
1945	-7.9079E-1	-4.3025E0	5.5038E0	3.4196E6	
1946	-7.9079E-1	-4.3025E0	5.5038E0	3.4196E6	
1947	-7.9079E-1	-4.3025E0	5.5038E0	3.4196E6	
1948	-7.9079E-1	-4.3025E0	5.5038E0	3.4196E6	
1949	-7.9079E-1	-4.3025E0	5.5038E0	3.4196E6	
1950	-7.9079E-1	-4.3025E0	5.5038E0	3.4196E6	
1951	-7.9079E-1	-4.3025E0	5.5038E0	3.4196E6	
1952	-7.9079E-1	-4.3025E0	5.5038E0	3.4196E6	
1953	-7.9079E-1	-4.3025E0	5.5038E0	3.4196E6	
1954	-7.9079E-1	-4.3025E0	5.5038E0	3.4196E6	
1955	-7.9079E-1	-4.3025E0	5.5038E0	3.4196E6	
1956	-7.9079E-1	-4.3025E0	5.5038E0	3.4196E6	
1957	-7.9079E-1	-4.3025E0	5.5038E0	3.4196E6	
1958	-7.9079E-1	-4.3025E0	5.5038E0	3.4196E6	
1959	-7.9079E-1	-4.3025E0	5.5038E0	3.4196E6	
1960	-7.9079E-1	-4.3025E0	5.5038E0	3.4196E6	
1961	-7.9079E-1	-4.3025E0	5.5038E0	3.4196E6	
1962	-7.9079E-1	-4.3025E0	5.5038E0	3.4196E6	
1963	-7.9079E-1	-4.3025E0	5.5038E0	3.4196E6	
1964	-7.9079E-1	-4.3025E0	5.5038E0	3.4196E6	
1965	-7.9079E-1	-4.3025E0	5.5038E0	3.4196E6	
1966	-7.9079E-1	-4.3025E0	5.5038E0	3.4196E6	
1967	-7.9079E-1	-4.3025E0	5.5038E0	3.4196E6	
1968	-7.9079E-1	-4.3025E0	5.5038E0	3.4196E6	
1969	-7.9079E-1	-4.3025E0	5.5038E0	3.4196E6	
1970	-7.9079E-1	-4.3025E0	5.5038E0	3.4196E6	
1971	-7.9079E-1	-4.3025E0	5.5038E0	3.4196E6	
1972	-7.9079E-1	-4.3025E0	5.5038E0	3.4196E6	
1973	-7.9079E-1	-4.3025E0	5.5038E0	3.4196E6	
1974	-7.9079E-1	-4.3025E0	5.5038E0	3.4196E6	
1975	-7.9079E-1	-4.3025E0	5.5038E0	3.4196E6	
1976	-7.9079E-1	-4.3025E0	5.5038E0	3.4196E6	
1977	-7.9079E-1	-4.3025E0	5.5038E0	3.4196E6	
1978	-7.9079E-1	-4.3025E0	5.5038E0	3.4196E6	
1979	-7.9079E-1	-4.3025E0	5.5038E0	3.4196E6	
1980	-7.9079E-1	-4.3025E0	5.5038E0	3.4196E6	
1981	-7.9079E-1	-4.3025E0	5.5038E0	3.4196E6	
1982	-7.9079E-1	-4.3025E0	5.5038E0	3.4196E6	
1983	-7.9079E-1	-4.3025E0	5.5038E0	3.4196E6	
1984	-7.9079E-1	-4.3025E0	5.5038E0	3.4196E6	
1985	-7.9079E-1	-4.3025E0	5.5038E0	3.4196E6	
1986	-7.9079E-1	-4.3025E0	5.5038E0	3.4196E6	
1987	-7.9079E-1	-4.3025E0	5.5038E0	3.4196E6	
1988	-7.9079E-1	-4.3025E0	5.5038E0	3.4196E6	
1989	-7.9079E-1	-4.3025E0	5.5038E0	3.4196E6	
1990	-7.9079E-1	-4.3025E0	5.5038E0	3.4196E6	
1991	-7.9079E-1	-4.3025E0	5.5038E0	3.4196E6	
1992	-7.9079E-1	-4.3025E0	5.5038E0	3.4196E6	
1993	-7.9079E-1	-4.3025E0	5.5038E0	3.4196E6	
1994	-7.9079E-1	-4.3025E0	5.5038E0	3.4196E6	
1995	-7.9079E-1	-4.3025E0	5.5038E0	3.4196E6	
1996	-7.9079E-1	-4.3025E0	5.5038E0	3.4196E6	
1997	-7.9079E-1	-4.3025E0	5.5038E0	3.4196E6	
1998	-7.9079E-1	-4.3025E0	5.5038E0	3.4196E6	
1999	-7.9079E-1	-4.3025E0	5.5038E0	3.4196E6	
2000	-7.9079E-1	-4.3025E0	5.5038E0	3.4196E6	
2001	-7.9079E-1	-4.3025E0	5.5038E0	3.4196E6	
2002	-7.9079E-1	-4.3025E0	5.5038E0	3.4196E6	
2003	-7.9079E-1	-4.3025E0	5.5038E0	3.4196E6	
2004	-7.9079E-1	-4.3025E0	5.5038E0	3.4196E6	
2005	-7.9079E-1	-4.3025E0	5.5038E0	3.4196E6	
2006	-7.9079E-1	-4.3025E0	5.5038E0	3.4196E6	
2007	-7.9079E-1	-4.3025E0	5.5038E0	3.4196E6	
2008	-7.9079E-1	-4.3025E0	5.5038E0	3.4196E6	
2009	-7.9079E-1	-4.3025E0	5.5038E0	3.4196E6	
2010	-7.9079E-1	-4.3025E0	5.5038E0	3.4196E6	
2011	-7.9079E-1	-4.3025E0	5.5038E0	3.4196E6	
2012	-7.9079E-1	-4.3025E0	5.5038E0	3.4196E6	
2013	-7.9079E-1	-4.3025E0	5.5038E0	3.4196E6	
2014	-7.9079E-1	-4.3025E0	5.5038E0	3.4196E6	
2015	-7.9079E-1	-4.3025E0	5.5038E0	3.4196E6	
2016	-7.9079E-1	-4.3025E0	5.5038E0	3.4196E6	
2017	-7.9079E-1	-4.3025E0	5.5038E0	3.4196E6	
2018	-7.9079E-1	-4.3025E0	5.5038E0	3.4196E6	
2019	-7.9079E-1	-4.3025E0	5.5038E0	3.4196E6	
2020	-7.9079E-1	-4.3025E0	5.5038E0	3.4196E6	
2021	-7.9079E-1	-4.3025E0	5.5038E0	3.4196E6	
2022	-7.9079E-1	-4.3025E0	5.5038E0	3.4196E6	
2023	-7.9079E-1	-4.3025E0	5.5038E0	3.4196E6	
2024	-7.9079E-1	-4.3025E0	5.5038E0	3.4196E6	
2025	-7.9079E-1	-4.3025E0	5.5038E0	3.4196E6	
2026	-7.9079E-1	-4.3025E0	5.5038E0	3.4196E6	
2027	-7.9079E-1	-4.3025E0	5.5038E0	3.4196E6	
2028	-7.9079E-1	-4.3025E0	5.5038E0	3.4196E6	
2029	-7.9079E-1	-4.3025E0	5.5038E0	3.4196E6	
2030	-7.9079E-1	-4.3025E0	5.5038E0	3.4196E6	
2031	-7.9079E-1	-4.3025E0	5.5038E0	3.4196E6	
2032	-7.9079E-1	-4.3025E0	5.5038E0	3.4196E6	
2033	-7.9079E-1	-4.3025E0	5.5038E0	3.4196E6	
2034	-7.9079E-1	-4.3025E0	5.5038E0	3.4196E6	
2035	-7.9079E-1	-4.3025E0	5.5038E0	3.4196E6	
2036	-7.9079E-1	-4.3025E0	5.5038E0	3.4196E6	
2037	-7.9079E-1	-4.3025E0	5.5038E0	3.4196E6	
2038	-7.9079E-1	-4.3025E0	5.5038E0	3.4196E6	
2039	-7.9079E-1	-4.3025E0	5.5038E0	3.4196E6	
2040	-7.9079E-1	-4.3025E0	5.5038E0	3.4196E6	
2041	-7.9079E-1	-4.3025E0	5.5038E0	3.4196E6	
2042	-7.9079E-1	-4.3025E0	5.5038E0	3.4196E6	
2043	-7.9079E-1	-4.3025E0	5.5038E0	3.4196E6	
2044	-7.9079E-1	-4.3025E0	5.5038E0	3.4196E6	
2045	-7.9079E-1	-4.3025E0	5.5038E0	3.4196E6	
2046	-7.9079E-1	-4.3025E0	5.5038E0	3.4196E6	
2047	-7.9079E-1	-4.3025E0	5.5038E0	3.4196E6	
2048	-7.9079E-1	-4.3025E0	5.5038E0	3.4196E6	
