point 117
Index	Vertical (A-B)	Force	Z Height	Time Stamp	
     	V	nN	?m	?sec	
1	-8.0719E-1	-5.8877E0	5.3909E0	1.2000E2	
2	-8.0299E-1	3.3972E-1	5.3896E0	2.3400E3	
3	-8.0421E-1	-1.4719E0	5.3869E0	4.5600E3	
4	-8.0231E-1	1.3588E0	5.3838E0	6.7800E3	
5	-8.0322E-1	4.1465E-5	5.3805E0	9.0000E3	
6	-8.0368E-1	-6.7931E-1	5.3769E0	1.1220E4	
7	-8.0276E-1	6.7940E-1	5.3731E0	1.3440E4	
8	-8.0177E-1	2.1513E0	5.3693E0	1.5660E4	
9	-8.0147E-1	2.6042E0	5.3652E0	1.7880E4	
10	-8.0315E-1	1.1327E-1	5.3611E0	2.0100E4	
11	-8.0162E-1	2.3778E0	5.3570E0	2.2320E4	
12	-8.0299E-1	3.3972E-1	5.3527E0	2.4540E4	
13	-8.0261E-1	9.0585E-1	5.3483E0	2.6760E4	
14	-7.9803E-1	7.6994E0	5.3441E0	2.8980E4	
15	-8.0437E-1	-1.6983E0	5.3396E0	3.1200E4	
16	-8.0154E-1	2.4910E0	5.3351E0	3.3420E4	
17	-8.0322E-1	4.1465E-5	5.3306E0	3.5640E4	
18	-8.0086E-1	3.5100E0	5.3260E0	3.7860E4	
19	-8.0315E-1	1.1327E-1	5.3215E0	4.0080E4	
20	-8.0231E-1	1.3588E0	5.3169E0	4.2300E4	
21	-8.0078E-1	3.6233E0	5.3124E0	4.4520E4	
22	-8.0399E-1	-1.1322E0	5.3077E0	4.6740E4	
23	-7.9956E-1	5.4349E0	5.3031E0	4.8960E4	
24	-8.0086E-1	3.5100E0	5.2983E0	5.1180E4	
25	-8.0299E-1	3.3972E-1	5.2936E0	5.3400E4	
26	-8.0070E-1	3.7365E0	5.2889E0	5.5620E4	
27	-8.0078E-1	3.6233E0	5.2842E0	5.7840E4	
28	-8.0017E-1	4.5291E0	5.2794E0	6.0060E4	
29	-7.9926E-1	5.8878E0	5.2747E0	6.2280E4	
30	-7.9971E-1	5.2084E0	5.2699E0	6.4500E4	
31	-8.0276E-1	6.7940E-1	5.2651E0	6.6720E4	
32	-7.9865E-1	6.7936E0	5.2602E0	6.8940E4	
33	-8.0154E-1	2.4910E0	5.2555E0	7.1160E4	
34	-7.9933E-1	5.7746E0	5.2506E0	7.3380E4	
35	-7.9636E-1	1.0190E1	5.2458E0	7.5600E4	
36	-7.9849E-1	7.0200E0	5.2409E0	7.7820E4	
37	-7.9857E-1	6.9068E0	5.2360E0	8.0040E4	
38	-7.9941E-1	5.6613E0	5.2311E0	8.2260E4	
39	-7.9918E-1	6.0010E0	5.2263E0	8.4480E4	
40	-8.0078E-1	3.6233E0	5.2215E0	8.6700E4	
41	-7.9910E-1	6.1142E0	5.2164E0	8.8920E4	
42	-7.9796E-1	7.8126E0	5.2116E0	9.1140E4	
43	-7.9582E-1	1.0983E1	5.2065E0	9.3360E4	
44	-7.9697E-1	9.2846E0	5.2017E0	9.5580E4	
45	-7.9918E-1	6.0010E0	5.1967E0	9.7800E4	
46	-7.9674E-1	9.6242E0	5.1918E0	1.0002E5	
47	-7.9613E-1	1.0530E1	5.1868E0	1.0224E5	
48	-7.9521E-1	1.1889E1	5.1818E0	1.0446E5	
49	-7.9544E-1	1.1549E1	5.1768E0	1.0668E5	
50	-7.9872E-1	6.6804E0	5.1718E0	1.0890E5	
51	-7.9559E-1	1.1323E1	5.1667E0	1.1112E5	
52	-7.9788E-1	7.9258E0	5.1618E0	1.1334E5	
53	-7.9819E-1	7.4729E0	5.1568E0	1.1556E5	
54	-7.9437E-1	1.3134E1	5.1517E0	1.1778E5	
55	-7.9643E-1	1.0077E1	5.1467E0	1.2000E5	
56	-7.9521E-1	1.1889E1	5.1416E0	1.2222E5	
57	-7.9384E-1	1.3927E1	5.1367E0	1.2444E5	
58	-7.9498E-1	1.2228E1	5.1317E0	1.2666E5	
59	-7.9765E-1	8.2655E0	5.1265E0	1.2888E5	
60	-7.9605E-1	1.0643E1	5.1214E0	1.3110E5	
61	-7.9338E-1	1.4606E1	5.1163E0	1.3332E5	
62	-7.9475E-1	1.2568E1	5.1112E0	1.3554E5	
63	-7.9453E-1	1.2908E1	5.1062E0	1.3776E5	
64	-7.9514E-1	1.2002E1	5.1010E0	1.3998E5	
65	-7.9636E-1	1.0190E1	5.0960E0	1.4220E5	
66	-7.9468E-1	1.2681E1	5.0908E0	1.4442E5	
67	-7.9781E-1	8.0391E0	5.0858E0	1.4664E5	
68	-7.9193E-1	1.6757E1	5.0806E0	1.4886E5	
69	-7.9323E-1	1.4833E1	5.0755E0	1.5108E5	
70	-7.9369E-1	1.4153E1	5.0704E0	1.5330E5	
71	-7.9376E-1	1.4040E1	5.0652E0	1.5552E5	
72	-7.9216E-1	1.6418E1	5.0600E0	1.5774E5	
73	-7.9407E-1	1.3587E1	5.0549E0	1.5996E5	
74	-7.9315E-1	1.4946E1	5.0497E0	1.6218E5	
75	-7.9407E-1	1.3587E1	5.0445E0	1.6440E5	
76	-7.9346E-1	1.4493E1	5.0393E0	1.6662E5	
77	-7.9033E-1	1.9135E1	5.0342E0	1.6884E5	
78	-7.9239E-1	1.6078E1	5.0290E0	1.7106E5	
79	-7.9285E-1	1.5399E1	5.0236E0	1.7328E5	
80	-7.9323E-1	1.4833E1	5.0185E0	1.7550E5	
81	-7.9353E-1	1.4380E1	5.0133E0	1.7772E5	
82	-7.9384E-1	1.3927E1	5.0081E0	1.7994E5	
83	-7.9140E-1	1.7550E1	5.0029E0	1.8216E5	
84	-7.9155E-1	1.7324E1	4.9976E0	1.8438E5	
85	-7.9124E-1	1.7776E1	4.9925E0	1.8660E5	
86	-7.9231E-1	1.6191E1	4.9871E0	1.8882E5	
87	-7.8934E-1	2.0607E1	4.9819E0	1.9104E5	
88	-7.9231E-1	1.6191E1	4.9767E0	1.9326E5	
89	-7.9147E-1	1.7437E1	4.9713E0	1.9548E5	
90	-7.9117E-1	1.7890E1	4.9661E0	1.9770E5	
91	-7.9063E-1	1.8682E1	4.9608E0	1.9992E5	
92	-7.8873E-1	2.1513E1	4.9555E0	2.0214E5	
93	-7.8995E-1	1.9701E1	4.9502E0	2.0436E5	
94	-7.9163E-1	1.7210E1	4.9450E0	2.0658E5	
95	-7.9041E-1	1.9022E1	4.9397E0	2.0880E5	
96	-7.8857E-1	2.1739E1	4.9344E0	2.1102E5	
97	-7.8728E-1	2.3664E1	4.9291E0	2.1324E5	
98	-7.8812E-1	2.2419E1	4.9238E0	2.1546E5	
99	-7.8857E-1	2.1739E1	4.9184E0	2.1768E5	
100	-7.8995E-1	1.9701E1	4.9131E0	2.1990E5	
101	-7.8758E-1	2.3211E1	4.9079E0	2.2212E5	
102	-7.8926E-1	2.0720E1	4.9024E0	2.2434E5	
103	-7.8667E-1	2.4570E1	4.8971E0	2.2656E5	
104	-7.8728E-1	2.3664E1	4.8918E0	2.2878E5	
105	-7.8918E-1	2.0834E1	4.8865E0	2.3100E5	
106	-7.8819E-1	2.2306E1	4.8810E0	2.3322E5	
107	-7.8766E-1	2.3098E1	4.8758E0	2.3544E5	
108	-7.8789E-1	2.2758E1	4.8704E0	2.3766E5	
109	-7.8537E-1	2.6495E1	4.8650E0	2.3988E5	
110	-7.8590E-1	2.5702E1	4.8595E0	2.4210E5	
111	-7.8659E-1	2.4683E1	4.8541E0	2.4432E5	
112	-7.8667E-1	2.4570E1	4.8488E0	2.4654E5	
113	-7.8560E-1	2.6155E1	4.8435E0	2.4876E5	
114	-7.8873E-1	2.1513E1	4.8380E0	2.5098E5	
115	-7.8781E-1	2.2872E1	4.8326E0	2.5320E5	
116	-7.8621E-1	2.5249E1	4.8271E0	2.5542E5	
117	-7.9056E-1	1.8796E1	4.8217E0	2.5764E5	
118	-7.8583E-1	2.5816E1	4.8163E0	2.5986E5	
119	-7.8392E-1	2.8646E1	4.8109E0	2.6208E5	
120	-7.8362E-1	2.9099E1	4.8055E0	2.6430E5	
121	-7.8415E-1	2.8306E1	4.8001E0	2.6652E5	
122	-7.8369E-1	2.8986E1	4.7946E0	2.6874E5	
123	-7.8575E-1	2.5929E1	4.7892E0	2.7096E5	
124	-7.8400E-1	2.8533E1	4.7836E0	2.7318E5	
125	-7.8270E-1	3.0458E1	4.7781E0	2.7540E5	
126	-7.8484E-1	2.7287E1	4.7727E0	2.7762E5	
127	-7.8339E-1	2.9439E1	4.7672E0	2.7984E5	
128	-7.8453E-1	2.7740E1	4.7617E0	2.8206E5	
129	-7.8232E-1	3.1024E1	4.7563E0	2.8428E5	
130	-7.8300E-1	3.0005E1	4.7508E0	2.8650E5	
131	-7.8362E-1	2.9099E1	4.7452E0	2.8872E5	
132	-7.8415E-1	2.8306E1	4.7397E0	2.9094E5	
133	-7.8278E-1	3.0345E1	4.7343E0	2.9316E5	
134	-7.8362E-1	2.9099E1	4.7287E0	2.9538E5	
135	-7.8156E-1	3.2156E1	4.7232E0	2.9760E5	
136	-7.8178E-1	3.1816E1	4.7177E0	2.9982E5	
137	-7.8018E-1	3.4194E1	4.7121E0	3.0204E5	
138	-7.8102E-1	3.2949E1	4.7066E0	3.0426E5	
139	-7.8156E-1	3.2156E1	4.7011E0	3.0648E5	
140	-7.7995E-1	3.4534E1	4.6955E0	3.0870E5	
141	-7.8079E-1	3.3288E1	4.6899E0	3.1092E5	
142	-7.8247E-1	3.0797E1	4.6845E0	3.1314E5	
143	-7.8087E-1	3.3175E1	4.6789E0	3.1536E5	
144	-7.8033E-1	3.3968E1	4.6732E0	3.1758E5	
145	-7.8217E-1	3.1250E1	4.6677E0	3.1980E5	
146	-7.7911E-1	3.5779E1	4.6622E0	3.2202E5	
147	-7.8033E-1	3.3968E1	4.6565E0	3.2424E5	
148	-7.8003E-1	3.4421E1	4.6509E0	3.2646E5	
149	-7.8255E-1	3.0684E1	4.6453E0	3.2868E5	
150	-7.7950E-1	3.5213E1	4.6397E0	3.3090E5	
151	-7.7980E-1	3.4760E1	4.6341E0	3.3312E5	
152	-7.8041E-1	3.3855E1	4.6286E0	3.3534E5	
153	-7.7797E-1	3.7478E1	4.6230E0	3.3756E5	
154	-7.7827E-1	3.7025E1	4.6173E0	3.3978E5	
155	-7.7942E-1	3.5326E1	4.6116E0	3.4200E5	
156	-7.7995E-1	3.4534E1	4.6060E0	3.4422E5	
157	-7.8087E-1	3.3175E1	4.6004E0	3.4644E5	
158	-7.7736E-1	3.8384E1	4.5948E0	3.4866E5	
159	-7.8323E-1	2.9665E1	4.5892E0	3.5088E5	
160	-7.7637E-1	3.9856E1	4.5834E0	3.5310E5	
161	-7.7927E-1	3.5553E1	4.5778E0	3.5532E5	
162	-7.7888E-1	3.6119E1	4.5722E0	3.5754E5	
163	-7.7606E-1	4.0308E1	4.5665E0	3.5976E5	
164	-7.7744E-1	3.8270E1	4.5607E0	3.6198E5	
165	-7.7713E-1	3.8723E1	4.5551E0	3.6420E5	
166	-7.7812E-1	3.7251E1	4.5494E0	3.6642E5	
167	-7.7736E-1	3.8384E1	4.5437E0	3.6864E5	
168	-7.7995E-1	3.4534E1	4.5380E0	3.7086E5	
169	-7.7698E-1	3.8950E1	4.5324E0	3.7308E5	
170	-7.7568E-1	4.0875E1	4.5266E0	3.7530E5	
171	-7.7538E-1	4.1327E1	4.5209E0	3.7752E5	
172	-7.7736E-1	3.8384E1	4.5152E0	3.7974E5	
173	-7.7423E-1	4.3026E1	4.5094E0	3.8196E5	
174	-7.7736E-1	3.8384E1	4.5038E0	3.8418E5	
175	-7.7431E-1	4.2913E1	4.4981E0	3.8640E5	
176	-7.7347E-1	4.4158E1	4.4923E0	3.8862E5	
177	-7.7538E-1	4.1327E1	4.4866E0	3.9084E5	
178	-7.7705E-1	3.8836E1	4.4809E0	3.9306E5	
179	-7.7690E-1	3.9063E1	4.4750E0	3.9528E5	
180	-7.7553E-1	4.1101E1	4.4694E0	3.9750E5	
181	-7.7461E-1	4.2460E1	4.4635E0	3.9972E5	
182	-7.7477E-1	4.2233E1	4.4577E0	4.0194E5	
183	-7.7530E-1	4.1441E1	4.4521E0	4.0416E5	
184	-7.7354E-1	4.4045E1	4.4462E0	4.0638E5	
185	-7.7362E-1	4.3932E1	4.4404E0	4.0860E5	
186	-7.7377E-1	4.3705E1	4.4347E0	4.1082E5	
187	-7.7454E-1	4.2573E1	4.4290E0	4.1304E5	
188	-7.7423E-1	4.3026E1	4.4231E0	4.1526E5	
189	-7.7324E-1	4.4498E1	4.4173E0	4.1748E5	
190	-7.7309E-1	4.4724E1	4.4115E0	4.1970E5	
191	-7.7156E-1	4.6989E1	4.4058E0	4.2192E5	
192	-7.7286E-1	4.5064E1	4.3999E0	4.2414E5	
193	-7.7461E-1	4.2460E1	4.3941E0	4.2636E5	
194	-7.7240E-1	4.5743E1	4.3883E0	4.2858E5	
195	-7.7293E-1	4.4951E1	4.3824E0	4.3080E5	
196	-7.7332E-1	4.4385E1	4.3766E0	4.3302E5	
197	-7.7232E-1	4.5856E1	4.3708E0	4.3524E5	
198	-7.7141E-1	4.7215E1	4.3649E0	4.3746E5	
199	-7.7271E-1	4.5290E1	4.3592E0	4.3968E5	
200	-7.7255E-1	4.5517E1	4.3532E0	4.4190E5	
201	-7.7606E-1	4.0308E1	4.3475E0	4.4412E5	
202	-7.7003E-1	4.9253E1	4.3416E0	4.4634E5	
203	-7.6813E-1	5.2084E1	4.3356E0	4.4856E5	
204	-7.7019E-1	4.9027E1	4.3298E0	4.5078E5	
205	-7.6988E-1	4.9480E1	4.3240E0	4.5300E5	
206	-7.7065E-1	4.8347E1	4.3181E0	4.5522E5	
207	-7.6927E-1	5.0385E1	4.3122E0	4.5744E5	
208	-7.6927E-1	5.0385E1	4.3063E0	4.5966E5	
209	-7.7087E-1	4.8008E1	4.3005E0	4.6188E5	
210	-7.6874E-1	5.1178E1	4.2946E0	4.6410E5	
211	-7.7042E-1	4.8687E1	4.2886E0	4.6632E5	
212	-7.6828E-1	5.1857E1	4.2828E0	4.6854E5	
213	-7.6721E-1	5.3443E1	4.2769E0	4.7076E5	
214	-7.6851E-1	5.1518E1	4.2709E0	4.7298E5	
215	-7.6981E-1	4.9593E1	4.2650E0	4.7520E5	
216	-7.6721E-1	5.3443E1	4.2591E0	4.7742E5	
217	-7.7003E-1	4.9253E1	4.2531E0	4.7964E5	
218	-7.7065E-1	4.8347E1	4.2472E0	4.8186E5	
219	-7.6859E-1	5.1405E1	4.2413E0	4.8408E5	
220	-7.6904E-1	5.0725E1	4.2354E0	4.8630E5	
221	-7.6782E-1	5.2537E1	4.2295E0	4.8852E5	
222	-7.6843E-1	5.1631E1	4.2235E0	4.9074E5	
223	-7.6683E-1	5.4009E1	4.2176E0	4.9296E5	
224	-7.6553E-1	5.5934E1	4.2116E0	4.9518E5	
225	-7.6759E-1	5.2876E1	4.2056E0	4.9740E5	
226	-7.6721E-1	5.3443E1	4.1997E0	4.9962E5	
227	-7.6645E-1	5.4575E1	4.1937E0	5.0184E5	
228	-7.6569E-1	5.5707E1	4.1878E0	5.0406E5	
229	-7.6683E-1	5.4009E1	4.1817E0	5.0628E5	
230	-7.6492E-1	5.6839E1	4.1759E0	5.0850E5	
231	-7.6599E-1	5.5254E1	4.1698E0	5.1072E5	
232	-7.6584E-1	5.5481E1	4.1638E0	5.1294E5	
233	-7.6469E-1	5.7179E1	4.1578E0	5.1516E5	
234	-7.6492E-1	5.6839E1	4.1519E0	5.1738E5	
235	-7.6630E-1	5.4801E1	4.1459E0	5.1960E5	
236	-7.6569E-1	5.5707E1	4.1399E0	5.2182E5	
237	-7.6492E-1	5.6839E1	4.1338E0	5.2404E5	
238	-7.6447E-1	5.7519E1	4.1278E0	5.2626E5	
239	-7.6653E-1	5.4462E1	4.1218E0	5.2848E5	
240	-7.6424E-1	5.7858E1	4.1158E0	5.3070E5	
241	-7.6347E-1	5.8991E1	4.1098E0	5.3292E5	
242	-7.6424E-1	5.7858E1	4.1037E0	5.3514E5	
243	-7.6294E-1	5.9783E1	4.0977E0	5.3736E5	
244	-7.6019E-1	6.3859E1	4.0917E0	5.3958E5	
245	-7.6157E-1	6.1821E1	4.0857E0	5.4180E5	
246	-7.6294E-1	5.9783E1	4.0796E0	5.4402E5	
247	-7.6332E-1	5.9217E1	4.0735E0	5.4624E5	
248	-7.6347E-1	5.8991E1	4.0674E0	5.4846E5	
249	-7.6271E-1	6.0123E1	4.0614E0	5.5068E5	
250	-7.6019E-1	6.3859E1	4.0554E0	5.5290E5	
251	-7.6294E-1	5.9783E1	4.0493E0	5.5512E5	
252	-7.6134E-1	6.2161E1	4.0433E0	5.5734E5	
253	-7.6263E-1	6.0236E1	4.0372E0	5.5956E5	
254	-7.6233E-1	6.0689E1	4.0312E0	5.6178E5	
255	-7.6225E-1	6.0802E1	4.0250E0	5.6400E5	
256	-7.6004E-1	6.4086E1	4.0190E0	5.6622E5	
257	-7.6019E-1	6.3859E1	4.0128E0	5.6844E5	
258	-7.5943E-1	6.4992E1	4.0069E0	5.7066E5	
259	-7.5981E-1	6.4425E1	4.0007E0	5.7288E5	
260	-7.6218E-1	6.0915E1	3.9946E0	5.7510E5	
261	-7.5958E-1	6.4765E1	3.9885E0	5.7732E5	
262	-7.5760E-1	6.7709E1	3.9824E0	5.7954E5	
263	-7.5981E-1	6.4425E1	3.9763E0	5.8176E5	
264	-7.6004E-1	6.4086E1	3.9703E0	5.8398E5	
265	-7.6157E-1	6.1821E1	3.9641E0	5.8620E5	
266	-7.6012E-1	6.3973E1	3.9580E0	5.8842E5	
267	-7.5768E-1	6.7596E1	3.9519E0	5.9064E5	
268	-7.5966E-1	6.4652E1	3.9458E0	5.9286E5	
269	-7.5798E-1	6.7143E1	3.9396E0	5.9508E5	
270	-7.5706E-1	6.8502E1	3.9335E0	5.9730E5	
271	-7.5806E-1	6.7030E1	3.9274E0	5.9952E5	
272	-7.5821E-1	6.6803E1	3.9212E0	6.0174E5	
273	-7.5668E-1	6.9068E1	3.9151E0	6.0396E5	
274	-7.5569E-1	7.0540E1	3.9089E0	6.0618E5	
275	-7.5699E-1	6.8615E1	3.9027E0	6.0840E5	
276	-7.5722E-1	6.8275E1	3.8966E0	6.1062E5	
277	-7.5592E-1	7.0200E1	3.8903E0	6.1284E5	
278	-7.5768E-1	6.7596E1	3.8842E0	6.1506E5	
279	-7.5623E-1	6.9747E1	3.8781E0	6.1728E5	
280	-7.5836E-1	6.6577E1	3.8719E0	6.1950E5	
281	-7.5439E-1	7.2465E1	3.8657E0	6.2172E5	
282	-7.5378E-1	7.3370E1	3.8595E0	6.2394E5	
283	-7.5455E-1	7.2238E1	3.8534E0	6.2616E5	
284	-7.5424E-1	7.2691E1	3.8472E0	6.2838E5	
285	-7.5432E-1	7.2578E1	3.8409E0	6.3060E5	
286	-7.5523E-1	7.1219E1	3.8348E0	6.3282E5	
287	-7.5325E-1	7.4163E1	3.8287E0	6.3504E5	
288	-7.5447E-1	7.2351E1	3.8224E0	6.3726E5	
289	-7.5455E-1	7.2238E1	3.8162E0	6.3948E5	
290	-7.5317E-1	7.4276E1	3.8100E0	6.4170E5	
291	-7.5302E-1	7.4503E1	3.8037E0	6.4392E5	
292	-7.5348E-1	7.3823E1	3.7975E0	6.4614E5	
293	-7.5546E-1	7.0879E1	3.7912E0	6.4836E5	
294	-7.5485E-1	7.1785E1	3.7851E0	6.5058E5	
295	-7.5325E-1	7.4163E1	3.7788E0	6.5280E5	
296	-7.5218E-1	7.5748E1	3.7726E0	6.5502E5	
297	-7.5562E-1	7.0653E1	3.7664E0	6.5724E5	
298	-7.5195E-1	7.6088E1	3.7601E0	6.5946E5	
299	-7.5058E-1	7.8126E1	3.7539E0	6.6168E5	
300	-7.5226E-1	7.5635E1	3.7476E0	6.6390E5	
301	-7.5165E-1	7.6541E1	3.7414E0	6.6612E5	
302	-7.4913E-1	8.0277E1	3.7352E0	6.6834E5	
303	-7.4951E-1	7.9711E1	3.7289E0	6.7056E5	
304	-7.5157E-1	7.6654E1	3.7226E0	6.7278E5	
305	-7.5027E-1	7.8579E1	3.7164E0	6.7500E5	
306	-7.5241E-1	7.5408E1	3.7102E0	6.7722E5	
307	-7.5241E-1	7.5408E1	3.7038E0	6.7944E5	
308	-7.5020E-1	7.8692E1	3.6975E0	6.8166E5	
309	-7.4928E-1	8.0051E1	3.6913E0	6.8388E5	
310	-7.5012E-1	7.8805E1	3.6849E0	6.8610E5	
311	-7.5035E-1	7.8465E1	3.6787E0	6.8832E5	
312	-7.4982E-1	7.9258E1	3.6724E0	6.9054E5	
313	-7.4883E-1	8.0730E1	3.6661E0	6.9276E5	
314	-7.4722E-1	8.3108E1	3.6598E0	6.9498E5	
315	-7.5226E-1	7.5635E1	3.6534E0	6.9720E5	
316	-7.5104E-1	7.7446E1	3.6471E0	6.9942E5	
317	-7.4768E-1	8.2428E1	3.6408E0	7.0164E5	
318	-7.4745E-1	8.2768E1	3.6345E0	7.0386E5	
319	-7.4852E-1	8.1183E1	3.6282E0	7.0608E5	
320	-7.4890E-1	8.0617E1	3.6219E0	7.0830E5	
321	-7.4768E-1	8.2428E1	3.6156E0	7.1052E5	
322	-7.4654E-1	8.4127E1	3.6093E0	7.1274E5	
323	-7.4615E-1	8.4693E1	3.6030E0	7.1496E5	
324	-7.4692E-1	8.3561E1	3.5966E0	7.1718E5	
325	-7.4844E-1	8.1296E1	3.5903E0	7.1940E5	
326	-7.4577E-1	8.5259E1	3.5839E0	7.2162E5	
327	-7.4760E-1	8.2542E1	3.5776E0	7.2384E5	
328	-7.4776E-1	8.2315E1	3.5712E0	7.2606E5	
329	-7.4600E-1	8.4919E1	3.5649E0	7.2828E5	
330	-7.4425E-1	8.7524E1	3.5585E0	7.3050E5	
331	-7.4409E-1	8.7750E1	3.5522E0	7.3272E5	
332	-7.4707E-1	8.3334E1	3.5458E0	7.3494E5	
333	-7.4745E-1	8.2768E1	3.5395E0	7.3716E5	
334	-7.4371E-1	8.8316E1	3.5330E0	7.3938E5	
335	-7.4539E-1	8.5825E1	3.5267E0	7.4160E5	
336	-7.4417E-1	8.7637E1	3.5203E0	7.4382E5	
337	-7.4287E-1	8.9562E1	3.5139E0	7.4604E5	
338	-7.4287E-1	8.9562E1	3.5076E0	7.4826E5	
339	-7.4486E-1	8.6618E1	3.5012E0	7.5048E5	
340	-7.4509E-1	8.6278E1	3.4947E0	7.5270E5	
341	-7.4402E-1	8.7863E1	3.4883E0	7.5492E5	
342	-7.4196E-1	9.0920E1	3.4820E0	7.5714E5	
343	-7.4333E-1	8.8882E1	3.4755E0	7.5936E5	
344	-7.4188E-1	9.1034E1	3.4692E0	7.6158E5	
345	-7.4097E-1	9.2392E1	3.4628E0	7.6380E5	
346	-7.4120E-1	9.2053E1	3.4563E0	7.6602E5	
347	-7.4203E-1	9.0807E1	3.4499E0	7.6824E5	
348	-7.4219E-1	9.0581E1	3.4435E0	7.7046E5	
349	-7.4165E-1	9.1373E1	3.4371E0	7.7268E5	
350	-7.4059E-1	9.2958E1	3.4307E0	7.7490E5	
351	-7.4280E-1	8.9675E1	3.4242E0	7.7712E5	
352	-7.4120E-1	9.2053E1	3.4179E0	7.7934E5	
353	-7.4181E-1	9.1147E1	3.4113E0	7.8156E5	
354	-7.3959E-1	9.4430E1	3.4050E0	7.8378E5	
355	-7.4028E-1	9.3411E1	3.3985E0	7.8600E5	
356	-7.3807E-1	9.6695E1	3.3921E0	7.8822E5	
357	-7.3967E-1	9.4317E1	3.3856E0	7.9044E5	
358	-7.3944E-1	9.4657E1	3.3792E0	7.9266E5	
359	-7.4188E-1	9.1034E1	3.3727E0	7.9488E5	
360	-7.4310E-1	8.9222E1	3.3662E0	7.9710E5	
361	-7.3715E-1	9.8054E1	3.3598E0	7.9932E5	
362	-7.3952E-1	9.4544E1	3.3534E0	8.0154E5	
363	-7.4013E-1	9.3638E1	3.3469E0	8.0376E5	
364	-7.3692E-1	9.8393E1	3.3405E0	8.0598E5	
365	-7.3906E-1	9.5223E1	3.3340E0	8.0820E5	
366	-7.3959E-1	9.4430E1	3.3275E0	8.1042E5	
367	-7.3608E-1	9.9639E1	3.3210E0	8.1264E5	
368	-7.3769E-1	9.7261E1	3.3144E0	8.1486E5	
369	-7.3471E-1	1.0168E2	3.3080E0	8.1708E5	
370	-7.3914E-1	9.5110E1	3.3015E0	8.1930E5	
371	-7.3753E-1	9.7487E1	3.2950E0	8.2152E5	
372	-7.3700E-1	9.8280E1	3.2885E0	8.2374E5	
373	-7.3593E-1	9.9865E1	3.2821E0	8.2596E5	
374	-7.3730E-1	9.7827E1	3.2755E0	8.2818E5	
375	-7.3769E-1	9.7261E1	3.2690E0	8.3040E5	
376	-7.3761E-1	9.7374E1	3.2624E0	8.3262E5	
377	-7.3723E-1	9.7940E1	3.2560E0	8.3484E5	
378	-7.3837E-1	9.6242E1	3.2495E0	8.3706E5	
379	-7.3334E-1	1.0371E2	3.2430E0	8.3928E5	
380	-7.3586E-1	9.9978E1	3.2365E0	8.4150E5	
381	-7.3723E-1	9.7940E1	3.2299E0	8.4372E5	
382	-7.3524E-1	1.0088E2	3.2234E0	8.4594E5	
383	-7.3418E-1	1.0247E2	3.2169E0	8.4816E5	
384	-7.3608E-1	9.9639E1	3.2103E0	8.5038E5	
385	-7.3265E-1	1.0473E2	3.2037E0	8.5260E5	
386	-7.3479E-1	1.0156E2	3.1973E0	8.5482E5	
387	-7.3463E-1	1.0179E2	3.1907E0	8.5704E5	
388	-7.3502E-1	1.0122E2	3.1841E0	8.5926E5	
389	-7.3357E-1	1.0338E2	3.1776E0	8.6148E5	
390	-7.3425E-1	1.0236E2	3.1711E0	8.6370E5	
391	-7.3174E-1	1.0609E2	3.1645E0	8.6592E5	
392	-7.3425E-1	1.0236E2	3.1579E0	8.6814E5	
393	-7.3135E-1	1.0666E2	3.1514E0	8.7036E5	
394	-7.3349E-1	1.0349E2	3.1447E0	8.7258E5	
395	-7.3318E-1	1.0394E2	3.1382E0	8.7480E5	
396	-7.3212E-1	1.0553E2	3.1315E0	8.7702E5	
397	-7.3250E-1	1.0496E2	3.1250E0	8.7924E5	
398	-7.3524E-1	1.0088E2	3.1185E0	8.8146E5	
399	-7.3227E-1	1.0530E2	3.1119E0	8.8368E5	
400	-7.2815E-1	1.1141E2	3.1053E0	8.8590E5	
401	-7.3082E-1	1.0745E2	3.0987E0	8.8812E5	
402	-7.3059E-1	1.0779E2	3.0921E0	8.9034E5	
403	-7.3112E-1	1.0700E2	3.0855E0	8.9256E5	
404	-7.2868E-1	1.1062E2	3.0790E0	8.9478E5	
405	-7.2876E-1	1.1051E2	3.0723E0	8.9700E5	
406	-7.3174E-1	1.0609E2	3.0657E0	8.9922E5	
407	-7.3082E-1	1.0745E2	3.0591E0	9.0144E5	
408	-7.2899E-1	1.1017E2	3.0526E0	9.0366E5	
409	-7.2891E-1	1.1028E2	3.0459E0	9.0588E5	
410	-7.2899E-1	1.1017E2	3.0394E0	9.0810E5	
411	-7.2777E-1	1.1198E2	3.0327E0	9.1032E5	
412	-7.2784E-1	1.1187E2	3.0262E0	9.1254E5	
413	-7.2449E-1	1.1685E2	3.0194E0	9.1476E5	
414	-7.2891E-1	1.1028E2	3.0129E0	9.1698E5	
415	-7.2838E-1	1.1107E2	3.0062E0	9.1920E5	
416	-7.2998E-1	1.0870E2	2.9996E0	9.2142E5	
417	-7.2922E-1	1.0983E2	2.9929E0	9.2364E5	
418	-7.2701E-1	1.1311E2	2.9863E0	9.2586E5	
419	-7.2693E-1	1.1323E2	2.9796E0	9.2808E5	
420	-7.2762E-1	1.1221E2	2.9729E0	9.3030E5	
421	-7.2571E-1	1.1504E2	2.9662E0	9.3252E5	
422	-7.2624E-1	1.1424E2	2.9598E0	9.3474E5	
423	-7.2540E-1	1.1549E2	2.9530E0	9.3696E5	
424	-7.2624E-1	1.1424E2	2.9463E0	9.3918E5	
425	-7.2540E-1	1.1549E2	2.9397E0	9.4140E5	
426	-7.2639E-1	1.1402E2	2.9331E0	9.4362E5	
427	-7.2586E-1	1.1481E2	2.9264E0	9.4584E5	
428	-7.2800E-1	1.1164E2	2.9198E0	9.4806E5	
429	-7.2533E-1	1.1560E2	2.9131E0	9.5028E5	
430	-7.2594E-1	1.1470E2	2.9064E0	9.5250E5	
431	-7.2563E-1	1.1515E2	2.8997E0	9.5472E5	
432	-7.2456E-1	1.1674E2	2.8931E0	9.5694E5	
433	-7.2464E-1	1.1662E2	2.8863E0	9.5916E5	
434	-7.2189E-1	1.2070E2	2.8797E0	9.6138E5	
435	-7.2151E-1	1.2126E2	2.8729E0	9.6360E5	
436	-7.2350E-1	1.1832E2	2.8663E0	9.6582E5	
437	-7.2144E-1	1.2138E2	2.8596E0	9.6804E5	
438	-7.2578E-1	1.1492E2	2.8528E0	9.7026E5	
439	-7.2266E-1	1.1957E2	2.8461E0	9.7248E5	
440	-7.2281E-1	1.1934E2	2.8395E0	9.7470E5	
441	-7.2350E-1	1.1832E2	2.8328E0	9.7692E5	
442	-7.2388E-1	1.1775E2	2.8260E0	9.7914E5	
443	-7.2197E-1	1.2059E2	2.8194E0	9.8136E5	
444	-7.2205E-1	1.2047E2	2.8127E0	9.8358E5	
445	-7.2128E-1	1.2160E2	2.8059E0	9.8580E5	
446	-7.2060E-1	1.2262E2	2.7992E0	9.8802E5	
447	-7.2060E-1	1.2262E2	2.7924E0	9.9024E5	
448	-7.1960E-1	1.2410E2	2.7858E0	9.9246E5	
449	-7.2250E-1	1.1979E2	2.7790E0	9.9468E5	
450	-7.1953E-1	1.2421E2	2.7724E0	9.9690E5	
451	-7.2021E-1	1.2319E2	2.7656E0	9.9912E5	
452	-7.1915E-1	1.2477E2	2.7589E0	1.0013E6	
453	-7.2037E-1	1.2296E2	2.7521E0	1.0036E6	
454	-7.1945E-1	1.2432E2	2.7453E0	1.0058E6	
455	-7.2083E-1	1.2228E2	2.7386E0	1.0080E6	
456	-7.1854E-1	1.2568E2	2.7319E0	1.0102E6	
457	-7.1976E-1	1.2387E2	2.7251E0	1.0124E6	
458	-7.1892E-1	1.2511E2	2.7183E0	1.0147E6	
459	-7.2021E-1	1.2319E2	2.7116E0	1.0169E6	
460	-7.1953E-1	1.2421E2	2.7049E0	1.0191E6	
461	-7.1892E-1	1.2511E2	2.6981E0	1.0213E6	
462	-7.1770E-1	1.2693E2	2.6914E0	1.0235E6	
463	-7.1800E-1	1.2647E2	2.6846E0	1.0258E6	
464	-7.1617E-1	1.2919E2	2.6779E0	1.0280E6	
465	-7.1640E-1	1.2885E2	2.6710E0	1.0302E6	
466	-7.1465E-1	1.3146E2	2.6643E0	1.0324E6	
467	-7.1648E-1	1.2874E2	2.6575E0	1.0346E6	
468	-7.1686E-1	1.2817E2	2.6507E0	1.0369E6	
469	-7.1884E-1	1.2523E2	2.6439E0	1.0391E6	
470	-7.1701E-1	1.2795E2	2.6372E0	1.0413E6	
471	-7.1953E-1	1.2421E2	2.6304E0	1.0435E6	
472	-7.1564E-1	1.2998E2	2.6235E0	1.0457E6	
473	-7.1884E-1	1.2523E2	2.6168E0	1.0480E6	
474	-7.1861E-1	1.2557E2	2.6100E0	1.0502E6	
475	-7.1373E-1	1.3281E2	2.6032E0	1.0524E6	
476	-7.1480E-1	1.3123E2	2.5963E0	1.0546E6	
477	-7.1236E-1	1.3485E2	2.5896E0	1.0568E6	
478	-7.1342E-1	1.3327E2	2.5828E0	1.0591E6	
479	-7.1266E-1	1.3440E2	2.5760E0	1.0613E6	
480	-7.1434E-1	1.3191E2	2.5692E0	1.0635E6	
481	-7.1259E-1	1.3451E2	2.5624E0	1.0657E6	
482	-7.1526E-1	1.3055E2	2.5557E0	1.0679E6	
483	-7.1213E-1	1.3519E2	2.5488E0	1.0702E6	
484	-7.1404E-1	1.3236E2	2.5419E0	1.0724E6	
485	-7.1175E-1	1.3576E2	2.5352E0	1.0746E6	
486	-7.1320E-1	1.3361E2	2.5283E0	1.0768E6	
487	-7.1144E-1	1.3621E2	2.5214E0	1.0790E6	
488	-7.1243E-1	1.3474E2	2.5147E0	1.0813E6	
489	-7.1190E-1	1.3553E2	2.5077E0	1.0835E6	
490	-7.1159E-1	1.3598E2	2.5011E0	1.0857E6	
491	-7.1098E-1	1.3689E2	2.4942E0	1.0879E6	
492	-7.0992E-1	1.3848E2	2.4873E0	1.0901E6	
493	-7.1053E-1	1.3757E2	2.4805E0	1.0924E6	
494	-7.1365E-1	1.3293E2	2.4736E0	1.0946E6	
495	-7.0976E-1	1.3870E2	2.4668E0	1.0968E6	
496	-7.1075E-1	1.3723E2	2.4600E0	1.0990E6	
497	-7.1007E-1	1.3825E2	2.4531E0	1.1012E6	
498	-7.1083E-1	1.3712E2	2.4463E0	1.1035E6	
499	-7.0877E-1	1.4017E2	2.4393E0	1.1057E6	
500	-7.1083E-1	1.3712E2	2.4326E0	1.1079E6	
501	-7.1091E-1	1.3700E2	2.4256E0	1.1101E6	
502	-7.1068E-1	1.3734E2	2.4188E0	1.1123E6	
503	-7.0709E-1	1.4266E2	2.4119E0	1.1146E6	
504	-7.0778E-1	1.4165E2	2.4051E0	1.1168E6	
505	-7.0877E-1	1.4017E2	2.3982E0	1.1190E6	
506	-7.0869E-1	1.4029E2	2.3913E0	1.1212E6	
507	-7.0847E-1	1.4063E2	2.3845E0	1.1234E6	
508	-7.0946E-1	1.3915E2	2.3776E0	1.1257E6	
509	-7.0839E-1	1.4074E2	2.3708E0	1.1279E6	
510	-7.0732E-1	1.4232E2	2.3639E0	1.1301E6	
511	-7.0488E-1	1.4595E2	2.3569E0	1.1323E6	
512	-7.0847E-1	1.4063E2	2.3502E0	1.1345E6	
513	-7.0808E-1	1.4119E2	2.3432E0	1.1368E6	
514	-7.0854E-1	1.4051E2	2.3362E0	1.1390E6	
515	-7.0740E-1	1.4221E2	2.3294E0	1.1412E6	
516	-7.0633E-1	1.4380E2	2.3225E0	1.1434E6	
517	-7.0602E-1	1.4425E2	2.3156E0	1.1456E6	
518	-7.0488E-1	1.4595E2	2.3087E0	1.1479E6	
519	-7.0648E-1	1.4357E2	2.3018E0	1.1501E6	
520	-7.0541E-1	1.4516E2	2.2949E0	1.1523E6	
521	-7.0297E-1	1.4878E2	2.2881E0	1.1545E6	
522	-7.0442E-1	1.4663E2	2.2811E0	1.1567E6	
523	-7.0427E-1	1.4685E2	2.2743E0	1.1590E6	
524	-7.0366E-1	1.4776E2	2.2673E0	1.1612E6	
525	-7.0511E-1	1.4561E2	2.2602E0	1.1634E6	
526	-7.0259E-1	1.4934E2	2.2535E0	1.1656E6	
527	-7.0518E-1	1.4550E2	2.2466E0	1.1678E6	
528	-7.0656E-1	1.4346E2	2.2396E0	1.1701E6	
529	-7.0374E-1	1.4765E2	2.2327E0	1.1723E6	
530	-7.0465E-1	1.4629E2	2.2258E0	1.1745E6	
531	-7.0442E-1	1.4663E2	2.2188E0	1.1767E6	
532	-7.0198E-1	1.5025E2	2.2120E0	1.1789E6	
533	-7.0038E-1	1.5263E2	2.2050E0	1.1812E6	
534	-7.0274E-1	1.4912E2	2.1980E0	1.1834E6	
535	-7.0274E-1	1.4912E2	2.1911E0	1.1856E6	
536	-7.0190E-1	1.5036E2	2.1842E0	1.1878E6	
537	-7.0297E-1	1.4878E2	2.1773E0	1.1900E6	
538	-7.0183E-1	1.5048E2	2.1704E0	1.1923E6	
539	-7.0190E-1	1.5036E2	2.1633E0	1.1945E6	
540	-6.9977E-1	1.5353E2	2.1564E0	1.1967E6	
541	-6.9969E-1	1.5365E2	2.1494E0	1.1989E6	
542	-7.0045E-1	1.5252E2	2.1425E0	1.2011E6	
543	-7.0152E-1	1.5093E2	2.1356E0	1.2034E6	
544	-7.0137E-1	1.5116E2	2.1286E0	1.2056E6	
545	-7.0007E-1	1.5308E2	2.1217E0	1.2078E6	
546	-7.0145E-1	1.5104E2	2.1148E0	1.2100E6	
547	-6.9931E-1	1.5421E2	2.1078E0	1.2122E6	
548	-6.9878E-1	1.5501E2	2.1009E0	1.2145E6	
549	-6.9870E-1	1.5512E2	2.0939E0	1.2167E6	
550	-6.9649E-1	1.5840E2	2.0869E0	1.2189E6	
551	-7.0007E-1	1.5308E2	2.0798E0	1.2211E6	
552	-6.9740E-1	1.5704E2	2.0729E0	1.2233E6	
553	-6.9771E-1	1.5659E2	2.0660E0	1.2256E6	
554	-6.9687E-1	1.5784E2	2.0590E0	1.2278E6	
555	-6.9740E-1	1.5704E2	2.0520E0	1.2300E6	
556	-6.9588E-1	1.5931E2	2.0450E0	1.2322E6	
557	-6.9679E-1	1.5795E2	2.0380E0	1.2344E6	
558	-6.9572E-1	1.5954E2	2.0310E0	1.2367E6	
559	-6.9626E-1	1.5874E2	2.0242E0	1.2389E6	
560	-6.9778E-1	1.5648E2	2.0171E0	1.2411E6	
561	-6.9588E-1	1.5931E2	2.0101E0	1.2433E6	
562	-6.9672E-1	1.5806E2	2.0032E0	1.2455E6	
563	-6.9626E-1	1.5874E2	1.9962E0	1.2478E6	
564	-6.9527E-1	1.6021E2	1.9891E0	1.2500E6	
565	-6.9412E-1	1.6191E2	1.9821E0	1.2522E6	
566	-6.9633E-1	1.5863E2	1.9752E0	1.2544E6	
567	-6.9527E-1	1.6021E2	1.9681E0	1.2566E6	
568	-6.9466E-1	1.6112E2	1.9611E0	1.2589E6	
569	-6.9252E-1	1.6429E2	1.9541E0	1.2611E6	
570	-6.9038E-1	1.6746E2	1.9472E0	1.2633E6	
571	-6.9321E-1	1.6327E2	1.9402E0	1.2655E6	
572	-6.8932E-1	1.6905E2	1.9332E0	1.2677E6	
573	-6.9382E-1	1.6237E2	1.9261E0	1.2700E6	
574	-6.9275E-1	1.6395E2	1.9192E0	1.2722E6	
575	-6.8954E-1	1.6871E2	1.9122E0	1.2744E6	
576	-6.9275E-1	1.6395E2	1.9052E0	1.2766E6	
577	-6.8985E-1	1.6825E2	1.8981E0	1.2788E6	
578	-6.9000E-1	1.6803E2	1.8912E0	1.2811E6	
579	-6.9077E-1	1.6689E2	1.8840E0	1.2833E6	
580	-6.9176E-1	1.6542E2	1.8771E0	1.2855E6	
581	-6.9168E-1	1.6554E2	1.8700E0	1.2877E6	
582	-6.9084E-1	1.6678E2	1.8630E0	1.2899E6	
583	-6.8916E-1	1.6927E2	1.8559E0	1.2922E6	
584	-6.9328E-1	1.6316E2	1.8490E0	1.2944E6	
585	-6.8993E-1	1.6814E2	1.8419E0	1.2966E6	
586	-6.9183E-1	1.6531E2	1.8349E0	1.2988E6	
587	-6.9038E-1	1.6746E2	1.8279E0	1.3010E6	
588	-6.8924E-1	1.6916E2	1.8209E0	1.3033E6	
589	-6.9084E-1	1.6678E2	1.8139E0	1.3055E6	
590	-6.8954E-1	1.6871E2	1.8067E0	1.3077E6	
591	-6.8642E-1	1.7335E2	1.7997E0	1.3099E6	
592	-6.8863E-1	1.7007E2	1.7927E0	1.3121E6	
593	-6.8939E-1	1.6893E2	1.7857E0	1.3144E6	
594	-6.8863E-1	1.7007E2	1.7787E0	1.3166E6	
595	-6.8855E-1	1.7018E2	1.7716E0	1.3188E6	
596	-6.8642E-1	1.7335E2	1.7646E0	1.3210E6	
597	-6.8916E-1	1.6927E2	1.7575E0	1.3232E6	
598	-6.8626E-1	1.7358E2	1.7505E0	1.3255E6	
599	-6.8535E-1	1.7493E2	1.7434E0	1.3277E6	
600	-6.8451E-1	1.7618E2	1.7364E0	1.3299E6	
601	-6.8901E-1	1.6950E2	1.7293E0	1.3321E6	
602	-6.8718E-1	1.7222E2	1.7222E0	1.3343E6	
603	-6.8687E-1	1.7267E2	1.7151E0	1.3366E6	
604	-6.8626E-1	1.7358E2	1.7081E0	1.3388E6	
605	-6.8695E-1	1.7256E2	1.7011E0	1.3410E6	
606	-6.8695E-1	1.7256E2	1.6941E0	1.3432E6	
607	-6.8550E-1	1.7471E2	1.6870E0	1.3454E6	
608	-6.8703E-1	1.7244E2	1.6800E0	1.3477E6	
609	-6.8481E-1	1.7573E2	1.6729E0	1.3499E6	
610	-6.8634E-1	1.7346E2	1.6658E0	1.3521E6	
611	-6.8649E-1	1.7324E2	1.6587E0	1.3543E6	
612	-6.8230E-1	1.7946E2	1.6517E0	1.3565E6	
613	-6.8291E-1	1.7856E2	1.6445E0	1.3588E6	
614	-6.8329E-1	1.7799E2	1.6376E0	1.3610E6	
615	-6.8336E-1	1.7788E2	1.6305E0	1.3632E6	
616	-6.8382E-1	1.7720E2	1.6234E0	1.3654E6	
617	-6.8291E-1	1.7856E2	1.6163E0	1.3676E6	
618	-6.8222E-1	1.7958E2	1.6093E0	1.3699E6	
619	-6.8092E-1	1.8150E2	1.6022E0	1.3721E6	
620	-6.8459E-1	1.7607E2	1.5951E0	1.3743E6	
621	-6.8130E-1	1.8093E2	1.5881E0	1.3765E6	
622	-6.8176E-1	1.8026E2	1.5809E0	1.3787E6	
623	-6.8260E-1	1.7901E2	1.5739E0	1.3810E6	
624	-6.8253E-1	1.7912E2	1.5668E0	1.3832E6	
625	-6.7879E-1	1.8467E2	1.5597E0	1.3854E6	
626	-6.8291E-1	1.7856E2	1.5526E0	1.3876E6	
627	-6.7863E-1	1.8490E2	1.5456E0	1.3898E6	
628	-6.8275E-1	1.7878E2	1.5385E0	1.3921E6	
629	-6.8008E-1	1.8275E2	1.5313E0	1.3943E6	
630	-6.8092E-1	1.8150E2	1.5243E0	1.3965E6	
631	-6.7970E-1	1.8331E2	1.5172E0	1.3987E6	
632	-6.8069E-1	1.8184E2	1.5102E0	1.4009E6	
633	-6.8161E-1	1.8048E2	1.5030E0	1.4032E6	
634	-6.7970E-1	1.8331E2	1.4961E0	1.4054E6	
635	-6.7741E-1	1.8671E2	1.4888E0	1.4076E6	
636	-6.7955E-1	1.8354E2	1.4817E0	1.4098E6	
637	-6.7551E-1	1.8954E2	1.4747E0	1.4120E6	
638	-6.7719E-1	1.8705E2	1.4676E0	1.4143E6	
639	-6.7520E-1	1.8999E2	1.4605E0	1.4165E6	
640	-6.8100E-1	1.8139E2	1.4533E0	1.4187E6	
641	-6.7932E-1	1.8388E2	1.4463E0	1.4209E6	
642	-6.7757E-1	1.8648E2	1.4392E0	1.4231E6	
643	-6.7528E-1	1.8988E2	1.4321E0	1.4254E6	
644	-6.7711E-1	1.8716E2	1.4250E0	1.4276E6	
645	-6.7635E-1	1.8829E2	1.4179E0	1.4298E6	
646	-6.7657E-1	1.8795E2	1.4108E0	1.4320E6	
647	-6.7581E-1	1.8909E2	1.4037E0	1.4342E6	
648	-6.7635E-1	1.8829E2	1.3966E0	1.4365E6	
649	-6.7513E-1	1.9011E2	1.3896E0	1.4387E6	
650	-6.7513E-1	1.9011E2	1.3824E0	1.4409E6	
651	-6.7581E-1	1.8909E2	1.3753E0	1.4431E6	
652	-6.7459E-1	1.9090E2	1.3682E0	1.4453E6	
653	-6.7429E-1	1.9135E2	1.3610E0	1.4476E6	
654	-6.7551E-1	1.8954E2	1.3539E0	1.4498E6	
655	-6.7345E-1	1.9260E2	1.3467E0	1.4520E6	
656	-6.7276E-1	1.9362E2	1.3397E0	1.4542E6	
657	-6.7413E-1	1.9158E2	1.3325E0	1.4564E6	
658	-6.7345E-1	1.9260E2	1.3256E0	1.4587E6	
659	-6.7360E-1	1.9237E2	1.3185E0	1.4609E6	
660	-6.7169E-1	1.9520E2	1.3114E0	1.4631E6	
661	-6.7368E-1	1.9226E2	1.3042E0	1.4653E6	
662	-6.7162E-1	1.9531E2	1.2970E0	1.4675E6	
663	-6.7467E-1	1.9079E2	1.2900E0	1.4698E6	
664	-6.7116E-1	1.9599E2	1.2828E0	1.4720E6	
665	-6.7398E-1	1.9180E2	1.2757E0	1.4742E6	
666	-6.7230E-1	1.9430E2	1.2686E0	1.4764E6	
667	-6.7375E-1	1.9214E2	1.2613E0	1.4786E6	
668	-6.7039E-1	1.9713E2	1.2544E0	1.4809E6	
669	-6.6971E-1	1.9815E2	1.2472E0	1.4831E6	
670	-6.7177E-1	1.9509E2	1.2401E0	1.4853E6	
671	-6.7238E-1	1.9418E2	1.2328E0	1.4875E6	
672	-6.7047E-1	1.9701E2	1.2258E0	1.4897E6	
673	-6.7123E-1	1.9588E2	1.2187E0	1.4920E6	
674	-6.6780E-1	2.0098E2	1.2115E0	1.4942E6	
675	-6.7017E-1	1.9747E2	1.2043E0	1.4964E6	
676	-6.6757E-1	2.0132E2	1.1972E0	1.4986E6	
677	-6.7078E-1	1.9656E2	1.1901E0	1.5008E6	
678	-6.6765E-1	2.0120E2	1.1829E0	1.5031E6	
679	-6.6719E-1	2.0188E2	1.1759E0	1.5053E6	
680	-6.6994E-1	1.9781E2	1.1688E0	1.5075E6	
681	-6.6956E-1	1.9837E2	1.1616E0	1.5097E6	
682	-6.6788E-1	2.0086E2	1.1544E0	1.5119E6	
683	-6.6795E-1	2.0075E2	1.1473E0	1.5142E6	
684	-6.6963E-1	1.9826E2	1.1401E0	1.5164E6	
685	-6.6628E-1	2.0324E2	1.1330E0	1.5186E6	
686	-6.6673E-1	2.0256E2	1.1258E0	1.5208E6	
687	-6.6597E-1	2.0369E2	1.1187E0	1.5230E6	
688	-7.0435E-1	1.4674E2	1.1117E0	1.5253E6	
689	-7.0168E-1	1.5070E2	1.1044E0	1.5275E6	
690	-7.0763E-1	1.4187E2	1.0973E0	1.5297E6	
691	-7.0221E-1	1.4991E2	1.0901E0	1.5319E6	
692	-6.9298E-1	1.6361E2	1.0830E0	1.5341E6	
693	-6.9031E-1	1.6757E2	1.0759E0	1.5364E6	
694	-6.8504E-1	1.7539E2	1.0687E0	1.5386E6	
695	-6.7894E-1	1.8444E2	1.0616E0	1.5408E6	
696	-6.6971E-1	1.9815E2	1.0545E0	1.5430E6	
697	-6.6750E-1	2.0143E2	1.0472E0	1.5452E6	
698	-6.5994E-1	2.1264E2	1.0402E0	1.5475E6	
699	-6.5521E-1	2.1966E2	1.0330E0	1.5497E6	
700	-6.4491E-1	2.3494E2	1.0258E0	1.5519E6	
701	-6.4560E-1	2.3392E2	1.0186E0	1.5541E6	
702	-6.3927E-1	2.4332E2	1.0116E0	1.5563E6	
703	-6.3629E-1	2.4774E2	1.0043E0	1.5586E6	
704	-6.3560E-1	2.4876E2	9.9718E-1	1.5608E6	
705	-6.3522E-1	2.4932E2	9.8996E-1	1.5630E6	
706	-6.3087E-1	2.5578E2	9.8284E-1	1.5652E6	
707	-6.2698E-1	2.6155E2	9.7571E-1	1.5674E6	
708	-6.2485E-1	2.6472E2	9.6849E-1	1.5697E6	
709	-6.1768E-1	2.7537E2	9.6137E-1	1.5719E6	
710	-6.1386E-1	2.8103E2	9.5422E-1	1.5741E6	
711	-6.1180E-1	2.8408E2	9.4702E-1	1.5763E6	
712	-6.0539E-1	2.9359E2	9.3991E-1	1.5785E6	
713	-6.0562E-1	2.9325E2	9.3270E-1	1.5808E6	
714	-6.0242E-1	2.9801E2	9.2561E-1	1.5830E6	
715	-5.9875E-1	3.0345E2	9.1843E-1	1.5852E6	
716	-5.9570E-1	3.0797E2	9.1122E-1	1.5874E6	
717	-5.8807E-1	3.1930E2	9.0409E-1	1.5896E6	
718	-5.8212E-1	3.2813E2	8.9694E-1	1.5919E6	
719	-5.8273E-1	3.2722E2	8.8973E-1	1.5941E6	
720	-5.7381E-1	3.4047E2	8.8255E-1	1.5963E6	
721	-5.7007E-1	3.4602E2	8.7542E-1	1.5985E6	
722	-5.6770E-1	3.4953E2	8.6834E-1	1.6007E6	
723	-5.6450E-1	3.5428E2	8.6108E-1	1.6030E6	
724	-5.5840E-1	3.6334E2	8.5383E-1	1.6052E6	
725	-5.5252E-1	3.7206E2	8.4676E-1	1.6074E6	
726	-5.5183E-1	3.7308E2	8.3954E-1	1.6096E6	
727	-5.4184E-1	3.8791E2	8.3236E-1	1.6118E6	
728	-5.3848E-1	3.9289E2	8.2529E-1	1.6141E6	
729	-5.3596E-1	3.9663E2	8.1805E-1	1.6163E6	
730	-5.2910E-1	4.0682E2	8.1089E-1	1.6185E6	
731	-5.2658E-1	4.1056E2	8.0368E-1	1.6207E6	
732	-5.2315E-1	4.1565E2	7.9662E-1	1.6229E6	
733	-5.1620E-1	4.2596E2	7.8942E-1	1.6252E6	
734	-5.1064E-1	4.3422E2	7.8225E-1	1.6274E6	
735	-5.0591E-1	4.4124E2	7.7513E-1	1.6296E6	
736	-4.9973E-1	4.5041E2	7.6800E-1	1.6318E6	
737	-4.9324E-1	4.6004E2	7.6076E-1	1.6340E6	
738	-4.8233E-1	4.7623E2	7.5363E-1	1.6363E6	
739	-4.8271E-1	4.7566E2	7.4646E-1	1.6385E6	
740	-4.7150E-1	4.9231E2	7.3943E-1	1.6407E6	
741	-4.6913E-1	4.9582E2	7.3215E-1	1.6429E6	
742	-4.5898E-1	5.1087E2	7.2505E-1	1.6451E6	
743	-4.5609E-1	5.1518E2	7.1784E-1	1.6474E6	
744	-4.4975E-1	5.2457E2	7.1063E-1	1.6496E6	
745	-4.4487E-1	5.3182E2	7.0347E-1	1.6518E6	
746	-4.3640E-1	5.4439E2	6.9640E-1	1.6540E6	
747	-4.3304E-1	5.4937E2	6.8931E-1	1.6562E6	
748	-4.2213E-1	5.6556E2	6.8212E-1	1.6585E6	
749	-4.2343E-1	5.6364E2	6.7492E-1	1.6607E6	
750	-4.1344E-1	5.7847E2	6.6775E-1	1.6629E6	
751	-4.0779E-1	5.8685E2	6.6058E-1	1.6651E6	
752	-3.9886E-1	6.0010E2	6.5350E-1	1.6673E6	
753	-3.9474E-1	6.0621E2	6.4639E-1	1.6696E6	
754	-3.8994E-1	6.1334E2	6.3921E-1	1.6718E6	
755	-3.8208E-1	6.2501E2	6.3198E-1	1.6740E6	
756	-3.7590E-1	6.3418E2	6.2495E-1	1.6762E6	
757	-3.7033E-1	6.4244E2	6.1779E-1	1.6784E6	
758	-3.6591E-1	6.4901E2	6.1059E-1	1.6807E6	
759	-3.5316E-1	6.6792E2	6.0340E-1	1.6829E6	
760	-3.4935E-1	6.7358E2	5.9632E-1	1.6851E6	
761	-3.4309E-1	6.8286E2	5.8923E-1	1.6873E6	
762	-3.3363E-1	6.9690E2	5.8207E-1	1.6895E6	
763	-3.3226E-1	6.9894E2	5.7497E-1	1.6918E6	
764	-3.2501E-1	7.0970E2	5.6784E-1	1.6940E6	
765	-3.2326E-1	7.1230E2	5.6067E-1	1.6962E6	
766	-3.1067E-1	7.3099E2	5.5363E-1	1.6984E6	
767	-3.0586E-1	7.3812E2	5.5007E-1	1.6995E6	
768	-3.0525E-1	7.3902E2	5.4944E-1	1.6997E6	
769	-3.0525E-1	7.3902E2	5.4895E-1	1.6999E6	
770	-3.0327E-1	7.4197E2	5.4878E-1	1.7000E6	
771	-3.0235E-1	7.4333E2	5.4852E-1	1.7000E6	
772	-3.0235E-1	7.4333E2	5.4852E-1	1.7000E6	
773	-3.0235E-1	7.4333E2	5.4852E-1	1.7000E6	
774	-3.0235E-1	7.4333E2	5.4852E-1	1.7000E6	
775	-3.0235E-1	7.4333E2	5.4852E-1	1.7000E6	
776	-3.0235E-1	7.4333E2	5.4852E-1	1.7000E6	
777	-3.0235E-1	7.4333E2	5.4852E-1	1.7000E6	
778	-3.0235E-1	7.4333E2	5.4852E-1	1.7000E6	
779	-3.0235E-1	7.4333E2	5.4852E-1	1.7000E6	
780	-3.0235E-1	7.4333E2	5.4852E-1	1.7000E6	
781	-3.0235E-1	7.4333E2	5.4852E-1	1.7000E6	
782	-3.0235E-1	7.4333E2	5.4852E-1	1.7000E6	
783	-3.0235E-1	7.4333E2	5.4852E-1	1.7000E6	
784	-3.0235E-1	7.4333E2	5.4852E-1	1.7000E6	
785	-3.0235E-1	7.4333E2	5.4852E-1	1.7000E6	
786	-3.0235E-1	7.4333E2	5.4852E-1	1.7000E6	
787	-3.0235E-1	7.4333E2	5.4852E-1	1.7000E6	
788	-3.0235E-1	7.4333E2	5.4852E-1	1.7000E6	
789	-3.0235E-1	7.4333E2	5.4852E-1	1.7000E6	
790	-3.0235E-1	7.4333E2	5.4852E-1	1.7000E6	
791	-3.0235E-1	7.4333E2	5.4852E-1	1.7000E6	
792	-3.0235E-1	7.4333E2	5.4852E-1	1.7000E6	
793	-3.0235E-1	7.4333E2	5.4852E-1	1.7000E6	
794	-3.0235E-1	7.4333E2	5.4852E-1	1.7000E6	
795	-3.0235E-1	7.4333E2	5.4852E-1	1.7000E6	
796	-3.0235E-1	7.4333E2	5.4852E-1	1.7000E6	
797	-3.0235E-1	7.4333E2	5.4852E-1	1.7000E6	
798	-3.0235E-1	7.4333E2	5.4852E-1	1.7000E6	
799	-3.0235E-1	7.4333E2	5.4852E-1	1.7000E6	
800	-3.0235E-1	7.4333E2	5.4852E-1	1.7000E6	
801	-3.0235E-1	7.4333E2	5.4852E-1	1.7000E6	
802	-3.0235E-1	7.4333E2	5.4852E-1	1.7000E6	
803	-3.0235E-1	7.4333E2	5.4852E-1	1.7000E6	
804	-3.0235E-1	7.4333E2	5.4852E-1	1.7000E6	
805	-3.0235E-1	7.4333E2	5.4852E-1	1.7000E6	
806	-3.0235E-1	7.4333E2	5.4852E-1	1.7000E6	
807	-3.0235E-1	7.4333E2	5.4852E-1	1.7000E6	
808	-3.0235E-1	7.4333E2	5.4852E-1	1.7000E6	
809	-3.0235E-1	7.4333E2	5.4852E-1	1.7000E6	
810	-3.0235E-1	7.4333E2	5.4852E-1	1.7000E6	
811	-3.0235E-1	7.4333E2	5.4852E-1	1.7000E6	
812	-3.0235E-1	7.4333E2	5.4852E-1	1.7000E6	
813	-3.0235E-1	7.4333E2	5.4852E-1	1.7000E6	
814	-3.0235E-1	7.4333E2	5.4852E-1	1.7000E6	
815	-3.0235E-1	7.4333E2	5.4852E-1	1.7000E6	
816	-3.0235E-1	7.4333E2	5.4852E-1	1.7000E6	
817	-3.0235E-1	7.4333E2	5.4852E-1	1.7000E6	
818	-3.0235E-1	7.4333E2	5.4852E-1	1.7000E6	
819	-3.0235E-1	7.4333E2	5.4852E-1	1.7000E6	
820	-3.0235E-1	7.4333E2	5.4852E-1	1.7000E6	
821	-3.0235E-1	7.4333E2	5.4852E-1	1.7000E6	
822	-3.0235E-1	7.4333E2	5.4852E-1	1.7000E6	
823	-3.0235E-1	7.4333E2	5.4852E-1	1.7000E6	
824	-3.0235E-1	7.4333E2	5.4852E-1	1.7000E6	
825	-3.0235E-1	7.4333E2	5.4852E-1	1.7000E6	
826	-3.0235E-1	7.4333E2	5.4852E-1	1.7000E6	
827	-3.0235E-1	7.4333E2	5.4852E-1	1.7000E6	
828	-3.0235E-1	7.4333E2	5.4852E-1	1.7000E6	
829	-3.0235E-1	7.4333E2	5.4852E-1	1.7000E6	
830	-3.0235E-1	7.4333E2	5.4852E-1	1.7000E6	
831	-3.0235E-1	7.4333E2	5.4852E-1	1.7000E6	
832	-3.0235E-1	7.4333E2	5.4852E-1	1.7000E6	
833	-3.0235E-1	7.4333E2	5.4852E-1	1.7000E6	
834	-3.0235E-1	7.4333E2	5.4852E-1	1.7000E6	
835	-3.0235E-1	7.4333E2	5.4852E-1	1.7000E6	
836	-3.0235E-1	7.4333E2	5.4852E-1	1.7000E6	
837	-3.0235E-1	7.4333E2	5.4852E-1	1.7000E6	
838	-3.0235E-1	7.4333E2	5.4852E-1	1.7000E6	
839	-3.0235E-1	7.4333E2	5.4852E-1	1.7000E6	
840	-3.0235E-1	7.4333E2	5.4852E-1	1.7000E6	
841	-3.0235E-1	7.4333E2	5.4852E-1	1.7000E6	
842	-3.0235E-1	7.4333E2	5.4852E-1	1.7000E6	
843	-3.0235E-1	7.4333E2	5.4852E-1	1.7000E6	
844	-3.0235E-1	7.4333E2	5.4852E-1	1.7000E6	
845	-3.0235E-1	7.4333E2	5.4852E-1	1.7000E6	
846	-3.0235E-1	7.4333E2	5.4852E-1	1.7000E6	
847	-3.0235E-1	7.4333E2	5.4852E-1	1.7000E6	
848	-3.0235E-1	7.4333E2	5.4852E-1	1.7000E6	
849	-3.0235E-1	7.4333E2	5.4852E-1	1.7000E6	
850	-3.0235E-1	7.4333E2	5.4852E-1	1.7000E6	
851	-3.0235E-1	7.4333E2	5.4852E-1	1.7000E6	
852	-3.0235E-1	7.4333E2	5.4852E-1	1.7000E6	
853	-3.0235E-1	7.4333E2	5.4852E-1	1.7000E6	
854	-3.0235E-1	7.4333E2	5.4852E-1	1.7000E6	
855	-3.0235E-1	7.4333E2	5.4852E-1	1.7000E6	
856	-3.0235E-1	7.4333E2	5.4852E-1	1.7000E6	
857	-3.0235E-1	7.4333E2	5.4852E-1	1.7000E6	
858	-3.0235E-1	7.4333E2	5.4852E-1	1.7000E6	
859	-3.0235E-1	7.4333E2	5.4852E-1	1.7000E6	
860	-3.0235E-1	7.4333E2	5.4852E-1	1.7000E6	
861	-3.0235E-1	7.4333E2	5.4852E-1	1.7000E6	
862	-3.0235E-1	7.4333E2	5.4852E-1	1.7000E6	
863	-3.0235E-1	7.4333E2	5.4852E-1	1.7000E6	
864	-3.0235E-1	7.4333E2	5.4852E-1	1.7000E6	
865	-3.0235E-1	7.4333E2	5.4852E-1	1.7000E6	
866	-3.0235E-1	7.4333E2	5.4852E-1	1.7000E6	
867	-3.0235E-1	7.4333E2	5.4852E-1	1.7000E6	
868	-3.0235E-1	7.4333E2	5.4852E-1	1.7000E6	
869	-3.0235E-1	7.4333E2	5.4852E-1	1.7000E6	
870	-3.0235E-1	7.4333E2	5.4852E-1	1.7000E6	
871	-3.0235E-1	7.4333E2	5.4852E-1	1.7000E6	
872	-3.0235E-1	7.4333E2	5.4852E-1	1.7000E6	
873	-3.0235E-1	7.4333E2	5.4852E-1	1.7000E6	
874	-3.0235E-1	7.4333E2	5.4852E-1	1.7000E6	
875	-3.0235E-1	7.4333E2	5.4852E-1	1.7000E6	
876	-3.0235E-1	7.4333E2	5.4852E-1	1.7000E6	
877	-3.0235E-1	7.4333E2	5.4852E-1	1.7000E6	
878	-3.0235E-1	7.4333E2	5.4852E-1	1.7000E6	
879	-3.0235E-1	7.4333E2	5.4852E-1	1.7000E6	
880	-3.0235E-1	7.4333E2	5.4852E-1	1.7000E6	
881	-3.0235E-1	7.4333E2	5.4852E-1	1.7000E6	
882	-3.0235E-1	7.4333E2	5.4852E-1	1.7000E6	
883	-3.0235E-1	7.4333E2	5.4852E-1	1.7000E6	
884	-3.0235E-1	7.4333E2	5.4852E-1	1.7000E6	
885	-3.0235E-1	7.4333E2	5.4852E-1	1.7000E6	
886	-3.0235E-1	7.4333E2	5.4852E-1	1.7000E6	
887	-3.0235E-1	7.4333E2	5.4852E-1	1.7000E6	
888	-3.0235E-1	7.4333E2	5.4852E-1	1.7000E6	
889	-3.0235E-1	7.4333E2	5.4852E-1	1.7000E6	
890	-3.0235E-1	7.4333E2	5.4852E-1	1.7000E6	
891	-3.0235E-1	7.4333E2	5.4852E-1	1.7000E6	
892	-3.0235E-1	7.4333E2	5.4852E-1	1.7000E6	
893	-3.0235E-1	7.4333E2	5.4852E-1	1.7000E6	
894	-3.0235E-1	7.4333E2	5.4852E-1	1.7000E6	
895	-3.0235E-1	7.4333E2	5.4852E-1	1.7000E6	
896	-3.0235E-1	7.4333E2	5.4852E-1	1.7000E6	
897	-3.0235E-1	7.4333E2	5.4852E-1	1.7000E6	
898	-3.0235E-1	7.4333E2	5.4852E-1	1.7000E6	
899	-3.0235E-1	7.4333E2	5.4852E-1	1.7000E6	
900	-3.0235E-1	7.4333E2	5.4852E-1	1.7000E6	
901	-3.0235E-1	7.4333E2	5.4852E-1	1.7000E6	
902	-3.0235E-1	7.4333E2	5.4852E-1	1.7000E6	
903	-3.0235E-1	7.4333E2	5.4852E-1	1.7000E6	
904	-3.0235E-1	7.4333E2	5.4852E-1	1.7000E6	
905	-3.0235E-1	7.4333E2	5.4852E-1	1.7000E6	
906	-3.0235E-1	7.4333E2	5.4852E-1	1.7000E6	
907	-3.0235E-1	7.4333E2	5.4852E-1	1.7000E6	
908	-3.0235E-1	7.4333E2	5.4852E-1	1.7000E6	
909	-3.0235E-1	7.4333E2	5.4852E-1	1.7000E6	
910	-3.0235E-1	7.4333E2	5.4852E-1	1.7000E6	
911	-3.0235E-1	7.4333E2	5.4852E-1	1.7000E6	
912	-3.0235E-1	7.4333E2	5.4852E-1	1.7000E6	
913	-3.0235E-1	7.4333E2	5.4852E-1	1.7000E6	
914	-3.0235E-1	7.4333E2	5.4852E-1	1.7000E6	
915	-3.0235E-1	7.4333E2	5.4852E-1	1.7000E6	
916	-3.0235E-1	7.4333E2	5.4852E-1	1.7000E6	
917	-3.0235E-1	7.4333E2	5.4852E-1	1.7000E6	
918	-3.0235E-1	7.4333E2	5.4852E-1	1.7000E6	
919	-3.0235E-1	7.4333E2	5.4852E-1	1.7000E6	
920	-3.0235E-1	7.4333E2	5.4852E-1	1.7000E6	
921	-3.0235E-1	7.4333E2	5.4852E-1	1.7000E6	
922	-3.0235E-1	7.4333E2	5.4852E-1	1.7000E6	
923	-3.0235E-1	7.4333E2	5.4852E-1	1.7000E6	
924	-3.0235E-1	7.4333E2	5.4852E-1	1.7000E6	
925	-3.0235E-1	7.4333E2	5.4852E-1	1.7000E6	
926	-3.0235E-1	7.4333E2	5.4852E-1	1.7000E6	
927	-3.0235E-1	7.4333E2	5.4852E-1	1.7000E6	
928	-3.0235E-1	7.4333E2	5.4852E-1	1.7000E6	
929	-3.0235E-1	7.4333E2	5.4852E-1	1.7000E6	
930	-3.0235E-1	7.4333E2	5.4852E-1	1.7000E6	
931	-3.0235E-1	7.4333E2	5.4852E-1	1.7000E6	
932	-3.0235E-1	7.4333E2	5.4852E-1	1.7000E6	
933	-3.0235E-1	7.4333E2	5.4852E-1	1.7000E6	
934	-3.0235E-1	7.4333E2	5.4852E-1	1.7000E6	
935	-3.0235E-1	7.4333E2	5.4852E-1	1.7000E6	
936	-3.0235E-1	7.4333E2	5.4852E-1	1.7000E6	
937	-3.0235E-1	7.4333E2	5.4852E-1	1.7000E6	
938	-3.0235E-1	7.4333E2	5.4852E-1	1.7000E6	
939	-3.0235E-1	7.4333E2	5.4852E-1	1.7000E6	
940	-3.0235E-1	7.4333E2	5.4852E-1	1.7000E6	
941	-3.0235E-1	7.4333E2	5.4852E-1	1.7000E6	
942	-3.0235E-1	7.4333E2	5.4852E-1	1.7000E6	
943	-3.0235E-1	7.4333E2	5.4852E-1	1.7000E6	
944	-3.0235E-1	7.4333E2	5.4852E-1	1.7000E6	
945	-3.0235E-1	7.4333E2	5.4852E-1	1.7000E6	
946	-3.0235E-1	7.4333E2	5.4852E-1	1.7000E6	
947	-3.0235E-1	7.4333E2	5.4852E-1	1.7000E6	
948	-3.0235E-1	7.4333E2	5.4852E-1	1.7000E6	
949	-3.0235E-1	7.4333E2	5.4852E-1	1.7000E6	
950	-3.0235E-1	7.4333E2	5.4852E-1	1.7000E6	
951	-3.0235E-1	7.4333E2	5.4852E-1	1.7000E6	
952	-3.0235E-1	7.4333E2	5.4852E-1	1.7000E6	
953	-3.0235E-1	7.4333E2	5.4852E-1	1.7000E6	
954	-3.0235E-1	7.4333E2	5.4852E-1	1.7000E6	
955	-3.0235E-1	7.4333E2	5.4852E-1	1.7000E6	
956	-3.0235E-1	7.4333E2	5.4852E-1	1.7000E6	
957	-3.0235E-1	7.4333E2	5.4852E-1	1.7000E6	
958	-3.0235E-1	7.4333E2	5.4852E-1	1.7000E6	
959	-3.0235E-1	7.4333E2	5.4852E-1	1.7000E6	
960	-3.0235E-1	7.4333E2	5.4852E-1	1.7000E6	
961	-3.0235E-1	7.4333E2	5.4852E-1	1.7000E6	
962	-3.0235E-1	7.4333E2	5.4852E-1	1.7000E6	
963	-3.0235E-1	7.4333E2	5.4852E-1	1.7000E6	
964	-3.0235E-1	7.4333E2	5.4852E-1	1.7000E6	
965	-3.0235E-1	7.4333E2	5.4852E-1	1.7000E6	
966	-3.0235E-1	7.4333E2	5.4852E-1	1.7000E6	
967	-3.0235E-1	7.4333E2	5.4852E-1	1.7000E6	
968	-3.0235E-1	7.4333E2	5.4852E-1	1.7000E6	
969	-3.0235E-1	7.4333E2	5.4852E-1	1.7000E6	
970	-3.0235E-1	7.4333E2	5.4852E-1	1.7000E6	
971	-3.0235E-1	7.4333E2	5.4852E-1	1.7000E6	
972	-3.0235E-1	7.4333E2	5.4852E-1	1.7000E6	
973	-3.0235E-1	7.4333E2	5.4852E-1	1.7000E6	
974	-3.0235E-1	7.4333E2	5.4852E-1	1.7000E6	
975	-3.0235E-1	7.4333E2	5.4852E-1	1.7000E6	
976	-3.0235E-1	7.4333E2	5.4852E-1	1.7000E6	
977	-3.0235E-1	7.4333E2	5.4852E-1	1.7000E6	
978	-3.0235E-1	7.4333E2	5.4852E-1	1.7000E6	
979	-3.0235E-1	7.4333E2	5.4852E-1	1.7000E6	
980	-3.0235E-1	7.4333E2	5.4852E-1	1.7000E6	
981	-3.0235E-1	7.4333E2	5.4852E-1	1.7000E6	
982	-3.0235E-1	7.4333E2	5.4852E-1	1.7000E6	
983	-3.0235E-1	7.4333E2	5.4852E-1	1.7000E6	
984	-3.0235E-1	7.4333E2	5.4852E-1	1.7000E6	
985	-3.0235E-1	7.4333E2	5.4852E-1	1.7000E6	
986	-3.0235E-1	7.4333E2	5.4852E-1	1.7000E6	
987	-3.0235E-1	7.4333E2	5.4852E-1	1.7000E6	
988	-3.0235E-1	7.4333E2	5.4852E-1	1.7000E6	
989	-3.0235E-1	7.4333E2	5.4852E-1	1.7000E6	
990	-3.0235E-1	7.4333E2	5.4852E-1	1.7000E6	
991	-3.0235E-1	7.4333E2	5.4852E-1	1.7000E6	
992	-3.0235E-1	7.4333E2	5.4852E-1	1.7000E6	
993	-3.0235E-1	7.4333E2	5.4852E-1	1.7000E6	
994	-3.0235E-1	7.4333E2	5.4852E-1	1.7000E6	
995	-3.0235E-1	7.4333E2	5.4852E-1	1.7000E6	
996	-3.0235E-1	7.4333E2	5.4852E-1	1.7000E6	
997	-3.0235E-1	7.4333E2	5.4852E-1	1.7000E6	
998	-3.0235E-1	7.4333E2	5.4852E-1	1.7000E6	
999	-3.0235E-1	7.4333E2	5.4852E-1	1.7000E6	
1000	-3.0235E-1	7.4333E2	5.4852E-1	1.7000E6	
1001	-3.0235E-1	7.4333E2	5.4852E-1	1.7000E6	
1002	-3.0235E-1	7.4333E2	5.4852E-1	1.7000E6	
1003	-3.0235E-1	7.4333E2	5.4852E-1	1.7000E6	
1004	-3.0235E-1	7.4333E2	5.4852E-1	1.7000E6	
1005	-3.0235E-1	7.4333E2	5.4852E-1	1.7000E6	
1006	-3.0235E-1	7.4333E2	5.4852E-1	1.7000E6	
1007	-3.0235E-1	7.4333E2	5.4852E-1	1.7000E6	
1008	-3.0235E-1	7.4333E2	5.4852E-1	1.7000E6	
1009	-3.0235E-1	7.4333E2	5.4852E-1	1.7000E6	
1010	-3.0235E-1	7.4333E2	5.4852E-1	1.7000E6	
1011	-3.0235E-1	7.4333E2	5.4852E-1	1.7000E6	
1012	-3.0235E-1	7.4333E2	5.4852E-1	1.7000E6	
1013	-3.0235E-1	7.4333E2	5.4852E-1	1.7000E6	
1014	-3.0235E-1	7.4333E2	5.4852E-1	1.7000E6	
1015	-3.0235E-1	7.4333E2	5.4852E-1	1.7000E6	
1016	-3.0235E-1	7.4333E2	5.4852E-1	1.7000E6	
1017	-3.0235E-1	7.4333E2	5.4852E-1	1.7000E6	
1018	-3.0235E-1	7.4333E2	5.4852E-1	1.7000E6	
1019	-3.0235E-1	7.4333E2	5.4852E-1	1.7000E6	
1020	-3.0235E-1	7.4333E2	5.4852E-1	1.7000E6	
1021	-3.0235E-1	7.4333E2	5.4852E-1	1.7000E6	
1022	-3.0235E-1	7.4333E2	5.4852E-1	1.7000E6	
1023	-3.0235E-1	7.4333E2	5.4852E-1	1.7000E6	
1024	-3.0235E-1	7.4333E2	5.4852E-1	1.7000E6	
1025	-3.0525E-1	7.3902E2	5.4853E-1	1.7000E6	
1026	-3.4698E-1	6.7709E2	5.4976E-1	1.7023E6	
1027	-3.7430E-1	6.3656E2	5.5252E-1	1.7045E6	
1028	-3.9528E-1	6.0542E2	5.5562E-1	1.7067E6	
1029	-4.1267E-1	5.7960E2	5.5900E-1	1.7089E6	
1030	-4.2770E-1	5.5730E2	5.6267E-1	1.7111E6	
1031	-4.4403E-1	5.3307E2	5.6631E-1	1.7134E6	
1032	-4.6135E-1	5.0736E2	5.7012E-1	1.7156E6	
1033	-4.7440E-1	4.8800E2	5.7410E-1	1.7178E6	
1034	-4.8729E-1	4.6887E2	5.7805E-1	1.7200E6	
1035	-5.0072E-1	4.4894E2	5.8211E-1	1.7222E6	
1036	-5.1361E-1	4.2980E2	5.8626E-1	1.7245E6	
1037	-5.2773E-1	4.0886E2	5.9041E-1	1.7267E6	
1038	-5.3993E-1	3.9074E2	5.9475E-1	1.7289E6	
1039	-5.5138E-1	3.7376E2	5.9892E-1	1.7311E6	
1040	-5.6519E-1	3.5326E2	6.0324E-1	1.7333E6	
1041	-5.7411E-1	3.4002E2	6.0751E-1	1.7356E6	
1042	-5.8632E-1	3.2190E2	6.1192E-1	1.7378E6	
1043	-5.9547E-1	3.0831E2	6.1632E-1	1.7400E6	
1044	-6.0013E-1	3.0141E2	6.2067E-1	1.7422E6	
1045	-6.1607E-1	2.7774E2	6.2529E-1	1.7444E6	
1046	-6.2775E-1	2.6042E2	6.2964E-1	1.7467E6	
1047	-6.3538E-1	2.4910E2	6.3407E-1	1.7489E6	
1048	-6.4651E-1	2.3257E2	6.3868E-1	1.7511E6	
1049	-6.5346E-1	2.2226E2	6.4307E-1	1.7533E6	
1050	-6.6360E-1	2.0720E2	6.4772E-1	1.7555E6	
1051	-6.7131E-1	1.9577E2	6.5223E-1	1.7578E6	
1052	-6.8573E-1	1.7437E2	6.5676E-1	1.7600E6	
1053	-6.8970E-1	1.6848E2	6.6136E-1	1.7622E6	
1054	-7.0107E-1	1.5161E2	6.6580E-1	1.7644E6	
1055	-7.0862E-1	1.4040E2	6.7046E-1	1.7666E6	
1056	-7.1625E-1	1.2908E2	6.7507E-1	1.7689E6	
1057	-7.2266E-1	1.1957E2	6.7968E-1	1.7711E6	
1058	-7.3105E-1	1.0711E2	6.8435E-1	1.7733E6	
1059	-7.4211E-1	9.0694E1	6.8891E-1	1.7755E6	
1060	-7.5211E-1	7.5861E1	6.9355E-1	1.7777E6	
1061	-7.6057E-1	6.3293E1	6.9831E-1	1.7800E6	
1062	-7.6378E-1	5.8538E1	7.0288E-1	1.7822E6	
1063	-7.7477E-1	4.2233E1	7.0761E-1	1.7844E6	
1064	-7.7942E-1	3.5326E1	7.1241E-1	1.7866E6	
1065	-7.8888E-1	2.1286E1	7.1707E-1	1.7888E6	
1066	-7.9590E-1	1.0870E1	7.2157E-1	1.7911E6	
1067	-8.0574E-1	-3.7364E0	7.2643E-1	1.7933E6	
1068	-8.1062E-1	-1.0983E1	7.3113E-1	1.7955E6	
1069	-8.1703E-1	-2.0494E1	7.3581E-1	1.7977E6	
1070	-8.2253E-1	-2.8646E1	7.4063E-1	1.7999E6	
1071	-8.3359E-1	-4.5064E1	7.4536E-1	1.8022E6	
1072	-8.3542E-1	-4.7781E1	7.5010E-1	1.8044E6	
1073	-8.4602E-1	-6.3520E1	7.5488E-1	1.8066E6	
1074	-8.5083E-1	-7.0653E1	7.5962E-1	1.8088E6	
1075	-8.5655E-1	-7.9145E1	7.6449E-1	1.8110E6	
1076	-8.6235E-1	-8.7750E1	7.6918E-1	1.8133E6	
1077	-8.6296E-1	-8.8656E1	7.7403E-1	1.8155E6	
1078	-8.7021E-1	-9.9412E1	7.7882E-1	1.8177E6	
1079	-8.7799E-1	-1.1096E2	7.8367E-1	1.8199E6	
1080	-8.8287E-1	-1.1821E2	7.8847E-1	1.8221E6	
1081	-8.8890E-1	-1.2715E2	7.9333E-1	1.8244E6	
1082	-8.9104E-1	-1.3032E2	7.9808E-1	1.8266E6	
1083	-8.9645E-1	-1.3836E2	8.0291E-1	1.8288E6	
1084	-9.0248E-1	-1.4731E2	8.0785E-1	1.8310E6	
1085	-9.0607E-1	-1.5263E2	8.1265E-1	1.8332E6	
1086	-9.1087E-1	-1.5976E2	8.1752E-1	1.8355E6	
1087	-9.1789E-1	-1.7018E2	8.2239E-1	1.8377E6	
1088	-9.2293E-1	-1.7765E2	8.2733E-1	1.8399E6	
1089	-9.2491E-1	-1.8060E2	8.3214E-1	1.8421E6	
1090	-9.3086E-1	-1.8943E2	8.3696E-1	1.8443E6	
1091	-9.3224E-1	-1.9146E2	8.4193E-1	1.8466E6	
1092	-9.3628E-1	-1.9747E2	8.4669E-1	1.8488E6	
1093	-9.4589E-1	-2.1173E2	8.5174E-1	1.8510E6	
1094	-9.4574E-1	-2.1151E2	8.5662E-1	1.8532E6	
1095	-9.5352E-1	-2.2305E2	8.6155E-1	1.8554E6	
1096	-9.5551E-1	-2.2600E2	8.6640E-1	1.8577E6	
1097	-9.6008E-1	-2.3279E2	8.7131E-1	1.8599E6	
1098	-9.6657E-1	-2.4242E2	8.7633E-1	1.8621E6	
1099	-9.6642E-1	-2.4219E2	8.8136E-1	1.8643E6	
1100	-9.7290E-1	-2.5181E2	8.8635E-1	1.8665E6	
1101	-9.7572E-1	-2.5600E2	8.9125E-1	1.8688E6	
1102	-9.7855E-1	-2.6019E2	8.9619E-1	1.8710E6	
1103	-9.8152E-1	-2.6461E2	9.0112E-1	1.8732E6	
1104	-9.8251E-1	-2.6608E2	9.0624E-1	1.8754E6	
1105	-9.8801E-1	-2.7423E2	9.1116E-1	1.8776E6	
1106	-9.9106E-1	-2.7876E2	9.1614E-1	1.8799E6	
1107	-9.9319E-1	-2.8193E2	9.2111E-1	1.8821E6	
1108	-9.9609E-1	-2.8623E2	9.2615E-1	1.8843E6	
1109	-1.0003E0	-2.9246E2	9.3117E-1	1.8865E6	
1110	-9.9937E-1	-2.9110E2	9.3622E-1	1.8887E6	
1111	-1.0021E0	-2.9518E2	9.4121E-1	1.8910E6	
1112	-1.0066E0	-3.0186E2	9.4618E-1	1.8932E6	
1113	-1.0030E0	-2.9642E2	9.5124E-1	1.8954E6	
1114	-1.0078E0	-3.0367E2	9.5629E-1	1.8976E6	
1115	-1.0106E0	-3.0775E2	9.6136E-1	1.8998E6	
1116	-1.0077E0	-3.0344E2	9.6633E-1	1.9021E6	
1117	-1.0098E0	-3.0662E2	9.7138E-1	1.9043E6	
1118	-1.0102E0	-3.0718E2	9.7646E-1	1.9065E6	
1119	-1.0073E0	-3.0288E2	9.8159E-1	1.9087E6	
1120	-1.0119E0	-3.0967E2	9.8663E-1	1.9109E6	
1121	-1.0098E0	-3.0662E2	9.9172E-1	1.9132E6	
1122	-1.0139E0	-3.1262E2	9.9681E-1	1.9154E6	
1123	-1.0111E0	-3.0854E2	1.0019E0	1.9176E6	
1124	-1.0146E0	-3.1375E2	1.0070E0	1.9198E6	
1125	-1.0141E0	-3.1296E2	1.0121E0	1.9220E6	
1126	-1.0188E0	-3.1986E2	1.0172E0	1.9243E6	
1127	-1.0207E0	-3.2269E2	1.0222E0	1.9265E6	
1128	-1.0236E0	-3.2711E2	1.0275E0	1.9287E6	
1129	-1.0219E0	-3.2450E2	1.0326E0	1.9309E6	
1130	-1.0227E0	-3.2575E2	1.0378E0	1.9331E6	
1131	-1.0293E0	-3.3549E2	1.0429E0	1.9354E6	
1132	-1.0236E0	-3.2711E2	1.0480E0	1.9376E6	
1133	-1.0278E0	-3.3334E2	1.0532E0	1.9398E6	
1134	-1.0266E0	-3.3152E2	1.0583E0	1.9420E6	
1135	-1.0286E0	-3.3447E2	1.0635E0	1.9442E6	
1136	-1.0296E0	-3.3594E2	1.0686E0	1.9465E6	
1137	-1.0304E0	-3.3719E2	1.0739E0	1.9487E6	
1138	-1.0284E0	-3.3413E2	1.0790E0	1.9509E6	
1139	-1.0347E0	-3.4353E2	1.0843E0	1.9531E6	
1140	-1.0342E0	-3.4285E2	1.0894E0	1.9553E6	
1141	-1.0344E0	-3.4307E2	1.0946E0	1.9576E6	
1142	-1.0365E0	-3.4613E2	1.0998E0	1.9598E6	
1143	-1.0330E0	-3.4104E2	1.1051E0	1.9620E6	
1144	-1.0321E0	-3.3968E2	1.1102E0	1.9642E6	
1145	-1.0291E0	-3.3515E2	1.1154E0	1.9664E6	
1146	-1.0274E0	-3.3266E2	1.1207E0	1.9687E6	
1147	-1.0258E0	-3.3028E2	1.1259E0	1.9709E6	
1148	-1.0252E0	-3.2937E2	1.1312E0	1.9731E6	
1149	-1.0253E0	-3.2960E2	1.1363E0	1.9753E6	
1150	-1.0238E0	-3.2734E2	1.1416E0	1.9775E6	
1151	-1.0274E0	-3.3266E2	1.1469E0	1.9798E6	
1152	-1.0209E0	-3.2303E2	1.1522E0	1.9820E6	
1153	-1.0225E0	-3.2541E2	1.1574E0	1.9842E6	
1154	-1.0247E0	-3.2869E2	1.1627E0	1.9864E6	
1155	-1.0232E0	-3.2643E2	1.1679E0	1.9886E6	
1156	-1.0226E0	-3.2552E2	1.1732E0	1.9909E6	
1157	-1.0241E0	-3.2779E2	1.1786E0	1.9931E6	
1158	-1.0185E0	-3.1952E2	1.1838E0	1.9953E6	
1159	-1.0204E0	-3.2224E2	1.1892E0	1.9975E6	
1160	-1.0167E0	-3.1681E2	1.1944E0	1.9997E6	
1161	-1.0124E0	-3.1046E2	1.1997E0	2.0020E6	
1162	-1.0130E0	-3.1126E2	1.2050E0	2.0042E6	
1163	-1.0097E0	-3.0639E2	1.2104E0	2.0064E6	
1164	-1.0035E0	-2.9722E2	1.2157E0	2.0086E6	
1165	-1.0021E0	-2.9518E2	1.2210E0	2.0108E6	
1166	-9.9854E-1	-2.8986E2	1.2263E0	2.0131E6	
1167	-9.9632E-1	-2.8657E2	1.2317E0	2.0153E6	
1168	-9.9159E-1	-2.7955E2	1.2370E0	2.0175E6	
1169	-9.8167E-1	-2.6483E2	1.2424E0	2.0197E6	
1170	-9.7427E-1	-2.5385E2	1.2477E0	2.0219E6	
1171	-9.7076E-1	-2.4864E2	1.2530E0	2.0242E6	
1172	-9.6535E-1	-2.4060E2	1.2585E0	2.0264E6	
1173	-9.6169E-1	-2.3517E2	1.2638E0	2.0286E6	
1174	-9.6054E-1	-2.3347E2	1.2693E0	2.0308E6	
1175	-9.5917E-1	-2.3143E2	1.2746E0	2.0330E6	
1176	-9.5200E-1	-2.2079E2	1.2800E0	2.0353E6	
1177	-9.3987E-1	-2.0279E2	1.2853E0	2.0375E6	
1178	-9.4131E-1	-2.0494E2	1.2907E0	2.0397E6	
1179	-9.3369E-1	-1.9362E2	1.2962E0	2.0419E6	
1180	-9.3002E-1	-1.8818E2	1.3015E0	2.0441E6	
1181	-9.2010E-1	-1.7346E2	1.3070E0	2.0464E6	
1182	-9.1339E-1	-1.6350E2	1.3124E0	2.0486E6	
1183	-9.0775E-1	-1.5512E2	1.3178E0	2.0508E6	
1184	-8.9867E-1	-1.4165E2	1.3232E0	2.0530E6	
1185	-8.8264E-1	-1.1787E2	1.3288E0	2.0552E6	
1186	-8.3977E-1	-5.4235E1	1.3342E0	2.0575E6	
1187	-6.8153E-1	1.8060E2	1.3395E0	2.0597E6	
1188	-6.7665E-1	1.8784E2	1.3451E0	2.0619E6	
1189	-6.7368E-1	1.9226E2	1.3505E0	2.0641E6	
1190	-6.7619E-1	1.8852E2	1.3560E0	2.0663E6	
1191	-6.7650E-1	1.8807E2	1.3615E0	2.0686E6	
1192	-6.7581E-1	1.8909E2	1.3669E0	2.0708E6	
1193	-6.7429E-1	1.9135E2	1.3724E0	2.0730E6	
1194	-6.7627E-1	1.8841E2	1.3779E0	2.0752E6	
1195	-6.7551E-1	1.8954E2	1.3834E0	2.0774E6	
1196	-6.7558E-1	1.8943E2	1.3889E0	2.0797E6	
1197	-6.7642E-1	1.8818E2	1.3943E0	2.0819E6	
1198	-6.7696E-1	1.8739E2	1.3998E0	2.0841E6	
1199	-6.7780E-1	1.8614E2	1.4055E0	2.0863E6	
1200	-6.7543E-1	1.8965E2	1.4110E0	2.0885E6	
1201	-6.7604E-1	1.8875E2	1.4164E0	2.0908E6	
1202	-6.7726E-1	1.8694E2	1.4219E0	2.0930E6	
1203	-6.7795E-1	1.8592E2	1.4274E0	2.0952E6	
1204	-6.7764E-1	1.8637E2	1.4330E0	2.0974E6	
1205	-6.7551E-1	1.8954E2	1.4385E0	2.0996E6	
1206	-6.7757E-1	1.8648E2	1.4441E0	2.1019E6	
1207	-6.7680E-1	1.8762E2	1.4497E0	2.1041E6	
1208	-6.7558E-1	1.8943E2	1.4552E0	2.1063E6	
1209	-6.7764E-1	1.8637E2	1.4608E0	2.1085E6	
1210	-6.7879E-1	1.8467E2	1.4663E0	2.1107E6	
1211	-6.7902E-1	1.8433E2	1.4718E0	2.1130E6	
1212	-6.8153E-1	1.8060E2	1.4774E0	2.1152E6	
1213	-6.7810E-1	1.8569E2	1.4830E0	2.1174E6	
1214	-6.7947E-1	1.8365E2	1.4887E0	2.1196E6	
1215	-6.7932E-1	1.8388E2	1.4942E0	2.1218E6	
1216	-6.7863E-1	1.8490E2	1.4998E0	2.1241E6	
1217	-6.7932E-1	1.8388E2	1.5054E0	2.1263E6	
1218	-6.7848E-1	1.8512E2	1.5110E0	2.1285E6	
1219	-6.8169E-1	1.8037E2	1.5166E0	2.1307E6	
1220	-6.7924E-1	1.8399E2	1.5223E0	2.1329E6	
1221	-6.7940E-1	1.8377E2	1.5278E0	2.1352E6	
1222	-6.8054E-1	1.8207E2	1.5335E0	2.1374E6	
1223	-6.7879E-1	1.8467E2	1.5391E0	2.1396E6	
1224	-6.8382E-1	1.7720E2	1.5447E0	2.1418E6	
1225	-6.7917E-1	1.8411E2	1.5504E0	2.1440E6	
1226	-6.8077E-1	1.8173E2	1.5561E0	2.1463E6	
1227	-6.8214E-1	1.7969E2	1.5617E0	2.1485E6	
1228	-6.8268E-1	1.7890E2	1.5673E0	2.1507E6	
1229	-6.8336E-1	1.7788E2	1.5729E0	2.1529E6	
1230	-6.7894E-1	1.8444E2	1.5786E0	2.1551E6	
1231	-6.8184E-1	1.8014E2	1.5843E0	2.1574E6	
1232	-6.8275E-1	1.7878E2	1.5899E0	2.1596E6	
1233	-6.8253E-1	1.7912E2	1.5957E0	2.1618E6	
1234	-6.8260E-1	1.7901E2	1.6014E0	2.1640E6	
1235	-6.8275E-1	1.7878E2	1.6069E0	2.1662E6	
1236	-6.8527E-1	1.7505E2	1.6127E0	2.1685E6	
1237	-6.8542E-1	1.7482E2	1.6184E0	2.1707E6	
1238	-6.8314E-1	1.7822E2	1.6241E0	2.1729E6	
1239	-6.8512E-1	1.7527E2	1.6298E0	2.1751E6	
1240	-6.8291E-1	1.7856E2	1.6355E0	2.1773E6	
1241	-6.8428E-1	1.7652E2	1.6412E0	2.1796E6	
1242	-6.8466E-1	1.7595E2	1.6469E0	2.1818E6	
1243	-6.8398E-1	1.7697E2	1.6527E0	2.1840E6	
1244	-6.8420E-1	1.7663E2	1.6584E0	2.1862E6	
1245	-6.8405E-1	1.7686E2	1.6641E0	2.1884E6	
1246	-6.8604E-1	1.7391E2	1.6698E0	2.1907E6	
1247	-6.8413E-1	1.7675E2	1.6756E0	2.1929E6	
1248	-6.8504E-1	1.7539E2	1.6814E0	2.1951E6	
1249	-6.8497E-1	1.7550E2	1.6870E0	2.1973E6	
1250	-6.8222E-1	1.7958E2	1.6928E0	2.1995E6	
1251	-6.8787E-1	1.7120E2	1.6986E0	2.2018E6	
1252	-6.8771E-1	1.7142E2	1.7044E0	2.2040E6	
1253	-6.8840E-1	1.7040E2	1.7101E0	2.2062E6	
1254	-6.8649E-1	1.7324E2	1.7158E0	2.2084E6	
1255	-6.8993E-1	1.6814E2	1.7217E0	2.2106E6	
1256	-6.8817E-1	1.7074E2	1.7275E0	2.2129E6	
1257	-6.8909E-1	1.6939E2	1.7332E0	2.2151E6	
1258	-6.8947E-1	1.6882E2	1.7390E0	2.2173E6	
1259	-6.8756E-1	1.7165E2	1.7447E0	2.2195E6	
1260	-6.8932E-1	1.6905E2	1.7506E0	2.2217E6	
1261	-6.9000E-1	1.6803E2	1.7564E0	2.2240E6	
1262	-6.8840E-1	1.7040E2	1.7621E0	2.2262E6	
1263	-6.8848E-1	1.7029E2	1.7680E0	2.2284E6	
1264	-6.8779E-1	1.7131E2	1.7738E0	2.2306E6	
1265	-6.8932E-1	1.6905E2	1.7797E0	2.2328E6	
1266	-6.8886E-1	1.6973E2	1.7855E0	2.2351E6	
1267	-6.9038E-1	1.6746E2	1.7914E0	2.2373E6	
1268	-6.8878E-1	1.6984E2	1.7972E0	2.2395E6	
1269	-6.8901E-1	1.6950E2	1.8030E0	2.2417E6	
1270	-6.8893E-1	1.6961E2	1.8089E0	2.2439E6	
1271	-6.8924E-1	1.6916E2	1.8147E0	2.2462E6	
1272	-6.8924E-1	1.6916E2	1.8206E0	2.2484E6	
1273	-6.9221E-1	1.6474E2	1.8264E0	2.2506E6	
1274	-6.9115E-1	1.6633E2	1.8322E0	2.2528E6	
1275	-6.9084E-1	1.6678E2	1.8382E0	2.2550E6	
1276	-6.9260E-1	1.6418E2	1.8440E0	2.2573E6	
1277	-6.9069E-1	1.6701E2	1.8498E0	2.2595E6	
1278	-6.9069E-1	1.6701E2	1.8558E0	2.2617E6	
1279	-6.9206E-1	1.6497E2	1.8615E0	2.2639E6	
1280	-6.9412E-1	1.6191E2	1.8675E0	2.2661E6	
1281	-6.9206E-1	1.6497E2	1.8734E0	2.2684E6	
1282	-6.9313E-1	1.6338E2	1.8793E0	2.2706E6	
1283	-6.9405E-1	1.6203E2	1.8852E0	2.2728E6	
1284	-6.9275E-1	1.6395E2	1.8911E0	2.2750E6	
1285	-6.9328E-1	1.6316E2	1.8970E0	2.2772E6	
1286	-6.9160E-1	1.6565E2	1.9028E0	2.2795E6	
1287	-6.9397E-1	1.6214E2	1.9089E0	2.2817E6	
1288	-6.9389E-1	1.6225E2	1.9148E0	2.2839E6	
1289	-6.9435E-1	1.6157E2	1.9206E0	2.2861E6	
1290	-6.9534E-1	1.6010E2	1.9267E0	2.2883E6	
1291	-6.9389E-1	1.6225E2	1.9325E0	2.2906E6	
1292	-6.9443E-1	1.6146E2	1.9385E0	2.2928E6	
1293	-6.9336E-1	1.6305E2	1.9444E0	2.2950E6	
1294	-6.9664E-1	1.5818E2	1.9504E0	2.2972E6	
1295	-6.9321E-1	1.6327E2	1.9563E0	2.2994E6	
1296	-6.9382E-1	1.6237E2	1.9624E0	2.3017E6	
1297	-6.9374E-1	1.6248E2	1.9683E0	2.3039E6	
1298	-6.9656E-1	1.5829E2	1.9742E0	2.3061E6	
1299	-6.9626E-1	1.5874E2	1.9803E0	2.3083E6	
1300	-6.9351E-1	1.6282E2	1.9862E0	2.3105E6	
1301	-6.9725E-1	1.5727E2	1.9922E0	2.3128E6	
1302	-6.9565E-1	1.5965E2	1.9981E0	2.3150E6	
1303	-6.9649E-1	1.5840E2	2.0042E0	2.3172E6	
1304	-6.9611E-1	1.5897E2	2.0102E0	2.3194E6	
1305	-6.9656E-1	1.5829E2	2.0162E0	2.3216E6	
1306	-6.9756E-1	1.5682E2	2.0220E0	2.3239E6	
1307	-6.9633E-1	1.5863E2	2.0282E0	2.3261E6	
1308	-6.9870E-1	1.5512E2	2.0342E0	2.3283E6	
1309	-6.9855E-1	1.5535E2	2.0402E0	2.3305E6	
1310	-6.9862E-1	1.5523E2	2.0462E0	2.3327E6	
1311	-6.9664E-1	1.5818E2	2.0522E0	2.3350E6	
1312	-6.9710E-1	1.5750E2	2.0583E0	2.3372E6	
1313	-7.0122E-1	1.5138E2	2.0644E0	2.3394E6	
1314	-6.9763E-1	1.5670E2	2.0703E0	2.3416E6	
1315	-6.9916E-1	1.5444E2	2.0764E0	2.3438E6	
1316	-6.9740E-1	1.5704E2	2.0824E0	2.3461E6	
1317	-6.9977E-1	1.5353E2	2.0885E0	2.3483E6	
1318	-6.9817E-1	1.5591E2	2.0946E0	2.3505E6	
1319	-7.0000E-1	1.5319E2	2.1006E0	2.3527E6	
1320	-6.9817E-1	1.5591E2	2.1066E0	2.3549E6	
1321	-6.9756E-1	1.5682E2	2.1127E0	2.3572E6	
1322	-6.9931E-1	1.5421E2	2.1188E0	2.3594E6	
1323	-7.0038E-1	1.5263E2	2.1249E0	2.3616E6	
1324	-7.0045E-1	1.5252E2	2.1309E0	2.3638E6	
1325	-7.0206E-1	1.5014E2	2.1371E0	2.3660E6	
1326	-7.0084E-1	1.5195E2	2.1431E0	2.3683E6	
1327	-7.0091E-1	1.5184E2	2.1492E0	2.3705E6	
1328	-7.0129E-1	1.5127E2	2.1554E0	2.3727E6	
1329	-7.0160E-1	1.5082E2	2.1614E0	2.3749E6	
1330	-7.0076E-1	1.5206E2	2.1675E0	2.3771E6	
1331	-7.0007E-1	1.5308E2	2.1737E0	2.3794E6	
1332	-7.0282E-1	1.4901E2	2.1798E0	2.3816E6	
1333	-7.0175E-1	1.5059E2	2.1859E0	2.3838E6	
1334	-7.0076E-1	1.5206E2	2.1922E0	2.3860E6	
1335	-7.0045E-1	1.5252E2	2.1981E0	2.3882E6	
1336	-7.0374E-1	1.4765E2	2.2043E0	2.3905E6	
1337	-7.0320E-1	1.4844E2	2.2104E0	2.3927E6	
1338	-7.0374E-1	1.4765E2	2.2166E0	2.3949E6	
1339	-7.0312E-1	1.4855E2	2.2228E0	2.3971E6	
1340	-7.0457E-1	1.4640E2	2.2289E0	2.3993E6	
1341	-7.0267E-1	1.4923E2	2.2352E0	2.4016E6	
1342	-7.0473E-1	1.4617E2	2.2413E0	2.4038E6	
1343	-7.0740E-1	1.4221E2	2.2474E0	2.4060E6	
1344	-7.0473E-1	1.4617E2	2.2536E0	2.4082E6	
1345	-7.0541E-1	1.4516E2	2.2599E0	2.4104E6	
1346	-7.0457E-1	1.4640E2	2.2660E0	2.4127E6	
1347	-7.0580E-1	1.4459E2	2.2722E0	2.4149E6	
1348	-7.0564E-1	1.4482E2	2.2784E0	2.4171E6	
1349	-7.0580E-1	1.4459E2	2.2847E0	2.4193E6	
1350	-7.0503E-1	1.4572E2	2.2908E0	2.4215E6	
1351	-7.0511E-1	1.4561E2	2.2970E0	2.4238E6	
1352	-7.0709E-1	1.4266E2	2.3033E0	2.4260E6	
1353	-7.0648E-1	1.4357E2	2.3094E0	2.4282E6	
1354	-7.0747E-1	1.4210E2	2.3157E0	2.4304E6	
1355	-7.0679E-1	1.4312E2	2.3219E0	2.4326E6	
1356	-7.0549E-1	1.4504E2	2.3281E0	2.4349E6	
1357	-7.0908E-1	1.3972E2	2.3344E0	2.4371E6	
1358	-7.0641E-1	1.4368E2	2.3407E0	2.4393E6	
1359	-7.0885E-1	1.4006E2	2.3468E0	2.4415E6	
1360	-7.0747E-1	1.4210E2	2.3531E0	2.4437E6	
1361	-7.0900E-1	1.3983E2	2.3595E0	2.4460E6	
1362	-7.0740E-1	1.4221E2	2.3657E0	2.4482E6	
1363	-7.0770E-1	1.4176E2	2.3720E0	2.4504E6	
1364	-7.0938E-1	1.3927E2	2.3782E0	2.4526E6	
1365	-7.1007E-1	1.3825E2	2.3844E0	2.4548E6	
1366	-7.0801E-1	1.4131E2	2.3907E0	2.4571E6	
1367	-7.0847E-1	1.4063E2	2.3970E0	2.4593E6	
1368	-7.0724E-1	1.4244E2	2.4034E0	2.4615E6	
1369	-7.0923E-1	1.3949E2	2.4096E0	2.4637E6	
1370	-7.1129E-1	1.3644E2	2.4158E0	2.4659E6	
1371	-7.0816E-1	1.4108E2	2.4221E0	2.4682E6	
1372	-7.1068E-1	1.3734E2	2.4285E0	2.4704E6	
1373	-7.1312E-1	1.3372E2	2.4348E0	2.4726E6	
1374	-7.1121E-1	1.3655E2	2.4411E0	2.4748E6	
1375	-7.1213E-1	1.3519E2	2.4474E0	2.4770E6	
1376	-7.1129E-1	1.3644E2	2.4538E0	2.4793E6	
1377	-7.1098E-1	1.3689E2	2.4601E0	2.4815E6	
1378	-7.0992E-1	1.3848E2	2.4665E0	2.4837E6	
1379	-7.0969E-1	1.3881E2	2.4727E0	2.4859E6	
1380	-7.1053E-1	1.3757E2	2.4790E0	2.4881E6	
1381	-7.1381E-1	1.3270E2	2.4855E0	2.4904E6	
1382	-7.1198E-1	1.3542E2	2.4919E0	2.4926E6	
1383	-7.1358E-1	1.3304E2	2.4982E0	2.4948E6	
1384	-7.1335E-1	1.3338E2	2.5045E0	2.4970E6	
1385	-7.1335E-1	1.3338E2	2.5108E0	2.4992E6	
1386	-7.1396E-1	1.3247E2	2.5172E0	2.5015E6	
1387	-7.1152E-1	1.3610E2	2.5236E0	2.5037E6	
1388	-7.1526E-1	1.3055E2	2.5299E0	2.5059E6	
1389	-7.1274E-1	1.3429E2	2.5363E0	2.5081E6	
1390	-7.1587E-1	1.2964E2	2.5428E0	2.5103E6	
1391	-7.1495E-1	1.3100E2	2.5492E0	2.5126E6	
1392	-7.1404E-1	1.3236E2	2.5556E0	2.5148E6	
1393	-7.1533E-1	1.3044E2	2.5619E0	2.5170E6	
1394	-7.1365E-1	1.3293E2	2.5683E0	2.5192E6	
1395	-7.1449E-1	1.3168E2	2.5747E0	2.5214E6	
1396	-7.1648E-1	1.2874E2	2.5811E0	2.5237E6	
1397	-7.1487E-1	1.3112E2	2.5876E0	2.5259E6	
1398	-7.1426E-1	1.3202E2	2.5940E0	2.5281E6	
1399	-7.1503E-1	1.3089E2	2.6004E0	2.5303E6	
1400	-7.1709E-1	1.2783E2	2.6068E0	2.5325E6	
1401	-7.1495E-1	1.3100E2	2.6132E0	2.5348E6	
1402	-7.1594E-1	1.2953E2	2.6198E0	2.5370E6	
1403	-7.1617E-1	1.2919E2	2.6262E0	2.5392E6	
1404	-7.1465E-1	1.3146E2	2.6326E0	2.5414E6	
1405	-7.1724E-1	1.2761E2	2.6390E0	2.5436E6	
1406	-7.1648E-1	1.2874E2	2.6455E0	2.5459E6	
1407	-7.1594E-1	1.2953E2	2.6520E0	2.5481E6	
1408	-7.1716E-1	1.2772E2	2.6585E0	2.5503E6	
1409	-7.1831E-1	1.2602E2	2.6649E0	2.5525E6	
1410	-7.1617E-1	1.2919E2	2.6713E0	2.5547E6	
1411	-7.1815E-1	1.2625E2	2.6778E0	2.5570E6	
1412	-7.1968E-1	1.2398E2	2.6843E0	2.5592E6	
1413	-7.1991E-1	1.2364E2	2.6908E0	2.5614E6	
1414	-7.1419E-1	1.3213E2	2.6973E0	2.5636E6	
1415	-7.1953E-1	1.2421E2	2.7037E0	2.5658E6	
1416	-7.1838E-1	1.2591E2	2.7103E0	2.5681E6	
1417	-7.2060E-1	1.2262E2	2.7167E0	2.5703E6	
1418	-7.2159E-1	1.2115E2	2.7233E0	2.5725E6	
1419	-7.1899E-1	1.2500E2	2.7298E0	2.5747E6	
1420	-7.2029E-1	1.2308E2	2.7362E0	2.5769E6	
1421	-7.1976E-1	1.2387E2	2.7428E0	2.5792E6	
1422	-7.1899E-1	1.2500E2	2.7493E0	2.5814E6	
1423	-7.2014E-1	1.2330E2	2.7557E0	2.5836E6	
1424	-7.2128E-1	1.2160E2	2.7623E0	2.5858E6	
1425	-7.2021E-1	1.2319E2	2.7689E0	2.5880E6	
1426	-7.2029E-1	1.2308E2	2.7754E0	2.5903E6	
1427	-7.2227E-1	1.2013E2	2.7820E0	2.5925E6	
1428	-7.2113E-1	1.2183E2	2.7885E0	2.5947E6	
1429	-7.1785E-1	1.2670E2	2.7950E0	2.5969E6	
1430	-7.2037E-1	1.2296E2	2.8015E0	2.5991E6	
1431	-7.2456E-1	1.1674E2	2.8081E0	2.6014E6	
1432	-7.2136E-1	1.2149E2	2.8147E0	2.6036E6	
1433	-7.2151E-1	1.2126E2	2.8212E0	2.6058E6	
1434	-7.2075E-1	1.2240E2	2.8278E0	2.6080E6	
1435	-7.2372E-1	1.1798E2	2.8344E0	2.6102E6	
1436	-7.2243E-1	1.1991E2	2.8410E0	2.6125E6	
1437	-7.2296E-1	1.1911E2	2.8475E0	2.6147E6	
1438	-7.2502E-1	1.1606E2	2.8542E0	2.6169E6	
1439	-7.2357E-1	1.1821E2	2.8607E0	2.6191E6	
1440	-7.2319E-1	1.1877E2	2.8673E0	2.6213E6	
1441	-7.2449E-1	1.1685E2	2.8739E0	2.6236E6	
1442	-7.2449E-1	1.1685E2	2.8806E0	2.6258E6	
1443	-7.2350E-1	1.1832E2	2.8871E0	2.6280E6	
1444	-7.2365E-1	1.1809E2	2.8938E0	2.6302E6	
1445	-7.2525E-1	1.1572E2	2.9002E0	2.6324E6	
1446	-7.2426E-1	1.1719E2	2.9070E0	2.6347E6	
1447	-7.2655E-1	1.1379E2	2.9135E0	2.6369E6	
1448	-7.2525E-1	1.1572E2	2.9202E0	2.6391E6	
1449	-7.2746E-1	1.1243E2	2.9268E0	2.6413E6	
1450	-7.2403E-1	1.1753E2	2.9334E0	2.6435E6	
1451	-7.2617E-1	1.1436E2	2.9401E0	2.6458E6	
1452	-7.2433E-1	1.1708E2	2.9467E0	2.6480E6	
1453	-7.2533E-1	1.1560E2	2.9533E0	2.6502E6	
1454	-7.2601E-1	1.1458E2	2.9600E0	2.6524E6	
1455	-7.2731E-1	1.1266E2	2.9667E0	2.6546E6	
1456	-7.2815E-1	1.1141E2	2.9733E0	2.6569E6	
1457	-7.2800E-1	1.1164E2	2.9800E0	2.6591E6	
1458	-7.2617E-1	1.1436E2	2.9866E0	2.6613E6	
1459	-7.2777E-1	1.1198E2	2.9933E0	2.6635E6	
1460	-7.2990E-1	1.0881E2	3.0000E0	2.6657E6	
1461	-7.2922E-1	1.0983E2	3.0066E0	2.6680E6	
1462	-7.2800E-1	1.1164E2	3.0134E0	2.6702E6	
1463	-7.2762E-1	1.1221E2	3.0200E0	2.6724E6	
1464	-7.2754E-1	1.1232E2	3.0267E0	2.6746E6	
1465	-7.2845E-1	1.1096E2	3.0334E0	2.6768E6	
1466	-7.2762E-1	1.1221E2	3.0401E0	2.6791E6	
1467	-7.3013E-1	1.0847E2	3.0467E0	2.6813E6	
1468	-7.2914E-1	1.0994E2	3.0535E0	2.6835E6	
1469	-7.2952E-1	1.0938E2	3.0602E0	2.6857E6	
1470	-7.2968E-1	1.0915E2	3.0670E0	2.6879E6	
1471	-7.2937E-1	1.0960E2	3.0737E0	2.6902E6	
1472	-7.3166E-1	1.0621E2	3.0803E0	2.6924E6	
1473	-7.3128E-1	1.0677E2	3.0871E0	2.6946E6	
1474	-7.2960E-1	1.0926E2	3.0939E0	2.6968E6	
1475	-7.3418E-1	1.0247E2	3.1004E0	2.6990E6	
1476	-7.3082E-1	1.0745E2	3.1073E0	2.7013E6	
1477	-7.3212E-1	1.0553E2	3.1141E0	2.7035E6	
1478	-7.3158E-1	1.0632E2	3.1208E0	2.7057E6	
1479	-7.3303E-1	1.0417E2	3.1275E0	2.7079E6	
1480	-7.3273E-1	1.0462E2	3.1342E0	2.7101E6	
1481	-7.3364E-1	1.0326E2	3.1409E0	2.7124E6	
1482	-7.3227E-1	1.0530E2	3.1477E0	2.7146E6	
1483	-7.3128E-1	1.0677E2	3.1545E0	2.7168E6	
1484	-7.3349E-1	1.0349E2	3.1614E0	2.7190E6	
1485	-7.3463E-1	1.0179E2	3.1681E0	2.7212E6	
1486	-7.3074E-1	1.0756E2	3.1749E0	2.7235E6	
1487	-7.3296E-1	1.0428E2	3.1816E0	2.7257E6	
1488	-7.3372E-1	1.0315E2	3.1885E0	2.7279E6	
1489	-7.3410E-1	1.0258E2	3.1952E0	2.7301E6	
1490	-7.3318E-1	1.0394E2	3.2020E0	2.7323E6	
1491	-7.3387E-1	1.0292E2	3.2088E0	2.7346E6	
1492	-7.3425E-1	1.0236E2	3.2156E0	2.7368E6	
1493	-7.3448E-1	1.0202E2	3.2223E0	2.7390E6	
1494	-7.3616E-1	9.9525E1	3.2292E0	2.7412E6	
1495	-7.3318E-1	1.0394E2	3.2359E0	2.7434E6	
1496	-7.3547E-1	1.0054E2	3.2428E0	2.7457E6	
1497	-7.3433E-1	1.0224E2	3.2496E0	2.7479E6	
1498	-7.3463E-1	1.0179E2	3.2565E0	2.7501E6	
1499	-7.3601E-1	9.9752E1	3.2633E0	2.7523E6	
1500	-7.3479E-1	1.0156E2	3.2702E0	2.7545E6	
1501	-7.3769E-1	9.7261E1	3.2770E0	2.7568E6	
1502	-7.3540E-1	1.0066E2	3.2837E0	2.7590E6	
1503	-7.3608E-1	9.9639E1	3.2905E0	2.7612E6	
1504	-7.3669E-1	9.8733E1	3.2974E0	2.7634E6	
1505	-7.3685E-1	9.8506E1	3.3042E0	2.7656E6	
1506	-7.3792E-1	9.6921E1	3.3111E0	2.7679E6	
1507	-7.3738E-1	9.7714E1	3.3181E0	2.7701E6	
1508	-7.3616E-1	9.9525E1	3.3248E0	2.7723E6	
1509	-7.3929E-1	9.4883E1	3.3317E0	2.7745E6	
1510	-7.3959E-1	9.4430E1	3.3386E0	2.7767E6	
1511	-7.3776E-1	9.7148E1	3.3454E0	2.7790E6	
1512	-7.3730E-1	9.7827E1	3.3523E0	2.7812E6	
1513	-7.3845E-1	9.6129E1	3.3592E0	2.7834E6	
1514	-7.4028E-1	9.3411E1	3.3661E0	2.7856E6	
1515	-7.3761E-1	9.7374E1	3.3730E0	2.7878E6	
1516	-7.4150E-1	9.1600E1	3.3799E0	2.7901E6	
1517	-7.4051E-1	9.3072E1	3.3868E0	2.7923E6	
1518	-7.4181E-1	9.1147E1	3.3937E0	2.7945E6	
1519	-7.3845E-1	9.6129E1	3.4005E0	2.7967E6	
1520	-7.3753E-1	9.7487E1	3.4074E0	2.7989E6	
1521	-7.4211E-1	9.0694E1	3.4144E0	2.8012E6	
1522	-7.4219E-1	9.0581E1	3.4213E0	2.8034E6	
1523	-7.4234E-1	9.0354E1	3.4282E0	2.8056E6	
1524	-7.4165E-1	9.1373E1	3.4351E0	2.8078E6	
1525	-7.4387E-1	8.8090E1	3.4421E0	2.8100E6	
1526	-7.4165E-1	9.1373E1	3.4490E0	2.8123E6	
1527	-7.4402E-1	8.7863E1	3.4559E0	2.8145E6	
1528	-7.4272E-1	8.9788E1	3.4628E0	2.8167E6	
1529	-7.4318E-1	8.9109E1	3.4698E0	2.8189E6	
1530	-7.4371E-1	8.8316E1	3.4767E0	2.8211E6	
1531	-7.4402E-1	8.7863E1	3.4837E0	2.8234E6	
1532	-7.4257E-1	9.0015E1	3.4907E0	2.8256E6	
1533	-7.4570E-1	8.5372E1	3.4976E0	2.8278E6	
1534	-7.4409E-1	8.7750E1	3.5046E0	2.8300E6	
1535	-7.4280E-1	8.9675E1	3.5115E0	2.8322E6	
1536	-7.4387E-1	8.8090E1	3.5185E0	2.8345E6	
1537	-7.4646E-1	8.4240E1	3.5254E0	2.8367E6	
1538	-7.4394E-1	8.7976E1	3.5326E0	2.8389E6	
1539	-7.4425E-1	8.7524E1	3.5393E0	2.8411E6	
1540	-7.4478E-1	8.6731E1	3.5464E0	2.8433E6	
1541	-7.4760E-1	8.2542E1	3.5534E0	2.8456E6	
1542	-7.4730E-1	8.2995E1	3.5604E0	2.8478E6	
1543	-7.4776E-1	8.2315E1	3.5674E0	2.8500E6	
1544	-7.4608E-1	8.4806E1	3.5743E0	2.8522E6	
1545	-7.4730E-1	8.2995E1	3.5813E0	2.8544E6	
1546	-7.4638E-1	8.4353E1	3.5883E0	2.8567E6	
1547	-7.4585E-1	8.5146E1	3.5954E0	2.8589E6	
1548	-7.4623E-1	8.4580E1	3.6024E0	2.8611E6	
1549	-7.4516E-1	8.6165E1	3.6093E0	2.8633E6	
1550	-7.4867E-1	8.0956E1	3.6163E0	2.8655E6	
1551	-7.4631E-1	8.4466E1	3.6234E0	2.8678E6	
1552	-7.4593E-1	8.5033E1	3.6304E0	2.8700E6	
1553	-7.4814E-1	8.1749E1	3.6374E0	2.8722E6	
1554	-7.4699E-1	8.3447E1	3.6444E0	2.8744E6	
1555	-7.4699E-1	8.3447E1	3.6514E0	2.8766E6	
1556	-7.4883E-1	8.0730E1	3.6585E0	2.8789E6	
1557	-7.4760E-1	8.2542E1	3.6656E0	2.8811E6	
1558	-7.5050E-1	7.8239E1	3.6727E0	2.8833E6	
1559	-7.4806E-1	8.1862E1	3.6796E0	2.8855E6	
1560	-7.4883E-1	8.0730E1	3.6868E0	2.8877E6	
1561	-7.4852E-1	8.1183E1	3.6938E0	2.8900E6	
1562	-7.5073E-1	7.7899E1	3.7007E0	2.8922E6	
1563	-7.5142E-1	7.6880E1	3.7078E0	2.8944E6	
1564	-7.5211E-1	7.5861E1	3.7150E0	2.8966E6	
1565	-7.5180E-1	7.6314E1	3.7221E0	2.8988E6	
1566	-7.5172E-1	7.6427E1	3.7290E0	2.9011E6	
1567	-7.5172E-1	7.6427E1	3.7361E0	2.9033E6	
1568	-7.5104E-1	7.7446E1	3.7432E0	2.9055E6	
1569	-7.5111E-1	7.7333E1	3.7504E0	2.9077E6	
1570	-7.5066E-1	7.8013E1	3.7575E0	2.9099E6	
1571	-7.5150E-1	7.6767E1	3.7645E0	2.9122E6	
1572	-7.5272E-1	7.4955E1	3.7716E0	2.9144E6	
1573	-7.5157E-1	7.6654E1	3.7787E0	2.9166E6	
1574	-7.5012E-1	7.8805E1	3.7858E0	2.9188E6	
1575	-7.5302E-1	7.4503E1	3.7929E0	2.9210E6	
1576	-7.5165E-1	7.6541E1	3.8001E0	2.9233E6	
1577	-7.5333E-1	7.4050E1	3.8071E0	2.9255E6	
1578	-7.5447E-1	7.2351E1	3.8143E0	2.9277E6	
1579	-7.5378E-1	7.3370E1	3.8213E0	2.9299E6	
1580	-7.5348E-1	7.3823E1	3.8285E0	2.9321E6	
1581	-7.5439E-1	7.2465E1	3.8355E0	2.9344E6	
1582	-7.5607E-1	6.9974E1	3.8428E0	2.9366E6	
1583	-7.5226E-1	7.5635E1	3.8499E0	2.9388E6	
1584	-7.5378E-1	7.3370E1	3.8571E0	2.9410E6	
1585	-7.5539E-1	7.0993E1	3.8642E0	2.9432E6	
1586	-7.5691E-1	6.8728E1	3.8713E0	2.9455E6	
1587	-7.5539E-1	7.0993E1	3.8785E0	2.9477E6	
1588	-7.5577E-1	7.0426E1	3.8856E0	2.9499E6	
1589	-7.5752E-1	6.7822E1	3.8927E0	2.9521E6	
1590	-7.5508E-1	7.1445E1	3.8999E0	2.9543E6	
1591	-7.5752E-1	6.7822E1	3.9071E0	2.9566E6	
1592	-7.5806E-1	6.7030E1	3.9141E0	2.9588E6	
1593	-7.5874E-1	6.6011E1	3.9214E0	2.9610E6	
1594	-7.5768E-1	6.7596E1	3.9286E0	2.9632E6	
1595	-7.5691E-1	6.8728E1	3.9357E0	2.9654E6	
1596	-7.5645E-1	6.9407E1	3.9430E0	2.9677E6	
1597	-7.5706E-1	6.8502E1	3.9501E0	2.9699E6	
1598	-7.5645E-1	6.9407E1	3.9573E0	2.9721E6	
1599	-7.5806E-1	6.7030E1	3.9646E0	2.9743E6	
1600	-7.5562E-1	7.0653E1	3.9716E0	2.9765E6	
1601	-7.5897E-1	6.5671E1	3.9789E0	2.9788E6	
1602	-7.5806E-1	6.7030E1	3.9861E0	2.9810E6	
1603	-7.5714E-1	6.8388E1	3.9932E0	2.9832E6	
1604	-7.5996E-1	6.4199E1	4.0006E0	2.9854E6	
1605	-7.6004E-1	6.4086E1	4.0077E0	2.9876E6	
1606	-7.5661E-1	6.9181E1	4.0150E0	2.9899E6	
1607	-7.6004E-1	6.4086E1	4.0221E0	2.9921E6	
1608	-7.5798E-1	6.7143E1	4.0293E0	2.9943E6	
1609	-7.5859E-1	6.6237E1	4.0365E0	2.9965E6	
1610	-7.5996E-1	6.4199E1	4.0438E0	2.9987E6	
1611	-7.5951E-1	6.4878E1	4.0510E0	3.0010E6	
1612	-7.6050E-1	6.3406E1	4.0582E0	3.0032E6	
1613	-7.6202E-1	6.1142E1	4.0655E0	3.0054E6	
1614	-7.6004E-1	6.4086E1	4.0727E0	3.0076E6	
1615	-7.6248E-1	6.0463E1	4.0800E0	3.0098E6	
1616	-7.6187E-1	6.1368E1	4.0872E0	3.0121E6	
1617	-7.6065E-1	6.3180E1	4.0945E0	3.0143E6	
1618	-7.6225E-1	6.0802E1	4.1017E0	3.0165E6	
1619	-7.6210E-1	6.1029E1	4.1090E0	3.0187E6	
1620	-7.6286E-1	5.9896E1	4.1162E0	3.0209E6	
1621	-7.6241E-1	6.0576E1	4.1234E0	3.0232E6	
1622	-7.6324E-1	5.9330E1	4.1308E0	3.0254E6	
1623	-7.6408E-1	5.8085E1	4.1380E0	3.0276E6	
1624	-7.6538E-1	5.6160E1	4.1453E0	3.0298E6	
1625	-7.6286E-1	5.9896E1	4.1526E0	3.0320E6	
1626	-7.6279E-1	6.0010E1	4.1599E0	3.0343E6	
1627	-7.6645E-1	5.4575E1	4.1672E0	3.0365E6	
1628	-7.6202E-1	6.1142E1	4.1744E0	3.0387E6	
1629	-7.6630E-1	5.4801E1	4.1817E0	3.0409E6	
1630	-7.6614E-1	5.5028E1	4.1890E0	3.0431E6	
1631	-7.6591E-1	5.5367E1	4.1962E0	3.0454E6	
1632	-7.6378E-1	5.8538E1	4.2036E0	3.0476E6	
1633	-7.6508E-1	5.6613E1	4.2109E0	3.0498E6	
1634	-7.6324E-1	5.9330E1	4.2183E0	3.0520E6	
1635	-7.6630E-1	5.4801E1	4.2255E0	3.0542E6	
1636	-7.6614E-1	5.5028E1	4.2328E0	3.0565E6	
1637	-7.6721E-1	5.3443E1	4.2402E0	3.0587E6	
1638	-7.6790E-1	5.2424E1	4.2475E0	3.0609E6	
1639	-7.6492E-1	5.6839E1	4.2548E0	3.0631E6	
1640	-7.6820E-1	5.1971E1	4.2622E0	3.0653E6	
1641	-7.6653E-1	5.4462E1	4.2694E0	3.0676E6	
1642	-7.6820E-1	5.1971E1	4.2767E0	3.0698E6	
1643	-7.6820E-1	5.1971E1	4.2841E0	3.0720E6	
1644	-7.6767E-1	5.2763E1	4.2915E0	3.0742E6	
1645	-7.6851E-1	5.1518E1	4.2988E0	3.0764E6	
1646	-7.6637E-1	5.4688E1	4.3062E0	3.0787E6	
1647	-7.7248E-1	4.5630E1	4.3134E0	3.0809E6	
1648	-7.6736E-1	5.3216E1	4.3208E0	3.0831E6	
1649	-7.6797E-1	5.2310E1	4.3282E0	3.0853E6	
1650	-7.6859E-1	5.1405E1	4.3355E0	3.0875E6	
1651	-7.6820E-1	5.1971E1	4.3429E0	3.0898E6	
1652	-7.6912E-1	5.0612E1	4.3503E0	3.0920E6	
1653	-7.7065E-1	4.8347E1	4.3577E0	3.0942E6	
1654	-7.7126E-1	4.7442E1	4.3650E0	3.0964E6	
1655	-7.7156E-1	4.6989E1	4.3723E0	3.0986E6	
1656	-7.7194E-1	4.6423E1	4.3798E0	3.1009E6	
1657	-7.7148E-1	4.7102E1	4.3871E0	3.1031E6	
1658	-7.7103E-1	4.7781E1	4.3946E0	3.1053E6	
1659	-7.7263E-1	4.5404E1	4.4019E0	3.1075E6	
1660	-7.7141E-1	4.7215E1	4.4092E0	3.1097E6	
1661	-7.7286E-1	4.5064E1	4.4168E0	3.1120E6	
1662	-7.6988E-1	4.9480E1	4.4240E0	3.1142E6	
1663	-7.7232E-1	4.5856E1	4.4314E0	3.1164E6	
1664	-7.7049E-1	4.8574E1	4.4388E0	3.1186E6	
1665	-7.7286E-1	4.5064E1	4.4462E0	3.1208E6	
1666	-7.7126E-1	4.7442E1	4.4536E0	3.1231E6	
1667	-7.7255E-1	4.5517E1	4.4609E0	3.1253E6	
1668	-7.7484E-1	4.2120E1	4.4683E0	3.1275E6	
1669	-7.7332E-1	4.4385E1	4.4758E0	3.1297E6	
1670	-7.7400E-1	4.3366E1	4.4832E0	3.1319E6	
1671	-7.7271E-1	4.5290E1	4.4906E0	3.1342E6	
1672	-7.7423E-1	4.3026E1	4.4980E0	3.1364E6	
1673	-7.7583E-1	4.0648E1	4.5054E0	3.1386E6	
1674	-7.7721E-1	3.8610E1	4.5128E0	3.1408E6	
1675	-7.7515E-1	4.1667E1	4.5202E0	3.1430E6	
1676	-7.7461E-1	4.2460E1	4.5276E0	3.1453E6	
1677	-7.7644E-1	3.9742E1	4.5350E0	3.1475E6	
1678	-7.7652E-1	3.9629E1	4.5425E0	3.1497E6	
1679	-7.7438E-1	4.2799E1	4.5500E0	3.1519E6	
1680	-7.7614E-1	4.0195E1	4.5574E0	3.1541E6	
1681	-7.7614E-1	4.0195E1	4.5648E0	3.1564E6	
1682	-7.7698E-1	3.8950E1	4.5723E0	3.1586E6	
1683	-7.7583E-1	4.0648E1	4.5798E0	3.1608E6	
1684	-7.7797E-1	3.7478E1	4.5872E0	3.1630E6	
1685	-7.7888E-1	3.6119E1	4.5945E0	3.1652E6	
1686	-7.7744E-1	3.8270E1	4.6020E0	3.1675E6	
1687	-7.7606E-1	4.0308E1	4.6094E0	3.1697E6	
1688	-7.7538E-1	4.1327E1	4.6169E0	3.1719E6	
1689	-7.7835E-1	3.6912E1	4.6244E0	3.1741E6	
1690	-7.7766E-1	3.7931E1	4.6317E0	3.1763E6	
1691	-7.7911E-1	3.5779E1	4.6392E0	3.1786E6	
1692	-7.7904E-1	3.5893E1	4.6467E0	3.1808E6	
1693	-7.7972E-1	3.4874E1	4.6541E0	3.1830E6	
1694	-7.7911E-1	3.5779E1	4.6616E0	3.1852E6	
1695	-7.7782E-1	3.7704E1	4.6690E0	3.1874E6	
1696	-7.8094E-1	3.3062E1	4.6765E0	3.1897E6	
1697	-7.7904E-1	3.5893E1	4.6840E0	3.1919E6	
1698	-7.8300E-1	3.0005E1	4.6914E0	3.1941E6	
1699	-7.8156E-1	3.2156E1	4.6988E0	3.1963E6	
1700	-7.7881E-1	3.6232E1	4.7063E0	3.1985E6	
1701	-7.8079E-1	3.3288E1	4.7138E0	3.2008E6	
1702	-7.8125E-1	3.2609E1	4.7213E0	3.2030E6	
1703	-7.8262E-1	3.0571E1	4.7288E0	3.2052E6	
1704	-7.8064E-1	3.3515E1	4.7361E0	3.2074E6	
1705	-7.8094E-1	3.3062E1	4.7437E0	3.2096E6	
1706	-7.8300E-1	3.0005E1	4.7512E0	3.2119E6	
1707	-7.8346E-1	2.9326E1	4.7587E0	3.2141E6	
1708	-7.8384E-1	2.8759E1	4.7661E0	3.2163E6	
1709	-7.8346E-1	2.9326E1	4.7736E0	3.2185E6	
1710	-7.8346E-1	2.9326E1	4.7811E0	3.2207E6	
1711	-7.8300E-1	3.0005E1	4.7886E0	3.2230E6	
1712	-7.8430E-1	2.8080E1	4.7961E0	3.2252E6	
1713	-7.8392E-1	2.8646E1	4.8035E0	3.2274E6	
1714	-7.8430E-1	2.8080E1	4.8111E0	3.2296E6	
1715	-7.8331E-1	2.9552E1	4.8186E0	3.2318E6	
1716	-7.8407E-1	2.8420E1	4.8260E0	3.2341E6	
1717	-7.8461E-1	2.7627E1	4.8336E0	3.2363E6	
1718	-7.8125E-1	3.2609E1	4.8410E0	3.2385E6	
1719	-7.8392E-1	2.8646E1	4.8486E0	3.2407E6	
1720	-7.8667E-1	2.4570E1	4.8560E0	3.2429E6	
1721	-7.8705E-1	2.4004E1	4.8635E0	3.2452E6	
1722	-7.8857E-1	2.1739E1	4.8711E0	3.2474E6	
1723	-7.8476E-1	2.7401E1	4.8785E0	3.2496E6	
1724	-7.8651E-1	2.4796E1	4.8861E0	3.2518E6	
1725	-7.8583E-1	2.5816E1	4.8935E0	3.2540E6	
1726	-7.8644E-1	2.4910E1	4.9010E0	3.2563E6	
1727	-7.8606E-1	2.5476E1	4.9085E0	3.2585E6	
1728	-7.8735E-1	2.3551E1	4.9160E0	3.2607E6	
1729	-7.8918E-1	2.0834E1	4.9236E0	3.2629E6	
1730	-7.8735E-1	2.3551E1	4.9311E0	3.2651E6	
1731	-7.8697E-1	2.4117E1	4.9386E0	3.2674E6	
1732	-7.9048E-1	1.8909E1	4.9461E0	3.2696E6	
1733	-7.8934E-1	2.0607E1	4.9537E0	3.2718E6	
1734	-7.8804E-1	2.2532E1	4.9612E0	3.2740E6	
1735	-7.8896E-1	2.1173E1	4.9686E0	3.2762E6	
1736	-7.8796E-1	2.2645E1	4.9762E0	3.2785E6	
1737	-7.8949E-1	2.0381E1	4.9838E0	3.2807E6	
1738	-7.8789E-1	2.2758E1	4.9912E0	3.2829E6	
1739	-7.8842E-1	2.1966E1	4.9988E0	3.2851E6	
1740	-7.8720E-1	2.3777E1	5.0063E0	3.2873E6	
1741	-7.8957E-1	2.0267E1	5.0139E0	3.2896E6	
1742	-7.9018E-1	1.9362E1	5.0213E0	3.2918E6	
1743	-7.9231E-1	1.6191E1	5.0289E0	3.2940E6	
1744	-7.9102E-1	1.8116E1	5.0364E0	3.2962E6	
1745	-7.9231E-1	1.6191E1	5.0440E0	3.2984E6	
1746	-7.9346E-1	1.4493E1	5.0516E0	3.3007E6	
1747	-7.9254E-1	1.5852E1	5.0591E0	3.3029E6	
1748	-7.9224E-1	1.6305E1	5.0666E0	3.3051E6	
1749	-7.9414E-1	1.3474E1	5.0741E0	3.3073E6	
1750	-7.9041E-1	1.9022E1	5.0816E0	3.3095E6	
1751	-7.9247E-1	1.5965E1	5.0892E0	3.3118E6	
1752	-7.9544E-1	1.1549E1	5.0967E0	3.3140E6	
1753	-7.9346E-1	1.4493E1	5.1043E0	3.3162E6	
1754	-7.9529E-1	1.1776E1	5.1118E0	3.3184E6	
1755	-7.9041E-1	1.9022E1	5.1194E0	3.3206E6	
1756	-7.9300E-1	1.5172E1	5.1268E0	3.3229E6	
1757	-7.9185E-1	1.6871E1	5.1345E0	3.3251E6	
1758	-7.9391E-1	1.3814E1	5.1420E0	3.3273E6	
1759	-7.9514E-1	1.2002E1	5.1495E0	3.3295E6	
1760	-7.9506E-1	1.2115E1	5.1570E0	3.3317E6	
1761	-7.9536E-1	1.1662E1	5.1646E0	3.3340E6	
1762	-7.9453E-1	1.2908E1	5.1721E0	3.3362E6	
1763	-7.9407E-1	1.3587E1	5.1797E0	3.3384E6	
1764	-7.9453E-1	1.2908E1	5.1873E0	3.3406E6	
1765	-7.9826E-1	7.3597E0	5.1947E0	3.3428E6	
1766	-7.9552E-1	1.1436E1	5.2023E0	3.3451E6	
1767	-7.9659E-1	9.8507E0	5.2098E0	3.3473E6	
1768	-7.9720E-1	8.9449E0	5.2175E0	3.3495E6	
1769	-7.9475E-1	1.2568E1	5.2251E0	3.3517E6	
1770	-7.9575E-1	1.1096E1	5.2325E0	3.3539E6	
1771	-7.9796E-1	7.8126E0	5.2400E0	3.3562E6	
1772	-7.9681E-1	9.5110E0	5.2476E0	3.3584E6	
1773	-7.9704E-1	9.1713E0	5.2551E0	3.3606E6	
1774	-7.9727E-1	8.8316E0	5.2627E0	3.3628E6	
1775	-7.9758E-1	8.3787E0	5.2703E0	3.3650E6	
1776	-7.9956E-1	5.4349E0	5.2779E0	3.3673E6	
1777	-7.9498E-1	1.2228E1	5.2854E0	3.3695E6	
1778	-7.9895E-1	6.3407E0	5.2929E0	3.3717E6	
1779	-7.9742E-1	8.6052E0	5.3005E0	3.3739E6	
1780	-7.9994E-1	4.8687E0	5.3080E0	3.3761E6	
1781	-8.0017E-1	4.5291E0	5.3156E0	3.3784E6	
1782	-8.0055E-1	3.9629E0	5.3231E0	3.3806E6	
1783	-7.9857E-1	6.9068E0	5.3307E0	3.3828E6	
1784	-8.0101E-1	3.2836E0	5.3382E0	3.3850E6	
1785	-7.9872E-1	6.6804E0	5.3457E0	3.3872E6	
1786	-7.9987E-1	4.9820E0	5.3533E0	3.3895E6	
1787	-8.0078E-1	3.6233E0	5.3608E0	3.3917E6	
1788	-8.0223E-1	1.4720E0	5.3683E0	3.3939E6	
1789	-8.0193E-1	1.9249E0	5.3760E0	3.3961E6	
1790	-7.9933E-1	5.7746E0	5.3836E0	3.3983E6	
1791	-8.0429E-1	-1.5851E0	5.3887E0	3.3999E6	
1792	-8.0429E-1	-1.5851E0	5.3887E0	3.3999E6	
1793	-8.0429E-1	-1.5851E0	5.3887E0	3.3999E6	
1794	-8.0429E-1	-1.5851E0	5.3887E0	3.3999E6	
1795	-8.0429E-1	-1.5851E0	5.3887E0	3.3999E6	
1796	-8.0429E-1	-1.5851E0	5.3887E0	3.3999E6	
1797	-8.0429E-1	-1.5851E0	5.3887E0	3.3999E6	
1798	-8.0429E-1	-1.5851E0	5.3887E0	3.3999E6	
1799	-8.0429E-1	-1.5851E0	5.3887E0	3.3999E6	
1800	-8.0429E-1	-1.5851E0	5.3887E0	3.3999E6	
1801	-8.0429E-1	-1.5851E0	5.3887E0	3.3999E6	
1802	-8.0429E-1	-1.5851E0	5.3887E0	3.3999E6	
1803	-8.0429E-1	-1.5851E0	5.3887E0	3.3999E6	
1804	-8.0429E-1	-1.5851E0	5.3887E0	3.3999E6	
1805	-8.0429E-1	-1.5851E0	5.3887E0	3.3999E6	
1806	-8.0429E-1	-1.5851E0	5.3887E0	3.3999E6	
1807	-8.0429E-1	-1.5851E0	5.3887E0	3.3999E6	
1808	-8.0429E-1	-1.5851E0	5.3887E0	3.3999E6	
1809	-8.0429E-1	-1.5851E0	5.3887E0	3.3999E6	
1810	-8.0429E-1	-1.5851E0	5.3887E0	3.3999E6	
1811	-8.0429E-1	-1.5851E0	5.3887E0	3.3999E6	
1812	-8.0429E-1	-1.5851E0	5.3887E0	3.3999E6	
1813	-8.0429E-1	-1.5851E0	5.3887E0	3.3999E6	
1814	-8.0429E-1	-1.5851E0	5.3887E0	3.3999E6	
1815	-8.0429E-1	-1.5851E0	5.3887E0	3.3999E6	
1816	-8.0429E-1	-1.5851E0	5.3887E0	3.3999E6	
1817	-8.0429E-1	-1.5851E0	5.3887E0	3.3999E6	
1818	-8.0429E-1	-1.5851E0	5.3887E0	3.3999E6	
1819	-8.0429E-1	-1.5851E0	5.3887E0	3.3999E6	
1820	-8.0429E-1	-1.5851E0	5.3887E0	3.3999E6	
1821	-8.0429E-1	-1.5851E0	5.3887E0	3.3999E6	
1822	-8.0429E-1	-1.5851E0	5.3887E0	3.3999E6	
1823	-8.0429E-1	-1.5851E0	5.3887E0	3.3999E6	
1824	-8.0429E-1	-1.5851E0	5.3887E0	3.3999E6	
1825	-8.0429E-1	-1.5851E0	5.3887E0	3.3999E6	
1826	-8.0429E-1	-1.5851E0	5.3887E0	3.3999E6	
1827	-8.0429E-1	-1.5851E0	5.3887E0	3.3999E6	
1828	-8.0429E-1	-1.5851E0	5.3887E0	3.3999E6	
1829	-8.0429E-1	-1.5851E0	5.3887E0	3.3999E6	
1830	-8.0429E-1	-1.5851E0	5.3887E0	3.3999E6	
1831	-8.0429E-1	-1.5851E0	5.3887E0	3.3999E6	
1832	-8.0429E-1	-1.5851E0	5.3887E0	3.3999E6	
1833	-8.0429E-1	-1.5851E0	5.3887E0	3.3999E6	
1834	-8.0429E-1	-1.5851E0	5.3887E0	3.3999E6	
1835	-8.0429E-1	-1.5851E0	5.3887E0	3.3999E6	
1836	-8.0429E-1	-1.5851E0	5.3887E0	3.3999E6	
1837	-8.0429E-1	-1.5851E0	5.3887E0	3.3999E6	
1838	-8.0429E-1	-1.5851E0	5.3887E0	3.3999E6	
1839	-8.0429E-1	-1.5851E0	5.3887E0	3.3999E6	
1840	-8.0429E-1	-1.5851E0	5.3887E0	3.3999E6	
1841	-8.0429E-1	-1.5851E0	5.3887E0	3.3999E6	
1842	-8.0429E-1	-1.5851E0	5.3887E0	3.3999E6	
1843	-8.0429E-1	-1.5851E0	5.3887E0	3.3999E6	
1844	-8.0429E-1	-1.5851E0	5.3887E0	3.3999E6	
1845	-8.0429E-1	-1.5851E0	5.3887E0	3.3999E6	
1846	-8.0429E-1	-1.5851E0	5.3887E0	3.3999E6	
1847	-8.0429E-1	-1.5851E0	5.3887E0	3.3999E6	
1848	-8.0429E-1	-1.5851E0	5.3887E0	3.3999E6	
1849	-8.0429E-1	-1.5851E0	5.3887E0	3.3999E6	
1850	-8.0429E-1	-1.5851E0	5.3887E0	3.3999E6	
1851	-8.0429E-1	-1.5851E0	5.3887E0	3.3999E6	
1852	-8.0429E-1	-1.5851E0	5.3887E0	3.3999E6	
1853	-8.0429E-1	-1.5851E0	5.3887E0	3.3999E6	
1854	-8.0429E-1	-1.5851E0	5.3887E0	3.3999E6	
1855	-8.0429E-1	-1.5851E0	5.3887E0	3.3999E6	
1856	-8.0429E-1	-1.5851E0	5.3887E0	3.3999E6	
1857	-8.0429E-1	-1.5851E0	5.3887E0	3.3999E6	
1858	-8.0429E-1	-1.5851E0	5.3887E0	3.3999E6	
1859	-8.0429E-1	-1.5851E0	5.3887E0	3.3999E6	
1860	-8.0429E-1	-1.5851E0	5.3887E0	3.3999E6	
1861	-8.0429E-1	-1.5851E0	5.3887E0	3.3999E6	
1862	-8.0429E-1	-1.5851E0	5.3887E0	3.3999E6	
1863	-8.0429E-1	-1.5851E0	5.3887E0	3.3999E6	
1864	-8.0429E-1	-1.5851E0	5.3887E0	3.3999E6	
1865	-8.0429E-1	-1.5851E0	5.3887E0	3.3999E6	
1866	-8.0429E-1	-1.5851E0	5.3887E0	3.3999E6	
1867	-8.0429E-1	-1.5851E0	5.3887E0	3.3999E6	
1868	-8.0429E-1	-1.5851E0	5.3887E0	3.3999E6	
1869	-8.0429E-1	-1.5851E0	5.3887E0	3.3999E6	
1870	-8.0429E-1	-1.5851E0	5.3887E0	3.3999E6	
1871	-8.0429E-1	-1.5851E0	5.3887E0	3.3999E6	
1872	-8.0429E-1	-1.5851E0	5.3887E0	3.3999E6	
1873	-8.0429E-1	-1.5851E0	5.3887E0	3.3999E6	
1874	-8.0429E-1	-1.5851E0	5.3887E0	3.3999E6	
1875	-8.0429E-1	-1.5851E0	5.3887E0	3.3999E6	
1876	-8.0429E-1	-1.5851E0	5.3887E0	3.3999E6	
1877	-8.0429E-1	-1.5851E0	5.3887E0	3.3999E6	
1878	-8.0429E-1	-1.5851E0	5.3887E0	3.3999E6	
1879	-8.0429E-1	-1.5851E0	5.3887E0	3.3999E6	
1880	-8.0429E-1	-1.5851E0	5.3887E0	3.3999E6	
1881	-8.0429E-1	-1.5851E0	5.3887E0	3.3999E6	
1882	-8.0429E-1	-1.5851E0	5.3887E0	3.3999E6	
1883	-8.0429E-1	-1.5851E0	5.3887E0	3.3999E6	
1884	-8.0429E-1	-1.5851E0	5.3887E0	3.3999E6	
1885	-8.0429E-1	-1.5851E0	5.3887E0	3.3999E6	
1886	-8.0429E-1	-1.5851E0	5.3887E0	3.3999E6	
1887	-8.0429E-1	-1.5851E0	5.3887E0	3.3999E6	
1888	-8.0429E-1	-1.5851E0	5.3887E0	3.3999E6	
1889	-8.0429E-1	-1.5851E0	5.3887E0	3.3999E6	
1890	-8.0429E-1	-1.5851E0	5.3887E0	3.3999E6	
1891	-8.0429E-1	-1.5851E0	5.3887E0	3.3999E6	
1892	-8.0429E-1	-1.5851E0	5.3887E0	3.3999E6	
1893	-8.0429E-1	-1.5851E0	5.3887E0	3.3999E6	
1894	-8.0429E-1	-1.5851E0	5.3887E0	3.3999E6	
1895	-8.0429E-1	-1.5851E0	5.3887E0	3.3999E6	
1896	-8.0429E-1	-1.5851E0	5.3887E0	3.3999E6	
1897	-8.0429E-1	-1.5851E0	5.3887E0	3.3999E6	
1898	-8.0429E-1	-1.5851E0	5.3887E0	3.3999E6	
1899	-8.0429E-1	-1.5851E0	5.3887E0	3.3999E6	
1900	-8.0429E-1	-1.5851E0	5.3887E0	3.3999E6	
1901	-8.0429E-1	-1.5851E0	5.3887E0	3.3999E6	
1902	-8.0429E-1	-1.5851E0	5.3887E0	3.3999E6	
1903	-8.0429E-1	-1.5851E0	5.3887E0	3.3999E6	
1904	-8.0429E-1	-1.5851E0	5.3887E0	3.3999E6	
1905	-8.0429E-1	-1.5851E0	5.3887E0	3.3999E6	
1906	-8.0429E-1	-1.5851E0	5.3887E0	3.3999E6	
1907	-8.0429E-1	-1.5851E0	5.3887E0	3.3999E6	
1908	-8.0429E-1	-1.5851E0	5.3887E0	3.3999E6	
1909	-8.0429E-1	-1.5851E0	5.3887E0	3.3999E6	
1910	-8.0429E-1	-1.5851E0	5.3887E0	3.3999E6	
1911	-8.0429E-1	-1.5851E0	5.3887E0	3.3999E6	
1912	-8.0429E-1	-1.5851E0	5.3887E0	3.3999E6	
1913	-8.0429E-1	-1.5851E0	5.3887E0	3.3999E6	
1914	-8.0429E-1	-1.5851E0	5.3887E0	3.3999E6	
1915	-8.0429E-1	-1.5851E0	5.3887E0	3.3999E6	
1916	-8.0429E-1	-1.5851E0	5.3887E0	3.3999E6	
1917	-8.0429E-1	-1.5851E0	5.3887E0	3.3999E6	
1918	-8.0429E-1	-1.5851E0	5.3887E0	3.3999E6	
1919	-8.0429E-1	-1.5851E0	5.3887E0	3.3999E6	
1920	-8.0429E-1	-1.5851E0	5.3887E0	3.3999E6	
1921	-8.0429E-1	-1.5851E0	5.3887E0	3.3999E6	
1922	-8.0429E-1	-1.5851E0	5.3887E0	3.3999E6	
1923	-8.0429E-1	-1.5851E0	5.3887E0	3.3999E6	
1924	-8.0429E-1	-1.5851E0	5.3887E0	3.3999E6	
1925	-8.0429E-1	-1.5851E0	5.3887E0	3.3999E6	
1926	-8.0429E-1	-1.5851E0	5.3887E0	3.3999E6	
1927	-8.0429E-1	-1.5851E0	5.3887E0	3.3999E6	
1928	-8.0429E-1	-1.5851E0	5.3887E0	3.3999E6	
1929	-8.0429E-1	-1.5851E0	5.3887E0	3.3999E6	
1930	-8.0429E-1	-1.5851E0	5.3887E0	3.3999E6	
1931	-8.0429E-1	-1.5851E0	5.3887E0	3.3999E6	
1932	-8.0429E-1	-1.5851E0	5.3887E0	3.3999E6	
1933	-8.0429E-1	-1.5851E0	5.3887E0	3.3999E6	
1934	-8.0429E-1	-1.5851E0	5.3887E0	3.3999E6	
1935	-8.0429E-1	-1.5851E0	5.3887E0	3.3999E6	
1936	-8.0429E-1	-1.5851E0	5.3887E0	3.3999E6	
1937	-8.0429E-1	-1.5851E0	5.3887E0	3.3999E6	
1938	-8.0429E-1	-1.5851E0	5.3887E0	3.3999E6	
1939	-8.0429E-1	-1.5851E0	5.3887E0	3.3999E6	
1940	-8.0429E-1	-1.5851E0	5.3887E0	3.3999E6	
1941	-8.0429E-1	-1.5851E0	5.3887E0	3.3999E6	
1942	-8.0429E-1	-1.5851E0	5.3887E0	3.3999E6	
1943	-8.0429E-1	-1.5851E0	5.3887E0	3.3999E6	
1944	-8.0429E-1	-1.5851E0	5.3887E0	3.3999E6	
1945	-8.0429E-1	-1.5851E0	5.3887E0	3.3999E6	
1946	-8.0429E-1	-1.5851E0	5.3887E0	3.3999E6	
1947	-8.0429E-1	-1.5851E0	5.3887E0	3.3999E6	
1948	-8.0429E-1	-1.5851E0	5.3887E0	3.3999E6	
1949	-8.0429E-1	-1.5851E0	5.3887E0	3.3999E6	
1950	-8.0429E-1	-1.5851E0	5.3887E0	3.3999E6	
1951	-8.0429E-1	-1.5851E0	5.3887E0	3.3999E6	
1952	-8.0429E-1	-1.5851E0	5.3887E0	3.3999E6	
1953	-8.0429E-1	-1.5851E0	5.3887E0	3.3999E6	
1954	-8.0429E-1	-1.5851E0	5.3887E0	3.3999E6	
1955	-8.0429E-1	-1.5851E0	5.3887E0	3.3999E6	
1956	-8.0429E-1	-1.5851E0	5.3887E0	3.3999E6	
1957	-8.0429E-1	-1.5851E0	5.3887E0	3.3999E6	
1958	-8.0429E-1	-1.5851E0	5.3887E0	3.3999E6	
1959	-8.0429E-1	-1.5851E0	5.3887E0	3.3999E6	
1960	-8.0429E-1	-1.5851E0	5.3887E0	3.3999E6	
1961	-8.0429E-1	-1.5851E0	5.3887E0	3.3999E6	
1962	-8.0429E-1	-1.5851E0	5.3887E0	3.3999E6	
1963	-8.0429E-1	-1.5851E0	5.3887E0	3.3999E6	
1964	-8.0429E-1	-1.5851E0	5.3887E0	3.3999E6	
1965	-8.0429E-1	-1.5851E0	5.3887E0	3.3999E6	
1966	-8.0429E-1	-1.5851E0	5.3887E0	3.3999E6	
1967	-8.0429E-1	-1.5851E0	5.3887E0	3.3999E6	
1968	-8.0429E-1	-1.5851E0	5.3887E0	3.3999E6	
1969	-8.0429E-1	-1.5851E0	5.3887E0	3.3999E6	
1970	-8.0429E-1	-1.5851E0	5.3887E0	3.3999E6	
1971	-8.0429E-1	-1.5851E0	5.3887E0	3.3999E6	
1972	-8.0429E-1	-1.5851E0	5.3887E0	3.3999E6	
1973	-8.0429E-1	-1.5851E0	5.3887E0	3.3999E6	
1974	-8.0429E-1	-1.5851E0	5.3887E0	3.3999E6	
1975	-8.0429E-1	-1.5851E0	5.3887E0	3.3999E6	
1976	-8.0429E-1	-1.5851E0	5.3887E0	3.3999E6	
1977	-8.0429E-1	-1.5851E0	5.3887E0	3.3999E6	
1978	-8.0429E-1	-1.5851E0	5.3887E0	3.3999E6	
1979	-8.0429E-1	-1.5851E0	5.3887E0	3.3999E6	
1980	-8.0429E-1	-1.5851E0	5.3887E0	3.3999E6	
1981	-8.0429E-1	-1.5851E0	5.3887E0	3.3999E6	
1982	-8.0429E-1	-1.5851E0	5.3887E0	3.3999E6	
1983	-8.0429E-1	-1.5851E0	5.3887E0	3.3999E6	
1984	-8.0429E-1	-1.5851E0	5.3887E0	3.3999E6	
1985	-8.0429E-1	-1.5851E0	5.3887E0	3.3999E6	
1986	-8.0429E-1	-1.5851E0	5.3887E0	3.3999E6	
1987	-8.0429E-1	-1.5851E0	5.3887E0	3.3999E6	
1988	-8.0429E-1	-1.5851E0	5.3887E0	3.3999E6	
1989	-8.0429E-1	-1.5851E0	5.3887E0	3.3999E6	
1990	-8.0429E-1	-1.5851E0	5.3887E0	3.3999E6	
1991	-8.0429E-1	-1.5851E0	5.3887E0	3.3999E6	
1992	-8.0429E-1	-1.5851E0	5.3887E0	3.3999E6	
1993	-8.0429E-1	-1.5851E0	5.3887E0	3.3999E6	
1994	-8.0429E-1	-1.5851E0	5.3887E0	3.3999E6	
1995	-8.0429E-1	-1.5851E0	5.3887E0	3.3999E6	
1996	-8.0429E-1	-1.5851E0	5.3887E0	3.3999E6	
1997	-8.0429E-1	-1.5851E0	5.3887E0	3.3999E6	
1998	-8.0429E-1	-1.5851E0	5.3887E0	3.3999E6	
1999	-8.0429E-1	-1.5851E0	5.3887E0	3.3999E6	
2000	-8.0429E-1	-1.5851E0	5.3887E0	3.3999E6	
2001	-8.0429E-1	-1.5851E0	5.3887E0	3.3999E6	
2002	-8.0429E-1	-1.5851E0	5.3887E0	3.3999E6	
2003	-8.0429E-1	-1.5851E0	5.3887E0	3.3999E6	
2004	-8.0429E-1	-1.5851E0	5.3887E0	3.3999E6	
2005	-8.0429E-1	-1.5851E0	5.3887E0	3.3999E6	
2006	-8.0429E-1	-1.5851E0	5.3887E0	3.3999E6	
2007	-8.0429E-1	-1.5851E0	5.3887E0	3.3999E6	
2008	-8.0429E-1	-1.5851E0	5.3887E0	3.3999E6	
2009	-8.0429E-1	-1.5851E0	5.3887E0	3.3999E6	
2010	-8.0429E-1	-1.5851E0	5.3887E0	3.3999E6	
2011	-8.0429E-1	-1.5851E0	5.3887E0	3.3999E6	
2012	-8.0429E-1	-1.5851E0	5.3887E0	3.3999E6	
2013	-8.0429E-1	-1.5851E0	5.3887E0	3.3999E6	
2014	-8.0429E-1	-1.5851E0	5.3887E0	3.3999E6	
2015	-8.0429E-1	-1.5851E0	5.3887E0	3.3999E6	
2016	-8.0429E-1	-1.5851E0	5.3887E0	3.3999E6	
2017	-8.0429E-1	-1.5851E0	5.3887E0	3.3999E6	
2018	-8.0429E-1	-1.5851E0	5.3887E0	3.3999E6	
2019	-8.0429E-1	-1.5851E0	5.3887E0	3.3999E6	
2020	-8.0429E-1	-1.5851E0	5.3887E0	3.3999E6	
2021	-8.0429E-1	-1.5851E0	5.3887E0	3.3999E6	
2022	-8.0429E-1	-1.5851E0	5.3887E0	3.3999E6	
2023	-8.0429E-1	-1.5851E0	5.3887E0	3.3999E6	
2024	-8.0429E-1	-1.5851E0	5.3887E0	3.3999E6	
2025	-8.0429E-1	-1.5851E0	5.3887E0	3.3999E6	
2026	-8.0429E-1	-1.5851E0	5.3887E0	3.3999E6	
2027	-8.0429E-1	-1.5851E0	5.3887E0	3.3999E6	
2028	-8.0429E-1	-1.5851E0	5.3887E0	3.3999E6	
2029	-8.0429E-1	-1.5851E0	5.3887E0	3.3999E6	
2030	-8.0429E-1	-1.5851E0	5.3887E0	3.3999E6	
2031	-8.0429E-1	-1.5851E0	5.3887E0	3.3999E6	
2032	-8.0429E-1	-1.5851E0	5.3887E0	3.3999E6	
2033	-8.0429E-1	-1.5851E0	5.3887E0	3.3999E6	
2034	-8.0429E-1	-1.5851E0	5.3887E0	3.3999E6	
2035	-8.0429E-1	-1.5851E0	5.3887E0	3.3999E6	
2036	-8.0429E-1	-1.5851E0	5.3887E0	3.3999E6	
2037	-8.0429E-1	-1.5851E0	5.3887E0	3.3999E6	
2038	-8.0429E-1	-1.5851E0	5.3887E0	3.3999E6	
2039	-8.0429E-1	-1.5851E0	5.3887E0	3.3999E6	
2040	-8.0429E-1	-1.5851E0	5.3887E0	3.3999E6	
2041	-8.0429E-1	-1.5851E0	5.3887E0	3.3999E6	
2042	-8.0429E-1	-1.5851E0	5.3887E0	3.3999E6	
2043	-8.0429E-1	-1.5851E0	5.3887E0	3.3999E6	
2044	-8.0429E-1	-1.5851E0	5.3887E0	3.3999E6	
2045	-8.0429E-1	-1.5851E0	5.3887E0	3.3999E6	
2046	-8.0429E-1	-1.5851E0	5.3887E0	3.3999E6	
2047	-8.0429E-1	-1.5851E0	5.3887E0	3.3999E6	
2048	-8.0429E-1	-1.5851E0	5.3887E0	3.3999E6	
