point 150
Index	Vertical (A-B)	Force	Z Height	Time Stamp	
     	V	nN	?m	?sec	
1	-8.1406E-1	-1.6417E0	5.5054E0	1.2000E2	
2	-8.1306E-1	-1.6980E-1	5.5041E0	2.3400E3	
3	-8.1223E-1	1.0757E0	5.5013E0	4.5600E3	
4	-8.1253E-1	6.2278E-1	5.4982E0	6.7800E3	
5	-8.1116E-1	2.6608E0	5.4948E0	9.0000E3	
6	-8.1100E-1	2.8873E0	5.4911E0	1.1220E4	
7	-8.1139E-1	2.3212E0	5.4873E0	1.3440E4	
8	-8.1421E-1	-1.8682E0	5.4835E0	1.5660E4	
9	-8.1192E-1	1.5286E0	5.4794E0	1.7880E4	
10	-8.1009E-1	4.2460E0	5.4753E0	2.0100E4	
11	-8.1360E-1	-9.6238E-1	5.4711E0	2.2320E4	
12	-8.1108E-1	2.7741E0	5.4668E0	2.4540E4	
13	-8.1207E-1	1.3021E0	5.4624E0	2.6760E4	
14	-8.1039E-1	3.7931E0	5.4581E0	2.8980E4	
15	-8.1238E-1	8.4923E-1	5.4536E0	3.1200E4	
16	-8.0849E-1	6.6237E0	5.4492E0	3.3420E4	
17	-8.1322E-1	-3.9625E-1	5.4448E0	3.5640E4	
18	-8.1039E-1	3.7931E0	5.4402E0	3.7860E4	
19	-8.1207E-1	1.3021E0	5.4356E0	4.0080E4	
20	-8.1108E-1	2.7741E0	5.4311E0	4.2300E4	
21	-8.1078E-1	3.2270E0	5.4265E0	4.4520E4	
22	-8.1024E-1	4.0196E0	5.4217E0	4.6740E4	
23	-8.1017E-1	4.1328E0	5.4171E0	4.8960E4	
24	-8.0849E-1	6.6237E0	5.4124E0	5.1180E4	
25	-8.1024E-1	4.0196E0	5.4078E0	5.3400E4	
26	-8.1116E-1	2.6608E0	5.4031E0	5.5620E4	
27	-8.0803E-1	7.3031E0	5.3983E0	5.7840E4	
28	-8.1009E-1	4.2460E0	5.3935E0	6.0060E4	
29	-8.0833E-1	6.8502E0	5.3887E0	6.2280E4	
30	-8.1116E-1	2.6608E0	5.3841E0	6.4500E4	
31	-8.0894E-1	5.9444E0	5.3792E0	6.6720E4	
32	-8.0948E-1	5.1518E0	5.3743E0	6.8940E4	
33	-8.0811E-1	7.1899E0	5.3696E0	7.1160E4	
34	-8.0658E-1	9.4544E0	5.3647E0	7.3380E4	
35	-8.0811E-1	7.1899E0	5.3599E0	7.5600E4	
36	-8.0956E-1	5.0386E0	5.3549E0	7.7820E4	
37	-8.0696E-1	8.8883E0	5.3501E0	8.0040E4	
38	-8.0856E-1	6.5105E0	5.3452E0	8.2260E4	
39	-8.0742E-1	8.2089E0	5.3404E0	8.4480E4	
40	-8.0986E-1	4.5857E0	5.3354E0	8.6700E4	
41	-8.0803E-1	7.3031E0	5.3306E0	8.8920E4	
42	-8.0597E-1	1.0360E1	5.3256E0	9.1140E4	
43	-8.0788E-1	7.5296E0	5.3207E0	9.3360E4	
44	-8.0498E-1	1.1832E1	5.3158E0	9.5580E4	
45	-8.0803E-1	7.3031E0	5.3108E0	9.7800E4	
46	-8.0559E-1	1.0926E1	5.3058E0	1.0002E5	
47	-8.0765E-1	7.8692E0	5.3009E0	1.0224E5	
48	-8.0559E-1	1.0926E1	5.2959E0	1.0446E5	
49	-8.0635E-1	9.7941E0	5.2908E0	1.0668E5	
50	-8.0811E-1	7.1899E0	5.2859E0	1.0890E5	
51	-8.0627E-1	9.9073E0	5.2808E0	1.1112E5	
52	-8.0597E-1	1.0360E1	5.2759E0	1.1334E5	
53	-8.0772E-1	7.7560E0	5.2709E0	1.1556E5	
54	-8.0551E-1	1.1040E1	5.2659E0	1.1778E5	
55	-8.0521E-1	1.1492E1	5.2608E0	1.2000E5	
56	-8.0635E-1	9.7941E0	5.2558E0	1.2222E5	
57	-8.0452E-1	1.2511E1	5.2507E0	1.2444E5	
58	-8.0444E-1	1.2625E1	5.2456E0	1.2666E5	
59	-8.0391E-1	1.3417E1	5.2407E0	1.2888E5	
60	-8.0475E-1	1.2172E1	5.2355E0	1.3110E5	
61	-8.0391E-1	1.3417E1	5.2305E0	1.3332E5	
62	-8.0345E-1	1.4097E1	5.2254E0	1.3554E5	
63	-8.0368E-1	1.3757E1	5.2203E0	1.3776E5	
64	-8.0505E-1	1.1719E1	5.2152E0	1.3998E5	
65	-8.0437E-1	1.2738E1	5.2100E0	1.4220E5	
66	-8.0589E-1	1.0473E1	5.2050E0	1.4442E5	
67	-8.0322E-1	1.4436E1	5.1998E0	1.4664E5	
68	-8.0177E-1	1.6588E1	5.1947E0	1.4886E5	
69	-8.0414E-1	1.3078E1	5.1896E0	1.5108E5	
70	-8.0254E-1	1.5455E1	5.1845E0	1.5330E5	
71	-8.0399E-1	1.3304E1	5.1794E0	1.5552E5	
72	-8.0513E-1	1.1606E1	5.1742E0	1.5774E5	
73	-8.0193E-1	1.6361E1	5.1690E0	1.5996E5	
74	-8.0093E-1	1.7833E1	5.1639E0	1.6218E5	
75	-8.0017E-1	1.8965E1	5.1587E0	1.6440E5	
76	-8.0200E-1	1.6248E1	5.1535E0	1.6662E5	
77	-8.0261E-1	1.5342E1	5.1483E0	1.6884E5	
78	-8.0086E-1	1.7946E1	5.1431E0	1.7106E5	
79	-8.0040E-1	1.8626E1	5.1380E0	1.7328E5	
80	-8.0147E-1	1.7041E1	5.1327E0	1.7550E5	
81	-8.0162E-1	1.6814E1	5.1275E0	1.7772E5	
82	-8.0048E-1	1.8512E1	5.1223E0	1.7994E5	
83	-8.0154E-1	1.6927E1	5.1171E0	1.8216E5	
84	-7.9674E-1	2.4061E1	5.1119E0	1.8438E5	
85	-7.9865E-1	2.1230E1	5.1066E0	1.8660E5	
86	-7.9895E-1	2.0777E1	5.1015E0	1.8882E5	
87	-7.9979E-1	1.9531E1	5.0961E0	1.9104E5	
88	-7.9926E-1	2.0324E1	5.0908E0	1.9326E5	
89	-7.9880E-1	2.1003E1	5.0856E0	1.9548E5	
90	-7.9865E-1	2.1230E1	5.0804E0	1.9770E5	
91	-8.0055E-1	1.8399E1	5.0751E0	1.9992E5	
92	-7.9826E-1	2.1796E1	5.0698E0	2.0214E5	
93	-7.9872E-1	2.1117E1	5.0645E0	2.0436E5	
94	-7.9994E-1	1.9305E1	5.0592E0	2.0658E5	
95	-7.9720E-1	2.3381E1	5.0539E0	2.0880E5	
96	-7.9926E-1	2.0324E1	5.0487E0	2.1102E5	
97	-7.9758E-1	2.2815E1	5.0434E0	2.1324E5	
98	-7.9842E-1	2.1570E1	5.0380E0	2.1546E5	
99	-7.9819E-1	2.1909E1	5.0327E0	2.1768E5	
100	-7.9788E-1	2.2362E1	5.0274E0	2.1990E5	
101	-7.9865E-1	2.1230E1	5.0219E0	2.2212E5	
102	-7.9803E-1	2.2136E1	5.0166E0	2.2434E5	
103	-7.9987E-1	1.9418E1	5.0114E0	2.2656E5	
104	-7.9865E-1	2.1230E1	5.0060E0	2.2878E5	
105	-7.9750E-1	2.2928E1	5.0007E0	2.3100E5	
106	-7.9559E-1	2.5759E1	4.9953E0	2.3322E5	
107	-7.9498E-1	2.6665E1	4.9900E0	2.3544E5	
108	-7.9956E-1	1.9871E1	4.9846E0	2.3766E5	
109	-7.9567E-1	2.5646E1	4.9792E0	2.3988E5	
110	-7.9712E-1	2.3494E1	4.9738E0	2.4210E5	
111	-7.9674E-1	2.4061E1	4.9684E0	2.4432E5	
112	-7.9605E-1	2.5080E1	4.9631E0	2.4654E5	
113	-7.9689E-1	2.3834E1	4.9576E0	2.4876E5	
114	-7.9498E-1	2.6665E1	4.9523E0	2.5098E5	
115	-7.9620E-1	2.4853E1	4.9468E0	2.5320E5	
116	-7.9323E-1	2.9269E1	4.9414E0	2.5542E5	
117	-7.9567E-1	2.5646E1	4.9361E0	2.5764E5	
118	-7.9582E-1	2.5419E1	4.9305E0	2.5986E5	
119	-7.9491E-1	2.6778E1	4.9251E0	2.6208E5	
120	-7.9544E-1	2.5985E1	4.9198E0	2.6430E5	
121	-7.9491E-1	2.6778E1	4.9143E0	2.6652E5	
122	-7.9536E-1	2.6099E1	4.9088E0	2.6874E5	
123	-7.9437E-1	2.7571E1	4.9033E0	2.7096E5	
124	-7.9277E-1	2.9948E1	4.8979E0	2.7318E5	
125	-7.9338E-1	2.9042E1	4.8926E0	2.7540E5	
126	-7.9445E-1	2.7457E1	4.8870E0	2.7762E5	
127	-7.9407E-1	2.8023E1	4.8816E0	2.7984E5	
128	-7.9521E-1	2.6325E1	4.8760E0	2.8206E5	
129	-7.9132E-1	3.2100E1	4.8706E0	2.8428E5	
130	-7.9163E-1	3.1647E1	4.8652E0	2.8650E5	
131	-7.9475E-1	2.7004E1	4.8597E0	2.8872E5	
132	-7.9376E-1	2.8476E1	4.8541E0	2.9094E5	
133	-7.9285E-1	2.9835E1	4.8486E0	2.9316E5	
134	-7.9498E-1	2.6665E1	4.8431E0	2.9538E5	
135	-7.9224E-1	3.0741E1	4.8376E0	2.9760E5	
136	-7.9193E-1	3.1194E1	4.8320E0	2.9982E5	
137	-7.9399E-1	2.8137E1	4.8265E0	3.0204E5	
138	-7.9239E-1	3.0514E1	4.8210E0	3.0426E5	
139	-7.9147E-1	3.1873E1	4.8155E0	3.0648E5	
140	-7.9262E-1	3.0175E1	4.8099E0	3.0870E5	
141	-7.9048E-1	3.3345E1	4.8043E0	3.1092E5	
142	-7.8934E-1	3.5043E1	4.7988E0	3.1314E5	
143	-7.9002E-1	3.4024E1	4.7932E0	3.1536E5	
144	-7.9147E-1	3.1873E1	4.7878E0	3.1758E5	
145	-7.9277E-1	2.9948E1	4.7821E0	3.1980E5	
146	-7.9079E-1	3.2892E1	4.7765E0	3.2202E5	
147	-7.9124E-1	3.2213E1	4.7709E0	3.2424E5	
148	-7.9155E-1	3.1760E1	4.7655E0	3.2646E5	
149	-7.9056E-1	3.3232E1	4.7598E0	3.2868E5	
150	-7.9147E-1	3.1873E1	4.7543E0	3.3090E5	
151	-7.9094E-1	3.2666E1	4.7486E0	3.3312E5	
152	-7.9041E-1	3.3458E1	4.7430E0	3.3534E5	
153	-7.8827E-1	3.6629E1	4.7375E0	3.3756E5	
154	-7.8957E-1	3.4704E1	4.7318E0	3.3978E5	
155	-7.8987E-1	3.4251E1	4.7263E0	3.4200E5	
156	-7.8865E-1	3.6062E1	4.7206E0	3.4422E5	
157	-7.8827E-1	3.6629E1	4.7149E0	3.4644E5	
158	-7.8934E-1	3.5043E1	4.7093E0	3.4866E5	
159	-7.8667E-1	3.9006E1	4.7036E0	3.5088E5	
160	-7.8766E-1	3.7534E1	4.6980E0	3.5310E5	
161	-7.8636E-1	3.9459E1	4.6924E0	3.5532E5	
162	-7.8911E-1	3.5383E1	4.6867E0	3.5754E5	
163	-7.8857E-1	3.6176E1	4.6810E0	3.5976E5	
164	-7.8682E-1	3.8780E1	4.6754E0	3.6198E5	
165	-7.8499E-1	4.1497E1	4.6698E0	3.6420E5	
166	-7.8880E-1	3.5836E1	4.6640E0	3.6642E5	
167	-7.8583E-1	4.0252E1	4.6584E0	3.6864E5	
168	-7.8781E-1	3.7308E1	4.6526E0	3.7086E5	
169	-7.8606E-1	3.9912E1	4.6470E0	3.7308E5	
170	-7.8743E-1	3.7874E1	4.6413E0	3.7530E5	
171	-7.8461E-1	4.2063E1	4.6356E0	3.7752E5	
172	-7.8812E-1	3.6855E1	4.6299E0	3.7974E5	
173	-7.8690E-1	3.8667E1	4.6242E0	3.8196E5	
174	-7.8674E-1	3.8893E1	4.6184E0	3.8418E5	
175	-7.8255E-1	4.5120E1	4.6128E0	3.8640E5	
176	-7.8491E-1	4.1611E1	4.6070E0	3.8862E5	
177	-7.8331E-1	4.3988E1	4.6014E0	3.9084E5	
178	-7.8423E-1	4.2630E1	4.5955E0	3.9306E5	
179	-7.8491E-1	4.1611E1	4.5898E0	3.9528E5	
180	-7.8384E-1	4.3196E1	4.5840E0	3.9750E5	
181	-7.8453E-1	4.2177E1	4.5783E0	3.9972E5	
182	-7.8552E-1	4.0705E1	4.5727E0	4.0194E5	
183	-7.8430E-1	4.2516E1	4.5668E0	4.0416E5	
184	-7.8545E-1	4.0818E1	4.5610E0	4.0638E5	
185	-7.8392E-1	4.3082E1	4.5553E0	4.0860E5	
186	-7.8529E-1	4.1044E1	4.5494E0	4.1082E5	
187	-7.8323E-1	4.4101E1	4.5437E0	4.1304E5	
188	-7.8384E-1	4.3196E1	4.5380E0	4.1526E5	
189	-7.8621E-1	3.9686E1	4.5321E0	4.1748E5	
190	-7.8400E-1	4.2969E1	4.5263E0	4.1970E5	
191	-7.8316E-1	4.4215E1	4.5205E0	4.2192E5	
192	-7.8278E-1	4.4781E1	4.5147E0	4.2414E5	
193	-7.8224E-1	4.5573E1	4.5089E0	4.2636E5	
194	-7.8461E-1	4.2063E1	4.5031E0	4.2858E5	
195	-7.8262E-1	4.5007E1	4.4973E0	4.3080E5	
196	-7.8201E-1	4.5913E1	4.4914E0	4.3302E5	
197	-7.8011E-1	4.8744E1	4.4856E0	4.3524E5	
198	-7.8224E-1	4.5573E1	4.4798E0	4.3746E5	
199	-7.8079E-1	4.7725E1	4.4740E0	4.3968E5	
200	-7.7995E-1	4.8970E1	4.4681E0	4.4190E5	
201	-7.8125E-1	4.7045E1	4.4623E0	4.4412E5	
202	-7.7950E-1	4.9650E1	4.4564E0	4.4634E5	
203	-7.7995E-1	4.8970E1	4.4505E0	4.4856E5	
204	-7.8186E-1	4.6140E1	4.4447E0	4.5078E5	
205	-7.8270E-1	4.4894E1	4.4389E0	4.5300E5	
206	-7.7957E-1	4.9536E1	4.4331E0	4.5522E5	
207	-7.8094E-1	4.7498E1	4.4272E0	4.5744E5	
208	-7.7950E-1	4.9650E1	4.4212E0	4.5966E5	
209	-7.8239E-1	4.5347E1	4.4154E0	4.6188E5	
210	-7.8079E-1	4.7725E1	4.4094E0	4.6410E5	
211	-7.7858E-1	5.1008E1	4.4036E0	4.6632E5	
212	-7.7782E-1	5.2140E1	4.3977E0	4.6854E5	
213	-7.7766E-1	5.2367E1	4.3917E0	4.7076E5	
214	-7.7904E-1	5.0329E1	4.3860E0	4.7298E5	
215	-7.8072E-1	4.7838E1	4.3800E0	4.7520E5	
216	-7.8033E-1	4.8404E1	4.3741E0	4.7742E5	
217	-7.7827E-1	5.1461E1	4.3681E0	4.7964E5	
218	-7.7820E-1	5.1574E1	4.3623E0	4.8186E5	
219	-7.7744E-1	5.2707E1	4.3563E0	4.8408E5	
220	-7.7827E-1	5.1461E1	4.3503E0	4.8630E5	
221	-7.7705E-1	5.3273E1	4.3443E0	4.8852E5	
222	-7.7766E-1	5.2367E1	4.3384E0	4.9074E5	
223	-7.8049E-1	4.8178E1	4.3325E0	4.9296E5	
224	-7.7972E-1	4.9310E1	4.3266E0	4.9518E5	
225	-7.7492E-1	5.6443E1	4.3207E0	4.9740E5	
226	-7.7789E-1	5.2027E1	4.3146E0	4.9962E5	
227	-7.7713E-1	5.3160E1	4.3087E0	5.0184E5	
228	-7.7728E-1	5.2933E1	4.3027E0	5.0406E5	
229	-7.7591E-1	5.4971E1	4.2968E0	5.0628E5	
230	-7.7591E-1	5.4971E1	4.2908E0	5.0850E5	
231	-7.7477E-1	5.6670E1	4.2849E0	5.1072E5	
232	-7.7667E-1	5.3839E1	4.2789E0	5.1294E5	
233	-7.7545E-1	5.5650E1	4.2729E0	5.1516E5	
234	-7.7454E-1	5.7009E1	4.2669E0	5.1738E5	
235	-7.7309E-1	5.9160E1	4.2609E0	5.1960E5	
236	-7.7492E-1	5.6443E1	4.2549E0	5.2182E5	
237	-7.7370E-1	5.8255E1	4.2489E0	5.2404E5	
238	-7.7492E-1	5.6443E1	4.2429E0	5.2626E5	
239	-7.7515E-1	5.6103E1	4.2369E0	5.2848E5	
240	-7.7370E-1	5.8255E1	4.2308E0	5.3070E5	
241	-7.7454E-1	5.7009E1	4.2249E0	5.3292E5	
242	-7.7507E-1	5.6217E1	4.2188E0	5.3514E5	
243	-7.7629E-1	5.4405E1	4.2129E0	5.3736E5	
244	-7.7309E-1	5.9160E1	4.2068E0	5.3958E5	
245	-7.7240E-1	6.0180E1	4.2007E0	5.4180E5	
246	-7.7316E-1	5.9047E1	4.1948E0	5.4402E5	
247	-7.7461E-1	5.6896E1	4.1887E0	5.4624E5	
248	-7.7118E-1	6.1991E1	4.1826E0	5.4846E5	
249	-7.7347E-1	5.8594E1	4.1765E0	5.5068E5	
250	-7.7034E-1	6.3237E1	4.1705E0	5.5290E5	
251	-7.7316E-1	5.9047E1	4.1644E0	5.5512E5	
252	-7.7301E-1	5.9274E1	4.1584E0	5.5734E5	
253	-7.6950E-1	6.4482E1	4.1523E0	5.5956E5	
254	-7.7110E-1	6.2104E1	4.1462E0	5.6178E5	
255	-7.7202E-1	6.0746E1	4.1401E0	5.6400E5	
256	-7.7042E-1	6.3123E1	4.1340E0	5.6622E5	
257	-7.7118E-1	6.1991E1	4.1280E0	5.6844E5	
258	-7.7042E-1	6.3123E1	4.1219E0	5.7066E5	
259	-7.6950E-1	6.4482E1	4.1158E0	5.7288E5	
260	-7.7049E-1	6.3010E1	4.1098E0	5.7510E5	
261	-7.7072E-1	6.2670E1	4.1037E0	5.7732E5	
262	-7.7126E-1	6.1878E1	4.0976E0	5.7954E5	
263	-7.6752E-1	6.7426E1	4.0915E0	5.8176E5	
264	-7.7019E-1	6.3463E1	4.0854E0	5.8398E5	
265	-7.7003E-1	6.3690E1	4.0792E0	5.8620E5	
266	-7.7049E-1	6.3010E1	4.0731E0	5.8842E5	
267	-7.6706E-1	6.8105E1	4.0670E0	5.9064E5	
268	-7.6836E-1	6.6180E1	4.0609E0	5.9286E5	
269	-7.7072E-1	6.2670E1	4.0548E0	5.9508E5	
270	-7.6912E-1	6.5048E1	4.0487E0	5.9730E5	
271	-7.7057E-1	6.2897E1	4.0425E0	5.9952E5	
272	-7.6828E-1	6.6294E1	4.0364E0	6.0174E5	
273	-7.6805E-1	6.6633E1	4.0303E0	6.0396E5	
274	-7.6790E-1	6.6860E1	4.0241E0	6.0618E5	
275	-7.6820E-1	6.6407E1	4.0179E0	6.0840E5	
276	-7.7057E-1	6.2897E1	4.0118E0	6.1062E5	
277	-7.6630E-1	6.9238E1	4.0055E0	6.1284E5	
278	-7.6859E-1	6.5841E1	3.9994E0	6.1506E5	
279	-7.6653E-1	6.8898E1	3.9933E0	6.1728E5	
280	-7.6630E-1	6.9238E1	3.9871E0	6.1950E5	
281	-7.6942E-1	6.4595E1	3.9809E0	6.2172E5	
282	-7.6820E-1	6.6407E1	3.9748E0	6.2394E5	
283	-7.6614E-1	6.9464E1	3.9686E0	6.2616E5	
284	-7.6645E-1	6.9011E1	3.9625E0	6.2838E5	
285	-7.6836E-1	6.6180E1	3.9562E0	6.3060E5	
286	-7.6866E-1	6.5728E1	3.9500E0	6.3282E5	
287	-7.6736E-1	6.7652E1	3.9438E0	6.3504E5	
288	-7.6607E-1	6.9577E1	3.9375E0	6.3726E5	
289	-7.6607E-1	6.9577E1	3.9314E0	6.3948E5	
290	-7.6523E-1	7.0823E1	3.9253E0	6.4170E5	
291	-7.6607E-1	6.9577E1	3.9189E0	6.4392E5	
292	-7.6675E-1	6.8558E1	3.9127E0	6.4614E5	
293	-7.6401E-1	7.2634E1	3.9066E0	6.4836E5	
294	-7.6355E-1	7.3314E1	3.9004E0	6.5058E5	
295	-7.6401E-1	7.2634E1	3.8941E0	6.5280E5	
296	-7.6363E-1	7.3200E1	3.8879E0	6.5502E5	
297	-7.6393E-1	7.2748E1	3.8817E0	6.5724E5	
298	-7.6408E-1	7.2521E1	3.8754E0	6.5946E5	
299	-7.6416E-1	7.2408E1	3.8692E0	6.6168E5	
300	-7.6332E-1	7.3653E1	3.8629E0	6.6390E5	
301	-7.6180E-1	7.5918E1	3.8567E0	6.6612E5	
302	-7.6401E-1	7.2634E1	3.8505E0	6.6834E5	
303	-7.6233E-1	7.5125E1	3.8442E0	6.7056E5	
304	-7.6233E-1	7.5125E1	3.8380E0	6.7278E5	
305	-7.6538E-1	7.0596E1	3.8316E0	6.7500E5	
306	-7.6195E-1	7.5691E1	3.8254E0	6.7722E5	
307	-7.5958E-1	7.9201E1	3.8192E0	6.7944E5	
308	-7.6225E-1	7.5239E1	3.8129E0	6.8166E5	
309	-7.6294E-1	7.4220E1	3.8067E0	6.8388E5	
310	-7.6080E-1	7.7390E1	3.8003E0	6.8610E5	
311	-7.6164E-1	7.6144E1	3.7941E0	6.8832E5	
312	-7.6111E-1	7.6937E1	3.7878E0	6.9054E5	
313	-7.6080E-1	7.7390E1	3.7815E0	6.9276E5	
314	-7.5905E-1	7.9994E1	3.7751E0	6.9498E5	
315	-7.6210E-1	7.5465E1	3.7689E0	6.9720E5	
316	-7.6042E-1	7.7956E1	3.7626E0	6.9942E5	
317	-7.6294E-1	7.4220E1	3.7564E0	7.0164E5	
318	-7.6195E-1	7.5691E1	3.7499E0	7.0386E5	
319	-7.5905E-1	7.9994E1	3.7437E0	7.0608E5	
320	-7.5798E-1	8.1579E1	3.7373E0	7.0830E5	
321	-7.5813E-1	8.1353E1	3.7311E0	7.1052E5	
322	-7.5752E-1	8.2259E1	3.7248E0	7.1274E5	
323	-7.5859E-1	8.0673E1	3.7185E0	7.1496E5	
324	-7.5897E-1	8.0107E1	3.7120E0	7.1718E5	
325	-7.5981E-1	7.8862E1	3.7057E0	7.1940E5	
326	-7.5760E-1	8.2145E1	3.6993E0	7.2162E5	
327	-7.5806E-1	8.1466E1	3.6931E0	7.2384E5	
328	-7.5653E-1	8.3730E1	3.6867E0	7.2606E5	
329	-7.5867E-1	8.0560E1	3.6804E0	7.2828E5	
330	-7.5661E-1	8.3617E1	3.6740E0	7.3050E5	
331	-7.5432E-1	8.7014E1	3.6677E0	7.3272E5	
332	-7.5676E-1	8.3391E1	3.6613E0	7.3494E5	
333	-7.5775E-1	8.1919E1	3.6549E0	7.3716E5	
334	-7.5668E-1	8.3504E1	3.6486E0	7.3938E5	
335	-7.5630E-1	8.4070E1	3.6423E0	7.4160E5	
336	-7.5607E-1	8.4410E1	3.6359E0	7.4382E5	
337	-7.5500E-1	8.5995E1	3.6295E0	7.4604E5	
338	-7.5462E-1	8.6561E1	3.6232E0	7.4826E5	
339	-7.5531E-1	8.5542E1	3.6167E0	7.5048E5	
340	-7.5485E-1	8.6221E1	3.6103E0	7.5270E5	
341	-7.5645E-1	8.3844E1	3.6040E0	7.5492E5	
342	-7.5577E-1	8.4863E1	3.5976E0	7.5714E5	
343	-7.5668E-1	8.3504E1	3.5911E0	7.5936E5	
344	-7.5325E-1	8.8599E1	3.5848E0	7.6158E5	
345	-7.5516E-1	8.5769E1	3.5783E0	7.6380E5	
346	-7.5386E-1	8.7693E1	3.5719E0	7.6602E5	
347	-7.5592E-1	8.4636E1	3.5656E0	7.6824E5	
348	-7.5378E-1	8.7807E1	3.5592E0	7.7046E5	
349	-7.5455E-1	8.6674E1	3.5527E0	7.7268E5	
350	-7.5462E-1	8.6561E1	3.5463E0	7.7490E5	
351	-7.5333E-1	8.8486E1	3.5399E0	7.7712E5	
352	-7.5485E-1	8.6221E1	3.5335E0	7.7934E5	
353	-7.5363E-1	8.8033E1	3.5269E0	7.8156E5	
354	-7.5302E-1	8.8939E1	3.5207E0	7.8378E5	
355	-7.5264E-1	8.9505E1	3.5142E0	7.8600E5	
356	-7.5272E-1	8.9392E1	3.5077E0	7.8822E5	
357	-7.5195E-1	9.0524E1	3.5013E0	7.9044E5	
358	-7.5233E-1	8.9958E1	3.4949E0	7.9266E5	
359	-7.5218E-1	9.0184E1	3.4884E0	7.9488E5	
360	-7.5119E-1	9.1656E1	3.4820E0	7.9710E5	
361	-7.5294E-1	8.9052E1	3.4755E0	7.9932E5	
362	-7.5142E-1	9.1317E1	3.4690E0	8.0154E5	
363	-7.5142E-1	9.1317E1	3.4626E0	8.0376E5	
364	-7.5027E-1	9.3015E1	3.4562E0	8.0598E5	
365	-7.5333E-1	8.8486E1	3.4496E0	8.0820E5	
366	-7.5203E-1	9.0411E1	3.4432E0	8.1042E5	
367	-7.5035E-1	9.2902E1	3.4366E0	8.1264E5	
368	-7.4974E-1	9.3808E1	3.4303E0	8.1486E5	
369	-7.4966E-1	9.3921E1	3.4237E0	8.1708E5	
370	-7.5249E-1	8.9731E1	3.4172E0	8.1930E5	
371	-7.4768E-1	9.6865E1	3.4107E0	8.2152E5	
372	-7.4921E-1	9.4600E1	3.4043E0	8.2374E5	
373	-7.5111E-1	9.1770E1	3.3978E0	8.2596E5	
374	-7.5012E-1	9.3241E1	3.3914E0	8.2818E5	
375	-7.4989E-1	9.3581E1	3.3848E0	8.3040E5	
376	-7.4844E-1	9.5732E1	3.3782E0	8.3262E5	
377	-7.4783E-1	9.6638E1	3.3717E0	8.3484E5	
378	-7.4844E-1	9.5732E1	3.3652E0	8.3706E5	
379	-7.4707E-1	9.7770E1	3.3587E0	8.3928E5	
380	-7.4677E-1	9.8223E1	3.3522E0	8.4150E5	
381	-7.4860E-1	9.5506E1	3.3457E0	8.4372E5	
382	-7.4738E-1	9.7318E1	3.3392E0	8.4594E5	
383	-7.4783E-1	9.6638E1	3.3326E0	8.4816E5	
384	-7.4608E-1	9.9242E1	3.3260E0	8.5038E5	
385	-7.4608E-1	9.9242E1	3.3196E0	8.5260E5	
386	-7.4829E-1	9.5959E1	3.3130E0	8.5482E5	
387	-7.4654E-1	9.8563E1	3.3065E0	8.5704E5	
388	-7.4661E-1	9.8450E1	3.2999E0	8.5926E5	
389	-7.4341E-1	1.0321E2	3.2934E0	8.6148E5	
390	-7.4554E-1	1.0003E2	3.2869E0	8.6370E5	
391	-7.4570E-1	9.9809E1	3.2804E0	8.6592E5	
392	-7.4409E-1	1.0219E2	3.2738E0	8.6814E5	
393	-7.4455E-1	1.0151E2	3.2672E0	8.7036E5	
394	-7.4356E-1	1.0298E2	3.2607E0	8.7258E5	
395	-7.4371E-1	1.0275E2	3.2542E0	8.7480E5	
396	-7.4371E-1	1.0275E2	3.2475E0	8.7702E5	
397	-7.4303E-1	1.0377E2	3.2409E0	8.7924E5	
398	-7.4432E-1	1.0185E2	3.2344E0	8.8146E5	
399	-7.4455E-1	1.0151E2	3.2278E0	8.8368E5	
400	-7.4379E-1	1.0264E2	3.2212E0	8.8590E5	
401	-7.4257E-1	1.0445E2	3.2147E0	8.8812E5	
402	-7.4097E-1	1.0683E2	3.2081E0	8.9034E5	
403	-7.4112E-1	1.0660E2	3.2015E0	8.9256E5	
404	-7.4112E-1	1.0660E2	3.1950E0	8.9478E5	
405	-7.4219E-1	1.0502E2	3.1884E0	8.9700E5	
406	-7.4234E-1	1.0479E2	3.1817E0	8.9922E5	
407	-7.4257E-1	1.0445E2	3.1752E0	9.0144E5	
408	-7.4257E-1	1.0445E2	3.1684E0	9.0366E5	
409	-7.4150E-1	1.0604E2	3.1619E0	9.0588E5	
410	-7.4043E-1	1.0762E2	3.1553E0	9.0810E5	
411	-7.4081E-1	1.0705E2	3.1485E0	9.1032E5	
412	-7.4211E-1	1.0513E2	3.1421E0	9.1254E5	
413	-7.4097E-1	1.0683E2	3.1355E0	9.1476E5	
414	-7.4059E-1	1.0739E2	3.1289E0	9.1698E5	
415	-7.3914E-1	1.0955E2	3.1222E0	9.1920E5	
416	-7.3875E-1	1.1011E2	3.1155E0	9.2142E5	
417	-7.3936E-1	1.0921E2	3.1089E0	9.2364E5	
418	-7.4005E-1	1.0819E2	3.1024E0	9.2586E5	
419	-7.4066E-1	1.0728E2	3.0957E0	9.2808E5	
420	-7.3799E-1	1.1124E2	3.0890E0	9.3030E5	
421	-7.4028E-1	1.0785E2	3.0824E0	9.3252E5	
422	-7.3807E-1	1.1113E2	3.0758E0	9.3474E5	
423	-7.3952E-1	1.0898E2	3.0691E0	9.3696E5	
424	-7.3799E-1	1.1124E2	3.0624E0	9.3918E5	
425	-7.3730E-1	1.1226E2	3.0559E0	9.4140E5	
426	-7.3792E-1	1.1136E2	3.0491E0	9.4362E5	
427	-7.3761E-1	1.1181E2	3.0425E0	9.4584E5	
428	-7.3608E-1	1.1407E2	3.0359E0	9.4806E5	
429	-7.3631E-1	1.1374E2	3.0291E0	9.5028E5	
430	-7.3639E-1	1.1362E2	3.0225E0	9.5250E5	
431	-7.3639E-1	1.1362E2	3.0158E0	9.5472E5	
432	-7.3410E-1	1.1702E2	3.0091E0	9.5694E5	
433	-7.3570E-1	1.1464E2	3.0024E0	9.5916E5	
434	-7.3814E-1	1.1102E2	2.9958E0	9.6138E5	
435	-7.3540E-1	1.1509E2	2.9891E0	9.6360E5	
436	-7.3593E-1	1.1430E2	2.9825E0	9.6582E5	
437	-7.3433E-1	1.1668E2	2.9757E0	9.6804E5	
438	-7.3471E-1	1.1611E2	2.9690E0	9.7026E5	
439	-7.3418E-1	1.1691E2	2.9623E0	9.7248E5	
440	-7.3303E-1	1.1860E2	2.9556E0	9.7470E5	
441	-7.3517E-1	1.1543E2	2.9489E0	9.7692E5	
442	-7.3402E-1	1.1713E2	2.9422E0	9.7914E5	
443	-7.3578E-1	1.1453E2	2.9356E0	9.8136E5	
444	-7.3227E-1	1.1974E2	2.9288E0	9.8358E5	
445	-7.3334E-1	1.1815E2	2.9222E0	9.8580E5	
446	-7.3280E-1	1.1894E2	2.9155E0	9.8802E5	
447	-7.3257E-1	1.1928E2	2.9086E0	9.9024E5	
448	-7.3357E-1	1.1781E2	2.9020E0	9.9246E5	
449	-7.3296E-1	1.1872E2	2.8953E0	9.9468E5	
450	-7.3158E-1	1.2076E2	2.8886E0	9.9690E5	
451	-7.3196E-1	1.2019E2	2.8818E0	9.9912E5	
452	-7.2945E-1	1.2393E2	2.8751E0	1.0013E6	
453	-7.3082E-1	1.2189E2	2.8682E0	1.0036E6	
454	-7.2983E-1	1.2336E2	2.8615E0	1.0058E6	
455	-7.3097E-1	1.2166E2	2.8548E0	1.0080E6	
456	-7.3097E-1	1.2166E2	2.8482E0	1.0102E6	
457	-7.3204E-1	1.2008E2	2.8415E0	1.0124E6	
458	-7.3067E-1	1.2211E2	2.8346E0	1.0147E6	
459	-7.2861E-1	1.2517E2	2.8278E0	1.0169E6	
460	-7.2815E-1	1.2585E2	2.8211E0	1.0191E6	
461	-7.2754E-1	1.2676E2	2.8144E0	1.0213E6	
462	-7.2571E-1	1.2947E2	2.8077E0	1.0235E6	
463	-7.3059E-1	1.2223E2	2.8009E0	1.0258E6	
464	-7.3120E-1	1.2132E2	2.7941E0	1.0280E6	
465	-7.2922E-1	1.2427E2	2.7873E0	1.0302E6	
466	-7.2716E-1	1.2732E2	2.7807E0	1.0324E6	
467	-7.2701E-1	1.2755E2	2.7738E0	1.0346E6	
468	-7.2983E-1	1.2336E2	2.7670E0	1.0369E6	
469	-7.2876E-1	1.2494E2	2.7604E0	1.0391E6	
470	-7.2868E-1	1.2506E2	2.7535E0	1.0413E6	
471	-7.2815E-1	1.2585E2	2.7467E0	1.0435E6	
472	-7.2746E-1	1.2687E2	2.7400E0	1.0457E6	
473	-7.2685E-1	1.2778E2	2.7331E0	1.0480E6	
474	-7.2647E-1	1.2834E2	2.7264E0	1.0502E6	
475	-7.2708E-1	1.2744E2	2.7196E0	1.0524E6	
476	-7.2449E-1	1.3129E2	2.7127E0	1.0546E6	
477	-7.2800E-1	1.2608E2	2.7060E0	1.0568E6	
478	-7.2617E-1	1.2879E2	2.6991E0	1.0591E6	
479	-7.2670E-1	1.2800E2	2.6923E0	1.0613E6	
480	-7.2571E-1	1.2947E2	2.6856E0	1.0635E6	
481	-7.2685E-1	1.2778E2	2.6788E0	1.0657E6	
482	-7.2609E-1	1.2891E2	2.6720E0	1.0679E6	
483	-7.2472E-1	1.3095E2	2.6652E0	1.0702E6	
484	-7.2464E-1	1.3106E2	2.6584E0	1.0724E6	
485	-7.2449E-1	1.3129E2	2.6516E0	1.0746E6	
486	-7.2289E-1	1.3366E2	2.6447E0	1.0768E6	
487	-7.2601E-1	1.2902E2	2.6378E0	1.0790E6	
488	-7.2479E-1	1.3083E2	2.6310E0	1.0813E6	
489	-7.2517E-1	1.3027E2	2.6241E0	1.0835E6	
490	-7.2182E-1	1.3525E2	2.6173E0	1.0857E6	
491	-7.2380E-1	1.3230E2	2.6105E0	1.0879E6	
492	-7.2205E-1	1.3491E2	2.6038E0	1.0901E6	
493	-7.2411E-1	1.3185E2	2.5968E0	1.0924E6	
494	-7.2273E-1	1.3389E2	2.5900E0	1.0946E6	
495	-7.2342E-1	1.3287E2	2.5832E0	1.0968E6	
496	-7.2258E-1	1.3412E2	2.5763E0	1.0990E6	
497	-7.2060E-1	1.3706E2	2.5695E0	1.1012E6	
498	-7.2136E-1	1.3593E2	2.5627E0	1.1035E6	
499	-7.2289E-1	1.3366E2	2.5557E0	1.1057E6	
500	-7.2151E-1	1.3570E2	2.5489E0	1.1079E6	
501	-7.2113E-1	1.3627E2	2.5420E0	1.1101E6	
502	-7.2113E-1	1.3627E2	2.5352E0	1.1123E6	
503	-7.2052E-1	1.3717E2	2.5284E0	1.1146E6	
504	-7.2014E-1	1.3774E2	2.5215E0	1.1168E6	
505	-7.2258E-1	1.3412E2	2.5146E0	1.1190E6	
506	-7.2067E-1	1.3695E2	2.5077E0	1.1212E6	
507	-7.1861E-1	1.4000E2	2.5008E0	1.1234E6	
508	-7.1854E-1	1.4012E2	2.4941E0	1.1257E6	
509	-7.1945E-1	1.3876E2	2.4871E0	1.1279E6	
510	-7.1892E-1	1.3955E2	2.4802E0	1.1301E6	
511	-7.1899E-1	1.3944E2	2.4734E0	1.1323E6	
512	-7.1800E-1	1.4091E2	2.4665E0	1.1345E6	
513	-7.1808E-1	1.4080E2	2.4597E0	1.1368E6	
514	-7.1632E-1	1.4340E2	2.4528E0	1.1390E6	
515	-7.1739E-1	1.4182E2	2.4458E0	1.1412E6	
516	-7.1701E-1	1.4238E2	2.4390E0	1.1434E6	
517	-7.1602E-1	1.4385E2	2.4320E0	1.1456E6	
518	-7.1739E-1	1.4182E2	2.4251E0	1.1479E6	
519	-7.1587E-1	1.4408E2	2.4183E0	1.1501E6	
520	-7.1716E-1	1.4215E2	2.4114E0	1.1523E6	
521	-7.1724E-1	1.4204E2	2.4045E0	1.1545E6	
522	-7.1671E-1	1.4283E2	2.3976E0	1.1567E6	
523	-7.1854E-1	1.4012E2	2.3907E0	1.1590E6	
524	-7.1487E-1	1.4555E2	2.3838E0	1.1612E6	
525	-7.1548E-1	1.4465E2	2.3768E0	1.1634E6	
526	-7.1541E-1	1.4476E2	2.3700E0	1.1656E6	
527	-7.1396E-1	1.4691E2	2.3630E0	1.1678E6	
528	-7.1495E-1	1.4544E2	2.3561E0	1.1701E6	
529	-7.1495E-1	1.4544E2	2.3491E0	1.1723E6	
530	-7.1228E-1	1.4940E2	2.3423E0	1.1745E6	
531	-7.1411E-1	1.4668E2	2.3353E0	1.1767E6	
532	-7.1060E-1	1.5189E2	2.3284E0	1.1789E6	
533	-7.1190E-1	1.4997E2	2.3215E0	1.1812E6	
534	-7.1373E-1	1.4725E2	2.3145E0	1.1834E6	
535	-7.1411E-1	1.4668E2	2.3076E0	1.1856E6	
536	-7.1068E-1	1.5178E2	2.3006E0	1.1878E6	
537	-7.1327E-1	1.4793E2	2.2937E0	1.1900E6	
538	-7.1121E-1	1.5099E2	2.2868E0	1.1923E6	
539	-7.1358E-1	1.4748E2	2.2798E0	1.1945E6	
540	-7.1136E-1	1.5076E2	2.2728E0	1.1967E6	
541	-7.1350E-1	1.4759E2	2.2660E0	1.1989E6	
542	-7.1159E-1	1.5042E2	2.2591E0	1.2011E6	
543	-7.1091E-1	1.5144E2	2.2520E0	1.2034E6	
544	-7.1198E-1	1.4985E2	2.2451E0	1.2056E6	
545	-7.1243E-1	1.4917E2	2.2381E0	1.2078E6	
546	-7.1060E-1	1.5189E2	2.2313E0	1.2100E6	
547	-7.1121E-1	1.5099E2	2.2242E0	1.2122E6	
548	-7.1129E-1	1.5087E2	2.2173E0	1.2145E6	
549	-7.1068E-1	1.5178E2	2.2102E0	1.2167E6	
550	-7.0900E-1	1.5427E2	2.2034E0	1.2189E6	
551	-7.1388E-1	1.4702E2	2.1962E0	1.2211E6	
552	-7.1106E-1	1.5121E2	2.1893E0	1.2233E6	
553	-7.1411E-1	1.4668E2	2.1823E0	1.2256E6	
554	-7.0908E-1	1.5416E2	2.1755E0	1.2278E6	
555	-7.1114E-1	1.5110E2	2.1685E0	1.2300E6	
556	-7.1091E-1	1.5144E2	2.1615E0	1.2322E6	
557	-7.0900E-1	1.5427E2	2.1545E0	1.2344E6	
558	-7.1037E-1	1.5223E2	2.1475E0	1.2367E6	
559	-7.0923E-1	1.5393E2	2.1405E0	1.2389E6	
560	-7.0641E-1	1.5812E2	2.1337E0	1.2411E6	
561	-7.0923E-1	1.5393E2	2.1266E0	1.2433E6	
562	-7.0908E-1	1.5416E2	2.1197E0	1.2455E6	
563	-7.0793E-1	1.5586E2	2.1126E0	1.2478E6	
564	-7.0580E-1	1.5903E2	2.1056E0	1.2500E6	
565	-7.0808E-1	1.5563E2	2.0986E0	1.2522E6	
566	-7.0587E-1	1.5891E2	2.0916E0	1.2544E6	
567	-7.0724E-1	1.5687E2	2.0846E0	1.2566E6	
568	-7.0786E-1	1.5597E2	2.0776E0	1.2589E6	
569	-7.0457E-1	1.6084E2	2.0706E0	1.2611E6	
570	-7.0457E-1	1.6084E2	2.0636E0	1.2633E6	
571	-7.0648E-1	1.5801E2	2.0567E0	1.2655E6	
572	-7.0511E-1	1.6004E2	2.0495E0	1.2677E6	
573	-7.0496E-1	1.6027E2	2.0425E0	1.2700E6	
574	-7.0412E-1	1.6152E2	2.0355E0	1.2722E6	
575	-7.0557E-1	1.5937E2	2.0284E0	1.2744E6	
576	-7.0274E-1	1.6355E2	2.0215E0	1.2766E6	
577	-7.0076E-1	1.6650E2	2.0144E0	1.2788E6	
578	-7.0290E-1	1.6333E2	2.0075E0	1.2811E6	
579	-7.0358E-1	1.6231E2	2.0005E0	1.2833E6	
580	-7.0595E-1	1.5880E2	1.9935E0	1.2855E6	
581	-7.0351E-1	1.6242E2	1.9863E0	1.2877E6	
582	-7.0320E-1	1.6288E2	1.9794E0	1.2899E6	
583	-7.0251E-1	1.6389E2	1.9723E0	1.2922E6	
584	-7.0091E-1	1.6627E2	1.9654E0	1.2944E6	
585	-7.0198E-1	1.6469E2	1.9582E0	1.2966E6	
586	-7.0076E-1	1.6650E2	1.9513E0	1.2988E6	
587	-7.0015E-1	1.6740E2	1.9442E0	1.3010E6	
588	-7.0061E-1	1.6672E2	1.9371E0	1.3033E6	
589	-6.9763E-1	1.7114E2	1.9301E0	1.3055E6	
590	-7.0198E-1	1.6469E2	1.9231E0	1.3077E6	
591	-7.0129E-1	1.6571E2	1.9160E0	1.3099E6	
592	-6.9641E-1	1.7295E2	1.9090E0	1.3121E6	
593	-7.0038E-1	1.6706E2	1.9019E0	1.3144E6	
594	-7.0015E-1	1.6740E2	1.8950E0	1.3166E6	
595	-7.0091E-1	1.6627E2	1.8879E0	1.3188E6	
596	-6.9946E-1	1.6842E2	1.8807E0	1.3210E6	
597	-6.9824E-1	1.7023E2	1.8738E0	1.3232E6	
598	-6.9740E-1	1.7148E2	1.8668E0	1.3255E6	
599	-6.9824E-1	1.7023E2	1.8596E0	1.3277E6	
600	-6.9908E-1	1.6899E2	1.8527E0	1.3299E6	
601	-6.9832E-1	1.7012E2	1.8455E0	1.3321E6	
602	-6.9946E-1	1.6842E2	1.8385E0	1.3343E6	
603	-7.0015E-1	1.6740E2	1.8314E0	1.3366E6	
604	-6.9916E-1	1.6888E2	1.8243E0	1.3388E6	
605	-6.9626E-1	1.7318E2	1.8172E0	1.3410E6	
606	-6.9534E-1	1.7454E2	1.8102E0	1.3432E6	
607	-6.9801E-1	1.7057E2	1.8031E0	1.3454E6	
608	-6.9649E-1	1.7284E2	1.7960E0	1.3477E6	
609	-6.9771E-1	1.7103E2	1.7890E0	1.3499E6	
610	-6.9633E-1	1.7307E2	1.7819E0	1.3521E6	
611	-6.9748E-1	1.7137E2	1.7749E0	1.3543E6	
612	-6.9588E-1	1.7374E2	1.7678E0	1.3565E6	
613	-6.9763E-1	1.7114E2	1.7608E0	1.3588E6	
614	-6.9679E-1	1.7239E2	1.7537E0	1.3610E6	
615	-6.9710E-1	1.7193E2	1.7466E0	1.3632E6	
616	-6.9641E-1	1.7295E2	1.7395E0	1.3654E6	
617	-6.9496E-1	1.7510E2	1.7324E0	1.3676E6	
618	-6.9489E-1	1.7522E2	1.7253E0	1.3699E6	
619	-6.9412E-1	1.7635E2	1.7183E0	1.3721E6	
620	-6.9725E-1	1.7171E2	1.7113E0	1.3743E6	
621	-6.9290E-1	1.7816E2	1.7041E0	1.3765E6	
622	-6.9695E-1	1.7216E2	1.6969E0	1.3787E6	
623	-6.9603E-1	1.7352E2	1.6899E0	1.3810E6	
624	-6.9595E-1	1.7363E2	1.6828E0	1.3832E6	
625	-6.9267E-1	1.7850E2	1.6757E0	1.3854E6	
626	-6.9351E-1	1.7725E2	1.6687E0	1.3876E6	
627	-6.9366E-1	1.7703E2	1.6615E0	1.3898E6	
628	-6.9504E-1	1.7499E2	1.6545E0	1.3921E6	
629	-6.9344E-1	1.7737E2	1.6473E0	1.3943E6	
630	-6.9016E-1	1.8224E2	1.6403E0	1.3965E6	
631	-6.9260E-1	1.7861E2	1.6332E0	1.3987E6	
632	-6.9328E-1	1.7759E2	1.6260E0	1.4009E6	
633	-6.8962E-1	1.8303E2	1.6189E0	1.4032E6	
634	-6.9351E-1	1.7725E2	1.6118E0	1.4054E6	
635	-6.9229E-1	1.7907E2	1.6047E0	1.4076E6	
636	-6.9122E-1	1.8065E2	1.5977E0	1.4098E6	
637	-6.8901E-1	1.8394E2	1.5905E0	1.4120E6	
638	-6.9061E-1	1.8156E2	1.5834E0	1.4143E6	
639	-6.8985E-1	1.8269E2	1.5764E0	1.4165E6	
640	-6.9069E-1	1.8144E2	1.5692E0	1.4187E6	
641	-6.9077E-1	1.8133E2	1.5621E0	1.4209E6	
642	-6.9016E-1	1.8224E2	1.5549E0	1.4231E6	
643	-6.9031E-1	1.8201E2	1.5478E0	1.4254E6	
644	-6.8985E-1	1.8269E2	1.5408E0	1.4276E6	
645	-6.8916E-1	1.8371E2	1.5336E0	1.4298E6	
646	-6.8909E-1	1.8382E2	1.5265E0	1.4320E6	
647	-6.9038E-1	1.8190E2	1.5194E0	1.4342E6	
648	-6.8741E-1	1.8631E2	1.5123E0	1.4365E6	
649	-6.8924E-1	1.8360E2	1.5051E0	1.4387E6	
650	-6.9046E-1	1.8178E2	1.4981E0	1.4409E6	
651	-6.8535E-1	1.8937E2	1.4909E0	1.4431E6	
652	-6.8787E-1	1.8563E2	1.4838E0	1.4453E6	
653	-6.8672E-1	1.8733E2	1.4766E0	1.4476E6	
654	-6.8832E-1	1.8495E2	1.4695E0	1.4498E6	
655	-6.8657E-1	1.8756E2	1.4624E0	1.4520E6	
656	-6.8619E-1	1.8812E2	1.4553E0	1.4542E6	
657	-6.8581E-1	1.8869E2	1.4481E0	1.4564E6	
658	-6.8741E-1	1.8631E2	1.4410E0	1.4587E6	
659	-6.8604E-1	1.8835E2	1.4339E0	1.4609E6	
660	-6.8466E-1	1.9039E2	1.4268E0	1.4631E6	
661	-6.8375E-1	1.9175E2	1.4197E0	1.4653E6	
662	-6.8336E-1	1.9231E2	1.4125E0	1.4675E6	
663	-6.8489E-1	1.9005E2	1.4053E0	1.4698E6	
664	-6.8390E-1	1.9152E2	1.3983E0	1.4720E6	
665	-6.8527E-1	1.8948E2	1.3911E0	1.4742E6	
666	-6.8558E-1	1.8903E2	1.3841E0	1.4764E6	
667	-6.8375E-1	1.9175E2	1.3768E0	1.4786E6	
668	-6.8283E-1	1.9311E2	1.3696E0	1.4809E6	
669	-6.8367E-1	1.9186E2	1.3625E0	1.4831E6	
670	-6.8146E-1	1.9514E2	1.3553E0	1.4853E6	
671	-6.8352E-1	1.9209E2	1.3482E0	1.4875E6	
672	-6.8146E-1	1.9514E2	1.3412E0	1.4897E6	
673	-6.8314E-1	1.9265E2	1.3340E0	1.4920E6	
674	-6.8123E-1	1.9548E2	1.3268E0	1.4942E6	
675	-6.8382E-1	1.9163E2	1.3196E0	1.4964E6	
676	-6.8275E-1	1.9322E2	1.3125E0	1.4986E6	
677	-6.8031E-1	1.9684E2	1.3055E0	1.5008E6	
678	-6.8275E-1	1.9322E2	1.2983E0	1.5031E6	
679	-6.8329E-1	1.9243E2	1.2910E0	1.5053E6	
680	-6.8367E-1	1.9186E2	1.2840E0	1.5075E6	
681	-6.8123E-1	1.9548E2	1.2768E0	1.5097E6	
682	-6.8130E-1	1.9537E2	1.2697E0	1.5119E6	
683	-6.8077E-1	1.9616E2	1.2625E0	1.5142E6	
684	-6.8115E-1	1.9560E2	1.2554E0	1.5164E6	
685	-6.8329E-1	1.9243E2	1.2482E0	1.5186E6	
686	-6.8031E-1	1.9684E2	1.2411E0	1.5208E6	
687	-6.8039E-1	1.9673E2	1.2339E0	1.5230E6	
688	-6.8001E-1	1.9730E2	1.2268E0	1.5253E6	
689	-6.8115E-1	1.9560E2	1.2197E0	1.5275E6	
690	-6.8115E-1	1.9560E2	1.2124E0	1.5297E6	
691	-6.8024E-1	1.9696E2	1.2053E0	1.5319E6	
692	-6.7947E-1	1.9809E2	1.1982E0	1.5341E6	
693	-6.7741E-1	2.0115E2	1.1911E0	1.5364E6	
694	-6.7879E-1	1.9911E2	1.1840E0	1.5386E6	
695	-6.7932E-1	1.9831E2	1.1767E0	1.5408E6	
696	-6.7726E-1	2.0137E2	1.1695E0	1.5430E6	
697	-6.7810E-1	2.0013E2	1.1625E0	1.5452E6	
698	-6.7680E-1	2.0205E2	1.1553E0	1.5475E6	
699	-6.7970E-1	1.9775E2	1.1482E0	1.5497E6	
700	-6.7528E-1	2.0432E2	1.1410E0	1.5519E6	
701	-6.7780E-1	2.0058E2	1.1338E0	1.5541E6	
702	-7.0679E-1	1.5755E2	1.1266E0	1.5563E6	
703	-7.0717E-1	1.5699E2	1.1195E0	1.5586E6	
704	-7.0190E-1	1.6480E2	1.1124E0	1.5608E6	
705	-6.9618E-1	1.7329E2	1.1052E0	1.5630E6	
706	-6.9138E-1	1.8043E2	1.0981E0	1.5652E6	
707	-6.8420E-1	1.9107E2	1.0909E0	1.5674E6	
708	-6.7833E-1	1.9979E2	1.0838E0	1.5697E6	
709	-6.7558E-1	2.0386E2	1.0766E0	1.5719E6	
710	-6.6849E-1	2.1439E2	1.0696E0	1.5741E6	
711	-6.6643E-1	2.1745E2	1.0623E0	1.5763E6	
712	-6.6284E-1	2.2277E2	1.0551E0	1.5785E6	
713	-6.6338E-1	2.2198E2	1.0480E0	1.5808E6	
714	-6.5727E-1	2.3104E2	1.0409E0	1.5830E6	
715	-6.5140E-1	2.3976E2	1.0336E0	1.5852E6	
716	-6.4705E-1	2.4621E2	1.0265E0	1.5874E6	
717	-6.4125E-1	2.5481E2	1.0193E0	1.5896E6	
718	-6.3362E-1	2.6614E2	1.0122E0	1.5919E6	
719	-6.3065E-1	2.7055E2	1.0051E0	1.5941E6	
720	-6.2767E-1	2.7497E2	9.9793E-1	1.5963E6	
721	-6.2569E-1	2.7791E2	9.9080E-1	1.5985E6	
722	-6.2050E-1	2.8561E2	9.8359E-1	1.6007E6	
723	-6.1562E-1	2.9286E2	9.7640E-1	1.6030E6	
724	-6.1165E-1	2.9875E2	9.6931E-1	1.6052E6	
725	-6.0684E-1	3.0588E2	9.6219E-1	1.6074E6	
726	-6.0310E-1	3.1143E2	9.5506E-1	1.6096E6	
727	-5.9563E-1	3.2252E2	9.4787E-1	1.6118E6	
728	-5.9563E-1	3.2252E2	9.4065E-1	1.6141E6	
729	-5.9029E-1	3.3045E2	9.3357E-1	1.6163E6	
730	-5.8792E-1	3.3396E2	9.2641E-1	1.6185E6	
731	-5.8304E-1	3.4121E2	9.1927E-1	1.6207E6	
732	-5.7533E-1	3.5264E2	9.1208E-1	1.6229E6	
733	-5.7388E-1	3.5479E2	9.0495E-1	1.6252E6	
734	-5.7159E-1	3.5819E2	8.9787E-1	1.6274E6	
735	-5.6839E-1	3.6295E2	8.9068E-1	1.6296E6	
736	-5.6152E-1	3.7314E2	8.8348E-1	1.6318E6	
737	-5.5611E-1	3.8117E2	8.7637E-1	1.6340E6	
738	-5.5145E-1	3.8808E2	8.6925E-1	1.6363E6	
739	-5.4466E-1	3.9816E2	8.6202E-1	1.6385E6	
740	-5.4367E-1	3.9963E2	8.5491E-1	1.6407E6	
741	-5.3513E-1	4.1231E2	8.4780E-1	1.6429E6	
742	-5.3391E-1	4.1412E2	8.4057E-1	1.6451E6	
743	-5.2498E-1	4.2737E2	8.3349E-1	1.6474E6	
744	-5.1796E-1	4.3779E2	8.2644E-1	1.6496E6	
745	-5.1384E-1	4.4390E2	8.1923E-1	1.6518E6	
746	-5.0636E-1	4.5500E2	8.1212E-1	1.6540E6	
747	-5.0056E-1	4.6360E2	8.0498E-1	1.6562E6	
748	-4.9477E-1	4.7221E2	7.9790E-1	1.6585E6	
749	-4.9118E-1	4.7753E2	7.9067E-1	1.6607E6	
750	-4.8180E-1	4.9146E2	7.8363E-1	1.6629E6	
751	-4.8141E-1	4.9202E2	7.7644E-1	1.6651E6	
752	-4.7447E-1	5.0233E2	7.6931E-1	1.6673E6	
753	-4.6570E-1	5.1535E2	7.6216E-1	1.6696E6	
754	-4.5868E-1	5.2576E2	7.5505E-1	1.6718E6	
755	-4.5479E-1	5.3154E2	7.4787E-1	1.6740E6	
756	-4.4144E-1	5.5135E2	7.4075E-1	1.6762E6	
757	-4.3861E-1	5.5554E2	7.3370E-1	1.6784E6	
758	-4.2809E-1	5.7117E2	7.2653E-1	1.6807E6	
759	-4.2656E-1	5.7343E2	7.1944E-1	1.6829E6	
760	-4.2152E-1	5.8090E2	7.1235E-1	1.6851E6	
761	-4.1481E-1	5.9087E2	7.0518E-1	1.6873E6	
762	-4.0794E-1	6.0106E2	6.9800E-1	1.6895E6	
763	-3.9833E-1	6.1533E2	6.9086E-1	1.6918E6	
764	-3.8803E-1	6.3061E2	6.8382E-1	1.6940E6	
765	-3.7933E-1	6.4352E2	6.7672E-1	1.6962E6	
766	-3.7186E-1	6.5461E2	6.6964E-1	1.6984E6	
767	-3.5400E-1	6.8111E2	6.6251E-1	1.7006E6	
768	-3.5545E-1	6.7896E2	6.5539E-1	1.7029E6	
769	-3.4592E-1	6.9311E2	6.4830E-1	1.7051E6	
770	-3.4233E-1	6.9843E2	6.4122E-1	1.7073E6	
771	-3.2707E-1	7.2108E2	6.3414E-1	1.7095E6	
772	-3.1364E-1	7.4101E2	6.2908E-1	1.7111E6	
773	-3.1204E-1	7.4338E2	6.2751E-1	1.7116E6	
774	-3.1204E-1	7.4338E2	6.2751E-1	1.7116E6	
775	-3.1204E-1	7.4338E2	6.2751E-1	1.7116E6	
776	-3.1204E-1	7.4338E2	6.2751E-1	1.7116E6	
777	-3.1204E-1	7.4338E2	6.2751E-1	1.7116E6	
778	-3.1204E-1	7.4338E2	6.2751E-1	1.7116E6	
779	-3.1204E-1	7.4338E2	6.2751E-1	1.7116E6	
780	-3.1204E-1	7.4338E2	6.2751E-1	1.7116E6	
781	-3.1204E-1	7.4338E2	6.2751E-1	1.7116E6	
782	-3.1204E-1	7.4338E2	6.2751E-1	1.7116E6	
783	-3.1204E-1	7.4338E2	6.2751E-1	1.7116E6	
784	-3.1204E-1	7.4338E2	6.2751E-1	1.7116E6	
785	-3.1204E-1	7.4338E2	6.2751E-1	1.7116E6	
786	-3.1204E-1	7.4338E2	6.2751E-1	1.7116E6	
787	-3.1204E-1	7.4338E2	6.2751E-1	1.7116E6	
788	-3.1204E-1	7.4338E2	6.2751E-1	1.7116E6	
789	-3.1204E-1	7.4338E2	6.2751E-1	1.7116E6	
790	-3.1204E-1	7.4338E2	6.2751E-1	1.7116E6	
791	-3.1204E-1	7.4338E2	6.2751E-1	1.7116E6	
792	-3.1204E-1	7.4338E2	6.2751E-1	1.7116E6	
793	-3.1204E-1	7.4338E2	6.2751E-1	1.7116E6	
794	-3.1204E-1	7.4338E2	6.2751E-1	1.7116E6	
795	-3.1204E-1	7.4338E2	6.2751E-1	1.7116E6	
796	-3.1204E-1	7.4338E2	6.2751E-1	1.7116E6	
797	-3.1204E-1	7.4338E2	6.2751E-1	1.7116E6	
798	-3.1204E-1	7.4338E2	6.2751E-1	1.7116E6	
799	-3.1204E-1	7.4338E2	6.2751E-1	1.7116E6	
800	-3.1204E-1	7.4338E2	6.2751E-1	1.7116E6	
801	-3.1204E-1	7.4338E2	6.2751E-1	1.7116E6	
802	-3.1204E-1	7.4338E2	6.2751E-1	1.7116E6	
803	-3.1204E-1	7.4338E2	6.2751E-1	1.7116E6	
804	-3.1204E-1	7.4338E2	6.2751E-1	1.7116E6	
805	-3.1204E-1	7.4338E2	6.2751E-1	1.7116E6	
806	-3.1204E-1	7.4338E2	6.2751E-1	1.7116E6	
807	-3.1204E-1	7.4338E2	6.2751E-1	1.7116E6	
808	-3.1204E-1	7.4338E2	6.2751E-1	1.7116E6	
809	-3.1204E-1	7.4338E2	6.2751E-1	1.7116E6	
810	-3.1204E-1	7.4338E2	6.2751E-1	1.7116E6	
811	-3.1204E-1	7.4338E2	6.2751E-1	1.7116E6	
812	-3.1204E-1	7.4338E2	6.2751E-1	1.7116E6	
813	-3.1204E-1	7.4338E2	6.2751E-1	1.7116E6	
814	-3.1204E-1	7.4338E2	6.2751E-1	1.7116E6	
815	-3.1204E-1	7.4338E2	6.2751E-1	1.7116E6	
816	-3.1204E-1	7.4338E2	6.2751E-1	1.7116E6	
817	-3.1204E-1	7.4338E2	6.2751E-1	1.7116E6	
818	-3.1204E-1	7.4338E2	6.2751E-1	1.7116E6	
819	-3.1204E-1	7.4338E2	6.2751E-1	1.7116E6	
820	-3.1204E-1	7.4338E2	6.2751E-1	1.7116E6	
821	-3.1204E-1	7.4338E2	6.2751E-1	1.7116E6	
822	-3.1204E-1	7.4338E2	6.2751E-1	1.7116E6	
823	-3.1204E-1	7.4338E2	6.2751E-1	1.7116E6	
824	-3.1204E-1	7.4338E2	6.2751E-1	1.7116E6	
825	-3.1204E-1	7.4338E2	6.2751E-1	1.7116E6	
826	-3.1204E-1	7.4338E2	6.2751E-1	1.7116E6	
827	-3.1204E-1	7.4338E2	6.2751E-1	1.7116E6	
828	-3.1204E-1	7.4338E2	6.2751E-1	1.7116E6	
829	-3.1204E-1	7.4338E2	6.2751E-1	1.7116E6	
830	-3.1204E-1	7.4338E2	6.2751E-1	1.7116E6	
831	-3.1204E-1	7.4338E2	6.2751E-1	1.7116E6	
832	-3.1204E-1	7.4338E2	6.2751E-1	1.7116E6	
833	-3.1204E-1	7.4338E2	6.2751E-1	1.7116E6	
834	-3.1204E-1	7.4338E2	6.2751E-1	1.7116E6	
835	-3.1204E-1	7.4338E2	6.2751E-1	1.7116E6	
836	-3.1204E-1	7.4338E2	6.2751E-1	1.7116E6	
837	-3.1204E-1	7.4338E2	6.2751E-1	1.7116E6	
838	-3.1204E-1	7.4338E2	6.2751E-1	1.7116E6	
839	-3.1204E-1	7.4338E2	6.2751E-1	1.7116E6	
840	-3.1204E-1	7.4338E2	6.2751E-1	1.7116E6	
841	-3.1204E-1	7.4338E2	6.2751E-1	1.7116E6	
842	-3.1204E-1	7.4338E2	6.2751E-1	1.7116E6	
843	-3.1204E-1	7.4338E2	6.2751E-1	1.7116E6	
844	-3.1204E-1	7.4338E2	6.2751E-1	1.7116E6	
845	-3.1204E-1	7.4338E2	6.2751E-1	1.7116E6	
846	-3.1204E-1	7.4338E2	6.2751E-1	1.7116E6	
847	-3.1204E-1	7.4338E2	6.2751E-1	1.7116E6	
848	-3.1204E-1	7.4338E2	6.2751E-1	1.7116E6	
849	-3.1204E-1	7.4338E2	6.2751E-1	1.7116E6	
850	-3.1204E-1	7.4338E2	6.2751E-1	1.7116E6	
851	-3.1204E-1	7.4338E2	6.2751E-1	1.7116E6	
852	-3.1204E-1	7.4338E2	6.2751E-1	1.7116E6	
853	-3.1204E-1	7.4338E2	6.2751E-1	1.7116E6	
854	-3.1204E-1	7.4338E2	6.2751E-1	1.7116E6	
855	-3.1204E-1	7.4338E2	6.2751E-1	1.7116E6	
856	-3.1204E-1	7.4338E2	6.2751E-1	1.7116E6	
857	-3.1204E-1	7.4338E2	6.2751E-1	1.7116E6	
858	-3.1204E-1	7.4338E2	6.2751E-1	1.7116E6	
859	-3.1204E-1	7.4338E2	6.2751E-1	1.7116E6	
860	-3.1204E-1	7.4338E2	6.2751E-1	1.7116E6	
861	-3.1204E-1	7.4338E2	6.2751E-1	1.7116E6	
862	-3.1204E-1	7.4338E2	6.2751E-1	1.7116E6	
863	-3.1204E-1	7.4338E2	6.2751E-1	1.7116E6	
864	-3.1204E-1	7.4338E2	6.2751E-1	1.7116E6	
865	-3.1204E-1	7.4338E2	6.2751E-1	1.7116E6	
866	-3.1204E-1	7.4338E2	6.2751E-1	1.7116E6	
867	-3.1204E-1	7.4338E2	6.2751E-1	1.7116E6	
868	-3.1204E-1	7.4338E2	6.2751E-1	1.7116E6	
869	-3.1204E-1	7.4338E2	6.2751E-1	1.7116E6	
870	-3.1204E-1	7.4338E2	6.2751E-1	1.7116E6	
871	-3.1204E-1	7.4338E2	6.2751E-1	1.7116E6	
872	-3.1204E-1	7.4338E2	6.2751E-1	1.7116E6	
873	-3.1204E-1	7.4338E2	6.2751E-1	1.7116E6	
874	-3.1204E-1	7.4338E2	6.2751E-1	1.7116E6	
875	-3.1204E-1	7.4338E2	6.2751E-1	1.7116E6	
876	-3.1204E-1	7.4338E2	6.2751E-1	1.7116E6	
877	-3.1204E-1	7.4338E2	6.2751E-1	1.7116E6	
878	-3.1204E-1	7.4338E2	6.2751E-1	1.7116E6	
879	-3.1204E-1	7.4338E2	6.2751E-1	1.7116E6	
880	-3.1204E-1	7.4338E2	6.2751E-1	1.7116E6	
881	-3.1204E-1	7.4338E2	6.2751E-1	1.7116E6	
882	-3.1204E-1	7.4338E2	6.2751E-1	1.7116E6	
883	-3.1204E-1	7.4338E2	6.2751E-1	1.7116E6	
884	-3.1204E-1	7.4338E2	6.2751E-1	1.7116E6	
885	-3.1204E-1	7.4338E2	6.2751E-1	1.7116E6	
886	-3.1204E-1	7.4338E2	6.2751E-1	1.7116E6	
887	-3.1204E-1	7.4338E2	6.2751E-1	1.7116E6	
888	-3.1204E-1	7.4338E2	6.2751E-1	1.7116E6	
889	-3.1204E-1	7.4338E2	6.2751E-1	1.7116E6	
890	-3.1204E-1	7.4338E2	6.2751E-1	1.7116E6	
891	-3.1204E-1	7.4338E2	6.2751E-1	1.7116E6	
892	-3.1204E-1	7.4338E2	6.2751E-1	1.7116E6	
893	-3.1204E-1	7.4338E2	6.2751E-1	1.7116E6	
894	-3.1204E-1	7.4338E2	6.2751E-1	1.7116E6	
895	-3.1204E-1	7.4338E2	6.2751E-1	1.7116E6	
896	-3.1204E-1	7.4338E2	6.2751E-1	1.7116E6	
897	-3.1204E-1	7.4338E2	6.2751E-1	1.7116E6	
898	-3.1204E-1	7.4338E2	6.2751E-1	1.7116E6	
899	-3.1204E-1	7.4338E2	6.2751E-1	1.7116E6	
900	-3.1204E-1	7.4338E2	6.2751E-1	1.7116E6	
901	-3.1204E-1	7.4338E2	6.2751E-1	1.7116E6	
902	-3.1204E-1	7.4338E2	6.2751E-1	1.7116E6	
903	-3.1204E-1	7.4338E2	6.2751E-1	1.7116E6	
904	-3.1204E-1	7.4338E2	6.2751E-1	1.7116E6	
905	-3.1204E-1	7.4338E2	6.2751E-1	1.7116E6	
906	-3.1204E-1	7.4338E2	6.2751E-1	1.7116E6	
907	-3.1204E-1	7.4338E2	6.2751E-1	1.7116E6	
908	-3.1204E-1	7.4338E2	6.2751E-1	1.7116E6	
909	-3.1204E-1	7.4338E2	6.2751E-1	1.7116E6	
910	-3.1204E-1	7.4338E2	6.2751E-1	1.7116E6	
911	-3.1204E-1	7.4338E2	6.2751E-1	1.7116E6	
912	-3.1204E-1	7.4338E2	6.2751E-1	1.7116E6	
913	-3.1204E-1	7.4338E2	6.2751E-1	1.7116E6	
914	-3.1204E-1	7.4338E2	6.2751E-1	1.7116E6	
915	-3.1204E-1	7.4338E2	6.2751E-1	1.7116E6	
916	-3.1204E-1	7.4338E2	6.2751E-1	1.7116E6	
917	-3.1204E-1	7.4338E2	6.2751E-1	1.7116E6	
918	-3.1204E-1	7.4338E2	6.2751E-1	1.7116E6	
919	-3.1204E-1	7.4338E2	6.2751E-1	1.7116E6	
920	-3.1204E-1	7.4338E2	6.2751E-1	1.7116E6	
921	-3.1204E-1	7.4338E2	6.2751E-1	1.7116E6	
922	-3.1204E-1	7.4338E2	6.2751E-1	1.7116E6	
923	-3.1204E-1	7.4338E2	6.2751E-1	1.7116E6	
924	-3.1204E-1	7.4338E2	6.2751E-1	1.7116E6	
925	-3.1204E-1	7.4338E2	6.2751E-1	1.7116E6	
926	-3.1204E-1	7.4338E2	6.2751E-1	1.7116E6	
927	-3.1204E-1	7.4338E2	6.2751E-1	1.7116E6	
928	-3.1204E-1	7.4338E2	6.2751E-1	1.7116E6	
929	-3.1204E-1	7.4338E2	6.2751E-1	1.7116E6	
930	-3.1204E-1	7.4338E2	6.2751E-1	1.7116E6	
931	-3.1204E-1	7.4338E2	6.2751E-1	1.7116E6	
932	-3.1204E-1	7.4338E2	6.2751E-1	1.7116E6	
933	-3.1204E-1	7.4338E2	6.2751E-1	1.7116E6	
934	-3.1204E-1	7.4338E2	6.2751E-1	1.7116E6	
935	-3.1204E-1	7.4338E2	6.2751E-1	1.7116E6	
936	-3.1204E-1	7.4338E2	6.2751E-1	1.7116E6	
937	-3.1204E-1	7.4338E2	6.2751E-1	1.7116E6	
938	-3.1204E-1	7.4338E2	6.2751E-1	1.7116E6	
939	-3.1204E-1	7.4338E2	6.2751E-1	1.7116E6	
940	-3.1204E-1	7.4338E2	6.2751E-1	1.7116E6	
941	-3.1204E-1	7.4338E2	6.2751E-1	1.7116E6	
942	-3.1204E-1	7.4338E2	6.2751E-1	1.7116E6	
943	-3.1204E-1	7.4338E2	6.2751E-1	1.7116E6	
944	-3.1204E-1	7.4338E2	6.2751E-1	1.7116E6	
945	-3.1204E-1	7.4338E2	6.2751E-1	1.7116E6	
946	-3.1204E-1	7.4338E2	6.2751E-1	1.7116E6	
947	-3.1204E-1	7.4338E2	6.2751E-1	1.7116E6	
948	-3.1204E-1	7.4338E2	6.2751E-1	1.7116E6	
949	-3.1204E-1	7.4338E2	6.2751E-1	1.7116E6	
950	-3.1204E-1	7.4338E2	6.2751E-1	1.7116E6	
951	-3.1204E-1	7.4338E2	6.2751E-1	1.7116E6	
952	-3.1204E-1	7.4338E2	6.2751E-1	1.7116E6	
953	-3.1204E-1	7.4338E2	6.2751E-1	1.7116E6	
954	-3.1204E-1	7.4338E2	6.2751E-1	1.7116E6	
955	-3.1204E-1	7.4338E2	6.2751E-1	1.7116E6	
956	-3.1204E-1	7.4338E2	6.2751E-1	1.7116E6	
957	-3.1204E-1	7.4338E2	6.2751E-1	1.7116E6	
958	-3.1204E-1	7.4338E2	6.2751E-1	1.7116E6	
959	-3.1204E-1	7.4338E2	6.2751E-1	1.7116E6	
960	-3.1204E-1	7.4338E2	6.2751E-1	1.7116E6	
961	-3.1204E-1	7.4338E2	6.2751E-1	1.7116E6	
962	-3.1204E-1	7.4338E2	6.2751E-1	1.7116E6	
963	-3.1204E-1	7.4338E2	6.2751E-1	1.7116E6	
964	-3.1204E-1	7.4338E2	6.2751E-1	1.7116E6	
965	-3.1204E-1	7.4338E2	6.2751E-1	1.7116E6	
966	-3.1204E-1	7.4338E2	6.2751E-1	1.7116E6	
967	-3.1204E-1	7.4338E2	6.2751E-1	1.7116E6	
968	-3.1204E-1	7.4338E2	6.2751E-1	1.7116E6	
969	-3.1204E-1	7.4338E2	6.2751E-1	1.7116E6	
970	-3.1204E-1	7.4338E2	6.2751E-1	1.7116E6	
971	-3.1204E-1	7.4338E2	6.2751E-1	1.7116E6	
972	-3.1204E-1	7.4338E2	6.2751E-1	1.7116E6	
973	-3.1204E-1	7.4338E2	6.2751E-1	1.7116E6	
974	-3.1204E-1	7.4338E2	6.2751E-1	1.7116E6	
975	-3.1204E-1	7.4338E2	6.2751E-1	1.7116E6	
976	-3.1204E-1	7.4338E2	6.2751E-1	1.7116E6	
977	-3.1204E-1	7.4338E2	6.2751E-1	1.7116E6	
978	-3.1204E-1	7.4338E2	6.2751E-1	1.7116E6	
979	-3.1204E-1	7.4338E2	6.2751E-1	1.7116E6	
980	-3.1204E-1	7.4338E2	6.2751E-1	1.7116E6	
981	-3.1204E-1	7.4338E2	6.2751E-1	1.7116E6	
982	-3.1204E-1	7.4338E2	6.2751E-1	1.7116E6	
983	-3.1204E-1	7.4338E2	6.2751E-1	1.7116E6	
984	-3.1204E-1	7.4338E2	6.2751E-1	1.7116E6	
985	-3.1204E-1	7.4338E2	6.2751E-1	1.7116E6	
986	-3.1204E-1	7.4338E2	6.2751E-1	1.7116E6	
987	-3.1204E-1	7.4338E2	6.2751E-1	1.7116E6	
988	-3.1204E-1	7.4338E2	6.2751E-1	1.7116E6	
989	-3.1204E-1	7.4338E2	6.2751E-1	1.7116E6	
990	-3.1204E-1	7.4338E2	6.2751E-1	1.7116E6	
991	-3.1204E-1	7.4338E2	6.2751E-1	1.7116E6	
992	-3.1204E-1	7.4338E2	6.2751E-1	1.7116E6	
993	-3.1204E-1	7.4338E2	6.2751E-1	1.7116E6	
994	-3.1204E-1	7.4338E2	6.2751E-1	1.7116E6	
995	-3.1204E-1	7.4338E2	6.2751E-1	1.7116E6	
996	-3.1204E-1	7.4338E2	6.2751E-1	1.7116E6	
997	-3.1204E-1	7.4338E2	6.2751E-1	1.7116E6	
998	-3.1204E-1	7.4338E2	6.2751E-1	1.7116E6	
999	-3.1204E-1	7.4338E2	6.2751E-1	1.7116E6	
1000	-3.1204E-1	7.4338E2	6.2751E-1	1.7116E6	
1001	-3.1204E-1	7.4338E2	6.2751E-1	1.7116E6	
1002	-3.1204E-1	7.4338E2	6.2751E-1	1.7116E6	
1003	-3.1204E-1	7.4338E2	6.2751E-1	1.7116E6	
1004	-3.1204E-1	7.4338E2	6.2751E-1	1.7116E6	
1005	-3.1204E-1	7.4338E2	6.2751E-1	1.7116E6	
1006	-3.1204E-1	7.4338E2	6.2751E-1	1.7116E6	
1007	-3.1204E-1	7.4338E2	6.2751E-1	1.7116E6	
1008	-3.1204E-1	7.4338E2	6.2751E-1	1.7116E6	
1009	-3.1204E-1	7.4338E2	6.2751E-1	1.7116E6	
1010	-3.1204E-1	7.4338E2	6.2751E-1	1.7116E6	
1011	-3.1204E-1	7.4338E2	6.2751E-1	1.7116E6	
1012	-3.1204E-1	7.4338E2	6.2751E-1	1.7116E6	
1013	-3.1204E-1	7.4338E2	6.2751E-1	1.7116E6	
1014	-3.1204E-1	7.4338E2	6.2751E-1	1.7116E6	
1015	-3.1204E-1	7.4338E2	6.2751E-1	1.7116E6	
1016	-3.1204E-1	7.4338E2	6.2751E-1	1.7116E6	
1017	-3.1204E-1	7.4338E2	6.2751E-1	1.7116E6	
1018	-3.1204E-1	7.4338E2	6.2751E-1	1.7116E6	
1019	-3.1204E-1	7.4338E2	6.2751E-1	1.7116E6	
1020	-3.1204E-1	7.4338E2	6.2751E-1	1.7116E6	
1021	-3.1204E-1	7.4338E2	6.2751E-1	1.7116E6	
1022	-3.1204E-1	7.4338E2	6.2751E-1	1.7116E6	
1023	-3.1204E-1	7.4338E2	6.2751E-1	1.7116E6	
1024	-3.1204E-1	7.4338E2	6.2751E-1	1.7116E6	
1025	-3.1105E-1	7.4486E2	6.2748E-1	1.7116E6	
1026	-3.6583E-1	6.6356E2	6.2873E-1	1.7138E6	
1027	-3.8818E-1	6.3038E2	6.3153E-1	1.7161E6	
1028	-4.2160E-1	5.8079E2	6.3460E-1	1.7183E6	
1029	-4.3549E-1	5.6018E2	6.3797E-1	1.7205E6	
1030	-4.6463E-1	5.1693E2	6.4151E-1	1.7227E6	
1031	-4.8233E-1	4.9066E2	6.4527E-1	1.7249E6	
1032	-4.9820E-1	4.6711E2	6.4914E-1	1.7272E6	
1033	-5.2254E-1	4.3099E2	6.5302E-1	1.7294E6	
1034	-5.3314E-1	4.1526E2	6.5712E-1	1.7316E6	
1035	-5.5176E-1	3.8763E2	6.6113E-1	1.7338E6	
1036	-5.6206E-1	3.7234E2	6.6535E-1	1.7360E6	
1037	-5.8304E-1	3.4121E2	6.6941E-1	1.7383E6	
1038	-5.8990E-1	3.3102E2	6.7367E-1	1.7405E6	
1039	-6.0440E-1	3.0950E2	6.7798E-1	1.7427E6	
1040	-6.1722E-1	2.9048E2	6.8237E-1	1.7449E6	
1041	-6.3728E-1	2.6070E2	6.8658E-1	1.7471E6	
1042	-6.4705E-1	2.4621E2	6.9095E-1	1.7494E6	
1043	-6.5948E-1	2.2775E2	6.9542E-1	1.7516E6	
1044	-6.6994E-1	2.1224E2	6.9980E-1	1.7538E6	
1045	-6.8069E-1	1.9628E2	7.0426E-1	1.7560E6	
1046	-6.8802E-1	1.8541E2	7.0872E-1	1.7582E6	
1047	-7.0160E-1	1.6525E2	7.1318E-1	1.7605E6	
1048	-7.1182E-1	1.5008E2	7.1770E-1	1.7627E6	
1049	-7.1480E-1	1.4566E2	7.2215E-1	1.7649E6	
1050	-7.2296E-1	1.3355E2	7.2674E-1	1.7671E6	
1051	-7.2617E-1	1.2879E2	7.3119E-1	1.7693E6	
1052	-7.3677E-1	1.1306E2	7.3571E-1	1.7716E6	
1053	-7.4112E-1	1.0660E2	7.4030E-1	1.7738E6	
1054	-7.4432E-1	1.0185E2	7.4489E-1	1.7760E6	
1055	-7.5531E-1	8.5542E1	7.4960E-1	1.7782E6	
1056	-7.6302E-1	7.4106E1	7.5421E-1	1.7804E6	
1057	-7.6950E-1	6.4482E1	7.5881E-1	1.7827E6	
1058	-7.7866E-1	5.0895E1	7.6346E-1	1.7849E6	
1059	-7.8407E-1	4.2856E1	7.6811E-1	1.7871E6	
1060	-7.9155E-1	3.1760E1	7.7283E-1	1.7893E6	
1061	-8.0124E-1	1.7380E1	7.7736E-1	1.7915E6	
1062	-8.0276E-1	1.5116E1	7.8212E-1	1.7938E6	
1063	-8.0887E-1	6.0576E0	7.8673E-1	1.7960E6	
1064	-8.1795E-1	-7.4162E0	7.9141E-1	1.7982E6	
1065	-8.2436E-1	-1.6927E1	7.9622E-1	1.8004E6	
1066	-8.3115E-1	-2.7004E1	8.0086E-1	1.8026E6	
1067	-8.3183E-1	-2.8023E1	8.0554E-1	1.8049E6	
1068	-8.3611E-1	-3.4364E1	8.1031E-1	1.8071E6	
1069	-8.4740E-1	-5.1121E1	8.1507E-1	1.8093E6	
1070	-8.5098E-1	-5.6443E1	8.1984E-1	1.8115E6	
1071	-8.5442E-1	-6.1538E1	8.2451E-1	1.8137E6	
1072	-8.5762E-1	-6.6294E1	8.2932E-1	1.8160E6	
1073	-8.6609E-1	-7.8862E1	8.3404E-1	1.8182E6	
1074	-8.6861E-1	-8.2598E1	8.3886E-1	1.8204E6	
1075	-8.7418E-1	-9.0864E1	8.4358E-1	1.8226E6	
1076	-8.8028E-1	-9.9922E1	8.4841E-1	1.8248E6	
1077	-8.8638E-1	-1.0898E2	8.5326E-1	1.8271E6	
1078	-8.8806E-1	-1.1147E2	8.5803E-1	1.8293E6	
1079	-8.8974E-1	-1.1396E2	8.6284E-1	1.8315E6	
1080	-8.9485E-1	-1.2155E2	8.6778E-1	1.8337E6	
1081	-8.9561E-1	-1.2268E2	8.7256E-1	1.8359E6	
1082	-9.0042E-1	-1.2981E2	8.7731E-1	1.8382E6	
1083	-9.0088E-1	-1.3049E2	8.8221E-1	1.8404E6	
1084	-9.1003E-1	-1.4408E2	8.8709E-1	1.8426E6	
1085	-9.1118E-1	-1.4578E2	8.9186E-1	1.8448E6	
1086	-9.1278E-1	-1.4816E2	8.9674E-1	1.8470E6	
1087	-9.1461E-1	-1.5087E2	9.0163E-1	1.8493E6	
1088	-9.1568E-1	-1.5246E2	9.0651E-1	1.8515E6	
1089	-9.2270E-1	-1.6288E2	9.1136E-1	1.8537E6	
1090	-9.2438E-1	-1.6537E2	9.1628E-1	1.8559E6	
1091	-9.2979E-1	-1.7341E2	9.2115E-1	1.8581E6	
1092	-9.3140E-1	-1.7578E2	9.2602E-1	1.8604E6	
1093	-9.3384E-1	-1.7941E2	9.3091E-1	1.8626E6	
1094	-9.3430E-1	-1.8009E2	9.3587E-1	1.8648E6	
1095	-9.3857E-1	-1.8643E2	9.4076E-1	1.8670E6	
1096	-9.4437E-1	-1.9503E2	9.4576E-1	1.8692E6	
1097	-9.4353E-1	-1.9379E2	9.5066E-1	1.8715E6	
1098	-9.4360E-1	-1.9390E2	9.5561E-1	1.8737E6	
1099	-9.4246E-1	-1.9220E2	9.6059E-1	1.8759E6	
1100	-9.4757E-1	-1.9979E2	9.6555E-1	1.8781E6	
1101	-9.4505E-1	-1.9605E2	9.7049E-1	1.8803E6	
1102	-9.5284E-1	-2.0760E2	9.7552E-1	1.8826E6	
1103	-9.5428E-1	-2.0975E2	9.8037E-1	1.8848E6	
1104	-9.5444E-1	-2.0998E2	9.8551E-1	1.8870E6	
1105	-9.5795E-1	-2.1519E2	9.9035E-1	1.8892E6	
1106	-9.5665E-1	-2.1326E2	9.9544E-1	1.8914E6	
1107	-9.6054E-1	-2.1904E2	1.0004E0	1.8937E6	
1108	-9.6283E-1	-2.2243E2	1.0055E0	1.8959E6	
1109	-9.6321E-1	-2.2300E2	1.0105E0	1.8981E6	
1110	-9.6123E-1	-2.2005E2	1.0154E0	1.9003E6	
1111	-9.6764E-1	-2.2957E2	1.0205E0	1.9025E6	
1112	-9.7015E-1	-2.3330E2	1.0256E0	1.9048E6	
1113	-9.7351E-1	-2.3828E2	1.0305E0	1.9070E6	
1114	-9.6924E-1	-2.3194E2	1.0356E0	1.9092E6	
1115	-9.6977E-1	-2.3274E2	1.0407E0	1.9114E6	
1116	-9.7084E-1	-2.3432E2	1.0457E0	1.9136E6	
1117	-9.7176E-1	-2.3568E2	1.0508E0	1.9159E6	
1118	-9.6893E-1	-2.3149E2	1.0558E0	1.9181E6	
1119	-9.7206E-1	-2.3613E2	1.0610E0	1.9203E6	
1120	-9.7458E-1	-2.3987E2	1.0660E0	1.9225E6	
1121	-9.7298E-1	-2.3749E2	1.0710E0	1.9247E6	
1122	-9.7672E-1	-2.4304E2	1.0762E0	1.9270E6	
1123	-9.7427E-1	-2.3942E2	1.0812E0	1.9292E6	
1124	-9.7374E-1	-2.3862E2	1.0863E0	1.9314E6	
1125	-9.7664E-1	-2.4293E2	1.0915E0	1.9336E6	
1126	-9.7260E-1	-2.3692E2	1.0965E0	1.9358E6	
1127	-9.7458E-1	-2.3987E2	1.1017E0	1.9381E6	
1128	-9.7359E-1	-2.3840E2	1.1069E0	1.9403E6	
1129	-9.7313E-1	-2.3772E2	1.1120E0	1.9425E6	
1130	-9.7694E-1	-2.4338E2	1.1171E0	1.9447E6	
1131	-9.7527E-1	-2.4089E2	1.1222E0	1.9469E6	
1132	-9.7580E-1	-2.4168E2	1.1274E0	1.9492E6	
1133	-9.7481E-1	-2.4021E2	1.1326E0	1.9514E6	
1134	-9.7458E-1	-2.3987E2	1.1376E0	1.9536E6	
1135	-9.7824E-1	-2.4530E2	1.1430E0	1.9558E6	
1136	-9.7260E-1	-2.3692E2	1.1480E0	1.9580E6	
1137	-9.7557E-1	-2.4134E2	1.1532E0	1.9603E6	
1138	-9.7702E-1	-2.4349E2	1.1584E0	1.9625E6	
1139	-9.7694E-1	-2.4338E2	1.1636E0	1.9647E6	
1140	-9.7717E-1	-2.4372E2	1.1687E0	1.9669E6	
1141	-9.7511E-1	-2.4066E2	1.1740E0	1.9691E6	
1142	-9.7183E-1	-2.3579E2	1.1793E0	1.9714E6	
1143	-9.6794E-1	-2.3002E2	1.1844E0	1.9736E6	
1144	-9.6558E-1	-2.2651E2	1.1897E0	1.9758E6	
1145	-9.6329E-1	-2.2311E2	1.1948E0	1.9780E6	
1146	-9.6344E-1	-2.2334E2	1.2000E0	1.9802E6	
1147	-9.6184E-1	-2.2096E2	1.2053E0	1.9825E6	
1148	-9.6359E-1	-2.2356E2	1.2106E0	1.9847E6	
1149	-9.6046E-1	-2.1892E2	1.2158E0	1.9869E6	
1150	-9.6222E-1	-2.2153E2	1.2210E0	1.9891E6	
1151	-9.6123E-1	-2.2005E2	1.2263E0	1.9913E6	
1152	-9.5924E-1	-2.1711E2	1.2316E0	1.9936E6	
1153	-9.5871E-1	-2.1632E2	1.2368E0	1.9958E6	
1154	-9.6252E-1	-2.2198E2	1.2421E0	1.9980E6	
1155	-9.5825E-1	-2.1564E2	1.2474E0	2.0002E6	
1156	-9.5810E-1	-2.1541E2	1.2528E0	2.0024E6	
1157	-9.5894E-1	-2.1666E2	1.2580E0	2.0047E6	
1158	-9.5619E-1	-2.1258E2	1.2633E0	2.0069E6	
1159	-9.5657E-1	-2.1315E2	1.2685E0	2.0091E6	
1160	-9.5879E-1	-2.1643E2	1.2739E0	2.0113E6	
1161	-9.5589E-1	-2.1213E2	1.2791E0	2.0135E6	
1162	-9.5520E-1	-2.1111E2	1.2845E0	2.0158E6	
1163	-9.5154E-1	-2.0567E2	1.2897E0	2.0180E6	
1164	-9.5390E-1	-2.0918E2	1.2951E0	2.0202E6	
1165	-9.5276E-1	-2.0749E2	1.3005E0	2.0224E6	
1166	-9.5558E-1	-2.1168E2	1.3058E0	2.0246E6	
1167	-9.5261E-1	-2.0726E2	1.3112E0	2.0269E6	
1168	-9.5276E-1	-2.0749E2	1.3166E0	2.0291E6	
1169	-9.5016E-1	-2.0364E2	1.3219E0	2.0313E6	
1170	-9.4879E-1	-2.0160E2	1.3273E0	2.0335E6	
1171	-9.2583E-1	-1.6752E2	1.3327E0	2.0357E6	
1172	-9.0340E-1	-1.3423E2	1.3380E0	2.0380E6	
1173	-8.8783E-1	-1.1113E2	1.3434E0	2.0402E6	
1174	-8.7669E-1	-9.4600E1	1.3488E0	2.0424E6	
1175	-8.6662E-1	-7.9654E1	1.3542E0	2.0446E6	
1176	-8.6067E-1	-7.0823E1	1.3596E0	2.0468E6	
1177	-8.4824E-1	-5.2367E1	1.3649E0	2.0491E6	
1178	-8.1787E-1	-7.3030E0	1.3704E0	2.0513E6	
1179	-7.4760E-1	9.6978E1	1.3757E0	2.0535E6	
1180	-6.9656E-1	1.7273E2	1.3812E0	2.0557E6	
1181	-6.9374E-1	1.7692E2	1.3866E0	2.0579E6	
1182	-6.8825E-1	1.8507E2	1.3920E0	2.0602E6	
1183	-6.8810E-1	1.8529E2	1.3974E0	2.0624E6	
1184	-6.8848E-1	1.8473E2	1.4028E0	2.0646E6	
1185	-6.8520E-1	1.8960E2	1.4083E0	2.0668E6	
1186	-6.8863E-1	1.8450E2	1.4138E0	2.0690E6	
1187	-6.8878E-1	1.8427E2	1.4192E0	2.0713E6	
1188	-6.8802E-1	1.8541E2	1.4246E0	2.0735E6	
1189	-6.8855E-1	1.8461E2	1.4301E0	2.0757E6	
1190	-6.9008E-1	1.8235E2	1.4355E0	2.0779E6	
1191	-6.8855E-1	1.8461E2	1.4411E0	2.0801E6	
1192	-6.8985E-1	1.8269E2	1.4465E0	2.0824E6	
1193	-6.8794E-1	1.8552E2	1.4520E0	2.0846E6	
1194	-6.8886E-1	1.8416E2	1.4574E0	2.0868E6	
1195	-6.9176E-1	1.7986E2	1.4629E0	2.0890E6	
1196	-6.8962E-1	1.8303E2	1.4685E0	2.0912E6	
1197	-6.9000E-1	1.8246E2	1.4739E0	2.0935E6	
1198	-6.9237E-1	1.7895E2	1.4794E0	2.0957E6	
1199	-6.9229E-1	1.7907E2	1.4850E0	2.0979E6	
1200	-6.8993E-1	1.8258E2	1.4905E0	2.1001E6	
1201	-6.9092E-1	1.8110E2	1.4961E0	2.1023E6	
1202	-6.8962E-1	1.8303E2	1.5015E0	2.1046E6	
1203	-6.9206E-1	1.7941E2	1.5070E0	2.1068E6	
1204	-6.9237E-1	1.7895E2	1.5126E0	2.1090E6	
1205	-6.8909E-1	1.8382E2	1.5181E0	2.1112E6	
1206	-6.9191E-1	1.7963E2	1.5237E0	2.1134E6	
1207	-6.9183E-1	1.7975E2	1.5292E0	2.1157E6	
1208	-6.9099E-1	1.8099E2	1.5348E0	2.1179E6	
1209	-6.9290E-1	1.7816E2	1.5403E0	2.1201E6	
1210	-6.9160E-1	1.8009E2	1.5460E0	2.1223E6	
1211	-6.9130E-1	1.8054E2	1.5515E0	2.1245E6	
1212	-6.9298E-1	1.7805E2	1.5571E0	2.1268E6	
1213	-6.9328E-1	1.7759E2	1.5627E0	2.1290E6	
1214	-6.9435E-1	1.7601E2	1.5682E0	2.1312E6	
1215	-6.9305E-1	1.7793E2	1.5738E0	2.1334E6	
1216	-6.9313E-1	1.7782E2	1.5794E0	2.1356E6	
1217	-6.9305E-1	1.7793E2	1.5850E0	2.1379E6	
1218	-6.9511E-1	1.7488E2	1.5906E0	2.1401E6	
1219	-6.9687E-1	1.7227E2	1.5963E0	2.1423E6	
1220	-6.9473E-1	1.7544E2	1.6018E0	2.1445E6	
1221	-6.9244E-1	1.7884E2	1.6074E0	2.1467E6	
1222	-6.9542E-1	1.7442E2	1.6131E0	2.1490E6	
1223	-6.9389E-1	1.7669E2	1.6187E0	2.1512E6	
1224	-6.9382E-1	1.7680E2	1.6243E0	2.1534E6	
1225	-6.9534E-1	1.7454E2	1.6300E0	2.1556E6	
1226	-6.9504E-1	1.7499E2	1.6356E0	2.1578E6	
1227	-6.9450E-1	1.7578E2	1.6412E0	2.1601E6	
1228	-6.9679E-1	1.7239E2	1.6470E0	2.1623E6	
1229	-6.9534E-1	1.7454E2	1.6526E0	2.1645E6	
1230	-6.9649E-1	1.7284E2	1.6583E0	2.1667E6	
1231	-6.9695E-1	1.7216E2	1.6639E0	2.1689E6	
1232	-6.9778E-1	1.7091E2	1.6696E0	2.1712E6	
1233	-6.9420E-1	1.7624E2	1.6752E0	2.1734E6	
1234	-6.9893E-1	1.6922E2	1.6810E0	2.1756E6	
1235	-6.9847E-1	1.6990E2	1.6866E0	2.1778E6	
1236	-6.9855E-1	1.6978E2	1.6923E0	2.1800E6	
1237	-6.9862E-1	1.6967E2	1.6981E0	2.1823E6	
1238	-6.9748E-1	1.7137E2	1.7037E0	2.1845E6	
1239	-6.9824E-1	1.7023E2	1.7093E0	2.1867E6	
1240	-6.9939E-1	1.6854E2	1.7151E0	2.1889E6	
1241	-6.9771E-1	1.7103E2	1.7208E0	2.1911E6	
1242	-6.9923E-1	1.6876E2	1.7266E0	2.1934E6	
1243	-6.9832E-1	1.7012E2	1.7323E0	2.1956E6	
1244	-6.9992E-1	1.6774E2	1.7380E0	2.1978E6	
1245	-7.0076E-1	1.6650E2	1.7438E0	2.2000E6	
1246	-6.9824E-1	1.7023E2	1.7494E0	2.2022E6	
1247	-6.9763E-1	1.7114E2	1.7551E0	2.2045E6	
1248	-6.9969E-1	1.6808E2	1.7610E0	2.2067E6	
1249	-7.0061E-1	1.6672E2	1.7668E0	2.2089E6	
1250	-7.0053E-1	1.6684E2	1.7725E0	2.2111E6	
1251	-6.9977E-1	1.6797E2	1.7782E0	2.2133E6	
1252	-7.0061E-1	1.6672E2	1.7840E0	2.2156E6	
1253	-6.9878E-1	1.6944E2	1.7896E0	2.2178E6	
1254	-7.0023E-1	1.6729E2	1.7955E0	2.2200E6	
1255	-7.0030E-1	1.6718E2	1.8013E0	2.2222E6	
1256	-7.0152E-1	1.6537E2	1.8070E0	2.2244E6	
1257	-7.0084E-1	1.6639E2	1.8128E0	2.2267E6	
1258	-7.0206E-1	1.6457E2	1.8186E0	2.2289E6	
1259	-7.0160E-1	1.6525E2	1.8243E0	2.2311E6	
1260	-7.0152E-1	1.6537E2	1.8302E0	2.2333E6	
1261	-7.0229E-1	1.6423E2	1.8359E0	2.2355E6	
1262	-7.0053E-1	1.6684E2	1.8418E0	2.2378E6	
1263	-7.0137E-1	1.6559E2	1.8475E0	2.2400E6	
1264	-7.0168E-1	1.6514E2	1.8533E0	2.2422E6	
1265	-7.0305E-1	1.6310E2	1.8592E0	2.2444E6	
1266	-7.0076E-1	1.6650E2	1.8650E0	2.2466E6	
1267	-7.0221E-1	1.6435E2	1.8710E0	2.2489E6	
1268	-7.0152E-1	1.6537E2	1.8766E0	2.2511E6	
1269	-7.0091E-1	1.6627E2	1.8825E0	2.2533E6	
1270	-7.0259E-1	1.6378E2	1.8883E0	2.2555E6	
1271	-7.0465E-1	1.6072E2	1.8942E0	2.2577E6	
1272	-7.0290E-1	1.6333E2	1.9000E0	2.2600E6	
1273	-7.0412E-1	1.6152E2	1.9059E0	2.2622E6	
1274	-7.0412E-1	1.6152E2	1.9117E0	2.2644E6	
1275	-7.0396E-1	1.6174E2	1.9176E0	2.2666E6	
1276	-7.0549E-1	1.5948E2	1.9234E0	2.2688E6	
1277	-7.0183E-1	1.6491E2	1.9293E0	2.2711E6	
1278	-7.0419E-1	1.6140E2	1.9352E0	2.2733E6	
1279	-7.0518E-1	1.5993E2	1.9410E0	2.2755E6	
1280	-7.0473E-1	1.6061E2	1.9469E0	2.2777E6	
1281	-7.0572E-1	1.5914E2	1.9529E0	2.2799E6	
1282	-7.0778E-1	1.5608E2	1.9587E0	2.2822E6	
1283	-7.0518E-1	1.5993E2	1.9646E0	2.2844E6	
1284	-7.0511E-1	1.6004E2	1.9704E0	2.2866E6	
1285	-7.0549E-1	1.5948E2	1.9764E0	2.2888E6	
1286	-7.0572E-1	1.5914E2	1.9823E0	2.2910E6	
1287	-7.0732E-1	1.5676E2	1.9883E0	2.2933E6	
1288	-7.0732E-1	1.5676E2	1.9941E0	2.2955E6	
1289	-7.0633E-1	1.5823E2	2.0001E0	2.2977E6	
1290	-7.0885E-1	1.5450E2	2.0060E0	2.2999E6	
1291	-7.0862E-1	1.5484E2	2.0119E0	2.3021E6	
1292	-7.0938E-1	1.5370E2	2.0179E0	2.3044E6	
1293	-7.0915E-1	1.5404E2	2.0238E0	2.3066E6	
1294	-7.0770E-1	1.5619E2	2.0297E0	2.3088E6	
1295	-7.1075E-1	1.5167E2	2.0357E0	2.3110E6	
1296	-7.0915E-1	1.5404E2	2.0417E0	2.3132E6	
1297	-7.1114E-1	1.5110E2	2.0475E0	2.3155E6	
1298	-7.0717E-1	1.5699E2	2.0535E0	2.3177E6	
1299	-7.1037E-1	1.5223E2	2.0596E0	2.3199E6	
1300	-7.1167E-1	1.5031E2	2.0656E0	2.3221E6	
1301	-7.1198E-1	1.4985E2	2.0715E0	2.3243E6	
1302	-7.1007E-1	1.5268E2	2.0775E0	2.3266E6	
1303	-7.0976E-1	1.5314E2	2.0835E0	2.3288E6	
1304	-7.0961E-1	1.5336E2	2.0895E0	2.3310E6	
1305	-7.1190E-1	1.4997E2	2.0955E0	2.3332E6	
1306	-7.1106E-1	1.5121E2	2.1016E0	2.3354E6	
1307	-7.1297E-1	1.4838E2	2.1075E0	2.3377E6	
1308	-7.1320E-1	1.4804E2	2.1135E0	2.3399E6	
1309	-7.1213E-1	1.4963E2	2.1195E0	2.3421E6	
1310	-7.1236E-1	1.4929E2	2.1256E0	2.3443E6	
1311	-7.1060E-1	1.5189E2	2.1316E0	2.3465E6	
1312	-7.1152E-1	1.5053E2	2.1376E0	2.3488E6	
1313	-7.1251E-1	1.4906E2	2.1437E0	2.3510E6	
1314	-7.1159E-1	1.5042E2	2.1498E0	2.3532E6	
1315	-7.1220E-1	1.4951E2	2.1558E0	2.3554E6	
1316	-7.1190E-1	1.4997E2	2.1619E0	2.3576E6	
1317	-7.1365E-1	1.4736E2	2.1680E0	2.3599E6	
1318	-7.1419E-1	1.4657E2	2.1740E0	2.3621E6	
1319	-7.1213E-1	1.4963E2	2.1800E0	2.3643E6	
1320	-7.1121E-1	1.5099E2	2.1861E0	2.3665E6	
1321	-7.1327E-1	1.4793E2	2.1923E0	2.3687E6	
1322	-7.1342E-1	1.4770E2	2.1983E0	2.3710E6	
1323	-7.1442E-1	1.4623E2	2.2044E0	2.3732E6	
1324	-7.1609E-1	1.4374E2	2.2104E0	2.3754E6	
1325	-7.1571E-1	1.4431E2	2.2166E0	2.3776E6	
1326	-7.1495E-1	1.4544E2	2.2226E0	2.3798E6	
1327	-7.1396E-1	1.4691E2	2.2289E0	2.3821E6	
1328	-7.1449E-1	1.4612E2	2.2349E0	2.3843E6	
1329	-7.1457E-1	1.4600E2	2.2410E0	2.3865E6	
1330	-7.1518E-1	1.4510E2	2.2472E0	2.3887E6	
1331	-7.1381E-1	1.4714E2	2.2532E0	2.3909E6	
1332	-7.1632E-1	1.4340E2	2.2594E0	2.3932E6	
1333	-7.1510E-1	1.4521E2	2.2656E0	2.3954E6	
1334	-7.1625E-1	1.4351E2	2.2717E0	2.3976E6	
1335	-7.1587E-1	1.4408E2	2.2779E0	2.3998E6	
1336	-7.1465E-1	1.4589E2	2.2840E0	2.4020E6	
1337	-7.1701E-1	1.4238E2	2.2902E0	2.4043E6	
1338	-7.1648E-1	1.4317E2	2.2964E0	2.4065E6	
1339	-7.1518E-1	1.4510E2	2.3026E0	2.4087E6	
1340	-7.1800E-1	1.4091E2	2.3086E0	2.4109E6	
1341	-7.1472E-1	1.4578E2	2.3149E0	2.4131E6	
1342	-7.1526E-1	1.4499E2	2.3210E0	2.4154E6	
1343	-7.1861E-1	1.4000E2	2.3273E0	2.4176E6	
1344	-7.1861E-1	1.4000E2	2.3335E0	2.4198E6	
1345	-7.1831E-1	1.4046E2	2.3397E0	2.4220E6	
1346	-7.1533E-1	1.4487E2	2.3458E0	2.4242E6	
1347	-7.1938E-1	1.3887E2	2.3520E0	2.4265E6	
1348	-7.1892E-1	1.3955E2	2.3582E0	2.4287E6	
1349	-7.2090E-1	1.3661E2	2.3644E0	2.4309E6	
1350	-7.1808E-1	1.4080E2	2.3706E0	2.4331E6	
1351	-7.1686E-1	1.4261E2	2.3769E0	2.4353E6	
1352	-7.1793E-1	1.4102E2	2.3831E0	2.4376E6	
1353	-7.1770E-1	1.4136E2	2.3894E0	2.4398E6	
1354	-7.2060E-1	1.3706E2	2.3956E0	2.4420E6	
1355	-7.2060E-1	1.3706E2	2.4018E0	2.4442E6	
1356	-7.1930E-1	1.3898E2	2.4080E0	2.4464E6	
1357	-7.1907E-1	1.3932E2	2.4143E0	2.4487E6	
1358	-7.2182E-1	1.3525E2	2.4206E0	2.4509E6	
1359	-7.1938E-1	1.3887E2	2.4269E0	2.4531E6	
1360	-7.2197E-1	1.3502E2	2.4331E0	2.4553E6	
1361	-7.1983E-1	1.3819E2	2.4393E0	2.4575E6	
1362	-7.2029E-1	1.3751E2	2.4457E0	2.4598E6	
1363	-7.2304E-1	1.3344E2	2.4520E0	2.4620E6	
1364	-7.2235E-1	1.3446E2	2.4581E0	2.4642E6	
1365	-7.2212E-1	1.3480E2	2.4645E0	2.4664E6	
1366	-7.2243E-1	1.3434E2	2.4708E0	2.4686E6	
1367	-7.2044E-1	1.3729E2	2.4772E0	2.4709E6	
1368	-7.2350E-1	1.3276E2	2.4834E0	2.4731E6	
1369	-7.2083E-1	1.3672E2	2.4897E0	2.4753E6	
1370	-7.2411E-1	1.3185E2	2.4960E0	2.4775E6	
1371	-7.2197E-1	1.3502E2	2.5023E0	2.4797E6	
1372	-7.2273E-1	1.3389E2	2.5087E0	2.4820E6	
1373	-7.2456E-1	1.3117E2	2.5149E0	2.4842E6	
1374	-7.2495E-1	1.3061E2	2.5213E0	2.4864E6	
1375	-7.2525E-1	1.3015E2	2.5276E0	2.4886E6	
1376	-7.2670E-1	1.2800E2	2.5339E0	2.4908E6	
1377	-7.2502E-1	1.3049E2	2.5402E0	2.4931E6	
1378	-7.2388E-1	1.3219E2	2.5466E0	2.4953E6	
1379	-7.2533E-1	1.3004E2	2.5530E0	2.4975E6	
1380	-7.2647E-1	1.2834E2	2.5594E0	2.4997E6	
1381	-7.2578E-1	1.2936E2	2.5658E0	2.5019E6	
1382	-7.2601E-1	1.2902E2	2.5721E0	2.5042E6	
1383	-7.2739E-1	1.2698E2	2.5785E0	2.5064E6	
1384	-7.2731E-1	1.2710E2	2.5848E0	2.5086E6	
1385	-7.2571E-1	1.2947E2	2.5911E0	2.5108E6	
1386	-7.2762E-1	1.2664E2	2.5975E0	2.5130E6	
1387	-7.2762E-1	1.2664E2	2.6040E0	2.5153E6	
1388	-7.2845E-1	1.2540E2	2.6103E0	2.5175E6	
1389	-7.2815E-1	1.2585E2	2.6167E0	2.5197E6	
1390	-7.3059E-1	1.2223E2	2.6231E0	2.5219E6	
1391	-7.2876E-1	1.2494E2	2.6295E0	2.5241E6	
1392	-7.2899E-1	1.2460E2	2.6359E0	2.5264E6	
1393	-7.2861E-1	1.2517E2	2.6424E0	2.5286E6	
1394	-7.2983E-1	1.2336E2	2.6488E0	2.5308E6	
1395	-7.3036E-1	1.2257E2	2.6552E0	2.5330E6	
1396	-7.2838E-1	1.2551E2	2.6616E0	2.5352E6	
1397	-7.2845E-1	1.2540E2	2.6681E0	2.5375E6	
1398	-7.3112E-1	1.2143E2	2.6745E0	2.5397E6	
1399	-7.2571E-1	1.2947E2	2.6810E0	2.5419E6	
1400	-7.2975E-1	1.2347E2	2.6873E0	2.5441E6	
1401	-7.3013E-1	1.2291E2	2.6938E0	2.5463E6	
1402	-7.3006E-1	1.2302E2	2.7002E0	2.5486E6	
1403	-7.3135E-1	1.2109E2	2.7067E0	2.5508E6	
1404	-7.2968E-1	1.2359E2	2.7131E0	2.5530E6	
1405	-7.3174E-1	1.2053E2	2.7197E0	2.5552E6	
1406	-7.3296E-1	1.1872E2	2.7260E0	2.5574E6	
1407	-7.3112E-1	1.2143E2	2.7326E0	2.5597E6	
1408	-7.2914E-1	1.2438E2	2.7390E0	2.5619E6	
1409	-7.3074E-1	1.2200E2	2.7456E0	2.5641E6	
1410	-7.3242E-1	1.1951E2	2.7520E0	2.5663E6	
1411	-7.3067E-1	1.2211E2	2.7585E0	2.5685E6	
1412	-7.3067E-1	1.2211E2	2.7650E0	2.5708E6	
1413	-7.3097E-1	1.2166E2	2.7716E0	2.5730E6	
1414	-7.3265E-1	1.1917E2	2.7779E0	2.5752E6	
1415	-7.3448E-1	1.1645E2	2.7845E0	2.5774E6	
1416	-7.3074E-1	1.2200E2	2.7911E0	2.5796E6	
1417	-7.3235E-1	1.1962E2	2.7976E0	2.5819E6	
1418	-7.3349E-1	1.1792E2	2.8041E0	2.5841E6	
1419	-7.3051E-1	1.2234E2	2.8106E0	2.5863E6	
1420	-7.3288E-1	1.1883E2	2.8172E0	2.5885E6	
1421	-7.3166E-1	1.2064E2	2.8236E0	2.5907E6	
1422	-7.3303E-1	1.1860E2	2.8301E0	2.5930E6	
1423	-7.3326E-1	1.1826E2	2.8368E0	2.5952E6	
1424	-7.3570E-1	1.1464E2	2.8432E0	2.5974E6	
1425	-7.3441E-1	1.1657E2	2.8498E0	2.5996E6	
1426	-7.3303E-1	1.1860E2	2.8563E0	2.6018E6	
1427	-7.3662E-1	1.1328E2	2.8630E0	2.6041E6	
1428	-7.3624E-1	1.1385E2	2.8694E0	2.6063E6	
1429	-7.3463E-1	1.1623E2	2.8761E0	2.6085E6	
1430	-7.3479E-1	1.1600E2	2.8826E0	2.6107E6	
1431	-7.3647E-1	1.1351E2	2.8892E0	2.6129E6	
1432	-7.3593E-1	1.1430E2	2.8957E0	2.6152E6	
1433	-7.3753E-1	1.1192E2	2.9023E0	2.6174E6	
1434	-7.3875E-1	1.1011E2	2.9090E0	2.6196E6	
1435	-7.3685E-1	1.1294E2	2.9155E0	2.6218E6	
1436	-7.3883E-1	1.1000E2	2.9221E0	2.6240E6	
1437	-7.3601E-1	1.1419E2	2.9287E0	2.6263E6	
1438	-7.3906E-1	1.0966E2	2.9353E0	2.6285E6	
1439	-7.3906E-1	1.0966E2	2.9419E0	2.6307E6	
1440	-7.3814E-1	1.1102E2	2.9485E0	2.6329E6	
1441	-7.3593E-1	1.1430E2	2.9551E0	2.6351E6	
1442	-7.3631E-1	1.1374E2	2.9617E0	2.6374E6	
1443	-7.3898E-1	1.0977E2	2.9684E0	2.6396E6	
1444	-7.3738E-1	1.1215E2	2.9750E0	2.6418E6	
1445	-7.3914E-1	1.0955E2	2.9817E0	2.6440E6	
1446	-7.4013E-1	1.0807E2	2.9882E0	2.6462E6	
1447	-7.3883E-1	1.1000E2	2.9949E0	2.6485E6	
1448	-7.4196E-1	1.0536E2	3.0015E0	2.6507E6	
1449	-7.3853E-1	1.1045E2	3.0082E0	2.6529E6	
1450	-7.4074E-1	1.0717E2	3.0148E0	2.6551E6	
1451	-7.4074E-1	1.0717E2	3.0214E0	2.6573E6	
1452	-7.4097E-1	1.0683E2	3.0283E0	2.6596E6	
1453	-7.4249E-1	1.0456E2	3.0348E0	2.6618E6	
1454	-7.4265E-1	1.0434E2	3.0414E0	2.6640E6	
1455	-7.4280E-1	1.0411E2	3.0480E0	2.6662E6	
1456	-7.4150E-1	1.0604E2	3.0548E0	2.6684E6	
1457	-7.4272E-1	1.0422E2	3.0615E0	2.6707E6	
1458	-7.4287E-1	1.0400E2	3.0682E0	2.6729E6	
1459	-7.4364E-1	1.0287E2	3.0748E0	2.6751E6	
1460	-7.4318E-1	1.0354E2	3.0816E0	2.6773E6	
1461	-7.4234E-1	1.0479E2	3.0883E0	2.6795E6	
1462	-7.4432E-1	1.0185E2	3.0949E0	2.6818E6	
1463	-7.4417E-1	1.0207E2	3.1016E0	2.6840E6	
1464	-7.4272E-1	1.0422E2	3.1084E0	2.6862E6	
1465	-7.4432E-1	1.0185E2	3.1150E0	2.6884E6	
1466	-7.4455E-1	1.0151E2	3.1218E0	2.6906E6	
1467	-7.4371E-1	1.0275E2	3.1285E0	2.6929E6	
1468	-7.4425E-1	1.0196E2	3.1351E0	2.6951E6	
1469	-7.4364E-1	1.0287E2	3.1420E0	2.6973E6	
1470	-7.4425E-1	1.0196E2	3.1486E0	2.6995E6	
1471	-7.4608E-1	9.9242E1	3.1554E0	2.7017E6	
1472	-7.4570E-1	9.9809E1	3.1621E0	2.7040E6	
1473	-7.4593E-1	9.9469E1	3.1688E0	2.7062E6	
1474	-7.4532E-1	1.0037E2	3.1756E0	2.7084E6	
1475	-7.4440E-1	1.0173E2	3.1824E0	2.7106E6	
1476	-7.4707E-1	9.7770E1	3.1892E0	2.7128E6	
1477	-7.4677E-1	9.8223E1	3.1959E0	2.7151E6	
1478	-7.4486E-1	1.0105E2	3.2026E0	2.7173E6	
1479	-7.4608E-1	9.9242E1	3.2094E0	2.7195E6	
1480	-7.4493E-1	1.0094E2	3.2162E0	2.7217E6	
1481	-7.4669E-1	9.8337E1	3.2229E0	2.7239E6	
1482	-7.4707E-1	9.7770E1	3.2297E0	2.7262E6	
1483	-7.4890E-1	9.5053E1	3.2366E0	2.7284E6	
1484	-7.4524E-1	1.0049E2	3.2433E0	2.7306E6	
1485	-7.4814E-1	9.6185E1	3.2501E0	2.7328E6	
1486	-7.4509E-1	1.0071E2	3.2569E0	2.7350E6	
1487	-7.4692E-1	9.7997E1	3.2636E0	2.7373E6	
1488	-7.4623E-1	9.9016E1	3.2705E0	2.7395E6	
1489	-7.4959E-1	9.4034E1	3.2773E0	2.7417E6	
1490	-7.4875E-1	9.5280E1	3.2841E0	2.7439E6	
1491	-7.5012E-1	9.3241E1	3.2910E0	2.7461E6	
1492	-7.4493E-1	1.0094E2	3.2977E0	2.7484E6	
1493	-7.4883E-1	9.5166E1	3.3045E0	2.7506E6	
1494	-7.4989E-1	9.3581E1	3.3113E0	2.7528E6	
1495	-7.4959E-1	9.4034E1	3.3182E0	2.7550E6	
1496	-7.4997E-1	9.3468E1	3.3250E0	2.7572E6	
1497	-7.4867E-1	9.5393E1	3.3318E0	2.7595E6	
1498	-7.5073E-1	9.2336E1	3.3387E0	2.7617E6	
1499	-7.4890E-1	9.5053E1	3.3455E0	2.7639E6	
1500	-7.5172E-1	9.0864E1	3.3524E0	2.7661E6	
1501	-7.5150E-1	9.1203E1	3.3592E0	2.7683E6	
1502	-7.5027E-1	9.3015E1	3.3661E0	2.7706E6	
1503	-7.5020E-1	9.3128E1	3.3730E0	2.7728E6	
1504	-7.5203E-1	9.0411E1	3.3798E0	2.7750E6	
1505	-7.5287E-1	8.9165E1	3.3867E0	2.7772E6	
1506	-7.5233E-1	8.9958E1	3.3935E0	2.7794E6	
1507	-7.4966E-1	9.3921E1	3.4004E0	2.7817E6	
1508	-7.5203E-1	9.0411E1	3.4072E0	2.7839E6	
1509	-7.5401E-1	8.7467E1	3.4142E0	2.7861E6	
1510	-7.5356E-1	8.8146E1	3.4210E0	2.7883E6	
1511	-7.5035E-1	9.2902E1	3.4279E0	2.7905E6	
1512	-7.5302E-1	8.8939E1	3.4349E0	2.7928E6	
1513	-7.5371E-1	8.7920E1	3.4417E0	2.7950E6	
1514	-7.5516E-1	8.5769E1	3.4485E0	2.7972E6	
1515	-7.5493E-1	8.6108E1	3.4555E0	2.7994E6	
1516	-7.5333E-1	8.8486E1	3.4625E0	2.8016E6	
1517	-7.5310E-1	8.8826E1	3.4693E0	2.8039E6	
1518	-7.5439E-1	8.6901E1	3.4763E0	2.8061E6	
1519	-7.5584E-1	8.4750E1	3.4832E0	2.8083E6	
1520	-7.5645E-1	8.3844E1	3.4901E0	2.8105E6	
1521	-7.5645E-1	8.3844E1	3.4971E0	2.8127E6	
1522	-7.5630E-1	8.4070E1	3.5040E0	2.8150E6	
1523	-7.5745E-1	8.2372E1	3.5109E0	2.8172E6	
1524	-7.5630E-1	8.4070E1	3.5178E0	2.8194E6	
1525	-7.5706E-1	8.2938E1	3.5247E0	2.8216E6	
1526	-7.6012E-1	7.8409E1	3.5317E0	2.8238E6	
1527	-7.5493E-1	8.6108E1	3.5385E0	2.8261E6	
1528	-7.5844E-1	8.0900E1	3.5456E0	2.8283E6	
1529	-7.5684E-1	8.3278E1	3.5525E0	2.8305E6	
1530	-7.5813E-1	8.1353E1	3.5595E0	2.8327E6	
1531	-7.5577E-1	8.4863E1	3.5665E0	2.8349E6	
1532	-7.5592E-1	8.4636E1	3.5734E0	2.8372E6	
1533	-7.5821E-1	8.1240E1	3.5804E0	2.8394E6	
1534	-7.5928E-1	7.9654E1	3.5874E0	2.8416E6	
1535	-7.6019E-1	7.8296E1	3.5943E0	2.8438E6	
1536	-7.5745E-1	8.2372E1	3.6013E0	2.8460E6	
1537	-7.5890E-1	8.0220E1	3.6083E0	2.8483E6	
1538	-7.5859E-1	8.0673E1	3.6153E0	2.8505E6	
1539	-7.5752E-1	8.2259E1	3.6223E0	2.8527E6	
1540	-7.5890E-1	8.0220E1	3.6293E0	2.8549E6	
1541	-7.6019E-1	7.8296E1	3.6362E0	2.8571E6	
1542	-7.5844E-1	8.0900E1	3.6432E0	2.8594E6	
1543	-7.5912E-1	7.9881E1	3.6503E0	2.8616E6	
1544	-7.5935E-1	7.9541E1	3.6573E0	2.8638E6	
1545	-7.6019E-1	7.8296E1	3.6643E0	2.8660E6	
1546	-7.6195E-1	7.5691E1	3.6713E0	2.8682E6	
1547	-7.5974E-1	7.8975E1	3.6783E0	2.8705E6	
1548	-7.6096E-1	7.7163E1	3.6853E0	2.8727E6	
1549	-7.5882E-1	8.0334E1	3.6925E0	2.8749E6	
1550	-7.5935E-1	7.9541E1	3.6994E0	2.8771E6	
1551	-7.6408E-1	7.2521E1	3.7064E0	2.8793E6	
1552	-7.6027E-1	7.8182E1	3.7135E0	2.8816E6	
1553	-7.6233E-1	7.5125E1	3.7205E0	2.8838E6	
1554	-7.6248E-1	7.4899E1	3.7275E0	2.8860E6	
1555	-7.6279E-1	7.4446E1	3.7345E0	2.8882E6	
1556	-7.6233E-1	7.5125E1	3.7416E0	2.8904E6	
1557	-7.6248E-1	7.4899E1	3.7487E0	2.8927E6	
1558	-7.6370E-1	7.3087E1	3.7556E0	2.8949E6	
1559	-7.6462E-1	7.1729E1	3.7629E0	2.8971E6	
1560	-7.6408E-1	7.2521E1	3.7697E0	2.8993E6	
1561	-7.6508E-1	7.1049E1	3.7770E0	2.9015E6	
1562	-7.6660E-1	6.8785E1	3.7839E0	2.9038E6	
1563	-7.6340E-1	7.3540E1	3.7910E0	2.9060E6	
1564	-7.6385E-1	7.2861E1	3.7981E0	2.9082E6	
1565	-7.6691E-1	6.8332E1	3.8053E0	2.9104E6	
1566	-7.6477E-1	7.1502E1	3.8124E0	2.9126E6	
1567	-7.6775E-1	6.7086E1	3.8194E0	2.9149E6	
1568	-7.6508E-1	7.1049E1	3.8265E0	2.9171E6	
1569	-7.6691E-1	6.8332E1	3.8336E0	2.9193E6	
1570	-7.6874E-1	6.5614E1	3.8407E0	2.9215E6	
1571	-7.6462E-1	7.1729E1	3.8477E0	2.9237E6	
1572	-7.6706E-1	6.8105E1	3.8550E0	2.9260E6	
1573	-7.6553E-1	7.0370E1	3.8621E0	2.9282E6	
1574	-7.6889E-1	6.5388E1	3.8691E0	2.9304E6	
1575	-7.6836E-1	6.6180E1	3.8763E0	2.9326E6	
1576	-7.6820E-1	6.6407E1	3.8834E0	2.9348E6	
1577	-7.6973E-1	6.4142E1	3.8904E0	2.9371E6	
1578	-7.6912E-1	6.5048E1	3.8976E0	2.9393E6	
1579	-7.6767E-1	6.7200E1	3.9047E0	2.9415E6	
1580	-7.6897E-1	6.5275E1	3.9118E0	2.9437E6	
1581	-7.7026E-1	6.3350E1	3.9190E0	2.9459E6	
1582	-7.7110E-1	6.2104E1	3.9262E0	2.9482E6	
1583	-7.6736E-1	6.7652E1	3.9333E0	2.9504E6	
1584	-7.6874E-1	6.5614E1	3.9404E0	2.9526E6	
1585	-7.7126E-1	6.1878E1	3.9476E0	2.9548E6	
1586	-7.7118E-1	6.1991E1	3.9549E0	2.9570E6	
1587	-7.6935E-1	6.4709E1	3.9620E0	2.9593E6	
1588	-7.6859E-1	6.5841E1	3.9690E0	2.9615E6	
1589	-7.7309E-1	5.9160E1	3.9762E0	2.9637E6	
1590	-7.7065E-1	6.2784E1	3.9834E0	2.9659E6	
1591	-7.7080E-1	6.2557E1	3.9906E0	2.9681E6	
1592	-7.7110E-1	6.2104E1	3.9977E0	2.9704E6	
1593	-7.7286E-1	5.9500E1	4.0049E0	2.9726E6	
1594	-7.7301E-1	5.9274E1	4.0121E0	2.9748E6	
1595	-7.7095E-1	6.2331E1	4.0193E0	2.9770E6	
1596	-7.7324E-1	5.8934E1	4.0265E0	2.9792E6	
1597	-7.7110E-1	6.2104E1	4.0338E0	2.9815E6	
1598	-7.7240E-1	6.0180E1	4.0408E0	2.9837E6	
1599	-7.7072E-1	6.2670E1	4.0481E0	2.9859E6	
1600	-7.7187E-1	6.0972E1	4.0552E0	2.9881E6	
1601	-7.7255E-1	5.9953E1	4.0624E0	2.9903E6	
1602	-7.7232E-1	6.0293E1	4.0697E0	2.9926E6	
1603	-7.7278E-1	5.9613E1	4.0770E0	2.9948E6	
1604	-7.7538E-1	5.5764E1	4.0840E0	2.9970E6	
1605	-7.7316E-1	5.9047E1	4.0914E0	2.9992E6	
1606	-7.7538E-1	5.5764E1	4.0986E0	3.0014E6	
1607	-7.7614E-1	5.4631E1	4.1058E0	3.0037E6	
1608	-7.7614E-1	5.4631E1	4.1130E0	3.0059E6	
1609	-7.7217E-1	6.0519E1	4.1203E0	3.0081E6	
1610	-7.7614E-1	5.4631E1	4.1275E0	3.0103E6	
1611	-7.7599E-1	5.4858E1	4.1347E0	3.0125E6	
1612	-7.7766E-1	5.2367E1	4.1420E0	3.0148E6	
1613	-7.7576E-1	5.5198E1	4.1493E0	3.0170E6	
1614	-7.7736E-1	5.2820E1	4.1563E0	3.0192E6	
1615	-7.7591E-1	5.4971E1	4.1637E0	3.0214E6	
1616	-7.7866E-1	5.0895E1	4.1710E0	3.0236E6	
1617	-7.7782E-1	5.2140E1	4.1783E0	3.0259E6	
1618	-7.7507E-1	5.6217E1	4.1855E0	3.0281E6	
1619	-7.7560E-1	5.5424E1	4.1927E0	3.0303E6	
1620	-7.7682E-1	5.3612E1	4.2000E0	3.0325E6	
1621	-7.7835E-1	5.1348E1	4.2072E0	3.0347E6	
1622	-7.7637E-1	5.4292E1	4.2145E0	3.0370E6	
1623	-7.7820E-1	5.1574E1	4.2217E0	3.0392E6	
1624	-7.7843E-1	5.1235E1	4.2292E0	3.0414E6	
1625	-7.7957E-1	4.9536E1	4.2363E0	3.0436E6	
1626	-7.7805E-1	5.1801E1	4.2436E0	3.0458E6	
1627	-7.7873E-1	5.0782E1	4.2510E0	3.0481E6	
1628	-7.7896E-1	5.0442E1	4.2582E0	3.0503E6	
1629	-7.7888E-1	5.0555E1	4.2655E0	3.0525E6	
1630	-7.8056E-1	4.8064E1	4.2729E0	3.0547E6	
1631	-7.8026E-1	4.8517E1	4.2801E0	3.0569E6	
1632	-7.8087E-1	4.7611E1	4.2874E0	3.0592E6	
1633	-7.8354E-1	4.3649E1	4.2946E0	3.0614E6	
1634	-7.8041E-1	4.8291E1	4.3020E0	3.0636E6	
1635	-7.8133E-1	4.6932E1	4.3093E0	3.0658E6	
1636	-7.8079E-1	4.7725E1	4.3167E0	3.0680E6	
1637	-7.8453E-1	4.2177E1	4.3239E0	3.0703E6	
1638	-7.8255E-1	4.5120E1	4.3313E0	3.0725E6	
1639	-7.8110E-1	4.7272E1	4.3386E0	3.0747E6	
1640	-7.8247E-1	4.5234E1	4.3459E0	3.0769E6	
1641	-7.8552E-1	4.0705E1	4.3532E0	3.0791E6	
1642	-7.8476E-1	4.1837E1	4.3606E0	3.0814E6	
1643	-7.8362E-1	4.3535E1	4.3680E0	3.0836E6	
1644	-7.8423E-1	4.2630E1	4.3752E0	3.0858E6	
1645	-7.8552E-1	4.0705E1	4.3826E0	3.0880E6	
1646	-7.8217E-1	4.5687E1	4.3900E0	3.0902E6	
1647	-7.8499E-1	4.1497E1	4.3973E0	3.0925E6	
1648	-7.8476E-1	4.1837E1	4.4046E0	3.0947E6	
1649	-7.8499E-1	4.1497E1	4.4120E0	3.0969E6	
1650	-7.8560E-1	4.0591E1	4.4194E0	3.0991E6	
1651	-7.8476E-1	4.1837E1	4.4267E0	3.1013E6	
1652	-7.8598E-1	4.0025E1	4.4340E0	3.1036E6	
1653	-7.8674E-1	3.8893E1	4.4414E0	3.1058E6	
1654	-7.8445E-1	4.2290E1	4.4489E0	3.1080E6	
1655	-7.8636E-1	3.9459E1	4.4561E0	3.1102E6	
1656	-7.8423E-1	4.2630E1	4.4635E0	3.1124E6	
1657	-7.8888E-1	3.5723E1	4.4708E0	3.1147E6	
1658	-7.8484E-1	4.1724E1	4.4782E0	3.1169E6	
1659	-7.8621E-1	3.9686E1	4.4857E0	3.1191E6	
1660	-7.8621E-1	3.9686E1	4.4930E0	3.1213E6	
1661	-7.8850E-1	3.6289E1	4.5003E0	3.1235E6	
1662	-7.8552E-1	4.0705E1	4.5078E0	3.1258E6	
1663	-7.8575E-1	4.0365E1	4.5150E0	3.1280E6	
1664	-7.8766E-1	3.7534E1	4.5226E0	3.1302E6	
1665	-7.8796E-1	3.7081E1	4.5300E0	3.1324E6	
1666	-7.8720E-1	3.8214E1	4.5373E0	3.1346E6	
1667	-7.8949E-1	3.4817E1	4.5447E0	3.1369E6	
1668	-7.8796E-1	3.7081E1	4.5521E0	3.1391E6	
1669	-7.9094E-1	3.2666E1	4.5595E0	3.1413E6	
1670	-7.9094E-1	3.2666E1	4.5669E0	3.1435E6	
1671	-7.8667E-1	3.9006E1	4.5743E0	3.1457E6	
1672	-7.9063E-1	3.3119E1	4.5817E0	3.1480E6	
1673	-7.8926E-1	3.5157E1	4.5892E0	3.1502E6	
1674	-7.9071E-1	3.3005E1	4.5965E0	3.1524E6	
1675	-7.9041E-1	3.3458E1	4.6039E0	3.1546E6	
1676	-7.9063E-1	3.3119E1	4.6113E0	3.1568E6	
1677	-7.9155E-1	3.1760E1	4.6187E0	3.1591E6	
1678	-7.9010E-1	3.3911E1	4.6261E0	3.1613E6	
1679	-7.9063E-1	3.3119E1	4.6335E0	3.1635E6	
1680	-7.8949E-1	3.4817E1	4.6409E0	3.1657E6	
1681	-7.9025E-1	3.3685E1	4.6484E0	3.1679E6	
1682	-7.9109E-1	3.2439E1	4.6559E0	3.1702E6	
1683	-7.9170E-1	3.1533E1	4.6633E0	3.1724E6	
1684	-7.9262E-1	3.0175E1	4.6706E0	3.1746E6	
1685	-7.9124E-1	3.2213E1	4.6781E0	3.1768E6	
1686	-7.9063E-1	3.3119E1	4.6856E0	3.1790E6	
1687	-7.9277E-1	2.9948E1	4.6930E0	3.1813E6	
1688	-7.9277E-1	2.9948E1	4.7004E0	3.1835E6	
1689	-7.9353E-1	2.8816E1	4.7078E0	3.1857E6	
1690	-7.9308E-1	2.9495E1	4.7152E0	3.1879E6	
1691	-7.9422E-1	2.7797E1	4.7227E0	3.1901E6	
1692	-7.9353E-1	2.8816E1	4.7300E0	3.1924E6	
1693	-7.9544E-1	2.5985E1	4.7375E0	3.1946E6	
1694	-7.9315E-1	2.9382E1	4.7449E0	3.1968E6	
1695	-7.9605E-1	2.5080E1	4.7523E0	3.1990E6	
1696	-7.9605E-1	2.5080E1	4.7598E0	3.2012E6	
1697	-7.9483E-1	2.6891E1	4.7673E0	3.2035E6	
1698	-7.9605E-1	2.5080E1	4.7746E0	3.2057E6	
1699	-7.9643E-1	2.4513E1	4.7822E0	3.2079E6	
1700	-7.9544E-1	2.5985E1	4.7895E0	3.2101E6	
1701	-7.9575E-1	2.5532E1	4.7971E0	3.2123E6	
1702	-7.9750E-1	2.2928E1	4.8044E0	3.2146E6	
1703	-7.9788E-1	2.2362E1	4.8120E0	3.2168E6	
1704	-7.9651E-1	2.4400E1	4.8193E0	3.2190E6	
1705	-7.9765E-1	2.2702E1	4.8269E0	3.2212E6	
1706	-7.9918E-1	2.0437E1	4.8343E0	3.2234E6	
1707	-7.9773E-1	2.2589E1	4.8418E0	3.2257E6	
1708	-7.9865E-1	2.1230E1	4.8492E0	3.2279E6	
1709	-7.9796E-1	2.2249E1	4.8567E0	3.2301E6	
1710	-7.9613E-1	2.4966E1	4.8642E0	3.2323E6	
1711	-7.9895E-1	2.0777E1	4.8717E0	3.2345E6	
1712	-7.9872E-1	2.1117E1	4.8791E0	3.2368E6	
1713	-7.9865E-1	2.1230E1	4.8865E0	3.2390E6	
1714	-7.9918E-1	2.0437E1	4.8939E0	3.2412E6	
1715	-7.9948E-1	1.9984E1	4.9015E0	3.2434E6	
1716	-7.9903E-1	2.0664E1	4.9089E0	3.2456E6	
1717	-8.0040E-1	1.8626E1	4.9164E0	3.2479E6	
1718	-8.0086E-1	1.7946E1	4.9240E0	3.2501E6	
1719	-7.9819E-1	2.1909E1	4.9314E0	3.2523E6	
1720	-8.0002E-1	1.9192E1	4.9388E0	3.2545E6	
1721	-8.0109E-1	1.7607E1	4.9463E0	3.2567E6	
1722	-8.0009E-1	1.9079E1	4.9538E0	3.2590E6	
1723	-8.0345E-1	1.4097E1	4.9613E0	3.2612E6	
1724	-8.0162E-1	1.6814E1	4.9688E0	3.2634E6	
1725	-8.0177E-1	1.6588E1	4.9763E0	3.2656E6	
1726	-8.0299E-1	1.4776E1	4.9836E0	3.2678E6	
1727	-8.0009E-1	1.9079E1	4.9913E0	3.2701E6	
1728	-8.0162E-1	1.6814E1	4.9988E0	3.2723E6	
1729	-8.0414E-1	1.3078E1	5.0062E0	3.2745E6	
1730	-8.0284E-1	1.5002E1	5.0136E0	3.2767E6	
1731	-8.0185E-1	1.6474E1	5.0211E0	3.2789E6	
1732	-8.0421E-1	1.2964E1	5.0286E0	3.2812E6	
1733	-8.0414E-1	1.3078E1	5.0361E0	3.2834E6	
1734	-8.0208E-1	1.6135E1	5.0435E0	3.2856E6	
1735	-8.0414E-1	1.3078E1	5.0512E0	3.2878E6	
1736	-8.0292E-1	1.4889E1	5.0586E0	3.2900E6	
1737	-8.0437E-1	1.2738E1	5.0660E0	3.2923E6	
1738	-8.0482E-1	1.2059E1	5.0736E0	3.2945E6	
1739	-8.0490E-1	1.1945E1	5.0811E0	3.2967E6	
1740	-8.0528E-1	1.1379E1	5.0886E0	3.2989E6	
1741	-8.0589E-1	1.0473E1	5.0960E0	3.3011E6	
1742	-8.0688E-1	9.0015E0	5.1034E0	3.3034E6	
1743	-8.0688E-1	9.0015E0	5.1110E0	3.3056E6	
1744	-8.0734E-1	8.3221E0	5.1185E0	3.3078E6	
1745	-8.0849E-1	6.6237E0	5.1260E0	3.3100E6	
1746	-8.0544E-1	1.1153E1	5.1335E0	3.3122E6	
1747	-8.0788E-1	7.5296E0	5.1411E0	3.3145E6	
1748	-8.0406E-1	1.3191E1	5.1485E0	3.3167E6	
1749	-8.0765E-1	7.8692E0	5.1559E0	3.3189E6	
1750	-8.0734E-1	8.3221E0	5.1634E0	3.3211E6	
1751	-8.0727E-1	8.4354E0	5.1710E0	3.3233E6	
1752	-8.0681E-1	9.1147E0	5.1784E0	3.3256E6	
1753	-8.0719E-1	8.5486E0	5.1859E0	3.3278E6	
1754	-8.1055E-1	3.5667E0	5.1935E0	3.3300E6	
1755	-8.0902E-1	5.8312E0	5.2009E0	3.3322E6	
1756	-8.1085E-1	3.1137E0	5.2084E0	3.3344E6	
1757	-8.0856E-1	6.5105E0	5.2158E0	3.3367E6	
1758	-8.1116E-1	2.6608E0	5.2233E0	3.3389E6	
1759	-8.0956E-1	5.0386E0	5.2309E0	3.3411E6	
1760	-8.0910E-1	5.7179E0	5.2383E0	3.3433E6	
1761	-8.0894E-1	5.9444E0	5.2459E0	3.3455E6	
1762	-8.1207E-1	1.3021E0	5.2533E0	3.3478E6	
1763	-8.1047E-1	3.6799E0	5.2608E0	3.3500E6	
1764	-8.0933E-1	5.3783E0	5.2682E0	3.3522E6	
1765	-8.0925E-1	5.4915E0	5.2759E0	3.3544E6	
1766	-8.1024E-1	4.0196E0	5.2833E0	3.3566E6	
1767	-8.1200E-1	1.4154E0	5.2907E0	3.3589E6	
1768	-8.1276E-1	2.8311E-1	5.2981E0	3.3611E6	
1769	-8.1261E-1	5.0956E-1	5.3058E0	3.3633E6	
1770	-8.1284E-1	1.6988E-1	5.3132E0	3.3655E6	
1771	-8.1146E-1	2.2079E0	5.3206E0	3.3677E6	
1772	-8.1055E-1	3.5667E0	5.3282E0	3.3700E6	
1773	-8.1467E-1	-2.5475E0	5.3356E0	3.3722E6	
1774	-8.1207E-1	1.3021E0	5.3431E0	3.3744E6	
1775	-8.1093E-1	3.0005E0	5.3505E0	3.3766E6	
1776	-8.1207E-1	1.3021E0	5.3580E0	3.3788E6	
1777	-8.1657E-1	-5.3782E0	5.3655E0	3.3811E6	
1778	-8.1383E-1	-1.3021E0	5.3731E0	3.3833E6	
1779	-8.1444E-1	-2.2079E0	5.3805E0	3.3855E6	
1780	-8.1421E-1	-1.8682E0	5.3879E0	3.3877E6	
1781	-8.1406E-1	-1.6417E0	5.3954E0	3.3899E6	
1782	-8.1604E-1	-4.5856E0	5.4029E0	3.3922E6	
1783	-8.1352E-1	-8.4915E-1	5.4104E0	3.3944E6	
1784	-8.1604E-1	-4.5856E0	5.4178E0	3.3966E6	
1785	-8.1406E-1	-1.6417E0	5.4252E0	3.3988E6	
1786	-8.1657E-1	-5.3782E0	5.4327E0	3.4010E6	
1787	-8.1367E-1	-1.0756E0	5.4403E0	3.4033E6	
1788	-8.1596E-1	-4.4724E0	5.4478E0	3.4055E6	
1789	-8.1360E-1	-9.6238E-1	5.4551E0	3.4077E6	
1790	-8.1367E-1	-1.0756E0	5.4627E0	3.4099E6	
1791	-8.1596E-1	-4.4724E0	5.4702E0	3.4121E6	
1792	-8.1543E-1	-3.6798E0	5.4776E0	3.4144E6	
1793	-8.1520E-1	-3.3401E0	5.4852E0	3.4166E6	
1794	-8.1543E-1	-3.6798E0	5.4926E0	3.4188E6	
1795	-8.1818E-1	-7.7559E0	5.5002E0	3.4210E6	
1796	-8.1604E-1	-4.5856E0	5.5072E0	3.4231E6	
1797	-8.1604E-1	-4.5856E0	5.5072E0	3.4231E6	
1798	-8.1604E-1	-4.5856E0	5.5072E0	3.4231E6	
1799	-8.1604E-1	-4.5856E0	5.5072E0	3.4231E6	
1800	-8.1604E-1	-4.5856E0	5.5072E0	3.4231E6	
1801	-8.1604E-1	-4.5856E0	5.5072E0	3.4231E6	
1802	-8.1604E-1	-4.5856E0	5.5072E0	3.4231E6	
1803	-8.1604E-1	-4.5856E0	5.5072E0	3.4231E6	
1804	-8.1604E-1	-4.5856E0	5.5072E0	3.4231E6	
1805	-8.1604E-1	-4.5856E0	5.5072E0	3.4231E6	
1806	-8.1604E-1	-4.5856E0	5.5072E0	3.4231E6	
1807	-8.1604E-1	-4.5856E0	5.5072E0	3.4231E6	
1808	-8.1604E-1	-4.5856E0	5.5072E0	3.4231E6	
1809	-8.1604E-1	-4.5856E0	5.5072E0	3.4231E6	
1810	-8.1604E-1	-4.5856E0	5.5072E0	3.4231E6	
1811	-8.1604E-1	-4.5856E0	5.5072E0	3.4231E6	
1812	-8.1604E-1	-4.5856E0	5.5072E0	3.4231E6	
1813	-8.1604E-1	-4.5856E0	5.5072E0	3.4231E6	
1814	-8.1604E-1	-4.5856E0	5.5072E0	3.4231E6	
1815	-8.1604E-1	-4.5856E0	5.5072E0	3.4231E6	
1816	-8.1604E-1	-4.5856E0	5.5072E0	3.4231E6	
1817	-8.1604E-1	-4.5856E0	5.5072E0	3.4231E6	
1818	-8.1604E-1	-4.5856E0	5.5072E0	3.4231E6	
1819	-8.1604E-1	-4.5856E0	5.5072E0	3.4231E6	
1820	-8.1604E-1	-4.5856E0	5.5072E0	3.4231E6	
1821	-8.1604E-1	-4.5856E0	5.5072E0	3.4231E6	
1822	-8.1604E-1	-4.5856E0	5.5072E0	3.4231E6	
1823	-8.1604E-1	-4.5856E0	5.5072E0	3.4231E6	
1824	-8.1604E-1	-4.5856E0	5.5072E0	3.4231E6	
1825	-8.1604E-1	-4.5856E0	5.5072E0	3.4231E6	
1826	-8.1604E-1	-4.5856E0	5.5072E0	3.4231E6	
1827	-8.1604E-1	-4.5856E0	5.5072E0	3.4231E6	
1828	-8.1604E-1	-4.5856E0	5.5072E0	3.4231E6	
1829	-8.1604E-1	-4.5856E0	5.5072E0	3.4231E6	
1830	-8.1604E-1	-4.5856E0	5.5072E0	3.4231E6	
1831	-8.1604E-1	-4.5856E0	5.5072E0	3.4231E6	
1832	-8.1604E-1	-4.5856E0	5.5072E0	3.4231E6	
1833	-8.1604E-1	-4.5856E0	5.5072E0	3.4231E6	
1834	-8.1604E-1	-4.5856E0	5.5072E0	3.4231E6	
1835	-8.1604E-1	-4.5856E0	5.5072E0	3.4231E6	
1836	-8.1604E-1	-4.5856E0	5.5072E0	3.4231E6	
1837	-8.1604E-1	-4.5856E0	5.5072E0	3.4231E6	
1838	-8.1604E-1	-4.5856E0	5.5072E0	3.4231E6	
1839	-8.1604E-1	-4.5856E0	5.5072E0	3.4231E6	
1840	-8.1604E-1	-4.5856E0	5.5072E0	3.4231E6	
1841	-8.1604E-1	-4.5856E0	5.5072E0	3.4231E6	
1842	-8.1604E-1	-4.5856E0	5.5072E0	3.4231E6	
1843	-8.1604E-1	-4.5856E0	5.5072E0	3.4231E6	
1844	-8.1604E-1	-4.5856E0	5.5072E0	3.4231E6	
1845	-8.1604E-1	-4.5856E0	5.5072E0	3.4231E6	
1846	-8.1604E-1	-4.5856E0	5.5072E0	3.4231E6	
1847	-8.1604E-1	-4.5856E0	5.5072E0	3.4231E6	
1848	-8.1604E-1	-4.5856E0	5.5072E0	3.4231E6	
1849	-8.1604E-1	-4.5856E0	5.5072E0	3.4231E6	
1850	-8.1604E-1	-4.5856E0	5.5072E0	3.4231E6	
1851	-8.1604E-1	-4.5856E0	5.5072E0	3.4231E6	
1852	-8.1604E-1	-4.5856E0	5.5072E0	3.4231E6	
1853	-8.1604E-1	-4.5856E0	5.5072E0	3.4231E6	
1854	-8.1604E-1	-4.5856E0	5.5072E0	3.4231E6	
1855	-8.1604E-1	-4.5856E0	5.5072E0	3.4231E6	
1856	-8.1604E-1	-4.5856E0	5.5072E0	3.4231E6	
1857	-8.1604E-1	-4.5856E0	5.5072E0	3.4231E6	
1858	-8.1604E-1	-4.5856E0	5.5072E0	3.4231E6	
1859	-8.1604E-1	-4.5856E0	5.5072E0	3.4231E6	
1860	-8.1604E-1	-4.5856E0	5.5072E0	3.4231E6	
1861	-8.1604E-1	-4.5856E0	5.5072E0	3.4231E6	
1862	-8.1604E-1	-4.5856E0	5.5072E0	3.4231E6	
1863	-8.1604E-1	-4.5856E0	5.5072E0	3.4231E6	
1864	-8.1604E-1	-4.5856E0	5.5072E0	3.4231E6	
1865	-8.1604E-1	-4.5856E0	5.5072E0	3.4231E6	
1866	-8.1604E-1	-4.5856E0	5.5072E0	3.4231E6	
1867	-8.1604E-1	-4.5856E0	5.5072E0	3.4231E6	
1868	-8.1604E-1	-4.5856E0	5.5072E0	3.4231E6	
1869	-8.1604E-1	-4.5856E0	5.5072E0	3.4231E6	
1870	-8.1604E-1	-4.5856E0	5.5072E0	3.4231E6	
1871	-8.1604E-1	-4.5856E0	5.5072E0	3.4231E6	
1872	-8.1604E-1	-4.5856E0	5.5072E0	3.4231E6	
1873	-8.1604E-1	-4.5856E0	5.5072E0	3.4231E6	
1874	-8.1604E-1	-4.5856E0	5.5072E0	3.4231E6	
1875	-8.1604E-1	-4.5856E0	5.5072E0	3.4231E6	
1876	-8.1604E-1	-4.5856E0	5.5072E0	3.4231E6	
1877	-8.1604E-1	-4.5856E0	5.5072E0	3.4231E6	
1878	-8.1604E-1	-4.5856E0	5.5072E0	3.4231E6	
1879	-8.1604E-1	-4.5856E0	5.5072E0	3.4231E6	
1880	-8.1604E-1	-4.5856E0	5.5072E0	3.4231E6	
1881	-8.1604E-1	-4.5856E0	5.5072E0	3.4231E6	
1882	-8.1604E-1	-4.5856E0	5.5072E0	3.4231E6	
1883	-8.1604E-1	-4.5856E0	5.5072E0	3.4231E6	
1884	-8.1604E-1	-4.5856E0	5.5072E0	3.4231E6	
1885	-8.1604E-1	-4.5856E0	5.5072E0	3.4231E6	
1886	-8.1604E-1	-4.5856E0	5.5072E0	3.4231E6	
1887	-8.1604E-1	-4.5856E0	5.5072E0	3.4231E6	
1888	-8.1604E-1	-4.5856E0	5.5072E0	3.4231E6	
1889	-8.1604E-1	-4.5856E0	5.5072E0	3.4231E6	
1890	-8.1604E-1	-4.5856E0	5.5072E0	3.4231E6	
1891	-8.1604E-1	-4.5856E0	5.5072E0	3.4231E6	
1892	-8.1604E-1	-4.5856E0	5.5072E0	3.4231E6	
1893	-8.1604E-1	-4.5856E0	5.5072E0	3.4231E6	
1894	-8.1604E-1	-4.5856E0	5.5072E0	3.4231E6	
1895	-8.1604E-1	-4.5856E0	5.5072E0	3.4231E6	
1896	-8.1604E-1	-4.5856E0	5.5072E0	3.4231E6	
1897	-8.1604E-1	-4.5856E0	5.5072E0	3.4231E6	
1898	-8.1604E-1	-4.5856E0	5.5072E0	3.4231E6	
1899	-8.1604E-1	-4.5856E0	5.5072E0	3.4231E6	
1900	-8.1604E-1	-4.5856E0	5.5072E0	3.4231E6	
1901	-8.1604E-1	-4.5856E0	5.5072E0	3.4231E6	
1902	-8.1604E-1	-4.5856E0	5.5072E0	3.4231E6	
1903	-8.1604E-1	-4.5856E0	5.5072E0	3.4231E6	
1904	-8.1604E-1	-4.5856E0	5.5072E0	3.4231E6	
1905	-8.1604E-1	-4.5856E0	5.5072E0	3.4231E6	
1906	-8.1604E-1	-4.5856E0	5.5072E0	3.4231E6	
1907	-8.1604E-1	-4.5856E0	5.5072E0	3.4231E6	
1908	-8.1604E-1	-4.5856E0	5.5072E0	3.4231E6	
1909	-8.1604E-1	-4.5856E0	5.5072E0	3.4231E6	
1910	-8.1604E-1	-4.5856E0	5.5072E0	3.4231E6	
1911	-8.1604E-1	-4.5856E0	5.5072E0	3.4231E6	
1912	-8.1604E-1	-4.5856E0	5.5072E0	3.4231E6	
1913	-8.1604E-1	-4.5856E0	5.5072E0	3.4231E6	
1914	-8.1604E-1	-4.5856E0	5.5072E0	3.4231E6	
1915	-8.1604E-1	-4.5856E0	5.5072E0	3.4231E6	
1916	-8.1604E-1	-4.5856E0	5.5072E0	3.4231E6	
1917	-8.1604E-1	-4.5856E0	5.5072E0	3.4231E6	
1918	-8.1604E-1	-4.5856E0	5.5072E0	3.4231E6	
1919	-8.1604E-1	-4.5856E0	5.5072E0	3.4231E6	
1920	-8.1604E-1	-4.5856E0	5.5072E0	3.4231E6	
1921	-8.1604E-1	-4.5856E0	5.5072E0	3.4231E6	
1922	-8.1604E-1	-4.5856E0	5.5072E0	3.4231E6	
1923	-8.1604E-1	-4.5856E0	5.5072E0	3.4231E6	
1924	-8.1604E-1	-4.5856E0	5.5072E0	3.4231E6	
1925	-8.1604E-1	-4.5856E0	5.5072E0	3.4231E6	
1926	-8.1604E-1	-4.5856E0	5.5072E0	3.4231E6	
1927	-8.1604E-1	-4.5856E0	5.5072E0	3.4231E6	
1928	-8.1604E-1	-4.5856E0	5.5072E0	3.4231E6	
1929	-8.1604E-1	-4.5856E0	5.5072E0	3.4231E6	
1930	-8.1604E-1	-4.5856E0	5.5072E0	3.4231E6	
1931	-8.1604E-1	-4.5856E0	5.5072E0	3.4231E6	
1932	-8.1604E-1	-4.5856E0	5.5072E0	3.4231E6	
1933	-8.1604E-1	-4.5856E0	5.5072E0	3.4231E6	
1934	-8.1604E-1	-4.5856E0	5.5072E0	3.4231E6	
1935	-8.1604E-1	-4.5856E0	5.5072E0	3.4231E6	
1936	-8.1604E-1	-4.5856E0	5.5072E0	3.4231E6	
1937	-8.1604E-1	-4.5856E0	5.5072E0	3.4231E6	
1938	-8.1604E-1	-4.5856E0	5.5072E0	3.4231E6	
1939	-8.1604E-1	-4.5856E0	5.5072E0	3.4231E6	
1940	-8.1604E-1	-4.5856E0	5.5072E0	3.4231E6	
1941	-8.1604E-1	-4.5856E0	5.5072E0	3.4231E6	
1942	-8.1604E-1	-4.5856E0	5.5072E0	3.4231E6	
1943	-8.1604E-1	-4.5856E0	5.5072E0	3.4231E6	
1944	-8.1604E-1	-4.5856E0	5.5072E0	3.4231E6	
1945	-8.1604E-1	-4.5856E0	5.5072E0	3.4231E6	
1946	-8.1604E-1	-4.5856E0	5.5072E0	3.4231E6	
1947	-8.1604E-1	-4.5856E0	5.5072E0	3.4231E6	
1948	-8.1604E-1	-4.5856E0	5.5072E0	3.4231E6	
1949	-8.1604E-1	-4.5856E0	5.5072E0	3.4231E6	
1950	-8.1604E-1	-4.5856E0	5.5072E0	3.4231E6	
1951	-8.1604E-1	-4.5856E0	5.5072E0	3.4231E6	
1952	-8.1604E-1	-4.5856E0	5.5072E0	3.4231E6	
1953	-8.1604E-1	-4.5856E0	5.5072E0	3.4231E6	
1954	-8.1604E-1	-4.5856E0	5.5072E0	3.4231E6	
1955	-8.1604E-1	-4.5856E0	5.5072E0	3.4231E6	
1956	-8.1604E-1	-4.5856E0	5.5072E0	3.4231E6	
1957	-8.1604E-1	-4.5856E0	5.5072E0	3.4231E6	
1958	-8.1604E-1	-4.5856E0	5.5072E0	3.4231E6	
1959	-8.1604E-1	-4.5856E0	5.5072E0	3.4231E6	
1960	-8.1604E-1	-4.5856E0	5.5072E0	3.4231E6	
1961	-8.1604E-1	-4.5856E0	5.5072E0	3.4231E6	
1962	-8.1604E-1	-4.5856E0	5.5072E0	3.4231E6	
1963	-8.1604E-1	-4.5856E0	5.5072E0	3.4231E6	
1964	-8.1604E-1	-4.5856E0	5.5072E0	3.4231E6	
1965	-8.1604E-1	-4.5856E0	5.5072E0	3.4231E6	
1966	-8.1604E-1	-4.5856E0	5.5072E0	3.4231E6	
1967	-8.1604E-1	-4.5856E0	5.5072E0	3.4231E6	
1968	-8.1604E-1	-4.5856E0	5.5072E0	3.4231E6	
1969	-8.1604E-1	-4.5856E0	5.5072E0	3.4231E6	
1970	-8.1604E-1	-4.5856E0	5.5072E0	3.4231E6	
1971	-8.1604E-1	-4.5856E0	5.5072E0	3.4231E6	
1972	-8.1604E-1	-4.5856E0	5.5072E0	3.4231E6	
1973	-8.1604E-1	-4.5856E0	5.5072E0	3.4231E6	
1974	-8.1604E-1	-4.5856E0	5.5072E0	3.4231E6	
1975	-8.1604E-1	-4.5856E0	5.5072E0	3.4231E6	
1976	-8.1604E-1	-4.5856E0	5.5072E0	3.4231E6	
1977	-8.1604E-1	-4.5856E0	5.5072E0	3.4231E6	
1978	-8.1604E-1	-4.5856E0	5.5072E0	3.4231E6	
1979	-8.1604E-1	-4.5856E0	5.5072E0	3.4231E6	
1980	-8.1604E-1	-4.5856E0	5.5072E0	3.4231E6	
1981	-8.1604E-1	-4.5856E0	5.5072E0	3.4231E6	
1982	-8.1604E-1	-4.5856E0	5.5072E0	3.4231E6	
1983	-8.1604E-1	-4.5856E0	5.5072E0	3.4231E6	
1984	-8.1604E-1	-4.5856E0	5.5072E0	3.4231E6	
1985	-8.1604E-1	-4.5856E0	5.5072E0	3.4231E6	
1986	-8.1604E-1	-4.5856E0	5.5072E0	3.4231E6	
1987	-8.1604E-1	-4.5856E0	5.5072E0	3.4231E6	
1988	-8.1604E-1	-4.5856E0	5.5072E0	3.4231E6	
1989	-8.1604E-1	-4.5856E0	5.5072E0	3.4231E6	
1990	-8.1604E-1	-4.5856E0	5.5072E0	3.4231E6	
1991	-8.1604E-1	-4.5856E0	5.5072E0	3.4231E6	
1992	-8.1604E-1	-4.5856E0	5.5072E0	3.4231E6	
1993	-8.1604E-1	-4.5856E0	5.5072E0	3.4231E6	
1994	-8.1604E-1	-4.5856E0	5.5072E0	3.4231E6	
1995	-8.1604E-1	-4.5856E0	5.5072E0	3.4231E6	
1996	-8.1604E-1	-4.5856E0	5.5072E0	3.4231E6	
1997	-8.1604E-1	-4.5856E0	5.5072E0	3.4231E6	
1998	-8.1604E-1	-4.5856E0	5.5072E0	3.4231E6	
1999	-8.1604E-1	-4.5856E0	5.5072E0	3.4231E6	
2000	-8.1604E-1	-4.5856E0	5.5072E0	3.4231E6	
2001	-8.1604E-1	-4.5856E0	5.5072E0	3.4231E6	
2002	-8.1604E-1	-4.5856E0	5.5072E0	3.4231E6	
2003	-8.1604E-1	-4.5856E0	5.5072E0	3.4231E6	
2004	-8.1604E-1	-4.5856E0	5.5072E0	3.4231E6	
2005	-8.1604E-1	-4.5856E0	5.5072E0	3.4231E6	
2006	-8.1604E-1	-4.5856E0	5.5072E0	3.4231E6	
2007	-8.1604E-1	-4.5856E0	5.5072E0	3.4231E6	
2008	-8.1604E-1	-4.5856E0	5.5072E0	3.4231E6	
2009	-8.1604E-1	-4.5856E0	5.5072E0	3.4231E6	
2010	-8.1604E-1	-4.5856E0	5.5072E0	3.4231E6	
2011	-8.1604E-1	-4.5856E0	5.5072E0	3.4231E6	
2012	-8.1604E-1	-4.5856E0	5.5072E0	3.4231E6	
2013	-8.1604E-1	-4.5856E0	5.5072E0	3.4231E6	
2014	-8.1604E-1	-4.5856E0	5.5072E0	3.4231E6	
2015	-8.1604E-1	-4.5856E0	5.5072E0	3.4231E6	
2016	-8.1604E-1	-4.5856E0	5.5072E0	3.4231E6	
2017	-8.1604E-1	-4.5856E0	5.5072E0	3.4231E6	
2018	-8.1604E-1	-4.5856E0	5.5072E0	3.4231E6	
2019	-8.1604E-1	-4.5856E0	5.5072E0	3.4231E6	
2020	-8.1604E-1	-4.5856E0	5.5072E0	3.4231E6	
2021	-8.1604E-1	-4.5856E0	5.5072E0	3.4231E6	
2022	-8.1604E-1	-4.5856E0	5.5072E0	3.4231E6	
2023	-8.1604E-1	-4.5856E0	5.5072E0	3.4231E6	
2024	-8.1604E-1	-4.5856E0	5.5072E0	3.4231E6	
2025	-8.1604E-1	-4.5856E0	5.5072E0	3.4231E6	
2026	-8.1604E-1	-4.5856E0	5.5072E0	3.4231E6	
2027	-8.1604E-1	-4.5856E0	5.5072E0	3.4231E6	
2028	-8.1604E-1	-4.5856E0	5.5072E0	3.4231E6	
2029	-8.1604E-1	-4.5856E0	5.5072E0	3.4231E6	
2030	-8.1604E-1	-4.5856E0	5.5072E0	3.4231E6	
2031	-8.1604E-1	-4.5856E0	5.5072E0	3.4231E6	
2032	-8.1604E-1	-4.5856E0	5.5072E0	3.4231E6	
2033	-8.1604E-1	-4.5856E0	5.5072E0	3.4231E6	
2034	-8.1604E-1	-4.5856E0	5.5072E0	3.4231E6	
2035	-8.1604E-1	-4.5856E0	5.5072E0	3.4231E6	
2036	-8.1604E-1	-4.5856E0	5.5072E0	3.4231E6	
2037	-8.1604E-1	-4.5856E0	5.5072E0	3.4231E6	
2038	-8.1604E-1	-4.5856E0	5.5072E0	3.4231E6	
2039	-8.1604E-1	-4.5856E0	5.5072E0	3.4231E6	
2040	-8.1604E-1	-4.5856E0	5.5072E0	3.4231E6	
2041	-8.1604E-1	-4.5856E0	5.5072E0	3.4231E6	
2042	-8.1604E-1	-4.5856E0	5.5072E0	3.4231E6	
2043	-8.1604E-1	-4.5856E0	5.5072E0	3.4231E6	
2044	-8.1604E-1	-4.5856E0	5.5072E0	3.4231E6	
2045	-8.1604E-1	-4.5856E0	5.5072E0	3.4231E6	
2046	-8.1604E-1	-4.5856E0	5.5072E0	3.4231E6	
2047	-8.1604E-1	-4.5856E0	5.5072E0	3.4231E6	
2048	-8.1604E-1	-4.5856E0	5.5072E0	3.4231E6	
