point 057
Index	Vertical (A-B)	Force	Z Height	Time Stamp	
     	V	nN	?m	?sec	
1	-7.9163E-1	-2.7174E0	5.3943E0	1.2000E2	
2	-7.9071E-1	-1.3587E0	5.3929E0	2.3400E3	
3	-7.9094E-1	-1.6983E0	5.3902E0	4.5600E3	
4	-7.8979E-1	5.5286E-5	5.3871E0	6.7800E3	
5	-7.8857E-1	1.8117E0	5.3836E0	9.0000E3	
6	-7.9056E-1	-1.1322E0	5.3799E0	1.1220E4	
7	-7.9094E-1	-1.6983E0	5.3762E0	1.3440E4	
8	-7.9117E-1	-2.0380E0	5.3722E0	1.5660E4	
9	-7.8949E-1	4.5296E-1	5.3683E0	1.7880E4	
10	-7.8728E-1	3.7365E0	5.3642E0	2.0100E4	
11	-7.8819E-1	2.3778E0	5.3599E0	2.2320E4	
12	-7.8903E-1	1.1323E0	5.3556E0	2.4540E4	
13	-7.8796E-1	2.7175E0	5.3513E0	2.6760E4	
14	-7.8903E-1	1.1323E0	5.3468E0	2.8980E4	
15	-7.8781E-1	2.9439E0	5.3425E0	3.1200E4	
16	-7.9033E-1	-7.9252E-1	5.3380E0	3.3420E4	
17	-7.8766E-1	3.1704E0	5.3335E0	3.5640E4	
18	-7.8682E-1	4.4159E0	5.3289E0	3.7860E4	
19	-7.8781E-1	2.9439E0	5.3244E0	4.0080E4	
20	-7.8697E-1	4.1894E0	5.3199E0	4.2300E4	
21	-7.8796E-1	2.7175E0	5.3151E0	4.4520E4	
22	-7.8636E-1	5.0952E0	5.3105E0	4.6740E4	
23	-7.8682E-1	4.4159E0	5.3058E0	4.8960E4	
24	-7.8773E-1	3.0572E0	5.3012E0	5.1180E4	
25	-7.8819E-1	2.3778E0	5.2964E0	5.3400E4	
26	-7.8568E-1	6.1142E0	5.2917E0	5.5620E4	
27	-7.8583E-1	5.8878E0	5.2869E0	5.7840E4	
28	-7.8751E-1	3.3968E0	5.2822E0	6.0060E4	
29	-7.8651E-1	4.8688E0	5.2774E0	6.2280E4	
30	-7.8362E-1	9.1713E0	5.2727E0	6.4500E4	
31	-7.8575E-1	6.0010E0	5.2678E0	6.6720E4	
32	-7.8613E-1	5.4349E0	5.2629E0	6.8940E4	
33	-7.8590E-1	5.7746E0	5.2582E0	7.1160E4	
34	-7.8491E-1	7.2465E0	5.2534E0	7.3380E4	
35	-7.8400E-1	8.6052E0	5.2485E0	7.5600E4	
36	-7.8583E-1	5.8878E0	5.2437E0	7.7820E4	
37	-7.8354E-1	9.2846E0	5.2388E0	8.0040E4	
38	-7.8323E-1	9.7375E0	5.2339E0	8.2260E4	
39	-7.8308E-1	9.9639E0	5.2290E0	8.4480E4	
40	-7.8331E-1	9.6242E0	5.2242E0	8.6700E4	
41	-7.8491E-1	7.2465E0	5.2192E0	8.8920E4	
42	-7.8629E-1	5.2084E0	5.2143E0	9.1140E4	
43	-7.8209E-1	1.1436E1	5.2093E0	9.3360E4	
44	-7.8354E-1	9.2846E0	5.2044E0	9.5580E4	
45	-7.8392E-1	8.7184E0	5.1994E0	9.7800E4	
46	-7.8293E-1	1.0190E1	5.1944E0	1.0002E5	
47	-7.8232E-1	1.1096E1	5.1895E0	1.0224E5	
48	-7.8415E-1	8.3788E0	5.1846E0	1.0446E5	
49	-7.8369E-1	9.0581E0	5.1795E0	1.0668E5	
50	-7.8445E-1	7.9259E0	5.1746E0	1.0890E5	
51	-7.8392E-1	8.7184E0	5.1696E0	1.1112E5	
52	-7.8262E-1	1.0643E1	5.1645E0	1.1334E5	
53	-7.8148E-1	1.2342E1	5.1595E0	1.1556E5	
54	-7.8186E-1	1.1776E1	5.1545E0	1.1778E5	
55	-7.8362E-1	9.1713E0	5.1495E0	1.2000E5	
56	-7.8384E-1	8.8317E0	5.1443E0	1.2222E5	
57	-7.8117E-1	1.2795E1	5.1393E0	1.2444E5	
58	-7.8224E-1	1.1209E1	5.1344E0	1.2666E5	
59	-7.8201E-1	1.1549E1	5.1292E0	1.2888E5	
60	-7.8209E-1	1.1436E1	5.1240E0	1.3110E5	
61	-7.8026E-1	1.4153E1	5.1190E0	1.3332E5	
62	-7.8247E-1	1.0870E1	5.1139E0	1.3554E5	
63	-7.8094E-1	1.3134E1	5.1088E0	1.3776E5	
64	-7.8171E-1	1.2002E1	5.1036E0	1.3998E5	
65	-7.8232E-1	1.1096E1	5.0986E0	1.4220E5	
66	-7.8140E-1	1.2455E1	5.0935E0	1.4442E5	
67	-7.8293E-1	1.0190E1	5.0884E0	1.4664E5	
68	-7.8079E-1	1.3361E1	5.0833E0	1.4886E5	
69	-7.8064E-1	1.3587E1	5.0782E0	1.5108E5	
70	-7.8056E-1	1.3700E1	5.0730E0	1.5330E5	
71	-7.8087E-1	1.3247E1	5.0679E0	1.5552E5	
72	-7.7888E-1	1.6191E1	5.0628E0	1.5774E5	
73	-7.8117E-1	1.2795E1	5.0574E0	1.5996E5	
74	-7.8026E-1	1.4153E1	5.0523E0	1.6218E5	
75	-7.8178E-1	1.1889E1	5.0472E0	1.6440E5	
76	-7.7988E-1	1.4719E1	5.0421E0	1.6662E5	
77	-7.7888E-1	1.6191E1	5.0368E0	1.6884E5	
78	-7.7782E-1	1.7776E1	5.0317E0	1.7106E5	
79	-7.8041E-1	1.3927E1	5.0265E0	1.7328E5	
80	-7.8110E-1	1.2908E1	5.0212E0	1.7550E5	
81	-7.7965E-1	1.5059E1	5.0160E0	1.7772E5	
82	-7.8026E-1	1.4153E1	5.0108E0	1.7994E5	
83	-7.7866E-1	1.6531E1	5.0056E0	1.8216E5	
84	-7.7858E-1	1.6644E1	5.0004E0	1.8438E5	
85	-7.7888E-1	1.6191E1	4.9952E0	1.8660E5	
86	-7.7805E-1	1.7437E1	4.9899E0	1.8882E5	
87	-7.7858E-1	1.6644E1	4.9846E0	1.9104E5	
88	-7.7919E-1	1.5738E1	4.9793E0	1.9326E5	
89	-7.7858E-1	1.6644E1	4.9741E0	1.9548E5	
90	-7.7660E-1	1.9588E1	4.9688E0	1.9770E5	
91	-7.7782E-1	1.7776E1	4.9635E0	1.9992E5	
92	-7.7667E-1	1.9475E1	4.9583E0	2.0214E5	
93	-7.7736E-1	1.8456E1	4.9529E0	2.0436E5	
94	-7.7713E-1	1.8796E1	4.9478E0	2.0658E5	
95	-7.7843E-1	1.6871E1	4.9424E0	2.0880E5	
96	-7.7568E-1	2.0947E1	4.9371E0	2.1102E5	
97	-7.7545E-1	2.1286E1	4.9318E0	2.1324E5	
98	-7.7744E-1	1.8343E1	4.9264E0	2.1546E5	
99	-7.7759E-1	1.8116E1	4.9212E0	2.1768E5	
100	-7.7728E-1	1.8569E1	4.9158E0	2.1990E5	
101	-7.7675E-1	1.9362E1	4.9105E0	2.2212E5	
102	-7.7438E-1	2.2872E1	4.9051E0	2.2434E5	
103	-7.7904E-1	1.5965E1	4.8999E0	2.2656E5	
104	-7.7377E-1	2.3777E1	4.8944E0	2.2878E5	
105	-7.7324E-1	2.4570E1	4.8892E0	2.3100E5	
106	-7.7469E-1	2.2419E1	4.8837E0	2.3322E5	
107	-7.7484E-1	2.2192E1	4.8785E0	2.3544E5	
108	-7.7400E-1	2.3438E1	4.8730E0	2.3766E5	
109	-7.7583E-1	2.0720E1	4.8676E0	2.3988E5	
110	-7.7484E-1	2.2192E1	4.8623E0	2.4210E5	
111	-7.7271E-1	2.5363E1	4.8569E0	2.4432E5	
112	-7.7332E-1	2.4457E1	4.8514E0	2.4654E5	
113	-7.7248E-1	2.5702E1	4.8461E0	2.4876E5	
114	-7.7377E-1	2.3777E1	4.8407E0	2.5098E5	
115	-7.7354E-1	2.4117E1	4.8353E0	2.5320E5	
116	-7.7240E-1	2.5816E1	4.8299E0	2.5542E5	
117	-7.7232E-1	2.5929E1	4.8244E0	2.5764E5	
118	-7.7156E-1	2.7061E1	4.8189E0	2.5986E5	
119	-7.7263E-1	2.5476E1	4.8136E0	2.6208E5	
120	-7.7202E-1	2.6382E1	4.8081E0	2.6430E5	
121	-7.7225E-1	2.6042E1	4.8027E0	2.6652E5	
122	-7.7019E-1	2.9099E1	4.7973E0	2.6874E5	
123	-7.7271E-1	2.5363E1	4.7918E0	2.7096E5	
124	-7.7103E-1	2.7854E1	4.7864E0	2.7318E5	
125	-7.7065E-1	2.8420E1	4.7809E0	2.7540E5	
126	-7.7118E-1	2.7627E1	4.7755E0	2.7762E5	
127	-7.6874E-1	3.1250E1	4.7700E0	2.7984E5	
128	-7.7110E-1	2.7740E1	4.7644E0	2.8206E5	
129	-7.7095E-1	2.7967E1	4.7590E0	2.8428E5	
130	-7.6942E-1	3.0231E1	4.7535E0	2.8650E5	
131	-7.7148E-1	2.7174E1	4.7479E0	2.8872E5	
132	-7.6935E-1	3.0345E1	4.7425E0	2.9094E5	
133	-7.6981E-1	2.9665E1	4.7370E0	2.9316E5	
134	-7.6958E-1	3.0005E1	4.7314E0	2.9538E5	
135	-7.6988E-1	2.9552E1	4.7259E0	2.9760E5	
136	-7.6805E-1	3.2269E1	4.7203E0	2.9982E5	
137	-7.6981E-1	2.9665E1	4.7149E0	3.0204E5	
138	-7.7026E-1	2.8986E1	4.7094E0	3.0426E5	
139	-7.6859E-1	3.1477E1	4.7038E0	3.0648E5	
140	-7.6607E-1	3.5213E1	4.6983E0	3.0870E5	
141	-7.6981E-1	2.9665E1	4.6927E0	3.1092E5	
142	-7.6874E-1	3.1250E1	4.6872E0	3.1314E5	
143	-7.6775E-1	3.2722E1	4.6815E0	3.1536E5	
144	-7.6881E-1	3.1137E1	4.6760E0	3.1758E5	
145	-7.6851E-1	3.1590E1	4.6704E0	3.1980E5	
146	-7.6645E-1	3.4647E1	4.6648E0	3.2202E5	
147	-7.6721E-1	3.3515E1	4.6592E0	3.2424E5	
148	-7.6569E-1	3.5779E1	4.6536E0	3.2646E5	
149	-7.7019E-1	2.9099E1	4.6481E0	3.2868E5	
150	-7.6897E-1	3.0911E1	4.6425E0	3.3090E5	
151	-7.6782E-1	3.2609E1	4.6368E0	3.3312E5	
152	-7.6851E-1	3.1590E1	4.6312E0	3.3534E5	
153	-7.6759E-1	3.2949E1	4.6256E0	3.3756E5	
154	-7.6660E-1	3.4421E1	4.6199E0	3.3978E5	
155	-7.6645E-1	3.4647E1	4.6144E0	3.4200E5	
156	-7.6797E-1	3.2383E1	4.6087E0	3.4422E5	
157	-7.6729E-1	3.3402E1	4.6031E0	3.4644E5	
158	-7.6347E-1	3.9063E1	4.5975E0	3.4866E5	
159	-7.6614E-1	3.5100E1	4.5917E0	3.5088E5	
160	-7.6576E-1	3.5666E1	4.5862E0	3.5310E5	
161	-7.6805E-1	3.2269E1	4.5806E0	3.5532E5	
162	-7.6622E-1	3.4987E1	4.5749E0	3.5754E5	
163	-7.6721E-1	3.3515E1	4.5692E0	3.5976E5	
164	-7.6500E-1	3.6798E1	4.5636E0	3.6198E5	
165	-7.6439E-1	3.7704E1	4.5578E0	3.6420E5	
166	-7.6317E-1	3.9516E1	4.5521E0	3.6642E5	
167	-7.6385E-1	3.8497E1	4.5463E0	3.6864E5	
168	-7.6599E-1	3.5326E1	4.5407E0	3.7086E5	
169	-7.6302E-1	3.9742E1	4.5350E0	3.7308E5	
170	-7.6546E-1	3.6119E1	4.5294E0	3.7530E5	
171	-7.6469E-1	3.7251E1	4.5237E0	3.7752E5	
172	-7.6408E-1	3.8157E1	4.5180E0	3.7974E5	
173	-7.6233E-1	4.0761E1	4.5122E0	3.8196E5	
174	-7.6218E-1	4.0988E1	4.5065E0	3.8418E5	
175	-7.6515E-1	3.6572E1	4.5008E0	3.8640E5	
176	-7.6469E-1	3.7251E1	4.4950E0	3.8862E5	
177	-7.6210E-1	4.1101E1	4.4893E0	3.9084E5	
178	-7.6080E-1	4.3026E1	4.4835E0	3.9306E5	
179	-7.6309E-1	3.9629E1	4.4777E0	3.9528E5	
180	-7.6080E-1	4.3026E1	4.4721E0	3.9750E5	
181	-7.6118E-1	4.2460E1	4.4662E0	3.9972E5	
182	-7.6019E-1	4.3932E1	4.4605E0	4.0194E5	
183	-7.6118E-1	4.2460E1	4.4547E0	4.0416E5	
184	-7.6324E-1	3.9403E1	4.4490E0	4.0638E5	
185	-7.6141E-1	4.2120E1	4.4431E0	4.0860E5	
186	-7.6035E-1	4.3705E1	4.4375E0	4.1082E5	
187	-7.6073E-1	4.3139E1	4.4316E0	4.1304E5	
188	-7.6103E-1	4.2686E1	4.4259E0	4.1526E5	
189	-7.6202E-1	4.1214E1	4.4200E0	4.1748E5	
190	-7.5935E-1	4.5177E1	4.4142E0	4.1970E5	
191	-7.5874E-1	4.6083E1	4.4085E0	4.2192E5	
192	-7.5943E-1	4.5064E1	4.4026E0	4.2414E5	
193	-7.5874E-1	4.6083E1	4.3967E0	4.2636E5	
194	-7.6256E-1	4.0422E1	4.3910E0	4.2858E5	
195	-7.5821E-1	4.6876E1	4.3851E0	4.3080E5	
196	-7.5867E-1	4.6196E1	4.3794E0	4.3302E5	
197	-7.5775E-1	4.7555E1	4.3734E0	4.3524E5	
198	-7.5729E-1	4.8234E1	4.3677E0	4.3746E5	
199	-7.5661E-1	4.9253E1	4.3619E0	4.3968E5	
200	-7.5851E-1	4.6423E1	4.3560E0	4.4190E5	
201	-7.5706E-1	4.8574E1	4.3500E0	4.4412E5	
202	-7.5806E-1	4.7102E1	4.3443E0	4.4634E5	
203	-7.5775E-1	4.7555E1	4.3385E0	4.4856E5	
204	-7.5638E-1	4.9593E1	4.3325E0	4.5078E5	
205	-7.5439E-1	5.2537E1	4.3268E0	4.5300E5	
206	-7.5638E-1	4.9593E1	4.3208E0	4.5522E5	
207	-7.5630E-1	4.9706E1	4.3150E0	4.5744E5	
208	-7.5775E-1	4.7555E1	4.3090E0	4.5966E5	
209	-7.5623E-1	4.9819E1	4.3032E0	4.6188E5	
210	-7.5539E-1	5.1065E1	4.2973E0	4.6410E5	
211	-7.5829E-1	4.6762E1	4.2914E0	4.6632E5	
212	-7.5409E-1	5.2990E1	4.2855E0	4.6854E5	
213	-7.5691E-1	4.8800E1	4.2796E0	4.7076E5	
214	-7.5432E-1	5.2650E1	4.2737E0	4.7298E5	
215	-7.5508E-1	5.1518E1	4.2678E0	4.7520E5	
216	-7.5729E-1	4.8234E1	4.2619E0	4.7742E5	
217	-7.5447E-1	5.2424E1	4.2559E0	4.7964E5	
218	-7.5577E-1	5.0499E1	4.2499E0	4.8186E5	
219	-7.5493E-1	5.1744E1	4.2441E0	4.8408E5	
220	-7.5470E-1	5.2084E1	4.2382E0	4.8630E5	
221	-7.5531E-1	5.1178E1	4.2322E0	4.8852E5	
222	-7.5371E-1	5.3556E1	4.2263E0	4.9074E5	
223	-7.5493E-1	5.1744E1	4.2203E0	4.9296E5	
224	-7.5447E-1	5.2424E1	4.2144E0	4.9518E5	
225	-7.5378E-1	5.3443E1	4.2084E0	4.9740E5	
226	-7.5600E-1	5.0159E1	4.2025E0	4.9962E5	
227	-7.5615E-1	4.9933E1	4.1965E0	5.0184E5	
228	-7.5256E-1	5.5254E1	4.1906E0	5.0406E5	
229	-7.5409E-1	5.2990E1	4.1846E0	5.0628E5	
230	-7.5478E-1	5.1971E1	4.1787E0	5.0850E5	
231	-7.5218E-1	5.5820E1	4.1726E0	5.1072E5	
232	-7.5249E-1	5.5367E1	4.1666E0	5.1294E5	
233	-7.5340E-1	5.4009E1	4.1606E0	5.1516E5	
234	-7.5317E-1	5.4348E1	4.1547E0	5.1738E5	
235	-7.5249E-1	5.5367E1	4.1486E0	5.1960E5	
236	-7.5340E-1	5.4009E1	4.1427E0	5.2182E5	
237	-7.4989E-1	5.9217E1	4.1365E0	5.2404E5	
238	-7.5119E-1	5.7292E1	4.1307E0	5.2626E5	
239	-7.5134E-1	5.7066E1	4.1246E0	5.2848E5	
240	-7.5363E-1	5.3669E1	4.1187E0	5.3070E5	
241	-7.5233E-1	5.5594E1	4.1127E0	5.3292E5	
242	-7.4997E-1	5.9104E1	4.1065E0	5.3514E5	
243	-7.5157E-1	5.6726E1	4.1006E0	5.3736E5	
244	-7.5287E-1	5.4801E1	4.0945E0	5.3958E5	
245	-7.5279E-1	5.4915E1	4.0885E0	5.4180E5	
246	-7.4982E-1	5.9330E1	4.0825E0	5.4402E5	
247	-7.5218E-1	5.5820E1	4.0764E0	5.4624E5	
248	-7.5203E-1	5.6047E1	4.0704E0	5.4846E5	
249	-7.5089E-1	5.7745E1	4.0643E0	5.5068E5	
250	-7.5119E-1	5.7292E1	4.0583E0	5.5290E5	
251	-7.5027E-1	5.8651E1	4.0522E0	5.5512E5	
252	-7.4837E-1	6.1482E1	4.0462E0	5.5734E5	
253	-7.5104E-1	5.7519E1	4.0400E0	5.5956E5	
254	-7.5172E-1	5.6500E1	4.0340E0	5.6178E5	
255	-7.4707E-1	6.3406E1	4.0279E0	5.6400E5	
256	-7.5096E-1	5.7632E1	4.0219E0	5.6622E5	
257	-7.5043E-1	5.8425E1	4.0158E0	5.6844E5	
258	-7.4638E-1	6.4425E1	4.0097E0	5.7066E5	
259	-7.4852E-1	6.1255E1	4.0036E0	5.7288E5	
260	-7.4837E-1	6.1482E1	3.9975E0	5.7510E5	
261	-7.4753E-1	6.2727E1	3.9913E0	5.7732E5	
262	-7.4844E-1	6.1368E1	3.9852E0	5.7954E5	
263	-7.4631E-1	6.4539E1	3.9791E0	5.8176E5	
264	-7.4669E-1	6.3973E1	3.9730E0	5.8398E5	
265	-7.4921E-1	6.0236E1	3.9668E0	5.8620E5	
266	-7.4646E-1	6.4312E1	3.9608E0	5.8842E5	
267	-7.4654E-1	6.4199E1	3.9546E0	5.9064E5	
268	-7.4425E-1	6.7596E1	3.9486E0	5.9286E5	
269	-7.4432E-1	6.7483E1	3.9425E0	5.9508E5	
270	-7.4409E-1	6.7822E1	3.9363E0	5.9730E5	
271	-7.4287E-1	6.9634E1	3.9302E0	5.9952E5	
272	-7.4280E-1	6.9747E1	3.9240E0	6.0174E5	
273	-7.4501E-1	6.6464E1	3.9178E0	6.0396E5	
274	-7.4242E-1	7.0313E1	3.9118E0	6.0618E5	
275	-7.4348E-1	6.8728E1	3.9056E0	6.0840E5	
276	-7.4539E-1	6.5897E1	3.8995E0	6.1062E5	
277	-7.4165E-1	7.1445E1	3.8934E0	6.1284E5	
278	-7.4303E-1	6.9407E1	3.8871E0	6.1506E5	
279	-7.4394E-1	6.8049E1	3.8810E0	6.1728E5	
280	-7.4326E-1	6.9068E1	3.8748E0	6.1950E5	
281	-7.4203E-1	7.0879E1	3.8686E0	6.2172E5	
282	-7.4310E-1	6.9294E1	3.8625E0	6.2394E5	
283	-7.4158E-1	7.1559E1	3.8563E0	6.2616E5	
284	-7.4272E-1	6.9860E1	3.8500E0	6.2838E5	
285	-7.4188E-1	7.1106E1	3.8438E0	6.3060E5	
286	-7.4257E-1	7.0087E1	3.8377E0	6.3282E5	
287	-7.4249E-1	7.0200E1	3.8315E0	6.3504E5	
288	-7.4226E-1	7.0540E1	3.8253E0	6.3726E5	
289	-7.3975E-1	7.4276E1	3.8191E0	6.3948E5	
290	-7.4120E-1	7.2125E1	3.8129E0	6.4170E5	
291	-7.3990E-1	7.4050E1	3.8068E0	6.4392E5	
292	-7.3975E-1	7.4276E1	3.8006E0	6.4614E5	
293	-7.4249E-1	7.0200E1	3.7943E0	6.4836E5	
294	-7.4203E-1	7.0879E1	3.7880E0	6.5058E5	
295	-7.4013E-1	7.3710E1	3.7818E0	6.5280E5	
296	-7.3944E-1	7.4729E1	3.7755E0	6.5502E5	
297	-7.4135E-1	7.1898E1	3.7694E0	6.5724E5	
298	-7.3952E-1	7.4616E1	3.7631E0	6.5946E5	
299	-7.3936E-1	7.4842E1	3.7568E0	6.6168E5	
300	-7.4158E-1	7.1559E1	3.7506E0	6.6390E5	
301	-7.3990E-1	7.4050E1	3.7444E0	6.6612E5	
302	-7.4020E-1	7.3597E1	3.7381E0	6.6834E5	
303	-7.4028E-1	7.3484E1	3.7318E0	6.7056E5	
304	-7.4059E-1	7.3031E1	3.7257E0	6.7278E5	
305	-7.3914E-1	7.5182E1	3.7194E0	6.7500E5	
306	-7.4051E-1	7.3144E1	3.7131E0	6.7722E5	
307	-7.3883E-1	7.5635E1	3.7068E0	6.7944E5	
308	-7.3914E-1	7.5182E1	3.7004E0	6.8166E5	
309	-7.4005E-1	7.3823E1	3.6943E0	6.8388E5	
310	-7.3792E-1	7.6994E1	3.6880E0	6.8610E5	
311	-7.3883E-1	7.5635E1	3.6816E0	6.8832E5	
312	-7.3494E-1	8.1409E1	3.6754E0	6.9054E5	
313	-7.4051E-1	7.3144E1	3.6691E0	6.9276E5	
314	-7.3700E-1	7.8352E1	3.6627E0	6.9498E5	
315	-7.3746E-1	7.7673E1	3.6564E0	6.9720E5	
316	-7.3753E-1	7.7560E1	3.6502E0	6.9942E5	
317	-7.3814E-1	7.6654E1	3.6439E0	7.0164E5	
318	-7.3814E-1	7.6654E1	3.6376E0	7.0386E5	
319	-7.3540E-1	8.0730E1	3.6313E0	7.0608E5	
320	-7.3784E-1	7.7107E1	3.6249E0	7.0830E5	
321	-7.3784E-1	7.7107E1	3.6186E0	7.1052E5	
322	-7.3486E-1	8.1523E1	3.6122E0	7.1274E5	
323	-7.3738E-1	7.7786E1	3.6059E0	7.1496E5	
324	-7.3593E-1	7.9937E1	3.5996E0	7.1718E5	
325	-7.3364E-1	8.3334E1	3.5933E0	7.1940E5	
326	-7.3349E-1	8.3561E1	3.5869E0	7.2162E5	
327	-7.3425E-1	8.2428E1	3.5806E0	7.2384E5	
328	-7.3463E-1	8.1862E1	3.5743E0	7.2606E5	
329	-7.3593E-1	7.9937E1	3.5679E0	7.2828E5	
330	-7.3509E-1	8.1183E1	3.5616E0	7.3050E5	
331	-7.3311E-1	8.4127E1	3.5551E0	7.3272E5	
332	-7.3311E-1	8.4127E1	3.5488E0	7.3494E5	
333	-7.3402E-1	8.2768E1	3.5424E0	7.3716E5	
334	-7.3227E-1	8.5372E1	3.5361E0	7.3938E5	
335	-7.3250E-1	8.5033E1	3.5298E0	7.4160E5	
336	-7.3112E-1	8.7071E1	3.5234E0	7.4382E5	
337	-7.3288E-1	8.4466E1	3.5169E0	7.4604E5	
338	-7.3364E-1	8.3334E1	3.5106E0	7.4826E5	
339	-7.3067E-1	8.7750E1	3.5042E0	7.5048E5	
340	-7.3265E-1	8.4806E1	3.4979E0	7.5270E5	
341	-7.3380E-1	8.3108E1	3.4914E0	7.5492E5	
342	-7.3425E-1	8.2428E1	3.4850E0	7.5714E5	
343	-7.2960E-1	8.9335E1	3.4786E0	7.5936E5	
344	-7.3189E-1	8.5938E1	3.4722E0	7.6158E5	
345	-7.3265E-1	8.4806E1	3.4658E0	7.6380E5	
346	-7.3105E-1	8.7184E1	3.4595E0	7.6602E5	
347	-7.3296E-1	8.4353E1	3.4531E0	7.6824E5	
348	-7.2899E-1	9.0241E1	3.4466E0	7.7046E5	
349	-7.2968E-1	8.9222E1	3.4402E0	7.7268E5	
350	-7.3235E-1	8.5259E1	3.4337E0	7.7490E5	
351	-7.2968E-1	8.9222E1	3.4273E0	7.7712E5	
352	-7.2891E-1	9.0354E1	3.4209E0	7.7934E5	
353	-7.3082E-1	8.7524E1	3.4145E0	7.8156E5	
354	-7.2693E-1	9.3298E1	3.4081E0	7.8378E5	
355	-7.2929E-1	8.9788E1	3.4017E0	7.8600E5	
356	-7.2838E-1	9.1147E1	3.3952E0	7.8822E5	
357	-7.2891E-1	9.0354E1	3.3887E0	7.9044E5	
358	-7.3013E-1	8.8543E1	3.3822E0	7.9266E5	
359	-7.2716E-1	9.2958E1	3.3759E0	7.9488E5	
360	-7.2655E-1	9.3864E1	3.3694E0	7.9710E5	
361	-7.2586E-1	9.4883E1	3.3629E0	7.9932E5	
362	-7.2594E-1	9.4770E1	3.3564E0	8.0154E5	
363	-7.2723E-1	9.2845E1	3.3499E0	8.0376E5	
364	-7.2655E-1	9.3864E1	3.3436E0	8.0598E5	
365	-7.2792E-1	9.1826E1	3.3371E0	8.0820E5	
366	-7.2693E-1	9.3298E1	3.3306E0	8.1042E5	
367	-7.2861E-1	9.0807E1	3.3241E0	8.1264E5	
368	-7.2845E-1	9.1034E1	3.3176E0	8.1486E5	
369	-7.2647E-1	9.3977E1	3.3111E0	8.1708E5	
370	-7.2861E-1	9.0807E1	3.3047E0	8.1930E5	
371	-7.2372E-1	9.8054E1	3.2981E0	8.2152E5	
372	-7.2716E-1	9.2958E1	3.2916E0	8.2374E5	
373	-7.2174E-1	1.0100E2	3.2851E0	8.2596E5	
374	-7.2342E-1	9.8506E1	3.2786E0	8.2818E5	
375	-7.2800E-1	9.1713E1	3.2721E0	8.3040E5	
376	-7.2639E-1	9.4091E1	3.2656E0	8.3262E5	
377	-7.2372E-1	9.8054E1	3.2591E0	8.3484E5	
378	-7.2662E-1	9.3751E1	3.2526E0	8.3706E5	
379	-7.2418E-1	9.7374E1	3.2461E0	8.3928E5	
380	-7.2624E-1	9.4317E1	3.2395E0	8.4150E5	
381	-7.2578E-1	9.4996E1	3.2331E0	8.4372E5	
382	-7.2487E-1	9.6355E1	3.2266E0	8.4594E5	
383	-7.2533E-1	9.5676E1	3.2200E0	8.4816E5	
384	-7.2495E-1	9.6242E1	3.2135E0	8.5038E5	
385	-7.2380E-1	9.7940E1	3.2069E0	8.5260E5	
386	-7.2212E-1	1.0043E2	3.2004E0	8.5482E5	
387	-7.2327E-1	9.8733E1	3.1938E0	8.5704E5	
388	-7.2144E-1	1.0145E2	3.1873E0	8.5926E5	
389	-7.2052E-1	1.0281E2	3.1807E0	8.6148E5	
390	-7.2426E-1	9.7261E1	3.1742E0	8.6370E5	
391	-7.2250E-1	9.9865E1	3.1677E0	8.6592E5	
392	-7.2327E-1	9.8733E1	3.1612E0	8.6814E5	
393	-7.2350E-1	9.8393E1	3.1545E0	8.7036E5	
394	-7.2136E-1	1.0156E2	3.1480E0	8.7258E5	
395	-7.1983E-1	1.0383E2	3.1414E0	8.7480E5	
396	-7.2182E-1	1.0088E2	3.1349E0	8.7702E5	
397	-7.2121E-1	1.0179E2	3.1283E0	8.7924E5	
398	-7.2075E-1	1.0247E2	3.1217E0	8.8146E5	
399	-7.1976E-1	1.0394E2	3.1150E0	8.8368E5	
400	-7.1983E-1	1.0383E2	3.1086E0	8.8590E5	
401	-7.2014E-1	1.0338E2	3.1019E0	8.8812E5	
402	-7.1716E-1	1.0779E2	3.0953E0	8.9034E5	
403	-7.1884E-1	1.0530E2	3.0888E0	8.9256E5	
404	-7.2006E-1	1.0349E2	3.0821E0	8.9478E5	
405	-7.1877E-1	1.0541E2	3.0756E0	8.9700E5	
406	-7.2052E-1	1.0281E2	3.0689E0	8.9922E5	
407	-7.1762E-1	1.0711E2	3.0623E0	9.0144E5	
408	-7.2014E-1	1.0338E2	3.0558E0	9.0366E5	
409	-7.1770E-1	1.0700E2	3.0491E0	9.0588E5	
410	-7.1770E-1	1.0700E2	3.0425E0	9.0810E5	
411	-7.1823E-1	1.0621E2	3.0359E0	9.1032E5	
412	-7.1556E-1	1.1017E2	3.0293E0	9.1254E5	
413	-7.1419E-1	1.1221E2	3.0227E0	9.1476E5	
414	-7.1510E-1	1.1085E2	3.0160E0	9.1698E5	
415	-7.1747E-1	1.0734E2	3.0095E0	9.1920E5	
416	-7.1648E-1	1.0881E2	3.0028E0	9.2142E5	
417	-7.1495E-1	1.1107E2	2.9962E0	9.2364E5	
418	-7.1564E-1	1.1006E2	2.9895E0	9.2586E5	
419	-7.1594E-1	1.0960E2	2.9829E0	9.2808E5	
420	-7.1739E-1	1.0745E2	2.9762E0	9.3030E5	
421	-7.1556E-1	1.1017E2	2.9696E0	9.3252E5	
422	-7.1495E-1	1.1107E2	2.9630E0	9.3474E5	
423	-7.1465E-1	1.1153E2	2.9562E0	9.3696E5	
424	-7.1449E-1	1.1175E2	2.9497E0	9.3918E5	
425	-7.1144E-1	1.1628E2	2.9429E0	9.4140E5	
426	-7.1426E-1	1.1209E2	2.9363E0	9.4362E5	
427	-7.1129E-1	1.1651E2	2.9296E0	9.4584E5	
428	-7.1190E-1	1.1560E2	2.9230E0	9.4806E5	
429	-7.1182E-1	1.1572E2	2.9163E0	9.5028E5	
430	-7.1274E-1	1.1436E2	2.9096E0	9.5250E5	
431	-7.1381E-1	1.1277E2	2.9030E0	9.5472E5	
432	-7.1434E-1	1.1198E2	2.8962E0	9.5694E5	
433	-7.1129E-1	1.1651E2	2.8896E0	9.5916E5	
434	-7.1220E-1	1.1515E2	2.8829E0	9.6138E5	
435	-7.0984E-1	1.1866E2	2.8763E0	9.6360E5	
436	-7.1342E-1	1.1334E2	2.8696E0	9.6582E5	
437	-7.0946E-1	1.1923E2	2.8628E0	9.6804E5	
438	-7.1312E-1	1.1379E2	2.8561E0	9.7026E5	
439	-7.1213E-1	1.1526E2	2.8496E0	9.7248E5	
440	-7.1228E-1	1.1504E2	2.8429E0	9.7470E5	
441	-7.1159E-1	1.1606E2	2.8361E0	9.7692E5	
442	-7.0923E-1	1.1957E2	2.8294E0	9.7914E5	
443	-7.1167E-1	1.1594E2	2.8227E0	9.8136E5	
444	-7.1426E-1	1.1209E2	2.8159E0	9.8358E5	
445	-7.1068E-1	1.1742E2	2.8092E0	9.8580E5	
446	-7.1266E-1	1.1447E2	2.8025E0	9.8802E5	
447	-7.1106E-1	1.1685E2	2.7958E0	9.9024E5	
448	-7.0854E-1	1.2059E2	2.7891E0	9.9246E5	
449	-7.1075E-1	1.1730E2	2.7822E0	9.9468E5	
450	-7.0984E-1	1.1866E2	2.7756E0	9.9690E5	
451	-7.1030E-1	1.1798E2	2.7689E0	9.9912E5	
452	-7.0885E-1	1.2013E2	2.7622E0	1.0013E6	
453	-7.0869E-1	1.2036E2	2.7553E0	1.0036E6	
454	-7.0915E-1	1.1968E2	2.7486E0	1.0058E6	
455	-7.0793E-1	1.2149E2	2.7419E0	1.0080E6	
456	-7.0702E-1	1.2285E2	2.7352E0	1.0102E6	
457	-7.0930E-1	1.1945E2	2.7285E0	1.0124E6	
458	-7.0816E-1	1.2115E2	2.7217E0	1.0147E6	
459	-7.0816E-1	1.2115E2	2.7149E0	1.0169E6	
460	-7.0663E-1	1.2342E2	2.7082E0	1.0191E6	
461	-7.0709E-1	1.2274E2	2.7014E0	1.0213E6	
462	-7.0824E-1	1.2104E2	2.6946E0	1.0235E6	
463	-7.0724E-1	1.2251E2	2.6878E0	1.0258E6	
464	-7.0648E-1	1.2364E2	2.6811E0	1.0280E6	
465	-7.0869E-1	1.2036E2	2.6743E0	1.0302E6	
466	-7.0580E-1	1.2466E2	2.6676E0	1.0324E6	
467	-7.0740E-1	1.2228E2	2.6607E0	1.0346E6	
468	-7.0694E-1	1.2296E2	2.6540E0	1.0369E6	
469	-7.0473E-1	1.2625E2	2.6472E0	1.0391E6	
470	-7.0564E-1	1.2489E2	2.6405E0	1.0413E6	
471	-7.0511E-1	1.2568E2	2.6336E0	1.0435E6	
472	-7.0457E-1	1.2647E2	2.6268E0	1.0457E6	
473	-7.0305E-1	1.2874E2	2.6201E0	1.0480E6	
474	-7.0251E-1	1.2953E2	2.6133E0	1.0502E6	
475	-7.0343E-1	1.2817E2	2.6064E0	1.0524E6	
476	-7.0259E-1	1.2942E2	2.5997E0	1.0546E6	
477	-7.0526E-1	1.2545E2	2.5929E0	1.0568E6	
478	-7.0068E-1	1.3225E2	2.5860E0	1.0591E6	
479	-7.0442E-1	1.2670E2	2.5793E0	1.0613E6	
480	-7.0122E-1	1.3146E2	2.5725E0	1.0635E6	
481	-7.0412E-1	1.2715E2	2.5656E0	1.0657E6	
482	-7.0259E-1	1.2942E2	2.5588E0	1.0679E6	
483	-7.0503E-1	1.2579E2	2.5520E0	1.0702E6	
484	-7.0183E-1	1.3055E2	2.5452E0	1.0724E6	
485	-7.0282E-1	1.2908E2	2.5383E0	1.0746E6	
486	-7.0152E-1	1.3100E2	2.5316E0	1.0768E6	
487	-7.0175E-1	1.3066E2	2.5247E0	1.0790E6	
488	-6.9954E-1	1.3395E2	2.5179E0	1.0813E6	
489	-7.0198E-1	1.3032E2	2.5111E0	1.0835E6	
490	-7.0099E-1	1.3179E2	2.5042E0	1.0857E6	
491	-7.0023E-1	1.3293E2	2.4973E0	1.0879E6	
492	-7.0015E-1	1.3304E2	2.4905E0	1.0901E6	
493	-7.0168E-1	1.3078E2	2.4837E0	1.0924E6	
494	-7.0061E-1	1.3236E2	2.4769E0	1.0946E6	
495	-7.0114E-1	1.3157E2	2.4701E0	1.0968E6	
496	-7.0061E-1	1.3236E2	2.4632E0	1.0990E6	
497	-6.9977E-1	1.3361E2	2.4564E0	1.1012E6	
498	-6.9946E-1	1.3406E2	2.4495E0	1.1035E6	
499	-6.9923E-1	1.3440E2	2.4427E0	1.1057E6	
500	-6.9809E-1	1.3610E2	2.4358E0	1.1079E6	
501	-6.9908E-1	1.3463E2	2.4289E0	1.1101E6	
502	-6.9748E-1	1.3700E2	2.4221E0	1.1123E6	
503	-6.9954E-1	1.3395E2	2.4152E0	1.1146E6	
504	-6.9908E-1	1.3463E2	2.4081E0	1.1168E6	
505	-6.9695E-1	1.3780E2	2.4015E0	1.1190E6	
506	-6.9740E-1	1.3712E2	2.3946E0	1.1212E6	
507	-6.9908E-1	1.3463E2	2.3877E0	1.1234E6	
508	-6.9679E-1	1.3802E2	2.3809E0	1.1257E6	
509	-6.9702E-1	1.3768E2	2.3740E0	1.1279E6	
510	-6.9832E-1	1.3576E2	2.3670E0	1.1301E6	
511	-6.9756E-1	1.3689E2	2.3601E0	1.1323E6	
512	-6.9756E-1	1.3689E2	2.3533E0	1.1345E6	
513	-6.9756E-1	1.3689E2	2.3464E0	1.1368E6	
514	-6.9794E-1	1.3632E2	2.3395E0	1.1390E6	
515	-6.9695E-1	1.3780E2	2.3327E0	1.1412E6	
516	-6.9687E-1	1.3791E2	2.3258E0	1.1434E6	
517	-6.9626E-1	1.3881E2	2.3189E0	1.1456E6	
518	-6.9595E-1	1.3927E2	2.3119E0	1.1479E6	
519	-6.9511E-1	1.4051E2	2.3050E0	1.1501E6	
520	-6.9412E-1	1.4199E2	2.2981E0	1.1523E6	
521	-6.9359E-1	1.4278E2	2.2912E0	1.1545E6	
522	-6.9595E-1	1.3927E2	2.2843E0	1.1567E6	
523	-6.9183E-1	1.4538E2	2.2774E0	1.1590E6	
524	-6.9466E-1	1.4119E2	2.2705E0	1.1612E6	
525	-6.9038E-1	1.4753E2	2.2635E0	1.1634E6	
526	-6.9435E-1	1.4165E2	2.2566E0	1.1656E6	
527	-6.9366E-1	1.4266E2	2.2497E0	1.1678E6	
528	-6.9382E-1	1.4244E2	2.2428E0	1.1701E6	
529	-6.9061E-1	1.4719E2	2.2358E0	1.1723E6	
530	-6.9046E-1	1.4742E2	2.2289E0	1.1745E6	
531	-6.9168E-1	1.4561E2	2.2220E0	1.1767E6	
532	-6.9290E-1	1.4380E2	2.2151E0	1.1789E6	
533	-6.9206E-1	1.4504E2	2.2082E0	1.1812E6	
534	-6.9153E-1	1.4583E2	2.2011E0	1.1834E6	
535	-6.9221E-1	1.4482E2	2.1942E0	1.1856E6	
536	-6.9168E-1	1.4561E2	2.1873E0	1.1878E6	
537	-6.9023E-1	1.4776E2	2.1804E0	1.1900E6	
538	-6.9084E-1	1.4685E2	2.1734E0	1.1923E6	
539	-6.9092E-1	1.4674E2	2.1664E0	1.1945E6	
540	-6.8878E-1	1.4991E2	2.1596E0	1.1967E6	
541	-6.9016E-1	1.4787E2	2.1526E0	1.1989E6	
542	-6.8649E-1	1.5331E2	2.1456E0	1.2011E6	
543	-6.8802E-1	1.5104E2	2.1386E0	1.2034E6	
544	-6.8748E-1	1.5184E2	2.1316E0	1.2056E6	
545	-6.8687E-1	1.5274E2	2.1246E0	1.2078E6	
546	-6.8810E-1	1.5093E2	2.1178E0	1.2100E6	
547	-6.8680E-1	1.5285E2	2.1108E0	1.2122E6	
548	-6.8581E-1	1.5433E2	2.1039E0	1.2145E6	
549	-6.8619E-1	1.5376E2	2.0969E0	1.2167E6	
550	-6.8733E-1	1.5206E2	2.0899E0	1.2189E6	
551	-6.8703E-1	1.5252E2	2.0829E0	1.2211E6	
552	-6.8703E-1	1.5252E2	2.0759E0	1.2233E6	
553	-6.8558E-1	1.5467E2	2.0690E0	1.2256E6	
554	-6.8642E-1	1.5342E2	2.0619E0	1.2278E6	
555	-6.8611E-1	1.5387E2	2.0550E0	1.2300E6	
556	-6.8497E-1	1.5557E2	2.0480E0	1.2322E6	
557	-6.8352E-1	1.5772E2	2.0410E0	1.2344E6	
558	-6.8642E-1	1.5342E2	2.0340E0	1.2367E6	
559	-6.8527E-1	1.5512E2	2.0270E0	1.2389E6	
560	-6.8512E-1	1.5535E2	2.0200E0	1.2411E6	
561	-6.8275E-1	1.5886E2	2.0131E0	1.2433E6	
562	-6.8489E-1	1.5569E2	2.0061E0	1.2455E6	
563	-6.8459E-1	1.5614E2	1.9992E0	1.2478E6	
564	-6.8253E-1	1.5920E2	1.9921E0	1.2500E6	
565	-6.8260E-1	1.5908E2	1.9850E0	1.2522E6	
566	-6.8329E-1	1.5806E2	1.9782E0	1.2544E6	
567	-6.8672E-1	1.5297E2	1.9711E0	1.2566E6	
568	-6.8565E-1	1.5455E2	1.9641E0	1.2589E6	
569	-6.8314E-1	1.5829E2	1.9571E0	1.2611E6	
570	-6.8466E-1	1.5603E2	1.9500E0	1.2633E6	
571	-6.8359E-1	1.5761E2	1.9430E0	1.2655E6	
572	-6.8413E-1	1.5682E2	1.9359E0	1.2677E6	
573	-6.8420E-1	1.5670E2	1.9291E0	1.2700E6	
574	-6.8283E-1	1.5874E2	1.9220E0	1.2722E6	
575	-6.8398E-1	1.5704E2	1.9150E0	1.2744E6	
576	-6.8237E-1	1.5942E2	1.9079E0	1.2766E6	
577	-6.8146E-1	1.6078E2	1.9009E0	1.2788E6	
578	-6.8275E-1	1.5886E2	1.8939E0	1.2811E6	
579	-6.8237E-1	1.5942E2	1.8869E0	1.2833E6	
580	-6.8062E-1	1.6203E2	1.8799E0	1.2855E6	
581	-6.8001E-1	1.6293E2	1.8729E0	1.2877E6	
582	-6.8092E-1	1.6157E2	1.8658E0	1.2899E6	
583	-6.8161E-1	1.6055E2	1.8588E0	1.2922E6	
584	-6.8092E-1	1.6157E2	1.8518E0	1.2944E6	
585	-6.8054E-1	1.6214E2	1.8447E0	1.2966E6	
586	-6.8085E-1	1.6169E2	1.8377E0	1.2988E6	
587	-6.8077E-1	1.6180E2	1.8306E0	1.3010E6	
588	-6.7848E-1	1.6520E2	1.8235E0	1.3033E6	
589	-6.7856E-1	1.6508E2	1.8166E0	1.3055E6	
590	-6.7947E-1	1.6372E2	1.8095E0	1.3077E6	
591	-6.7917E-1	1.6418E2	1.8024E0	1.3099E6	
592	-6.7841E-1	1.6531E2	1.7953E0	1.3121E6	
593	-6.7764E-1	1.6644E2	1.7883E0	1.3144E6	
594	-6.7696E-1	1.6746E2	1.7814E0	1.3166E6	
595	-6.7795E-1	1.6599E2	1.7742E0	1.3188E6	
596	-6.7909E-1	1.6429E2	1.7672E0	1.3210E6	
597	-6.7619E-1	1.6859E2	1.7602E0	1.3232E6	
598	-6.7688E-1	1.6757E2	1.7530E0	1.3255E6	
599	-6.7451E-1	1.7108E2	1.7460E0	1.3277E6	
600	-6.7734E-1	1.6689E2	1.7390E0	1.3299E6	
601	-6.7657E-1	1.6803E2	1.7318E0	1.3321E6	
602	-6.7551E-1	1.6961E2	1.7249E0	1.3343E6	
603	-6.7627E-1	1.6848E2	1.7178E0	1.3366E6	
604	-6.7703E-1	1.6735E2	1.7107E0	1.3388E6	
605	-6.7383E-1	1.7210E2	1.7037E0	1.3410E6	
606	-6.7627E-1	1.6848E2	1.6966E0	1.3432E6	
607	-6.7429E-1	1.7142E2	1.6895E0	1.3454E6	
608	-6.7352E-1	1.7256E2	1.6824E0	1.3477E6	
609	-6.7390E-1	1.7199E2	1.6754E0	1.3499E6	
610	-6.7413E-1	1.7165E2	1.6684E0	1.3521E6	
611	-6.7352E-1	1.7256E2	1.6612E0	1.3543E6	
612	-6.7406E-1	1.7176E2	1.6541E0	1.3565E6	
613	-6.7276E-1	1.7369E2	1.6471E0	1.3588E6	
614	-6.7062E-1	1.7686E2	1.6399E0	1.3610E6	
615	-6.7055E-1	1.7697E2	1.6329E0	1.3632E6	
616	-6.7177E-1	1.7516E2	1.6258E0	1.3654E6	
617	-6.7192E-1	1.7493E2	1.6187E0	1.3676E6	
618	-6.7215E-1	1.7459E2	1.6116E0	1.3699E6	
619	-6.7131E-1	1.7584E2	1.6045E0	1.3721E6	
620	-6.7223E-1	1.7448E2	1.5974E0	1.3743E6	
621	-6.7261E-1	1.7391E2	1.5904E0	1.3765E6	
622	-6.7139E-1	1.7573E2	1.5832E0	1.3787E6	
623	-6.7177E-1	1.7516E2	1.5762E0	1.3810E6	
624	-6.6940E-1	1.7867E2	1.5691E0	1.3832E6	
625	-6.7017E-1	1.7754E2	1.5620E0	1.3854E6	
626	-6.6978E-1	1.7810E2	1.5549E0	1.3876E6	
627	-6.7101E-1	1.7629E2	1.5478E0	1.3898E6	
628	-6.7039E-1	1.7720E2	1.5408E0	1.3921E6	
629	-6.7093E-1	1.7641E2	1.5337E0	1.3943E6	
630	-6.7001E-1	1.7776E2	1.5265E0	1.3965E6	
631	-6.6956E-1	1.7844E2	1.5195E0	1.3987E6	
632	-6.6917E-1	1.7901E2	1.5123E0	1.4009E6	
633	-6.6948E-1	1.7856E2	1.5052E0	1.4032E6	
634	-6.6818E-1	1.8048E2	1.4982E0	1.4054E6	
635	-6.6803E-1	1.8071E2	1.4909E0	1.4076E6	
636	-6.6933E-1	1.7878E2	1.4839E0	1.4098E6	
637	-6.6681E-1	1.8252E2	1.4767E0	1.4120E6	
638	-6.6772E-1	1.8116E2	1.4698E0	1.4143E6	
639	-6.6971E-1	1.7822E2	1.4626E0	1.4165E6	
640	-6.6940E-1	1.7867E2	1.4555E0	1.4187E6	
641	-6.6910E-1	1.7912E2	1.4483E0	1.4209E6	
642	-6.6620E-1	1.8343E2	1.4411E0	1.4231E6	
643	-6.6910E-1	1.7912E2	1.4342E0	1.4254E6	
644	-6.6681E-1	1.8252E2	1.4270E0	1.4276E6	
645	-6.6704E-1	1.8218E2	1.4198E0	1.4298E6	
646	-6.6711E-1	1.8207E2	1.4127E0	1.4320E6	
647	-6.6620E-1	1.8343E2	1.4056E0	1.4342E6	
648	-6.6711E-1	1.8207E2	1.3985E0	1.4365E6	
649	-6.6643E-1	1.8309E2	1.3914E0	1.4387E6	
650	-6.6643E-1	1.8309E2	1.3843E0	1.4409E6	
651	-6.6597E-1	1.8377E2	1.3772E0	1.4431E6	
652	-6.6544E-1	1.8456E2	1.3700E0	1.4453E6	
653	-6.6597E-1	1.8377E2	1.3629E0	1.4476E6	
654	-6.6353E-1	1.8739E2	1.3558E0	1.4498E6	
655	-6.6345E-1	1.8750E2	1.3487E0	1.4520E6	
656	-6.6566E-1	1.8422E2	1.3415E0	1.4542E6	
657	-6.6109E-1	1.9101E2	1.3345E0	1.4564E6	
658	-6.6093E-1	1.9124E2	1.3272E0	1.4587E6	
659	-6.6261E-1	1.8875E2	1.3202E0	1.4609E6	
660	-6.6277E-1	1.8852E2	1.3131E0	1.4631E6	
661	-6.6353E-1	1.8739E2	1.3059E0	1.4653E6	
662	-6.6147E-1	1.9045E2	1.2988E0	1.4675E6	
663	-6.6109E-1	1.9101E2	1.2916E0	1.4698E6	
664	-6.6177E-1	1.8999E2	1.2845E0	1.4720E6	
665	-6.6345E-1	1.8750E2	1.2774E0	1.4742E6	
666	-6.6185E-1	1.8988E2	1.2703E0	1.4764E6	
667	-6.6154E-1	1.9033E2	1.2631E0	1.4786E6	
668	-6.5895E-1	1.9418E2	1.2560E0	1.4809E6	
669	-6.5971E-1	1.9305E2	1.2489E0	1.4831E6	
670	-6.5964E-1	1.9316E2	1.2417E0	1.4853E6	
671	-6.5804E-1	1.9554E2	1.2346E0	1.4875E6	
672	-6.6040E-1	1.9203E2	1.2274E0	1.4897E6	
673	-6.6002E-1	1.9260E2	1.2203E0	1.4920E6	
674	-6.5834E-1	1.9509E2	1.2132E0	1.4942E6	
675	-6.5750E-1	1.9633E2	1.2060E0	1.4964E6	
676	-6.5796E-1	1.9565E2	1.1990E0	1.4986E6	
677	-6.5857E-1	1.9475E2	1.1918E0	1.5008E6	
678	-6.5712E-1	1.9690E2	1.1847E0	1.5031E6	
679	-6.5811E-1	1.9543E2	1.1774E0	1.5053E6	
680	-6.5651E-1	1.9781E2	1.1703E0	1.5075E6	
681	-6.5582E-1	1.9882E2	1.1631E0	1.5097E6	
682	-6.5727E-1	1.9667E2	1.1560E0	1.5119E6	
683	-6.5559E-1	1.9916E2	1.1490E0	1.5142E6	
684	-6.5872E-1	1.9452E2	1.1418E0	1.5164E6	
685	-6.5712E-1	1.9690E2	1.1346E0	1.5186E6	
686	-6.5659E-1	1.9769E2	1.1275E0	1.5208E6	
687	-6.5460E-1	2.0064E2	1.1203E0	1.5230E6	
688	-6.5483E-1	2.0030E2	1.1132E0	1.5253E6	
689	-6.5727E-1	1.9667E2	1.1061E0	1.5275E6	
690	-6.5720E-1	1.9679E2	1.0989E0	1.5297E6	
691	-6.5628E-1	1.9815E2	1.0917E0	1.5319E6	
692	-6.5544E-1	1.9939E2	1.0846E0	1.5341E6	
693	-6.5178E-1	2.0483E2	1.0775E0	1.5364E6	
694	-6.5613E-1	1.9837E2	1.0703E0	1.5386E6	
695	-6.5102E-1	2.0596E2	1.0632E0	1.5408E6	
696	-6.5506E-1	1.9996E2	1.0561E0	1.5430E6	
697	-6.5651E-1	1.9781E2	1.0488E0	1.5452E6	
698	-6.5407E-1	2.0143E2	1.0418E0	1.5475E6	
699	-6.9389E-1	1.4232E2	1.0346E0	1.5497E6	
700	-6.8855E-1	1.5025E2	1.0275E0	1.5519E6	
701	-6.8192E-1	1.6010E2	1.0204E0	1.5541E6	
702	-6.7589E-1	1.6905E2	1.0131E0	1.5563E6	
703	-6.6940E-1	1.7867E2	1.0060E0	1.5586E6	
704	-6.6345E-1	1.8750E2	9.9890E-1	1.5608E6	
705	-6.6010E-1	1.9248E2	9.9186E-1	1.5630E6	
706	-6.5399E-1	2.0154E2	9.8459E-1	1.5652E6	
707	-6.4781E-1	2.1071E2	9.7741E-1	1.5674E6	
708	-6.4041E-1	2.2170E2	9.7036E-1	1.5697E6	
709	-6.3560E-1	2.2883E2	9.6316E-1	1.5719E6	
710	-6.2790E-1	2.4027E2	9.5604E-1	1.5741E6	
711	-6.2531E-1	2.4411E2	9.4882E-1	1.5763E6	
712	-6.1935E-1	2.5295E2	9.4172E-1	1.5785E6	
713	-6.1386E-1	2.6110E2	9.3452E-1	1.5808E6	
714	-6.0722E-1	2.7095E2	9.2751E-1	1.5830E6	
715	-6.0349E-1	2.7650E2	9.2025E-1	1.5852E6	
716	-6.0219E-1	2.7842E2	9.1321E-1	1.5874E6	
717	-5.9998E-1	2.8171E2	9.0605E-1	1.5896E6	
718	-5.9837E-1	2.8408E2	8.9884E-1	1.5919E6	
719	-5.9166E-1	2.9405E2	8.9171E-1	1.5941E6	
720	-5.8685E-1	3.0118E2	8.8450E-1	1.5963E6	
721	-5.7838E-1	3.1375E2	8.7743E-1	1.5985E6	
722	-5.7785E-1	3.1454E2	8.7039E-1	1.6007E6	
723	-5.7220E-1	3.2292E2	8.6313E-1	1.6030E6	
724	-5.6404E-1	3.3504E2	8.5606E-1	1.6052E6	
725	-5.5824E-1	3.4364E2	8.4890E-1	1.6074E6	
726	-5.5649E-1	3.4624E2	8.4172E-1	1.6096E6	
727	-5.5069E-1	3.5485E2	8.3471E-1	1.6118E6	
728	-5.4695E-1	3.6040E2	8.2750E-1	1.6141E6	
729	-5.4161E-1	3.6832E2	8.2041E-1	1.6163E6	
730	-5.3734E-1	3.7466E2	8.1320E-1	1.6185E6	
731	-5.3452E-1	3.7885E2	8.0612E-1	1.6207E6	
732	-5.2673E-1	3.9040E2	7.9893E-1	1.6229E6	
733	-5.2376E-1	3.9482E2	7.9174E-1	1.6252E6	
734	-5.2406E-1	3.9437E2	7.8469E-1	1.6274E6	
735	-5.1926E-1	4.0150E2	7.7743E-1	1.6296E6	
736	-5.1247E-1	4.1158E2	7.7030E-1	1.6318E6	
737	-5.1033E-1	4.1475E2	7.6323E-1	1.6340E6	
738	-5.0713E-1	4.1950E2	7.5612E-1	1.6363E6	
739	-4.9759E-1	4.3365E2	7.4900E-1	1.6385E6	
740	-4.9339E-1	4.3988E2	7.4177E-1	1.6407E6	
741	-4.8973E-1	4.4532E2	7.3473E-1	1.6429E6	
742	-4.8111E-1	4.5811E2	7.2759E-1	1.6451E6	
743	-4.8347E-1	4.5460E2	7.2045E-1	1.6474E6	
744	-4.7882E-1	4.6151E2	7.1330E-1	1.6496E6	
745	-4.7150E-1	4.7238E2	7.0609E-1	1.6518E6	
746	-4.6341E-1	4.8438E2	6.9907E-1	1.6540E6	
747	-4.5609E-1	4.9525E2	6.9186E-1	1.6562E6	
748	-4.5372E-1	4.9876E2	6.8486E-1	1.6585E6	
749	-4.4456E-1	5.1235E2	6.7770E-1	1.6607E6	
750	-4.4090E-1	5.1778E2	6.7064E-1	1.6629E6	
751	-4.2969E-1	5.3443E2	6.6346E-1	1.6651E6	
752	-4.2511E-1	5.4122E2	6.5639E-1	1.6673E6	
753	-4.1862E-1	5.5084E2	6.4928E-1	1.6696E6	
754	-4.1252E-1	5.5990E2	6.4218E-1	1.6718E6	
755	-4.0627E-1	5.6919E2	6.3507E-1	1.6740E6	
756	-4.0031E-1	5.7802E2	6.2791E-1	1.6762E6	
757	-3.8818E-1	5.9602E2	6.2079E-1	1.6784E6	
758	-3.8223E-1	6.0485E2	6.1374E-1	1.6807E6	
759	-3.7498E-1	6.1561E2	6.0663E-1	1.6829E6	
760	-3.6613E-1	6.2874E2	5.9947E-1	1.6851E6	
761	-3.6514E-1	6.3021E2	5.9243E-1	1.6873E6	
762	-3.5858E-1	6.3995E2	5.8531E-1	1.6895E6	
763	-3.4935E-1	6.5365E2	5.7828E-1	1.6918E6	
764	-3.4744E-1	6.5648E2	5.7114E-1	1.6940E6	
765	-3.4294E-1	6.6316E2	5.6405E-1	1.6962E6	
766	-3.3463E-1	6.7550E2	5.5697E-1	1.6984E6	
767	-3.3768E-1	6.7098E2	5.4986E-1	1.7006E6	
768	-3.2532E-1	6.8932E2	5.4275E-1	1.7029E6	
769	-3.2364E-1	6.9181E2	5.3572E-1	1.7051E6	
770	-3.1197E-1	7.0913E2	5.2858E-1	1.7073E6	
771	-3.0487E-1	7.1966E2	5.2145E-1	1.7095E6	
772	-3.0441E-1	7.2034E2	5.1446E-1	1.7117E6	
773	-2.9213E-1	7.3857E2	5.0743E-1	1.7139E6	
774	-2.8862E-1	7.4378E2	5.0719E-1	1.7140E6	
775	-2.8862E-1	7.4378E2	5.0719E-1	1.7140E6	
776	-2.8862E-1	7.4378E2	5.0719E-1	1.7140E6	
777	-2.8862E-1	7.4378E2	5.0719E-1	1.7140E6	
778	-2.8862E-1	7.4378E2	5.0719E-1	1.7140E6	
779	-2.8862E-1	7.4378E2	5.0719E-1	1.7140E6	
780	-2.8862E-1	7.4378E2	5.0719E-1	1.7140E6	
781	-2.8862E-1	7.4378E2	5.0719E-1	1.7140E6	
782	-2.8862E-1	7.4378E2	5.0719E-1	1.7140E6	
783	-2.8862E-1	7.4378E2	5.0719E-1	1.7140E6	
784	-2.8862E-1	7.4378E2	5.0719E-1	1.7140E6	
785	-2.8862E-1	7.4378E2	5.0719E-1	1.7140E6	
786	-2.8862E-1	7.4378E2	5.0719E-1	1.7140E6	
787	-2.8862E-1	7.4378E2	5.0719E-1	1.7140E6	
788	-2.8862E-1	7.4378E2	5.0719E-1	1.7140E6	
789	-2.8862E-1	7.4378E2	5.0719E-1	1.7140E6	
790	-2.8862E-1	7.4378E2	5.0719E-1	1.7140E6	
791	-2.8862E-1	7.4378E2	5.0719E-1	1.7140E6	
792	-2.8862E-1	7.4378E2	5.0719E-1	1.7140E6	
793	-2.8862E-1	7.4378E2	5.0719E-1	1.7140E6	
794	-2.8862E-1	7.4378E2	5.0719E-1	1.7140E6	
795	-2.8862E-1	7.4378E2	5.0719E-1	1.7140E6	
796	-2.8862E-1	7.4378E2	5.0719E-1	1.7140E6	
797	-2.8862E-1	7.4378E2	5.0719E-1	1.7140E6	
798	-2.8862E-1	7.4378E2	5.0719E-1	1.7140E6	
799	-2.8862E-1	7.4378E2	5.0719E-1	1.7140E6	
800	-2.8862E-1	7.4378E2	5.0719E-1	1.7140E6	
801	-2.8862E-1	7.4378E2	5.0719E-1	1.7140E6	
802	-2.8862E-1	7.4378E2	5.0719E-1	1.7140E6	
803	-2.8862E-1	7.4378E2	5.0719E-1	1.7140E6	
804	-2.8862E-1	7.4378E2	5.0719E-1	1.7140E6	
805	-2.8862E-1	7.4378E2	5.0719E-1	1.7140E6	
806	-2.8862E-1	7.4378E2	5.0719E-1	1.7140E6	
807	-2.8862E-1	7.4378E2	5.0719E-1	1.7140E6	
808	-2.8862E-1	7.4378E2	5.0719E-1	1.7140E6	
809	-2.8862E-1	7.4378E2	5.0719E-1	1.7140E6	
810	-2.8862E-1	7.4378E2	5.0719E-1	1.7140E6	
811	-2.8862E-1	7.4378E2	5.0719E-1	1.7140E6	
812	-2.8862E-1	7.4378E2	5.0719E-1	1.7140E6	
813	-2.8862E-1	7.4378E2	5.0719E-1	1.7140E6	
814	-2.8862E-1	7.4378E2	5.0719E-1	1.7140E6	
815	-2.8862E-1	7.4378E2	5.0719E-1	1.7140E6	
816	-2.8862E-1	7.4378E2	5.0719E-1	1.7140E6	
817	-2.8862E-1	7.4378E2	5.0719E-1	1.7140E6	
818	-2.8862E-1	7.4378E2	5.0719E-1	1.7140E6	
819	-2.8862E-1	7.4378E2	5.0719E-1	1.7140E6	
820	-2.8862E-1	7.4378E2	5.0719E-1	1.7140E6	
821	-2.8862E-1	7.4378E2	5.0719E-1	1.7140E6	
822	-2.8862E-1	7.4378E2	5.0719E-1	1.7140E6	
823	-2.8862E-1	7.4378E2	5.0719E-1	1.7140E6	
824	-2.8862E-1	7.4378E2	5.0719E-1	1.7140E6	
825	-2.8862E-1	7.4378E2	5.0719E-1	1.7140E6	
826	-2.8862E-1	7.4378E2	5.0719E-1	1.7140E6	
827	-2.8862E-1	7.4378E2	5.0719E-1	1.7140E6	
828	-2.8862E-1	7.4378E2	5.0719E-1	1.7140E6	
829	-2.8862E-1	7.4378E2	5.0719E-1	1.7140E6	
830	-2.8862E-1	7.4378E2	5.0719E-1	1.7140E6	
831	-2.8862E-1	7.4378E2	5.0719E-1	1.7140E6	
832	-2.8862E-1	7.4378E2	5.0719E-1	1.7140E6	
833	-2.8862E-1	7.4378E2	5.0719E-1	1.7140E6	
834	-2.8862E-1	7.4378E2	5.0719E-1	1.7140E6	
835	-2.8862E-1	7.4378E2	5.0719E-1	1.7140E6	
836	-2.8862E-1	7.4378E2	5.0719E-1	1.7140E6	
837	-2.8862E-1	7.4378E2	5.0719E-1	1.7140E6	
838	-2.8862E-1	7.4378E2	5.0719E-1	1.7140E6	
839	-2.8862E-1	7.4378E2	5.0719E-1	1.7140E6	
840	-2.8862E-1	7.4378E2	5.0719E-1	1.7140E6	
841	-2.8862E-1	7.4378E2	5.0719E-1	1.7140E6	
842	-2.8862E-1	7.4378E2	5.0719E-1	1.7140E6	
843	-2.8862E-1	7.4378E2	5.0719E-1	1.7140E6	
844	-2.8862E-1	7.4378E2	5.0719E-1	1.7140E6	
845	-2.8862E-1	7.4378E2	5.0719E-1	1.7140E6	
846	-2.8862E-1	7.4378E2	5.0719E-1	1.7140E6	
847	-2.8862E-1	7.4378E2	5.0719E-1	1.7140E6	
848	-2.8862E-1	7.4378E2	5.0719E-1	1.7140E6	
849	-2.8862E-1	7.4378E2	5.0719E-1	1.7140E6	
850	-2.8862E-1	7.4378E2	5.0719E-1	1.7140E6	
851	-2.8862E-1	7.4378E2	5.0719E-1	1.7140E6	
852	-2.8862E-1	7.4378E2	5.0719E-1	1.7140E6	
853	-2.8862E-1	7.4378E2	5.0719E-1	1.7140E6	
854	-2.8862E-1	7.4378E2	5.0719E-1	1.7140E6	
855	-2.8862E-1	7.4378E2	5.0719E-1	1.7140E6	
856	-2.8862E-1	7.4378E2	5.0719E-1	1.7140E6	
857	-2.8862E-1	7.4378E2	5.0719E-1	1.7140E6	
858	-2.8862E-1	7.4378E2	5.0719E-1	1.7140E6	
859	-2.8862E-1	7.4378E2	5.0719E-1	1.7140E6	
860	-2.8862E-1	7.4378E2	5.0719E-1	1.7140E6	
861	-2.8862E-1	7.4378E2	5.0719E-1	1.7140E6	
862	-2.8862E-1	7.4378E2	5.0719E-1	1.7140E6	
863	-2.8862E-1	7.4378E2	5.0719E-1	1.7140E6	
864	-2.8862E-1	7.4378E2	5.0719E-1	1.7140E6	
865	-2.8862E-1	7.4378E2	5.0719E-1	1.7140E6	
866	-2.8862E-1	7.4378E2	5.0719E-1	1.7140E6	
867	-2.8862E-1	7.4378E2	5.0719E-1	1.7140E6	
868	-2.8862E-1	7.4378E2	5.0719E-1	1.7140E6	
869	-2.8862E-1	7.4378E2	5.0719E-1	1.7140E6	
870	-2.8862E-1	7.4378E2	5.0719E-1	1.7140E6	
871	-2.8862E-1	7.4378E2	5.0719E-1	1.7140E6	
872	-2.8862E-1	7.4378E2	5.0719E-1	1.7140E6	
873	-2.8862E-1	7.4378E2	5.0719E-1	1.7140E6	
874	-2.8862E-1	7.4378E2	5.0719E-1	1.7140E6	
875	-2.8862E-1	7.4378E2	5.0719E-1	1.7140E6	
876	-2.8862E-1	7.4378E2	5.0719E-1	1.7140E6	
877	-2.8862E-1	7.4378E2	5.0719E-1	1.7140E6	
878	-2.8862E-1	7.4378E2	5.0719E-1	1.7140E6	
879	-2.8862E-1	7.4378E2	5.0719E-1	1.7140E6	
880	-2.8862E-1	7.4378E2	5.0719E-1	1.7140E6	
881	-2.8862E-1	7.4378E2	5.0719E-1	1.7140E6	
882	-2.8862E-1	7.4378E2	5.0719E-1	1.7140E6	
883	-2.8862E-1	7.4378E2	5.0719E-1	1.7140E6	
884	-2.8862E-1	7.4378E2	5.0719E-1	1.7140E6	
885	-2.8862E-1	7.4378E2	5.0719E-1	1.7140E6	
886	-2.8862E-1	7.4378E2	5.0719E-1	1.7140E6	
887	-2.8862E-1	7.4378E2	5.0719E-1	1.7140E6	
888	-2.8862E-1	7.4378E2	5.0719E-1	1.7140E6	
889	-2.8862E-1	7.4378E2	5.0719E-1	1.7140E6	
890	-2.8862E-1	7.4378E2	5.0719E-1	1.7140E6	
891	-2.8862E-1	7.4378E2	5.0719E-1	1.7140E6	
892	-2.8862E-1	7.4378E2	5.0719E-1	1.7140E6	
893	-2.8862E-1	7.4378E2	5.0719E-1	1.7140E6	
894	-2.8862E-1	7.4378E2	5.0719E-1	1.7140E6	
895	-2.8862E-1	7.4378E2	5.0719E-1	1.7140E6	
896	-2.8862E-1	7.4378E2	5.0719E-1	1.7140E6	
897	-2.8862E-1	7.4378E2	5.0719E-1	1.7140E6	
898	-2.8862E-1	7.4378E2	5.0719E-1	1.7140E6	
899	-2.8862E-1	7.4378E2	5.0719E-1	1.7140E6	
900	-2.8862E-1	7.4378E2	5.0719E-1	1.7140E6	
901	-2.8862E-1	7.4378E2	5.0719E-1	1.7140E6	
902	-2.8862E-1	7.4378E2	5.0719E-1	1.7140E6	
903	-2.8862E-1	7.4378E2	5.0719E-1	1.7140E6	
904	-2.8862E-1	7.4378E2	5.0719E-1	1.7140E6	
905	-2.8862E-1	7.4378E2	5.0719E-1	1.7140E6	
906	-2.8862E-1	7.4378E2	5.0719E-1	1.7140E6	
907	-2.8862E-1	7.4378E2	5.0719E-1	1.7140E6	
908	-2.8862E-1	7.4378E2	5.0719E-1	1.7140E6	
909	-2.8862E-1	7.4378E2	5.0719E-1	1.7140E6	
910	-2.8862E-1	7.4378E2	5.0719E-1	1.7140E6	
911	-2.8862E-1	7.4378E2	5.0719E-1	1.7140E6	
912	-2.8862E-1	7.4378E2	5.0719E-1	1.7140E6	
913	-2.8862E-1	7.4378E2	5.0719E-1	1.7140E6	
914	-2.8862E-1	7.4378E2	5.0719E-1	1.7140E6	
915	-2.8862E-1	7.4378E2	5.0719E-1	1.7140E6	
916	-2.8862E-1	7.4378E2	5.0719E-1	1.7140E6	
917	-2.8862E-1	7.4378E2	5.0719E-1	1.7140E6	
918	-2.8862E-1	7.4378E2	5.0719E-1	1.7140E6	
919	-2.8862E-1	7.4378E2	5.0719E-1	1.7140E6	
920	-2.8862E-1	7.4378E2	5.0719E-1	1.7140E6	
921	-2.8862E-1	7.4378E2	5.0719E-1	1.7140E6	
922	-2.8862E-1	7.4378E2	5.0719E-1	1.7140E6	
923	-2.8862E-1	7.4378E2	5.0719E-1	1.7140E6	
924	-2.8862E-1	7.4378E2	5.0719E-1	1.7140E6	
925	-2.8862E-1	7.4378E2	5.0719E-1	1.7140E6	
926	-2.8862E-1	7.4378E2	5.0719E-1	1.7140E6	
927	-2.8862E-1	7.4378E2	5.0719E-1	1.7140E6	
928	-2.8862E-1	7.4378E2	5.0719E-1	1.7140E6	
929	-2.8862E-1	7.4378E2	5.0719E-1	1.7140E6	
930	-2.8862E-1	7.4378E2	5.0719E-1	1.7140E6	
931	-2.8862E-1	7.4378E2	5.0719E-1	1.7140E6	
932	-2.8862E-1	7.4378E2	5.0719E-1	1.7140E6	
933	-2.8862E-1	7.4378E2	5.0719E-1	1.7140E6	
934	-2.8862E-1	7.4378E2	5.0719E-1	1.7140E6	
935	-2.8862E-1	7.4378E2	5.0719E-1	1.7140E6	
936	-2.8862E-1	7.4378E2	5.0719E-1	1.7140E6	
937	-2.8862E-1	7.4378E2	5.0719E-1	1.7140E6	
938	-2.8862E-1	7.4378E2	5.0719E-1	1.7140E6	
939	-2.8862E-1	7.4378E2	5.0719E-1	1.7140E6	
940	-2.8862E-1	7.4378E2	5.0719E-1	1.7140E6	
941	-2.8862E-1	7.4378E2	5.0719E-1	1.7140E6	
942	-2.8862E-1	7.4378E2	5.0719E-1	1.7140E6	
943	-2.8862E-1	7.4378E2	5.0719E-1	1.7140E6	
944	-2.8862E-1	7.4378E2	5.0719E-1	1.7140E6	
945	-2.8862E-1	7.4378E2	5.0719E-1	1.7140E6	
946	-2.8862E-1	7.4378E2	5.0719E-1	1.7140E6	
947	-2.8862E-1	7.4378E2	5.0719E-1	1.7140E6	
948	-2.8862E-1	7.4378E2	5.0719E-1	1.7140E6	
949	-2.8862E-1	7.4378E2	5.0719E-1	1.7140E6	
950	-2.8862E-1	7.4378E2	5.0719E-1	1.7140E6	
951	-2.8862E-1	7.4378E2	5.0719E-1	1.7140E6	
952	-2.8862E-1	7.4378E2	5.0719E-1	1.7140E6	
953	-2.8862E-1	7.4378E2	5.0719E-1	1.7140E6	
954	-2.8862E-1	7.4378E2	5.0719E-1	1.7140E6	
955	-2.8862E-1	7.4378E2	5.0719E-1	1.7140E6	
956	-2.8862E-1	7.4378E2	5.0719E-1	1.7140E6	
957	-2.8862E-1	7.4378E2	5.0719E-1	1.7140E6	
958	-2.8862E-1	7.4378E2	5.0719E-1	1.7140E6	
959	-2.8862E-1	7.4378E2	5.0719E-1	1.7140E6	
960	-2.8862E-1	7.4378E2	5.0719E-1	1.7140E6	
961	-2.8862E-1	7.4378E2	5.0719E-1	1.7140E6	
962	-2.8862E-1	7.4378E2	5.0719E-1	1.7140E6	
963	-2.8862E-1	7.4378E2	5.0719E-1	1.7140E6	
964	-2.8862E-1	7.4378E2	5.0719E-1	1.7140E6	
965	-2.8862E-1	7.4378E2	5.0719E-1	1.7140E6	
966	-2.8862E-1	7.4378E2	5.0719E-1	1.7140E6	
967	-2.8862E-1	7.4378E2	5.0719E-1	1.7140E6	
968	-2.8862E-1	7.4378E2	5.0719E-1	1.7140E6	
969	-2.8862E-1	7.4378E2	5.0719E-1	1.7140E6	
970	-2.8862E-1	7.4378E2	5.0719E-1	1.7140E6	
971	-2.8862E-1	7.4378E2	5.0719E-1	1.7140E6	
972	-2.8862E-1	7.4378E2	5.0719E-1	1.7140E6	
973	-2.8862E-1	7.4378E2	5.0719E-1	1.7140E6	
974	-2.8862E-1	7.4378E2	5.0719E-1	1.7140E6	
975	-2.8862E-1	7.4378E2	5.0719E-1	1.7140E6	
976	-2.8862E-1	7.4378E2	5.0719E-1	1.7140E6	
977	-2.8862E-1	7.4378E2	5.0719E-1	1.7140E6	
978	-2.8862E-1	7.4378E2	5.0719E-1	1.7140E6	
979	-2.8862E-1	7.4378E2	5.0719E-1	1.7140E6	
980	-2.8862E-1	7.4378E2	5.0719E-1	1.7140E6	
981	-2.8862E-1	7.4378E2	5.0719E-1	1.7140E6	
982	-2.8862E-1	7.4378E2	5.0719E-1	1.7140E6	
983	-2.8862E-1	7.4378E2	5.0719E-1	1.7140E6	
984	-2.8862E-1	7.4378E2	5.0719E-1	1.7140E6	
985	-2.8862E-1	7.4378E2	5.0719E-1	1.7140E6	
986	-2.8862E-1	7.4378E2	5.0719E-1	1.7140E6	
987	-2.8862E-1	7.4378E2	5.0719E-1	1.7140E6	
988	-2.8862E-1	7.4378E2	5.0719E-1	1.7140E6	
989	-2.8862E-1	7.4378E2	5.0719E-1	1.7140E6	
990	-2.8862E-1	7.4378E2	5.0719E-1	1.7140E6	
991	-2.8862E-1	7.4378E2	5.0719E-1	1.7140E6	
992	-2.8862E-1	7.4378E2	5.0719E-1	1.7140E6	
993	-2.8862E-1	7.4378E2	5.0719E-1	1.7140E6	
994	-2.8862E-1	7.4378E2	5.0719E-1	1.7140E6	
995	-2.8862E-1	7.4378E2	5.0719E-1	1.7140E6	
996	-2.8862E-1	7.4378E2	5.0719E-1	1.7140E6	
997	-2.8862E-1	7.4378E2	5.0719E-1	1.7140E6	
998	-2.8862E-1	7.4378E2	5.0719E-1	1.7140E6	
999	-2.8862E-1	7.4378E2	5.0719E-1	1.7140E6	
1000	-2.8862E-1	7.4378E2	5.0719E-1	1.7140E6	
1001	-2.8862E-1	7.4378E2	5.0719E-1	1.7140E6	
1002	-2.8862E-1	7.4378E2	5.0719E-1	1.7140E6	
1003	-2.8862E-1	7.4378E2	5.0719E-1	1.7140E6	
1004	-2.8862E-1	7.4378E2	5.0719E-1	1.7140E6	
1005	-2.8862E-1	7.4378E2	5.0719E-1	1.7140E6	
1006	-2.8862E-1	7.4378E2	5.0719E-1	1.7140E6	
1007	-2.8862E-1	7.4378E2	5.0719E-1	1.7140E6	
1008	-2.8862E-1	7.4378E2	5.0719E-1	1.7140E6	
1009	-2.8862E-1	7.4378E2	5.0719E-1	1.7140E6	
1010	-2.8862E-1	7.4378E2	5.0719E-1	1.7140E6	
1011	-2.8862E-1	7.4378E2	5.0719E-1	1.7140E6	
1012	-2.8862E-1	7.4378E2	5.0719E-1	1.7140E6	
1013	-2.8862E-1	7.4378E2	5.0719E-1	1.7140E6	
1014	-2.8862E-1	7.4378E2	5.0719E-1	1.7140E6	
1015	-2.8862E-1	7.4378E2	5.0719E-1	1.7140E6	
1016	-2.8862E-1	7.4378E2	5.0719E-1	1.7140E6	
1017	-2.8862E-1	7.4378E2	5.0719E-1	1.7140E6	
1018	-2.8862E-1	7.4378E2	5.0719E-1	1.7140E6	
1019	-2.8862E-1	7.4378E2	5.0719E-1	1.7140E6	
1020	-2.8862E-1	7.4378E2	5.0719E-1	1.7140E6	
1021	-2.8862E-1	7.4378E2	5.0719E-1	1.7140E6	
1022	-2.8862E-1	7.4378E2	5.0719E-1	1.7140E6	
1023	-2.8862E-1	7.4378E2	5.0719E-1	1.7140E6	
1024	-2.8862E-1	7.4378E2	5.0719E-1	1.7140E6	
1025	-2.8786E-1	7.4491E2	5.0708E-1	1.7141E6	
1026	-3.3745E-1	6.7132E2	5.0847E-1	1.7163E6	
1027	-3.6072E-1	6.3678E2	5.1113E-1	1.7185E6	
1028	-3.7903E-1	6.0961E2	5.1422E-1	1.7207E6	
1029	-3.9062E-1	5.9240E2	5.1766E-1	1.7229E6	
1030	-4.1252E-1	5.5990E2	5.2130E-1	1.7252E6	
1031	-4.3144E-1	5.3182E2	5.2497E-1	1.7274E6	
1032	-4.4106E-1	5.1755E2	5.2873E-1	1.7296E6	
1033	-4.6051E-1	4.8868E2	5.3269E-1	1.7318E6	
1034	-4.7203E-1	4.7159E2	5.3679E-1	1.7340E6	
1035	-4.8431E-1	4.5336E2	5.4089E-1	1.7363E6	
1036	-4.9622E-1	4.3569E2	5.4508E-1	1.7385E6	
1037	-5.0735E-1	4.1916E2	5.4917E-1	1.7407E6	
1038	-5.1750E-1	4.0410E2	5.5343E-1	1.7429E6	
1039	-5.3452E-1	3.7885E2	5.5758E-1	1.7451E6	
1040	-5.3955E-1	3.7138E2	5.6202E-1	1.7474E6	
1041	-5.5061E-1	3.5496E2	5.6632E-1	1.7496E6	
1042	-5.6686E-1	3.3085E2	5.7069E-1	1.7518E6	
1043	-5.6641E-1	3.3153E2	5.7503E-1	1.7540E6	
1044	-5.8449E-1	3.0469E2	5.7957E-1	1.7562E6	
1045	-5.8922E-1	2.9767E2	5.8392E-1	1.7585E6	
1046	-6.0143E-1	2.7955E2	5.8843E-1	1.7607E6	
1047	-6.0966E-1	2.6733E2	5.9282E-1	1.7629E6	
1048	-6.1951E-1	2.5272E2	5.9735E-1	1.7651E6	
1049	-6.2996E-1	2.3721E2	6.0184E-1	1.7673E6	
1050	-6.3881E-1	2.2407E2	6.0634E-1	1.7696E6	
1051	-6.4766E-1	2.1094E2	6.1109E-1	1.7718E6	
1052	-6.5285E-1	2.0324E2	6.1557E-1	1.7740E6	
1053	-6.6055E-1	1.9180E2	6.2013E-1	1.7762E6	
1054	-6.7085E-1	1.7652E2	6.2470E-1	1.7784E6	
1055	-6.8024E-1	1.6259E2	6.2925E-1	1.7807E6	
1056	-6.8977E-1	1.4844E2	6.3387E-1	1.7829E6	
1057	-6.9405E-1	1.4210E2	6.3843E-1	1.7851E6	
1058	-7.0412E-1	1.2715E2	6.4317E-1	1.7873E6	
1059	-7.1068E-1	1.1742E2	6.4778E-1	1.7895E6	
1060	-7.1976E-1	1.0394E2	6.5241E-1	1.7918E6	
1061	-7.2868E-1	9.0694E1	6.5710E-1	1.7940E6	
1062	-7.3700E-1	7.8352E1	6.6175E-1	1.7962E6	
1063	-7.4387E-1	6.8162E1	6.6647E-1	1.7984E6	
1064	-7.5050E-1	5.8311E1	6.7115E-1	1.8006E6	
1065	-7.5714E-1	4.8461E1	6.7582E-1	1.8029E6	
1066	-7.6385E-1	3.8497E1	6.8057E-1	1.8051E6	
1067	-7.7324E-1	2.4570E1	6.8527E-1	1.8073E6	
1068	-7.7850E-1	1.6757E1	6.9003E-1	1.8095E6	
1069	-7.8224E-1	1.1209E1	6.9465E-1	1.8117E6	
1070	-7.9315E-1	-4.9819E0	6.9937E-1	1.8140E6	
1071	-7.9567E-1	-8.7183E0	7.0426E-1	1.8162E6	
1072	-8.0589E-1	-2.3891E1	7.0896E-1	1.8184E6	
1073	-8.1161E-1	-3.2383E1	7.1373E-1	1.8206E6	
1074	-8.1360E-1	-3.5326E1	7.1847E-1	1.8228E6	
1075	-8.2230E-1	-4.8234E1	7.2332E-1	1.8251E6	
1076	-8.2947E-1	-5.8877E1	7.2803E-1	1.8273E6	
1077	-8.3275E-1	-6.3746E1	7.3288E-1	1.8295E6	
1078	-8.3694E-1	-6.9973E1	7.3764E-1	1.8317E6	
1079	-8.4579E-1	-8.3108E1	7.4257E-1	1.8339E6	
1080	-8.4686E-1	-8.4693E1	7.4728E-1	1.8362E6	
1081	-8.5358E-1	-9.4657E1	7.5205E-1	1.8384E6	
1082	-8.6098E-1	-1.0564E2	7.5691E-1	1.8406E6	
1083	-8.6494E-1	-1.1153E2	7.6181E-1	1.8428E6	
1084	-8.6838E-1	-1.1662E2	7.6656E-1	1.8450E6	
1085	-8.7654E-1	-1.2874E2	7.7145E-1	1.8473E6	
1086	-8.7860E-1	-1.3179E2	7.7639E-1	1.8495E6	
1087	-8.8425E-1	-1.4017E2	7.8123E-1	1.8517E6	
1088	-8.8882E-1	-1.4697E2	7.8616E-1	1.8539E6	
1089	-8.9478E-1	-1.5580E2	7.9095E-1	1.8561E6	
1090	-8.9981E-1	-1.6327E2	7.9581E-1	1.8584E6	
1091	-9.0385E-1	-1.6927E2	8.0071E-1	1.8606E6	
1092	-9.0591E-1	-1.7233E2	8.0558E-1	1.8628E6	
1093	-9.1141E-1	-1.8048E2	8.1059E-1	1.8650E6	
1094	-9.1820E-1	-1.9056E2	8.1554E-1	1.8672E6	
1095	-9.2010E-1	-1.9339E2	8.2031E-1	1.8695E6	
1096	-9.2293E-1	-1.9758E2	8.2531E-1	1.8717E6	
1097	-9.3086E-1	-2.0935E2	8.3024E-1	1.8739E6	
1098	-9.3369E-1	-2.1354E2	8.3517E-1	1.8761E6	
1099	-9.3582E-1	-2.1671E2	8.4011E-1	1.8783E6	
1100	-9.4139E-1	-2.2498E2	8.4509E-1	1.8806E6	
1101	-9.4391E-1	-2.2872E2	8.5004E-1	1.8828E6	
1102	-9.4879E-1	-2.3596E2	8.5491E-1	1.8850E6	
1103	-9.5428E-1	-2.4411E2	8.5999E-1	1.8872E6	
1104	-9.5245E-1	-2.4140E2	8.6494E-1	1.8894E6	
1105	-9.5818E-1	-2.4989E2	8.6990E-1	1.8917E6	
1106	-9.6100E-1	-2.5408E2	8.7491E-1	1.8939E6	
1107	-9.6588E-1	-2.6132E2	8.7994E-1	1.8961E6	
1108	-9.6634E-1	-2.6200E2	8.8496E-1	1.8983E6	
1109	-9.7046E-1	-2.6812E2	8.8995E-1	1.9005E6	
1110	-9.7160E-1	-2.6982E2	8.9497E-1	1.9028E6	
1111	-9.7412E-1	-2.7355E2	8.9992E-1	1.9050E6	
1112	-9.7504E-1	-2.7491E2	9.0494E-1	1.9072E6	
1113	-9.7969E-1	-2.8182E2	9.0994E-1	1.9094E6	
1114	-9.8282E-1	-2.8646E2	9.1505E-1	1.9116E6	
1115	-9.8114E-1	-2.8397E2	9.2016E-1	1.9139E6	
1116	-9.8885E-1	-2.9541E2	9.2523E-1	1.9161E6	
1117	-9.9274E-1	-3.0118E2	9.3027E-1	1.9183E6	
1118	-9.9251E-1	-3.0084E2	9.3529E-1	1.9205E6	
1119	-9.9609E-1	-3.0616E2	9.4038E-1	1.9227E6	
1120	-9.9831E-1	-3.0945E2	9.4539E-1	1.9250E6	
1121	-1.0036E0	-3.1726E2	9.5057E-1	1.9272E6	
1122	-1.0050E0	-3.1941E2	9.5561E-1	1.9294E6	
1123	-1.0023E0	-3.1533E2	9.6080E-1	1.9316E6	
1124	-1.0051E0	-3.1952E2	9.6587E-1	1.9338E6	
1125	-1.0069E0	-3.2224E2	9.7090E-1	1.9361E6	
1126	-1.0068E0	-3.2201E2	9.7595E-1	1.9383E6	
1127	-1.0069E0	-3.2224E2	9.8120E-1	1.9405E6	
1128	-1.0102E0	-3.2711E2	9.8628E-1	1.9427E6	
1129	-1.0102E0	-3.2711E2	9.9133E-1	1.9449E6	
1130	-1.0113E0	-3.2869E2	9.9662E-1	1.9472E6	
1131	-1.0104E0	-3.2734E2	1.0017E0	1.9494E6	
1132	-1.0105E0	-3.2756E2	1.0069E0	1.9516E6	
1133	-1.0081E0	-3.2394E2	1.0119E0	1.9538E6	
1134	-1.0147E0	-3.3379E2	1.0171E0	1.9560E6	
1135	-1.0138E0	-3.3243E2	1.0223E0	1.9583E6	
1136	-1.0159E0	-3.3549E2	1.0274E0	1.9605E6	
1137	-1.0134E0	-3.3186E2	1.0326E0	1.9627E6	
1138	-1.0062E0	-3.2111E2	1.0378E0	1.9649E6	
1139	-1.0094E0	-3.2598E2	1.0430E0	1.9671E6	
1140	-1.0036E0	-3.1726E2	1.0483E0	1.9694E6	
1141	-1.0032E0	-3.1669E2	1.0534E0	1.9716E6	
1142	-1.0071E0	-3.2247E2	1.0585E0	1.9738E6	
1143	-1.0049E0	-3.1918E2	1.0638E0	1.9760E6	
1144	-9.9960E-1	-3.1137E2	1.0690E0	1.9782E6	
1145	-9.9976E-1	-3.1160E2	1.0742E0	1.9805E6	
1146	-9.9968E-1	-3.1148E2	1.0794E0	1.9827E6	
1147	-9.9762E-1	-3.0843E2	1.0846E0	1.9849E6	
1148	-9.9342E-1	-3.0220E2	1.0898E0	1.9871E6	
1149	-9.9281E-1	-3.0129E2	1.0951E0	1.9893E6	
1150	-9.9144E-1	-2.9926E2	1.1003E0	1.9916E6	
1151	-9.8679E-1	-2.9235E2	1.1057E0	1.9938E6	
1152	-9.8305E-1	-2.8680E2	1.1108E0	1.9960E6	
1153	-9.7847E-1	-2.8001E2	1.1162E0	1.9982E6	
1154	-9.7687E-1	-2.7763E2	1.1214E0	2.0004E6	
1155	-9.7298E-1	-2.7185E2	1.1268E0	2.0027E6	
1156	-9.6901E-1	-2.6597E2	1.1319E0	2.0049E6	
1157	-9.6176E-1	-2.5521E2	1.1374E0	2.0071E6	
1158	-9.5497E-1	-2.4513E2	1.1425E0	2.0093E6	
1159	-9.4780E-1	-2.3449E2	1.1478E0	2.0115E6	
1160	-9.4330E-1	-2.2781E2	1.1532E0	2.0138E6	
1161	-9.3567E-1	-2.1649E2	1.1585E0	2.0160E6	
1162	-9.3094E-1	-2.0947E2	1.1638E0	2.0182E6	
1163	-9.2560E-1	-2.0154E2	1.1691E0	2.0204E6	
1164	-9.2606E-1	-2.0222E2	1.1744E0	2.0226E6	
1165	-9.2346E-1	-1.9837E2	1.1797E0	2.0249E6	
1166	-9.2033E-1	-1.9373E2	1.1852E0	2.0271E6	
1167	-9.2110E-1	-1.9486E2	1.1905E0	2.0293E6	
1168	-9.2155E-1	-1.9554E2	1.1959E0	2.0315E6	
1169	-9.2072E-1	-1.9430E2	1.2012E0	2.0337E6	
1170	-9.2003E-1	-1.9328E2	1.2065E0	2.0360E6	
1171	-9.1545E-1	-1.8648E2	1.2118E0	2.0382E6	
1172	-9.1461E-1	-1.8524E2	1.2173E0	2.0404E6	
1173	-9.1530E-1	-1.8626E2	1.2226E0	2.0426E6	
1174	-9.1187E-1	-1.8116E2	1.2280E0	2.0448E6	
1175	-9.0622E-1	-1.7278E2	1.2333E0	2.0471E6	
1176	-8.9561E-1	-1.5704E2	1.2387E0	2.0493E6	
1177	-8.8699E-1	-1.4425E2	1.2441E0	2.0515E6	
1178	-8.8074E-1	-1.3497E2	1.2495E0	2.0537E6	
1179	-8.6876E-1	-1.1719E2	1.2549E0	2.0559E6	
1180	-8.6037E-1	-1.0473E2	1.2603E0	2.0582E6	
1181	-8.5152E-1	-9.1600E1	1.2657E0	2.0604E6	
1182	-8.3313E-1	-6.4312E1	1.2711E0	2.0626E6	
1183	-7.8102E-1	1.3021E1	1.2767E0	2.0648E6	
1184	-7.1960E-1	1.0417E2	1.2820E0	2.0670E6	
1185	-6.7940E-1	1.6384E2	1.2875E0	2.0693E6	
1186	-6.6422E-1	1.8637E2	1.2930E0	2.0715E6	
1187	-6.6307E-1	1.8807E2	1.2984E0	2.0737E6	
1188	-6.6605E-1	1.8365E2	1.3038E0	2.0759E6	
1189	-6.6490E-1	1.8535E2	1.3092E0	2.0781E6	
1190	-6.6437E-1	1.8614E2	1.3146E0	2.0804E6	
1191	-6.6307E-1	1.8807E2	1.3202E0	2.0826E6	
1192	-6.6330E-1	1.8773E2	1.3257E0	2.0848E6	
1193	-6.6162E-1	1.9022E2	1.3311E0	2.0870E6	
1194	-6.6208E-1	1.8954E2	1.3366E0	2.0892E6	
1195	-6.6200E-1	1.8965E2	1.3422E0	2.0915E6	
1196	-6.6444E-1	1.8603E2	1.3475E0	2.0937E6	
1197	-6.6399E-1	1.8671E2	1.3530E0	2.0959E6	
1198	-6.6498E-1	1.8524E2	1.3585E0	2.0981E6	
1199	-6.6452E-1	1.8592E2	1.3642E0	2.1003E6	
1200	-6.6498E-1	1.8524E2	1.3697E0	2.1026E6	
1201	-6.6528E-1	1.8478E2	1.3751E0	2.1048E6	
1202	-6.6353E-1	1.8739E2	1.3807E0	2.1070E6	
1203	-6.6284E-1	1.8841E2	1.3862E0	2.1092E6	
1204	-6.6490E-1	1.8535E2	1.3917E0	2.1114E6	
1205	-6.6620E-1	1.8343E2	1.3973E0	2.1137E6	
1206	-6.6444E-1	1.8603E2	1.4028E0	2.1159E6	
1207	-6.6528E-1	1.8478E2	1.4083E0	2.1181E6	
1208	-6.6330E-1	1.8773E2	1.4139E0	2.1203E6	
1209	-6.6353E-1	1.8739E2	1.4195E0	2.1225E6	
1210	-6.6635E-1	1.8320E2	1.4251E0	2.1248E6	
1211	-6.6368E-1	1.8716E2	1.4305E0	2.1270E6	
1212	-6.6551E-1	1.8444E2	1.4362E0	2.1292E6	
1213	-6.6353E-1	1.8739E2	1.4417E0	2.1314E6	
1214	-6.6605E-1	1.8365E2	1.4473E0	2.1336E6	
1215	-6.6422E-1	1.8637E2	1.4529E0	2.1359E6	
1216	-6.6299E-1	1.8818E2	1.4585E0	2.1381E6	
1217	-6.6727E-1	1.8184E2	1.4641E0	2.1403E6	
1218	-6.6650E-1	1.8297E2	1.4697E0	2.1425E6	
1219	-6.6658E-1	1.8286E2	1.4754E0	2.1447E6	
1220	-6.6612E-1	1.8354E2	1.4810E0	2.1470E6	
1221	-6.6505E-1	1.8512E2	1.4865E0	2.1492E6	
1222	-6.6772E-1	1.8116E2	1.4921E0	2.1514E6	
1223	-6.6444E-1	1.8603E2	1.4978E0	2.1536E6	
1224	-6.6605E-1	1.8365E2	1.5035E0	2.1558E6	
1225	-6.6566E-1	1.8422E2	1.5091E0	2.1581E6	
1226	-6.6750E-1	1.8150E2	1.5148E0	2.1603E6	
1227	-6.6444E-1	1.8603E2	1.5204E0	2.1625E6	
1228	-6.6658E-1	1.8286E2	1.5260E0	2.1647E6	
1229	-6.6765E-1	1.8127E2	1.5316E0	2.1669E6	
1230	-6.6666E-1	1.8275E2	1.5373E0	2.1692E6	
1231	-6.6818E-1	1.8048E2	1.5430E0	2.1714E6	
1232	-6.6666E-1	1.8275E2	1.5487E0	2.1736E6	
1233	-6.6673E-1	1.8263E2	1.5543E0	2.1758E6	
1234	-6.6803E-1	1.8071E2	1.5600E0	2.1780E6	
1235	-6.6780E-1	1.8105E2	1.5658E0	2.1803E6	
1236	-6.6856E-1	1.7992E2	1.5714E0	2.1825E6	
1237	-6.6612E-1	1.8354E2	1.5771E0	2.1847E6	
1238	-6.6811E-1	1.8060E2	1.5827E0	2.1869E6	
1239	-6.6940E-1	1.7867E2	1.5884E0	2.1891E6	
1240	-6.6788E-1	1.8093E2	1.5942E0	2.1914E6	
1241	-6.6864E-1	1.7980E2	1.5999E0	2.1936E6	
1242	-6.6917E-1	1.7901E2	1.6055E0	2.1958E6	
1243	-6.6925E-1	1.7890E2	1.6113E0	2.1980E6	
1244	-6.6856E-1	1.7992E2	1.6170E0	2.2002E6	
1245	-6.6902E-1	1.7924E2	1.6228E0	2.2025E6	
1246	-6.6963E-1	1.7833E2	1.6285E0	2.2047E6	
1247	-6.6879E-1	1.7958E2	1.6342E0	2.2069E6	
1248	-6.7062E-1	1.7686E2	1.6399E0	2.2091E6	
1249	-6.7154E-1	1.7550E2	1.6457E0	2.2113E6	
1250	-6.7123E-1	1.7595E2	1.6514E0	2.2136E6	
1251	-6.7001E-1	1.7776E2	1.6572E0	2.2158E6	
1252	-6.6917E-1	1.7901E2	1.6630E0	2.2180E6	
1253	-6.7238E-1	1.7425E2	1.6687E0	2.2202E6	
1254	-6.7200E-1	1.7482E2	1.6745E0	2.2224E6	
1255	-6.7375E-1	1.7222E2	1.6803E0	2.2247E6	
1256	-6.7093E-1	1.7641E2	1.6860E0	2.2269E6	
1257	-6.7093E-1	1.7641E2	1.6918E0	2.2291E6	
1258	-6.7085E-1	1.7652E2	1.6977E0	2.2313E6	
1259	-6.7314E-1	1.7312E2	1.7034E0	2.2335E6	
1260	-6.7123E-1	1.7595E2	1.7092E0	2.2358E6	
1261	-6.7451E-1	1.7108E2	1.7150E0	2.2380E6	
1262	-6.7390E-1	1.7199E2	1.7208E0	2.2402E6	
1263	-6.7383E-1	1.7210E2	1.7266E0	2.2424E6	
1264	-6.7406E-1	1.7176E2	1.7324E0	2.2446E6	
1265	-6.7429E-1	1.7142E2	1.7382E0	2.2469E6	
1266	-6.7383E-1	1.7210E2	1.7440E0	2.2491E6	
1267	-6.7390E-1	1.7199E2	1.7500E0	2.2513E6	
1268	-6.7612E-1	1.6871E2	1.7557E0	2.2535E6	
1269	-6.7513E-1	1.7018E2	1.7616E0	2.2557E6	
1270	-6.7589E-1	1.6905E2	1.7674E0	2.2580E6	
1271	-6.7451E-1	1.7108E2	1.7732E0	2.2602E6	
1272	-6.7337E-1	1.7278E2	1.7791E0	2.2624E6	
1273	-6.7757E-1	1.6656E2	1.7850E0	2.2646E6	
1274	-6.7635E-1	1.6837E2	1.7908E0	2.2668E6	
1275	-6.7650E-1	1.6814E2	1.7967E0	2.2691E6	
1276	-6.7680E-1	1.6769E2	1.8025E0	2.2713E6	
1277	-6.7703E-1	1.6735E2	1.8084E0	2.2735E6	
1278	-6.7604E-1	1.6882E2	1.8143E0	2.2757E6	
1279	-6.7657E-1	1.6803E2	1.8201E0	2.2779E6	
1280	-6.7520E-1	1.7007E2	1.8259E0	2.2802E6	
1281	-6.7955E-1	1.6361E2	1.8319E0	2.2824E6	
1282	-6.7940E-1	1.6384E2	1.8377E0	2.2846E6	
1283	-6.7680E-1	1.6769E2	1.8436E0	2.2868E6	
1284	-6.7764E-1	1.6644E2	1.8495E0	2.2890E6	
1285	-6.7795E-1	1.6599E2	1.8554E0	2.2913E6	
1286	-6.7825E-1	1.6554E2	1.8614E0	2.2935E6	
1287	-6.8001E-1	1.6293E2	1.8673E0	2.2957E6	
1288	-6.8085E-1	1.6169E2	1.8733E0	2.2979E6	
1289	-6.7741E-1	1.6678E2	1.8792E0	2.3001E6	
1290	-6.7940E-1	1.6384E2	1.8850E0	2.3024E6	
1291	-6.7940E-1	1.6384E2	1.8910E0	2.3046E6	
1292	-6.8069E-1	1.6191E2	1.8969E0	2.3068E6	
1293	-6.8108E-1	1.6135E2	1.9028E0	2.3090E6	
1294	-6.7902E-1	1.6440E2	1.9088E0	2.3112E6	
1295	-6.7841E-1	1.6531E2	1.9148E0	2.3135E6	
1296	-6.7978E-1	1.6327E2	1.9209E0	2.3157E6	
1297	-6.8062E-1	1.6203E2	1.9267E0	2.3179E6	
1298	-6.8176E-1	1.6033E2	1.9327E0	2.3201E6	
1299	-6.8184E-1	1.6021E2	1.9387E0	2.3223E6	
1300	-6.7940E-1	1.6384E2	1.9446E0	2.3246E6	
1301	-6.8039E-1	1.6237E2	1.9506E0	2.3268E6	
1302	-6.7978E-1	1.6327E2	1.9565E0	2.3290E6	
1303	-6.8214E-1	1.5976E2	1.9626E0	2.3312E6	
1304	-6.7894E-1	1.6452E2	1.9686E0	2.3334E6	
1305	-6.8077E-1	1.6180E2	1.9747E0	2.3357E6	
1306	-6.8123E-1	1.6112E2	1.9806E0	2.3379E6	
1307	-6.8260E-1	1.5908E2	1.9865E0	2.3401E6	
1308	-6.8077E-1	1.6180E2	1.9925E0	2.3423E6	
1309	-6.8062E-1	1.6203E2	1.9986E0	2.3445E6	
1310	-6.8031E-1	1.6248E2	2.0046E0	2.3468E6	
1311	-6.8352E-1	1.5772E2	2.0106E0	2.3490E6	
1312	-6.8085E-1	1.6169E2	2.0166E0	2.3512E6	
1313	-6.8100E-1	1.6146E2	2.0226E0	2.3534E6	
1314	-6.7917E-1	1.6418E2	2.0287E0	2.3556E6	
1315	-6.8192E-1	1.6010E2	2.0346E0	2.3579E6	
1316	-6.8192E-1	1.6010E2	2.0408E0	2.3601E6	
1317	-6.8253E-1	1.5920E2	2.0468E0	2.3623E6	
1318	-6.8069E-1	1.6191E2	2.0528E0	2.3645E6	
1319	-6.8230E-1	1.5954E2	2.0589E0	2.3667E6	
1320	-6.8207E-1	1.5987E2	2.0650E0	2.3690E6	
1321	-6.8062E-1	1.6203E2	2.0710E0	2.3712E6	
1322	-6.8138E-1	1.6089E2	2.0771E0	2.3734E6	
1323	-6.8375E-1	1.5738E2	2.0832E0	2.3756E6	
1324	-6.8321E-1	1.5818E2	2.0893E0	2.3778E6	
1325	-6.8298E-1	1.5852E2	2.0954E0	2.3801E6	
1326	-6.8390E-1	1.5716E2	2.1014E0	2.3823E6	
1327	-6.8321E-1	1.5818E2	2.1074E0	2.3845E6	
1328	-6.8527E-1	1.5512E2	2.1137E0	2.3867E6	
1329	-6.8489E-1	1.5569E2	2.1197E0	2.3889E6	
1330	-6.8550E-1	1.5478E2	2.1259E0	2.3912E6	
1331	-6.8596E-1	1.5410E2	2.1320E0	2.3934E6	
1332	-6.8420E-1	1.5670E2	2.1381E0	2.3956E6	
1333	-6.8466E-1	1.5603E2	2.1442E0	2.3978E6	
1334	-6.8634E-1	1.5353E2	2.1504E0	2.4000E6	
1335	-6.8298E-1	1.5852E2	2.1564E0	2.4023E6	
1336	-6.8687E-1	1.5274E2	2.1626E0	2.4045E6	
1337	-6.8459E-1	1.5614E2	2.1687E0	2.4067E6	
1338	-6.8497E-1	1.5557E2	2.1749E0	2.4089E6	
1339	-6.8924E-1	1.4923E2	2.1811E0	2.4111E6	
1340	-6.8741E-1	1.5195E2	2.1872E0	2.4134E6	
1341	-6.8863E-1	1.5014E2	2.1934E0	2.4156E6	
1342	-6.8962E-1	1.4867E2	2.1996E0	2.4178E6	
1343	-6.8649E-1	1.5331E2	2.2057E0	2.4200E6	
1344	-6.9054E-1	1.4731E2	2.2119E0	2.4222E6	
1345	-6.8840E-1	1.5048E2	2.2181E0	2.4245E6	
1346	-6.8886E-1	1.4980E2	2.2242E0	2.4267E6	
1347	-6.8794E-1	1.5116E2	2.2305E0	2.4289E6	
1348	-6.8916E-1	1.4934E2	2.2367E0	2.4311E6	
1349	-6.8810E-1	1.5093E2	2.2429E0	2.4333E6	
1350	-6.8817E-1	1.5082E2	2.2490E0	2.4356E6	
1351	-6.9069E-1	1.4708E2	2.2553E0	2.4378E6	
1352	-6.8932E-1	1.4912E2	2.2615E0	2.4400E6	
1353	-6.8962E-1	1.4867E2	2.2678E0	2.4422E6	
1354	-6.9016E-1	1.4787E2	2.2739E0	2.4444E6	
1355	-6.9534E-1	1.4017E2	2.2802E0	2.4467E6	
1356	-6.9382E-1	1.4244E2	2.2863E0	2.4489E6	
1357	-6.9267E-1	1.4414E2	2.2927E0	2.4511E6	
1358	-6.9290E-1	1.4380E2	2.2988E0	2.4533E6	
1359	-6.9359E-1	1.4278E2	2.3051E0	2.4555E6	
1360	-6.9351E-1	1.4289E2	2.3114E0	2.4578E6	
1361	-6.9077E-1	1.4697E2	2.3176E0	2.4600E6	
1362	-6.9206E-1	1.4504E2	2.3239E0	2.4622E6	
1363	-6.9191E-1	1.4527E2	2.3302E0	2.4644E6	
1364	-6.9328E-1	1.4323E2	2.3365E0	2.4666E6	
1365	-6.9252E-1	1.4436E2	2.3427E0	2.4689E6	
1366	-6.9473E-1	1.4108E2	2.3490E0	2.4711E6	
1367	-6.9138E-1	1.4606E2	2.3553E0	2.4733E6	
1368	-6.9244E-1	1.4448E2	2.3616E0	2.4755E6	
1369	-6.9382E-1	1.4244E2	2.3679E0	2.4777E6	
1370	-6.9412E-1	1.4199E2	2.3741E0	2.4800E6	
1371	-6.9313E-1	1.4346E2	2.3804E0	2.4822E6	
1372	-6.9458E-1	1.4131E2	2.3868E0	2.4844E6	
1373	-6.9321E-1	1.4334E2	2.3930E0	2.4866E6	
1374	-6.9344E-1	1.4300E2	2.3994E0	2.4888E6	
1375	-6.9168E-1	1.4561E2	2.4057E0	2.4911E6	
1376	-6.9313E-1	1.4346E2	2.4120E0	2.4933E6	
1377	-6.9313E-1	1.4346E2	2.4184E0	2.4955E6	
1378	-6.9550E-1	1.3995E2	2.4247E0	2.4977E6	
1379	-6.9290E-1	1.4380E2	2.4310E0	2.4999E6	
1380	-6.9633E-1	1.3870E2	2.4374E0	2.5022E6	
1381	-6.9466E-1	1.4119E2	2.4437E0	2.5044E6	
1382	-6.9420E-1	1.4187E2	2.4500E0	2.5066E6	
1383	-6.9504E-1	1.4063E2	2.4564E0	2.5088E6	
1384	-6.9572E-1	1.3961E2	2.4627E0	2.5110E6	
1385	-6.9740E-1	1.3712E2	2.4692E0	2.5133E6	
1386	-6.9458E-1	1.4131E2	2.4756E0	2.5155E6	
1387	-6.9473E-1	1.4108E2	2.4820E0	2.5177E6	
1388	-6.9519E-1	1.4040E2	2.4882E0	2.5199E6	
1389	-6.9855E-1	1.3542E2	2.4948E0	2.5221E6	
1390	-6.9550E-1	1.3995E2	2.5011E0	2.5244E6	
1391	-6.9595E-1	1.3927E2	2.5074E0	2.5266E6	
1392	-6.9633E-1	1.3870E2	2.5139E0	2.5288E6	
1393	-6.9809E-1	1.3610E2	2.5202E0	2.5310E6	
1394	-6.9595E-1	1.3927E2	2.5266E0	2.5332E6	
1395	-6.9504E-1	1.4063E2	2.5330E0	2.5355E6	
1396	-6.9870E-1	1.3519E2	2.5394E0	2.5377E6	
1397	-6.9481E-1	1.4097E2	2.5460E0	2.5399E6	
1398	-6.9733E-1	1.3723E2	2.5523E0	2.5421E6	
1399	-6.9733E-1	1.3723E2	2.5587E0	2.5443E6	
1400	-6.9801E-1	1.3621E2	2.5652E0	2.5466E6	
1401	-6.9946E-1	1.3406E2	2.5717E0	2.5488E6	
1402	-6.9870E-1	1.3519E2	2.5780E0	2.5510E6	
1403	-6.9557E-1	1.3983E2	2.5845E0	2.5532E6	
1404	-6.9992E-1	1.3338E2	2.5910E0	2.5554E6	
1405	-6.9809E-1	1.3610E2	2.5974E0	2.5577E6	
1406	-6.9885E-1	1.3497E2	2.6037E0	2.5599E6	
1407	-6.9939E-1	1.3417E2	2.6104E0	2.5621E6	
1408	-7.0000E-1	1.3327E2	2.6168E0	2.5643E6	
1409	-6.9984E-1	1.3349E2	2.6232E0	2.5665E6	
1410	-7.0152E-1	1.3100E2	2.6297E0	2.5688E6	
1411	-6.9939E-1	1.3417E2	2.6362E0	2.5710E6	
1412	-7.0229E-1	1.2987E2	2.6427E0	2.5732E6	
1413	-7.0107E-1	1.3168E2	2.6491E0	2.5754E6	
1414	-7.0198E-1	1.3032E2	2.6556E0	2.5776E6	
1415	-7.0320E-1	1.2851E2	2.6621E0	2.5799E6	
1416	-6.9969E-1	1.3372E2	2.6686E0	2.5821E6	
1417	-7.0244E-1	1.2964E2	2.6752E0	2.5843E6	
1418	-7.0282E-1	1.2908E2	2.6817E0	2.5865E6	
1419	-7.0274E-1	1.2919E2	2.6882E0	2.5887E6	
1420	-7.0465E-1	1.2636E2	2.6946E0	2.5910E6	
1421	-7.0290E-1	1.2896E2	2.7012E0	2.5932E6	
1422	-7.0641E-1	1.2376E2	2.7078E0	2.5954E6	
1423	-7.0473E-1	1.2625E2	2.7144E0	2.5976E6	
1424	-7.0602E-1	1.2432E2	2.7208E0	2.5998E6	
1425	-7.0511E-1	1.2568E2	2.7273E0	2.6021E6	
1426	-7.0541E-1	1.2523E2	2.7338E0	2.6043E6	
1427	-7.0610E-1	1.2421E2	2.7404E0	2.6065E6	
1428	-7.0442E-1	1.2670E2	2.7470E0	2.6087E6	
1429	-7.0633E-1	1.2387E2	2.7536E0	2.6109E6	
1430	-7.0580E-1	1.2466E2	2.7601E0	2.6132E6	
1431	-7.0656E-1	1.2353E2	2.7666E0	2.6154E6	
1432	-7.0625E-1	1.2398E2	2.7732E0	2.6176E6	
1433	-7.0503E-1	1.2579E2	2.7798E0	2.6198E6	
1434	-7.0488E-1	1.2602E2	2.7865E0	2.6220E6	
1435	-7.0679E-1	1.2319E2	2.7929E0	2.6243E6	
1436	-7.0801E-1	1.2138E2	2.7994E0	2.6265E6	
1437	-7.0824E-1	1.2104E2	2.8062E0	2.6287E6	
1438	-7.0793E-1	1.2149E2	2.8127E0	2.6309E6	
1439	-7.0770E-1	1.2183E2	2.8192E0	2.6331E6	
1440	-7.0816E-1	1.2115E2	2.8259E0	2.6354E6	
1441	-7.0885E-1	1.2013E2	2.8324E0	2.6376E6	
1442	-7.0763E-1	1.2194E2	2.8392E0	2.6398E6	
1443	-7.0923E-1	1.1957E2	2.8457E0	2.6420E6	
1444	-7.0892E-1	1.2002E2	2.8523E0	2.6442E6	
1445	-7.0793E-1	1.2149E2	2.8590E0	2.6465E6	
1446	-7.0992E-1	1.1855E2	2.8656E0	2.6487E6	
1447	-7.0793E-1	1.2149E2	2.8723E0	2.6509E6	
1448	-7.0816E-1	1.2115E2	2.8789E0	2.6531E6	
1449	-7.0877E-1	1.2025E2	2.8855E0	2.6553E6	
1450	-7.0877E-1	1.2025E2	2.8922E0	2.6576E6	
1451	-7.0709E-1	1.2274E2	2.8987E0	2.6598E6	
1452	-7.0976E-1	1.1877E2	2.9054E0	2.6620E6	
1453	-7.1175E-1	1.1583E2	2.9120E0	2.6642E6	
1454	-7.1129E-1	1.1651E2	2.9188E0	2.6664E6	
1455	-7.0915E-1	1.1968E2	2.9254E0	2.6687E6	
1456	-7.1190E-1	1.1560E2	2.9320E0	2.6709E6	
1457	-7.1060E-1	1.1753E2	2.9387E0	2.6731E6	
1458	-7.1121E-1	1.1662E2	2.9454E0	2.6753E6	
1459	-7.1220E-1	1.1515E2	2.9521E0	2.6775E6	
1460	-7.1243E-1	1.1481E2	2.9589E0	2.6798E6	
1461	-7.0923E-1	1.1957E2	2.9656E0	2.6820E6	
1462	-7.1243E-1	1.1481E2	2.9722E0	2.6842E6	
1463	-7.0976E-1	1.1877E2	2.9788E0	2.6864E6	
1464	-7.1167E-1	1.1594E2	2.9856E0	2.6886E6	
1465	-7.1075E-1	1.1730E2	2.9923E0	2.6909E6	
1466	-7.1388E-1	1.1266E2	2.9990E0	2.6931E6	
1467	-7.1075E-1	1.1730E2	3.0057E0	2.6953E6	
1468	-7.1312E-1	1.1379E2	3.0124E0	2.6975E6	
1469	-7.1182E-1	1.1572E2	3.0191E0	2.6997E6	
1470	-7.1198E-1	1.1549E2	3.0258E0	2.7020E6	
1471	-7.1457E-1	1.1164E2	3.0325E0	2.7042E6	
1472	-7.1259E-1	1.1458E2	3.0393E0	2.7064E6	
1473	-7.1388E-1	1.1266E2	3.0461E0	2.7086E6	
1474	-7.1404E-1	1.1243E2	3.0527E0	2.7108E6	
1475	-7.1281E-1	1.1424E2	3.0595E0	2.7131E6	
1476	-7.1266E-1	1.1447E2	3.0662E0	2.7153E6	
1477	-7.1465E-1	1.1153E2	3.0730E0	2.7175E6	
1478	-7.1548E-1	1.1028E2	3.0798E0	2.7197E6	
1479	-7.1640E-1	1.0892E2	3.0865E0	2.7219E6	
1480	-7.1304E-1	1.1391E2	3.0933E0	2.7242E6	
1481	-7.1686E-1	1.0824E2	3.1000E0	2.7264E6	
1482	-7.1609E-1	1.0938E2	3.1068E0	2.7286E6	
1483	-7.1533E-1	1.1051E2	3.1135E0	2.7308E6	
1484	-7.1640E-1	1.0892E2	3.1203E0	2.7330E6	
1485	-7.1678E-1	1.0836E2	3.1271E0	2.7353E6	
1486	-7.1617E-1	1.0926E2	3.1339E0	2.7375E6	
1487	-7.1617E-1	1.0926E2	3.1407E0	2.7397E6	
1488	-7.1732E-1	1.0756E2	3.1475E0	2.7419E6	
1489	-7.1747E-1	1.0734E2	3.1542E0	2.7441E6	
1490	-7.1800E-1	1.0655E2	3.1611E0	2.7464E6	
1491	-7.1915E-1	1.0485E2	3.1678E0	2.7486E6	
1492	-7.1747E-1	1.0734E2	3.1747E0	2.7508E6	
1493	-7.2006E-1	1.0349E2	3.1815E0	2.7530E6	
1494	-7.1960E-1	1.0417E2	3.1883E0	2.7552E6	
1495	-7.1953E-1	1.0428E2	3.1951E0	2.7575E6	
1496	-7.1938E-1	1.0451E2	3.2019E0	2.7597E6	
1497	-7.2075E-1	1.0247E2	3.2088E0	2.7619E6	
1498	-7.1999E-1	1.0360E2	3.2156E0	2.7641E6	
1499	-7.1800E-1	1.0655E2	3.2224E0	2.7663E6	
1500	-7.2090E-1	1.0224E2	3.2293E0	2.7686E6	
1501	-7.2075E-1	1.0247E2	3.2361E0	2.7708E6	
1502	-7.2105E-1	1.0202E2	3.2430E0	2.7730E6	
1503	-7.1938E-1	1.0451E2	3.2498E0	2.7752E6	
1504	-7.2250E-1	9.9865E1	3.2567E0	2.7774E6	
1505	-7.1945E-1	1.0439E2	3.2636E0	2.7797E6	
1506	-7.2304E-1	9.9073E1	3.2704E0	2.7819E6	
1507	-7.2243E-1	9.9978E1	3.2772E0	2.7841E6	
1508	-7.2128E-1	1.0168E2	3.2841E0	2.7863E6	
1509	-7.2006E-1	1.0349E2	3.2910E0	2.7885E6	
1510	-7.2227E-1	1.0020E2	3.2979E0	2.7908E6	
1511	-7.2113E-1	1.0190E2	3.3047E0	2.7930E6	
1512	-7.2166E-1	1.0111E2	3.3116E0	2.7952E6	
1513	-7.2037E-1	1.0304E2	3.3185E0	2.7974E6	
1514	-7.2220E-1	1.0032E2	3.3254E0	2.7996E6	
1515	-7.2220E-1	1.0032E2	3.3323E0	2.8019E6	
1516	-7.2090E-1	1.0224E2	3.3392E0	2.8041E6	
1517	-7.2205E-1	1.0054E2	3.3462E0	2.8063E6	
1518	-7.2182E-1	1.0088E2	3.3530E0	2.8085E6	
1519	-7.2479E-1	9.6468E1	3.3599E0	2.8107E6	
1520	-7.2197E-1	1.0066E2	3.3668E0	2.8130E6	
1521	-7.2166E-1	1.0111E2	3.3738E0	2.8152E6	
1522	-7.2464E-1	9.6695E1	3.3808E0	2.8174E6	
1523	-7.2319E-1	9.8846E1	3.3876E0	2.8196E6	
1524	-7.2487E-1	9.6355E1	3.3946E0	2.8218E6	
1525	-7.2731E-1	9.2732E1	3.4015E0	2.8241E6	
1526	-7.2517E-1	9.5902E1	3.4085E0	2.8263E6	
1527	-7.2395E-1	9.7714E1	3.4154E0	2.8285E6	
1528	-7.2441E-1	9.7035E1	3.4223E0	2.8307E6	
1529	-7.2472E-1	9.6582E1	3.4292E0	2.8329E6	
1530	-7.2639E-1	9.4091E1	3.4361E0	2.8352E6	
1531	-7.2586E-1	9.4883E1	3.4431E0	2.8374E6	
1532	-7.2533E-1	9.5676E1	3.4501E0	2.8396E6	
1533	-7.2449E-1	9.6921E1	3.4570E0	2.8418E6	
1534	-7.2662E-1	9.3751E1	3.4640E0	2.8440E6	
1535	-7.2731E-1	9.2732E1	3.4710E0	2.8463E6	
1536	-7.2693E-1	9.3298E1	3.4779E0	2.8485E6	
1537	-7.2777E-1	9.2053E1	3.4849E0	2.8507E6	
1538	-7.2853E-1	9.0920E1	3.4919E0	2.8529E6	
1539	-7.2754E-1	9.2392E1	3.4989E0	2.8551E6	
1540	-7.2861E-1	9.0807E1	3.5059E0	2.8574E6	
1541	-7.2784E-1	9.1939E1	3.5129E0	2.8596E6	
1542	-7.2968E-1	8.9222E1	3.5198E0	2.8618E6	
1543	-7.2937E-1	8.9675E1	3.5268E0	2.8640E6	
1544	-7.2823E-1	9.1373E1	3.5338E0	2.8662E6	
1545	-7.2937E-1	8.9675E1	3.5408E0	2.8685E6	
1546	-7.3021E-1	8.8429E1	3.5479E0	2.8707E6	
1547	-7.2624E-1	9.4317E1	3.5549E0	2.8729E6	
1548	-7.3059E-1	8.7863E1	3.5618E0	2.8751E6	
1549	-7.3105E-1	8.7184E1	3.5690E0	2.8773E6	
1550	-7.2975E-1	8.9109E1	3.5759E0	2.8796E6	
1551	-7.3250E-1	8.5033E1	3.5829E0	2.8818E6	
1552	-7.3387E-1	8.2995E1	3.5899E0	2.8840E6	
1553	-7.3380E-1	8.3108E1	3.5970E0	2.8862E6	
1554	-7.3174E-1	8.6165E1	3.6040E0	2.8884E6	
1555	-7.3334E-1	8.3787E1	3.6111E0	2.8907E6	
1556	-7.3357E-1	8.3447E1	3.6182E0	2.8929E6	
1557	-7.3250E-1	8.5033E1	3.6253E0	2.8951E6	
1558	-7.3303E-1	8.4240E1	3.6323E0	2.8973E6	
1559	-7.3387E-1	8.2995E1	3.6393E0	2.8995E6	
1560	-7.3242E-1	8.5146E1	3.6464E0	2.9018E6	
1561	-7.3204E-1	8.5712E1	3.6534E0	2.9040E6	
1562	-7.3303E-1	8.4240E1	3.6605E0	2.9062E6	
1563	-7.3471E-1	8.1749E1	3.6676E0	2.9084E6	
1564	-7.3441E-1	8.2202E1	3.6747E0	2.9106E6	
1565	-7.3524E-1	8.0956E1	3.6817E0	2.9129E6	
1566	-7.3364E-1	8.3334E1	3.6888E0	2.9151E6	
1567	-7.3387E-1	8.2995E1	3.6958E0	2.9173E6	
1568	-7.3517E-1	8.1070E1	3.7029E0	2.9195E6	
1569	-7.3540E-1	8.0730E1	3.7101E0	2.9217E6	
1570	-7.3441E-1	8.2202E1	3.7172E0	2.9240E6	
1571	-7.3608E-1	7.9711E1	3.7243E0	2.9262E6	
1572	-7.3540E-1	8.0730E1	3.7313E0	2.9284E6	
1573	-7.3639E-1	7.9258E1	3.7385E0	2.9306E6	
1574	-7.3555E-1	8.0504E1	3.7455E0	2.9328E6	
1575	-7.3387E-1	8.2995E1	3.7527E0	2.9351E6	
1576	-7.3692E-1	7.8465E1	3.7598E0	2.9373E6	
1577	-7.3486E-1	8.1523E1	3.7670E0	2.9395E6	
1578	-7.3845E-1	7.6201E1	3.7740E0	2.9417E6	
1579	-7.3730E-1	7.7899E1	3.7811E0	2.9439E6	
1580	-7.3792E-1	7.6994E1	3.7883E0	2.9462E6	
1581	-7.3746E-1	7.7673E1	3.7954E0	2.9484E6	
1582	-7.3792E-1	7.6994E1	3.8026E0	2.9506E6	
1583	-7.3845E-1	7.6201E1	3.8097E0	2.9528E6	
1584	-7.3746E-1	7.7673E1	3.8169E0	2.9550E6	
1585	-7.3723E-1	7.8013E1	3.8239E0	2.9573E6	
1586	-7.3822E-1	7.6541E1	3.8312E0	2.9595E6	
1587	-7.3814E-1	7.6654E1	3.8383E0	2.9617E6	
1588	-7.3730E-1	7.7899E1	3.8454E0	2.9639E6	
1589	-7.3746E-1	7.7673E1	3.8526E0	2.9661E6	
1590	-7.3792E-1	7.6994E1	3.8598E0	2.9684E6	
1591	-7.3830E-1	7.6427E1	3.8669E0	2.9706E6	
1592	-7.3784E-1	7.7107E1	3.8741E0	2.9728E6	
1593	-7.3563E-1	8.0390E1	3.8813E0	2.9750E6	
1594	-7.3807E-1	7.6767E1	3.8884E0	2.9772E6	
1595	-7.4181E-1	7.1219E1	3.8957E0	2.9795E6	
1596	-7.3761E-1	7.7446E1	3.9028E0	2.9817E6	
1597	-7.4196E-1	7.0993E1	3.9100E0	2.9839E6	
1598	-7.4272E-1	6.9860E1	3.9172E0	2.9861E6	
1599	-7.4051E-1	7.3144E1	3.9244E0	2.9883E6	
1600	-7.3936E-1	7.4842E1	3.9315E0	2.9906E6	
1601	-7.4074E-1	7.2804E1	3.9389E0	2.9928E6	
1602	-7.4120E-1	7.2125E1	3.9459E0	2.9950E6	
1603	-7.3967E-1	7.4389E1	3.9531E0	2.9972E6	
1604	-7.4135E-1	7.1898E1	3.9603E0	2.9994E6	
1605	-7.4402E-1	6.7936E1	3.9675E0	3.0017E6	
1606	-7.4203E-1	7.0879E1	3.9749E0	3.0039E6	
1607	-7.4387E-1	6.8162E1	3.9821E0	3.0061E6	
1608	-7.4318E-1	6.9181E1	3.9893E0	3.0083E6	
1609	-7.4471E-1	6.6916E1	3.9964E0	3.0105E6	
1610	-7.4684E-1	6.3746E1	4.0037E0	3.0128E6	
1611	-7.4677E-1	6.3859E1	4.0109E0	3.0150E6	
1612	-7.4554E-1	6.5671E1	4.0182E0	3.0172E6	
1613	-7.4554E-1	6.5671E1	4.0254E0	3.0194E6	
1614	-7.4440E-1	6.7369E1	4.0326E0	3.0216E6	
1615	-7.4432E-1	6.7483E1	4.0399E0	3.0239E6	
1616	-7.4577E-1	6.5331E1	4.0471E0	3.0261E6	
1617	-7.4471E-1	6.6916E1	4.0545E0	3.0283E6	
1618	-7.4684E-1	6.3746E1	4.0617E0	3.0305E6	
1619	-7.4921E-1	6.0236E1	4.0688E0	3.0327E6	
1620	-7.4654E-1	6.4199E1	4.0762E0	3.0350E6	
1621	-7.4715E-1	6.3293E1	4.0833E0	3.0372E6	
1622	-7.4760E-1	6.2614E1	4.0908E0	3.0394E6	
1623	-7.5089E-1	5.7745E1	4.0979E0	3.0416E6	
1624	-7.4852E-1	6.1255E1	4.1053E0	3.0438E6	
1625	-7.4776E-1	6.2387E1	4.1124E0	3.0461E6	
1626	-7.4738E-1	6.2954E1	4.1198E0	3.0483E6	
1627	-7.4738E-1	6.2954E1	4.1270E0	3.0505E6	
1628	-7.4814E-1	6.1821E1	4.1343E0	3.0527E6	
1629	-7.5066E-1	5.8085E1	4.1417E0	3.0549E6	
1630	-7.4722E-1	6.3180E1	4.1490E0	3.0572E6	
1631	-7.4936E-1	6.0010E1	4.1563E0	3.0594E6	
1632	-7.4585E-1	6.5218E1	4.1636E0	3.0616E6	
1633	-7.5027E-1	5.8651E1	4.1708E0	3.0638E6	
1634	-7.5035E-1	5.8538E1	4.1783E0	3.0660E6	
1635	-7.5027E-1	5.8651E1	4.1855E0	3.0683E6	
1636	-7.5012E-1	5.8877E1	4.1929E0	3.0705E6	
1637	-7.4890E-1	6.0689E1	4.2000E0	3.0727E6	
1638	-7.5249E-1	5.5367E1	4.2074E0	3.0749E6	
1639	-7.5066E-1	5.8085E1	4.2148E0	3.0771E6	
1640	-7.5172E-1	5.6500E1	4.2221E0	3.0794E6	
1641	-7.4997E-1	5.9104E1	4.2294E0	3.0816E6	
1642	-7.4928E-1	6.0123E1	4.2368E0	3.0838E6	
1643	-7.5089E-1	5.7745E1	4.2441E0	3.0860E6	
1644	-7.5104E-1	5.7519E1	4.2514E0	3.0882E6	
1645	-7.5058E-1	5.8198E1	4.2588E0	3.0905E6	
1646	-7.5302E-1	5.4575E1	4.2661E0	3.0927E6	
1647	-7.5531E-1	5.1178E1	4.2736E0	3.0949E6	
1648	-7.4852E-1	6.1255E1	4.2808E0	3.0971E6	
1649	-7.5180E-1	5.6386E1	4.2882E0	3.0993E6	
1650	-7.5447E-1	5.2424E1	4.2955E0	3.1016E6	
1651	-7.5211E-1	5.5934E1	4.3030E0	3.1038E6	
1652	-7.5249E-1	5.5367E1	4.3102E0	3.1060E6	
1653	-7.5226E-1	5.5707E1	4.3177E0	3.1082E6	
1654	-7.5432E-1	5.2650E1	4.3249E0	3.1104E6	
1655	-7.5493E-1	5.1744E1	4.3324E0	3.1127E6	
1656	-7.5539E-1	5.1065E1	4.3398E0	3.1149E6	
1657	-7.5508E-1	5.1518E1	4.3470E0	3.1171E6	
1658	-7.5508E-1	5.1518E1	4.3545E0	3.1193E6	
1659	-7.5600E-1	5.0159E1	4.3618E0	3.1215E6	
1660	-7.5615E-1	4.9933E1	4.3693E0	3.1238E6	
1661	-7.5554E-1	5.0838E1	4.3766E0	3.1260E6	
1662	-7.5577E-1	5.0499E1	4.3841E0	3.1282E6	
1663	-7.5676E-1	4.9027E1	4.3914E0	3.1304E6	
1664	-7.5592E-1	5.0272E1	4.3988E0	3.1326E6	
1665	-7.5531E-1	5.1178E1	4.4062E0	3.1349E6	
1666	-7.5546E-1	5.0952E1	4.4137E0	3.1371E6	
1667	-7.5783E-1	4.7442E1	4.4210E0	3.1393E6	
1668	-7.5600E-1	5.0159E1	4.4283E0	3.1415E6	
1669	-7.5851E-1	4.6423E1	4.4359E0	3.1437E6	
1670	-7.5905E-1	4.5630E1	4.4433E0	3.1460E6	
1671	-7.5661E-1	4.9253E1	4.4506E0	3.1482E6	
1672	-7.5974E-1	4.4611E1	4.4580E0	3.1504E6	
1673	-7.6065E-1	4.3252E1	4.4655E0	3.1526E6	
1674	-7.5951E-1	4.4951E1	4.4729E0	3.1548E6	
1675	-7.6118E-1	4.2460E1	4.4803E0	3.1571E6	
1676	-7.6149E-1	4.2007E1	4.4878E0	3.1593E6	
1677	-7.6035E-1	4.3705E1	4.4951E0	3.1615E6	
1678	-7.5920E-1	4.5404E1	4.5026E0	3.1637E6	
1679	-7.6111E-1	4.2573E1	4.5100E0	3.1659E6	
1680	-7.6233E-1	4.0761E1	4.5174E0	3.1682E6	
1681	-7.6065E-1	4.3252E1	4.5249E0	3.1704E6	
1682	-7.6180E-1	4.1554E1	4.5323E0	3.1726E6	
1683	-7.6370E-1	3.8723E1	4.5397E0	3.1748E6	
1684	-7.6256E-1	4.0422E1	4.5472E0	3.1770E6	
1685	-7.6187E-1	4.1441E1	4.5546E0	3.1793E6	
1686	-7.6195E-1	4.1327E1	4.5621E0	3.1815E6	
1687	-7.6218E-1	4.0988E1	4.5695E0	3.1837E6	
1688	-7.6347E-1	3.9063E1	4.5769E0	3.1859E6	
1689	-7.6286E-1	3.9969E1	4.5844E0	3.1881E6	
1690	-7.6263E-1	4.0308E1	4.5918E0	3.1904E6	
1691	-7.6126E-1	4.2346E1	4.5993E0	3.1926E6	
1692	-7.6347E-1	3.9063E1	4.6068E0	3.1948E6	
1693	-7.6172E-1	4.1667E1	4.6143E0	3.1970E6	
1694	-7.6431E-1	3.7817E1	4.6216E0	3.1992E6	
1695	-7.6263E-1	4.0308E1	4.6291E0	3.2015E6	
1696	-7.6126E-1	4.2346E1	4.6365E0	3.2037E6	
1697	-7.6599E-1	3.5326E1	4.6440E0	3.2059E6	
1698	-7.6263E-1	4.0308E1	4.6515E0	3.2081E6	
1699	-7.6561E-1	3.5893E1	4.6590E0	3.2103E6	
1700	-7.6637E-1	3.4760E1	4.6665E0	3.2126E6	
1701	-7.6668E-1	3.4307E1	4.6738E0	3.2148E6	
1702	-7.6630E-1	3.4874E1	4.6813E0	3.2170E6	
1703	-7.6492E-1	3.6912E1	4.6888E0	3.2192E6	
1704	-7.6607E-1	3.5213E1	4.6963E0	3.2214E6	
1705	-7.6622E-1	3.4987E1	4.7038E0	3.2237E6	
1706	-7.6309E-1	3.9629E1	4.7112E0	3.2259E6	
1707	-7.6729E-1	3.3402E1	4.7187E0	3.2281E6	
1708	-7.6744E-1	3.3175E1	4.7262E0	3.2303E6	
1709	-7.6866E-1	3.1364E1	4.7337E0	3.2325E6	
1710	-7.6523E-1	3.6459E1	4.7411E0	3.2348E6	
1711	-7.6698E-1	3.3855E1	4.7486E0	3.2370E6	
1712	-7.6828E-1	3.1930E1	4.7561E0	3.2392E6	
1713	-7.6637E-1	3.4760E1	4.7636E0	3.2414E6	
1714	-7.6653E-1	3.4534E1	4.7710E0	3.2436E6	
1715	-7.6851E-1	3.1590E1	4.7785E0	3.2459E6	
1716	-7.6721E-1	3.3515E1	4.7860E0	3.2481E6	
1717	-7.6790E-1	3.2496E1	4.7935E0	3.2503E6	
1718	-7.6897E-1	3.0911E1	4.8011E0	3.2525E6	
1719	-7.6851E-1	3.1590E1	4.8085E0	3.2547E6	
1720	-7.6805E-1	3.2269E1	4.8161E0	3.2570E6	
1721	-7.6958E-1	3.0005E1	4.8235E0	3.2592E6	
1722	-7.6813E-1	3.2156E1	4.8310E0	3.2614E6	
1723	-7.7003E-1	2.9326E1	4.8385E0	3.2636E6	
1724	-7.7179E-1	2.6721E1	4.8461E0	3.2658E6	
1725	-7.6767E-1	3.2836E1	4.8535E0	3.2681E6	
1726	-7.6874E-1	3.1250E1	4.8610E0	3.2703E6	
1727	-7.7034E-1	2.8873E1	4.8686E0	3.2725E6	
1728	-7.7110E-1	2.7740E1	4.8760E0	3.2747E6	
1729	-7.7187E-1	2.6608E1	4.8836E0	3.2769E6	
1730	-7.7393E-1	2.3551E1	4.8911E0	3.2792E6	
1731	-7.7194E-1	2.6495E1	4.8986E0	3.2814E6	
1732	-7.7278E-1	2.5249E1	4.9059E0	3.2836E6	
1733	-7.7393E-1	2.3551E1	4.9136E0	3.2858E6	
1734	-7.7179E-1	2.6721E1	4.9211E0	3.2880E6	
1735	-7.7515E-1	2.1739E1	4.9285E0	3.2903E6	
1736	-7.7339E-1	2.4344E1	4.9362E0	3.2925E6	
1737	-7.7332E-1	2.4457E1	4.9436E0	3.2947E6	
1738	-7.7385E-1	2.3664E1	4.9512E0	3.2969E6	
1739	-7.7469E-1	2.2419E1	4.9587E0	3.2991E6	
1740	-7.7408E-1	2.3325E1	4.9660E0	3.3014E6	
1741	-7.7484E-1	2.2192E1	4.9737E0	3.3036E6	
1742	-7.7309E-1	2.4796E1	4.9811E0	3.3058E6	
1743	-7.7690E-1	1.9135E1	4.9887E0	3.3080E6	
1744	-7.7652E-1	1.9701E1	4.9962E0	3.3102E6	
1745	-7.7568E-1	2.0947E1	5.0038E0	3.3125E6	
1746	-7.7415E-1	2.3211E1	5.0113E0	3.3147E6	
1747	-7.7789E-1	1.7663E1	5.0188E0	3.3169E6	
1748	-7.7599E-1	2.0494E1	5.0263E0	3.3191E6	
1749	-7.7637E-1	1.9928E1	5.0339E0	3.3213E6	
1750	-7.7583E-1	2.0720E1	5.0415E0	3.3236E6	
1751	-7.7705E-1	1.8909E1	5.0489E0	3.3258E6	
1752	-7.7812E-1	1.7324E1	5.0564E0	3.3280E6	
1753	-7.7675E-1	1.9362E1	5.0640E0	3.3302E6	
1754	-7.7606E-1	2.0381E1	5.0715E0	3.3324E6	
1755	-7.7576E-1	2.0834E1	5.0791E0	3.3347E6	
1756	-7.7927E-1	1.5625E1	5.0866E0	3.3369E6	
1757	-7.7690E-1	1.9135E1	5.0941E0	3.3391E6	
1758	-7.7728E-1	1.8569E1	5.1017E0	3.3413E6	
1759	-7.7873E-1	1.6418E1	5.1092E0	3.3435E6	
1760	-7.7667E-1	1.9475E1	5.1166E0	3.3458E6	
1761	-7.7812E-1	1.7324E1	5.1242E0	3.3480E6	
1762	-7.7759E-1	1.8116E1	5.1318E0	3.3502E6	
1763	-7.8041E-1	1.3927E1	5.1393E0	3.3524E6	
1764	-7.7797E-1	1.7550E1	5.1468E0	3.3546E6	
1765	-7.8056E-1	1.3700E1	5.1544E0	3.3569E6	
1766	-7.8011E-1	1.4380E1	5.1619E0	3.3591E6	
1767	-7.7881E-1	1.6305E1	5.1694E0	3.3613E6	
1768	-7.7965E-1	1.5059E1	5.1770E0	3.3635E6	
1769	-7.7820E-1	1.7210E1	5.1844E0	3.3657E6	
1770	-7.7950E-1	1.5286E1	5.1920E0	3.3680E6	
1771	-7.8278E-1	1.0417E1	5.1995E0	3.3702E6	
1772	-7.8239E-1	1.0983E1	5.2071E0	3.3724E6	
1773	-7.8125E-1	1.2681E1	5.2146E0	3.3746E6	
1774	-7.8163E-1	1.2115E1	5.2221E0	3.3768E6	
1775	-7.8217E-1	1.1323E1	5.2296E0	3.3791E6	
1776	-7.8102E-1	1.3021E1	5.2372E0	3.3813E6	
1777	-7.8232E-1	1.1096E1	5.2447E0	3.3835E6	
1778	-7.8094E-1	1.3134E1	5.2523E0	3.3857E6	
1779	-7.8117E-1	1.2795E1	5.2597E0	3.3879E6	
1780	-7.8323E-1	9.7375E0	5.2672E0	3.3902E6	
1781	-7.8217E-1	1.1323E1	5.2747E0	3.3924E6	
1782	-7.8545E-1	6.4539E0	5.2823E0	3.3946E6	
1783	-7.8606E-1	5.5481E0	5.2897E0	3.3968E6	
1784	-7.8316E-1	9.8507E0	5.2972E0	3.3990E6	
1785	-7.8476E-1	7.4730E0	5.3048E0	3.4013E6	
1786	-7.8400E-1	8.6052E0	5.3123E0	3.4035E6	
1787	-7.8392E-1	8.7184E0	5.3198E0	3.4057E6	
1788	-7.8491E-1	7.2465E0	5.3273E0	3.4079E6	
1789	-7.8751E-1	3.3968E0	5.3349E0	3.4101E6	
1790	-7.8560E-1	6.2275E0	5.3423E0	3.4124E6	
1791	-7.8560E-1	6.2275E0	5.3498E0	3.4146E6	
1792	-7.8407E-1	8.4920E0	5.3574E0	3.4168E6	
1793	-7.8659E-1	4.7555E0	5.3648E0	3.4190E6	
1794	-7.8743E-1	3.5101E0	5.3724E0	3.4212E6	
1795	-7.8781E-1	2.9439E0	5.3798E0	3.4235E6	
1796	-7.8857E-1	1.8117E0	5.3873E0	3.4257E6	
1797	-7.8705E-1	4.0762E0	5.3949E0	3.4279E6	
1798	-7.8743E-1	3.5101E0	5.3952E0	3.4280E6	
1799	-7.8743E-1	3.5101E0	5.3952E0	3.4280E6	
1800	-7.8743E-1	3.5101E0	5.3952E0	3.4280E6	
1801	-7.8743E-1	3.5101E0	5.3952E0	3.4280E6	
1802	-7.8743E-1	3.5101E0	5.3952E0	3.4280E6	
1803	-7.8743E-1	3.5101E0	5.3952E0	3.4280E6	
1804	-7.8743E-1	3.5101E0	5.3952E0	3.4280E6	
1805	-7.8743E-1	3.5101E0	5.3952E0	3.4280E6	
1806	-7.8743E-1	3.5101E0	5.3952E0	3.4280E6	
1807	-7.8743E-1	3.5101E0	5.3952E0	3.4280E6	
1808	-7.8743E-1	3.5101E0	5.3952E0	3.4280E6	
1809	-7.8743E-1	3.5101E0	5.3952E0	3.4280E6	
1810	-7.8743E-1	3.5101E0	5.3952E0	3.4280E6	
1811	-7.8743E-1	3.5101E0	5.3952E0	3.4280E6	
1812	-7.8743E-1	3.5101E0	5.3952E0	3.4280E6	
1813	-7.8743E-1	3.5101E0	5.3952E0	3.4280E6	
1814	-7.8743E-1	3.5101E0	5.3952E0	3.4280E6	
1815	-7.8743E-1	3.5101E0	5.3952E0	3.4280E6	
1816	-7.8743E-1	3.5101E0	5.3952E0	3.4280E6	
1817	-7.8743E-1	3.5101E0	5.3952E0	3.4280E6	
1818	-7.8743E-1	3.5101E0	5.3952E0	3.4280E6	
1819	-7.8743E-1	3.5101E0	5.3952E0	3.4280E6	
1820	-7.8743E-1	3.5101E0	5.3952E0	3.4280E6	
1821	-7.8743E-1	3.5101E0	5.3952E0	3.4280E6	
1822	-7.8743E-1	3.5101E0	5.3952E0	3.4280E6	
1823	-7.8743E-1	3.5101E0	5.3952E0	3.4280E6	
1824	-7.8743E-1	3.5101E0	5.3952E0	3.4280E6	
1825	-7.8743E-1	3.5101E0	5.3952E0	3.4280E6	
1826	-7.8743E-1	3.5101E0	5.3952E0	3.4280E6	
1827	-7.8743E-1	3.5101E0	5.3952E0	3.4280E6	
1828	-7.8743E-1	3.5101E0	5.3952E0	3.4280E6	
1829	-7.8743E-1	3.5101E0	5.3952E0	3.4280E6	
1830	-7.8743E-1	3.5101E0	5.3952E0	3.4280E6	
1831	-7.8743E-1	3.5101E0	5.3952E0	3.4280E6	
1832	-7.8743E-1	3.5101E0	5.3952E0	3.4280E6	
1833	-7.8743E-1	3.5101E0	5.3952E0	3.4280E6	
1834	-7.8743E-1	3.5101E0	5.3952E0	3.4280E6	
1835	-7.8743E-1	3.5101E0	5.3952E0	3.4280E6	
1836	-7.8743E-1	3.5101E0	5.3952E0	3.4280E6	
1837	-7.8743E-1	3.5101E0	5.3952E0	3.4280E6	
1838	-7.8743E-1	3.5101E0	5.3952E0	3.4280E6	
1839	-7.8743E-1	3.5101E0	5.3952E0	3.4280E6	
1840	-7.8743E-1	3.5101E0	5.3952E0	3.4280E6	
1841	-7.8743E-1	3.5101E0	5.3952E0	3.4280E6	
1842	-7.8743E-1	3.5101E0	5.3952E0	3.4280E6	
1843	-7.8743E-1	3.5101E0	5.3952E0	3.4280E6	
1844	-7.8743E-1	3.5101E0	5.3952E0	3.4280E6	
1845	-7.8743E-1	3.5101E0	5.3952E0	3.4280E6	
1846	-7.8743E-1	3.5101E0	5.3952E0	3.4280E6	
1847	-7.8743E-1	3.5101E0	5.3952E0	3.4280E6	
1848	-7.8743E-1	3.5101E0	5.3952E0	3.4280E6	
1849	-7.8743E-1	3.5101E0	5.3952E0	3.4280E6	
1850	-7.8743E-1	3.5101E0	5.3952E0	3.4280E6	
1851	-7.8743E-1	3.5101E0	5.3952E0	3.4280E6	
1852	-7.8743E-1	3.5101E0	5.3952E0	3.4280E6	
1853	-7.8743E-1	3.5101E0	5.3952E0	3.4280E6	
1854	-7.8743E-1	3.5101E0	5.3952E0	3.4280E6	
1855	-7.8743E-1	3.5101E0	5.3952E0	3.4280E6	
1856	-7.8743E-1	3.5101E0	5.3952E0	3.4280E6	
1857	-7.8743E-1	3.5101E0	5.3952E0	3.4280E6	
1858	-7.8743E-1	3.5101E0	5.3952E0	3.4280E6	
1859	-7.8743E-1	3.5101E0	5.3952E0	3.4280E6	
1860	-7.8743E-1	3.5101E0	5.3952E0	3.4280E6	
1861	-7.8743E-1	3.5101E0	5.3952E0	3.4280E6	
1862	-7.8743E-1	3.5101E0	5.3952E0	3.4280E6	
1863	-7.8743E-1	3.5101E0	5.3952E0	3.4280E6	
1864	-7.8743E-1	3.5101E0	5.3952E0	3.4280E6	
1865	-7.8743E-1	3.5101E0	5.3952E0	3.4280E6	
1866	-7.8743E-1	3.5101E0	5.3952E0	3.4280E6	
1867	-7.8743E-1	3.5101E0	5.3952E0	3.4280E6	
1868	-7.8743E-1	3.5101E0	5.3952E0	3.4280E6	
1869	-7.8743E-1	3.5101E0	5.3952E0	3.4280E6	
1870	-7.8743E-1	3.5101E0	5.3952E0	3.4280E6	
1871	-7.8743E-1	3.5101E0	5.3952E0	3.4280E6	
1872	-7.8743E-1	3.5101E0	5.3952E0	3.4280E6	
1873	-7.8743E-1	3.5101E0	5.3952E0	3.4280E6	
1874	-7.8743E-1	3.5101E0	5.3952E0	3.4280E6	
1875	-7.8743E-1	3.5101E0	5.3952E0	3.4280E6	
1876	-7.8743E-1	3.5101E0	5.3952E0	3.4280E6	
1877	-7.8743E-1	3.5101E0	5.3952E0	3.4280E6	
1878	-7.8743E-1	3.5101E0	5.3952E0	3.4280E6	
1879	-7.8743E-1	3.5101E0	5.3952E0	3.4280E6	
1880	-7.8743E-1	3.5101E0	5.3952E0	3.4280E6	
1881	-7.8743E-1	3.5101E0	5.3952E0	3.4280E6	
1882	-7.8743E-1	3.5101E0	5.3952E0	3.4280E6	
1883	-7.8743E-1	3.5101E0	5.3952E0	3.4280E6	
1884	-7.8743E-1	3.5101E0	5.3952E0	3.4280E6	
1885	-7.8743E-1	3.5101E0	5.3952E0	3.4280E6	
1886	-7.8743E-1	3.5101E0	5.3952E0	3.4280E6	
1887	-7.8743E-1	3.5101E0	5.3952E0	3.4280E6	
1888	-7.8743E-1	3.5101E0	5.3952E0	3.4280E6	
1889	-7.8743E-1	3.5101E0	5.3952E0	3.4280E6	
1890	-7.8743E-1	3.5101E0	5.3952E0	3.4280E6	
1891	-7.8743E-1	3.5101E0	5.3952E0	3.4280E6	
1892	-7.8743E-1	3.5101E0	5.3952E0	3.4280E6	
1893	-7.8743E-1	3.5101E0	5.3952E0	3.4280E6	
1894	-7.8743E-1	3.5101E0	5.3952E0	3.4280E6	
1895	-7.8743E-1	3.5101E0	5.3952E0	3.4280E6	
1896	-7.8743E-1	3.5101E0	5.3952E0	3.4280E6	
1897	-7.8743E-1	3.5101E0	5.3952E0	3.4280E6	
1898	-7.8743E-1	3.5101E0	5.3952E0	3.4280E6	
1899	-7.8743E-1	3.5101E0	5.3952E0	3.4280E6	
1900	-7.8743E-1	3.5101E0	5.3952E0	3.4280E6	
1901	-7.8743E-1	3.5101E0	5.3952E0	3.4280E6	
1902	-7.8743E-1	3.5101E0	5.3952E0	3.4280E6	
1903	-7.8743E-1	3.5101E0	5.3952E0	3.4280E6	
1904	-7.8743E-1	3.5101E0	5.3952E0	3.4280E6	
1905	-7.8743E-1	3.5101E0	5.3952E0	3.4280E6	
1906	-7.8743E-1	3.5101E0	5.3952E0	3.4280E6	
1907	-7.8743E-1	3.5101E0	5.3952E0	3.4280E6	
1908	-7.8743E-1	3.5101E0	5.3952E0	3.4280E6	
1909	-7.8743E-1	3.5101E0	5.3952E0	3.4280E6	
1910	-7.8743E-1	3.5101E0	5.3952E0	3.4280E6	
1911	-7.8743E-1	3.5101E0	5.3952E0	3.4280E6	
1912	-7.8743E-1	3.5101E0	5.3952E0	3.4280E6	
1913	-7.8743E-1	3.5101E0	5.3952E0	3.4280E6	
1914	-7.8743E-1	3.5101E0	5.3952E0	3.4280E6	
1915	-7.8743E-1	3.5101E0	5.3952E0	3.4280E6	
1916	-7.8743E-1	3.5101E0	5.3952E0	3.4280E6	
1917	-7.8743E-1	3.5101E0	5.3952E0	3.4280E6	
1918	-7.8743E-1	3.5101E0	5.3952E0	3.4280E6	
1919	-7.8743E-1	3.5101E0	5.3952E0	3.4280E6	
1920	-7.8743E-1	3.5101E0	5.3952E0	3.4280E6	
1921	-7.8743E-1	3.5101E0	5.3952E0	3.4280E6	
1922	-7.8743E-1	3.5101E0	5.3952E0	3.4280E6	
1923	-7.8743E-1	3.5101E0	5.3952E0	3.4280E6	
1924	-7.8743E-1	3.5101E0	5.3952E0	3.4280E6	
1925	-7.8743E-1	3.5101E0	5.3952E0	3.4280E6	
1926	-7.8743E-1	3.5101E0	5.3952E0	3.4280E6	
1927	-7.8743E-1	3.5101E0	5.3952E0	3.4280E6	
1928	-7.8743E-1	3.5101E0	5.3952E0	3.4280E6	
1929	-7.8743E-1	3.5101E0	5.3952E0	3.4280E6	
1930	-7.8743E-1	3.5101E0	5.3952E0	3.4280E6	
1931	-7.8743E-1	3.5101E0	5.3952E0	3.4280E6	
1932	-7.8743E-1	3.5101E0	5.3952E0	3.4280E6	
1933	-7.8743E-1	3.5101E0	5.3952E0	3.4280E6	
1934	-7.8743E-1	3.5101E0	5.3952E0	3.4280E6	
1935	-7.8743E-1	3.5101E0	5.3952E0	3.4280E6	
1936	-7.8743E-1	3.5101E0	5.3952E0	3.4280E6	
1937	-7.8743E-1	3.5101E0	5.3952E0	3.4280E6	
1938	-7.8743E-1	3.5101E0	5.3952E0	3.4280E6	
1939	-7.8743E-1	3.5101E0	5.3952E0	3.4280E6	
1940	-7.8743E-1	3.5101E0	5.3952E0	3.4280E6	
1941	-7.8743E-1	3.5101E0	5.3952E0	3.4280E6	
1942	-7.8743E-1	3.5101E0	5.3952E0	3.4280E6	
1943	-7.8743E-1	3.5101E0	5.3952E0	3.4280E6	
1944	-7.8743E-1	3.5101E0	5.3952E0	3.4280E6	
1945	-7.8743E-1	3.5101E0	5.3952E0	3.4280E6	
1946	-7.8743E-1	3.5101E0	5.3952E0	3.4280E6	
1947	-7.8743E-1	3.5101E0	5.3952E0	3.4280E6	
1948	-7.8743E-1	3.5101E0	5.3952E0	3.4280E6	
1949	-7.8743E-1	3.5101E0	5.3952E0	3.4280E6	
1950	-7.8743E-1	3.5101E0	5.3952E0	3.4280E6	
1951	-7.8743E-1	3.5101E0	5.3952E0	3.4280E6	
1952	-7.8743E-1	3.5101E0	5.3952E0	3.4280E6	
1953	-7.8743E-1	3.5101E0	5.3952E0	3.4280E6	
1954	-7.8743E-1	3.5101E0	5.3952E0	3.4280E6	
1955	-7.8743E-1	3.5101E0	5.3952E0	3.4280E6	
1956	-7.8743E-1	3.5101E0	5.3952E0	3.4280E6	
1957	-7.8743E-1	3.5101E0	5.3952E0	3.4280E6	
1958	-7.8743E-1	3.5101E0	5.3952E0	3.4280E6	
1959	-7.8743E-1	3.5101E0	5.3952E0	3.4280E6	
1960	-7.8743E-1	3.5101E0	5.3952E0	3.4280E6	
1961	-7.8743E-1	3.5101E0	5.3952E0	3.4280E6	
1962	-7.8743E-1	3.5101E0	5.3952E0	3.4280E6	
1963	-7.8743E-1	3.5101E0	5.3952E0	3.4280E6	
1964	-7.8743E-1	3.5101E0	5.3952E0	3.4280E6	
1965	-7.8743E-1	3.5101E0	5.3952E0	3.4280E6	
1966	-7.8743E-1	3.5101E0	5.3952E0	3.4280E6	
1967	-7.8743E-1	3.5101E0	5.3952E0	3.4280E6	
1968	-7.8743E-1	3.5101E0	5.3952E0	3.4280E6	
1969	-7.8743E-1	3.5101E0	5.3952E0	3.4280E6	
1970	-7.8743E-1	3.5101E0	5.3952E0	3.4280E6	
1971	-7.8743E-1	3.5101E0	5.3952E0	3.4280E6	
1972	-7.8743E-1	3.5101E0	5.3952E0	3.4280E6	
1973	-7.8743E-1	3.5101E0	5.3952E0	3.4280E6	
1974	-7.8743E-1	3.5101E0	5.3952E0	3.4280E6	
1975	-7.8743E-1	3.5101E0	5.3952E0	3.4280E6	
1976	-7.8743E-1	3.5101E0	5.3952E0	3.4280E6	
1977	-7.8743E-1	3.5101E0	5.3952E0	3.4280E6	
1978	-7.8743E-1	3.5101E0	5.3952E0	3.4280E6	
1979	-7.8743E-1	3.5101E0	5.3952E0	3.4280E6	
1980	-7.8743E-1	3.5101E0	5.3952E0	3.4280E6	
1981	-7.8743E-1	3.5101E0	5.3952E0	3.4280E6	
1982	-7.8743E-1	3.5101E0	5.3952E0	3.4280E6	
1983	-7.8743E-1	3.5101E0	5.3952E0	3.4280E6	
1984	-7.8743E-1	3.5101E0	5.3952E0	3.4280E6	
1985	-7.8743E-1	3.5101E0	5.3952E0	3.4280E6	
1986	-7.8743E-1	3.5101E0	5.3952E0	3.4280E6	
1987	-7.8743E-1	3.5101E0	5.3952E0	3.4280E6	
1988	-7.8743E-1	3.5101E0	5.3952E0	3.4280E6	
1989	-7.8743E-1	3.5101E0	5.3952E0	3.4280E6	
1990	-7.8743E-1	3.5101E0	5.3952E0	3.4280E6	
1991	-7.8743E-1	3.5101E0	5.3952E0	3.4280E6	
1992	-7.8743E-1	3.5101E0	5.3952E0	3.4280E6	
1993	-7.8743E-1	3.5101E0	5.3952E0	3.4280E6	
1994	-7.8743E-1	3.5101E0	5.3952E0	3.4280E6	
1995	-7.8743E-1	3.5101E0	5.3952E0	3.4280E6	
1996	-7.8743E-1	3.5101E0	5.3952E0	3.4280E6	
1997	-7.8743E-1	3.5101E0	5.3952E0	3.4280E6	
1998	-7.8743E-1	3.5101E0	5.3952E0	3.4280E6	
1999	-7.8743E-1	3.5101E0	5.3952E0	3.4280E6	
2000	-7.8743E-1	3.5101E0	5.3952E0	3.4280E6	
2001	-7.8743E-1	3.5101E0	5.3952E0	3.4280E6	
2002	-7.8743E-1	3.5101E0	5.3952E0	3.4280E6	
2003	-7.8743E-1	3.5101E0	5.3952E0	3.4280E6	
2004	-7.8743E-1	3.5101E0	5.3952E0	3.4280E6	
2005	-7.8743E-1	3.5101E0	5.3952E0	3.4280E6	
2006	-7.8743E-1	3.5101E0	5.3952E0	3.4280E6	
2007	-7.8743E-1	3.5101E0	5.3952E0	3.4280E6	
2008	-7.8743E-1	3.5101E0	5.3952E0	3.4280E6	
2009	-7.8743E-1	3.5101E0	5.3952E0	3.4280E6	
2010	-7.8743E-1	3.5101E0	5.3952E0	3.4280E6	
2011	-7.8743E-1	3.5101E0	5.3952E0	3.4280E6	
2012	-7.8743E-1	3.5101E0	5.3952E0	3.4280E6	
2013	-7.8743E-1	3.5101E0	5.3952E0	3.4280E6	
2014	-7.8743E-1	3.5101E0	5.3952E0	3.4280E6	
2015	-7.8743E-1	3.5101E0	5.3952E0	3.4280E6	
2016	-7.8743E-1	3.5101E0	5.3952E0	3.4280E6	
2017	-7.8743E-1	3.5101E0	5.3952E0	3.4280E6	
2018	-7.8743E-1	3.5101E0	5.3952E0	3.4280E6	
2019	-7.8743E-1	3.5101E0	5.3952E0	3.4280E6	
2020	-7.8743E-1	3.5101E0	5.3952E0	3.4280E6	
2021	-7.8743E-1	3.5101E0	5.3952E0	3.4280E6	
2022	-7.8743E-1	3.5101E0	5.3952E0	3.4280E6	
2023	-7.8743E-1	3.5101E0	5.3952E0	3.4280E6	
2024	-7.8743E-1	3.5101E0	5.3952E0	3.4280E6	
2025	-7.8743E-1	3.5101E0	5.3952E0	3.4280E6	
2026	-7.8743E-1	3.5101E0	5.3952E0	3.4280E6	
2027	-7.8743E-1	3.5101E0	5.3952E0	3.4280E6	
2028	-7.8743E-1	3.5101E0	5.3952E0	3.4280E6	
2029	-7.8743E-1	3.5101E0	5.3952E0	3.4280E6	
2030	-7.8743E-1	3.5101E0	5.3952E0	3.4280E6	
2031	-7.8743E-1	3.5101E0	5.3952E0	3.4280E6	
2032	-7.8743E-1	3.5101E0	5.3952E0	3.4280E6	
2033	-7.8743E-1	3.5101E0	5.3952E0	3.4280E6	
2034	-7.8743E-1	3.5101E0	5.3952E0	3.4280E6	
2035	-7.8743E-1	3.5101E0	5.3952E0	3.4280E6	
2036	-7.8743E-1	3.5101E0	5.3952E0	3.4280E6	
2037	-7.8743E-1	3.5101E0	5.3952E0	3.4280E6	
2038	-7.8743E-1	3.5101E0	5.3952E0	3.4280E6	
2039	-7.8743E-1	3.5101E0	5.3952E0	3.4280E6	
2040	-7.8743E-1	3.5101E0	5.3952E0	3.4280E6	
2041	-7.8743E-1	3.5101E0	5.3952E0	3.4280E6	
2042	-7.8743E-1	3.5101E0	5.3952E0	3.4280E6	
2043	-7.8743E-1	3.5101E0	5.3952E0	3.4280E6	
2044	-7.8743E-1	3.5101E0	5.3952E0	3.4280E6	
2045	-7.8743E-1	3.5101E0	5.3952E0	3.4280E6	
2046	-7.8743E-1	3.5101E0	5.3952E0	3.4280E6	
2047	-7.8743E-1	3.5101E0	5.3952E0	3.4280E6	
2048	-7.8743E-1	3.5101E0	5.3952E0	3.4280E6	
