point 034
Index	Vertical (A-B)	Force	Z Height	Time Stamp	
     	V	nN	?m	?sec	
1	-7.9109E-1	-6.7933E-1	5.5603E0	1.2000E2	
2	-7.9269E-1	-3.0571E0	5.5588E0	2.3400E3	
3	-7.9117E-1	-7.9255E-1	5.5562E0	4.5600E3	
4	-7.9407E-1	-5.0951E0	5.5531E0	6.7800E3	
5	-7.9292E-1	-3.3967E0	5.5496E0	9.0000E3	
6	-7.9239E-1	-2.6042E0	5.5461E0	1.1220E4	
7	-7.9193E-1	-1.9248E0	5.5424E0	1.3440E4	
8	-7.9170E-1	-1.5851E0	5.5383E0	1.5660E4	
9	-7.9033E-1	4.5293E-1	5.5344E0	1.7880E4	
10	-7.9010E-1	7.9261E-1	5.5302E0	2.0100E4	
11	-7.9163E-1	-1.4719E0	5.5261E0	2.2320E4	
12	-7.9178E-1	-1.6984E0	5.5219E0	2.4540E4	
13	-7.8979E-1	1.2455E0	5.5176E0	2.6760E4	
14	-7.9086E-1	-3.3965E-1	5.5132E0	2.8980E4	
15	-7.9124E-1	-9.0578E-1	5.5087E0	3.1200E4	
16	-7.9002E-1	9.0583E-1	5.5043E0	3.3420E4	
17	-7.9056E-1	1.1325E-1	5.4998E0	3.5640E4	
18	-7.8949E-1	1.6984E0	5.4953E0	3.7860E4	
19	-7.9071E-1	-1.1320E-1	5.4907E0	4.0080E4	
20	-7.9010E-1	7.9261E-1	5.4862E0	4.2300E4	
21	-7.9262E-1	-2.9438E0	5.4814E0	4.4520E4	
22	-7.9041E-1	3.3970E-1	5.4768E0	4.6740E4	
23	-7.8697E-1	5.4349E0	5.4722E0	4.8960E4	
24	-7.8934E-1	1.9249E0	5.4675E0	5.1180E4	
25	-7.9216E-1	-2.2645E0	5.4628E0	5.3400E4	
26	-7.9010E-1	7.9261E-1	5.4581E0	5.5620E4	
27	-7.9018E-1	6.7938E-1	5.4533E0	5.7840E4	
28	-7.9140E-1	-1.1322E0	5.4485E0	6.0060E4	
29	-7.8873E-1	2.8307E0	5.4438E0	6.2280E4	
30	-7.8842E-1	3.2836E0	5.4390E0	6.4500E4	
31	-7.8850E-1	3.1703E0	5.4341E0	6.6720E4	
32	-7.9033E-1	4.5293E-1	5.4294E0	6.8940E4	
33	-7.8690E-1	5.5481E0	5.4246E0	7.1160E4	
34	-7.8888E-1	2.6042E0	5.4197E0	7.3380E4	
35	-7.8789E-1	4.0762E0	5.4149E0	7.5600E4	
36	-7.8911E-1	2.2645E0	5.4101E0	7.7820E4	
37	-7.8888E-1	2.6042E0	5.4052E0	8.0040E4	
38	-7.8789E-1	4.0762E0	5.4002E0	8.2260E4	
39	-7.8888E-1	2.6042E0	5.3953E0	8.4480E4	
40	-7.8629E-1	6.4539E0	5.3904E0	8.6700E4	
41	-7.8911E-1	2.2645E0	5.3856E0	8.8920E4	
42	-7.9010E-1	7.9261E-1	5.3806E0	9.1140E4	
43	-7.9086E-1	-3.3965E-1	5.3756E0	9.3360E4	
44	-7.8789E-1	4.0762E0	5.3708E0	9.5580E4	
45	-7.8896E-1	2.4910E0	5.3658E0	9.7800E4	
46	-7.8766E-1	4.4158E0	5.3609E0	1.0002E5	
47	-7.9025E-1	5.6616E-1	5.3558E0	1.0224E5	
48	-7.8728E-1	4.9820E0	5.3510E0	1.0446E5	
49	-7.8957E-1	1.5852E0	5.3459E0	1.0668E5	
50	-7.8804E-1	3.8497E0	5.3409E0	1.0890E5	
51	-7.8552E-1	7.5862E0	5.3359E0	1.1112E5	
52	-7.8773E-1	4.3026E0	5.3308E0	1.1334E5	
53	-7.8850E-1	3.1703E0	5.3258E0	1.1556E5	
54	-7.8812E-1	3.7365E0	5.3208E0	1.1778E5	
55	-7.8590E-1	7.0200E0	5.3158E0	1.2000E5	
56	-7.8697E-1	5.4349E0	5.3107E0	1.2222E5	
57	-7.8773E-1	4.3026E0	5.3057E0	1.2444E5	
58	-7.8751E-1	4.6423E0	5.3006E0	1.2666E5	
59	-7.8651E-1	6.1142E0	5.2955E0	1.2888E5	
60	-7.8392E-1	9.9639E0	5.2904E0	1.3110E5	
61	-7.8522E-1	8.0391E0	5.2854E0	1.3332E5	
62	-7.8552E-1	7.5862E0	5.2803E0	1.3554E5	
63	-7.8316E-1	1.1096E1	5.2751E0	1.3776E5	
64	-7.8468E-1	8.8316E0	5.2700E0	1.3998E5	
65	-7.8133E-1	1.3814E1	5.2650E0	1.4220E5	
66	-7.8476E-1	8.7184E0	5.2598E0	1.4442E5	
67	-7.8300E-1	1.1323E1	5.2547E0	1.4664E5	
68	-7.8323E-1	1.0983E1	5.2496E0	1.4886E5	
69	-7.8369E-1	1.0304E1	5.2445E0	1.5108E5	
70	-7.8148E-1	1.3587E1	5.2393E0	1.5330E5	
71	-7.8300E-1	1.1323E1	5.2341E0	1.5552E5	
72	-7.8148E-1	1.3587E1	5.2290E0	1.5774E5	
73	-7.7957E-1	1.6418E1	5.2238E0	1.5996E5	
74	-7.8300E-1	1.1323E1	5.2186E0	1.6218E5	
75	-7.8209E-1	1.2681E1	5.2135E0	1.6440E5	
76	-7.8026E-1	1.5399E1	5.2083E0	1.6662E5	
77	-7.8156E-1	1.3474E1	5.2031E0	1.6884E5	
78	-7.8049E-1	1.5059E1	5.1979E0	1.7106E5	
79	-7.8468E-1	8.8316E0	5.1927E0	1.7328E5	
80	-7.8018E-1	1.5512E1	5.1876E0	1.7550E5	
81	-7.8064E-1	1.4833E1	5.1822E0	1.7772E5	
82	-7.8178E-1	1.3134E1	5.1771E0	1.7994E5	
83	-7.7942E-1	1.6644E1	5.1718E0	1.8216E5	
84	-7.7850E-1	1.8003E1	5.1665E0	1.8438E5	
85	-7.7927E-1	1.6871E1	5.1614E0	1.8660E5	
86	-7.8079E-1	1.4606E1	5.1560E0	1.8882E5	
87	-7.7789E-1	1.8909E1	5.1508E0	1.9104E5	
88	-7.7797E-1	1.8795E1	5.1455E0	1.9326E5	
89	-7.7843E-1	1.8116E1	5.1403E0	1.9548E5	
90	-7.7896E-1	1.7324E1	5.1351E0	1.9770E5	
91	-7.7705E-1	2.0154E1	5.1298E0	1.9992E5	
92	-7.7812E-1	1.8569E1	5.1245E0	2.0214E5	
93	-7.7583E-1	2.1966E1	5.1191E0	2.0436E5	
94	-7.7606E-1	2.1626E1	5.1139E0	2.0658E5	
95	-7.7667E-1	2.0720E1	5.1085E0	2.0880E5	
96	-7.7896E-1	1.7324E1	5.1032E0	2.1102E5	
97	-7.7522E-1	2.2872E1	5.0981E0	2.1324E5	
98	-7.7721E-1	1.9928E1	5.0927E0	2.1546E5	
99	-7.7652E-1	2.0947E1	5.0873E0	2.1768E5	
100	-7.7492E-1	2.3325E1	5.0820E0	2.1990E5	
101	-7.7690E-1	2.0381E1	5.0767E0	2.2212E5	
102	-7.7499E-1	2.3211E1	5.0712E0	2.2434E5	
103	-7.7705E-1	2.0154E1	5.0660E0	2.2656E5	
104	-7.7766E-1	1.9248E1	5.0605E0	2.2878E5	
105	-7.7728E-1	1.9815E1	5.0552E0	2.3100E5	
106	-7.7660E-1	2.0834E1	5.0498E0	2.3322E5	
107	-7.7499E-1	2.3211E1	5.0444E0	2.3544E5	
108	-7.7415E-1	2.4457E1	5.0390E0	2.3766E5	
109	-7.7347E-1	2.5476E1	5.0337E0	2.3988E5	
110	-7.7477E-1	2.3551E1	5.0283E0	2.4210E5	
111	-7.7789E-1	1.8909E1	5.0229E0	2.4432E5	
112	-7.7652E-1	2.0947E1	5.0175E0	2.4654E5	
113	-7.7377E-1	2.5023E1	5.0121E0	2.4876E5	
114	-7.7522E-1	2.2872E1	5.0067E0	2.5098E5	
115	-7.7507E-1	2.3098E1	5.0013E0	2.5320E5	
116	-7.7660E-1	2.0834E1	4.9958E0	2.5542E5	
117	-7.7477E-1	2.3551E1	4.9904E0	2.5764E5	
118	-7.7400E-1	2.4683E1	4.9849E0	2.5986E5	
119	-7.7553E-1	2.2419E1	4.9795E0	2.6208E5	
120	-7.7385E-1	2.4910E1	4.9742E0	2.6430E5	
121	-7.7568E-1	2.2192E1	4.9686E0	2.6652E5	
122	-7.7362E-1	2.5249E1	4.9632E0	2.6874E5	
123	-7.7461E-1	2.3777E1	4.9577E0	2.7096E5	
124	-7.7484E-1	2.3438E1	4.9523E0	2.7318E5	
125	-7.7454E-1	2.3891E1	4.9468E0	2.7540E5	
126	-7.7385E-1	2.4910E1	4.9413E0	2.7762E5	
127	-7.7354E-1	2.5363E1	4.9358E0	2.7984E5	
128	-7.7477E-1	2.3551E1	4.9304E0	2.8206E5	
129	-7.7499E-1	2.3211E1	4.9249E0	2.8428E5	
130	-7.7400E-1	2.4683E1	4.9194E0	2.8650E5	
131	-7.7354E-1	2.5363E1	4.9139E0	2.8872E5	
132	-7.7347E-1	2.5476E1	4.9083E0	2.9094E5	
133	-7.7049E-1	2.9892E1	4.9028E0	2.9316E5	
134	-7.7293E-1	2.6268E1	4.8973E0	2.9538E5	
135	-7.7202E-1	2.7627E1	4.8917E0	2.9760E5	
136	-7.7194E-1	2.7740E1	4.8862E0	2.9982E5	
137	-7.7492E-1	2.3325E1	4.8807E0	3.0204E5	
138	-7.7118E-1	2.8873E1	4.8752E0	3.0426E5	
139	-7.7148E-1	2.8420E1	4.8696E0	3.0648E5	
140	-7.7187E-1	2.7854E1	4.8641E0	3.0870E5	
141	-7.6813E-1	3.3402E1	4.8585E0	3.1092E5	
142	-7.6836E-1	3.3062E1	4.8530E0	3.1314E5	
143	-7.7042E-1	3.0005E1	4.8474E0	3.1536E5	
144	-7.7026E-1	3.0231E1	4.8418E0	3.1758E5	
145	-7.6973E-1	3.1024E1	4.8362E0	3.1980E5	
146	-7.6935E-1	3.1590E1	4.8307E0	3.2202E5	
147	-7.7118E-1	2.8873E1	4.8251E0	3.2424E5	
148	-7.6828E-1	3.3175E1	4.8196E0	3.2646E5	
149	-7.6988E-1	3.0797E1	4.8139E0	3.2868E5	
150	-7.6691E-1	3.5213E1	4.8083E0	3.3090E5	
151	-7.7080E-1	2.9439E1	4.8026E0	3.3312E5	
152	-7.6866E-1	3.2609E1	4.7970E0	3.3534E5	
153	-7.6561E-1	3.7138E1	4.7915E0	3.3756E5	
154	-7.6752E-1	3.4307E1	4.7859E0	3.3978E5	
155	-7.6813E-1	3.3402E1	4.7801E0	3.4200E5	
156	-7.6859E-1	3.2722E1	4.7746E0	3.4422E5	
157	-7.6660E-1	3.5666E1	4.7689E0	3.4644E5	
158	-7.6683E-1	3.5326E1	4.7633E0	3.4866E5	
159	-7.6599E-1	3.6572E1	4.7576E0	3.5088E5	
160	-7.6630E-1	3.6119E1	4.7519E0	3.5310E5	
161	-7.6363E-1	4.0082E1	4.7463E0	3.5532E5	
162	-7.6263E-1	4.1554E1	4.7406E0	3.5754E5	
163	-7.6447E-1	3.8836E1	4.7350E0	3.5976E5	
164	-7.6431E-1	3.9063E1	4.7294E0	3.6198E5	
165	-7.6309E-1	4.0875E1	4.7236E0	3.6420E5	
166	-7.6546E-1	3.7365E1	4.7179E0	3.6642E5	
167	-7.6408E-1	3.9403E1	4.7123E0	3.6864E5	
168	-7.6416E-1	3.9289E1	4.7066E0	3.7086E5	
169	-7.6500E-1	3.8044E1	4.7008E0	3.7308E5	
170	-7.6195E-1	4.2573E1	4.6952E0	3.7530E5	
171	-7.6279E-1	4.1327E1	4.6893E0	3.7752E5	
172	-7.6248E-1	4.1780E1	4.6837E0	3.7974E5	
173	-7.6454E-1	3.8723E1	4.6780E0	3.8196E5	
174	-7.6126E-1	4.3592E1	4.6723E0	3.8418E5	
175	-7.6042E-1	4.4837E1	4.6666E0	3.8640E5	
176	-7.5920E-1	4.6649E1	4.6607E0	3.8862E5	
177	-7.6286E-1	4.1214E1	4.6551E0	3.9084E5	
178	-7.6118E-1	4.3705E1	4.6494E0	3.9306E5	
179	-7.6073E-1	4.4385E1	4.6436E0	3.9528E5	
180	-7.6302E-1	4.0988E1	4.6379E0	3.9750E5	
181	-7.6408E-1	3.9403E1	4.6321E0	3.9972E5	
182	-7.6340E-1	4.0422E1	4.6264E0	4.0194E5	
183	-7.6210E-1	4.2346E1	4.6206E0	4.0416E5	
184	-7.6080E-1	4.4271E1	4.6148E0	4.0638E5	
185	-7.6004E-1	4.5404E1	4.6089E0	4.0860E5	
186	-7.6210E-1	4.2346E1	4.6032E0	4.1082E5	
187	-7.5996E-1	4.5517E1	4.5975E0	4.1304E5	
188	-7.6180E-1	4.2799E1	4.5916E0	4.1526E5	
189	-7.6073E-1	4.4385E1	4.5858E0	4.1748E5	
190	-7.6164E-1	4.3026E1	4.5801E0	4.1970E5	
191	-7.6157E-1	4.3139E1	4.5742E0	4.2192E5	
192	-7.6118E-1	4.3705E1	4.5684E0	4.2414E5	
193	-7.5981E-1	4.5743E1	4.5626E0	4.2636E5	
194	-7.5989E-1	4.5630E1	4.5568E0	4.2858E5	
195	-7.6172E-1	4.2913E1	4.5509E0	4.3080E5	
196	-7.6141E-1	4.3365E1	4.5450E0	4.3302E5	
197	-7.5996E-1	4.5517E1	4.5392E0	4.3524E5	
198	-7.5989E-1	4.5630E1	4.5334E0	4.3746E5	
199	-7.5974E-1	4.5856E1	4.5276E0	4.3968E5	
200	-7.6057E-1	4.4611E1	4.5217E0	4.4190E5	
201	-7.5890E-1	4.7102E1	4.5158E0	4.4412E5	
202	-7.5775E-1	4.8800E1	4.5100E0	4.4634E5	
203	-7.5836E-1	4.7895E1	4.5041E0	4.4856E5	
204	-7.5966E-1	4.5970E1	4.4982E0	4.5078E5	
205	-7.5996E-1	4.5517E1	4.4924E0	4.5300E5	
206	-7.5829E-1	4.8008E1	4.4864E0	4.5522E5	
207	-7.5943E-1	4.6309E1	4.4806E0	4.5744E5	
208	-7.5691E-1	5.0046E1	4.4748E0	4.5966E5	
209	-7.6454E-1	3.8723E1	4.4688E0	4.6188E5	
210	-7.5806E-1	4.8347E1	4.4629E0	4.6410E5	
211	-7.5897E-1	4.6989E1	4.4570E0	4.6632E5	
212	-7.5935E-1	4.6423E1	4.4511E0	4.6854E5	
213	-7.5745E-1	4.9253E1	4.4451E0	4.7076E5	
214	-7.5737E-1	4.9366E1	4.4392E0	4.7298E5	
215	-7.5691E-1	5.0046E1	4.4334E0	4.7520E5	
216	-7.5874E-1	4.7328E1	4.4274E0	4.7742E5	
217	-7.5722E-1	4.9593E1	4.4215E0	4.7964E5	
218	-7.5569E-1	5.1857E1	4.4155E0	4.8186E5	
219	-7.5813E-1	4.8234E1	4.4096E0	4.8408E5	
220	-7.5531E-1	5.2424E1	4.4037E0	4.8630E5	
221	-7.5546E-1	5.2197E1	4.3976E0	4.8852E5	
222	-7.5615E-1	5.1178E1	4.3918E0	4.9074E5	
223	-7.5562E-1	5.1971E1	4.3857E0	4.9296E5	
224	-7.5455E-1	5.3556E1	4.3798E0	4.9518E5	
225	-7.5531E-1	5.2424E1	4.3739E0	4.9740E5	
226	-7.5562E-1	5.1971E1	4.3679E0	4.9962E5	
227	-7.5531E-1	5.2424E1	4.3619E0	5.0184E5	
228	-7.5287E-1	5.6047E1	4.3560E0	5.0406E5	
229	-7.5325E-1	5.5481E1	4.3500E0	5.0628E5	
230	-7.5424E-1	5.4009E1	4.3440E0	5.0850E5	
231	-7.5455E-1	5.3556E1	4.3379E0	5.1072E5	
232	-7.5302E-1	5.5820E1	4.3320E0	5.1294E5	
233	-7.5500E-1	5.2876E1	4.3260E0	5.1516E5	
234	-7.5226E-1	5.6953E1	4.3200E0	5.1738E5	
235	-7.5233E-1	5.6839E1	4.3140E0	5.1960E5	
236	-7.5104E-1	5.8764E1	4.3080E0	5.2182E5	
237	-7.5272E-1	5.6273E1	4.3020E0	5.2404E5	
238	-7.5142E-1	5.8198E1	4.2960E0	5.2626E5	
239	-7.4928E-1	6.1368E1	4.2899E0	5.2848E5	
240	-7.4867E-1	6.2274E1	4.2840E0	5.3070E5	
241	-7.5111E-1	5.8651E1	4.2778E0	5.3292E5	
242	-7.4944E-1	6.1142E1	4.2718E0	5.3514E5	
243	-7.4905E-1	6.1708E1	4.2659E0	5.3736E5	
244	-7.5020E-1	6.0010E1	4.2597E0	5.3958E5	
245	-7.4982E-1	6.0576E1	4.2538E0	5.4180E5	
246	-7.4753E-1	6.3973E1	4.2476E0	5.4402E5	
247	-7.4867E-1	6.2274E1	4.2415E0	5.4624E5	
248	-7.4638E-1	6.5671E1	4.2355E0	5.4846E5	
249	-7.4905E-1	6.1708E1	4.2295E0	5.5068E5	
250	-7.4852E-1	6.2501E1	4.2234E0	5.5290E5	
251	-7.4898E-1	6.1821E1	4.2174E0	5.5512E5	
252	-7.4791E-1	6.3406E1	4.2112E0	5.5734E5	
253	-7.4821E-1	6.2954E1	4.2051E0	5.5956E5	
254	-7.4898E-1	6.1821E1	4.1991E0	5.6178E5	
255	-7.4623E-1	6.5897E1	4.1929E0	5.6400E5	
256	-7.4478E-1	6.8049E1	4.1869E0	5.6622E5	
257	-7.4738E-1	6.4199E1	4.1808E0	5.6844E5	
258	-7.4844E-1	6.2614E1	4.1747E0	5.7066E5	
259	-7.4867E-1	6.2274E1	4.1687E0	5.7288E5	
260	-7.4707E-1	6.4652E1	4.1625E0	5.7510E5	
261	-7.4913E-1	6.1595E1	4.1564E0	5.7732E5	
262	-7.4600E-1	6.6237E1	4.1503E0	5.7954E5	
263	-7.4524E-1	6.7369E1	4.1442E0	5.8176E5	
264	-7.4547E-1	6.7030E1	4.1381E0	5.8398E5	
265	-7.4684E-1	6.4992E1	4.1319E0	5.8620E5	
266	-7.4554E-1	6.6916E1	4.1258E0	5.8842E5	
267	-7.4738E-1	6.4199E1	4.1196E0	5.9064E5	
268	-7.4806E-1	6.3180E1	4.1134E0	5.9286E5	
269	-7.4516E-1	6.7483E1	4.1074E0	5.9508E5	
270	-7.4699E-1	6.4765E1	4.1012E0	5.9730E5	
271	-7.4554E-1	6.6916E1	4.0950E0	5.9952E5	
272	-7.4707E-1	6.4652E1	4.0889E0	6.0174E5	
273	-7.4600E-1	6.6237E1	4.0828E0	6.0396E5	
274	-7.4570E-1	6.6690E1	4.0766E0	6.0618E5	
275	-7.4516E-1	6.7483E1	4.0704E0	6.0840E5	
276	-7.4371E-1	6.9634E1	4.0642E0	6.1062E5	
277	-7.4493E-1	6.7822E1	4.0581E0	6.1284E5	
278	-7.4394E-1	6.9294E1	4.0519E0	6.1506E5	
279	-7.4562E-1	6.6803E1	4.0457E0	6.1728E5	
280	-7.4409E-1	6.9068E1	4.0396E0	6.1950E5	
281	-7.4310E-1	7.0540E1	4.0333E0	6.2172E5	
282	-7.4448E-1	6.8502E1	4.0272E0	6.2394E5	
283	-7.4448E-1	6.8502E1	4.0209E0	6.2616E5	
284	-7.4432E-1	6.8728E1	4.0148E0	6.2838E5	
285	-7.4440E-1	6.8615E1	4.0086E0	6.3060E5	
286	-7.4371E-1	6.9634E1	4.0023E0	6.3282E5	
287	-7.4371E-1	6.9634E1	3.9961E0	6.3504E5	
288	-7.4425E-1	6.8841E1	3.9900E0	6.3726E5	
289	-7.4303E-1	7.0653E1	3.9837E0	6.3948E5	
290	-7.4081E-1	7.3936E1	3.9774E0	6.4170E5	
291	-7.4501E-1	6.7709E1	3.9713E0	6.4392E5	
292	-7.4150E-1	7.2917E1	3.9650E0	6.4614E5	
293	-7.4242E-1	7.1559E1	3.9587E0	6.4836E5	
294	-7.4257E-1	7.1332E1	3.9525E0	6.5058E5	
295	-7.3967E-1	7.5635E1	3.9463E0	6.5280E5	
296	-7.4165E-1	7.2691E1	3.9400E0	6.5502E5	
297	-7.3959E-1	7.5748E1	3.9338E0	6.5724E5	
298	-7.3784E-1	7.8352E1	3.9275E0	6.5946E5	
299	-7.4066E-1	7.4163E1	3.9213E0	6.6168E5	
300	-7.4211E-1	7.2012E1	3.9150E0	6.6390E5	
301	-7.4211E-1	7.2012E1	3.9087E0	6.6612E5	
302	-7.3860E-1	7.7220E1	3.9025E0	6.6834E5	
303	-7.4112E-1	7.3484E1	3.8963E0	6.7056E5	
304	-7.3929E-1	7.6201E1	3.8900E0	6.7278E5	
305	-7.3982E-1	7.5408E1	3.8837E0	6.7500E5	
306	-7.3486E-1	8.2768E1	3.8773E0	6.7722E5	
307	-7.3723E-1	7.9258E1	3.8711E0	6.7944E5	
308	-7.3746E-1	7.8918E1	3.8648E0	6.8166E5	
309	-7.3593E-1	8.1183E1	3.8586E0	6.8388E5	
310	-7.3822E-1	7.7786E1	3.8522E0	6.8610E5	
311	-7.3616E-1	8.0843E1	3.8459E0	6.8832E5	
312	-7.3524E-1	8.2202E1	3.8396E0	6.9054E5	
313	-7.3631E-1	8.0617E1	3.8334E0	6.9276E5	
314	-7.3479E-1	8.2881E1	3.8271E0	6.9498E5	
315	-7.3669E-1	8.0051E1	3.8208E0	6.9720E5	
316	-7.3685E-1	7.9824E1	3.8144E0	6.9942E5	
317	-7.3242E-1	8.6391E1	3.8081E0	7.0164E5	
318	-7.3601E-1	8.1070E1	3.8017E0	7.0386E5	
319	-7.3540E-1	8.1975E1	3.7955E0	7.0608E5	
320	-7.3387E-1	8.4240E1	3.7892E0	7.0830E5	
321	-7.3303E-1	8.5485E1	3.7828E0	7.1052E5	
322	-7.3524E-1	8.2202E1	3.7764E0	7.1274E5	
323	-7.3395E-1	8.4127E1	3.7701E0	7.1496E5	
324	-7.3174E-1	8.7410E1	3.7637E0	7.1718E5	
325	-7.3242E-1	8.6391E1	3.7575E0	7.1940E5	
326	-7.3463E-1	8.3108E1	3.7510E0	7.2162E5	
327	-7.3380E-1	8.4353E1	3.7447E0	7.2384E5	
328	-7.3334E-1	8.5033E1	3.7383E0	7.2606E5	
329	-7.3303E-1	8.5485E1	3.7319E0	7.2828E5	
330	-7.3112E-1	8.8316E1	3.7256E0	7.3050E5	
331	-7.3174E-1	8.7410E1	3.7192E0	7.3272E5	
332	-7.3280E-1	8.5825E1	3.7129E0	7.3494E5	
333	-7.3303E-1	8.5485E1	3.7064E0	7.3716E5	
334	-7.3067E-1	8.8995E1	3.7001E0	7.3938E5	
335	-7.3067E-1	8.8995E1	3.6937E0	7.4160E5	
336	-7.3082E-1	8.8769E1	3.6873E0	7.4382E5	
337	-7.2968E-1	9.0467E1	3.6809E0	7.4604E5	
338	-7.3395E-1	8.4127E1	3.6745E0	7.4826E5	
339	-7.3051E-1	8.9222E1	3.6681E0	7.5048E5	
340	-7.3288E-1	8.5712E1	3.6618E0	7.5270E5	
341	-7.3250E-1	8.6278E1	3.6554E0	7.5492E5	
342	-7.2998E-1	9.0014E1	3.6489E0	7.5714E5	
343	-7.3013E-1	8.9788E1	3.6426E0	7.5936E5	
344	-7.3257E-1	8.6165E1	3.6362E0	7.6158E5	
345	-7.3021E-1	8.9675E1	3.6297E0	7.6380E5	
346	-7.3120E-1	8.8203E1	3.6233E0	7.6602E5	
347	-7.3151E-1	8.7750E1	3.6168E0	7.6824E5	
348	-7.2975E-1	9.0354E1	3.6104E0	7.7046E5	
349	-7.2960E-1	9.0581E1	3.6040E0	7.7268E5	
350	-7.2968E-1	9.0467E1	3.5976E0	7.7490E5	
351	-7.3326E-1	8.5146E1	3.5911E0	7.7712E5	
352	-7.3067E-1	8.8995E1	3.5846E0	7.7934E5	
353	-7.2952E-1	9.0694E1	3.5782E0	7.8156E5	
354	-7.3006E-1	8.9901E1	3.5717E0	7.8378E5	
355	-7.2998E-1	9.0014E1	3.5652E0	7.8600E5	
356	-7.3120E-1	8.8203E1	3.5589E0	7.8822E5	
357	-7.2693E-1	9.4544E1	3.5524E0	7.9044E5	
358	-7.2983E-1	9.0241E1	3.5459E0	7.9266E5	
359	-7.2662E-1	9.4996E1	3.5395E0	7.9488E5	
360	-7.2914E-1	9.1260E1	3.5330E0	7.9710E5	
361	-7.2716E-1	9.4204E1	3.5266E0	7.9932E5	
362	-7.2647E-1	9.5223E1	3.5201E0	8.0154E5	
363	-7.2708E-1	9.4317E1	3.5136E0	8.0376E5	
364	-7.2998E-1	9.0014E1	3.5071E0	8.0598E5	
365	-7.2746E-1	9.3751E1	3.5007E0	8.0820E5	
366	-7.2815E-1	9.2732E1	3.4941E0	8.1042E5	
367	-7.2609E-1	9.5789E1	3.4876E0	8.1264E5	
368	-7.2716E-1	9.4204E1	3.4812E0	8.1486E5	
369	-7.2586E-1	9.6129E1	3.4746E0	8.1708E5	
370	-7.2662E-1	9.4996E1	3.4682E0	8.1930E5	
371	-7.2182E-1	1.0213E2	3.4616E0	8.2152E5	
372	-7.2624E-1	9.5563E1	3.4552E0	8.2374E5	
373	-7.2342E-1	9.9752E1	3.4486E0	8.2596E5	
374	-7.2540E-1	9.6808E1	3.4421E0	8.2818E5	
375	-7.2327E-1	9.9978E1	3.4356E0	8.3040E5	
376	-7.2334E-1	9.9865E1	3.4291E0	8.3262E5	
377	-7.2098E-1	1.0338E2	3.4226E0	8.3484E5	
378	-7.2159E-1	1.0247E2	3.4160E0	8.3706E5	
379	-7.2441E-1	9.8280E1	3.4094E0	8.3928E5	
380	-7.2144E-1	1.0270E2	3.4030E0	8.4150E5	
381	-7.2205E-1	1.0179E2	3.3964E0	8.4372E5	
382	-7.2105E-1	1.0326E2	3.3899E0	8.4594E5	
383	-7.2250E-1	1.0111E2	3.3833E0	8.4816E5	
384	-7.2372E-1	9.9299E1	3.3768E0	8.5038E5	
385	-7.2060E-1	1.0394E2	3.3702E0	8.5260E5	
386	-7.1999E-1	1.0485E2	3.3637E0	8.5482E5	
387	-7.2144E-1	1.0270E2	3.3572E0	8.5704E5	
388	-7.2014E-1	1.0462E2	3.3506E0	8.5926E5	
389	-7.1960E-1	1.0541E2	3.3440E0	8.6148E5	
390	-7.1846E-1	1.0711E2	3.3373E0	8.6370E5	
391	-7.1930E-1	1.0587E2	3.3309E0	8.6592E5	
392	-7.2121E-1	1.0304E2	3.3244E0	8.6814E5	
393	-7.1991E-1	1.0496E2	3.3178E0	8.7036E5	
394	-7.1777E-1	1.0813E2	3.3111E0	8.7258E5	
395	-7.1793E-1	1.0790E2	3.3046E0	8.7480E5	
396	-7.1938E-1	1.0575E2	3.2980E0	8.7702E5	
397	-7.2060E-1	1.0394E2	3.2914E0	8.7924E5	
398	-7.2067E-1	1.0383E2	3.2848E0	8.8146E5	
399	-7.1968E-1	1.0530E2	3.2783E0	8.8368E5	
400	-7.1564E-1	1.1130E2	3.2717E0	8.8590E5	
401	-7.1831E-1	1.0734E2	3.2650E0	8.8812E5	
402	-7.1754E-1	1.0847E2	3.2584E0	8.9034E5	
403	-7.1899E-1	1.0632E2	3.2519E0	8.9256E5	
404	-7.1686E-1	1.0949E2	3.2452E0	8.9478E5	
405	-7.2006E-1	1.0473E2	3.2385E0	8.9700E5	
406	-7.1609E-1	1.1062E2	3.2320E0	8.9922E5	
407	-7.1800E-1	1.0779E2	3.2254E0	9.0144E5	
408	-7.1785E-1	1.0802E2	3.2187E0	9.0366E5	
409	-7.1808E-1	1.0768E2	3.2121E0	9.0588E5	
410	-7.1609E-1	1.1062E2	3.2055E0	9.0810E5	
411	-7.1640E-1	1.1017E2	3.1989E0	9.1032E5	
412	-7.2014E-1	1.0462E2	3.1922E0	9.1254E5	
413	-7.1518E-1	1.1198E2	3.1856E0	9.1476E5	
414	-7.1701E-1	1.0926E2	3.1789E0	9.1698E5	
415	-7.1678E-1	1.0960E2	3.1723E0	9.1920E5	
416	-7.1732E-1	1.0881E2	3.1657E0	9.2142E5	
417	-7.1945E-1	1.0564E2	3.1590E0	9.2364E5	
418	-7.1716E-1	1.0904E2	3.1524E0	9.2586E5	
419	-7.1625E-1	1.1040E2	3.1456E0	9.2808E5	
420	-7.1396E-1	1.1379E2	3.1390E0	9.3030E5	
421	-7.1747E-1	1.0858E2	3.1324E0	9.3252E5	
422	-7.1472E-1	1.1266E2	3.1257E0	9.3474E5	
423	-7.1716E-1	1.0904E2	3.1191E0	9.3696E5	
424	-7.1617E-1	1.1051E2	3.1124E0	9.3918E5	
425	-7.1640E-1	1.1017E2	3.1057E0	9.4140E5	
426	-7.1800E-1	1.0779E2	3.0991E0	9.4362E5	
427	-7.1678E-1	1.0960E2	3.0923E0	9.4584E5	
428	-7.1701E-1	1.0926E2	3.0857E0	9.4806E5	
429	-7.1442E-1	1.1311E2	3.0790E0	9.5028E5	
430	-7.1518E-1	1.1198E2	3.0722E0	9.5250E5	
431	-7.1518E-1	1.1198E2	3.0656E0	9.5472E5	
432	-7.1266E-1	1.1572E2	3.0590E0	9.5694E5	
433	-7.1449E-1	1.1300E2	3.0522E0	9.5916E5	
434	-7.1121E-1	1.1787E2	3.0455E0	9.6138E5	
435	-7.1373E-1	1.1413E2	3.0389E0	9.6360E5	
436	-7.1312E-1	1.1504E2	3.0322E0	9.6582E5	
437	-7.1381E-1	1.1402E2	3.0254E0	9.6804E5	
438	-7.1198E-1	1.1674E2	3.0186E0	9.7026E5	
439	-7.1159E-1	1.1730E2	3.0120E0	9.7248E5	
440	-7.1236E-1	1.1617E2	3.0052E0	9.7470E5	
441	-7.0992E-1	1.1979E2	2.9986E0	9.7692E5	
442	-7.0892E-1	1.2126E2	2.9919E0	9.7914E5	
443	-7.1022E-1	1.1934E2	2.9852E0	9.8136E5	
444	-7.0908E-1	1.2104E2	2.9785E0	9.8358E5	
445	-7.0915E-1	1.2093E2	2.9718E0	9.8580E5	
446	-7.0908E-1	1.2104E2	2.9650E0	9.8802E5	
447	-7.0854E-1	1.2183E2	2.9582E0	9.9024E5	
448	-7.0992E-1	1.1979E2	2.9515E0	9.9246E5	
449	-7.0778E-1	1.2296E2	2.9447E0	9.9468E5	
450	-7.0724E-1	1.2376E2	2.9380E0	9.9690E5	
451	-7.0694E-1	1.2421E2	2.9313E0	9.9912E5	
452	-7.0724E-1	1.2376E2	2.9245E0	1.0013E6	
453	-7.0534E-1	1.2659E2	2.9178E0	1.0036E6	
454	-7.0488E-1	1.2727E2	2.9110E0	1.0058E6	
455	-7.0740E-1	1.2353E2	2.9042E0	1.0080E6	
456	-7.0747E-1	1.2342E2	2.8974E0	1.0102E6	
457	-7.0465E-1	1.2761E2	2.8907E0	1.0124E6	
458	-7.0511E-1	1.2693E2	2.8839E0	1.0147E6	
459	-7.0404E-1	1.2851E2	2.8771E0	1.0169E6	
460	-7.0618E-1	1.2534E2	2.8704E0	1.0191E6	
461	-7.0335E-1	1.2953E2	2.8636E0	1.0213E6	
462	-7.0518E-1	1.2681E2	2.8569E0	1.0235E6	
463	-7.0274E-1	1.3044E2	2.8501E0	1.0258E6	
464	-7.0587E-1	1.2579E2	2.8434E0	1.0280E6	
465	-7.0656E-1	1.2477E2	2.8364E0	1.0302E6	
466	-7.0206E-1	1.3146E2	2.8297E0	1.0324E6	
467	-7.0496E-1	1.2715E2	2.8229E0	1.0346E6	
468	-7.0503E-1	1.2704E2	2.8161E0	1.0369E6	
469	-7.0427E-1	1.2817E2	2.8093E0	1.0391E6	
470	-7.0251E-1	1.3078E2	2.8026E0	1.0413E6	
471	-7.0404E-1	1.2851E2	2.7957E0	1.0435E6	
472	-7.0503E-1	1.2704E2	2.7889E0	1.0457E6	
473	-7.0427E-1	1.2817E2	2.7821E0	1.0480E6	
474	-7.0381E-1	1.2885E2	2.7753E0	1.0502E6	
475	-7.0488E-1	1.2727E2	2.7685E0	1.0524E6	
476	-7.0587E-1	1.2579E2	2.7618E0	1.0546E6	
477	-7.0267E-1	1.3055E2	2.7548E0	1.0568E6	
478	-7.0198E-1	1.3157E2	2.7481E0	1.0591E6	
479	-7.0663E-1	1.2466E2	2.7412E0	1.0613E6	
480	-7.0450E-1	1.2783E2	2.7343E0	1.0635E6	
481	-7.0419E-1	1.2828E2	2.7275E0	1.0657E6	
482	-7.0496E-1	1.2715E2	2.7207E0	1.0679E6	
483	-7.0534E-1	1.2659E2	2.7139E0	1.0702E6	
484	-7.0351E-1	1.2930E2	2.7071E0	1.0724E6	
485	-7.0274E-1	1.3044E2	2.7001E0	1.0746E6	
486	-7.0343E-1	1.2942E2	2.6933E0	1.0768E6	
487	-7.0259E-1	1.3066E2	2.6865E0	1.0790E6	
488	-7.0518E-1	1.2681E2	2.6797E0	1.0813E6	
489	-7.0564E-1	1.2613E2	2.6728E0	1.0835E6	
490	-7.0251E-1	1.3078E2	2.6660E0	1.0857E6	
491	-7.0358E-1	1.2919E2	2.6591E0	1.0879E6	
492	-7.0175E-1	1.3191E2	2.6521E0	1.0901E6	
493	-7.0435E-1	1.2806E2	2.6454E0	1.0924E6	
494	-7.0480E-1	1.2738E2	2.6385E0	1.0946E6	
495	-7.0122E-1	1.3270E2	2.6315E0	1.0968E6	
496	-6.9954E-1	1.3519E2	2.6248E0	1.0990E6	
497	-7.0183E-1	1.3179E2	2.6179E0	1.1012E6	
498	-7.0244E-1	1.3089E2	2.6110E0	1.1035E6	
499	-7.0114E-1	1.3281E2	2.6041E0	1.1057E6	
500	-6.9878E-1	1.3632E2	2.5973E0	1.1079E6	
501	-6.9901E-1	1.3598E2	2.5904E0	1.1101E6	
502	-6.9748E-1	1.3825E2	2.5835E0	1.1123E6	
503	-6.9984E-1	1.3474E2	2.5766E0	1.1146E6	
504	-6.9817E-1	1.3723E2	2.5697E0	1.1168E6	
505	-6.9748E-1	1.3825E2	2.5628E0	1.1190E6	
506	-6.9572E-1	1.4085E2	2.5560E0	1.1212E6	
507	-6.9656E-1	1.3961E2	2.5491E0	1.1234E6	
508	-6.9695E-1	1.3904E2	2.5421E0	1.1257E6	
509	-6.9557E-1	1.4108E2	2.5354E0	1.1279E6	
510	-6.9481E-1	1.4221E2	2.5284E0	1.1301E6	
511	-6.9542E-1	1.4131E2	2.5215E0	1.1323E6	
512	-6.9260E-1	1.4550E2	2.5145E0	1.1345E6	
513	-6.9572E-1	1.4085E2	2.5077E0	1.1368E6	
514	-6.9237E-1	1.4583E2	2.5008E0	1.1390E6	
515	-6.9405E-1	1.4334E2	2.4939E0	1.1412E6	
516	-6.9138E-1	1.4731E2	2.4869E0	1.1434E6	
517	-6.9191E-1	1.4651E2	2.4800E0	1.1456E6	
518	-6.9237E-1	1.4583E2	2.4731E0	1.1479E6	
519	-6.9191E-1	1.4651E2	2.4662E0	1.1501E6	
520	-6.9420E-1	1.4312E2	2.4592E0	1.1523E6	
521	-6.9237E-1	1.4583E2	2.4524E0	1.1545E6	
522	-6.9031E-1	1.4889E2	2.4453E0	1.1567E6	
523	-6.9206E-1	1.4629E2	2.4385E0	1.1590E6	
524	-6.8947E-1	1.5014E2	2.4314E0	1.1612E6	
525	-6.9130E-1	1.4742E2	2.4246E0	1.1634E6	
526	-6.9145E-1	1.4719E2	2.4176E0	1.1656E6	
527	-6.9183E-1	1.4663E2	2.4108E0	1.1678E6	
528	-6.9000E-1	1.4934E2	2.4038E0	1.1701E6	
529	-6.9054E-1	1.4855E2	2.3969E0	1.1723E6	
530	-6.9145E-1	1.4719E2	2.3898E0	1.1745E6	
531	-6.9122E-1	1.4753E2	2.3829E0	1.1767E6	
532	-6.9099E-1	1.4787E2	2.3760E0	1.1789E6	
533	-6.9145E-1	1.4719E2	2.3690E0	1.1812E6	
534	-6.9199E-1	1.4640E2	2.3620E0	1.1834E6	
535	-6.9206E-1	1.4629E2	2.3552E0	1.1856E6	
536	-6.9183E-1	1.4663E2	2.3482E0	1.1878E6	
537	-6.9084E-1	1.4810E2	2.3412E0	1.1900E6	
538	-6.9008E-1	1.4923E2	2.3342E0	1.1923E6	
539	-6.8962E-1	1.4991E2	2.3273E0	1.1945E6	
540	-6.9138E-1	1.4731E2	2.3202E0	1.1967E6	
541	-6.8993E-1	1.4946E2	2.3132E0	1.1989E6	
542	-6.9023E-1	1.4901E2	2.3063E0	1.2011E6	
543	-6.8970E-1	1.4980E2	2.2993E0	1.2034E6	
544	-6.8916E-1	1.5059E2	2.2922E0	1.2056E6	
545	-6.8970E-1	1.4980E2	2.2854E0	1.2078E6	
546	-6.8871E-1	1.5127E2	2.2784E0	1.2100E6	
547	-6.9054E-1	1.4855E2	2.2714E0	1.2122E6	
548	-6.9199E-1	1.4640E2	2.2644E0	1.2145E6	
549	-6.9099E-1	1.4787E2	2.2575E0	1.2167E6	
550	-6.8962E-1	1.4991E2	2.2504E0	1.2189E6	
551	-6.9008E-1	1.4923E2	2.2434E0	1.2211E6	
552	-6.8764E-1	1.5285E2	2.2364E0	1.2233E6	
553	-6.8893E-1	1.5093E2	2.2294E0	1.2256E6	
554	-6.9000E-1	1.4934E2	2.2224E0	1.2278E6	
555	-6.9122E-1	1.4753E2	2.2155E0	1.2300E6	
556	-6.8649E-1	1.5455E2	2.2086E0	1.2322E6	
557	-6.8474E-1	1.5716E2	2.2014E0	1.2344E6	
558	-6.9054E-1	1.4855E2	2.1944E0	1.2367E6	
559	-6.8916E-1	1.5059E2	2.1874E0	1.2389E6	
560	-6.8748E-1	1.5308E2	2.1805E0	1.2411E6	
561	-6.8604E-1	1.5523E2	2.1735E0	1.2433E6	
562	-6.8741E-1	1.5319E2	2.1664E0	1.2455E6	
563	-6.8535E-1	1.5625E2	2.1593E0	1.2478E6	
564	-6.8619E-1	1.5501E2	2.1524E0	1.2500E6	
565	-6.8726E-1	1.5342E2	2.1453E0	1.2522E6	
566	-6.8542E-1	1.5614E2	2.1384E0	1.2544E6	
567	-6.8329E-1	1.5931E2	2.1313E0	1.2566E6	
568	-6.8314E-1	1.5954E2	2.1242E0	1.2589E6	
569	-6.8298E-1	1.5976E2	2.1171E0	1.2611E6	
570	-6.8321E-1	1.5942E2	2.1101E0	1.2633E6	
571	-6.8260E-1	1.6033E2	2.1031E0	1.2655E6	
572	-6.8573E-1	1.5569E2	2.0961E0	1.2677E6	
573	-6.8291E-1	1.5987E2	2.0890E0	1.2700E6	
574	-6.8039E-1	1.6361E2	2.0820E0	1.2722E6	
575	-6.8031E-1	1.6372E2	2.0750E0	1.2744E6	
576	-6.8108E-1	1.6259E2	2.0679E0	1.2766E6	
577	-6.8031E-1	1.6372E2	2.0610E0	1.2788E6	
578	-6.8001E-1	1.6418E2	2.0539E0	1.2811E6	
579	-6.8268E-1	1.6021E2	2.0468E0	1.2833E6	
580	-6.8062E-1	1.6327E2	2.0397E0	1.2855E6	
581	-6.7780E-1	1.6746E2	2.0327E0	1.2877E6	
582	-6.8100E-1	1.6271E2	2.0256E0	1.2899E6	
583	-6.7734E-1	1.6814E2	2.0187E0	1.2922E6	
584	-6.7894E-1	1.6576E2	2.0115E0	1.2944E6	
585	-6.7810E-1	1.6701E2	2.0046E0	1.2966E6	
586	-6.7802E-1	1.6712E2	1.9974E0	1.2988E6	
587	-6.7558E-1	1.7074E2	1.9904E0	1.3010E6	
588	-6.7764E-1	1.6769E2	1.9833E0	1.3033E6	
589	-6.7719E-1	1.6837E2	1.9762E0	1.3055E6	
590	-6.7825E-1	1.6678E2	1.9692E0	1.3077E6	
591	-6.7917E-1	1.6542E2	1.9621E0	1.3099E6	
592	-6.7802E-1	1.6712E2	1.9550E0	1.3121E6	
593	-6.7673E-1	1.6905E2	1.9479E0	1.3144E6	
594	-6.7757E-1	1.6780E2	1.9409E0	1.3166E6	
595	-6.7642E-1	1.6950E2	1.9338E0	1.3188E6	
596	-6.7703E-1	1.6859E2	1.9267E0	1.3210E6	
597	-6.7863E-1	1.6622E2	1.9196E0	1.3232E6	
598	-6.7833E-1	1.6667E2	1.9126E0	1.3255E6	
599	-6.7665E-1	1.6916E2	1.9054E0	1.3277E6	
600	-6.7558E-1	1.7074E2	1.8983E0	1.3299E6	
601	-6.7940E-1	1.6508E2	1.8912E0	1.3321E6	
602	-6.7841E-1	1.6656E2	1.8841E0	1.3343E6	
603	-6.7886E-1	1.6588E2	1.8771E0	1.3366E6	
604	-6.7558E-1	1.7074E2	1.8700E0	1.3388E6	
605	-6.7802E-1	1.6712E2	1.8629E0	1.3410E6	
606	-6.7734E-1	1.6814E2	1.8559E0	1.3432E6	
607	-6.7520E-1	1.7131E2	1.8487E0	1.3454E6	
608	-6.7604E-1	1.7007E2	1.8416E0	1.3477E6	
609	-6.7589E-1	1.7029E2	1.8345E0	1.3499E6	
610	-6.7772E-1	1.6757E2	1.8274E0	1.3521E6	
611	-6.7726E-1	1.6825E2	1.8203E0	1.3543E6	
612	-6.7673E-1	1.6905E2	1.8132E0	1.3565E6	
613	-6.7719E-1	1.6837E2	1.8062E0	1.3588E6	
614	-6.7719E-1	1.6837E2	1.7990E0	1.3610E6	
615	-6.7451E-1	1.7233E2	1.7920E0	1.3632E6	
616	-6.7673E-1	1.6905E2	1.7847E0	1.3654E6	
617	-6.7566E-1	1.7063E2	1.7777E0	1.3676E6	
618	-6.7375E-1	1.7346E2	1.7705E0	1.3699E6	
619	-6.7490E-1	1.7176E2	1.7634E0	1.3721E6	
620	-6.7543E-1	1.7097E2	1.7563E0	1.3743E6	
621	-6.7490E-1	1.7176E2	1.7492E0	1.3765E6	
622	-6.7245E-1	1.7539E2	1.7420E0	1.3787E6	
623	-6.7245E-1	1.7539E2	1.7349E0	1.3810E6	
624	-6.7429E-1	1.7267E2	1.7278E0	1.3832E6	
625	-6.7474E-1	1.7199E2	1.7207E0	1.3854E6	
626	-6.7238E-1	1.7550E2	1.7136E0	1.3876E6	
627	-6.7093E-1	1.7765E2	1.7063E0	1.3898E6	
628	-6.7192E-1	1.7618E2	1.6994E0	1.3921E6	
629	-6.7261E-1	1.7516E2	1.6923E0	1.3943E6	
630	-6.7085E-1	1.7776E2	1.6850E0	1.3965E6	
631	-6.6833E-1	1.8150E2	1.6779E0	1.3987E6	
632	-6.7101E-1	1.7754E2	1.6708E0	1.4009E6	
633	-6.6940E-1	1.7992E2	1.6636E0	1.4032E6	
634	-6.6963E-1	1.7958E2	1.6565E0	1.4054E6	
635	-6.6978E-1	1.7935E2	1.6493E0	1.4076E6	
636	-6.6811E-1	1.8184E2	1.6422E0	1.4098E6	
637	-6.6788E-1	1.8218E2	1.6351E0	1.4120E6	
638	-6.6681E-1	1.8377E2	1.6280E0	1.4143E6	
639	-6.6719E-1	1.8320E2	1.6209E0	1.4165E6	
640	-6.6696E-1	1.8354E2	1.6137E0	1.4187E6	
641	-6.6589E-1	1.8512E2	1.6066E0	1.4209E6	
642	-6.6673E-1	1.8388E2	1.5993E0	1.4231E6	
643	-6.6788E-1	1.8218E2	1.5923E0	1.4254E6	
644	-6.6551E-1	1.8569E2	1.5851E0	1.4276E6	
645	-6.6406E-1	1.8784E2	1.5779E0	1.4298E6	
646	-6.6612E-1	1.8478E2	1.5707E0	1.4320E6	
647	-6.6620E-1	1.8467E2	1.5636E0	1.4342E6	
648	-6.6368E-1	1.8841E2	1.5565E0	1.4365E6	
649	-6.6475E-1	1.8682E2	1.5493E0	1.4387E6	
650	-6.6818E-1	1.8173E2	1.5422E0	1.4409E6	
651	-6.6254E-1	1.9011E2	1.5350E0	1.4431E6	
652	-6.6238E-1	1.9033E2	1.5278E0	1.4453E6	
653	-6.6422E-1	1.8762E2	1.5207E0	1.4476E6	
654	-6.6452E-1	1.8716E2	1.5135E0	1.4498E6	
655	-6.6582E-1	1.8524E2	1.5064E0	1.4520E6	
656	-6.6498E-1	1.8648E2	1.4992E0	1.4542E6	
657	-6.6208E-1	1.9079E2	1.4920E0	1.4564E6	
658	-6.6498E-1	1.8648E2	1.4849E0	1.4587E6	
659	-6.6162E-1	1.9146E2	1.4778E0	1.4609E6	
660	-6.6360E-1	1.8852E2	1.4705E0	1.4631E6	
661	-6.6345E-1	1.8875E2	1.4634E0	1.4653E6	
662	-6.6483E-1	1.8671E2	1.4562E0	1.4675E6	
663	-6.6551E-1	1.8569E2	1.4491E0	1.4698E6	
664	-6.6139E-1	1.9180E2	1.4418E0	1.4720E6	
665	-6.6315E-1	1.8920E2	1.4348E0	1.4742E6	
666	-6.6475E-1	1.8682E2	1.4275E0	1.4764E6	
667	-6.6330E-1	1.8897E2	1.4203E0	1.4786E6	
668	-6.6353E-1	1.8863E2	1.4133E0	1.4809E6	
669	-6.6269E-1	1.8988E2	1.4061E0	1.4831E6	
670	-6.6322E-1	1.8909E2	1.3990E0	1.4853E6	
671	-6.6460E-1	1.8705E2	1.3917E0	1.4875E6	
672	-6.6383E-1	1.8818E2	1.3844E0	1.4897E6	
673	-6.6597E-1	1.8501E2	1.3774E0	1.4920E6	
674	-6.6483E-1	1.8671E2	1.3702E0	1.4942E6	
675	-6.6132E-1	1.9192E2	1.3629E0	1.4964E6	
676	-6.6368E-1	1.8841E2	1.3559E0	1.4986E6	
677	-6.6322E-1	1.8909E2	1.3486E0	1.5008E6	
678	-6.6170E-1	1.9135E2	1.3415E0	1.5031E6	
679	-6.6200E-1	1.9090E2	1.3343E0	1.5053E6	
680	-6.6353E-1	1.8863E2	1.3271E0	1.5075E6	
681	-6.6269E-1	1.8988E2	1.3199E0	1.5097E6	
682	-6.6467E-1	1.8694E2	1.3128E0	1.5119E6	
683	-6.6154E-1	1.9158E2	1.3055E0	1.5142E6	
684	-6.6032E-1	1.9339E2	1.2984E0	1.5164E6	
685	-6.6109E-1	1.9226E2	1.2912E0	1.5186E6	
686	-6.6200E-1	1.9090E2	1.2841E0	1.5208E6	
687	-6.5865E-1	1.9588E2	1.2768E0	1.5230E6	
688	-6.5994E-1	1.9396E2	1.2696E0	1.5253E6	
689	-6.5971E-1	1.9430E2	1.2625E0	1.5275E6	
690	-6.5941E-1	1.9475E2	1.2554E0	1.5297E6	
691	-6.5643E-1	1.9916E2	1.2482E0	1.5319E6	
692	-6.5826E-1	1.9645E2	1.2409E0	1.5341E6	
693	-6.5735E-1	1.9781E2	1.2337E0	1.5364E6	
694	-6.5598E-1	1.9984E2	1.2266E0	1.5386E6	
695	-6.5712E-1	1.9815E2	1.2193E0	1.5408E6	
696	-6.5651E-1	1.9905E2	1.2122E0	1.5430E6	
697	-6.5437E-1	2.0222E2	1.2050E0	1.5452E6	
698	-6.5636E-1	1.9928E2	1.1978E0	1.5475E6	
699	-6.5414E-1	2.0256E2	1.1907E0	1.5497E6	
700	-6.5437E-1	2.0222E2	1.1834E0	1.5519E6	
701	-6.5323E-1	2.0392E2	1.1763E0	1.5541E6	
702	-6.5262E-1	2.0483E2	1.1691E0	1.5563E6	
703	-6.5269E-1	2.0471E2	1.1618E0	1.5586E6	
704	-6.5163E-1	2.0630E2	1.1547E0	1.5608E6	
705	-6.5308E-1	2.0415E2	1.1475E0	1.5630E6	
706	-6.5201E-1	2.0573E2	1.1403E0	1.5652E6	
707	-6.5315E-1	2.0403E2	1.1332E0	1.5674E6	
708	-6.5010E-1	2.0856E2	1.1259E0	1.5697E6	
709	-6.5094E-1	2.0732E2	1.1188E0	1.5719E6	
710	-6.5125E-1	2.0686E2	1.1115E0	1.5741E6	
711	-6.5125E-1	2.0686E2	1.1044E0	1.5763E6	
712	-6.5010E-1	2.0856E2	1.0971E0	1.5785E6	
713	-6.5269E-1	2.0471E2	1.0901E0	1.5808E6	
714	-6.5041E-1	2.0811E2	1.0828E0	1.5830E6	
715	-6.5262E-1	2.0483E2	1.0757E0	1.5852E6	
716	-6.5147E-1	2.0652E2	1.0685E0	1.5874E6	
717	-6.5010E-1	2.0856E2	1.0612E0	1.5896E6	
718	-6.4995E-1	2.0879E2	1.0541E0	1.5919E6	
719	-6.8497E-1	1.5682E2	1.0470E0	1.5941E6	
720	-6.8008E-1	1.6406E2	1.0398E0	1.5963E6	
721	-6.7146E-1	1.7686E2	1.0326E0	1.5985E6	
722	-6.6452E-1	1.8716E2	1.0253E0	1.6007E6	
723	-6.5781E-1	1.9713E2	1.0182E0	1.6030E6	
724	-6.4888E-1	2.1037E2	1.0109E0	1.6052E6	
725	-6.4140E-1	2.2147E2	1.0038E0	1.6074E6	
726	-6.3782E-1	2.2679E2	9.9665E-1	1.6096E6	
727	-6.2500E-1	2.4581E2	9.8942E-1	1.6118E6	
728	-6.1996E-1	2.5329E2	9.8228E-1	1.6141E6	
729	-6.1043E-1	2.6744E2	9.7509E-1	1.6163E6	
730	-6.0318E-1	2.7820E2	9.6792E-1	1.6185E6	
731	-5.9494E-1	2.9042E2	9.6075E-1	1.6207E6	
732	-5.9364E-1	2.9235E2	9.5353E-1	1.6229E6	
733	-5.8739E-1	3.0163E2	9.4633E-1	1.6252E6	
734	-5.8105E-1	3.1103E2	9.3922E-1	1.6274E6	
735	-5.7434E-1	3.2099E2	9.3208E-1	1.6296E6	
736	-5.7068E-1	3.2643E2	9.2489E-1	1.6318E6	
737	-5.6496E-1	3.3492E2	9.1769E-1	1.6340E6	
738	-5.6061E-1	3.4138E2	9.1051E-1	1.6363E6	
739	-5.5496E-1	3.4975E2	9.0329E-1	1.6385E6	
740	-5.5122E-1	3.5530E2	8.9613E-1	1.6407E6	
741	-5.4398E-1	3.6606E2	8.8900E-1	1.6429E6	
742	-5.3581E-1	3.7817E2	8.8186E-1	1.6451E6	
743	-5.3246E-1	3.8316E2	8.7463E-1	1.6474E6	
744	-5.2551E-1	3.9346E2	8.6739E-1	1.6496E6	
745	-5.2109E-1	4.0003E2	8.6019E-1	1.6518E6	
746	-5.1201E-1	4.1350E2	8.5315E-1	1.6540E6	
747	-5.0774E-1	4.1984E2	8.4592E-1	1.6562E6	
748	-4.9622E-1	4.3694E2	8.3875E-1	1.6585E6	
749	-4.9278E-1	4.4203E2	8.3156E-1	1.6607E6	
750	-4.8378E-1	4.5539E2	8.2440E-1	1.6629E6	
751	-4.7844E-1	4.6332E2	8.1723E-1	1.6651E6	
752	-4.7478E-1	4.6875E2	8.1009E-1	1.6673E6	
753	-4.6997E-1	4.7589E2	8.0291E-1	1.6696E6	
754	-4.6158E-1	4.8834E2	7.9561E-1	1.6718E6	
755	-4.5685E-1	4.9536E2	7.8859E-1	1.6740E6	
756	-4.4907E-1	5.0691E2	7.8147E-1	1.6762E6	
757	-4.4449E-1	5.1371E2	7.7421E-1	1.6784E6	
758	-4.3892E-1	5.2197E2	7.6709E-1	1.6807E6	
759	-4.3182E-1	5.3250E2	7.5987E-1	1.6829E6	
760	-4.2114E-1	5.4835E2	7.5274E-1	1.6851E6	
761	-4.2053E-1	5.4926E2	7.4562E-1	1.6873E6	
762	-4.1130E-1	5.6296E2	7.3838E-1	1.6895E6	
763	-4.0733E-1	5.6885E2	7.3126E-1	1.6918E6	
764	-3.9757E-1	5.8334E2	7.2409E-1	1.6940E6	
765	-3.9116E-1	5.9285E2	7.1697E-1	1.6962E6	
766	-3.8597E-1	6.0055E2	7.0971E-1	1.6984E6	
767	-3.7834E-1	6.1187E2	7.0268E-1	1.7006E6	
768	-3.7193E-1	6.2138E2	6.9546E-1	1.7029E6	
769	-3.6095E-1	6.3769E2	6.8830E-1	1.7051E6	
770	-3.5233E-1	6.5048E2	6.8108E-1	1.7073E6	
771	-3.4149E-1	6.6656E2	6.7397E-1	1.7095E6	
772	-3.3974E-1	6.6916E2	6.6685E-1	1.7117E6	
773	-3.3180E-1	6.8094E2	6.5973E-1	1.7140E6	
774	-3.2005E-1	6.9838E2	6.5249E-1	1.7162E6	
775	-3.1395E-1	7.0743E2	6.4538E-1	1.7184E6	
776	-3.0312E-1	7.2351E2	6.3823E-1	1.7206E6	
777	-2.9305E-1	7.3846E2	6.3169E-1	1.7227E6	
778	-2.9167E-1	7.4050E2	6.3106E-1	1.7229E6	
779	-2.9037E-1	7.4242E2	6.3041E-1	1.7231E6	
780	-2.9037E-1	7.4242E2	6.3041E-1	1.7231E6	
781	-2.9037E-1	7.4242E2	6.3041E-1	1.7231E6	
782	-2.9037E-1	7.4242E2	6.3041E-1	1.7231E6	
783	-2.9037E-1	7.4242E2	6.3041E-1	1.7231E6	
784	-2.9037E-1	7.4242E2	6.3041E-1	1.7231E6	
785	-2.9037E-1	7.4242E2	6.3041E-1	1.7231E6	
786	-2.9037E-1	7.4242E2	6.3041E-1	1.7231E6	
787	-2.9037E-1	7.4242E2	6.3041E-1	1.7231E6	
788	-2.9037E-1	7.4242E2	6.3041E-1	1.7231E6	
789	-2.9037E-1	7.4242E2	6.3041E-1	1.7231E6	
790	-2.9037E-1	7.4242E2	6.3041E-1	1.7231E6	
791	-2.9037E-1	7.4242E2	6.3041E-1	1.7231E6	
792	-2.9037E-1	7.4242E2	6.3041E-1	1.7231E6	
793	-2.9037E-1	7.4242E2	6.3041E-1	1.7231E6	
794	-2.9037E-1	7.4242E2	6.3041E-1	1.7231E6	
795	-2.9037E-1	7.4242E2	6.3041E-1	1.7231E6	
796	-2.9037E-1	7.4242E2	6.3041E-1	1.7231E6	
797	-2.9037E-1	7.4242E2	6.3041E-1	1.7231E6	
798	-2.9037E-1	7.4242E2	6.3041E-1	1.7231E6	
799	-2.9037E-1	7.4242E2	6.3041E-1	1.7231E6	
800	-2.9037E-1	7.4242E2	6.3041E-1	1.7231E6	
801	-2.9037E-1	7.4242E2	6.3041E-1	1.7231E6	
802	-2.9037E-1	7.4242E2	6.3041E-1	1.7231E6	
803	-2.9037E-1	7.4242E2	6.3041E-1	1.7231E6	
804	-2.9037E-1	7.4242E2	6.3041E-1	1.7231E6	
805	-2.9037E-1	7.4242E2	6.3041E-1	1.7231E6	
806	-2.9037E-1	7.4242E2	6.3041E-1	1.7231E6	
807	-2.9037E-1	7.4242E2	6.3041E-1	1.7231E6	
808	-2.9037E-1	7.4242E2	6.3041E-1	1.7231E6	
809	-2.9037E-1	7.4242E2	6.3041E-1	1.7231E6	
810	-2.9037E-1	7.4242E2	6.3041E-1	1.7231E6	
811	-2.9037E-1	7.4242E2	6.3041E-1	1.7231E6	
812	-2.9037E-1	7.4242E2	6.3041E-1	1.7231E6	
813	-2.9037E-1	7.4242E2	6.3041E-1	1.7231E6	
814	-2.9037E-1	7.4242E2	6.3041E-1	1.7231E6	
815	-2.9037E-1	7.4242E2	6.3041E-1	1.7231E6	
816	-2.9037E-1	7.4242E2	6.3041E-1	1.7231E6	
817	-2.9037E-1	7.4242E2	6.3041E-1	1.7231E6	
818	-2.9037E-1	7.4242E2	6.3041E-1	1.7231E6	
819	-2.9037E-1	7.4242E2	6.3041E-1	1.7231E6	
820	-2.9037E-1	7.4242E2	6.3041E-1	1.7231E6	
821	-2.9037E-1	7.4242E2	6.3041E-1	1.7231E6	
822	-2.9037E-1	7.4242E2	6.3041E-1	1.7231E6	
823	-2.9037E-1	7.4242E2	6.3041E-1	1.7231E6	
824	-2.9037E-1	7.4242E2	6.3041E-1	1.7231E6	
825	-2.9037E-1	7.4242E2	6.3041E-1	1.7231E6	
826	-2.9037E-1	7.4242E2	6.3041E-1	1.7231E6	
827	-2.9037E-1	7.4242E2	6.3041E-1	1.7231E6	
828	-2.9037E-1	7.4242E2	6.3041E-1	1.7231E6	
829	-2.9037E-1	7.4242E2	6.3041E-1	1.7231E6	
830	-2.9037E-1	7.4242E2	6.3041E-1	1.7231E6	
831	-2.9037E-1	7.4242E2	6.3041E-1	1.7231E6	
832	-2.9037E-1	7.4242E2	6.3041E-1	1.7231E6	
833	-2.9037E-1	7.4242E2	6.3041E-1	1.7231E6	
834	-2.9037E-1	7.4242E2	6.3041E-1	1.7231E6	
835	-2.9037E-1	7.4242E2	6.3041E-1	1.7231E6	
836	-2.9037E-1	7.4242E2	6.3041E-1	1.7231E6	
837	-2.9037E-1	7.4242E2	6.3041E-1	1.7231E6	
838	-2.9037E-1	7.4242E2	6.3041E-1	1.7231E6	
839	-2.9037E-1	7.4242E2	6.3041E-1	1.7231E6	
840	-2.9037E-1	7.4242E2	6.3041E-1	1.7231E6	
841	-2.9037E-1	7.4242E2	6.3041E-1	1.7231E6	
842	-2.9037E-1	7.4242E2	6.3041E-1	1.7231E6	
843	-2.9037E-1	7.4242E2	6.3041E-1	1.7231E6	
844	-2.9037E-1	7.4242E2	6.3041E-1	1.7231E6	
845	-2.9037E-1	7.4242E2	6.3041E-1	1.7231E6	
846	-2.9037E-1	7.4242E2	6.3041E-1	1.7231E6	
847	-2.9037E-1	7.4242E2	6.3041E-1	1.7231E6	
848	-2.9037E-1	7.4242E2	6.3041E-1	1.7231E6	
849	-2.9037E-1	7.4242E2	6.3041E-1	1.7231E6	
850	-2.9037E-1	7.4242E2	6.3041E-1	1.7231E6	
851	-2.9037E-1	7.4242E2	6.3041E-1	1.7231E6	
852	-2.9037E-1	7.4242E2	6.3041E-1	1.7231E6	
853	-2.9037E-1	7.4242E2	6.3041E-1	1.7231E6	
854	-2.9037E-1	7.4242E2	6.3041E-1	1.7231E6	
855	-2.9037E-1	7.4242E2	6.3041E-1	1.7231E6	
856	-2.9037E-1	7.4242E2	6.3041E-1	1.7231E6	
857	-2.9037E-1	7.4242E2	6.3041E-1	1.7231E6	
858	-2.9037E-1	7.4242E2	6.3041E-1	1.7231E6	
859	-2.9037E-1	7.4242E2	6.3041E-1	1.7231E6	
860	-2.9037E-1	7.4242E2	6.3041E-1	1.7231E6	
861	-2.9037E-1	7.4242E2	6.3041E-1	1.7231E6	
862	-2.9037E-1	7.4242E2	6.3041E-1	1.7231E6	
863	-2.9037E-1	7.4242E2	6.3041E-1	1.7231E6	
864	-2.9037E-1	7.4242E2	6.3041E-1	1.7231E6	
865	-2.9037E-1	7.4242E2	6.3041E-1	1.7231E6	
866	-2.9037E-1	7.4242E2	6.3041E-1	1.7231E6	
867	-2.9037E-1	7.4242E2	6.3041E-1	1.7231E6	
868	-2.9037E-1	7.4242E2	6.3041E-1	1.7231E6	
869	-2.9037E-1	7.4242E2	6.3041E-1	1.7231E6	
870	-2.9037E-1	7.4242E2	6.3041E-1	1.7231E6	
871	-2.9037E-1	7.4242E2	6.3041E-1	1.7231E6	
872	-2.9037E-1	7.4242E2	6.3041E-1	1.7231E6	
873	-2.9037E-1	7.4242E2	6.3041E-1	1.7231E6	
874	-2.9037E-1	7.4242E2	6.3041E-1	1.7231E6	
875	-2.9037E-1	7.4242E2	6.3041E-1	1.7231E6	
876	-2.9037E-1	7.4242E2	6.3041E-1	1.7231E6	
877	-2.9037E-1	7.4242E2	6.3041E-1	1.7231E6	
878	-2.9037E-1	7.4242E2	6.3041E-1	1.7231E6	
879	-2.9037E-1	7.4242E2	6.3041E-1	1.7231E6	
880	-2.9037E-1	7.4242E2	6.3041E-1	1.7231E6	
881	-2.9037E-1	7.4242E2	6.3041E-1	1.7231E6	
882	-2.9037E-1	7.4242E2	6.3041E-1	1.7231E6	
883	-2.9037E-1	7.4242E2	6.3041E-1	1.7231E6	
884	-2.9037E-1	7.4242E2	6.3041E-1	1.7231E6	
885	-2.9037E-1	7.4242E2	6.3041E-1	1.7231E6	
886	-2.9037E-1	7.4242E2	6.3041E-1	1.7231E6	
887	-2.9037E-1	7.4242E2	6.3041E-1	1.7231E6	
888	-2.9037E-1	7.4242E2	6.3041E-1	1.7231E6	
889	-2.9037E-1	7.4242E2	6.3041E-1	1.7231E6	
890	-2.9037E-1	7.4242E2	6.3041E-1	1.7231E6	
891	-2.9037E-1	7.4242E2	6.3041E-1	1.7231E6	
892	-2.9037E-1	7.4242E2	6.3041E-1	1.7231E6	
893	-2.9037E-1	7.4242E2	6.3041E-1	1.7231E6	
894	-2.9037E-1	7.4242E2	6.3041E-1	1.7231E6	
895	-2.9037E-1	7.4242E2	6.3041E-1	1.7231E6	
896	-2.9037E-1	7.4242E2	6.3041E-1	1.7231E6	
897	-2.9037E-1	7.4242E2	6.3041E-1	1.7231E6	
898	-2.9037E-1	7.4242E2	6.3041E-1	1.7231E6	
899	-2.9037E-1	7.4242E2	6.3041E-1	1.7231E6	
900	-2.9037E-1	7.4242E2	6.3041E-1	1.7231E6	
901	-2.9037E-1	7.4242E2	6.3041E-1	1.7231E6	
902	-2.9037E-1	7.4242E2	6.3041E-1	1.7231E6	
903	-2.9037E-1	7.4242E2	6.3041E-1	1.7231E6	
904	-2.9037E-1	7.4242E2	6.3041E-1	1.7231E6	
905	-2.9037E-1	7.4242E2	6.3041E-1	1.7231E6	
906	-2.9037E-1	7.4242E2	6.3041E-1	1.7231E6	
907	-2.9037E-1	7.4242E2	6.3041E-1	1.7231E6	
908	-2.9037E-1	7.4242E2	6.3041E-1	1.7231E6	
909	-2.9037E-1	7.4242E2	6.3041E-1	1.7231E6	
910	-2.9037E-1	7.4242E2	6.3041E-1	1.7231E6	
911	-2.9037E-1	7.4242E2	6.3041E-1	1.7231E6	
912	-2.9037E-1	7.4242E2	6.3041E-1	1.7231E6	
913	-2.9037E-1	7.4242E2	6.3041E-1	1.7231E6	
914	-2.9037E-1	7.4242E2	6.3041E-1	1.7231E6	
915	-2.9037E-1	7.4242E2	6.3041E-1	1.7231E6	
916	-2.9037E-1	7.4242E2	6.3041E-1	1.7231E6	
917	-2.9037E-1	7.4242E2	6.3041E-1	1.7231E6	
918	-2.9037E-1	7.4242E2	6.3041E-1	1.7231E6	
919	-2.9037E-1	7.4242E2	6.3041E-1	1.7231E6	
920	-2.9037E-1	7.4242E2	6.3041E-1	1.7231E6	
921	-2.9037E-1	7.4242E2	6.3041E-1	1.7231E6	
922	-2.9037E-1	7.4242E2	6.3041E-1	1.7231E6	
923	-2.9037E-1	7.4242E2	6.3041E-1	1.7231E6	
924	-2.9037E-1	7.4242E2	6.3041E-1	1.7231E6	
925	-2.9037E-1	7.4242E2	6.3041E-1	1.7231E6	
926	-2.9037E-1	7.4242E2	6.3041E-1	1.7231E6	
927	-2.9037E-1	7.4242E2	6.3041E-1	1.7231E6	
928	-2.9037E-1	7.4242E2	6.3041E-1	1.7231E6	
929	-2.9037E-1	7.4242E2	6.3041E-1	1.7231E6	
930	-2.9037E-1	7.4242E2	6.3041E-1	1.7231E6	
931	-2.9037E-1	7.4242E2	6.3041E-1	1.7231E6	
932	-2.9037E-1	7.4242E2	6.3041E-1	1.7231E6	
933	-2.9037E-1	7.4242E2	6.3041E-1	1.7231E6	
934	-2.9037E-1	7.4242E2	6.3041E-1	1.7231E6	
935	-2.9037E-1	7.4242E2	6.3041E-1	1.7231E6	
936	-2.9037E-1	7.4242E2	6.3041E-1	1.7231E6	
937	-2.9037E-1	7.4242E2	6.3041E-1	1.7231E6	
938	-2.9037E-1	7.4242E2	6.3041E-1	1.7231E6	
939	-2.9037E-1	7.4242E2	6.3041E-1	1.7231E6	
940	-2.9037E-1	7.4242E2	6.3041E-1	1.7231E6	
941	-2.9037E-1	7.4242E2	6.3041E-1	1.7231E6	
942	-2.9037E-1	7.4242E2	6.3041E-1	1.7231E6	
943	-2.9037E-1	7.4242E2	6.3041E-1	1.7231E6	
944	-2.9037E-1	7.4242E2	6.3041E-1	1.7231E6	
945	-2.9037E-1	7.4242E2	6.3041E-1	1.7231E6	
946	-2.9037E-1	7.4242E2	6.3041E-1	1.7231E6	
947	-2.9037E-1	7.4242E2	6.3041E-1	1.7231E6	
948	-2.9037E-1	7.4242E2	6.3041E-1	1.7231E6	
949	-2.9037E-1	7.4242E2	6.3041E-1	1.7231E6	
950	-2.9037E-1	7.4242E2	6.3041E-1	1.7231E6	
951	-2.9037E-1	7.4242E2	6.3041E-1	1.7231E6	
952	-2.9037E-1	7.4242E2	6.3041E-1	1.7231E6	
953	-2.9037E-1	7.4242E2	6.3041E-1	1.7231E6	
954	-2.9037E-1	7.4242E2	6.3041E-1	1.7231E6	
955	-2.9037E-1	7.4242E2	6.3041E-1	1.7231E6	
956	-2.9037E-1	7.4242E2	6.3041E-1	1.7231E6	
957	-2.9037E-1	7.4242E2	6.3041E-1	1.7231E6	
958	-2.9037E-1	7.4242E2	6.3041E-1	1.7231E6	
959	-2.9037E-1	7.4242E2	6.3041E-1	1.7231E6	
960	-2.9037E-1	7.4242E2	6.3041E-1	1.7231E6	
961	-2.9037E-1	7.4242E2	6.3041E-1	1.7231E6	
962	-2.9037E-1	7.4242E2	6.3041E-1	1.7231E6	
963	-2.9037E-1	7.4242E2	6.3041E-1	1.7231E6	
964	-2.9037E-1	7.4242E2	6.3041E-1	1.7231E6	
965	-2.9037E-1	7.4242E2	6.3041E-1	1.7231E6	
966	-2.9037E-1	7.4242E2	6.3041E-1	1.7231E6	
967	-2.9037E-1	7.4242E2	6.3041E-1	1.7231E6	
968	-2.9037E-1	7.4242E2	6.3041E-1	1.7231E6	
969	-2.9037E-1	7.4242E2	6.3041E-1	1.7231E6	
970	-2.9037E-1	7.4242E2	6.3041E-1	1.7231E6	
971	-2.9037E-1	7.4242E2	6.3041E-1	1.7231E6	
972	-2.9037E-1	7.4242E2	6.3041E-1	1.7231E6	
973	-2.9037E-1	7.4242E2	6.3041E-1	1.7231E6	
974	-2.9037E-1	7.4242E2	6.3041E-1	1.7231E6	
975	-2.9037E-1	7.4242E2	6.3041E-1	1.7231E6	
976	-2.9037E-1	7.4242E2	6.3041E-1	1.7231E6	
977	-2.9037E-1	7.4242E2	6.3041E-1	1.7231E6	
978	-2.9037E-1	7.4242E2	6.3041E-1	1.7231E6	
979	-2.9037E-1	7.4242E2	6.3041E-1	1.7231E6	
980	-2.9037E-1	7.4242E2	6.3041E-1	1.7231E6	
981	-2.9037E-1	7.4242E2	6.3041E-1	1.7231E6	
982	-2.9037E-1	7.4242E2	6.3041E-1	1.7231E6	
983	-2.9037E-1	7.4242E2	6.3041E-1	1.7231E6	
984	-2.9037E-1	7.4242E2	6.3041E-1	1.7231E6	
985	-2.9037E-1	7.4242E2	6.3041E-1	1.7231E6	
986	-2.9037E-1	7.4242E2	6.3041E-1	1.7231E6	
987	-2.9037E-1	7.4242E2	6.3041E-1	1.7231E6	
988	-2.9037E-1	7.4242E2	6.3041E-1	1.7231E6	
989	-2.9037E-1	7.4242E2	6.3041E-1	1.7231E6	
990	-2.9037E-1	7.4242E2	6.3041E-1	1.7231E6	
991	-2.9037E-1	7.4242E2	6.3041E-1	1.7231E6	
992	-2.9037E-1	7.4242E2	6.3041E-1	1.7231E6	
993	-2.9037E-1	7.4242E2	6.3041E-1	1.7231E6	
994	-2.9037E-1	7.4242E2	6.3041E-1	1.7231E6	
995	-2.9037E-1	7.4242E2	6.3041E-1	1.7231E6	
996	-2.9037E-1	7.4242E2	6.3041E-1	1.7231E6	
997	-2.9037E-1	7.4242E2	6.3041E-1	1.7231E6	
998	-2.9037E-1	7.4242E2	6.3041E-1	1.7231E6	
999	-2.9037E-1	7.4242E2	6.3041E-1	1.7231E6	
1000	-2.9037E-1	7.4242E2	6.3041E-1	1.7231E6	
1001	-2.9037E-1	7.4242E2	6.3041E-1	1.7231E6	
1002	-2.9037E-1	7.4242E2	6.3041E-1	1.7231E6	
1003	-2.9037E-1	7.4242E2	6.3041E-1	1.7231E6	
1004	-2.9037E-1	7.4242E2	6.3041E-1	1.7231E6	
1005	-2.9037E-1	7.4242E2	6.3041E-1	1.7231E6	
1006	-2.9037E-1	7.4242E2	6.3041E-1	1.7231E6	
1007	-2.9037E-1	7.4242E2	6.3041E-1	1.7231E6	
1008	-2.9037E-1	7.4242E2	6.3041E-1	1.7231E6	
1009	-2.9037E-1	7.4242E2	6.3041E-1	1.7231E6	
1010	-2.9037E-1	7.4242E2	6.3041E-1	1.7231E6	
1011	-2.9037E-1	7.4242E2	6.3041E-1	1.7231E6	
1012	-2.9037E-1	7.4242E2	6.3041E-1	1.7231E6	
1013	-2.9037E-1	7.4242E2	6.3041E-1	1.7231E6	
1014	-2.9037E-1	7.4242E2	6.3041E-1	1.7231E6	
1015	-2.9037E-1	7.4242E2	6.3041E-1	1.7231E6	
1016	-2.9037E-1	7.4242E2	6.3041E-1	1.7231E6	
1017	-2.9037E-1	7.4242E2	6.3041E-1	1.7231E6	
1018	-2.9037E-1	7.4242E2	6.3041E-1	1.7231E6	
1019	-2.9037E-1	7.4242E2	6.3041E-1	1.7231E6	
1020	-2.9037E-1	7.4242E2	6.3041E-1	1.7231E6	
1021	-2.9037E-1	7.4242E2	6.3041E-1	1.7231E6	
1022	-2.9037E-1	7.4242E2	6.3041E-1	1.7231E6	
1023	-2.9037E-1	7.4242E2	6.3041E-1	1.7231E6	
1024	-2.9037E-1	7.4242E2	6.3041E-1	1.7231E6	
1025	-2.9053E-1	7.4219E2	6.3038E-1	1.7231E6	
1026	-3.4256E-1	6.6497E2	6.3176E-1	1.7253E6	
1027	-3.5995E-1	6.3916E2	6.3448E-1	1.7275E6	
1028	-3.8773E-1	5.9795E2	6.3754E-1	1.7297E6	
1029	-4.0291E-1	5.7541E2	6.4085E-1	1.7320E6	
1030	-4.2458E-1	5.4326E2	6.4440E-1	1.7342E6	
1031	-4.3396E-1	5.2933E2	6.4801E-1	1.7364E6	
1032	-4.5227E-1	5.0216E2	6.5196E-1	1.7386E6	
1033	-4.6753E-1	4.7951E2	6.5592E-1	1.7408E6	
1034	-4.8149E-1	4.5879E2	6.5991E-1	1.7431E6	
1035	-4.9400E-1	4.4022E2	6.6390E-1	1.7453E6	
1036	-5.0064E-1	4.3037E2	6.6818E-1	1.7475E6	
1037	-5.1857E-1	4.0376E2	6.7229E-1	1.7497E6	
1038	-5.3368E-1	3.8134E2	6.7655E-1	1.7519E6	
1039	-5.4420E-1	3.6572E2	6.8081E-1	1.7542E6	
1040	-5.4955E-1	3.5779E2	6.8516E-1	1.7564E6	
1041	-5.6717E-1	3.3164E2	6.8938E-1	1.7586E6	
1042	-5.7541E-1	3.1941E2	6.9385E-1	1.7608E6	
1043	-5.8670E-1	3.0265E2	6.9817E-1	1.7630E6	
1044	-5.9822E-1	2.8556E2	7.0261E-1	1.7653E6	
1045	-6.0753E-1	2.7174E2	7.0709E-1	1.7675E6	
1046	-6.1241E-1	2.6450E2	7.1150E-1	1.7697E6	
1047	-6.3210E-1	2.3528E2	7.1605E-1	1.7719E6	
1048	-6.3698E-1	2.2804E2	7.2055E-1	1.7741E6	
1049	-6.4819E-1	2.1139E2	7.2508E-1	1.7764E6	
1050	-6.5987E-1	1.9407E2	7.2959E-1	1.7786E6	
1051	-6.6597E-1	1.8501E2	7.3404E-1	1.7808E6	
1052	-6.7787E-1	1.6735E2	7.3866E-1	1.7830E6	
1053	-6.8192E-1	1.6135E2	7.4325E-1	1.7852E6	
1054	-6.9412E-1	1.4323E2	7.4792E-1	1.7875E6	
1055	-7.0198E-1	1.3157E2	7.5246E-1	1.7897E6	
1056	-7.1121E-1	1.1787E2	7.5705E-1	1.7919E6	
1057	-7.1709E-1	1.0915E2	7.6173E-1	1.7941E6	
1058	-7.2411E-1	9.8733E1	7.6622E-1	1.7963E6	
1059	-7.2952E-1	9.0694E1	7.7100E-1	1.7986E6	
1060	-7.3753E-1	7.8805E1	7.7562E-1	1.8008E6	
1061	-7.5165E-1	5.7858E1	7.8033E-1	1.8030E6	
1062	-7.5523E-1	5.2537E1	7.8499E-1	1.8052E6	
1063	-7.6744E-1	3.4421E1	7.8964E-1	1.8074E6	
1064	-7.6874E-1	3.2496E1	7.9426E-1	1.8097E6	
1065	-7.7484E-1	2.3438E1	7.9912E-1	1.8119E6	
1066	-7.8430E-1	9.3978E0	8.0379E-1	1.8141E6	
1067	-7.8781E-1	4.1894E0	8.0836E-1	1.8163E6	
1068	-7.9628E-1	-8.3787E0	8.1320E-1	1.8185E6	
1069	-8.0338E-1	-1.8909E1	8.1790E-1	1.8208E6	
1070	-8.1223E-1	-3.2043E1	8.2271E-1	1.8230E6	
1071	-8.1787E-1	-4.0422E1	8.2741E-1	1.8252E6	
1072	-8.2458E-1	-5.0385E1	8.3231E-1	1.8274E6	
1073	-8.2947E-1	-5.7632E1	8.3698E-1	1.8296E6	
1074	-8.3588E-1	-6.7143E1	8.4177E-1	1.8319E6	
1075	-8.4641E-1	-8.2768E1	8.4647E-1	1.8341E6	
1076	-8.4915E-1	-8.6844E1	8.5132E-1	1.8363E6	
1077	-8.5022E-1	-8.8429E1	8.5618E-1	1.8385E6	
1078	-8.6082E-1	-1.0417E2	8.6095E-1	1.8407E6	
1079	-8.6212E-1	-1.0609E2	8.6579E-1	1.8430E6	
1080	-8.6639E-1	-1.1243E2	8.7061E-1	1.8452E6	
1081	-8.7112E-1	-1.1945E2	8.7543E-1	1.8474E6	
1082	-8.7631E-1	-1.2715E2	8.8026E-1	1.8496E6	
1083	-8.7982E-1	-1.3236E2	8.8514E-1	1.8518E6	
1084	-8.8638E-1	-1.4210E2	8.9003E-1	1.8541E6	
1085	-8.8661E-1	-1.4244E2	8.9485E-1	1.8563E6	
1086	-8.9256E-1	-1.5127E2	8.9980E-1	1.8585E6	
1087	-8.9653E-1	-1.5716E2	9.0457E-1	1.8607E6	
1088	-9.0164E-1	-1.6474E2	9.0943E-1	1.8629E6	
1089	-9.0202E-1	-1.6531E2	9.1429E-1	1.8652E6	
1090	-9.0660E-1	-1.7210E2	9.1923E-1	1.8674E6	
1091	-9.1148E-1	-1.7935E2	9.2417E-1	1.8696E6	
1092	-9.1232E-1	-1.8060E2	9.2905E-1	1.8718E6	
1093	-9.1522E-1	-1.8490E2	9.3393E-1	1.8740E6	
1094	-9.2133E-1	-1.9396E2	9.3894E-1	1.8763E6	
1095	-9.1644E-1	-1.8671E2	9.4377E-1	1.8785E6	
1096	-9.2255E-1	-1.9577E2	9.4877E-1	1.8807E6	
1097	-9.2575E-1	-2.0052E2	9.5371E-1	1.8829E6	
1098	-9.3185E-1	-2.0958E2	9.5873E-1	1.8851E6	
1099	-9.2850E-1	-2.0460E2	9.6350E-1	1.8874E6	
1100	-9.3170E-1	-2.0935E2	9.6862E-1	1.8896E6	
1101	-9.3498E-1	-2.1422E2	9.7357E-1	1.8918E6	
1102	-9.3483E-1	-2.1400E2	9.7849E-1	1.8940E6	
1103	-9.3864E-1	-2.1966E2	9.8350E-1	1.8962E6	
1104	-9.4238E-1	-2.2521E2	9.8842E-1	1.8985E6	
1105	-9.4086E-1	-2.2294E2	9.9345E-1	1.9007E6	
1106	-9.3811E-1	-2.1887E2	9.9847E-1	1.9029E6	
1107	-9.4231E-1	-2.2509E2	1.0035E0	1.9051E6	
1108	-9.3857E-1	-2.1954E2	1.0085E0	1.9073E6	
1109	-9.4048E-1	-2.2238E2	1.0135E0	1.9096E6	
1110	-9.3872E-1	-2.1977E2	1.0186E0	1.9118E6	
1111	-9.3529E-1	-2.1468E2	1.0235E0	1.9140E6	
1112	-9.3811E-1	-2.1887E2	1.0286E0	1.9162E6	
1113	-9.4086E-1	-2.2294E2	1.0336E0	1.9184E6	
1114	-9.3803E-1	-2.1875E2	1.0387E0	1.9207E6	
1115	-9.3658E-1	-2.1660E2	1.0438E0	1.9229E6	
1116	-9.3857E-1	-2.1954E2	1.0489E0	1.9251E6	
1117	-9.3498E-1	-2.1422E2	1.0538E0	1.9273E6	
1118	-9.3224E-1	-2.1015E2	1.0590E0	1.9295E6	
1119	-9.3109E-1	-2.0845E2	1.0640E0	1.9318E6	
1120	-9.3712E-1	-2.1739E2	1.0691E0	1.9340E6	
1121	-9.3201E-1	-2.0981E2	1.0742E0	1.9362E6	
1122	-9.2720E-1	-2.0267E2	1.0793E0	1.9384E6	
1123	-9.2964E-1	-2.0630E2	1.0844E0	1.9406E6	
1124	-9.2506E-1	-1.9950E2	1.0895E0	1.9429E6	
1125	-9.2094E-1	-1.9339E2	1.0946E0	1.9451E6	
1126	-9.2316E-1	-1.9667E2	1.0998E0	1.9473E6	
1127	-9.2003E-1	-1.9203E2	1.1048E0	1.9495E6	
1128	-9.2026E-1	-1.9237E2	1.1100E0	1.9517E6	
1129	-9.2163E-1	-1.9441E2	1.1152E0	1.9540E6	
1130	-9.1515E-1	-1.8478E2	1.1203E0	1.9562E6	
1131	-9.1454E-1	-1.8388E2	1.1255E0	1.9584E6	
1132	-9.1240E-1	-1.8071E2	1.1306E0	1.9606E6	
1133	-9.1270E-1	-1.8116E2	1.1357E0	1.9628E6	
1134	-9.1583E-1	-1.8580E2	1.1409E0	1.9651E6	
1135	-9.1171E-1	-1.7969E2	1.1461E0	1.9673E6	
1136	-9.1217E-1	-1.8037E2	1.1513E0	1.9695E6	
1137	-9.1232E-1	-1.8060E2	1.1564E0	1.9717E6	
1138	-9.1011E-1	-1.7731E2	1.1616E0	1.9739E6	
1139	-9.1492E-1	-1.8444E2	1.1668E0	1.9762E6	
1140	-9.1148E-1	-1.7935E2	1.1720E0	1.9784E6	
1141	-9.0973E-1	-1.7675E2	1.1772E0	1.9806E6	
1142	-9.0996E-1	-1.7709E2	1.1824E0	1.9828E6	
1143	-9.0363E-1	-1.6769E2	1.1876E0	1.9850E6	
1144	-8.9806E-1	-1.5942E2	1.1929E0	1.9873E6	
1145	-8.9706E-1	-1.5795E2	1.1981E0	1.9895E6	
1146	-8.9485E-1	-1.5467E2	1.2033E0	1.9917E6	
1147	-8.9149E-1	-1.4968E2	1.2086E0	1.9939E6	
1148	-8.9088E-1	-1.4878E2	1.2138E0	1.9961E6	
1149	-8.8524E-1	-1.4040E2	1.2191E0	1.9984E6	
1150	-8.8058E-1	-1.3349E2	1.2243E0	2.0006E6	
1151	-8.7502E-1	-1.2523E2	1.2296E0	2.0028E6	
1152	-8.7074E-1	-1.1889E2	1.2348E0	2.0050E6	
1153	-8.6273E-1	-1.0700E2	1.2402E0	2.0072E6	
1154	-8.5205E-1	-9.1147E1	1.2454E0	2.0095E6	
1155	-8.3717E-1	-6.9068E1	1.2506E0	2.0117E6	
1156	-8.2832E-1	-5.5933E1	1.2560E0	2.0139E6	
1157	-8.1573E-1	-3.7251E1	1.2613E0	2.0161E6	
1158	-7.9987E-1	-1.3700E1	1.2667E0	2.0183E6	
1159	-7.5027E-1	5.9896E1	1.2719E0	2.0206E6	
1160	-6.8718E-1	1.5353E2	1.2773E0	2.0228E6	
1161	-6.6757E-1	1.8263E2	1.2826E0	2.0250E6	
1162	-6.6284E-1	1.8965E2	1.2879E0	2.0272E6	
1163	-6.6063E-1	1.9294E2	1.2933E0	2.0294E6	
1164	-6.6521E-1	1.8614E2	1.2985E0	2.0317E6	
1165	-6.6231E-1	1.9045E2	1.3040E0	2.0339E6	
1166	-6.6429E-1	1.8750E2	1.3093E0	2.0361E6	
1167	-6.6322E-1	1.8909E2	1.3146E0	2.0383E6	
1168	-6.6437E-1	1.8739E2	1.3200E0	2.0405E6	
1169	-6.6376E-1	1.8829E2	1.3253E0	2.0428E6	
1170	-6.6376E-1	1.8829E2	1.3307E0	2.0450E6	
1171	-6.6368E-1	1.8841E2	1.3361E0	2.0472E6	
1172	-6.6650E-1	1.8422E2	1.3415E0	2.0494E6	
1173	-6.6406E-1	1.8784E2	1.3467E0	2.0516E6	
1174	-6.6582E-1	1.8524E2	1.3522E0	2.0539E6	
1175	-6.6345E-1	1.8875E2	1.3575E0	2.0561E6	
1176	-6.6551E-1	1.8569E2	1.3630E0	2.0583E6	
1177	-6.6544E-1	1.8580E2	1.3684E0	2.0605E6	
1178	-6.6513E-1	1.8626E2	1.3738E0	2.0627E6	
1179	-6.6589E-1	1.8512E2	1.3792E0	2.0650E6	
1180	-6.6757E-1	1.8263E2	1.3847E0	2.0672E6	
1181	-6.6574E-1	1.8535E2	1.3901E0	2.0694E6	
1182	-6.6475E-1	1.8682E2	1.3955E0	2.0716E6	
1183	-6.6811E-1	1.8184E2	1.4010E0	2.0738E6	
1184	-6.6528E-1	1.8603E2	1.4064E0	2.0761E6	
1185	-6.6391E-1	1.8807E2	1.4118E0	2.0783E6	
1186	-6.6353E-1	1.8863E2	1.4173E0	2.0805E6	
1187	-6.6505E-1	1.8637E2	1.4227E0	2.0827E6	
1188	-6.6704E-1	1.8343E2	1.4282E0	2.0849E6	
1189	-6.6650E-1	1.8422E2	1.4337E0	2.0872E6	
1190	-6.6643E-1	1.8433E2	1.4391E0	2.0894E6	
1191	-6.6437E-1	1.8739E2	1.4445E0	2.0916E6	
1192	-6.6704E-1	1.8343E2	1.4501E0	2.0938E6	
1193	-6.6711E-1	1.8331E2	1.4555E0	2.0960E6	
1194	-6.6551E-1	1.8569E2	1.4611E0	2.0983E6	
1195	-6.6513E-1	1.8626E2	1.4665E0	2.1005E6	
1196	-6.6559E-1	1.8558E2	1.4721E0	2.1027E6	
1197	-6.6574E-1	1.8535E2	1.4775E0	2.1049E6	
1198	-6.6727E-1	1.8309E2	1.4831E0	2.1071E6	
1199	-6.6696E-1	1.8354E2	1.4886E0	2.1094E6	
1200	-6.6589E-1	1.8512E2	1.4942E0	2.1116E6	
1201	-6.6437E-1	1.8739E2	1.4996E0	2.1138E6	
1202	-6.6643E-1	1.8433E2	1.5052E0	2.1160E6	
1203	-6.6536E-1	1.8592E2	1.5108E0	2.1182E6	
1204	-6.6536E-1	1.8592E2	1.5163E0	2.1205E6	
1205	-6.6788E-1	1.8218E2	1.5219E0	2.1227E6	
1206	-6.6757E-1	1.8263E2	1.5273E0	2.1249E6	
1207	-6.6948E-1	1.7980E2	1.5329E0	2.1271E6	
1208	-6.6551E-1	1.8569E2	1.5385E0	2.1293E6	
1209	-6.6719E-1	1.8320E2	1.5441E0	2.1316E6	
1210	-6.7169E-1	1.7652E2	1.5497E0	2.1338E6	
1211	-6.6742E-1	1.8286E2	1.5553E0	2.1360E6	
1212	-6.6605E-1	1.8490E2	1.5609E0	2.1382E6	
1213	-6.6788E-1	1.8218E2	1.5664E0	2.1404E6	
1214	-6.7001E-1	1.7901E2	1.5721E0	2.1427E6	
1215	-6.6864E-1	1.8105E2	1.5776E0	2.1449E6	
1216	-6.6650E-1	1.8422E2	1.5832E0	2.1471E6	
1217	-6.6902E-1	1.8048E2	1.5888E0	2.1493E6	
1218	-6.6917E-1	1.8026E2	1.5945E0	2.1515E6	
1219	-6.6895E-1	1.8060E2	1.6000E0	2.1538E6	
1220	-6.6956E-1	1.7969E2	1.6056E0	2.1560E6	
1221	-6.7169E-1	1.7652E2	1.6112E0	2.1582E6	
1222	-6.7116E-1	1.7731E2	1.6170E0	2.1604E6	
1223	-6.7139E-1	1.7697E2	1.6226E0	2.1626E6	
1224	-6.6963E-1	1.7958E2	1.6282E0	2.1649E6	
1225	-6.7123E-1	1.7720E2	1.6338E0	2.1671E6	
1226	-6.7177E-1	1.7641E2	1.6395E0	2.1693E6	
1227	-6.7299E-1	1.7459E2	1.6451E0	2.1715E6	
1228	-6.6994E-1	1.7912E2	1.6508E0	2.1737E6	
1229	-6.7223E-1	1.7573E2	1.6564E0	2.1760E6	
1230	-6.7238E-1	1.7550E2	1.6622E0	2.1782E6	
1231	-6.7223E-1	1.7573E2	1.6678E0	2.1804E6	
1232	-6.7451E-1	1.7233E2	1.6736E0	2.1826E6	
1233	-6.7307E-1	1.7448E2	1.6792E0	2.1848E6	
1234	-6.7551E-1	1.7086E2	1.6849E0	2.1871E6	
1235	-6.7368E-1	1.7358E2	1.6906E0	2.1893E6	
1236	-6.7444E-1	1.7244E2	1.6963E0	2.1915E6	
1237	-6.7383E-1	1.7335E2	1.7020E0	2.1937E6	
1238	-6.7619E-1	1.6984E2	1.7076E0	2.1959E6	
1239	-6.7772E-1	1.6757E2	1.7134E0	2.1982E6	
1240	-6.7528E-1	1.7120E2	1.7191E0	2.2004E6	
1241	-6.7741E-1	1.6803E2	1.7249E0	2.2026E6	
1242	-6.7741E-1	1.6803E2	1.7306E0	2.2048E6	
1243	-6.7642E-1	1.6950E2	1.7363E0	2.2070E6	
1244	-6.7657E-1	1.6927E2	1.7421E0	2.2093E6	
1245	-6.7993E-1	1.6429E2	1.7478E0	2.2115E6	
1246	-6.7963E-1	1.6474E2	1.7535E0	2.2137E6	
1247	-6.8054E-1	1.6338E2	1.7593E0	2.2159E6	
1248	-6.8062E-1	1.6327E2	1.7650E0	2.2181E6	
1249	-6.7863E-1	1.6622E2	1.7707E0	2.2204E6	
1250	-6.7795E-1	1.6723E2	1.7765E0	2.2226E6	
1251	-6.7940E-1	1.6508E2	1.7824E0	2.2248E6	
1252	-6.7917E-1	1.6542E2	1.7882E0	2.2270E6	
1253	-6.8184E-1	1.6146E2	1.7940E0	2.2292E6	
1254	-6.7947E-1	1.6497E2	1.7997E0	2.2315E6	
1255	-6.7963E-1	1.6474E2	1.8054E0	2.2337E6	
1256	-6.8176E-1	1.6157E2	1.8112E0	2.2359E6	
1257	-6.7917E-1	1.6542E2	1.8170E0	2.2381E6	
1258	-6.7856E-1	1.6633E2	1.8229E0	2.2403E6	
1259	-6.7848E-1	1.6644E2	1.8287E0	2.2426E6	
1260	-6.7940E-1	1.6508E2	1.8344E0	2.2448E6	
1261	-6.8016E-1	1.6395E2	1.8403E0	2.2470E6	
1262	-6.8130E-1	1.6225E2	1.8460E0	2.2492E6	
1263	-6.8001E-1	1.6418E2	1.8519E0	2.2514E6	
1264	-6.8047E-1	1.6350E2	1.8578E0	2.2537E6	
1265	-6.8268E-1	1.6021E2	1.8637E0	2.2559E6	
1266	-6.8115E-1	1.6248E2	1.8695E0	2.2581E6	
1267	-6.7924E-1	1.6531E2	1.8752E0	2.2603E6	
1268	-6.7993E-1	1.6429E2	1.8812E0	2.2625E6	
1269	-6.8100E-1	1.6271E2	1.8870E0	2.2648E6	
1270	-6.7986E-1	1.6440E2	1.8928E0	2.2670E6	
1271	-6.8062E-1	1.6327E2	1.8987E0	2.2692E6	
1272	-6.8161E-1	1.6180E2	1.9046E0	2.2714E6	
1273	-6.8130E-1	1.6225E2	1.9105E0	2.2736E6	
1274	-6.8085E-1	1.6293E2	1.9164E0	2.2759E6	
1275	-6.7940E-1	1.6508E2	1.9223E0	2.2781E6	
1276	-6.8199E-1	1.6123E2	1.9280E0	2.2803E6	
1277	-6.8024E-1	1.6384E2	1.9339E0	2.2825E6	
1278	-6.7955E-1	1.6486E2	1.9398E0	2.2847E6	
1279	-6.8329E-1	1.5931E2	1.9458E0	2.2870E6	
1280	-6.8169E-1	1.6169E2	1.9516E0	2.2892E6	
1281	-6.8161E-1	1.6180E2	1.9576E0	2.2914E6	
1282	-6.8321E-1	1.5942E2	1.9635E0	2.2936E6	
1283	-6.8207E-1	1.6112E2	1.9693E0	2.2958E6	
1284	-6.8100E-1	1.6271E2	1.9753E0	2.2981E6	
1285	-6.8253E-1	1.6044E2	1.9812E0	2.3003E6	
1286	-6.8115E-1	1.6248E2	1.9871E0	2.3025E6	
1287	-6.8123E-1	1.6237E2	1.9930E0	2.3047E6	
1288	-6.8382E-1	1.5852E2	1.9990E0	2.3069E6	
1289	-6.8443E-1	1.5761E2	2.0050E0	2.3092E6	
1290	-6.8169E-1	1.6169E2	2.0109E0	2.3114E6	
1291	-6.8275E-1	1.6010E2	2.0168E0	2.3136E6	
1292	-6.8268E-1	1.6021E2	2.0228E0	2.3158E6	
1293	-6.8504E-1	1.5670E2	2.0288E0	2.3180E6	
1294	-6.8344E-1	1.5908E2	2.0348E0	2.3203E6	
1295	-6.8436E-1	1.5772E2	2.0407E0	2.3225E6	
1296	-6.8237E-1	1.6067E2	2.0466E0	2.3247E6	
1297	-6.8405E-1	1.5818E2	2.0527E0	2.3269E6	
1298	-6.8314E-1	1.5954E2	2.0586E0	2.3291E6	
1299	-6.8481E-1	1.5704E2	2.0646E0	2.3314E6	
1300	-6.8573E-1	1.5569E2	2.0706E0	2.3336E6	
1301	-6.8481E-1	1.5704E2	2.0765E0	2.3358E6	
1302	-6.8466E-1	1.5727E2	2.0826E0	2.3380E6	
1303	-6.8672E-1	1.5421E2	2.0886E0	2.3402E6	
1304	-6.8611E-1	1.5512E2	2.0947E0	2.3425E6	
1305	-6.8680E-1	1.5410E2	2.1006E0	2.3447E6	
1306	-6.8626E-1	1.5489E2	2.1066E0	2.3469E6	
1307	-6.8741E-1	1.5319E2	2.1126E0	2.3491E6	
1308	-6.8985E-1	1.4957E2	2.1187E0	2.3513E6	
1309	-6.8710E-1	1.5365E2	2.1247E0	2.3536E6	
1310	-6.8741E-1	1.5319E2	2.1308E0	2.3558E6	
1311	-6.8916E-1	1.5059E2	2.1368E0	2.3580E6	
1312	-6.8993E-1	1.4946E2	2.1428E0	2.3602E6	
1313	-6.9153E-1	1.4708E2	2.1489E0	2.3624E6	
1314	-6.8787E-1	1.5252E2	2.1549E0	2.3647E6	
1315	-6.9122E-1	1.4753E2	2.1610E0	2.3669E6	
1316	-6.9214E-1	1.4617E2	2.1670E0	2.3691E6	
1317	-6.9160E-1	1.4697E2	2.1731E0	2.3713E6	
1318	-6.9077E-1	1.4821E2	2.1792E0	2.3735E6	
1319	-6.8970E-1	1.4980E2	2.1853E0	2.3758E6	
1320	-6.9000E-1	1.4934E2	2.1914E0	2.3780E6	
1321	-6.9176E-1	1.4674E2	2.1974E0	2.3802E6	
1322	-6.9069E-1	1.4833E2	2.2036E0	2.3824E6	
1323	-6.9237E-1	1.4583E2	2.2096E0	2.3846E6	
1324	-6.9214E-1	1.4617E2	2.2158E0	2.3869E6	
1325	-6.9412E-1	1.4323E2	2.2218E0	2.3891E6	
1326	-6.9351E-1	1.4414E2	2.2279E0	2.3913E6	
1327	-6.9366E-1	1.4391E2	2.2342E0	2.3935E6	
1328	-6.9313E-1	1.4470E2	2.2403E0	2.3957E6	
1329	-6.9603E-1	1.4040E2	2.2463E0	2.3980E6	
1330	-6.9458E-1	1.4255E2	2.2525E0	2.4002E6	
1331	-6.9511E-1	1.4176E2	2.2586E0	2.4024E6	
1332	-6.9389E-1	1.4357E2	2.2648E0	2.4046E6	
1333	-6.9405E-1	1.4334E2	2.2710E0	2.4068E6	
1334	-6.9588E-1	1.4063E2	2.2771E0	2.4091E6	
1335	-6.9641E-1	1.3983E2	2.2833E0	2.4113E6	
1336	-6.9588E-1	1.4063E2	2.2895E0	2.4135E6	
1337	-6.9679E-1	1.3927E2	2.2956E0	2.4157E6	
1338	-6.9389E-1	1.4357E2	2.3018E0	2.4179E6	
1339	-6.9351E-1	1.4414E2	2.3080E0	2.4202E6	
1340	-6.9695E-1	1.3904E2	2.3140E0	2.4224E6	
1341	-6.9374E-1	1.4380E2	2.3203E0	2.4246E6	
1342	-6.9374E-1	1.4380E2	2.3264E0	2.4268E6	
1343	-6.9641E-1	1.3983E2	2.3326E0	2.4290E6	
1344	-6.9527E-1	1.4153E2	2.3388E0	2.4313E6	
1345	-6.9405E-1	1.4334E2	2.3450E0	2.4335E6	
1346	-6.9405E-1	1.4334E2	2.3512E0	2.4357E6	
1347	-6.9504E-1	1.4187E2	2.3575E0	2.4379E6	
1348	-6.9427E-1	1.4300E2	2.3637E0	2.4401E6	
1349	-6.9550E-1	1.4119E2	2.3699E0	2.4424E6	
1350	-6.9473E-1	1.4232E2	2.3762E0	2.4446E6	
1351	-6.9427E-1	1.4300E2	2.3824E0	2.4468E6	
1352	-6.9656E-1	1.3961E2	2.3886E0	2.4490E6	
1353	-6.9221E-1	1.4606E2	2.3948E0	2.4512E6	
1354	-6.9672E-1	1.3938E2	2.4011E0	2.4535E6	
1355	-6.9527E-1	1.4153E2	2.4073E0	2.4557E6	
1356	-6.9695E-1	1.3904E2	2.4134E0	2.4579E6	
1357	-6.9595E-1	1.4051E2	2.4199E0	2.4601E6	
1358	-6.9763E-1	1.3802E2	2.4260E0	2.4623E6	
1359	-6.9641E-1	1.3983E2	2.4323E0	2.4646E6	
1360	-6.9649E-1	1.3972E2	2.4386E0	2.4668E6	
1361	-6.9672E-1	1.3938E2	2.4449E0	2.4690E6	
1362	-6.9809E-1	1.3734E2	2.4511E0	2.4712E6	
1363	-6.9763E-1	1.3802E2	2.4574E0	2.4734E6	
1364	-6.9923E-1	1.3564E2	2.4636E0	2.4757E6	
1365	-6.9786E-1	1.3768E2	2.4699E0	2.4779E6	
1366	-6.9756E-1	1.3814E2	2.4762E0	2.4801E6	
1367	-6.9992E-1	1.3463E2	2.4826E0	2.4823E6	
1368	-6.9901E-1	1.3598E2	2.4889E0	2.4845E6	
1369	-6.9801E-1	1.3746E2	2.4953E0	2.4868E6	
1370	-6.9824E-1	1.3712E2	2.5016E0	2.4890E6	
1371	-7.0129E-1	1.3259E2	2.5079E0	2.4912E6	
1372	-7.0023E-1	1.3417E2	2.5141E0	2.4934E6	
1373	-6.9939E-1	1.3542E2	2.5205E0	2.4956E6	
1374	-7.0045E-1	1.3383E2	2.5269E0	2.4979E6	
1375	-7.0206E-1	1.3146E2	2.5332E0	2.5001E6	
1376	-7.0122E-1	1.3270E2	2.5395E0	2.5023E6	
1377	-7.0160E-1	1.3213E2	2.5458E0	2.5045E6	
1378	-7.0107E-1	1.3293E2	2.5522E0	2.5067E6	
1379	-7.0335E-1	1.2953E2	2.5586E0	2.5090E6	
1380	-7.0122E-1	1.3270E2	2.5649E0	2.5112E6	
1381	-7.0190E-1	1.3168E2	2.5713E0	2.5134E6	
1382	-7.0404E-1	1.2851E2	2.5777E0	2.5156E6	
1383	-7.0358E-1	1.2919E2	2.5840E0	2.5178E6	
1384	-7.0480E-1	1.2738E2	2.5904E0	2.5201E6	
1385	-7.0114E-1	1.3281E2	2.5967E0	2.5223E6	
1386	-7.0312E-1	1.2987E2	2.6032E0	2.5245E6	
1387	-7.0511E-1	1.2693E2	2.6097E0	2.5267E6	
1388	-7.0412E-1	1.2840E2	2.6160E0	2.5289E6	
1389	-7.0511E-1	1.2693E2	2.6223E0	2.5312E6	
1390	-7.0778E-1	1.2296E2	2.6288E0	2.5334E6	
1391	-7.0763E-1	1.2319E2	2.6351E0	2.5356E6	
1392	-7.0473E-1	1.2749E2	2.6415E0	2.5378E6	
1393	-7.0915E-1	1.2093E2	2.6480E0	2.5400E6	
1394	-7.0541E-1	1.2647E2	2.6544E0	2.5423E6	
1395	-7.0671E-1	1.2455E2	2.6608E0	2.5445E6	
1396	-7.0457E-1	1.2772E2	2.6672E0	2.5467E6	
1397	-7.0930E-1	1.2070E2	2.6737E0	2.5489E6	
1398	-7.0648E-1	1.2489E2	2.6802E0	2.5511E6	
1399	-7.0633E-1	1.2511E2	2.6866E0	2.5534E6	
1400	-7.0770E-1	1.2308E2	2.6930E0	2.5556E6	
1401	-7.0847E-1	1.2194E2	2.6994E0	2.5578E6	
1402	-7.0824E-1	1.2228E2	2.7059E0	2.5600E6	
1403	-7.0946E-1	1.2047E2	2.7123E0	2.5622E6	
1404	-7.0908E-1	1.2104E2	2.7189E0	2.5645E6	
1405	-7.0786E-1	1.2285E2	2.7254E0	2.5667E6	
1406	-7.0717E-1	1.2387E2	2.7318E0	2.5689E6	
1407	-7.1014E-1	1.1945E2	2.7382E0	2.5711E6	
1408	-7.0816E-1	1.2240E2	2.7448E0	2.5733E6	
1409	-7.0869E-1	1.2160E2	2.7513E0	2.5756E6	
1410	-7.0801E-1	1.2262E2	2.7577E0	2.5778E6	
1411	-7.1007E-1	1.1957E2	2.7641E0	2.5800E6	
1412	-7.0915E-1	1.2093E2	2.7706E0	2.5822E6	
1413	-7.0808E-1	1.2251E2	2.7772E0	2.5844E6	
1414	-7.0908E-1	1.2104E2	2.7838E0	2.5867E6	
1415	-7.0938E-1	1.2059E2	2.7903E0	2.5889E6	
1416	-7.1114E-1	1.1798E2	2.7968E0	2.5911E6	
1417	-7.0984E-1	1.1991E2	2.8033E0	2.5933E6	
1418	-7.1083E-1	1.1843E2	2.8098E0	2.5955E6	
1419	-7.1129E-1	1.1775E2	2.8163E0	2.5978E6	
1420	-7.0969E-1	1.2013E2	2.8229E0	2.6000E6	
1421	-7.1030E-1	1.1923E2	2.8293E0	2.6022E6	
1422	-7.1053E-1	1.1889E2	2.8360E0	2.6044E6	
1423	-7.1068E-1	1.1866E2	2.8425E0	2.6066E6	
1424	-7.1045E-1	1.1900E2	2.8490E0	2.6089E6	
1425	-7.0915E-1	1.2093E2	2.8556E0	2.6111E6	
1426	-7.0900E-1	1.2115E2	2.8622E0	2.6133E6	
1427	-7.1198E-1	1.1674E2	2.8687E0	2.6155E6	
1428	-7.0992E-1	1.1979E2	2.8753E0	2.6177E6	
1429	-7.0877E-1	1.2149E2	2.8819E0	2.6200E6	
1430	-7.1312E-1	1.1504E2	2.8884E0	2.6222E6	
1431	-7.1281E-1	1.1549E2	2.8950E0	2.6244E6	
1432	-7.1281E-1	1.1549E2	2.9016E0	2.6266E6	
1433	-7.1014E-1	1.1945E2	2.9082E0	2.6288E6	
1434	-7.0915E-1	1.2093E2	2.9148E0	2.6311E6	
1435	-7.1136E-1	1.1764E2	2.9214E0	2.6333E6	
1436	-7.0969E-1	1.2013E2	2.9279E0	2.6355E6	
1437	-7.1266E-1	1.1572E2	2.9346E0	2.6377E6	
1438	-7.1350E-1	1.1447E2	2.9412E0	2.6399E6	
1439	-7.1419E-1	1.1345E2	2.9478E0	2.6422E6	
1440	-7.1304E-1	1.1515E2	2.9544E0	2.6444E6	
1441	-7.1297E-1	1.1526E2	2.9610E0	2.6466E6	
1442	-7.1289E-1	1.1538E2	2.9676E0	2.6488E6	
1443	-7.1373E-1	1.1413E2	2.9743E0	2.6510E6	
1444	-7.1312E-1	1.1504E2	2.9809E0	2.6533E6	
1445	-7.1510E-1	1.1209E2	2.9875E0	2.6555E6	
1446	-7.1617E-1	1.1051E2	2.9941E0	2.6577E6	
1447	-7.1449E-1	1.1300E2	3.0008E0	2.6599E6	
1448	-7.1579E-1	1.1107E2	3.0075E0	2.6621E6	
1449	-7.1671E-1	1.0972E2	3.0142E0	2.6644E6	
1450	-7.1487E-1	1.1243E2	3.0208E0	2.6666E6	
1451	-7.1793E-1	1.0790E2	3.0274E0	2.6688E6	
1452	-7.1671E-1	1.0972E2	3.0341E0	2.6710E6	
1453	-7.1877E-1	1.0666E2	3.0408E0	2.6732E6	
1454	-7.1907E-1	1.0621E2	3.0475E0	2.6755E6	
1455	-7.2067E-1	1.0383E2	3.0543E0	2.6777E6	
1456	-7.2067E-1	1.0383E2	3.0609E0	2.6799E6	
1457	-7.1770E-1	1.0824E2	3.0675E0	2.6821E6	
1458	-7.2037E-1	1.0428E2	3.0742E0	2.6843E6	
1459	-7.2029E-1	1.0439E2	3.0810E0	2.6866E6	
1460	-7.2250E-1	1.0111E2	3.0876E0	2.6888E6	
1461	-7.2083E-1	1.0360E2	3.0943E0	2.6910E6	
1462	-7.1938E-1	1.0575E2	3.1011E0	2.6932E6	
1463	-7.2021E-1	1.0451E2	3.1078E0	2.6954E6	
1464	-7.1884E-1	1.0655E2	3.1144E0	2.6977E6	
1465	-7.2083E-1	1.0360E2	3.1212E0	2.6999E6	
1466	-7.2319E-1	1.0009E2	3.1279E0	2.7021E6	
1467	-7.2372E-1	9.9299E1	3.1347E0	2.7043E6	
1468	-7.2121E-1	1.0304E2	3.1413E0	2.7065E6	
1469	-7.2258E-1	1.0100E2	3.1481E0	2.7088E6	
1470	-7.2273E-1	1.0077E2	3.1548E0	2.7110E6	
1471	-7.2235E-1	1.0134E2	3.1616E0	2.7132E6	
1472	-7.2052E-1	1.0405E2	3.1683E0	2.7154E6	
1473	-7.2350E-1	9.9639E1	3.1750E0	2.7176E6	
1474	-7.2365E-1	9.9412E1	3.1819E0	2.7199E6	
1475	-7.2182E-1	1.0213E2	3.1886E0	2.7221E6	
1476	-7.2289E-1	1.0054E2	3.1954E0	2.7243E6	
1477	-7.2418E-1	9.8620E1	3.2021E0	2.7265E6	
1478	-7.2144E-1	1.0270E2	3.2090E0	2.7287E6	
1479	-7.2235E-1	1.0134E2	3.2156E0	2.7310E6	
1480	-7.2113E-1	1.0315E2	3.2224E0	2.7332E6	
1481	-7.2342E-1	9.9752E1	3.2292E0	2.7354E6	
1482	-7.2487E-1	9.7601E1	3.2360E0	2.7376E6	
1483	-7.2311E-1	1.0020E2	3.2428E0	2.7398E6	
1484	-7.2495E-1	9.7487E1	3.2495E0	2.7421E6	
1485	-7.2678E-1	9.4770E1	3.2564E0	2.7443E6	
1486	-7.2357E-1	9.9525E1	3.2632E0	2.7465E6	
1487	-7.2250E-1	1.0111E2	3.2700E0	2.7487E6	
1488	-7.2350E-1	9.9639E1	3.2769E0	2.7509E6	
1489	-7.2525E-1	9.7034E1	3.2835E0	2.7532E6	
1490	-7.2472E-1	9.7827E1	3.2904E0	2.7554E6	
1491	-7.2205E-1	1.0179E2	3.2973E0	2.7576E6	
1492	-7.2411E-1	9.8733E1	3.3041E0	2.7598E6	
1493	-7.2357E-1	9.9525E1	3.3109E0	2.7620E6	
1494	-7.2495E-1	9.7487E1	3.3177E0	2.7643E6	
1495	-7.2441E-1	9.8280E1	3.3246E0	2.7665E6	
1496	-7.2395E-1	9.8959E1	3.3314E0	2.7687E6	
1497	-7.2533E-1	9.6921E1	3.3383E0	2.7709E6	
1498	-7.2571E-1	9.6355E1	3.3451E0	2.7731E6	
1499	-7.2716E-1	9.4204E1	3.3519E0	2.7754E6	
1500	-7.2746E-1	9.3751E1	3.3588E0	2.7776E6	
1501	-7.2525E-1	9.7034E1	3.3657E0	2.7798E6	
1502	-7.2838E-1	9.2392E1	3.3726E0	2.7820E6	
1503	-7.2655E-1	9.5110E1	3.3793E0	2.7842E6	
1504	-7.2800E-1	9.2958E1	3.3863E0	2.7865E6	
1505	-7.2845E-1	9.2279E1	3.3931E0	2.7887E6	
1506	-7.2693E-1	9.4544E1	3.3999E0	2.7909E6	
1507	-7.2754E-1	9.3638E1	3.4068E0	2.7931E6	
1508	-7.2861E-1	9.2053E1	3.4138E0	2.7953E6	
1509	-7.2525E-1	9.7034E1	3.4206E0	2.7976E6	
1510	-7.2929E-1	9.1034E1	3.4275E0	2.7998E6	
1511	-7.3059E-1	8.9109E1	3.4344E0	2.8020E6	
1512	-7.2830E-1	9.2505E1	3.4414E0	2.8042E6	
1513	-7.3074E-1	8.8882E1	3.4483E0	2.8064E6	
1514	-7.3120E-1	8.8203E1	3.4552E0	2.8087E6	
1515	-7.3128E-1	8.8090E1	3.4621E0	2.8109E6	
1516	-7.3181E-1	8.7297E1	3.4689E0	2.8131E6	
1517	-7.3074E-1	8.8882E1	3.4760E0	2.8153E6	
1518	-7.3311E-1	8.5372E1	3.4828E0	2.8175E6	
1519	-7.3425E-1	8.3674E1	3.4898E0	2.8198E6	
1520	-7.3334E-1	8.5033E1	3.4968E0	2.8220E6	
1521	-7.3471E-1	8.2994E1	3.5037E0	2.8242E6	
1522	-7.3196E-1	8.7071E1	3.5107E0	2.8264E6	
1523	-7.3257E-1	8.6165E1	3.5175E0	2.8286E6	
1524	-7.3204E-1	8.6957E1	3.5245E0	2.8309E6	
1525	-7.3318E-1	8.5259E1	3.5314E0	2.8331E6	
1526	-7.3341E-1	8.4919E1	3.5384E0	2.8353E6	
1527	-7.3296E-1	8.5599E1	3.5454E0	2.8375E6	
1528	-7.3547E-1	8.1862E1	3.5523E0	2.8397E6	
1529	-7.3669E-1	8.0051E1	3.5593E0	2.8420E6	
1530	-7.3685E-1	7.9824E1	3.5663E0	2.8442E6	
1531	-7.3814E-1	7.7899E1	3.5733E0	2.8464E6	
1532	-7.3364E-1	8.4580E1	3.5802E0	2.8486E6	
1533	-7.3631E-1	8.0617E1	3.5872E0	2.8508E6	
1534	-7.3479E-1	8.2881E1	3.5941E0	2.8531E6	
1535	-7.3891E-1	7.6767E1	3.6012E0	2.8553E6	
1536	-7.3753E-1	7.8805E1	3.6081E0	2.8575E6	
1537	-7.3662E-1	8.0164E1	3.6152E0	2.8597E6	
1538	-7.3601E-1	8.1070E1	3.6221E0	2.8619E6	
1539	-7.3662E-1	8.0164E1	3.6291E0	2.8642E6	
1540	-7.3708E-1	7.9484E1	3.6361E0	2.8664E6	
1541	-7.3669E-1	8.0051E1	3.6431E0	2.8686E6	
1542	-7.3776E-1	7.8465E1	3.6502E0	2.8708E6	
1543	-7.3730E-1	7.9145E1	3.6571E0	2.8730E6	
1544	-7.3875E-1	7.6994E1	3.6641E0	2.8753E6	
1545	-7.3677E-1	7.9937E1	3.6712E0	2.8775E6	
1546	-7.3586E-1	8.1296E1	3.6783E0	2.8797E6	
1547	-7.3883E-1	7.6880E1	3.6853E0	2.8819E6	
1548	-7.3822E-1	7.7786E1	3.6923E0	2.8841E6	
1549	-7.3807E-1	7.8013E1	3.6993E0	2.8864E6	
1550	-7.3715E-1	7.9371E1	3.7063E0	2.8886E6	
1551	-7.3586E-1	8.1296E1	3.7134E0	2.8908E6	
1552	-7.3639E-1	8.0504E1	3.7204E0	2.8930E6	
1553	-7.3967E-1	7.5635E1	3.7274E0	2.8952E6	
1554	-7.4005E-1	7.5069E1	3.7345E0	2.8975E6	
1555	-7.3936E-1	7.6088E1	3.7416E0	2.8997E6	
1556	-7.3875E-1	7.6994E1	3.7487E0	2.9019E6	
1557	-7.4059E-1	7.4276E1	3.7558E0	2.9041E6	
1558	-7.3891E-1	7.6767E1	3.7629E0	2.9063E6	
1559	-7.3898E-1	7.6654E1	3.7700E0	2.9086E6	
1560	-7.3853E-1	7.7333E1	3.7771E0	2.9108E6	
1561	-7.3898E-1	7.6654E1	3.7841E0	2.9130E6	
1562	-7.4127E-1	7.3257E1	3.7911E0	2.9152E6	
1563	-7.3997E-1	7.5182E1	3.7983E0	2.9174E6	
1564	-7.3845E-1	7.7446E1	3.8053E0	2.9197E6	
1565	-7.3723E-1	7.9258E1	3.8125E0	2.9219E6	
1566	-7.4112E-1	7.3484E1	3.8196E0	2.9241E6	
1567	-7.4165E-1	7.2691E1	3.8266E0	2.9263E6	
1568	-7.4165E-1	7.2691E1	3.8338E0	2.9285E6	
1569	-7.4242E-1	7.1559E1	3.8409E0	2.9308E6	
1570	-7.4188E-1	7.2351E1	3.8480E0	2.9330E6	
1571	-7.4020E-1	7.4842E1	3.8552E0	2.9352E6	
1572	-7.4333E-1	7.0200E1	3.8622E0	2.9374E6	
1573	-7.4341E-1	7.0087E1	3.8693E0	2.9396E6	
1574	-7.4348E-1	6.9974E1	3.8765E0	2.9419E6	
1575	-7.4585E-1	6.6464E1	3.8836E0	2.9441E6	
1576	-7.4203E-1	7.2125E1	3.8907E0	2.9463E6	
1577	-7.4341E-1	7.0087E1	3.8980E0	2.9485E6	
1578	-7.4402E-1	6.9181E1	3.9051E0	2.9507E6	
1579	-7.4677E-1	6.5105E1	3.9122E0	2.9530E6	
1580	-7.4532E-1	6.7256E1	3.9193E0	2.9552E6	
1581	-7.4509E-1	6.7596E1	3.9265E0	2.9574E6	
1582	-7.4547E-1	6.7030E1	3.9336E0	2.9596E6	
1583	-7.4852E-1	6.2501E1	3.9408E0	2.9618E6	
1584	-7.4760E-1	6.3859E1	3.9479E0	2.9641E6	
1585	-7.4699E-1	6.4765E1	3.9551E0	2.9663E6	
1586	-7.4928E-1	6.1368E1	3.9623E0	2.9685E6	
1587	-7.4753E-1	6.3973E1	3.9695E0	2.9707E6	
1588	-7.4638E-1	6.5671E1	3.9767E0	2.9729E6	
1589	-7.5005E-1	6.0236E1	3.9839E0	2.9752E6	
1590	-7.4776E-1	6.3633E1	3.9911E0	2.9774E6	
1591	-7.4562E-1	6.6803E1	3.9982E0	2.9796E6	
1592	-7.4791E-1	6.3406E1	4.0054E0	2.9818E6	
1593	-7.4860E-1	6.2387E1	4.0127E0	2.9840E6	
1594	-7.5096E-1	5.8877E1	4.0198E0	2.9863E6	
1595	-7.5012E-1	6.0123E1	4.0271E0	2.9885E6	
1596	-7.4951E-1	6.1029E1	4.0343E0	2.9907E6	
1597	-7.4860E-1	6.2387E1	4.0414E0	2.9929E6	
1598	-7.4661E-1	6.5331E1	4.0486E0	2.9951E6	
1599	-7.4913E-1	6.1595E1	4.0558E0	2.9974E6	
1600	-7.5020E-1	6.0010E1	4.0630E0	2.9996E6	
1601	-7.5050E-1	5.9557E1	4.0703E0	3.0018E6	
1602	-7.5020E-1	6.0010E1	4.0775E0	3.0040E6	
1603	-7.4745E-1	6.4086E1	4.0847E0	3.0062E6	
1604	-7.4776E-1	6.3633E1	4.0919E0	3.0085E6	
1605	-7.5233E-1	5.6839E1	4.0993E0	3.0107E6	
1606	-7.5356E-1	5.5028E1	4.1064E0	3.0129E6	
1607	-7.5218E-1	5.7066E1	4.1138E0	3.0151E6	
1608	-7.5104E-1	5.8764E1	4.1209E0	3.0173E6	
1609	-7.4821E-1	6.2954E1	4.1281E0	3.0196E6	
1610	-7.4883E-1	6.2048E1	4.1354E0	3.0218E6	
1611	-7.5043E-1	5.9670E1	4.1427E0	3.0240E6	
1612	-7.5180E-1	5.7632E1	4.1499E0	3.0262E6	
1613	-7.5249E-1	5.6613E1	4.1573E0	3.0284E6	
1614	-7.5287E-1	5.6047E1	4.1645E0	3.0307E6	
1615	-7.5020E-1	6.0010E1	4.1717E0	3.0329E6	
1616	-7.5073E-1	5.9217E1	4.1791E0	3.0351E6	
1617	-7.5142E-1	5.8198E1	4.1863E0	3.0373E6	
1618	-7.5264E-1	5.6386E1	4.1936E0	3.0395E6	
1619	-7.5523E-1	5.2537E1	4.2009E0	3.0418E6	
1620	-7.5317E-1	5.5594E1	4.2082E0	3.0440E6	
1621	-7.5142E-1	5.8198E1	4.2155E0	3.0462E6	
1622	-7.5279E-1	5.6160E1	4.2227E0	3.0484E6	
1623	-7.5386E-1	5.4575E1	4.2300E0	3.0506E6	
1624	-7.5150E-1	5.8085E1	4.2373E0	3.0529E6	
1625	-7.5478E-1	5.3216E1	4.2447E0	3.0551E6	
1626	-7.5249E-1	5.6613E1	4.2519E0	3.0573E6	
1627	-7.5455E-1	5.3556E1	4.2593E0	3.0595E6	
1628	-7.5485E-1	5.3103E1	4.2665E0	3.0617E6	
1629	-7.5439E-1	5.3782E1	4.2738E0	3.0640E6	
1630	-7.5417E-1	5.4122E1	4.2812E0	3.0662E6	
1631	-7.5432E-1	5.3895E1	4.2885E0	3.0684E6	
1632	-7.5676E-1	5.0272E1	4.2958E0	3.0706E6	
1633	-7.5455E-1	5.3556E1	4.3031E0	3.0728E6	
1634	-7.5783E-1	4.8687E1	4.3104E0	3.0751E6	
1635	-7.5806E-1	4.8347E1	4.3177E0	3.0773E6	
1636	-7.5493E-1	5.2990E1	4.3251E0	3.0795E6	
1637	-7.5729E-1	4.9480E1	4.3325E0	3.0817E6	
1638	-7.5798E-1	4.8461E1	4.3398E0	3.0839E6	
1639	-7.5706E-1	4.9819E1	4.3472E0	3.0862E6	
1640	-7.5760E-1	4.9027E1	4.3545E0	3.0884E6	
1641	-7.5928E-1	4.6536E1	4.3619E0	3.0906E6	
1642	-7.6057E-1	4.4611E1	4.3693E0	3.0928E6	
1643	-7.6096E-1	4.4045E1	4.3765E0	3.0950E6	
1644	-7.6233E-1	4.2007E1	4.3839E0	3.0973E6	
1645	-7.5951E-1	4.6196E1	4.3913E0	3.0995E6	
1646	-7.6111E-1	4.3818E1	4.3987E0	3.1017E6	
1647	-7.5928E-1	4.6536E1	4.4060E0	3.1039E6	
1648	-7.6050E-1	4.4724E1	4.4133E0	3.1061E6	
1649	-7.6233E-1	4.2007E1	4.4208E0	3.1084E6	
1650	-7.6233E-1	4.2007E1	4.4282E0	3.1106E6	
1651	-7.6416E-1	3.9289E1	4.4355E0	3.1128E6	
1652	-7.6080E-1	4.4271E1	4.4429E0	3.1150E6	
1653	-7.6271E-1	4.1441E1	4.4503E0	3.1172E6	
1654	-7.6241E-1	4.1894E1	4.4576E0	3.1195E6	
1655	-7.6576E-1	3.6912E1	4.4651E0	3.1217E6	
1656	-7.6599E-1	3.6572E1	4.4725E0	3.1239E6	
1657	-7.6447E-1	3.8836E1	4.4798E0	3.1261E6	
1658	-7.6424E-1	3.9176E1	4.4873E0	3.1283E6	
1659	-7.6134E-1	4.3479E1	4.4945E0	3.1306E6	
1660	-7.6332E-1	4.0535E1	4.5021E0	3.1328E6	
1661	-7.6424E-1	3.9176E1	4.5095E0	3.1350E6	
1662	-7.6477E-1	3.8384E1	4.5168E0	3.1372E6	
1663	-7.6241E-1	4.1894E1	4.5243E0	3.1394E6	
1664	-7.6385E-1	3.9742E1	4.5316E0	3.1417E6	
1665	-7.6508E-1	3.7931E1	4.5390E0	3.1439E6	
1666	-7.6210E-1	4.2346E1	4.5466E0	3.1461E6	
1667	-7.6447E-1	3.8836E1	4.5540E0	3.1483E6	
1668	-7.6454E-1	3.8723E1	4.5613E0	3.1505E6	
1669	-7.6508E-1	3.7931E1	4.5688E0	3.1528E6	
1670	-7.6599E-1	3.6572E1	4.5762E0	3.1550E6	
1671	-7.6416E-1	3.9289E1	4.5836E0	3.1572E6	
1672	-7.6614E-1	3.6345E1	4.5909E0	3.1594E6	
1673	-7.6263E-1	4.1554E1	4.5985E0	3.1616E6	
1674	-7.6637E-1	3.6006E1	4.6058E0	3.1639E6	
1675	-7.6538E-1	3.7478E1	4.6133E0	3.1661E6	
1676	-7.6370E-1	3.9969E1	4.6208E0	3.1683E6	
1677	-7.6302E-1	4.0988E1	4.6283E0	3.1705E6	
1678	-7.6500E-1	3.8044E1	4.6356E0	3.1727E6	
1679	-7.6591E-1	3.6685E1	4.6431E0	3.1750E6	
1680	-7.6385E-1	3.9742E1	4.6505E0	3.1772E6	
1681	-7.6569E-1	3.7025E1	4.6580E0	3.1794E6	
1682	-7.6546E-1	3.7365E1	4.6655E0	3.1816E6	
1683	-7.6729E-1	3.4647E1	4.6729E0	3.1838E6	
1684	-7.6790E-1	3.3741E1	4.6803E0	3.1861E6	
1685	-7.6729E-1	3.4647E1	4.6877E0	3.1883E6	
1686	-7.6889E-1	3.2269E1	4.6953E0	3.1905E6	
1687	-7.6660E-1	3.5666E1	4.7027E0	3.1927E6	
1688	-7.6813E-1	3.3402E1	4.7102E0	3.1949E6	
1689	-7.6988E-1	3.0797E1	4.7176E0	3.1972E6	
1690	-7.6790E-1	3.3741E1	4.7251E0	3.1994E6	
1691	-7.6973E-1	3.1024E1	4.7325E0	3.2016E6	
1692	-7.6721E-1	3.4760E1	4.7399E0	3.2038E6	
1693	-7.7003E-1	3.0571E1	4.7474E0	3.2060E6	
1694	-7.7110E-1	2.8986E1	4.7549E0	3.2083E6	
1695	-7.6965E-1	3.1137E1	4.7624E0	3.2105E6	
1696	-7.7034E-1	3.0118E1	4.7698E0	3.2127E6	
1697	-7.6958E-1	3.1250E1	4.7774E0	3.2149E6	
1698	-7.7202E-1	2.7627E1	4.7847E0	3.2171E6	
1699	-7.7202E-1	2.7627E1	4.7924E0	3.2194E6	
1700	-7.7118E-1	2.8873E1	4.7998E0	3.2216E6	
1701	-7.7232E-1	2.7174E1	4.8072E0	3.2238E6	
1702	-7.7446E-1	2.4004E1	4.8147E0	3.2260E6	
1703	-7.7606E-1	2.1626E1	4.8222E0	3.2282E6	
1704	-7.7156E-1	2.8306E1	4.8297E0	3.2305E6	
1705	-7.7515E-1	2.2985E1	4.8372E0	3.2327E6	
1706	-7.7469E-1	2.3664E1	4.8447E0	3.2349E6	
1707	-7.7713E-1	2.0041E1	4.8522E0	3.2371E6	
1708	-7.7507E-1	2.3098E1	4.8597E0	3.2393E6	
1709	-7.7682E-1	2.0494E1	4.8672E0	3.2416E6	
1710	-7.7682E-1	2.0494E1	4.8745E0	3.2438E6	
1711	-7.7431E-1	2.4230E1	4.8822E0	3.2460E6	
1712	-7.7705E-1	2.0154E1	4.8897E0	3.2482E6	
1713	-7.7721E-1	1.9928E1	4.8972E0	3.2504E6	
1714	-7.7499E-1	2.3211E1	4.9046E0	3.2527E6	
1715	-7.7950E-1	1.6531E1	4.9121E0	3.2549E6	
1716	-7.7690E-1	2.0381E1	4.9197E0	3.2571E6	
1717	-7.7530E-1	2.2758E1	4.9272E0	3.2593E6	
1718	-7.7637E-1	2.1173E1	4.9347E0	3.2615E6	
1719	-7.7728E-1	1.9815E1	4.9422E0	3.2638E6	
1720	-7.8033E-1	1.5286E1	4.9497E0	3.2660E6	
1721	-7.7530E-1	2.2758E1	4.9572E0	3.2682E6	
1722	-7.7576E-1	2.2079E1	4.9648E0	3.2704E6	
1723	-7.7988E-1	1.5965E1	4.9722E0	3.2726E6	
1724	-7.7927E-1	1.6871E1	4.9798E0	3.2749E6	
1725	-7.7812E-1	1.8569E1	4.9873E0	3.2771E6	
1726	-7.8033E-1	1.5286E1	4.9949E0	3.2793E6	
1727	-7.7827E-1	1.8343E1	5.0025E0	3.2815E6	
1728	-7.7843E-1	1.8116E1	5.0099E0	3.2837E6	
1729	-7.7835E-1	1.8229E1	5.0175E0	3.2860E6	
1730	-7.7934E-1	1.6757E1	5.0249E0	3.2882E6	
1731	-7.7911E-1	1.7097E1	5.0325E0	3.2904E6	
1732	-7.7858E-1	1.7890E1	5.0401E0	3.2926E6	
1733	-7.7805E-1	1.8682E1	5.0476E0	3.2948E6	
1734	-7.7721E-1	1.9928E1	5.0551E0	3.2971E6	
1735	-7.8064E-1	1.4833E1	5.0627E0	3.2993E6	
1736	-7.7789E-1	1.8909E1	5.0701E0	3.3015E6	
1737	-7.8133E-1	1.3814E1	5.0778E0	3.3037E6	
1738	-7.8156E-1	1.3474E1	5.0852E0	3.3059E6	
1739	-7.8110E-1	1.4153E1	5.0928E0	3.3082E6	
1740	-7.7858E-1	1.7890E1	5.1003E0	3.3104E6	
1741	-7.8033E-1	1.5286E1	5.1079E0	3.3126E6	
1742	-7.8300E-1	1.1323E1	5.1155E0	3.3148E6	
1743	-7.7827E-1	1.8343E1	5.1230E0	3.3170E6	
1744	-7.8110E-1	1.4153E1	5.1304E0	3.3193E6	
1745	-7.8224E-1	1.2455E1	5.1380E0	3.3215E6	
1746	-7.7980E-1	1.6078E1	5.1455E0	3.3237E6	
1747	-7.8156E-1	1.3474E1	5.1531E0	3.3259E6	
1748	-7.8522E-1	8.0391E0	5.1607E0	3.3281E6	
1749	-7.8293E-1	1.1436E1	5.1682E0	3.3304E6	
1750	-7.8308E-1	1.1209E1	5.1758E0	3.3326E6	
1751	-7.8056E-1	1.4946E1	5.1833E0	3.3348E6	
1752	-7.7980E-1	1.6078E1	5.1908E0	3.3370E6	
1753	-7.8308E-1	1.1209E1	5.1985E0	3.3392E6	
1754	-7.8369E-1	1.0304E1	5.2060E0	3.3415E6	
1755	-7.8232E-1	1.2342E1	5.2135E0	3.3437E6	
1756	-7.8316E-1	1.1096E1	5.2211E0	3.3459E6	
1757	-7.8537E-1	7.8126E0	5.2286E0	3.3481E6	
1758	-7.8629E-1	6.4539E0	5.2362E0	3.3503E6	
1759	-7.8644E-1	6.2274E0	5.2439E0	3.3526E6	
1760	-7.8606E-1	6.7936E0	5.2513E0	3.3548E6	
1761	-7.8682E-1	5.6613E0	5.2589E0	3.3570E6	
1762	-7.9018E-1	6.7938E-1	5.2663E0	3.3592E6	
1763	-7.8468E-1	8.8316E0	5.2739E0	3.3614E6	
1764	-7.8827E-1	3.5100E0	5.2814E0	3.3637E6	
1765	-7.8545E-1	7.6994E0	5.2889E0	3.3659E6	
1766	-7.8728E-1	4.9820E0	5.2966E0	3.3681E6	
1767	-7.8903E-1	2.3778E0	5.3042E0	3.3703E6	
1768	-7.8812E-1	3.7365E0	5.3116E0	3.3725E6	
1769	-7.8903E-1	2.3778E0	5.3193E0	3.3748E6	
1770	-7.9094E-1	-4.5288E-1	5.3268E0	3.3770E6	
1771	-7.8979E-1	1.2455E0	5.3343E0	3.3792E6	
1772	-7.8659E-1	6.0010E0	5.3420E0	3.3814E6	
1773	-7.9048E-1	2.2648E-1	5.3495E0	3.3836E6	
1774	-7.8979E-1	1.2455E0	5.3569E0	3.3859E6	
1775	-7.8987E-1	1.1323E0	5.3645E0	3.3881E6	
1776	-7.9170E-1	-1.5851E0	5.3720E0	3.3903E6	
1777	-7.8979E-1	1.2455E0	5.3796E0	3.3925E6	
1778	-7.9132E-1	-1.0190E0	5.3872E0	3.3947E6	
1779	-7.8918E-1	2.1513E0	5.3948E0	3.3970E6	
1780	-7.9460E-1	-5.8877E0	5.4023E0	3.3992E6	
1781	-7.9132E-1	-1.0190E0	5.4098E0	3.4014E6	
1782	-7.9216E-1	-2.2645E0	5.4175E0	3.4036E6	
1783	-7.9178E-1	-1.6984E0	5.4250E0	3.4058E6	
1784	-7.9201E-1	-2.0380E0	5.4325E0	3.4081E6	
1785	-7.9178E-1	-1.6984E0	5.4400E0	3.4103E6	
1786	-7.9338E-1	-4.0761E0	5.4475E0	3.4125E6	
1787	-7.9010E-1	7.9261E-1	5.4551E0	3.4147E6	
1788	-7.9445E-1	-5.6613E0	5.4626E0	3.4169E6	
1789	-7.9437E-1	-5.5480E0	5.4703E0	3.4192E6	
1790	-7.9079E-1	-2.2642E-1	5.4777E0	3.4214E6	
1791	-7.9201E-1	-2.0380E0	5.4853E0	3.4236E6	
1792	-7.9155E-1	-1.3587E0	5.4928E0	3.4258E6	
1793	-7.9391E-1	-4.8687E0	5.5002E0	3.4280E6	
1794	-7.9361E-1	-4.4158E0	5.5079E0	3.4303E6	
1795	-7.9483E-1	-6.2274E0	5.5154E0	3.4325E6	
1796	-7.9369E-1	-4.5290E0	5.5230E0	3.4347E6	
1797	-7.9330E-1	-3.9629E0	5.5306E0	3.4369E6	
1798	-7.9231E-1	-2.4909E0	5.5382E0	3.4391E6	
1799	-7.9384E-1	-4.7555E0	5.5457E0	3.4414E6	
1800	-7.9445E-1	-5.6613E0	5.5532E0	3.4436E6	
1801	-7.9285E-1	-3.2835E0	5.5608E0	3.4458E6	
1802	-7.9559E-1	-7.3596E0	5.5615E0	3.4460E6	
1803	-7.9559E-1	-7.3596E0	5.5615E0	3.4460E6	
1804	-7.9559E-1	-7.3596E0	5.5615E0	3.4460E6	
1805	-7.9559E-1	-7.3596E0	5.5615E0	3.4460E6	
1806	-7.9559E-1	-7.3596E0	5.5615E0	3.4460E6	
1807	-7.9559E-1	-7.3596E0	5.5615E0	3.4460E6	
1808	-7.9559E-1	-7.3596E0	5.5615E0	3.4460E6	
1809	-7.9559E-1	-7.3596E0	5.5615E0	3.4460E6	
1810	-7.9559E-1	-7.3596E0	5.5615E0	3.4460E6	
1811	-7.9559E-1	-7.3596E0	5.5615E0	3.4460E6	
1812	-7.9559E-1	-7.3596E0	5.5615E0	3.4460E6	
1813	-7.9559E-1	-7.3596E0	5.5615E0	3.4460E6	
1814	-7.9559E-1	-7.3596E0	5.5615E0	3.4460E6	
1815	-7.9559E-1	-7.3596E0	5.5615E0	3.4460E6	
1816	-7.9559E-1	-7.3596E0	5.5615E0	3.4460E6	
1817	-7.9559E-1	-7.3596E0	5.5615E0	3.4460E6	
1818	-7.9559E-1	-7.3596E0	5.5615E0	3.4460E6	
1819	-7.9559E-1	-7.3596E0	5.5615E0	3.4460E6	
1820	-7.9559E-1	-7.3596E0	5.5615E0	3.4460E6	
1821	-7.9559E-1	-7.3596E0	5.5615E0	3.4460E6	
1822	-7.9559E-1	-7.3596E0	5.5615E0	3.4460E6	
1823	-7.9559E-1	-7.3596E0	5.5615E0	3.4460E6	
1824	-7.9559E-1	-7.3596E0	5.5615E0	3.4460E6	
1825	-7.9559E-1	-7.3596E0	5.5615E0	3.4460E6	
1826	-7.9559E-1	-7.3596E0	5.5615E0	3.4460E6	
1827	-7.9559E-1	-7.3596E0	5.5615E0	3.4460E6	
1828	-7.9559E-1	-7.3596E0	5.5615E0	3.4460E6	
1829	-7.9559E-1	-7.3596E0	5.5615E0	3.4460E6	
1830	-7.9559E-1	-7.3596E0	5.5615E0	3.4460E6	
1831	-7.9559E-1	-7.3596E0	5.5615E0	3.4460E6	
1832	-7.9559E-1	-7.3596E0	5.5615E0	3.4460E6	
1833	-7.9559E-1	-7.3596E0	5.5615E0	3.4460E6	
1834	-7.9559E-1	-7.3596E0	5.5615E0	3.4460E6	
1835	-7.9559E-1	-7.3596E0	5.5615E0	3.4460E6	
1836	-7.9559E-1	-7.3596E0	5.5615E0	3.4460E6	
1837	-7.9559E-1	-7.3596E0	5.5615E0	3.4460E6	
1838	-7.9559E-1	-7.3596E0	5.5615E0	3.4460E6	
1839	-7.9559E-1	-7.3596E0	5.5615E0	3.4460E6	
1840	-7.9559E-1	-7.3596E0	5.5615E0	3.4460E6	
1841	-7.9559E-1	-7.3596E0	5.5615E0	3.4460E6	
1842	-7.9559E-1	-7.3596E0	5.5615E0	3.4460E6	
1843	-7.9559E-1	-7.3596E0	5.5615E0	3.4460E6	
1844	-7.9559E-1	-7.3596E0	5.5615E0	3.4460E6	
1845	-7.9559E-1	-7.3596E0	5.5615E0	3.4460E6	
1846	-7.9559E-1	-7.3596E0	5.5615E0	3.4460E6	
1847	-7.9559E-1	-7.3596E0	5.5615E0	3.4460E6	
1848	-7.9559E-1	-7.3596E0	5.5615E0	3.4460E6	
1849	-7.9559E-1	-7.3596E0	5.5615E0	3.4460E6	
1850	-7.9559E-1	-7.3596E0	5.5615E0	3.4460E6	
1851	-7.9559E-1	-7.3596E0	5.5615E0	3.4460E6	
1852	-7.9559E-1	-7.3596E0	5.5615E0	3.4460E6	
1853	-7.9559E-1	-7.3596E0	5.5615E0	3.4460E6	
1854	-7.9559E-1	-7.3596E0	5.5615E0	3.4460E6	
1855	-7.9559E-1	-7.3596E0	5.5615E0	3.4460E6	
1856	-7.9559E-1	-7.3596E0	5.5615E0	3.4460E6	
1857	-7.9559E-1	-7.3596E0	5.5615E0	3.4460E6	
1858	-7.9559E-1	-7.3596E0	5.5615E0	3.4460E6	
1859	-7.9559E-1	-7.3596E0	5.5615E0	3.4460E6	
1860	-7.9559E-1	-7.3596E0	5.5615E0	3.4460E6	
1861	-7.9559E-1	-7.3596E0	5.5615E0	3.4460E6	
1862	-7.9559E-1	-7.3596E0	5.5615E0	3.4460E6	
1863	-7.9559E-1	-7.3596E0	5.5615E0	3.4460E6	
1864	-7.9559E-1	-7.3596E0	5.5615E0	3.4460E6	
1865	-7.9559E-1	-7.3596E0	5.5615E0	3.4460E6	
1866	-7.9559E-1	-7.3596E0	5.5615E0	3.4460E6	
1867	-7.9559E-1	-7.3596E0	5.5615E0	3.4460E6	
1868	-7.9559E-1	-7.3596E0	5.5615E0	3.4460E6	
1869	-7.9559E-1	-7.3596E0	5.5615E0	3.4460E6	
1870	-7.9559E-1	-7.3596E0	5.5615E0	3.4460E6	
1871	-7.9559E-1	-7.3596E0	5.5615E0	3.4460E6	
1872	-7.9559E-1	-7.3596E0	5.5615E0	3.4460E6	
1873	-7.9559E-1	-7.3596E0	5.5615E0	3.4460E6	
1874	-7.9559E-1	-7.3596E0	5.5615E0	3.4460E6	
1875	-7.9559E-1	-7.3596E0	5.5615E0	3.4460E6	
1876	-7.9559E-1	-7.3596E0	5.5615E0	3.4460E6	
1877	-7.9559E-1	-7.3596E0	5.5615E0	3.4460E6	
1878	-7.9559E-1	-7.3596E0	5.5615E0	3.4460E6	
1879	-7.9559E-1	-7.3596E0	5.5615E0	3.4460E6	
1880	-7.9559E-1	-7.3596E0	5.5615E0	3.4460E6	
1881	-7.9559E-1	-7.3596E0	5.5615E0	3.4460E6	
1882	-7.9559E-1	-7.3596E0	5.5615E0	3.4460E6	
1883	-7.9559E-1	-7.3596E0	5.5615E0	3.4460E6	
1884	-7.9559E-1	-7.3596E0	5.5615E0	3.4460E6	
1885	-7.9559E-1	-7.3596E0	5.5615E0	3.4460E6	
1886	-7.9559E-1	-7.3596E0	5.5615E0	3.4460E6	
1887	-7.9559E-1	-7.3596E0	5.5615E0	3.4460E6	
1888	-7.9559E-1	-7.3596E0	5.5615E0	3.4460E6	
1889	-7.9559E-1	-7.3596E0	5.5615E0	3.4460E6	
1890	-7.9559E-1	-7.3596E0	5.5615E0	3.4460E6	
1891	-7.9559E-1	-7.3596E0	5.5615E0	3.4460E6	
1892	-7.9559E-1	-7.3596E0	5.5615E0	3.4460E6	
1893	-7.9559E-1	-7.3596E0	5.5615E0	3.4460E6	
1894	-7.9559E-1	-7.3596E0	5.5615E0	3.4460E6	
1895	-7.9559E-1	-7.3596E0	5.5615E0	3.4460E6	
1896	-7.9559E-1	-7.3596E0	5.5615E0	3.4460E6	
1897	-7.9559E-1	-7.3596E0	5.5615E0	3.4460E6	
1898	-7.9559E-1	-7.3596E0	5.5615E0	3.4460E6	
1899	-7.9559E-1	-7.3596E0	5.5615E0	3.4460E6	
1900	-7.9559E-1	-7.3596E0	5.5615E0	3.4460E6	
1901	-7.9559E-1	-7.3596E0	5.5615E0	3.4460E6	
1902	-7.9559E-1	-7.3596E0	5.5615E0	3.4460E6	
1903	-7.9559E-1	-7.3596E0	5.5615E0	3.4460E6	
1904	-7.9559E-1	-7.3596E0	5.5615E0	3.4460E6	
1905	-7.9559E-1	-7.3596E0	5.5615E0	3.4460E6	
1906	-7.9559E-1	-7.3596E0	5.5615E0	3.4460E6	
1907	-7.9559E-1	-7.3596E0	5.5615E0	3.4460E6	
1908	-7.9559E-1	-7.3596E0	5.5615E0	3.4460E6	
1909	-7.9559E-1	-7.3596E0	5.5615E0	3.4460E6	
1910	-7.9559E-1	-7.3596E0	5.5615E0	3.4460E6	
1911	-7.9559E-1	-7.3596E0	5.5615E0	3.4460E6	
1912	-7.9559E-1	-7.3596E0	5.5615E0	3.4460E6	
1913	-7.9559E-1	-7.3596E0	5.5615E0	3.4460E6	
1914	-7.9559E-1	-7.3596E0	5.5615E0	3.4460E6	
1915	-7.9559E-1	-7.3596E0	5.5615E0	3.4460E6	
1916	-7.9559E-1	-7.3596E0	5.5615E0	3.4460E6	
1917	-7.9559E-1	-7.3596E0	5.5615E0	3.4460E6	
1918	-7.9559E-1	-7.3596E0	5.5615E0	3.4460E6	
1919	-7.9559E-1	-7.3596E0	5.5615E0	3.4460E6	
1920	-7.9559E-1	-7.3596E0	5.5615E0	3.4460E6	
1921	-7.9559E-1	-7.3596E0	5.5615E0	3.4460E6	
1922	-7.9559E-1	-7.3596E0	5.5615E0	3.4460E6	
1923	-7.9559E-1	-7.3596E0	5.5615E0	3.4460E6	
1924	-7.9559E-1	-7.3596E0	5.5615E0	3.4460E6	
1925	-7.9559E-1	-7.3596E0	5.5615E0	3.4460E6	
1926	-7.9559E-1	-7.3596E0	5.5615E0	3.4460E6	
1927	-7.9559E-1	-7.3596E0	5.5615E0	3.4460E6	
1928	-7.9559E-1	-7.3596E0	5.5615E0	3.4460E6	
1929	-7.9559E-1	-7.3596E0	5.5615E0	3.4460E6	
1930	-7.9559E-1	-7.3596E0	5.5615E0	3.4460E6	
1931	-7.9559E-1	-7.3596E0	5.5615E0	3.4460E6	
1932	-7.9559E-1	-7.3596E0	5.5615E0	3.4460E6	
1933	-7.9559E-1	-7.3596E0	5.5615E0	3.4460E6	
1934	-7.9559E-1	-7.3596E0	5.5615E0	3.4460E6	
1935	-7.9559E-1	-7.3596E0	5.5615E0	3.4460E6	
1936	-7.9559E-1	-7.3596E0	5.5615E0	3.4460E6	
1937	-7.9559E-1	-7.3596E0	5.5615E0	3.4460E6	
1938	-7.9559E-1	-7.3596E0	5.5615E0	3.4460E6	
1939	-7.9559E-1	-7.3596E0	5.5615E0	3.4460E6	
1940	-7.9559E-1	-7.3596E0	5.5615E0	3.4460E6	
1941	-7.9559E-1	-7.3596E0	5.5615E0	3.4460E6	
1942	-7.9559E-1	-7.3596E0	5.5615E0	3.4460E6	
1943	-7.9559E-1	-7.3596E0	5.5615E0	3.4460E6	
1944	-7.9559E-1	-7.3596E0	5.5615E0	3.4460E6	
1945	-7.9559E-1	-7.3596E0	5.5615E0	3.4460E6	
1946	-7.9559E-1	-7.3596E0	5.5615E0	3.4460E6	
1947	-7.9559E-1	-7.3596E0	5.5615E0	3.4460E6	
1948	-7.9559E-1	-7.3596E0	5.5615E0	3.4460E6	
1949	-7.9559E-1	-7.3596E0	5.5615E0	3.4460E6	
1950	-7.9559E-1	-7.3596E0	5.5615E0	3.4460E6	
1951	-7.9559E-1	-7.3596E0	5.5615E0	3.4460E6	
1952	-7.9559E-1	-7.3596E0	5.5615E0	3.4460E6	
1953	-7.9559E-1	-7.3596E0	5.5615E0	3.4460E6	
1954	-7.9559E-1	-7.3596E0	5.5615E0	3.4460E6	
1955	-7.9559E-1	-7.3596E0	5.5615E0	3.4460E6	
1956	-7.9559E-1	-7.3596E0	5.5615E0	3.4460E6	
1957	-7.9559E-1	-7.3596E0	5.5615E0	3.4460E6	
1958	-7.9559E-1	-7.3596E0	5.5615E0	3.4460E6	
1959	-7.9559E-1	-7.3596E0	5.5615E0	3.4460E6	
1960	-7.9559E-1	-7.3596E0	5.5615E0	3.4460E6	
1961	-7.9559E-1	-7.3596E0	5.5615E0	3.4460E6	
1962	-7.9559E-1	-7.3596E0	5.5615E0	3.4460E6	
1963	-7.9559E-1	-7.3596E0	5.5615E0	3.4460E6	
1964	-7.9559E-1	-7.3596E0	5.5615E0	3.4460E6	
1965	-7.9559E-1	-7.3596E0	5.5615E0	3.4460E6	
1966	-7.9559E-1	-7.3596E0	5.5615E0	3.4460E6	
1967	-7.9559E-1	-7.3596E0	5.5615E0	3.4460E6	
1968	-7.9559E-1	-7.3596E0	5.5615E0	3.4460E6	
1969	-7.9559E-1	-7.3596E0	5.5615E0	3.4460E6	
1970	-7.9559E-1	-7.3596E0	5.5615E0	3.4460E6	
1971	-7.9559E-1	-7.3596E0	5.5615E0	3.4460E6	
1972	-7.9559E-1	-7.3596E0	5.5615E0	3.4460E6	
1973	-7.9559E-1	-7.3596E0	5.5615E0	3.4460E6	
1974	-7.9559E-1	-7.3596E0	5.5615E0	3.4460E6	
1975	-7.9559E-1	-7.3596E0	5.5615E0	3.4460E6	
1976	-7.9559E-1	-7.3596E0	5.5615E0	3.4460E6	
1977	-7.9559E-1	-7.3596E0	5.5615E0	3.4460E6	
1978	-7.9559E-1	-7.3596E0	5.5615E0	3.4460E6	
1979	-7.9559E-1	-7.3596E0	5.5615E0	3.4460E6	
1980	-7.9559E-1	-7.3596E0	5.5615E0	3.4460E6	
1981	-7.9559E-1	-7.3596E0	5.5615E0	3.4460E6	
1982	-7.9559E-1	-7.3596E0	5.5615E0	3.4460E6	
1983	-7.9559E-1	-7.3596E0	5.5615E0	3.4460E6	
1984	-7.9559E-1	-7.3596E0	5.5615E0	3.4460E6	
1985	-7.9559E-1	-7.3596E0	5.5615E0	3.4460E6	
1986	-7.9559E-1	-7.3596E0	5.5615E0	3.4460E6	
1987	-7.9559E-1	-7.3596E0	5.5615E0	3.4460E6	
1988	-7.9559E-1	-7.3596E0	5.5615E0	3.4460E6	
1989	-7.9559E-1	-7.3596E0	5.5615E0	3.4460E6	
1990	-7.9559E-1	-7.3596E0	5.5615E0	3.4460E6	
1991	-7.9559E-1	-7.3596E0	5.5615E0	3.4460E6	
1992	-7.9559E-1	-7.3596E0	5.5615E0	3.4460E6	
1993	-7.9559E-1	-7.3596E0	5.5615E0	3.4460E6	
1994	-7.9559E-1	-7.3596E0	5.5615E0	3.4460E6	
1995	-7.9559E-1	-7.3596E0	5.5615E0	3.4460E6	
1996	-7.9559E-1	-7.3596E0	5.5615E0	3.4460E6	
1997	-7.9559E-1	-7.3596E0	5.5615E0	3.4460E6	
1998	-7.9559E-1	-7.3596E0	5.5615E0	3.4460E6	
1999	-7.9559E-1	-7.3596E0	5.5615E0	3.4460E6	
2000	-7.9559E-1	-7.3596E0	5.5615E0	3.4460E6	
2001	-7.9559E-1	-7.3596E0	5.5615E0	3.4460E6	
2002	-7.9559E-1	-7.3596E0	5.5615E0	3.4460E6	
2003	-7.9559E-1	-7.3596E0	5.5615E0	3.4460E6	
2004	-7.9559E-1	-7.3596E0	5.5615E0	3.4460E6	
2005	-7.9559E-1	-7.3596E0	5.5615E0	3.4460E6	
2006	-7.9559E-1	-7.3596E0	5.5615E0	3.4460E6	
2007	-7.9559E-1	-7.3596E0	5.5615E0	3.4460E6	
2008	-7.9559E-1	-7.3596E0	5.5615E0	3.4460E6	
2009	-7.9559E-1	-7.3596E0	5.5615E0	3.4460E6	
2010	-7.9559E-1	-7.3596E0	5.5615E0	3.4460E6	
2011	-7.9559E-1	-7.3596E0	5.5615E0	3.4460E6	
2012	-7.9559E-1	-7.3596E0	5.5615E0	3.4460E6	
2013	-7.9559E-1	-7.3596E0	5.5615E0	3.4460E6	
2014	-7.9559E-1	-7.3596E0	5.5615E0	3.4460E6	
2015	-7.9559E-1	-7.3596E0	5.5615E0	3.4460E6	
2016	-7.9559E-1	-7.3596E0	5.5615E0	3.4460E6	
2017	-7.9559E-1	-7.3596E0	5.5615E0	3.4460E6	
2018	-7.9559E-1	-7.3596E0	5.5615E0	3.4460E6	
2019	-7.9559E-1	-7.3596E0	5.5615E0	3.4460E6	
2020	-7.9559E-1	-7.3596E0	5.5615E0	3.4460E6	
2021	-7.9559E-1	-7.3596E0	5.5615E0	3.4460E6	
2022	-7.9559E-1	-7.3596E0	5.5615E0	3.4460E6	
2023	-7.9559E-1	-7.3596E0	5.5615E0	3.4460E6	
2024	-7.9559E-1	-7.3596E0	5.5615E0	3.4460E6	
2025	-7.9559E-1	-7.3596E0	5.5615E0	3.4460E6	
2026	-7.9559E-1	-7.3596E0	5.5615E0	3.4460E6	
2027	-7.9559E-1	-7.3596E0	5.5615E0	3.4460E6	
2028	-7.9559E-1	-7.3596E0	5.5615E0	3.4460E6	
2029	-7.9559E-1	-7.3596E0	5.5615E0	3.4460E6	
2030	-7.9559E-1	-7.3596E0	5.5615E0	3.4460E6	
2031	-7.9559E-1	-7.3596E0	5.5615E0	3.4460E6	
2032	-7.9559E-1	-7.3596E0	5.5615E0	3.4460E6	
2033	-7.9559E-1	-7.3596E0	5.5615E0	3.4460E6	
2034	-7.9559E-1	-7.3596E0	5.5615E0	3.4460E6	
2035	-7.9559E-1	-7.3596E0	5.5615E0	3.4460E6	
2036	-7.9559E-1	-7.3596E0	5.5615E0	3.4460E6	
2037	-7.9559E-1	-7.3596E0	5.5615E0	3.4460E6	
2038	-7.9559E-1	-7.3596E0	5.5615E0	3.4460E6	
2039	-7.9559E-1	-7.3596E0	5.5615E0	3.4460E6	
2040	-7.9559E-1	-7.3596E0	5.5615E0	3.4460E6	
2041	-7.9559E-1	-7.3596E0	5.5615E0	3.4460E6	
2042	-7.9559E-1	-7.3596E0	5.5615E0	3.4460E6	
2043	-7.9559E-1	-7.3596E0	5.5615E0	3.4460E6	
2044	-7.9559E-1	-7.3596E0	5.5615E0	3.4460E6	
2045	-7.9559E-1	-7.3596E0	5.5615E0	3.4460E6	
2046	-7.9559E-1	-7.3596E0	5.5615E0	3.4460E6	
2047	-7.9559E-1	-7.3596E0	5.5615E0	3.4460E6	
2048	-7.9559E-1	-7.3596E0	5.5615E0	3.4460E6	
