point 175
Index	Vertical (A-B)	Force	Z Height	Time Stamp	
     	V	nN	?m	?sec	
1	-8.1589E-1	-1.8115E0	5.5712E0	1.2000E2	
2	-8.1520E-1	-7.9251E-1	5.5699E0	2.3400E3	
3	-8.1459E-1	1.1329E-1	5.5674E0	4.5600E3	
4	-8.1543E-1	-1.1322E0	5.5643E0	6.7800E3	
5	-8.1558E-1	-1.3586E0	5.5610E0	9.0000E3	
6	-8.1276E-1	2.8307E0	5.5572E0	1.1220E4	
7	-8.1322E-1	2.1514E0	5.5535E0	1.3440E4	
8	-8.1314E-1	2.2646E0	5.5497E0	1.5660E4	
9	-8.1276E-1	2.8307E0	5.5456E0	1.7880E4	
10	-8.1306E-1	2.3778E0	5.5415E0	2.0100E4	
11	-8.1306E-1	2.3778E0	5.5373E0	2.2320E4	
12	-8.1375E-1	1.3588E0	5.5331E0	2.4540E4	
13	-8.1177E-1	4.3026E0	5.5288E0	2.6760E4	
14	-8.1528E-1	-9.0574E-1	5.5245E0	2.8980E4	
15	-8.1268E-1	2.9439E0	5.5200E0	3.1200E4	
16	-8.1245E-1	3.2836E0	5.5156E0	3.3420E4	
17	-8.1398E-1	1.0191E0	5.5111E0	3.5640E4	
18	-8.1467E-1	6.9108E-5	5.5066E0	3.7860E4	
19	-8.1177E-1	4.3026E0	5.5020E0	4.0080E4	
20	-8.1268E-1	2.9439E0	5.4975E0	4.2300E4	
21	-8.1245E-1	3.2836E0	5.4928E0	4.4520E4	
22	-8.1276E-1	2.8307E0	5.4882E0	4.6740E4	
23	-8.1154E-1	4.6423E0	5.4835E0	4.8960E4	
24	-8.1497E-1	-4.5283E-1	5.4789E0	5.1180E4	
25	-8.1223E-1	3.6233E0	5.4742E0	5.3400E4	
26	-8.1085E-1	5.6614E0	5.4695E0	5.5620E4	
27	-8.1154E-1	4.6423E0	5.4647E0	5.7840E4	
28	-8.1108E-1	5.3217E0	5.4600E0	6.0060E4	
29	-8.0887E-1	8.6052E0	5.4553E0	6.2280E4	
30	-8.1078E-1	5.7746E0	5.4505E0	6.4500E4	
31	-8.0872E-1	8.8317E0	5.4457E0	6.6720E4	
32	-8.1093E-1	5.5481E0	5.4408E0	6.8940E4	
33	-8.1230E-1	3.5101E0	5.4361E0	7.1160E4	
34	-8.1207E-1	3.8497E0	5.4312E0	7.3380E4	
35	-8.1001E-1	6.9068E0	5.4264E0	7.5600E4	
36	-8.1230E-1	3.5101E0	5.4215E0	7.7820E4	
37	-8.1108E-1	5.3217E0	5.4166E0	8.0040E4	
38	-8.1299E-1	2.4910E0	5.4117E0	8.2260E4	
39	-8.1268E-1	2.9439E0	5.4069E0	8.4480E4	
40	-8.0826E-1	9.5110E0	5.4020E0	8.6700E4	
41	-8.0986E-1	7.1333E0	5.3970E0	8.8920E4	
42	-8.1299E-1	2.4910E0	5.3921E0	9.1140E4	
43	-8.1039E-1	6.3407E0	5.3872E0	9.3360E4	
44	-8.0986E-1	7.1333E0	5.3823E0	9.5580E4	
45	-8.0956E-1	7.5862E0	5.3774E0	9.7800E4	
46	-8.0803E-1	9.8507E0	5.3723E0	1.0002E5	
47	-8.1055E-1	6.1143E0	5.3674E0	1.0224E5	
48	-8.0833E-1	9.3978E0	5.3624E0	1.0446E5	
49	-8.0711E-1	1.1209E1	5.3574E0	1.0668E5	
50	-8.0681E-1	1.1662E1	5.3524E0	1.0890E5	
51	-8.0582E-1	1.3134E1	5.3474E0	1.1112E5	
52	-8.0734E-1	1.0870E1	5.3424E0	1.1334E5	
53	-8.0780E-1	1.0190E1	5.3375E0	1.1556E5	
54	-8.0772E-1	1.0304E1	5.3325E0	1.1778E5	
55	-8.0688E-1	1.1549E1	5.3273E0	1.2000E5	
56	-8.0864E-1	8.9449E0	5.3224E0	1.2222E5	
57	-8.0780E-1	1.0190E1	5.3174E0	1.2444E5	
58	-8.0872E-1	8.8317E0	5.3122E0	1.2666E5	
59	-8.0727E-1	1.0983E1	5.3072E0	1.2888E5	
60	-8.0360E-1	1.6418E1	5.3022E0	1.3110E5	
61	-8.0559E-1	1.3474E1	5.2971E0	1.3332E5	
62	-8.0246E-1	1.8116E1	5.2920E0	1.3554E5	
63	-8.0566E-1	1.3361E1	5.2868E0	1.3776E5	
64	-8.0353E-1	1.6531E1	5.2819E0	1.3998E5	
65	-8.0681E-1	1.1662E1	5.2766E0	1.4220E5	
66	-8.0452E-1	1.5059E1	5.2716E0	1.4442E5	
67	-8.0551E-1	1.3587E1	5.2665E0	1.4664E5	
68	-8.0757E-1	1.0530E1	5.2613E0	1.4886E5	
69	-8.0566E-1	1.3361E1	5.2562E0	1.5108E5	
70	-8.0528E-1	1.3927E1	5.2510E0	1.5330E5	
71	-8.0795E-1	9.9639E0	5.2459E0	1.5552E5	
72	-8.0544E-1	1.3700E1	5.2408E0	1.5774E5	
73	-8.0505E-1	1.4267E1	5.2355E0	1.5996E5	
74	-8.0208E-1	1.8682E1	5.2304E0	1.6218E5	
75	-8.0200E-1	1.8796E1	5.2252E0	1.6440E5	
76	-8.0368E-1	1.6305E1	5.2201E0	1.6662E5	
77	-8.0383E-1	1.6078E1	5.2148E0	1.6884E5	
78	-8.0307E-1	1.7210E1	5.2096E0	1.7106E5	
79	-8.0490E-1	1.4493E1	5.2045E0	1.7328E5	
80	-8.0223E-1	1.8456E1	5.1993E0	1.7550E5	
81	-8.0292E-1	1.7437E1	5.1941E0	1.7772E5	
82	-8.0307E-1	1.7210E1	5.1889E0	1.7994E5	
83	-8.0170E-1	1.9248E1	5.1836E0	1.8216E5	
84	-8.0132E-1	1.9815E1	5.1784E0	1.8438E5	
85	-8.0132E-1	1.9815E1	5.1732E0	1.8660E5	
86	-8.0200E-1	1.8796E1	5.1679E0	1.8882E5	
87	-8.0147E-1	1.9588E1	5.1626E0	1.9104E5	
88	-8.0139E-1	1.9701E1	5.1574E0	1.9326E5	
89	-8.0261E-1	1.7890E1	5.1521E0	1.9548E5	
90	-7.9933E-1	2.2758E1	5.1468E0	1.9770E5	
91	-8.0276E-1	1.7663E1	5.1416E0	1.9992E5	
92	-8.0048E-1	2.1060E1	5.1363E0	2.0214E5	
93	-8.0162E-1	1.9362E1	5.1311E0	2.0436E5	
94	-8.0093E-1	2.0381E1	5.1258E0	2.0658E5	
95	-8.0193E-1	1.8909E1	5.1205E0	2.0880E5	
96	-8.0109E-1	2.0154E1	5.1152E0	2.1102E5	
97	-8.0048E-1	2.1060E1	5.1098E0	2.1324E5	
98	-8.0009E-1	2.1626E1	5.1045E0	2.1546E5	
99	-8.0040E-1	2.1173E1	5.0993E0	2.1768E5	
100	-7.9903E-1	2.3211E1	5.0939E0	2.1990E5	
101	-8.0017E-1	2.1513E1	5.0886E0	2.2212E5	
102	-7.9796E-1	2.4797E1	5.0833E0	2.2434E5	
103	-7.9956E-1	2.2419E1	5.0779E0	2.2656E5	
104	-8.0032E-1	2.1287E1	5.0726E0	2.2878E5	
105	-7.9987E-1	2.1966E1	5.0672E0	2.3100E5	
106	-7.9948E-1	2.2532E1	5.0619E0	2.3322E5	
107	-8.0070E-1	2.0720E1	5.0565E0	2.3544E5	
108	-8.0009E-1	2.1626E1	5.0511E0	2.3766E5	
109	-8.0078E-1	2.0607E1	5.0457E0	2.3988E5	
110	-7.9895E-1	2.3325E1	5.0403E0	2.4210E5	
111	-7.9895E-1	2.3325E1	5.0350E0	2.4432E5	
112	-8.0009E-1	2.1626E1	5.0296E0	2.4654E5	
113	-8.0070E-1	2.0720E1	5.0242E0	2.4876E5	
114	-7.9697E-1	2.6268E1	5.0189E0	2.5098E5	
115	-7.9819E-1	2.4457E1	5.0134E0	2.5320E5	
116	-7.9613E-1	2.7514E1	5.0079E0	2.5542E5	
117	-7.9674E-1	2.6608E1	5.0025E0	2.5764E5	
118	-7.9758E-1	2.5363E1	4.9971E0	2.5986E5	
119	-7.9742E-1	2.5589E1	4.9917E0	2.6208E5	
120	-7.9659E-1	2.6835E1	4.9863E0	2.6430E5	
121	-7.9865E-1	2.3777E1	4.9808E0	2.6652E5	
122	-7.9765E-1	2.5249E1	4.9753E0	2.6874E5	
123	-7.9643E-1	2.7061E1	4.9699E0	2.7096E5	
124	-7.9803E-1	2.4683E1	4.9644E0	2.7318E5	
125	-7.9788E-1	2.4910E1	4.9590E0	2.7540E5	
126	-7.9811E-1	2.4570E1	4.9535E0	2.7762E5	
127	-7.9468E-1	2.9665E1	4.9481E0	2.7984E5	
128	-7.9536E-1	2.8646E1	4.9426E0	2.8206E5	
129	-7.9597E-1	2.7740E1	4.9371E0	2.8428E5	
130	-7.9529E-1	2.8759E1	4.9316E0	2.8650E5	
131	-7.9491E-1	2.9326E1	4.9260E0	2.8872E5	
132	-7.9674E-1	2.6608E1	4.9206E0	2.9094E5	
133	-7.9468E-1	2.9665E1	4.9151E0	2.9316E5	
134	-7.9544E-1	2.8533E1	4.9096E0	2.9538E5	
135	-7.9391E-1	3.0797E1	4.9041E0	2.9760E5	
136	-7.9475E-1	2.9552E1	4.8986E0	2.9982E5	
137	-7.9285E-1	3.2383E1	4.8929E0	3.0204E5	
138	-7.9346E-1	3.1477E1	4.8875E0	3.0426E5	
139	-7.9323E-1	3.1817E1	4.8820E0	3.0648E5	
140	-7.9094E-1	3.5213E1	4.8765E0	3.0870E5	
141	-7.9475E-1	2.9552E1	4.8709E0	3.1092E5	
142	-7.9308E-1	3.2043E1	4.8653E0	3.1314E5	
143	-7.9338E-1	3.1590E1	4.8597E0	3.1536E5	
144	-7.9048E-1	3.5893E1	4.8542E0	3.1758E5	
145	-7.9277E-1	3.2496E1	4.8486E0	3.1980E5	
146	-7.8964E-1	3.7138E1	4.8432E0	3.2202E5	
147	-7.8987E-1	3.6798E1	4.8376E0	3.2424E5	
148	-7.9300E-1	3.2156E1	4.8319E0	3.2646E5	
149	-7.9025E-1	3.6232E1	4.8264E0	3.2868E5	
150	-7.9033E-1	3.6119E1	4.8208E0	3.3090E5	
151	-7.9079E-1	3.5440E1	4.8151E0	3.3312E5	
152	-7.8835E-1	3.9063E1	4.8096E0	3.3534E5	
153	-7.9010E-1	3.6459E1	4.8040E0	3.3756E5	
154	-7.8964E-1	3.7138E1	4.7982E0	3.3978E5	
155	-7.9102E-1	3.5100E1	4.7927E0	3.4200E5	
156	-7.9109E-1	3.4987E1	4.7871E0	3.4422E5	
157	-7.9124E-1	3.4760E1	4.7814E0	3.4644E5	
158	-7.8766E-1	4.0082E1	4.7758E0	3.4866E5	
159	-7.8827E-1	3.9176E1	4.7701E0	3.5088E5	
160	-7.8941E-1	3.7478E1	4.7645E0	3.5310E5	
161	-7.9033E-1	3.6119E1	4.7589E0	3.5532E5	
162	-7.8743E-1	4.0422E1	4.7533E0	3.5754E5	
163	-7.9018E-1	3.6346E1	4.7476E0	3.5976E5	
164	-7.8926E-1	3.7704E1	4.7419E0	3.6198E5	
165	-7.8629E-1	4.2120E1	4.7363E0	3.6420E5	
166	-7.8972E-1	3.7025E1	4.7306E0	3.6642E5	
167	-7.8857E-1	3.8723E1	4.7250E0	3.6864E5	
168	-7.8766E-1	4.0082E1	4.7192E0	3.7086E5	
169	-7.9002E-1	3.6572E1	4.7135E0	3.7308E5	
170	-7.8842E-1	3.8950E1	4.7078E0	3.7530E5	
171	-7.8835E-1	3.9063E1	4.7022E0	3.7752E5	
172	-7.8644E-1	4.1894E1	4.6965E0	3.7974E5	
173	-7.8644E-1	4.1894E1	4.6907E0	3.8196E5	
174	-7.8659E-1	4.1667E1	4.6850E0	3.8418E5	
175	-7.8621E-1	4.2233E1	4.6793E0	3.8640E5	
176	-7.8712E-1	4.0875E1	4.6735E0	3.8862E5	
177	-7.8751E-1	4.0308E1	4.6678E0	3.9084E5	
178	-7.8796E-1	3.9629E1	4.6620E0	3.9306E5	
179	-7.8667E-1	4.1554E1	4.6564E0	3.9528E5	
180	-7.8735E-1	4.0535E1	4.6505E0	3.9750E5	
181	-7.8545E-1	4.3366E1	4.6448E0	3.9972E5	
182	-7.8636E-1	4.2007E1	4.6392E0	4.0194E5	
183	-7.8423E-1	4.5177E1	4.6334E0	4.0416E5	
184	-7.8827E-1	3.9176E1	4.6276E0	4.0638E5	
185	-7.8583E-1	4.2799E1	4.6218E0	4.0860E5	
186	-7.8545E-1	4.3366E1	4.6160E0	4.1082E5	
187	-7.8506E-1	4.3932E1	4.6103E0	4.1304E5	
188	-7.8598E-1	4.2573E1	4.6044E0	4.1526E5	
189	-7.8377E-1	4.5856E1	4.5987E0	4.1748E5	
190	-7.8453E-1	4.4724E1	4.5930E0	4.1970E5	
191	-7.8560E-1	4.3139E1	4.5872E0	4.2192E5	
192	-7.8400E-1	4.5517E1	4.5813E0	4.2414E5	
193	-7.8186E-1	4.8687E1	4.5755E0	4.2636E5	
194	-7.8354E-1	4.6196E1	4.5697E0	4.2858E5	
195	-7.8430E-1	4.5064E1	4.5638E0	4.3080E5	
196	-7.8209E-1	4.8347E1	4.5580E0	4.3302E5	
197	-7.8430E-1	4.5064E1	4.5522E0	4.3524E5	
198	-7.8453E-1	4.4724E1	4.5465E0	4.3746E5	
199	-7.8392E-1	4.5630E1	4.5407E0	4.3968E5	
200	-7.8171E-1	4.8914E1	4.5348E0	4.4190E5	
201	-7.8194E-1	4.8574E1	4.5289E0	4.4412E5	
202	-7.8194E-1	4.8574E1	4.5230E0	4.4634E5	
203	-7.8529E-1	4.3592E1	4.5172E0	4.4856E5	
204	-7.8300E-1	4.6989E1	4.5113E0	4.5078E5	
205	-7.8094E-1	5.0046E1	4.5055E0	4.5300E5	
206	-7.8117E-1	4.9706E1	4.4996E0	4.5522E5	
207	-7.8133E-1	4.9480E1	4.4937E0	4.5744E5	
208	-7.8049E-1	5.0725E1	4.4879E0	4.5966E5	
209	-7.7888E-1	5.3103E1	4.4820E0	4.6188E5	
210	-7.7904E-1	5.2876E1	4.4761E0	4.6410E5	
211	-7.7866E-1	5.3443E1	4.4701E0	4.6632E5	
212	-7.8079E-1	5.0272E1	4.4643E0	4.6854E5	
213	-7.7965E-1	5.1971E1	4.4583E0	4.7076E5	
214	-7.7980E-1	5.1744E1	4.4525E0	4.7298E5	
215	-7.7797E-1	5.4462E1	4.4465E0	4.7520E5	
216	-7.7934E-1	5.2424E1	4.4406E0	4.7742E5	
217	-7.7972E-1	5.1857E1	4.4348E0	4.7964E5	
218	-7.7942E-1	5.2310E1	4.4288E0	4.8186E5	
219	-7.7751E-1	5.5141E1	4.4229E0	4.8408E5	
220	-7.7835E-1	5.3896E1	4.4169E0	4.8630E5	
221	-7.7835E-1	5.3896E1	4.4110E0	4.8852E5	
222	-7.8011E-1	5.1291E1	4.4051E0	4.9074E5	
223	-7.7637E-1	5.6839E1	4.3992E0	4.9296E5	
224	-7.7698E-1	5.5934E1	4.3932E0	4.9518E5	
225	-7.7866E-1	5.3443E1	4.3872E0	4.9740E5	
226	-7.7713E-1	5.5707E1	4.3813E0	4.9962E5	
227	-7.7644E-1	5.6726E1	4.3752E0	5.0184E5	
228	-7.7538E-1	5.8311E1	4.3693E0	5.0406E5	
229	-7.7766E-1	5.4915E1	4.3634E0	5.0628E5	
230	-7.7530E-1	5.8425E1	4.3574E0	5.0850E5	
231	-7.7721E-1	5.5594E1	4.3514E0	5.1072E5	
232	-7.7576E-1	5.7745E1	4.3454E0	5.1294E5	
233	-7.7629E-1	5.6953E1	4.3394E0	5.1516E5	
234	-7.7629E-1	5.6953E1	4.3333E0	5.1738E5	
235	-7.7415E-1	6.0123E1	4.3274E0	5.1960E5	
236	-7.7492E-1	5.8991E1	4.3215E0	5.2182E5	
237	-7.7522E-1	5.8538E1	4.3155E0	5.2404E5	
238	-7.7278E-1	6.2161E1	4.3094E0	5.2626E5	
239	-7.7393E-1	6.0463E1	4.3034E0	5.2848E5	
240	-7.7438E-1	5.9783E1	4.2975E0	5.3070E5	
241	-7.7118E-1	6.4539E1	4.2915E0	5.3292E5	
242	-7.7332E-1	6.1368E1	4.2854E0	5.3514E5	
243	-7.7553E-1	5.8085E1	4.2794E0	5.3736E5	
244	-7.7354E-1	6.1029E1	4.2733E0	5.3958E5	
245	-7.7362E-1	6.0916E1	4.2674E0	5.4180E5	
246	-7.7614E-1	5.7179E1	4.2613E0	5.4402E5	
247	-7.7423E-1	6.0010E1	4.2552E0	5.4624E5	
248	-7.7225E-1	6.2954E1	4.2491E0	5.4846E5	
249	-7.7126E-1	6.4426E1	4.2431E0	5.5068E5	
250	-7.7362E-1	6.0916E1	4.2371E0	5.5290E5	
251	-7.7194E-1	6.3406E1	4.2310E0	5.5512E5	
252	-7.7103E-1	6.4765E1	4.2249E0	5.5734E5	
253	-7.7339E-1	6.1255E1	4.2189E0	5.5956E5	
254	-7.7309E-1	6.1708E1	4.2128E0	5.6178E5	
255	-7.7011E-1	6.6124E1	4.2068E0	5.6400E5	
256	-7.7347E-1	6.1142E1	4.2006E0	5.6622E5	
257	-7.7415E-1	6.0123E1	4.1946E0	5.6844E5	
258	-7.7255E-1	6.2501E1	4.1886E0	5.7066E5	
259	-7.7278E-1	6.2161E1	4.1824E0	5.7288E5	
260	-7.7423E-1	6.0010E1	4.1764E0	5.7510E5	
261	-7.6950E-1	6.7030E1	4.1702E0	5.7732E5	
262	-7.6912E-1	6.7596E1	4.1642E0	5.7954E5	
263	-7.6820E-1	6.8955E1	4.1580E0	5.8176E5	
264	-7.7171E-1	6.3746E1	4.1520E0	5.8398E5	
265	-7.7034E-1	6.5784E1	4.1458E0	5.8620E5	
266	-7.7225E-1	6.2954E1	4.1396E0	5.8842E5	
267	-7.7003E-1	6.6237E1	4.1336E0	5.9064E5	
268	-7.6996E-1	6.6350E1	4.1274E0	5.9286E5	
269	-7.6912E-1	6.7596E1	4.1213E0	5.9508E5	
270	-7.6897E-1	6.7822E1	4.1152E0	5.9730E5	
271	-7.6935E-1	6.7256E1	4.1090E0	5.9952E5	
272	-7.7003E-1	6.6237E1	4.1029E0	6.0174E5	
273	-7.6904E-1	6.7709E1	4.0967E0	6.0396E5	
274	-7.6836E-1	6.8728E1	4.0907E0	6.0618E5	
275	-7.6805E-1	6.9181E1	4.0844E0	6.0840E5	
276	-7.6973E-1	6.6690E1	4.0782E0	6.1062E5	
277	-7.6691E-1	7.0879E1	4.0721E0	6.1284E5	
278	-7.6775E-1	6.9634E1	4.0659E0	6.1506E5	
279	-7.6752E-1	6.9974E1	4.0598E0	6.1728E5	
280	-7.6706E-1	7.0653E1	4.0536E0	6.1950E5	
281	-7.6622E-1	7.1898E1	4.0475E0	6.2172E5	
282	-7.6576E-1	7.2578E1	4.0413E0	6.2394E5	
283	-7.6622E-1	7.1898E1	4.0351E0	6.2616E5	
284	-7.6561E-1	7.2804E1	4.0289E0	6.2838E5	
285	-7.6820E-1	6.8955E1	4.0228E0	6.3060E5	
286	-7.6500E-1	7.3710E1	4.0165E0	6.3282E5	
287	-7.6630E-1	7.1785E1	4.0103E0	6.3504E5	
288	-7.6714E-1	7.0540E1	4.0041E0	6.3726E5	
289	-7.6393E-1	7.5295E1	3.9979E0	6.3948E5	
290	-7.6340E-1	7.6088E1	3.9917E0	6.4170E5	
291	-7.6561E-1	7.2804E1	3.9856E0	6.4392E5	
292	-7.6294E-1	7.6767E1	3.9793E0	6.4614E5	
293	-7.6653E-1	7.1446E1	3.9731E0	6.4836E5	
294	-7.6332E-1	7.6201E1	3.9668E0	6.5058E5	
295	-7.6302E-1	7.6654E1	3.9606E0	6.5280E5	
296	-7.6416E-1	7.4956E1	3.9544E0	6.5502E5	
297	-7.6294E-1	7.6767E1	3.9482E0	6.5724E5	
298	-7.6462E-1	7.4276E1	3.9419E0	6.5946E5	
299	-7.6149E-1	7.8918E1	3.9357E0	6.6168E5	
300	-7.6431E-1	7.4729E1	3.9294E0	6.6390E5	
301	-7.6340E-1	7.6088E1	3.9232E0	6.6612E5	
302	-7.6202E-1	7.8126E1	3.9170E0	6.6834E5	
303	-7.6279E-1	7.6994E1	3.9106E0	6.7056E5	
304	-7.6027E-1	8.0730E1	3.9045E0	6.7278E5	
305	-7.5996E-1	8.1183E1	3.8982E0	6.7500E5	
306	-7.6111E-1	7.9485E1	3.8919E0	6.7722E5	
307	-7.6294E-1	7.6767E1	3.8857E0	6.7944E5	
308	-7.5958E-1	8.1749E1	3.8795E0	6.8166E5	
309	-7.5768E-1	8.4580E1	3.8732E0	6.8388E5	
310	-7.6141E-1	7.9032E1	3.8668E0	6.8610E5	
311	-7.5912E-1	8.2428E1	3.8605E0	6.8832E5	
312	-7.5874E-1	8.2995E1	3.8542E0	6.9054E5	
313	-7.5905E-1	8.2542E1	3.8479E0	6.9276E5	
314	-7.5996E-1	8.1183E1	3.8416E0	6.9498E5	
315	-7.5905E-1	8.2542E1	3.8354E0	6.9720E5	
316	-7.6042E-1	8.0504E1	3.8291E0	6.9942E5	
317	-7.6126E-1	7.9258E1	3.8228E0	7.0164E5	
318	-7.5745E-1	8.4919E1	3.8165E0	7.0386E5	
319	-7.5905E-1	8.2542E1	3.8101E0	7.0608E5	
320	-7.5859E-1	8.3221E1	3.8038E0	7.0830E5	
321	-7.5874E-1	8.2995E1	3.7976E0	7.1052E5	
322	-7.6019E-1	8.0843E1	3.7911E0	7.1274E5	
323	-7.5775E-1	8.4466E1	3.7849E0	7.1496E5	
324	-7.6012E-1	8.0956E1	3.7786E0	7.1718E5	
325	-7.5745E-1	8.4919E1	3.7721E0	7.1940E5	
326	-7.5714E-1	8.5372E1	3.7658E0	7.2162E5	
327	-7.5905E-1	8.2542E1	3.7596E0	7.2384E5	
328	-7.5966E-1	8.1636E1	3.7532E0	7.2606E5	
329	-7.5775E-1	8.4466E1	3.7469E0	7.2828E5	
330	-7.5722E-1	8.5259E1	3.7405E0	7.3050E5	
331	-7.5584E-1	8.7297E1	3.7342E0	7.3272E5	
332	-7.5752E-1	8.4806E1	3.7278E0	7.3494E5	
333	-7.5630E-1	8.6618E1	3.7214E0	7.3716E5	
334	-7.5607E-1	8.6957E1	3.7151E0	7.3938E5	
335	-7.5706E-1	8.5486E1	3.7087E0	7.4160E5	
336	-7.5714E-1	8.5372E1	3.7023E0	7.4382E5	
337	-7.5661E-1	8.6165E1	3.6959E0	7.4604E5	
338	-7.5645E-1	8.6391E1	3.6896E0	7.4826E5	
339	-7.5378E-1	9.0354E1	3.6832E0	7.5048E5	
340	-7.5508E-1	8.8429E1	3.6768E0	7.5270E5	
341	-7.5523E-1	8.8203E1	3.6705E0	7.5492E5	
342	-7.5676E-1	8.5938E1	3.6641E0	7.5714E5	
343	-7.5439E-1	8.9448E1	3.6577E0	7.5936E5	
344	-7.5623E-1	8.6731E1	3.6513E0	7.6158E5	
345	-7.5462E-1	8.9109E1	3.6449E0	7.6380E5	
346	-7.5432E-1	8.9562E1	3.6384E0	7.6602E5	
347	-7.5302E-1	9.1486E1	3.6321E0	7.6824E5	
348	-7.5378E-1	9.0354E1	3.6255E0	7.7046E5	
349	-7.5119E-1	9.4204E1	3.6192E0	7.7268E5	
350	-7.5157E-1	9.3638E1	3.6128E0	7.7490E5	
351	-7.5089E-1	9.4657E1	3.6063E0	7.7712E5	
352	-7.4913E-1	9.7261E1	3.5999E0	7.7934E5	
353	-7.5279E-1	9.1826E1	3.5935E0	7.8156E5	
354	-7.5157E-1	9.3638E1	3.5871E0	7.8378E5	
355	-7.5279E-1	9.1826E1	3.5807E0	7.8600E5	
356	-7.5218E-1	9.2732E1	3.5742E0	7.8822E5	
357	-7.5058E-1	9.5110E1	3.5678E0	7.9044E5	
358	-7.5119E-1	9.4204E1	3.5613E0	7.9266E5	
359	-7.5241E-1	9.2392E1	3.5549E0	7.9488E5	
360	-7.5195E-1	9.3072E1	3.5483E0	7.9710E5	
361	-7.5348E-1	9.0807E1	3.5419E0	7.9932E5	
362	-7.4860E-1	9.8054E1	3.5356E0	8.0154E5	
363	-7.5066E-1	9.4996E1	3.5291E0	8.0376E5	
364	-7.4913E-1	9.7261E1	3.5225E0	8.0598E5	
365	-7.4738E-1	9.9865E1	3.5161E0	8.0820E5	
366	-7.4837E-1	9.8393E1	3.5096E0	8.1042E5	
367	-7.4829E-1	9.8506E1	3.5031E0	8.1264E5	
368	-7.4852E-1	9.8167E1	3.4967E0	8.1486E5	
369	-7.4860E-1	9.8054E1	3.4902E0	8.1708E5	
370	-7.4799E-1	9.8959E1	3.4838E0	8.1930E5	
371	-7.4951E-1	9.6695E1	3.4771E0	8.2152E5	
372	-7.4738E-1	9.9865E1	3.4707E0	8.2374E5	
373	-7.4730E-1	9.9978E1	3.4642E0	8.2596E5	
374	-7.4463E-1	1.0394E2	3.4577E0	8.2818E5	
375	-7.4699E-1	1.0043E2	3.4512E0	8.3040E5	
376	-7.4562E-1	1.0247E2	3.4446E0	8.3262E5	
377	-7.4554E-1	1.0258E2	3.4382E0	8.3484E5	
378	-7.4722E-1	1.0009E2	3.4318E0	8.3706E5	
379	-7.4417E-1	1.0462E2	3.4252E0	8.3928E5	
380	-7.4554E-1	1.0258E2	3.4187E0	8.4150E5	
381	-7.4585E-1	1.0213E2	3.4122E0	8.4372E5	
382	-7.4516E-1	1.0315E2	3.4056E0	8.4594E5	
383	-7.4684E-1	1.0066E2	3.3991E0	8.4816E5	
384	-7.4493E-1	1.0349E2	3.3926E0	8.5038E5	
385	-7.4600E-1	1.0190E2	3.3859E0	8.5260E5	
386	-7.4242E-1	1.0722E2	3.3796E0	8.5482E5	
387	-7.4455E-1	1.0405E2	3.3730E0	8.5704E5	
388	-7.4493E-1	1.0349E2	3.3664E0	8.5926E5	
389	-7.4524E-1	1.0304E2	3.3599E0	8.6148E5	
390	-7.4394E-1	1.0496E2	3.3533E0	8.6370E5	
391	-7.4333E-1	1.0587E2	3.3469E0	8.6592E5	
392	-7.4432E-1	1.0439E2	3.3402E0	8.6814E5	
393	-7.4326E-1	1.0598E2	3.3337E0	8.7036E5	
394	-7.4318E-1	1.0609E2	3.3271E0	8.7258E5	
395	-7.4348E-1	1.0564E2	3.3206E0	8.7480E5	
396	-7.4394E-1	1.0496E2	3.3140E0	8.7702E5	
397	-7.4394E-1	1.0496E2	3.3074E0	8.7924E5	
398	-7.4318E-1	1.0609E2	3.3008E0	8.8146E5	
399	-7.4615E-1	1.0168E2	3.2943E0	8.8368E5	
400	-7.4203E-1	1.0779E2	3.2876E0	8.8590E5	
401	-7.4310E-1	1.0621E2	3.2811E0	8.8812E5	
402	-7.4379E-1	1.0519E2	3.2746E0	8.9034E5	
403	-7.4120E-1	1.0904E2	3.2679E0	8.9256E5	
404	-7.4356E-1	1.0553E2	3.2613E0	8.9478E5	
405	-7.4219E-1	1.0756E2	3.2548E0	8.9700E5	
406	-7.4203E-1	1.0779E2	3.2481E0	8.9922E5	
407	-7.3967E-1	1.1130E2	3.2416E0	9.0144E5	
408	-7.4249E-1	1.0711E2	3.2350E0	9.0366E5	
409	-7.4158E-1	1.0847E2	3.2283E0	9.0588E5	
410	-7.4135E-1	1.0881E2	3.2217E0	9.0810E5	
411	-7.4310E-1	1.0621E2	3.2151E0	9.1032E5	
412	-7.4081E-1	1.0960E2	3.2086E0	9.1254E5	
413	-7.4036E-1	1.1028E2	3.2020E0	9.1476E5	
414	-7.3944E-1	1.1164E2	3.1952E0	9.1698E5	
415	-7.4051E-1	1.1006E2	3.1886E0	9.1920E5	
416	-7.3738E-1	1.1470E2	3.1820E0	9.2142E5	
417	-7.3616E-1	1.1651E2	3.1754E0	9.2364E5	
418	-7.3845E-1	1.1311E2	3.1687E0	9.2586E5	
419	-7.3723E-1	1.1492E2	3.1622E0	9.2808E5	
420	-7.3784E-1	1.1402E2	3.1555E0	9.3030E5	
421	-7.3875E-1	1.1266E2	3.1489E0	9.3252E5	
422	-7.3738E-1	1.1470E2	3.1422E0	9.3474E5	
423	-7.3624E-1	1.1640E2	3.1355E0	9.3696E5	
424	-7.3677E-1	1.1560E2	3.1289E0	9.3918E5	
425	-7.3509E-1	1.1809E2	3.1223E0	9.4140E5	
426	-7.3723E-1	1.1492E2	3.1155E0	9.4362E5	
427	-7.3494E-1	1.1832E2	3.1089E0	9.4584E5	
428	-7.3639E-1	1.1617E2	3.1023E0	9.4806E5	
429	-7.3601E-1	1.1674E2	3.0956E0	9.5028E5	
430	-7.3540E-1	1.1764E2	3.0889E0	9.5250E5	
431	-7.3509E-1	1.1809E2	3.0824E0	9.5472E5	
432	-7.3357E-1	1.2036E2	3.0756E0	9.5694E5	
433	-7.3372E-1	1.2013E2	3.0689E0	9.5916E5	
434	-7.3318E-1	1.2093E2	3.0622E0	9.6138E5	
435	-7.3372E-1	1.2013E2	3.0556E0	9.6360E5	
436	-7.3502E-1	1.1821E2	3.0489E0	9.6582E5	
437	-7.3448E-1	1.1900E2	3.0422E0	9.6804E5	
438	-7.3334E-1	1.2070E2	3.0355E0	9.7026E5	
439	-7.3654E-1	1.1594E2	3.0289E0	9.7248E5	
440	-7.3196E-1	1.2274E2	3.0222E0	9.7470E5	
441	-7.3112E-1	1.2398E2	3.0154E0	9.7692E5	
442	-7.3402E-1	1.1968E2	3.0087E0	9.7914E5	
443	-7.3143E-1	1.2353E2	3.0020E0	9.8136E5	
444	-7.3235E-1	1.2217E2	2.9954E0	9.8358E5	
445	-7.3326E-1	1.2081E2	2.9886E0	9.8580E5	
446	-7.3112E-1	1.2398E2	2.9818E0	9.8802E5	
447	-7.3021E-1	1.2534E2	2.9750E0	9.9024E5	
448	-7.3311E-1	1.2104E2	2.9685E0	9.9246E5	
449	-7.2952E-1	1.2636E2	2.9617E0	9.9468E5	
450	-7.3067E-1	1.2466E2	2.9550E0	9.9690E5	
451	-7.3364E-1	1.2025E2	2.9483E0	9.9912E5	
452	-7.2937E-1	1.2659E2	2.9415E0	1.0013E6	
453	-7.3135E-1	1.2364E2	2.9347E0	1.0036E6	
454	-7.3196E-1	1.2274E2	2.9280E0	1.0058E6	
455	-7.3174E-1	1.2308E2	2.9213E0	1.0080E6	
456	-7.2884E-1	1.2738E2	2.9145E0	1.0102E6	
457	-7.2914E-1	1.2693E2	2.9078E0	1.0124E6	
458	-7.2762E-1	1.2919E2	2.9011E0	1.0147E6	
459	-7.2998E-1	1.2568E2	2.8943E0	1.0169E6	
460	-7.2899E-1	1.2715E2	2.8876E0	1.0191E6	
461	-7.2861E-1	1.2772E2	2.8808E0	1.0213E6	
462	-7.2891E-1	1.2727E2	2.8741E0	1.0235E6	
463	-7.2777E-1	1.2896E2	2.8673E0	1.0258E6	
464	-7.2868E-1	1.2761E2	2.8605E0	1.0280E6	
465	-7.2838E-1	1.2806E2	2.8537E0	1.0302E6	
466	-7.2975E-1	1.2602E2	2.8471E0	1.0324E6	
467	-7.2891E-1	1.2727E2	2.8403E0	1.0346E6	
468	-7.2968E-1	1.2613E2	2.8334E0	1.0369E6	
469	-7.2830E-1	1.2817E2	2.8267E0	1.0391E6	
470	-7.2746E-1	1.2942E2	2.8199E0	1.0413E6	
471	-7.2426E-1	1.3417E2	2.8131E0	1.0435E6	
472	-7.2716E-1	1.2987E2	2.8063E0	1.0457E6	
473	-7.2670E-1	1.3055E2	2.7995E0	1.0480E6	
474	-7.2777E-1	1.2896E2	2.7927E0	1.0502E6	
475	-7.2807E-1	1.2851E2	2.7860E0	1.0524E6	
476	-7.2617E-1	1.3134E2	2.7793E0	1.0546E6	
477	-7.2838E-1	1.2806E2	2.7724E0	1.0568E6	
478	-7.2769E-1	1.2908E2	2.7656E0	1.0591E6	
479	-7.2510E-1	1.3293E2	2.7587E0	1.0613E6	
480	-7.2594E-1	1.3168E2	2.7520E0	1.0635E6	
481	-7.2601E-1	1.3157E2	2.7451E0	1.0657E6	
482	-7.2426E-1	1.3417E2	2.7383E0	1.0679E6	
483	-7.2289E-1	1.3621E2	2.7315E0	1.0702E6	
484	-7.2281E-1	1.3632E2	2.7248E0	1.0724E6	
485	-7.2395E-1	1.3463E2	2.7179E0	1.0746E6	
486	-7.2372E-1	1.3497E2	2.7110E0	1.0768E6	
487	-7.2609E-1	1.3146E2	2.7043E0	1.0790E6	
488	-7.2517E-1	1.3281E2	2.6974E0	1.0813E6	
489	-7.2273E-1	1.3644E2	2.6906E0	1.0835E6	
490	-7.2197E-1	1.3757E2	2.6838E0	1.0857E6	
491	-7.2258E-1	1.3666E2	2.6769E0	1.0879E6	
492	-7.2105E-1	1.3893E2	2.6701E0	1.0901E6	
493	-7.2159E-1	1.3814E2	2.6633E0	1.0924E6	
494	-7.2311E-1	1.3587E2	2.6565E0	1.0946E6	
495	-7.2227E-1	1.3712E2	2.6497E0	1.0968E6	
496	-7.2411E-1	1.3440E2	2.6427E0	1.0990E6	
497	-7.2182E-1	1.3780E2	2.6359E0	1.1012E6	
498	-7.2029E-1	1.4006E2	2.6291E0	1.1035E6	
499	-7.2258E-1	1.3666E2	2.6222E0	1.1057E6	
500	-7.2205E-1	1.3746E2	2.6153E0	1.1079E6	
501	-7.2083E-1	1.3927E2	2.6084E0	1.1101E6	
502	-7.1899E-1	1.4199E2	2.6016E0	1.1123E6	
503	-7.1823E-1	1.4312E2	2.5948E0	1.1146E6	
504	-7.1823E-1	1.4312E2	2.5878E0	1.1168E6	
505	-7.2113E-1	1.3881E2	2.5810E0	1.1190E6	
506	-7.1960E-1	1.4108E2	2.5741E0	1.1212E6	
507	-7.1983E-1	1.4074E2	2.5673E0	1.1234E6	
508	-7.1823E-1	1.4312E2	2.5604E0	1.1257E6	
509	-7.1892E-1	1.4210E2	2.5535E0	1.1279E6	
510	-7.1709E-1	1.4482E2	2.5467E0	1.1301E6	
511	-7.1648E-1	1.4572E2	2.5398E0	1.1323E6	
512	-7.1869E-1	1.4244E2	2.5329E0	1.1345E6	
513	-7.1579E-1	1.4674E2	2.5260E0	1.1368E6	
514	-7.1587E-1	1.4663E2	2.5191E0	1.1390E6	
515	-7.1480E-1	1.4821E2	2.5122E0	1.1412E6	
516	-7.1663E-1	1.4550E2	2.5054E0	1.1434E6	
517	-7.1564E-1	1.4697E2	2.4984E0	1.1456E6	
518	-7.1503E-1	1.4787E2	2.4916E0	1.1479E6	
519	-7.1609E-1	1.4629E2	2.4847E0	1.1501E6	
520	-7.1587E-1	1.4663E2	2.4777E0	1.1523E6	
521	-7.1571E-1	1.4685E2	2.4709E0	1.1545E6	
522	-7.1396E-1	1.4946E2	2.4639E0	1.1567E6	
523	-7.1526E-1	1.4753E2	2.4570E0	1.1590E6	
524	-7.1503E-1	1.4787E2	2.4501E0	1.1612E6	
525	-7.1251E-1	1.5161E2	2.4431E0	1.1634E6	
526	-7.1602E-1	1.4640E2	2.4362E0	1.1656E6	
527	-7.1411E-1	1.4923E2	2.4293E0	1.1678E6	
528	-7.1320E-1	1.5059E2	2.4224E0	1.1701E6	
529	-7.1556E-1	1.4708E2	2.4155E0	1.1723E6	
530	-7.1541E-1	1.4731E2	2.4085E0	1.1745E6	
531	-7.1541E-1	1.4731E2	2.4016E0	1.1767E6	
532	-7.1434E-1	1.4889E2	2.3947E0	1.1789E6	
533	-7.1281E-1	1.5116E2	2.3878E0	1.1812E6	
534	-7.1388E-1	1.4957E2	2.3808E0	1.1834E6	
535	-7.1442E-1	1.4878E2	2.3739E0	1.1856E6	
536	-7.1259E-1	1.5150E2	2.3671E0	1.1878E6	
537	-7.1114E-1	1.5365E2	2.3601E0	1.1900E6	
538	-7.1304E-1	1.5082E2	2.3531E0	1.1923E6	
539	-7.1320E-1	1.5059E2	2.3462E0	1.1945E6	
540	-7.1533E-1	1.4742E2	2.3393E0	1.1967E6	
541	-7.1045E-1	1.5467E2	2.3323E0	1.1989E6	
542	-7.1327E-1	1.5048E2	2.3253E0	1.2011E6	
543	-7.0992E-1	1.5546E2	2.3183E0	1.2034E6	
544	-7.1190E-1	1.5252E2	2.3114E0	1.2056E6	
545	-7.1220E-1	1.5206E2	2.3045E0	1.2078E6	
546	-7.1167E-1	1.5285E2	2.2976E0	1.2100E6	
547	-7.1159E-1	1.5297E2	2.2905E0	1.2122E6	
548	-7.1083E-1	1.5410E2	2.2836E0	1.2145E6	
549	-7.1289E-1	1.5104E2	2.2766E0	1.2167E6	
550	-7.1007E-1	1.5523E2	2.2697E0	1.2189E6	
551	-7.1198E-1	1.5240E2	2.2626E0	1.2211E6	
552	-7.0801E-1	1.5829E2	2.2557E0	1.2233E6	
553	-7.1014E-1	1.5512E2	2.2487E0	1.2256E6	
554	-7.0824E-1	1.5795E2	2.2418E0	1.2278E6	
555	-7.0908E-1	1.5670E2	2.2347E0	1.2300E6	
556	-7.0671E-1	1.6021E2	2.2277E0	1.2322E6	
557	-7.0694E-1	1.5987E2	2.2207E0	1.2344E6	
558	-7.0656E-1	1.6044E2	2.2139E0	1.2367E6	
559	-7.0808E-1	1.5818E2	2.2069E0	1.2389E6	
560	-7.0694E-1	1.5987E2	2.1999E0	1.2411E6	
561	-7.0480E-1	1.6305E2	2.1928E0	1.2433E6	
562	-7.0641E-1	1.6067E2	2.1859E0	1.2455E6	
563	-7.0747E-1	1.5908E2	2.1788E0	1.2478E6	
564	-7.0427E-1	1.6384E2	2.1719E0	1.2500E6	
565	-7.0671E-1	1.6021E2	2.1648E0	1.2522E6	
566	-7.0381E-1	1.6452E2	2.1578E0	1.2544E6	
567	-7.0511E-1	1.6259E2	2.1509E0	1.2566E6	
568	-7.0549E-1	1.6203E2	2.1439E0	1.2589E6	
569	-7.0496E-1	1.6282E2	2.1368E0	1.2611E6	
570	-7.0412E-1	1.6406E2	2.1299E0	1.2633E6	
571	-7.0465E-1	1.6327E2	2.1228E0	1.2655E6	
572	-7.0213E-1	1.6701E2	2.1158E0	1.2677E6	
573	-7.0534E-1	1.6225E2	2.1088E0	1.2700E6	
574	-7.0244E-1	1.6656E2	2.1018E0	1.2722E6	
575	-7.0358E-1	1.6486E2	2.0948E0	1.2744E6	
576	-7.0168E-1	1.6769E2	2.0877E0	1.2766E6	
577	-7.0160E-1	1.6780E2	2.0806E0	1.2788E6	
578	-7.0107E-1	1.6859E2	2.0738E0	1.2811E6	
579	-7.0374E-1	1.6463E2	2.0667E0	1.2833E6	
580	-7.0137E-1	1.6814E2	2.0597E0	1.2855E6	
581	-7.0206E-1	1.6712E2	2.0527E0	1.2877E6	
582	-7.0259E-1	1.6633E2	2.0456E0	1.2899E6	
583	-6.9969E-1	1.7063E2	2.0385E0	1.2922E6	
584	-7.0038E-1	1.6961E2	2.0315E0	1.2944E6	
585	-6.9801E-1	1.7312E2	2.0244E0	1.2966E6	
586	-7.0137E-1	1.6814E2	2.0175E0	1.2988E6	
587	-6.9962E-1	1.7074E2	2.0104E0	1.3010E6	
588	-7.0038E-1	1.6961E2	2.0034E0	1.3033E6	
589	-7.0160E-1	1.6780E2	1.9963E0	1.3055E6	
590	-7.0015E-1	1.6995E2	1.9893E0	1.3077E6	
591	-6.9969E-1	1.7063E2	1.9823E0	1.3099E6	
592	-7.0053E-1	1.6939E2	1.9751E0	1.3121E6	
593	-6.9862E-1	1.7222E2	1.9681E0	1.3144E6	
594	-7.0007E-1	1.7007E2	1.9612E0	1.3166E6	
595	-7.0091E-1	1.6882E2	1.9541E0	1.3188E6	
596	-7.0152E-1	1.6791E2	1.9469E0	1.3210E6	
597	-6.9862E-1	1.7222E2	1.9399E0	1.3232E6	
598	-6.9839E-1	1.7256E2	1.9328E0	1.3255E6	
599	-6.9847E-1	1.7244E2	1.9258E0	1.3277E6	
600	-7.0038E-1	1.6961E2	1.9188E0	1.3299E6	
601	-6.9870E-1	1.7210E2	1.9117E0	1.3321E6	
602	-6.9855E-1	1.7233E2	1.9046E0	1.3343E6	
603	-6.9839E-1	1.7256E2	1.8976E0	1.3366E6	
604	-6.9809E-1	1.7301E2	1.8905E0	1.3388E6	
605	-6.9901E-1	1.7165E2	1.8835E0	1.3410E6	
606	-6.9962E-1	1.7074E2	1.8764E0	1.3432E6	
607	-6.9771E-1	1.7358E2	1.8693E0	1.3454E6	
608	-6.9649E-1	1.7539E2	1.8623E0	1.3477E6	
609	-6.9725E-1	1.7425E2	1.8551E0	1.3499E6	
610	-6.9695E-1	1.7471E2	1.8480E0	1.3521E6	
611	-6.9588E-1	1.7629E2	1.8410E0	1.3543E6	
612	-6.9466E-1	1.7810E2	1.8338E0	1.3565E6	
613	-6.9542E-1	1.7697E2	1.8269E0	1.3588E6	
614	-6.9695E-1	1.7471E2	1.8197E0	1.3610E6	
615	-6.9519E-1	1.7731E2	1.8127E0	1.3632E6	
616	-6.9572E-1	1.7652E2	1.8055E0	1.3654E6	
617	-6.9290E-1	1.8071E2	1.7985E0	1.3676E6	
618	-6.9283E-1	1.8082E2	1.7913E0	1.3699E6	
619	-6.9359E-1	1.7969E2	1.7843E0	1.3721E6	
620	-6.9412E-1	1.7890E2	1.7772E0	1.3743E6	
621	-6.9145E-1	1.8286E2	1.7701E0	1.3765E6	
622	-6.9221E-1	1.8173E2	1.7630E0	1.3787E6	
623	-6.9107E-1	1.8343E2	1.7559E0	1.3810E6	
624	-6.8993E-1	1.8512E2	1.7488E0	1.3832E6	
625	-6.9229E-1	1.8161E2	1.7417E0	1.3854E6	
626	-6.9138E-1	1.8297E2	1.7346E0	1.3876E6	
627	-6.9206E-1	1.8195E2	1.7275E0	1.3898E6	
628	-6.9176E-1	1.8241E2	1.7204E0	1.3921E6	
629	-6.9191E-1	1.8218E2	1.7132E0	1.3943E6	
630	-6.9016E-1	1.8478E2	1.7063E0	1.3965E6	
631	-6.8970E-1	1.8546E2	1.6991E0	1.3987E6	
632	-6.9046E-1	1.8433E2	1.6921E0	1.4009E6	
633	-6.8985E-1	1.8524E2	1.6848E0	1.4032E6	
634	-6.9016E-1	1.8478E2	1.6778E0	1.4054E6	
635	-6.8840E-1	1.8739E2	1.6707E0	1.4076E6	
636	-6.9023E-1	1.8467E2	1.6636E0	1.4098E6	
637	-6.8665E-1	1.8999E2	1.6564E0	1.4120E6	
638	-6.8726E-1	1.8909E2	1.6493E0	1.4143E6	
639	-6.8855E-1	1.8716E2	1.6423E0	1.4165E6	
640	-6.8741E-1	1.8886E2	1.6351E0	1.4187E6	
641	-6.8665E-1	1.8999E2	1.6279E0	1.4209E6	
642	-6.8802E-1	1.8795E2	1.6208E0	1.4231E6	
643	-6.8748E-1	1.8875E2	1.6137E0	1.4254E6	
644	-6.8558E-1	1.9158E2	1.6066E0	1.4276E6	
645	-6.8764E-1	1.8852E2	1.5993E0	1.4298E6	
646	-6.8581E-1	1.9124E2	1.5923E0	1.4320E6	
647	-6.8581E-1	1.9124E2	1.5852E0	1.4342E6	
648	-6.8748E-1	1.8875E2	1.5781E0	1.4365E6	
649	-6.8710E-1	1.8931E2	1.5709E0	1.4387E6	
650	-6.8527E-1	1.9203E2	1.5639E0	1.4409E6	
651	-6.8764E-1	1.8852E2	1.5566E0	1.4431E6	
652	-6.8710E-1	1.8931E2	1.5496E0	1.4453E6	
653	-6.8619E-1	1.9067E2	1.5425E0	1.4476E6	
654	-6.8634E-1	1.9045E2	1.5353E0	1.4498E6	
655	-6.8527E-1	1.9203E2	1.5281E0	1.4520E6	
656	-6.8573E-1	1.9135E2	1.5210E0	1.4542E6	
657	-6.8382E-1	1.9418E2	1.5138E0	1.4564E6	
658	-6.8596E-1	1.9101E2	1.5068E0	1.4587E6	
659	-6.8642E-1	1.9033E2	1.4997E0	1.4609E6	
660	-6.8481E-1	1.9271E2	1.4925E0	1.4631E6	
661	-6.8428E-1	1.9350E2	1.4854E0	1.4653E6	
662	-6.8329E-1	1.9497E2	1.4783E0	1.4675E6	
663	-6.8329E-1	1.9497E2	1.4711E0	1.4698E6	
664	-6.8565E-1	1.9146E2	1.4640E0	1.4720E6	
665	-6.8619E-1	1.9067E2	1.4568E0	1.4742E6	
666	-6.8314E-1	1.9520E2	1.4497E0	1.4764E6	
667	-6.8398E-1	1.9396E2	1.4424E0	1.4786E6	
668	-6.8550E-1	1.9169E2	1.4353E0	1.4809E6	
669	-6.8481E-1	1.9271E2	1.4281E0	1.4831E6	
670	-6.8443E-1	1.9328E2	1.4211E0	1.4853E6	
671	-6.8253E-1	1.9611E2	1.4138E0	1.4875E6	
672	-6.8390E-1	1.9407E2	1.4068E0	1.4897E6	
673	-6.8108E-1	1.9826E2	1.3996E0	1.4920E6	
674	-6.8108E-1	1.9826E2	1.3925E0	1.4942E6	
675	-6.8375E-1	1.9430E2	1.3853E0	1.4964E6	
676	-6.8230E-1	1.9645E2	1.3781E0	1.4986E6	
677	-6.8085E-1	1.9860E2	1.3710E0	1.5008E6	
678	-6.8207E-1	1.9679E2	1.3638E0	1.5031E6	
679	-6.8047E-1	1.9916E2	1.3567E0	1.5053E6	
680	-6.8069E-1	1.9882E2	1.3496E0	1.5075E6	
681	-6.8184E-1	1.9713E2	1.3424E0	1.5097E6	
682	-6.8008E-1	1.9973E2	1.3353E0	1.5119E6	
683	-6.7825E-1	2.0245E2	1.3281E0	1.5142E6	
684	-6.7924E-1	2.0098E2	1.3210E0	1.5164E6	
685	-6.7863E-1	2.0188E2	1.3139E0	1.5186E6	
686	-6.7856E-1	2.0199E2	1.3067E0	1.5208E6	
687	-6.7764E-1	2.0335E2	1.2994E0	1.5230E6	
688	-6.7848E-1	2.0211E2	1.2923E0	1.5253E6	
689	-6.7757E-1	2.0347E2	1.2851E0	1.5275E6	
690	-6.7947E-1	2.0064E2	1.2779E0	1.5297E6	
691	-6.7909E-1	2.0120E2	1.2708E0	1.5319E6	
692	-6.7871E-1	2.0177E2	1.2637E0	1.5341E6	
693	-6.7688E-1	2.0449E2	1.2565E0	1.5364E6	
694	-6.7696E-1	2.0437E2	1.2495E0	1.5386E6	
695	-6.7589E-1	2.0596E2	1.2421E0	1.5408E6	
696	-6.7520E-1	2.0698E2	1.2350E0	1.5430E6	
697	-6.7680E-1	2.0460E2	1.2279E0	1.5452E6	
698	-6.7673E-1	2.0471E2	1.2206E0	1.5475E6	
699	-6.7375E-1	2.0913E2	1.2135E0	1.5497E6	
700	-6.7451E-1	2.0800E2	1.2064E0	1.5519E6	
701	-6.7497E-1	2.0732E2	1.1992E0	1.5541E6	
702	-6.7543E-1	2.0664E2	1.1921E0	1.5563E6	
703	-6.7558E-1	2.0641E2	1.1849E0	1.5586E6	
704	-6.7451E-1	2.0800E2	1.1777E0	1.5608E6	
705	-6.7368E-1	2.0924E2	1.1706E0	1.5630E6	
706	-6.7368E-1	2.0924E2	1.1634E0	1.5652E6	
707	-6.7383E-1	2.0901E2	1.1562E0	1.5674E6	
708	-6.7223E-1	2.1139E2	1.1490E0	1.5697E6	
709	-6.7307E-1	2.1015E2	1.1419E0	1.5719E6	
710	-6.7055E-1	2.1388E2	1.1347E0	1.5741E6	
711	-6.7429E-1	2.0834E2	1.1275E0	1.5763E6	
712	-6.7345E-1	2.0958E2	1.1204E0	1.5785E6	
713	-6.7169E-1	2.1219E2	1.1133E0	1.5808E6	
714	-6.7268E-1	2.1071E2	1.1061E0	1.5830E6	
715	-7.1198E-1	1.5240E2	1.0989E0	1.5852E6	
716	-7.1739E-1	1.4436E2	1.0917E0	1.5874E6	
717	-7.1503E-1	1.4787E2	1.0846E0	1.5896E6	
718	-7.1236E-1	1.5184E2	1.0774E0	1.5919E6	
719	-7.1068E-1	1.5433E2	1.0703E0	1.5941E6	
720	-6.9946E-1	1.7097E2	1.0631E0	1.5963E6	
721	-6.9099E-1	1.8354E2	1.0559E0	1.5985E6	
722	-6.8352E-1	1.9464E2	1.0487E0	1.6007E6	
723	-6.7162E-1	2.1230E2	1.0416E0	1.6030E6	
724	-6.6566E-1	2.2113E2	1.0345E0	1.6052E6	
725	-6.5849E-1	2.3177E2	1.0272E0	1.6074E6	
726	-6.5018E-1	2.4411E2	1.0201E0	1.6096E6	
727	-6.4217E-1	2.5600E2	1.0129E0	1.6118E6	
728	-6.2805E-1	2.7695E2	1.0058E0	1.6141E6	
729	-6.2378E-1	2.8329E2	9.9863E-1	1.6163E6	
730	-6.1378E-1	2.9812E2	9.9138E-1	1.6185E6	
731	-6.0966E-1	3.0424E2	9.8434E-1	1.6207E6	
732	-5.9814E-1	3.2133E2	9.7709E-1	1.6229E6	
733	-5.9952E-1	3.1930E2	9.6995E-1	1.6252E6	
734	-5.9563E-1	3.2507E2	9.6280E-1	1.6274E6	
735	-5.8647E-1	3.3866E2	9.5565E-1	1.6296E6	
736	-5.6923E-1	3.6425E2	9.4837E-1	1.6318E6	
737	-5.5763E-1	3.8146E2	9.4128E-1	1.6340E6	
738	-5.4390E-1	4.0184E2	9.3405E-1	1.6363E6	
739	-5.4268E-1	4.0365E2	9.2695E-1	1.6385E6	
740	-5.3368E-1	4.1701E2	9.1975E-1	1.6407E6	
741	-5.2864E-1	4.2448E2	9.1267E-1	1.6429E6	
742	-5.1270E-1	4.4815E2	9.0549E-1	1.6451E6	
743	-5.0011E-1	4.6683E2	8.9816E-1	1.6474E6	
744	-4.8798E-1	4.8483E2	8.9112E-1	1.6496E6	
745	-4.8378E-1	4.9106E2	8.8400E-1	1.6518E6	
746	-4.8645E-1	4.8710E2	8.7681E-1	1.6540E6	
747	-4.7844E-1	4.9899E2	8.6968E-1	1.6562E6	
748	-4.6364E-1	5.2095E2	8.6253E-1	1.6585E6	
749	-4.5769E-1	5.2978E2	8.5524E-1	1.6607E6	
750	-4.4655E-1	5.4631E2	8.4819E-1	1.6629E6	
751	-4.4037E-1	5.5549E2	8.4094E-1	1.6651E6	
752	-4.3678E-1	5.6081E2	8.3386E-1	1.6673E6	
753	-4.3274E-1	5.6681E2	8.2676E-1	1.6696E6	
754	-4.3419E-1	5.6466E2	8.1961E-1	1.6718E6	
755	-4.3404E-1	5.6488E2	8.1242E-1	1.6740E6	
756	-4.4167E-1	5.5356E2	8.0529E-1	1.6762E6	
757	-4.2747E-1	5.7462E2	7.9811E-1	1.6784E6	
758	-4.2343E-1	5.8062E2	7.9083E-1	1.6807E6	
759	-4.1359E-1	5.9523E2	7.8373E-1	1.6829E6	
760	-4.1756E-1	5.8934E2	7.7652E-1	1.6851E6	
761	-4.0474E-1	6.0836E2	7.6942E-1	1.6873E6	
762	-4.0779E-1	6.0383E2	7.6226E-1	1.6895E6	
763	-3.9635E-1	6.2082E2	7.5514E-1	1.6918E6	
764	-3.9253E-1	6.2648E2	7.4802E-1	1.6940E6	
765	-3.7552E-1	6.5173E2	7.4078E-1	1.6962E6	
766	-3.6812E-1	6.6271E2	7.3367E-1	1.6984E6	
767	-3.6942E-1	6.6079E2	7.2648E-1	1.7006E6	
768	-3.6568E-1	6.6633E2	7.1944E-1	1.7029E6	
769	-3.5347E-1	6.8445E2	7.1227E-1	1.7051E6	
770	-3.3791E-1	7.0755E2	7.0513E-1	1.7073E6	
771	-3.1929E-1	7.3517E2	6.9795E-1	1.7095E6	
772	-3.1433E-1	7.4253E2	6.9542E-1	1.7103E6	
773	-3.1433E-1	7.4253E2	6.9542E-1	1.7103E6	
774	-3.1433E-1	7.4253E2	6.9542E-1	1.7103E6	
775	-3.1433E-1	7.4253E2	6.9542E-1	1.7103E6	
776	-3.1433E-1	7.4253E2	6.9542E-1	1.7103E6	
777	-3.1433E-1	7.4253E2	6.9542E-1	1.7103E6	
778	-3.1433E-1	7.4253E2	6.9542E-1	1.7103E6	
779	-3.1433E-1	7.4253E2	6.9542E-1	1.7103E6	
780	-3.1433E-1	7.4253E2	6.9542E-1	1.7103E6	
781	-3.1433E-1	7.4253E2	6.9542E-1	1.7103E6	
782	-3.1433E-1	7.4253E2	6.9542E-1	1.7103E6	
783	-3.1433E-1	7.4253E2	6.9542E-1	1.7103E6	
784	-3.1433E-1	7.4253E2	6.9542E-1	1.7103E6	
785	-3.1433E-1	7.4253E2	6.9542E-1	1.7103E6	
786	-3.1433E-1	7.4253E2	6.9542E-1	1.7103E6	
787	-3.1433E-1	7.4253E2	6.9542E-1	1.7103E6	
788	-3.1433E-1	7.4253E2	6.9542E-1	1.7103E6	
789	-3.1433E-1	7.4253E2	6.9542E-1	1.7103E6	
790	-3.1433E-1	7.4253E2	6.9542E-1	1.7103E6	
791	-3.1433E-1	7.4253E2	6.9542E-1	1.7103E6	
792	-3.1433E-1	7.4253E2	6.9542E-1	1.7103E6	
793	-3.1433E-1	7.4253E2	6.9542E-1	1.7103E6	
794	-3.1433E-1	7.4253E2	6.9542E-1	1.7103E6	
795	-3.1433E-1	7.4253E2	6.9542E-1	1.7103E6	
796	-3.1433E-1	7.4253E2	6.9542E-1	1.7103E6	
797	-3.1433E-1	7.4253E2	6.9542E-1	1.7103E6	
798	-3.1433E-1	7.4253E2	6.9542E-1	1.7103E6	
799	-3.1433E-1	7.4253E2	6.9542E-1	1.7103E6	
800	-3.1433E-1	7.4253E2	6.9542E-1	1.7103E6	
801	-3.1433E-1	7.4253E2	6.9542E-1	1.7103E6	
802	-3.1433E-1	7.4253E2	6.9542E-1	1.7103E6	
803	-3.1433E-1	7.4253E2	6.9542E-1	1.7103E6	
804	-3.1433E-1	7.4253E2	6.9542E-1	1.7103E6	
805	-3.1433E-1	7.4253E2	6.9542E-1	1.7103E6	
806	-3.1433E-1	7.4253E2	6.9542E-1	1.7103E6	
807	-3.1433E-1	7.4253E2	6.9542E-1	1.7103E6	
808	-3.1433E-1	7.4253E2	6.9542E-1	1.7103E6	
809	-3.1433E-1	7.4253E2	6.9542E-1	1.7103E6	
810	-3.1433E-1	7.4253E2	6.9542E-1	1.7103E6	
811	-3.1433E-1	7.4253E2	6.9542E-1	1.7103E6	
812	-3.1433E-1	7.4253E2	6.9542E-1	1.7103E6	
813	-3.1433E-1	7.4253E2	6.9542E-1	1.7103E6	
814	-3.1433E-1	7.4253E2	6.9542E-1	1.7103E6	
815	-3.1433E-1	7.4253E2	6.9542E-1	1.7103E6	
816	-3.1433E-1	7.4253E2	6.9542E-1	1.7103E6	
817	-3.1433E-1	7.4253E2	6.9542E-1	1.7103E6	
818	-3.1433E-1	7.4253E2	6.9542E-1	1.7103E6	
819	-3.1433E-1	7.4253E2	6.9542E-1	1.7103E6	
820	-3.1433E-1	7.4253E2	6.9542E-1	1.7103E6	
821	-3.1433E-1	7.4253E2	6.9542E-1	1.7103E6	
822	-3.1433E-1	7.4253E2	6.9542E-1	1.7103E6	
823	-3.1433E-1	7.4253E2	6.9542E-1	1.7103E6	
824	-3.1433E-1	7.4253E2	6.9542E-1	1.7103E6	
825	-3.1433E-1	7.4253E2	6.9542E-1	1.7103E6	
826	-3.1433E-1	7.4253E2	6.9542E-1	1.7103E6	
827	-3.1433E-1	7.4253E2	6.9542E-1	1.7103E6	
828	-3.1433E-1	7.4253E2	6.9542E-1	1.7103E6	
829	-3.1433E-1	7.4253E2	6.9542E-1	1.7103E6	
830	-3.1433E-1	7.4253E2	6.9542E-1	1.7103E6	
831	-3.1433E-1	7.4253E2	6.9542E-1	1.7103E6	
832	-3.1433E-1	7.4253E2	6.9542E-1	1.7103E6	
833	-3.1433E-1	7.4253E2	6.9542E-1	1.7103E6	
834	-3.1433E-1	7.4253E2	6.9542E-1	1.7103E6	
835	-3.1433E-1	7.4253E2	6.9542E-1	1.7103E6	
836	-3.1433E-1	7.4253E2	6.9542E-1	1.7103E6	
837	-3.1433E-1	7.4253E2	6.9542E-1	1.7103E6	
838	-3.1433E-1	7.4253E2	6.9542E-1	1.7103E6	
839	-3.1433E-1	7.4253E2	6.9542E-1	1.7103E6	
840	-3.1433E-1	7.4253E2	6.9542E-1	1.7103E6	
841	-3.1433E-1	7.4253E2	6.9542E-1	1.7103E6	
842	-3.1433E-1	7.4253E2	6.9542E-1	1.7103E6	
843	-3.1433E-1	7.4253E2	6.9542E-1	1.7103E6	
844	-3.1433E-1	7.4253E2	6.9542E-1	1.7103E6	
845	-3.1433E-1	7.4253E2	6.9542E-1	1.7103E6	
846	-3.1433E-1	7.4253E2	6.9542E-1	1.7103E6	
847	-3.1433E-1	7.4253E2	6.9542E-1	1.7103E6	
848	-3.1433E-1	7.4253E2	6.9542E-1	1.7103E6	
849	-3.1433E-1	7.4253E2	6.9542E-1	1.7103E6	
850	-3.1433E-1	7.4253E2	6.9542E-1	1.7103E6	
851	-3.1433E-1	7.4253E2	6.9542E-1	1.7103E6	
852	-3.1433E-1	7.4253E2	6.9542E-1	1.7103E6	
853	-3.1433E-1	7.4253E2	6.9542E-1	1.7103E6	
854	-3.1433E-1	7.4253E2	6.9542E-1	1.7103E6	
855	-3.1433E-1	7.4253E2	6.9542E-1	1.7103E6	
856	-3.1433E-1	7.4253E2	6.9542E-1	1.7103E6	
857	-3.1433E-1	7.4253E2	6.9542E-1	1.7103E6	
858	-3.1433E-1	7.4253E2	6.9542E-1	1.7103E6	
859	-3.1433E-1	7.4253E2	6.9542E-1	1.7103E6	
860	-3.1433E-1	7.4253E2	6.9542E-1	1.7103E6	
861	-3.1433E-1	7.4253E2	6.9542E-1	1.7103E6	
862	-3.1433E-1	7.4253E2	6.9542E-1	1.7103E6	
863	-3.1433E-1	7.4253E2	6.9542E-1	1.7103E6	
864	-3.1433E-1	7.4253E2	6.9542E-1	1.7103E6	
865	-3.1433E-1	7.4253E2	6.9542E-1	1.7103E6	
866	-3.1433E-1	7.4253E2	6.9542E-1	1.7103E6	
867	-3.1433E-1	7.4253E2	6.9542E-1	1.7103E6	
868	-3.1433E-1	7.4253E2	6.9542E-1	1.7103E6	
869	-3.1433E-1	7.4253E2	6.9542E-1	1.7103E6	
870	-3.1433E-1	7.4253E2	6.9542E-1	1.7103E6	
871	-3.1433E-1	7.4253E2	6.9542E-1	1.7103E6	
872	-3.1433E-1	7.4253E2	6.9542E-1	1.7103E6	
873	-3.1433E-1	7.4253E2	6.9542E-1	1.7103E6	
874	-3.1433E-1	7.4253E2	6.9542E-1	1.7103E6	
875	-3.1433E-1	7.4253E2	6.9542E-1	1.7103E6	
876	-3.1433E-1	7.4253E2	6.9542E-1	1.7103E6	
877	-3.1433E-1	7.4253E2	6.9542E-1	1.7103E6	
878	-3.1433E-1	7.4253E2	6.9542E-1	1.7103E6	
879	-3.1433E-1	7.4253E2	6.9542E-1	1.7103E6	
880	-3.1433E-1	7.4253E2	6.9542E-1	1.7103E6	
881	-3.1433E-1	7.4253E2	6.9542E-1	1.7103E6	
882	-3.1433E-1	7.4253E2	6.9542E-1	1.7103E6	
883	-3.1433E-1	7.4253E2	6.9542E-1	1.7103E6	
884	-3.1433E-1	7.4253E2	6.9542E-1	1.7103E6	
885	-3.1433E-1	7.4253E2	6.9542E-1	1.7103E6	
886	-3.1433E-1	7.4253E2	6.9542E-1	1.7103E6	
887	-3.1433E-1	7.4253E2	6.9542E-1	1.7103E6	
888	-3.1433E-1	7.4253E2	6.9542E-1	1.7103E6	
889	-3.1433E-1	7.4253E2	6.9542E-1	1.7103E6	
890	-3.1433E-1	7.4253E2	6.9542E-1	1.7103E6	
891	-3.1433E-1	7.4253E2	6.9542E-1	1.7103E6	
892	-3.1433E-1	7.4253E2	6.9542E-1	1.7103E6	
893	-3.1433E-1	7.4253E2	6.9542E-1	1.7103E6	
894	-3.1433E-1	7.4253E2	6.9542E-1	1.7103E6	
895	-3.1433E-1	7.4253E2	6.9542E-1	1.7103E6	
896	-3.1433E-1	7.4253E2	6.9542E-1	1.7103E6	
897	-3.1433E-1	7.4253E2	6.9542E-1	1.7103E6	
898	-3.1433E-1	7.4253E2	6.9542E-1	1.7103E6	
899	-3.1433E-1	7.4253E2	6.9542E-1	1.7103E6	
900	-3.1433E-1	7.4253E2	6.9542E-1	1.7103E6	
901	-3.1433E-1	7.4253E2	6.9542E-1	1.7103E6	
902	-3.1433E-1	7.4253E2	6.9542E-1	1.7103E6	
903	-3.1433E-1	7.4253E2	6.9542E-1	1.7103E6	
904	-3.1433E-1	7.4253E2	6.9542E-1	1.7103E6	
905	-3.1433E-1	7.4253E2	6.9542E-1	1.7103E6	
906	-3.1433E-1	7.4253E2	6.9542E-1	1.7103E6	
907	-3.1433E-1	7.4253E2	6.9542E-1	1.7103E6	
908	-3.1433E-1	7.4253E2	6.9542E-1	1.7103E6	
909	-3.1433E-1	7.4253E2	6.9542E-1	1.7103E6	
910	-3.1433E-1	7.4253E2	6.9542E-1	1.7103E6	
911	-3.1433E-1	7.4253E2	6.9542E-1	1.7103E6	
912	-3.1433E-1	7.4253E2	6.9542E-1	1.7103E6	
913	-3.1433E-1	7.4253E2	6.9542E-1	1.7103E6	
914	-3.1433E-1	7.4253E2	6.9542E-1	1.7103E6	
915	-3.1433E-1	7.4253E2	6.9542E-1	1.7103E6	
916	-3.1433E-1	7.4253E2	6.9542E-1	1.7103E6	
917	-3.1433E-1	7.4253E2	6.9542E-1	1.7103E6	
918	-3.1433E-1	7.4253E2	6.9542E-1	1.7103E6	
919	-3.1433E-1	7.4253E2	6.9542E-1	1.7103E6	
920	-3.1433E-1	7.4253E2	6.9542E-1	1.7103E6	
921	-3.1433E-1	7.4253E2	6.9542E-1	1.7103E6	
922	-3.1433E-1	7.4253E2	6.9542E-1	1.7103E6	
923	-3.1433E-1	7.4253E2	6.9542E-1	1.7103E6	
924	-3.1433E-1	7.4253E2	6.9542E-1	1.7103E6	
925	-3.1433E-1	7.4253E2	6.9542E-1	1.7103E6	
926	-3.1433E-1	7.4253E2	6.9542E-1	1.7103E6	
927	-3.1433E-1	7.4253E2	6.9542E-1	1.7103E6	
928	-3.1433E-1	7.4253E2	6.9542E-1	1.7103E6	
929	-3.1433E-1	7.4253E2	6.9542E-1	1.7103E6	
930	-3.1433E-1	7.4253E2	6.9542E-1	1.7103E6	
931	-3.1433E-1	7.4253E2	6.9542E-1	1.7103E6	
932	-3.1433E-1	7.4253E2	6.9542E-1	1.7103E6	
933	-3.1433E-1	7.4253E2	6.9542E-1	1.7103E6	
934	-3.1433E-1	7.4253E2	6.9542E-1	1.7103E6	
935	-3.1433E-1	7.4253E2	6.9542E-1	1.7103E6	
936	-3.1433E-1	7.4253E2	6.9542E-1	1.7103E6	
937	-3.1433E-1	7.4253E2	6.9542E-1	1.7103E6	
938	-3.1433E-1	7.4253E2	6.9542E-1	1.7103E6	
939	-3.1433E-1	7.4253E2	6.9542E-1	1.7103E6	
940	-3.1433E-1	7.4253E2	6.9542E-1	1.7103E6	
941	-3.1433E-1	7.4253E2	6.9542E-1	1.7103E6	
942	-3.1433E-1	7.4253E2	6.9542E-1	1.7103E6	
943	-3.1433E-1	7.4253E2	6.9542E-1	1.7103E6	
944	-3.1433E-1	7.4253E2	6.9542E-1	1.7103E6	
945	-3.1433E-1	7.4253E2	6.9542E-1	1.7103E6	
946	-3.1433E-1	7.4253E2	6.9542E-1	1.7103E6	
947	-3.1433E-1	7.4253E2	6.9542E-1	1.7103E6	
948	-3.1433E-1	7.4253E2	6.9542E-1	1.7103E6	
949	-3.1433E-1	7.4253E2	6.9542E-1	1.7103E6	
950	-3.1433E-1	7.4253E2	6.9542E-1	1.7103E6	
951	-3.1433E-1	7.4253E2	6.9542E-1	1.7103E6	
952	-3.1433E-1	7.4253E2	6.9542E-1	1.7103E6	
953	-3.1433E-1	7.4253E2	6.9542E-1	1.7103E6	
954	-3.1433E-1	7.4253E2	6.9542E-1	1.7103E6	
955	-3.1433E-1	7.4253E2	6.9542E-1	1.7103E6	
956	-3.1433E-1	7.4253E2	6.9542E-1	1.7103E6	
957	-3.1433E-1	7.4253E2	6.9542E-1	1.7103E6	
958	-3.1433E-1	7.4253E2	6.9542E-1	1.7103E6	
959	-3.1433E-1	7.4253E2	6.9542E-1	1.7103E6	
960	-3.1433E-1	7.4253E2	6.9542E-1	1.7103E6	
961	-3.1433E-1	7.4253E2	6.9542E-1	1.7103E6	
962	-3.1433E-1	7.4253E2	6.9542E-1	1.7103E6	
963	-3.1433E-1	7.4253E2	6.9542E-1	1.7103E6	
964	-3.1433E-1	7.4253E2	6.9542E-1	1.7103E6	
965	-3.1433E-1	7.4253E2	6.9542E-1	1.7103E6	
966	-3.1433E-1	7.4253E2	6.9542E-1	1.7103E6	
967	-3.1433E-1	7.4253E2	6.9542E-1	1.7103E6	
968	-3.1433E-1	7.4253E2	6.9542E-1	1.7103E6	
969	-3.1433E-1	7.4253E2	6.9542E-1	1.7103E6	
970	-3.1433E-1	7.4253E2	6.9542E-1	1.7103E6	
971	-3.1433E-1	7.4253E2	6.9542E-1	1.7103E6	
972	-3.1433E-1	7.4253E2	6.9542E-1	1.7103E6	
973	-3.1433E-1	7.4253E2	6.9542E-1	1.7103E6	
974	-3.1433E-1	7.4253E2	6.9542E-1	1.7103E6	
975	-3.1433E-1	7.4253E2	6.9542E-1	1.7103E6	
976	-3.1433E-1	7.4253E2	6.9542E-1	1.7103E6	
977	-3.1433E-1	7.4253E2	6.9542E-1	1.7103E6	
978	-3.1433E-1	7.4253E2	6.9542E-1	1.7103E6	
979	-3.1433E-1	7.4253E2	6.9542E-1	1.7103E6	
980	-3.1433E-1	7.4253E2	6.9542E-1	1.7103E6	
981	-3.1433E-1	7.4253E2	6.9542E-1	1.7103E6	
982	-3.1433E-1	7.4253E2	6.9542E-1	1.7103E6	
983	-3.1433E-1	7.4253E2	6.9542E-1	1.7103E6	
984	-3.1433E-1	7.4253E2	6.9542E-1	1.7103E6	
985	-3.1433E-1	7.4253E2	6.9542E-1	1.7103E6	
986	-3.1433E-1	7.4253E2	6.9542E-1	1.7103E6	
987	-3.1433E-1	7.4253E2	6.9542E-1	1.7103E6	
988	-3.1433E-1	7.4253E2	6.9542E-1	1.7103E6	
989	-3.1433E-1	7.4253E2	6.9542E-1	1.7103E6	
990	-3.1433E-1	7.4253E2	6.9542E-1	1.7103E6	
991	-3.1433E-1	7.4253E2	6.9542E-1	1.7103E6	
992	-3.1433E-1	7.4253E2	6.9542E-1	1.7103E6	
993	-3.1433E-1	7.4253E2	6.9542E-1	1.7103E6	
994	-3.1433E-1	7.4253E2	6.9542E-1	1.7103E6	
995	-3.1433E-1	7.4253E2	6.9542E-1	1.7103E6	
996	-3.1433E-1	7.4253E2	6.9542E-1	1.7103E6	
997	-3.1433E-1	7.4253E2	6.9542E-1	1.7103E6	
998	-3.1433E-1	7.4253E2	6.9542E-1	1.7103E6	
999	-3.1433E-1	7.4253E2	6.9542E-1	1.7103E6	
1000	-3.1433E-1	7.4253E2	6.9542E-1	1.7103E6	
1001	-3.1433E-1	7.4253E2	6.9542E-1	1.7103E6	
1002	-3.1433E-1	7.4253E2	6.9542E-1	1.7103E6	
1003	-3.1433E-1	7.4253E2	6.9542E-1	1.7103E6	
1004	-3.1433E-1	7.4253E2	6.9542E-1	1.7103E6	
1005	-3.1433E-1	7.4253E2	6.9542E-1	1.7103E6	
1006	-3.1433E-1	7.4253E2	6.9542E-1	1.7103E6	
1007	-3.1433E-1	7.4253E2	6.9542E-1	1.7103E6	
1008	-3.1433E-1	7.4253E2	6.9542E-1	1.7103E6	
1009	-3.1433E-1	7.4253E2	6.9542E-1	1.7103E6	
1010	-3.1433E-1	7.4253E2	6.9542E-1	1.7103E6	
1011	-3.1433E-1	7.4253E2	6.9542E-1	1.7103E6	
1012	-3.1433E-1	7.4253E2	6.9542E-1	1.7103E6	
1013	-3.1433E-1	7.4253E2	6.9542E-1	1.7103E6	
1014	-3.1433E-1	7.4253E2	6.9542E-1	1.7103E6	
1015	-3.1433E-1	7.4253E2	6.9542E-1	1.7103E6	
1016	-3.1433E-1	7.4253E2	6.9542E-1	1.7103E6	
1017	-3.1433E-1	7.4253E2	6.9542E-1	1.7103E6	
1018	-3.1433E-1	7.4253E2	6.9542E-1	1.7103E6	
1019	-3.1433E-1	7.4253E2	6.9542E-1	1.7103E6	
1020	-3.1433E-1	7.4253E2	6.9542E-1	1.7103E6	
1021	-3.1433E-1	7.4253E2	6.9542E-1	1.7103E6	
1022	-3.1433E-1	7.4253E2	6.9542E-1	1.7103E6	
1023	-3.1433E-1	7.4253E2	6.9542E-1	1.7103E6	
1024	-3.1433E-1	7.4253E2	6.9542E-1	1.7103E6	
1025	-3.1708E-1	7.3846E2	6.9531E-1	1.7103E6	
1026	-3.6072E-1	6.7369E2	6.9660E-1	1.7126E6	
1027	-3.7788E-1	6.4822E2	6.9935E-1	1.7148E6	
1028	-4.1092E-1	5.9919E2	7.0246E-1	1.7170E6	
1029	-4.2213E-1	5.8255E2	7.0592E-1	1.7192E6	
1030	-4.4601E-1	5.4711E2	7.0942E-1	1.7214E6	
1031	-4.6303E-1	5.2186E2	7.1315E-1	1.7237E6	
1032	-4.7607E-1	5.0250E2	7.1690E-1	1.7259E6	
1033	-4.9660E-1	4.7204E2	7.2076E-1	1.7281E6	
1034	-5.1682E-1	4.4203E2	7.2490E-1	1.7303E6	
1035	-5.2467E-1	4.3037E2	7.2895E-1	1.7325E6	
1036	-5.4695E-1	3.9731E2	7.3311E-1	1.7348E6	
1037	-5.6534E-1	3.7002E2	7.3731E-1	1.7370E6	
1038	-5.7259E-1	3.5927E2	7.4154E-1	1.7392E6	
1039	-5.8998E-1	3.3345E2	7.4586E-1	1.7414E6	
1040	-6.0226E-1	3.1522E2	7.5015E-1	1.7436E6	
1041	-6.1165E-1	3.0129E2	7.5446E-1	1.7459E6	
1042	-6.2531E-1	2.8103E2	7.5892E-1	1.7481E6	
1043	-6.3553E-1	2.6585E2	7.6325E-1	1.7503E6	
1044	-6.5666E-1	2.3449E2	7.6765E-1	1.7525E6	
1045	-6.6490E-1	2.2226E2	7.7202E-1	1.7547E6	
1046	-6.7947E-1	2.0064E2	7.7658E-1	1.7570E6	
1047	-6.8565E-1	1.9146E2	7.8097E-1	1.7592E6	
1048	-6.9969E-1	1.7063E2	7.8552E-1	1.7614E6	
1049	-7.1243E-1	1.5172E2	7.9003E-1	1.7636E6	
1050	-7.1953E-1	1.4119E2	7.9456E-1	1.7658E6	
1051	-7.3105E-1	1.2410E2	7.9907E-1	1.7681E6	
1052	-7.4173E-1	1.0824E2	8.0373E-1	1.7703E6	
1053	-7.4791E-1	9.9073E1	8.0824E-1	1.7725E6	
1054	-7.5989E-1	8.1296E1	8.1283E-1	1.7747E6	
1055	-7.6256E-1	7.7333E1	8.1746E-1	1.7769E6	
1056	-7.7400E-1	6.0349E1	8.2200E-1	1.7792E6	
1057	-7.7995E-1	5.1518E1	8.2668E-1	1.7814E6	
1058	-7.8362E-1	4.6083E1	8.3126E-1	1.7836E6	
1059	-7.8766E-1	4.0082E1	8.3592E-1	1.7858E6	
1060	-7.9620E-1	2.7401E1	8.4053E-1	1.7880E6	
1061	-8.0383E-1	1.6078E1	8.4526E-1	1.7903E6	
1062	-8.0597E-1	1.2908E1	8.4996E-1	1.7925E6	
1063	-8.1085E-1	5.6614E0	8.5470E-1	1.7947E6	
1064	-8.1970E-1	-7.4728E0	8.5935E-1	1.7969E6	
1065	-8.2817E-1	-2.0041E1	8.6398E-1	1.7991E6	
1066	-8.2802E-1	-1.9814E1	8.6860E-1	1.8014E6	
1067	-8.3176E-1	-2.5362E1	8.7346E-1	1.8036E6	
1068	-8.3549E-1	-3.0911E1	8.7815E-1	1.8058E6	
1069	-8.4442E-1	-4.4158E1	8.8295E-1	1.8080E6	
1070	-8.4389E-1	-4.3365E1	8.8767E-1	1.8102E6	
1071	-8.4976E-1	-5.2084E1	8.9234E-1	1.8125E6	
1072	-8.5594E-1	-6.1255E1	8.9723E-1	1.8147E6	
1073	-8.6349E-1	-7.2464E1	9.0195E-1	1.8169E6	
1074	-8.6349E-1	-7.2464E1	9.0674E-1	1.8191E6	
1075	-8.6739E-1	-7.8239E1	9.1162E-1	1.8213E6	
1076	-8.6670E-1	-7.7220E1	9.1632E-1	1.8236E6	
1077	-8.7097E-1	-8.3561E1	9.2115E-1	1.8258E6	
1078	-8.7242E-1	-8.5712E1	9.2592E-1	1.8280E6	
1079	-8.7593E-1	-9.0920E1	9.3071E-1	1.8302E6	
1080	-8.7959E-1	-9.6355E1	9.3563E-1	1.8324E6	
1081	-8.7608E-1	-9.1147E1	9.4039E-1	1.8347E6	
1082	-8.7959E-1	-9.6355E1	9.4522E-1	1.8369E6	
1083	-8.8158E-1	-9.9299E1	9.5008E-1	1.8391E6	
1084	-8.8463E-1	-1.0383E2	9.5492E-1	1.8413E6	
1085	-8.8585E-1	-1.0564E2	9.5980E-1	1.8435E6	
1086	-8.9394E-1	-1.1764E2	9.6464E-1	1.8458E6	
1087	-8.8928E-1	-1.1073E2	9.6959E-1	1.8480E6	
1088	-8.9439E-1	-1.1832E2	9.7433E-1	1.8502E6	
1089	-8.9699E-1	-1.2217E2	9.7935E-1	1.8524E6	
1090	-8.9828E-1	-1.2410E2	9.8432E-1	1.8546E6	
1091	-9.0263E-1	-1.3055E2	9.8918E-1	1.8569E6	
1092	-9.0324E-1	-1.3146E2	9.9402E-1	1.8591E6	
1093	-9.0790E-1	-1.3836E2	9.9896E-1	1.8613E6	
1094	-9.0942E-1	-1.4063E2	1.0038E0	1.8635E6	
1095	-9.1125E-1	-1.4334E2	1.0089E0	1.8657E6	
1096	-9.1118E-1	-1.4323E2	1.0137E0	1.8680E6	
1097	-9.1805E-1	-1.5342E2	1.0187E0	1.8702E6	
1098	-9.1644E-1	-1.5104E2	1.0237E0	1.8724E6	
1099	-9.2064E-1	-1.5727E2	1.0287E0	1.8746E6	
1100	-9.1782E-1	-1.5308E2	1.0335E0	1.8768E6	
1101	-9.1782E-1	-1.5308E2	1.0385E0	1.8791E6	
1102	-9.1698E-1	-1.5184E2	1.0435E0	1.8813E6	
1103	-9.1949E-1	-1.5557E2	1.0484E0	1.8835E6	
1104	-9.1881E-1	-1.5455E2	1.0535E0	1.8857E6	
1105	-9.2430E-1	-1.6271E2	1.0585E0	1.8879E6	
1106	-9.2392E-1	-1.6214E2	1.0635E0	1.8902E6	
1107	-9.2857E-1	-1.6905E2	1.0685E0	1.8924E6	
1108	-9.2850E-1	-1.6893E2	1.0736E0	1.8946E6	
1109	-9.2987E-1	-1.7097E2	1.0785E0	1.8968E6	
1110	-9.2888E-1	-1.6950E2	1.0835E0	1.8990E6	
1111	-9.3384E-1	-1.7686E2	1.0885E0	1.9013E6	
1112	-9.3529E-1	-1.7901E2	1.0936E0	1.9035E6	
1113	-9.4040E-1	-1.8660E2	1.0986E0	1.9057E6	
1114	-9.4376E-1	-1.9158E2	1.1037E0	1.9079E6	
1115	-9.4597E-1	-1.9486E2	1.1088E0	1.9101E6	
1116	-9.5161E-1	-2.0324E2	1.1139E0	1.9124E6	
1117	-9.4940E-1	-1.9996E2	1.1189E0	1.9146E6	
1118	-9.5673E-1	-2.1083E2	1.1239E0	1.9168E6	
1119	-9.6390E-1	-2.2147E2	1.1290E0	1.9190E6	
1120	-9.6214E-1	-2.1887E2	1.1341E0	1.9212E6	
1121	-9.6176E-1	-2.1830E2	1.1391E0	1.9235E6	
1122	-9.6817E-1	-2.2781E2	1.1442E0	1.9257E6	
1123	-9.6718E-1	-2.2634E2	1.1493E0	1.9279E6	
1124	-9.7061E-1	-2.3143E2	1.1545E0	1.9301E6	
1125	-9.6764E-1	-2.2702E2	1.1596E0	1.9323E6	
1126	-9.7214E-1	-2.3370E2	1.1648E0	1.9346E6	
1127	-9.7206E-1	-2.3358E2	1.1698E0	1.9368E6	
1128	-9.7984E-1	-2.4513E2	1.1750E0	1.9390E6	
1129	-9.7336E-1	-2.3551E2	1.1801E0	1.9412E6	
1130	-9.7359E-1	-2.3585E2	1.1853E0	1.9434E6	
1131	-9.6718E-1	-2.2634E2	1.1903E0	1.9457E6	
1132	-9.7404E-1	-2.3653E2	1.1955E0	1.9479E6	
1133	-9.6825E-1	-2.2792E2	1.2006E0	1.9501E6	
1134	-9.6901E-1	-2.2906E2	1.2058E0	1.9523E6	
1135	-9.6382E-1	-2.2136E2	1.2110E0	1.9545E6	
1136	-9.5673E-1	-2.1083E2	1.2162E0	1.9568E6	
1137	-9.3803E-1	-1.8309E2	1.2213E0	1.9590E6	
1138	-9.0874E-1	-1.3961E2	1.2266E0	1.9612E6	
1139	-8.9714E-1	-1.2240E2	1.2317E0	1.9634E6	
1140	-8.9203E-1	-1.1481E2	1.2370E0	1.9656E6	
1141	-8.8531E-1	-1.0485E2	1.2422E0	1.9679E6	
1142	-8.8181E-1	-9.9639E1	1.2474E0	1.9701E6	
1143	-8.7631E-1	-9.1486E1	1.2526E0	1.9723E6	
1144	-8.7357E-1	-8.7410E1	1.2579E0	1.9745E6	
1145	-8.6494E-1	-7.4616E1	1.2631E0	1.9767E6	
1146	-8.5281E-1	-5.6613E1	1.2683E0	1.9790E6	
1147	-8.3664E-1	-3.2609E1	1.2735E0	1.9812E6	
1148	-8.2039E-1	-8.4919E0	1.2788E0	1.9834E6	
1149	-7.8697E-1	4.1101E1	1.2840E0	1.9856E6	
1150	-7.3975E-1	1.1119E2	1.2893E0	1.9878E6	
1151	-7.0053E-1	1.6939E2	1.2945E0	1.9901E6	
1152	-6.9511E-1	1.7742E2	1.2999E0	1.9923E6	
1153	-6.8893E-1	1.8660E2	1.3051E0	1.9945E6	
1154	-6.8100E-1	1.9837E2	1.3104E0	1.9967E6	
1155	-6.7680E-1	2.0460E2	1.3156E0	1.9989E6	
1156	-6.7757E-1	2.0347E2	1.3210E0	2.0012E6	
1157	-6.7886E-1	2.0154E2	1.3262E0	2.0034E6	
1158	-6.7856E-1	2.0199E2	1.3315E0	2.0056E6	
1159	-6.7703E-1	2.0426E2	1.3369E0	2.0078E6	
1160	-6.7902E-1	2.0132E2	1.3422E0	2.0100E6	
1161	-6.7963E-1	2.0041E2	1.3474E0	2.0123E6	
1162	-6.7963E-1	2.0041E2	1.3528E0	2.0145E6	
1163	-6.8031E-1	1.9939E2	1.3582E0	2.0167E6	
1164	-6.7986E-1	2.0007E2	1.3636E0	2.0189E6	
1165	-6.8077E-1	1.9871E2	1.3688E0	2.0211E6	
1166	-6.7970E-1	2.0030E2	1.3742E0	2.0234E6	
1167	-6.8115E-1	1.9815E2	1.3794E0	2.0256E6	
1168	-6.8161E-1	1.9747E2	1.3849E0	2.0278E6	
1169	-6.8108E-1	1.9826E2	1.3902E0	2.0300E6	
1170	-6.8054E-1	1.9905E2	1.3956E0	2.0322E6	
1171	-6.7909E-1	2.0120E2	1.4010E0	2.0345E6	
1172	-6.8184E-1	1.9713E2	1.4063E0	2.0367E6	
1173	-6.8169E-1	1.9735E2	1.4117E0	2.0389E6	
1174	-6.8184E-1	1.9713E2	1.4171E0	2.0411E6	
1175	-6.8207E-1	1.9679E2	1.4225E0	2.0433E6	
1176	-6.8306E-1	1.9531E2	1.4278E0	2.0456E6	
1177	-6.8344E-1	1.9475E2	1.4333E0	2.0478E6	
1178	-6.8382E-1	1.9418E2	1.4387E0	2.0500E6	
1179	-6.8169E-1	1.9735E2	1.4441E0	2.0522E6	
1180	-6.8298E-1	1.9543E2	1.4495E0	2.0544E6	
1181	-6.8466E-1	1.9294E2	1.4550E0	2.0567E6	
1182	-6.8344E-1	1.9475E2	1.4603E0	2.0589E6	
1183	-6.8176E-1	1.9724E2	1.4657E0	2.0611E6	
1184	-6.8474E-1	1.9282E2	1.4713E0	2.0633E6	
1185	-6.8306E-1	1.9531E2	1.4767E0	2.0655E6	
1186	-6.8413E-1	1.9373E2	1.4822E0	2.0678E6	
1187	-6.8283E-1	1.9565E2	1.4876E0	2.0700E6	
1188	-6.8672E-1	1.8988E2	1.4931E0	2.0722E6	
1189	-6.8649E-1	1.9022E2	1.4985E0	2.0744E6	
1190	-6.8588E-1	1.9113E2	1.5039E0	2.0766E6	
1191	-6.8375E-1	1.9430E2	1.5094E0	2.0789E6	
1192	-6.8604E-1	1.9090E2	1.5149E0	2.0811E6	
1193	-6.8497E-1	1.9248E2	1.5204E0	2.0833E6	
1194	-6.8626E-1	1.9056E2	1.5259E0	2.0855E6	
1195	-6.8611E-1	1.9079E2	1.5315E0	2.0877E6	
1196	-6.8680E-1	1.8977E2	1.5370E0	2.0900E6	
1197	-6.8756E-1	1.8863E2	1.5425E0	2.0922E6	
1198	-6.8481E-1	1.9271E2	1.5480E0	2.0944E6	
1199	-6.8443E-1	1.9328E2	1.5534E0	2.0966E6	
1200	-6.8619E-1	1.9067E2	1.5590E0	2.0988E6	
1201	-6.8542E-1	1.9180E2	1.5645E0	2.1011E6	
1202	-6.8596E-1	1.9101E2	1.5700E0	2.1033E6	
1203	-6.8565E-1	1.9146E2	1.5755E0	2.1055E6	
1204	-6.8619E-1	1.9067E2	1.5811E0	2.1077E6	
1205	-6.8588E-1	1.9113E2	1.5866E0	2.1099E6	
1206	-6.8596E-1	1.9101E2	1.5922E0	2.1122E6	
1207	-6.8695E-1	1.8954E2	1.5977E0	2.1144E6	
1208	-6.8665E-1	1.8999E2	1.6033E0	2.1166E6	
1209	-6.8718E-1	1.8920E2	1.6088E0	2.1188E6	
1210	-6.8718E-1	1.8920E2	1.6144E0	2.1210E6	
1211	-6.8611E-1	1.9079E2	1.6200E0	2.1233E6	
1212	-6.8687E-1	1.8965E2	1.6256E0	2.1255E6	
1213	-6.8695E-1	1.8954E2	1.6312E0	2.1277E6	
1214	-6.8886E-1	1.8671E2	1.6366E0	2.1299E6	
1215	-6.8871E-1	1.8694E2	1.6424E0	2.1321E6	
1216	-6.8771E-1	1.8841E2	1.6480E0	2.1344E6	
1217	-6.8748E-1	1.8875E2	1.6535E0	2.1366E6	
1218	-6.8626E-1	1.9056E2	1.6591E0	2.1388E6	
1219	-6.8787E-1	1.8818E2	1.6648E0	2.1410E6	
1220	-6.8748E-1	1.8875E2	1.6704E0	2.1432E6	
1221	-6.8962E-1	1.8558E2	1.6760E0	2.1455E6	
1222	-6.8710E-1	1.8931E2	1.6817E0	2.1477E6	
1223	-6.8825E-1	1.8762E2	1.6873E0	2.1499E6	
1224	-6.8687E-1	1.8965E2	1.6929E0	2.1521E6	
1225	-6.8871E-1	1.8694E2	1.6986E0	2.1543E6	
1226	-6.9016E-1	1.8478E2	1.7042E0	2.1566E6	
1227	-6.8939E-1	1.8592E2	1.7098E0	2.1588E6	
1228	-6.8916E-1	1.8626E2	1.7154E0	2.1610E6	
1229	-6.9206E-1	1.8195E2	1.7210E0	2.1632E6	
1230	-6.9046E-1	1.8433E2	1.7268E0	2.1654E6	
1231	-6.9260E-1	1.8116E2	1.7324E0	2.1677E6	
1232	-6.9107E-1	1.8343E2	1.7381E0	2.1699E6	
1233	-6.8932E-1	1.8603E2	1.7438E0	2.1721E6	
1234	-6.9069E-1	1.8399E2	1.7495E0	2.1743E6	
1235	-6.9061E-1	1.8411E2	1.7551E0	2.1765E6	
1236	-6.9206E-1	1.8195E2	1.7608E0	2.1788E6	
1237	-6.9138E-1	1.8297E2	1.7665E0	2.1810E6	
1238	-6.9435E-1	1.7856E2	1.7723E0	2.1832E6	
1239	-6.9069E-1	1.8399E2	1.7779E0	2.1854E6	
1240	-6.9237E-1	1.8150E2	1.7836E0	2.1876E6	
1241	-6.9267E-1	1.8105E2	1.7894E0	2.1899E6	
1242	-6.9466E-1	1.7810E2	1.7950E0	2.1921E6	
1243	-6.9206E-1	1.8195E2	1.8007E0	2.1943E6	
1244	-6.9504E-1	1.7754E2	1.8065E0	2.1965E6	
1245	-6.9275E-1	1.8093E2	1.8123E0	2.1987E6	
1246	-6.9489E-1	1.7776E2	1.8180E0	2.2010E6	
1247	-6.9527E-1	1.7720E2	1.8238E0	2.2032E6	
1248	-6.9405E-1	1.7901E2	1.8295E0	2.2054E6	
1249	-6.9542E-1	1.7697E2	1.8352E0	2.2076E6	
1250	-6.9534E-1	1.7709E2	1.8409E0	2.2098E6	
1251	-6.9557E-1	1.7675E2	1.8467E0	2.2121E6	
1252	-6.9542E-1	1.7697E2	1.8524E0	2.2143E6	
1253	-6.9519E-1	1.7731E2	1.8582E0	2.2165E6	
1254	-6.9443E-1	1.7844E2	1.8640E0	2.2187E6	
1255	-6.9702E-1	1.7459E2	1.8698E0	2.2209E6	
1256	-6.9809E-1	1.7301E2	1.8756E0	2.2232E6	
1257	-6.9794E-1	1.7324E2	1.8814E0	2.2254E6	
1258	-6.9672E-1	1.7505E2	1.8872E0	2.2276E6	
1259	-6.9603E-1	1.7607E2	1.8930E0	2.2298E6	
1260	-6.9618E-1	1.7584E2	1.8988E0	2.2320E6	
1261	-6.9717E-1	1.7437E2	1.9046E0	2.2343E6	
1262	-6.9672E-1	1.7505E2	1.9103E0	2.2365E6	
1263	-6.9725E-1	1.7425E2	1.9162E0	2.2387E6	
1264	-6.9725E-1	1.7425E2	1.9220E0	2.2409E6	
1265	-6.9664E-1	1.7516E2	1.9278E0	2.2431E6	
1266	-6.9588E-1	1.7629E2	1.9336E0	2.2454E6	
1267	-6.9794E-1	1.7324E2	1.9395E0	2.2476E6	
1268	-6.9702E-1	1.7459E2	1.9453E0	2.2498E6	
1269	-6.9817E-1	1.7290E2	1.9512E0	2.2520E6	
1270	-6.9847E-1	1.7244E2	1.9571E0	2.2542E6	
1271	-6.9786E-1	1.7335E2	1.9629E0	2.2565E6	
1272	-6.9855E-1	1.7233E2	1.9687E0	2.2587E6	
1273	-6.9740E-1	1.7403E2	1.9746E0	2.2609E6	
1274	-6.9588E-1	1.7629E2	1.9804E0	2.2631E6	
1275	-6.9641E-1	1.7550E2	1.9864E0	2.2653E6	
1276	-6.9794E-1	1.7324E2	1.9922E0	2.2676E6	
1277	-7.0107E-1	1.6859E2	1.9982E0	2.2698E6	
1278	-6.9763E-1	1.7369E2	2.0040E0	2.2720E6	
1279	-6.9893E-1	1.7176E2	2.0099E0	2.2742E6	
1280	-7.0007E-1	1.7007E2	2.0158E0	2.2764E6	
1281	-6.9969E-1	1.7063E2	2.0217E0	2.2787E6	
1282	-7.0084E-1	1.6893E2	2.0277E0	2.2809E6	
1283	-6.9954E-1	1.7086E2	2.0335E0	2.2831E6	
1284	-6.9756E-1	1.7380E2	2.0394E0	2.2853E6	
1285	-6.9901E-1	1.7165E2	2.0454E0	2.2875E6	
1286	-7.0007E-1	1.7007E2	2.0513E0	2.2898E6	
1287	-7.0045E-1	1.6950E2	2.0573E0	2.2920E6	
1288	-6.9855E-1	1.7233E2	2.0632E0	2.2942E6	
1289	-6.9878E-1	1.7199E2	2.0691E0	2.2964E6	
1290	-6.9847E-1	1.7244E2	2.0752E0	2.2986E6	
1291	-7.0190E-1	1.6735E2	2.0810E0	2.3009E6	
1292	-6.9748E-1	1.7391E2	2.0870E0	2.3031E6	
1293	-7.0221E-1	1.6689E2	2.0930E0	2.3053E6	
1294	-7.0084E-1	1.6893E2	2.0989E0	2.3075E6	
1295	-7.0229E-1	1.6678E2	2.1049E0	2.3097E6	
1296	-7.0145E-1	1.6803E2	2.1108E0	2.3120E6	
1297	-6.9893E-1	1.7176E2	2.1169E0	2.3142E6	
1298	-7.0366E-1	1.6474E2	2.1227E0	2.3164E6	
1299	-7.0305E-1	1.6565E2	2.1288E0	2.3186E6	
1300	-7.0358E-1	1.6486E2	2.1349E0	2.3208E6	
1301	-7.0068E-1	1.6916E2	2.1407E0	2.3231E6	
1302	-7.0305E-1	1.6565E2	2.1469E0	2.3253E6	
1303	-7.0587E-1	1.6146E2	2.1528E0	2.3275E6	
1304	-7.0190E-1	1.6735E2	2.1589E0	2.3297E6	
1305	-7.0297E-1	1.6576E2	2.1649E0	2.3319E6	
1306	-7.0259E-1	1.6633E2	2.1710E0	2.3342E6	
1307	-7.0290E-1	1.6588E2	2.1769E0	2.3364E6	
1308	-7.0419E-1	1.6395E2	2.1829E0	2.3386E6	
1309	-7.0236E-1	1.6667E2	2.1889E0	2.3408E6	
1310	-7.0358E-1	1.6486E2	2.1951E0	2.3430E6	
1311	-7.0297E-1	1.6576E2	2.2010E0	2.3453E6	
1312	-7.0488E-1	1.6293E2	2.2071E0	2.3475E6	
1313	-7.0625E-1	1.6089E2	2.2132E0	2.3497E6	
1314	-7.0618E-1	1.6101E2	2.2193E0	2.3519E6	
1315	-7.0793E-1	1.5840E2	2.2253E0	2.3541E6	
1316	-7.0412E-1	1.6406E2	2.2314E0	2.3564E6	
1317	-7.0793E-1	1.5840E2	2.2374E0	2.3586E6	
1318	-7.0747E-1	1.5908E2	2.2436E0	2.3608E6	
1319	-7.0778E-1	1.5863E2	2.2496E0	2.3630E6	
1320	-7.0663E-1	1.6033E2	2.2557E0	2.3652E6	
1321	-7.0633E-1	1.6078E2	2.2618E0	2.3675E6	
1322	-7.0778E-1	1.5863E2	2.2680E0	2.3697E6	
1323	-7.0824E-1	1.5795E2	2.2740E0	2.3719E6	
1324	-7.0709E-1	1.5965E2	2.2801E0	2.3741E6	
1325	-7.0732E-1	1.5931E2	2.2863E0	2.3763E6	
1326	-7.0885E-1	1.5704E2	2.2924E0	2.3786E6	
1327	-7.0915E-1	1.5659E2	2.2985E0	2.3808E6	
1328	-7.0648E-1	1.6055E2	2.3047E0	2.3830E6	
1329	-7.1068E-1	1.5433E2	2.3108E0	2.3852E6	
1330	-7.0641E-1	1.6067E2	2.3170E0	2.3874E6	
1331	-7.1144E-1	1.5319E2	2.3230E0	2.3897E6	
1332	-7.0824E-1	1.5795E2	2.3293E0	2.3919E6	
1333	-7.0854E-1	1.5750E2	2.3354E0	2.3941E6	
1334	-7.0969E-1	1.5580E2	2.3416E0	2.3963E6	
1335	-7.0976E-1	1.5569E2	2.3477E0	2.3985E6	
1336	-7.1243E-1	1.5172E2	2.3538E0	2.4008E6	
1337	-7.1045E-1	1.5467E2	2.3600E0	2.4030E6	
1338	-7.1350E-1	1.5014E2	2.3661E0	2.4052E6	
1339	-7.1068E-1	1.5433E2	2.3724E0	2.4074E6	
1340	-7.1251E-1	1.5161E2	2.3785E0	2.4096E6	
1341	-7.1152E-1	1.5308E2	2.3848E0	2.4119E6	
1342	-7.1114E-1	1.5365E2	2.3910E0	2.4141E6	
1343	-7.1114E-1	1.5365E2	2.3972E0	2.4163E6	
1344	-7.1144E-1	1.5319E2	2.4033E0	2.4185E6	
1345	-7.1091E-1	1.5399E2	2.4096E0	2.4207E6	
1346	-7.1243E-1	1.5172E2	2.4158E0	2.4230E6	
1347	-7.1335E-1	1.5036E2	2.4220E0	2.4252E6	
1348	-7.0847E-1	1.5761E2	2.4282E0	2.4274E6	
1349	-7.1091E-1	1.5399E2	2.4345E0	2.4296E6	
1350	-7.1365E-1	1.4991E2	2.4407E0	2.4318E6	
1351	-7.1220E-1	1.5206E2	2.4469E0	2.4341E6	
1352	-7.1388E-1	1.4957E2	2.4531E0	2.4363E6	
1353	-7.1281E-1	1.5116E2	2.4594E0	2.4385E6	
1354	-7.1426E-1	1.4901E2	2.4657E0	2.4407E6	
1355	-7.1045E-1	1.5467E2	2.4719E0	2.4429E6	
1356	-7.1144E-1	1.5319E2	2.4782E0	2.4452E6	
1357	-7.1190E-1	1.5252E2	2.4845E0	2.4474E6	
1358	-7.1251E-1	1.5161E2	2.4907E0	2.4496E6	
1359	-7.1198E-1	1.5240E2	2.4970E0	2.4518E6	
1360	-7.1304E-1	1.5082E2	2.5033E0	2.4540E6	
1361	-7.1510E-1	1.4776E2	2.5096E0	2.4563E6	
1362	-7.1243E-1	1.5172E2	2.5159E0	2.4585E6	
1363	-7.1281E-1	1.5116E2	2.5221E0	2.4607E6	
1364	-7.1556E-1	1.4708E2	2.5283E0	2.4629E6	
1365	-7.1167E-1	1.5285E2	2.5347E0	2.4651E6	
1366	-7.1465E-1	1.4844E2	2.5410E0	2.4674E6	
1367	-7.1335E-1	1.5036E2	2.5474E0	2.4696E6	
1368	-7.1434E-1	1.4889E2	2.5536E0	2.4718E6	
1369	-7.1548E-1	1.4719E2	2.5599E0	2.4740E6	
1370	-7.1587E-1	1.4663E2	2.5663E0	2.4762E6	
1371	-7.1526E-1	1.4753E2	2.5726E0	2.4785E6	
1372	-7.1693E-1	1.4504E2	2.5789E0	2.4807E6	
1373	-7.1564E-1	1.4697E2	2.5853E0	2.4829E6	
1374	-7.1701E-1	1.4493E2	2.5916E0	2.4851E6	
1375	-7.1419E-1	1.4912E2	2.5980E0	2.4873E6	
1376	-7.1594E-1	1.4651E2	2.6042E0	2.4896E6	
1377	-7.1579E-1	1.4674E2	2.6107E0	2.4918E6	
1378	-7.1732E-1	1.4448E2	2.6170E0	2.4940E6	
1379	-7.1762E-1	1.4402E2	2.6234E0	2.4962E6	
1380	-7.1632E-1	1.4595E2	2.6297E0	2.4984E6	
1381	-7.1648E-1	1.4572E2	2.6361E0	2.5007E6	
1382	-7.1930E-1	1.4153E2	2.6425E0	2.5029E6	
1383	-7.1709E-1	1.4482E2	2.6488E0	2.5051E6	
1384	-7.1877E-1	1.4232E2	2.6551E0	2.5073E6	
1385	-7.1671E-1	1.4538E2	2.6615E0	2.5095E6	
1386	-7.1777E-1	1.4380E2	2.6680E0	2.5118E6	
1387	-7.1823E-1	1.4312E2	2.6744E0	2.5140E6	
1388	-7.1808E-1	1.4334E2	2.6808E0	2.5162E6	
1389	-7.2098E-1	1.3904E2	2.6871E0	2.5184E6	
1390	-7.1953E-1	1.4119E2	2.6936E0	2.5206E6	
1391	-7.2136E-1	1.3848E2	2.7001E0	2.5229E6	
1392	-7.2060E-1	1.3961E2	2.7064E0	2.5251E6	
1393	-7.2060E-1	1.3961E2	2.7129E0	2.5273E6	
1394	-7.2227E-1	1.3712E2	2.7193E0	2.5295E6	
1395	-7.2144E-1	1.3836E2	2.7258E0	2.5317E6	
1396	-7.2060E-1	1.3961E2	2.7322E0	2.5340E6	
1397	-7.2372E-1	1.3497E2	2.7386E0	2.5362E6	
1398	-7.2540E-1	1.3247E2	2.7450E0	2.5384E6	
1399	-7.2266E-1	1.3655E2	2.7515E0	2.5406E6	
1400	-7.2441E-1	1.3395E2	2.7580E0	2.5428E6	
1401	-7.2151E-1	1.3825E2	2.7644E0	2.5451E6	
1402	-7.2304E-1	1.3598E2	2.7708E0	2.5473E6	
1403	-7.2395E-1	1.3463E2	2.7773E0	2.5495E6	
1404	-7.2624E-1	1.3123E2	2.7837E0	2.5517E6	
1405	-7.2487E-1	1.3327E2	2.7903E0	2.5539E6	
1406	-7.2266E-1	1.3655E2	2.7967E0	2.5562E6	
1407	-7.2227E-1	1.3712E2	2.8033E0	2.5584E6	
1408	-7.2350E-1	1.3530E2	2.8096E0	2.5606E6	
1409	-7.2533E-1	1.3259E2	2.8162E0	2.5628E6	
1410	-7.2243E-1	1.3689E2	2.8227E0	2.5650E6	
1411	-7.2289E-1	1.3621E2	2.8292E0	2.5673E6	
1412	-7.2388E-1	1.3474E2	2.8357E0	2.5695E6	
1413	-7.2525E-1	1.3270E2	2.8422E0	2.5717E6	
1414	-7.2380E-1	1.3485E2	2.8487E0	2.5739E6	
1415	-7.2533E-1	1.3259E2	2.8553E0	2.5761E6	
1416	-7.2601E-1	1.3157E2	2.8618E0	2.5784E6	
1417	-7.2670E-1	1.3055E2	2.8683E0	2.5806E6	
1418	-7.2708E-1	1.2998E2	2.8748E0	2.5828E6	
1419	-7.2525E-1	1.3270E2	2.8813E0	2.5850E6	
1420	-7.2708E-1	1.2998E2	2.8878E0	2.5872E6	
1421	-7.2647E-1	1.3089E2	2.8944E0	2.5895E6	
1422	-7.2586E-1	1.3179E2	2.9010E0	2.5917E6	
1423	-7.2548E-1	1.3236E2	2.9075E0	2.5939E6	
1424	-7.2479E-1	1.3338E2	2.9141E0	2.5961E6	
1425	-7.2388E-1	1.3474E2	2.9207E0	2.5983E6	
1426	-7.2662E-1	1.3066E2	2.9272E0	2.6006E6	
1427	-7.2792E-1	1.2874E2	2.9338E0	2.6028E6	
1428	-7.2678E-1	1.3044E2	2.9403E0	2.6050E6	
1429	-7.2624E-1	1.3123E2	2.9468E0	2.6072E6	
1430	-7.2876E-1	1.2749E2	2.9535E0	2.6094E6	
1431	-7.2594E-1	1.3168E2	2.9601E0	2.6117E6	
1432	-7.2601E-1	1.3157E2	2.9666E0	2.6139E6	
1433	-7.3006E-1	1.2557E2	2.9733E0	2.6161E6	
1434	-7.2655E-1	1.3078E2	2.9798E0	2.6183E6	
1435	-7.2655E-1	1.3078E2	2.9864E0	2.6205E6	
1436	-7.2678E-1	1.3044E2	2.9930E0	2.6228E6	
1437	-7.2762E-1	1.2919E2	2.9996E0	2.6250E6	
1438	-7.2845E-1	1.2795E2	3.0063E0	2.6272E6	
1439	-7.2983E-1	1.2591E2	3.0129E0	2.6294E6	
1440	-7.2876E-1	1.2749E2	3.0196E0	2.6316E6	
1441	-7.2975E-1	1.2602E2	3.0262E0	2.6339E6	
1442	-7.2777E-1	1.2896E2	3.0328E0	2.6361E6	
1443	-7.2723E-1	1.2976E2	3.0394E0	2.6383E6	
1444	-7.3120E-1	1.2387E2	3.0460E0	2.6405E6	
1445	-7.3006E-1	1.2557E2	3.0527E0	2.6427E6	
1446	-7.3082E-1	1.2444E2	3.0593E0	2.6450E6	
1447	-7.2998E-1	1.2568E2	3.0660E0	2.6472E6	
1448	-7.3090E-1	1.2432E2	3.0726E0	2.6494E6	
1449	-7.3242E-1	1.2206E2	3.0793E0	2.6516E6	
1450	-7.2937E-1	1.2659E2	3.0859E0	2.6538E6	
1451	-7.3204E-1	1.2262E2	3.0926E0	2.6561E6	
1452	-7.3357E-1	1.2036E2	3.0992E0	2.6583E6	
1453	-7.3051E-1	1.2489E2	3.1059E0	2.6605E6	
1454	-7.3128E-1	1.2376E2	3.1125E0	2.6627E6	
1455	-7.3357E-1	1.2036E2	3.1193E0	2.6649E6	
1456	-7.3639E-1	1.1617E2	3.1260E0	2.6672E6	
1457	-7.3402E-1	1.1968E2	3.1326E0	2.6694E6	
1458	-7.3242E-1	1.2206E2	3.1392E0	2.6716E6	
1459	-7.3349E-1	1.2047E2	3.1460E0	2.6738E6	
1460	-7.3654E-1	1.1594E2	3.1529E0	2.6760E6	
1461	-7.3532E-1	1.1775E2	3.1595E0	2.6783E6	
1462	-7.3608E-1	1.1662E2	3.1661E0	2.6805E6	
1463	-7.3524E-1	1.1787E2	3.1730E0	2.6827E6	
1464	-7.3517E-1	1.1798E2	3.1796E0	2.6849E6	
1465	-7.3402E-1	1.1968E2	3.1862E0	2.6871E6	
1466	-7.3303E-1	1.2115E2	3.1930E0	2.6894E6	
1467	-7.3471E-1	1.1866E2	3.1998E0	2.6916E6	
1468	-7.3822E-1	1.1345E2	3.2065E0	2.6938E6	
1469	-7.3608E-1	1.1662E2	3.2131E0	2.6960E6	
1470	-7.3509E-1	1.1809E2	3.2199E0	2.6982E6	
1471	-7.3692E-1	1.1538E2	3.2267E0	2.7005E6	
1472	-7.3509E-1	1.1809E2	3.2335E0	2.7027E6	
1473	-7.3822E-1	1.1345E2	3.2403E0	2.7049E6	
1474	-7.3692E-1	1.1538E2	3.2469E0	2.7071E6	
1475	-7.3700E-1	1.1526E2	3.2537E0	2.7093E6	
1476	-7.3746E-1	1.1458E2	3.2605E0	2.7116E6	
1477	-7.3715E-1	1.1504E2	3.2672E0	2.7138E6	
1478	-7.4036E-1	1.1028E2	3.2740E0	2.7160E6	
1479	-7.3952E-1	1.1153E2	3.2808E0	2.7182E6	
1480	-7.3730E-1	1.1481E2	3.2875E0	2.7204E6	
1481	-7.3883E-1	1.1255E2	3.2943E0	2.7227E6	
1482	-7.3601E-1	1.1674E2	3.3011E0	2.7249E6	
1483	-7.3944E-1	1.1164E2	3.3079E0	2.7271E6	
1484	-7.3837E-1	1.1323E2	3.3147E0	2.7293E6	
1485	-7.4020E-1	1.1051E2	3.3215E0	2.7315E6	
1486	-7.3914E-1	1.1209E2	3.3283E0	2.7338E6	
1487	-7.3883E-1	1.1255E2	3.3351E0	2.7360E6	
1488	-7.3700E-1	1.1526E2	3.3420E0	2.7382E6	
1489	-7.4112E-1	1.0915E2	3.3488E0	2.7404E6	
1490	-7.3853E-1	1.1300E2	3.3555E0	2.7426E6	
1491	-7.4036E-1	1.1028E2	3.3623E0	2.7449E6	
1492	-7.4181E-1	1.0813E2	3.3692E0	2.7471E6	
1493	-7.3929E-1	1.1187E2	3.3761E0	2.7493E6	
1494	-7.4059E-1	1.0994E2	3.3829E0	2.7515E6	
1495	-7.3967E-1	1.1130E2	3.3898E0	2.7537E6	
1496	-7.4036E-1	1.1028E2	3.3966E0	2.7560E6	
1497	-7.4112E-1	1.0915E2	3.4035E0	2.7582E6	
1498	-7.4295E-1	1.0643E2	3.4102E0	2.7604E6	
1499	-7.4303E-1	1.0632E2	3.4170E0	2.7626E6	
1500	-7.4211E-1	1.0768E2	3.4239E0	2.7648E6	
1501	-7.4112E-1	1.0915E2	3.4308E0	2.7671E6	
1502	-7.4089E-1	1.0949E2	3.4377E0	2.7693E6	
1503	-7.4379E-1	1.0519E2	3.4446E0	2.7715E6	
1504	-7.4203E-1	1.0779E2	3.4514E0	2.7737E6	
1505	-7.4379E-1	1.0519E2	3.4583E0	2.7759E6	
1506	-7.4280E-1	1.0666E2	3.4652E0	2.7782E6	
1507	-7.4303E-1	1.0632E2	3.4720E0	2.7804E6	
1508	-7.4371E-1	1.0530E2	3.4789E0	2.7826E6	
1509	-7.4211E-1	1.0768E2	3.4858E0	2.7848E6	
1510	-7.4425E-1	1.0451E2	3.4926E0	2.7870E6	
1511	-7.4226E-1	1.0745E2	3.4996E0	2.7893E6	
1512	-7.4669E-1	1.0088E2	3.5065E0	2.7915E6	
1513	-7.4478E-1	1.0371E2	3.5134E0	2.7937E6	
1514	-7.4326E-1	1.0598E2	3.5203E0	2.7959E6	
1515	-7.4493E-1	1.0349E2	3.5272E0	2.7981E6	
1516	-7.4570E-1	1.0236E2	3.5341E0	2.8004E6	
1517	-7.4478E-1	1.0371E2	3.5411E0	2.8026E6	
1518	-7.4669E-1	1.0088E2	3.5480E0	2.8048E6	
1519	-7.4440E-1	1.0428E2	3.5550E0	2.8070E6	
1520	-7.4608E-1	1.0179E2	3.5618E0	2.8092E6	
1521	-7.4677E-1	1.0077E2	3.5688E0	2.8115E6	
1522	-7.4760E-1	9.9525E1	3.5757E0	2.8137E6	
1523	-7.4562E-1	1.0247E2	3.5827E0	2.8159E6	
1524	-7.4738E-1	9.9865E1	3.5896E0	2.8181E6	
1525	-7.4860E-1	9.8054E1	3.5965E0	2.8203E6	
1526	-7.4692E-1	1.0054E2	3.6034E0	2.8226E6	
1527	-7.4837E-1	9.8393E1	3.6104E0	2.8248E6	
1528	-7.4883E-1	9.7714E1	3.6173E0	2.8270E6	
1529	-7.4989E-1	9.6129E1	3.6244E0	2.8292E6	
1530	-7.4829E-1	9.8506E1	3.6314E0	2.8314E6	
1531	-7.5119E-1	9.4204E1	3.6383E0	2.8337E6	
1532	-7.5035E-1	9.5449E1	3.6453E0	2.8359E6	
1533	-7.4860E-1	9.8054E1	3.6522E0	2.8381E6	
1534	-7.4898E-1	9.7487E1	3.6592E0	2.8403E6	
1535	-7.5134E-1	9.3977E1	3.6662E0	2.8425E6	
1536	-7.4959E-1	9.6582E1	3.6732E0	2.8448E6	
1537	-7.5111E-1	9.4317E1	3.6801E0	2.8470E6	
1538	-7.5073E-1	9.4883E1	3.6872E0	2.8492E6	
1539	-7.5134E-1	9.3977E1	3.6941E0	2.8514E6	
1540	-7.5111E-1	9.4317E1	3.7011E0	2.8536E6	
1541	-7.4944E-1	9.6808E1	3.7081E0	2.8559E6	
1542	-7.5386E-1	9.0241E1	3.7152E0	2.8581E6	
1543	-7.4936E-1	9.6921E1	3.7222E0	2.8603E6	
1544	-7.5249E-1	9.2279E1	3.7291E0	2.8625E6	
1545	-7.5371E-1	9.0467E1	3.7363E0	2.8647E6	
1546	-7.5363E-1	9.0581E1	3.7432E0	2.8670E6	
1547	-7.5294E-1	9.1600E1	3.7503E0	2.8692E6	
1548	-7.5325E-1	9.1147E1	3.7573E0	2.8714E6	
1549	-7.5218E-1	9.2732E1	3.7643E0	2.8736E6	
1550	-7.5272E-1	9.1939E1	3.7713E0	2.8758E6	
1551	-7.5325E-1	9.1147E1	3.7784E0	2.8781E6	
1552	-7.5150E-1	9.3751E1	3.7856E0	2.8803E6	
1553	-7.5356E-1	9.0694E1	3.7925E0	2.8825E6	
1554	-7.5439E-1	8.9448E1	3.7996E0	2.8847E6	
1555	-7.5195E-1	9.3072E1	3.8067E0	2.8869E6	
1556	-7.5470E-1	8.8995E1	3.8137E0	2.8892E6	
1557	-7.5325E-1	9.1147E1	3.8208E0	2.8914E6	
1558	-7.5409E-1	8.9901E1	3.8279E0	2.8936E6	
1559	-7.5493E-1	8.8656E1	3.8349E0	2.8958E6	
1560	-7.5439E-1	8.9448E1	3.8420E0	2.8980E6	
1561	-7.5294E-1	9.1600E1	3.8490E0	2.9003E6	
1562	-7.5699E-1	8.5599E1	3.8561E0	2.9025E6	
1563	-7.5508E-1	8.8429E1	3.8633E0	2.9047E6	
1564	-7.5562E-1	8.7637E1	3.8704E0	2.9069E6	
1565	-7.5439E-1	8.9448E1	3.8774E0	2.9091E6	
1566	-7.5439E-1	8.9448E1	3.8845E0	2.9114E6	
1567	-7.5531E-1	8.8090E1	3.8915E0	2.9136E6	
1568	-7.5615E-1	8.6844E1	3.8987E0	2.9158E6	
1569	-7.5584E-1	8.7297E1	3.9058E0	2.9180E6	
1570	-7.5523E-1	8.8203E1	3.9130E0	2.9202E6	
1571	-7.5623E-1	8.6731E1	3.9200E0	2.9225E6	
1572	-7.5760E-1	8.4693E1	3.9271E0	2.9247E6	
1573	-7.5996E-1	8.1183E1	3.9343E0	2.9269E6	
1574	-7.5531E-1	8.8090E1	3.9414E0	2.9291E6	
1575	-7.5752E-1	8.4806E1	3.9486E0	2.9313E6	
1576	-7.5851E-1	8.3334E1	3.9556E0	2.9336E6	
1577	-7.5867E-1	8.3108E1	3.9628E0	2.9358E6	
1578	-7.5798E-1	8.4127E1	3.9699E0	2.9380E6	
1579	-7.6035E-1	8.0617E1	3.9771E0	2.9402E6	
1580	-7.5859E-1	8.3221E1	3.9842E0	2.9424E6	
1581	-7.6088E-1	7.9824E1	3.9914E0	2.9447E6	
1582	-7.5966E-1	8.1636E1	3.9984E0	2.9469E6	
1583	-7.5996E-1	8.1183E1	4.0057E0	2.9491E6	
1584	-7.6103E-1	7.9598E1	4.0129E0	2.9513E6	
1585	-7.6096E-1	7.9711E1	4.0200E0	2.9535E6	
1586	-7.6088E-1	7.9824E1	4.0271E0	2.9558E6	
1587	-7.5981E-1	8.1409E1	4.0343E0	2.9580E6	
1588	-7.6180E-1	7.8466E1	4.0415E0	2.9602E6	
1589	-7.6180E-1	7.8466E1	4.0486E0	2.9624E6	
1590	-7.6088E-1	7.9824E1	4.0558E0	2.9646E6	
1591	-7.6111E-1	7.9485E1	4.0630E0	2.9669E6	
1592	-7.6187E-1	7.8352E1	4.0702E0	2.9691E6	
1593	-7.6347E-1	7.5975E1	4.0774E0	2.9713E6	
1594	-7.6187E-1	7.8352E1	4.0845E0	2.9735E6	
1595	-7.6233E-1	7.7673E1	4.0917E0	2.9757E6	
1596	-7.6134E-1	7.9145E1	4.0989E0	2.9780E6	
1597	-7.6263E-1	7.7220E1	4.1062E0	2.9802E6	
1598	-7.6294E-1	7.6767E1	4.1133E0	2.9824E6	
1599	-7.6370E-1	7.5635E1	4.1206E0	2.9846E6	
1600	-7.6317E-1	7.6427E1	4.1278E0	2.9868E6	
1601	-7.6607E-1	7.2125E1	4.1351E0	2.9891E6	
1602	-7.6431E-1	7.4729E1	4.1422E0	2.9913E6	
1603	-7.6637E-1	7.1672E1	4.1495E0	2.9935E6	
1604	-7.6492E-1	7.3823E1	4.1567E0	2.9957E6	
1605	-7.6637E-1	7.1672E1	4.1639E0	2.9979E6	
1606	-7.6485E-1	7.3936E1	4.1710E0	3.0002E6	
1607	-7.6576E-1	7.2578E1	4.1784E0	3.0024E6	
1608	-7.6607E-1	7.2125E1	4.1855E0	3.0046E6	
1609	-7.6599E-1	7.2238E1	4.1928E0	3.0068E6	
1610	-7.6424E-1	7.4842E1	4.2001E0	3.0090E6	
1611	-7.6523E-1	7.3370E1	4.2073E0	3.0113E6	
1612	-7.6637E-1	7.1672E1	4.2145E0	3.0135E6	
1613	-7.6614E-1	7.2012E1	4.2218E0	3.0157E6	
1614	-7.6553E-1	7.2917E1	4.2290E0	3.0179E6	
1615	-7.6775E-1	6.9634E1	4.2364E0	3.0201E6	
1616	-7.6424E-1	7.4842E1	4.2437E0	3.0224E6	
1617	-7.6660E-1	7.1332E1	4.2508E0	3.0246E6	
1618	-7.6729E-1	7.0313E1	4.2580E0	3.0268E6	
1619	-7.6759E-1	6.9860E1	4.2654E0	3.0290E6	
1620	-7.6569E-1	7.2691E1	4.2727E0	3.0312E6	
1621	-7.6904E-1	6.7709E1	4.2799E0	3.0335E6	
1622	-7.6836E-1	6.8728E1	4.2872E0	3.0357E6	
1623	-7.6729E-1	7.0313E1	4.2945E0	3.0379E6	
1624	-7.6767E-1	6.9747E1	4.3019E0	3.0401E6	
1625	-7.6973E-1	6.6690E1	4.3091E0	3.0423E6	
1626	-7.6759E-1	6.9860E1	4.3164E0	3.0446E6	
1627	-7.6660E-1	7.1332E1	4.3237E0	3.0468E6	
1628	-7.6935E-1	6.7256E1	4.3310E0	3.0490E6	
1629	-7.6843E-1	6.8615E1	4.3383E0	3.0512E6	
1630	-7.6950E-1	6.7030E1	4.3456E0	3.0534E6	
1631	-7.7042E-1	6.5671E1	4.3528E0	3.0557E6	
1632	-7.6714E-1	7.0540E1	4.3602E0	3.0579E6	
1633	-7.6820E-1	6.8955E1	4.3675E0	3.0601E6	
1634	-7.7003E-1	6.6237E1	4.3748E0	3.0623E6	
1635	-7.7141E-1	6.4199E1	4.3821E0	3.0645E6	
1636	-7.7232E-1	6.2840E1	4.3894E0	3.0668E6	
1637	-7.6927E-1	6.7369E1	4.3967E0	3.0690E6	
1638	-7.7126E-1	6.4426E1	4.4040E0	3.0712E6	
1639	-7.7026E-1	6.5897E1	4.4114E0	3.0734E6	
1640	-7.7187E-1	6.3520E1	4.4188E0	3.0756E6	
1641	-7.7271E-1	6.2274E1	4.4261E0	3.0779E6	
1642	-7.6927E-1	6.7369E1	4.4333E0	3.0801E6	
1643	-7.7347E-1	6.1142E1	4.4406E0	3.0823E6	
1644	-7.7141E-1	6.4199E1	4.4481E0	3.0845E6	
1645	-7.7461E-1	5.9444E1	4.4554E0	3.0867E6	
1646	-7.7332E-1	6.1368E1	4.4628E0	3.0890E6	
1647	-7.7278E-1	6.2161E1	4.4701E0	3.0912E6	
1648	-7.7286E-1	6.2048E1	4.4774E0	3.0934E6	
1649	-7.7423E-1	6.0010E1	4.4847E0	3.0956E6	
1650	-7.7507E-1	5.8764E1	4.4922E0	3.0978E6	
1651	-7.7393E-1	6.0463E1	4.4995E0	3.1001E6	
1652	-7.7477E-1	5.9217E1	4.5068E0	3.1023E6	
1653	-7.7721E-1	5.5594E1	4.5143E0	3.1045E6	
1654	-7.7423E-1	6.0010E1	4.5216E0	3.1067E6	
1655	-7.7782E-1	5.4688E1	4.5290E0	3.1089E6	
1656	-7.7545E-1	5.8198E1	4.5363E0	3.1112E6	
1657	-7.7332E-1	6.1368E1	4.5438E0	3.1134E6	
1658	-7.7682E-1	5.6160E1	4.5511E0	3.1156E6	
1659	-7.7995E-1	5.1518E1	4.5585E0	3.1178E6	
1660	-7.7744E-1	5.5254E1	4.5658E0	3.1200E6	
1661	-7.7667E-1	5.6386E1	4.5732E0	3.1223E6	
1662	-7.7629E-1	5.6953E1	4.5806E0	3.1245E6	
1663	-7.7919E-1	5.2650E1	4.5879E0	3.1267E6	
1664	-7.7957E-1	5.2084E1	4.5953E0	3.1289E6	
1665	-7.7560E-1	5.7972E1	4.6027E0	3.1311E6	
1666	-7.8033E-1	5.0952E1	4.6101E0	3.1334E6	
1667	-7.7881E-1	5.3216E1	4.6175E0	3.1356E6	
1668	-7.7950E-1	5.2197E1	4.6249E0	3.1378E6	
1669	-7.7728E-1	5.5481E1	4.6322E0	3.1400E6	
1670	-7.7988E-1	5.1631E1	4.6397E0	3.1422E6	
1671	-7.7721E-1	5.5594E1	4.6471E0	3.1445E6	
1672	-7.7888E-1	5.3103E1	4.6544E0	3.1467E6	
1673	-7.8003E-1	5.1405E1	4.6620E0	3.1489E6	
1674	-7.8026E-1	5.1065E1	4.6693E0	3.1511E6	
1675	-7.8049E-1	5.0725E1	4.6767E0	3.1533E6	
1676	-7.7972E-1	5.1857E1	4.6841E0	3.1556E6	
1677	-7.7988E-1	5.1631E1	4.6915E0	3.1578E6	
1678	-7.8041E-1	5.0838E1	4.6988E0	3.1600E6	
1679	-7.7950E-1	5.2197E1	4.7062E0	3.1622E6	
1680	-7.8201E-1	4.8461E1	4.7136E0	3.1644E6	
1681	-7.8018E-1	5.1178E1	4.7211E0	3.1667E6	
1682	-7.7950E-1	5.2197E1	4.7285E0	3.1689E6	
1683	-7.7995E-1	5.1518E1	4.7359E0	3.1711E6	
1684	-7.8125E-1	4.9593E1	4.7434E0	3.1733E6	
1685	-7.8316E-1	4.6762E1	4.7508E0	3.1755E6	
1686	-7.8079E-1	5.0272E1	4.7582E0	3.1778E6	
1687	-7.8186E-1	4.8687E1	4.7655E0	3.1800E6	
1688	-7.8049E-1	5.0725E1	4.7731E0	3.1822E6	
1689	-7.8270E-1	4.7442E1	4.7806E0	3.1844E6	
1690	-7.8407E-1	4.5404E1	4.7879E0	3.1866E6	
1691	-7.8171E-1	4.8914E1	4.7953E0	3.1889E6	
1692	-7.8423E-1	4.5177E1	4.8028E0	3.1911E6	
1693	-7.8300E-1	4.6989E1	4.8102E0	3.1933E6	
1694	-7.8468E-1	4.4498E1	4.8176E0	3.1955E6	
1695	-7.8438E-1	4.4951E1	4.8250E0	3.1977E6	
1696	-7.8117E-1	4.9706E1	4.8324E0	3.2000E6	
1697	-7.8423E-1	4.5177E1	4.8399E0	3.2022E6	
1698	-7.8468E-1	4.4498E1	4.8474E0	3.2044E6	
1699	-7.8583E-1	4.2799E1	4.8547E0	3.2066E6	
1700	-7.8529E-1	4.3592E1	4.8623E0	3.2088E6	
1701	-7.8636E-1	4.2007E1	4.8696E0	3.2111E6	
1702	-7.8438E-1	4.4951E1	4.8771E0	3.2133E6	
1703	-7.8529E-1	4.3592E1	4.8846E0	3.2155E6	
1704	-7.8667E-1	4.1554E1	4.8920E0	3.2177E6	
1705	-7.8568E-1	4.3026E1	4.8994E0	3.2199E6	
1706	-7.8857E-1	3.8723E1	4.9068E0	3.2222E6	
1707	-7.8636E-1	4.2007E1	4.9144E0	3.2244E6	
1708	-7.8629E-1	4.2120E1	4.9219E0	3.2266E6	
1709	-7.8667E-1	4.1554E1	4.9293E0	3.2288E6	
1710	-7.8857E-1	3.8723E1	4.9366E0	3.2310E6	
1711	-7.8804E-1	3.9516E1	4.9442E0	3.2333E6	
1712	-7.8850E-1	3.8836E1	4.9517E0	3.2355E6	
1713	-7.9124E-1	3.4760E1	4.9591E0	3.2377E6	
1714	-7.8964E-1	3.7138E1	4.9665E0	3.2399E6	
1715	-7.9041E-1	3.6006E1	4.9740E0	3.2421E6	
1716	-7.8735E-1	4.0535E1	4.9814E0	3.2444E6	
1717	-7.9063E-1	3.5666E1	4.9889E0	3.2466E6	
1718	-7.8812E-1	3.9403E1	4.9964E0	3.2488E6	
1719	-7.8926E-1	3.7704E1	5.0039E0	3.2510E6	
1720	-7.9002E-1	3.6572E1	5.0113E0	3.2532E6	
1721	-7.8758E-1	4.0195E1	5.0188E0	3.2555E6	
1722	-7.9002E-1	3.6572E1	5.0262E0	3.2577E6	
1723	-7.9056E-1	3.5779E1	5.0337E0	3.2599E6	
1724	-7.9224E-1	3.3288E1	5.0411E0	3.2621E6	
1725	-7.9140E-1	3.4534E1	5.0487E0	3.2643E6	
1726	-7.9155E-1	3.4307E1	5.0561E0	3.2666E6	
1727	-7.9041E-1	3.6006E1	5.0636E0	3.2688E6	
1728	-7.9079E-1	3.5440E1	5.0710E0	3.2710E6	
1729	-7.9224E-1	3.3288E1	5.0785E0	3.2732E6	
1730	-7.9231E-1	3.3175E1	5.0860E0	3.2754E6	
1731	-7.9147E-1	3.4421E1	5.0935E0	3.2777E6	
1732	-7.9216E-1	3.3402E1	5.1010E0	3.2799E6	
1733	-7.9208E-1	3.3515E1	5.1084E0	3.2821E6	
1734	-7.9193E-1	3.3741E1	5.1159E0	3.2843E6	
1735	-7.9414E-1	3.0458E1	5.1234E0	3.2865E6	
1736	-7.9399E-1	3.0684E1	5.1309E0	3.2888E6	
1737	-7.9338E-1	3.1590E1	5.1383E0	3.2910E6	
1738	-7.9338E-1	3.1590E1	5.1458E0	3.2932E6	
1739	-7.9262E-1	3.2722E1	5.1533E0	3.2954E6	
1740	-7.9391E-1	3.0797E1	5.1608E0	3.2976E6	
1741	-7.9491E-1	2.9326E1	5.1681E0	3.2999E6	
1742	-7.9735E-1	2.5702E1	5.1756E0	3.3021E6	
1743	-7.9590E-1	2.7854E1	5.1832E0	3.3043E6	
1744	-7.9384E-1	3.0911E1	5.1907E0	3.3065E6	
1745	-7.9536E-1	2.8646E1	5.1981E0	3.3087E6	
1746	-7.9605E-1	2.7627E1	5.2056E0	3.3110E6	
1747	-7.9430E-1	3.0231E1	5.2131E0	3.3132E6	
1748	-7.9651E-1	2.6948E1	5.2206E0	3.3154E6	
1749	-7.9575E-1	2.8080E1	5.2281E0	3.3176E6	
1750	-7.9521E-1	2.8873E1	5.2355E0	3.3198E6	
1751	-7.9659E-1	2.6835E1	5.2430E0	3.3221E6	
1752	-7.9445E-1	3.0005E1	5.2504E0	3.3243E6	
1753	-7.9826E-1	2.4344E1	5.2579E0	3.3265E6	
1754	-7.9674E-1	2.6608E1	5.2654E0	3.3287E6	
1755	-7.9849E-1	2.4004E1	5.2728E0	3.3309E6	
1756	-7.9659E-1	2.6835E1	5.2803E0	3.3332E6	
1757	-7.9857E-1	2.3891E1	5.2878E0	3.3354E6	
1758	-7.9712E-1	2.6042E1	5.2952E0	3.3376E6	
1759	-7.9643E-1	2.7061E1	5.3027E0	3.3398E6	
1760	-7.9971E-1	2.2192E1	5.3102E0	3.3420E6	
1761	-7.9712E-1	2.6042E1	5.3176E0	3.3443E6	
1762	-8.0048E-1	2.1060E1	5.3251E0	3.3465E6	
1763	-7.9758E-1	2.5363E1	5.3325E0	3.3487E6	
1764	-8.0086E-1	2.0494E1	5.3399E0	3.3509E6	
1765	-8.0093E-1	2.0381E1	5.3474E0	3.3531E6	
1766	-8.0177E-1	1.9135E1	5.3548E0	3.3554E6	
1767	-8.0406E-1	1.5738E1	5.3624E0	3.3576E6	
1768	-8.0223E-1	1.8456E1	5.3697E0	3.3598E6	
1769	-8.0132E-1	1.9815E1	5.3772E0	3.3620E6	
1770	-8.0109E-1	2.0154E1	5.3847E0	3.3642E6	
1771	-8.0231E-1	1.8343E1	5.3922E0	3.3665E6	
1772	-8.0315E-1	1.7097E1	5.3996E0	3.3687E6	
1773	-8.0246E-1	1.8116E1	5.4070E0	3.3709E6	
1774	-8.0132E-1	1.9815E1	5.4145E0	3.3731E6	
1775	-8.0460E-1	1.4946E1	5.4220E0	3.3753E6	
1776	-8.0238E-1	1.8229E1	5.4294E0	3.3776E6	
1777	-8.0292E-1	1.7437E1	5.4369E0	3.3798E6	
1778	-8.0383E-1	1.6078E1	5.4444E0	3.3820E6	
1779	-8.0360E-1	1.6418E1	5.4519E0	3.3842E6	
1780	-8.0635E-1	1.2342E1	5.4594E0	3.3864E6	
1781	-8.0505E-1	1.4267E1	5.4668E0	3.3887E6	
1782	-8.0620E-1	1.2568E1	5.4743E0	3.3909E6	
1783	-8.0421E-1	1.5512E1	5.4817E0	3.3931E6	
1784	-8.0406E-1	1.5738E1	5.4894E0	3.3953E6	
1785	-8.0421E-1	1.5512E1	5.4968E0	3.3975E6	
1786	-8.0338E-1	1.6757E1	5.5042E0	3.3998E6	
1787	-8.0505E-1	1.4267E1	5.5118E0	3.4020E6	
1788	-8.0521E-1	1.4040E1	5.5192E0	3.4042E6	
1789	-8.0513E-1	1.4153E1	5.5267E0	3.4064E6	
1790	-8.0605E-1	1.2795E1	5.5343E0	3.4086E6	
1791	-8.0574E-1	1.3247E1	5.5418E0	3.4109E6	
1792	-8.0574E-1	1.3247E1	5.5493E0	3.4131E6	
1793	-8.0467E-1	1.4833E1	5.5569E0	3.4153E6	
1794	-8.0780E-1	1.0190E1	5.5644E0	3.4175E6	
1795	-8.0772E-1	1.0304E1	5.5719E0	3.4197E6	
1796	-8.0750E-1	1.0643E1	5.5746E0	3.4206E6	
1797	-8.0750E-1	1.0643E1	5.5746E0	3.4206E6	
1798	-8.0750E-1	1.0643E1	5.5746E0	3.4206E6	
1799	-8.0750E-1	1.0643E1	5.5746E0	3.4206E6	
1800	-8.0750E-1	1.0643E1	5.5746E0	3.4206E6	
1801	-8.0750E-1	1.0643E1	5.5746E0	3.4206E6	
1802	-8.0750E-1	1.0643E1	5.5746E0	3.4206E6	
1803	-8.0750E-1	1.0643E1	5.5746E0	3.4206E6	
1804	-8.0750E-1	1.0643E1	5.5746E0	3.4206E6	
1805	-8.0750E-1	1.0643E1	5.5746E0	3.4206E6	
1806	-8.0750E-1	1.0643E1	5.5746E0	3.4206E6	
1807	-8.0750E-1	1.0643E1	5.5746E0	3.4206E6	
1808	-8.0750E-1	1.0643E1	5.5746E0	3.4206E6	
1809	-8.0750E-1	1.0643E1	5.5746E0	3.4206E6	
1810	-8.0750E-1	1.0643E1	5.5746E0	3.4206E6	
1811	-8.0750E-1	1.0643E1	5.5746E0	3.4206E6	
1812	-8.0750E-1	1.0643E1	5.5746E0	3.4206E6	
1813	-8.0750E-1	1.0643E1	5.5746E0	3.4206E6	
1814	-8.0750E-1	1.0643E1	5.5746E0	3.4206E6	
1815	-8.0750E-1	1.0643E1	5.5746E0	3.4206E6	
1816	-8.0750E-1	1.0643E1	5.5746E0	3.4206E6	
1817	-8.0750E-1	1.0643E1	5.5746E0	3.4206E6	
1818	-8.0750E-1	1.0643E1	5.5746E0	3.4206E6	
1819	-8.0750E-1	1.0643E1	5.5746E0	3.4206E6	
1820	-8.0750E-1	1.0643E1	5.5746E0	3.4206E6	
1821	-8.0750E-1	1.0643E1	5.5746E0	3.4206E6	
1822	-8.0750E-1	1.0643E1	5.5746E0	3.4206E6	
1823	-8.0750E-1	1.0643E1	5.5746E0	3.4206E6	
1824	-8.0750E-1	1.0643E1	5.5746E0	3.4206E6	
1825	-8.0750E-1	1.0643E1	5.5746E0	3.4206E6	
1826	-8.0750E-1	1.0643E1	5.5746E0	3.4206E6	
1827	-8.0750E-1	1.0643E1	5.5746E0	3.4206E6	
1828	-8.0750E-1	1.0643E1	5.5746E0	3.4206E6	
1829	-8.0750E-1	1.0643E1	5.5746E0	3.4206E6	
1830	-8.0750E-1	1.0643E1	5.5746E0	3.4206E6	
1831	-8.0750E-1	1.0643E1	5.5746E0	3.4206E6	
1832	-8.0750E-1	1.0643E1	5.5746E0	3.4206E6	
1833	-8.0750E-1	1.0643E1	5.5746E0	3.4206E6	
1834	-8.0750E-1	1.0643E1	5.5746E0	3.4206E6	
1835	-8.0750E-1	1.0643E1	5.5746E0	3.4206E6	
1836	-8.0750E-1	1.0643E1	5.5746E0	3.4206E6	
1837	-8.0750E-1	1.0643E1	5.5746E0	3.4206E6	
1838	-8.0750E-1	1.0643E1	5.5746E0	3.4206E6	
1839	-8.0750E-1	1.0643E1	5.5746E0	3.4206E6	
1840	-8.0750E-1	1.0643E1	5.5746E0	3.4206E6	
1841	-8.0750E-1	1.0643E1	5.5746E0	3.4206E6	
1842	-8.0750E-1	1.0643E1	5.5746E0	3.4206E6	
1843	-8.0750E-1	1.0643E1	5.5746E0	3.4206E6	
1844	-8.0750E-1	1.0643E1	5.5746E0	3.4206E6	
1845	-8.0750E-1	1.0643E1	5.5746E0	3.4206E6	
1846	-8.0750E-1	1.0643E1	5.5746E0	3.4206E6	
1847	-8.0750E-1	1.0643E1	5.5746E0	3.4206E6	
1848	-8.0750E-1	1.0643E1	5.5746E0	3.4206E6	
1849	-8.0750E-1	1.0643E1	5.5746E0	3.4206E6	
1850	-8.0750E-1	1.0643E1	5.5746E0	3.4206E6	
1851	-8.0750E-1	1.0643E1	5.5746E0	3.4206E6	
1852	-8.0750E-1	1.0643E1	5.5746E0	3.4206E6	
1853	-8.0750E-1	1.0643E1	5.5746E0	3.4206E6	
1854	-8.0750E-1	1.0643E1	5.5746E0	3.4206E6	
1855	-8.0750E-1	1.0643E1	5.5746E0	3.4206E6	
1856	-8.0750E-1	1.0643E1	5.5746E0	3.4206E6	
1857	-8.0750E-1	1.0643E1	5.5746E0	3.4206E6	
1858	-8.0750E-1	1.0643E1	5.5746E0	3.4206E6	
1859	-8.0750E-1	1.0643E1	5.5746E0	3.4206E6	
1860	-8.0750E-1	1.0643E1	5.5746E0	3.4206E6	
1861	-8.0750E-1	1.0643E1	5.5746E0	3.4206E6	
1862	-8.0750E-1	1.0643E1	5.5746E0	3.4206E6	
1863	-8.0750E-1	1.0643E1	5.5746E0	3.4206E6	
1864	-8.0750E-1	1.0643E1	5.5746E0	3.4206E6	
1865	-8.0750E-1	1.0643E1	5.5746E0	3.4206E6	
1866	-8.0750E-1	1.0643E1	5.5746E0	3.4206E6	
1867	-8.0750E-1	1.0643E1	5.5746E0	3.4206E6	
1868	-8.0750E-1	1.0643E1	5.5746E0	3.4206E6	
1869	-8.0750E-1	1.0643E1	5.5746E0	3.4206E6	
1870	-8.0750E-1	1.0643E1	5.5746E0	3.4206E6	
1871	-8.0750E-1	1.0643E1	5.5746E0	3.4206E6	
1872	-8.0750E-1	1.0643E1	5.5746E0	3.4206E6	
1873	-8.0750E-1	1.0643E1	5.5746E0	3.4206E6	
1874	-8.0750E-1	1.0643E1	5.5746E0	3.4206E6	
1875	-8.0750E-1	1.0643E1	5.5746E0	3.4206E6	
1876	-8.0750E-1	1.0643E1	5.5746E0	3.4206E6	
1877	-8.0750E-1	1.0643E1	5.5746E0	3.4206E6	
1878	-8.0750E-1	1.0643E1	5.5746E0	3.4206E6	
1879	-8.0750E-1	1.0643E1	5.5746E0	3.4206E6	
1880	-8.0750E-1	1.0643E1	5.5746E0	3.4206E6	
1881	-8.0750E-1	1.0643E1	5.5746E0	3.4206E6	
1882	-8.0750E-1	1.0643E1	5.5746E0	3.4206E6	
1883	-8.0750E-1	1.0643E1	5.5746E0	3.4206E6	
1884	-8.0750E-1	1.0643E1	5.5746E0	3.4206E6	
1885	-8.0750E-1	1.0643E1	5.5746E0	3.4206E6	
1886	-8.0750E-1	1.0643E1	5.5746E0	3.4206E6	
1887	-8.0750E-1	1.0643E1	5.5746E0	3.4206E6	
1888	-8.0750E-1	1.0643E1	5.5746E0	3.4206E6	
1889	-8.0750E-1	1.0643E1	5.5746E0	3.4206E6	
1890	-8.0750E-1	1.0643E1	5.5746E0	3.4206E6	
1891	-8.0750E-1	1.0643E1	5.5746E0	3.4206E6	
1892	-8.0750E-1	1.0643E1	5.5746E0	3.4206E6	
1893	-8.0750E-1	1.0643E1	5.5746E0	3.4206E6	
1894	-8.0750E-1	1.0643E1	5.5746E0	3.4206E6	
1895	-8.0750E-1	1.0643E1	5.5746E0	3.4206E6	
1896	-8.0750E-1	1.0643E1	5.5746E0	3.4206E6	
1897	-8.0750E-1	1.0643E1	5.5746E0	3.4206E6	
1898	-8.0750E-1	1.0643E1	5.5746E0	3.4206E6	
1899	-8.0750E-1	1.0643E1	5.5746E0	3.4206E6	
1900	-8.0750E-1	1.0643E1	5.5746E0	3.4206E6	
1901	-8.0750E-1	1.0643E1	5.5746E0	3.4206E6	
1902	-8.0750E-1	1.0643E1	5.5746E0	3.4206E6	
1903	-8.0750E-1	1.0643E1	5.5746E0	3.4206E6	
1904	-8.0750E-1	1.0643E1	5.5746E0	3.4206E6	
1905	-8.0750E-1	1.0643E1	5.5746E0	3.4206E6	
1906	-8.0750E-1	1.0643E1	5.5746E0	3.4206E6	
1907	-8.0750E-1	1.0643E1	5.5746E0	3.4206E6	
1908	-8.0750E-1	1.0643E1	5.5746E0	3.4206E6	
1909	-8.0750E-1	1.0643E1	5.5746E0	3.4206E6	
1910	-8.0750E-1	1.0643E1	5.5746E0	3.4206E6	
1911	-8.0750E-1	1.0643E1	5.5746E0	3.4206E6	
1912	-8.0750E-1	1.0643E1	5.5746E0	3.4206E6	
1913	-8.0750E-1	1.0643E1	5.5746E0	3.4206E6	
1914	-8.0750E-1	1.0643E1	5.5746E0	3.4206E6	
1915	-8.0750E-1	1.0643E1	5.5746E0	3.4206E6	
1916	-8.0750E-1	1.0643E1	5.5746E0	3.4206E6	
1917	-8.0750E-1	1.0643E1	5.5746E0	3.4206E6	
1918	-8.0750E-1	1.0643E1	5.5746E0	3.4206E6	
1919	-8.0750E-1	1.0643E1	5.5746E0	3.4206E6	
1920	-8.0750E-1	1.0643E1	5.5746E0	3.4206E6	
1921	-8.0750E-1	1.0643E1	5.5746E0	3.4206E6	
1922	-8.0750E-1	1.0643E1	5.5746E0	3.4206E6	
1923	-8.0750E-1	1.0643E1	5.5746E0	3.4206E6	
1924	-8.0750E-1	1.0643E1	5.5746E0	3.4206E6	
1925	-8.0750E-1	1.0643E1	5.5746E0	3.4206E6	
1926	-8.0750E-1	1.0643E1	5.5746E0	3.4206E6	
1927	-8.0750E-1	1.0643E1	5.5746E0	3.4206E6	
1928	-8.0750E-1	1.0643E1	5.5746E0	3.4206E6	
1929	-8.0750E-1	1.0643E1	5.5746E0	3.4206E6	
1930	-8.0750E-1	1.0643E1	5.5746E0	3.4206E6	
1931	-8.0750E-1	1.0643E1	5.5746E0	3.4206E6	
1932	-8.0750E-1	1.0643E1	5.5746E0	3.4206E6	
1933	-8.0750E-1	1.0643E1	5.5746E0	3.4206E6	
1934	-8.0750E-1	1.0643E1	5.5746E0	3.4206E6	
1935	-8.0750E-1	1.0643E1	5.5746E0	3.4206E6	
1936	-8.0750E-1	1.0643E1	5.5746E0	3.4206E6	
1937	-8.0750E-1	1.0643E1	5.5746E0	3.4206E6	
1938	-8.0750E-1	1.0643E1	5.5746E0	3.4206E6	
1939	-8.0750E-1	1.0643E1	5.5746E0	3.4206E6	
1940	-8.0750E-1	1.0643E1	5.5746E0	3.4206E6	
1941	-8.0750E-1	1.0643E1	5.5746E0	3.4206E6	
1942	-8.0750E-1	1.0643E1	5.5746E0	3.4206E6	
1943	-8.0750E-1	1.0643E1	5.5746E0	3.4206E6	
1944	-8.0750E-1	1.0643E1	5.5746E0	3.4206E6	
1945	-8.0750E-1	1.0643E1	5.5746E0	3.4206E6	
1946	-8.0750E-1	1.0643E1	5.5746E0	3.4206E6	
1947	-8.0750E-1	1.0643E1	5.5746E0	3.4206E6	
1948	-8.0750E-1	1.0643E1	5.5746E0	3.4206E6	
1949	-8.0750E-1	1.0643E1	5.5746E0	3.4206E6	
1950	-8.0750E-1	1.0643E1	5.5746E0	3.4206E6	
1951	-8.0750E-1	1.0643E1	5.5746E0	3.4206E6	
1952	-8.0750E-1	1.0643E1	5.5746E0	3.4206E6	
1953	-8.0750E-1	1.0643E1	5.5746E0	3.4206E6	
1954	-8.0750E-1	1.0643E1	5.5746E0	3.4206E6	
1955	-8.0750E-1	1.0643E1	5.5746E0	3.4206E6	
1956	-8.0750E-1	1.0643E1	5.5746E0	3.4206E6	
1957	-8.0750E-1	1.0643E1	5.5746E0	3.4206E6	
1958	-8.0750E-1	1.0643E1	5.5746E0	3.4206E6	
1959	-8.0750E-1	1.0643E1	5.5746E0	3.4206E6	
1960	-8.0750E-1	1.0643E1	5.5746E0	3.4206E6	
1961	-8.0750E-1	1.0643E1	5.5746E0	3.4206E6	
1962	-8.0750E-1	1.0643E1	5.5746E0	3.4206E6	
1963	-8.0750E-1	1.0643E1	5.5746E0	3.4206E6	
1964	-8.0750E-1	1.0643E1	5.5746E0	3.4206E6	
1965	-8.0750E-1	1.0643E1	5.5746E0	3.4206E6	
1966	-8.0750E-1	1.0643E1	5.5746E0	3.4206E6	
1967	-8.0750E-1	1.0643E1	5.5746E0	3.4206E6	
1968	-8.0750E-1	1.0643E1	5.5746E0	3.4206E6	
1969	-8.0750E-1	1.0643E1	5.5746E0	3.4206E6	
1970	-8.0750E-1	1.0643E1	5.5746E0	3.4206E6	
1971	-8.0750E-1	1.0643E1	5.5746E0	3.4206E6	
1972	-8.0750E-1	1.0643E1	5.5746E0	3.4206E6	
1973	-8.0750E-1	1.0643E1	5.5746E0	3.4206E6	
1974	-8.0750E-1	1.0643E1	5.5746E0	3.4206E6	
1975	-8.0750E-1	1.0643E1	5.5746E0	3.4206E6	
1976	-8.0750E-1	1.0643E1	5.5746E0	3.4206E6	
1977	-8.0750E-1	1.0643E1	5.5746E0	3.4206E6	
1978	-8.0750E-1	1.0643E1	5.5746E0	3.4206E6	
1979	-8.0750E-1	1.0643E1	5.5746E0	3.4206E6	
1980	-8.0750E-1	1.0643E1	5.5746E0	3.4206E6	
1981	-8.0750E-1	1.0643E1	5.5746E0	3.4206E6	
1982	-8.0750E-1	1.0643E1	5.5746E0	3.4206E6	
1983	-8.0750E-1	1.0643E1	5.5746E0	3.4206E6	
1984	-8.0750E-1	1.0643E1	5.5746E0	3.4206E6	
1985	-8.0750E-1	1.0643E1	5.5746E0	3.4206E6	
1986	-8.0750E-1	1.0643E1	5.5746E0	3.4206E6	
1987	-8.0750E-1	1.0643E1	5.5746E0	3.4206E6	
1988	-8.0750E-1	1.0643E1	5.5746E0	3.4206E6	
1989	-8.0750E-1	1.0643E1	5.5746E0	3.4206E6	
1990	-8.0750E-1	1.0643E1	5.5746E0	3.4206E6	
1991	-8.0750E-1	1.0643E1	5.5746E0	3.4206E6	
1992	-8.0750E-1	1.0643E1	5.5746E0	3.4206E6	
1993	-8.0750E-1	1.0643E1	5.5746E0	3.4206E6	
1994	-8.0750E-1	1.0643E1	5.5746E0	3.4206E6	
1995	-8.0750E-1	1.0643E1	5.5746E0	3.4206E6	
1996	-8.0750E-1	1.0643E1	5.5746E0	3.4206E6	
1997	-8.0750E-1	1.0643E1	5.5746E0	3.4206E6	
1998	-8.0750E-1	1.0643E1	5.5746E0	3.4206E6	
1999	-8.0750E-1	1.0643E1	5.5746E0	3.4206E6	
2000	-8.0750E-1	1.0643E1	5.5746E0	3.4206E6	
2001	-8.0750E-1	1.0643E1	5.5746E0	3.4206E6	
2002	-8.0750E-1	1.0643E1	5.5746E0	3.4206E6	
2003	-8.0750E-1	1.0643E1	5.5746E0	3.4206E6	
2004	-8.0750E-1	1.0643E1	5.5746E0	3.4206E6	
2005	-8.0750E-1	1.0643E1	5.5746E0	3.4206E6	
2006	-8.0750E-1	1.0643E1	5.5746E0	3.4206E6	
2007	-8.0750E-1	1.0643E1	5.5746E0	3.4206E6	
2008	-8.0750E-1	1.0643E1	5.5746E0	3.4206E6	
2009	-8.0750E-1	1.0643E1	5.5746E0	3.4206E6	
2010	-8.0750E-1	1.0643E1	5.5746E0	3.4206E6	
2011	-8.0750E-1	1.0643E1	5.5746E0	3.4206E6	
2012	-8.0750E-1	1.0643E1	5.5746E0	3.4206E6	
2013	-8.0750E-1	1.0643E1	5.5746E0	3.4206E6	
2014	-8.0750E-1	1.0643E1	5.5746E0	3.4206E6	
2015	-8.0750E-1	1.0643E1	5.5746E0	3.4206E6	
2016	-8.0750E-1	1.0643E1	5.5746E0	3.4206E6	
2017	-8.0750E-1	1.0643E1	5.5746E0	3.4206E6	
2018	-8.0750E-1	1.0643E1	5.5746E0	3.4206E6	
2019	-8.0750E-1	1.0643E1	5.5746E0	3.4206E6	
2020	-8.0750E-1	1.0643E1	5.5746E0	3.4206E6	
2021	-8.0750E-1	1.0643E1	5.5746E0	3.4206E6	
2022	-8.0750E-1	1.0643E1	5.5746E0	3.4206E6	
2023	-8.0750E-1	1.0643E1	5.5746E0	3.4206E6	
2024	-8.0750E-1	1.0643E1	5.5746E0	3.4206E6	
2025	-8.0750E-1	1.0643E1	5.5746E0	3.4206E6	
2026	-8.0750E-1	1.0643E1	5.5746E0	3.4206E6	
2027	-8.0750E-1	1.0643E1	5.5746E0	3.4206E6	
2028	-8.0750E-1	1.0643E1	5.5746E0	3.4206E6	
2029	-8.0750E-1	1.0643E1	5.5746E0	3.4206E6	
2030	-8.0750E-1	1.0643E1	5.5746E0	3.4206E6	
2031	-8.0750E-1	1.0643E1	5.5746E0	3.4206E6	
2032	-8.0750E-1	1.0643E1	5.5746E0	3.4206E6	
2033	-8.0750E-1	1.0643E1	5.5746E0	3.4206E6	
2034	-8.0750E-1	1.0643E1	5.5746E0	3.4206E6	
2035	-8.0750E-1	1.0643E1	5.5746E0	3.4206E6	
2036	-8.0750E-1	1.0643E1	5.5746E0	3.4206E6	
2037	-8.0750E-1	1.0643E1	5.5746E0	3.4206E6	
2038	-8.0750E-1	1.0643E1	5.5746E0	3.4206E6	
2039	-8.0750E-1	1.0643E1	5.5746E0	3.4206E6	
2040	-8.0750E-1	1.0643E1	5.5746E0	3.4206E6	
2041	-8.0750E-1	1.0643E1	5.5746E0	3.4206E6	
2042	-8.0750E-1	1.0643E1	5.5746E0	3.4206E6	
2043	-8.0750E-1	1.0643E1	5.5746E0	3.4206E6	
2044	-8.0750E-1	1.0643E1	5.5746E0	3.4206E6	
2045	-8.0750E-1	1.0643E1	5.5746E0	3.4206E6	
2046	-8.0750E-1	1.0643E1	5.5746E0	3.4206E6	
2047	-8.0750E-1	1.0643E1	5.5746E0	3.4206E6	
2048	-8.0750E-1	1.0643E1	5.5746E0	3.4206E6	
