point 186
Index	Vertical (A-B)	Force	Z Height	Time Stamp	
     	V	nN	?m	?sec	
1	-8.1261E-1	-1.9531E0	5.3709E0	1.2000E2	
2	-8.1047E-1	1.2172E0	5.3694E0	2.3400E3	
3	-8.1085E-1	6.5110E-1	5.3667E0	4.5600E3	
4	-8.1024E-1	1.5569E0	5.3635E0	6.7800E3	
5	-8.1055E-1	1.1040E0	5.3600E0	9.0000E3	
6	-8.1223E-1	-1.3870E0	5.3563E0	1.1220E4	
7	-8.1108E-1	3.1143E-1	5.3526E0	1.3440E4	
8	-8.0841E-1	4.2743E0	5.3487E0	1.5660E4	
9	-8.1108E-1	3.1143E-1	5.3447E0	1.7880E4	
10	-8.0933E-1	2.9156E0	5.3405E0	2.0100E4	
11	-8.1032E-1	1.4437E0	5.3362E0	2.2320E4	
12	-8.1070E-1	8.7755E-1	5.3320E0	2.4540E4	
13	-8.0887E-1	3.5950E0	5.3278E0	2.6760E4	
14	-8.1062E-1	9.9078E-1	5.3233E0	2.8980E4	
15	-8.0887E-1	3.5950E0	5.3189E0	3.1200E4	
16	-8.0849E-1	4.1611E0	5.3144E0	3.3420E4	
17	-8.0772E-1	5.2934E0	5.3100E0	3.5640E4	
18	-8.1177E-1	-7.0761E-1	5.3053E0	3.7860E4	
19	-8.1100E-1	4.2465E-1	5.3008E0	4.0080E4	
20	-8.0811E-1	4.7272E0	5.2962E0	4.2300E4	
21	-8.0833E-1	4.3876E0	5.2916E0	4.4520E4	
22	-8.0757E-1	5.5198E0	5.2870E0	4.6740E4	
23	-8.0902E-1	3.3685E0	5.2823E0	4.8960E4	
24	-8.0780E-1	5.1801E0	5.2776E0	5.1180E4	
25	-8.0719E-1	6.0859E0	5.2730E0	5.3400E4	
26	-8.0902E-1	3.3685E0	5.2682E0	5.5620E4	
27	-8.0772E-1	5.2934E0	5.2634E0	5.7840E4	
28	-8.0666E-1	6.8785E0	5.2587E0	6.0060E4	
29	-8.0803E-1	4.8405E0	5.2538E0	6.2280E4	
30	-8.0498E-1	9.3695E0	5.2492E0	6.4500E4	
31	-8.0421E-1	1.0502E1	5.2443E0	6.6720E4	
32	-8.0627E-1	7.4446E0	5.2396E0	6.8940E4	
33	-8.0597E-1	7.8976E0	5.2347E0	7.1160E4	
34	-8.0444E-1	1.0162E1	5.2299E0	7.3380E4	
35	-8.0902E-1	3.3685E0	5.2251E0	7.5600E4	
36	-8.0544E-1	8.6901E0	5.2201E0	7.7820E4	
37	-8.0383E-1	1.1068E1	5.2153E0	8.0040E4	
38	-8.0643E-1	7.2182E0	5.2104E0	8.2260E4	
39	-8.0780E-1	5.1801E0	5.2056E0	8.4480E4	
40	-8.0292E-1	1.2427E1	5.2007E0	8.6700E4	
41	-8.0406E-1	1.0728E1	5.1958E0	8.8920E4	
42	-8.0849E-1	4.1611E0	5.1908E0	9.1140E4	
43	-8.0597E-1	7.8976E0	5.1859E0	9.3360E4	
44	-8.0780E-1	5.1801E0	5.1810E0	9.5580E4	
45	-8.0612E-1	7.6711E0	5.1759E0	9.7800E4	
46	-8.0627E-1	7.4446E0	5.1710E0	1.0002E5	
47	-8.0627E-1	7.4446E0	5.1660E0	1.0224E5	
48	-8.0688E-1	6.5388E0	5.1611E0	1.0446E5	
49	-8.0551E-1	8.5769E0	5.1560E0	1.0668E5	
50	-8.0597E-1	7.8976E0	5.1512E0	1.0890E5	
51	-8.0437E-1	1.0275E1	5.1461E0	1.1112E5	
52	-8.0521E-1	9.0298E0	5.1411E0	1.1334E5	
53	-8.0658E-1	6.9917E0	5.1361E0	1.1556E5	
54	-8.0414E-1	1.0615E1	5.1311E0	1.1778E5	
55	-8.0666E-1	6.8785E0	5.1260E0	1.2000E5	
56	-8.0650E-1	7.1050E0	5.1209E0	1.2222E5	
57	-8.0414E-1	1.0615E1	5.1160E0	1.2444E5	
58	-8.0582E-1	8.1240E0	5.1108E0	1.2666E5	
59	-8.0414E-1	1.0615E1	5.1059E0	1.2888E5	
60	-8.0467E-1	9.8224E0	5.1007E0	1.3110E5	
61	-8.0460E-1	9.9356E0	5.0956E0	1.3332E5	
62	-8.0460E-1	9.9356E0	5.0905E0	1.3554E5	
63	-8.0383E-1	1.1068E1	5.0855E0	1.3776E5	
64	-8.0475E-1	9.7092E0	5.0804E0	1.3998E5	
65	-8.0505E-1	9.2563E0	5.0753E0	1.4220E5	
66	-8.0551E-1	8.5769E0	5.0702E0	1.4442E5	
67	-8.0368E-1	1.1294E1	5.0650E0	1.4664E5	
68	-8.0421E-1	1.0502E1	5.0600E0	1.4886E5	
69	-8.0551E-1	8.5769E0	5.0548E0	1.5108E5	
70	-8.0437E-1	1.0275E1	5.0497E0	1.5330E5	
71	-8.0330E-1	1.1860E1	5.0445E0	1.5552E5	
72	-8.0025E-1	1.6389E1	5.0394E0	1.5774E5	
73	-8.0185E-1	1.4012E1	5.0342E0	1.5996E5	
74	-8.0238E-1	1.3219E1	5.0292E0	1.6218E5	
75	-8.0132E-1	1.4804E1	5.0239E0	1.6440E5	
76	-8.0269E-1	1.2766E1	5.0188E0	1.6662E5	
77	-7.9964E-1	1.7295E1	5.0135E0	1.6884E5	
78	-8.0162E-1	1.4351E1	5.0084E0	1.7106E5	
79	-8.0185E-1	1.4012E1	5.0031E0	1.7328E5	
80	-8.0215E-1	1.3559E1	4.9979E0	1.7550E5	
81	-8.0093E-1	1.5370E1	4.9927E0	1.7772E5	
82	-7.9964E-1	1.7295E1	4.9875E0	1.7994E5	
83	-8.0170E-1	1.4238E1	4.9823E0	1.8216E5	
84	-8.0154E-1	1.4465E1	4.9771E0	1.8438E5	
85	-7.9979E-1	1.7069E1	4.9719E0	1.8660E5	
86	-8.0269E-1	1.2766E1	4.9666E0	1.8882E5	
87	-7.9857E-1	1.8880E1	4.9614E0	1.9104E5	
88	-7.9994E-1	1.6842E1	4.9562E0	1.9326E5	
89	-7.9758E-1	2.0352E1	4.9508E0	1.9548E5	
90	-7.9834E-1	1.9220E1	4.9457E0	1.9770E5	
91	-7.9681E-1	2.1485E1	4.9403E0	1.9992E5	
92	-7.9910E-1	1.8088E1	4.9350E0	2.0214E5	
93	-7.9445E-1	2.4995E1	4.9298E0	2.0436E5	
94	-7.9933E-1	1.7748E1	4.9245E0	2.0658E5	
95	-7.9758E-1	2.0352E1	4.9191E0	2.0880E5	
96	-7.9689E-1	2.1371E1	4.9139E0	2.1102E5	
97	-7.9689E-1	2.1371E1	4.9085E0	2.1324E5	
98	-7.9865E-1	1.8767E1	4.9033E0	2.1546E5	
99	-7.9514E-1	2.3976E1	4.8980E0	2.1768E5	
100	-7.9697E-1	2.1258E1	4.8927E0	2.1990E5	
101	-7.9620E-1	2.2390E1	4.8874E0	2.2212E5	
102	-7.9491E-1	2.4315E1	4.8821E0	2.2434E5	
103	-7.9773E-1	2.0126E1	4.8766E0	2.2656E5	
104	-7.9880E-1	1.8541E1	4.8712E0	2.2878E5	
105	-7.9666E-1	2.1711E1	4.8659E0	2.3100E5	
106	-7.9491E-1	2.4315E1	4.8606E0	2.3322E5	
107	-7.9552E-1	2.3409E1	4.8554E0	2.3544E5	
108	-7.9285E-1	2.7372E1	4.8499E0	2.3766E5	
109	-7.9605E-1	2.2617E1	4.8445E0	2.3988E5	
110	-7.9330E-1	2.6693E1	4.8391E0	2.4210E5	
111	-7.9132E-1	2.9637E1	4.8338E0	2.4432E5	
112	-7.9475E-1	2.4542E1	4.8284E0	2.4654E5	
113	-7.9346E-1	2.6467E1	4.8230E0	2.4876E5	
114	-7.9613E-1	2.2504E1	4.8176E0	2.5098E5	
115	-7.9414E-1	2.5448E1	4.8121E0	2.5320E5	
116	-7.9483E-1	2.4429E1	4.8068E0	2.5542E5	
117	-7.9384E-1	2.5900E1	4.8013E0	2.5764E5	
118	-7.9033E-1	3.1109E1	4.7959E0	2.5986E5	
119	-7.9163E-1	2.9184E1	4.7905E0	2.6208E5	
120	-7.9399E-1	2.5674E1	4.7851E0	2.6430E5	
121	-7.9300E-1	2.7146E1	4.7796E0	2.6652E5	
122	-7.9346E-1	2.6467E1	4.7742E0	2.6874E5	
123	-7.9460E-1	2.4768E1	4.7688E0	2.7096E5	
124	-7.9338E-1	2.6580E1	4.7633E0	2.7318E5	
125	-7.9338E-1	2.6580E1	4.7578E0	2.7540E5	
126	-7.9109E-1	2.9977E1	4.7523E0	2.7762E5	
127	-7.9063E-1	3.0656E1	4.7469E0	2.7984E5	
128	-7.9178E-1	2.8958E1	4.7413E0	2.8206E5	
129	-7.8972E-1	3.2015E1	4.7360E0	2.8428E5	
130	-7.9277E-1	2.7486E1	4.7305E0	2.8650E5	
131	-7.9254E-1	2.7825E1	4.7250E0	2.8872E5	
132	-7.9170E-1	2.9071E1	4.7194E0	2.9094E5	
133	-7.9132E-1	2.9637E1	4.7140E0	2.9316E5	
134	-7.9422E-1	2.5334E1	4.7084E0	2.9538E5	
135	-7.9102E-1	3.0090E1	4.7029E0	2.9760E5	
136	-7.9140E-1	2.9524E1	4.6975E0	2.9982E5	
137	-7.8949E-1	3.2354E1	4.6918E0	3.0204E5	
138	-7.9315E-1	2.6919E1	4.6863E0	3.0426E5	
139	-7.9102E-1	3.0090E1	4.6808E0	3.0648E5	
140	-7.8972E-1	3.2015E1	4.6752E0	3.0870E5	
141	-7.8934E-1	3.2581E1	4.6696E0	3.1092E5	
142	-7.9063E-1	3.0656E1	4.6642E0	3.1314E5	
143	-7.9018E-1	3.1335E1	4.6585E0	3.1536E5	
144	-7.9170E-1	2.9071E1	4.6530E0	3.1758E5	
145	-7.9254E-1	2.7825E1	4.6475E0	3.1980E5	
146	-7.8804E-1	3.4506E1	4.6420E0	3.2202E5	
147	-7.9163E-1	2.9184E1	4.6364E0	3.2424E5	
148	-7.9262E-1	2.7712E1	4.6307E0	3.2646E5	
149	-7.8743E-1	3.5411E1	4.6252E0	3.2868E5	
150	-7.8957E-1	3.2241E1	4.6196E0	3.3090E5	
151	-7.8873E-1	3.3487E1	4.6139E0	3.3312E5	
152	-7.9010E-1	3.1449E1	4.6084E0	3.3534E5	
153	-7.8987E-1	3.1788E1	4.6027E0	3.3756E5	
154	-7.8949E-1	3.2354E1	4.5971E0	3.3978E5	
155	-7.8842E-1	3.3939E1	4.5915E0	3.4200E5	
156	-7.8926E-1	3.2694E1	4.5858E0	3.4422E5	
157	-7.8972E-1	3.2015E1	4.5802E0	3.4644E5	
158	-7.8842E-1	3.3939E1	4.5746E0	3.4866E5	
159	-7.9102E-1	3.0090E1	4.5690E0	3.5088E5	
160	-7.8636E-1	3.6997E1	4.5633E0	3.5310E5	
161	-7.8850E-1	3.3826E1	4.5576E0	3.5532E5	
162	-7.8766E-1	3.5072E1	4.5520E0	3.5754E5	
163	-7.8697E-1	3.6091E1	4.5463E0	3.5976E5	
164	-7.8796E-1	3.4619E1	4.5406E0	3.6198E5	
165	-7.8880E-1	3.3373E1	4.5350E0	3.6420E5	
166	-7.8773E-1	3.4959E1	4.5294E0	3.6642E5	
167	-7.8438E-1	3.9940E1	4.5237E0	3.6864E5	
168	-7.8690E-1	3.6204E1	4.5180E0	3.7086E5	
169	-7.8339E-1	4.1412E1	4.5123E0	3.7308E5	
170	-7.8613E-1	3.7336E1	4.5067E0	3.7530E5	
171	-7.8613E-1	3.7336E1	4.5008E0	3.7752E5	
172	-7.8392E-1	4.0620E1	4.4952E0	3.7974E5	
173	-7.8560E-1	3.8129E1	4.4895E0	3.8196E5	
174	-7.8468E-1	3.9488E1	4.4837E0	3.8418E5	
175	-7.8621E-1	3.7223E1	4.4780E0	3.8640E5	
176	-7.8247E-1	4.2771E1	4.4723E0	3.8862E5	
177	-7.8354E-1	4.1186E1	4.4665E0	3.9084E5	
178	-7.8140E-1	4.4356E1	4.4608E0	3.9306E5	
179	-7.8117E-1	4.4696E1	4.4551E0	3.9528E5	
180	-7.8323E-1	4.1639E1	4.4493E0	3.9750E5	
181	-7.8316E-1	4.1752E1	4.4436E0	3.9972E5	
182	-7.8133E-1	4.4469E1	4.4378E0	4.0194E5	
183	-7.8232E-1	4.2998E1	4.4320E0	4.0416E5	
184	-7.8140E-1	4.4356E1	4.4263E0	4.0638E5	
185	-7.8300E-1	4.1979E1	4.4205E0	4.0860E5	
186	-7.7927E-1	4.7527E1	4.4148E0	4.1082E5	
187	-7.8209E-1	4.3337E1	4.4089E0	4.1304E5	
188	-7.8026E-1	4.6055E1	4.4031E0	4.1526E5	
189	-7.8171E-1	4.3903E1	4.3974E0	4.1748E5	
190	-7.7881E-1	4.8206E1	4.3916E0	4.1970E5	
191	-7.8064E-1	4.5488E1	4.3858E0	4.2192E5	
192	-7.8148E-1	4.4243E1	4.3800E0	4.2414E5	
193	-7.8041E-1	4.5828E1	4.3741E0	4.2636E5	
194	-7.7934E-1	4.7413E1	4.3683E0	4.2858E5	
195	-7.7972E-1	4.6847E1	4.3625E0	4.3080E5	
196	-7.7759E-1	5.0018E1	4.3566E0	4.3302E5	
197	-7.7675E-1	5.1263E1	4.3508E0	4.3524E5	
198	-7.7896E-1	4.7979E1	4.3450E0	4.3746E5	
199	-7.7927E-1	4.7527E1	4.3392E0	4.3968E5	
200	-7.7774E-1	4.9791E1	4.3334E0	4.4190E5	
201	-7.8011E-1	4.6281E1	4.3276E0	4.4412E5	
202	-7.7972E-1	4.6847E1	4.3217E0	4.4634E5	
203	-7.7736E-1	5.0357E1	4.3158E0	4.4856E5	
204	-7.7866E-1	4.8432E1	4.3100E0	4.5078E5	
205	-7.7736E-1	5.0357E1	4.3041E0	4.5300E5	
206	-7.7858E-1	4.8546E1	4.2983E0	4.5522E5	
207	-7.7660E-1	5.1489E1	4.2923E0	4.5744E5	
208	-7.7927E-1	4.7527E1	4.2864E0	4.5966E5	
209	-7.7766E-1	4.9904E1	4.2806E0	4.6188E5	
210	-7.7812E-1	4.9225E1	4.2747E0	4.6410E5	
211	-7.7942E-1	4.7300E1	4.2688E0	4.6632E5	
212	-7.7774E-1	4.9791E1	4.2630E0	4.6854E5	
213	-7.7789E-1	4.9565E1	4.2572E0	4.7076E5	
214	-7.7911E-1	4.7753E1	4.2512E0	4.7298E5	
215	-7.7797E-1	4.9451E1	4.2453E0	4.7520E5	
216	-7.7782E-1	4.9678E1	4.2392E0	4.7742E5	
217	-7.7789E-1	4.9565E1	4.2334E0	4.7964E5	
218	-7.7789E-1	4.9565E1	4.2275E0	4.8186E5	
219	-7.7499E-1	5.3867E1	4.2215E0	4.8408E5	
220	-7.7240E-1	5.7717E1	4.2157E0	4.8630E5	
221	-7.7774E-1	4.9791E1	4.2099E0	4.8852E5	
222	-7.7713E-1	5.0697E1	4.2038E0	4.9074E5	
223	-7.7927E-1	4.7527E1	4.1979E0	4.9296E5	
224	-7.7675E-1	5.1263E1	4.1920E0	4.9518E5	
225	-7.7705E-1	5.0810E1	4.1860E0	4.9740E5	
226	-7.7660E-1	5.1489E1	4.1800E0	4.9962E5	
227	-7.7621E-1	5.2056E1	4.1741E0	5.0184E5	
228	-7.7507E-1	5.3754E1	4.1682E0	5.0406E5	
229	-7.7461E-1	5.4433E1	4.1622E0	5.0628E5	
230	-7.7698E-1	5.0923E1	4.1562E0	5.0850E5	
231	-7.7614E-1	5.2169E1	4.1504E0	5.1072E5	
232	-7.7629E-1	5.1942E1	4.1443E0	5.1294E5	
233	-7.7431E-1	5.4886E1	4.1382E0	5.1516E5	
234	-7.7568E-1	5.2848E1	4.1323E0	5.1738E5	
235	-7.7477E-1	5.4207E1	4.1262E0	5.1960E5	
236	-7.7393E-1	5.5452E1	4.1203E0	5.2182E5	
237	-7.7408E-1	5.5226E1	4.1144E0	5.2404E5	
238	-7.7293E-1	5.6924E1	4.1084E0	5.2626E5	
239	-7.7393E-1	5.5452E1	4.1022E0	5.2848E5	
240	-7.7225E-1	5.7943E1	4.0963E0	5.3070E5	
241	-7.7232E-1	5.7830E1	4.0904E0	5.3292E5	
242	-7.7248E-1	5.7604E1	4.0843E0	5.3514E5	
243	-7.7217E-1	5.8057E1	4.0784E0	5.3736E5	
244	-7.7362E-1	5.5905E1	4.0723E0	5.3958E5	
245	-7.7286E-1	5.7038E1	4.0663E0	5.4180E5	
246	-7.6942E-1	6.2133E1	4.0602E0	5.4402E5	
247	-7.7003E-1	6.1227E1	4.0541E0	5.4624E5	
248	-7.7202E-1	5.8283E1	4.0481E0	5.4846E5	
249	-7.7072E-1	6.0208E1	4.0421E0	5.5068E5	
250	-7.6820E-1	6.3944E1	4.0361E0	5.5290E5	
251	-7.7332E-1	5.6358E1	4.0299E0	5.5512E5	
252	-7.7171E-1	5.8736E1	4.0239E0	5.5734E5	
253	-7.7126E-1	5.9415E1	4.0178E0	5.5956E5	
254	-7.6958E-1	6.1906E1	4.0117E0	5.6178E5	
255	-7.6935E-1	6.2246E1	4.0057E0	5.6400E5	
256	-7.6866E-1	6.3265E1	3.9997E0	5.6622E5	
257	-7.6942E-1	6.2133E1	3.9936E0	5.6844E5	
258	-7.6859E-1	6.3378E1	3.9876E0	5.7066E5	
259	-7.7019E-1	6.1000E1	3.9815E0	5.7288E5	
260	-7.6843E-1	6.3605E1	3.9754E0	5.7510E5	
261	-7.6775E-1	6.4624E1	3.9693E0	5.7732E5	
262	-7.6935E-1	6.2246E1	3.9632E0	5.7954E5	
263	-7.6630E-1	6.6775E1	3.9570E0	5.8176E5	
264	-7.6492E-1	6.8813E1	3.9510E0	5.8398E5	
265	-7.6675E-1	6.6096E1	3.9449E0	5.8620E5	
266	-7.6492E-1	6.8813E1	3.9387E0	5.8842E5	
267	-7.6607E-1	6.7115E1	3.9326E0	5.9064E5	
268	-7.6607E-1	6.7115E1	3.9266E0	5.9286E5	
269	-7.6447E-1	6.9492E1	3.9204E0	5.9508E5	
270	-7.6530E-1	6.8247E1	3.9143E0	5.9730E5	
271	-7.6378E-1	7.0511E1	3.9083E0	5.9952E5	
272	-7.6561E-1	6.7794E1	3.9020E0	6.0174E5	
273	-7.6469E-1	6.9153E1	3.8959E0	6.0396E5	
274	-7.6546E-1	6.8020E1	3.8898E0	6.0618E5	
275	-7.6576E-1	6.7568E1	3.8836E0	6.0840E5	
276	-7.6607E-1	6.7115E1	3.8774E0	6.1062E5	
277	-7.6294E-1	7.1757E1	3.8713E0	6.1284E5	
278	-7.6439E-1	6.9606E1	3.8651E0	6.1506E5	
279	-7.6691E-1	6.5869E1	3.8590E0	6.1728E5	
280	-7.6683E-1	6.5982E1	3.8529E0	6.1950E5	
281	-7.6309E-1	7.1530E1	3.8467E0	6.2172E5	
282	-7.6424E-1	6.9832E1	3.8405E0	6.2394E5	
283	-7.6599E-1	6.7228E1	3.8343E0	6.2616E5	
284	-7.6393E-1	7.0285E1	3.8282E0	6.2838E5	
285	-7.6416E-1	6.9945E1	3.8219E0	6.3060E5	
286	-7.6462E-1	6.9266E1	3.8157E0	6.3282E5	
287	-7.6492E-1	6.8813E1	3.8096E0	6.3504E5	
288	-7.6355E-1	7.0851E1	3.8033E0	6.3726E5	
289	-7.6607E-1	6.7115E1	3.7971E0	6.3948E5	
290	-7.6500E-1	6.8700E1	3.7910E0	6.4170E5	
291	-7.6370E-1	7.0625E1	3.7849E0	6.4392E5	
292	-7.6431E-1	6.9719E1	3.7786E0	6.4614E5	
293	-7.6332E-1	7.1191E1	3.7724E0	6.4836E5	
294	-7.6393E-1	7.0285E1	3.7660E0	6.5058E5	
295	-7.6187E-1	7.3342E1	3.7599E0	6.5280E5	
296	-7.6248E-1	7.2436E1	3.7537E0	6.5502E5	
297	-7.6416E-1	6.9945E1	3.7476E0	6.5724E5	
298	-7.6370E-1	7.0625E1	3.7412E0	6.5946E5	
299	-7.6187E-1	7.3342E1	3.7350E0	6.6168E5	
300	-7.6271E-1	7.2097E1	3.7287E0	6.6390E5	
301	-7.6233E-1	7.2663E1	3.7225E0	6.6612E5	
302	-7.6149E-1	7.3908E1	3.7162E0	6.6834E5	
303	-7.6424E-1	6.9832E1	3.7100E0	6.7056E5	
304	-7.6157E-1	7.3795E1	3.7039E0	6.7278E5	
305	-7.5981E-1	7.6399E1	3.6975E0	6.7500E5	
306	-7.6256E-1	7.2323E1	3.6913E0	6.7722E5	
307	-7.6141E-1	7.4021E1	3.6850E0	6.7944E5	
308	-7.6172E-1	7.3568E1	3.6787E0	6.8166E5	
309	-7.6012E-1	7.5946E1	3.6725E0	6.8388E5	
310	-7.6141E-1	7.4021E1	3.6662E0	6.8610E5	
311	-7.6187E-1	7.3342E1	3.6599E0	6.8832E5	
312	-7.5920E-1	7.7305E1	3.6536E0	6.9054E5	
313	-7.5821E-1	7.8777E1	3.6473E0	6.9276E5	
314	-7.6149E-1	7.3908E1	3.6410E0	6.9498E5	
315	-7.5897E-1	7.7645E1	3.6348E0	6.9720E5	
316	-7.6035E-1	7.5607E1	3.6284E0	6.9942E5	
317	-7.6019E-1	7.5833E1	3.6222E0	7.0164E5	
318	-7.5867E-1	7.8098E1	3.6159E0	7.0386E5	
319	-7.5714E-1	8.0362E1	3.6095E0	7.0608E5	
320	-7.5768E-1	7.9569E1	3.6032E0	7.0830E5	
321	-7.5737E-1	8.0022E1	3.5969E0	7.1052E5	
322	-7.5775E-1	7.9456E1	3.5906E0	7.1274E5	
323	-7.5676E-1	8.0928E1	3.5843E0	7.1496E5	
324	-7.5775E-1	7.9456E1	3.5780E0	7.1718E5	
325	-7.5668E-1	8.1041E1	3.5717E0	7.1940E5	
326	-7.5562E-1	8.2627E1	3.5653E0	7.2162E5	
327	-7.5706E-1	8.0475E1	3.5590E0	7.2384E5	
328	-7.5584E-1	8.2287E1	3.5527E0	7.2606E5	
329	-7.5584E-1	8.2287E1	3.5462E0	7.2828E5	
330	-7.5417E-1	8.4778E1	3.5399E0	7.3050E5	
331	-7.5150E-1	8.8741E1	3.5336E0	7.3272E5	
332	-7.5356E-1	8.5684E1	3.5272E0	7.3494E5	
333	-7.5195E-1	8.8061E1	3.5209E0	7.3716E5	
334	-7.5417E-1	8.4778E1	3.5145E0	7.3938E5	
335	-7.5417E-1	8.4778E1	3.5081E0	7.4160E5	
336	-7.5432E-1	8.4551E1	3.5018E0	7.4382E5	
337	-7.5264E-1	8.7042E1	3.4955E0	7.4604E5	
338	-7.5325E-1	8.6137E1	3.4891E0	7.4826E5	
339	-7.5218E-1	8.7722E1	3.4828E0	7.5048E5	
340	-7.5432E-1	8.4551E1	3.4764E0	7.5270E5	
341	-7.5256E-1	8.7156E1	3.4699E0	7.5492E5	
342	-7.5447E-1	8.4325E1	3.4635E0	7.5714E5	
343	-7.5310E-1	8.6363E1	3.4571E0	7.5936E5	
344	-7.5439E-1	8.4438E1	3.4508E0	7.6158E5	
345	-7.5058E-1	9.0099E1	3.4444E0	7.6380E5	
346	-7.5371E-1	8.5457E1	3.4380E0	7.6602E5	
347	-7.5180E-1	8.8288E1	3.4316E0	7.6824E5	
348	-7.5233E-1	8.7495E1	3.4252E0	7.7046E5	
349	-7.5256E-1	8.7156E1	3.4188E0	7.7268E5	
350	-7.5020E-1	9.0666E1	3.4124E0	7.7490E5	
351	-7.5134E-1	8.8967E1	3.4060E0	7.7712E5	
352	-7.4974E-1	9.1345E1	3.3995E0	7.7934E5	
353	-7.4966E-1	9.1458E1	3.3930E0	7.8156E5	
354	-7.4974E-1	9.1345E1	3.3867E0	7.8378E5	
355	-7.5005E-1	9.0892E1	3.3803E0	7.8600E5	
356	-7.5249E-1	8.7269E1	3.3738E0	7.8822E5	
357	-7.5050E-1	9.0213E1	3.3674E0	7.9044E5	
358	-7.4966E-1	9.1458E1	3.3609E0	7.9266E5	
359	-7.5195E-1	8.8061E1	3.3545E0	7.9488E5	
360	-7.5188E-1	8.8175E1	3.3481E0	7.9710E5	
361	-7.5043E-1	9.0326E1	3.3417E0	7.9932E5	
362	-7.5043E-1	9.0326E1	3.3351E0	8.0154E5	
363	-7.4982E-1	9.1232E1	3.3287E0	8.0376E5	
364	-7.5089E-1	8.9647E1	3.3222E0	8.0598E5	
365	-7.5142E-1	8.8854E1	3.3157E0	8.0820E5	
366	-7.4905E-1	9.2364E1	3.3093E0	8.1042E5	
367	-7.5035E-1	9.0439E1	3.3028E0	8.1264E5	
368	-7.4875E-1	9.2817E1	3.2964E0	8.1486E5	
369	-7.4867E-1	9.2930E1	3.2899E0	8.1708E5	
370	-7.5020E-1	9.0666E1	3.2833E0	8.1930E5	
371	-7.5089E-1	8.9647E1	3.2770E0	8.2152E5	
372	-7.4951E-1	9.1685E1	3.2705E0	8.2374E5	
373	-7.4478E-1	9.8705E1	3.2640E0	8.2596E5	
374	-7.5066E-1	8.9986E1	3.2575E0	8.2818E5	
375	-7.4944E-1	9.1798E1	3.2510E0	8.3040E5	
376	-7.4806E-1	9.3836E1	3.2445E0	8.3262E5	
377	-7.4829E-1	9.3496E1	3.2380E0	8.3484E5	
378	-7.4738E-1	9.4855E1	3.2314E0	8.3706E5	
379	-7.4783E-1	9.4176E1	3.2250E0	8.3928E5	
380	-7.4669E-1	9.5874E1	3.2184E0	8.4150E5	
381	-7.4654E-1	9.6100E1	3.2120E0	8.4372E5	
382	-7.4600E-1	9.6893E1	3.2054E0	8.4594E5	
383	-7.4547E-1	9.7686E1	3.1989E0	8.4816E5	
384	-7.4516E-1	9.8138E1	3.1924E0	8.5038E5	
385	-7.4448E-1	9.9158E1	3.1858E0	8.5260E5	
386	-7.4501E-1	9.8365E1	3.1794E0	8.5482E5	
387	-7.4310E-1	1.0120E2	3.1727E0	8.5704E5	
388	-7.4432E-1	9.9384E1	3.1662E0	8.5926E5	
389	-7.4364E-1	1.0040E2	3.1598E0	8.6148E5	
390	-7.4348E-1	1.0063E2	3.1532E0	8.6370E5	
391	-7.4371E-1	1.0029E2	3.1467E0	8.6592E5	
392	-7.4112E-1	1.0414E2	3.1401E0	8.6814E5	
393	-7.4455E-1	9.9044E1	3.1336E0	8.7036E5	
394	-7.4303E-1	1.0131E2	3.1270E0	8.7258E5	
395	-7.4287E-1	1.0154E2	3.1204E0	8.7480E5	
396	-7.4097E-1	1.0437E2	3.1138E0	8.7702E5	
397	-7.4326E-1	1.0097E2	3.1073E0	8.7924E5	
398	-7.4333E-1	1.0086E2	3.1007E0	8.8146E5	
399	-7.4142E-1	1.0369E2	3.0942E0	8.8368E5	
400	-7.3898E-1	1.0731E2	3.0876E0	8.8590E5	
401	-7.4181E-1	1.0312E2	3.0810E0	8.8812E5	
402	-7.3898E-1	1.0731E2	3.0745E0	8.9034E5	
403	-7.4249E-1	1.0210E2	3.0679E0	8.9256E5	
404	-7.3738E-1	1.0969E2	3.0612E0	8.9478E5	
405	-7.3654E-1	1.1093E2	3.0547E0	8.9700E5	
406	-7.3952E-1	1.0652E2	3.0481E0	8.9922E5	
407	-7.3975E-1	1.0618E2	3.0415E0	9.0144E5	
408	-7.3837E-1	1.0822E2	3.0348E0	9.0366E5	
409	-7.3990E-1	1.0595E2	3.0283E0	9.0588E5	
410	-7.4028E-1	1.0538E2	3.0217E0	9.0810E5	
411	-7.3845E-1	1.0810E2	3.0152E0	9.1032E5	
412	-7.3792E-1	1.0889E2	3.0086E0	9.1254E5	
413	-7.3730E-1	1.0980E2	3.0019E0	9.1476E5	
414	-7.3952E-1	1.0652E2	2.9953E0	9.1698E5	
415	-7.3761E-1	1.0935E2	2.9887E0	9.1920E5	
416	-7.4005E-1	1.0572E2	2.9820E0	9.2142E5	
417	-7.3746E-1	1.0957E2	2.9755E0	9.2364E5	
418	-7.3593E-1	1.1184E2	2.9687E0	9.2586E5	
419	-7.3608E-1	1.1161E2	2.9621E0	9.2808E5	
420	-7.3715E-1	1.1003E2	2.9555E0	9.3030E5	
421	-7.3868E-1	1.0776E2	2.9488E0	9.3252E5	
422	-7.4005E-1	1.0572E2	2.9422E0	9.3474E5	
423	-7.3647E-1	1.1105E2	2.9356E0	9.3696E5	
424	-7.3837E-1	1.0822E2	2.9289E0	9.3918E5	
425	-7.3807E-1	1.0867E2	2.9224E0	9.4140E5	
426	-7.3341E-1	1.1558E2	2.9157E0	9.4362E5	
427	-7.3608E-1	1.1161E2	2.9090E0	9.4584E5	
428	-7.3776E-1	1.0912E2	2.9023E0	9.4806E5	
429	-7.3738E-1	1.0969E2	2.8956E0	9.5028E5	
430	-7.3654E-1	1.1093E2	2.8890E0	9.5250E5	
431	-7.3723E-1	1.0991E2	2.8824E0	9.5472E5	
432	-7.3753E-1	1.0946E2	2.8757E0	9.5694E5	
433	-7.3769E-1	1.0923E2	2.8690E0	9.5916E5	
434	-7.3563E-1	1.1229E2	2.8623E0	9.6138E5	
435	-7.3662E-1	1.1082E2	2.8558E0	9.6360E5	
436	-7.3532E-1	1.1274E2	2.8490E0	9.6582E5	
437	-7.3677E-1	1.1059E2	2.8423E0	9.6804E5	
438	-7.3463E-1	1.1376E2	2.8356E0	9.7026E5	
439	-7.3578E-1	1.1207E2	2.8289E0	9.7248E5	
440	-7.3402E-1	1.1467E2	2.8223E0	9.7470E5	
441	-7.3479E-1	1.1354E2	2.8157E0	9.7692E5	
442	-7.3395E-1	1.1478E2	2.8088E0	9.7914E5	
443	-7.3540E-1	1.1263E2	2.8022E0	9.8136E5	
444	-7.3334E-1	1.1569E2	2.7955E0	9.8358E5	
445	-7.3257E-1	1.1682E2	2.7888E0	9.8580E5	
446	-7.3189E-1	1.1784E2	2.7820E0	9.8802E5	
447	-7.3143E-1	1.1852E2	2.7754E0	9.9024E5	
448	-7.3235E-1	1.1716E2	2.7687E0	9.9246E5	
449	-7.3029E-1	1.2022E2	2.7619E0	9.9468E5	
450	-7.3235E-1	1.1716E2	2.7552E0	9.9690E5	
451	-7.3334E-1	1.1569E2	2.7485E0	9.9912E5	
452	-7.3059E-1	1.1976E2	2.7417E0	1.0013E6	
453	-7.3158E-1	1.1829E2	2.7351E0	1.0036E6	
454	-7.3204E-1	1.1761E2	2.7284E0	1.0058E6	
455	-7.3227E-1	1.1727E2	2.7216E0	1.0080E6	
456	-7.2990E-1	1.2078E2	2.7148E0	1.0102E6	
457	-7.3097E-1	1.1920E2	2.7081E0	1.0124E6	
458	-7.3036E-1	1.2010E2	2.7014E0	1.0147E6	
459	-7.2777E-1	1.2395E2	2.6947E0	1.0169E6	
460	-7.3067E-1	1.1965E2	2.6879E0	1.0191E6	
461	-7.2807E-1	1.2350E2	2.6812E0	1.0213E6	
462	-7.2861E-1	1.2271E2	2.6745E0	1.0235E6	
463	-7.2693E-1	1.2520E2	2.6677E0	1.0258E6	
464	-7.2647E-1	1.2588E2	2.6609E0	1.0280E6	
465	-7.2807E-1	1.2350E2	2.6542E0	1.0302E6	
466	-7.2502E-1	1.2803E2	2.6474E0	1.0324E6	
467	-7.2556E-1	1.2724E2	2.6406E0	1.0346E6	
468	-7.2311E-1	1.3086E2	2.6339E0	1.0369E6	
469	-7.2395E-1	1.2962E2	2.6270E0	1.0391E6	
470	-7.2609E-1	1.2644E2	2.6203E0	1.0413E6	
471	-7.2662E-1	1.2565E2	2.6136E0	1.0435E6	
472	-7.2792E-1	1.2373E2	2.6068E0	1.0457E6	
473	-7.2777E-1	1.2395E2	2.6001E0	1.0480E6	
474	-7.2510E-1	1.2792E2	2.5931E0	1.0502E6	
475	-7.2289E-1	1.3120E2	2.5864E0	1.0524E6	
476	-7.2296E-1	1.3109E2	2.5796E0	1.0546E6	
477	-7.2426E-1	1.2916E2	2.5728E0	1.0568E6	
478	-7.2365E-1	1.3007E2	2.5661E0	1.0591E6	
479	-7.2380E-1	1.2984E2	2.5592E0	1.0613E6	
480	-7.2342E-1	1.3041E2	2.5526E0	1.0635E6	
481	-7.2601E-1	1.2656E2	2.5457E0	1.0657E6	
482	-7.2472E-1	1.2848E2	2.5388E0	1.0679E6	
483	-7.2617E-1	1.2633E2	2.5322E0	1.0702E6	
484	-7.2350E-1	1.3029E2	2.5252E0	1.0724E6	
485	-7.2342E-1	1.3041E2	2.5184E0	1.0746E6	
486	-7.2365E-1	1.3007E2	2.5116E0	1.0768E6	
487	-7.2220E-1	1.3222E2	2.5049E0	1.0790E6	
488	-7.2304E-1	1.3097E2	2.4980E0	1.0813E6	
489	-7.2655E-1	1.2577E2	2.4912E0	1.0835E6	
490	-7.2441E-1	1.2894E2	2.4844E0	1.0857E6	
491	-7.2319E-1	1.3075E2	2.4776E0	1.0879E6	
492	-7.2372E-1	1.2995E2	2.4708E0	1.0901E6	
493	-7.2411E-1	1.2939E2	2.4639E0	1.0924E6	
494	-7.2701E-1	1.2509E2	2.4570E0	1.0946E6	
495	-7.2365E-1	1.3007E2	2.4502E0	1.0968E6	
496	-7.2411E-1	1.2939E2	2.4435E0	1.0990E6	
497	-7.2357E-1	1.3018E2	2.4366E0	1.1012E6	
498	-7.2281E-1	1.3131E2	2.4298E0	1.1035E6	
499	-7.2189E-1	1.3267E2	2.4228E0	1.1057E6	
500	-7.2266E-1	1.3154E2	2.4160E0	1.1079E6	
501	-7.2319E-1	1.3075E2	2.4093E0	1.1101E6	
502	-7.2243E-1	1.3188E2	2.4024E0	1.1123E6	
503	-7.2083E-1	1.3426E2	2.3955E0	1.1146E6	
504	-7.2006E-1	1.3539E2	2.3886E0	1.1168E6	
505	-7.2151E-1	1.3324E2	2.3817E0	1.1190E6	
506	-7.2098E-1	1.3403E2	2.3749E0	1.1212E6	
507	-7.2197E-1	1.3256E2	2.3680E0	1.1234E6	
508	-7.1945E-1	1.3630E2	2.3612E0	1.1257E6	
509	-7.2021E-1	1.3516E2	2.3542E0	1.1279E6	
510	-7.1960E-1	1.3607E2	2.3474E0	1.1301E6	
511	-7.1770E-1	1.3890E2	2.3406E0	1.1323E6	
512	-7.1877E-1	1.3731E2	2.3337E0	1.1345E6	
513	-7.1960E-1	1.3607E2	2.3269E0	1.1368E6	
514	-7.1800E-1	1.3845E2	2.3199E0	1.1390E6	
515	-7.1938E-1	1.3641E2	2.3131E0	1.1412E6	
516	-7.2014E-1	1.3528E2	2.3061E0	1.1434E6	
517	-7.1877E-1	1.3731E2	2.2993E0	1.1456E6	
518	-7.1983E-1	1.3573E2	2.2924E0	1.1479E6	
519	-7.1747E-1	1.3924E2	2.2855E0	1.1501E6	
520	-7.1815E-1	1.3822E2	2.2786E0	1.1523E6	
521	-7.1808E-1	1.3833E2	2.2717E0	1.1545E6	
522	-7.1381E-1	1.4467E2	2.2648E0	1.1567E6	
523	-7.1693E-1	1.4003E2	2.2580E0	1.1590E6	
524	-7.1709E-1	1.3981E2	2.2510E0	1.1612E6	
525	-7.1823E-1	1.3811E2	2.2442E0	1.1634E6	
526	-7.1487E-1	1.4309E2	2.2372E0	1.1656E6	
527	-7.1556E-1	1.4207E2	2.2304E0	1.1678E6	
528	-7.1503E-1	1.4286E2	2.2233E0	1.1701E6	
529	-7.1327E-1	1.4547E2	2.2165E0	1.1723E6	
530	-7.1335E-1	1.4535E2	2.2096E0	1.1745E6	
531	-7.1465E-1	1.4343E2	2.2027E0	1.1767E6	
532	-7.1274E-1	1.4626E2	2.1957E0	1.1789E6	
533	-7.1266E-1	1.4637E2	2.1888E0	1.1812E6	
534	-7.1213E-1	1.4717E2	2.1819E0	1.1834E6	
535	-7.1480E-1	1.4320E2	2.1750E0	1.1856E6	
536	-7.1213E-1	1.4717E2	2.1681E0	1.1878E6	
537	-7.1198E-1	1.4739E2	2.1612E0	1.1900E6	
538	-7.1228E-1	1.4694E2	2.1543E0	1.1923E6	
539	-7.1167E-1	1.4784E2	2.1473E0	1.1945E6	
540	-7.1037E-1	1.4977E2	2.1404E0	1.1967E6	
541	-7.0992E-1	1.5045E2	2.1334E0	1.1989E6	
542	-7.0976E-1	1.5068E2	2.1266E0	1.2011E6	
543	-7.0946E-1	1.5113E2	2.1196E0	1.2034E6	
544	-7.0999E-1	1.5034E2	2.1127E0	1.2056E6	
545	-7.1098E-1	1.4886E2	2.1057E0	1.2078E6	
546	-7.1121E-1	1.4852E2	2.0987E0	1.2100E6	
547	-7.1136E-1	1.4830E2	2.0917E0	1.2122E6	
548	-7.1030E-1	1.4988E2	2.0848E0	1.2145E6	
549	-7.0862E-1	1.5237E2	2.0778E0	1.2167E6	
550	-7.0854E-1	1.5249E2	2.0709E0	1.2189E6	
551	-7.1030E-1	1.4988E2	2.0639E0	1.2211E6	
552	-7.0930E-1	1.5135E2	2.0570E0	1.2233E6	
553	-7.0885E-1	1.5203E2	2.0500E0	1.2256E6	
554	-7.0930E-1	1.5135E2	2.0431E0	1.2278E6	
555	-7.0953E-1	1.5101E2	2.0361E0	1.2300E6	
556	-7.0862E-1	1.5237E2	2.0291E0	1.2322E6	
557	-7.0953E-1	1.5101E2	2.0222E0	1.2344E6	
558	-7.0824E-1	1.5294E2	2.0152E0	1.2367E6	
559	-7.0969E-1	1.5079E2	2.0082E0	1.2389E6	
560	-7.0877E-1	1.5215E2	2.0013E0	1.2411E6	
561	-7.0831E-1	1.5283E2	1.9943E0	1.2433E6	
562	-7.1159E-1	1.4796E2	1.9874E0	1.2455E6	
563	-7.0702E-1	1.5475E2	1.9804E0	1.2478E6	
564	-7.0976E-1	1.5068E2	1.9734E0	1.2500E6	
565	-7.0770E-1	1.5373E2	1.9664E0	1.2522E6	
566	-7.0877E-1	1.5215E2	1.9595E0	1.2544E6	
567	-7.0992E-1	1.5045E2	1.9524E0	1.2566E6	
568	-7.0984E-1	1.5056E2	1.9454E0	1.2589E6	
569	-7.0885E-1	1.5203E2	1.9385E0	1.2611E6	
570	-7.0824E-1	1.5294E2	1.9315E0	1.2633E6	
571	-7.0656E-1	1.5543E2	1.9245E0	1.2655E6	
572	-7.0648E-1	1.5554E2	1.9174E0	1.2677E6	
573	-7.0549E-1	1.5702E2	1.9105E0	1.2700E6	
574	-7.0541E-1	1.5713E2	1.9035E0	1.2722E6	
575	-7.0732E-1	1.5430E2	1.8965E0	1.2744E6	
576	-7.0549E-1	1.5702E2	1.8895E0	1.2766E6	
577	-7.0839E-1	1.5271E2	1.8826E0	1.2788E6	
578	-7.0404E-1	1.5917E2	1.8755E0	1.2811E6	
579	-7.0541E-1	1.5713E2	1.8684E0	1.2833E6	
580	-7.0381E-1	1.5951E2	1.8615E0	1.2855E6	
581	-7.0335E-1	1.6019E2	1.8544E0	1.2877E6	
582	-7.0343E-1	1.6007E2	1.8474E0	1.2899E6	
583	-7.0328E-1	1.6030E2	1.8404E0	1.2922E6	
584	-7.0419E-1	1.5894E2	1.8333E0	1.2944E6	
585	-7.0328E-1	1.6030E2	1.8263E0	1.2966E6	
586	-7.0122E-1	1.6336E2	1.8194E0	1.2988E6	
587	-7.0305E-1	1.6064E2	1.8123E0	1.3010E6	
588	-7.0389E-1	1.5939E2	1.8054E0	1.3033E6	
589	-7.0274E-1	1.6109E2	1.7984E0	1.3055E6	
590	-7.0183E-1	1.6245E2	1.7913E0	1.3077E6	
591	-7.0000E-1	1.6517E2	1.7842E0	1.3099E6	
592	-7.0007E-1	1.6505E2	1.7772E0	1.3121E6	
593	-7.0000E-1	1.6517E2	1.7702E0	1.3144E6	
594	-7.0045E-1	1.6449E2	1.7632E0	1.3166E6	
595	-6.9817E-1	1.6789E2	1.7562E0	1.3188E6	
596	-6.9939E-1	1.6607E2	1.7490E0	1.3210E6	
597	-6.9702E-1	1.6958E2	1.7420E0	1.3232E6	
598	-6.9778E-1	1.6845E2	1.7350E0	1.3255E6	
599	-6.9893E-1	1.6675E2	1.7279E0	1.3277E6	
600	-6.9641E-1	1.7049E2	1.7210E0	1.3299E6	
601	-6.9649E-1	1.7038E2	1.7139E0	1.3321E6	
602	-6.9641E-1	1.7049E2	1.7069E0	1.3343E6	
603	-6.9809E-1	1.6800E2	1.6998E0	1.3366E6	
604	-6.9733E-1	1.6913E2	1.6928E0	1.3388E6	
605	-6.9740E-1	1.6902E2	1.6858E0	1.3410E6	
606	-6.9527E-1	1.7219E2	1.6787E0	1.3432E6	
607	-6.9542E-1	1.7196E2	1.6717E0	1.3454E6	
608	-6.9443E-1	1.7343E2	1.6646E0	1.3477E6	
609	-6.9855E-1	1.6732E2	1.6576E0	1.3499E6	
610	-6.9839E-1	1.6755E2	1.6505E0	1.3521E6	
611	-6.9817E-1	1.6789E2	1.6435E0	1.3543E6	
612	-6.9511E-1	1.7241E2	1.6363E0	1.3565E6	
613	-6.9519E-1	1.7230E2	1.6293E0	1.3588E6	
614	-6.9695E-1	1.6970E2	1.6222E0	1.3610E6	
615	-6.9603E-1	1.7106E2	1.6152E0	1.3632E6	
616	-6.9519E-1	1.7230E2	1.6081E0	1.3654E6	
617	-6.9527E-1	1.7219E2	1.6011E0	1.3676E6	
618	-6.9740E-1	1.6902E2	1.5939E0	1.3699E6	
619	-6.9687E-1	1.6981E2	1.5869E0	1.3721E6	
620	-6.9481E-1	1.7287E2	1.5799E0	1.3743E6	
621	-6.9473E-1	1.7298E2	1.5727E0	1.3765E6	
622	-6.9565E-1	1.7162E2	1.5658E0	1.3787E6	
623	-6.9466E-1	1.7309E2	1.5586E0	1.3810E6	
624	-6.9633E-1	1.7060E2	1.5516E0	1.3832E6	
625	-6.9626E-1	1.7072E2	1.5445E0	1.3854E6	
626	-6.9435E-1	1.7355E2	1.5374E0	1.3876E6	
627	-6.9717E-1	1.6936E2	1.5304E0	1.3898E6	
628	-6.9450E-1	1.7332E2	1.5233E0	1.3921E6	
629	-6.9473E-1	1.7298E2	1.5162E0	1.3943E6	
630	-6.9595E-1	1.7117E2	1.5091E0	1.3965E6	
631	-6.9405E-1	1.7400E2	1.5020E0	1.3987E6	
632	-6.9580E-1	1.7140E2	1.4950E0	1.4009E6	
633	-6.9313E-1	1.7536E2	1.4879E0	1.4032E6	
634	-6.9366E-1	1.7457E2	1.4808E0	1.4054E6	
635	-6.9366E-1	1.7457E2	1.4738E0	1.4076E6	
636	-6.9206E-1	1.7694E2	1.4667E0	1.4098E6	
637	-6.9229E-1	1.7660E2	1.4596E0	1.4120E6	
638	-6.9229E-1	1.7660E2	1.4525E0	1.4143E6	
639	-6.9328E-1	1.7513E2	1.4454E0	1.4165E6	
640	-6.9321E-1	1.7525E2	1.4383E0	1.4187E6	
641	-6.9397E-1	1.7411E2	1.4312E0	1.4209E6	
642	-6.9115E-1	1.7830E2	1.4241E0	1.4231E6	
643	-6.9077E-1	1.7887E2	1.4171E0	1.4254E6	
644	-6.9336E-1	1.7502E2	1.4100E0	1.4276E6	
645	-6.9008E-1	1.7989E2	1.4028E0	1.4298E6	
646	-6.9031E-1	1.7955E2	1.3958E0	1.4320E6	
647	-6.8985E-1	1.8023E2	1.3887E0	1.4342E6	
648	-6.8954E-1	1.8068E2	1.3816E0	1.4365E6	
649	-6.9199E-1	1.7706E2	1.3744E0	1.4387E6	
650	-6.8695E-1	1.8453E2	1.3674E0	1.4409E6	
651	-6.8977E-1	1.8034E2	1.3603E0	1.4431E6	
652	-6.8512E-1	1.8725E2	1.3533E0	1.4453E6	
653	-6.8886E-1	1.8170E2	1.3461E0	1.4476E6	
654	-6.8710E-1	1.8430E2	1.3390E0	1.4498E6	
655	-6.8680E-1	1.8476E2	1.3319E0	1.4520E6	
656	-6.8642E-1	1.8532E2	1.3248E0	1.4542E6	
657	-6.8802E-1	1.8294E2	1.3178E0	1.4564E6	
658	-6.8336E-1	1.8985E2	1.3106E0	1.4587E6	
659	-6.8535E-1	1.8691E2	1.3035E0	1.4609E6	
660	-6.8306E-1	1.9030E2	1.2963E0	1.4631E6	
661	-6.8367E-1	1.8940E2	1.2894E0	1.4653E6	
662	-6.8497E-1	1.8747E2	1.2822E0	1.4675E6	
663	-6.8504E-1	1.8736E2	1.2752E0	1.4698E6	
664	-6.8764E-1	1.8351E2	1.2680E0	1.4720E6	
665	-6.8390E-1	1.8906E2	1.2609E0	1.4742E6	
666	-6.8367E-1	1.8940E2	1.2538E0	1.4764E6	
667	-6.8275E-1	1.9076E2	1.2467E0	1.4786E6	
668	-6.8451E-1	1.8815E2	1.2396E0	1.4809E6	
669	-6.8321E-1	1.9008E2	1.2325E0	1.4831E6	
670	-6.8283E-1	1.9064E2	1.2253E0	1.4853E6	
671	-6.8001E-1	1.9483E2	1.2182E0	1.4875E6	
672	-6.8344E-1	1.8974E2	1.2111E0	1.4897E6	
673	-6.8390E-1	1.8906E2	1.2041E0	1.4920E6	
674	-6.8184E-1	1.9212E2	1.1969E0	1.4942E6	
675	-6.8176E-1	1.9223E2	1.1898E0	1.4964E6	
676	-6.8138E-1	1.9280E2	1.1827E0	1.4986E6	
677	-6.8199E-1	1.9189E2	1.1756E0	1.5008E6	
678	-6.8130E-1	1.9291E2	1.1684E0	1.5031E6	
679	-6.8314E-1	1.9019E2	1.1613E0	1.5053E6	
680	-6.8069E-1	1.9381E2	1.1542E0	1.5075E6	
681	-6.8306E-1	1.9030E2	1.1472E0	1.5097E6	
682	-6.8420E-1	1.8861E2	1.1401E0	1.5119E6	
683	-6.8153E-1	1.9257E2	1.1330E0	1.5142E6	
684	-6.7970E-1	1.9529E2	1.1257E0	1.5164E6	
685	-6.8176E-1	1.9223E2	1.1187E0	1.5186E6	
686	-6.8405E-1	1.8883E2	1.1116E0	1.5208E6	
687	-7.2441E-1	1.2894E2	1.1045E0	1.5230E6	
688	-7.2746E-1	1.2441E2	1.0973E0	1.5253E6	
689	-7.2868E-1	1.2260E2	1.0903E0	1.5275E6	
690	-7.2464E-1	1.2860E2	1.0832E0	1.5297E6	
691	-7.1899E-1	1.3697E2	1.0760E0	1.5319E6	
692	-7.1106E-1	1.4875E2	1.0689E0	1.5341E6	
693	-7.0381E-1	1.5951E2	1.0618E0	1.5364E6	
694	-6.9839E-1	1.6755E2	1.0547E0	1.5386E6	
695	-6.9000E-1	1.8000E2	1.0476E0	1.5408E6	
696	-6.8771E-1	1.8340E2	1.0404E0	1.5430E6	
697	-6.7894E-1	1.9642E2	1.0333E0	1.5452E6	
698	-6.7665E-1	1.9982E2	1.0262E0	1.5475E6	
699	-6.7032E-1	2.0921E2	1.0192E0	1.5497E6	
700	-6.6811E-1	2.1250E2	1.0121E0	1.5519E6	
701	-6.6193E-1	2.2167E2	1.0049E0	1.5541E6	
702	-6.6292E-1	2.2020E2	9.9777E-1	1.5563E6	
703	-6.5804E-1	2.2744E2	9.9062E-1	1.5586E6	
704	-6.5498E-1	2.3197E2	9.8356E-1	1.5608E6	
705	-6.5186E-1	2.3661E2	9.7645E-1	1.5630E6	
706	-6.4735E-1	2.4329E2	9.6938E-1	1.5652E6	
707	-6.3866E-1	2.5620E2	9.6218E-1	1.5674E6	
708	-6.3431E-1	2.6266E2	9.5502E-1	1.5697E6	
709	-6.3332E-1	2.6413E2	9.4796E-1	1.5719E6	
710	-6.2592E-1	2.7511E2	9.4086E-1	1.5741E6	
711	-6.2126E-1	2.8202E2	9.3378E-1	1.5763E6	
712	-6.2157E-1	2.8156E2	9.2666E-1	1.5785E6	
713	-6.1356E-1	2.9345E2	9.1946E-1	1.5808E6	
714	-6.1165E-1	2.9628E2	9.1245E-1	1.5830E6	
715	-6.1180E-1	2.9606E2	9.0519E-1	1.5852E6	
716	-6.0493E-1	3.0625E2	8.9815E-1	1.5874E6	
717	-6.0219E-1	3.1032E2	8.9106E-1	1.5896E6	
718	-6.0242E-1	3.0998E2	8.8390E-1	1.5919E6	
719	-5.9280E-1	3.2425E2	8.7677E-1	1.5941E6	
720	-5.8998E-1	3.2844E2	8.6961E-1	1.5963E6	
721	-5.8517E-1	3.3557E2	8.6252E-1	1.5985E6	
722	-5.8289E-1	3.3897E2	8.5546E-1	1.6007E6	
723	-5.7732E-1	3.4724E2	8.4832E-1	1.6030E6	
724	-5.7289E-1	3.5380E2	8.4118E-1	1.6052E6	
725	-5.6007E-1	3.7282E2	8.3414E-1	1.6074E6	
726	-5.5527E-1	3.7996E2	8.2704E-1	1.6096E6	
727	-5.5130E-1	3.8585E2	8.1989E-1	1.6118E6	
728	-5.4497E-1	3.9524E2	8.1287E-1	1.6141E6	
729	-5.3902E-1	4.0407E2	8.0571E-1	1.6163E6	
730	-5.3360E-1	4.1211E2	7.9861E-1	1.6185E6	
731	-5.2719E-1	4.2162E2	7.9147E-1	1.6207E6	
732	-5.2605E-1	4.2332E2	7.8438E-1	1.6229E6	
733	-5.2185E-1	4.2955E2	7.7727E-1	1.6252E6	
734	-5.1521E-1	4.3940E2	7.7019E-1	1.6274E6	
735	-5.0873E-1	4.4903E2	7.6318E-1	1.6296E6	
736	-5.0301E-1	4.5752E2	7.5599E-1	1.6318E6	
737	-4.9919E-1	4.6318E2	7.4889E-1	1.6340E6	
738	-4.9278E-1	4.7269E2	7.4177E-1	1.6363E6	
739	-4.8607E-1	4.8265E2	7.3472E-1	1.6385E6	
740	-4.7966E-1	4.9216E2	7.2764E-1	1.6407E6	
741	-4.7371E-1	5.0100E2	7.2044E-1	1.6429E6	
742	-4.6562E-1	5.1300E2	7.1349E-1	1.6451E6	
743	-4.5769E-1	5.2477E2	7.0637E-1	1.6474E6	
744	-4.5464E-1	5.2930E2	6.9928E-1	1.6496E6	
745	-4.5021E-1	5.3587E2	6.9230E-1	1.6518E6	
746	-4.4113E-1	5.4934E2	6.8517E-1	1.6540E6	
747	-4.3869E-1	5.5297E2	6.7797E-1	1.6562E6	
748	-4.3022E-1	5.6553E2	6.7110E-1	1.6585E6	
749	-4.3129E-1	5.6395E2	6.6387E-1	1.6607E6	
750	-4.2351E-1	5.7550E2	6.5686E-1	1.6629E6	
751	-4.1832E-1	5.8320E2	6.4983E-1	1.6651E6	
752	-4.1588E-1	5.8682E2	6.4260E-1	1.6673E6	
753	-4.1397E-1	5.8965E2	6.3559E-1	1.6696E6	
754	-4.0489E-1	6.0313E2	6.2864E-1	1.6718E6	
755	-3.9871E-1	6.1230E2	6.2147E-1	1.6740E6	
756	-3.9543E-1	6.1717E2	6.1434E-1	1.6762E6	
757	-3.9101E-1	6.2373E2	6.0728E-1	1.6784E6	
758	-3.8193E-1	6.3721E2	6.0025E-1	1.6807E6	
759	-3.7544E-1	6.4683E2	5.9323E-1	1.6829E6	
760	-3.6896E-1	6.5645E2	5.8625E-1	1.6851E6	
761	-3.5957E-1	6.7038E2	5.7910E-1	1.6873E6	
762	-3.5576E-1	6.7604E2	5.7208E-1	1.6895E6	
763	-3.4348E-1	6.9427E2	5.6504E-1	1.6918E6	
764	-3.3455E-1	7.0752E2	5.5795E-1	1.6940E6	
765	-3.2753E-1	7.1794E2	5.5095E-1	1.6962E6	
766	-3.1815E-1	7.3186E2	5.4382E-1	1.6984E6	
767	-3.1670E-1	7.3401E2	5.3683E-1	1.7006E6	
768	-3.1242E-1	7.4035E2	5.3281E-1	1.7019E6	
769	-3.1105E-1	7.4239E2	5.3239E-1	1.7020E6	
770	-3.1105E-1	7.4239E2	5.3239E-1	1.7020E6	
771	-3.1105E-1	7.4239E2	5.3239E-1	1.7020E6	
772	-3.1105E-1	7.4239E2	5.3239E-1	1.7020E6	
773	-3.1105E-1	7.4239E2	5.3239E-1	1.7020E6	
774	-3.1105E-1	7.4239E2	5.3239E-1	1.7020E6	
775	-3.1105E-1	7.4239E2	5.3239E-1	1.7020E6	
776	-3.1105E-1	7.4239E2	5.3239E-1	1.7020E6	
777	-3.1105E-1	7.4239E2	5.3239E-1	1.7020E6	
778	-3.1105E-1	7.4239E2	5.3239E-1	1.7020E6	
779	-3.1105E-1	7.4239E2	5.3239E-1	1.7020E6	
780	-3.1105E-1	7.4239E2	5.3239E-1	1.7020E6	
781	-3.1105E-1	7.4239E2	5.3239E-1	1.7020E6	
782	-3.1105E-1	7.4239E2	5.3239E-1	1.7020E6	
783	-3.1105E-1	7.4239E2	5.3239E-1	1.7020E6	
784	-3.1105E-1	7.4239E2	5.3239E-1	1.7020E6	
785	-3.1105E-1	7.4239E2	5.3239E-1	1.7020E6	
786	-3.1105E-1	7.4239E2	5.3239E-1	1.7020E6	
787	-3.1105E-1	7.4239E2	5.3239E-1	1.7020E6	
788	-3.1105E-1	7.4239E2	5.3239E-1	1.7020E6	
789	-3.1105E-1	7.4239E2	5.3239E-1	1.7020E6	
790	-3.1105E-1	7.4239E2	5.3239E-1	1.7020E6	
791	-3.1105E-1	7.4239E2	5.3239E-1	1.7020E6	
792	-3.1105E-1	7.4239E2	5.3239E-1	1.7020E6	
793	-3.1105E-1	7.4239E2	5.3239E-1	1.7020E6	
794	-3.1105E-1	7.4239E2	5.3239E-1	1.7020E6	
795	-3.1105E-1	7.4239E2	5.3239E-1	1.7020E6	
796	-3.1105E-1	7.4239E2	5.3239E-1	1.7020E6	
797	-3.1105E-1	7.4239E2	5.3239E-1	1.7020E6	
798	-3.1105E-1	7.4239E2	5.3239E-1	1.7020E6	
799	-3.1105E-1	7.4239E2	5.3239E-1	1.7020E6	
800	-3.1105E-1	7.4239E2	5.3239E-1	1.7020E6	
801	-3.1105E-1	7.4239E2	5.3239E-1	1.7020E6	
802	-3.1105E-1	7.4239E2	5.3239E-1	1.7020E6	
803	-3.1105E-1	7.4239E2	5.3239E-1	1.7020E6	
804	-3.1105E-1	7.4239E2	5.3239E-1	1.7020E6	
805	-3.1105E-1	7.4239E2	5.3239E-1	1.7020E6	
806	-3.1105E-1	7.4239E2	5.3239E-1	1.7020E6	
807	-3.1105E-1	7.4239E2	5.3239E-1	1.7020E6	
808	-3.1105E-1	7.4239E2	5.3239E-1	1.7020E6	
809	-3.1105E-1	7.4239E2	5.3239E-1	1.7020E6	
810	-3.1105E-1	7.4239E2	5.3239E-1	1.7020E6	
811	-3.1105E-1	7.4239E2	5.3239E-1	1.7020E6	
812	-3.1105E-1	7.4239E2	5.3239E-1	1.7020E6	
813	-3.1105E-1	7.4239E2	5.3239E-1	1.7020E6	
814	-3.1105E-1	7.4239E2	5.3239E-1	1.7020E6	
815	-3.1105E-1	7.4239E2	5.3239E-1	1.7020E6	
816	-3.1105E-1	7.4239E2	5.3239E-1	1.7020E6	
817	-3.1105E-1	7.4239E2	5.3239E-1	1.7020E6	
818	-3.1105E-1	7.4239E2	5.3239E-1	1.7020E6	
819	-3.1105E-1	7.4239E2	5.3239E-1	1.7020E6	
820	-3.1105E-1	7.4239E2	5.3239E-1	1.7020E6	
821	-3.1105E-1	7.4239E2	5.3239E-1	1.7020E6	
822	-3.1105E-1	7.4239E2	5.3239E-1	1.7020E6	
823	-3.1105E-1	7.4239E2	5.3239E-1	1.7020E6	
824	-3.1105E-1	7.4239E2	5.3239E-1	1.7020E6	
825	-3.1105E-1	7.4239E2	5.3239E-1	1.7020E6	
826	-3.1105E-1	7.4239E2	5.3239E-1	1.7020E6	
827	-3.1105E-1	7.4239E2	5.3239E-1	1.7020E6	
828	-3.1105E-1	7.4239E2	5.3239E-1	1.7020E6	
829	-3.1105E-1	7.4239E2	5.3239E-1	1.7020E6	
830	-3.1105E-1	7.4239E2	5.3239E-1	1.7020E6	
831	-3.1105E-1	7.4239E2	5.3239E-1	1.7020E6	
832	-3.1105E-1	7.4239E2	5.3239E-1	1.7020E6	
833	-3.1105E-1	7.4239E2	5.3239E-1	1.7020E6	
834	-3.1105E-1	7.4239E2	5.3239E-1	1.7020E6	
835	-3.1105E-1	7.4239E2	5.3239E-1	1.7020E6	
836	-3.1105E-1	7.4239E2	5.3239E-1	1.7020E6	
837	-3.1105E-1	7.4239E2	5.3239E-1	1.7020E6	
838	-3.1105E-1	7.4239E2	5.3239E-1	1.7020E6	
839	-3.1105E-1	7.4239E2	5.3239E-1	1.7020E6	
840	-3.1105E-1	7.4239E2	5.3239E-1	1.7020E6	
841	-3.1105E-1	7.4239E2	5.3239E-1	1.7020E6	
842	-3.1105E-1	7.4239E2	5.3239E-1	1.7020E6	
843	-3.1105E-1	7.4239E2	5.3239E-1	1.7020E6	
844	-3.1105E-1	7.4239E2	5.3239E-1	1.7020E6	
845	-3.1105E-1	7.4239E2	5.3239E-1	1.7020E6	
846	-3.1105E-1	7.4239E2	5.3239E-1	1.7020E6	
847	-3.1105E-1	7.4239E2	5.3239E-1	1.7020E6	
848	-3.1105E-1	7.4239E2	5.3239E-1	1.7020E6	
849	-3.1105E-1	7.4239E2	5.3239E-1	1.7020E6	
850	-3.1105E-1	7.4239E2	5.3239E-1	1.7020E6	
851	-3.1105E-1	7.4239E2	5.3239E-1	1.7020E6	
852	-3.1105E-1	7.4239E2	5.3239E-1	1.7020E6	
853	-3.1105E-1	7.4239E2	5.3239E-1	1.7020E6	
854	-3.1105E-1	7.4239E2	5.3239E-1	1.7020E6	
855	-3.1105E-1	7.4239E2	5.3239E-1	1.7020E6	
856	-3.1105E-1	7.4239E2	5.3239E-1	1.7020E6	
857	-3.1105E-1	7.4239E2	5.3239E-1	1.7020E6	
858	-3.1105E-1	7.4239E2	5.3239E-1	1.7020E6	
859	-3.1105E-1	7.4239E2	5.3239E-1	1.7020E6	
860	-3.1105E-1	7.4239E2	5.3239E-1	1.7020E6	
861	-3.1105E-1	7.4239E2	5.3239E-1	1.7020E6	
862	-3.1105E-1	7.4239E2	5.3239E-1	1.7020E6	
863	-3.1105E-1	7.4239E2	5.3239E-1	1.7020E6	
864	-3.1105E-1	7.4239E2	5.3239E-1	1.7020E6	
865	-3.1105E-1	7.4239E2	5.3239E-1	1.7020E6	
866	-3.1105E-1	7.4239E2	5.3239E-1	1.7020E6	
867	-3.1105E-1	7.4239E2	5.3239E-1	1.7020E6	
868	-3.1105E-1	7.4239E2	5.3239E-1	1.7020E6	
869	-3.1105E-1	7.4239E2	5.3239E-1	1.7020E6	
870	-3.1105E-1	7.4239E2	5.3239E-1	1.7020E6	
871	-3.1105E-1	7.4239E2	5.3239E-1	1.7020E6	
872	-3.1105E-1	7.4239E2	5.3239E-1	1.7020E6	
873	-3.1105E-1	7.4239E2	5.3239E-1	1.7020E6	
874	-3.1105E-1	7.4239E2	5.3239E-1	1.7020E6	
875	-3.1105E-1	7.4239E2	5.3239E-1	1.7020E6	
876	-3.1105E-1	7.4239E2	5.3239E-1	1.7020E6	
877	-3.1105E-1	7.4239E2	5.3239E-1	1.7020E6	
878	-3.1105E-1	7.4239E2	5.3239E-1	1.7020E6	
879	-3.1105E-1	7.4239E2	5.3239E-1	1.7020E6	
880	-3.1105E-1	7.4239E2	5.3239E-1	1.7020E6	
881	-3.1105E-1	7.4239E2	5.3239E-1	1.7020E6	
882	-3.1105E-1	7.4239E2	5.3239E-1	1.7020E6	
883	-3.1105E-1	7.4239E2	5.3239E-1	1.7020E6	
884	-3.1105E-1	7.4239E2	5.3239E-1	1.7020E6	
885	-3.1105E-1	7.4239E2	5.3239E-1	1.7020E6	
886	-3.1105E-1	7.4239E2	5.3239E-1	1.7020E6	
887	-3.1105E-1	7.4239E2	5.3239E-1	1.7020E6	
888	-3.1105E-1	7.4239E2	5.3239E-1	1.7020E6	
889	-3.1105E-1	7.4239E2	5.3239E-1	1.7020E6	
890	-3.1105E-1	7.4239E2	5.3239E-1	1.7020E6	
891	-3.1105E-1	7.4239E2	5.3239E-1	1.7020E6	
892	-3.1105E-1	7.4239E2	5.3239E-1	1.7020E6	
893	-3.1105E-1	7.4239E2	5.3239E-1	1.7020E6	
894	-3.1105E-1	7.4239E2	5.3239E-1	1.7020E6	
895	-3.1105E-1	7.4239E2	5.3239E-1	1.7020E6	
896	-3.1105E-1	7.4239E2	5.3239E-1	1.7020E6	
897	-3.1105E-1	7.4239E2	5.3239E-1	1.7020E6	
898	-3.1105E-1	7.4239E2	5.3239E-1	1.7020E6	
899	-3.1105E-1	7.4239E2	5.3239E-1	1.7020E6	
900	-3.1105E-1	7.4239E2	5.3239E-1	1.7020E6	
901	-3.1105E-1	7.4239E2	5.3239E-1	1.7020E6	
902	-3.1105E-1	7.4239E2	5.3239E-1	1.7020E6	
903	-3.1105E-1	7.4239E2	5.3239E-1	1.7020E6	
904	-3.1105E-1	7.4239E2	5.3239E-1	1.7020E6	
905	-3.1105E-1	7.4239E2	5.3239E-1	1.7020E6	
906	-3.1105E-1	7.4239E2	5.3239E-1	1.7020E6	
907	-3.1105E-1	7.4239E2	5.3239E-1	1.7020E6	
908	-3.1105E-1	7.4239E2	5.3239E-1	1.7020E6	
909	-3.1105E-1	7.4239E2	5.3239E-1	1.7020E6	
910	-3.1105E-1	7.4239E2	5.3239E-1	1.7020E6	
911	-3.1105E-1	7.4239E2	5.3239E-1	1.7020E6	
912	-3.1105E-1	7.4239E2	5.3239E-1	1.7020E6	
913	-3.1105E-1	7.4239E2	5.3239E-1	1.7020E6	
914	-3.1105E-1	7.4239E2	5.3239E-1	1.7020E6	
915	-3.1105E-1	7.4239E2	5.3239E-1	1.7020E6	
916	-3.1105E-1	7.4239E2	5.3239E-1	1.7020E6	
917	-3.1105E-1	7.4239E2	5.3239E-1	1.7020E6	
918	-3.1105E-1	7.4239E2	5.3239E-1	1.7020E6	
919	-3.1105E-1	7.4239E2	5.3239E-1	1.7020E6	
920	-3.1105E-1	7.4239E2	5.3239E-1	1.7020E6	
921	-3.1105E-1	7.4239E2	5.3239E-1	1.7020E6	
922	-3.1105E-1	7.4239E2	5.3239E-1	1.7020E6	
923	-3.1105E-1	7.4239E2	5.3239E-1	1.7020E6	
924	-3.1105E-1	7.4239E2	5.3239E-1	1.7020E6	
925	-3.1105E-1	7.4239E2	5.3239E-1	1.7020E6	
926	-3.1105E-1	7.4239E2	5.3239E-1	1.7020E6	
927	-3.1105E-1	7.4239E2	5.3239E-1	1.7020E6	
928	-3.1105E-1	7.4239E2	5.3239E-1	1.7020E6	
929	-3.1105E-1	7.4239E2	5.3239E-1	1.7020E6	
930	-3.1105E-1	7.4239E2	5.3239E-1	1.7020E6	
931	-3.1105E-1	7.4239E2	5.3239E-1	1.7020E6	
932	-3.1105E-1	7.4239E2	5.3239E-1	1.7020E6	
933	-3.1105E-1	7.4239E2	5.3239E-1	1.7020E6	
934	-3.1105E-1	7.4239E2	5.3239E-1	1.7020E6	
935	-3.1105E-1	7.4239E2	5.3239E-1	1.7020E6	
936	-3.1105E-1	7.4239E2	5.3239E-1	1.7020E6	
937	-3.1105E-1	7.4239E2	5.3239E-1	1.7020E6	
938	-3.1105E-1	7.4239E2	5.3239E-1	1.7020E6	
939	-3.1105E-1	7.4239E2	5.3239E-1	1.7020E6	
940	-3.1105E-1	7.4239E2	5.3239E-1	1.7020E6	
941	-3.1105E-1	7.4239E2	5.3239E-1	1.7020E6	
942	-3.1105E-1	7.4239E2	5.3239E-1	1.7020E6	
943	-3.1105E-1	7.4239E2	5.3239E-1	1.7020E6	
944	-3.1105E-1	7.4239E2	5.3239E-1	1.7020E6	
945	-3.1105E-1	7.4239E2	5.3239E-1	1.7020E6	
946	-3.1105E-1	7.4239E2	5.3239E-1	1.7020E6	
947	-3.1105E-1	7.4239E2	5.3239E-1	1.7020E6	
948	-3.1105E-1	7.4239E2	5.3239E-1	1.7020E6	
949	-3.1105E-1	7.4239E2	5.3239E-1	1.7020E6	
950	-3.1105E-1	7.4239E2	5.3239E-1	1.7020E6	
951	-3.1105E-1	7.4239E2	5.3239E-1	1.7020E6	
952	-3.1105E-1	7.4239E2	5.3239E-1	1.7020E6	
953	-3.1105E-1	7.4239E2	5.3239E-1	1.7020E6	
954	-3.1105E-1	7.4239E2	5.3239E-1	1.7020E6	
955	-3.1105E-1	7.4239E2	5.3239E-1	1.7020E6	
956	-3.1105E-1	7.4239E2	5.3239E-1	1.7020E6	
957	-3.1105E-1	7.4239E2	5.3239E-1	1.7020E6	
958	-3.1105E-1	7.4239E2	5.3239E-1	1.7020E6	
959	-3.1105E-1	7.4239E2	5.3239E-1	1.7020E6	
960	-3.1105E-1	7.4239E2	5.3239E-1	1.7020E6	
961	-3.1105E-1	7.4239E2	5.3239E-1	1.7020E6	
962	-3.1105E-1	7.4239E2	5.3239E-1	1.7020E6	
963	-3.1105E-1	7.4239E2	5.3239E-1	1.7020E6	
964	-3.1105E-1	7.4239E2	5.3239E-1	1.7020E6	
965	-3.1105E-1	7.4239E2	5.3239E-1	1.7020E6	
966	-3.1105E-1	7.4239E2	5.3239E-1	1.7020E6	
967	-3.1105E-1	7.4239E2	5.3239E-1	1.7020E6	
968	-3.1105E-1	7.4239E2	5.3239E-1	1.7020E6	
969	-3.1105E-1	7.4239E2	5.3239E-1	1.7020E6	
970	-3.1105E-1	7.4239E2	5.3239E-1	1.7020E6	
971	-3.1105E-1	7.4239E2	5.3239E-1	1.7020E6	
972	-3.1105E-1	7.4239E2	5.3239E-1	1.7020E6	
973	-3.1105E-1	7.4239E2	5.3239E-1	1.7020E6	
974	-3.1105E-1	7.4239E2	5.3239E-1	1.7020E6	
975	-3.1105E-1	7.4239E2	5.3239E-1	1.7020E6	
976	-3.1105E-1	7.4239E2	5.3239E-1	1.7020E6	
977	-3.1105E-1	7.4239E2	5.3239E-1	1.7020E6	
978	-3.1105E-1	7.4239E2	5.3239E-1	1.7020E6	
979	-3.1105E-1	7.4239E2	5.3239E-1	1.7020E6	
980	-3.1105E-1	7.4239E2	5.3239E-1	1.7020E6	
981	-3.1105E-1	7.4239E2	5.3239E-1	1.7020E6	
982	-3.1105E-1	7.4239E2	5.3239E-1	1.7020E6	
983	-3.1105E-1	7.4239E2	5.3239E-1	1.7020E6	
984	-3.1105E-1	7.4239E2	5.3239E-1	1.7020E6	
985	-3.1105E-1	7.4239E2	5.3239E-1	1.7020E6	
986	-3.1105E-1	7.4239E2	5.3239E-1	1.7020E6	
987	-3.1105E-1	7.4239E2	5.3239E-1	1.7020E6	
988	-3.1105E-1	7.4239E2	5.3239E-1	1.7020E6	
989	-3.1105E-1	7.4239E2	5.3239E-1	1.7020E6	
990	-3.1105E-1	7.4239E2	5.3239E-1	1.7020E6	
991	-3.1105E-1	7.4239E2	5.3239E-1	1.7020E6	
992	-3.1105E-1	7.4239E2	5.3239E-1	1.7020E6	
993	-3.1105E-1	7.4239E2	5.3239E-1	1.7020E6	
994	-3.1105E-1	7.4239E2	5.3239E-1	1.7020E6	
995	-3.1105E-1	7.4239E2	5.3239E-1	1.7020E6	
996	-3.1105E-1	7.4239E2	5.3239E-1	1.7020E6	
997	-3.1105E-1	7.4239E2	5.3239E-1	1.7020E6	
998	-3.1105E-1	7.4239E2	5.3239E-1	1.7020E6	
999	-3.1105E-1	7.4239E2	5.3239E-1	1.7020E6	
1000	-3.1105E-1	7.4239E2	5.3239E-1	1.7020E6	
1001	-3.1105E-1	7.4239E2	5.3239E-1	1.7020E6	
1002	-3.1105E-1	7.4239E2	5.3239E-1	1.7020E6	
1003	-3.1105E-1	7.4239E2	5.3239E-1	1.7020E6	
1004	-3.1105E-1	7.4239E2	5.3239E-1	1.7020E6	
1005	-3.1105E-1	7.4239E2	5.3239E-1	1.7020E6	
1006	-3.1105E-1	7.4239E2	5.3239E-1	1.7020E6	
1007	-3.1105E-1	7.4239E2	5.3239E-1	1.7020E6	
1008	-3.1105E-1	7.4239E2	5.3239E-1	1.7020E6	
1009	-3.1105E-1	7.4239E2	5.3239E-1	1.7020E6	
1010	-3.1105E-1	7.4239E2	5.3239E-1	1.7020E6	
1011	-3.1105E-1	7.4239E2	5.3239E-1	1.7020E6	
1012	-3.1105E-1	7.4239E2	5.3239E-1	1.7020E6	
1013	-3.1105E-1	7.4239E2	5.3239E-1	1.7020E6	
1014	-3.1105E-1	7.4239E2	5.3239E-1	1.7020E6	
1015	-3.1105E-1	7.4239E2	5.3239E-1	1.7020E6	
1016	-3.1105E-1	7.4239E2	5.3239E-1	1.7020E6	
1017	-3.1105E-1	7.4239E2	5.3239E-1	1.7020E6	
1018	-3.1105E-1	7.4239E2	5.3239E-1	1.7020E6	
1019	-3.1105E-1	7.4239E2	5.3239E-1	1.7020E6	
1020	-3.1105E-1	7.4239E2	5.3239E-1	1.7020E6	
1021	-3.1105E-1	7.4239E2	5.3239E-1	1.7020E6	
1022	-3.1105E-1	7.4239E2	5.3239E-1	1.7020E6	
1023	-3.1105E-1	7.4239E2	5.3239E-1	1.7020E6	
1024	-3.1105E-1	7.4239E2	5.3239E-1	1.7020E6	
1025	-3.1288E-1	7.3968E2	5.3232E-1	1.7021E6	
1026	-3.5561E-1	6.7627E2	5.3371E-1	1.7043E6	
1027	-3.8246E-1	6.3641E2	5.3651E-1	1.7065E6	
1028	-4.0260E-1	6.0652E2	5.3963E-1	1.7087E6	
1029	-4.2473E-1	5.7369E2	5.4306E-1	1.7109E6	
1030	-4.4090E-1	5.4968E2	5.4659E-1	1.7132E6	
1031	-4.5921E-1	5.2251E2	5.5038E-1	1.7154E6	
1032	-4.7485E-1	4.9930E2	5.5416E-1	1.7176E6	
1033	-4.9110E-1	4.7518E2	5.5810E-1	1.7198E6	
1034	-5.0377E-1	4.5638E2	5.6221E-1	1.7220E6	
1035	-5.2101E-1	4.3080E2	5.6626E-1	1.7243E6	
1036	-5.3291E-1	4.1313E2	5.7037E-1	1.7265E6	
1037	-5.4504E-1	3.9513E2	5.7461E-1	1.7287E6	
1038	-5.5298E-1	3.8335E2	5.7885E-1	1.7309E6	
1039	-5.6885E-1	3.5980E2	5.8309E-1	1.7331E6	
1040	-5.8189E-1	3.4044E2	5.8739E-1	1.7354E6	
1041	-5.9021E-1	3.2810E2	5.9181E-1	1.7376E6	
1042	-6.0173E-1	3.1100E2	5.9625E-1	1.7398E6	
1043	-6.1340E-1	2.9368E2	6.0056E-1	1.7420E6	
1044	-6.2569E-1	2.7545E2	6.0495E-1	1.7442E6	
1045	-6.3423E-1	2.6277E2	6.0936E-1	1.7465E6	
1046	-6.4369E-1	2.4873E2	6.1386E-1	1.7487E6	
1047	-6.5170E-1	2.3684E2	6.1834E-1	1.7509E6	
1048	-6.6444E-1	2.1793E2	6.2292E-1	1.7531E6	
1049	-6.7459E-1	2.0287E2	6.2731E-1	1.7553E6	
1050	-6.8253E-1	1.9110E2	6.3190E-1	1.7576E6	
1051	-6.9260E-1	1.7615E2	6.3644E-1	1.7598E6	
1052	-7.0465E-1	1.5826E2	6.4096E-1	1.7620E6	
1053	-7.0663E-1	1.5532E2	6.4547E-1	1.7642E6	
1054	-7.2037E-1	1.3494E2	6.5007E-1	1.7664E6	
1055	-7.2479E-1	1.2837E2	6.5467E-1	1.7687E6	
1056	-7.3494E-1	1.1331E2	6.5926E-1	1.7709E6	
1057	-7.4203E-1	1.0278E2	6.6393E-1	1.7731E6	
1058	-7.5317E-1	8.6250E1	6.6856E-1	1.7753E6	
1059	-7.6294E-1	7.1757E1	6.7317E-1	1.7775E6	
1060	-7.6820E-1	6.3944E1	6.7779E-1	1.7798E6	
1061	-7.7606E-1	5.2282E1	6.8249E-1	1.7820E6	
1062	-7.8217E-1	4.3224E1	6.8714E-1	1.7842E6	
1063	-7.9277E-1	2.7486E1	6.9189E-1	1.7864E6	
1064	-8.0238E-1	1.3219E1	6.9658E-1	1.7886E6	
1065	-8.1215E-1	-1.2737E0	7.0119E-1	1.7909E6	
1066	-8.1543E-1	-6.1424E0	7.0600E-1	1.7931E6	
1067	-8.1985E-1	-1.2710E1	7.1062E-1	1.7953E6	
1068	-8.2878E-1	-2.5957E1	7.1538E-1	1.7975E6	
1069	-8.3344E-1	-3.2864E1	7.2005E-1	1.7997E6	
1070	-8.4114E-1	-4.4300E1	7.2479E-1	1.8020E6	
1071	-8.5037E-1	-5.8000E1	7.2960E-1	1.8042E6	
1072	-8.5403E-1	-6.3435E1	7.3434E-1	1.8064E6	
1073	-8.6403E-1	-7.8267E1	7.3911E-1	1.8086E6	
1074	-8.6433E-1	-7.8720E1	7.4385E-1	1.8108E6	
1075	-8.7494E-1	-9.4459E1	7.4864E-1	1.8131E6	
1076	-8.8089E-1	-1.0329E2	7.5338E-1	1.8153E6	
1077	-8.8852E-1	-1.1461E2	7.5821E-1	1.8175E6	
1078	-8.9195E-1	-1.1971E2	7.6305E-1	1.8197E6	
1079	-8.9607E-1	-1.2582E2	7.6779E-1	1.8219E6	
1080	-9.0149E-1	-1.3386E2	7.7264E-1	1.8242E6	
1081	-9.0881E-1	-1.4473E2	7.7741E-1	1.8264E6	
1082	-9.1179E-1	-1.4915E2	7.8226E-1	1.8286E6	
1083	-9.1751E-1	-1.5764E2	7.8711E-1	1.8308E6	
1084	-9.2133E-1	-1.6330E2	7.9199E-1	1.8330E6	
1085	-9.2697E-1	-1.7168E2	7.9678E-1	1.8353E6	
1086	-9.2827E-1	-1.7360E2	8.0166E-1	1.8375E6	
1087	-9.3315E-1	-1.8085E2	8.0647E-1	1.8397E6	
1088	-9.3880E-1	-1.8923E2	8.1137E-1	1.8419E6	
1089	-9.4017E-1	-1.9127E2	8.1633E-1	1.8441E6	
1090	-9.4971E-1	-2.0542E2	8.2118E-1	1.8464E6	
1091	-9.5230E-1	-2.0927E2	8.2607E-1	1.8486E6	
1092	-9.5833E-1	-2.1821E2	8.3101E-1	1.8508E6	
1093	-9.6107E-1	-2.2229E2	8.3581E-1	1.8530E6	
1094	-9.6786E-1	-2.3237E2	8.4073E-1	1.8552E6	
1095	-9.7038E-1	-2.3610E2	8.4576E-1	1.8575E6	
1096	-9.7191E-1	-2.3837E2	8.5060E-1	1.8597E6	
1097	-9.7694E-1	-2.4584E2	8.5550E-1	1.8619E6	
1098	-9.8244E-1	-2.5399E2	8.6044E-1	1.8641E6	
1099	-9.8808E-1	-2.6237E2	8.6541E-1	1.8663E6	
1100	-9.8602E-1	-2.5932E2	8.7035E-1	1.8686E6	
1101	-9.9129E-1	-2.6713E2	8.7532E-1	1.8708E6	
1102	-1.0001E0	-2.8015E2	8.8031E-1	1.8730E6	
1103	-1.0018E0	-2.8275E2	8.8525E-1	1.8752E6	
1104	-1.0056E0	-2.8830E2	8.9026E-1	1.8774E6	
1105	-1.0095E0	-2.9419E2	8.9523E-1	1.8797E6	
1106	-1.0109E0	-2.9623E2	9.0021E-1	1.8819E6	
1107	-1.0125E0	-2.9860E2	9.0517E-1	1.8841E6	
1108	-1.0191E0	-3.0846E2	9.1021E-1	1.8863E6	
1109	-1.0195E0	-3.0902E2	9.1521E-1	1.8885E6	
1110	-1.0197E0	-3.0936E2	9.2024E-1	1.8908E6	
1111	-1.0223E0	-3.1310E2	9.2521E-1	1.8930E6	
1112	-1.0297E0	-3.2419E2	9.3028E-1	1.8952E6	
1113	-1.0331E0	-3.2918E2	9.3533E-1	1.8974E6	
1114	-1.0365E0	-3.3416E2	9.4036E-1	1.8996E6	
1115	-1.0378E0	-3.3620E2	9.4532E-1	1.9019E6	
1116	-1.0387E0	-3.3744E2	9.5036E-1	1.9041E6	
1117	-1.0368E0	-3.3472E2	9.5548E-1	1.9063E6	
1118	-1.0378E0	-3.3608E2	9.6056E-1	1.9085E6	
1119	-1.0406E0	-3.4027E2	9.6548E-1	1.9107E6	
1120	-1.0421E0	-3.4254E2	9.7066E-1	1.9130E6	
1121	-1.0420E0	-3.4242E2	9.7576E-1	1.9152E6	
1122	-1.0408E0	-3.4061E2	9.8086E-1	1.9174E6	
1123	-1.0462E0	-3.4865E2	9.8596E-1	1.9196E6	
1124	-1.0458E0	-3.4797E2	9.9097E-1	1.9218E6	
1125	-1.0513E0	-3.5624E2	9.9621E-1	1.9241E6	
1126	-1.0587E0	-3.6711E2	1.0012E0	1.9263E6	
1127	-1.0547E0	-3.6122E2	1.0063E0	1.9285E6	
1128	-1.0583E0	-3.6665E2	1.0115E0	1.9307E6	
1129	-1.0534E0	-3.5929E2	1.0166E0	1.9329E6	
1130	-1.0564E0	-3.6382E2	1.0217E0	1.9352E6	
1131	-1.0573E0	-3.6507E2	1.0269E0	1.9374E6	
1132	-1.0548E0	-3.6144E2	1.0320E0	1.9396E6	
1133	-1.0577E0	-3.6575E2	1.0371E0	1.9418E6	
1134	-1.0596E0	-3.6858E2	1.0422E0	1.9440E6	
1135	-1.0647E0	-3.7605E2	1.0474E0	1.9463E6	
1136	-1.0630E0	-3.7356E2	1.0527E0	1.9485E6	
1137	-1.0653E0	-3.7696E2	1.0578E0	1.9507E6	
1138	-1.0690E0	-3.8250E2	1.0631E0	1.9529E6	
1139	-1.0635E0	-3.7424E2	1.0681E0	1.9551E6	
1140	-1.0651E0	-3.7662E2	1.0734E0	1.9574E6	
1141	-1.0613E0	-3.7107E2	1.0786E0	1.9596E6	
1142	-1.0625E0	-3.7288E2	1.0837E0	1.9618E6	
1143	-1.0641E0	-3.7526E2	1.0889E0	1.9640E6	
1144	-1.0638E0	-3.7469E2	1.0942E0	1.9662E6	
1145	-1.0622E0	-3.7243E2	1.0994E0	1.9685E6	
1146	-1.0602E0	-3.6937E2	1.1045E0	1.9707E6	
1147	-1.0612E0	-3.7096E2	1.1098E0	1.9729E6	
1148	-1.0664E0	-3.7866E2	1.1150E0	1.9751E6	
1149	-1.0680E0	-3.8103E2	1.1202E0	1.9773E6	
1150	-1.0650E0	-3.7650E2	1.1256E0	1.9796E6	
1151	-1.0682E0	-3.8126E2	1.1307E0	1.9818E6	
1152	-1.0713E0	-3.8590E2	1.1360E0	1.9840E6	
1153	-1.0726E0	-3.8783E2	1.1413E0	1.9862E6	
1154	-1.0416E0	-3.4174E2	1.1466E0	1.9884E6	
1155	-1.0358E0	-3.3325E2	1.1518E0	1.9907E6	
1156	-1.0310E0	-3.2601E2	1.1570E0	1.9929E6	
1157	-1.0275E0	-3.2091E2	1.1624E0	1.9951E6	
1158	-1.0242E0	-3.1604E2	1.1677E0	1.9973E6	
1159	-1.0173E0	-3.0574E2	1.1730E0	1.9995E6	
1160	-1.0053E0	-2.8796E2	1.1783E0	2.0018E6	
1161	-9.9960E-1	-2.7947E2	1.1836E0	2.0040E6	
1162	-9.9258E-1	-2.6905E2	1.1888E0	2.0062E6	
1163	-9.8206E-1	-2.5343E2	1.1942E0	2.0084E6	
1164	-9.8244E-1	-2.5399E2	1.1995E0	2.0106E6	
1165	-9.7153E-1	-2.3780E2	1.2048E0	2.0129E6	
1166	-9.6985E-1	-2.3531E2	1.2102E0	2.0151E6	
1167	-9.6710E-1	-2.3124E2	1.2155E0	2.0173E6	
1168	-9.6329E-1	-2.2557E2	1.2208E0	2.0195E6	
1169	-9.6313E-1	-2.2535E2	1.2262E0	2.0217E6	
1170	-9.6008E-1	-2.2082E2	1.2315E0	2.0240E6	
1171	-9.6092E-1	-2.2206E2	1.2369E0	2.0262E6	
1172	-9.5490E-1	-2.1312E2	1.2422E0	2.0284E6	
1173	-9.5428E-1	-2.1221E2	1.2476E0	2.0306E6	
1174	-9.5482E-1	-2.1301E2	1.2529E0	2.0328E6	
1175	-9.5306E-1	-2.1040E2	1.2584E0	2.0351E6	
1176	-9.5856E-1	-2.1855E2	1.2638E0	2.0373E6	
1177	-9.5573E-1	-2.1436E2	1.2691E0	2.0395E6	
1178	-9.5169E-1	-2.0836E2	1.2745E0	2.0417E6	
1179	-9.5139E-1	-2.0791E2	1.2799E0	2.0439E6	
1180	-9.4635E-1	-2.0044E2	1.2852E0	2.0462E6	
1181	-9.4360E-1	-1.9636E2	1.2907E0	2.0484E6	
1182	-9.4116E-1	-1.9274E2	1.2962E0	2.0506E6	
1183	-9.3597E-1	-1.8504E2	1.3016E0	2.0528E6	
1184	-9.3544E-1	-1.8425E2	1.3070E0	2.0550E6	
1185	-9.3506E-1	-1.8368E2	1.3124E0	2.0573E6	
1186	-9.3361E-1	-1.8153E2	1.3179E0	2.0595E6	
1187	-9.3033E-1	-1.7666E2	1.3233E0	2.0617E6	
1188	-9.2773E-1	-1.7281E2	1.3287E0	2.0639E6	
1189	-9.2087E-1	-1.6262E2	1.3342E0	2.0661E6	
1190	-9.1324E-1	-1.5130E2	1.3397E0	2.0684E6	
1191	-9.0836E-1	-1.4405E2	1.3452E0	2.0706E6	
1192	-8.9828E-1	-1.2911E2	1.3507E0	2.0728E6	
1193	-8.8799E-1	-1.1382E2	1.3561E0	2.0750E6	
1194	-8.6998E-1	-8.7099E1	1.3615E0	2.0772E6	
1195	-8.4831E-1	-5.4943E1	1.3670E0	2.0795E6	
1196	-8.2474E-1	-1.9956E1	1.3725E0	2.0817E6	
1197	-8.0841E-1	4.2743E0	1.3780E0	2.0839E6	
1198	-7.7118E-1	5.9528E1	1.3835E0	2.0861E6	
1199	-7.5142E-1	8.8854E1	1.3891E0	2.0883E6	
1200	-7.4234E-1	1.0233E2	1.3945E0	2.0906E6	
1201	-7.3067E-1	1.1965E2	1.4000E0	2.0928E6	
1202	-6.9633E-1	1.7060E2	1.4056E0	2.0950E6	
1203	-6.9389E-1	1.7423E2	1.4110E0	2.0972E6	
1204	-6.9229E-1	1.7660E2	1.4165E0	2.0994E6	
1205	-6.9344E-1	1.7491E2	1.4221E0	2.1017E6	
1206	-6.9206E-1	1.7694E2	1.4277E0	2.1039E6	
1207	-6.9229E-1	1.7660E2	1.4333E0	2.1061E6	
1208	-6.9237E-1	1.7649E2	1.4387E0	2.1083E6	
1209	-6.9504E-1	1.7253E2	1.4443E0	2.1105E6	
1210	-6.9588E-1	1.7128E2	1.4499E0	2.1128E6	
1211	-6.9565E-1	1.7162E2	1.4554E0	2.1150E6	
1212	-6.9466E-1	1.7309E2	1.4610E0	2.1172E6	
1213	-6.9839E-1	1.6755E2	1.4666E0	2.1194E6	
1214	-6.9466E-1	1.7309E2	1.4721E0	2.1216E6	
1215	-6.9618E-1	1.7083E2	1.4777E0	2.1239E6	
1216	-6.9511E-1	1.7241E2	1.4833E0	2.1261E6	
1217	-6.9672E-1	1.7004E2	1.4889E0	2.1283E6	
1218	-6.9695E-1	1.6970E2	1.4945E0	2.1305E6	
1219	-6.9801E-1	1.6811E2	1.5001E0	2.1327E6	
1220	-6.9885E-1	1.6687E2	1.5057E0	2.1350E6	
1221	-7.0023E-1	1.6483E2	1.5113E0	2.1372E6	
1222	-6.9817E-1	1.6789E2	1.5170E0	2.1394E6	
1223	-6.9748E-1	1.6890E2	1.5225E0	2.1416E6	
1224	-6.9809E-1	1.6800E2	1.5282E0	2.1438E6	
1225	-6.9679E-1	1.6992E2	1.5337E0	2.1461E6	
1226	-6.9832E-1	1.6766E2	1.5395E0	2.1483E6	
1227	-6.9939E-1	1.6607E2	1.5451E0	2.1505E6	
1228	-6.9794E-1	1.6823E2	1.5507E0	2.1527E6	
1229	-6.9679E-1	1.6992E2	1.5563E0	2.1549E6	
1230	-6.9839E-1	1.6755E2	1.5620E0	2.1572E6	
1231	-6.9855E-1	1.6732E2	1.5677E0	2.1594E6	
1232	-6.9908E-1	1.6653E2	1.5734E0	2.1616E6	
1233	-7.0168E-1	1.6268E2	1.5790E0	2.1638E6	
1234	-6.9847E-1	1.6743E2	1.5847E0	2.1660E6	
1235	-6.9855E-1	1.6732E2	1.5903E0	2.1683E6	
1236	-6.9679E-1	1.6992E2	1.5961E0	2.1705E6	
1237	-6.9817E-1	1.6789E2	1.6017E0	2.1727E6	
1238	-6.9687E-1	1.6981E2	1.6073E0	2.1749E6	
1239	-6.9794E-1	1.6823E2	1.6131E0	2.1771E6	
1240	-6.9763E-1	1.6868E2	1.6188E0	2.1794E6	
1241	-6.9756E-1	1.6879E2	1.6245E0	2.1816E6	
1242	-6.9969E-1	1.6562E2	1.6302E0	2.1838E6	
1243	-6.9733E-1	1.6913E2	1.6358E0	2.1860E6	
1244	-6.9984E-1	1.6539E2	1.6415E0	2.1882E6	
1245	-7.0023E-1	1.6483E2	1.6473E0	2.1905E6	
1246	-6.9984E-1	1.6539E2	1.6531E0	2.1927E6	
1247	-6.9809E-1	1.6800E2	1.6587E0	2.1949E6	
1248	-6.9679E-1	1.6992E2	1.6645E0	2.1971E6	
1249	-6.9878E-1	1.6698E2	1.6702E0	2.1993E6	
1250	-6.9984E-1	1.6539E2	1.6760E0	2.2016E6	
1251	-7.0175E-1	1.6256E2	1.6817E0	2.2038E6	
1252	-7.0084E-1	1.6392E2	1.6875E0	2.2060E6	
1253	-7.0061E-1	1.6426E2	1.6932E0	2.2082E6	
1254	-6.9870E-1	1.6709E2	1.6989E0	2.2104E6	
1255	-7.0061E-1	1.6426E2	1.7047E0	2.2127E6	
1256	-7.0000E-1	1.6517E2	1.7105E0	2.2149E6	
1257	-6.9824E-1	1.6777E2	1.7162E0	2.2171E6	
1258	-7.0053E-1	1.6438E2	1.7220E0	2.2193E6	
1259	-7.0091E-1	1.6381E2	1.7277E0	2.2215E6	
1260	-7.0183E-1	1.6245E2	1.7335E0	2.2238E6	
1261	-6.9908E-1	1.6653E2	1.7393E0	2.2260E6	
1262	-7.0122E-1	1.6336E2	1.7451E0	2.2282E6	
1263	-7.0290E-1	1.6087E2	1.7509E0	2.2304E6	
1264	-7.0297E-1	1.6075E2	1.7567E0	2.2326E6	
1265	-7.0412E-1	1.5905E2	1.7625E0	2.2349E6	
1266	-7.0206E-1	1.6211E2	1.7684E0	2.2371E6	
1267	-7.0442E-1	1.5860E2	1.7742E0	2.2393E6	
1268	-7.0366E-1	1.5973E2	1.7800E0	2.2415E6	
1269	-7.0358E-1	1.5985E2	1.7857E0	2.2437E6	
1270	-7.0358E-1	1.5985E2	1.7916E0	2.2460E6	
1271	-7.0572E-1	1.5668E2	1.7974E0	2.2482E6	
1272	-7.0343E-1	1.6007E2	1.8033E0	2.2504E6	
1273	-7.0602E-1	1.5622E2	1.8091E0	2.2526E6	
1274	-7.0541E-1	1.5713E2	1.8150E0	2.2548E6	
1275	-7.0534E-1	1.5724E2	1.8208E0	2.2571E6	
1276	-7.0656E-1	1.5543E2	1.8267E0	2.2593E6	
1277	-7.0770E-1	1.5373E2	1.8326E0	2.2615E6	
1278	-7.0587E-1	1.5645E2	1.8384E0	2.2637E6	
1279	-7.0854E-1	1.5249E2	1.8442E0	2.2659E6	
1280	-7.0793E-1	1.5339E2	1.8501E0	2.2682E6	
1281	-7.0839E-1	1.5271E2	1.8560E0	2.2704E6	
1282	-7.0908E-1	1.5169E2	1.8618E0	2.2726E6	
1283	-7.0976E-1	1.5068E2	1.8677E0	2.2748E6	
1284	-7.0915E-1	1.5158E2	1.8738E0	2.2770E6	
1285	-7.0854E-1	1.5249E2	1.8795E0	2.2793E6	
1286	-7.1045E-1	1.4966E2	1.8855E0	2.2815E6	
1287	-7.0801E-1	1.5328E2	1.8914E0	2.2837E6	
1288	-7.0915E-1	1.5158E2	1.8972E0	2.2859E6	
1289	-7.0900E-1	1.5181E2	1.9032E0	2.2881E6	
1290	-7.0976E-1	1.5068E2	1.9090E0	2.2904E6	
1291	-7.1114E-1	1.4864E2	1.9149E0	2.2926E6	
1292	-7.0915E-1	1.5158E2	1.9209E0	2.2948E6	
1293	-7.1091E-1	1.4898E2	1.9269E0	2.2970E6	
1294	-7.1114E-1	1.4864E2	1.9327E0	2.2992E6	
1295	-7.0999E-1	1.5034E2	1.9387E0	2.3015E6	
1296	-7.1152E-1	1.4807E2	1.9446E0	2.3037E6	
1297	-7.1091E-1	1.4898E2	1.9506E0	2.3059E6	
1298	-7.1091E-1	1.4898E2	1.9565E0	2.3081E6	
1299	-7.1106E-1	1.4875E2	1.9625E0	2.3103E6	
1300	-7.1388E-1	1.4456E2	1.9685E0	2.3126E6	
1301	-7.1167E-1	1.4784E2	1.9744E0	2.3148E6	
1302	-7.1182E-1	1.4762E2	1.9805E0	2.3170E6	
1303	-7.1213E-1	1.4717E2	1.9864E0	2.3192E6	
1304	-7.1114E-1	1.4864E2	1.9923E0	2.3214E6	
1305	-7.1106E-1	1.4875E2	1.9984E0	2.3237E6	
1306	-7.1251E-1	1.4660E2	2.0043E0	2.3259E6	
1307	-7.1419E-1	1.4411E2	2.0104E0	2.3281E6	
1308	-7.1129E-1	1.4841E2	2.0164E0	2.3303E6	
1309	-7.1434E-1	1.4388E2	2.0223E0	2.3325E6	
1310	-7.1297E-1	1.4592E2	2.0284E0	2.3348E6	
1311	-7.1251E-1	1.4660E2	2.0344E0	2.3370E6	
1312	-7.1259E-1	1.4649E2	2.0404E0	2.3392E6	
1313	-7.1129E-1	1.4841E2	2.0465E0	2.3414E6	
1314	-7.1449E-1	1.4366E2	2.0524E0	2.3436E6	
1315	-7.1526E-1	1.4252E2	2.0586E0	2.3459E6	
1316	-7.1182E-1	1.4762E2	2.0645E0	2.3481E6	
1317	-7.1198E-1	1.4739E2	2.0705E0	2.3503E6	
1318	-7.1297E-1	1.4592E2	2.0767E0	2.3525E6	
1319	-7.1510E-1	1.4275E2	2.0827E0	2.3547E6	
1320	-7.1259E-1	1.4649E2	2.0888E0	2.3570E6	
1321	-7.1136E-1	1.4830E2	2.0948E0	2.3592E6	
1322	-7.1457E-1	1.4354E2	2.1008E0	2.3614E6	
1323	-7.1411E-1	1.4422E2	2.1070E0	2.3636E6	
1324	-7.1609E-1	1.4128E2	2.1130E0	2.3658E6	
1325	-7.1404E-1	1.4433E2	2.1192E0	2.3681E6	
1326	-7.1434E-1	1.4388E2	2.1252E0	2.3703E6	
1327	-7.1442E-1	1.4377E2	2.1313E0	2.3725E6	
1328	-7.1671E-1	1.4037E2	2.1374E0	2.3747E6	
1329	-7.1770E-1	1.3890E2	2.1435E0	2.3769E6	
1330	-7.1335E-1	1.4535E2	2.1496E0	2.3792E6	
1331	-7.1487E-1	1.4309E2	2.1558E0	2.3814E6	
1332	-7.1648E-1	1.4071E2	2.1618E0	2.3836E6	
1333	-7.1510E-1	1.4275E2	2.1680E0	2.3858E6	
1334	-7.1602E-1	1.4139E2	2.1741E0	2.3880E6	
1335	-7.1747E-1	1.3924E2	2.1803E0	2.3903E6	
1336	-7.1404E-1	1.4433E2	2.1863E0	2.3925E6	
1337	-7.1686E-1	1.4015E2	2.1925E0	2.3947E6	
1338	-7.1548E-1	1.4218E2	2.1986E0	2.3969E6	
1339	-7.1907E-1	1.3686E2	2.2047E0	2.3991E6	
1340	-7.1785E-1	1.3867E2	2.2109E0	2.4014E6	
1341	-7.1815E-1	1.3822E2	2.2171E0	2.4036E6	
1342	-7.1754E-1	1.3913E2	2.2233E0	2.4058E6	
1343	-7.1770E-1	1.3890E2	2.2294E0	2.4080E6	
1344	-7.1793E-1	1.3856E2	2.2356E0	2.4102E6	
1345	-7.1747E-1	1.3924E2	2.2417E0	2.4125E6	
1346	-7.1770E-1	1.3890E2	2.2480E0	2.4147E6	
1347	-7.1930E-1	1.3652E2	2.2543E0	2.4169E6	
1348	-7.2151E-1	1.3324E2	2.2604E0	2.4191E6	
1349	-7.2037E-1	1.3494E2	2.2665E0	2.4213E6	
1350	-7.1846E-1	1.3777E2	2.2728E0	2.4236E6	
1351	-7.2067E-1	1.3448E2	2.2789E0	2.4258E6	
1352	-7.2075E-1	1.3437E2	2.2851E0	2.4280E6	
1353	-7.2403E-1	1.2950E2	2.2913E0	2.4302E6	
1354	-7.2174E-1	1.3290E2	2.2975E0	2.4324E6	
1355	-7.2319E-1	1.3075E2	2.3038E0	2.4347E6	
1356	-7.2205E-1	1.3245E2	2.3101E0	2.4369E6	
1357	-7.2441E-1	1.2894E2	2.3162E0	2.4391E6	
1358	-7.2350E-1	1.3029E2	2.3225E0	2.4413E6	
1359	-7.2311E-1	1.3086E2	2.3287E0	2.4435E6	
1360	-7.2136E-1	1.3346E2	2.3351E0	2.4458E6	
1361	-7.2411E-1	1.2939E2	2.3413E0	2.4480E6	
1362	-7.2563E-1	1.2712E2	2.3475E0	2.4502E6	
1363	-7.2548E-1	1.2735E2	2.3539E0	2.4524E6	
1364	-7.2388E-1	1.2973E2	2.3601E0	2.4546E6	
1365	-7.2670E-1	1.2554E2	2.3664E0	2.4569E6	
1366	-7.2479E-1	1.2837E2	2.3726E0	2.4591E6	
1367	-7.2334E-1	1.3052E2	2.3789E0	2.4613E6	
1368	-7.2624E-1	1.2622E2	2.3852E0	2.4635E6	
1369	-7.2723E-1	1.2475E2	2.3915E0	2.4657E6	
1370	-7.2502E-1	1.2803E2	2.3979E0	2.4680E6	
1371	-7.2632E-1	1.2611E2	2.4040E0	2.4702E6	
1372	-7.2502E-1	1.2803E2	2.4104E0	2.4724E6	
1373	-7.2540E-1	1.2746E2	2.4167E0	2.4746E6	
1374	-7.2708E-1	1.2497E2	2.4230E0	2.4768E6	
1375	-7.2502E-1	1.2803E2	2.4293E0	2.4791E6	
1376	-7.2701E-1	1.2509E2	2.4357E0	2.4813E6	
1377	-7.2632E-1	1.2611E2	2.4420E0	2.4835E6	
1378	-7.2777E-1	1.2395E2	2.4483E0	2.4857E6	
1379	-7.2746E-1	1.2441E2	2.4546E0	2.4879E6	
1380	-7.2708E-1	1.2497E2	2.4610E0	2.4902E6	
1381	-7.2701E-1	1.2509E2	2.4672E0	2.4924E6	
1382	-7.2548E-1	1.2735E2	2.4736E0	2.4946E6	
1383	-7.2571E-1	1.2701E2	2.4800E0	2.4968E6	
1384	-7.2632E-1	1.2611E2	2.4864E0	2.4990E6	
1385	-7.2639E-1	1.2599E2	2.4927E0	2.5013E6	
1386	-7.2823E-1	1.2327E2	2.4990E0	2.5035E6	
1387	-7.2754E-1	1.2429E2	2.5055E0	2.5057E6	
1388	-7.2838E-1	1.2305E2	2.5118E0	2.5079E6	
1389	-7.2723E-1	1.2475E2	2.5183E0	2.5101E6	
1390	-7.2609E-1	1.2644E2	2.5247E0	2.5124E6	
1391	-7.2693E-1	1.2520E2	2.5310E0	2.5146E6	
1392	-7.2906E-1	1.2203E2	2.5374E0	2.5168E6	
1393	-7.2922E-1	1.2180E2	2.5438E0	2.5190E6	
1394	-7.2777E-1	1.2395E2	2.5502E0	2.5212E6	
1395	-7.2731E-1	1.2463E2	2.5566E0	2.5235E6	
1396	-7.2922E-1	1.2180E2	2.5630E0	2.5257E6	
1397	-7.2868E-1	1.2260E2	2.5693E0	2.5279E6	
1398	-7.2945E-1	1.2146E2	2.5758E0	2.5301E6	
1399	-7.2952E-1	1.2135E2	2.5822E0	2.5323E6	
1400	-7.2624E-1	1.2622E2	2.5887E0	2.5346E6	
1401	-7.2983E-1	1.2090E2	2.5951E0	2.5368E6	
1402	-7.3013E-1	1.2044E2	2.6015E0	2.5390E6	
1403	-7.2983E-1	1.2090E2	2.6079E0	2.5412E6	
1404	-7.2861E-1	1.2271E2	2.6144E0	2.5434E6	
1405	-7.2868E-1	1.2260E2	2.6209E0	2.5457E6	
1406	-7.2823E-1	1.2327E2	2.6273E0	2.5479E6	
1407	-7.3021E-1	1.2033E2	2.6338E0	2.5501E6	
1408	-7.2914E-1	1.2192E2	2.6402E0	2.5523E6	
1409	-7.3067E-1	1.1965E2	2.6467E0	2.5545E6	
1410	-7.3097E-1	1.1920E2	2.6532E0	2.5568E6	
1411	-7.3013E-1	1.2044E2	2.6596E0	2.5590E6	
1412	-7.3235E-1	1.1716E2	2.6662E0	2.5612E6	
1413	-7.3021E-1	1.2033E2	2.6726E0	2.5634E6	
1414	-7.3357E-1	1.1535E2	2.6791E0	2.5656E6	
1415	-7.3273E-1	1.1659E2	2.6857E0	2.5679E6	
1416	-7.3334E-1	1.1569E2	2.6921E0	2.5701E6	
1417	-7.3235E-1	1.1716E2	2.6986E0	2.5723E6	
1418	-7.3326E-1	1.1580E2	2.7051E0	2.5745E6	
1419	-7.3326E-1	1.1580E2	2.7115E0	2.5767E6	
1420	-7.3624E-1	1.1139E2	2.7181E0	2.5790E6	
1421	-7.3486E-1	1.1342E2	2.7247E0	2.5812E6	
1422	-7.3479E-1	1.1354E2	2.7311E0	2.5834E6	
1423	-7.3532E-1	1.1274E2	2.7377E0	2.5856E6	
1424	-7.3486E-1	1.1342E2	2.7441E0	2.5878E6	
1425	-7.3586E-1	1.1195E2	2.7507E0	2.5901E6	
1426	-7.3532E-1	1.1274E2	2.7573E0	2.5923E6	
1427	-7.3532E-1	1.1274E2	2.7637E0	2.5945E6	
1428	-7.3669E-1	1.1071E2	2.7704E0	2.5967E6	
1429	-7.3944E-1	1.0663E2	2.7769E0	2.5989E6	
1430	-7.3769E-1	1.0923E2	2.7834E0	2.6012E6	
1431	-7.3944E-1	1.0663E2	2.7900E0	2.6034E6	
1432	-7.3730E-1	1.0980E2	2.7966E0	2.6056E6	
1433	-7.3761E-1	1.0935E2	2.8032E0	2.6078E6	
1434	-7.4005E-1	1.0572E2	2.8098E0	2.6100E6	
1435	-7.3799E-1	1.0878E2	2.8163E0	2.6123E6	
1436	-7.4028E-1	1.0538E2	2.8229E0	2.6145E6	
1437	-7.4028E-1	1.0538E2	2.8295E0	2.6167E6	
1438	-7.3914E-1	1.0708E2	2.8362E0	2.6189E6	
1439	-7.4181E-1	1.0312E2	2.8427E0	2.6211E6	
1440	-7.4196E-1	1.0289E2	2.8492E0	2.6234E6	
1441	-7.4043E-1	1.0516E2	2.8558E0	2.6256E6	
1442	-7.4043E-1	1.0516E2	2.8624E0	2.6278E6	
1443	-7.4120E-1	1.0403E2	2.8690E0	2.6300E6	
1444	-7.4104E-1	1.0425E2	2.8756E0	2.6322E6	
1445	-7.3944E-1	1.0663E2	2.8823E0	2.6345E6	
1446	-7.3982E-1	1.0606E2	2.8889E0	2.6367E6	
1447	-7.4104E-1	1.0425E2	2.8955E0	2.6389E6	
1448	-7.4081E-1	1.0459E2	2.9021E0	2.6411E6	
1449	-7.4265E-1	1.0187E2	2.9087E0	2.6433E6	
1450	-7.4348E-1	1.0063E2	2.9154E0	2.6456E6	
1451	-7.4257E-1	1.0199E2	2.9221E0	2.6478E6	
1452	-7.4219E-1	1.0255E2	2.9287E0	2.6500E6	
1453	-7.4242E-1	1.0221E2	2.9353E0	2.6522E6	
1454	-7.4158E-1	1.0346E2	2.9420E0	2.6544E6	
1455	-7.4089E-1	1.0448E2	2.9485E0	2.6567E6	
1456	-7.3990E-1	1.0595E2	2.9553E0	2.6589E6	
1457	-7.4089E-1	1.0448E2	2.9620E0	2.6611E6	
1458	-7.4257E-1	1.0199E2	2.9687E0	2.6633E6	
1459	-7.4310E-1	1.0120E2	2.9753E0	2.6655E6	
1460	-7.4234E-1	1.0233E2	2.9820E0	2.6678E6	
1461	-7.4394E-1	9.9950E1	2.9887E0	2.6700E6	
1462	-7.4173E-1	1.0323E2	2.9953E0	2.6722E6	
1463	-7.4226E-1	1.0244E2	3.0021E0	2.6744E6	
1464	-7.4318E-1	1.0108E2	3.0088E0	2.6766E6	
1465	-7.4440E-1	9.9271E1	3.0155E0	2.6789E6	
1466	-7.4165E-1	1.0335E2	3.0221E0	2.6811E6	
1467	-7.4257E-1	1.0199E2	3.0288E0	2.6833E6	
1468	-7.4165E-1	1.0335E2	3.0356E0	2.6855E6	
1469	-7.4142E-1	1.0369E2	3.0422E0	2.6877E6	
1470	-7.4440E-1	9.9271E1	3.0489E0	2.6900E6	
1471	-7.4463E-1	9.8931E1	3.0557E0	2.6922E6	
1472	-7.4341E-1	1.0074E2	3.0624E0	2.6944E6	
1473	-7.4516E-1	9.8138E1	3.0692E0	2.6966E6	
1474	-7.4608E-1	9.6780E1	3.0758E0	2.6988E6	
1475	-7.4493E-1	9.8478E1	3.0825E0	2.7011E6	
1476	-7.4593E-1	9.7006E1	3.0893E0	2.7033E6	
1477	-7.4585E-1	9.7119E1	3.0961E0	2.7055E6	
1478	-7.4677E-1	9.5761E1	3.1028E0	2.7077E6	
1479	-7.4753E-1	9.4628E1	3.1096E0	2.7099E6	
1480	-7.4768E-1	9.4402E1	3.1163E0	2.7122E6	
1481	-7.4844E-1	9.3270E1	3.1231E0	2.7144E6	
1482	-7.4753E-1	9.4628E1	3.1298E0	2.7166E6	
1483	-7.4860E-1	9.3043E1	3.1366E0	2.7188E6	
1484	-7.4783E-1	9.4176E1	3.1433E0	2.7210E6	
1485	-7.4837E-1	9.3383E1	3.1502E0	2.7233E6	
1486	-7.4791E-1	9.4062E1	3.1569E0	2.7255E6	
1487	-7.4860E-1	9.3043E1	3.1637E0	2.7277E6	
1488	-7.5218E-1	8.7722E1	3.1705E0	2.7299E6	
1489	-7.5119E-1	8.9194E1	3.1772E0	2.7321E6	
1490	-7.5165E-1	8.8514E1	3.1840E0	2.7344E6	
1491	-7.4936E-1	9.1911E1	3.1908E0	2.7366E6	
1492	-7.5127E-1	8.9080E1	3.1975E0	2.7388E6	
1493	-7.5111E-1	8.9307E1	3.2044E0	2.7410E6	
1494	-7.5348E-1	8.5797E1	3.2113E0	2.7432E6	
1495	-7.5279E-1	8.6816E1	3.2180E0	2.7455E6	
1496	-7.5241E-1	8.7382E1	3.2248E0	2.7477E6	
1497	-7.5508E-1	8.3419E1	3.2317E0	2.7499E6	
1498	-7.5256E-1	8.7156E1	3.2386E0	2.7521E6	
1499	-7.5592E-1	8.2174E1	3.2454E0	2.7543E6	
1500	-7.5195E-1	8.8061E1	3.2521E0	2.7566E6	
1501	-7.5493E-1	8.3646E1	3.2591E0	2.7588E6	
1502	-7.5500E-1	8.3532E1	3.2659E0	2.7610E6	
1503	-7.5493E-1	8.3646E1	3.2727E0	2.7632E6	
1504	-7.5485E-1	8.3759E1	3.2795E0	2.7654E6	
1505	-7.5600E-1	8.2060E1	3.2864E0	2.7677E6	
1506	-7.5340E-1	8.5910E1	3.2932E0	2.7699E6	
1507	-7.5470E-1	8.3985E1	3.3000E0	2.7721E6	
1508	-7.5005E-1	9.0892E1	3.3070E0	2.7743E6	
1509	-7.5531E-1	8.3079E1	3.3138E0	2.7765E6	
1510	-7.5500E-1	8.3532E1	3.3207E0	2.7788E6	
1511	-7.5401E-1	8.5004E1	3.3275E0	2.7810E6	
1512	-7.5493E-1	8.3646E1	3.3345E0	2.7832E6	
1513	-7.5371E-1	8.5457E1	3.3412E0	2.7854E6	
1514	-7.5439E-1	8.4438E1	3.3482E0	2.7876E6	
1515	-7.5340E-1	8.5910E1	3.3551E0	2.7899E6	
1516	-7.5516E-1	8.3306E1	3.3620E0	2.7921E6	
1517	-7.5745E-1	7.9909E1	3.3689E0	2.7943E6	
1518	-7.5630E-1	8.1608E1	3.3757E0	2.7965E6	
1519	-7.5752E-1	7.9796E1	3.3827E0	2.7987E6	
1520	-7.5592E-1	8.2174E1	3.3895E0	2.8010E6	
1521	-7.5813E-1	7.8890E1	3.3964E0	2.8032E6	
1522	-7.5500E-1	8.3532E1	3.4034E0	2.8054E6	
1523	-7.5638E-1	8.1494E1	3.4102E0	2.8076E6	
1524	-7.5615E-1	8.1834E1	3.4172E0	2.8098E6	
1525	-7.5592E-1	8.2174E1	3.4242E0	2.8121E6	
1526	-7.5523E-1	8.3193E1	3.4310E0	2.8143E6	
1527	-7.5897E-1	7.7645E1	3.4380E0	2.8165E6	
1528	-7.5722E-1	8.0249E1	3.4449E0	2.8187E6	
1529	-7.5493E-1	8.3646E1	3.4519E0	2.8209E6	
1530	-7.5752E-1	7.9796E1	3.4588E0	2.8232E6	
1531	-7.5897E-1	7.7645E1	3.4657E0	2.8254E6	
1532	-7.5508E-1	8.3419E1	3.4727E0	2.8276E6	
1533	-7.5905E-1	7.7531E1	3.4796E0	2.8298E6	
1534	-7.5645E-1	8.1381E1	3.4866E0	2.8320E6	
1535	-7.5699E-1	8.0588E1	3.4936E0	2.8343E6	
1536	-7.5981E-1	7.6399E1	3.5006E0	2.8365E6	
1537	-7.5928E-1	7.7192E1	3.5075E0	2.8387E6	
1538	-7.5890E-1	7.7758E1	3.5145E0	2.8409E6	
1539	-7.6050E-1	7.5380E1	3.5214E0	2.8431E6	
1540	-7.6180E-1	7.3455E1	3.5284E0	2.8454E6	
1541	-7.5996E-1	7.6173E1	3.5354E0	2.8476E6	
1542	-7.6088E-1	7.4814E1	3.5423E0	2.8498E6	
1543	-7.6126E-1	7.4248E1	3.5493E0	2.8520E6	
1544	-7.5928E-1	7.7192E1	3.5564E0	2.8542E6	
1545	-7.6347E-1	7.0964E1	3.5635E0	2.8565E6	
1546	-7.6172E-1	7.3568E1	3.5704E0	2.8587E6	
1547	-7.6248E-1	7.2436E1	3.5774E0	2.8609E6	
1548	-7.6164E-1	7.3682E1	3.5843E0	2.8631E6	
1549	-7.6340E-1	7.1078E1	3.5914E0	2.8653E6	
1550	-7.6164E-1	7.3682E1	3.5984E0	2.8676E6	
1551	-7.6233E-1	7.2663E1	3.6055E0	2.8698E6	
1552	-7.6279E-1	7.1983E1	3.6124E0	2.8720E6	
1553	-7.6324E-1	7.1304E1	3.6194E0	2.8742E6	
1554	-7.6408E-1	7.0058E1	3.6266E0	2.8764E6	
1555	-7.6317E-1	7.1417E1	3.6335E0	2.8787E6	
1556	-7.6355E-1	7.0851E1	3.6405E0	2.8809E6	
1557	-7.6591E-1	6.7341E1	3.6476E0	2.8831E6	
1558	-7.6591E-1	6.7341E1	3.6547E0	2.8853E6	
1559	-7.6706E-1	6.5643E1	3.6617E0	2.8875E6	
1560	-7.6324E-1	7.1304E1	3.6686E0	2.8898E6	
1561	-7.6668E-1	6.6209E1	3.6757E0	2.8920E6	
1562	-7.6645E-1	6.6548E1	3.6828E0	2.8942E6	
1563	-7.6759E-1	6.4850E1	3.6899E0	2.8964E6	
1564	-7.6698E-1	6.5756E1	3.6969E0	2.8986E6	
1565	-7.6607E-1	6.7115E1	3.7040E0	2.9009E6	
1566	-7.6530E-1	6.8247E1	3.7110E0	2.9031E6	
1567	-7.6881E-1	6.3038E1	3.7182E0	2.9053E6	
1568	-7.6981E-1	6.1567E1	3.7252E0	2.9075E6	
1569	-7.7011E-1	6.1114E1	3.7324E0	2.9097E6	
1570	-7.7080E-1	6.0095E1	3.7394E0	2.9120E6	
1571	-7.7118E-1	5.9528E1	3.7464E0	2.9142E6	
1572	-7.6866E-1	6.3265E1	3.7536E0	2.9164E6	
1573	-7.6851E-1	6.3491E1	3.7606E0	2.9186E6	
1574	-7.6843E-1	6.3605E1	3.7678E0	2.9208E6	
1575	-7.6851E-1	6.3491E1	3.7749E0	2.9231E6	
1576	-7.7011E-1	6.1114E1	3.7819E0	2.9253E6	
1577	-7.7034E-1	6.0774E1	3.7891E0	2.9275E6	
1578	-7.7087E-1	5.9981E1	3.7963E0	2.9297E6	
1579	-7.6996E-1	6.1340E1	3.8033E0	2.9319E6	
1580	-7.6927E-1	6.2359E1	3.8105E0	2.9342E6	
1581	-7.6714E-1	6.5529E1	3.8175E0	2.9364E6	
1582	-7.6996E-1	6.1340E1	3.8247E0	2.9386E6	
1583	-7.7255E-1	5.7490E1	3.8317E0	2.9408E6	
1584	-7.7080E-1	6.0095E1	3.8390E0	2.9430E6	
1585	-7.7248E-1	5.7604E1	3.8461E0	2.9453E6	
1586	-7.7141E-1	5.9189E1	3.8532E0	2.9475E6	
1587	-7.7065E-1	6.0321E1	3.8603E0	2.9497E6	
1588	-7.7164E-1	5.8849E1	3.8675E0	2.9519E6	
1589	-7.7065E-1	6.0321E1	3.8747E0	2.9541E6	
1590	-7.7026E-1	6.0887E1	3.8818E0	2.9564E6	
1591	-7.7034E-1	6.0774E1	3.8890E0	2.9586E6	
1592	-7.7339E-1	5.6245E1	3.8961E0	2.9608E6	
1593	-7.7179E-1	5.8623E1	3.9032E0	2.9630E6	
1594	-7.7019E-1	6.1000E1	3.9104E0	2.9652E6	
1595	-7.7179E-1	5.8623E1	3.9176E0	2.9675E6	
1596	-7.7225E-1	5.7943E1	3.9248E0	2.9697E6	
1597	-7.7187E-1	5.8509E1	3.9320E0	2.9719E6	
1598	-7.7263E-1	5.7377E1	3.9392E0	2.9741E6	
1599	-7.7309E-1	5.6698E1	3.9464E0	2.9763E6	
1600	-7.7248E-1	5.7604E1	3.9535E0	2.9786E6	
1601	-7.7263E-1	5.7377E1	3.9606E0	2.9808E6	
1602	-7.7148E-1	5.9076E1	3.9680E0	2.9830E6	
1603	-7.7301E-1	5.6811E1	3.9751E0	2.9852E6	
1604	-7.7286E-1	5.7038E1	3.9822E0	2.9874E6	
1605	-7.7446E-1	5.4660E1	3.9895E0	2.9897E6	
1606	-7.7354E-1	5.6018E1	3.9966E0	2.9919E6	
1607	-7.7446E-1	5.4660E1	4.0039E0	2.9941E6	
1608	-7.7782E-1	4.9678E1	4.0111E0	2.9963E6	
1609	-7.7675E-1	5.1263E1	4.0183E0	2.9985E6	
1610	-7.7690E-1	5.1037E1	4.0256E0	3.0008E6	
1611	-7.7759E-1	5.0018E1	4.0327E0	3.0030E6	
1612	-7.7888E-1	4.8093E1	4.0399E0	3.0052E6	
1613	-7.7728E-1	5.0470E1	4.0471E0	3.0074E6	
1614	-7.7827E-1	4.8998E1	4.0545E0	3.0096E6	
1615	-7.7728E-1	5.0470E1	4.0617E0	3.0119E6	
1616	-7.7820E-1	4.9112E1	4.0689E0	3.0141E6	
1617	-7.7728E-1	5.0470E1	4.0761E0	3.0163E6	
1618	-7.7621E-1	5.2056E1	4.0835E0	3.0185E6	
1619	-7.7927E-1	4.7527E1	4.0907E0	3.0207E6	
1620	-7.7835E-1	4.8885E1	4.0978E0	3.0230E6	
1621	-7.8110E-1	4.4809E1	4.1051E0	3.0252E6	
1622	-7.8056E-1	4.5602E1	4.1124E0	3.0274E6	
1623	-7.7858E-1	4.8546E1	4.1196E0	3.0296E6	
1624	-7.8117E-1	4.4696E1	4.1270E0	3.0318E6	
1625	-7.8072E-1	4.5375E1	4.1341E0	3.0341E6	
1626	-7.7934E-1	4.7413E1	4.1415E0	3.0363E6	
1627	-7.8102E-1	4.4922E1	4.1488E0	3.0385E6	
1628	-7.8178E-1	4.3790E1	4.1560E0	3.0407E6	
1629	-7.7919E-1	4.7640E1	4.1634E0	3.0429E6	
1630	-7.8110E-1	4.4809E1	4.1706E0	3.0452E6	
1631	-7.8262E-1	4.2545E1	4.1778E0	3.0474E6	
1632	-7.8423E-1	4.0167E1	4.1851E0	3.0496E6	
1633	-7.8278E-1	4.2318E1	4.1924E0	3.0518E6	
1634	-7.8148E-1	4.4243E1	4.1997E0	3.0540E6	
1635	-7.8423E-1	4.0167E1	4.2070E0	3.0563E6	
1636	-7.8400E-1	4.0507E1	4.2143E0	3.0585E6	
1637	-7.8033E-1	4.5941E1	4.2216E0	3.0607E6	
1638	-7.8285E-1	4.2205E1	4.2289E0	3.0629E6	
1639	-7.8171E-1	4.3903E1	4.2363E0	3.0651E6	
1640	-7.8392E-1	4.0620E1	4.2435E0	3.0674E6	
1641	-7.8323E-1	4.1639E1	4.2509E0	3.0696E6	
1642	-7.8682E-1	3.6317E1	4.2582E0	3.0718E6	
1643	-7.8415E-1	4.0280E1	4.2655E0	3.0740E6	
1644	-7.8423E-1	4.0167E1	4.2728E0	3.0762E6	
1645	-7.8369E-1	4.0959E1	4.2802E0	3.0785E6	
1646	-7.8110E-1	4.4809E1	4.2875E0	3.0807E6	
1647	-7.8499E-1	3.9035E1	4.2949E0	3.0829E6	
1648	-7.8690E-1	3.6204E1	4.3021E0	3.0851E6	
1649	-7.8506E-1	3.8921E1	4.3095E0	3.0873E6	
1650	-7.8316E-1	4.1752E1	4.3169E0	3.0896E6	
1651	-7.8423E-1	4.0167E1	4.3242E0	3.0918E6	
1652	-7.8522E-1	3.8695E1	4.3315E0	3.0940E6	
1653	-7.8522E-1	3.8695E1	4.3389E0	3.0962E6	
1654	-7.8476E-1	3.9374E1	4.3463E0	3.0984E6	
1655	-7.8484E-1	3.9261E1	4.3535E0	3.1007E6	
1656	-7.8697E-1	3.6091E1	4.3610E0	3.1029E6	
1657	-7.8705E-1	3.5978E1	4.3684E0	3.1051E6	
1658	-7.8644E-1	3.6883E1	4.3757E0	3.1073E6	
1659	-7.8697E-1	3.6091E1	4.3831E0	3.1095E6	
1660	-7.8606E-1	3.7449E1	4.3904E0	3.1118E6	
1661	-7.8842E-1	3.3939E1	4.3978E0	3.1140E6	
1662	-7.8659E-1	3.6657E1	4.4051E0	3.1162E6	
1663	-7.8857E-1	3.3713E1	4.4126E0	3.1184E6	
1664	-7.8766E-1	3.5072E1	4.4199E0	3.1206E6	
1665	-7.8636E-1	3.6997E1	4.4273E0	3.1229E6	
1666	-7.8590E-1	3.7676E1	4.4347E0	3.1251E6	
1667	-7.8644E-1	3.6883E1	4.4421E0	3.1273E6	
1668	-7.8728E-1	3.5638E1	4.4495E0	3.1295E6	
1669	-7.8827E-1	3.4166E1	4.4569E0	3.1317E6	
1670	-7.8735E-1	3.5525E1	4.4642E0	3.1340E6	
1671	-7.8972E-1	3.2015E1	4.4716E0	3.1362E6	
1672	-7.9033E-1	3.1109E1	4.4789E0	3.1384E6	
1673	-7.9247E-1	2.7939E1	4.4864E0	3.1406E6	
1674	-7.9170E-1	2.9071E1	4.4939E0	3.1428E6	
1675	-7.9033E-1	3.1109E1	4.5013E0	3.1451E6	
1676	-7.9369E-1	2.6127E1	4.5087E0	3.1473E6	
1677	-7.8979E-1	3.1901E1	4.5160E0	3.1495E6	
1678	-7.9124E-1	2.9750E1	4.5234E0	3.1517E6	
1679	-7.9185E-1	2.8844E1	4.5310E0	3.1539E6	
1680	-7.9437E-1	2.5108E1	4.5382E0	3.1562E6	
1681	-7.9193E-1	2.8731E1	4.5458E0	3.1584E6	
1682	-7.9254E-1	2.7825E1	4.5531E0	3.1606E6	
1683	-7.9514E-1	2.3976E1	4.5606E0	3.1628E6	
1684	-7.9239E-1	2.8052E1	4.5680E0	3.1650E6	
1685	-7.9529E-1	2.3749E1	4.5754E0	3.1673E6	
1686	-7.9498E-1	2.4202E1	4.5827E0	3.1695E6	
1687	-7.9453E-1	2.4881E1	4.5903E0	3.1717E6	
1688	-7.9269E-1	2.7599E1	4.5977E0	3.1739E6	
1689	-7.9353E-1	2.6353E1	4.6051E0	3.1761E6	
1690	-7.9407E-1	2.5561E1	4.6125E0	3.1784E6	
1691	-7.9865E-1	1.8767E1	4.6199E0	3.1806E6	
1692	-7.9597E-1	2.2730E1	4.6274E0	3.1828E6	
1693	-7.9567E-1	2.3183E1	4.6349E0	3.1850E6	
1694	-7.9613E-1	2.2504E1	4.6423E0	3.1872E6	
1695	-7.9811E-1	1.9560E1	4.6496E0	3.1895E6	
1696	-7.9613E-1	2.2504E1	4.6572E0	3.1917E6	
1697	-7.9681E-1	2.1485E1	4.6646E0	3.1939E6	
1698	-7.9681E-1	2.1485E1	4.6719E0	3.1961E6	
1699	-7.9567E-1	2.3183E1	4.6795E0	3.1983E6	
1700	-7.9765E-1	2.0239E1	4.6869E0	3.2006E6	
1701	-8.0032E-1	1.6276E1	4.6944E0	3.2028E6	
1702	-7.9781E-1	2.0013E1	4.7018E0	3.2050E6	
1703	-7.9681E-1	2.1485E1	4.7093E0	3.2072E6	
1704	-7.9758E-1	2.0352E1	4.7167E0	3.2094E6	
1705	-7.9727E-1	2.0805E1	4.7241E0	3.2117E6	
1706	-7.9781E-1	2.0013E1	4.7316E0	3.2139E6	
1707	-7.9865E-1	1.8767E1	4.7391E0	3.2161E6	
1708	-8.0032E-1	1.6276E1	4.7464E0	3.2183E6	
1709	-7.9727E-1	2.0805E1	4.7540E0	3.2205E6	
1710	-7.9926E-1	1.7861E1	4.7613E0	3.2228E6	
1711	-7.9819E-1	1.9447E1	4.7689E0	3.2250E6	
1712	-7.9811E-1	1.9560E1	4.7764E0	3.2272E6	
1713	-7.9704E-1	2.1145E1	4.7839E0	3.2294E6	
1714	-7.9788E-1	1.9899E1	4.7913E0	3.2316E6	
1715	-8.0070E-1	1.5710E1	4.7987E0	3.2339E6	
1716	-8.0040E-1	1.6163E1	4.8062E0	3.2361E6	
1717	-8.0055E-1	1.5937E1	4.8137E0	3.2383E6	
1718	-7.9941E-1	1.7635E1	4.8211E0	3.2405E6	
1719	-7.9857E-1	1.8880E1	4.8285E0	3.2427E6	
1720	-8.0109E-1	1.5144E1	4.8360E0	3.2450E6	
1721	-7.9964E-1	1.7295E1	4.8435E0	3.2472E6	
1722	-8.0101E-1	1.5257E1	4.8510E0	3.2494E6	
1723	-8.0177E-1	1.4125E1	4.8586E0	3.2516E6	
1724	-8.0299E-1	1.2313E1	4.8660E0	3.2538E6	
1725	-8.0429E-1	1.0389E1	4.8734E0	3.2561E6	
1726	-8.0276E-1	1.2653E1	4.8809E0	3.2583E6	
1727	-8.0200E-1	1.3785E1	4.8884E0	3.2605E6	
1728	-8.0292E-1	1.2427E1	4.8959E0	3.2627E6	
1729	-8.0284E-1	1.2540E1	4.9033E0	3.2649E6	
1730	-8.0132E-1	1.4804E1	4.9109E0	3.2672E6	
1731	-8.0734E-1	5.8595E0	4.9183E0	3.2694E6	
1732	-8.0284E-1	1.2540E1	4.9258E0	3.2716E6	
1733	-8.0727E-1	5.9727E0	4.9333E0	3.2738E6	
1734	-8.0551E-1	8.5769E0	4.9408E0	3.2760E6	
1735	-8.0338E-1	1.1747E1	4.9482E0	3.2783E6	
1736	-8.0467E-1	9.8224E0	4.9558E0	3.2805E6	
1737	-8.0750E-1	5.6330E0	4.9632E0	3.2827E6	
1738	-8.0711E-1	6.1992E0	4.9708E0	3.2849E6	
1739	-8.0536E-1	8.8034E0	4.9782E0	3.2871E6	
1740	-8.0635E-1	7.3314E0	4.9857E0	3.2894E6	
1741	-8.0597E-1	7.8976E0	4.9932E0	3.2916E6	
1742	-8.0757E-1	5.5198E0	5.0007E0	3.2938E6	
1743	-8.0780E-1	5.1801E0	5.0081E0	3.2960E6	
1744	-8.0818E-1	4.6140E0	5.0157E0	3.2982E6	
1745	-8.1116E-1	1.9820E-1	5.0232E0	3.3005E6	
1746	-8.0597E-1	7.8976E0	5.0307E0	3.3027E6	
1747	-8.0963E-1	2.4627E0	5.0382E0	3.3049E6	
1748	-8.0978E-1	2.2363E0	5.0457E0	3.3071E6	
1749	-8.0963E-1	2.4627E0	5.0531E0	3.3093E6	
1750	-8.0933E-1	2.9156E0	5.0606E0	3.3116E6	
1751	-8.1024E-1	1.5569E0	5.0681E0	3.3138E6	
1752	-8.0986E-1	2.1230E0	5.0757E0	3.3160E6	
1753	-8.1093E-1	5.3788E-1	5.0831E0	3.3182E6	
1754	-8.0902E-1	3.3685E0	5.0906E0	3.3204E6	
1755	-8.1055E-1	1.1040E0	5.0981E0	3.3227E6	
1756	-8.0864E-1	3.9346E0	5.1055E0	3.3249E6	
1757	-8.1276E-1	-2.1795E0	5.1131E0	3.3271E6	
1758	-8.1329E-1	-2.9721E0	5.1207E0	3.3293E6	
1759	-8.1100E-1	4.2465E-1	5.1281E0	3.3315E6	
1760	-8.0833E-1	4.3876E0	5.1357E0	3.3338E6	
1761	-8.1184E-1	-8.2083E-1	5.1431E0	3.3360E6	
1762	-8.1139E-1	-1.4148E-1	5.1506E0	3.3382E6	
1763	-8.1093E-1	5.3788E-1	5.1581E0	3.3404E6	
1764	-8.1268E-1	-2.0663E0	5.1657E0	3.3426E6	
1765	-8.1177E-1	-7.0761E-1	5.1732E0	3.3449E6	
1766	-8.1154E-1	-3.6793E-1	5.1805E0	3.3471E6	
1767	-8.1474E-1	-5.1234E0	5.1881E0	3.3493E6	
1768	-8.0994E-1	2.0098E0	5.1956E0	3.3515E6	
1769	-8.1299E-1	-2.5192E0	5.2031E0	3.3537E6	
1770	-8.1146E-1	-2.5470E-1	5.2105E0	3.3560E6	
1771	-8.1421E-1	-4.3308E0	5.2180E0	3.3582E6	
1772	-8.1207E-1	-1.1605E0	5.2255E0	3.3604E6	
1773	-8.1146E-1	-2.5470E-1	5.2330E0	3.3626E6	
1774	-8.1139E-1	-1.4148E-1	5.2404E0	3.3648E6	
1775	-8.1291E-1	-2.4060E0	5.2479E0	3.3671E6	
1776	-8.1383E-1	-3.7647E0	5.2554E0	3.3693E6	
1777	-8.1543E-1	-6.1424E0	5.2629E0	3.3715E6	
1778	-8.1528E-1	-5.9160E0	5.2703E0	3.3737E6	
1779	-8.1390E-1	-3.8779E0	5.2778E0	3.3759E6	
1780	-8.1451E-1	-4.7837E0	5.2853E0	3.3782E6	
1781	-8.1451E-1	-4.7837E0	5.2928E0	3.3804E6	
1782	-8.1390E-1	-3.8779E0	5.3002E0	3.3826E6	
1783	-8.1650E-1	-7.7276E0	5.3078E0	3.3848E6	
1784	-8.1436E-1	-4.5573E0	5.3152E0	3.3870E6	
1785	-8.1757E-1	-9.3128E0	5.3227E0	3.3893E6	
1786	-8.1703E-1	-8.5202E0	5.3302E0	3.3915E6	
1787	-8.1734E-1	-8.9731E0	5.3376E0	3.3937E6	
1788	-8.1543E-1	-6.1424E0	5.3450E0	3.3959E6	
1789	-8.1947E-1	-1.2143E1	5.3527E0	3.3981E6	
1790	-8.1924E-1	-1.1804E1	5.3602E0	3.4004E6	
1791	-8.1894E-1	-1.1351E1	5.3675E0	3.4026E6	
1792	-8.1612E-1	-7.1615E0	5.3723E0	3.4040E6	
1793	-8.1612E-1	-7.1615E0	5.3723E0	3.4040E6	
1794	-8.1612E-1	-7.1615E0	5.3723E0	3.4040E6	
1795	-8.1612E-1	-7.1615E0	5.3723E0	3.4040E6	
1796	-8.1612E-1	-7.1615E0	5.3723E0	3.4040E6	
1797	-8.1612E-1	-7.1615E0	5.3723E0	3.4040E6	
1798	-8.1612E-1	-7.1615E0	5.3723E0	3.4040E6	
1799	-8.1612E-1	-7.1615E0	5.3723E0	3.4040E6	
1800	-8.1612E-1	-7.1615E0	5.3723E0	3.4040E6	
1801	-8.1612E-1	-7.1615E0	5.3723E0	3.4040E6	
1802	-8.1612E-1	-7.1615E0	5.3723E0	3.4040E6	
1803	-8.1612E-1	-7.1615E0	5.3723E0	3.4040E6	
1804	-8.1612E-1	-7.1615E0	5.3723E0	3.4040E6	
1805	-8.1612E-1	-7.1615E0	5.3723E0	3.4040E6	
1806	-8.1612E-1	-7.1615E0	5.3723E0	3.4040E6	
1807	-8.1612E-1	-7.1615E0	5.3723E0	3.4040E6	
1808	-8.1612E-1	-7.1615E0	5.3723E0	3.4040E6	
1809	-8.1612E-1	-7.1615E0	5.3723E0	3.4040E6	
1810	-8.1612E-1	-7.1615E0	5.3723E0	3.4040E6	
1811	-8.1612E-1	-7.1615E0	5.3723E0	3.4040E6	
1812	-8.1612E-1	-7.1615E0	5.3723E0	3.4040E6	
1813	-8.1612E-1	-7.1615E0	5.3723E0	3.4040E6	
1814	-8.1612E-1	-7.1615E0	5.3723E0	3.4040E6	
1815	-8.1612E-1	-7.1615E0	5.3723E0	3.4040E6	
1816	-8.1612E-1	-7.1615E0	5.3723E0	3.4040E6	
1817	-8.1612E-1	-7.1615E0	5.3723E0	3.4040E6	
1818	-8.1612E-1	-7.1615E0	5.3723E0	3.4040E6	
1819	-8.1612E-1	-7.1615E0	5.3723E0	3.4040E6	
1820	-8.1612E-1	-7.1615E0	5.3723E0	3.4040E6	
1821	-8.1612E-1	-7.1615E0	5.3723E0	3.4040E6	
1822	-8.1612E-1	-7.1615E0	5.3723E0	3.4040E6	
1823	-8.1612E-1	-7.1615E0	5.3723E0	3.4040E6	
1824	-8.1612E-1	-7.1615E0	5.3723E0	3.4040E6	
1825	-8.1612E-1	-7.1615E0	5.3723E0	3.4040E6	
1826	-8.1612E-1	-7.1615E0	5.3723E0	3.4040E6	
1827	-8.1612E-1	-7.1615E0	5.3723E0	3.4040E6	
1828	-8.1612E-1	-7.1615E0	5.3723E0	3.4040E6	
1829	-8.1612E-1	-7.1615E0	5.3723E0	3.4040E6	
1830	-8.1612E-1	-7.1615E0	5.3723E0	3.4040E6	
1831	-8.1612E-1	-7.1615E0	5.3723E0	3.4040E6	
1832	-8.1612E-1	-7.1615E0	5.3723E0	3.4040E6	
1833	-8.1612E-1	-7.1615E0	5.3723E0	3.4040E6	
1834	-8.1612E-1	-7.1615E0	5.3723E0	3.4040E6	
1835	-8.1612E-1	-7.1615E0	5.3723E0	3.4040E6	
1836	-8.1612E-1	-7.1615E0	5.3723E0	3.4040E6	
1837	-8.1612E-1	-7.1615E0	5.3723E0	3.4040E6	
1838	-8.1612E-1	-7.1615E0	5.3723E0	3.4040E6	
1839	-8.1612E-1	-7.1615E0	5.3723E0	3.4040E6	
1840	-8.1612E-1	-7.1615E0	5.3723E0	3.4040E6	
1841	-8.1612E-1	-7.1615E0	5.3723E0	3.4040E6	
1842	-8.1612E-1	-7.1615E0	5.3723E0	3.4040E6	
1843	-8.1612E-1	-7.1615E0	5.3723E0	3.4040E6	
1844	-8.1612E-1	-7.1615E0	5.3723E0	3.4040E6	
1845	-8.1612E-1	-7.1615E0	5.3723E0	3.4040E6	
1846	-8.1612E-1	-7.1615E0	5.3723E0	3.4040E6	
1847	-8.1612E-1	-7.1615E0	5.3723E0	3.4040E6	
1848	-8.1612E-1	-7.1615E0	5.3723E0	3.4040E6	
1849	-8.1612E-1	-7.1615E0	5.3723E0	3.4040E6	
1850	-8.1612E-1	-7.1615E0	5.3723E0	3.4040E6	
1851	-8.1612E-1	-7.1615E0	5.3723E0	3.4040E6	
1852	-8.1612E-1	-7.1615E0	5.3723E0	3.4040E6	
1853	-8.1612E-1	-7.1615E0	5.3723E0	3.4040E6	
1854	-8.1612E-1	-7.1615E0	5.3723E0	3.4040E6	
1855	-8.1612E-1	-7.1615E0	5.3723E0	3.4040E6	
1856	-8.1612E-1	-7.1615E0	5.3723E0	3.4040E6	
1857	-8.1612E-1	-7.1615E0	5.3723E0	3.4040E6	
1858	-8.1612E-1	-7.1615E0	5.3723E0	3.4040E6	
1859	-8.1612E-1	-7.1615E0	5.3723E0	3.4040E6	
1860	-8.1612E-1	-7.1615E0	5.3723E0	3.4040E6	
1861	-8.1612E-1	-7.1615E0	5.3723E0	3.4040E6	
1862	-8.1612E-1	-7.1615E0	5.3723E0	3.4040E6	
1863	-8.1612E-1	-7.1615E0	5.3723E0	3.4040E6	
1864	-8.1612E-1	-7.1615E0	5.3723E0	3.4040E6	
1865	-8.1612E-1	-7.1615E0	5.3723E0	3.4040E6	
1866	-8.1612E-1	-7.1615E0	5.3723E0	3.4040E6	
1867	-8.1612E-1	-7.1615E0	5.3723E0	3.4040E6	
1868	-8.1612E-1	-7.1615E0	5.3723E0	3.4040E6	
1869	-8.1612E-1	-7.1615E0	5.3723E0	3.4040E6	
1870	-8.1612E-1	-7.1615E0	5.3723E0	3.4040E6	
1871	-8.1612E-1	-7.1615E0	5.3723E0	3.4040E6	
1872	-8.1612E-1	-7.1615E0	5.3723E0	3.4040E6	
1873	-8.1612E-1	-7.1615E0	5.3723E0	3.4040E6	
1874	-8.1612E-1	-7.1615E0	5.3723E0	3.4040E6	
1875	-8.1612E-1	-7.1615E0	5.3723E0	3.4040E6	
1876	-8.1612E-1	-7.1615E0	5.3723E0	3.4040E6	
1877	-8.1612E-1	-7.1615E0	5.3723E0	3.4040E6	
1878	-8.1612E-1	-7.1615E0	5.3723E0	3.4040E6	
1879	-8.1612E-1	-7.1615E0	5.3723E0	3.4040E6	
1880	-8.1612E-1	-7.1615E0	5.3723E0	3.4040E6	
1881	-8.1612E-1	-7.1615E0	5.3723E0	3.4040E6	
1882	-8.1612E-1	-7.1615E0	5.3723E0	3.4040E6	
1883	-8.1612E-1	-7.1615E0	5.3723E0	3.4040E6	
1884	-8.1612E-1	-7.1615E0	5.3723E0	3.4040E6	
1885	-8.1612E-1	-7.1615E0	5.3723E0	3.4040E6	
1886	-8.1612E-1	-7.1615E0	5.3723E0	3.4040E6	
1887	-8.1612E-1	-7.1615E0	5.3723E0	3.4040E6	
1888	-8.1612E-1	-7.1615E0	5.3723E0	3.4040E6	
1889	-8.1612E-1	-7.1615E0	5.3723E0	3.4040E6	
1890	-8.1612E-1	-7.1615E0	5.3723E0	3.4040E6	
1891	-8.1612E-1	-7.1615E0	5.3723E0	3.4040E6	
1892	-8.1612E-1	-7.1615E0	5.3723E0	3.4040E6	
1893	-8.1612E-1	-7.1615E0	5.3723E0	3.4040E6	
1894	-8.1612E-1	-7.1615E0	5.3723E0	3.4040E6	
1895	-8.1612E-1	-7.1615E0	5.3723E0	3.4040E6	
1896	-8.1612E-1	-7.1615E0	5.3723E0	3.4040E6	
1897	-8.1612E-1	-7.1615E0	5.3723E0	3.4040E6	
1898	-8.1612E-1	-7.1615E0	5.3723E0	3.4040E6	
1899	-8.1612E-1	-7.1615E0	5.3723E0	3.4040E6	
1900	-8.1612E-1	-7.1615E0	5.3723E0	3.4040E6	
1901	-8.1612E-1	-7.1615E0	5.3723E0	3.4040E6	
1902	-8.1612E-1	-7.1615E0	5.3723E0	3.4040E6	
1903	-8.1612E-1	-7.1615E0	5.3723E0	3.4040E6	
1904	-8.1612E-1	-7.1615E0	5.3723E0	3.4040E6	
1905	-8.1612E-1	-7.1615E0	5.3723E0	3.4040E6	
1906	-8.1612E-1	-7.1615E0	5.3723E0	3.4040E6	
1907	-8.1612E-1	-7.1615E0	5.3723E0	3.4040E6	
1908	-8.1612E-1	-7.1615E0	5.3723E0	3.4040E6	
1909	-8.1612E-1	-7.1615E0	5.3723E0	3.4040E6	
1910	-8.1612E-1	-7.1615E0	5.3723E0	3.4040E6	
1911	-8.1612E-1	-7.1615E0	5.3723E0	3.4040E6	
1912	-8.1612E-1	-7.1615E0	5.3723E0	3.4040E6	
1913	-8.1612E-1	-7.1615E0	5.3723E0	3.4040E6	
1914	-8.1612E-1	-7.1615E0	5.3723E0	3.4040E6	
1915	-8.1612E-1	-7.1615E0	5.3723E0	3.4040E6	
1916	-8.1612E-1	-7.1615E0	5.3723E0	3.4040E6	
1917	-8.1612E-1	-7.1615E0	5.3723E0	3.4040E6	
1918	-8.1612E-1	-7.1615E0	5.3723E0	3.4040E6	
1919	-8.1612E-1	-7.1615E0	5.3723E0	3.4040E6	
1920	-8.1612E-1	-7.1615E0	5.3723E0	3.4040E6	
1921	-8.1612E-1	-7.1615E0	5.3723E0	3.4040E6	
1922	-8.1612E-1	-7.1615E0	5.3723E0	3.4040E6	
1923	-8.1612E-1	-7.1615E0	5.3723E0	3.4040E6	
1924	-8.1612E-1	-7.1615E0	5.3723E0	3.4040E6	
1925	-8.1612E-1	-7.1615E0	5.3723E0	3.4040E6	
1926	-8.1612E-1	-7.1615E0	5.3723E0	3.4040E6	
1927	-8.1612E-1	-7.1615E0	5.3723E0	3.4040E6	
1928	-8.1612E-1	-7.1615E0	5.3723E0	3.4040E6	
1929	-8.1612E-1	-7.1615E0	5.3723E0	3.4040E6	
1930	-8.1612E-1	-7.1615E0	5.3723E0	3.4040E6	
1931	-8.1612E-1	-7.1615E0	5.3723E0	3.4040E6	
1932	-8.1612E-1	-7.1615E0	5.3723E0	3.4040E6	
1933	-8.1612E-1	-7.1615E0	5.3723E0	3.4040E6	
1934	-8.1612E-1	-7.1615E0	5.3723E0	3.4040E6	
1935	-8.1612E-1	-7.1615E0	5.3723E0	3.4040E6	
1936	-8.1612E-1	-7.1615E0	5.3723E0	3.4040E6	
1937	-8.1612E-1	-7.1615E0	5.3723E0	3.4040E6	
1938	-8.1612E-1	-7.1615E0	5.3723E0	3.4040E6	
1939	-8.1612E-1	-7.1615E0	5.3723E0	3.4040E6	
1940	-8.1612E-1	-7.1615E0	5.3723E0	3.4040E6	
1941	-8.1612E-1	-7.1615E0	5.3723E0	3.4040E6	
1942	-8.1612E-1	-7.1615E0	5.3723E0	3.4040E6	
1943	-8.1612E-1	-7.1615E0	5.3723E0	3.4040E6	
1944	-8.1612E-1	-7.1615E0	5.3723E0	3.4040E6	
1945	-8.1612E-1	-7.1615E0	5.3723E0	3.4040E6	
1946	-8.1612E-1	-7.1615E0	5.3723E0	3.4040E6	
1947	-8.1612E-1	-7.1615E0	5.3723E0	3.4040E6	
1948	-8.1612E-1	-7.1615E0	5.3723E0	3.4040E6	
1949	-8.1612E-1	-7.1615E0	5.3723E0	3.4040E6	
1950	-8.1612E-1	-7.1615E0	5.3723E0	3.4040E6	
1951	-8.1612E-1	-7.1615E0	5.3723E0	3.4040E6	
1952	-8.1612E-1	-7.1615E0	5.3723E0	3.4040E6	
1953	-8.1612E-1	-7.1615E0	5.3723E0	3.4040E6	
1954	-8.1612E-1	-7.1615E0	5.3723E0	3.4040E6	
1955	-8.1612E-1	-7.1615E0	5.3723E0	3.4040E6	
1956	-8.1612E-1	-7.1615E0	5.3723E0	3.4040E6	
1957	-8.1612E-1	-7.1615E0	5.3723E0	3.4040E6	
1958	-8.1612E-1	-7.1615E0	5.3723E0	3.4040E6	
1959	-8.1612E-1	-7.1615E0	5.3723E0	3.4040E6	
1960	-8.1612E-1	-7.1615E0	5.3723E0	3.4040E6	
1961	-8.1612E-1	-7.1615E0	5.3723E0	3.4040E6	
1962	-8.1612E-1	-7.1615E0	5.3723E0	3.4040E6	
1963	-8.1612E-1	-7.1615E0	5.3723E0	3.4040E6	
1964	-8.1612E-1	-7.1615E0	5.3723E0	3.4040E6	
1965	-8.1612E-1	-7.1615E0	5.3723E0	3.4040E6	
1966	-8.1612E-1	-7.1615E0	5.3723E0	3.4040E6	
1967	-8.1612E-1	-7.1615E0	5.3723E0	3.4040E6	
1968	-8.1612E-1	-7.1615E0	5.3723E0	3.4040E6	
1969	-8.1612E-1	-7.1615E0	5.3723E0	3.4040E6	
1970	-8.1612E-1	-7.1615E0	5.3723E0	3.4040E6	
1971	-8.1612E-1	-7.1615E0	5.3723E0	3.4040E6	
1972	-8.1612E-1	-7.1615E0	5.3723E0	3.4040E6	
1973	-8.1612E-1	-7.1615E0	5.3723E0	3.4040E6	
1974	-8.1612E-1	-7.1615E0	5.3723E0	3.4040E6	
1975	-8.1612E-1	-7.1615E0	5.3723E0	3.4040E6	
1976	-8.1612E-1	-7.1615E0	5.3723E0	3.4040E6	
1977	-8.1612E-1	-7.1615E0	5.3723E0	3.4040E6	
1978	-8.1612E-1	-7.1615E0	5.3723E0	3.4040E6	
1979	-8.1612E-1	-7.1615E0	5.3723E0	3.4040E6	
1980	-8.1612E-1	-7.1615E0	5.3723E0	3.4040E6	
1981	-8.1612E-1	-7.1615E0	5.3723E0	3.4040E6	
1982	-8.1612E-1	-7.1615E0	5.3723E0	3.4040E6	
1983	-8.1612E-1	-7.1615E0	5.3723E0	3.4040E6	
1984	-8.1612E-1	-7.1615E0	5.3723E0	3.4040E6	
1985	-8.1612E-1	-7.1615E0	5.3723E0	3.4040E6	
1986	-8.1612E-1	-7.1615E0	5.3723E0	3.4040E6	
1987	-8.1612E-1	-7.1615E0	5.3723E0	3.4040E6	
1988	-8.1612E-1	-7.1615E0	5.3723E0	3.4040E6	
1989	-8.1612E-1	-7.1615E0	5.3723E0	3.4040E6	
1990	-8.1612E-1	-7.1615E0	5.3723E0	3.4040E6	
1991	-8.1612E-1	-7.1615E0	5.3723E0	3.4040E6	
1992	-8.1612E-1	-7.1615E0	5.3723E0	3.4040E6	
1993	-8.1612E-1	-7.1615E0	5.3723E0	3.4040E6	
1994	-8.1612E-1	-7.1615E0	5.3723E0	3.4040E6	
1995	-8.1612E-1	-7.1615E0	5.3723E0	3.4040E6	
1996	-8.1612E-1	-7.1615E0	5.3723E0	3.4040E6	
1997	-8.1612E-1	-7.1615E0	5.3723E0	3.4040E6	
1998	-8.1612E-1	-7.1615E0	5.3723E0	3.4040E6	
1999	-8.1612E-1	-7.1615E0	5.3723E0	3.4040E6	
2000	-8.1612E-1	-7.1615E0	5.3723E0	3.4040E6	
2001	-8.1612E-1	-7.1615E0	5.3723E0	3.4040E6	
2002	-8.1612E-1	-7.1615E0	5.3723E0	3.4040E6	
2003	-8.1612E-1	-7.1615E0	5.3723E0	3.4040E6	
2004	-8.1612E-1	-7.1615E0	5.3723E0	3.4040E6	
2005	-8.1612E-1	-7.1615E0	5.3723E0	3.4040E6	
2006	-8.1612E-1	-7.1615E0	5.3723E0	3.4040E6	
2007	-8.1612E-1	-7.1615E0	5.3723E0	3.4040E6	
2008	-8.1612E-1	-7.1615E0	5.3723E0	3.4040E6	
2009	-8.1612E-1	-7.1615E0	5.3723E0	3.4040E6	
2010	-8.1612E-1	-7.1615E0	5.3723E0	3.4040E6	
2011	-8.1612E-1	-7.1615E0	5.3723E0	3.4040E6	
2012	-8.1612E-1	-7.1615E0	5.3723E0	3.4040E6	
2013	-8.1612E-1	-7.1615E0	5.3723E0	3.4040E6	
2014	-8.1612E-1	-7.1615E0	5.3723E0	3.4040E6	
2015	-8.1612E-1	-7.1615E0	5.3723E0	3.4040E6	
2016	-8.1612E-1	-7.1615E0	5.3723E0	3.4040E6	
2017	-8.1612E-1	-7.1615E0	5.3723E0	3.4040E6	
2018	-8.1612E-1	-7.1615E0	5.3723E0	3.4040E6	
2019	-8.1612E-1	-7.1615E0	5.3723E0	3.4040E6	
2020	-8.1612E-1	-7.1615E0	5.3723E0	3.4040E6	
2021	-8.1612E-1	-7.1615E0	5.3723E0	3.4040E6	
2022	-8.1612E-1	-7.1615E0	5.3723E0	3.4040E6	
2023	-8.1612E-1	-7.1615E0	5.3723E0	3.4040E6	
2024	-8.1612E-1	-7.1615E0	5.3723E0	3.4040E6	
2025	-8.1612E-1	-7.1615E0	5.3723E0	3.4040E6	
2026	-8.1612E-1	-7.1615E0	5.3723E0	3.4040E6	
2027	-8.1612E-1	-7.1615E0	5.3723E0	3.4040E6	
2028	-8.1612E-1	-7.1615E0	5.3723E0	3.4040E6	
2029	-8.1612E-1	-7.1615E0	5.3723E0	3.4040E6	
2030	-8.1612E-1	-7.1615E0	5.3723E0	3.4040E6	
2031	-8.1612E-1	-7.1615E0	5.3723E0	3.4040E6	
2032	-8.1612E-1	-7.1615E0	5.3723E0	3.4040E6	
2033	-8.1612E-1	-7.1615E0	5.3723E0	3.4040E6	
2034	-8.1612E-1	-7.1615E0	5.3723E0	3.4040E6	
2035	-8.1612E-1	-7.1615E0	5.3723E0	3.4040E6	
2036	-8.1612E-1	-7.1615E0	5.3723E0	3.4040E6	
2037	-8.1612E-1	-7.1615E0	5.3723E0	3.4040E6	
2038	-8.1612E-1	-7.1615E0	5.3723E0	3.4040E6	
2039	-8.1612E-1	-7.1615E0	5.3723E0	3.4040E6	
2040	-8.1612E-1	-7.1615E0	5.3723E0	3.4040E6	
2041	-8.1612E-1	-7.1615E0	5.3723E0	3.4040E6	
2042	-8.1612E-1	-7.1615E0	5.3723E0	3.4040E6	
2043	-8.1612E-1	-7.1615E0	5.3723E0	3.4040E6	
2044	-8.1612E-1	-7.1615E0	5.3723E0	3.4040E6	
2045	-8.1612E-1	-7.1615E0	5.3723E0	3.4040E6	
2046	-8.1612E-1	-7.1615E0	5.3723E0	3.4040E6	
2047	-8.1612E-1	-7.1615E0	5.3723E0	3.4040E6	
2048	-8.1612E-1	-7.1615E0	5.3723E0	3.4040E6	
