point 067
Index	Vertical (A-B)	Force	Z Height	Time Stamp	
     	V	nN	?m	?sec	
1	-7.9399E-1	1.3022E0	5.4237E0	1.2000E2	
2	-7.9399E-1	1.3022E0	5.4223E0	2.3400E3	
3	-7.9460E-1	3.9636E-1	5.4196E0	4.5600E3	
4	-7.9514E-1	-3.9622E-1	5.4164E0	6.7800E3	
5	-7.9277E-1	3.1138E0	5.4131E0	9.0000E3	
6	-7.9269E-1	3.2270E0	5.4094E0	1.1220E4	
7	-7.9247E-1	3.5667E0	5.4056E0	1.3440E4	
8	-7.9491E-1	-5.6544E-2	5.4018E0	1.5660E4	
9	-7.9208E-1	4.1328E0	5.3977E0	1.7880E4	
10	-7.9277E-1	3.1138E0	5.3935E0	2.0100E4	
11	-7.9338E-1	2.2080E0	5.3895E0	2.2320E4	
12	-7.9254E-1	3.4535E0	5.3850E0	2.4540E4	
13	-7.9048E-1	6.5105E0	5.3808E0	2.6760E4	
14	-7.9384E-1	1.5286E0	5.3764E0	2.8980E4	
15	-7.9056E-1	6.3973E0	5.3720E0	3.1200E4	
16	-7.9185E-1	4.4725E0	5.3674E0	3.3420E4	
17	-7.9132E-1	5.2651E0	5.3629E0	3.5640E4	
18	-7.9201E-1	4.2460E0	5.3585E0	3.7860E4	
19	-7.9239E-1	3.6799E0	5.3539E0	4.0080E4	
20	-7.9521E-1	-5.0945E-1	5.3493E0	4.2300E4	
21	-7.9033E-1	6.7370E0	5.3447E0	4.4520E4	
22	-7.9155E-1	4.9254E0	5.3400E0	4.6740E4	
23	-7.9369E-1	1.7551E0	5.3353E0	4.8960E4	
24	-7.9239E-1	3.6799E0	5.3306E0	5.1180E4	
25	-7.9155E-1	4.9254E0	5.3260E0	5.3400E4	
26	-7.9308E-1	2.6609E0	5.3212E0	5.5620E4	
27	-7.8865E-1	9.2280E0	5.3166E0	5.7840E4	
28	-7.9208E-1	4.1328E0	5.3118E0	6.0060E4	
29	-7.9369E-1	1.7551E0	5.3069E0	6.2280E4	
30	-7.9247E-1	3.5667E0	5.3022E0	6.4500E4	
31	-7.9262E-1	3.3402E0	5.2975E0	6.6720E4	
32	-7.9315E-1	2.5476E0	5.2926E0	6.8940E4	
33	-7.9071E-1	6.1709E0	5.2877E0	7.1160E4	
34	-7.9231E-1	3.7931E0	5.2829E0	7.3380E4	
35	-7.8995E-1	7.3031E0	5.2780E0	7.5600E4	
36	-7.9178E-1	4.5857E0	5.2732E0	7.7820E4	
37	-7.8941E-1	8.0957E0	5.2683E0	8.0040E4	
38	-7.8690E-1	1.1832E1	5.2634E0	8.2260E4	
39	-7.9269E-1	3.2270E0	5.2585E0	8.4480E4	
40	-7.8979E-1	7.5296E0	5.2536E0	8.6700E4	
41	-7.9056E-1	6.3973E0	5.2487E0	8.8920E4	
42	-7.8850E-1	9.4544E0	5.2437E0	9.1140E4	
43	-7.9063E-1	6.2841E0	5.2388E0	9.3360E4	
44	-7.8934E-1	8.2089E0	5.2339E0	9.5580E4	
45	-7.8850E-1	9.4544E0	5.2289E0	9.7800E4	
46	-7.8880E-1	9.0015E0	5.2240E0	1.0002E5	
47	-7.9010E-1	7.0767E0	5.2190E0	1.0224E5	
48	-7.8865E-1	9.2280E0	5.2141E0	1.0446E5	
49	-7.8926E-1	8.3222E0	5.2090E0	1.0668E5	
50	-7.8819E-1	9.9073E0	5.2041E0	1.0890E5	
51	-7.8766E-1	1.0700E1	5.1991E0	1.1112E5	
52	-7.8896E-1	8.7751E0	5.1941E0	1.1334E5	
53	-7.8796E-1	1.0247E1	5.1890E0	1.1556E5	
54	-7.8964E-1	7.7560E0	5.1840E0	1.1778E5	
55	-7.8651E-1	1.2398E1	5.1789E0	1.2000E5	
56	-7.8659E-1	1.2285E1	5.1740E0	1.2222E5	
57	-7.8545E-1	1.3983E1	5.1689E0	1.2444E5	
58	-7.8712E-1	1.1492E1	5.1639E0	1.2666E5	
59	-7.8613E-1	1.2964E1	5.1588E0	1.2888E5	
60	-7.8606E-1	1.3078E1	5.1537E0	1.3110E5	
61	-7.8354E-1	1.6814E1	5.1486E0	1.3332E5	
62	-7.8552E-1	1.3870E1	5.1436E0	1.3554E5	
63	-7.8659E-1	1.2285E1	5.1385E0	1.3776E5	
64	-7.8529E-1	1.4210E1	5.1333E0	1.3998E5	
65	-7.8583E-1	1.3417E1	5.1282E0	1.4220E5	
66	-7.8369E-1	1.6588E1	5.1231E0	1.4442E5	
67	-7.8552E-1	1.3870E1	5.1180E0	1.4664E5	
68	-7.8613E-1	1.2964E1	5.1128E0	1.4886E5	
69	-7.8590E-1	1.3304E1	5.1077E0	1.5108E5	
70	-7.8430E-1	1.5682E1	5.1025E0	1.5330E5	
71	-7.8476E-1	1.5002E1	5.0974E0	1.5552E5	
72	-7.8362E-1	1.6701E1	5.0922E0	1.5774E5	
73	-7.8621E-1	1.2851E1	5.0871E0	1.5996E5	
74	-7.8140E-1	1.9984E1	5.0819E0	1.6218E5	
75	-7.8423E-1	1.5795E1	5.0767E0	1.6440E5	
76	-7.8232E-1	1.8626E1	5.0716E0	1.6662E5	
77	-7.8339E-1	1.7041E1	5.0664E0	1.6884E5	
78	-7.8300E-1	1.7607E1	5.0611E0	1.7106E5	
79	-7.8369E-1	1.6588E1	5.0559E0	1.7328E5	
80	-7.8392E-1	1.6248E1	5.0509E0	1.7550E5	
81	-7.8186E-1	1.9305E1	5.0455E0	1.7772E5	
82	-7.8041E-1	2.1456E1	5.0403E0	1.7994E5	
83	-7.8369E-1	1.6588E1	5.0351E0	1.8216E5	
84	-7.8194E-1	1.9192E1	5.0299E0	1.8438E5	
85	-7.7965E-1	2.2589E1	5.0247E0	1.8660E5	
86	-7.8041E-1	2.1456E1	5.0194E0	1.8882E5	
87	-7.8377E-1	1.6474E1	5.0142E0	1.9104E5	
88	-7.8194E-1	1.9192E1	5.0089E0	1.9326E5	
89	-7.8148E-1	1.9871E1	5.0037E0	1.9548E5	
90	-7.7911E-1	2.3381E1	4.9985E0	1.9770E5	
91	-7.8125E-1	2.0211E1	4.9931E0	1.9992E5	
92	-7.8064E-1	2.1117E1	4.9878E0	2.0214E5	
93	-7.8011E-1	2.1909E1	4.9825E0	2.0436E5	
94	-7.8011E-1	2.1909E1	4.9773E0	2.0658E5	
95	-7.7988E-1	2.2249E1	4.9719E0	2.0880E5	
96	-7.8133E-1	2.0098E1	4.9668E0	2.1102E5	
97	-7.7972E-1	2.2475E1	4.9613E0	2.1324E5	
98	-7.7782E-1	2.5306E1	4.9560E0	2.1546E5	
99	-7.7934E-1	2.3042E1	4.9507E0	2.1768E5	
100	-7.7988E-1	2.2249E1	4.9454E0	2.1990E5	
101	-7.7911E-1	2.3381E1	4.9400E0	2.2212E5	
102	-7.7782E-1	2.5306E1	4.9348E0	2.2434E5	
103	-7.8041E-1	2.1456E1	4.9293E0	2.2656E5	
104	-7.7698E-1	2.6552E1	4.9241E0	2.2878E5	
105	-7.7644E-1	2.7344E1	4.9187E0	2.3100E5	
106	-7.7866E-1	2.4061E1	4.9133E0	2.3322E5	
107	-7.7858E-1	2.4174E1	4.9079E0	2.3544E5	
108	-7.7881E-1	2.3834E1	4.9026E0	2.3766E5	
109	-7.7782E-1	2.5306E1	4.8972E0	2.3988E5	
110	-7.7934E-1	2.3042E1	4.8918E0	2.4210E5	
111	-7.7713E-1	2.6325E1	4.8865E0	2.4432E5	
112	-7.7789E-1	2.5193E1	4.8810E0	2.4654E5	
113	-7.7576E-1	2.8363E1	4.8756E0	2.4876E5	
114	-7.7644E-1	2.7344E1	4.8702E0	2.5098E5	
115	-7.7835E-1	2.4513E1	4.8649E0	2.5320E5	
116	-7.7789E-1	2.5193E1	4.8593E0	2.5542E5	
117	-7.7675E-1	2.6891E1	4.8539E0	2.5764E5	
118	-7.7751E-1	2.5759E1	4.8485E0	2.5986E5	
119	-7.7881E-1	2.3834E1	4.8432E0	2.6208E5	
120	-7.7629E-1	2.7571E1	4.8377E0	2.6430E5	
121	-7.7606E-1	2.7910E1	4.8322E0	2.6652E5	
122	-7.7637E-1	2.7457E1	4.8269E0	2.6874E5	
123	-7.7705E-1	2.6438E1	4.8213E0	2.7096E5	
124	-7.7629E-1	2.7571E1	4.8158E0	2.7318E5	
125	-7.7591E-1	2.8137E1	4.8104E0	2.7540E5	
126	-7.7477E-1	2.9835E1	4.8050E0	2.7762E5	
127	-7.7339E-1	3.1873E1	4.7994E0	2.7984E5	
128	-7.7545E-1	2.8816E1	4.7940E0	2.8206E5	
129	-7.7446E-1	3.0288E1	4.7885E0	2.8428E5	
130	-7.7354E-1	3.1647E1	4.7831E0	2.8650E5	
131	-7.7293E-1	3.2552E1	4.7775E0	2.8872E5	
132	-7.7515E-1	2.9269E1	4.7720E0	2.9094E5	
133	-7.7431E-1	3.0514E1	4.7665E0	2.9316E5	
134	-7.7469E-1	2.9948E1	4.7610E0	2.9538E5	
135	-7.7271E-1	3.2892E1	4.7555E0	2.9760E5	
136	-7.7469E-1	2.9948E1	4.7499E0	2.9982E5	
137	-7.7393E-1	3.1081E1	4.7444E0	3.0204E5	
138	-7.7477E-1	2.9835E1	4.7388E0	3.0426E5	
139	-7.7423E-1	3.0628E1	4.7333E0	3.0648E5	
140	-7.7644E-1	2.7344E1	4.7278E0	3.0870E5	
141	-7.7499E-1	2.9495E1	4.7222E0	3.1092E5	
142	-7.7232E-1	3.3458E1	4.7168E0	3.1314E5	
143	-7.7286E-1	3.2666E1	4.7111E0	3.1536E5	
144	-7.7332E-1	3.1986E1	4.7055E0	3.1758E5	
145	-7.7148E-1	3.4704E1	4.7000E0	3.1980E5	
146	-7.7126E-1	3.5043E1	4.6944E0	3.2202E5	
147	-7.7202E-1	3.3911E1	4.6888E0	3.2424E5	
148	-7.7110E-1	3.5270E1	4.6833E0	3.2646E5	
149	-7.7232E-1	3.3458E1	4.6776E0	3.2868E5	
150	-7.7133E-1	3.4930E1	4.6721E0	3.3090E5	
151	-7.7118E-1	3.5157E1	4.6664E0	3.3312E5	
152	-7.6996E-1	3.6968E1	4.6608E0	3.3534E5	
153	-7.6820E-1	3.9572E1	4.6552E0	3.3756E5	
154	-7.7133E-1	3.4930E1	4.6496E0	3.3978E5	
155	-7.7156E-1	3.4591E1	4.6440E0	3.4200E5	
156	-7.6897E-1	3.8440E1	4.6385E0	3.4422E5	
157	-7.7179E-1	3.4251E1	4.6327E0	3.4644E5	
158	-7.6958E-1	3.7534E1	4.6271E0	3.4866E5	
159	-7.7103E-1	3.5383E1	4.6213E0	3.5088E5	
160	-7.6935E-1	3.7874E1	4.6158E0	3.5310E5	
161	-7.6691E-1	4.1497E1	4.6100E0	3.5532E5	
162	-7.6942E-1	3.7761E1	4.6045E0	3.5754E5	
163	-7.6874E-1	3.8780E1	4.5988E0	3.5976E5	
164	-7.6927E-1	3.7987E1	4.5930E0	3.6198E5	
165	-7.6714E-1	4.1158E1	4.5874E0	3.6420E5	
166	-7.6920E-1	3.8101E1	4.5817E0	3.6642E5	
167	-7.6843E-1	3.9233E1	4.5761E0	3.6864E5	
168	-7.6614E-1	4.2630E1	4.5704E0	3.7086E5	
169	-7.6813E-1	3.9686E1	4.5646E0	3.7308E5	
170	-7.6683E-1	4.1611E1	4.5590E0	3.7530E5	
171	-7.6263E-1	4.7838E1	4.5532E0	3.7752E5	
172	-7.6828E-1	3.9459E1	4.5476E0	3.7974E5	
173	-7.6691E-1	4.1497E1	4.5418E0	3.8196E5	
174	-7.6668E-1	4.1837E1	4.5361E0	3.8418E5	
175	-7.6767E-1	4.0365E1	4.5303E0	3.8640E5	
176	-7.6584E-1	4.3082E1	4.5248E0	3.8862E5	
177	-7.6653E-1	4.2063E1	4.5190E0	3.9084E5	
178	-7.6591E-1	4.2969E1	4.5131E0	3.9306E5	
179	-7.6607E-1	4.2743E1	4.5074E0	3.9528E5	
180	-7.6721E-1	4.1044E1	4.5017E0	3.9750E5	
181	-7.6614E-1	4.2630E1	4.4959E0	3.9972E5	
182	-7.6431E-1	4.5347E1	4.4902E0	4.0194E5	
183	-7.6653E-1	4.2063E1	4.4845E0	4.0416E5	
184	-7.6454E-1	4.5007E1	4.4787E0	4.0638E5	
185	-7.6500E-1	4.4328E1	4.4729E0	4.0860E5	
186	-7.6317E-1	4.7045E1	4.4671E0	4.1082E5	
187	-7.6347E-1	4.6592E1	4.4613E0	4.1304E5	
188	-7.6698E-1	4.1384E1	4.4555E0	4.1526E5	
189	-7.6645E-1	4.2177E1	4.4497E0	4.1748E5	
190	-7.6340E-1	4.6706E1	4.4438E0	4.1970E5	
191	-7.6340E-1	4.6706E1	4.4380E0	4.2192E5	
192	-7.6538E-1	4.3762E1	4.4322E0	4.2414E5	
193	-7.6416E-1	4.5573E1	4.4264E0	4.2636E5	
194	-7.6202E-1	4.8744E1	4.4206E0	4.2858E5	
195	-7.6294E-1	4.7385E1	4.4148E0	4.3080E5	
196	-7.6309E-1	4.7159E1	4.4090E0	4.3302E5	
197	-7.6378E-1	4.6140E1	4.4032E0	4.3524E5	
198	-7.6057E-1	5.0895E1	4.3973E0	4.3746E5	
199	-7.5996E-1	5.1801E1	4.3914E0	4.3968E5	
200	-7.6111E-1	5.0102E1	4.3857E0	4.4190E5	
201	-7.6126E-1	4.9876E1	4.3799E0	4.4412E5	
202	-7.6363E-1	4.6366E1	4.3739E0	4.4634E5	
203	-7.6118E-1	4.9989E1	4.3680E0	4.4856E5	
204	-7.6271E-1	4.7725E1	4.3623E0	4.5078E5	
205	-7.6157E-1	4.9423E1	4.3563E0	4.5300E5	
206	-7.6302E-1	4.7272E1	4.3505E0	4.5522E5	
207	-7.6035E-1	5.1235E1	4.3446E0	4.5744E5	
208	-7.6180E-1	4.9083E1	4.3386E0	4.5966E5	
209	-7.5989E-1	5.1914E1	4.3328E0	4.6188E5	
210	-7.5928E-1	5.2820E1	4.3269E0	4.6410E5	
211	-7.6012E-1	5.1574E1	4.3210E0	4.6632E5	
212	-7.5989E-1	5.1914E1	4.3151E0	4.6854E5	
213	-7.6416E-1	4.5573E1	4.3092E0	4.7076E5	
214	-7.6141E-1	4.9650E1	4.3033E0	4.7298E5	
215	-7.5706E-1	5.6103E1	4.2973E0	4.7520E5	
216	-7.5783E-1	5.4971E1	4.2915E0	4.7742E5	
217	-7.6180E-1	4.9083E1	4.2855E0	4.7964E5	
218	-7.5897E-1	5.3273E1	4.2797E0	4.8186E5	
219	-7.5989E-1	5.1914E1	4.2737E0	4.8408E5	
220	-7.5676E-1	5.6556E1	4.2678E0	4.8630E5	
221	-7.5859E-1	5.3839E1	4.2619E0	4.8852E5	
222	-7.5836E-1	5.4179E1	4.2558E0	4.9074E5	
223	-7.6012E-1	5.1574E1	4.2500E0	4.9296E5	
224	-7.5684E-1	5.6443E1	4.2440E0	4.9518E5	
225	-7.5760E-1	5.5311E1	4.2380E0	4.9740E5	
226	-7.5516E-1	5.8934E1	4.2321E0	4.9962E5	
227	-7.5882E-1	5.3499E1	4.2261E0	5.0184E5	
228	-7.5882E-1	5.3499E1	4.2202E0	5.0406E5	
229	-7.5562E-1	5.8255E1	4.2142E0	5.0628E5	
230	-7.5653E-1	5.6896E1	4.2082E0	5.0850E5	
231	-7.5775E-1	5.5084E1	4.2022E0	5.1072E5	
232	-7.5729E-1	5.5764E1	4.1963E0	5.1294E5	
233	-7.5378E-1	6.0972E1	4.1903E0	5.1516E5	
234	-7.5539E-1	5.8594E1	4.1842E0	5.1738E5	
235	-7.5623E-1	5.7349E1	4.1783E0	5.1960E5	
236	-7.5523E-1	5.8821E1	4.1722E0	5.2182E5	
237	-7.5531E-1	5.8708E1	4.1662E0	5.2404E5	
238	-7.5325E-1	6.1765E1	4.1602E0	5.2626E5	
239	-7.5188E-1	6.3803E1	4.1542E0	5.2848E5	
240	-7.5439E-1	6.0066E1	4.1482E0	5.3070E5	
241	-7.5294E-1	6.2218E1	4.1422E0	5.3292E5	
242	-7.5317E-1	6.1878E1	4.1361E0	5.3514E5	
243	-7.5424E-1	6.0293E1	4.1301E0	5.3736E5	
244	-7.5226E-1	6.3237E1	4.1241E0	5.3958E5	
245	-7.5394E-1	6.0746E1	4.1180E0	5.4180E5	
246	-7.5386E-1	6.0859E1	4.1120E0	5.4402E5	
247	-7.5325E-1	6.1765E1	4.1060E0	5.4624E5	
248	-7.5363E-1	6.1199E1	4.0999E0	5.4846E5	
249	-7.5226E-1	6.3237E1	4.0939E0	5.5068E5	
250	-7.5203E-1	6.3576E1	4.0879E0	5.5290E5	
251	-7.5203E-1	6.3576E1	4.0819E0	5.5512E5	
252	-7.5401E-1	6.0632E1	4.0757E0	5.5734E5	
253	-7.5104E-1	6.5048E1	4.0696E0	5.5956E5	
254	-7.5218E-1	6.3350E1	4.0635E0	5.6178E5	
255	-7.5401E-1	6.0632E1	4.0574E0	5.6400E5	
256	-7.5066E-1	6.5614E1	4.0515E0	5.6622E5	
257	-7.5134E-1	6.4595E1	4.0454E0	5.6844E5	
258	-7.5218E-1	6.3350E1	4.0393E0	5.7066E5	
259	-7.5363E-1	6.1199E1	4.0331E0	5.7288E5	
260	-7.5264E-1	6.2671E1	4.0271E0	5.7510E5	
261	-7.5333E-1	6.1651E1	4.0210E0	5.7732E5	
262	-7.5249E-1	6.2897E1	4.0149E0	5.7954E5	
263	-7.5066E-1	6.5614E1	4.0087E0	5.8176E5	
264	-7.4829E-1	6.9124E1	4.0026E0	5.8398E5	
265	-7.5096E-1	6.5161E1	3.9965E0	5.8620E5	
266	-7.5012E-1	6.6407E1	3.9904E0	5.8842E5	
267	-7.5089E-1	6.5275E1	3.9842E0	5.9064E5	
268	-7.4913E-1	6.7879E1	3.9782E0	5.9286E5	
269	-7.4928E-1	6.7652E1	3.9720E0	5.9508E5	
270	-7.4799E-1	6.9577E1	3.9658E0	5.9730E5	
271	-7.4966E-1	6.7086E1	3.9597E0	5.9952E5	
272	-7.4928E-1	6.7652E1	3.9537E0	6.0174E5	
273	-7.5027E-1	6.6181E1	3.9475E0	6.0396E5	
274	-7.4966E-1	6.7086E1	3.9413E0	6.0618E5	
275	-7.5081E-1	6.5388E1	3.9351E0	6.0840E5	
276	-7.4890E-1	6.8219E1	3.9290E0	6.1062E5	
277	-7.4799E-1	6.9577E1	3.9229E0	6.1284E5	
278	-7.4875E-1	6.8445E1	3.9168E0	6.1506E5	
279	-7.4631E-1	7.2068E1	3.9105E0	6.1728E5	
280	-7.4791E-1	6.9691E1	3.9044E0	6.1950E5	
281	-7.4577E-1	7.2861E1	3.8982E0	6.2172E5	
282	-7.4760E-1	7.0143E1	3.8920E0	6.2394E5	
283	-7.4913E-1	6.7879E1	3.8858E0	6.2616E5	
284	-7.4570E-1	7.2974E1	3.8796E0	6.2838E5	
285	-7.4936E-1	6.7539E1	3.8734E0	6.3060E5	
286	-7.4799E-1	6.9577E1	3.8672E0	6.3282E5	
287	-7.4699E-1	7.1049E1	3.8609E0	6.3504E5	
288	-7.4738E-1	7.0483E1	3.8548E0	6.3726E5	
289	-7.4799E-1	6.9577E1	3.8486E0	6.3948E5	
290	-7.4638E-1	7.1955E1	3.8424E0	6.4170E5	
291	-7.4783E-1	6.9804E1	3.8362E0	6.4392E5	
292	-7.4570E-1	7.2974E1	3.8300E0	6.4614E5	
293	-7.4638E-1	7.1955E1	3.8238E0	6.4836E5	
294	-7.4615E-1	7.2295E1	3.8176E0	6.5058E5	
295	-7.4615E-1	7.2295E1	3.8113E0	6.5280E5	
296	-7.4608E-1	7.2408E1	3.8051E0	6.5502E5	
297	-7.4463E-1	7.4559E1	3.7989E0	6.5724E5	
298	-7.4257E-1	7.7616E1	3.7927E0	6.5946E5	
299	-7.4303E-1	7.6937E1	3.7864E0	6.6168E5	
300	-7.4409E-1	7.5352E1	3.7802E0	6.6390E5	
301	-7.4333E-1	7.6484E1	3.7738E0	6.6612E5	
302	-7.4448E-1	7.4786E1	3.7676E0	6.6834E5	
303	-7.4249E-1	7.7730E1	3.7614E0	6.7056E5	
304	-7.4242E-1	7.7843E1	3.7551E0	6.7278E5	
305	-7.4257E-1	7.7616E1	3.7488E0	6.7500E5	
306	-7.4257E-1	7.7616E1	3.7426E0	6.7722E5	
307	-7.4318E-1	7.6711E1	3.7363E0	6.7944E5	
308	-7.4265E-1	7.7503E1	3.7300E0	6.8166E5	
309	-7.3975E-1	8.1806E1	3.7238E0	6.8388E5	
310	-7.4066E-1	8.0447E1	3.7175E0	6.8610E5	
311	-7.4196E-1	7.8522E1	3.7111E0	6.8832E5	
312	-7.4097E-1	7.9994E1	3.7049E0	6.9054E5	
313	-7.4211E-1	7.8296E1	3.6985E0	6.9276E5	
314	-7.3929E-1	8.2485E1	3.6923E0	6.9498E5	
315	-7.3967E-1	8.1919E1	3.6860E0	6.9720E5	
316	-7.4104E-1	7.9881E1	3.6797E0	6.9942E5	
317	-7.4371E-1	7.5918E1	3.6733E0	7.0164E5	
318	-7.4287E-1	7.7163E1	3.6671E0	7.0386E5	
319	-7.3929E-1	8.2485E1	3.6608E0	7.0608E5	
320	-7.3906E-1	8.2825E1	3.6544E0	7.0830E5	
321	-7.3822E-1	8.4070E1	3.6481E0	7.1052E5	
322	-7.3807E-1	8.4297E1	3.6418E0	7.1274E5	
323	-7.3868E-1	8.3391E1	3.6355E0	7.1496E5	
324	-7.3830E-1	8.3957E1	3.6292E0	7.1718E5	
325	-7.4203E-1	7.8409E1	3.6227E0	7.1940E5	
326	-7.3814E-1	8.4183E1	3.6164E0	7.2162E5	
327	-7.3677E-1	8.6221E1	3.6101E0	7.2384E5	
328	-7.3921E-1	8.2598E1	3.6038E0	7.2606E5	
329	-7.3730E-1	8.5429E1	3.5974E0	7.2828E5	
330	-7.3784E-1	8.4636E1	3.5911E0	7.3050E5	
331	-7.3692E-1	8.5995E1	3.5847E0	7.3272E5	
332	-7.3830E-1	8.3957E1	3.5784E0	7.3494E5	
333	-7.3814E-1	8.4183E1	3.5719E0	7.3716E5	
334	-7.3891E-1	8.3051E1	3.5656E0	7.3938E5	
335	-7.3502E-1	8.8826E1	3.5593E0	7.4160E5	
336	-7.3647E-1	8.6674E1	3.5529E0	7.4382E5	
337	-7.3601E-1	8.7354E1	3.5466E0	7.4604E5	
338	-7.3784E-1	8.4636E1	3.5401E0	7.4826E5	
339	-7.3441E-1	8.9731E1	3.5337E0	7.5048E5	
340	-7.3616E-1	8.7127E1	3.5274E0	7.5270E5	
341	-7.3761E-1	8.4976E1	3.5210E0	7.5492E5	
342	-7.3532E-1	8.8373E1	3.5145E0	7.5714E5	
343	-7.3593E-1	8.7467E1	3.5082E0	7.5936E5	
344	-7.3280E-1	9.2109E1	3.5017E0	7.6158E5	
345	-7.3479E-1	8.9165E1	3.4953E0	7.6380E5	
346	-7.3730E-1	8.5429E1	3.4890E0	7.6602E5	
347	-7.3441E-1	8.9731E1	3.4825E0	7.6824E5	
348	-7.3540E-1	8.8260E1	3.4762E0	7.7046E5	
349	-7.3570E-1	8.7807E1	3.4697E0	7.7268E5	
350	-7.3547E-1	8.8146E1	3.4633E0	7.7490E5	
351	-7.3479E-1	8.9165E1	3.4567E0	7.7712E5	
352	-7.3357E-1	9.0977E1	3.4504E0	7.7934E5	
353	-7.3372E-1	9.0751E1	3.4440E0	7.8156E5	
354	-7.3326E-1	9.1430E1	3.4376E0	7.8378E5	
355	-7.3463E-1	8.9392E1	3.4311E0	7.8600E5	
356	-7.3418E-1	9.0071E1	3.4248E0	7.8822E5	
357	-7.3242E-1	9.2675E1	3.4182E0	7.9044E5	
358	-7.3524E-1	8.8486E1	3.4118E0	7.9266E5	
359	-7.3441E-1	8.9731E1	3.4053E0	7.9488E5	
360	-7.3364E-1	9.0864E1	3.3989E0	7.9710E5	
361	-7.3097E-1	9.4827E1	3.3925E0	7.9932E5	
362	-7.3326E-1	9.1430E1	3.3860E0	8.0154E5	
363	-7.3265E-1	9.2336E1	3.3795E0	8.0376E5	
364	-7.3112E-1	9.4600E1	3.3731E0	8.0598E5	
365	-7.3143E-1	9.4147E1	3.3665E0	8.0820E5	
366	-7.2968E-1	9.6751E1	3.3601E0	8.1042E5	
367	-7.3074E-1	9.5166E1	3.3536E0	8.1264E5	
368	-7.3349E-1	9.1090E1	3.3472E0	8.1486E5	
369	-7.2983E-1	9.6525E1	3.3406E0	8.1708E5	
370	-7.3097E-1	9.4827E1	3.3342E0	8.1930E5	
371	-7.3158E-1	9.3921E1	3.3276E0	8.2152E5	
372	-7.2952E-1	9.6978E1	3.3212E0	8.2374E5	
373	-7.2952E-1	9.6978E1	3.3146E0	8.2596E5	
374	-7.2876E-1	9.8110E1	3.3081E0	8.2818E5	
375	-7.2983E-1	9.6525E1	3.3016E0	8.3040E5	
376	-7.2937E-1	9.7204E1	3.2952E0	8.3262E5	
377	-7.2708E-1	1.0060E2	3.2886E0	8.3484E5	
378	-7.2906E-1	9.7657E1	3.2821E0	8.3706E5	
379	-7.2891E-1	9.7884E1	3.2756E0	8.3928E5	
380	-7.3013E-1	9.6072E1	3.2691E0	8.4150E5	
381	-7.2739E-1	1.0015E2	3.2626E0	8.4372E5	
382	-7.2685E-1	1.0094E2	3.2560E0	8.4594E5	
383	-7.2945E-1	9.7091E1	3.2496E0	8.4816E5	
384	-7.2594E-1	1.0230E2	3.2429E0	8.5038E5	
385	-7.2685E-1	1.0094E2	3.2364E0	8.5260E5	
386	-7.2762E-1	9.9809E1	3.2299E0	8.5482E5	
387	-7.2441E-1	1.0456E2	3.2233E0	8.5704E5	
388	-7.2495E-1	1.0377E2	3.2168E0	8.5926E5	
389	-7.2632E-1	1.0173E2	3.2102E0	8.6148E5	
390	-7.2502E-1	1.0366E2	3.2037E0	8.6370E5	
391	-7.2777E-1	9.9582E1	3.1972E0	8.6592E5	
392	-7.2342E-1	1.0604E2	3.1907E0	8.6814E5	
393	-7.2556E-1	1.0287E2	3.1840E0	8.7036E5	
394	-7.2411E-1	1.0502E2	3.1775E0	8.7258E5	
395	-7.2403E-1	1.0513E2	3.1709E0	8.7480E5	
396	-7.2533E-1	1.0321E2	3.1644E0	8.7702E5	
397	-7.2647E-1	1.0151E2	3.1578E0	8.7924E5	
398	-7.2243E-1	1.0751E2	3.1512E0	8.8146E5	
399	-7.2441E-1	1.0456E2	3.1446E0	8.8368E5	
400	-7.2304E-1	1.0660E2	3.1379E0	8.8590E5	
401	-7.2411E-1	1.0502E2	3.1315E0	8.8812E5	
402	-7.2350E-1	1.0592E2	3.1248E0	8.9034E5	
403	-7.2403E-1	1.0513E2	3.1182E0	8.9256E5	
404	-7.2510E-1	1.0355E2	3.1116E0	8.9478E5	
405	-7.2433E-1	1.0468E2	3.1051E0	8.9700E5	
406	-7.2258E-1	1.0728E2	3.0985E0	8.9922E5	
407	-7.2258E-1	1.0728E2	3.0919E0	9.0144E5	
408	-7.2220E-1	1.0785E2	3.0853E0	9.0366E5	
409	-7.2098E-1	1.0966E2	3.0786E0	9.0588E5	
410	-7.2044E-1	1.1045E2	3.0720E0	9.0810E5	
411	-7.1968E-1	1.1158E2	3.0654E0	9.1032E5	
412	-7.2105E-1	1.0955E2	3.0588E0	9.1254E5	
413	-7.2189E-1	1.0830E2	3.0521E0	9.1476E5	
414	-7.1976E-1	1.1147E2	3.0456E0	9.1698E5	
415	-7.1930E-1	1.1215E2	3.0389E0	9.1920E5	
416	-7.1884E-1	1.1283E2	3.0322E0	9.2142E5	
417	-7.1991E-1	1.1124E2	3.0255E0	9.2364E5	
418	-7.2182E-1	1.0841E2	3.0189E0	9.2586E5	
419	-7.2220E-1	1.0785E2	3.0124E0	9.2808E5	
420	-7.2006E-1	1.1102E2	3.0057E0	9.3030E5	
421	-7.1907E-1	1.1249E2	2.9990E0	9.3252E5	
422	-7.1953E-1	1.1181E2	2.9924E0	9.3474E5	
423	-7.2281E-1	1.0694E2	2.9857E0	9.3696E5	
424	-7.1938E-1	1.1204E2	2.9792E0	9.3918E5	
425	-7.1861E-1	1.1317E2	2.9725E0	9.4140E5	
426	-7.2014E-1	1.1090E2	2.9658E0	9.4362E5	
427	-7.1594E-1	1.1713E2	2.9590E0	9.4584E5	
428	-7.2174E-1	1.0853E2	2.9525E0	9.4806E5	
429	-7.1892E-1	1.1272E2	2.9458E0	9.5028E5	
430	-7.2052E-1	1.1034E2	2.9392E0	9.5250E5	
431	-7.1503E-1	1.1849E2	2.9324E0	9.5472E5	
432	-7.1983E-1	1.1136E2	2.9258E0	9.5694E5	
433	-7.1686E-1	1.1577E2	2.9191E0	9.5916E5	
434	-7.1747E-1	1.1487E2	2.9124E0	9.6138E5	
435	-7.2006E-1	1.1102E2	2.9056E0	9.6360E5	
436	-7.1686E-1	1.1577E2	2.8990E0	9.6582E5	
437	-7.1640E-1	1.1645E2	2.8922E0	9.6804E5	
438	-7.1732E-1	1.1509E2	2.8857E0	9.7026E5	
439	-7.1884E-1	1.1283E2	2.8789E0	9.7248E5	
440	-7.1472E-1	1.1894E2	2.8722E0	9.7470E5	
441	-7.1693E-1	1.1566E2	2.8655E0	9.7692E5	
442	-7.1388E-1	1.2019E2	2.8587E0	9.7914E5	
443	-7.1419E-1	1.1974E2	2.8520E0	9.8136E5	
444	-7.1304E-1	1.2143E2	2.8453E0	9.8358E5	
445	-7.1289E-1	1.2166E2	2.8386E0	9.8580E5	
446	-7.1510E-1	1.1838E2	2.8319E0	9.8802E5	
447	-7.1640E-1	1.1645E2	2.8252E0	9.9024E5	
448	-7.1342E-1	1.2087E2	2.8185E0	9.9246E5	
449	-7.1442E-1	1.1940E2	2.8118E0	9.9468E5	
450	-7.1297E-1	1.2155E2	2.8051E0	9.9690E5	
451	-7.1121E-1	1.2415E2	2.7984E0	9.9912E5	
452	-7.1243E-1	1.2234E2	2.7915E0	1.0013E6	
453	-7.1518E-1	1.1826E2	2.7848E0	1.0036E6	
454	-7.1014E-1	1.2574E2	2.7781E0	1.0058E6	
455	-7.0999E-1	1.2596E2	2.7714E0	1.0080E6	
456	-7.1281E-1	1.2177E2	2.7646E0	1.0102E6	
457	-7.1022E-1	1.2562E2	2.7578E0	1.0124E6	
458	-7.1083E-1	1.2472E2	2.7510E0	1.0147E6	
459	-7.1281E-1	1.2177E2	2.7444E0	1.0169E6	
460	-7.1304E-1	1.2143E2	2.7376E0	1.0191E6	
461	-7.1068E-1	1.2494E2	2.7308E0	1.0213E6	
462	-7.1259E-1	1.2211E2	2.7240E0	1.0235E6	
463	-7.0793E-1	1.2902E2	2.7173E0	1.0258E6	
464	-7.1045E-1	1.2528E2	2.7106E0	1.0280E6	
465	-7.0969E-1	1.2642E2	2.7038E0	1.0302E6	
466	-7.0908E-1	1.2732E2	2.6970E0	1.0324E6	
467	-7.1030E-1	1.2551E2	2.6902E0	1.0346E6	
468	-7.0763E-1	1.2947E2	2.6834E0	1.0369E6	
469	-7.0938E-1	1.2687E2	2.6767E0	1.0391E6	
470	-7.0969E-1	1.2642E2	2.6700E0	1.0413E6	
471	-7.0946E-1	1.2676E2	2.6631E0	1.0435E6	
472	-7.0938E-1	1.2687E2	2.6564E0	1.0457E6	
473	-7.0724E-1	1.3004E2	2.6494E0	1.0480E6	
474	-7.0869E-1	1.2789E2	2.6427E0	1.0502E6	
475	-7.0885E-1	1.2766E2	2.6359E0	1.0524E6	
476	-7.0770E-1	1.2936E2	2.6291E0	1.0546E6	
477	-7.0923E-1	1.2710E2	2.6223E0	1.0568E6	
478	-7.0869E-1	1.2789E2	2.6154E0	1.0591E6	
479	-7.0717E-1	1.3015E2	2.6087E0	1.0613E6	
480	-7.0961E-1	1.2653E2	2.6019E0	1.0635E6	
481	-7.0862E-1	1.2800E2	2.5950E0	1.0657E6	
482	-7.0686E-1	1.3061E2	2.5883E0	1.0679E6	
483	-7.0877E-1	1.2778E2	2.5814E0	1.0702E6	
484	-7.0663E-1	1.3095E2	2.5745E0	1.0724E6	
485	-7.0755E-1	1.2959E2	2.5677E0	1.0746E6	
486	-7.0709E-1	1.3027E2	2.5609E0	1.0768E6	
487	-7.0564E-1	1.3242E2	2.5541E0	1.0790E6	
488	-7.0602E-1	1.3185E2	2.5473E0	1.0813E6	
489	-7.0961E-1	1.2653E2	2.5405E0	1.0835E6	
490	-7.0847E-1	1.2823E2	2.5336E0	1.0857E6	
491	-7.0564E-1	1.3242E2	2.5268E0	1.0879E6	
492	-7.0595E-1	1.3196E2	2.5199E0	1.0901E6	
493	-7.0541E-1	1.3276E2	2.5131E0	1.0924E6	
494	-7.0602E-1	1.3185E2	2.5064E0	1.0946E6	
495	-7.0656E-1	1.3106E2	2.4994E0	1.0968E6	
496	-7.0564E-1	1.3242E2	2.4927E0	1.0990E6	
497	-7.0648E-1	1.3117E2	2.4858E0	1.1012E6	
498	-7.0465E-1	1.3389E2	2.4789E0	1.1035E6	
499	-7.0457E-1	1.3400E2	2.4719E0	1.1057E6	
500	-7.0534E-1	1.3287E2	2.4651E0	1.1079E6	
501	-7.0328E-1	1.3593E2	2.4583E0	1.1101E6	
502	-7.0534E-1	1.3287E2	2.4514E0	1.1123E6	
503	-7.0366E-1	1.3536E2	2.4446E0	1.1146E6	
504	-7.0206E-1	1.3774E2	2.4376E0	1.1168E6	
505	-7.0122E-1	1.3898E2	2.4309E0	1.1190E6	
506	-7.0152E-1	1.3853E2	2.4240E0	1.1212E6	
507	-6.9984E-1	1.4102E2	2.4172E0	1.1234E6	
508	-7.0160E-1	1.3842E2	2.4102E0	1.1257E6	
509	-7.0175E-1	1.3819E2	2.4033E0	1.1279E6	
510	-7.0152E-1	1.3853E2	2.3964E0	1.1301E6	
511	-7.0030E-1	1.4034E2	2.3896E0	1.1323E6	
512	-7.0084E-1	1.3955E2	2.3827E0	1.1345E6	
513	-7.0000E-1	1.4080E2	2.3758E0	1.1368E6	
514	-6.9710E-1	1.4510E2	2.3689E0	1.1390E6	
515	-7.0099E-1	1.3932E2	2.3620E0	1.1412E6	
516	-6.9939E-1	1.4170E2	2.3552E0	1.1434E6	
517	-6.9977E-1	1.4114E2	2.3483E0	1.1456E6	
518	-7.0114E-1	1.3910E2	2.3413E0	1.1479E6	
519	-6.9832E-1	1.4329E2	2.3344E0	1.1501E6	
520	-6.9809E-1	1.4363E2	2.3275E0	1.1523E6	
521	-6.9847E-1	1.4306E2	2.3206E0	1.1545E6	
522	-6.9588E-1	1.4691E2	2.3136E0	1.1567E6	
523	-6.9710E-1	1.4510E2	2.3068E0	1.1590E6	
524	-6.9817E-1	1.4351E2	2.2998E0	1.1612E6	
525	-6.9687E-1	1.4544E2	2.2929E0	1.1634E6	
526	-6.9801E-1	1.4374E2	2.2860E0	1.1656E6	
527	-6.9641E-1	1.4612E2	2.2791E0	1.1678E6	
528	-6.9618E-1	1.4646E2	2.2721E0	1.1701E6	
529	-6.9855E-1	1.4295E2	2.2652E0	1.1723E6	
530	-6.9847E-1	1.4306E2	2.2583E0	1.1745E6	
531	-6.9473E-1	1.4861E2	2.2513E0	1.1767E6	
532	-6.9557E-1	1.4736E2	2.2444E0	1.1789E6	
533	-6.9344E-1	1.5053E2	2.2375E0	1.1812E6	
534	-6.9809E-1	1.4363E2	2.2306E0	1.1834E6	
535	-6.9405E-1	1.4963E2	2.2236E0	1.1856E6	
536	-6.9603E-1	1.4668E2	2.2166E0	1.1878E6	
537	-6.9405E-1	1.4963E2	2.2097E0	1.1900E6	
538	-6.9328E-1	1.5076E2	2.2027E0	1.1923E6	
539	-6.9473E-1	1.4861E2	2.1958E0	1.1945E6	
540	-6.9496E-1	1.4827E2	2.1889E0	1.1967E6	
541	-6.9260E-1	1.5178E2	2.1820E0	1.1989E6	
542	-6.9283E-1	1.5144E2	2.1750E0	1.2011E6	
543	-6.9328E-1	1.5076E2	2.1680E0	1.2034E6	
544	-6.9374E-1	1.5008E2	2.1610E0	1.2056E6	
545	-6.9313E-1	1.5099E2	2.1541E0	1.2078E6	
546	-6.9351E-1	1.5042E2	2.1471E0	1.2100E6	
547	-6.9374E-1	1.5008E2	2.1402E0	1.2122E6	
548	-6.9160E-1	1.5325E2	2.1333E0	1.2145E6	
549	-6.9206E-1	1.5257E2	2.1263E0	1.2167E6	
550	-6.9183E-1	1.5291E2	2.1193E0	1.2189E6	
551	-6.9283E-1	1.5144E2	2.1124E0	1.2211E6	
552	-6.9275E-1	1.5155E2	2.1055E0	1.2233E6	
553	-6.9328E-1	1.5076E2	2.0984E0	1.2256E6	
554	-6.9336E-1	1.5065E2	2.0913E0	1.2278E6	
555	-6.9206E-1	1.5257E2	2.0844E0	1.2300E6	
556	-6.9283E-1	1.5144E2	2.0774E0	1.2322E6	
557	-6.9130E-1	1.5370E2	2.0705E0	1.2344E6	
558	-6.9206E-1	1.5257E2	2.0635E0	1.2367E6	
559	-6.9229E-1	1.5223E2	2.0564E0	1.2389E6	
560	-6.8947E-1	1.5642E2	2.0494E0	1.2411E6	
561	-6.9199E-1	1.5268E2	2.0425E0	1.2433E6	
562	-6.9115E-1	1.5393E2	2.0355E0	1.2455E6	
563	-6.8871E-1	1.5755E2	2.0285E0	1.2478E6	
564	-6.8840E-1	1.5801E2	2.0216E0	1.2500E6	
565	-6.8901E-1	1.5710E2	2.0145E0	1.2522E6	
566	-6.8886E-1	1.5733E2	2.0075E0	1.2544E6	
567	-6.9069E-1	1.5461E2	2.0005E0	1.2566E6	
568	-6.8878E-1	1.5744E2	1.9935E0	1.2589E6	
569	-6.9000E-1	1.5563E2	1.9865E0	1.2611E6	
570	-6.8916E-1	1.5687E2	1.9795E0	1.2633E6	
571	-6.8985E-1	1.5586E2	1.9724E0	1.2655E6	
572	-6.8848E-1	1.5789E2	1.9655E0	1.2677E6	
573	-6.8726E-1	1.5970E2	1.9584E0	1.2700E6	
574	-6.8604E-1	1.6152E2	1.9513E0	1.2722E6	
575	-6.8672E-1	1.6050E2	1.9443E0	1.2744E6	
576	-6.8413E-1	1.6435E2	1.9374E0	1.2766E6	
577	-6.8558E-1	1.6220E2	1.9303E0	1.2788E6	
578	-6.8748E-1	1.5937E2	1.9233E0	1.2811E6	
579	-6.8558E-1	1.6220E2	1.9162E0	1.2833E6	
580	-6.8436E-1	1.6401E2	1.9093E0	1.2855E6	
581	-6.8382E-1	1.6480E2	1.9023E0	1.2877E6	
582	-6.8375E-1	1.6491E2	1.8951E0	1.2899E6	
583	-6.8283E-1	1.6627E2	1.8882E0	1.2922E6	
584	-6.8474E-1	1.6344E2	1.8810E0	1.2944E6	
585	-6.8245E-1	1.6684E2	1.8741E0	1.2966E6	
586	-6.8710E-1	1.5993E2	1.8670E0	1.2988E6	
587	-6.8344E-1	1.6537E2	1.8600E0	1.3010E6	
588	-6.8344E-1	1.6537E2	1.8530E0	1.3033E6	
589	-6.8192E-1	1.6763E2	1.8460E0	1.3055E6	
590	-6.8321E-1	1.6571E2	1.8389E0	1.3077E6	
591	-6.8344E-1	1.6537E2	1.8319E0	1.3099E6	
592	-6.8047E-1	1.6978E2	1.8247E0	1.3121E6	
593	-6.8268E-1	1.6650E2	1.8178E0	1.3144E6	
594	-6.8161E-1	1.6808E2	1.8108E0	1.3166E6	
595	-6.8283E-1	1.6627E2	1.8036E0	1.3188E6	
596	-6.8436E-1	1.6401E2	1.7965E0	1.3210E6	
597	-6.8192E-1	1.6763E2	1.7896E0	1.3232E6	
598	-6.8169E-1	1.6797E2	1.7826E0	1.3255E6	
599	-6.8214E-1	1.6729E2	1.7754E0	1.3277E6	
600	-6.8130E-1	1.6854E2	1.7683E0	1.3299E6	
601	-6.8138E-1	1.6842E2	1.7614E0	1.3321E6	
602	-6.7993E-1	1.7057E2	1.7542E0	1.3343E6	
603	-6.8039E-1	1.6990E2	1.7472E0	1.3366E6	
604	-6.8161E-1	1.6808E2	1.7400E0	1.3388E6	
605	-6.8367E-1	1.6503E2	1.7330E0	1.3410E6	
606	-6.8054E-1	1.6967E2	1.7259E0	1.3432E6	
607	-6.7886E-1	1.7216E2	1.7189E0	1.3454E6	
608	-6.7841E-1	1.7284E2	1.7118E0	1.3477E6	
609	-6.8024E-1	1.7012E2	1.7047E0	1.3499E6	
610	-6.7932E-1	1.7148E2	1.6976E0	1.3521E6	
611	-6.7741E-1	1.7431E2	1.6906E0	1.3543E6	
612	-6.8108E-1	1.6888E2	1.6836E0	1.3565E6	
613	-6.7894E-1	1.7205E2	1.6764E0	1.3588E6	
614	-6.7848E-1	1.7273E2	1.6693E0	1.3610E6	
615	-6.7947E-1	1.7125E2	1.6622E0	1.3632E6	
616	-6.7703E-1	1.7488E2	1.6552E0	1.3654E6	
617	-6.7932E-1	1.7148E2	1.6481E0	1.3676E6	
618	-6.7688E-1	1.7510E2	1.6410E0	1.3699E6	
619	-6.7802E-1	1.7341E2	1.6339E0	1.3721E6	
620	-6.7825E-1	1.7307E2	1.6268E0	1.3743E6	
621	-6.7825E-1	1.7307E2	1.6198E0	1.3765E6	
622	-6.7688E-1	1.7510E2	1.6126E0	1.3787E6	
623	-6.7749E-1	1.7420E2	1.6055E0	1.3810E6	
624	-6.7795E-1	1.7352E2	1.5985E0	1.3832E6	
625	-6.7627E-1	1.7601E2	1.5914E0	1.3854E6	
626	-6.7657E-1	1.7556E2	1.5843E0	1.3876E6	
627	-6.7558E-1	1.7703E2	1.5772E0	1.3898E6	
628	-6.7543E-1	1.7725E2	1.5701E0	1.3921E6	
629	-6.7650E-1	1.7567E2	1.5630E0	1.3943E6	
630	-6.7535E-1	1.7737E2	1.5558E0	1.3965E6	
631	-6.7513E-1	1.7771E2	1.5488E0	1.3987E6	
632	-6.7566E-1	1.7692E2	1.5417E0	1.4009E6	
633	-6.7352E-1	1.8009E2	1.5346E0	1.4032E6	
634	-6.7413E-1	1.7918E2	1.5274E0	1.4054E6	
635	-6.7444E-1	1.7873E2	1.5203E0	1.4076E6	
636	-6.7238E-1	1.8178E2	1.5132E0	1.4098E6	
637	-6.7360E-1	1.7997E2	1.5062E0	1.4120E6	
638	-6.7291E-1	1.8099E2	1.4991E0	1.4143E6	
639	-6.7131E-1	1.8337E2	1.4918E0	1.4165E6	
640	-6.6956E-1	1.8597E2	1.4848E0	1.4187E6	
641	-6.6963E-1	1.8586E2	1.4777E0	1.4209E6	
642	-6.7093E-1	1.8394E2	1.4705E0	1.4231E6	
643	-6.7093E-1	1.8394E2	1.4635E0	1.4254E6	
644	-6.7093E-1	1.8394E2	1.4563E0	1.4276E6	
645	-6.6925E-1	1.8643E2	1.4492E0	1.4298E6	
646	-6.7009E-1	1.8518E2	1.4421E0	1.4320E6	
647	-6.7024E-1	1.8495E2	1.4350E0	1.4342E6	
648	-6.6925E-1	1.8643E2	1.4279E0	1.4365E6	
649	-6.7039E-1	1.8473E2	1.4208E0	1.4387E6	
650	-6.7093E-1	1.8394E2	1.4136E0	1.4409E6	
651	-6.7001E-1	1.8529E2	1.4065E0	1.4431E6	
652	-6.7215E-1	1.8212E2	1.3993E0	1.4453E6	
653	-6.6902E-1	1.8677E2	1.3924E0	1.4476E6	
654	-6.6795E-1	1.8835E2	1.3851E0	1.4498E6	
655	-6.6925E-1	1.8643E2	1.3780E0	1.4520E6	
656	-6.6711E-1	1.8960E2	1.3708E0	1.4542E6	
657	-6.6566E-1	1.9175E2	1.3638E0	1.4564E6	
658	-6.6978E-1	1.8563E2	1.3566E0	1.4587E6	
659	-6.6620E-1	1.9096E2	1.3495E0	1.4609E6	
660	-6.6826E-1	1.8790E2	1.3424E0	1.4631E6	
661	-6.6559E-1	1.9186E2	1.3352E0	1.4653E6	
662	-6.6605E-1	1.9118E2	1.3281E0	1.4675E6	
663	-6.6681E-1	1.9005E2	1.3209E0	1.4698E6	
664	-6.6673E-1	1.9016E2	1.3138E0	1.4720E6	
665	-6.6635E-1	1.9073E2	1.3067E0	1.4742E6	
666	-6.6551E-1	1.9197E2	1.2995E0	1.4764E6	
667	-6.6795E-1	1.8835E2	1.2924E0	1.4786E6	
668	-6.6734E-1	1.8926E2	1.2852E0	1.4809E6	
669	-6.6597E-1	1.9129E2	1.2781E0	1.4831E6	
670	-6.6826E-1	1.8790E2	1.2710E0	1.4853E6	
671	-6.6612E-1	1.9107E2	1.2638E0	1.4875E6	
672	-6.6605E-1	1.9118E2	1.2567E0	1.4897E6	
673	-6.6765E-1	1.8880E2	1.2496E0	1.4920E6	
674	-6.6628E-1	1.9084E2	1.2423E0	1.4942E6	
675	-6.6475E-1	1.9311E2	1.2354E0	1.4964E6	
676	-6.6483E-1	1.9299E2	1.2281E0	1.4986E6	
677	-6.6467E-1	1.9322E2	1.2211E0	1.5008E6	
678	-6.6742E-1	1.8914E2	1.2137E0	1.5031E6	
679	-6.6414E-1	1.9401E2	1.2067E0	1.5053E6	
680	-6.6605E-1	1.9118E2	1.1996E0	1.5075E6	
681	-6.6658E-1	1.9039E2	1.1924E0	1.5097E6	
682	-6.6383E-1	1.9447E2	1.1853E0	1.5119E6	
683	-6.6467E-1	1.9322E2	1.1782E0	1.5142E6	
684	-6.6376E-1	1.9458E2	1.1711E0	1.5164E6	
685	-6.6383E-1	1.9447E2	1.1638E0	1.5186E6	
686	-6.6452E-1	1.9345E2	1.1567E0	1.5208E6	
687	-6.6483E-1	1.9299E2	1.1495E0	1.5230E6	
688	-6.6315E-1	1.9548E2	1.1424E0	1.5253E6	
689	-6.6200E-1	1.9718E2	1.1353E0	1.5275E6	
690	-6.6185E-1	1.9741E2	1.1280E0	1.5297E6	
691	-6.5994E-1	2.0024E2	1.1209E0	1.5319E6	
692	-6.6193E-1	1.9730E2	1.1138E0	1.5341E6	
693	-6.6162E-1	1.9775E2	1.1067E0	1.5364E6	
694	-6.6124E-1	1.9831E2	1.0995E0	1.5386E6	
695	-6.5987E-1	2.0035E2	1.0924E0	1.5408E6	
696	-6.5872E-1	2.0205E2	1.0852E0	1.5430E6	
697	-6.6025E-1	1.9979E2	1.0780E0	1.5452E6	
698	-6.5842E-1	2.0250E2	1.0709E0	1.5475E6	
699	-6.5666E-1	2.0511E2	1.0637E0	1.5497E6	
700	-7.0374E-1	1.3525E2	1.0566E0	1.5519E6	
701	-7.0488E-1	1.3355E2	1.0494E0	1.5541E6	
702	-7.0168E-1	1.3831E2	1.0422E0	1.5563E6	
703	-6.9733E-1	1.4476E2	1.0351E0	1.5586E6	
704	-6.8947E-1	1.5642E2	1.0280E0	1.5608E6	
705	-6.7696E-1	1.7499E2	1.0208E0	1.5630E6	
706	-6.7375E-1	1.7975E2	1.0137E0	1.5652E6	
707	-6.6437E-1	1.9367E2	1.0064E0	1.5674E6	
708	-6.5956E-1	2.0081E2	9.9939E-1	1.5697E6	
709	-6.5285E-1	2.1077E2	9.9224E-1	1.5719E6	
710	-6.4308E-1	2.2526E2	9.8504E-1	1.5741E6	
711	-6.3942E-1	2.3070E2	9.7799E-1	1.5763E6	
712	-6.3744E-1	2.3364E2	9.7071E-1	1.5785E6	
713	-6.3187E-1	2.4191E2	9.6365E-1	1.5808E6	
714	-6.2775E-1	2.4802E2	9.5642E-1	1.5830E6	
715	-6.1798E-1	2.6251E2	9.4934E-1	1.5852E6	
716	-6.1829E-1	2.6206E2	9.4215E-1	1.5874E6	
717	-6.1615E-1	2.6523E2	9.3511E-1	1.5896E6	
718	-6.1287E-1	2.7010E2	9.2788E-1	1.5919E6	
719	-6.0783E-1	2.7757E2	9.2076E-1	1.5941E6	
720	-6.1134E-1	2.7236E2	9.1358E-1	1.5963E6	
721	-6.0608E-1	2.8018E2	9.0645E-1	1.5985E6	
722	-6.0165E-1	2.8674E2	8.9924E-1	1.6007E6	
723	-5.9746E-1	2.9297E2	8.9215E-1	1.6030E6	
724	-5.9448E-1	2.9739E2	8.8495E-1	1.6052E6	
725	-5.9242E-1	3.0044E2	8.7780E-1	1.6074E6	
726	-5.8762E-1	3.0758E2	8.7069E-1	1.6096E6	
727	-5.8289E-1	3.1460E2	8.6359E-1	1.6118E6	
728	-5.8182E-1	3.1618E2	8.5638E-1	1.6141E6	
729	-5.7709E-1	3.2320E2	8.4928E-1	1.6163E6	
730	-5.7404E-1	3.2773E2	8.4204E-1	1.6185E6	
731	-5.6953E-1	3.3441E2	8.3504E-1	1.6207E6	
732	-5.6190E-1	3.4573E2	8.2781E-1	1.6229E6	
733	-5.5527E-1	3.5559E2	8.2076E-1	1.6252E6	
734	-5.5367E-1	3.5796E2	8.1358E-1	1.6274E6	
735	-5.5222E-1	3.6011E2	8.0639E-1	1.6296E6	
736	-5.4283E-1	3.7404E2	7.9925E-1	1.6318E6	
737	-5.4039E-1	3.7766E2	7.9214E-1	1.6340E6	
738	-5.3246E-1	3.8944E2	7.8493E-1	1.6363E6	
739	-5.2643E-1	3.9838E2	7.7790E-1	1.6385E6	
740	-5.2399E-1	4.0201E2	7.7074E-1	1.6407E6	
741	-5.1826E-1	4.1050E2	7.6357E-1	1.6429E6	
742	-5.1659E-1	4.1299E2	7.5651E-1	1.6451E6	
743	-5.0827E-1	4.2533E2	7.4930E-1	1.6474E6	
744	-5.0652E-1	4.2794E2	7.4218E-1	1.6496E6	
745	-5.0125E-1	4.3575E2	7.3502E-1	1.6518E6	
746	-4.9202E-1	4.4945E2	7.2796E-1	1.6540E6	
747	-4.9019E-1	4.5217E2	7.2090E-1	1.6562E6	
748	-4.8485E-1	4.6009E2	7.1373E-1	1.6585E6	
749	-4.7295E-1	4.7776E2	7.0652E-1	1.6607E6	
750	-4.7165E-1	4.7968E2	6.9945E-1	1.6629E6	
751	-4.6089E-1	4.9565E2	6.9245E-1	1.6651E6	
752	-4.5631E-1	5.0244E2	6.8519E-1	1.6673E6	
753	-4.4884E-1	5.1354E2	6.7810E-1	1.6696E6	
754	-4.4075E-1	5.2554E2	6.7104E-1	1.6718E6	
755	-4.2984E-1	5.4173E2	6.6389E-1	1.6740E6	
756	-4.2603E-1	5.4739E2	6.5682E-1	1.6762E6	
757	-4.1870E-1	5.5826E2	6.4960E-1	1.6784E6	
758	-4.1473E-1	5.6415E2	6.4255E-1	1.6807E6	
759	-4.0680E-1	5.7592E2	6.3554E-1	1.6829E6	
760	-3.9986E-1	5.8623E2	6.2827E-1	1.6851E6	
761	-3.8956E-1	6.0151E2	6.2117E-1	1.6873E6	
762	-3.8742E-1	6.0468E2	6.1421E-1	1.6895E6	
763	-3.7544E-1	6.2246E2	6.0706E-1	1.6918E6	
764	-3.7071E-1	6.2948E2	5.9992E-1	1.6940E6	
765	-3.6575E-1	6.3684E2	5.9290E-1	1.6962E6	
766	-3.5576E-1	6.5167E2	5.8578E-1	1.6984E6	
767	-3.5042E-1	6.5960E2	5.7870E-1	1.7006E6	
768	-3.4569E-1	6.6662E2	5.7160E-1	1.7029E6	
769	-3.3669E-1	6.7998E2	5.6447E-1	1.7051E6	
770	-3.2875E-1	6.9175E2	5.5740E-1	1.7073E6	
771	-3.2516E-1	6.9707E2	5.5035E-1	1.7095E6	
772	-3.1624E-1	7.1032E2	5.4319E-1	1.7117E6	
773	-3.1059E-1	7.1870E2	5.3618E-1	1.7140E6	
774	-3.0609E-1	7.2538E2	5.2914E-1	1.7162E6	
775	-2.9755E-1	7.3806E2	5.2279E-1	1.7182E6	
776	-2.9312E-1	7.4463E2	5.2104E-1	1.7187E6	
777	-2.9312E-1	7.4463E2	5.2104E-1	1.7187E6	
778	-2.9312E-1	7.4463E2	5.2104E-1	1.7187E6	
779	-2.9312E-1	7.4463E2	5.2104E-1	1.7187E6	
780	-2.9312E-1	7.4463E2	5.2104E-1	1.7187E6	
781	-2.9312E-1	7.4463E2	5.2104E-1	1.7187E6	
782	-2.9312E-1	7.4463E2	5.2104E-1	1.7187E6	
783	-2.9312E-1	7.4463E2	5.2104E-1	1.7187E6	
784	-2.9312E-1	7.4463E2	5.2104E-1	1.7187E6	
785	-2.9312E-1	7.4463E2	5.2104E-1	1.7187E6	
786	-2.9312E-1	7.4463E2	5.2104E-1	1.7187E6	
787	-2.9312E-1	7.4463E2	5.2104E-1	1.7187E6	
788	-2.9312E-1	7.4463E2	5.2104E-1	1.7187E6	
789	-2.9312E-1	7.4463E2	5.2104E-1	1.7187E6	
790	-2.9312E-1	7.4463E2	5.2104E-1	1.7187E6	
791	-2.9312E-1	7.4463E2	5.2104E-1	1.7187E6	
792	-2.9312E-1	7.4463E2	5.2104E-1	1.7187E6	
793	-2.9312E-1	7.4463E2	5.2104E-1	1.7187E6	
794	-2.9312E-1	7.4463E2	5.2104E-1	1.7187E6	
795	-2.9312E-1	7.4463E2	5.2104E-1	1.7187E6	
796	-2.9312E-1	7.4463E2	5.2104E-1	1.7187E6	
797	-2.9312E-1	7.4463E2	5.2104E-1	1.7187E6	
798	-2.9312E-1	7.4463E2	5.2104E-1	1.7187E6	
799	-2.9312E-1	7.4463E2	5.2104E-1	1.7187E6	
800	-2.9312E-1	7.4463E2	5.2104E-1	1.7187E6	
801	-2.9312E-1	7.4463E2	5.2104E-1	1.7187E6	
802	-2.9312E-1	7.4463E2	5.2104E-1	1.7187E6	
803	-2.9312E-1	7.4463E2	5.2104E-1	1.7187E6	
804	-2.9312E-1	7.4463E2	5.2104E-1	1.7187E6	
805	-2.9312E-1	7.4463E2	5.2104E-1	1.7187E6	
806	-2.9312E-1	7.4463E2	5.2104E-1	1.7187E6	
807	-2.9312E-1	7.4463E2	5.2104E-1	1.7187E6	
808	-2.9312E-1	7.4463E2	5.2104E-1	1.7187E6	
809	-2.9312E-1	7.4463E2	5.2104E-1	1.7187E6	
810	-2.9312E-1	7.4463E2	5.2104E-1	1.7187E6	
811	-2.9312E-1	7.4463E2	5.2104E-1	1.7187E6	
812	-2.9312E-1	7.4463E2	5.2104E-1	1.7187E6	
813	-2.9312E-1	7.4463E2	5.2104E-1	1.7187E6	
814	-2.9312E-1	7.4463E2	5.2104E-1	1.7187E6	
815	-2.9312E-1	7.4463E2	5.2104E-1	1.7187E6	
816	-2.9312E-1	7.4463E2	5.2104E-1	1.7187E6	
817	-2.9312E-1	7.4463E2	5.2104E-1	1.7187E6	
818	-2.9312E-1	7.4463E2	5.2104E-1	1.7187E6	
819	-2.9312E-1	7.4463E2	5.2104E-1	1.7187E6	
820	-2.9312E-1	7.4463E2	5.2104E-1	1.7187E6	
821	-2.9312E-1	7.4463E2	5.2104E-1	1.7187E6	
822	-2.9312E-1	7.4463E2	5.2104E-1	1.7187E6	
823	-2.9312E-1	7.4463E2	5.2104E-1	1.7187E6	
824	-2.9312E-1	7.4463E2	5.2104E-1	1.7187E6	
825	-2.9312E-1	7.4463E2	5.2104E-1	1.7187E6	
826	-2.9312E-1	7.4463E2	5.2104E-1	1.7187E6	
827	-2.9312E-1	7.4463E2	5.2104E-1	1.7187E6	
828	-2.9312E-1	7.4463E2	5.2104E-1	1.7187E6	
829	-2.9312E-1	7.4463E2	5.2104E-1	1.7187E6	
830	-2.9312E-1	7.4463E2	5.2104E-1	1.7187E6	
831	-2.9312E-1	7.4463E2	5.2104E-1	1.7187E6	
832	-2.9312E-1	7.4463E2	5.2104E-1	1.7187E6	
833	-2.9312E-1	7.4463E2	5.2104E-1	1.7187E6	
834	-2.9312E-1	7.4463E2	5.2104E-1	1.7187E6	
835	-2.9312E-1	7.4463E2	5.2104E-1	1.7187E6	
836	-2.9312E-1	7.4463E2	5.2104E-1	1.7187E6	
837	-2.9312E-1	7.4463E2	5.2104E-1	1.7187E6	
838	-2.9312E-1	7.4463E2	5.2104E-1	1.7187E6	
839	-2.9312E-1	7.4463E2	5.2104E-1	1.7187E6	
840	-2.9312E-1	7.4463E2	5.2104E-1	1.7187E6	
841	-2.9312E-1	7.4463E2	5.2104E-1	1.7187E6	
842	-2.9312E-1	7.4463E2	5.2104E-1	1.7187E6	
843	-2.9312E-1	7.4463E2	5.2104E-1	1.7187E6	
844	-2.9312E-1	7.4463E2	5.2104E-1	1.7187E6	
845	-2.9312E-1	7.4463E2	5.2104E-1	1.7187E6	
846	-2.9312E-1	7.4463E2	5.2104E-1	1.7187E6	
847	-2.9312E-1	7.4463E2	5.2104E-1	1.7187E6	
848	-2.9312E-1	7.4463E2	5.2104E-1	1.7187E6	
849	-2.9312E-1	7.4463E2	5.2104E-1	1.7187E6	
850	-2.9312E-1	7.4463E2	5.2104E-1	1.7187E6	
851	-2.9312E-1	7.4463E2	5.2104E-1	1.7187E6	
852	-2.9312E-1	7.4463E2	5.2104E-1	1.7187E6	
853	-2.9312E-1	7.4463E2	5.2104E-1	1.7187E6	
854	-2.9312E-1	7.4463E2	5.2104E-1	1.7187E6	
855	-2.9312E-1	7.4463E2	5.2104E-1	1.7187E6	
856	-2.9312E-1	7.4463E2	5.2104E-1	1.7187E6	
857	-2.9312E-1	7.4463E2	5.2104E-1	1.7187E6	
858	-2.9312E-1	7.4463E2	5.2104E-1	1.7187E6	
859	-2.9312E-1	7.4463E2	5.2104E-1	1.7187E6	
860	-2.9312E-1	7.4463E2	5.2104E-1	1.7187E6	
861	-2.9312E-1	7.4463E2	5.2104E-1	1.7187E6	
862	-2.9312E-1	7.4463E2	5.2104E-1	1.7187E6	
863	-2.9312E-1	7.4463E2	5.2104E-1	1.7187E6	
864	-2.9312E-1	7.4463E2	5.2104E-1	1.7187E6	
865	-2.9312E-1	7.4463E2	5.2104E-1	1.7187E6	
866	-2.9312E-1	7.4463E2	5.2104E-1	1.7187E6	
867	-2.9312E-1	7.4463E2	5.2104E-1	1.7187E6	
868	-2.9312E-1	7.4463E2	5.2104E-1	1.7187E6	
869	-2.9312E-1	7.4463E2	5.2104E-1	1.7187E6	
870	-2.9312E-1	7.4463E2	5.2104E-1	1.7187E6	
871	-2.9312E-1	7.4463E2	5.2104E-1	1.7187E6	
872	-2.9312E-1	7.4463E2	5.2104E-1	1.7187E6	
873	-2.9312E-1	7.4463E2	5.2104E-1	1.7187E6	
874	-2.9312E-1	7.4463E2	5.2104E-1	1.7187E6	
875	-2.9312E-1	7.4463E2	5.2104E-1	1.7187E6	
876	-2.9312E-1	7.4463E2	5.2104E-1	1.7187E6	
877	-2.9312E-1	7.4463E2	5.2104E-1	1.7187E6	
878	-2.9312E-1	7.4463E2	5.2104E-1	1.7187E6	
879	-2.9312E-1	7.4463E2	5.2104E-1	1.7187E6	
880	-2.9312E-1	7.4463E2	5.2104E-1	1.7187E6	
881	-2.9312E-1	7.4463E2	5.2104E-1	1.7187E6	
882	-2.9312E-1	7.4463E2	5.2104E-1	1.7187E6	
883	-2.9312E-1	7.4463E2	5.2104E-1	1.7187E6	
884	-2.9312E-1	7.4463E2	5.2104E-1	1.7187E6	
885	-2.9312E-1	7.4463E2	5.2104E-1	1.7187E6	
886	-2.9312E-1	7.4463E2	5.2104E-1	1.7187E6	
887	-2.9312E-1	7.4463E2	5.2104E-1	1.7187E6	
888	-2.9312E-1	7.4463E2	5.2104E-1	1.7187E6	
889	-2.9312E-1	7.4463E2	5.2104E-1	1.7187E6	
890	-2.9312E-1	7.4463E2	5.2104E-1	1.7187E6	
891	-2.9312E-1	7.4463E2	5.2104E-1	1.7187E6	
892	-2.9312E-1	7.4463E2	5.2104E-1	1.7187E6	
893	-2.9312E-1	7.4463E2	5.2104E-1	1.7187E6	
894	-2.9312E-1	7.4463E2	5.2104E-1	1.7187E6	
895	-2.9312E-1	7.4463E2	5.2104E-1	1.7187E6	
896	-2.9312E-1	7.4463E2	5.2104E-1	1.7187E6	
897	-2.9312E-1	7.4463E2	5.2104E-1	1.7187E6	
898	-2.9312E-1	7.4463E2	5.2104E-1	1.7187E6	
899	-2.9312E-1	7.4463E2	5.2104E-1	1.7187E6	
900	-2.9312E-1	7.4463E2	5.2104E-1	1.7187E6	
901	-2.9312E-1	7.4463E2	5.2104E-1	1.7187E6	
902	-2.9312E-1	7.4463E2	5.2104E-1	1.7187E6	
903	-2.9312E-1	7.4463E2	5.2104E-1	1.7187E6	
904	-2.9312E-1	7.4463E2	5.2104E-1	1.7187E6	
905	-2.9312E-1	7.4463E2	5.2104E-1	1.7187E6	
906	-2.9312E-1	7.4463E2	5.2104E-1	1.7187E6	
907	-2.9312E-1	7.4463E2	5.2104E-1	1.7187E6	
908	-2.9312E-1	7.4463E2	5.2104E-1	1.7187E6	
909	-2.9312E-1	7.4463E2	5.2104E-1	1.7187E6	
910	-2.9312E-1	7.4463E2	5.2104E-1	1.7187E6	
911	-2.9312E-1	7.4463E2	5.2104E-1	1.7187E6	
912	-2.9312E-1	7.4463E2	5.2104E-1	1.7187E6	
913	-2.9312E-1	7.4463E2	5.2104E-1	1.7187E6	
914	-2.9312E-1	7.4463E2	5.2104E-1	1.7187E6	
915	-2.9312E-1	7.4463E2	5.2104E-1	1.7187E6	
916	-2.9312E-1	7.4463E2	5.2104E-1	1.7187E6	
917	-2.9312E-1	7.4463E2	5.2104E-1	1.7187E6	
918	-2.9312E-1	7.4463E2	5.2104E-1	1.7187E6	
919	-2.9312E-1	7.4463E2	5.2104E-1	1.7187E6	
920	-2.9312E-1	7.4463E2	5.2104E-1	1.7187E6	
921	-2.9312E-1	7.4463E2	5.2104E-1	1.7187E6	
922	-2.9312E-1	7.4463E2	5.2104E-1	1.7187E6	
923	-2.9312E-1	7.4463E2	5.2104E-1	1.7187E6	
924	-2.9312E-1	7.4463E2	5.2104E-1	1.7187E6	
925	-2.9312E-1	7.4463E2	5.2104E-1	1.7187E6	
926	-2.9312E-1	7.4463E2	5.2104E-1	1.7187E6	
927	-2.9312E-1	7.4463E2	5.2104E-1	1.7187E6	
928	-2.9312E-1	7.4463E2	5.2104E-1	1.7187E6	
929	-2.9312E-1	7.4463E2	5.2104E-1	1.7187E6	
930	-2.9312E-1	7.4463E2	5.2104E-1	1.7187E6	
931	-2.9312E-1	7.4463E2	5.2104E-1	1.7187E6	
932	-2.9312E-1	7.4463E2	5.2104E-1	1.7187E6	
933	-2.9312E-1	7.4463E2	5.2104E-1	1.7187E6	
934	-2.9312E-1	7.4463E2	5.2104E-1	1.7187E6	
935	-2.9312E-1	7.4463E2	5.2104E-1	1.7187E6	
936	-2.9312E-1	7.4463E2	5.2104E-1	1.7187E6	
937	-2.9312E-1	7.4463E2	5.2104E-1	1.7187E6	
938	-2.9312E-1	7.4463E2	5.2104E-1	1.7187E6	
939	-2.9312E-1	7.4463E2	5.2104E-1	1.7187E6	
940	-2.9312E-1	7.4463E2	5.2104E-1	1.7187E6	
941	-2.9312E-1	7.4463E2	5.2104E-1	1.7187E6	
942	-2.9312E-1	7.4463E2	5.2104E-1	1.7187E6	
943	-2.9312E-1	7.4463E2	5.2104E-1	1.7187E6	
944	-2.9312E-1	7.4463E2	5.2104E-1	1.7187E6	
945	-2.9312E-1	7.4463E2	5.2104E-1	1.7187E6	
946	-2.9312E-1	7.4463E2	5.2104E-1	1.7187E6	
947	-2.9312E-1	7.4463E2	5.2104E-1	1.7187E6	
948	-2.9312E-1	7.4463E2	5.2104E-1	1.7187E6	
949	-2.9312E-1	7.4463E2	5.2104E-1	1.7187E6	
950	-2.9312E-1	7.4463E2	5.2104E-1	1.7187E6	
951	-2.9312E-1	7.4463E2	5.2104E-1	1.7187E6	
952	-2.9312E-1	7.4463E2	5.2104E-1	1.7187E6	
953	-2.9312E-1	7.4463E2	5.2104E-1	1.7187E6	
954	-2.9312E-1	7.4463E2	5.2104E-1	1.7187E6	
955	-2.9312E-1	7.4463E2	5.2104E-1	1.7187E6	
956	-2.9312E-1	7.4463E2	5.2104E-1	1.7187E6	
957	-2.9312E-1	7.4463E2	5.2104E-1	1.7187E6	
958	-2.9312E-1	7.4463E2	5.2104E-1	1.7187E6	
959	-2.9312E-1	7.4463E2	5.2104E-1	1.7187E6	
960	-2.9312E-1	7.4463E2	5.2104E-1	1.7187E6	
961	-2.9312E-1	7.4463E2	5.2104E-1	1.7187E6	
962	-2.9312E-1	7.4463E2	5.2104E-1	1.7187E6	
963	-2.9312E-1	7.4463E2	5.2104E-1	1.7187E6	
964	-2.9312E-1	7.4463E2	5.2104E-1	1.7187E6	
965	-2.9312E-1	7.4463E2	5.2104E-1	1.7187E6	
966	-2.9312E-1	7.4463E2	5.2104E-1	1.7187E6	
967	-2.9312E-1	7.4463E2	5.2104E-1	1.7187E6	
968	-2.9312E-1	7.4463E2	5.2104E-1	1.7187E6	
969	-2.9312E-1	7.4463E2	5.2104E-1	1.7187E6	
970	-2.9312E-1	7.4463E2	5.2104E-1	1.7187E6	
971	-2.9312E-1	7.4463E2	5.2104E-1	1.7187E6	
972	-2.9312E-1	7.4463E2	5.2104E-1	1.7187E6	
973	-2.9312E-1	7.4463E2	5.2104E-1	1.7187E6	
974	-2.9312E-1	7.4463E2	5.2104E-1	1.7187E6	
975	-2.9312E-1	7.4463E2	5.2104E-1	1.7187E6	
976	-2.9312E-1	7.4463E2	5.2104E-1	1.7187E6	
977	-2.9312E-1	7.4463E2	5.2104E-1	1.7187E6	
978	-2.9312E-1	7.4463E2	5.2104E-1	1.7187E6	
979	-2.9312E-1	7.4463E2	5.2104E-1	1.7187E6	
980	-2.9312E-1	7.4463E2	5.2104E-1	1.7187E6	
981	-2.9312E-1	7.4463E2	5.2104E-1	1.7187E6	
982	-2.9312E-1	7.4463E2	5.2104E-1	1.7187E6	
983	-2.9312E-1	7.4463E2	5.2104E-1	1.7187E6	
984	-2.9312E-1	7.4463E2	5.2104E-1	1.7187E6	
985	-2.9312E-1	7.4463E2	5.2104E-1	1.7187E6	
986	-2.9312E-1	7.4463E2	5.2104E-1	1.7187E6	
987	-2.9312E-1	7.4463E2	5.2104E-1	1.7187E6	
988	-2.9312E-1	7.4463E2	5.2104E-1	1.7187E6	
989	-2.9312E-1	7.4463E2	5.2104E-1	1.7187E6	
990	-2.9312E-1	7.4463E2	5.2104E-1	1.7187E6	
991	-2.9312E-1	7.4463E2	5.2104E-1	1.7187E6	
992	-2.9312E-1	7.4463E2	5.2104E-1	1.7187E6	
993	-2.9312E-1	7.4463E2	5.2104E-1	1.7187E6	
994	-2.9312E-1	7.4463E2	5.2104E-1	1.7187E6	
995	-2.9312E-1	7.4463E2	5.2104E-1	1.7187E6	
996	-2.9312E-1	7.4463E2	5.2104E-1	1.7187E6	
997	-2.9312E-1	7.4463E2	5.2104E-1	1.7187E6	
998	-2.9312E-1	7.4463E2	5.2104E-1	1.7187E6	
999	-2.9312E-1	7.4463E2	5.2104E-1	1.7187E6	
1000	-2.9312E-1	7.4463E2	5.2104E-1	1.7187E6	
1001	-2.9312E-1	7.4463E2	5.2104E-1	1.7187E6	
1002	-2.9312E-1	7.4463E2	5.2104E-1	1.7187E6	
1003	-2.9312E-1	7.4463E2	5.2104E-1	1.7187E6	
1004	-2.9312E-1	7.4463E2	5.2104E-1	1.7187E6	
1005	-2.9312E-1	7.4463E2	5.2104E-1	1.7187E6	
1006	-2.9312E-1	7.4463E2	5.2104E-1	1.7187E6	
1007	-2.9312E-1	7.4463E2	5.2104E-1	1.7187E6	
1008	-2.9312E-1	7.4463E2	5.2104E-1	1.7187E6	
1009	-2.9312E-1	7.4463E2	5.2104E-1	1.7187E6	
1010	-2.9312E-1	7.4463E2	5.2104E-1	1.7187E6	
1011	-2.9312E-1	7.4463E2	5.2104E-1	1.7187E6	
1012	-2.9312E-1	7.4463E2	5.2104E-1	1.7187E6	
1013	-2.9312E-1	7.4463E2	5.2104E-1	1.7187E6	
1014	-2.9312E-1	7.4463E2	5.2104E-1	1.7187E6	
1015	-2.9312E-1	7.4463E2	5.2104E-1	1.7187E6	
1016	-2.9312E-1	7.4463E2	5.2104E-1	1.7187E6	
1017	-2.9312E-1	7.4463E2	5.2104E-1	1.7187E6	
1018	-2.9312E-1	7.4463E2	5.2104E-1	1.7187E6	
1019	-2.9312E-1	7.4463E2	5.2104E-1	1.7187E6	
1020	-2.9312E-1	7.4463E2	5.2104E-1	1.7187E6	
1021	-2.9312E-1	7.4463E2	5.2104E-1	1.7187E6	
1022	-2.9312E-1	7.4463E2	5.2104E-1	1.7187E6	
1023	-2.9312E-1	7.4463E2	5.2104E-1	1.7187E6	
1024	-2.9312E-1	7.4463E2	5.2104E-1	1.7187E6	
1025	-2.9594E-1	7.4044E2	5.2105E-1	1.7187E6	
1026	-3.4065E-1	6.7409E2	5.2238E-1	1.7209E6	
1027	-3.6797E-1	6.3355E2	5.2508E-1	1.7232E6	
1028	-3.8727E-1	6.0491E2	5.2818E-1	1.7254E6	
1029	-4.0573E-1	5.7751E2	5.3164E-1	1.7276E6	
1030	-4.1908E-1	5.5769E2	5.3523E-1	1.7298E6	
1031	-4.3991E-1	5.2678E2	5.3897E-1	1.7320E6	
1032	-4.5319E-1	5.0708E2	5.4282E-1	1.7343E6	
1033	-4.6463E-1	4.9010E2	5.4670E-1	1.7365E6	
1034	-4.7958E-1	4.6791E2	5.5069E-1	1.7387E6	
1035	-4.9164E-1	4.5002E2	5.5488E-1	1.7409E6	
1036	-5.0583E-1	4.2896E2	5.5890E-1	1.7431E6	
1037	-5.1620E-1	4.1356E2	5.6321E-1	1.7454E6	
1038	-5.3078E-1	3.9193E2	5.6743E-1	1.7476E6	
1039	-5.4161E-1	3.7585E2	5.7168E-1	1.7498E6	
1040	-5.5099E-1	3.6193E2	5.7595E-1	1.7520E6	
1041	-5.6259E-1	3.4472E2	5.8035E-1	1.7542E6	
1042	-5.7259E-1	3.2988E2	5.8471E-1	1.7565E6	
1043	-5.8708E-1	3.0837E2	5.8907E-1	1.7587E6	
1044	-5.9784E-1	2.9241E2	5.9347E-1	1.7609E6	
1045	-6.0699E-1	2.7882E2	5.9791E-1	1.7631E6	
1046	-6.1958E-1	2.6014E2	6.0236E-1	1.7653E6	
1047	-6.2653E-1	2.4983E2	6.0683E-1	1.7676E6	
1048	-6.3370E-1	2.3919E2	6.1139E-1	1.7698E6	
1049	-6.4529E-1	2.2198E2	6.1590E-1	1.7720E6	
1050	-6.5384E-1	2.0930E2	6.2038E-1	1.7742E6	
1051	-6.6429E-1	1.9379E2	6.2494E-1	1.7764E6	
1052	-6.7375E-1	1.7975E2	6.2948E-1	1.7787E6	
1053	-6.8314E-1	1.6582E2	6.3403E-1	1.7809E6	
1054	-6.9527E-1	1.4782E2	6.3859E-1	1.7831E6	
1055	-7.0076E-1	1.3966E2	6.4321E-1	1.7853E6	
1056	-7.1014E-1	1.2574E2	6.4778E-1	1.7875E6	
1057	-7.1396E-1	1.2008E2	6.5235E-1	1.7898E6	
1058	-7.2701E-1	1.0071E2	6.5705E-1	1.7920E6	
1059	-7.3524E-1	8.8486E1	6.6170E-1	1.7942E6	
1060	-7.4234E-1	7.7956E1	6.6637E-1	1.7964E6	
1061	-7.5226E-1	6.3237E1	6.7095E-1	1.7986E6	
1062	-7.6019E-1	5.1461E1	6.7576E-1	1.8009E6	
1063	-7.6637E-1	4.2290E1	6.8039E-1	1.8031E6	
1064	-7.6965E-1	3.7421E1	6.8506E-1	1.8053E6	
1065	-7.7675E-1	2.6891E1	6.8980E-1	1.8075E6	
1066	-7.8293E-1	1.7720E1	6.9452E-1	1.8097E6	
1067	-7.9041E-1	6.6238E0	6.9912E-1	1.8120E6	
1068	-7.9956E-1	-6.9633E0	7.0384E-1	1.8142E6	
1069	-8.0872E-1	-2.0550E1	7.0868E-1	1.8164E6	
1070	-8.1169E-1	-2.4966E1	7.1342E-1	1.8186E6	
1071	-8.2069E-1	-3.8327E1	7.1815E-1	1.8208E6	
1072	-8.2550E-1	-4.5460E1	7.2294E-1	1.8231E6	
1073	-8.3267E-1	-5.6103E1	7.2768E-1	1.8253E6	
1074	-8.3702E-1	-6.2557E1	7.3241E-1	1.8275E6	
1075	-8.4114E-1	-6.8671E1	7.3727E-1	1.8297E6	
1076	-8.5205E-1	-8.4863E1	7.4198E-1	1.8319E6	
1077	-8.5213E-1	-8.4976E1	7.4672E-1	1.8342E6	
1078	-8.5915E-1	-9.5393E1	7.5151E-1	1.8364E6	
1079	-8.6716E-1	-1.0728E2	7.5638E-1	1.8386E6	
1080	-8.7379E-1	-1.1713E2	7.6113E-1	1.8408E6	
1081	-8.7700E-1	-1.2189E2	7.6604E-1	1.8430E6	
1082	-8.8112E-1	-1.2800E2	7.7090E-1	1.8453E6	
1083	-8.8890E-1	-1.3955E2	7.7570E-1	1.8475E6	
1084	-8.9363E-1	-1.4657E2	7.8058E-1	1.8497E6	
1085	-8.9912E-1	-1.5472E2	7.8530E-1	1.8519E6	
1086	-8.9836E-1	-1.5359E2	7.9025E-1	1.8541E6	
1087	-9.0691E-1	-1.6627E2	7.9510E-1	1.8564E6	
1088	-9.1400E-1	-1.7680E2	7.9989E-1	1.8586E6	
1089	-9.1774E-1	-1.8235E2	8.0489E-1	1.8608E6	
1090	-9.1965E-1	-1.8518E2	8.0985E-1	1.8630E6	
1091	-9.2621E-1	-1.9492E2	8.1463E-1	1.8652E6	
1092	-9.2926E-1	-1.9945E2	8.1954E-1	1.8675E6	
1093	-9.3513E-1	-2.0817E2	8.2443E-1	1.8697E6	
1094	-9.3323E-1	-2.0533E2	8.2943E-1	1.8719E6	
1095	-9.3933E-1	-2.1439E2	8.3426E-1	1.8741E6	
1096	-9.4246E-1	-2.1904E2	8.3919E-1	1.8763E6	
1097	-9.5009E-1	-2.3036E2	8.4417E-1	1.8786E6	
1098	-9.5001E-1	-2.3024E2	8.4912E-1	1.8808E6	
1099	-9.5139E-1	-2.3228E2	8.5405E-1	1.8830E6	
1100	-9.5703E-1	-2.4066E2	8.5912E-1	1.8852E6	
1101	-9.5734E-1	-2.4111E2	8.6396E-1	1.8874E6	
1102	-9.5848E-1	-2.4281E2	8.6894E-1	1.8897E6	
1103	-9.6069E-1	-2.4610E2	8.7391E-1	1.8919E6	
1104	-9.6428E-1	-2.5142E2	8.7899E-1	1.8941E6	
1105	-9.6687E-1	-2.5527E2	8.8390E-1	1.8963E6	
1106	-9.6832E-1	-2.5742E2	8.8884E-1	1.8985E6	
1107	-9.7054E-1	-2.6070E2	8.9381E-1	1.9008E6	
1108	-9.7252E-1	-2.6365E2	8.9879E-1	1.9030E6	
1109	-9.7466E-1	-2.6682E2	9.0388E-1	1.9052E6	
1110	-9.7435E-1	-2.6636E2	9.0888E-1	1.9074E6	
1111	-9.7816E-1	-2.7202E2	9.1384E-1	1.9096E6	
1112	-9.7771E-1	-2.7135E2	9.1888E-1	1.9119E6	
1113	-9.8335E-1	-2.7972E2	9.2393E-1	1.9141E6	
1114	-9.7946E-1	-2.7395E2	9.2899E-1	1.9163E6	
1115	-9.8068E-1	-2.7576E2	9.3402E-1	1.9185E6	
1116	-9.8480E-1	-2.8188E2	9.3922E-1	1.9207E6	
1117	-9.8663E-1	-2.8459E2	9.4428E-1	1.9230E6	
1118	-9.8495E-1	-2.8210E2	9.4922E-1	1.9252E6	
1119	-9.8129E-1	-2.7667E2	9.5427E-1	1.9274E6	
1120	-9.8518E-1	-2.8244E2	9.5931E-1	1.9296E6	
1121	-9.9091E-1	-2.9093E2	9.6447E-1	1.9318E6	
1122	-9.8526E-1	-2.8255E2	9.6958E-1	1.9341E6	
1123	-9.8434E-1	-2.8120E2	9.7467E-1	1.9363E6	
1124	-9.8251E-1	-2.7848E2	9.7975E-1	1.9385E6	
1125	-9.8351E-1	-2.7995E2	9.8490E-1	1.9407E6	
1126	-9.8404E-1	-2.8074E2	9.8992E-1	1.9429E6	
1127	-9.8236E-1	-2.7825E2	9.9505E-1	1.9452E6	
1128	-9.8038E-1	-2.7531E2	1.0001E0	1.9474E6	
1129	-9.8297E-1	-2.7916E2	1.0053E0	1.9496E6	
1130	-9.7771E-1	-2.7135E2	1.0105E0	1.9518E6	
1131	-9.7916E-1	-2.7350E2	1.0156E0	1.9540E6	
1132	-9.7862E-1	-2.7270E2	1.0208E0	1.9563E6	
1133	-9.7900E-1	-2.7327E2	1.0259E0	1.9585E6	
1134	-9.7237E-1	-2.6342E2	1.0310E0	1.9607E6	
1135	-9.7275E-1	-2.6399E2	1.0362E0	1.9629E6	
1136	-9.7229E-1	-2.6331E2	1.0414E0	1.9651E6	
1137	-9.7198E-1	-2.6285E2	1.0465E0	1.9674E6	
1138	-9.6725E-1	-2.5583E2	1.0517E0	1.9696E6	
1139	-9.7168E-1	-2.6240E2	1.0568E0	1.9718E6	
1140	-9.6733E-1	-2.5595E2	1.0620E0	1.9740E6	
1141	-9.6756E-1	-2.5629E2	1.0672E0	1.9762E6	
1142	-9.6352E-1	-2.5029E2	1.0724E0	1.9785E6	
1143	-9.6619E-1	-2.5425E2	1.0778E0	1.9807E6	
1144	-9.6352E-1	-2.5029E2	1.0829E0	1.9829E6	
1145	-9.6153E-1	-2.4734E2	1.0880E0	1.9851E6	
1146	-9.6100E-1	-2.4655E2	1.0934E0	1.9873E6	
1147	-9.5451E-1	-2.3692E2	1.0988E0	1.9896E6	
1148	-9.4788E-1	-2.2707E2	1.1039E0	1.9918E6	
1149	-9.5001E-1	-2.3024E2	1.1091E0	1.9940E6	
1150	-9.4719E-1	-2.2606E2	1.1142E0	1.9962E6	
1151	-9.4604E-1	-2.2436E2	1.1195E0	1.9984E6	
1152	-9.4292E-1	-2.1971E2	1.1249E0	2.0007E6	
1153	-9.4055E-1	-2.1620E2	1.1301E0	2.0029E6	
1154	-9.4200E-1	-2.1836E2	1.1353E0	2.0051E6	
1155	-9.3987E-1	-2.1519E2	1.1406E0	2.0073E6	
1156	-9.3666E-1	-2.1043E2	1.1459E0	2.0095E6	
1157	-9.3643E-1	-2.1009E2	1.1512E0	2.0118E6	
1158	-9.3384E-1	-2.0624E2	1.1565E0	2.0140E6	
1159	-9.3132E-1	-2.0250E2	1.1618E0	2.0162E6	
1160	-9.3170E-1	-2.0307E2	1.1671E0	2.0184E6	
1161	-9.3178E-1	-2.0318E2	1.1724E0	2.0206E6	
1162	-9.3315E-1	-2.0522E2	1.1777E0	2.0229E6	
1163	-9.3117E-1	-2.0228E2	1.1831E0	2.0251E6	
1164	-9.2957E-1	-1.9990E2	1.1884E0	2.0273E6	
1165	-9.2125E-1	-1.8756E2	1.1938E0	2.0295E6	
1166	-9.2400E-1	-1.9163E2	1.1990E0	2.0317E6	
1167	-9.1965E-1	-1.8518E2	1.2044E0	2.0340E6	
1168	-9.2247E-1	-1.8937E2	1.2098E0	2.0362E6	
1169	-9.1614E-1	-1.7997E2	1.2151E0	2.0384E6	
1170	-9.1240E-1	-1.7442E2	1.2204E0	2.0406E6	
1171	-9.0675E-1	-1.6605E2	1.2257E0	2.0428E6	
1172	-9.0675E-1	-1.6605E2	1.2311E0	2.0451E6	
1173	-9.0218E-1	-1.5925E2	1.2365E0	2.0473E6	
1174	-8.9180E-1	-1.4385E2	1.2419E0	2.0495E6	
1175	-8.8875E-1	-1.3932E2	1.2473E0	2.0517E6	
1176	-8.8730E-1	-1.3717E2	1.2527E0	2.0539E6	
1177	-8.8135E-1	-1.2834E2	1.2582E0	2.0562E6	
1178	-8.7471E-1	-1.1849E2	1.2635E0	2.0584E6	
1179	-8.7166E-1	-1.1396E2	1.2688E0	2.0606E6	
1180	-8.5823E-1	-9.4034E1	1.2743E0	2.0628E6	
1181	-8.5426E-1	-8.8146E1	1.2797E0	2.0650E6	
1182	-8.4831E-1	-7.9315E1	1.2851E0	2.0673E6	
1183	-8.2809E-1	-4.9310E1	1.2906E0	2.0695E6	
1184	-8.1039E-1	-2.3041E1	1.2960E0	2.0717E6	
1185	-7.8445E-1	1.5455E1	1.3014E0	2.0739E6	
1186	-7.7080E-1	3.5723E1	1.3069E0	2.0761E6	
1187	-7.6027E-1	5.1348E1	1.3123E0	2.0784E6	
1188	-7.5287E-1	6.2331E1	1.3177E0	2.0806E6	
1189	-7.4463E-1	7.4559E1	1.3232E0	2.0828E6	
1190	-7.4295E-1	7.7050E1	1.3286E0	2.0850E6	
1191	-7.4348E-1	7.6258E1	1.3341E0	2.0872E6	
1192	-7.4425E-1	7.5125E1	1.3396E0	2.0895E6	
1193	-7.1693E-1	1.1566E2	1.3451E0	2.0917E6	
1194	-6.9687E-1	1.4544E2	1.3506E0	2.0939E6	
1195	-6.7558E-1	1.7703E2	1.3561E0	2.0961E6	
1196	-6.7032E-1	1.8484E2	1.3615E0	2.0983E6	
1197	-6.6895E-1	1.8688E2	1.3671E0	2.1006E6	
1198	-6.6895E-1	1.8688E2	1.3725E0	2.1028E6	
1199	-6.7070E-1	1.8427E2	1.3781E0	2.1050E6	
1200	-6.7322E-1	1.8054E2	1.3835E0	2.1072E6	
1201	-6.7093E-1	1.8394E2	1.3891E0	2.1094E6	
1202	-6.7223E-1	1.8201E2	1.3946E0	2.1117E6	
1203	-6.7101E-1	1.8382E2	1.4000E0	2.1139E6	
1204	-6.6940E-1	1.8620E2	1.4056E0	2.1161E6	
1205	-6.7001E-1	1.8529E2	1.4112E0	2.1183E6	
1206	-6.7154E-1	1.8303E2	1.4169E0	2.1205E6	
1207	-6.7055E-1	1.8450E2	1.4223E0	2.1228E6	
1208	-6.7253E-1	1.8156E2	1.4279E0	2.1250E6	
1209	-6.7329E-1	1.8043E2	1.4334E0	2.1272E6	
1210	-6.7146E-1	1.8314E2	1.4389E0	2.1294E6	
1211	-6.7192E-1	1.8246E2	1.4446E0	2.1316E6	
1212	-6.7345E-1	1.8020E2	1.4501E0	2.1339E6	
1213	-6.7261E-1	1.8144E2	1.4557E0	2.1361E6	
1214	-6.7299E-1	1.8088E2	1.4613E0	2.1383E6	
1215	-6.7513E-1	1.7771E2	1.4669E0	2.1405E6	
1216	-6.7451E-1	1.7861E2	1.4725E0	2.1427E6	
1217	-6.7551E-1	1.7714E2	1.4780E0	2.1450E6	
1218	-6.7505E-1	1.7782E2	1.4836E0	2.1472E6	
1219	-6.7421E-1	1.7907E2	1.4892E0	2.1494E6	
1220	-6.7238E-1	1.8178E2	1.4949E0	2.1516E6	
1221	-6.7558E-1	1.7703E2	1.5005E0	2.1538E6	
1222	-6.7390E-1	1.7952E2	1.5062E0	2.1561E6	
1223	-6.7474E-1	1.7827E2	1.5117E0	2.1583E6	
1224	-6.7596E-1	1.7646E2	1.5174E0	2.1605E6	
1225	-6.7604E-1	1.7635E2	1.5230E0	2.1627E6	
1226	-6.7505E-1	1.7782E2	1.5287E0	2.1649E6	
1227	-6.7635E-1	1.7590E2	1.5343E0	2.1672E6	
1228	-6.7719E-1	1.7465E2	1.5400E0	2.1694E6	
1229	-6.7825E-1	1.7307E2	1.5456E0	2.1716E6	
1230	-6.7787E-1	1.7363E2	1.5513E0	2.1738E6	
1231	-6.7650E-1	1.7567E2	1.5570E0	2.1760E6	
1232	-6.7596E-1	1.7646E2	1.5626E0	2.1783E6	
1233	-6.7856E-1	1.7261E2	1.5683E0	2.1805E6	
1234	-6.7856E-1	1.7261E2	1.5740E0	2.1827E6	
1235	-6.7749E-1	1.7420E2	1.5796E0	2.1849E6	
1236	-6.8207E-1	1.6740E2	1.5853E0	2.1871E6	
1237	-6.7986E-1	1.7069E2	1.5910E0	2.1894E6	
1238	-6.7924E-1	1.7159E2	1.5967E0	2.1916E6	
1239	-6.7963E-1	1.7103E2	1.6024E0	2.1938E6	
1240	-6.8192E-1	1.6763E2	1.6081E0	2.1960E6	
1241	-6.8214E-1	1.6729E2	1.6139E0	2.1982E6	
1242	-6.8016E-1	1.7023E2	1.6196E0	2.2005E6	
1243	-6.7993E-1	1.7057E2	1.6253E0	2.2027E6	
1244	-6.8108E-1	1.6888E2	1.6310E0	2.2049E6	
1245	-6.8176E-1	1.6786E2	1.6368E0	2.2071E6	
1246	-6.8100E-1	1.6899E2	1.6425E0	2.2093E6	
1247	-6.8077E-1	1.6933E2	1.6482E0	2.2116E6	
1248	-6.8077E-1	1.6933E2	1.6540E0	2.2138E6	
1249	-6.7993E-1	1.7057E2	1.6597E0	2.2160E6	
1250	-6.8283E-1	1.6627E2	1.6654E0	2.2182E6	
1251	-6.8169E-1	1.6797E2	1.6713E0	2.2204E6	
1252	-6.8192E-1	1.6763E2	1.6770E0	2.2227E6	
1253	-6.8321E-1	1.6571E2	1.6827E0	2.2249E6	
1254	-6.8153E-1	1.6820E2	1.6885E0	2.2271E6	
1255	-6.8344E-1	1.6537E2	1.6942E0	2.2293E6	
1256	-6.8146E-1	1.6831E2	1.7000E0	2.2315E6	
1257	-6.8344E-1	1.6537E2	1.7059E0	2.2338E6	
1258	-6.8253E-1	1.6672E2	1.7117E0	2.2360E6	
1259	-6.8184E-1	1.6774E2	1.7174E0	2.2382E6	
1260	-6.8321E-1	1.6571E2	1.7233E0	2.2404E6	
1261	-6.8222E-1	1.6718E2	1.7290E0	2.2426E6	
1262	-6.8306E-1	1.6593E2	1.7348E0	2.2449E6	
1263	-6.8314E-1	1.6582E2	1.7407E0	2.2471E6	
1264	-6.8207E-1	1.6740E2	1.7465E0	2.2493E6	
1265	-6.8230E-1	1.6706E2	1.7523E0	2.2515E6	
1266	-6.8306E-1	1.6593E2	1.7583E0	2.2537E6	
1267	-6.8237E-1	1.6695E2	1.7639E0	2.2560E6	
1268	-6.8169E-1	1.6797E2	1.7698E0	2.2582E6	
1269	-6.8199E-1	1.6752E2	1.7756E0	2.2604E6	
1270	-6.8520E-1	1.6276E2	1.7815E0	2.2626E6	
1271	-6.8626E-1	1.6118E2	1.7874E0	2.2648E6	
1272	-6.8405E-1	1.6446E2	1.7932E0	2.2671E6	
1273	-6.8405E-1	1.6446E2	1.7991E0	2.2693E6	
1274	-6.8275E-1	1.6639E2	1.8049E0	2.2715E6	
1275	-6.8596E-1	1.6163E2	1.8108E0	2.2737E6	
1276	-6.8405E-1	1.6446E2	1.8167E0	2.2759E6	
1277	-6.8314E-1	1.6582E2	1.8225E0	2.2782E6	
1278	-6.8596E-1	1.6163E2	1.8285E0	2.2804E6	
1279	-6.8604E-1	1.6152E2	1.8343E0	2.2826E6	
1280	-6.8405E-1	1.6446E2	1.8402E0	2.2848E6	
1281	-6.8497E-1	1.6310E2	1.8461E0	2.2870E6	
1282	-6.8466E-1	1.6355E2	1.8520E0	2.2893E6	
1283	-6.8604E-1	1.6152E2	1.8579E0	2.2915E6	
1284	-6.8810E-1	1.5846E2	1.8637E0	2.2937E6	
1285	-6.8367E-1	1.6503E2	1.8696E0	2.2959E6	
1286	-6.8611E-1	1.6140E2	1.8756E0	2.2981E6	
1287	-6.8771E-1	1.5903E2	1.8815E0	2.3004E6	
1288	-6.8710E-1	1.5993E2	1.8874E0	2.3026E6	
1289	-6.8787E-1	1.5880E2	1.8933E0	2.3048E6	
1290	-6.8520E-1	1.6276E2	1.8993E0	2.3070E6	
1291	-6.8794E-1	1.5869E2	1.9052E0	2.3092E6	
1292	-6.8947E-1	1.5642E2	1.9111E0	2.3115E6	
1293	-6.8848E-1	1.5789E2	1.9170E0	2.3137E6	
1294	-6.8840E-1	1.5801E2	1.9231E0	2.3159E6	
1295	-6.8985E-1	1.5586E2	1.9289E0	2.3181E6	
1296	-6.8901E-1	1.5710E2	1.9349E0	2.3203E6	
1297	-6.8924E-1	1.5676E2	1.9408E0	2.3226E6	
1298	-6.9046E-1	1.5495E2	1.9468E0	2.3248E6	
1299	-6.9092E-1	1.5427E2	1.9527E0	2.3270E6	
1300	-6.9023E-1	1.5529E2	1.9587E0	2.3292E6	
1301	-6.9023E-1	1.5529E2	1.9648E0	2.3314E6	
1302	-6.8886E-1	1.5733E2	1.9708E0	2.3337E6	
1303	-6.8886E-1	1.5733E2	1.9766E0	2.3359E6	
1304	-6.9183E-1	1.5291E2	1.9826E0	2.3381E6	
1305	-6.9260E-1	1.5178E2	1.9887E0	2.3403E6	
1306	-6.9145E-1	1.5348E2	1.9947E0	2.3425E6	
1307	-6.9138E-1	1.5359E2	2.0006E0	2.3448E6	
1308	-6.9237E-1	1.5212E2	2.0067E0	2.3470E6	
1309	-6.9092E-1	1.5427E2	2.0126E0	2.3492E6	
1310	-6.9176E-1	1.5302E2	2.0186E0	2.3514E6	
1311	-6.9176E-1	1.5302E2	2.0246E0	2.3536E6	
1312	-6.9221E-1	1.5235E2	2.0308E0	2.3559E6	
1313	-6.9313E-1	1.5099E2	2.0368E0	2.3581E6	
1314	-6.9336E-1	1.5065E2	2.0428E0	2.3603E6	
1315	-6.9489E-1	1.4838E2	2.0487E0	2.3625E6	
1316	-6.9489E-1	1.4838E2	2.0548E0	2.3647E6	
1317	-6.9435E-1	1.4917E2	2.0608E0	2.3670E6	
1318	-6.9504E-1	1.4816E2	2.0669E0	2.3692E6	
1319	-6.9611E-1	1.4657E2	2.0729E0	2.3714E6	
1320	-6.9374E-1	1.5008E2	2.0790E0	2.3736E6	
1321	-6.9298E-1	1.5121E2	2.0851E0	2.3758E6	
1322	-6.9603E-1	1.4668E2	2.0911E0	2.3781E6	
1323	-6.9534E-1	1.4770E2	2.0972E0	2.3803E6	
1324	-6.9489E-1	1.4838E2	2.1033E0	2.3825E6	
1325	-6.9565E-1	1.4725E2	2.1094E0	2.3847E6	
1326	-6.9572E-1	1.4714E2	2.1153E0	2.3869E6	
1327	-6.9504E-1	1.4816E2	2.1215E0	2.3892E6	
1328	-6.9649E-1	1.4600E2	2.1276E0	2.3914E6	
1329	-6.9717E-1	1.4499E2	2.1337E0	2.3936E6	
1330	-6.9504E-1	1.4816E2	2.1397E0	2.3958E6	
1331	-6.9603E-1	1.4668E2	2.1459E0	2.3980E6	
1332	-6.9809E-1	1.4363E2	2.1519E0	2.4003E6	
1333	-6.9824E-1	1.4340E2	2.1579E0	2.4025E6	
1334	-6.9534E-1	1.4770E2	2.1642E0	2.4047E6	
1335	-6.9763E-1	1.4431E2	2.1704E0	2.4069E6	
1336	-6.9778E-1	1.4408E2	2.1765E0	2.4091E6	
1337	-6.9771E-1	1.4419E2	2.1826E0	2.4114E6	
1338	-6.9817E-1	1.4351E2	2.1888E0	2.4136E6	
1339	-6.9679E-1	1.4555E2	2.1949E0	2.4158E6	
1340	-7.0045E-1	1.4012E2	2.2009E0	2.4180E6	
1341	-6.9717E-1	1.4499E2	2.2072E0	2.4202E6	
1342	-6.9824E-1	1.4340E2	2.2134E0	2.4225E6	
1343	-6.9817E-1	1.4351E2	2.2195E0	2.4247E6	
1344	-7.0160E-1	1.3842E2	2.2257E0	2.4269E6	
1345	-6.9893E-1	1.4238E2	2.2319E0	2.4291E6	
1346	-6.9923E-1	1.4193E2	2.2380E0	2.4313E6	
1347	-6.9771E-1	1.4419E2	2.2443E0	2.4336E6	
1348	-6.9931E-1	1.4182E2	2.2504E0	2.4358E6	
1349	-6.9908E-1	1.4215E2	2.2566E0	2.4380E6	
1350	-6.9595E-1	1.4680E2	2.2627E0	2.4402E6	
1351	-6.9939E-1	1.4170E2	2.2690E0	2.4424E6	
1352	-6.9855E-1	1.4295E2	2.2752E0	2.4447E6	
1353	-6.9931E-1	1.4182E2	2.2814E0	2.4469E6	
1354	-6.9786E-1	1.4397E2	2.2876E0	2.4491E6	
1355	-6.9923E-1	1.4193E2	2.2938E0	2.4513E6	
1356	-7.0076E-1	1.3966E2	2.3001E0	2.4535E6	
1357	-7.0038E-1	1.4023E2	2.3063E0	2.4558E6	
1358	-6.9977E-1	1.4114E2	2.3126E0	2.4580E6	
1359	-7.0168E-1	1.3831E2	2.3189E0	2.4602E6	
1360	-7.0145E-1	1.3864E2	2.3250E0	2.4624E6	
1361	-7.0084E-1	1.3955E2	2.3313E0	2.4646E6	
1362	-7.0129E-1	1.3887E2	2.3376E0	2.4669E6	
1363	-7.0145E-1	1.3864E2	2.3437E0	2.4691E6	
1364	-7.0236E-1	1.3729E2	2.3502E0	2.4713E6	
1365	-7.0175E-1	1.3819E2	2.3564E0	2.4735E6	
1366	-7.0129E-1	1.3887E2	2.3626E0	2.4757E6	
1367	-7.0312E-1	1.3615E2	2.3690E0	2.4780E6	
1368	-7.0503E-1	1.3332E2	2.3753E0	2.4802E6	
1369	-7.0274E-1	1.3672E2	2.3816E0	2.4824E6	
1370	-7.0366E-1	1.3536E2	2.3879E0	2.4846E6	
1371	-7.0274E-1	1.3672E2	2.3942E0	2.4868E6	
1372	-7.0473E-1	1.3378E2	2.4004E0	2.4891E6	
1373	-7.0419E-1	1.3457E2	2.4067E0	2.4913E6	
1374	-7.0641E-1	1.3129E2	2.4130E0	2.4935E6	
1375	-7.0465E-1	1.3389E2	2.4194E0	2.4957E6	
1376	-7.0572E-1	1.3230E2	2.4258E0	2.4979E6	
1377	-7.0488E-1	1.3355E2	2.4321E0	2.5002E6	
1378	-7.0526E-1	1.3298E2	2.4384E0	2.5024E6	
1379	-7.0702E-1	1.3038E2	2.4446E0	2.5046E6	
1380	-7.0892E-1	1.2755E2	2.4511E0	2.5068E6	
1381	-7.0686E-1	1.3061E2	2.4573E0	2.5090E6	
1382	-7.0663E-1	1.3095E2	2.4637E0	2.5113E6	
1383	-7.0648E-1	1.3117E2	2.4701E0	2.5135E6	
1384	-7.0938E-1	1.2687E2	2.4764E0	2.5157E6	
1385	-7.0717E-1	1.3015E2	2.4828E0	2.5179E6	
1386	-7.0778E-1	1.2925E2	2.4892E0	2.5201E6	
1387	-7.0686E-1	1.3061E2	2.4956E0	2.5224E6	
1388	-7.0747E-1	1.2970E2	2.5019E0	2.5246E6	
1389	-7.0732E-1	1.2993E2	2.5083E0	2.5268E6	
1390	-7.0885E-1	1.2766E2	2.5146E0	2.5290E6	
1391	-7.0915E-1	1.2721E2	2.5211E0	2.5312E6	
1392	-7.0755E-1	1.2959E2	2.5275E0	2.5335E6	
1393	-7.1014E-1	1.2574E2	2.5339E0	2.5357E6	
1394	-7.1014E-1	1.2574E2	2.5403E0	2.5379E6	
1395	-7.1014E-1	1.2574E2	2.5468E0	2.5401E6	
1396	-7.1251E-1	1.2223E2	2.5532E0	2.5423E6	
1397	-7.1159E-1	1.2359E2	2.5595E0	2.5446E6	
1398	-7.1068E-1	1.2494E2	2.5659E0	2.5468E6	
1399	-7.1060E-1	1.2506E2	2.5724E0	2.5490E6	
1400	-7.0999E-1	1.2596E2	2.5788E0	2.5512E6	
1401	-7.1106E-1	1.2438E2	2.5853E0	2.5534E6	
1402	-7.1091E-1	1.2460E2	2.5917E0	2.5557E6	
1403	-7.1083E-1	1.2472E2	2.5981E0	2.5579E6	
1404	-7.0915E-1	1.2721E2	2.6045E0	2.5601E6	
1405	-7.1014E-1	1.2574E2	2.6110E0	2.5623E6	
1406	-7.1136E-1	1.2393E2	2.6174E0	2.5645E6	
1407	-7.1404E-1	1.1996E2	2.6240E0	2.5668E6	
1408	-7.1388E-1	1.2019E2	2.6304E0	2.5690E6	
1409	-7.1297E-1	1.2155E2	2.6368E0	2.5712E6	
1410	-7.1159E-1	1.2359E2	2.6433E0	2.5734E6	
1411	-7.1121E-1	1.2415E2	2.6498E0	2.5756E6	
1412	-7.1327E-1	1.2110E2	2.6562E0	2.5779E6	
1413	-7.1426E-1	1.1962E2	2.6627E0	2.5801E6	
1414	-7.1304E-1	1.2143E2	2.6692E0	2.5823E6	
1415	-7.1442E-1	1.1940E2	2.6757E0	2.5845E6	
1416	-7.1281E-1	1.2177E2	2.6822E0	2.5867E6	
1417	-7.1388E-1	1.2019E2	2.6887E0	2.5890E6	
1418	-7.1434E-1	1.1951E2	2.6953E0	2.5912E6	
1419	-7.1312E-1	1.2132E2	2.7018E0	2.5934E6	
1420	-7.1304E-1	1.2143E2	2.7082E0	2.5956E6	
1421	-7.1175E-1	1.2336E2	2.7149E0	2.5978E6	
1422	-7.1487E-1	1.1872E2	2.7213E0	2.6001E6	
1423	-7.1381E-1	1.2030E2	2.7279E0	2.6023E6	
1424	-7.1648E-1	1.1634E2	2.7344E0	2.6045E6	
1425	-7.1518E-1	1.1826E2	2.7409E0	2.6067E6	
1426	-7.1693E-1	1.1566E2	2.7475E0	2.6089E6	
1427	-7.1518E-1	1.1826E2	2.7540E0	2.6112E6	
1428	-7.1480E-1	1.1883E2	2.7605E0	2.6134E6	
1429	-7.1541E-1	1.1792E2	2.7671E0	2.6156E6	
1430	-7.1754E-1	1.1475E2	2.7736E0	2.6178E6	
1431	-7.1671E-1	1.1600E2	2.7803E0	2.6200E6	
1432	-7.1617E-1	1.1679E2	2.7868E0	2.6223E6	
1433	-7.1709E-1	1.1543E2	2.7934E0	2.6245E6	
1434	-7.1526E-1	1.1815E2	2.7999E0	2.6267E6	
1435	-7.1556E-1	1.1770E2	2.8066E0	2.6289E6	
1436	-7.1800E-1	1.1408E2	2.8131E0	2.6311E6	
1437	-7.1701E-1	1.1555E2	2.8197E0	2.6334E6	
1438	-7.1716E-1	1.1532E2	2.8263E0	2.6356E6	
1439	-7.1793E-1	1.1419E2	2.8328E0	2.6378E6	
1440	-7.1922E-1	1.1226E2	2.8395E0	2.6400E6	
1441	-7.2029E-1	1.1068E2	2.8461E0	2.6422E6	
1442	-7.1724E-1	1.1521E2	2.8527E0	2.6445E6	
1443	-7.2014E-1	1.1090E2	2.8593E0	2.6467E6	
1444	-7.1999E-1	1.1113E2	2.8659E0	2.6489E6	
1445	-7.2075E-1	1.1000E2	2.8725E0	2.6511E6	
1446	-7.1991E-1	1.1124E2	2.8791E0	2.6533E6	
1447	-7.2075E-1	1.1000E2	2.8857E0	2.6556E6	
1448	-7.2327E-1	1.0626E2	2.8924E0	2.6578E6	
1449	-7.2197E-1	1.0819E2	2.8990E0	2.6600E6	
1450	-7.2205E-1	1.0807E2	2.9057E0	2.6622E6	
1451	-7.2220E-1	1.0785E2	2.9124E0	2.6644E6	
1452	-7.2311E-1	1.0649E2	2.9189E0	2.6667E6	
1453	-7.2403E-1	1.0513E2	2.9257E0	2.6689E6	
1454	-7.2266E-1	1.0717E2	2.9323E0	2.6711E6	
1455	-7.2334E-1	1.0615E2	2.9390E0	2.6733E6	
1456	-7.2205E-1	1.0807E2	2.9456E0	2.6755E6	
1457	-7.2227E-1	1.0773E2	2.9523E0	2.6778E6	
1458	-7.2327E-1	1.0626E2	2.9589E0	2.6800E6	
1459	-7.2411E-1	1.0502E2	2.9656E0	2.6822E6	
1460	-7.2281E-1	1.0694E2	2.9723E0	2.6844E6	
1461	-7.2525E-1	1.0332E2	2.9790E0	2.6866E6	
1462	-7.2258E-1	1.0728E2	2.9857E0	2.6889E6	
1463	-7.2708E-1	1.0060E2	2.9924E0	2.6911E6	
1464	-7.2472E-1	1.0411E2	2.9991E0	2.6933E6	
1465	-7.2525E-1	1.0332E2	3.0058E0	2.6955E6	
1466	-7.2403E-1	1.0513E2	3.0124E0	2.6977E6	
1467	-7.2433E-1	1.0468E2	3.0191E0	2.7000E6	
1468	-7.2441E-1	1.0456E2	3.0259E0	2.7022E6	
1469	-7.2655E-1	1.0139E2	3.0327E0	2.7044E6	
1470	-7.2502E-1	1.0366E2	3.0394E0	2.7066E6	
1471	-7.2502E-1	1.0366E2	3.0460E0	2.7088E6	
1472	-7.2540E-1	1.0309E2	3.0528E0	2.7111E6	
1473	-7.2884E-1	9.7997E1	3.0595E0	2.7133E6	
1474	-7.2472E-1	1.0411E2	3.0663E0	2.7155E6	
1475	-7.2540E-1	1.0309E2	3.0730E0	2.7177E6	
1476	-7.2647E-1	1.0151E2	3.0797E0	2.7199E6	
1477	-7.2426E-1	1.0479E2	3.0865E0	2.7222E6	
1478	-7.2548E-1	1.0298E2	3.0933E0	2.7244E6	
1479	-7.2479E-1	1.0400E2	3.1001E0	2.7266E6	
1480	-7.2830E-1	9.8790E1	3.1068E0	2.7288E6	
1481	-7.2594E-1	1.0230E2	3.1135E0	2.7310E6	
1482	-7.2784E-1	9.9469E1	3.1204E0	2.7333E6	
1483	-7.2823E-1	9.8903E1	3.1271E0	2.7355E6	
1484	-7.2830E-1	9.8790E1	3.1338E0	2.7377E6	
1485	-7.2807E-1	9.9129E1	3.1407E0	2.7399E6	
1486	-7.2960E-1	9.6865E1	3.1474E0	2.7421E6	
1487	-7.2945E-1	9.7091E1	3.1542E0	2.7444E6	
1488	-7.2830E-1	9.8790E1	3.1610E0	2.7466E6	
1489	-7.2731E-1	1.0026E2	3.1679E0	2.7488E6	
1490	-7.2853E-1	9.8450E1	3.1747E0	2.7510E6	
1491	-7.2899E-1	9.7771E1	3.1814E0	2.7532E6	
1492	-7.2914E-1	9.7544E1	3.1881E0	2.7555E6	
1493	-7.3097E-1	9.4827E1	3.1950E0	2.7577E6	
1494	-7.3006E-1	9.6185E1	3.2018E0	2.7599E6	
1495	-7.3082E-1	9.5053E1	3.2087E0	2.7621E6	
1496	-7.2845E-1	9.8563E1	3.2154E0	2.7643E6	
1497	-7.2861E-1	9.8337E1	3.2223E0	2.7666E6	
1498	-7.3166E-1	9.3808E1	3.2291E0	2.7688E6	
1499	-7.3090E-1	9.4940E1	3.2359E0	2.7710E6	
1500	-7.3151E-1	9.4034E1	3.2428E0	2.7732E6	
1501	-7.3181E-1	9.3581E1	3.2497E0	2.7754E6	
1502	-7.3135E-1	9.4260E1	3.2564E0	2.7777E6	
1503	-7.3288E-1	9.1996E1	3.2634E0	2.7799E6	
1504	-7.3372E-1	9.0751E1	3.2702E0	2.7821E6	
1505	-7.3616E-1	8.7127E1	3.2770E0	2.7843E6	
1506	-7.3250E-1	9.2562E1	3.2839E0	2.7865E6	
1507	-7.3448E-1	8.9618E1	3.2908E0	2.7888E6	
1508	-7.3318E-1	9.1543E1	3.2976E0	2.7910E6	
1509	-7.3441E-1	8.9731E1	3.3045E0	2.7932E6	
1510	-7.3433E-1	8.9845E1	3.3114E0	2.7954E6	
1511	-7.3288E-1	9.1996E1	3.3182E0	2.7976E6	
1512	-7.3524E-1	8.8486E1	3.3251E0	2.7999E6	
1513	-7.3463E-1	8.9392E1	3.3321E0	2.8021E6	
1514	-7.3586E-1	8.7580E1	3.3389E0	2.8043E6	
1515	-7.3456E-1	8.9505E1	3.3458E0	2.8065E6	
1516	-7.3570E-1	8.7807E1	3.3526E0	2.8087E6	
1517	-7.3654E-1	8.6561E1	3.3595E0	2.8110E6	
1518	-7.3700E-1	8.5882E1	3.3665E0	2.8132E6	
1519	-7.3586E-1	8.7580E1	3.3734E0	2.8154E6	
1520	-7.3723E-1	8.5542E1	3.3803E0	2.8176E6	
1521	-7.3563E-1	8.7920E1	3.3873E0	2.8198E6	
1522	-7.3753E-1	8.5089E1	3.3941E0	2.8221E6	
1523	-7.3799E-1	8.4410E1	3.4011E0	2.8243E6	
1524	-7.3952E-1	8.2145E1	3.4080E0	2.8265E6	
1525	-7.3792E-1	8.4523E1	3.4149E0	2.8287E6	
1526	-7.3959E-1	8.2032E1	3.4218E0	2.8309E6	
1527	-7.3792E-1	8.4523E1	3.4287E0	2.8332E6	
1528	-7.4036E-1	8.0900E1	3.4357E0	2.8354E6	
1529	-7.3814E-1	8.4183E1	3.4427E0	2.8376E6	
1530	-7.4020E-1	8.1126E1	3.4496E0	2.8398E6	
1531	-7.3929E-1	8.2485E1	3.4566E0	2.8420E6	
1532	-7.4104E-1	7.9881E1	3.4635E0	2.8443E6	
1533	-7.3898E-1	8.2938E1	3.4705E0	2.8465E6	
1534	-7.4188E-1	7.8635E1	3.4775E0	2.8487E6	
1535	-7.4081E-1	8.0221E1	3.4843E0	2.8509E6	
1536	-7.3929E-1	8.2485E1	3.4914E0	2.8531E6	
1537	-7.4120E-1	7.9654E1	3.4983E0	2.8554E6	
1538	-7.3952E-1	8.2145E1	3.5054E0	2.8576E6	
1539	-7.4127E-1	7.9541E1	3.5123E0	2.8598E6	
1540	-7.3975E-1	8.1806E1	3.5193E0	2.8620E6	
1541	-7.4257E-1	7.7616E1	3.5262E0	2.8642E6	
1542	-7.4081E-1	8.0221E1	3.5333E0	2.8665E6	
1543	-7.4036E-1	8.0900E1	3.5403E0	2.8687E6	
1544	-7.4059E-1	8.0560E1	3.5472E0	2.8709E6	
1545	-7.4135E-1	7.9428E1	3.5543E0	2.8731E6	
1546	-7.3982E-1	8.1692E1	3.5613E0	2.8753E6	
1547	-7.4211E-1	7.8296E1	3.5683E0	2.8776E6	
1548	-7.4478E-1	7.4333E1	3.5753E0	2.8798E6	
1549	-7.4265E-1	7.7503E1	3.5825E0	2.8820E6	
1550	-7.4097E-1	7.9994E1	3.5894E0	2.8842E6	
1551	-7.4249E-1	7.7730E1	3.5964E0	2.8864E6	
1552	-7.4242E-1	7.7843E1	3.6035E0	2.8887E6	
1553	-7.4234E-1	7.7956E1	3.6105E0	2.8909E6	
1554	-7.4448E-1	7.4786E1	3.6175E0	2.8931E6	
1555	-7.4409E-1	7.5352E1	3.6246E0	2.8953E6	
1556	-7.4219E-1	7.8182E1	3.6316E0	2.8975E6	
1557	-7.4417E-1	7.5239E1	3.6386E0	2.8998E6	
1558	-7.4654E-1	7.1729E1	3.6458E0	2.9020E6	
1559	-7.4516E-1	7.3767E1	3.6528E0	2.9042E6	
1560	-7.4409E-1	7.5352E1	3.6597E0	2.9064E6	
1561	-7.4432E-1	7.5012E1	3.6669E0	2.9086E6	
1562	-7.4562E-1	7.3087E1	3.6739E0	2.9109E6	
1563	-7.4852E-1	6.8785E1	3.6810E0	2.9131E6	
1564	-7.4303E-1	7.6937E1	3.6881E0	2.9153E6	
1565	-7.4432E-1	7.5012E1	3.6952E0	2.9175E6	
1566	-7.4333E-1	7.6484E1	3.7022E0	2.9197E6	
1567	-7.4623E-1	7.2181E1	3.7093E0	2.9220E6	
1568	-7.4654E-1	7.1729E1	3.7164E0	2.9242E6	
1569	-7.4745E-1	7.0370E1	3.7235E0	2.9264E6	
1570	-7.4875E-1	6.8445E1	3.7306E0	2.9286E6	
1571	-7.5035E-1	6.6067E1	3.7376E0	2.9308E6	
1572	-7.4898E-1	6.8105E1	3.7448E0	2.9331E6	
1573	-7.4944E-1	6.7426E1	3.7520E0	2.9353E6	
1574	-7.4821E-1	6.9238E1	3.7590E0	2.9375E6	
1575	-7.4883E-1	6.8332E1	3.7661E0	2.9397E6	
1576	-7.4921E-1	6.7766E1	3.7733E0	2.9419E6	
1577	-7.4951E-1	6.7313E1	3.7803E0	2.9442E6	
1578	-7.5180E-1	6.3916E1	3.7875E0	2.9464E6	
1579	-7.5294E-1	6.2218E1	3.7946E0	2.9486E6	
1580	-7.4928E-1	6.7652E1	3.8017E0	2.9508E6	
1581	-7.5104E-1	6.5048E1	3.8089E0	2.9530E6	
1582	-7.5058E-1	6.5728E1	3.8160E0	2.9553E6	
1583	-7.5180E-1	6.3916E1	3.8232E0	2.9575E6	
1584	-7.5356E-1	6.1312E1	3.8303E0	2.9597E6	
1585	-7.4944E-1	6.7426E1	3.8374E0	2.9619E6	
1586	-7.5287E-1	6.2331E1	3.8445E0	2.9641E6	
1587	-7.5386E-1	6.0859E1	3.8517E0	2.9664E6	
1588	-7.5279E-1	6.2444E1	3.8587E0	2.9686E6	
1589	-7.5363E-1	6.1199E1	3.8660E0	2.9708E6	
1590	-7.5485E-1	5.9387E1	3.8732E0	2.9730E6	
1591	-7.5386E-1	6.0859E1	3.8803E0	2.9752E6	
1592	-7.5348E-1	6.1425E1	3.8875E0	2.9775E6	
1593	-7.5371E-1	6.1085E1	3.8946E0	2.9797E6	
1594	-7.5226E-1	6.3237E1	3.9019E0	2.9819E6	
1595	-7.5569E-1	5.8141E1	3.9091E0	2.9841E6	
1596	-7.5455E-1	5.9840E1	3.9163E0	2.9863E6	
1597	-7.5287E-1	6.2331E1	3.9234E0	2.9886E6	
1598	-7.5478E-1	5.9500E1	3.9307E0	2.9908E6	
1599	-7.5371E-1	6.1085E1	3.9378E0	2.9930E6	
1600	-7.5516E-1	5.8934E1	3.9450E0	2.9952E6	
1601	-7.5478E-1	5.9500E1	3.9522E0	2.9974E6	
1602	-7.5676E-1	5.6556E1	3.9593E0	2.9997E6	
1603	-7.5264E-1	6.2671E1	3.9667E0	3.0019E6	
1604	-7.5546E-1	5.8481E1	3.9739E0	3.0041E6	
1605	-7.5592E-1	5.7802E1	3.9810E0	3.0063E6	
1606	-7.5577E-1	5.8028E1	3.9882E0	3.0085E6	
1607	-7.5607E-1	5.7575E1	3.9955E0	3.0108E6	
1608	-7.5600E-1	5.7689E1	4.0027E0	3.0130E6	
1609	-7.5562E-1	5.8255E1	4.0099E0	3.0152E6	
1610	-7.5447E-1	5.9953E1	4.0171E0	3.0174E6	
1611	-7.5638E-1	5.7122E1	4.0244E0	3.0196E6	
1612	-7.5706E-1	5.6103E1	4.0315E0	3.0219E6	
1613	-7.5966E-1	5.2254E1	4.0388E0	3.0241E6	
1614	-7.5722E-1	5.5877E1	4.0461E0	3.0263E6	
1615	-7.5584E-1	5.7915E1	4.0533E0	3.0285E6	
1616	-7.5531E-1	5.8708E1	4.0605E0	3.0307E6	
1617	-7.5638E-1	5.7122E1	4.0678E0	3.0330E6	
1618	-7.5775E-1	5.5084E1	4.0751E0	3.0352E6	
1619	-7.6035E-1	5.1235E1	4.0825E0	3.0374E6	
1620	-7.5691E-1	5.6330E1	4.0896E0	3.0396E6	
1621	-7.5966E-1	5.2254E1	4.0969E0	3.0418E6	
1622	-7.5989E-1	5.1914E1	4.1041E0	3.0441E6	
1623	-7.6080E-1	5.0555E1	4.1114E0	3.0463E6	
1624	-7.6111E-1	5.0102E1	4.1187E0	3.0485E6	
1625	-7.6004E-1	5.1688E1	4.1260E0	3.0507E6	
1626	-7.6088E-1	5.0442E1	4.1332E0	3.0529E6	
1627	-7.6149E-1	4.9536E1	4.1405E0	3.0552E6	
1628	-7.5996E-1	5.1801E1	4.1478E0	3.0574E6	
1629	-7.5981E-1	5.2027E1	4.1551E0	3.0596E6	
1630	-7.6080E-1	5.0555E1	4.1624E0	3.0618E6	
1631	-7.6180E-1	4.9083E1	4.1696E0	3.0640E6	
1632	-7.6401E-1	4.5800E1	4.1769E0	3.0663E6	
1633	-7.6141E-1	4.9650E1	4.1843E0	3.0685E6	
1634	-7.6279E-1	4.7611E1	4.1914E0	3.0707E6	
1635	-7.6210E-1	4.8631E1	4.1990E0	3.0729E6	
1636	-7.6096E-1	5.0329E1	4.2062E0	3.0751E6	
1637	-7.6317E-1	4.7045E1	4.2135E0	3.0774E6	
1638	-7.6431E-1	4.5347E1	4.2208E0	3.0796E6	
1639	-7.6065E-1	5.0782E1	4.2281E0	3.0818E6	
1640	-7.6347E-1	4.6592E1	4.2355E0	3.0840E6	
1641	-7.6477E-1	4.4668E1	4.2428E0	3.0862E6	
1642	-7.6363E-1	4.6366E1	4.2502E0	3.0885E6	
1643	-7.6393E-1	4.5913E1	4.2575E0	3.0907E6	
1644	-7.6630E-1	4.2403E1	4.2647E0	3.0929E6	
1645	-7.6447E-1	4.5121E1	4.2722E0	3.0951E6	
1646	-7.6538E-1	4.3762E1	4.2796E0	3.0973E6	
1647	-7.6698E-1	4.1384E1	4.2869E0	3.0996E6	
1648	-7.6691E-1	4.1497E1	4.2942E0	3.1018E6	
1649	-7.6653E-1	4.2063E1	4.3016E0	3.1040E6	
1650	-7.6683E-1	4.1611E1	4.3089E0	3.1062E6	
1651	-7.6866E-1	3.8893E1	4.3163E0	3.1084E6	
1652	-7.6797E-1	3.9912E1	4.3236E0	3.1107E6	
1653	-7.6813E-1	3.9686E1	4.3310E0	3.1129E6	
1654	-7.7019E-1	3.6629E1	4.3384E0	3.1151E6	
1655	-7.6881E-1	3.8667E1	4.3458E0	3.1173E6	
1656	-7.6591E-1	4.2969E1	4.3531E0	3.1195E6	
1657	-7.6797E-1	3.9912E1	4.3606E0	3.1218E6	
1658	-7.6813E-1	3.9686E1	4.3679E0	3.1240E6	
1659	-7.6790E-1	4.0025E1	4.3753E0	3.1262E6	
1660	-7.6843E-1	3.9233E1	4.3825E0	3.1284E6	
1661	-7.6584E-1	4.3082E1	4.3900E0	3.1306E6	
1662	-7.6698E-1	4.1384E1	4.3973E0	3.1329E6	
1663	-7.6813E-1	3.9686E1	4.4048E0	3.1351E6	
1664	-7.6927E-1	3.7987E1	4.4122E0	3.1373E6	
1665	-7.6988E-1	3.7082E1	4.4197E0	3.1395E6	
1666	-7.6958E-1	3.7534E1	4.4270E0	3.1417E6	
1667	-7.7164E-1	3.4477E1	4.4344E0	3.1440E6	
1668	-7.6920E-1	3.8101E1	4.4417E0	3.1462E6	
1669	-7.6996E-1	3.6968E1	4.4493E0	3.1484E6	
1670	-7.6828E-1	3.9459E1	4.4566E0	3.1506E6	
1671	-7.6935E-1	3.7874E1	4.4641E0	3.1528E6	
1672	-7.6897E-1	3.8440E1	4.4715E0	3.1551E6	
1673	-7.7042E-1	3.6289E1	4.4789E0	3.1573E6	
1674	-7.7133E-1	3.4930E1	4.4862E0	3.1595E6	
1675	-7.7263E-1	3.3005E1	4.4937E0	3.1617E6	
1676	-7.7263E-1	3.3005E1	4.5011E0	3.1639E6	
1677	-7.7232E-1	3.3458E1	4.5085E0	3.1662E6	
1678	-7.7141E-1	3.4817E1	4.5160E0	3.1684E6	
1679	-7.7408E-1	3.0854E1	4.5235E0	3.1706E6	
1680	-7.7065E-1	3.5949E1	4.5309E0	3.1728E6	
1681	-7.7271E-1	3.2892E1	4.5383E0	3.1750E6	
1682	-7.7171E-1	3.4364E1	4.5458E0	3.1773E6	
1683	-7.7484E-1	2.9722E1	4.5532E0	3.1795E6	
1684	-7.7263E-1	3.3005E1	4.5605E0	3.1817E6	
1685	-7.7202E-1	3.3911E1	4.5680E0	3.1839E6	
1686	-7.7354E-1	3.1647E1	4.5755E0	3.1861E6	
1687	-7.7110E-1	3.5270E1	4.5830E0	3.1884E6	
1688	-7.7309E-1	3.2326E1	4.5903E0	3.1906E6	
1689	-7.7545E-1	2.8816E1	4.5979E0	3.1928E6	
1690	-7.7240E-1	3.3345E1	4.6054E0	3.1950E6	
1691	-7.7660E-1	2.7118E1	4.6127E0	3.1972E6	
1692	-7.7477E-1	2.9835E1	4.6202E0	3.1995E6	
1693	-7.7629E-1	2.7571E1	4.6276E0	3.2017E6	
1694	-7.7568E-1	2.8476E1	4.6351E0	3.2039E6	
1695	-7.7629E-1	2.7571E1	4.6425E0	3.2061E6	
1696	-7.7766E-1	2.5532E1	4.6500E0	3.2083E6	
1697	-7.7507E-1	2.9382E1	4.6575E0	3.2106E6	
1698	-7.7744E-1	2.5872E1	4.6648E0	3.2128E6	
1699	-7.7660E-1	2.7118E1	4.6723E0	3.2150E6	
1700	-7.7850E-1	2.4287E1	4.6798E0	3.2172E6	
1701	-7.7911E-1	2.3381E1	4.6873E0	3.2194E6	
1702	-7.7888E-1	2.3721E1	4.6948E0	3.2217E6	
1703	-7.7774E-1	2.5419E1	4.7023E0	3.2239E6	
1704	-7.7995E-1	2.2136E1	4.7097E0	3.2261E6	
1705	-7.7888E-1	2.3721E1	4.7172E0	3.2283E6	
1706	-7.7896E-1	2.3608E1	4.7247E0	3.2305E6	
1707	-7.7965E-1	2.2589E1	4.7321E0	3.2328E6	
1708	-7.8079E-1	2.0890E1	4.7396E0	3.2350E6	
1709	-7.7888E-1	2.3721E1	4.7471E0	3.2372E6	
1710	-7.8148E-1	1.9871E1	4.7545E0	3.2394E6	
1711	-7.8117E-1	2.0324E1	4.7621E0	3.2416E6	
1712	-7.8140E-1	1.9984E1	4.7696E0	3.2439E6	
1713	-7.8369E-1	1.6588E1	4.7770E0	3.2461E6	
1714	-7.8209E-1	1.8965E1	4.7846E0	3.2483E6	
1715	-7.8224E-1	1.8739E1	4.7920E0	3.2505E6	
1716	-7.8079E-1	2.0890E1	4.7995E0	3.2527E6	
1717	-7.8087E-1	2.0777E1	4.8071E0	3.2550E6	
1718	-7.8262E-1	1.8173E1	4.8145E0	3.2572E6	
1719	-7.8072E-1	2.1003E1	4.8220E0	3.2594E6	
1720	-7.8064E-1	2.1117E1	4.8294E0	3.2616E6	
1721	-7.8438E-1	1.5569E1	4.8370E0	3.2638E6	
1722	-7.8072E-1	2.1003E1	4.8446E0	3.2661E6	
1723	-7.8506E-1	1.4550E1	4.8521E0	3.2683E6	
1724	-7.8491E-1	1.4776E1	4.8595E0	3.2705E6	
1725	-7.8468E-1	1.5116E1	4.8670E0	3.2727E6	
1726	-7.7980E-1	2.2362E1	4.8745E0	3.2749E6	
1727	-7.8590E-1	1.3304E1	4.8821E0	3.2772E6	
1728	-7.8606E-1	1.3078E1	4.8895E0	3.2794E6	
1729	-7.8270E-1	1.8060E1	4.8970E0	3.2816E6	
1730	-7.8438E-1	1.5569E1	4.9046E0	3.2838E6	
1731	-7.8461E-1	1.5229E1	4.9121E0	3.2860E6	
1732	-7.8575E-1	1.3531E1	4.9196E0	3.2883E6	
1733	-7.8438E-1	1.5569E1	4.9271E0	3.2905E6	
1734	-7.8514E-1	1.4436E1	4.9346E0	3.2927E6	
1735	-7.8423E-1	1.5795E1	4.9421E0	3.2949E6	
1736	-7.8751E-1	1.0926E1	4.9496E0	3.2971E6	
1737	-7.8636E-1	1.2625E1	4.9572E0	3.2994E6	
1738	-7.8232E-1	1.8626E1	4.9647E0	3.3016E6	
1739	-7.8438E-1	1.5569E1	4.9723E0	3.3038E6	
1740	-7.8865E-1	9.2280E0	4.9798E0	3.3060E6	
1741	-7.8667E-1	1.2172E1	4.9872E0	3.3082E6	
1742	-7.8766E-1	1.0700E1	4.9948E0	3.3105E6	
1743	-7.8636E-1	1.2625E1	5.0023E0	3.3127E6	
1744	-7.8735E-1	1.1153E1	5.0098E0	3.3149E6	
1745	-7.8758E-1	1.0813E1	5.0173E0	3.3171E6	
1746	-7.9041E-1	6.6238E0	5.0248E0	3.3193E6	
1747	-7.8949E-1	7.9825E0	5.0324E0	3.3216E6	
1748	-7.9041E-1	6.6238E0	5.0399E0	3.3238E6	
1749	-7.8941E-1	8.0957E0	5.0474E0	3.3260E6	
1750	-7.9170E-1	4.6989E0	5.0550E0	3.3282E6	
1751	-7.8903E-1	8.6618E0	5.0625E0	3.3304E6	
1752	-7.8865E-1	9.2280E0	5.0701E0	3.3327E6	
1753	-7.9262E-1	3.3402E0	5.0775E0	3.3349E6	
1754	-7.9147E-1	5.0386E0	5.0852E0	3.3371E6	
1755	-7.9063E-1	6.2841E0	5.0927E0	3.3393E6	
1756	-7.9102E-1	5.7180E0	5.1002E0	3.3415E6	
1757	-7.9292E-1	2.8873E0	5.1077E0	3.3438E6	
1758	-7.9300E-1	2.7741E0	5.1152E0	3.3460E6	
1759	-7.9262E-1	3.3402E0	5.1228E0	3.3482E6	
1760	-7.9163E-1	4.8122E0	5.1303E0	3.3504E6	
1761	-7.9224E-1	3.9064E0	5.1378E0	3.3526E6	
1762	-7.9147E-1	5.0386E0	5.1454E0	3.3549E6	
1763	-7.9147E-1	5.0386E0	5.1529E0	3.3571E6	
1764	-7.9498E-1	-1.6977E-1	5.1606E0	3.3593E6	
1765	-7.9376E-1	1.6418E0	5.1680E0	3.3615E6	
1766	-7.9315E-1	2.5476E0	5.1755E0	3.3637E6	
1767	-7.9300E-1	2.7741E0	5.1830E0	3.3660E6	
1768	-7.9414E-1	1.0757E0	5.1906E0	3.3682E6	
1769	-7.9643E-1	-2.3211E0	5.1981E0	3.3704E6	
1770	-7.9552E-1	-9.6235E-1	5.2057E0	3.3726E6	
1771	-7.9308E-1	2.6609E0	5.2133E0	3.3748E6	
1772	-7.9544E-1	-8.4912E-1	5.2207E0	3.3771E6	
1773	-7.9720E-1	-3.4533E0	5.2283E0	3.3793E6	
1774	-7.9491E-1	-5.6544E-2	5.2358E0	3.3815E6	
1775	-7.9422E-1	9.6249E-1	5.2433E0	3.3837E6	
1776	-7.9445E-1	6.2281E-1	5.2509E0	3.3859E6	
1777	-7.9781E-1	-4.3591E0	5.2584E0	3.3882E6	
1778	-7.9819E-1	-4.9253E0	5.2659E0	3.3904E6	
1779	-7.9582E-1	-1.4153E0	5.2734E0	3.3926E6	
1780	-7.9712E-1	-3.3401E0	5.2809E0	3.3948E6	
1781	-7.9628E-1	-2.0946E0	5.2885E0	3.3970E6	
1782	-7.9712E-1	-3.3401E0	5.2960E0	3.3993E6	
1783	-7.9437E-1	7.3604E-1	5.3035E0	3.4015E6	
1784	-7.9681E-1	-2.8872E0	5.3109E0	3.4037E6	
1785	-7.9735E-1	-3.6798E0	5.3185E0	3.4059E6	
1786	-7.9834E-1	-5.1517E0	5.3260E0	3.4081E6	
1787	-7.9834E-1	-5.1517E0	5.3336E0	3.4104E6	
1788	-7.9857E-1	-5.4914E0	5.3411E0	3.4126E6	
1789	-8.0116E-1	-9.3411E0	5.3486E0	3.4148E6	
1790	-8.0269E-1	-1.1606E1	5.3562E0	3.4170E6	
1791	-7.9857E-1	-5.4914E0	5.3637E0	3.4192E6	
1792	-7.9788E-1	-4.4723E0	5.3712E0	3.4215E6	
1793	-7.9903E-1	-6.1707E0	5.3787E0	3.4237E6	
1794	-7.9948E-1	-6.8501E0	5.3862E0	3.4259E6	
1795	-7.9872E-1	-5.7178E0	5.3937E0	3.4281E6	
1796	-7.9910E-1	-6.2840E0	5.4012E0	3.4303E6	
1797	-7.9971E-1	-7.1898E0	5.4087E0	3.4326E6	
1798	-8.0048E-1	-8.3220E0	5.4162E0	3.4348E6	
1799	-8.0154E-1	-9.9072E0	5.4237E0	3.4370E6	
1800	-7.9895E-1	-6.0575E0	5.4248E0	3.4373E6	
1801	-7.9895E-1	-6.0575E0	5.4248E0	3.4373E6	
1802	-7.9895E-1	-6.0575E0	5.4248E0	3.4373E6	
1803	-7.9895E-1	-6.0575E0	5.4248E0	3.4373E6	
1804	-7.9895E-1	-6.0575E0	5.4248E0	3.4373E6	
1805	-7.9895E-1	-6.0575E0	5.4248E0	3.4373E6	
1806	-7.9895E-1	-6.0575E0	5.4248E0	3.4373E6	
1807	-7.9895E-1	-6.0575E0	5.4248E0	3.4373E6	
1808	-7.9895E-1	-6.0575E0	5.4248E0	3.4373E6	
1809	-7.9895E-1	-6.0575E0	5.4248E0	3.4373E6	
1810	-7.9895E-1	-6.0575E0	5.4248E0	3.4373E6	
1811	-7.9895E-1	-6.0575E0	5.4248E0	3.4373E6	
1812	-7.9895E-1	-6.0575E0	5.4248E0	3.4373E6	
1813	-7.9895E-1	-6.0575E0	5.4248E0	3.4373E6	
1814	-7.9895E-1	-6.0575E0	5.4248E0	3.4373E6	
1815	-7.9895E-1	-6.0575E0	5.4248E0	3.4373E6	
1816	-7.9895E-1	-6.0575E0	5.4248E0	3.4373E6	
1817	-7.9895E-1	-6.0575E0	5.4248E0	3.4373E6	
1818	-7.9895E-1	-6.0575E0	5.4248E0	3.4373E6	
1819	-7.9895E-1	-6.0575E0	5.4248E0	3.4373E6	
1820	-7.9895E-1	-6.0575E0	5.4248E0	3.4373E6	
1821	-7.9895E-1	-6.0575E0	5.4248E0	3.4373E6	
1822	-7.9895E-1	-6.0575E0	5.4248E0	3.4373E6	
1823	-7.9895E-1	-6.0575E0	5.4248E0	3.4373E6	
1824	-7.9895E-1	-6.0575E0	5.4248E0	3.4373E6	
1825	-7.9895E-1	-6.0575E0	5.4248E0	3.4373E6	
1826	-7.9895E-1	-6.0575E0	5.4248E0	3.4373E6	
1827	-7.9895E-1	-6.0575E0	5.4248E0	3.4373E6	
1828	-7.9895E-1	-6.0575E0	5.4248E0	3.4373E6	
1829	-7.9895E-1	-6.0575E0	5.4248E0	3.4373E6	
1830	-7.9895E-1	-6.0575E0	5.4248E0	3.4373E6	
1831	-7.9895E-1	-6.0575E0	5.4248E0	3.4373E6	
1832	-7.9895E-1	-6.0575E0	5.4248E0	3.4373E6	
1833	-7.9895E-1	-6.0575E0	5.4248E0	3.4373E6	
1834	-7.9895E-1	-6.0575E0	5.4248E0	3.4373E6	
1835	-7.9895E-1	-6.0575E0	5.4248E0	3.4373E6	
1836	-7.9895E-1	-6.0575E0	5.4248E0	3.4373E6	
1837	-7.9895E-1	-6.0575E0	5.4248E0	3.4373E6	
1838	-7.9895E-1	-6.0575E0	5.4248E0	3.4373E6	
1839	-7.9895E-1	-6.0575E0	5.4248E0	3.4373E6	
1840	-7.9895E-1	-6.0575E0	5.4248E0	3.4373E6	
1841	-7.9895E-1	-6.0575E0	5.4248E0	3.4373E6	
1842	-7.9895E-1	-6.0575E0	5.4248E0	3.4373E6	
1843	-7.9895E-1	-6.0575E0	5.4248E0	3.4373E6	
1844	-7.9895E-1	-6.0575E0	5.4248E0	3.4373E6	
1845	-7.9895E-1	-6.0575E0	5.4248E0	3.4373E6	
1846	-7.9895E-1	-6.0575E0	5.4248E0	3.4373E6	
1847	-7.9895E-1	-6.0575E0	5.4248E0	3.4373E6	
1848	-7.9895E-1	-6.0575E0	5.4248E0	3.4373E6	
1849	-7.9895E-1	-6.0575E0	5.4248E0	3.4373E6	
1850	-7.9895E-1	-6.0575E0	5.4248E0	3.4373E6	
1851	-7.9895E-1	-6.0575E0	5.4248E0	3.4373E6	
1852	-7.9895E-1	-6.0575E0	5.4248E0	3.4373E6	
1853	-7.9895E-1	-6.0575E0	5.4248E0	3.4373E6	
1854	-7.9895E-1	-6.0575E0	5.4248E0	3.4373E6	
1855	-7.9895E-1	-6.0575E0	5.4248E0	3.4373E6	
1856	-7.9895E-1	-6.0575E0	5.4248E0	3.4373E6	
1857	-7.9895E-1	-6.0575E0	5.4248E0	3.4373E6	
1858	-7.9895E-1	-6.0575E0	5.4248E0	3.4373E6	
1859	-7.9895E-1	-6.0575E0	5.4248E0	3.4373E6	
1860	-7.9895E-1	-6.0575E0	5.4248E0	3.4373E6	
1861	-7.9895E-1	-6.0575E0	5.4248E0	3.4373E6	
1862	-7.9895E-1	-6.0575E0	5.4248E0	3.4373E6	
1863	-7.9895E-1	-6.0575E0	5.4248E0	3.4373E6	
1864	-7.9895E-1	-6.0575E0	5.4248E0	3.4373E6	
1865	-7.9895E-1	-6.0575E0	5.4248E0	3.4373E6	
1866	-7.9895E-1	-6.0575E0	5.4248E0	3.4373E6	
1867	-7.9895E-1	-6.0575E0	5.4248E0	3.4373E6	
1868	-7.9895E-1	-6.0575E0	5.4248E0	3.4373E6	
1869	-7.9895E-1	-6.0575E0	5.4248E0	3.4373E6	
1870	-7.9895E-1	-6.0575E0	5.4248E0	3.4373E6	
1871	-7.9895E-1	-6.0575E0	5.4248E0	3.4373E6	
1872	-7.9895E-1	-6.0575E0	5.4248E0	3.4373E6	
1873	-7.9895E-1	-6.0575E0	5.4248E0	3.4373E6	
1874	-7.9895E-1	-6.0575E0	5.4248E0	3.4373E6	
1875	-7.9895E-1	-6.0575E0	5.4248E0	3.4373E6	
1876	-7.9895E-1	-6.0575E0	5.4248E0	3.4373E6	
1877	-7.9895E-1	-6.0575E0	5.4248E0	3.4373E6	
1878	-7.9895E-1	-6.0575E0	5.4248E0	3.4373E6	
1879	-7.9895E-1	-6.0575E0	5.4248E0	3.4373E6	
1880	-7.9895E-1	-6.0575E0	5.4248E0	3.4373E6	
1881	-7.9895E-1	-6.0575E0	5.4248E0	3.4373E6	
1882	-7.9895E-1	-6.0575E0	5.4248E0	3.4373E6	
1883	-7.9895E-1	-6.0575E0	5.4248E0	3.4373E6	
1884	-7.9895E-1	-6.0575E0	5.4248E0	3.4373E6	
1885	-7.9895E-1	-6.0575E0	5.4248E0	3.4373E6	
1886	-7.9895E-1	-6.0575E0	5.4248E0	3.4373E6	
1887	-7.9895E-1	-6.0575E0	5.4248E0	3.4373E6	
1888	-7.9895E-1	-6.0575E0	5.4248E0	3.4373E6	
1889	-7.9895E-1	-6.0575E0	5.4248E0	3.4373E6	
1890	-7.9895E-1	-6.0575E0	5.4248E0	3.4373E6	
1891	-7.9895E-1	-6.0575E0	5.4248E0	3.4373E6	
1892	-7.9895E-1	-6.0575E0	5.4248E0	3.4373E6	
1893	-7.9895E-1	-6.0575E0	5.4248E0	3.4373E6	
1894	-7.9895E-1	-6.0575E0	5.4248E0	3.4373E6	
1895	-7.9895E-1	-6.0575E0	5.4248E0	3.4373E6	
1896	-7.9895E-1	-6.0575E0	5.4248E0	3.4373E6	
1897	-7.9895E-1	-6.0575E0	5.4248E0	3.4373E6	
1898	-7.9895E-1	-6.0575E0	5.4248E0	3.4373E6	
1899	-7.9895E-1	-6.0575E0	5.4248E0	3.4373E6	
1900	-7.9895E-1	-6.0575E0	5.4248E0	3.4373E6	
1901	-7.9895E-1	-6.0575E0	5.4248E0	3.4373E6	
1902	-7.9895E-1	-6.0575E0	5.4248E0	3.4373E6	
1903	-7.9895E-1	-6.0575E0	5.4248E0	3.4373E6	
1904	-7.9895E-1	-6.0575E0	5.4248E0	3.4373E6	
1905	-7.9895E-1	-6.0575E0	5.4248E0	3.4373E6	
1906	-7.9895E-1	-6.0575E0	5.4248E0	3.4373E6	
1907	-7.9895E-1	-6.0575E0	5.4248E0	3.4373E6	
1908	-7.9895E-1	-6.0575E0	5.4248E0	3.4373E6	
1909	-7.9895E-1	-6.0575E0	5.4248E0	3.4373E6	
1910	-7.9895E-1	-6.0575E0	5.4248E0	3.4373E6	
1911	-7.9895E-1	-6.0575E0	5.4248E0	3.4373E6	
1912	-7.9895E-1	-6.0575E0	5.4248E0	3.4373E6	
1913	-7.9895E-1	-6.0575E0	5.4248E0	3.4373E6	
1914	-7.9895E-1	-6.0575E0	5.4248E0	3.4373E6	
1915	-7.9895E-1	-6.0575E0	5.4248E0	3.4373E6	
1916	-7.9895E-1	-6.0575E0	5.4248E0	3.4373E6	
1917	-7.9895E-1	-6.0575E0	5.4248E0	3.4373E6	
1918	-7.9895E-1	-6.0575E0	5.4248E0	3.4373E6	
1919	-7.9895E-1	-6.0575E0	5.4248E0	3.4373E6	
1920	-7.9895E-1	-6.0575E0	5.4248E0	3.4373E6	
1921	-7.9895E-1	-6.0575E0	5.4248E0	3.4373E6	
1922	-7.9895E-1	-6.0575E0	5.4248E0	3.4373E6	
1923	-7.9895E-1	-6.0575E0	5.4248E0	3.4373E6	
1924	-7.9895E-1	-6.0575E0	5.4248E0	3.4373E6	
1925	-7.9895E-1	-6.0575E0	5.4248E0	3.4373E6	
1926	-7.9895E-1	-6.0575E0	5.4248E0	3.4373E6	
1927	-7.9895E-1	-6.0575E0	5.4248E0	3.4373E6	
1928	-7.9895E-1	-6.0575E0	5.4248E0	3.4373E6	
1929	-7.9895E-1	-6.0575E0	5.4248E0	3.4373E6	
1930	-7.9895E-1	-6.0575E0	5.4248E0	3.4373E6	
1931	-7.9895E-1	-6.0575E0	5.4248E0	3.4373E6	
1932	-7.9895E-1	-6.0575E0	5.4248E0	3.4373E6	
1933	-7.9895E-1	-6.0575E0	5.4248E0	3.4373E6	
1934	-7.9895E-1	-6.0575E0	5.4248E0	3.4373E6	
1935	-7.9895E-1	-6.0575E0	5.4248E0	3.4373E6	
1936	-7.9895E-1	-6.0575E0	5.4248E0	3.4373E6	
1937	-7.9895E-1	-6.0575E0	5.4248E0	3.4373E6	
1938	-7.9895E-1	-6.0575E0	5.4248E0	3.4373E6	
1939	-7.9895E-1	-6.0575E0	5.4248E0	3.4373E6	
1940	-7.9895E-1	-6.0575E0	5.4248E0	3.4373E6	
1941	-7.9895E-1	-6.0575E0	5.4248E0	3.4373E6	
1942	-7.9895E-1	-6.0575E0	5.4248E0	3.4373E6	
1943	-7.9895E-1	-6.0575E0	5.4248E0	3.4373E6	
1944	-7.9895E-1	-6.0575E0	5.4248E0	3.4373E6	
1945	-7.9895E-1	-6.0575E0	5.4248E0	3.4373E6	
1946	-7.9895E-1	-6.0575E0	5.4248E0	3.4373E6	
1947	-7.9895E-1	-6.0575E0	5.4248E0	3.4373E6	
1948	-7.9895E-1	-6.0575E0	5.4248E0	3.4373E6	
1949	-7.9895E-1	-6.0575E0	5.4248E0	3.4373E6	
1950	-7.9895E-1	-6.0575E0	5.4248E0	3.4373E6	
1951	-7.9895E-1	-6.0575E0	5.4248E0	3.4373E6	
1952	-7.9895E-1	-6.0575E0	5.4248E0	3.4373E6	
1953	-7.9895E-1	-6.0575E0	5.4248E0	3.4373E6	
1954	-7.9895E-1	-6.0575E0	5.4248E0	3.4373E6	
1955	-7.9895E-1	-6.0575E0	5.4248E0	3.4373E6	
1956	-7.9895E-1	-6.0575E0	5.4248E0	3.4373E6	
1957	-7.9895E-1	-6.0575E0	5.4248E0	3.4373E6	
1958	-7.9895E-1	-6.0575E0	5.4248E0	3.4373E6	
1959	-7.9895E-1	-6.0575E0	5.4248E0	3.4373E6	
1960	-7.9895E-1	-6.0575E0	5.4248E0	3.4373E6	
1961	-7.9895E-1	-6.0575E0	5.4248E0	3.4373E6	
1962	-7.9895E-1	-6.0575E0	5.4248E0	3.4373E6	
1963	-7.9895E-1	-6.0575E0	5.4248E0	3.4373E6	
1964	-7.9895E-1	-6.0575E0	5.4248E0	3.4373E6	
1965	-7.9895E-1	-6.0575E0	5.4248E0	3.4373E6	
1966	-7.9895E-1	-6.0575E0	5.4248E0	3.4373E6	
1967	-7.9895E-1	-6.0575E0	5.4248E0	3.4373E6	
1968	-7.9895E-1	-6.0575E0	5.4248E0	3.4373E6	
1969	-7.9895E-1	-6.0575E0	5.4248E0	3.4373E6	
1970	-7.9895E-1	-6.0575E0	5.4248E0	3.4373E6	
1971	-7.9895E-1	-6.0575E0	5.4248E0	3.4373E6	
1972	-7.9895E-1	-6.0575E0	5.4248E0	3.4373E6	
1973	-7.9895E-1	-6.0575E0	5.4248E0	3.4373E6	
1974	-7.9895E-1	-6.0575E0	5.4248E0	3.4373E6	
1975	-7.9895E-1	-6.0575E0	5.4248E0	3.4373E6	
1976	-7.9895E-1	-6.0575E0	5.4248E0	3.4373E6	
1977	-7.9895E-1	-6.0575E0	5.4248E0	3.4373E6	
1978	-7.9895E-1	-6.0575E0	5.4248E0	3.4373E6	
1979	-7.9895E-1	-6.0575E0	5.4248E0	3.4373E6	
1980	-7.9895E-1	-6.0575E0	5.4248E0	3.4373E6	
1981	-7.9895E-1	-6.0575E0	5.4248E0	3.4373E6	
1982	-7.9895E-1	-6.0575E0	5.4248E0	3.4373E6	
1983	-7.9895E-1	-6.0575E0	5.4248E0	3.4373E6	
1984	-7.9895E-1	-6.0575E0	5.4248E0	3.4373E6	
1985	-7.9895E-1	-6.0575E0	5.4248E0	3.4373E6	
1986	-7.9895E-1	-6.0575E0	5.4248E0	3.4373E6	
1987	-7.9895E-1	-6.0575E0	5.4248E0	3.4373E6	
1988	-7.9895E-1	-6.0575E0	5.4248E0	3.4373E6	
1989	-7.9895E-1	-6.0575E0	5.4248E0	3.4373E6	
1990	-7.9895E-1	-6.0575E0	5.4248E0	3.4373E6	
1991	-7.9895E-1	-6.0575E0	5.4248E0	3.4373E6	
1992	-7.9895E-1	-6.0575E0	5.4248E0	3.4373E6	
1993	-7.9895E-1	-6.0575E0	5.4248E0	3.4373E6	
1994	-7.9895E-1	-6.0575E0	5.4248E0	3.4373E6	
1995	-7.9895E-1	-6.0575E0	5.4248E0	3.4373E6	
1996	-7.9895E-1	-6.0575E0	5.4248E0	3.4373E6	
1997	-7.9895E-1	-6.0575E0	5.4248E0	3.4373E6	
1998	-7.9895E-1	-6.0575E0	5.4248E0	3.4373E6	
1999	-7.9895E-1	-6.0575E0	5.4248E0	3.4373E6	
2000	-7.9895E-1	-6.0575E0	5.4248E0	3.4373E6	
2001	-7.9895E-1	-6.0575E0	5.4248E0	3.4373E6	
2002	-7.9895E-1	-6.0575E0	5.4248E0	3.4373E6	
2003	-7.9895E-1	-6.0575E0	5.4248E0	3.4373E6	
2004	-7.9895E-1	-6.0575E0	5.4248E0	3.4373E6	
2005	-7.9895E-1	-6.0575E0	5.4248E0	3.4373E6	
2006	-7.9895E-1	-6.0575E0	5.4248E0	3.4373E6	
2007	-7.9895E-1	-6.0575E0	5.4248E0	3.4373E6	
2008	-7.9895E-1	-6.0575E0	5.4248E0	3.4373E6	
2009	-7.9895E-1	-6.0575E0	5.4248E0	3.4373E6	
2010	-7.9895E-1	-6.0575E0	5.4248E0	3.4373E6	
2011	-7.9895E-1	-6.0575E0	5.4248E0	3.4373E6	
2012	-7.9895E-1	-6.0575E0	5.4248E0	3.4373E6	
2013	-7.9895E-1	-6.0575E0	5.4248E0	3.4373E6	
2014	-7.9895E-1	-6.0575E0	5.4248E0	3.4373E6	
2015	-7.9895E-1	-6.0575E0	5.4248E0	3.4373E6	
2016	-7.9895E-1	-6.0575E0	5.4248E0	3.4373E6	
2017	-7.9895E-1	-6.0575E0	5.4248E0	3.4373E6	
2018	-7.9895E-1	-6.0575E0	5.4248E0	3.4373E6	
2019	-7.9895E-1	-6.0575E0	5.4248E0	3.4373E6	
2020	-7.9895E-1	-6.0575E0	5.4248E0	3.4373E6	
2021	-7.9895E-1	-6.0575E0	5.4248E0	3.4373E6	
2022	-7.9895E-1	-6.0575E0	5.4248E0	3.4373E6	
2023	-7.9895E-1	-6.0575E0	5.4248E0	3.4373E6	
2024	-7.9895E-1	-6.0575E0	5.4248E0	3.4373E6	
2025	-7.9895E-1	-6.0575E0	5.4248E0	3.4373E6	
2026	-7.9895E-1	-6.0575E0	5.4248E0	3.4373E6	
2027	-7.9895E-1	-6.0575E0	5.4248E0	3.4373E6	
2028	-7.9895E-1	-6.0575E0	5.4248E0	3.4373E6	
2029	-7.9895E-1	-6.0575E0	5.4248E0	3.4373E6	
2030	-7.9895E-1	-6.0575E0	5.4248E0	3.4373E6	
2031	-7.9895E-1	-6.0575E0	5.4248E0	3.4373E6	
2032	-7.9895E-1	-6.0575E0	5.4248E0	3.4373E6	
2033	-7.9895E-1	-6.0575E0	5.4248E0	3.4373E6	
2034	-7.9895E-1	-6.0575E0	5.4248E0	3.4373E6	
2035	-7.9895E-1	-6.0575E0	5.4248E0	3.4373E6	
2036	-7.9895E-1	-6.0575E0	5.4248E0	3.4373E6	
2037	-7.9895E-1	-6.0575E0	5.4248E0	3.4373E6	
2038	-7.9895E-1	-6.0575E0	5.4248E0	3.4373E6	
2039	-7.9895E-1	-6.0575E0	5.4248E0	3.4373E6	
2040	-7.9895E-1	-6.0575E0	5.4248E0	3.4373E6	
2041	-7.9895E-1	-6.0575E0	5.4248E0	3.4373E6	
2042	-7.9895E-1	-6.0575E0	5.4248E0	3.4373E6	
2043	-7.9895E-1	-6.0575E0	5.4248E0	3.4373E6	
2044	-7.9895E-1	-6.0575E0	5.4248E0	3.4373E6	
2045	-7.9895E-1	-6.0575E0	5.4248E0	3.4373E6	
2046	-7.9895E-1	-6.0575E0	5.4248E0	3.4373E6	
2047	-7.9895E-1	-6.0575E0	5.4248E0	3.4373E6	
2048	-7.9895E-1	-6.0575E0	5.4248E0	3.4373E6	
