point 133
Index	Vertical (A-B)	Force	Z Height	Time Stamp	
     	V	nN	?m	?sec	
1	-8.1360E-1	3.9630E0	5.6493E0	1.2000E2	
2	-8.1764E-1	-2.0380E0	5.6480E0	2.3400E3	
3	-8.1596E-1	4.5296E-1	5.6455E0	4.5600E3	
4	-8.1360E-1	3.9630E0	5.6424E0	6.7800E3	
5	-8.1314E-1	4.6423E0	5.6390E0	9.0000E3	
6	-8.1490E-1	2.0381E0	5.6354E0	1.1220E4	
7	-8.1421E-1	3.0572E0	5.6318E0	1.3440E4	
8	-8.1375E-1	3.7365E0	5.6279E0	1.5660E4	
9	-8.1337E-1	4.3026E0	5.6239E0	1.7880E4	
10	-8.1375E-1	3.7365E0	5.6198E0	2.0100E4	
11	-8.1345E-1	4.1894E0	5.6157E0	2.2320E4	
12	-8.1314E-1	4.6423E0	5.6115E0	2.4540E4	
13	-8.1192E-1	6.4539E0	5.6072E0	2.6760E4	
14	-8.1558E-1	1.0191E0	5.6027E0	2.8980E4	
15	-8.1406E-1	3.2836E0	5.5984E0	3.1200E4	
16	-8.1055E-1	8.4920E0	5.5940E0	3.3420E4	
17	-8.1192E-1	6.4539E0	5.5895E0	3.5640E4	
18	-8.1085E-1	8.0391E0	5.5850E0	3.7860E4	
19	-8.1589E-1	5.6618E-1	5.5804E0	4.0080E4	
20	-8.1345E-1	4.1894E0	5.5759E0	4.2300E4	
21	-8.1566E-1	9.0586E-1	5.5713E0	4.4520E4	
22	-8.1001E-1	9.2846E0	5.5667E0	4.6740E4	
23	-8.1146E-1	7.1333E0	5.5620E0	4.8960E4	
24	-8.1131E-1	7.3597E0	5.5573E0	5.1180E4	
25	-8.1055E-1	8.4920E0	5.5526E0	5.3400E4	
26	-8.1306E-1	4.7555E0	5.5479E0	5.5620E4	
27	-8.1207E-1	6.2275E0	5.5431E0	5.7840E4	
28	-8.1329E-1	4.4159E0	5.5384E0	6.0060E4	
29	-8.1123E-1	7.4730E0	5.5337E0	6.2280E4	
30	-8.1085E-1	8.0391E0	5.5290E0	6.4500E4	
31	-8.1108E-1	7.6994E0	5.5241E0	6.6720E4	
32	-8.1192E-1	6.4539E0	5.5193E0	6.8940E4	
33	-8.1154E-1	7.0201E0	5.5145E0	7.1160E4	
34	-8.1299E-1	4.8688E0	5.5095E0	7.3380E4	
35	-8.1223E-1	6.0010E0	5.5047E0	7.5600E4	
36	-8.1223E-1	6.0010E0	5.5000E0	7.7820E4	
37	-8.1070E-1	8.2655E0	5.4951E0	8.0040E4	
38	-8.1093E-1	7.9259E0	5.4902E0	8.2260E4	
39	-8.1001E-1	9.2846E0	5.4852E0	8.4480E4	
40	-8.1223E-1	6.0010E0	5.4805E0	8.6700E4	
41	-8.0750E-1	1.3021E1	5.4756E0	8.8920E4	
42	-8.0910E-1	1.0643E1	5.4706E0	9.1140E4	
43	-8.0910E-1	1.0643E1	5.4657E0	9.3360E4	
44	-8.1024E-1	8.9449E0	5.4607E0	9.5580E4	
45	-8.0658E-1	1.4380E1	5.4557E0	9.7800E4	
46	-8.0833E-1	1.1776E1	5.4507E0	1.0002E5	
47	-8.0612E-1	1.5059E1	5.4458E0	1.0224E5	
48	-8.0727E-1	1.3361E1	5.4409E0	1.0446E5	
49	-8.0780E-1	1.2568E1	5.4358E0	1.0668E5	
50	-8.0887E-1	1.0983E1	5.4308E0	1.0890E5	
51	-8.0757E-1	1.2908E1	5.4259E0	1.1112E5	
52	-8.0849E-1	1.1549E1	5.4209E0	1.1334E5	
53	-8.0887E-1	1.0983E1	5.4159E0	1.1556E5	
54	-8.0788E-1	1.2455E1	5.4108E0	1.1778E5	
55	-8.0734E-1	1.3247E1	5.4059E0	1.2000E5	
56	-8.0559E-1	1.5852E1	5.4007E0	1.2222E5	
57	-8.0833E-1	1.1776E1	5.3958E0	1.2444E5	
58	-8.0826E-1	1.1889E1	5.3907E0	1.2666E5	
59	-8.0513E-1	1.6531E1	5.3856E0	1.2888E5	
60	-8.0818E-1	1.2002E1	5.3805E0	1.3110E5	
61	-8.0498E-1	1.6757E1	5.3754E0	1.3332E5	
62	-8.0513E-1	1.6531E1	5.3703E0	1.3554E5	
63	-8.0612E-1	1.5059E1	5.3653E0	1.3776E5	
64	-8.0490E-1	1.6871E1	5.3602E0	1.3998E5	
65	-8.0498E-1	1.6757E1	5.3551E0	1.4220E5	
66	-8.0650E-1	1.4493E1	5.3500E0	1.4442E5	
67	-8.0544E-1	1.6078E1	5.3449E0	1.4664E5	
68	-8.0559E-1	1.5852E1	5.3397E0	1.4886E5	
69	-8.0872E-1	1.1209E1	5.3346E0	1.5108E5	
70	-8.0460E-1	1.7324E1	5.3294E0	1.5330E5	
71	-8.0536E-1	1.6191E1	5.3244E0	1.5552E5	
72	-8.0437E-1	1.7663E1	5.3191E0	1.5774E5	
73	-8.0482E-1	1.6984E1	5.3139E0	1.5996E5	
74	-8.0475E-1	1.7097E1	5.3088E0	1.6218E5	
75	-8.0551E-1	1.5965E1	5.3037E0	1.6440E5	
76	-8.0452E-1	1.7437E1	5.2985E0	1.6662E5	
77	-8.0307E-1	1.9588E1	5.2933E0	1.6884E5	
78	-8.0269E-1	2.0154E1	5.2880E0	1.7106E5	
79	-8.0330E-1	1.9248E1	5.2829E0	1.7328E5	
80	-8.0338E-1	1.9135E1	5.2777E0	1.7550E5	
81	-8.0414E-1	1.8003E1	5.2724E0	1.7772E5	
82	-8.0429E-1	1.7776E1	5.2671E0	1.7994E5	
83	-8.0635E-1	1.4719E1	5.2621E0	1.8216E5	
84	-8.0215E-1	2.0947E1	5.2568E0	1.8438E5	
85	-7.9971E-1	2.4570E1	5.2515E0	1.8660E5	
86	-8.0246E-1	2.0494E1	5.2462E0	1.8882E5	
87	-8.0177E-1	2.1513E1	5.2411E0	1.9104E5	
88	-8.0223E-1	2.0834E1	5.2359E0	1.9326E5	
89	-8.0132E-1	2.2192E1	5.2306E0	1.9548E5	
90	-8.0322E-1	1.9362E1	5.2253E0	1.9770E5	
91	-8.0185E-1	2.1400E1	5.2199E0	1.9992E5	
92	-8.0109E-1	2.2532E1	5.2147E0	2.0214E5	
93	-8.0200E-1	2.1173E1	5.2095E0	2.0436E5	
94	-8.0101E-1	2.2645E1	5.2041E0	2.0658E5	
95	-8.0093E-1	2.2758E1	5.1988E0	2.0880E5	
96	-8.0124E-1	2.2306E1	5.1935E0	2.1102E5	
97	-7.9987E-1	2.4344E1	5.1882E0	2.1324E5	
98	-8.0223E-1	2.0834E1	5.1828E0	2.1546E5	
99	-7.9811E-1	2.6948E1	5.1775E0	2.1768E5	
100	-7.9849E-1	2.6382E1	5.1723E0	2.1990E5	
101	-7.9857E-1	2.6268E1	5.1668E0	2.2212E5	
102	-7.9758E-1	2.7740E1	5.1615E0	2.2434E5	
103	-7.9895E-1	2.5702E1	5.1563E0	2.2656E5	
104	-8.0009E-1	2.4004E1	5.1509E0	2.2878E5	
105	-8.0032E-1	2.3664E1	5.1454E0	2.3100E5	
106	-7.9964E-1	2.4683E1	5.1402E0	2.3322E5	
107	-7.9720E-1	2.8306E1	5.1349E0	2.3544E5	
108	-7.9948E-1	2.4910E1	5.1294E0	2.3766E5	
109	-7.9773E-1	2.7514E1	5.1240E0	2.3988E5	
110	-7.9834E-1	2.6608E1	5.1186E0	2.4210E5	
111	-7.9681E-1	2.8873E1	5.1133E0	2.4432E5	
112	-7.9735E-1	2.8080E1	5.1078E0	2.4654E5	
113	-7.9811E-1	2.6948E1	5.1025E0	2.4876E5	
114	-7.9834E-1	2.6608E1	5.0970E0	2.5098E5	
115	-7.9964E-1	2.4683E1	5.0917E0	2.5320E5	
116	-7.9521E-1	3.1250E1	5.0862E0	2.5542E5	
117	-7.9407E-1	3.2949E1	5.0808E0	2.5764E5	
118	-7.9674E-1	2.8986E1	5.0753E0	2.5986E5	
119	-7.9689E-1	2.8759E1	5.0699E0	2.6208E5	
120	-7.9613E-1	2.9892E1	5.0645E0	2.6430E5	
121	-7.9643E-1	2.9439E1	5.0590E0	2.6652E5	
122	-7.9819E-1	2.6835E1	5.0536E0	2.6874E5	
123	-7.9590E-1	3.0231E1	5.0482E0	2.7096E5	
124	-7.9491E-1	3.1703E1	5.0427E0	2.7318E5	
125	-7.9910E-1	2.5476E1	5.0372E0	2.7540E5	
126	-7.9437E-1	3.2496E1	5.0317E0	2.7762E5	
127	-7.9704E-1	2.8533E1	5.0263E0	2.7984E5	
128	-7.9605E-1	3.0005E1	5.0207E0	2.8206E5	
129	-7.9536E-1	3.1024E1	5.0153E0	2.8428E5	
130	-7.9613E-1	2.9892E1	5.0097E0	2.8650E5	
131	-7.9643E-1	2.9439E1	5.0042E0	2.8872E5	
132	-7.9590E-1	3.0231E1	4.9987E0	2.9094E5	
133	-7.9567E-1	3.0571E1	4.9933E0	2.9316E5	
134	-7.9422E-1	3.2722E1	4.9878E0	2.9538E5	
135	-7.9590E-1	3.0231E1	4.9822E0	2.9760E5	
136	-7.9277E-1	3.4874E1	4.9767E0	2.9982E5	
137	-7.9399E-1	3.3062E1	4.9713E0	3.0204E5	
138	-7.9185E-1	3.6232E1	4.9656E0	3.0426E5	
139	-7.9292E-1	3.4647E1	4.9601E0	3.0648E5	
140	-7.9216E-1	3.5779E1	4.9546E0	3.0870E5	
141	-7.9430E-1	3.2609E1	4.9490E0	3.1092E5	
142	-7.9102E-1	3.7478E1	4.9435E0	3.1314E5	
143	-7.9437E-1	3.2496E1	4.9379E0	3.1536E5	
144	-7.9361E-1	3.3628E1	4.9323E0	3.1758E5	
145	-7.9224E-1	3.5666E1	4.9268E0	3.1980E5	
146	-7.9132E-1	3.7025E1	4.9211E0	3.2202E5	
147	-7.9193E-1	3.6119E1	4.9156E0	3.2424E5	
148	-7.9178E-1	3.6346E1	4.9100E0	3.2646E5	
149	-7.9025E-1	3.8610E1	4.9045E0	3.2868E5	
150	-7.8964E-1	3.9516E1	4.8988E0	3.3090E5	
151	-7.9094E-1	3.7591E1	4.8932E0	3.3312E5	
152	-7.8911E-1	4.0308E1	4.8876E0	3.3534E5	
153	-7.8964E-1	3.9516E1	4.8821E0	3.3756E5	
154	-7.9155E-1	3.6685E1	4.8764E0	3.3978E5	
155	-7.9010E-1	3.8836E1	4.8707E0	3.4200E5	
156	-7.9063E-1	3.8044E1	4.8651E0	3.4422E5	
157	-7.8941E-1	3.9856E1	4.8595E0	3.4644E5	
158	-7.8842E-1	4.1327E1	4.8539E0	3.4866E5	
159	-7.8819E-1	4.1667E1	4.8482E0	3.5088E5	
160	-7.8964E-1	3.9516E1	4.8426E0	3.5310E5	
161	-7.8941E-1	3.9856E1	4.8369E0	3.5532E5	
162	-7.9109E-1	3.7365E1	4.8313E0	3.5754E5	
163	-7.8850E-1	4.1214E1	4.8257E0	3.5976E5	
164	-7.8720E-1	4.3139E1	4.8200E0	3.6198E5	
165	-7.9048E-1	3.8270E1	4.8143E0	3.6420E5	
166	-7.8827E-1	4.1554E1	4.8086E0	3.6642E5	
167	-7.9071E-1	3.7931E1	4.8030E0	3.6864E5	
168	-7.8865E-1	4.0988E1	4.7974E0	3.7086E5	
169	-7.8949E-1	3.9742E1	4.7915E0	3.7308E5	
170	-7.8773E-1	4.2346E1	4.7858E0	3.7530E5	
171	-7.9025E-1	3.8610E1	4.7802E0	3.7752E5	
172	-7.8758E-1	4.2573E1	4.7744E0	3.7974E5	
173	-7.8835E-1	4.1441E1	4.7687E0	3.8196E5	
174	-7.8964E-1	3.9516E1	4.7630E0	3.8418E5	
175	-7.8568E-1	4.5404E1	4.7574E0	3.8640E5	
176	-7.8773E-1	4.2346E1	4.7516E0	3.8862E5	
177	-7.8552E-1	4.5630E1	4.7459E0	3.9084E5	
178	-7.8682E-1	4.3705E1	4.7401E0	3.9306E5	
179	-7.8552E-1	4.5630E1	4.7343E0	3.9528E5	
180	-7.8644E-1	4.4271E1	4.7287E0	3.9750E5	
181	-7.8430E-1	4.7442E1	4.7229E0	3.9972E5	
182	-7.8552E-1	4.5630E1	4.7171E0	4.0194E5	
183	-7.8461E-1	4.6989E1	4.7114E0	4.0416E5	
184	-7.8758E-1	4.2573E1	4.7055E0	4.0638E5	
185	-7.8476E-1	4.6762E1	4.6998E0	4.0860E5	
186	-7.8300E-1	4.9366E1	4.6940E0	4.1082E5	
187	-7.8400E-1	4.7895E1	4.6882E0	4.1304E5	
188	-7.8445E-1	4.7215E1	4.6826E0	4.1526E5	
189	-7.8392E-1	4.8008E1	4.6767E0	4.1748E5	
190	-7.8346E-1	4.8687E1	4.6709E0	4.1970E5	
191	-7.8201E-1	5.0838E1	4.6651E0	4.2192E5	
192	-7.8621E-1	4.4611E1	4.6594E0	4.2414E5	
193	-7.8392E-1	4.8008E1	4.6535E0	4.2636E5	
194	-7.8468E-1	4.6876E1	4.6477E0	4.2858E5	
195	-7.8247E-1	5.0159E1	4.6419E0	4.3080E5	
196	-7.8117E-1	5.2084E1	4.6360E0	4.3302E5	
197	-7.8369E-1	4.8347E1	4.6302E0	4.3524E5	
198	-7.8178E-1	5.1178E1	4.6243E0	4.3746E5	
199	-7.8217E-1	5.0612E1	4.6185E0	4.3968E5	
200	-7.7980E-1	5.4122E1	4.6127E0	4.4190E5	
201	-7.8133E-1	5.1857E1	4.6068E0	4.4412E5	
202	-7.8285E-1	4.9593E1	4.6010E0	4.4634E5	
203	-7.8293E-1	4.9480E1	4.5951E0	4.4856E5	
204	-7.8011E-1	5.3669E1	4.5892E0	4.5078E5	
205	-7.7888E-1	5.5481E1	4.5834E0	4.5300E5	
206	-7.8232E-1	5.0386E1	4.5775E0	4.5522E5	
207	-7.8087E-1	5.2537E1	4.5716E0	4.5744E5	
208	-7.8133E-1	5.1857E1	4.5657E0	4.5966E5	
209	-7.8171E-1	5.1291E1	4.5599E0	4.6188E5	
210	-7.7858E-1	5.5934E1	4.5540E0	4.6410E5	
211	-7.7980E-1	5.4122E1	4.5481E0	4.6632E5	
212	-7.7911E-1	5.5141E1	4.5422E0	4.6854E5	
213	-7.7690E-1	5.8425E1	4.5363E0	4.7076E5	
214	-7.8003E-1	5.3782E1	4.5305E0	4.7298E5	
215	-7.7950E-1	5.4575E1	4.5244E0	4.7520E5	
216	-7.7934E-1	5.4801E1	4.5185E0	4.7742E5	
217	-7.8178E-1	5.1178E1	4.5126E0	4.7964E5	
218	-7.7873E-1	5.5707E1	4.5067E0	4.8186E5	
219	-7.7827E-1	5.6386E1	4.5009E0	4.8408E5	
220	-7.7866E-1	5.5820E1	4.4948E0	4.8630E5	
221	-7.8041E-1	5.3216E1	4.4889E0	4.8852E5	
222	-7.7797E-1	5.6839E1	4.4829E0	4.9074E5	
223	-7.7499E-1	6.1255E1	4.4770E0	4.9296E5	
224	-7.7858E-1	5.5934E1	4.4711E0	4.9518E5	
225	-7.7698E-1	5.8311E1	4.4651E0	4.9740E5	
226	-7.7629E-1	5.9330E1	4.4592E0	4.9962E5	
227	-7.7736E-1	5.7745E1	4.4532E0	5.0184E5	
228	-7.7667E-1	5.8764E1	4.4472E0	5.0406E5	
229	-7.7835E-1	5.6273E1	4.4412E0	5.0628E5	
230	-7.7637E-1	5.9217E1	4.4353E0	5.0850E5	
231	-7.7522E-1	6.0916E1	4.4293E0	5.1072E5	
232	-7.7705E-1	5.8198E1	4.4233E0	5.1294E5	
233	-7.7568E-1	6.0236E1	4.4172E0	5.1516E5	
234	-7.7629E-1	5.9330E1	4.4113E0	5.1738E5	
235	-7.7385E-1	6.2954E1	4.4052E0	5.1960E5	
236	-7.7423E-1	6.2387E1	4.3993E0	5.2182E5	
237	-7.7499E-1	6.1255E1	4.3933E0	5.2404E5	
238	-7.7576E-1	6.0123E1	4.3872E0	5.2626E5	
239	-7.7431E-1	6.2274E1	4.3813E0	5.2848E5	
240	-7.7103E-1	6.7143E1	4.3752E0	5.3070E5	
241	-7.7446E-1	6.2048E1	4.3692E0	5.3292E5	
242	-7.7385E-1	6.2954E1	4.3630E0	5.3514E5	
243	-7.7530E-1	6.0802E1	4.3571E0	5.3736E5	
244	-7.7538E-1	6.0689E1	4.3510E0	5.3958E5	
245	-7.7309E-1	6.4086E1	4.3450E0	5.4180E5	
246	-7.7301E-1	6.4199E1	4.3391E0	5.4402E5	
247	-7.7118E-1	6.6916E1	4.3330E0	5.4624E5	
248	-7.7362E-1	6.3293E1	4.3269E0	5.4846E5	
249	-7.7362E-1	6.3293E1	4.3208E0	5.5068E5	
250	-7.7499E-1	6.1255E1	4.3148E0	5.5290E5	
251	-7.7202E-1	6.5671E1	4.3087E0	5.5512E5	
252	-7.7141E-1	6.6577E1	4.3026E0	5.5734E5	
253	-7.7362E-1	6.3293E1	4.2966E0	5.5956E5	
254	-7.7301E-1	6.4199E1	4.2905E0	5.6178E5	
255	-7.7065E-1	6.7709E1	4.2844E0	5.6400E5	
256	-7.7141E-1	6.6577E1	4.2783E0	5.6622E5	
257	-7.7148E-1	6.6464E1	4.2722E0	5.6844E5	
258	-7.7240E-1	6.5105E1	4.2662E0	5.7066E5	
259	-7.7209E-1	6.5558E1	4.2600E0	5.7288E5	
260	-7.7034E-1	6.8162E1	4.2539E0	5.7510E5	
261	-7.7438E-1	6.2161E1	4.2478E0	5.7732E5	
262	-7.7011E-1	6.8502E1	4.2417E0	5.7954E5	
263	-7.6988E-1	6.8841E1	4.2356E0	5.8176E5	
264	-7.7126E-1	6.6803E1	4.2295E0	5.8398E5	
265	-7.6553E-1	7.5295E1	4.2233E0	5.8620E5	
266	-7.6965E-1	6.9181E1	4.2173E0	5.8842E5	
267	-7.6820E-1	7.1332E1	4.2110E0	5.9064E5	
268	-7.7003E-1	6.8615E1	4.2051E0	5.9286E5	
269	-7.6897E-1	7.0200E1	4.1990E0	5.9508E5	
270	-7.6843E-1	7.0993E1	4.1927E0	5.9730E5	
271	-7.7003E-1	6.8615E1	4.1865E0	5.9952E5	
272	-7.6790E-1	7.1785E1	4.1803E0	6.0174E5	
273	-7.7080E-1	6.7483E1	4.1743E0	6.0396E5	
274	-7.6851E-1	7.0879E1	4.1681E0	6.0618E5	
275	-7.6881E-1	7.0426E1	4.1620E0	6.0840E5	
276	-7.6775E-1	7.2012E1	4.1559E0	6.1062E5	
277	-7.6790E-1	7.1785E1	4.1496E0	6.1284E5	
278	-7.6752E-1	7.2351E1	4.1435E0	6.1506E5	
279	-7.6813E-1	7.1445E1	4.1373E0	6.1728E5	
280	-7.6668E-1	7.3597E1	4.1311E0	6.1950E5	
281	-7.6706E-1	7.3031E1	4.1248E0	6.2172E5	
282	-7.6622E-1	7.4276E1	4.1187E0	6.2394E5	
283	-7.6553E-1	7.5295E1	4.1125E0	6.2616E5	
284	-7.6668E-1	7.3597E1	4.1062E0	6.2838E5	
285	-7.6492E-1	7.6201E1	4.1002E0	6.3060E5	
286	-7.6630E-1	7.4163E1	4.0939E0	6.3282E5	
287	-7.6614E-1	7.4389E1	4.0878E0	6.3504E5	
288	-7.6416E-1	7.7333E1	4.0816E0	6.3726E5	
289	-7.6385E-1	7.7786E1	4.0753E0	6.3948E5	
290	-7.6408E-1	7.7446E1	4.0691E0	6.4170E5	
291	-7.6317E-1	7.8805E1	4.0629E0	6.4392E5	
292	-7.6660E-1	7.3710E1	4.0566E0	6.4614E5	
293	-7.6683E-1	7.3370E1	4.0504E0	6.4836E5	
294	-7.6485E-1	7.6314E1	4.0441E0	6.5058E5	
295	-7.6248E-1	7.9824E1	4.0379E0	6.5280E5	
296	-7.6347E-1	7.8352E1	4.0317E0	6.5502E5	
297	-7.6416E-1	7.7333E1	4.0255E0	6.5724E5	
298	-7.6302E-1	7.9032E1	4.0192E0	6.5946E5	
299	-7.6218E-1	8.0277E1	4.0129E0	6.6168E5	
300	-7.6500E-1	7.6088E1	4.0067E0	6.6390E5	
301	-7.6607E-1	7.4503E1	4.0004E0	6.6612E5	
302	-7.6118E-1	8.1749E1	3.9942E0	6.6834E5	
303	-7.6286E-1	7.9258E1	3.9879E0	6.7056E5	
304	-7.6279E-1	7.9371E1	3.9817E0	6.7278E5	
305	-7.6393E-1	7.7673E1	3.9754E0	6.7500E5	
306	-7.6210E-1	8.0390E1	3.9691E0	6.7722E5	
307	-7.6042E-1	8.2881E1	3.9628E0	6.7944E5	
308	-7.6271E-1	7.9485E1	3.9566E0	6.8166E5	
309	-7.6065E-1	8.2542E1	3.9504E0	6.8388E5	
310	-7.6073E-1	8.2428E1	3.9440E0	6.8610E5	
311	-7.6050E-1	8.2768E1	3.9376E0	6.8832E5	
312	-7.6080E-1	8.2315E1	3.9314E0	6.9054E5	
313	-7.6019E-1	8.3221E1	3.9251E0	6.9276E5	
314	-7.6118E-1	8.1749E1	3.9188E0	6.9498E5	
315	-7.6057E-1	8.2655E1	3.9125E0	6.9720E5	
316	-7.6126E-1	8.1636E1	3.9062E0	6.9942E5	
317	-7.6004E-1	8.3447E1	3.9000E0	7.0164E5	
318	-7.5668E-1	8.8429E1	3.8936E0	7.0386E5	
319	-7.5882E-1	8.5259E1	3.8872E0	7.0608E5	
320	-7.5798E-1	8.6505E1	3.8810E0	7.0830E5	
321	-7.5821E-1	8.6165E1	3.8746E0	7.1052E5	
322	-7.5737E-1	8.7410E1	3.8683E0	7.1274E5	
323	-7.6164E-1	8.1070E1	3.8619E0	7.1496E5	
324	-7.5760E-1	8.7071E1	3.8557E0	7.1718E5	
325	-7.6050E-1	8.2768E1	3.8493E0	7.1940E5	
326	-7.5768E-1	8.6957E1	3.8429E0	7.2162E5	
327	-7.5798E-1	8.6505E1	3.8366E0	7.2384E5	
328	-7.5653E-1	8.8656E1	3.8303E0	7.2606E5	
329	-7.5989E-1	8.3674E1	3.8239E0	7.2828E5	
330	-7.5783E-1	8.6731E1	3.8175E0	7.3050E5	
331	-7.5493E-1	9.1034E1	3.8112E0	7.3272E5	
332	-7.5798E-1	8.6505E1	3.8049E0	7.3494E5	
333	-7.5623E-1	8.9109E1	3.7984E0	7.3716E5	
334	-7.5966E-1	8.4014E1	3.7920E0	7.3938E5	
335	-7.5684E-1	8.8203E1	3.7857E0	7.4160E5	
336	-7.5508E-1	9.0807E1	3.7794E0	7.4382E5	
337	-7.5851E-1	8.5712E1	3.7729E0	7.4604E5	
338	-7.5447E-1	9.1713E1	3.7666E0	7.4826E5	
339	-7.5699E-1	8.7976E1	3.7602E0	7.5048E5	
340	-7.5706E-1	8.7863E1	3.7538E0	7.5270E5	
341	-7.5562E-1	9.0015E1	3.7474E0	7.5492E5	
342	-7.5317E-1	9.3638E1	3.7410E0	7.5714E5	
343	-7.5226E-1	9.4996E1	3.7346E0	7.5936E5	
344	-7.5722E-1	8.7637E1	3.7281E0	7.6158E5	
345	-7.5676E-1	8.8316E1	3.7218E0	7.6380E5	
346	-7.5317E-1	9.3638E1	3.7154E0	7.6602E5	
347	-7.5447E-1	9.1713E1	3.7089E0	7.6824E5	
348	-7.5409E-1	9.2279E1	3.7026E0	7.7046E5	
349	-7.5203E-1	9.5336E1	3.6961E0	7.7268E5	
350	-7.5294E-1	9.3977E1	3.6897E0	7.7490E5	
351	-7.5409E-1	9.2279E1	3.6833E0	7.7712E5	
352	-7.5500E-1	9.0920E1	3.6768E0	7.7934E5	
353	-7.5081E-1	9.7148E1	3.6704E0	7.8156E5	
354	-7.5424E-1	9.2053E1	3.6640E0	7.8378E5	
355	-7.5020E-1	9.8054E1	3.6575E0	7.8600E5	
356	-7.5218E-1	9.5110E1	3.6511E0	7.8822E5	
357	-7.5348E-1	9.3185E1	3.6446E0	7.9044E5	
358	-7.5150E-1	9.6129E1	3.6382E0	7.9266E5	
359	-7.5043E-1	9.7714E1	3.6317E0	7.9488E5	
360	-7.5150E-1	9.6129E1	3.6253E0	7.9710E5	
361	-7.5157E-1	9.6015E1	3.6188E0	7.9932E5	
362	-7.5020E-1	9.8054E1	3.6123E0	8.0154E5	
363	-7.5165E-1	9.5902E1	3.6059E0	8.0376E5	
364	-7.5005E-1	9.8280E1	3.5994E0	8.0598E5	
365	-7.4883E-1	1.0009E2	3.5929E0	8.0820E5	
366	-7.5081E-1	9.7148E1	3.5864E0	8.1042E5	
367	-7.5012E-1	9.8167E1	3.5799E0	8.1264E5	
368	-7.4760E-1	1.0190E2	3.5735E0	8.1486E5	
369	-7.4959E-1	9.8959E1	3.5670E0	8.1708E5	
370	-7.4837E-1	1.0077E2	3.5605E0	8.1930E5	
371	-7.4707E-1	1.0270E2	3.5540E0	8.2152E5	
372	-7.4776E-1	1.0168E2	3.5475E0	8.2374E5	
373	-7.4944E-1	9.9186E1	3.5409E0	8.2596E5	
374	-7.4600E-1	1.0428E2	3.5345E0	8.2818E5	
375	-7.4860E-1	1.0043E2	3.5280E0	8.3040E5	
376	-7.4860E-1	1.0043E2	3.5215E0	8.3262E5	
377	-7.4890E-1	9.9978E1	3.5149E0	8.3484E5	
378	-7.4806E-1	1.0122E2	3.5084E0	8.3706E5	
379	-7.4486E-1	1.0598E2	3.5019E0	8.3928E5	
380	-7.4768E-1	1.0179E2	3.4954E0	8.4150E5	
381	-7.4562E-1	1.0485E2	3.4888E0	8.4372E5	
382	-7.4493E-1	1.0587E2	3.4823E0	8.4594E5	
383	-7.4692E-1	1.0292E2	3.4758E0	8.4816E5	
384	-7.4402E-1	1.0722E2	3.4693E0	8.5038E5	
385	-7.4577E-1	1.0462E2	3.4627E0	8.5260E5	
386	-7.4638E-1	1.0371E2	3.4562E0	8.5482E5	
387	-7.4448E-1	1.0655E2	3.4496E0	8.5704E5	
388	-7.4638E-1	1.0371E2	3.4431E0	8.5926E5	
389	-7.4608E-1	1.0417E2	3.4366E0	8.6148E5	
390	-7.4486E-1	1.0598E2	3.4300E0	8.6370E5	
391	-7.4394E-1	1.0734E2	3.4234E0	8.6592E5	
392	-7.4455E-1	1.0643E2	3.4169E0	8.6814E5	
393	-7.4478E-1	1.0609E2	3.4103E0	8.7036E5	
394	-7.4440E-1	1.0666E2	3.4038E0	8.7258E5	
395	-7.4219E-1	1.0994E2	3.3972E0	8.7480E5	
396	-7.4242E-1	1.0960E2	3.3906E0	8.7702E5	
397	-7.4455E-1	1.0643E2	3.3841E0	8.7924E5	
398	-7.4295E-1	1.0881E2	3.3775E0	8.8146E5	
399	-7.4181E-1	1.1051E2	3.3709E0	8.8368E5	
400	-7.4104E-1	1.1164E2	3.3642E0	8.8590E5	
401	-7.4196E-1	1.1028E2	3.3577E0	8.8812E5	
402	-7.4310E-1	1.0858E2	3.3511E0	8.9034E5	
403	-7.4211E-1	1.1006E2	3.3445E0	8.9256E5	
404	-7.4356E-1	1.0790E2	3.3379E0	8.9478E5	
405	-7.4257E-1	1.0938E2	3.3312E0	8.9700E5	
406	-7.4257E-1	1.0938E2	3.3247E0	8.9922E5	
407	-7.4097E-1	1.1175E2	3.3180E0	9.0144E5	
408	-7.4074E-1	1.1209E2	3.3115E0	9.0366E5	
409	-7.3975E-1	1.1357E2	3.3049E0	9.0588E5	
410	-7.3898E-1	1.1470E2	3.2982E0	9.0810E5	
411	-7.3982E-1	1.1345E2	3.2916E0	9.1032E5	
412	-7.4089E-1	1.1187E2	3.2849E0	9.1254E5	
413	-7.3898E-1	1.1470E2	3.2783E0	9.1476E5	
414	-7.3997E-1	1.1323E2	3.2718E0	9.1698E5	
415	-7.4142E-1	1.1107E2	3.2651E0	9.1920E5	
416	-7.3982E-1	1.1345E2	3.2586E0	9.2142E5	
417	-7.3936E-1	1.1413E2	3.2518E0	9.2364E5	
418	-7.3814E-1	1.1594E2	3.2453E0	9.2586E5	
419	-7.3776E-1	1.1651E2	3.2386E0	9.2808E5	
420	-7.3639E-1	1.1855E2	3.2320E0	9.3030E5	
421	-7.3738E-1	1.1708E2	3.2252E0	9.3252E5	
422	-7.3929E-1	1.1424E2	3.2186E0	9.3474E5	
423	-7.3799E-1	1.1617E2	3.2119E0	9.3696E5	
424	-7.3593E-1	1.1923E2	3.2052E0	9.3918E5	
425	-7.3677E-1	1.1798E2	3.1987E0	9.4140E5	
426	-7.3616E-1	1.1889E2	3.1920E0	9.4362E5	
427	-7.3723E-1	1.1730E2	3.1853E0	9.4584E5	
428	-7.3517E-1	1.2036E2	3.1787E0	9.4806E5	
429	-7.3326E-1	1.2319E2	3.1720E0	9.5028E5	
430	-7.3486E-1	1.2081E2	3.1652E0	9.5250E5	
431	-7.3685E-1	1.1787E2	3.1586E0	9.5472E5	
432	-7.3647E-1	1.1843E2	3.1520E0	9.5694E5	
433	-7.3517E-1	1.2036E2	3.1451E0	9.5916E5	
434	-7.3296E-1	1.2364E2	3.1385E0	9.6138E5	
435	-7.3547E-1	1.1991E2	3.1319E0	9.6360E5	
436	-7.3288E-1	1.2376E2	3.1252E0	9.6582E5	
437	-7.3517E-1	1.2036E2	3.1185E0	9.6804E5	
438	-7.3509E-1	1.2047E2	3.1117E0	9.7026E5	
439	-7.3372E-1	1.2251E2	3.1051E0	9.7248E5	
440	-7.3357E-1	1.2274E2	3.0984E0	9.7470E5	
441	-7.3624E-1	1.1877E2	3.0917E0	9.7692E5	
442	-7.3280E-1	1.2387E2	3.0849E0	9.7914E5	
443	-7.3395E-1	1.2217E2	3.0783E0	9.8136E5	
444	-7.3265E-1	1.2410E2	3.0716E0	9.8358E5	
445	-7.3303E-1	1.2353E2	3.0648E0	9.8580E5	
446	-7.3090E-1	1.2670E2	3.0581E0	9.8802E5	
447	-7.3158E-1	1.2568E2	3.0513E0	9.9024E5	
448	-7.3112E-1	1.2636E2	3.0447E0	9.9246E5	
449	-7.2830E-1	1.3055E2	3.0380E0	9.9468E5	
450	-7.3120E-1	1.2625E2	3.0311E0	9.9690E5	
451	-7.3311E-1	1.2342E2	3.0243E0	9.9912E5	
452	-7.3135E-1	1.2602E2	3.0177E0	1.0013E6	
453	-7.2922E-1	1.2919E2	3.0110E0	1.0036E6	
454	-7.2952E-1	1.2874E2	3.0043E0	1.0058E6	
455	-7.3013E-1	1.2783E2	2.9975E0	1.0080E6	
456	-7.2983E-1	1.2828E2	2.9908E0	1.0102E6	
457	-7.3021E-1	1.2772E2	2.9840E0	1.0124E6	
458	-7.3059E-1	1.2715E2	2.9772E0	1.0147E6	
459	-7.2784E-1	1.3123E2	2.9704E0	1.0169E6	
460	-7.3013E-1	1.2783E2	2.9637E0	1.0191E6	
461	-7.3128E-1	1.2613E2	2.9569E0	1.0213E6	
462	-7.2922E-1	1.2919E2	2.9502E0	1.0235E6	
463	-7.2815E-1	1.3078E2	2.9434E0	1.0258E6	
464	-7.3074E-1	1.2693E2	2.9366E0	1.0280E6	
465	-7.2830E-1	1.3055E2	2.9298E0	1.0302E6	
466	-7.2815E-1	1.3078E2	2.9232E0	1.0324E6	
467	-7.2876E-1	1.2987E2	2.9162E0	1.0346E6	
468	-7.2617E-1	1.3372E2	2.9095E0	1.0369E6	
469	-7.2746E-1	1.3179E2	2.9028E0	1.0391E6	
470	-7.2693E-1	1.3259E2	2.8959E0	1.0413E6	
471	-7.2678E-1	1.3281E2	2.8892E0	1.0435E6	
472	-7.2708E-1	1.3236E2	2.8824E0	1.0457E6	
473	-7.2853E-1	1.3021E2	2.8756E0	1.0480E6	
474	-7.2517E-1	1.3519E2	2.8689E0	1.0502E6	
475	-7.2746E-1	1.3179E2	2.8620E0	1.0524E6	
476	-7.2708E-1	1.3236E2	2.8551E0	1.0546E6	
477	-7.2853E-1	1.3021E2	2.8484E0	1.0568E6	
478	-7.2884E-1	1.2976E2	2.8416E0	1.0591E6	
479	-7.2495E-1	1.3553E2	2.8347E0	1.0613E6	
480	-7.2617E-1	1.3372E2	2.8279E0	1.0635E6	
481	-7.2502E-1	1.3542E2	2.8211E0	1.0657E6	
482	-7.2350E-1	1.3768E2	2.8144E0	1.0679E6	
483	-7.2456E-1	1.3610E2	2.8074E0	1.0702E6	
484	-7.2533E-1	1.3497E2	2.8006E0	1.0724E6	
485	-7.2632E-1	1.3349E2	2.7937E0	1.0746E6	
486	-7.2639E-1	1.3338E2	2.7871E0	1.0768E6	
487	-7.2319E-1	1.3814E2	2.7801E0	1.0790E6	
488	-7.2495E-1	1.3553E2	2.7732E0	1.0813E6	
489	-7.2266E-1	1.3893E2	2.7665E0	1.0835E6	
490	-7.2014E-1	1.4266E2	2.7596E0	1.0857E6	
491	-7.2197E-1	1.3995E2	2.7528E0	1.0879E6	
492	-7.2319E-1	1.3814E2	2.7459E0	1.0901E6	
493	-7.2342E-1	1.3780E2	2.7391E0	1.0924E6	
494	-7.2105E-1	1.4131E2	2.7322E0	1.0946E6	
495	-7.2296E-1	1.3848E2	2.7254E0	1.0968E6	
496	-7.2151E-1	1.4063E2	2.7186E0	1.0990E6	
497	-7.1915E-1	1.4414E2	2.7117E0	1.1012E6	
498	-7.2128E-1	1.4097E2	2.7049E0	1.1035E6	
499	-7.2075E-1	1.4176E2	2.6980E0	1.1057E6	
500	-7.1945E-1	1.4368E2	2.6911E0	1.1079E6	
501	-7.1991E-1	1.4300E2	2.6842E0	1.1101E6	
502	-7.2067E-1	1.4187E2	2.6775E0	1.1123E6	
503	-7.2006E-1	1.4278E2	2.6704E0	1.1146E6	
504	-7.1724E-1	1.4697E2	2.6637E0	1.1168E6	
505	-7.1953E-1	1.4357E2	2.6568E0	1.1190E6	
506	-7.1983E-1	1.4312E2	2.6499E0	1.1212E6	
507	-7.2006E-1	1.4278E2	2.6430E0	1.1234E6	
508	-7.1594E-1	1.4889E2	2.6361E0	1.1257E6	
509	-7.1915E-1	1.4414E2	2.6292E0	1.1279E6	
510	-7.1678E-1	1.4765E2	2.6223E0	1.1301E6	
511	-7.1785E-1	1.4606E2	2.6154E0	1.1323E6	
512	-7.1732E-1	1.4685E2	2.6086E0	1.1345E6	
513	-7.1732E-1	1.4685E2	2.6018E0	1.1368E6	
514	-7.1823E-1	1.4550E2	2.5947E0	1.1390E6	
515	-7.1617E-1	1.4855E2	2.5879E0	1.1412E6	
516	-7.1686E-1	1.4753E2	2.5810E0	1.1434E6	
517	-7.1815E-1	1.4561E2	2.5740E0	1.1456E6	
518	-7.1541E-1	1.4968E2	2.5672E0	1.1479E6	
519	-7.1564E-1	1.4934E2	2.5603E0	1.1501E6	
520	-7.1968E-1	1.4334E2	2.5534E0	1.1523E6	
521	-7.1426E-1	1.5138E2	2.5464E0	1.1545E6	
522	-7.1526E-1	1.4991E2	2.5396E0	1.1567E6	
523	-7.1724E-1	1.4697E2	2.5326E0	1.1590E6	
524	-7.1434E-1	1.5127E2	2.5257E0	1.1612E6	
525	-7.1571E-1	1.4923E2	2.5187E0	1.1634E6	
526	-7.1373E-1	1.5218E2	2.5119E0	1.1656E6	
527	-7.1335E-1	1.5274E2	2.5050E0	1.1678E6	
528	-7.1327E-1	1.5285E2	2.4980E0	1.1701E6	
529	-7.1587E-1	1.4901E2	2.4910E0	1.1723E6	
530	-7.1404E-1	1.5172E2	2.4841E0	1.1745E6	
531	-7.1304E-1	1.5319E2	2.4772E0	1.1767E6	
532	-7.1579E-1	1.4912E2	2.4702E0	1.1789E6	
533	-7.1259E-1	1.5387E2	2.4632E0	1.1812E6	
534	-7.1480E-1	1.5059E2	2.4563E0	1.1834E6	
535	-7.1182E-1	1.5501E2	2.4495E0	1.1856E6	
536	-7.1190E-1	1.5489E2	2.4425E0	1.1878E6	
537	-7.1281E-1	1.5353E2	2.4354E0	1.1900E6	
538	-7.0992E-1	1.5784E2	2.4286E0	1.1923E6	
539	-7.1373E-1	1.5218E2	2.4216E0	1.1945E6	
540	-7.1014E-1	1.5750E2	2.4147E0	1.1967E6	
541	-7.0976E-1	1.5806E2	2.4076E0	1.1989E6	
542	-7.1068E-1	1.5670E2	2.4007E0	1.2011E6	
543	-7.0900E-1	1.5920E2	2.3938E0	1.2034E6	
544	-7.1175E-1	1.5512E2	2.3868E0	1.2056E6	
545	-7.1083E-1	1.5648E2	2.3798E0	1.2078E6	
546	-7.1136E-1	1.5569E2	2.3729E0	1.2100E6	
547	-7.1068E-1	1.5670E2	2.3659E0	1.2122E6	
548	-7.0938E-1	1.5863E2	2.3590E0	1.2145E6	
549	-7.0862E-1	1.5976E2	2.3520E0	1.2167E6	
550	-7.0969E-1	1.5818E2	2.3450E0	1.2189E6	
551	-7.1259E-1	1.5387E2	2.3380E0	1.2211E6	
552	-7.0976E-1	1.5806E2	2.3311E0	1.2233E6	
553	-7.1030E-1	1.5727E2	2.3240E0	1.2256E6	
554	-7.0892E-1	1.5931E2	2.3171E0	1.2278E6	
555	-7.1030E-1	1.5727E2	2.3101E0	1.2300E6	
556	-7.0793E-1	1.6078E2	2.3031E0	1.2322E6	
557	-7.1022E-1	1.5738E2	2.2961E0	1.2344E6	
558	-7.0824E-1	1.6033E2	2.2890E0	1.2367E6	
559	-7.0618E-1	1.6338E2	2.2821E0	1.2389E6	
560	-7.0839E-1	1.6010E2	2.2751E0	1.2411E6	
561	-7.0679E-1	1.6248E2	2.2680E0	1.2433E6	
562	-7.0549E-1	1.6440E2	2.2610E0	1.2455E6	
563	-7.0694E-1	1.6225E2	2.2540E0	1.2478E6	
564	-7.0885E-1	1.5942E2	2.2470E0	1.2500E6	
565	-7.0488E-1	1.6531E2	2.2400E0	1.2522E6	
566	-7.0503E-1	1.6508E2	2.2330E0	1.2544E6	
567	-7.0671E-1	1.6259E2	2.2260E0	1.2566E6	
568	-7.0602E-1	1.6361E2	2.2191E0	1.2589E6	
569	-7.0587E-1	1.6384E2	2.2120E0	1.2611E6	
570	-7.0374E-1	1.6701E2	2.2049E0	1.2633E6	
571	-7.0259E-1	1.6871E2	2.1979E0	1.2655E6	
572	-7.0465E-1	1.6565E2	2.1910E0	1.2677E6	
573	-7.0442E-1	1.6599E2	2.1839E0	1.2700E6	
574	-7.0389E-1	1.6678E2	2.1769E0	1.2722E6	
575	-7.0312E-1	1.6791E2	2.1699E0	1.2744E6	
576	-7.0290E-1	1.6825E2	2.1628E0	1.2766E6	
577	-7.0206E-1	1.6950E2	2.1558E0	1.2788E6	
578	-7.0305E-1	1.6803E2	2.1488E0	1.2811E6	
579	-7.0190E-1	1.6973E2	2.1417E0	1.2833E6	
580	-7.0457E-1	1.6576E2	2.1348E0	1.2855E6	
581	-7.0412E-1	1.6644E2	2.1276E0	1.2877E6	
582	-7.0267E-1	1.6859E2	2.1206E0	1.2899E6	
583	-7.0030E-1	1.7210E2	2.1135E0	1.2922E6	
584	-7.0183E-1	1.6984E2	2.1064E0	1.2944E6	
585	-7.0343E-1	1.6746E2	2.0995E0	1.2966E6	
586	-6.9962E-1	1.7312E2	2.0924E0	1.2988E6	
587	-7.0053E-1	1.7176E2	2.0853E0	1.3010E6	
588	-6.9946E-1	1.7335E2	2.0783E0	1.3033E6	
589	-6.9962E-1	1.7312E2	2.0712E0	1.3055E6	
590	-6.9939E-1	1.7346E2	2.0641E0	1.3077E6	
591	-7.0053E-1	1.7176E2	2.0570E0	1.3099E6	
592	-6.9946E-1	1.7335E2	2.0500E0	1.3121E6	
593	-6.9962E-1	1.7312E2	2.0430E0	1.3144E6	
594	-7.0068E-1	1.7154E2	2.0359E0	1.3166E6	
595	-6.9954E-1	1.7324E2	2.0288E0	1.3188E6	
596	-7.0000E-1	1.7256E2	2.0217E0	1.3210E6	
597	-7.0015E-1	1.7233E2	2.0148E0	1.3232E6	
598	-6.9847E-1	1.7482E2	2.0076E0	1.3255E6	
599	-6.9885E-1	1.7425E2	2.0006E0	1.3277E6	
600	-6.9954E-1	1.7324E2	1.9935E0	1.3299E6	
601	-6.9855E-1	1.7471E2	1.9865E0	1.3321E6	
602	-6.9862E-1	1.7459E2	1.9794E0	1.3343E6	
603	-7.0099E-1	1.7108E2	1.9723E0	1.3366E6	
604	-6.9832E-1	1.7505E2	1.9652E0	1.3388E6	
605	-6.9527E-1	1.7958E2	1.9581E0	1.3410E6	
606	-6.9809E-1	1.7539E2	1.9510E0	1.3432E6	
607	-6.9687E-1	1.7720E2	1.9440E0	1.3454E6	
608	-6.9672E-1	1.7742E2	1.9369E0	1.3477E6	
609	-6.9313E-1	1.8275E2	1.9297E0	1.3499E6	
610	-6.9748E-1	1.7629E2	1.9227E0	1.3521E6	
611	-6.9946E-1	1.7335E2	1.9155E0	1.3543E6	
612	-6.9534E-1	1.7946E2	1.9085E0	1.3565E6	
613	-6.9511E-1	1.7980E2	1.9014E0	1.3588E6	
614	-6.9496E-1	1.8003E2	1.8943E0	1.3610E6	
615	-6.9473E-1	1.8037E2	1.8872E0	1.3632E6	
616	-6.9588E-1	1.7867E2	1.8801E0	1.3654E6	
617	-6.9504E-1	1.7992E2	1.8730E0	1.3676E6	
618	-6.9504E-1	1.7992E2	1.8659E0	1.3699E6	
619	-6.9138E-1	1.8535E2	1.8588E0	1.3721E6	
620	-6.9351E-1	1.8218E2	1.8518E0	1.3743E6	
621	-6.9489E-1	1.8014E2	1.8446E0	1.3765E6	
622	-6.9221E-1	1.8411E2	1.8375E0	1.3787E6	
623	-6.9260E-1	1.8354E2	1.8304E0	1.3810E6	
624	-6.9221E-1	1.8411E2	1.8232E0	1.3832E6	
625	-6.9267E-1	1.8343E2	1.8161E0	1.3854E6	
626	-6.9336E-1	1.8241E2	1.8090E0	1.3876E6	
627	-6.9389E-1	1.8161E2	1.8018E0	1.3898E6	
628	-6.9069E-1	1.8637E2	1.7948E0	1.3921E6	
629	-6.9183E-1	1.8467E2	1.7876E0	1.3943E6	
630	-6.9031E-1	1.8694E2	1.7806E0	1.3965E6	
631	-6.9229E-1	1.8399E2	1.7735E0	1.3987E6	
632	-6.9069E-1	1.8637E2	1.7663E0	1.4009E6	
633	-6.9168E-1	1.8490E2	1.7592E0	1.4032E6	
634	-6.8924E-1	1.8852E2	1.7520E0	1.4054E6	
635	-6.9023E-1	1.8705E2	1.7449E0	1.4076E6	
636	-6.8977E-1	1.8773E2	1.7378E0	1.4098E6	
637	-6.8855E-1	1.8954E2	1.7305E0	1.4120E6	
638	-6.8810E-1	1.9022E2	1.7235E0	1.4143E6	
639	-6.9099E-1	1.8592E2	1.7164E0	1.4165E6	
640	-6.8771E-1	1.9079E2	1.7092E0	1.4187E6	
641	-6.8710E-1	1.9169E2	1.7021E0	1.4209E6	
642	-6.8916E-1	1.8863E2	1.6949E0	1.4231E6	
643	-6.8962E-1	1.8795E2	1.6877E0	1.4254E6	
644	-6.8779E-1	1.9067E2	1.6807E0	1.4276E6	
645	-6.8726E-1	1.9146E2	1.6735E0	1.4298E6	
646	-6.8604E-1	1.9328E2	1.6664E0	1.4320E6	
647	-6.8954E-1	1.8807E2	1.6592E0	1.4342E6	
648	-6.8680E-1	1.9214E2	1.6521E0	1.4365E6	
649	-6.8787E-1	1.9056E2	1.6449E0	1.4387E6	
650	-6.8733E-1	1.9135E2	1.6378E0	1.4409E6	
651	-6.8626E-1	1.9294E2	1.6307E0	1.4431E6	
652	-6.8672E-1	1.9226E2	1.6235E0	1.4453E6	
653	-6.8459E-1	1.9543E2	1.6163E0	1.4476E6	
654	-6.8573E-1	1.9373E2	1.6091E0	1.4498E6	
655	-6.8741E-1	1.9124E2	1.6020E0	1.4520E6	
656	-6.8474E-1	1.9520E2	1.5949E0	1.4542E6	
657	-6.8489E-1	1.9497E2	1.5877E0	1.4564E6	
658	-6.8481E-1	1.9509E2	1.5806E0	1.4587E6	
659	-6.8588E-1	1.9350E2	1.5734E0	1.4609E6	
660	-6.8428E-1	1.9588E2	1.5663E0	1.4631E6	
661	-6.8375E-1	1.9667E2	1.5591E0	1.4653E6	
662	-6.8199E-1	1.9928E2	1.5519E0	1.4675E6	
663	-6.8390E-1	1.9645E2	1.5447E0	1.4698E6	
664	-6.8367E-1	1.9679E2	1.5376E0	1.4720E6	
665	-6.8489E-1	1.9497E2	1.5304E0	1.4742E6	
666	-6.8192E-1	1.9939E2	1.5232E0	1.4764E6	
667	-6.8367E-1	1.9679E2	1.5161E0	1.4786E6	
668	-6.8283E-1	1.9803E2	1.5089E0	1.4809E6	
669	-6.8199E-1	1.9928E2	1.5017E0	1.4831E6	
670	-6.8497E-1	1.9486E2	1.4945E0	1.4853E6	
671	-6.8245E-1	1.9860E2	1.4874E0	1.4875E6	
672	-6.8314E-1	1.9758E2	1.4804E0	1.4897E6	
673	-6.8161E-1	1.9984E2	1.4731E0	1.4920E6	
674	-6.8115E-1	2.0052E2	1.4659E0	1.4942E6	
675	-6.8138E-1	2.0018E2	1.4588E0	1.4964E6	
676	-6.8031E-1	2.0177E2	1.4516E0	1.4986E6	
677	-6.8047E-1	2.0154E2	1.4444E0	1.5008E6	
678	-6.8184E-1	1.9950E2	1.4372E0	1.5031E6	
679	-6.7978E-1	2.0256E2	1.4300E0	1.5053E6	
680	-6.8008E-1	2.0211E2	1.4228E0	1.5075E6	
681	-6.7802E-1	2.0517E2	1.4157E0	1.5097E6	
682	-6.8085E-1	2.0098E2	1.4086E0	1.5119E6	
683	-6.7978E-1	2.0256E2	1.4014E0	1.5142E6	
684	-6.8031E-1	2.0177E2	1.3941E0	1.5164E6	
685	-6.8008E-1	2.0211E2	1.3869E0	1.5186E6	
686	-6.7696E-1	2.0675E2	1.3798E0	1.5208E6	
687	-6.7848E-1	2.0449E2	1.3726E0	1.5230E6	
688	-6.7856E-1	2.0437E2	1.3655E0	1.5253E6	
689	-6.7665E-1	2.0720E2	1.3581E0	1.5275E6	
690	-6.7436E-1	2.1060E2	1.3511E0	1.5297E6	
691	-6.7627E-1	2.0777E2	1.3439E0	1.5319E6	
692	-6.7657E-1	2.0732E2	1.3368E0	1.5341E6	
693	-6.8062E-1	2.0132E2	1.3295E0	1.5364E6	
694	-6.7703E-1	2.0664E2	1.3223E0	1.5386E6	
695	-6.7451E-1	2.1037E2	1.3151E0	1.5408E6	
696	-6.7764E-1	2.0573E2	1.3080E0	1.5430E6	
697	-6.7459E-1	2.1026E2	1.3008E0	1.5452E6	
698	-6.7307E-1	2.1252E2	1.2936E0	1.5475E6	
699	-6.7429E-1	2.1071E2	1.2863E0	1.5497E6	
700	-6.7604E-1	2.0811E2	1.2793E0	1.5519E6	
701	-6.7482E-1	2.0992E2	1.2720E0	1.5541E6	
702	-6.7619E-1	2.0788E2	1.2648E0	1.5563E6	
703	-6.7398E-1	2.1117E2	1.2576E0	1.5586E6	
704	-6.7421E-1	2.1083E2	1.2504E0	1.5608E6	
705	-6.7551E-1	2.0890E2	1.2432E0	1.5630E6	
706	-6.7177E-1	2.1445E2	1.2360E0	1.5652E6	
707	-6.7551E-1	2.0890E2	1.2288E0	1.5674E6	
708	-6.7139E-1	2.1502E2	1.2217E0	1.5697E6	
709	-6.7101E-1	2.1558E2	1.2144E0	1.5719E6	
710	-6.7390E-1	2.1128E2	1.2073E0	1.5741E6	
711	-6.7482E-1	2.0992E2	1.2001E0	1.5763E6	
712	-6.7383E-1	2.1139E2	1.1930E0	1.5785E6	
713	-6.7337E-1	2.1207E2	1.1857E0	1.5808E6	
714	-6.7368E-1	2.1162E2	1.1785E0	1.5830E6	
715	-6.7398E-1	2.1117E2	1.1714E0	1.5852E6	
716	-6.7299E-1	2.1264E2	1.1641E0	1.5874E6	
717	-6.7352E-1	2.1185E2	1.1570E0	1.5896E6	
718	-6.7253E-1	2.1332E2	1.1498E0	1.5919E6	
719	-6.7146E-1	2.1490E2	1.1425E0	1.5941E6	
720	-6.7184E-1	2.1434E2	1.1354E0	1.5963E6	
721	-7.0938E-1	1.5863E2	1.1282E0	1.5985E6	
722	-7.0305E-1	1.6803E2	1.1210E0	1.6007E6	
723	-6.9359E-1	1.8207E2	1.1139E0	1.6030E6	
724	-6.8878E-1	1.8920E2	1.1066E0	1.6052E6	
725	-6.7917E-1	2.0347E2	1.0994E0	1.6074E6	
726	-6.6811E-1	2.1988E2	1.0921E0	1.6096E6	
727	-6.6147E-1	2.2974E2	1.0850E0	1.6118E6	
728	-6.5300E-1	2.4230E2	1.0778E0	1.6141E6	
729	-6.4499E-1	2.5419E2	1.0706E0	1.6163E6	
730	-6.3957E-1	2.6223E2	1.0634E0	1.6185E6	
731	-6.3164E-1	2.7401E2	1.0562E0	1.6207E6	
732	-6.2737E-1	2.8035E2	1.0491E0	1.6229E6	
733	-6.2027E-1	2.9088E2	1.0418E0	1.6252E6	
734	-6.1493E-1	2.9880E2	1.0346E0	1.6274E6	
735	-6.0791E-1	3.0922E2	1.0275E0	1.6296E6	
736	-6.0547E-1	3.1284E2	1.0203E0	1.6318E6	
737	-5.9914E-1	3.2224E2	1.0131E0	1.6340E6	
738	-5.9639E-1	3.2632E2	1.0059E0	1.6363E6	
739	-5.9105E-1	3.3424E2	9.9871E-1	1.6385E6	
740	-5.8678E-1	3.4058E2	9.9151E-1	1.6407E6	
741	-5.8830E-1	3.3832E2	9.8430E-1	1.6429E6	
742	-5.8197E-1	3.4772E2	9.7701E-1	1.6451E6	
743	-5.7800E-1	3.5360E2	9.6985E-1	1.6474E6	
744	-5.7510E-1	3.5791E2	9.6272E-1	1.6496E6	
745	-5.7236E-1	3.6198E2	9.5556E-1	1.6518E6	
746	-5.6549E-1	3.7217E2	9.4834E-1	1.6540E6	
747	-5.6152E-1	3.7806E2	9.4108E-1	1.6562E6	
748	-5.5443E-1	3.8859E2	9.3392E-1	1.6585E6	
749	-5.5275E-1	3.9108E2	9.2676E-1	1.6607E6	
750	-5.4276E-1	4.0591E2	9.1959E-1	1.6629E6	
751	-5.4268E-1	4.0603E2	9.1234E-1	1.6651E6	
752	-5.3490E-1	4.1758E2	9.0512E-1	1.6673E6	
753	-5.3169E-1	4.2233E2	8.9790E-1	1.6696E6	
754	-5.2963E-1	4.2539E2	8.9080E-1	1.6718E6	
755	-5.1926E-1	4.4079E2	8.8370E-1	1.6740E6	
756	-5.0957E-1	4.5517E2	8.7647E-1	1.6762E6	
757	-5.0484E-1	4.6219E2	8.6928E-1	1.6784E6	
758	-4.9797E-1	4.7238E2	8.6213E-1	1.6807E6	
759	-4.9469E-1	4.7725E2	8.5489E-1	1.6829E6	
760	-4.8637E-1	4.8959E2	8.4767E-1	1.6851E6	
761	-4.8553E-1	4.9083E2	8.4045E-1	1.6873E6	
762	-4.8050E-1	4.9831E2	8.3338E-1	1.6895E6	
763	-4.7379E-1	5.0827E2	8.2611E-1	1.6918E6	
764	-4.6684E-1	5.1857E2	8.1899E-1	1.6940E6	
765	-4.5532E-1	5.3567E2	8.1185E-1	1.6962E6	
766	-4.5052E-1	5.4280E2	8.0462E-1	1.6984E6	
767	-4.4449E-1	5.5175E2	7.9736E-1	1.7006E6	
768	-4.3976E-1	5.5877E2	7.9026E-1	1.7029E6	
769	-4.3510E-1	5.6568E2	7.8312E-1	1.7051E6	
770	-4.3129E-1	5.7134E2	7.7591E-1	1.7073E6	
771	-4.2465E-1	5.8119E2	7.6876E-1	1.7095E6	
772	-4.1267E-1	5.9896E2	7.6157E-1	1.7117E6	
773	-4.0779E-1	6.0621E2	7.5443E-1	1.7140E6	
774	-4.0237E-1	6.1425E2	7.4721E-1	1.7162E6	
775	-3.9062E-1	6.3169E2	7.4006E-1	1.7184E6	
776	-3.7941E-1	6.4833E2	7.3286E-1	1.7206E6	
777	-3.7460E-1	6.5546E2	7.2573E-1	1.7228E6	
778	-3.5896E-1	6.7868E2	7.1868E-1	1.7251E6	
779	-3.4485E-1	6.9962E2	7.1138E-1	1.7273E6	
780	-3.3066E-1	7.2068E2	7.0426E-1	1.7295E6	
781	-3.2257E-1	7.3268E2	6.9707E-1	1.7317E6	
782	-3.1906E-1	7.3789E2	6.9260E-1	1.7331E6	
783	-3.1868E-1	7.3846E2	6.9198E-1	1.7333E6	
784	-3.1700E-1	7.4095E2	6.9168E-1	1.7334E6	
785	-3.1387E-1	7.4559E2	6.9159E-1	1.7334E6	
786	-3.1387E-1	7.4559E2	6.9159E-1	1.7334E6	
787	-3.1387E-1	7.4559E2	6.9159E-1	1.7334E6	
788	-3.1387E-1	7.4559E2	6.9159E-1	1.7334E6	
789	-3.1387E-1	7.4559E2	6.9159E-1	1.7334E6	
790	-3.1387E-1	7.4559E2	6.9159E-1	1.7334E6	
791	-3.1387E-1	7.4559E2	6.9159E-1	1.7334E6	
792	-3.1387E-1	7.4559E2	6.9159E-1	1.7334E6	
793	-3.1387E-1	7.4559E2	6.9159E-1	1.7334E6	
794	-3.1387E-1	7.4559E2	6.9159E-1	1.7334E6	
795	-3.1387E-1	7.4559E2	6.9159E-1	1.7334E6	
796	-3.1387E-1	7.4559E2	6.9159E-1	1.7334E6	
797	-3.1387E-1	7.4559E2	6.9159E-1	1.7334E6	
798	-3.1387E-1	7.4559E2	6.9159E-1	1.7334E6	
799	-3.1387E-1	7.4559E2	6.9159E-1	1.7334E6	
800	-3.1387E-1	7.4559E2	6.9159E-1	1.7334E6	
801	-3.1387E-1	7.4559E2	6.9159E-1	1.7334E6	
802	-3.1387E-1	7.4559E2	6.9159E-1	1.7334E6	
803	-3.1387E-1	7.4559E2	6.9159E-1	1.7334E6	
804	-3.1387E-1	7.4559E2	6.9159E-1	1.7334E6	
805	-3.1387E-1	7.4559E2	6.9159E-1	1.7334E6	
806	-3.1387E-1	7.4559E2	6.9159E-1	1.7334E6	
807	-3.1387E-1	7.4559E2	6.9159E-1	1.7334E6	
808	-3.1387E-1	7.4559E2	6.9159E-1	1.7334E6	
809	-3.1387E-1	7.4559E2	6.9159E-1	1.7334E6	
810	-3.1387E-1	7.4559E2	6.9159E-1	1.7334E6	
811	-3.1387E-1	7.4559E2	6.9159E-1	1.7334E6	
812	-3.1387E-1	7.4559E2	6.9159E-1	1.7334E6	
813	-3.1387E-1	7.4559E2	6.9159E-1	1.7334E6	
814	-3.1387E-1	7.4559E2	6.9159E-1	1.7334E6	
815	-3.1387E-1	7.4559E2	6.9159E-1	1.7334E6	
816	-3.1387E-1	7.4559E2	6.9159E-1	1.7334E6	
817	-3.1387E-1	7.4559E2	6.9159E-1	1.7334E6	
818	-3.1387E-1	7.4559E2	6.9159E-1	1.7334E6	
819	-3.1387E-1	7.4559E2	6.9159E-1	1.7334E6	
820	-3.1387E-1	7.4559E2	6.9159E-1	1.7334E6	
821	-3.1387E-1	7.4559E2	6.9159E-1	1.7334E6	
822	-3.1387E-1	7.4559E2	6.9159E-1	1.7334E6	
823	-3.1387E-1	7.4559E2	6.9159E-1	1.7334E6	
824	-3.1387E-1	7.4559E2	6.9159E-1	1.7334E6	
825	-3.1387E-1	7.4559E2	6.9159E-1	1.7334E6	
826	-3.1387E-1	7.4559E2	6.9159E-1	1.7334E6	
827	-3.1387E-1	7.4559E2	6.9159E-1	1.7334E6	
828	-3.1387E-1	7.4559E2	6.9159E-1	1.7334E6	
829	-3.1387E-1	7.4559E2	6.9159E-1	1.7334E6	
830	-3.1387E-1	7.4559E2	6.9159E-1	1.7334E6	
831	-3.1387E-1	7.4559E2	6.9159E-1	1.7334E6	
832	-3.1387E-1	7.4559E2	6.9159E-1	1.7334E6	
833	-3.1387E-1	7.4559E2	6.9159E-1	1.7334E6	
834	-3.1387E-1	7.4559E2	6.9159E-1	1.7334E6	
835	-3.1387E-1	7.4559E2	6.9159E-1	1.7334E6	
836	-3.1387E-1	7.4559E2	6.9159E-1	1.7334E6	
837	-3.1387E-1	7.4559E2	6.9159E-1	1.7334E6	
838	-3.1387E-1	7.4559E2	6.9159E-1	1.7334E6	
839	-3.1387E-1	7.4559E2	6.9159E-1	1.7334E6	
840	-3.1387E-1	7.4559E2	6.9159E-1	1.7334E6	
841	-3.1387E-1	7.4559E2	6.9159E-1	1.7334E6	
842	-3.1387E-1	7.4559E2	6.9159E-1	1.7334E6	
843	-3.1387E-1	7.4559E2	6.9159E-1	1.7334E6	
844	-3.1387E-1	7.4559E2	6.9159E-1	1.7334E6	
845	-3.1387E-1	7.4559E2	6.9159E-1	1.7334E6	
846	-3.1387E-1	7.4559E2	6.9159E-1	1.7334E6	
847	-3.1387E-1	7.4559E2	6.9159E-1	1.7334E6	
848	-3.1387E-1	7.4559E2	6.9159E-1	1.7334E6	
849	-3.1387E-1	7.4559E2	6.9159E-1	1.7334E6	
850	-3.1387E-1	7.4559E2	6.9159E-1	1.7334E6	
851	-3.1387E-1	7.4559E2	6.9159E-1	1.7334E6	
852	-3.1387E-1	7.4559E2	6.9159E-1	1.7334E6	
853	-3.1387E-1	7.4559E2	6.9159E-1	1.7334E6	
854	-3.1387E-1	7.4559E2	6.9159E-1	1.7334E6	
855	-3.1387E-1	7.4559E2	6.9159E-1	1.7334E6	
856	-3.1387E-1	7.4559E2	6.9159E-1	1.7334E6	
857	-3.1387E-1	7.4559E2	6.9159E-1	1.7334E6	
858	-3.1387E-1	7.4559E2	6.9159E-1	1.7334E6	
859	-3.1387E-1	7.4559E2	6.9159E-1	1.7334E6	
860	-3.1387E-1	7.4559E2	6.9159E-1	1.7334E6	
861	-3.1387E-1	7.4559E2	6.9159E-1	1.7334E6	
862	-3.1387E-1	7.4559E2	6.9159E-1	1.7334E6	
863	-3.1387E-1	7.4559E2	6.9159E-1	1.7334E6	
864	-3.1387E-1	7.4559E2	6.9159E-1	1.7334E6	
865	-3.1387E-1	7.4559E2	6.9159E-1	1.7334E6	
866	-3.1387E-1	7.4559E2	6.9159E-1	1.7334E6	
867	-3.1387E-1	7.4559E2	6.9159E-1	1.7334E6	
868	-3.1387E-1	7.4559E2	6.9159E-1	1.7334E6	
869	-3.1387E-1	7.4559E2	6.9159E-1	1.7334E6	
870	-3.1387E-1	7.4559E2	6.9159E-1	1.7334E6	
871	-3.1387E-1	7.4559E2	6.9159E-1	1.7334E6	
872	-3.1387E-1	7.4559E2	6.9159E-1	1.7334E6	
873	-3.1387E-1	7.4559E2	6.9159E-1	1.7334E6	
874	-3.1387E-1	7.4559E2	6.9159E-1	1.7334E6	
875	-3.1387E-1	7.4559E2	6.9159E-1	1.7334E6	
876	-3.1387E-1	7.4559E2	6.9159E-1	1.7334E6	
877	-3.1387E-1	7.4559E2	6.9159E-1	1.7334E6	
878	-3.1387E-1	7.4559E2	6.9159E-1	1.7334E6	
879	-3.1387E-1	7.4559E2	6.9159E-1	1.7334E6	
880	-3.1387E-1	7.4559E2	6.9159E-1	1.7334E6	
881	-3.1387E-1	7.4559E2	6.9159E-1	1.7334E6	
882	-3.1387E-1	7.4559E2	6.9159E-1	1.7334E6	
883	-3.1387E-1	7.4559E2	6.9159E-1	1.7334E6	
884	-3.1387E-1	7.4559E2	6.9159E-1	1.7334E6	
885	-3.1387E-1	7.4559E2	6.9159E-1	1.7334E6	
886	-3.1387E-1	7.4559E2	6.9159E-1	1.7334E6	
887	-3.1387E-1	7.4559E2	6.9159E-1	1.7334E6	
888	-3.1387E-1	7.4559E2	6.9159E-1	1.7334E6	
889	-3.1387E-1	7.4559E2	6.9159E-1	1.7334E6	
890	-3.1387E-1	7.4559E2	6.9159E-1	1.7334E6	
891	-3.1387E-1	7.4559E2	6.9159E-1	1.7334E6	
892	-3.1387E-1	7.4559E2	6.9159E-1	1.7334E6	
893	-3.1387E-1	7.4559E2	6.9159E-1	1.7334E6	
894	-3.1387E-1	7.4559E2	6.9159E-1	1.7334E6	
895	-3.1387E-1	7.4559E2	6.9159E-1	1.7334E6	
896	-3.1387E-1	7.4559E2	6.9159E-1	1.7334E6	
897	-3.1387E-1	7.4559E2	6.9159E-1	1.7334E6	
898	-3.1387E-1	7.4559E2	6.9159E-1	1.7334E6	
899	-3.1387E-1	7.4559E2	6.9159E-1	1.7334E6	
900	-3.1387E-1	7.4559E2	6.9159E-1	1.7334E6	
901	-3.1387E-1	7.4559E2	6.9159E-1	1.7334E6	
902	-3.1387E-1	7.4559E2	6.9159E-1	1.7334E6	
903	-3.1387E-1	7.4559E2	6.9159E-1	1.7334E6	
904	-3.1387E-1	7.4559E2	6.9159E-1	1.7334E6	
905	-3.1387E-1	7.4559E2	6.9159E-1	1.7334E6	
906	-3.1387E-1	7.4559E2	6.9159E-1	1.7334E6	
907	-3.1387E-1	7.4559E2	6.9159E-1	1.7334E6	
908	-3.1387E-1	7.4559E2	6.9159E-1	1.7334E6	
909	-3.1387E-1	7.4559E2	6.9159E-1	1.7334E6	
910	-3.1387E-1	7.4559E2	6.9159E-1	1.7334E6	
911	-3.1387E-1	7.4559E2	6.9159E-1	1.7334E6	
912	-3.1387E-1	7.4559E2	6.9159E-1	1.7334E6	
913	-3.1387E-1	7.4559E2	6.9159E-1	1.7334E6	
914	-3.1387E-1	7.4559E2	6.9159E-1	1.7334E6	
915	-3.1387E-1	7.4559E2	6.9159E-1	1.7334E6	
916	-3.1387E-1	7.4559E2	6.9159E-1	1.7334E6	
917	-3.1387E-1	7.4559E2	6.9159E-1	1.7334E6	
918	-3.1387E-1	7.4559E2	6.9159E-1	1.7334E6	
919	-3.1387E-1	7.4559E2	6.9159E-1	1.7334E6	
920	-3.1387E-1	7.4559E2	6.9159E-1	1.7334E6	
921	-3.1387E-1	7.4559E2	6.9159E-1	1.7334E6	
922	-3.1387E-1	7.4559E2	6.9159E-1	1.7334E6	
923	-3.1387E-1	7.4559E2	6.9159E-1	1.7334E6	
924	-3.1387E-1	7.4559E2	6.9159E-1	1.7334E6	
925	-3.1387E-1	7.4559E2	6.9159E-1	1.7334E6	
926	-3.1387E-1	7.4559E2	6.9159E-1	1.7334E6	
927	-3.1387E-1	7.4559E2	6.9159E-1	1.7334E6	
928	-3.1387E-1	7.4559E2	6.9159E-1	1.7334E6	
929	-3.1387E-1	7.4559E2	6.9159E-1	1.7334E6	
930	-3.1387E-1	7.4559E2	6.9159E-1	1.7334E6	
931	-3.1387E-1	7.4559E2	6.9159E-1	1.7334E6	
932	-3.1387E-1	7.4559E2	6.9159E-1	1.7334E6	
933	-3.1387E-1	7.4559E2	6.9159E-1	1.7334E6	
934	-3.1387E-1	7.4559E2	6.9159E-1	1.7334E6	
935	-3.1387E-1	7.4559E2	6.9159E-1	1.7334E6	
936	-3.1387E-1	7.4559E2	6.9159E-1	1.7334E6	
937	-3.1387E-1	7.4559E2	6.9159E-1	1.7334E6	
938	-3.1387E-1	7.4559E2	6.9159E-1	1.7334E6	
939	-3.1387E-1	7.4559E2	6.9159E-1	1.7334E6	
940	-3.1387E-1	7.4559E2	6.9159E-1	1.7334E6	
941	-3.1387E-1	7.4559E2	6.9159E-1	1.7334E6	
942	-3.1387E-1	7.4559E2	6.9159E-1	1.7334E6	
943	-3.1387E-1	7.4559E2	6.9159E-1	1.7334E6	
944	-3.1387E-1	7.4559E2	6.9159E-1	1.7334E6	
945	-3.1387E-1	7.4559E2	6.9159E-1	1.7334E6	
946	-3.1387E-1	7.4559E2	6.9159E-1	1.7334E6	
947	-3.1387E-1	7.4559E2	6.9159E-1	1.7334E6	
948	-3.1387E-1	7.4559E2	6.9159E-1	1.7334E6	
949	-3.1387E-1	7.4559E2	6.9159E-1	1.7334E6	
950	-3.1387E-1	7.4559E2	6.9159E-1	1.7334E6	
951	-3.1387E-1	7.4559E2	6.9159E-1	1.7334E6	
952	-3.1387E-1	7.4559E2	6.9159E-1	1.7334E6	
953	-3.1387E-1	7.4559E2	6.9159E-1	1.7334E6	
954	-3.1387E-1	7.4559E2	6.9159E-1	1.7334E6	
955	-3.1387E-1	7.4559E2	6.9159E-1	1.7334E6	
956	-3.1387E-1	7.4559E2	6.9159E-1	1.7334E6	
957	-3.1387E-1	7.4559E2	6.9159E-1	1.7334E6	
958	-3.1387E-1	7.4559E2	6.9159E-1	1.7334E6	
959	-3.1387E-1	7.4559E2	6.9159E-1	1.7334E6	
960	-3.1387E-1	7.4559E2	6.9159E-1	1.7334E6	
961	-3.1387E-1	7.4559E2	6.9159E-1	1.7334E6	
962	-3.1387E-1	7.4559E2	6.9159E-1	1.7334E6	
963	-3.1387E-1	7.4559E2	6.9159E-1	1.7334E6	
964	-3.1387E-1	7.4559E2	6.9159E-1	1.7334E6	
965	-3.1387E-1	7.4559E2	6.9159E-1	1.7334E6	
966	-3.1387E-1	7.4559E2	6.9159E-1	1.7334E6	
967	-3.1387E-1	7.4559E2	6.9159E-1	1.7334E6	
968	-3.1387E-1	7.4559E2	6.9159E-1	1.7334E6	
969	-3.1387E-1	7.4559E2	6.9159E-1	1.7334E6	
970	-3.1387E-1	7.4559E2	6.9159E-1	1.7334E6	
971	-3.1387E-1	7.4559E2	6.9159E-1	1.7334E6	
972	-3.1387E-1	7.4559E2	6.9159E-1	1.7334E6	
973	-3.1387E-1	7.4559E2	6.9159E-1	1.7334E6	
974	-3.1387E-1	7.4559E2	6.9159E-1	1.7334E6	
975	-3.1387E-1	7.4559E2	6.9159E-1	1.7334E6	
976	-3.1387E-1	7.4559E2	6.9159E-1	1.7334E6	
977	-3.1387E-1	7.4559E2	6.9159E-1	1.7334E6	
978	-3.1387E-1	7.4559E2	6.9159E-1	1.7334E6	
979	-3.1387E-1	7.4559E2	6.9159E-1	1.7334E6	
980	-3.1387E-1	7.4559E2	6.9159E-1	1.7334E6	
981	-3.1387E-1	7.4559E2	6.9159E-1	1.7334E6	
982	-3.1387E-1	7.4559E2	6.9159E-1	1.7334E6	
983	-3.1387E-1	7.4559E2	6.9159E-1	1.7334E6	
984	-3.1387E-1	7.4559E2	6.9159E-1	1.7334E6	
985	-3.1387E-1	7.4559E2	6.9159E-1	1.7334E6	
986	-3.1387E-1	7.4559E2	6.9159E-1	1.7334E6	
987	-3.1387E-1	7.4559E2	6.9159E-1	1.7334E6	
988	-3.1387E-1	7.4559E2	6.9159E-1	1.7334E6	
989	-3.1387E-1	7.4559E2	6.9159E-1	1.7334E6	
990	-3.1387E-1	7.4559E2	6.9159E-1	1.7334E6	
991	-3.1387E-1	7.4559E2	6.9159E-1	1.7334E6	
992	-3.1387E-1	7.4559E2	6.9159E-1	1.7334E6	
993	-3.1387E-1	7.4559E2	6.9159E-1	1.7334E6	
994	-3.1387E-1	7.4559E2	6.9159E-1	1.7334E6	
995	-3.1387E-1	7.4559E2	6.9159E-1	1.7334E6	
996	-3.1387E-1	7.4559E2	6.9159E-1	1.7334E6	
997	-3.1387E-1	7.4559E2	6.9159E-1	1.7334E6	
998	-3.1387E-1	7.4559E2	6.9159E-1	1.7334E6	
999	-3.1387E-1	7.4559E2	6.9159E-1	1.7334E6	
1000	-3.1387E-1	7.4559E2	6.9159E-1	1.7334E6	
1001	-3.1387E-1	7.4559E2	6.9159E-1	1.7334E6	
1002	-3.1387E-1	7.4559E2	6.9159E-1	1.7334E6	
1003	-3.1387E-1	7.4559E2	6.9159E-1	1.7334E6	
1004	-3.1387E-1	7.4559E2	6.9159E-1	1.7334E6	
1005	-3.1387E-1	7.4559E2	6.9159E-1	1.7334E6	
1006	-3.1387E-1	7.4559E2	6.9159E-1	1.7334E6	
1007	-3.1387E-1	7.4559E2	6.9159E-1	1.7334E6	
1008	-3.1387E-1	7.4559E2	6.9159E-1	1.7334E6	
1009	-3.1387E-1	7.4559E2	6.9159E-1	1.7334E6	
1010	-3.1387E-1	7.4559E2	6.9159E-1	1.7334E6	
1011	-3.1387E-1	7.4559E2	6.9159E-1	1.7334E6	
1012	-3.1387E-1	7.4559E2	6.9159E-1	1.7334E6	
1013	-3.1387E-1	7.4559E2	6.9159E-1	1.7334E6	
1014	-3.1387E-1	7.4559E2	6.9159E-1	1.7334E6	
1015	-3.1387E-1	7.4559E2	6.9159E-1	1.7334E6	
1016	-3.1387E-1	7.4559E2	6.9159E-1	1.7334E6	
1017	-3.1387E-1	7.4559E2	6.9159E-1	1.7334E6	
1018	-3.1387E-1	7.4559E2	6.9159E-1	1.7334E6	
1019	-3.1387E-1	7.4559E2	6.9159E-1	1.7334E6	
1020	-3.1387E-1	7.4559E2	6.9159E-1	1.7334E6	
1021	-3.1387E-1	7.4559E2	6.9159E-1	1.7334E6	
1022	-3.1387E-1	7.4559E2	6.9159E-1	1.7334E6	
1023	-3.1387E-1	7.4559E2	6.9159E-1	1.7334E6	
1024	-3.1387E-1	7.4559E2	6.9159E-1	1.7334E6	
1025	-3.1479E-1	7.4423E2	6.9151E-1	1.7335E6	
1026	-3.5904E-1	6.7856E2	6.9289E-1	1.7357E6	
1027	-3.8696E-1	6.3712E2	6.9562E-1	1.7379E6	
1028	-4.0428E-1	6.1142E2	6.9874E-1	1.7401E6	
1029	-4.2168E-1	5.8560E2	7.0207E-1	1.7423E6	
1030	-4.4052E-1	5.5764E2	7.0565E-1	1.7446E6	
1031	-4.5578E-1	5.3499E2	7.0933E-1	1.7468E6	
1032	-4.6654E-1	5.1903E2	7.1316E-1	1.7490E6	
1033	-4.8203E-1	4.9604E2	7.1706E-1	1.7512E6	
1034	-4.9721E-1	4.7351E2	7.2104E-1	1.7534E6	
1035	-5.1109E-1	4.5290E2	7.2514E-1	1.7557E6	
1036	-5.1987E-1	4.3988E2	7.2926E-1	1.7579E6	
1037	-5.3566E-1	4.1644E2	7.3348E-1	1.7601E6	
1038	-5.4901E-1	3.9663E2	7.3767E-1	1.7623E6	
1039	-5.6152E-1	3.7806E2	7.4192E-1	1.7645E6	
1040	-5.7564E-1	3.5711E2	7.4635E-1	1.7668E6	
1041	-5.8563E-1	3.4228E2	7.5063E-1	1.7690E6	
1042	-5.9471E-1	3.2881E2	7.5491E-1	1.7712E6	
1043	-6.1172E-1	3.0356E2	7.5928E-1	1.7734E6	
1044	-6.1882E-1	2.9303E2	7.6375E-1	1.7756E6	
1045	-6.3118E-1	2.7469E2	7.6808E-1	1.7779E6	
1046	-6.4255E-1	2.5782E2	7.7258E-1	1.7801E6	
1047	-6.4766E-1	2.5023E2	7.7711E-1	1.7823E6	
1048	-6.5857E-1	2.3404E2	7.8166E-1	1.7845E6	
1049	-6.6467E-1	2.2498E2	7.8612E-1	1.7867E6	
1050	-6.7459E-1	2.1026E2	7.9066E-1	1.7890E6	
1051	-6.8344E-1	1.9713E2	7.9524E-1	1.7912E6	
1052	-6.9649E-1	1.7776E2	7.9982E-1	1.7934E6	
1053	-6.9839E-1	1.7493E2	8.0440E-1	1.7956E6	
1054	-7.1182E-1	1.5501E2	8.0889E-1	1.7978E6	
1055	-7.1404E-1	1.5172E2	8.1354E-1	1.8001E6	
1056	-7.2525E-1	1.3508E2	8.1808E-1	1.8023E6	
1057	-7.3112E-1	1.2636E2	8.2275E-1	1.8045E6	
1058	-7.4287E-1	1.0892E2	8.2734E-1	1.8067E6	
1059	-7.4333E-1	1.0824E2	8.3197E-1	1.8089E6	
1060	-7.5012E-1	9.8167E1	8.3674E-1	1.8112E6	
1061	-7.5935E-1	8.4466E1	8.4131E-1	1.8134E6	
1062	-7.6187E-1	8.0730E1	8.4606E-1	1.8156E6	
1063	-7.6820E-1	7.1332E1	8.5063E-1	1.8178E6	
1064	-7.8217E-1	5.0612E1	8.5546E-1	1.8200E6	
1065	-7.8583E-1	4.5177E1	8.6017E-1	1.8223E6	
1066	-7.8987E-1	3.9176E1	8.6497E-1	1.8245E6	
1067	-7.9666E-1	2.9099E1	8.6952E-1	1.8267E6	
1068	-8.0315E-1	1.9475E1	8.7432E-1	1.8289E6	
1069	-8.0147E-1	2.1966E1	8.7897E-1	1.8311E6	
1070	-8.0833E-1	1.1776E1	8.8370E-1	1.8334E6	
1071	-8.1200E-1	6.3407E0	8.8851E-1	1.8356E6	
1072	-8.2352E-1	-1.0756E1	8.9329E-1	1.8378E6	
1073	-8.2664E-1	-1.5399E1	8.9800E-1	1.8400E6	
1074	-8.3443E-1	-2.6948E1	9.0286E-1	1.8422E6	
1075	-8.3633E-1	-2.9778E1	9.0772E-1	1.8445E6	
1076	-8.4251E-1	-3.8950E1	9.1242E-1	1.8467E6	
1077	-8.4473E-1	-4.2233E1	9.1724E-1	1.8489E6	
1078	-8.4900E-1	-4.8574E1	9.2214E-1	1.8511E6	
1079	-8.5144E-1	-5.2197E1	9.2686E-1	1.8533E6	
1080	-8.6136E-1	-6.6916E1	9.3172E-1	1.8556E6	
1081	-8.5876E-1	-6.3067E1	9.3662E-1	1.8578E6	
1082	-8.6281E-1	-6.9068E1	9.4134E-1	1.8600E6	
1083	-8.6845E-1	-7.7446E1	9.4617E-1	1.8622E6	
1084	-8.7364E-1	-8.5146E1	9.5108E-1	1.8644E6	
1085	-8.7379E-1	-8.5372E1	9.5598E-1	1.8667E6	
1086	-8.7646E-1	-8.9335E1	9.6087E-1	1.8689E6	
1087	-8.7845E-1	-9.2279E1	9.6565E-1	1.8711E6	
1088	-8.8005E-1	-9.4657E1	9.7052E-1	1.8733E6	
1089	-8.8867E-1	-1.0745E2	9.7544E-1	1.8755E6	
1090	-8.8394E-1	-1.0043E2	9.8035E-1	1.8778E6	
1091	-8.9027E-1	-1.0983E2	9.8523E-1	1.8800E6	
1092	-8.8943E-1	-1.0858E2	9.9013E-1	1.8822E6	
1093	-8.9790E-1	-1.2115E2	9.9500E-1	1.8844E6	
1094	-8.9706E-1	-1.1991E2	9.9995E-1	1.8866E6	
1095	-9.0012E-1	-1.2444E2	1.0048E0	1.8889E6	
1096	-9.0446E-1	-1.3089E2	1.0099E0	1.8911E6	
1097	-9.0439E-1	-1.3078E2	1.0147E0	1.8933E6	
1098	-9.0919E-1	-1.3791E2	1.0197E0	1.8955E6	
1099	-9.1110E-1	-1.4074E2	1.0246E0	1.8977E6	
1100	-9.1057E-1	-1.3995E2	1.0296E0	1.9000E6	
1101	-9.1660E-1	-1.4889E2	1.0346E0	1.9022E6	
1102	-9.1690E-1	-1.4934E2	1.0396E0	1.9044E6	
1103	-9.2155E-1	-1.5625E2	1.0446E0	1.9066E6	
1104	-9.2545E-1	-1.6203E2	1.0495E0	1.9088E6	
1105	-9.2499E-1	-1.6135E2	1.0546E0	1.9111E6	
1106	-9.2827E-1	-1.6622E2	1.0595E0	1.9133E6	
1107	-9.3384E-1	-1.7448E2	1.0645E0	1.9155E6	
1108	-9.3491E-1	-1.7607E2	1.0695E0	1.9177E6	
1109	-9.3414E-1	-1.7493E2	1.0746E0	1.9199E6	
1110	-9.3956E-1	-1.8297E2	1.0797E0	1.9222E6	
1111	-9.3979E-1	-1.8331E2	1.0846E0	1.9244E6	
1112	-9.4139E-1	-1.8569E2	1.0896E0	1.9266E6	
1113	-9.4650E-1	-1.9328E2	1.0947E0	1.9288E6	
1114	-9.4849E-1	-1.9622E2	1.0998E0	1.9310E6	
1115	-9.5398E-1	-2.0437E2	1.1047E0	1.9333E6	
1116	-9.5276E-1	-2.0256E2	1.1099E0	1.9355E6	
1117	-9.5612E-1	-2.0754E2	1.1150E0	1.9377E6	
1118	-9.5444E-1	-2.0505E2	1.1200E0	1.9399E6	
1119	-9.6115E-1	-2.1502E2	1.1251E0	1.9421E6	
1120	-9.6298E-1	-2.1773E2	1.1302E0	1.9444E6	
1121	-9.6573E-1	-2.2181E2	1.1353E0	1.9466E6	
1122	-9.6252E-1	-2.1705E2	1.1404E0	1.9488E6	
1123	-9.6230E-1	-2.1671E2	1.1455E0	1.9510E6	
1124	-9.6062E-1	-2.1422E2	1.1506E0	1.9532E6	
1125	-9.6321E-1	-2.1807E2	1.1557E0	1.9555E6	
1126	-9.6130E-1	-2.1524E2	1.1608E0	1.9577E6	
1127	-9.6413E-1	-2.1943E2	1.1659E0	1.9599E6	
1128	-9.6230E-1	-2.1671E2	1.1710E0	1.9621E6	
1129	-9.5047E-1	-1.9916E2	1.1761E0	1.9643E6	
1130	-9.5161E-1	-2.0086E2	1.1813E0	1.9666E6	
1131	-9.5001E-1	-1.9848E2	1.1865E0	1.9688E6	
1132	-9.5100E-1	-1.9996E2	1.1916E0	1.9710E6	
1133	-9.4681E-1	-1.9373E2	1.1968E0	1.9732E6	
1134	-9.4238E-1	-1.8716E2	1.2020E0	1.9754E6	
1135	-9.4223E-1	-1.8694E2	1.2072E0	1.9777E6	
1136	-9.3773E-1	-1.8026E2	1.2124E0	1.9799E6	
1137	-9.3513E-1	-1.7641E2	1.2175E0	1.9821E6	
1138	-9.3315E-1	-1.7346E2	1.2227E0	1.9843E6	
1139	-9.3689E-1	-1.7901E2	1.2279E0	1.9865E6	
1140	-9.3605E-1	-1.7776E2	1.2331E0	1.9888E6	
1141	-9.3475E-1	-1.7584E2	1.2384E0	1.9910E6	
1142	-9.3529E-1	-1.7663E2	1.2435E0	1.9932E6	
1143	-9.3315E-1	-1.7346E2	1.2488E0	1.9954E6	
1144	-9.2651E-1	-1.6361E2	1.2539E0	1.9976E6	
1145	-9.2216E-1	-1.5716E2	1.2592E0	1.9999E6	
1146	-9.2285E-1	-1.5818E2	1.2644E0	2.0021E6	
1147	-9.2094E-1	-1.5535E2	1.2697E0	2.0043E6	
1148	-9.1766E-1	-1.5048E2	1.2749E0	2.0065E6	
1149	-9.1232E-1	-1.4255E2	1.2801E0	2.0087E6	
1150	-9.1019E-1	-1.3938E2	1.2853E0	2.0110E6	
1151	-9.0332E-1	-1.2919E2	1.2906E0	2.0132E6	
1152	-9.0004E-1	-1.2432E2	1.2960E0	2.0154E6	
1153	-8.9828E-1	-1.2172E2	1.3013E0	2.0176E6	
1154	-8.9317E-1	-1.1413E2	1.3066E0	2.0198E6	
1155	-8.8600E-1	-1.0349E2	1.3118E0	2.0221E6	
1156	-8.7997E-1	-9.4543E1	1.3171E0	2.0243E6	
1157	-8.7234E-1	-8.3221E1	1.3224E0	2.0265E6	
1158	-8.6296E-1	-6.9294E1	1.3277E0	2.0287E6	
1159	-8.4412E-1	-4.1327E1	1.3330E0	2.0309E6	
1160	-8.3008E-1	-2.0494E1	1.3383E0	2.0332E6	
1161	-8.0162E-1	2.1739E1	1.3437E0	2.0354E6	
1162	-7.5150E-1	9.6129E1	1.3489E0	2.0376E6	
1163	-6.9855E-1	1.7471E2	1.3543E0	2.0398E6	
1164	-6.8436E-1	1.9577E2	1.3596E0	2.0420E6	
1165	-6.7780E-1	2.0550E2	1.3649E0	2.0443E6	
1166	-6.7711E-1	2.0652E2	1.3702E0	2.0465E6	
1167	-6.8054E-1	2.0143E2	1.3756E0	2.0487E6	
1168	-6.7627E-1	2.0777E2	1.3810E0	2.0509E6	
1169	-6.7673E-1	2.0709E2	1.3863E0	2.0531E6	
1170	-6.7947E-1	2.0301E2	1.3918E0	2.0554E6	
1171	-6.7856E-1	2.0437E2	1.3972E0	2.0576E6	
1172	-6.7886E-1	2.0392E2	1.4024E0	2.0598E6	
1173	-6.7726E-1	2.0630E2	1.4079E0	2.0620E6	
1174	-6.8077E-1	2.0109E2	1.4132E0	2.0642E6	
1175	-6.7841E-1	2.0460E2	1.4188E0	2.0665E6	
1176	-6.7909E-1	2.0358E2	1.4240E0	2.0687E6	
1177	-6.7932E-1	2.0324E2	1.4294E0	2.0709E6	
1178	-6.8138E-1	2.0018E2	1.4348E0	2.0731E6	
1179	-6.7879E-1	2.0403E2	1.4403E0	2.0753E6	
1180	-6.7894E-1	2.0381E2	1.4457E0	2.0776E6	
1181	-6.8016E-1	2.0199E2	1.4511E0	2.0798E6	
1182	-6.8161E-1	1.9984E2	1.4565E0	2.0820E6	
1183	-6.8184E-1	1.9950E2	1.4620E0	2.0842E6	
1184	-6.8069E-1	2.0120E2	1.4674E0	2.0864E6	
1185	-6.8085E-1	2.0098E2	1.4728E0	2.0887E6	
1186	-6.8253E-1	1.9848E2	1.4783E0	2.0909E6	
1187	-6.8130E-1	2.0030E2	1.4837E0	2.0931E6	
1188	-6.8176E-1	1.9962E2	1.4891E0	2.0953E6	
1189	-6.8192E-1	1.9939E2	1.4947E0	2.0975E6	
1190	-6.8214E-1	1.9905E2	1.5002E0	2.0998E6	
1191	-6.8207E-1	1.9916E2	1.5056E0	2.1020E6	
1192	-6.8222E-1	1.9894E2	1.5111E0	2.1042E6	
1193	-6.8466E-1	1.9531E2	1.5165E0	2.1064E6	
1194	-6.8054E-1	2.0143E2	1.5221E0	2.1086E6	
1195	-6.8314E-1	1.9758E2	1.5276E0	2.1109E6	
1196	-6.8039E-1	2.0166E2	1.5331E0	2.1131E6	
1197	-6.8329E-1	1.9735E2	1.5386E0	2.1153E6	
1198	-6.8596E-1	1.9339E2	1.5441E0	2.1175E6	
1199	-6.8169E-1	1.9973E2	1.5496E0	2.1197E6	
1200	-6.8214E-1	1.9905E2	1.5551E0	2.1220E6	
1201	-6.8481E-1	1.9509E2	1.5607E0	2.1242E6	
1202	-6.8306E-1	1.9769E2	1.5662E0	2.1264E6	
1203	-6.8413E-1	1.9611E2	1.5717E0	2.1286E6	
1204	-6.8398E-1	1.9633E2	1.5772E0	2.1308E6	
1205	-6.8466E-1	1.9531E2	1.5828E0	2.1331E6	
1206	-6.8459E-1	1.9543E2	1.5884E0	2.1353E6	
1207	-6.8611E-1	1.9316E2	1.5940E0	2.1375E6	
1208	-6.8443E-1	1.9565E2	1.5995E0	2.1397E6	
1209	-6.8512E-1	1.9464E2	1.6051E0	2.1419E6	
1210	-6.8474E-1	1.9520E2	1.6106E0	2.1442E6	
1211	-6.8443E-1	1.9565E2	1.6162E0	2.1464E6	
1212	-6.8466E-1	1.9531E2	1.6218E0	2.1486E6	
1213	-6.8825E-1	1.8999E2	1.6274E0	2.1508E6	
1214	-6.8565E-1	1.9384E2	1.6329E0	2.1530E6	
1215	-6.8626E-1	1.9294E2	1.6386E0	2.1553E6	
1216	-6.8626E-1	1.9294E2	1.6441E0	2.1575E6	
1217	-6.8558E-1	1.9396E2	1.6497E0	2.1597E6	
1218	-6.8764E-1	1.9090E2	1.6553E0	2.1619E6	
1219	-6.8863E-1	1.8943E2	1.6610E0	2.1641E6	
1220	-6.8527E-1	1.9441E2	1.6666E0	2.1664E6	
1221	-6.8817E-1	1.9011E2	1.6722E0	2.1686E6	
1222	-6.8466E-1	1.9531E2	1.6777E0	2.1708E6	
1223	-6.8771E-1	1.9079E2	1.6835E0	2.1730E6	
1224	-6.8886E-1	1.8909E2	1.6891E0	2.1752E6	
1225	-6.8954E-1	1.8807E2	1.6948E0	2.1775E6	
1226	-6.8581E-1	1.9362E2	1.7004E0	2.1797E6	
1227	-6.8802E-1	1.9033E2	1.7060E0	2.1819E6	
1228	-6.8924E-1	1.8852E2	1.7117E0	2.1841E6	
1229	-6.8687E-1	1.9203E2	1.7175E0	2.1863E6	
1230	-6.8741E-1	1.9124E2	1.7231E0	2.1886E6	
1231	-6.8756E-1	1.9101E2	1.7288E0	2.1908E6	
1232	-6.8810E-1	1.9022E2	1.7343E0	2.1930E6	
1233	-6.9099E-1	1.8592E2	1.7401E0	2.1952E6	
1234	-6.8832E-1	1.8988E2	1.7457E0	2.1974E6	
1235	-6.9145E-1	1.8524E2	1.7514E0	2.1997E6	
1236	-6.8924E-1	1.8852E2	1.7571E0	2.2019E6	
1237	-6.9016E-1	1.8716E2	1.7628E0	2.2041E6	
1238	-6.8954E-1	1.8807E2	1.7685E0	2.2063E6	
1239	-6.9099E-1	1.8592E2	1.7743E0	2.2085E6	
1240	-6.9244E-1	1.8377E2	1.7799E0	2.2108E6	
1241	-6.9077E-1	1.8626E2	1.7857E0	2.2130E6	
1242	-6.8901E-1	1.8886E2	1.7914E0	2.2152E6	
1243	-6.9023E-1	1.8705E2	1.7972E0	2.2174E6	
1244	-6.9130E-1	1.8546E2	1.8029E0	2.2196E6	
1245	-6.9145E-1	1.8524E2	1.8086E0	2.2219E6	
1246	-6.9275E-1	1.8331E2	1.8144E0	2.2241E6	
1247	-6.8893E-1	1.8897E2	1.8201E0	2.2263E6	
1248	-6.9069E-1	1.8637E2	1.8259E0	2.2285E6	
1249	-6.9237E-1	1.8388E2	1.8317E0	2.2307E6	
1250	-6.9366E-1	1.8195E2	1.8373E0	2.2330E6	
1251	-6.9374E-1	1.8184E2	1.8431E0	2.2352E6	
1252	-6.9412E-1	1.8127E2	1.8490E0	2.2374E6	
1253	-6.9427E-1	1.8105E2	1.8546E0	2.2396E6	
1254	-6.9267E-1	1.8343E2	1.8604E0	2.2418E6	
1255	-6.9321E-1	1.8263E2	1.8663E0	2.2441E6	
1256	-6.9397E-1	1.8150E2	1.8720E0	2.2463E6	
1257	-6.9412E-1	1.8127E2	1.8778E0	2.2485E6	
1258	-6.9313E-1	1.8275E2	1.8836E0	2.2507E6	
1259	-6.9527E-1	1.7958E2	1.8894E0	2.2529E6	
1260	-6.9557E-1	1.7912E2	1.8951E0	2.2552E6	
1261	-6.9466E-1	1.8048E2	1.9010E0	2.2574E6	
1262	-6.9695E-1	1.7709E2	1.9068E0	2.2596E6	
1263	-6.9405E-1	1.8139E2	1.9126E0	2.2618E6	
1264	-6.9588E-1	1.7867E2	1.9185E0	2.2640E6	
1265	-6.9611E-1	1.7833E2	1.9242E0	2.2663E6	
1266	-6.9649E-1	1.7776E2	1.9301E0	2.2685E6	
1267	-6.9611E-1	1.7833E2	1.9360E0	2.2707E6	
1268	-6.9725E-1	1.7663E2	1.9417E0	2.2729E6	
1269	-6.9717E-1	1.7675E2	1.9475E0	2.2751E6	
1270	-6.9641E-1	1.7788E2	1.9534E0	2.2774E6	
1271	-6.9717E-1	1.7675E2	1.9593E0	2.2796E6	
1272	-6.9504E-1	1.7992E2	1.9652E0	2.2818E6	
1273	-6.9679E-1	1.7731E2	1.9711E0	2.2840E6	
1274	-6.9748E-1	1.7629E2	1.9769E0	2.2862E6	
1275	-6.9565E-1	1.7901E2	1.9828E0	2.2885E6	
1276	-6.9466E-1	1.8048E2	1.9888E0	2.2907E6	
1277	-6.9740E-1	1.7641E2	1.9945E0	2.2929E6	
1278	-6.9656E-1	1.7765E2	2.0004E0	2.2951E6	
1279	-6.9855E-1	1.7471E2	2.0064E0	2.2973E6	
1280	-6.9885E-1	1.7425E2	2.0123E0	2.2996E6	
1281	-6.9778E-1	1.7584E2	2.0181E0	2.3018E6	
1282	-6.9756E-1	1.7618E2	2.0240E0	2.3040E6	
1283	-6.9992E-1	1.7267E2	2.0299E0	2.3062E6	
1284	-6.9702E-1	1.7697E2	2.0359E0	2.3084E6	
1285	-6.9969E-1	1.7301E2	2.0418E0	2.3107E6	
1286	-7.0145E-1	1.7040E2	2.0477E0	2.3129E6	
1287	-7.0076E-1	1.7142E2	2.0538E0	2.3151E6	
1288	-7.0152E-1	1.7029E2	2.0596E0	2.3173E6	
1289	-6.9862E-1	1.7459E2	2.0656E0	2.3195E6	
1290	-6.9885E-1	1.7425E2	2.0714E0	2.3218E6	
1291	-7.0122E-1	1.7074E2	2.0774E0	2.3240E6	
1292	-7.0099E-1	1.7108E2	2.0834E0	2.3262E6	
1293	-7.0114E-1	1.7086E2	2.0894E0	2.3284E6	
1294	-6.9832E-1	1.7505E2	2.0952E0	2.3306E6	
1295	-7.0152E-1	1.7029E2	2.1013E0	2.3329E6	
1296	-7.0000E-1	1.7256E2	2.1072E0	2.3351E6	
1297	-7.0145E-1	1.7040E2	2.1132E0	2.3373E6	
1298	-7.0007E-1	1.7244E2	2.1191E0	2.3395E6	
1299	-7.0351E-1	1.6735E2	2.1251E0	2.3417E6	
1300	-7.0305E-1	1.6803E2	2.1311E0	2.3440E6	
1301	-7.0374E-1	1.6701E2	2.1371E0	2.3462E6	
1302	-7.0320E-1	1.6780E2	2.1431E0	2.3484E6	
1303	-7.0305E-1	1.6803E2	2.1492E0	2.3506E6	
1304	-7.0259E-1	1.6871E2	2.1551E0	2.3528E6	
1305	-7.0518E-1	1.6486E2	2.1612E0	2.3551E6	
1306	-7.0290E-1	1.6825E2	2.1672E0	2.3573E6	
1307	-7.0580E-1	1.6395E2	2.1731E0	2.3595E6	
1308	-7.0305E-1	1.6803E2	2.1792E0	2.3617E6	
1309	-7.0206E-1	1.6950E2	2.1853E0	2.3639E6	
1310	-7.0274E-1	1.6848E2	2.1913E0	2.3662E6	
1311	-7.0351E-1	1.6735E2	2.1974E0	2.3684E6	
1312	-7.0404E-1	1.6656E2	2.2034E0	2.3706E6	
1313	-7.0427E-1	1.6622E2	2.2095E0	2.3728E6	
1314	-7.0587E-1	1.6384E2	2.2156E0	2.3750E6	
1315	-7.0587E-1	1.6384E2	2.2216E0	2.3773E6	
1316	-7.0457E-1	1.6576E2	2.2277E0	2.3795E6	
1317	-7.0633E-1	1.6316E2	2.2337E0	2.3817E6	
1318	-7.0580E-1	1.6395E2	2.2399E0	2.3839E6	
1319	-7.0580E-1	1.6395E2	2.2459E0	2.3861E6	
1320	-7.0702E-1	1.6214E2	2.2520E0	2.3884E6	
1321	-7.0412E-1	1.6644E2	2.2581E0	2.3906E6	
1322	-7.0793E-1	1.6078E2	2.2641E0	2.3928E6	
1323	-7.0450E-1	1.6588E2	2.2703E0	2.3950E6	
1324	-7.0900E-1	1.5920E2	2.2764E0	2.3972E6	
1325	-7.0396E-1	1.6667E2	2.2824E0	2.3995E6	
1326	-7.0679E-1	1.6248E2	2.2886E0	2.4017E6	
1327	-7.0549E-1	1.6440E2	2.2947E0	2.4039E6	
1328	-7.0648E-1	1.6293E2	2.3008E0	2.4061E6	
1329	-7.0702E-1	1.6214E2	2.3069E0	2.4083E6	
1330	-7.1060E-1	1.5682E2	2.3131E0	2.4106E6	
1331	-7.1144E-1	1.5557E2	2.3193E0	2.4128E6	
1332	-7.0946E-1	1.5852E2	2.3254E0	2.4150E6	
1333	-7.0732E-1	1.6169E2	2.3315E0	2.4172E6	
1334	-7.1220E-1	1.5444E2	2.3377E0	2.4194E6	
1335	-7.1037E-1	1.5716E2	2.3439E0	2.4217E6	
1336	-7.0900E-1	1.5920E2	2.3500E0	2.4239E6	
1337	-7.0976E-1	1.5806E2	2.3561E0	2.4261E6	
1338	-7.1022E-1	1.5738E2	2.3623E0	2.4283E6	
1339	-7.1022E-1	1.5738E2	2.3685E0	2.4305E6	
1340	-7.0999E-1	1.5772E2	2.3747E0	2.4328E6	
1341	-7.0938E-1	1.5863E2	2.3809E0	2.4350E6	
1342	-7.1251E-1	1.5399E2	2.3871E0	2.4372E6	
1343	-7.1289E-1	1.5342E2	2.3932E0	2.4394E6	
1344	-7.1236E-1	1.5421E2	2.3994E0	2.4416E6	
1345	-7.1068E-1	1.5670E2	2.4056E0	2.4439E6	
1346	-7.1121E-1	1.5591E2	2.4119E0	2.4461E6	
1347	-7.0885E-1	1.5942E2	2.4181E0	2.4483E6	
1348	-7.1144E-1	1.5557E2	2.4244E0	2.4505E6	
1349	-7.1198E-1	1.5478E2	2.4305E0	2.4527E6	
1350	-7.1312E-1	1.5308E2	2.4368E0	2.4550E6	
1351	-7.1136E-1	1.5569E2	2.4430E0	2.4572E6	
1352	-7.1136E-1	1.5569E2	2.4493E0	2.4594E6	
1353	-7.1243E-1	1.5410E2	2.4554E0	2.4616E6	
1354	-7.1388E-1	1.5195E2	2.4617E0	2.4638E6	
1355	-7.1274E-1	1.5365E2	2.4680E0	2.4661E6	
1356	-7.1297E-1	1.5331E2	2.4743E0	2.4683E6	
1357	-7.1472E-1	1.5070E2	2.4804E0	2.4705E6	
1358	-7.1419E-1	1.5150E2	2.4868E0	2.4727E6	
1359	-7.1404E-1	1.5172E2	2.4931E0	2.4749E6	
1360	-7.1297E-1	1.5331E2	2.4994E0	2.4772E6	
1361	-7.1579E-1	1.4912E2	2.5056E0	2.4794E6	
1362	-7.1373E-1	1.5218E2	2.5119E0	2.4816E6	
1363	-7.1503E-1	1.5025E2	2.5182E0	2.4838E6	
1364	-7.1472E-1	1.5070E2	2.5244E0	2.4860E6	
1365	-7.1571E-1	1.4923E2	2.5307E0	2.4883E6	
1366	-7.1602E-1	1.4878E2	2.5371E0	2.4905E6	
1367	-7.1594E-1	1.4889E2	2.5433E0	2.4927E6	
1368	-7.1449E-1	1.5104E2	2.5497E0	2.4949E6	
1369	-7.1617E-1	1.4855E2	2.5559E0	2.4971E6	
1370	-7.1457E-1	1.5093E2	2.5623E0	2.4994E6	
1371	-7.1548E-1	1.4957E2	2.5686E0	2.5016E6	
1372	-7.1709E-1	1.4719E2	2.5750E0	2.5038E6	
1373	-7.1754E-1	1.4651E2	2.5812E0	2.5060E6	
1374	-7.1831E-1	1.4538E2	2.5876E0	2.5082E6	
1375	-7.1693E-1	1.4742E2	2.5939E0	2.5105E6	
1376	-7.1732E-1	1.4685E2	2.6003E0	2.5127E6	
1377	-7.1854E-1	1.4504E2	2.6067E0	2.5149E6	
1378	-7.1930E-1	1.4391E2	2.6130E0	2.5171E6	
1379	-7.1899E-1	1.4436E2	2.6194E0	2.5193E6	
1380	-7.1716E-1	1.4708E2	2.6256E0	2.5216E6	
1381	-7.1861E-1	1.4493E2	2.6322E0	2.5238E6	
1382	-7.1831E-1	1.4538E2	2.6385E0	2.5260E6	
1383	-7.2227E-1	1.3949E2	2.6449E0	2.5282E6	
1384	-7.1770E-1	1.4629E2	2.6511E0	2.5304E6	
1385	-7.1899E-1	1.4436E2	2.6576E0	2.5327E6	
1386	-7.2266E-1	1.3893E2	2.6640E0	2.5349E6	
1387	-7.2113E-1	1.4119E2	2.6703E0	2.5371E6	
1388	-7.1793E-1	1.4595E2	2.6768E0	2.5393E6	
1389	-7.2136E-1	1.4085E2	2.6831E0	2.5415E6	
1390	-7.1983E-1	1.4312E2	2.6896E0	2.5438E6	
1391	-7.1960E-1	1.4346E2	2.6961E0	2.5460E6	
1392	-7.1915E-1	1.4414E2	2.7024E0	2.5482E6	
1393	-7.2067E-1	1.4187E2	2.7088E0	2.5504E6	
1394	-7.2083E-1	1.4165E2	2.7153E0	2.5526E6	
1395	-7.2044E-1	1.4221E2	2.7217E0	2.5549E6	
1396	-7.2037E-1	1.4232E2	2.7281E0	2.5571E6	
1397	-7.2273E-1	1.3881E2	2.7346E0	2.5593E6	
1398	-7.2075E-1	1.4176E2	2.7410E0	2.5615E6	
1399	-7.2350E-1	1.3768E2	2.7476E0	2.5637E6	
1400	-7.2189E-1	1.4006E2	2.7539E0	2.5660E6	
1401	-7.2243E-1	1.3927E2	2.7604E0	2.5682E6	
1402	-7.2281E-1	1.3870E2	2.7669E0	2.5704E6	
1403	-7.2327E-1	1.3802E2	2.7733E0	2.5726E6	
1404	-7.2388E-1	1.3712E2	2.7798E0	2.5748E6	
1405	-7.2319E-1	1.3814E2	2.7863E0	2.5771E6	
1406	-7.2411E-1	1.3678E2	2.7926E0	2.5793E6	
1407	-7.2594E-1	1.3406E2	2.7993E0	2.5815E6	
1408	-7.2273E-1	1.3881E2	2.8057E0	2.5837E6	
1409	-7.2441E-1	1.3632E2	2.8123E0	2.5859E6	
1410	-7.2647E-1	1.3327E2	2.8187E0	2.5882E6	
1411	-7.2334E-1	1.3791E2	2.8251E0	2.5904E6	
1412	-7.2495E-1	1.3553E2	2.8317E0	2.5926E6	
1413	-7.2624E-1	1.3361E2	2.8382E0	2.5948E6	
1414	-7.2624E-1	1.3361E2	2.8447E0	2.5970E6	
1415	-7.2609E-1	1.3383E2	2.8512E0	2.5993E6	
1416	-7.2838E-1	1.3044E2	2.8577E0	2.6015E6	
1417	-7.2563E-1	1.3451E2	2.8642E0	2.6037E6	
1418	-7.2563E-1	1.3451E2	2.8707E0	2.6059E6	
1419	-7.2495E-1	1.3553E2	2.8773E0	2.6081E6	
1420	-7.2540E-1	1.3485E2	2.8838E0	2.6104E6	
1421	-7.2708E-1	1.3236E2	2.8904E0	2.6126E6	
1422	-7.2548E-1	1.3474E2	2.8969E0	2.6148E6	
1423	-7.2830E-1	1.3055E2	2.9035E0	2.6170E6	
1424	-7.2647E-1	1.3327E2	2.9100E0	2.6192E6	
1425	-7.2960E-1	1.2862E2	2.9166E0	2.6215E6	
1426	-7.2868E-1	1.2998E2	2.9232E0	2.6237E6	
1427	-7.3189E-1	1.2523E2	2.9297E0	2.6259E6	
1428	-7.2906E-1	1.2942E2	2.9362E0	2.6281E6	
1429	-7.2906E-1	1.2942E2	2.9429E0	2.6303E6	
1430	-7.2952E-1	1.2874E2	2.9493E0	2.6326E6	
1431	-7.2777E-1	1.3134E2	2.9560E0	2.6348E6	
1432	-7.2929E-1	1.2908E2	2.9626E0	2.6370E6	
1433	-7.3143E-1	1.2591E2	2.9692E0	2.6392E6	
1434	-7.3143E-1	1.2591E2	2.9758E0	2.6414E6	
1435	-7.3120E-1	1.2625E2	2.9823E0	2.6437E6	
1436	-7.2823E-1	1.3066E2	2.9891E0	2.6459E6	
1437	-7.3112E-1	1.2636E2	2.9956E0	2.6481E6	
1438	-7.2960E-1	1.2862E2	3.0022E0	2.6503E6	
1439	-7.3204E-1	1.2500E2	3.0087E0	2.6525E6	
1440	-7.3265E-1	1.2410E2	3.0154E0	2.6548E6	
1441	-7.3082E-1	1.2681E2	3.0221E0	2.6570E6	
1442	-7.3151E-1	1.2579E2	3.0287E0	2.6592E6	
1443	-7.3204E-1	1.2500E2	3.0354E0	2.6614E6	
1444	-7.3219E-1	1.2477E2	3.0420E0	2.6636E6	
1445	-7.3395E-1	1.2217E2	3.0485E0	2.6659E6	
1446	-7.3013E-1	1.2783E2	3.0552E0	2.6681E6	
1447	-7.3402E-1	1.2206E2	3.0619E0	2.6703E6	
1448	-7.3311E-1	1.2342E2	3.0685E0	2.6725E6	
1449	-7.3349E-1	1.2285E2	3.0752E0	2.6747E6	
1450	-7.3341E-1	1.2296E2	3.0817E0	2.6770E6	
1451	-7.3418E-1	1.2183E2	3.0884E0	2.6792E6	
1452	-7.3532E-1	1.2013E2	3.0951E0	2.6814E6	
1453	-7.3463E-1	1.2115E2	3.1018E0	2.6836E6	
1454	-7.3586E-1	1.1934E2	3.1084E0	2.6858E6	
1455	-7.3502E-1	1.2059E2	3.1151E0	2.6881E6	
1456	-7.3647E-1	1.1843E2	3.1218E0	2.6903E6	
1457	-7.3463E-1	1.2115E2	3.1285E0	2.6925E6	
1458	-7.3753E-1	1.1685E2	3.1353E0	2.6947E6	
1459	-7.3524E-1	1.2025E2	3.1419E0	2.6969E6	
1460	-7.3448E-1	1.2138E2	3.1486E0	2.6992E6	
1461	-7.3372E-1	1.2251E2	3.1553E0	2.7014E6	
1462	-7.3708E-1	1.1753E2	3.1620E0	2.7036E6	
1463	-7.3692E-1	1.1775E2	3.1688E0	2.7058E6	
1464	-7.3624E-1	1.1877E2	3.1754E0	2.7080E6	
1465	-7.3807E-1	1.1606E2	3.1822E0	2.7103E6	
1466	-7.3616E-1	1.1889E2	3.1889E0	2.7125E6	
1467	-7.3494E-1	1.2070E2	3.1958E0	2.7147E6	
1468	-7.3547E-1	1.1991E2	3.2024E0	2.7169E6	
1469	-7.3906E-1	1.1458E2	3.2090E0	2.7191E6	
1470	-7.3799E-1	1.1617E2	3.2158E0	2.7214E6	
1471	-7.3853E-1	1.1538E2	3.2226E0	2.7236E6	
1472	-7.3753E-1	1.1685E2	3.2293E0	2.7258E6	
1473	-7.3647E-1	1.1843E2	3.2362E0	2.7280E6	
1474	-7.3906E-1	1.1458E2	3.2429E0	2.7302E6	
1475	-7.4226E-1	1.0983E2	3.2496E0	2.7325E6	
1476	-7.3944E-1	1.1402E2	3.2564E0	2.7347E6	
1477	-7.4028E-1	1.1277E2	3.2632E0	2.7369E6	
1478	-7.4303E-1	1.0870E2	3.2699E0	2.7391E6	
1479	-7.3914E-1	1.1447E2	3.2767E0	2.7413E6	
1480	-7.3975E-1	1.1357E2	3.2835E0	2.7436E6	
1481	-7.3936E-1	1.1413E2	3.2902E0	2.7458E6	
1482	-7.3982E-1	1.1345E2	3.2969E0	2.7480E6	
1483	-7.4127E-1	1.1130E2	3.3037E0	2.7502E6	
1484	-7.4120E-1	1.1141E2	3.3106E0	2.7524E6	
1485	-7.4234E-1	1.0972E2	3.3174E0	2.7547E6	
1486	-7.4280E-1	1.0904E2	3.3242E0	2.7569E6	
1487	-7.4059E-1	1.1232E2	3.3310E0	2.7591E6	
1488	-7.4432E-1	1.0677E2	3.3378E0	2.7613E6	
1489	-7.4265E-1	1.0926E2	3.3446E0	2.7635E6	
1490	-7.4219E-1	1.0994E2	3.3515E0	2.7658E6	
1491	-7.4097E-1	1.1175E2	3.3583E0	2.7680E6	
1492	-7.4425E-1	1.0689E2	3.3651E0	2.7702E6	
1493	-7.4272E-1	1.0915E2	3.3719E0	2.7724E6	
1494	-7.4234E-1	1.0972E2	3.3787E0	2.7746E6	
1495	-7.4257E-1	1.0938E2	3.3856E0	2.7769E6	
1496	-7.4326E-1	1.0836E2	3.3924E0	2.7791E6	
1497	-7.4524E-1	1.0541E2	3.3993E0	2.7813E6	
1498	-7.4707E-1	1.0270E2	3.4061E0	2.7835E6	
1499	-7.4463E-1	1.0632E2	3.4129E0	2.7857E6	
1500	-7.4562E-1	1.0485E2	3.4198E0	2.7880E6	
1501	-7.4440E-1	1.0666E2	3.4267E0	2.7902E6	
1502	-7.4486E-1	1.0598E2	3.4335E0	2.7924E6	
1503	-7.4440E-1	1.0666E2	3.4404E0	2.7946E6	
1504	-7.4600E-1	1.0428E2	3.4473E0	2.7968E6	
1505	-7.4715E-1	1.0258E2	3.4542E0	2.7991E6	
1506	-7.4501E-1	1.0575E2	3.4610E0	2.8013E6	
1507	-7.4814E-1	1.0111E2	3.4680E0	2.8035E6	
1508	-7.4646E-1	1.0360E2	3.4748E0	2.8057E6	
1509	-7.4463E-1	1.0632E2	3.4817E0	2.8079E6	
1510	-7.4821E-1	1.0100E2	3.4886E0	2.8102E6	
1511	-7.4753E-1	1.0202E2	3.4954E0	2.8124E6	
1512	-7.4562E-1	1.0485E2	3.5023E0	2.8146E6	
1513	-7.4547E-1	1.0507E2	3.5093E0	2.8168E6	
1514	-7.4707E-1	1.0270E2	3.5162E0	2.8190E6	
1515	-7.4730E-1	1.0236E2	3.5231E0	2.8213E6	
1516	-7.4493E-1	1.0587E2	3.5301E0	2.8235E6	
1517	-7.4730E-1	1.0236E2	3.5369E0	2.8257E6	
1518	-7.4669E-1	1.0326E2	3.5438E0	2.8279E6	
1519	-7.4814E-1	1.0111E2	3.5508E0	2.8301E6	
1520	-7.4799E-1	1.0134E2	3.5577E0	2.8324E6	
1521	-7.5027E-1	9.7940E1	3.5646E0	2.8346E6	
1522	-7.5195E-1	9.5449E1	3.5716E0	2.8368E6	
1523	-7.5249E-1	9.4657E1	3.5785E0	2.8390E6	
1524	-7.4921E-1	9.9525E1	3.5854E0	2.8412E6	
1525	-7.5211E-1	9.5223E1	3.5924E0	2.8435E6	
1526	-7.5043E-1	9.7714E1	3.5993E0	2.8457E6	
1527	-7.5050E-1	9.7601E1	3.6063E0	2.8479E6	
1528	-7.5249E-1	9.4657E1	3.6133E0	2.8501E6	
1529	-7.5180E-1	9.5676E1	3.6204E0	2.8523E6	
1530	-7.5310E-1	9.3751E1	3.6272E0	2.8546E6	
1531	-7.5264E-1	9.4430E1	3.6342E0	2.8568E6	
1532	-7.5294E-1	9.3977E1	3.6411E0	2.8590E6	
1533	-7.5111E-1	9.6695E1	3.6481E0	2.8612E6	
1534	-7.5333E-1	9.3411E1	3.6552E0	2.8634E6	
1535	-7.5325E-1	9.3525E1	3.6622E0	2.8657E6	
1536	-7.5172E-1	9.5789E1	3.6691E0	2.8679E6	
1537	-7.5127E-1	9.6468E1	3.6761E0	2.8701E6	
1538	-7.5516E-1	9.0694E1	3.6830E0	2.8723E6	
1539	-7.5417E-1	9.2166E1	3.6901E0	2.8745E6	
1540	-7.5508E-1	9.0807E1	3.6972E0	2.8768E6	
1541	-7.5500E-1	9.0920E1	3.7041E0	2.8790E6	
1542	-7.5432E-1	9.1939E1	3.7112E0	2.8812E6	
1543	-7.5615E-1	8.9222E1	3.7182E0	2.8834E6	
1544	-7.5409E-1	9.2279E1	3.7252E0	2.8856E6	
1545	-7.5615E-1	8.9222E1	3.7321E0	2.8879E6	
1546	-7.5325E-1	9.3525E1	3.7392E0	2.8901E6	
1547	-7.5592E-1	8.9562E1	3.7462E0	2.8923E6	
1548	-7.5493E-1	9.1034E1	3.7532E0	2.8945E6	
1549	-7.5783E-1	8.6731E1	3.7603E0	2.8967E6	
1550	-7.5768E-1	8.6957E1	3.7671E0	2.8990E6	
1551	-7.5661E-1	8.8543E1	3.7744E0	2.9012E6	
1552	-7.5859E-1	8.5599E1	3.7814E0	2.9034E6	
1553	-7.5684E-1	8.8203E1	3.7884E0	2.9056E6	
1554	-7.5623E-1	8.9109E1	3.7954E0	2.9078E6	
1555	-7.5851E-1	8.5712E1	3.8025E0	2.9101E6	
1556	-7.5783E-1	8.6731E1	3.8096E0	2.9123E6	
1557	-7.5485E-1	9.1147E1	3.8167E0	2.9145E6	
1558	-7.5729E-1	8.7524E1	3.8237E0	2.9167E6	
1559	-7.6012E-1	8.3334E1	3.8309E0	2.9189E6	
1560	-7.5691E-1	8.8090E1	3.8379E0	2.9212E6	
1561	-7.5920E-1	8.4693E1	3.8449E0	2.9234E6	
1562	-7.6057E-1	8.2655E1	3.8521E0	2.9256E6	
1563	-7.6065E-1	8.2542E1	3.8591E0	2.9278E6	
1564	-7.5897E-1	8.5033E1	3.8662E0	2.9300E6	
1565	-7.6027E-1	8.3108E1	3.8733E0	2.9323E6	
1566	-7.5882E-1	8.5259E1	3.8804E0	2.9345E6	
1567	-7.5790E-1	8.6618E1	3.8876E0	2.9367E6	
1568	-7.6027E-1	8.3108E1	3.8946E0	2.9389E6	
1569	-7.6050E-1	8.2768E1	3.9018E0	2.9411E6	
1570	-7.6004E-1	8.3447E1	3.9088E0	2.9434E6	
1571	-7.6065E-1	8.2542E1	3.9159E0	2.9456E6	
1572	-7.6111E-1	8.1862E1	3.9229E0	2.9478E6	
1573	-7.6233E-1	8.0051E1	3.9302E0	2.9500E6	
1574	-7.6050E-1	8.2768E1	3.9373E0	2.9522E6	
1575	-7.6141E-1	8.1409E1	3.9445E0	2.9545E6	
1576	-7.6393E-1	7.7673E1	3.9515E0	2.9567E6	
1577	-7.6317E-1	7.8805E1	3.9586E0	2.9589E6	
1578	-7.6057E-1	8.2655E1	3.9658E0	2.9611E6	
1579	-7.6324E-1	7.8692E1	3.9730E0	2.9633E6	
1580	-7.6164E-1	8.1070E1	3.9801E0	2.9656E6	
1581	-7.6408E-1	7.7446E1	3.9872E0	2.9678E6	
1582	-7.6553E-1	7.5295E1	3.9944E0	2.9700E6	
1583	-7.6469E-1	7.6541E1	4.0016E0	2.9722E6	
1584	-7.6271E-1	7.9485E1	4.0087E0	2.9744E6	
1585	-7.6363E-1	7.8126E1	4.0159E0	2.9767E6	
1586	-7.6126E-1	8.1636E1	4.0231E0	2.9789E6	
1587	-7.6515E-1	7.5861E1	4.0303E0	2.9811E6	
1588	-7.6668E-1	7.3597E1	4.0374E0	2.9833E6	
1589	-7.6431E-1	7.7107E1	4.0446E0	2.9855E6	
1590	-7.6714E-1	7.2917E1	4.0517E0	2.9878E6	
1591	-7.6553E-1	7.5295E1	4.0590E0	2.9900E6	
1592	-7.6630E-1	7.4163E1	4.0661E0	2.9922E6	
1593	-7.6492E-1	7.6201E1	4.0733E0	2.9944E6	
1594	-7.6591E-1	7.4729E1	4.0805E0	2.9966E6	
1595	-7.6759E-1	7.2238E1	4.0877E0	2.9989E6	
1596	-7.6553E-1	7.5295E1	4.0949E0	3.0011E6	
1597	-7.6706E-1	7.3031E1	4.1020E0	3.0033E6	
1598	-7.6584E-1	7.4842E1	4.1092E0	3.0055E6	
1599	-7.6569E-1	7.5069E1	4.1165E0	3.0077E6	
1600	-7.6843E-1	7.0993E1	4.1237E0	3.0100E6	
1601	-7.6698E-1	7.3144E1	4.1310E0	3.0122E6	
1602	-7.6851E-1	7.0879E1	4.1382E0	3.0144E6	
1603	-7.6958E-1	6.9294E1	4.1454E0	3.0166E6	
1604	-7.6782E-1	7.1898E1	4.1525E0	3.0188E6	
1605	-7.6988E-1	6.8841E1	4.1598E0	3.0211E6	
1606	-7.6729E-1	7.2691E1	4.1670E0	3.0233E6	
1607	-7.6820E-1	7.1332E1	4.1742E0	3.0255E6	
1608	-7.6965E-1	6.9181E1	4.1815E0	3.0277E6	
1609	-7.6920E-1	6.9860E1	4.1888E0	3.0299E6	
1610	-7.7141E-1	6.6577E1	4.1961E0	3.0322E6	
1611	-7.7126E-1	6.6803E1	4.2033E0	3.0344E6	
1612	-7.7095E-1	6.7256E1	4.2105E0	3.0366E6	
1613	-7.7187E-1	6.5897E1	4.2178E0	3.0388E6	
1614	-7.7156E-1	6.6350E1	4.2250E0	3.0410E6	
1615	-7.7110E-1	6.7030E1	4.2322E0	3.0433E6	
1616	-7.7316E-1	6.3973E1	4.2395E0	3.0455E6	
1617	-7.7118E-1	6.6916E1	4.2468E0	3.0477E6	
1618	-7.7248E-1	6.4992E1	4.2541E0	3.0499E6	
1619	-7.7263E-1	6.4765E1	4.2614E0	3.0521E6	
1620	-7.7271E-1	6.4652E1	4.2686E0	3.0544E6	
1621	-7.7293E-1	6.4312E1	4.2759E0	3.0566E6	
1622	-7.7324E-1	6.3859E1	4.2832E0	3.0588E6	
1623	-7.7324E-1	6.3859E1	4.2905E0	3.0610E6	
1624	-7.7339E-1	6.3633E1	4.2977E0	3.0632E6	
1625	-7.7377E-1	6.3067E1	4.3051E0	3.0655E6	
1626	-7.7446E-1	6.2048E1	4.3123E0	3.0677E6	
1627	-7.7431E-1	6.2274E1	4.3196E0	3.0699E6	
1628	-7.7332E-1	6.3746E1	4.3269E0	3.0721E6	
1629	-7.7225E-1	6.5331E1	4.3343E0	3.0743E6	
1630	-7.7339E-1	6.3633E1	4.3416E0	3.0766E6	
1631	-7.7393E-1	6.2840E1	4.3489E0	3.0788E6	
1632	-7.7293E-1	6.4312E1	4.3562E0	3.0810E6	
1633	-7.7469E-1	6.1708E1	4.3635E0	3.0832E6	
1634	-7.7637E-1	5.9217E1	4.3708E0	3.0854E6	
1635	-7.7568E-1	6.0236E1	4.3782E0	3.0877E6	
1636	-7.7675E-1	5.8651E1	4.3855E0	3.0899E6	
1637	-7.7667E-1	5.8764E1	4.3927E0	3.0921E6	
1638	-7.7789E-1	5.6953E1	4.4001E0	3.0943E6	
1639	-7.7568E-1	6.0236E1	4.4076E0	3.0965E6	
1640	-7.7682E-1	5.8538E1	4.4148E0	3.0988E6	
1641	-7.7568E-1	6.0236E1	4.4222E0	3.1010E6	
1642	-7.7820E-1	5.6500E1	4.4295E0	3.1032E6	
1643	-7.7568E-1	6.0236E1	4.4369E0	3.1054E6	
1644	-7.7797E-1	5.6839E1	4.4442E0	3.1076E6	
1645	-7.8064E-1	5.2876E1	4.4516E0	3.1099E6	
1646	-7.7820E-1	5.6500E1	4.4589E0	3.1121E6	
1647	-7.7965E-1	5.4348E1	4.4662E0	3.1143E6	
1648	-7.8049E-1	5.3103E1	4.4736E0	3.1165E6	
1649	-7.7888E-1	5.5481E1	4.4809E0	3.1187E6	
1650	-7.8133E-1	5.1857E1	4.4882E0	3.1210E6	
1651	-7.7789E-1	5.6953E1	4.4957E0	3.1232E6	
1652	-7.7827E-1	5.6386E1	4.5030E0	3.1254E6	
1653	-7.7904E-1	5.5254E1	4.5104E0	3.1276E6	
1654	-7.7881E-1	5.5594E1	4.5177E0	3.1298E6	
1655	-7.7896E-1	5.5367E1	4.5252E0	3.1321E6	
1656	-7.7995E-1	5.3896E1	4.5325E0	3.1343E6	
1657	-7.8011E-1	5.3669E1	4.5399E0	3.1365E6	
1658	-7.8056E-1	5.2990E1	4.5473E0	3.1387E6	
1659	-7.8209E-1	5.0725E1	4.5546E0	3.1409E6	
1660	-7.8125E-1	5.1971E1	4.5619E0	3.1432E6	
1661	-7.8308E-1	4.9253E1	4.5693E0	3.1454E6	
1662	-7.8056E-1	5.2990E1	4.5768E0	3.1476E6	
1663	-7.8224E-1	5.0499E1	4.5842E0	3.1498E6	
1664	-7.8392E-1	4.8008E1	4.5916E0	3.1520E6	
1665	-7.8209E-1	5.0725E1	4.5989E0	3.1543E6	
1666	-7.8194E-1	5.0952E1	4.6063E0	3.1565E6	
1667	-7.8407E-1	4.7781E1	4.6138E0	3.1587E6	
1668	-7.8300E-1	4.9366E1	4.6211E0	3.1609E6	
1669	-7.8423E-1	4.7555E1	4.6286E0	3.1631E6	
1670	-7.8606E-1	4.4837E1	4.6359E0	3.1654E6	
1671	-7.8529E-1	4.5970E1	4.6434E0	3.1676E6	
1672	-7.8461E-1	4.6989E1	4.6507E0	3.1698E6	
1673	-7.8590E-1	4.5064E1	4.6582E0	3.1720E6	
1674	-7.8613E-1	4.4724E1	4.6656E0	3.1742E6	
1675	-7.8293E-1	4.9480E1	4.6730E0	3.1765E6	
1676	-7.8499E-1	4.6423E1	4.6805E0	3.1787E6	
1677	-7.8453E-1	4.7102E1	4.6879E0	3.1809E6	
1678	-7.8583E-1	4.5177E1	4.6953E0	3.1831E6	
1679	-7.8690E-1	4.3592E1	4.7027E0	3.1853E6	
1680	-7.8522E-1	4.6083E1	4.7101E0	3.1876E6	
1681	-7.8575E-1	4.5290E1	4.7175E0	3.1898E6	
1682	-7.8819E-1	4.1667E1	4.7249E0	3.1920E6	
1683	-7.8682E-1	4.3705E1	4.7323E0	3.1942E6	
1684	-7.8499E-1	4.6423E1	4.7398E0	3.1964E6	
1685	-7.8735E-1	4.2913E1	4.7473E0	3.1987E6	
1686	-7.8873E-1	4.0875E1	4.7547E0	3.2009E6	
1687	-7.8804E-1	4.1894E1	4.7621E0	3.2031E6	
1688	-7.8644E-1	4.4271E1	4.7695E0	3.2053E6	
1689	-7.8674E-1	4.3818E1	4.7770E0	3.2075E6	
1690	-7.8659E-1	4.4045E1	4.7844E0	3.2098E6	
1691	-7.8926E-1	4.0082E1	4.7919E0	3.2120E6	
1692	-7.8789E-1	4.2120E1	4.7993E0	3.2142E6	
1693	-7.9033E-1	3.8497E1	4.8067E0	3.2164E6	
1694	-7.8911E-1	4.0308E1	4.8141E0	3.2186E6	
1695	-7.9025E-1	3.8610E1	4.8217E0	3.2209E6	
1696	-7.8934E-1	3.9969E1	4.8290E0	3.2231E6	
1697	-7.8941E-1	3.9856E1	4.8365E0	3.2253E6	
1698	-7.9010E-1	3.8836E1	4.8440E0	3.2275E6	
1699	-7.8873E-1	4.0875E1	4.8515E0	3.2297E6	
1700	-7.9124E-1	3.7138E1	4.8589E0	3.2320E6	
1701	-7.9323E-1	3.4194E1	4.8664E0	3.2342E6	
1702	-7.9178E-1	3.6346E1	4.8738E0	3.2364E6	
1703	-7.9163E-1	3.6572E1	4.8813E0	3.2386E6	
1704	-7.9262E-1	3.5100E1	4.8887E0	3.2408E6	
1705	-7.9338E-1	3.3968E1	4.8962E0	3.2431E6	
1706	-7.9308E-1	3.4421E1	4.9036E0	3.2453E6	
1707	-7.9430E-1	3.2609E1	4.9112E0	3.2475E6	
1708	-7.9239E-1	3.5440E1	4.9186E0	3.2497E6	
1709	-7.9330E-1	3.4081E1	4.9260E0	3.2519E6	
1710	-7.9338E-1	3.3968E1	4.9336E0	3.2542E6	
1711	-7.9384E-1	3.3288E1	4.9410E0	3.2564E6	
1712	-7.9330E-1	3.4081E1	4.9484E0	3.2586E6	
1713	-7.9239E-1	3.5440E1	4.9560E0	3.2608E6	
1714	-7.9361E-1	3.3628E1	4.9634E0	3.2630E6	
1715	-7.9559E-1	3.0684E1	4.9709E0	3.2653E6	
1716	-7.9453E-1	3.2269E1	4.9784E0	3.2675E6	
1717	-7.9590E-1	3.0231E1	4.9859E0	3.2697E6	
1718	-7.9559E-1	3.0684E1	4.9934E0	3.2719E6	
1719	-7.9430E-1	3.2609E1	5.0009E0	3.2741E6	
1720	-7.9765E-1	2.7627E1	5.0084E0	3.2764E6	
1721	-7.9628E-1	2.9665E1	5.0158E0	3.2786E6	
1722	-7.9605E-1	3.0005E1	5.0232E0	3.2808E6	
1723	-7.9712E-1	2.8420E1	5.0308E0	3.2830E6	
1724	-7.9666E-1	2.9099E1	5.0383E0	3.2852E6	
1725	-7.9720E-1	2.8306E1	5.0458E0	3.2875E6	
1726	-7.9681E-1	2.8873E1	5.0532E0	3.2897E6	
1727	-7.9765E-1	2.7627E1	5.0608E0	3.2919E6	
1728	-7.9895E-1	2.5702E1	5.0682E0	3.2941E6	
1729	-7.9887E-1	2.5816E1	5.0758E0	3.2963E6	
1730	-7.9811E-1	2.6948E1	5.0832E0	3.2986E6	
1731	-7.9720E-1	2.8306E1	5.0907E0	3.3008E6	
1732	-7.9758E-1	2.7740E1	5.0982E0	3.3030E6	
1733	-7.9979E-1	2.4457E1	5.1056E0	3.3052E6	
1734	-7.9742E-1	2.7967E1	5.1133E0	3.3074E6	
1735	-8.0055E-1	2.3325E1	5.1207E0	3.3097E6	
1736	-7.9773E-1	2.7514E1	5.1282E0	3.3119E6	
1737	-7.9819E-1	2.6835E1	5.1356E0	3.3141E6	
1738	-7.9910E-1	2.5476E1	5.1433E0	3.3163E6	
1739	-7.9811E-1	2.6948E1	5.1507E0	3.3185E6	
1740	-8.0025E-1	2.3777E1	5.1581E0	3.3208E6	
1741	-8.0238E-1	2.0607E1	5.1657E0	3.3230E6	
1742	-8.0177E-1	2.1513E1	5.1732E0	3.3252E6	
1743	-8.0093E-1	2.2758E1	5.1807E0	3.3274E6	
1744	-7.9971E-1	2.4570E1	5.1882E0	3.3296E6	
1745	-8.0238E-1	2.0607E1	5.1957E0	3.3319E6	
1746	-8.0238E-1	2.0607E1	5.2033E0	3.3341E6	
1747	-8.0292E-1	1.9815E1	5.2107E0	3.3363E6	
1748	-8.0238E-1	2.0607E1	5.2183E0	3.3385E6	
1749	-8.0177E-1	2.1513E1	5.2258E0	3.3407E6	
1750	-8.0070E-1	2.3098E1	5.2332E0	3.3430E6	
1751	-8.0338E-1	1.9135E1	5.2408E0	3.3452E6	
1752	-8.0360E-1	1.8796E1	5.2482E0	3.3474E6	
1753	-8.0246E-1	2.0494E1	5.2556E0	3.3496E6	
1754	-8.0444E-1	1.7550E1	5.2633E0	3.3518E6	
1755	-8.0383E-1	1.8456E1	5.2707E0	3.3541E6	
1756	-8.0437E-1	1.7663E1	5.2784E0	3.3563E6	
1757	-8.0589E-1	1.5399E1	5.2858E0	3.3585E6	
1758	-8.0406E-1	1.8116E1	5.2933E0	3.3607E6	
1759	-8.0490E-1	1.6871E1	5.3007E0	3.3629E6	
1760	-8.0597E-1	1.5286E1	5.3083E0	3.3652E6	
1761	-8.0498E-1	1.6757E1	5.3158E0	3.3674E6	
1762	-8.0597E-1	1.5286E1	5.3232E0	3.3696E6	
1763	-8.0627E-1	1.4833E1	5.3308E0	3.3718E6	
1764	-8.0559E-1	1.5852E1	5.3382E0	3.3740E6	
1765	-8.0688E-1	1.3927E1	5.3457E0	3.3763E6	
1766	-8.0704E-1	1.3700E1	5.3533E0	3.3785E6	
1767	-8.0536E-1	1.6191E1	5.3608E0	3.3807E6	
1768	-8.0627E-1	1.4833E1	5.3683E0	3.3829E6	
1769	-8.0582E-1	1.5512E1	5.3758E0	3.3851E6	
1770	-8.0925E-1	1.0417E1	5.3833E0	3.3874E6	
1771	-8.0696E-1	1.3814E1	5.3908E0	3.3896E6	
1772	-8.0612E-1	1.5059E1	5.3982E0	3.3918E6	
1773	-8.0727E-1	1.3361E1	5.4058E0	3.3940E6	
1774	-8.0826E-1	1.1889E1	5.4132E0	3.3962E6	
1775	-8.0811E-1	1.2115E1	5.4208E0	3.3985E6	
1776	-8.1032E-1	8.8317E0	5.4282E0	3.4007E6	
1777	-8.0872E-1	1.1209E1	5.4358E0	3.4029E6	
1778	-8.0894E-1	1.0870E1	5.4432E0	3.4051E6	
1779	-8.1100E-1	7.8126E0	5.4508E0	3.4073E6	
1780	-8.1032E-1	8.8317E0	5.4583E0	3.4096E6	
1781	-8.1024E-1	8.9449E0	5.4657E0	3.4118E6	
1782	-8.1169E-1	6.7936E0	5.4733E0	3.4140E6	
1783	-8.1047E-1	8.6052E0	5.4808E0	3.4162E6	
1784	-8.1055E-1	8.4920E0	5.4884E0	3.4184E6	
1785	-8.1085E-1	8.0391E0	5.4958E0	3.4207E6	
1786	-8.1047E-1	8.6052E0	5.5033E0	3.4229E6	
1787	-8.1261E-1	5.4349E0	5.5108E0	3.4251E6	
1788	-8.1284E-1	5.0952E0	5.5183E0	3.4273E6	
1789	-8.0994E-1	9.3978E0	5.5260E0	3.4295E6	
1790	-8.1238E-1	5.7746E0	5.5335E0	3.4318E6	
1791	-8.1123E-1	7.4730E0	5.5409E0	3.4340E6	
1792	-8.1223E-1	6.0010E0	5.5486E0	3.4362E6	
1793	-8.1223E-1	6.0010E0	5.5561E0	3.4384E6	
1794	-8.1200E-1	6.3407E0	5.5636E0	3.4406E6	
1795	-8.1306E-1	4.7555E0	5.5712E0	3.4429E6	
1796	-8.1123E-1	7.4730E0	5.5787E0	3.4451E6	
1797	-8.1390E-1	3.5101E0	5.5862E0	3.4473E6	
1798	-8.1444E-1	2.7175E0	5.5939E0	3.4495E6	
1799	-8.1375E-1	3.7365E0	5.6014E0	3.4517E6	
1800	-8.1520E-1	1.5852E0	5.6091E0	3.4540E6	
1801	-8.1367E-1	3.8497E0	5.6166E0	3.4562E6	
1802	-8.1490E-1	2.0381E0	5.6241E0	3.4584E6	
1803	-8.1581E-1	6.7941E-1	5.6318E0	3.4606E6	
1804	-8.1436E-1	2.8307E0	5.6393E0	3.4628E6	
1805	-8.1612E-1	2.2651E-1	5.6469E0	3.4651E6	
1806	-8.1703E-1	-1.1322E0	5.6526E0	3.4667E6	
1807	-8.1703E-1	-1.1322E0	5.6526E0	3.4667E6	
1808	-8.1703E-1	-1.1322E0	5.6526E0	3.4667E6	
1809	-8.1703E-1	-1.1322E0	5.6526E0	3.4667E6	
1810	-8.1703E-1	-1.1322E0	5.6526E0	3.4667E6	
1811	-8.1703E-1	-1.1322E0	5.6526E0	3.4667E6	
1812	-8.1703E-1	-1.1322E0	5.6526E0	3.4667E6	
1813	-8.1703E-1	-1.1322E0	5.6526E0	3.4667E6	
1814	-8.1703E-1	-1.1322E0	5.6526E0	3.4667E6	
1815	-8.1703E-1	-1.1322E0	5.6526E0	3.4667E6	
1816	-8.1703E-1	-1.1322E0	5.6526E0	3.4667E6	
1817	-8.1703E-1	-1.1322E0	5.6526E0	3.4667E6	
1818	-8.1703E-1	-1.1322E0	5.6526E0	3.4667E6	
1819	-8.1703E-1	-1.1322E0	5.6526E0	3.4667E6	
1820	-8.1703E-1	-1.1322E0	5.6526E0	3.4667E6	
1821	-8.1703E-1	-1.1322E0	5.6526E0	3.4667E6	
1822	-8.1703E-1	-1.1322E0	5.6526E0	3.4667E6	
1823	-8.1703E-1	-1.1322E0	5.6526E0	3.4667E6	
1824	-8.1703E-1	-1.1322E0	5.6526E0	3.4667E6	
1825	-8.1703E-1	-1.1322E0	5.6526E0	3.4667E6	
1826	-8.1703E-1	-1.1322E0	5.6526E0	3.4667E6	
1827	-8.1703E-1	-1.1322E0	5.6526E0	3.4667E6	
1828	-8.1703E-1	-1.1322E0	5.6526E0	3.4667E6	
1829	-8.1703E-1	-1.1322E0	5.6526E0	3.4667E6	
1830	-8.1703E-1	-1.1322E0	5.6526E0	3.4667E6	
1831	-8.1703E-1	-1.1322E0	5.6526E0	3.4667E6	
1832	-8.1703E-1	-1.1322E0	5.6526E0	3.4667E6	
1833	-8.1703E-1	-1.1322E0	5.6526E0	3.4667E6	
1834	-8.1703E-1	-1.1322E0	5.6526E0	3.4667E6	
1835	-8.1703E-1	-1.1322E0	5.6526E0	3.4667E6	
1836	-8.1703E-1	-1.1322E0	5.6526E0	3.4667E6	
1837	-8.1703E-1	-1.1322E0	5.6526E0	3.4667E6	
1838	-8.1703E-1	-1.1322E0	5.6526E0	3.4667E6	
1839	-8.1703E-1	-1.1322E0	5.6526E0	3.4667E6	
1840	-8.1703E-1	-1.1322E0	5.6526E0	3.4667E6	
1841	-8.1703E-1	-1.1322E0	5.6526E0	3.4667E6	
1842	-8.1703E-1	-1.1322E0	5.6526E0	3.4667E6	
1843	-8.1703E-1	-1.1322E0	5.6526E0	3.4667E6	
1844	-8.1703E-1	-1.1322E0	5.6526E0	3.4667E6	
1845	-8.1703E-1	-1.1322E0	5.6526E0	3.4667E6	
1846	-8.1703E-1	-1.1322E0	5.6526E0	3.4667E6	
1847	-8.1703E-1	-1.1322E0	5.6526E0	3.4667E6	
1848	-8.1703E-1	-1.1322E0	5.6526E0	3.4667E6	
1849	-8.1703E-1	-1.1322E0	5.6526E0	3.4667E6	
1850	-8.1703E-1	-1.1322E0	5.6526E0	3.4667E6	
1851	-8.1703E-1	-1.1322E0	5.6526E0	3.4667E6	
1852	-8.1703E-1	-1.1322E0	5.6526E0	3.4667E6	
1853	-8.1703E-1	-1.1322E0	5.6526E0	3.4667E6	
1854	-8.1703E-1	-1.1322E0	5.6526E0	3.4667E6	
1855	-8.1703E-1	-1.1322E0	5.6526E0	3.4667E6	
1856	-8.1703E-1	-1.1322E0	5.6526E0	3.4667E6	
1857	-8.1703E-1	-1.1322E0	5.6526E0	3.4667E6	
1858	-8.1703E-1	-1.1322E0	5.6526E0	3.4667E6	
1859	-8.1703E-1	-1.1322E0	5.6526E0	3.4667E6	
1860	-8.1703E-1	-1.1322E0	5.6526E0	3.4667E6	
1861	-8.1703E-1	-1.1322E0	5.6526E0	3.4667E6	
1862	-8.1703E-1	-1.1322E0	5.6526E0	3.4667E6	
1863	-8.1703E-1	-1.1322E0	5.6526E0	3.4667E6	
1864	-8.1703E-1	-1.1322E0	5.6526E0	3.4667E6	
1865	-8.1703E-1	-1.1322E0	5.6526E0	3.4667E6	
1866	-8.1703E-1	-1.1322E0	5.6526E0	3.4667E6	
1867	-8.1703E-1	-1.1322E0	5.6526E0	3.4667E6	
1868	-8.1703E-1	-1.1322E0	5.6526E0	3.4667E6	
1869	-8.1703E-1	-1.1322E0	5.6526E0	3.4667E6	
1870	-8.1703E-1	-1.1322E0	5.6526E0	3.4667E6	
1871	-8.1703E-1	-1.1322E0	5.6526E0	3.4667E6	
1872	-8.1703E-1	-1.1322E0	5.6526E0	3.4667E6	
1873	-8.1703E-1	-1.1322E0	5.6526E0	3.4667E6	
1874	-8.1703E-1	-1.1322E0	5.6526E0	3.4667E6	
1875	-8.1703E-1	-1.1322E0	5.6526E0	3.4667E6	
1876	-8.1703E-1	-1.1322E0	5.6526E0	3.4667E6	
1877	-8.1703E-1	-1.1322E0	5.6526E0	3.4667E6	
1878	-8.1703E-1	-1.1322E0	5.6526E0	3.4667E6	
1879	-8.1703E-1	-1.1322E0	5.6526E0	3.4667E6	
1880	-8.1703E-1	-1.1322E0	5.6526E0	3.4667E6	
1881	-8.1703E-1	-1.1322E0	5.6526E0	3.4667E6	
1882	-8.1703E-1	-1.1322E0	5.6526E0	3.4667E6	
1883	-8.1703E-1	-1.1322E0	5.6526E0	3.4667E6	
1884	-8.1703E-1	-1.1322E0	5.6526E0	3.4667E6	
1885	-8.1703E-1	-1.1322E0	5.6526E0	3.4667E6	
1886	-8.1703E-1	-1.1322E0	5.6526E0	3.4667E6	
1887	-8.1703E-1	-1.1322E0	5.6526E0	3.4667E6	
1888	-8.1703E-1	-1.1322E0	5.6526E0	3.4667E6	
1889	-8.1703E-1	-1.1322E0	5.6526E0	3.4667E6	
1890	-8.1703E-1	-1.1322E0	5.6526E0	3.4667E6	
1891	-8.1703E-1	-1.1322E0	5.6526E0	3.4667E6	
1892	-8.1703E-1	-1.1322E0	5.6526E0	3.4667E6	
1893	-8.1703E-1	-1.1322E0	5.6526E0	3.4667E6	
1894	-8.1703E-1	-1.1322E0	5.6526E0	3.4667E6	
1895	-8.1703E-1	-1.1322E0	5.6526E0	3.4667E6	
1896	-8.1703E-1	-1.1322E0	5.6526E0	3.4667E6	
1897	-8.1703E-1	-1.1322E0	5.6526E0	3.4667E6	
1898	-8.1703E-1	-1.1322E0	5.6526E0	3.4667E6	
1899	-8.1703E-1	-1.1322E0	5.6526E0	3.4667E6	
1900	-8.1703E-1	-1.1322E0	5.6526E0	3.4667E6	
1901	-8.1703E-1	-1.1322E0	5.6526E0	3.4667E6	
1902	-8.1703E-1	-1.1322E0	5.6526E0	3.4667E6	
1903	-8.1703E-1	-1.1322E0	5.6526E0	3.4667E6	
1904	-8.1703E-1	-1.1322E0	5.6526E0	3.4667E6	
1905	-8.1703E-1	-1.1322E0	5.6526E0	3.4667E6	
1906	-8.1703E-1	-1.1322E0	5.6526E0	3.4667E6	
1907	-8.1703E-1	-1.1322E0	5.6526E0	3.4667E6	
1908	-8.1703E-1	-1.1322E0	5.6526E0	3.4667E6	
1909	-8.1703E-1	-1.1322E0	5.6526E0	3.4667E6	
1910	-8.1703E-1	-1.1322E0	5.6526E0	3.4667E6	
1911	-8.1703E-1	-1.1322E0	5.6526E0	3.4667E6	
1912	-8.1703E-1	-1.1322E0	5.6526E0	3.4667E6	
1913	-8.1703E-1	-1.1322E0	5.6526E0	3.4667E6	
1914	-8.1703E-1	-1.1322E0	5.6526E0	3.4667E6	
1915	-8.1703E-1	-1.1322E0	5.6526E0	3.4667E6	
1916	-8.1703E-1	-1.1322E0	5.6526E0	3.4667E6	
1917	-8.1703E-1	-1.1322E0	5.6526E0	3.4667E6	
1918	-8.1703E-1	-1.1322E0	5.6526E0	3.4667E6	
1919	-8.1703E-1	-1.1322E0	5.6526E0	3.4667E6	
1920	-8.1703E-1	-1.1322E0	5.6526E0	3.4667E6	
1921	-8.1703E-1	-1.1322E0	5.6526E0	3.4667E6	
1922	-8.1703E-1	-1.1322E0	5.6526E0	3.4667E6	
1923	-8.1703E-1	-1.1322E0	5.6526E0	3.4667E6	
1924	-8.1703E-1	-1.1322E0	5.6526E0	3.4667E6	
1925	-8.1703E-1	-1.1322E0	5.6526E0	3.4667E6	
1926	-8.1703E-1	-1.1322E0	5.6526E0	3.4667E6	
1927	-8.1703E-1	-1.1322E0	5.6526E0	3.4667E6	
1928	-8.1703E-1	-1.1322E0	5.6526E0	3.4667E6	
1929	-8.1703E-1	-1.1322E0	5.6526E0	3.4667E6	
1930	-8.1703E-1	-1.1322E0	5.6526E0	3.4667E6	
1931	-8.1703E-1	-1.1322E0	5.6526E0	3.4667E6	
1932	-8.1703E-1	-1.1322E0	5.6526E0	3.4667E6	
1933	-8.1703E-1	-1.1322E0	5.6526E0	3.4667E6	
1934	-8.1703E-1	-1.1322E0	5.6526E0	3.4667E6	
1935	-8.1703E-1	-1.1322E0	5.6526E0	3.4667E6	
1936	-8.1703E-1	-1.1322E0	5.6526E0	3.4667E6	
1937	-8.1703E-1	-1.1322E0	5.6526E0	3.4667E6	
1938	-8.1703E-1	-1.1322E0	5.6526E0	3.4667E6	
1939	-8.1703E-1	-1.1322E0	5.6526E0	3.4667E6	
1940	-8.1703E-1	-1.1322E0	5.6526E0	3.4667E6	
1941	-8.1703E-1	-1.1322E0	5.6526E0	3.4667E6	
1942	-8.1703E-1	-1.1322E0	5.6526E0	3.4667E6	
1943	-8.1703E-1	-1.1322E0	5.6526E0	3.4667E6	
1944	-8.1703E-1	-1.1322E0	5.6526E0	3.4667E6	
1945	-8.1703E-1	-1.1322E0	5.6526E0	3.4667E6	
1946	-8.1703E-1	-1.1322E0	5.6526E0	3.4667E6	
1947	-8.1703E-1	-1.1322E0	5.6526E0	3.4667E6	
1948	-8.1703E-1	-1.1322E0	5.6526E0	3.4667E6	
1949	-8.1703E-1	-1.1322E0	5.6526E0	3.4667E6	
1950	-8.1703E-1	-1.1322E0	5.6526E0	3.4667E6	
1951	-8.1703E-1	-1.1322E0	5.6526E0	3.4667E6	
1952	-8.1703E-1	-1.1322E0	5.6526E0	3.4667E6	
1953	-8.1703E-1	-1.1322E0	5.6526E0	3.4667E6	
1954	-8.1703E-1	-1.1322E0	5.6526E0	3.4667E6	
1955	-8.1703E-1	-1.1322E0	5.6526E0	3.4667E6	
1956	-8.1703E-1	-1.1322E0	5.6526E0	3.4667E6	
1957	-8.1703E-1	-1.1322E0	5.6526E0	3.4667E6	
1958	-8.1703E-1	-1.1322E0	5.6526E0	3.4667E6	
1959	-8.1703E-1	-1.1322E0	5.6526E0	3.4667E6	
1960	-8.1703E-1	-1.1322E0	5.6526E0	3.4667E6	
1961	-8.1703E-1	-1.1322E0	5.6526E0	3.4667E6	
1962	-8.1703E-1	-1.1322E0	5.6526E0	3.4667E6	
1963	-8.1703E-1	-1.1322E0	5.6526E0	3.4667E6	
1964	-8.1703E-1	-1.1322E0	5.6526E0	3.4667E6	
1965	-8.1703E-1	-1.1322E0	5.6526E0	3.4667E6	
1966	-8.1703E-1	-1.1322E0	5.6526E0	3.4667E6	
1967	-8.1703E-1	-1.1322E0	5.6526E0	3.4667E6	
1968	-8.1703E-1	-1.1322E0	5.6526E0	3.4667E6	
1969	-8.1703E-1	-1.1322E0	5.6526E0	3.4667E6	
1970	-8.1703E-1	-1.1322E0	5.6526E0	3.4667E6	
1971	-8.1703E-1	-1.1322E0	5.6526E0	3.4667E6	
1972	-8.1703E-1	-1.1322E0	5.6526E0	3.4667E6	
1973	-8.1703E-1	-1.1322E0	5.6526E0	3.4667E6	
1974	-8.1703E-1	-1.1322E0	5.6526E0	3.4667E6	
1975	-8.1703E-1	-1.1322E0	5.6526E0	3.4667E6	
1976	-8.1703E-1	-1.1322E0	5.6526E0	3.4667E6	
1977	-8.1703E-1	-1.1322E0	5.6526E0	3.4667E6	
1978	-8.1703E-1	-1.1322E0	5.6526E0	3.4667E6	
1979	-8.1703E-1	-1.1322E0	5.6526E0	3.4667E6	
1980	-8.1703E-1	-1.1322E0	5.6526E0	3.4667E6	
1981	-8.1703E-1	-1.1322E0	5.6526E0	3.4667E6	
1982	-8.1703E-1	-1.1322E0	5.6526E0	3.4667E6	
1983	-8.1703E-1	-1.1322E0	5.6526E0	3.4667E6	
1984	-8.1703E-1	-1.1322E0	5.6526E0	3.4667E6	
1985	-8.1703E-1	-1.1322E0	5.6526E0	3.4667E6	
1986	-8.1703E-1	-1.1322E0	5.6526E0	3.4667E6	
1987	-8.1703E-1	-1.1322E0	5.6526E0	3.4667E6	
1988	-8.1703E-1	-1.1322E0	5.6526E0	3.4667E6	
1989	-8.1703E-1	-1.1322E0	5.6526E0	3.4667E6	
1990	-8.1703E-1	-1.1322E0	5.6526E0	3.4667E6	
1991	-8.1703E-1	-1.1322E0	5.6526E0	3.4667E6	
1992	-8.1703E-1	-1.1322E0	5.6526E0	3.4667E6	
1993	-8.1703E-1	-1.1322E0	5.6526E0	3.4667E6	
1994	-8.1703E-1	-1.1322E0	5.6526E0	3.4667E6	
1995	-8.1703E-1	-1.1322E0	5.6526E0	3.4667E6	
1996	-8.1703E-1	-1.1322E0	5.6526E0	3.4667E6	
1997	-8.1703E-1	-1.1322E0	5.6526E0	3.4667E6	
1998	-8.1703E-1	-1.1322E0	5.6526E0	3.4667E6	
1999	-8.1703E-1	-1.1322E0	5.6526E0	3.4667E6	
2000	-8.1703E-1	-1.1322E0	5.6526E0	3.4667E6	
2001	-8.1703E-1	-1.1322E0	5.6526E0	3.4667E6	
2002	-8.1703E-1	-1.1322E0	5.6526E0	3.4667E6	
2003	-8.1703E-1	-1.1322E0	5.6526E0	3.4667E6	
2004	-8.1703E-1	-1.1322E0	5.6526E0	3.4667E6	
2005	-8.1703E-1	-1.1322E0	5.6526E0	3.4667E6	
2006	-8.1703E-1	-1.1322E0	5.6526E0	3.4667E6	
2007	-8.1703E-1	-1.1322E0	5.6526E0	3.4667E6	
2008	-8.1703E-1	-1.1322E0	5.6526E0	3.4667E6	
2009	-8.1703E-1	-1.1322E0	5.6526E0	3.4667E6	
2010	-8.1703E-1	-1.1322E0	5.6526E0	3.4667E6	
2011	-8.1703E-1	-1.1322E0	5.6526E0	3.4667E6	
2012	-8.1703E-1	-1.1322E0	5.6526E0	3.4667E6	
2013	-8.1703E-1	-1.1322E0	5.6526E0	3.4667E6	
2014	-8.1703E-1	-1.1322E0	5.6526E0	3.4667E6	
2015	-8.1703E-1	-1.1322E0	5.6526E0	3.4667E6	
2016	-8.1703E-1	-1.1322E0	5.6526E0	3.4667E6	
2017	-8.1703E-1	-1.1322E0	5.6526E0	3.4667E6	
2018	-8.1703E-1	-1.1322E0	5.6526E0	3.4667E6	
2019	-8.1703E-1	-1.1322E0	5.6526E0	3.4667E6	
2020	-8.1703E-1	-1.1322E0	5.6526E0	3.4667E6	
2021	-8.1703E-1	-1.1322E0	5.6526E0	3.4667E6	
2022	-8.1703E-1	-1.1322E0	5.6526E0	3.4667E6	
2023	-8.1703E-1	-1.1322E0	5.6526E0	3.4667E6	
2024	-8.1703E-1	-1.1322E0	5.6526E0	3.4667E6	
2025	-8.1703E-1	-1.1322E0	5.6526E0	3.4667E6	
2026	-8.1703E-1	-1.1322E0	5.6526E0	3.4667E6	
2027	-8.1703E-1	-1.1322E0	5.6526E0	3.4667E6	
2028	-8.1703E-1	-1.1322E0	5.6526E0	3.4667E6	
2029	-8.1703E-1	-1.1322E0	5.6526E0	3.4667E6	
2030	-8.1703E-1	-1.1322E0	5.6526E0	3.4667E6	
2031	-8.1703E-1	-1.1322E0	5.6526E0	3.4667E6	
2032	-8.1703E-1	-1.1322E0	5.6526E0	3.4667E6	
2033	-8.1703E-1	-1.1322E0	5.6526E0	3.4667E6	
2034	-8.1703E-1	-1.1322E0	5.6526E0	3.4667E6	
2035	-8.1703E-1	-1.1322E0	5.6526E0	3.4667E6	
2036	-8.1703E-1	-1.1322E0	5.6526E0	3.4667E6	
2037	-8.1703E-1	-1.1322E0	5.6526E0	3.4667E6	
2038	-8.1703E-1	-1.1322E0	5.6526E0	3.4667E6	
2039	-8.1703E-1	-1.1322E0	5.6526E0	3.4667E6	
2040	-8.1703E-1	-1.1322E0	5.6526E0	3.4667E6	
2041	-8.1703E-1	-1.1322E0	5.6526E0	3.4667E6	
2042	-8.1703E-1	-1.1322E0	5.6526E0	3.4667E6	
2043	-8.1703E-1	-1.1322E0	5.6526E0	3.4667E6	
2044	-8.1703E-1	-1.1322E0	5.6526E0	3.4667E6	
2045	-8.1703E-1	-1.1322E0	5.6526E0	3.4667E6	
2046	-8.1703E-1	-1.1322E0	5.6526E0	3.4667E6	
2047	-8.1703E-1	-1.1322E0	5.6526E0	3.4667E6	
2048	-8.1703E-1	-1.1322E0	5.6526E0	3.4667E6	
