point 124
Index	Vertical (A-B)	Force	Z Height	Time Stamp	
     	V	nN	?m	?sec	
1	-8.0811E-1	-2.2641E-1	5.4774E0	1.2000E2	
2	-8.0841E-1	-6.7931E-1	5.4760E0	2.3400E3	
3	-8.0696E-1	1.4720E0	5.4733E0	4.5600E3	
4	-8.0765E-1	4.5294E-1	5.4702E0	6.7800E3	
5	-8.1032E-1	-3.5100E0	5.4669E0	9.0000E3	
6	-8.0925E-1	-1.9248E0	5.4633E0	1.1220E4	
7	-8.0788E-1	1.1327E-1	5.4596E0	1.3440E4	
8	-8.0833E-1	-5.6609E-1	5.4556E0	1.5660E4	
9	-8.0818E-1	-3.3964E-1	5.4517E0	1.7880E4	
10	-8.1024E-1	-3.3967E0	5.4475E0	2.0100E4	
11	-8.0727E-1	1.0191E0	5.4433E0	2.2320E4	
12	-8.0734E-1	9.0585E-1	5.4391E0	2.4540E4	
13	-8.0711E-1	1.2455E0	5.4348E0	2.6760E4	
14	-8.0681E-1	1.6984E0	5.4305E0	2.8980E4	
15	-8.0742E-1	7.9262E-1	5.4261E0	3.1200E4	
16	-8.0444E-1	5.2084E0	5.4216E0	3.3420E4	
17	-8.0597E-1	2.9439E0	5.4171E0	3.5640E4	
18	-8.0872E-1	-1.1322E0	5.4125E0	3.7860E4	
19	-8.0566E-1	3.3968E0	5.4080E0	4.0080E4	
20	-8.0772E-1	3.3972E-1	5.4034E0	4.2300E4	
21	-8.0574E-1	3.2836E0	5.3987E0	4.4520E4	
22	-8.0566E-1	3.3968E0	5.3941E0	4.6740E4	
23	-8.0658E-1	2.0381E0	5.3896E0	4.8960E4	
24	-8.0650E-1	2.1513E0	5.3849E0	5.1180E4	
25	-8.0429E-1	5.4349E0	5.3802E0	5.3400E4	
26	-8.0681E-1	1.6984E0	5.3754E0	5.5620E4	
27	-8.0406E-1	5.7746E0	5.3707E0	5.7840E4	
28	-8.0559E-1	3.5100E0	5.3659E0	6.0060E4	
29	-8.0467E-1	4.8687E0	5.3612E0	6.2280E4	
30	-8.0467E-1	4.8687E0	5.3564E0	6.4500E4	
31	-8.0734E-1	9.0585E-1	5.3515E0	6.6720E4	
32	-8.0399E-1	5.8878E0	5.3469E0	6.8940E4	
33	-8.0391E-1	6.0010E0	5.3419E0	7.1160E4	
34	-8.0353E-1	6.5671E0	5.3371E0	7.3380E4	
35	-8.0322E-1	7.0200E0	5.3323E0	7.5600E4	
36	-8.0444E-1	5.2084E0	5.3274E0	7.7820E4	
37	-8.0406E-1	5.7746E0	5.3226E0	8.0040E4	
38	-8.0391E-1	6.0010E0	5.3176E0	8.2260E4	
39	-8.0345E-1	6.6804E0	5.3128E0	8.4480E4	
40	-8.0223E-1	8.4920E0	5.3078E0	8.6700E4	
41	-8.0292E-1	7.4729E0	5.3030E0	8.8920E4	
42	-8.0246E-1	8.1523E0	5.2980E0	9.1140E4	
43	-8.0124E-1	9.9639E0	5.2931E0	9.3360E4	
44	-8.0139E-1	9.7375E0	5.2881E0	9.5580E4	
45	-8.0292E-1	7.4729E0	5.2832E0	9.7800E4	
46	-8.0101E-1	1.0304E1	5.2782E0	1.0002E5	
47	-8.0391E-1	6.0010E0	5.2733E0	1.0224E5	
48	-8.0223E-1	8.4920E0	5.2683E0	1.0446E5	
49	-8.0101E-1	1.0304E1	5.2633E0	1.0668E5	
50	-8.0315E-1	7.1333E0	5.2584E0	1.0890E5	
51	-8.0139E-1	9.7375E0	5.2534E0	1.1112E5	
52	-7.9842E-1	1.4153E1	5.2483E0	1.1334E5	
53	-8.0109E-1	1.0190E1	5.2433E0	1.1556E5	
54	-8.0254E-1	8.0391E0	5.2383E0	1.1778E5	
55	-8.0261E-1	7.9258E0	5.2333E0	1.2000E5	
56	-7.9842E-1	1.4153E1	5.2283E0	1.2222E5	
57	-8.0124E-1	9.9639E0	5.2232E0	1.2444E5	
58	-8.0223E-1	8.4920E0	5.2181E0	1.2666E5	
59	-8.0360E-1	6.4539E0	5.2131E0	1.2888E5	
60	-7.9872E-1	1.3700E1	5.2079E0	1.3110E5	
61	-8.0200E-1	8.8316E0	5.2029E0	1.3332E5	
62	-8.0009E-1	1.1662E1	5.1978E0	1.3554E5	
63	-8.0040E-1	1.1209E1	5.1927E0	1.3776E5	
64	-7.9842E-1	1.4153E1	5.1876E0	1.3998E5	
65	-7.9971E-1	1.2228E1	5.1825E0	1.4220E5	
66	-7.9826E-1	1.4380E1	5.1774E0	1.4442E5	
67	-7.9971E-1	1.2228E1	5.1723E0	1.4664E5	
68	-7.9697E-1	1.6305E1	5.1671E0	1.4886E5	
69	-7.9781E-1	1.5059E1	5.1619E0	1.5108E5	
70	-7.9720E-1	1.5965E1	5.1568E0	1.5330E5	
71	-7.9788E-1	1.4946E1	5.1518E0	1.5552E5	
72	-7.9956E-1	1.2455E1	5.1466E0	1.5774E5	
73	-7.9582E-1	1.8003E1	5.1414E0	1.5996E5	
74	-7.9788E-1	1.4946E1	5.1362E0	1.6218E5	
75	-7.9926E-1	1.2908E1	5.1311E0	1.6440E5	
76	-7.9636E-1	1.7210E1	5.1259E0	1.6662E5	
77	-7.9659E-1	1.6871E1	5.1209E0	1.6884E5	
78	-7.9819E-1	1.4493E1	5.1155E0	1.7106E5	
79	-7.9872E-1	1.3700E1	5.1102E0	1.7328E5	
80	-7.9857E-1	1.3927E1	5.1051E0	1.7550E5	
81	-7.9918E-1	1.3021E1	5.0999E0	1.7772E5	
82	-7.9567E-1	1.8229E1	5.0947E0	1.7994E5	
83	-7.9674E-1	1.6644E1	5.0894E0	1.8216E5	
84	-7.9666E-1	1.6757E1	5.0842E0	1.8438E5	
85	-7.9460E-1	1.9815E1	5.0791E0	1.8660E5	
86	-7.9781E-1	1.5059E1	5.0737E0	1.8882E5	
87	-7.9849E-1	1.4040E1	5.0685E0	1.9104E5	
88	-7.9773E-1	1.5172E1	5.0632E0	1.9326E5	
89	-7.9742E-1	1.5625E1	5.0580E0	1.9548E5	
90	-7.9575E-1	1.8116E1	5.0527E0	1.9770E5	
91	-7.9849E-1	1.4040E1	5.0475E0	1.9992E5	
92	-7.9475E-1	1.9588E1	5.0421E0	2.0214E5	
93	-7.9544E-1	1.8569E1	5.0369E0	2.0436E5	
94	-7.9483E-1	1.9475E1	5.0316E0	2.0658E5	
95	-7.9582E-1	1.8003E1	5.0263E0	2.0880E5	
96	-7.9460E-1	1.9815E1	5.0211E0	2.1102E5	
97	-7.9300E-1	2.2192E1	5.0157E0	2.1324E5	
98	-7.9269E-1	2.2645E1	5.0104E0	2.1546E5	
99	-7.9391E-1	2.0834E1	5.0050E0	2.1768E5	
100	-7.9247E-1	2.2985E1	4.9997E0	2.1990E5	
101	-7.9330E-1	2.1739E1	4.9943E0	2.2212E5	
102	-7.9262E-1	2.2758E1	4.9890E0	2.2434E5	
103	-7.9262E-1	2.2758E1	4.9837E0	2.2656E5	
104	-7.9391E-1	2.0834E1	4.9783E0	2.2878E5	
105	-7.9361E-1	2.1286E1	4.9729E0	2.3100E5	
106	-7.9277E-1	2.2532E1	4.9676E0	2.3322E5	
107	-7.9247E-1	2.2985E1	4.9623E0	2.3544E5	
108	-7.9277E-1	2.2532E1	4.9568E0	2.3766E5	
109	-7.9346E-1	2.1513E1	4.9515E0	2.3988E5	
110	-7.9117E-1	2.4910E1	4.9461E0	2.4210E5	
111	-7.9254E-1	2.2872E1	4.9407E0	2.4432E5	
112	-7.9346E-1	2.1513E1	4.9354E0	2.4654E5	
113	-7.9208E-1	2.3551E1	4.9299E0	2.4876E5	
114	-7.9254E-1	2.2872E1	4.9245E0	2.5098E5	
115	-7.9147E-1	2.4457E1	4.9191E0	2.5320E5	
116	-7.8941E-1	2.7514E1	4.9137E0	2.5542E5	
117	-7.9216E-1	2.3438E1	4.9083E0	2.5764E5	
118	-7.9048E-1	2.5929E1	4.9028E0	2.5986E5	
119	-7.9071E-1	2.5589E1	4.8974E0	2.6208E5	
120	-7.9147E-1	2.4457E1	4.8920E0	2.6430E5	
121	-7.9033E-1	2.6155E1	4.8866E0	2.6652E5	
122	-7.9117E-1	2.4910E1	4.8811E0	2.6874E5	
123	-7.9239E-1	2.3098E1	4.8756E0	2.7096E5	
124	-7.9132E-1	2.4683E1	4.8702E0	2.7318E5	
125	-7.9048E-1	2.5929E1	4.8648E0	2.7540E5	
126	-7.8934E-1	2.7627E1	4.8592E0	2.7762E5	
127	-7.9048E-1	2.5929E1	4.8538E0	2.7984E5	
128	-7.8712E-1	3.0911E1	4.8484E0	2.8206E5	
129	-7.8941E-1	2.7514E1	4.8429E0	2.8428E5	
130	-7.9109E-1	2.5023E1	4.8373E0	2.8650E5	
131	-7.8880E-1	2.8420E1	4.8318E0	2.8872E5	
132	-7.8857E-1	2.8759E1	4.8264E0	2.9094E5	
133	-7.8781E-1	2.9892E1	4.8208E0	2.9316E5	
134	-7.9018E-1	2.6382E1	4.8153E0	2.9538E5	
135	-7.8598E-1	3.2609E1	4.8098E0	2.9760E5	
136	-7.8766E-1	3.0118E1	4.8043E0	2.9982E5	
137	-7.8621E-1	3.2269E1	4.7987E0	3.0204E5	
138	-7.8751E-1	3.0345E1	4.7932E0	3.0426E5	
139	-7.8560E-1	3.3175E1	4.7876E0	3.0648E5	
140	-7.8598E-1	3.2609E1	4.7821E0	3.0870E5	
141	-7.8514E-1	3.3855E1	4.7766E0	3.1092E5	
142	-7.8827E-1	2.9212E1	4.7710E0	3.1314E5	
143	-7.8529E-1	3.3628E1	4.7654E0	3.1536E5	
144	-7.8453E-1	3.4760E1	4.7599E0	3.1758E5	
145	-7.8697E-1	3.1137E1	4.7544E0	3.1980E5	
146	-7.8705E-1	3.1024E1	4.7487E0	3.2202E5	
147	-7.8804E-1	2.9552E1	4.7432E0	3.2424E5	
148	-7.8545E-1	3.3402E1	4.7375E0	3.2646E5	
149	-7.8552E-1	3.3288E1	4.7320E0	3.2868E5	
150	-7.8690E-1	3.1250E1	4.7264E0	3.3090E5	
151	-7.8407E-1	3.5440E1	4.7208E0	3.3312E5	
152	-7.8461E-1	3.4647E1	4.7152E0	3.3534E5	
153	-7.8438E-1	3.4987E1	4.7096E0	3.3756E5	
154	-7.8613E-1	3.2383E1	4.7040E0	3.3978E5	
155	-7.8293E-1	3.7138E1	4.6983E0	3.4200E5	
156	-7.8613E-1	3.2383E1	4.6926E0	3.4422E5	
157	-7.8415E-1	3.5326E1	4.6871E0	3.4644E5	
158	-7.8369E-1	3.6006E1	4.6814E0	3.4866E5	
159	-7.8163E-1	3.9063E1	4.6757E0	3.5088E5	
160	-7.8545E-1	3.3402E1	4.6702E0	3.5310E5	
161	-7.8552E-1	3.3288E1	4.6644E0	3.5532E5	
162	-7.8224E-1	3.8157E1	4.6589E0	3.5754E5	
163	-7.8461E-1	3.4647E1	4.6530E0	3.5976E5	
164	-7.8522E-1	3.3741E1	4.6474E0	3.6198E5	
165	-7.8217E-1	3.8270E1	4.6419E0	3.6420E5	
166	-7.8316E-1	3.6798E1	4.6361E0	3.6642E5	
167	-7.8293E-1	3.7138E1	4.6304E0	3.6864E5	
168	-7.8087E-1	4.0195E1	4.6247E0	3.7086E5	
169	-7.8186E-1	3.8723E1	4.6190E0	3.7308E5	
170	-7.8300E-1	3.7025E1	4.6134E0	3.7530E5	
171	-7.8140E-1	3.9403E1	4.6075E0	3.7752E5	
172	-7.8011E-1	4.1327E1	4.6020E0	3.7974E5	
173	-7.8209E-1	3.8384E1	4.5961E0	3.8196E5	
174	-7.8056E-1	4.0648E1	4.5906E0	3.8418E5	
175	-7.8110E-1	3.9856E1	4.5848E0	3.8640E5	
176	-7.8125E-1	3.9629E1	4.5790E0	3.8862E5	
177	-7.8262E-1	3.7591E1	4.5732E0	3.9084E5	
178	-7.8072E-1	4.0422E1	4.5676E0	3.9306E5	
179	-7.8255E-1	3.7704E1	4.5618E0	3.9528E5	
180	-7.8239E-1	3.7931E1	4.5560E0	3.9750E5	
181	-7.8102E-1	3.9969E1	4.5503E0	3.9972E5	
182	-7.7858E-1	4.3592E1	4.5445E0	4.0194E5	
183	-7.8049E-1	4.0761E1	4.5387E0	4.0416E5	
184	-7.8011E-1	4.1327E1	4.5330E0	4.0638E5	
185	-7.7980E-1	4.1780E1	4.5273E0	4.0860E5	
186	-7.8094E-1	4.0082E1	4.5214E0	4.1082E5	
187	-7.7904E-1	4.2913E1	4.5157E0	4.1304E5	
188	-7.7873E-1	4.3366E1	4.5098E0	4.1526E5	
189	-7.7942E-1	4.2346E1	4.5041E0	4.1748E5	
190	-7.7888E-1	4.3139E1	4.4983E0	4.1970E5	
191	-7.7736E-1	4.5404E1	4.4925E0	4.2192E5	
192	-7.7744E-1	4.5290E1	4.4867E0	4.2414E5	
193	-7.8079E-1	4.0308E1	4.4808E0	4.2636E5	
194	-7.7698E-1	4.5970E1	4.4751E0	4.2858E5	
195	-7.7782E-1	4.4724E1	4.4692E0	4.3080E5	
196	-7.7682E-1	4.6196E1	4.4635E0	4.3302E5	
197	-7.7667E-1	4.6423E1	4.4575E0	4.3524E5	
198	-7.7454E-1	4.9593E1	4.4517E0	4.3746E5	
199	-7.7766E-1	4.4951E1	4.4459E0	4.3968E5	
200	-7.7446E-1	4.9706E1	4.4400E0	4.4190E5	
201	-7.7713E-1	4.5743E1	4.4342E0	4.4412E5	
202	-7.7744E-1	4.5290E1	4.4283E0	4.4634E5	
203	-7.7705E-1	4.5856E1	4.4226E0	4.4856E5	
204	-7.7576E-1	4.7781E1	4.4167E0	4.5078E5	
205	-7.7850E-1	4.3705E1	4.4108E0	4.5300E5	
206	-7.7629E-1	4.6989E1	4.4050E0	4.5522E5	
207	-7.7629E-1	4.6989E1	4.3991E0	4.5744E5	
208	-7.7538E-1	4.8347E1	4.3931E0	4.5966E5	
209	-7.7545E-1	4.8234E1	4.3873E0	4.6188E5	
210	-7.7354E-1	5.1065E1	4.3814E0	4.6410E5	
211	-7.7316E-1	5.1631E1	4.3754E0	4.6632E5	
212	-7.7385E-1	5.0612E1	4.3695E0	4.6854E5	
213	-7.7263E-1	5.2424E1	4.3636E0	4.7076E5	
214	-7.7530E-1	4.8461E1	4.3578E0	4.7298E5	
215	-7.7332E-1	5.1405E1	4.3518E0	4.7520E5	
216	-7.7560E-1	4.8008E1	4.3458E0	4.7742E5	
217	-7.7293E-1	5.1971E1	4.3400E0	4.7964E5	
218	-7.7774E-1	4.4837E1	4.3340E0	4.8186E5	
219	-7.7415E-1	5.0159E1	4.3281E0	4.8408E5	
220	-7.7286E-1	5.2084E1	4.3222E0	4.8630E5	
221	-7.7263E-1	5.2424E1	4.3163E0	4.8852E5	
222	-7.7492E-1	4.9027E1	4.3103E0	4.9074E5	
223	-7.7278E-1	5.2197E1	4.3044E0	4.9296E5	
224	-7.7133E-1	5.4348E1	4.2984E0	4.9518E5	
225	-7.7309E-1	5.1744E1	4.2925E0	4.9740E5	
226	-7.7324E-1	5.1518E1	4.2865E0	4.9962E5	
227	-7.7370E-1	5.0838E1	4.2806E0	5.0184E5	
228	-7.7118E-1	5.4575E1	4.2746E0	5.0406E5	
229	-7.7255E-1	5.2537E1	4.2686E0	5.0628E5	
230	-7.7103E-1	5.4801E1	4.2626E0	5.0850E5	
231	-7.6927E-1	5.7405E1	4.2566E0	5.1072E5	
232	-7.6942E-1	5.7179E1	4.2508E0	5.1294E5	
233	-7.7057E-1	5.5481E1	4.2447E0	5.1516E5	
234	-7.6996E-1	5.6386E1	4.2387E0	5.1738E5	
235	-7.6965E-1	5.6839E1	4.2326E0	5.1960E5	
236	-7.7087E-1	5.5028E1	4.2267E0	5.2182E5	
237	-7.7087E-1	5.5028E1	4.2208E0	5.2404E5	
238	-7.6958E-1	5.6953E1	4.2147E0	5.2626E5	
239	-7.6965E-1	5.6839E1	4.2086E0	5.2848E5	
240	-7.6904E-1	5.7745E1	4.2026E0	5.3070E5	
241	-7.6981E-1	5.6613E1	4.1966E0	5.3292E5	
242	-7.6927E-1	5.7405E1	4.1907E0	5.3514E5	
243	-7.7095E-1	5.4915E1	4.1847E0	5.3736E5	
244	-7.7065E-1	5.5367E1	4.1785E0	5.3958E5	
245	-7.6859E-1	5.8425E1	4.1725E0	5.4180E5	
246	-7.6912E-1	5.7632E1	4.1666E0	5.4402E5	
247	-7.6576E-1	6.2614E1	4.1604E0	5.4624E5	
248	-7.6988E-1	5.6500E1	4.1544E0	5.4846E5	
249	-7.6874E-1	5.8198E1	4.1483E0	5.5068E5	
250	-7.6714E-1	6.0576E1	4.1424E0	5.5290E5	
251	-7.6813E-1	5.9104E1	4.1363E0	5.5512E5	
252	-7.6637E-1	6.1708E1	4.1302E0	5.5734E5	
253	-7.6553E-1	6.2954E1	4.1241E0	5.5956E5	
254	-7.6797E-1	5.9330E1	4.1181E0	5.6178E5	
255	-7.6912E-1	5.7632E1	4.1120E0	5.6400E5	
256	-7.6897E-1	5.7858E1	4.1059E0	5.6622E5	
257	-7.6630E-1	6.1821E1	4.0998E0	5.6844E5	
258	-7.6622E-1	6.1935E1	4.0938E0	5.7066E5	
259	-7.6622E-1	6.1935E1	4.0876E0	5.7288E5	
260	-7.6591E-1	6.2387E1	4.0815E0	5.7510E5	
261	-7.6599E-1	6.2274E1	4.0754E0	5.7732E5	
262	-7.6508E-1	6.3633E1	4.0693E0	5.7954E5	
263	-7.6515E-1	6.3520E1	4.0632E0	5.8176E5	
264	-7.6439E-1	6.4652E1	4.0572E0	5.8398E5	
265	-7.6607E-1	6.2161E1	4.0509E0	5.8620E5	
266	-7.6286E-1	6.6916E1	4.0449E0	5.8842E5	
267	-7.6416E-1	6.4992E1	4.0387E0	5.9064E5	
268	-7.6340E-1	6.6124E1	4.0327E0	5.9286E5	
269	-7.6317E-1	6.6464E1	4.0265E0	5.9508E5	
270	-7.6515E-1	6.3520E1	4.0204E0	5.9730E5	
271	-7.6233E-1	6.7709E1	4.0143E0	5.9952E5	
272	-7.6431E-1	6.4765E1	4.0081E0	6.0174E5	
273	-7.6538E-1	6.3180E1	4.0020E0	6.0396E5	
274	-7.6469E-1	6.4199E1	3.9959E0	6.0618E5	
275	-7.6050E-1	7.0426E1	3.9897E0	6.0840E5	
276	-7.6248E-1	6.7483E1	3.9835E0	6.1062E5	
277	-7.6508E-1	6.3633E1	3.9774E0	6.1284E5	
278	-7.6149E-1	6.8955E1	3.9712E0	6.1506E5	
279	-7.6355E-1	6.5897E1	3.9650E0	6.1728E5	
280	-7.6340E-1	6.6124E1	3.9589E0	6.1950E5	
281	-7.6134E-1	6.9181E1	3.9527E0	6.2172E5	
282	-7.6416E-1	6.4992E1	3.9465E0	6.2394E5	
283	-7.6019E-1	7.0879E1	3.9404E0	6.2616E5	
284	-7.6210E-1	6.8049E1	3.9341E0	6.2838E5	
285	-7.5890E-1	7.2804E1	3.9278E0	6.3060E5	
286	-7.6080E-1	6.9974E1	3.9217E0	6.3282E5	
287	-7.6180E-1	6.8502E1	3.9155E0	6.3504E5	
288	-7.5859E-1	7.3257E1	3.9093E0	6.3726E5	
289	-7.5996E-1	7.1219E1	3.9031E0	6.3948E5	
290	-7.5920E-1	7.2351E1	3.8970E0	6.4170E5	
291	-7.5996E-1	7.1219E1	3.8908E0	6.4392E5	
292	-7.5775E-1	7.4503E1	3.8845E0	6.4614E5	
293	-7.6065E-1	7.0200E1	3.8783E0	6.4836E5	
294	-7.5928E-1	7.2238E1	3.8720E0	6.5058E5	
295	-7.5958E-1	7.1785E1	3.8658E0	6.5280E5	
296	-7.5691E-1	7.5748E1	3.8596E0	6.5502E5	
297	-7.5691E-1	7.5748E1	3.8534E0	6.5724E5	
298	-7.5966E-1	7.1672E1	3.8472E0	6.5946E5	
299	-7.5981E-1	7.1445E1	3.8409E0	6.6168E5	
300	-7.5737E-1	7.5069E1	3.8346E0	6.6390E5	
301	-7.5592E-1	7.7220E1	3.8284E0	6.6612E5	
302	-7.5928E-1	7.2238E1	3.8221E0	6.6834E5	
303	-7.5859E-1	7.3257E1	3.8158E0	6.7056E5	
304	-7.5623E-1	7.6767E1	3.8096E0	6.7278E5	
305	-7.5600E-1	7.7107E1	3.8034E0	6.7500E5	
306	-7.5745E-1	7.4955E1	3.7971E0	6.7722E5	
307	-7.5378E-1	8.0390E1	3.7908E0	6.7944E5	
308	-7.5752E-1	7.4842E1	3.7846E0	6.8166E5	
309	-7.5493E-1	7.8692E1	3.7782E0	6.8388E5	
310	-7.5722E-1	7.5295E1	3.7719E0	6.8610E5	
311	-7.5424E-1	7.9711E1	3.7656E0	6.8832E5	
312	-7.5493E-1	7.8692E1	3.7594E0	6.9054E5	
313	-7.5516E-1	7.8352E1	3.7532E0	6.9276E5	
314	-7.5592E-1	7.7220E1	3.7468E0	6.9498E5	
315	-7.5623E-1	7.6767E1	3.7406E0	6.9720E5	
316	-7.5539E-1	7.8013E1	3.7342E0	6.9942E5	
317	-7.5508E-1	7.8465E1	3.7279E0	7.0164E5	
318	-7.5493E-1	7.8692E1	3.7216E0	7.0386E5	
319	-7.5394E-1	8.0164E1	3.7153E0	7.0608E5	
320	-7.5470E-1	7.9032E1	3.7089E0	7.0830E5	
321	-7.5409E-1	7.9937E1	3.7026E0	7.1052E5	
322	-7.5127E-1	8.4127E1	3.6962E0	7.1274E5	
323	-7.5279E-1	8.1862E1	3.6900E0	7.1496E5	
324	-7.5256E-1	8.2202E1	3.6836E0	7.1718E5	
325	-7.5432E-1	7.9598E1	3.6773E0	7.1940E5	
326	-7.5424E-1	7.9711E1	3.6710E0	7.2162E5	
327	-7.5348E-1	8.0843E1	3.6646E0	7.2384E5	
328	-7.5287E-1	8.1749E1	3.6582E0	7.2606E5	
329	-7.4974E-1	8.6391E1	3.6519E0	7.2828E5	
330	-7.5272E-1	8.1975E1	3.6457E0	7.3050E5	
331	-7.5310E-1	8.1409E1	3.6392E0	7.3272E5	
332	-7.5081E-1	8.4806E1	3.6329E0	7.3494E5	
333	-7.5226E-1	8.2655E1	3.6265E0	7.3716E5	
334	-7.5050E-1	8.5259E1	3.6201E0	7.3938E5	
335	-7.5394E-1	8.0164E1	3.6137E0	7.4160E5	
336	-7.5081E-1	8.4806E1	3.6074E0	7.4382E5	
337	-7.5035E-1	8.5485E1	3.6010E0	7.4604E5	
338	-7.4905E-1	8.7410E1	3.5947E0	7.4826E5	
339	-7.4966E-1	8.6505E1	3.5883E0	7.5048E5	
340	-7.5218E-1	8.2768E1	3.5818E0	7.5270E5	
341	-7.4898E-1	8.7524E1	3.5755E0	7.5492E5	
342	-7.5027E-1	8.5599E1	3.5691E0	7.5714E5	
343	-7.5073E-1	8.4919E1	3.5627E0	7.5936E5	
344	-7.4883E-1	8.7750E1	3.5562E0	7.6158E5	
345	-7.5027E-1	8.5599E1	3.5499E0	7.6380E5	
346	-7.4837E-1	8.8429E1	3.5435E0	7.6602E5	
347	-7.4951E-1	8.6731E1	3.5371E0	7.6824E5	
348	-7.4715E-1	9.0241E1	3.5306E0	7.7046E5	
349	-7.4738E-1	8.9901E1	3.5242E0	7.7268E5	
350	-7.4577E-1	9.2279E1	3.5177E0	7.7490E5	
351	-7.4814E-1	8.8769E1	3.5114E0	7.7712E5	
352	-7.4875E-1	8.7863E1	3.5048E0	7.7934E5	
353	-7.5050E-1	8.5259E1	3.4985E0	7.8156E5	
354	-7.4867E-1	8.7976E1	3.4920E0	7.8378E5	
355	-7.4638E-1	9.1373E1	3.4857E0	7.8600E5	
356	-7.4615E-1	9.1713E1	3.4792E0	7.8822E5	
357	-7.4776E-1	8.9335E1	3.4728E0	7.9044E5	
358	-7.4615E-1	9.1713E1	3.4663E0	7.9266E5	
359	-7.4760E-1	8.9562E1	3.4598E0	7.9488E5	
360	-7.4471E-1	9.3864E1	3.4534E0	7.9710E5	
361	-7.4356E-1	9.5563E1	3.4470E0	7.9932E5	
362	-7.4387E-1	9.5110E1	3.4405E0	8.0154E5	
363	-7.4356E-1	9.5563E1	3.4341E0	8.0376E5	
364	-7.4371E-1	9.5336E1	3.4277E0	8.0598E5	
365	-7.4501E-1	9.3411E1	3.4210E0	8.0820E5	
366	-7.4394E-1	9.4996E1	3.4146E0	8.1042E5	
367	-7.4318E-1	9.6129E1	3.4081E0	8.1264E5	
368	-7.4402E-1	9.4883E1	3.4017E0	8.1486E5	
369	-7.4425E-1	9.4544E1	3.3952E0	8.1708E5	
370	-7.4272E-1	9.6808E1	3.3887E0	8.1930E5	
371	-7.4242E-1	9.7261E1	3.3822E0	8.2152E5	
372	-7.4394E-1	9.4996E1	3.3757E0	8.2374E5	
373	-7.4478E-1	9.3751E1	3.3692E0	8.2596E5	
374	-7.4036E-1	1.0032E2	3.3627E0	8.2818E5	
375	-7.4226E-1	9.7487E1	3.3563E0	8.3040E5	
376	-7.4310E-1	9.6242E1	3.3497E0	8.3262E5	
377	-7.4326E-1	9.6015E1	3.3431E0	8.3484E5	
378	-7.4257E-1	9.7035E1	3.3367E0	8.3706E5	
379	-7.4203E-1	9.7827E1	3.3301E0	8.3928E5	
380	-7.4242E-1	9.7261E1	3.3236E0	8.4150E5	
381	-7.4226E-1	9.7487E1	3.3171E0	8.4372E5	
382	-7.4272E-1	9.6808E1	3.3107E0	8.4594E5	
383	-7.4020E-1	1.0054E2	3.3041E0	8.4816E5	
384	-7.4135E-1	9.8846E1	3.2976E0	8.5038E5	
385	-7.4318E-1	9.6129E1	3.2910E0	8.5260E5	
386	-7.3921E-1	1.0202E2	3.2845E0	8.5482E5	
387	-7.4043E-1	1.0020E2	3.2779E0	8.5704E5	
388	-7.3868E-1	1.0281E2	3.2714E0	8.5926E5	
389	-7.4272E-1	9.6808E1	3.2648E0	8.6148E5	
390	-7.4310E-1	9.6242E1	3.2584E0	8.6370E5	
391	-7.3936E-1	1.0179E2	3.2517E0	8.6592E5	
392	-7.3929E-1	1.0190E2	3.2451E0	8.6814E5	
393	-7.3898E-1	1.0236E2	3.2387E0	8.7036E5	
394	-7.4028E-1	1.0043E2	3.2321E0	8.7258E5	
395	-7.3944E-1	1.0168E2	3.2255E0	8.7480E5	
396	-7.3898E-1	1.0236E2	3.2189E0	8.7702E5	
397	-7.3822E-1	1.0349E2	3.2124E0	8.7924E5	
398	-7.4028E-1	1.0043E2	3.2059E0	8.8146E5	
399	-7.3914E-1	1.0213E2	3.1992E0	8.8368E5	
400	-7.3708E-1	1.0519E2	3.1926E0	8.8590E5	
401	-7.3761E-1	1.0439E2	3.1860E0	8.8812E5	
402	-7.3906E-1	1.0224E2	3.1795E0	8.9034E5	
403	-7.3929E-1	1.0190E2	3.1729E0	8.9256E5	
404	-7.3982E-1	1.0111E2	3.1662E0	8.9478E5	
405	-7.3685E-1	1.0553E2	3.1597E0	8.9700E5	
406	-7.3883E-1	1.0258E2	3.1531E0	8.9922E5	
407	-7.3738E-1	1.0473E2	3.1464E0	9.0144E5	
408	-7.3578E-1	1.0711E2	3.1398E0	9.0366E5	
409	-7.3769E-1	1.0428E2	3.1334E0	9.0588E5	
410	-7.3708E-1	1.0519E2	3.1267E0	9.0810E5	
411	-7.3349E-1	1.1051E2	3.1200E0	9.1032E5	
412	-7.3586E-1	1.0700E2	3.1134E0	9.1254E5	
413	-7.3547E-1	1.0756E2	3.1067E0	9.1476E5	
414	-7.3410E-1	1.0960E2	3.1002E0	9.1698E5	
415	-7.3616E-1	1.0655E2	3.0936E0	9.1920E5	
416	-7.3448E-1	1.0904E2	3.0869E0	9.2142E5	
417	-7.3532E-1	1.0779E2	3.0803E0	9.2364E5	
418	-7.3486E-1	1.0847E2	3.0736E0	9.2586E5	
419	-7.3402E-1	1.0972E2	3.0670E0	9.2808E5	
420	-7.3288E-1	1.1141E2	3.0604E0	9.3030E5	
421	-7.3372E-1	1.1017E2	3.0538E0	9.3252E5	
422	-7.3410E-1	1.0960E2	3.0471E0	9.3474E5	
423	-7.3318E-1	1.1096E2	3.0404E0	9.3696E5	
424	-7.3387E-1	1.0994E2	3.0338E0	9.3918E5	
425	-7.3357E-1	1.1040E2	3.0270E0	9.4140E5	
426	-7.3112E-1	1.1402E2	3.0204E0	9.4362E5	
427	-7.3418E-1	1.0949E2	3.0139E0	9.4584E5	
428	-7.3219E-1	1.1243E2	3.0071E0	9.4806E5	
429	-7.3059E-1	1.1481E2	3.0005E0	9.5028E5	
430	-7.3074E-1	1.1458E2	2.9938E0	9.5250E5	
431	-7.3128E-1	1.1379E2	2.9871E0	9.5472E5	
432	-7.3257E-1	1.1187E2	2.9805E0	9.5694E5	
433	-7.3280E-1	1.1153E2	2.9737E0	9.5916E5	
434	-7.3242E-1	1.1209E2	2.9671E0	9.6138E5	
435	-7.3143E-1	1.1357E2	2.9604E0	9.6360E5	
436	-7.3090E-1	1.1436E2	2.9536E0	9.6582E5	
437	-7.3074E-1	1.1458E2	2.9469E0	9.6804E5	
438	-7.3082E-1	1.1447E2	2.9402E0	9.7026E5	
439	-7.3189E-1	1.1289E2	2.9336E0	9.7248E5	
440	-7.3036E-1	1.1515E2	2.9269E0	9.7470E5	
441	-7.2968E-1	1.1617E2	2.9202E0	9.7692E5	
442	-7.2655E-1	1.2081E2	2.9135E0	9.7914E5	
443	-7.2998E-1	1.1572E2	2.9068E0	9.8136E5	
444	-7.2937E-1	1.1662E2	2.9001E0	9.8358E5	
445	-7.2983E-1	1.1594E2	2.8933E0	9.8580E5	
446	-7.2968E-1	1.1617E2	2.8866E0	9.8802E5	
447	-7.2830E-1	1.1821E2	2.8800E0	9.9024E5	
448	-7.2784E-1	1.1889E2	2.8731E0	9.9246E5	
449	-7.2662E-1	1.2070E2	2.8664E0	9.9468E5	
450	-7.2693E-1	1.2025E2	2.8597E0	9.9690E5	
451	-7.2914E-1	1.1696E2	2.8530E0	9.9912E5	
452	-7.2807E-1	1.1855E2	2.8463E0	1.0013E6	
453	-7.2861E-1	1.1775E2	2.8395E0	1.0036E6	
454	-7.2540E-1	1.2251E2	2.8328E0	1.0058E6	
455	-7.2586E-1	1.2183E2	2.8261E0	1.0080E6	
456	-7.2639E-1	1.2104E2	2.8193E0	1.0102E6	
457	-7.2510E-1	1.2296E2	2.8126E0	1.0124E6	
458	-7.2563E-1	1.2217E2	2.8059E0	1.0147E6	
459	-7.2639E-1	1.2104E2	2.7991E0	1.0169E6	
460	-7.2464E-1	1.2364E2	2.7923E0	1.0191E6	
461	-7.2594E-1	1.2172E2	2.7856E0	1.0213E6	
462	-7.2342E-1	1.2545E2	2.7787E0	1.0235E6	
463	-7.2678E-1	1.2047E2	2.7720E0	1.0258E6	
464	-7.2350E-1	1.2534E2	2.7653E0	1.0280E6	
465	-7.2540E-1	1.2251E2	2.7585E0	1.0302E6	
466	-7.2433E-1	1.2410E2	2.7516E0	1.0324E6	
467	-7.2487E-1	1.2330E2	2.7449E0	1.0346E6	
468	-7.2495E-1	1.2319E2	2.7382E0	1.0369E6	
469	-7.2304E-1	1.2602E2	2.7314E0	1.0391E6	
470	-7.2594E-1	1.2172E2	2.7246E0	1.0413E6	
471	-7.2388E-1	1.2477E2	2.7179E0	1.0435E6	
472	-7.2235E-1	1.2704E2	2.7109E0	1.0457E6	
473	-7.2350E-1	1.2534E2	2.7043E0	1.0480E6	
474	-7.2090E-1	1.2919E2	2.6975E0	1.0502E6	
475	-7.2182E-1	1.2783E2	2.6907E0	1.0524E6	
476	-7.2433E-1	1.2410E2	2.6838E0	1.0546E6	
477	-7.2227E-1	1.2715E2	2.6770E0	1.0568E6	
478	-7.2380E-1	1.2489E2	2.6702E0	1.0591E6	
479	-7.2304E-1	1.2602E2	2.6633E0	1.0613E6	
480	-7.1930E-1	1.3157E2	2.6566E0	1.0635E6	
481	-7.2037E-1	1.2998E2	2.6498E0	1.0657E6	
482	-7.1983E-1	1.3078E2	2.6431E0	1.0679E6	
483	-7.2197E-1	1.2761E2	2.6363E0	1.0702E6	
484	-7.2098E-1	1.2908E2	2.6295E0	1.0724E6	
485	-7.2044E-1	1.2987E2	2.6226E0	1.0746E6	
486	-7.2044E-1	1.2987E2	2.6158E0	1.0768E6	
487	-7.2166E-1	1.2806E2	2.6090E0	1.0790E6	
488	-7.1815E-1	1.3327E2	2.6022E0	1.0813E6	
489	-7.2006E-1	1.3044E2	2.5952E0	1.0835E6	
490	-7.1968E-1	1.3100E2	2.5884E0	1.0857E6	
491	-7.1747E-1	1.3429E2	2.5816E0	1.0879E6	
492	-7.1663E-1	1.3553E2	2.5747E0	1.0901E6	
493	-7.1701E-1	1.3497E2	2.5679E0	1.0924E6	
494	-7.1709E-1	1.3485E2	2.5611E0	1.0946E6	
495	-7.1960E-1	1.3112E2	2.5542E0	1.0968E6	
496	-7.1640E-1	1.3587E2	2.5474E0	1.0990E6	
497	-7.1724E-1	1.3463E2	2.5405E0	1.1012E6	
498	-7.1678E-1	1.3530E2	2.5336E0	1.1035E6	
499	-7.1602E-1	1.3644E2	2.5269E0	1.1057E6	
500	-7.1739E-1	1.3440E2	2.5200E0	1.1079E6	
501	-7.1587E-1	1.3666E2	2.5131E0	1.1101E6	
502	-7.1350E-1	1.4017E2	2.5062E0	1.1123E6	
503	-7.1739E-1	1.3440E2	2.4994E0	1.1146E6	
504	-7.1465E-1	1.3848E2	2.4924E0	1.1168E6	
505	-7.1533E-1	1.3746E2	2.4856E0	1.1190E6	
506	-7.1655E-1	1.3564E2	2.4787E0	1.1212E6	
507	-7.1503E-1	1.3791E2	2.4718E0	1.1234E6	
508	-7.1503E-1	1.3791E2	2.4650E0	1.1257E6	
509	-7.1472E-1	1.3836E2	2.4581E0	1.1279E6	
510	-7.1854E-1	1.3270E2	2.4513E0	1.1301E6	
511	-7.1350E-1	1.4017E2	2.4444E0	1.1323E6	
512	-7.1518E-1	1.3768E2	2.4375E0	1.1345E6	
513	-7.1503E-1	1.3791E2	2.4305E0	1.1368E6	
514	-7.1472E-1	1.3836E2	2.4237E0	1.1390E6	
515	-7.1503E-1	1.3791E2	2.4168E0	1.1412E6	
516	-7.1526E-1	1.3757E2	2.4098E0	1.1434E6	
517	-7.1259E-1	1.4153E2	2.4030E0	1.1456E6	
518	-7.1495E-1	1.3802E2	2.3961E0	1.1479E6	
519	-7.1442E-1	1.3881E2	2.3893E0	1.1501E6	
520	-7.1495E-1	1.3802E2	2.3824E0	1.1523E6	
521	-7.1419E-1	1.3915E2	2.3754E0	1.1545E6	
522	-7.1220E-1	1.4210E2	2.3685E0	1.1567E6	
523	-7.1106E-1	1.4380E2	2.3616E0	1.1590E6	
524	-7.1281E-1	1.4119E2	2.3546E0	1.1612E6	
525	-7.1129E-1	1.4346E2	2.3477E0	1.1634E6	
526	-7.1114E-1	1.4368E2	2.3409E0	1.1656E6	
527	-7.1098E-1	1.4391E2	2.3339E0	1.1678E6	
528	-7.1381E-1	1.3972E2	2.3269E0	1.1701E6	
529	-7.1114E-1	1.4368E2	2.3200E0	1.1723E6	
530	-7.1106E-1	1.4380E2	2.3132E0	1.1745E6	
531	-7.1190E-1	1.4255E2	2.3061E0	1.1767E6	
532	-7.1098E-1	1.4391E2	2.2993E0	1.1789E6	
533	-7.1053E-1	1.4459E2	2.2923E0	1.1812E6	
534	-7.1037E-1	1.4482E2	2.2854E0	1.1834E6	
535	-7.1098E-1	1.4391E2	2.2784E0	1.1856E6	
536	-7.0854E-1	1.4753E2	2.2715E0	1.1878E6	
537	-7.0915E-1	1.4663E2	2.2645E0	1.1900E6	
538	-7.0854E-1	1.4753E2	2.2576E0	1.1923E6	
539	-7.1037E-1	1.4482E2	2.2507E0	1.1945E6	
540	-7.0801E-1	1.4833E2	2.2437E0	1.1967E6	
541	-7.0808E-1	1.4821E2	2.2367E0	1.1989E6	
542	-7.0572E-1	1.5172E2	2.2298E0	1.2011E6	
543	-7.0839E-1	1.4776E2	2.2229E0	1.2034E6	
544	-7.0824E-1	1.4799E2	2.2160E0	1.2056E6	
545	-7.0877E-1	1.4719E2	2.2090E0	1.2078E6	
546	-7.0602E-1	1.5127E2	2.2020E0	1.2100E6	
547	-7.0694E-1	1.4991E2	2.1950E0	1.2122E6	
548	-7.0770E-1	1.4878E2	2.1881E0	1.2145E6	
549	-7.0663E-1	1.5036E2	2.1812E0	1.2167E6	
550	-7.0572E-1	1.5172E2	2.1742E0	1.2189E6	
551	-7.0580E-1	1.5161E2	2.1672E0	1.2211E6	
552	-7.0541E-1	1.5218E2	2.1603E0	1.2233E6	
553	-7.0274E-1	1.5614E2	2.1533E0	1.2256E6	
554	-7.0473E-1	1.5319E2	2.1463E0	1.2278E6	
555	-7.0587E-1	1.5150E2	2.1393E0	1.2300E6	
556	-7.0366E-1	1.5478E2	2.1323E0	1.2322E6	
557	-7.0366E-1	1.5478E2	2.1253E0	1.2344E6	
558	-7.0396E-1	1.5433E2	2.1184E0	1.2367E6	
559	-7.0526E-1	1.5240E2	2.1113E0	1.2389E6	
560	-7.0518E-1	1.5252E2	2.1043E0	1.2411E6	
561	-7.0480E-1	1.5308E2	2.0972E0	1.2433E6	
562	-7.0145E-1	1.5806E2	2.0904E0	1.2455E6	
563	-7.0175E-1	1.5761E2	2.0834E0	1.2478E6	
564	-7.0503E-1	1.5274E2	2.0764E0	1.2500E6	
565	-7.0320E-1	1.5546E2	2.0694E0	1.2522E6	
566	-7.0297E-1	1.5580E2	2.0623E0	1.2544E6	
567	-7.0282E-1	1.5603E2	2.0553E0	1.2566E6	
568	-7.0091E-1	1.5886E2	2.0483E0	1.2589E6	
569	-7.0145E-1	1.5806E2	2.0413E0	1.2611E6	
570	-7.0305E-1	1.5569E2	2.0343E0	1.2633E6	
571	-7.0168E-1	1.5772E2	2.0273E0	1.2655E6	
572	-7.0007E-1	1.6010E2	2.0203E0	1.2677E6	
573	-7.0450E-1	1.5353E2	2.0132E0	1.2700E6	
574	-7.0152E-1	1.5795E2	2.0063E0	1.2722E6	
575	-6.9801E-1	1.6316E2	1.9993E0	1.2744E6	
576	-7.0175E-1	1.5761E2	1.9923E0	1.2766E6	
577	-7.0335E-1	1.5523E2	1.9852E0	1.2788E6	
578	-7.0030E-1	1.5976E2	1.9782E0	1.2811E6	
579	-7.0053E-1	1.5942E2	1.9712E0	1.2833E6	
580	-7.0122E-1	1.5840E2	1.9642E0	1.2855E6	
581	-7.0007E-1	1.6010E2	1.9572E0	1.2877E6	
582	-6.9984E-1	1.6044E2	1.9501E0	1.2899E6	
583	-7.0000E-1	1.6021E2	1.9431E0	1.2922E6	
584	-6.9992E-1	1.6033E2	1.9360E0	1.2944E6	
585	-6.9839E-1	1.6259E2	1.9290E0	1.2966E6	
586	-6.9855E-1	1.6237E2	1.9219E0	1.2988E6	
587	-6.9870E-1	1.6214E2	1.9150E0	1.3010E6	
588	-6.9626E-1	1.6576E2	1.9081E0	1.3033E6	
589	-6.9763E-1	1.6372E2	1.9008E0	1.3055E6	
590	-6.9824E-1	1.6282E2	1.8938E0	1.3077E6	
591	-6.9656E-1	1.6531E2	1.8868E0	1.3099E6	
592	-6.9603E-1	1.6610E2	1.8798E0	1.3121E6	
593	-6.9763E-1	1.6372E2	1.8727E0	1.3144E6	
594	-6.9969E-1	1.6067E2	1.8657E0	1.3166E6	
595	-6.9756E-1	1.6384E2	1.8586E0	1.3188E6	
596	-6.9519E-1	1.6735E2	1.8515E0	1.3210E6	
597	-6.9633E-1	1.6565E2	1.8445E0	1.3232E6	
598	-6.9710E-1	1.6452E2	1.8375E0	1.3255E6	
599	-6.9374E-1	1.6950E2	1.8304E0	1.3277E6	
600	-6.9435E-1	1.6859E2	1.8233E0	1.3299E6	
601	-6.9557E-1	1.6678E2	1.8162E0	1.3321E6	
602	-6.9641E-1	1.6554E2	1.8092E0	1.3343E6	
603	-6.9649E-1	1.6542E2	1.8022E0	1.3366E6	
604	-6.9649E-1	1.6542E2	1.7951E0	1.3388E6	
605	-6.9572E-1	1.6656E2	1.7880E0	1.3410E6	
606	-6.9397E-1	1.6916E2	1.7809E0	1.3432E6	
607	-6.9244E-1	1.7142E2	1.7739E0	1.3454E6	
608	-6.9328E-1	1.7018E2	1.7668E0	1.3477E6	
609	-6.9489E-1	1.6780E2	1.7597E0	1.3499E6	
610	-6.9405E-1	1.6905E2	1.7527E0	1.3521E6	
611	-6.9115E-1	1.7335E2	1.7456E0	1.3543E6	
612	-6.9443E-1	1.6848E2	1.7386E0	1.3565E6	
613	-6.9321E-1	1.7029E2	1.7314E0	1.3588E6	
614	-6.9313E-1	1.7040E2	1.7244E0	1.3610E6	
615	-6.9405E-1	1.6905E2	1.7173E0	1.3632E6	
616	-6.9130E-1	1.7312E2	1.7102E0	1.3654E6	
617	-6.9000E-1	1.7505E2	1.7031E0	1.3676E6	
618	-6.9229E-1	1.7165E2	1.6960E0	1.3699E6	
619	-6.9145E-1	1.7290E2	1.6889E0	1.3721E6	
620	-6.9023E-1	1.7471E2	1.6818E0	1.3743E6	
621	-6.8817E-1	1.7776E2	1.6748E0	1.3765E6	
622	-6.9099E-1	1.7358E2	1.6677E0	1.3787E6	
623	-6.9016E-1	1.7482E2	1.6604E0	1.3810E6	
624	-6.8932E-1	1.7607E2	1.6534E0	1.3832E6	
625	-6.9199E-1	1.7210E2	1.6464E0	1.3854E6	
626	-6.8710E-1	1.7935E2	1.6393E0	1.3876E6	
627	-6.8573E-1	1.8139E2	1.6322E0	1.3898E6	
628	-6.8863E-1	1.7709E2	1.6250E0	1.3921E6	
629	-6.8771E-1	1.7844E2	1.6180E0	1.3943E6	
630	-6.8542E-1	1.8184E2	1.6108E0	1.3965E6	
631	-6.8542E-1	1.8184E2	1.6038E0	1.3987E6	
632	-6.8832E-1	1.7754E2	1.5967E0	1.4009E6	
633	-6.8802E-1	1.7799E2	1.5897E0	1.4032E6	
634	-6.8542E-1	1.8184E2	1.5825E0	1.4054E6	
635	-6.8489E-1	1.8263E2	1.5753E0	1.4076E6	
636	-6.8634E-1	1.8048E2	1.5683E0	1.4098E6	
637	-6.8352E-1	1.8467E2	1.5612E0	1.4120E6	
638	-6.8626E-1	1.8060E2	1.5540E0	1.4143E6	
639	-6.8573E-1	1.8139E2	1.5469E0	1.4165E6	
640	-6.8573E-1	1.8139E2	1.5399E0	1.4187E6	
641	-6.8558E-1	1.8161E2	1.5327E0	1.4209E6	
642	-6.8481E-1	1.8275E2	1.5256E0	1.4231E6	
643	-6.8573E-1	1.8139E2	1.5184E0	1.4254E6	
644	-6.8558E-1	1.8161E2	1.5113E0	1.4276E6	
645	-6.8642E-1	1.8037E2	1.5042E0	1.4298E6	
646	-6.8520E-1	1.8218E2	1.4972E0	1.4320E6	
647	-6.8497E-1	1.8252E2	1.4900E0	1.4342E6	
648	-6.8436E-1	1.8343E2	1.4829E0	1.4365E6	
649	-6.8298E-1	1.8546E2	1.4758E0	1.4387E6	
650	-6.8466E-1	1.8297E2	1.4686E0	1.4409E6	
651	-6.8436E-1	1.8343E2	1.4616E0	1.4431E6	
652	-6.8604E-1	1.8093E2	1.4544E0	1.4453E6	
653	-6.8466E-1	1.8297E2	1.4475E0	1.4476E6	
654	-6.8398E-1	1.8399E2	1.4401E0	1.4498E6	
655	-6.8558E-1	1.8161E2	1.4331E0	1.4520E6	
656	-6.8336E-1	1.8490E2	1.4259E0	1.4542E6	
657	-6.8275E-1	1.8580E2	1.4188E0	1.4564E6	
658	-6.8405E-1	1.8388E2	1.4117E0	1.4587E6	
659	-6.8192E-1	1.8705E2	1.4045E0	1.4609E6	
660	-6.8230E-1	1.8648E2	1.3973E0	1.4631E6	
661	-6.8375E-1	1.8433E2	1.3903E0	1.4653E6	
662	-6.8192E-1	1.8705E2	1.3832E0	1.4675E6	
663	-6.8321E-1	1.8512E2	1.3760E0	1.4698E6	
664	-6.8153E-1	1.8762E2	1.3689E0	1.4720E6	
665	-6.8100E-1	1.8841E2	1.3618E0	1.4742E6	
666	-6.8161E-1	1.8750E2	1.3546E0	1.4764E6	
667	-6.7993E-1	1.8999E2	1.3475E0	1.4786E6	
668	-6.8001E-1	1.8988E2	1.3403E0	1.4809E6	
669	-6.8153E-1	1.8762E2	1.3332E0	1.4831E6	
670	-6.8115E-1	1.8818E2	1.3261E0	1.4853E6	
671	-6.7909E-1	1.9124E2	1.3189E0	1.4875E6	
672	-6.7886E-1	1.9158E2	1.3118E0	1.4897E6	
673	-6.8008E-1	1.8977E2	1.3046E0	1.4920E6	
674	-6.7749E-1	1.9362E2	1.2976E0	1.4942E6	
675	-6.7871E-1	1.9180E2	1.2904E0	1.4964E6	
676	-6.7810E-1	1.9271E2	1.2833E0	1.4986E6	
677	-6.7833E-1	1.9237E2	1.2761E0	1.5008E6	
678	-6.7856E-1	1.9203E2	1.2690E0	1.5031E6	
679	-6.7841E-1	1.9226E2	1.2618E0	1.5053E6	
680	-6.7635E-1	1.9531E2	1.2547E0	1.5075E6	
681	-6.7986E-1	1.9011E2	1.2475E0	1.5097E6	
682	-6.7558E-1	1.9645E2	1.2405E0	1.5119E6	
683	-6.7535E-1	1.9679E2	1.2332E0	1.5142E6	
684	-6.7711E-1	1.9418E2	1.2261E0	1.5164E6	
685	-6.7719E-1	1.9407E2	1.2189E0	1.5186E6	
686	-6.7696E-1	1.9441E2	1.2118E0	1.5208E6	
687	-6.7688E-1	1.9452E2	1.2046E0	1.5230E6	
688	-6.7619E-1	1.9554E2	1.1976E0	1.5253E6	
689	-6.7566E-1	1.9633E2	1.1904E0	1.5275E6	
690	-6.7406E-1	1.9871E2	1.1832E0	1.5297E6	
691	-6.7444E-1	1.9815E2	1.1761E0	1.5319E6	
692	-6.7345E-1	1.9962E2	1.1689E0	1.5341E6	
693	-6.7368E-1	1.9928E2	1.1618E0	1.5364E6	
694	-6.7543E-1	1.9667E2	1.1546E0	1.5386E6	
695	-6.7238E-1	2.0120E2	1.1475E0	1.5408E6	
696	-6.7406E-1	1.9871E2	1.1404E0	1.5430E6	
697	-6.7436E-1	1.9826E2	1.1333E0	1.5452E6	
698	-6.7062E-1	2.0381E2	1.1261E0	1.5475E6	
699	-6.7055E-1	2.0392E2	1.1189E0	1.5497E6	
700	-6.7261E-1	2.0086E2	1.1117E0	1.5519E6	
701	-6.7238E-1	2.0120E2	1.1046E0	1.5541E6	
702	-6.6833E-1	2.0720E2	1.0975E0	1.5563E6	
703	-6.7261E-1	2.0086E2	1.0902E0	1.5586E6	
704	-6.7032E-1	2.0426E2	1.0830E0	1.5608E6	
705	-6.7406E-1	1.9871E2	1.0760E0	1.5630E6	
706	-7.0633E-1	1.5082E2	1.0689E0	1.5652E6	
707	-6.9603E-1	1.6610E2	1.0617E0	1.5674E6	
708	-6.9427E-1	1.6871E2	1.0545E0	1.5697E6	
709	-6.8695E-1	1.7958E2	1.0474E0	1.5719E6	
710	-6.8733E-1	1.7901E2	1.0403E0	1.5741E6	
711	-6.8192E-1	1.8705E2	1.0330E0	1.5763E6	
712	-6.7398E-1	1.9882E2	1.0259E0	1.5785E6	
713	-6.7276E-1	2.0064E2	1.0188E0	1.5808E6	
714	-6.6422E-1	2.1332E2	1.0117E0	1.5830E6	
715	-6.5712E-1	2.2385E2	1.0045E0	1.5852E6	
716	-6.4697E-1	2.3891E2	9.9734E-1	1.5874E6	
717	-6.3797E-1	2.5227E2	9.9018E-1	1.5896E6	
718	-6.3179E-1	2.6144E2	9.8299E-1	1.5919E6	
719	-6.2943E-1	2.6495E2	9.7587E-1	1.5941E6	
720	-6.2004E-1	2.7888E2	9.6869E-1	1.5963E6	
721	-6.1874E-1	2.8080E2	9.6153E-1	1.5985E6	
722	-6.1378E-1	2.8816E2	9.5433E-1	1.6007E6	
723	-6.1264E-1	2.8986E2	9.4719E-1	1.6030E6	
724	-6.0616E-1	2.9948E2	9.3998E-1	1.6052E6	
725	-6.0455E-1	3.0186E2	9.3295E-1	1.6074E6	
726	-6.0242E-1	3.0503E2	9.2582E-1	1.6096E6	
727	-5.9761E-1	3.1216E2	9.1864E-1	1.6118E6	
728	-5.9654E-1	3.1375E2	9.1160E-1	1.6141E6	
729	-5.9441E-1	3.1692E2	9.0434E-1	1.6163E6	
730	-5.8617E-1	3.2915E2	8.9715E-1	1.6185E6	
731	-5.8372E-1	3.3277E2	8.8998E-1	1.6207E6	
732	-5.7922E-1	3.3945E2	8.8285E-1	1.6229E6	
733	-5.7648E-1	3.4353E2	8.7561E-1	1.6252E6	
734	-5.7228E-1	3.4975E2	8.6857E-1	1.6274E6	
735	-5.6717E-1	3.5734E2	8.6136E-1	1.6296E6	
736	-5.6580E-1	3.5938E2	8.5419E-1	1.6318E6	
737	-5.5687E-1	3.7263E2	8.4704E-1	1.6340E6	
738	-5.4916E-1	3.8406E2	8.3989E-1	1.6363E6	
739	-5.3879E-1	3.9946E2	8.3283E-1	1.6385E6	
740	-5.3574E-1	4.0399E2	8.2558E-1	1.6407E6	
741	-5.3421E-1	4.0625E2	8.1844E-1	1.6429E6	
742	-5.2620E-1	4.1814E2	8.1130E-1	1.6451E6	
743	-5.2040E-1	4.2675E2	8.0408E-1	1.6474E6	
744	-5.1598E-1	4.3331E2	7.9695E-1	1.6496E6	
745	-5.0728E-1	4.4622E2	7.8979E-1	1.6518E6	
746	-4.9774E-1	4.6038E2	7.8259E-1	1.6540E6	
747	-4.8912E-1	4.7317E2	7.7548E-1	1.6562E6	
748	-4.8599E-1	4.7781E2	7.6838E-1	1.6585E6	
749	-4.7951E-1	4.8744E2	7.6131E-1	1.6607E6	
750	-4.7638E-1	4.9208E2	7.5412E-1	1.6629E6	
751	-4.5982E-1	5.1665E2	7.4687E-1	1.6651E6	
752	-4.6120E-1	5.1461E2	7.3980E-1	1.6673E6	
753	-4.5631E-1	5.2186E2	7.3269E-1	1.6696E6	
754	-4.4670E-1	5.3612E2	7.2550E-1	1.6718E6	
755	-4.4189E-1	5.4326E2	7.1827E-1	1.6740E6	
756	-4.3243E-1	5.5730E2	7.1110E-1	1.6762E6	
757	-4.2786E-1	5.6409E2	7.0394E-1	1.6784E6	
758	-4.2053E-1	5.7496E2	6.9680E-1	1.6807E6	
759	-4.1969E-1	5.7621E2	6.8956E-1	1.6829E6	
760	-4.0527E-1	5.9761E2	6.8250E-1	1.6851E6	
761	-4.0276E-1	6.0134E2	6.7542E-1	1.6873E6	
762	-3.9612E-1	6.1119E2	6.6836E-1	1.6895E6	
763	-3.8712E-1	6.2455E2	6.6114E-1	1.6918E6	
764	-3.7918E-1	6.3633E2	6.5409E-1	1.6940E6	
765	-3.7880E-1	6.3689E2	6.4691E-1	1.6962E6	
766	-3.7148E-1	6.4776E2	6.3980E-1	1.6984E6	
767	-3.6591E-1	6.5603E2	6.3261E-1	1.7006E6	
768	-3.5973E-1	6.6520E2	6.2553E-1	1.7029E6	
769	-3.5088E-1	6.7834E2	6.1830E-1	1.7051E6	
770	-3.4332E-1	6.8954E2	6.1121E-1	1.7073E6	
771	-3.3630E-1	6.9996E2	6.0406E-1	1.7095E6	
772	-3.2242E-1	7.2057E2	5.9704E-1	1.7117E6	
773	-3.1029E-1	7.3857E2	5.8981E-1	1.7140E6	
774	-3.0815E-1	7.4174E2	5.8947E-1	1.7141E6	
775	-3.0655E-1	7.4412E2	5.8888E-1	1.7143E6	
776	-3.0655E-1	7.4412E2	5.8888E-1	1.7143E6	
777	-3.0655E-1	7.4412E2	5.8888E-1	1.7143E6	
778	-3.0655E-1	7.4412E2	5.8888E-1	1.7143E6	
779	-3.0655E-1	7.4412E2	5.8888E-1	1.7143E6	
780	-3.0655E-1	7.4412E2	5.8888E-1	1.7143E6	
781	-3.0655E-1	7.4412E2	5.8888E-1	1.7143E6	
782	-3.0655E-1	7.4412E2	5.8888E-1	1.7143E6	
783	-3.0655E-1	7.4412E2	5.8888E-1	1.7143E6	
784	-3.0655E-1	7.4412E2	5.8888E-1	1.7143E6	
785	-3.0655E-1	7.4412E2	5.8888E-1	1.7143E6	
786	-3.0655E-1	7.4412E2	5.8888E-1	1.7143E6	
787	-3.0655E-1	7.4412E2	5.8888E-1	1.7143E6	
788	-3.0655E-1	7.4412E2	5.8888E-1	1.7143E6	
789	-3.0655E-1	7.4412E2	5.8888E-1	1.7143E6	
790	-3.0655E-1	7.4412E2	5.8888E-1	1.7143E6	
791	-3.0655E-1	7.4412E2	5.8888E-1	1.7143E6	
792	-3.0655E-1	7.4412E2	5.8888E-1	1.7143E6	
793	-3.0655E-1	7.4412E2	5.8888E-1	1.7143E6	
794	-3.0655E-1	7.4412E2	5.8888E-1	1.7143E6	
795	-3.0655E-1	7.4412E2	5.8888E-1	1.7143E6	
796	-3.0655E-1	7.4412E2	5.8888E-1	1.7143E6	
797	-3.0655E-1	7.4412E2	5.8888E-1	1.7143E6	
798	-3.0655E-1	7.4412E2	5.8888E-1	1.7143E6	
799	-3.0655E-1	7.4412E2	5.8888E-1	1.7143E6	
800	-3.0655E-1	7.4412E2	5.8888E-1	1.7143E6	
801	-3.0655E-1	7.4412E2	5.8888E-1	1.7143E6	
802	-3.0655E-1	7.4412E2	5.8888E-1	1.7143E6	
803	-3.0655E-1	7.4412E2	5.8888E-1	1.7143E6	
804	-3.0655E-1	7.4412E2	5.8888E-1	1.7143E6	
805	-3.0655E-1	7.4412E2	5.8888E-1	1.7143E6	
806	-3.0655E-1	7.4412E2	5.8888E-1	1.7143E6	
807	-3.0655E-1	7.4412E2	5.8888E-1	1.7143E6	
808	-3.0655E-1	7.4412E2	5.8888E-1	1.7143E6	
809	-3.0655E-1	7.4412E2	5.8888E-1	1.7143E6	
810	-3.0655E-1	7.4412E2	5.8888E-1	1.7143E6	
811	-3.0655E-1	7.4412E2	5.8888E-1	1.7143E6	
812	-3.0655E-1	7.4412E2	5.8888E-1	1.7143E6	
813	-3.0655E-1	7.4412E2	5.8888E-1	1.7143E6	
814	-3.0655E-1	7.4412E2	5.8888E-1	1.7143E6	
815	-3.0655E-1	7.4412E2	5.8888E-1	1.7143E6	
816	-3.0655E-1	7.4412E2	5.8888E-1	1.7143E6	
817	-3.0655E-1	7.4412E2	5.8888E-1	1.7143E6	
818	-3.0655E-1	7.4412E2	5.8888E-1	1.7143E6	
819	-3.0655E-1	7.4412E2	5.8888E-1	1.7143E6	
820	-3.0655E-1	7.4412E2	5.8888E-1	1.7143E6	
821	-3.0655E-1	7.4412E2	5.8888E-1	1.7143E6	
822	-3.0655E-1	7.4412E2	5.8888E-1	1.7143E6	
823	-3.0655E-1	7.4412E2	5.8888E-1	1.7143E6	
824	-3.0655E-1	7.4412E2	5.8888E-1	1.7143E6	
825	-3.0655E-1	7.4412E2	5.8888E-1	1.7143E6	
826	-3.0655E-1	7.4412E2	5.8888E-1	1.7143E6	
827	-3.0655E-1	7.4412E2	5.8888E-1	1.7143E6	
828	-3.0655E-1	7.4412E2	5.8888E-1	1.7143E6	
829	-3.0655E-1	7.4412E2	5.8888E-1	1.7143E6	
830	-3.0655E-1	7.4412E2	5.8888E-1	1.7143E6	
831	-3.0655E-1	7.4412E2	5.8888E-1	1.7143E6	
832	-3.0655E-1	7.4412E2	5.8888E-1	1.7143E6	
833	-3.0655E-1	7.4412E2	5.8888E-1	1.7143E6	
834	-3.0655E-1	7.4412E2	5.8888E-1	1.7143E6	
835	-3.0655E-1	7.4412E2	5.8888E-1	1.7143E6	
836	-3.0655E-1	7.4412E2	5.8888E-1	1.7143E6	
837	-3.0655E-1	7.4412E2	5.8888E-1	1.7143E6	
838	-3.0655E-1	7.4412E2	5.8888E-1	1.7143E6	
839	-3.0655E-1	7.4412E2	5.8888E-1	1.7143E6	
840	-3.0655E-1	7.4412E2	5.8888E-1	1.7143E6	
841	-3.0655E-1	7.4412E2	5.8888E-1	1.7143E6	
842	-3.0655E-1	7.4412E2	5.8888E-1	1.7143E6	
843	-3.0655E-1	7.4412E2	5.8888E-1	1.7143E6	
844	-3.0655E-1	7.4412E2	5.8888E-1	1.7143E6	
845	-3.0655E-1	7.4412E2	5.8888E-1	1.7143E6	
846	-3.0655E-1	7.4412E2	5.8888E-1	1.7143E6	
847	-3.0655E-1	7.4412E2	5.8888E-1	1.7143E6	
848	-3.0655E-1	7.4412E2	5.8888E-1	1.7143E6	
849	-3.0655E-1	7.4412E2	5.8888E-1	1.7143E6	
850	-3.0655E-1	7.4412E2	5.8888E-1	1.7143E6	
851	-3.0655E-1	7.4412E2	5.8888E-1	1.7143E6	
852	-3.0655E-1	7.4412E2	5.8888E-1	1.7143E6	
853	-3.0655E-1	7.4412E2	5.8888E-1	1.7143E6	
854	-3.0655E-1	7.4412E2	5.8888E-1	1.7143E6	
855	-3.0655E-1	7.4412E2	5.8888E-1	1.7143E6	
856	-3.0655E-1	7.4412E2	5.8888E-1	1.7143E6	
857	-3.0655E-1	7.4412E2	5.8888E-1	1.7143E6	
858	-3.0655E-1	7.4412E2	5.8888E-1	1.7143E6	
859	-3.0655E-1	7.4412E2	5.8888E-1	1.7143E6	
860	-3.0655E-1	7.4412E2	5.8888E-1	1.7143E6	
861	-3.0655E-1	7.4412E2	5.8888E-1	1.7143E6	
862	-3.0655E-1	7.4412E2	5.8888E-1	1.7143E6	
863	-3.0655E-1	7.4412E2	5.8888E-1	1.7143E6	
864	-3.0655E-1	7.4412E2	5.8888E-1	1.7143E6	
865	-3.0655E-1	7.4412E2	5.8888E-1	1.7143E6	
866	-3.0655E-1	7.4412E2	5.8888E-1	1.7143E6	
867	-3.0655E-1	7.4412E2	5.8888E-1	1.7143E6	
868	-3.0655E-1	7.4412E2	5.8888E-1	1.7143E6	
869	-3.0655E-1	7.4412E2	5.8888E-1	1.7143E6	
870	-3.0655E-1	7.4412E2	5.8888E-1	1.7143E6	
871	-3.0655E-1	7.4412E2	5.8888E-1	1.7143E6	
872	-3.0655E-1	7.4412E2	5.8888E-1	1.7143E6	
873	-3.0655E-1	7.4412E2	5.8888E-1	1.7143E6	
874	-3.0655E-1	7.4412E2	5.8888E-1	1.7143E6	
875	-3.0655E-1	7.4412E2	5.8888E-1	1.7143E6	
876	-3.0655E-1	7.4412E2	5.8888E-1	1.7143E6	
877	-3.0655E-1	7.4412E2	5.8888E-1	1.7143E6	
878	-3.0655E-1	7.4412E2	5.8888E-1	1.7143E6	
879	-3.0655E-1	7.4412E2	5.8888E-1	1.7143E6	
880	-3.0655E-1	7.4412E2	5.8888E-1	1.7143E6	
881	-3.0655E-1	7.4412E2	5.8888E-1	1.7143E6	
882	-3.0655E-1	7.4412E2	5.8888E-1	1.7143E6	
883	-3.0655E-1	7.4412E2	5.8888E-1	1.7143E6	
884	-3.0655E-1	7.4412E2	5.8888E-1	1.7143E6	
885	-3.0655E-1	7.4412E2	5.8888E-1	1.7143E6	
886	-3.0655E-1	7.4412E2	5.8888E-1	1.7143E6	
887	-3.0655E-1	7.4412E2	5.8888E-1	1.7143E6	
888	-3.0655E-1	7.4412E2	5.8888E-1	1.7143E6	
889	-3.0655E-1	7.4412E2	5.8888E-1	1.7143E6	
890	-3.0655E-1	7.4412E2	5.8888E-1	1.7143E6	
891	-3.0655E-1	7.4412E2	5.8888E-1	1.7143E6	
892	-3.0655E-1	7.4412E2	5.8888E-1	1.7143E6	
893	-3.0655E-1	7.4412E2	5.8888E-1	1.7143E6	
894	-3.0655E-1	7.4412E2	5.8888E-1	1.7143E6	
895	-3.0655E-1	7.4412E2	5.8888E-1	1.7143E6	
896	-3.0655E-1	7.4412E2	5.8888E-1	1.7143E6	
897	-3.0655E-1	7.4412E2	5.8888E-1	1.7143E6	
898	-3.0655E-1	7.4412E2	5.8888E-1	1.7143E6	
899	-3.0655E-1	7.4412E2	5.8888E-1	1.7143E6	
900	-3.0655E-1	7.4412E2	5.8888E-1	1.7143E6	
901	-3.0655E-1	7.4412E2	5.8888E-1	1.7143E6	
902	-3.0655E-1	7.4412E2	5.8888E-1	1.7143E6	
903	-3.0655E-1	7.4412E2	5.8888E-1	1.7143E6	
904	-3.0655E-1	7.4412E2	5.8888E-1	1.7143E6	
905	-3.0655E-1	7.4412E2	5.8888E-1	1.7143E6	
906	-3.0655E-1	7.4412E2	5.8888E-1	1.7143E6	
907	-3.0655E-1	7.4412E2	5.8888E-1	1.7143E6	
908	-3.0655E-1	7.4412E2	5.8888E-1	1.7143E6	
909	-3.0655E-1	7.4412E2	5.8888E-1	1.7143E6	
910	-3.0655E-1	7.4412E2	5.8888E-1	1.7143E6	
911	-3.0655E-1	7.4412E2	5.8888E-1	1.7143E6	
912	-3.0655E-1	7.4412E2	5.8888E-1	1.7143E6	
913	-3.0655E-1	7.4412E2	5.8888E-1	1.7143E6	
914	-3.0655E-1	7.4412E2	5.8888E-1	1.7143E6	
915	-3.0655E-1	7.4412E2	5.8888E-1	1.7143E6	
916	-3.0655E-1	7.4412E2	5.8888E-1	1.7143E6	
917	-3.0655E-1	7.4412E2	5.8888E-1	1.7143E6	
918	-3.0655E-1	7.4412E2	5.8888E-1	1.7143E6	
919	-3.0655E-1	7.4412E2	5.8888E-1	1.7143E6	
920	-3.0655E-1	7.4412E2	5.8888E-1	1.7143E6	
921	-3.0655E-1	7.4412E2	5.8888E-1	1.7143E6	
922	-3.0655E-1	7.4412E2	5.8888E-1	1.7143E6	
923	-3.0655E-1	7.4412E2	5.8888E-1	1.7143E6	
924	-3.0655E-1	7.4412E2	5.8888E-1	1.7143E6	
925	-3.0655E-1	7.4412E2	5.8888E-1	1.7143E6	
926	-3.0655E-1	7.4412E2	5.8888E-1	1.7143E6	
927	-3.0655E-1	7.4412E2	5.8888E-1	1.7143E6	
928	-3.0655E-1	7.4412E2	5.8888E-1	1.7143E6	
929	-3.0655E-1	7.4412E2	5.8888E-1	1.7143E6	
930	-3.0655E-1	7.4412E2	5.8888E-1	1.7143E6	
931	-3.0655E-1	7.4412E2	5.8888E-1	1.7143E6	
932	-3.0655E-1	7.4412E2	5.8888E-1	1.7143E6	
933	-3.0655E-1	7.4412E2	5.8888E-1	1.7143E6	
934	-3.0655E-1	7.4412E2	5.8888E-1	1.7143E6	
935	-3.0655E-1	7.4412E2	5.8888E-1	1.7143E6	
936	-3.0655E-1	7.4412E2	5.8888E-1	1.7143E6	
937	-3.0655E-1	7.4412E2	5.8888E-1	1.7143E6	
938	-3.0655E-1	7.4412E2	5.8888E-1	1.7143E6	
939	-3.0655E-1	7.4412E2	5.8888E-1	1.7143E6	
940	-3.0655E-1	7.4412E2	5.8888E-1	1.7143E6	
941	-3.0655E-1	7.4412E2	5.8888E-1	1.7143E6	
942	-3.0655E-1	7.4412E2	5.8888E-1	1.7143E6	
943	-3.0655E-1	7.4412E2	5.8888E-1	1.7143E6	
944	-3.0655E-1	7.4412E2	5.8888E-1	1.7143E6	
945	-3.0655E-1	7.4412E2	5.8888E-1	1.7143E6	
946	-3.0655E-1	7.4412E2	5.8888E-1	1.7143E6	
947	-3.0655E-1	7.4412E2	5.8888E-1	1.7143E6	
948	-3.0655E-1	7.4412E2	5.8888E-1	1.7143E6	
949	-3.0655E-1	7.4412E2	5.8888E-1	1.7143E6	
950	-3.0655E-1	7.4412E2	5.8888E-1	1.7143E6	
951	-3.0655E-1	7.4412E2	5.8888E-1	1.7143E6	
952	-3.0655E-1	7.4412E2	5.8888E-1	1.7143E6	
953	-3.0655E-1	7.4412E2	5.8888E-1	1.7143E6	
954	-3.0655E-1	7.4412E2	5.8888E-1	1.7143E6	
955	-3.0655E-1	7.4412E2	5.8888E-1	1.7143E6	
956	-3.0655E-1	7.4412E2	5.8888E-1	1.7143E6	
957	-3.0655E-1	7.4412E2	5.8888E-1	1.7143E6	
958	-3.0655E-1	7.4412E2	5.8888E-1	1.7143E6	
959	-3.0655E-1	7.4412E2	5.8888E-1	1.7143E6	
960	-3.0655E-1	7.4412E2	5.8888E-1	1.7143E6	
961	-3.0655E-1	7.4412E2	5.8888E-1	1.7143E6	
962	-3.0655E-1	7.4412E2	5.8888E-1	1.7143E6	
963	-3.0655E-1	7.4412E2	5.8888E-1	1.7143E6	
964	-3.0655E-1	7.4412E2	5.8888E-1	1.7143E6	
965	-3.0655E-1	7.4412E2	5.8888E-1	1.7143E6	
966	-3.0655E-1	7.4412E2	5.8888E-1	1.7143E6	
967	-3.0655E-1	7.4412E2	5.8888E-1	1.7143E6	
968	-3.0655E-1	7.4412E2	5.8888E-1	1.7143E6	
969	-3.0655E-1	7.4412E2	5.8888E-1	1.7143E6	
970	-3.0655E-1	7.4412E2	5.8888E-1	1.7143E6	
971	-3.0655E-1	7.4412E2	5.8888E-1	1.7143E6	
972	-3.0655E-1	7.4412E2	5.8888E-1	1.7143E6	
973	-3.0655E-1	7.4412E2	5.8888E-1	1.7143E6	
974	-3.0655E-1	7.4412E2	5.8888E-1	1.7143E6	
975	-3.0655E-1	7.4412E2	5.8888E-1	1.7143E6	
976	-3.0655E-1	7.4412E2	5.8888E-1	1.7143E6	
977	-3.0655E-1	7.4412E2	5.8888E-1	1.7143E6	
978	-3.0655E-1	7.4412E2	5.8888E-1	1.7143E6	
979	-3.0655E-1	7.4412E2	5.8888E-1	1.7143E6	
980	-3.0655E-1	7.4412E2	5.8888E-1	1.7143E6	
981	-3.0655E-1	7.4412E2	5.8888E-1	1.7143E6	
982	-3.0655E-1	7.4412E2	5.8888E-1	1.7143E6	
983	-3.0655E-1	7.4412E2	5.8888E-1	1.7143E6	
984	-3.0655E-1	7.4412E2	5.8888E-1	1.7143E6	
985	-3.0655E-1	7.4412E2	5.8888E-1	1.7143E6	
986	-3.0655E-1	7.4412E2	5.8888E-1	1.7143E6	
987	-3.0655E-1	7.4412E2	5.8888E-1	1.7143E6	
988	-3.0655E-1	7.4412E2	5.8888E-1	1.7143E6	
989	-3.0655E-1	7.4412E2	5.8888E-1	1.7143E6	
990	-3.0655E-1	7.4412E2	5.8888E-1	1.7143E6	
991	-3.0655E-1	7.4412E2	5.8888E-1	1.7143E6	
992	-3.0655E-1	7.4412E2	5.8888E-1	1.7143E6	
993	-3.0655E-1	7.4412E2	5.8888E-1	1.7143E6	
994	-3.0655E-1	7.4412E2	5.8888E-1	1.7143E6	
995	-3.0655E-1	7.4412E2	5.8888E-1	1.7143E6	
996	-3.0655E-1	7.4412E2	5.8888E-1	1.7143E6	
997	-3.0655E-1	7.4412E2	5.8888E-1	1.7143E6	
998	-3.0655E-1	7.4412E2	5.8888E-1	1.7143E6	
999	-3.0655E-1	7.4412E2	5.8888E-1	1.7143E6	
1000	-3.0655E-1	7.4412E2	5.8888E-1	1.7143E6	
1001	-3.0655E-1	7.4412E2	5.8888E-1	1.7143E6	
1002	-3.0655E-1	7.4412E2	5.8888E-1	1.7143E6	
1003	-3.0655E-1	7.4412E2	5.8888E-1	1.7143E6	
1004	-3.0655E-1	7.4412E2	5.8888E-1	1.7143E6	
1005	-3.0655E-1	7.4412E2	5.8888E-1	1.7143E6	
1006	-3.0655E-1	7.4412E2	5.8888E-1	1.7143E6	
1007	-3.0655E-1	7.4412E2	5.8888E-1	1.7143E6	
1008	-3.0655E-1	7.4412E2	5.8888E-1	1.7143E6	
1009	-3.0655E-1	7.4412E2	5.8888E-1	1.7143E6	
1010	-3.0655E-1	7.4412E2	5.8888E-1	1.7143E6	
1011	-3.0655E-1	7.4412E2	5.8888E-1	1.7143E6	
1012	-3.0655E-1	7.4412E2	5.8888E-1	1.7143E6	
1013	-3.0655E-1	7.4412E2	5.8888E-1	1.7143E6	
1014	-3.0655E-1	7.4412E2	5.8888E-1	1.7143E6	
1015	-3.0655E-1	7.4412E2	5.8888E-1	1.7143E6	
1016	-3.0655E-1	7.4412E2	5.8888E-1	1.7143E6	
1017	-3.0655E-1	7.4412E2	5.8888E-1	1.7143E6	
1018	-3.0655E-1	7.4412E2	5.8888E-1	1.7143E6	
1019	-3.0655E-1	7.4412E2	5.8888E-1	1.7143E6	
1020	-3.0655E-1	7.4412E2	5.8888E-1	1.7143E6	
1021	-3.0655E-1	7.4412E2	5.8888E-1	1.7143E6	
1022	-3.0655E-1	7.4412E2	5.8888E-1	1.7143E6	
1023	-3.0655E-1	7.4412E2	5.8888E-1	1.7143E6	
1024	-3.0655E-1	7.4412E2	5.8888E-1	1.7143E6	
1025	-3.0869E-1	7.4095E2	5.8888E-1	1.7143E6	
1026	-3.5423E-1	6.7335E2	5.9014E-1	1.7165E6	
1027	-3.7384E-1	6.4425E2	5.9288E-1	1.7187E6	
1028	-3.9894E-1	6.0700E2	5.9590E-1	1.7210E6	
1029	-4.1672E-1	5.8062E2	5.9933E-1	1.7232E6	
1030	-4.2725E-1	5.6500E2	6.0284E-1	1.7254E6	
1031	-4.4884E-1	5.3295E2	6.0664E-1	1.7276E6	
1032	-4.6036E-1	5.1586E2	6.1038E-1	1.7298E6	
1033	-4.7585E-1	4.9287E2	6.1436E-1	1.7321E6	
1034	-4.9385E-1	4.6615E2	6.1832E-1	1.7343E6	
1035	-5.0919E-1	4.4339E2	6.2243E-1	1.7365E6	
1036	-5.1682E-1	4.3207E2	6.2650E-1	1.7387E6	
1037	-5.3123E-1	4.1067E2	6.3077E-1	1.7409E6	
1038	-5.4443E-1	3.9108E2	6.3497E-1	1.7432E6	
1039	-5.5618E-1	3.7364E2	6.3918E-1	1.7454E6	
1040	-5.6831E-1	3.5564E2	6.4359E-1	1.7476E6	
1041	-5.8189E-1	3.3549E2	6.4793E-1	1.7498E6	
1042	-5.9402E-1	3.1749E2	6.5226E-1	1.7520E6	
1043	-5.9868E-1	3.1058E2	6.5671E-1	1.7543E6	
1044	-6.1501E-1	2.8635E2	6.6113E-1	1.7565E6	
1045	-6.2744E-1	2.6789E2	6.6549E-1	1.7587E6	
1046	-6.3423E-1	2.5782E2	6.7001E-1	1.7609E6	
1047	-6.4713E-1	2.3868E2	6.7442E-1	1.7631E6	
1048	-6.5414E-1	2.2826E2	6.7895E-1	1.7654E6	
1049	-6.6696E-1	2.0924E2	6.8343E-1	1.7676E6	
1050	-6.7802E-1	1.9282E2	6.8794E-1	1.7698E6	
1051	-6.8199E-1	1.8694E2	6.9256E-1	1.7720E6	
1052	-6.8893E-1	1.7663E2	6.9705E-1	1.7742E6	
1053	-7.0419E-1	1.5399E2	7.0169E-1	1.7765E6	
1054	-7.0946E-1	1.4617E2	7.0619E-1	1.7787E6	
1055	-7.1854E-1	1.3270E2	7.1088E-1	1.7809E6	
1056	-7.2823E-1	1.1832E2	7.1536E-1	1.7831E6	
1057	-7.3410E-1	1.0960E2	7.2014E-1	1.7853E6	
1058	-7.4219E-1	9.7601E1	7.2472E-1	1.7876E6	
1059	-7.4928E-1	8.7071E1	7.2933E-1	1.7898E6	
1060	-7.5203E-1	8.2995E1	7.3394E-1	1.7920E6	
1061	-7.6294E-1	6.6803E1	7.3866E-1	1.7942E6	
1062	-7.6752E-1	6.0010E1	7.4331E-1	1.7964E6	
1063	-7.7797E-1	4.4498E1	7.4800E-1	1.7987E6	
1064	-7.8522E-1	3.3741E1	7.5275E-1	1.8009E6	
1065	-7.8987E-1	2.6835E1	7.5729E-1	1.8031E6	
1066	-7.9834E-1	1.4266E1	7.6207E-1	1.8053E6	
1067	-7.9979E-1	1.2115E1	7.6684E-1	1.8075E6	
1068	-8.0704E-1	1.3588E0	7.7161E-1	1.8098E6	
1069	-8.1223E-1	-6.3406E0	7.7624E-1	1.8120E6	
1070	-8.2283E-1	-2.2079E1	7.8098E-1	1.8142E6	
1071	-8.2703E-1	-2.8306E1	7.8577E-1	1.8164E6	
1072	-8.2886E-1	-3.1024E1	7.9057E-1	1.8186E6	
1073	-8.3527E-1	-4.0535E1	7.9533E-1	1.8209E6	
1074	-8.3817E-1	-4.4837E1	8.0010E-1	1.8231E6	
1075	-8.4198E-1	-5.0499E1	8.0483E-1	1.8253E6	
1076	-8.4801E-1	-5.9443E1	8.0961E-1	1.8275E6	
1077	-8.5464E-1	-6.9294E1	8.1448E-1	1.8297E6	
1078	-8.5449E-1	-6.9068E1	8.1926E-1	1.8320E6	
1079	-8.6281E-1	-8.1409E1	8.2407E-1	1.8342E6	
1080	-8.6296E-1	-8.1636E1	8.2888E-1	1.8364E6	
1081	-8.6700E-1	-8.7637E1	8.3366E-1	1.8386E6	
1082	-8.7257E-1	-9.5902E1	8.3856E-1	1.8408E6	
1083	-8.7547E-1	-1.0020E2	8.4332E-1	1.8431E6	
1084	-8.7746E-1	-1.0315E2	8.4818E-1	1.8453E6	
1085	-8.7914E-1	-1.0564E2	8.5310E-1	1.8475E6	
1086	-8.8425E-1	-1.1323E2	8.5799E-1	1.8497E6	
1087	-8.8570E-1	-1.1538E2	8.6279E-1	1.8519E6	
1088	-8.8753E-1	-1.1809E2	8.6763E-1	1.8542E6	
1089	-8.9233E-1	-1.2523E2	8.7257E-1	1.8564E6	
1090	-8.9760E-1	-1.3304E2	8.7744E-1	1.8586E6	
1091	-8.9836E-1	-1.3417E2	8.8239E-1	1.8608E6	
1092	-9.0561E-1	-1.4493E2	8.8731E-1	1.8630E6	
1093	-9.0622E-1	-1.4583E2	8.9226E-1	1.8653E6	
1094	-9.0622E-1	-1.4583E2	8.9706E-1	1.8675E6	
1095	-9.1194E-1	-1.5433E2	9.0209E-1	1.8697E6	
1096	-9.1034E-1	-1.5195E2	9.0705E-1	1.8719E6	
1097	-9.1721E-1	-1.6214E2	9.1191E-1	1.8741E6	
1098	-9.2087E-1	-1.6757E2	9.1691E-1	1.8764E6	
1099	-9.2491E-1	-1.7358E2	9.2176E-1	1.8786E6	
1100	-9.2300E-1	-1.7074E2	9.2676E-1	1.8808E6	
1101	-9.1980E-1	-1.6599E2	9.3170E-1	1.8830E6	
1102	-9.2613E-1	-1.7539E2	9.3664E-1	1.8852E6	
1103	-9.2545E-1	-1.7437E2	9.4162E-1	1.8875E6	
1104	-9.2972E-1	-1.8071E2	9.4668E-1	1.8897E6	
1105	-9.2499E-1	-1.7369E2	9.5169E-1	1.8919E6	
1106	-9.3155E-1	-1.8343E2	9.5657E-1	1.8941E6	
1107	-9.2865E-1	-1.7912E2	9.6164E-1	1.8963E6	
1108	-9.3140E-1	-1.8320E2	9.6665E-1	1.8986E6	
1109	-9.3079E-1	-1.8229E2	9.7166E-1	1.9008E6	
1110	-9.3437E-1	-1.8762E2	9.7656E-1	1.9030E6	
1111	-9.3094E-1	-1.8252E2	9.8170E-1	1.9052E6	
1112	-9.3643E-1	-1.9067E2	9.8668E-1	1.9074E6	
1113	-9.3414E-1	-1.8728E2	9.9179E-1	1.9097E6	
1114	-9.3666E-1	-1.9101E2	9.9677E-1	1.9119E6	
1115	-9.4086E-1	-1.9724E2	1.0019E0	1.9141E6	
1116	-9.3956E-1	-1.9531E2	1.0069E0	1.9163E6	
1117	-9.3834E-1	-1.9350E2	1.0119E0	1.9185E6	
1118	-9.4109E-1	-1.9758E2	1.0170E0	1.9208E6	
1119	-9.3781E-1	-1.9271E2	1.0221E0	1.9230E6	
1120	-9.4208E-1	-1.9905E2	1.0272E0	1.9252E6	
1121	-9.3971E-1	-1.9554E2	1.0323E0	1.9274E6	
1122	-9.3842E-1	-1.9362E2	1.0372E0	1.9296E6	
1123	-9.4322E-1	-2.0075E2	1.0425E0	1.9319E6	
1124	-9.4208E-1	-1.9905E2	1.0475E0	1.9341E6	
1125	-9.4376E-1	-2.0154E2	1.0527E0	1.9363E6	
1126	-9.4017E-1	-1.9622E2	1.0578E0	1.9385E6	
1127	-9.4360E-1	-2.0132E2	1.0630E0	1.9407E6	
1128	-9.4200E-1	-1.9894E2	1.0680E0	1.9430E6	
1129	-9.3910E-1	-1.9464E2	1.0732E0	1.9452E6	
1130	-9.3773E-1	-1.9260E2	1.0783E0	1.9474E6	
1131	-9.3445E-1	-1.8773E2	1.0835E0	1.9496E6	
1132	-9.3437E-1	-1.8762E2	1.0886E0	1.9518E6	
1133	-9.3636E-1	-1.9056E2	1.0938E0	1.9541E6	
1134	-9.3437E-1	-1.8762E2	1.0990E0	1.9563E6	
1135	-9.3376E-1	-1.8671E2	1.1041E0	1.9585E6	
1136	-9.3765E-1	-1.9248E2	1.1093E0	1.9607E6	
1137	-9.3246E-1	-1.8478E2	1.1144E0	1.9629E6	
1138	-9.3414E-1	-1.8728E2	1.1196E0	1.9652E6	
1139	-9.3216E-1	-1.8433E2	1.1248E0	1.9674E6	
1140	-9.3651E-1	-1.9079E2	1.1299E0	1.9696E6	
1141	-9.3292E-1	-1.8546E2	1.1353E0	1.9718E6	
1142	-9.3475E-1	-1.8818E2	1.1403E0	1.9740E6	
1143	-9.3529E-1	-1.8897E2	1.1456E0	1.9763E6	
1144	-9.3437E-1	-1.8762E2	1.1508E0	1.9785E6	
1145	-9.3544E-1	-1.8920E2	1.1561E0	1.9807E6	
1146	-9.3208E-1	-1.8422E2	1.1614E0	1.9829E6	
1147	-9.3346E-1	-1.8626E2	1.1665E0	1.9851E6	
1148	-9.3018E-1	-1.8139E2	1.1718E0	1.9874E6	
1149	-9.2804E-1	-1.7822E2	1.1770E0	1.9896E6	
1150	-9.3079E-1	-1.8229E2	1.1822E0	1.9918E6	
1151	-9.2506E-1	-1.7380E2	1.1875E0	1.9940E6	
1152	-9.2789E-1	-1.7799E2	1.1928E0	1.9962E6	
1153	-9.2323E-1	-1.7108E2	1.1981E0	1.9985E6	
1154	-9.1644E-1	-1.6101E2	1.2033E0	2.0007E6	
1155	-9.0454E-1	-1.4334E2	1.2085E0	2.0029E6	
1156	-9.0134E-1	-1.3859E2	1.2139E0	2.0051E6	
1157	-8.9668E-1	-1.3168E2	1.2191E0	2.0073E6	
1158	-8.9256E-1	-1.2557E2	1.2245E0	2.0096E6	
1159	-8.8692E-1	-1.1719E2	1.2298E0	2.0118E6	
1160	-8.7196E-1	-9.4996E1	1.2350E0	2.0140E6	
1161	-8.6349E-1	-8.2428E1	1.2404E0	2.0162E6	
1162	-8.5197E-1	-6.5331E1	1.2457E0	2.0184E6	
1163	-8.2901E-1	-3.1250E1	1.2511E0	2.0207E6	
1164	-7.8911E-1	2.7967E1	1.2563E0	2.0229E6	
1165	-7.3029E-1	1.1526E2	1.2617E0	2.0251E6	
1166	-7.1098E-1	1.4391E2	1.2670E0	2.0273E6	
1167	-7.1060E-1	1.4448E2	1.2725E0	2.0295E6	
1168	-7.0717E-1	1.4957E2	1.2777E0	2.0318E6	
1169	-6.9344E-1	1.6995E2	1.2831E0	2.0340E6	
1170	-6.8680E-1	1.7980E2	1.2884E0	2.0362E6	
1171	-6.8718E-1	1.7924E2	1.2938E0	2.0384E6	
1172	-6.8062E-1	1.8897E2	1.2991E0	2.0406E6	
1173	-6.7978E-1	1.9022E2	1.3045E0	2.0429E6	
1174	-6.8298E-1	1.8546E2	1.3100E0	2.0451E6	
1175	-6.8130E-1	1.8795E2	1.3153E0	2.0473E6	
1176	-6.8024E-1	1.8954E2	1.3207E0	2.0495E6	
1177	-6.8008E-1	1.8977E2	1.3261E0	2.0517E6	
1178	-6.8420E-1	1.8365E2	1.3314E0	2.0540E6	
1179	-6.8336E-1	1.8490E2	1.3369E0	2.0562E6	
1180	-6.8153E-1	1.8762E2	1.3423E0	2.0584E6	
1181	-6.8359E-1	1.8456E2	1.3478E0	2.0606E6	
1182	-6.8428E-1	1.8354E2	1.3531E0	2.0628E6	
1183	-6.8542E-1	1.8184E2	1.3586E0	2.0651E6	
1184	-6.8336E-1	1.8490E2	1.3640E0	2.0673E6	
1185	-6.8336E-1	1.8490E2	1.3695E0	2.0695E6	
1186	-6.8237E-1	1.8637E2	1.3749E0	2.0717E6	
1187	-6.8512E-1	1.8229E2	1.3804E0	2.0739E6	
1188	-6.8298E-1	1.8546E2	1.3858E0	2.0762E6	
1189	-6.8222E-1	1.8660E2	1.3914E0	2.0784E6	
1190	-6.8329E-1	1.8501E2	1.3968E0	2.0806E6	
1191	-6.8489E-1	1.8263E2	1.4023E0	2.0828E6	
1192	-6.8710E-1	1.7935E2	1.4077E0	2.0850E6	
1193	-6.8474E-1	1.8286E2	1.4132E0	2.0873E6	
1194	-6.8436E-1	1.8343E2	1.4187E0	2.0895E6	
1195	-6.8642E-1	1.8037E2	1.4242E0	2.0917E6	
1196	-6.8489E-1	1.8263E2	1.4296E0	2.0939E6	
1197	-6.8527E-1	1.8207E2	1.4350E0	2.0961E6	
1198	-6.8512E-1	1.8229E2	1.4405E0	2.0984E6	
1199	-6.8626E-1	1.8060E2	1.4461E0	2.1006E6	
1200	-6.8420E-1	1.8365E2	1.4517E0	2.1028E6	
1201	-6.8726E-1	1.7912E2	1.4572E0	2.1050E6	
1202	-6.8733E-1	1.7901E2	1.4628E0	2.1072E6	
1203	-6.8794E-1	1.7810E2	1.4682E0	2.1095E6	
1204	-6.8718E-1	1.7924E2	1.4738E0	2.1117E6	
1205	-6.8748E-1	1.7878E2	1.4794E0	2.1139E6	
1206	-6.8771E-1	1.7844E2	1.4848E0	2.1161E6	
1207	-6.8703E-1	1.7946E2	1.4904E0	2.1183E6	
1208	-6.8779E-1	1.7833E2	1.4960E0	2.1206E6	
1209	-6.8802E-1	1.7799E2	1.5016E0	2.1228E6	
1210	-6.8481E-1	1.8275E2	1.5071E0	2.1250E6	
1211	-6.8787E-1	1.7822E2	1.5127E0	2.1272E6	
1212	-6.8665E-1	1.8003E2	1.5183E0	2.1294E6	
1213	-6.8901E-1	1.7652E2	1.5238E0	2.1317E6	
1214	-6.8840E-1	1.7742E2	1.5294E0	2.1339E6	
1215	-6.8932E-1	1.7607E2	1.5351E0	2.1361E6	
1216	-6.8680E-1	1.7980E2	1.5406E0	2.1383E6	
1217	-6.8665E-1	1.8003E2	1.5462E0	2.1405E6	
1218	-6.8802E-1	1.7799E2	1.5518E0	2.1428E6	
1219	-6.8993E-1	1.7516E2	1.5574E0	2.1450E6	
1220	-6.8748E-1	1.7878E2	1.5630E0	2.1472E6	
1221	-6.9008E-1	1.7493E2	1.5686E0	2.1494E6	
1222	-6.8703E-1	1.7946E2	1.5742E0	2.1516E6	
1223	-6.9008E-1	1.7493E2	1.5799E0	2.1539E6	
1224	-6.8863E-1	1.7709E2	1.5856E0	2.1561E6	
1225	-6.8947E-1	1.7584E2	1.5912E0	2.1583E6	
1226	-6.9054E-1	1.7425E2	1.5969E0	2.1605E6	
1227	-6.8962E-1	1.7561E2	1.6024E0	2.1627E6	
1228	-6.9038E-1	1.7448E2	1.6081E0	2.1650E6	
1229	-6.9023E-1	1.7471E2	1.6138E0	2.1672E6	
1230	-6.9046E-1	1.7437E2	1.6194E0	2.1694E6	
1231	-6.8970E-1	1.7550E2	1.6251E0	2.1716E6	
1232	-6.9084E-1	1.7380E2	1.6307E0	2.1738E6	
1233	-6.9313E-1	1.7040E2	1.6365E0	2.1761E6	
1234	-6.9031E-1	1.7459E2	1.6422E0	2.1783E6	
1235	-6.9427E-1	1.6871E2	1.6478E0	2.1805E6	
1236	-6.9305E-1	1.7052E2	1.6535E0	2.1827E6	
1237	-6.9382E-1	1.6939E2	1.6592E0	2.1849E6	
1238	-6.9168E-1	1.7256E2	1.6649E0	2.1872E6	
1239	-6.9344E-1	1.6995E2	1.6706E0	2.1894E6	
1240	-6.9565E-1	1.6667E2	1.6763E0	2.1916E6	
1241	-6.9153E-1	1.7278E2	1.6820E0	2.1938E6	
1242	-6.9351E-1	1.6984E2	1.6876E0	2.1960E6	
1243	-6.9580E-1	1.6644E2	1.6934E0	2.1983E6	
1244	-6.9633E-1	1.6565E2	1.6991E0	2.2005E6	
1245	-6.9283E-1	1.7086E2	1.7048E0	2.2027E6	
1246	-6.9374E-1	1.6950E2	1.7106E0	2.2049E6	
1247	-6.9603E-1	1.6610E2	1.7165E0	2.2071E6	
1248	-6.9511E-1	1.6746E2	1.7221E0	2.2094E6	
1249	-6.9649E-1	1.6542E2	1.7279E0	2.2116E6	
1250	-6.9603E-1	1.6610E2	1.7336E0	2.2138E6	
1251	-6.9496E-1	1.6769E2	1.7395E0	2.2160E6	
1252	-6.9649E-1	1.6542E2	1.7451E0	2.2182E6	
1253	-6.9534E-1	1.6712E2	1.7509E0	2.2205E6	
1254	-6.9664E-1	1.6520E2	1.7567E0	2.2227E6	
1255	-6.9725E-1	1.6429E2	1.7625E0	2.2249E6	
1256	-6.9672E-1	1.6508E2	1.7683E0	2.2271E6	
1257	-6.9855E-1	1.6237E2	1.7741E0	2.2293E6	
1258	-6.9611E-1	1.6599E2	1.7798E0	2.2316E6	
1259	-7.0000E-1	1.6021E2	1.7856E0	2.2338E6	
1260	-6.9931E-1	1.6123E2	1.7914E0	2.2360E6	
1261	-6.9809E-1	1.6305E2	1.7973E0	2.2382E6	
1262	-6.9878E-1	1.6203E2	1.8030E0	2.2404E6	
1263	-6.9748E-1	1.6395E2	1.8090E0	2.2427E6	
1264	-6.9748E-1	1.6395E2	1.8146E0	2.2449E6	
1265	-6.9786E-1	1.6338E2	1.8205E0	2.2471E6	
1266	-6.9878E-1	1.6203E2	1.8263E0	2.2493E6	
1267	-6.9977E-1	1.6055E2	1.8322E0	2.2515E6	
1268	-7.0091E-1	1.5886E2	1.8380E0	2.2538E6	
1269	-6.9725E-1	1.6429E2	1.8439E0	2.2560E6	
1270	-6.9885E-1	1.6191E2	1.8496E0	2.2582E6	
1271	-6.9962E-1	1.6078E2	1.8555E0	2.2604E6	
1272	-6.9939E-1	1.6112E2	1.8615E0	2.2626E6	
1273	-6.9839E-1	1.6259E2	1.8673E0	2.2649E6	
1274	-7.0206E-1	1.5716E2	1.8730E0	2.2671E6	
1275	-7.0213E-1	1.5704E2	1.8791E0	2.2693E6	
1276	-7.0168E-1	1.5772E2	1.8848E0	2.2715E6	
1277	-6.9908E-1	1.6157E2	1.8907E0	2.2737E6	
1278	-7.0312E-1	1.5557E2	1.8966E0	2.2760E6	
1279	-6.9954E-1	1.6089E2	1.9025E0	2.2782E6	
1280	-7.0168E-1	1.5772E2	1.9084E0	2.2804E6	
1281	-7.0221E-1	1.5693E2	1.9142E0	2.2826E6	
1282	-7.0221E-1	1.5693E2	1.9201E0	2.2848E6	
1283	-7.0107E-1	1.5863E2	1.9261E0	2.2871E6	
1284	-7.0244E-1	1.5659E2	1.9320E0	2.2893E6	
1285	-7.0335E-1	1.5523E2	1.9379E0	2.2915E6	
1286	-7.0221E-1	1.5693E2	1.9438E0	2.2937E6	
1287	-7.0259E-1	1.5636E2	1.9497E0	2.2959E6	
1288	-7.0396E-1	1.5433E2	1.9555E0	2.2982E6	
1289	-7.0305E-1	1.5569E2	1.9614E0	2.3004E6	
1290	-7.0389E-1	1.5444E2	1.9675E0	2.3026E6	
1291	-7.0229E-1	1.5682E2	1.9734E0	2.3048E6	
1292	-7.0320E-1	1.5546E2	1.9794E0	2.3070E6	
1293	-7.0412E-1	1.5410E2	1.9853E0	2.3093E6	
1294	-7.0404E-1	1.5421E2	1.9911E0	2.3115E6	
1295	-7.0259E-1	1.5636E2	1.9973E0	2.3137E6	
1296	-7.0206E-1	1.5716E2	2.0031E0	2.3159E6	
1297	-7.0213E-1	1.5704E2	2.0091E0	2.3181E6	
1298	-7.0450E-1	1.5353E2	2.0151E0	2.3204E6	
1299	-7.0450E-1	1.5353E2	2.0210E0	2.3226E6	
1300	-7.0404E-1	1.5421E2	2.0270E0	2.3248E6	
1301	-7.0450E-1	1.5353E2	2.0330E0	2.3270E6	
1302	-7.0267E-1	1.5625E2	2.0390E0	2.3292E6	
1303	-7.0442E-1	1.5365E2	2.0450E0	2.3315E6	
1304	-7.0610E-1	1.5116E2	2.0510E0	2.3337E6	
1305	-7.0381E-1	1.5455E2	2.0571E0	2.3359E6	
1306	-7.0473E-1	1.5319E2	2.0630E0	2.3381E6	
1307	-7.0518E-1	1.5252E2	2.0691E0	2.3403E6	
1308	-7.0389E-1	1.5444E2	2.0749E0	2.3426E6	
1309	-7.0679E-1	1.5014E2	2.0811E0	2.3448E6	
1310	-7.0892E-1	1.4697E2	2.0870E0	2.3470E6	
1311	-7.0503E-1	1.5274E2	2.0932E0	2.3492E6	
1312	-7.0686E-1	1.5002E2	2.0991E0	2.3514E6	
1313	-7.0602E-1	1.5127E2	2.1051E0	2.3537E6	
1314	-7.0663E-1	1.5036E2	2.1112E0	2.3559E6	
1315	-7.0862E-1	1.4742E2	2.1173E0	2.3581E6	
1316	-7.0755E-1	1.4901E2	2.1233E0	2.3603E6	
1317	-7.0679E-1	1.5014E2	2.1294E0	2.3625E6	
1318	-7.0747E-1	1.4912E2	2.1354E0	2.3648E6	
1319	-7.0732E-1	1.4934E2	2.1415E0	2.3670E6	
1320	-7.1106E-1	1.4380E2	2.1475E0	2.3692E6	
1321	-7.0824E-1	1.4799E2	2.1536E0	2.3714E6	
1322	-7.0930E-1	1.4640E2	2.1597E0	2.3736E6	
1323	-7.0976E-1	1.4572E2	2.1658E0	2.3759E6	
1324	-7.0992E-1	1.4550E2	2.1720E0	2.3781E6	
1325	-7.0808E-1	1.4821E2	2.1779E0	2.3803E6	
1326	-7.0999E-1	1.4538E2	2.1841E0	2.3825E6	
1327	-7.0915E-1	1.4663E2	2.1901E0	2.3847E6	
1328	-7.1182E-1	1.4266E2	2.1963E0	2.3870E6	
1329	-7.0953E-1	1.4606E2	2.2024E0	2.3892E6	
1330	-7.1312E-1	1.4074E2	2.2085E0	2.3914E6	
1331	-7.1190E-1	1.4255E2	2.2147E0	2.3936E6	
1332	-7.1220E-1	1.4210E2	2.2207E0	2.3958E6	
1333	-7.1297E-1	1.4097E2	2.2269E0	2.3981E6	
1334	-7.1457E-1	1.3859E2	2.2330E0	2.4003E6	
1335	-7.1037E-1	1.4482E2	2.2393E0	2.4025E6	
1336	-7.1213E-1	1.4221E2	2.2452E0	2.4047E6	
1337	-7.1129E-1	1.4346E2	2.2516E0	2.4069E6	
1338	-7.1281E-1	1.4119E2	2.2576E0	2.4092E6	
1339	-7.1274E-1	1.4131E2	2.2639E0	2.4114E6	
1340	-7.1236E-1	1.4187E2	2.2700E0	2.4136E6	
1341	-7.1449E-1	1.3870E2	2.2761E0	2.4158E6	
1342	-7.1411E-1	1.3927E2	2.2823E0	2.4180E6	
1343	-7.1266E-1	1.4142E2	2.2886E0	2.4203E6	
1344	-7.1724E-1	1.3463E2	2.2948E0	2.4225E6	
1345	-7.1419E-1	1.3915E2	2.3008E0	2.4247E6	
1346	-7.1274E-1	1.4131E2	2.3071E0	2.4269E6	
1347	-7.1579E-1	1.3678E2	2.3134E0	2.4291E6	
1348	-7.1602E-1	1.3644E2	2.3195E0	2.4314E6	
1349	-7.1396E-1	1.3949E2	2.3257E0	2.4336E6	
1350	-7.1480E-1	1.3825E2	2.3319E0	2.4358E6	
1351	-7.1663E-1	1.3553E2	2.3382E0	2.4380E6	
1352	-7.1785E-1	1.3372E2	2.3444E0	2.4402E6	
1353	-7.1655E-1	1.3564E2	2.3506E0	2.4425E6	
1354	-7.1754E-1	1.3417E2	2.3568E0	2.4447E6	
1355	-7.1480E-1	1.3825E2	2.3632E0	2.4469E6	
1356	-7.1701E-1	1.3497E2	2.3693E0	2.4491E6	
1357	-7.1640E-1	1.3587E2	2.3757E0	2.4513E6	
1358	-7.1785E-1	1.3372E2	2.3818E0	2.4536E6	
1359	-7.1709E-1	1.3485E2	2.3880E0	2.4558E6	
1360	-7.1671E-1	1.3542E2	2.3943E0	2.4580E6	
1361	-7.1732E-1	1.3451E2	2.4007E0	2.4602E6	
1362	-7.1770E-1	1.3395E2	2.4069E0	2.4624E6	
1363	-7.1877E-1	1.3236E2	2.4131E0	2.4647E6	
1364	-7.1777E-1	1.3383E2	2.4194E0	2.4669E6	
1365	-7.1953E-1	1.3123E2	2.4258E0	2.4691E6	
1366	-7.1892E-1	1.3213E2	2.4320E0	2.4713E6	
1367	-7.1899E-1	1.3202E2	2.4383E0	2.4735E6	
1368	-7.1579E-1	1.3678E2	2.4446E0	2.4758E6	
1369	-7.2136E-1	1.2851E2	2.4509E0	2.4780E6	
1370	-7.1602E-1	1.3644E2	2.4571E0	2.4802E6	
1371	-7.1747E-1	1.3429E2	2.4636E0	2.4824E6	
1372	-7.1877E-1	1.3236E2	2.4697E0	2.4846E6	
1373	-7.1915E-1	1.3179E2	2.4761E0	2.4869E6	
1374	-7.1922E-1	1.3168E2	2.4825E0	2.4891E6	
1375	-7.2067E-1	1.2953E2	2.4888E0	2.4913E6	
1376	-7.2105E-1	1.2896E2	2.4951E0	2.4935E6	
1377	-7.1922E-1	1.3168E2	2.5014E0	2.4957E6	
1378	-7.2075E-1	1.2942E2	2.5077E0	2.4980E6	
1379	-7.1922E-1	1.3168E2	2.5141E0	2.5002E6	
1380	-7.2121E-1	1.2874E2	2.5205E0	2.5024E6	
1381	-7.1831E-1	1.3304E2	2.5269E0	2.5046E6	
1382	-7.2075E-1	1.2942E2	2.5333E0	2.5068E6	
1383	-7.2098E-1	1.2908E2	2.5396E0	2.5091E6	
1384	-7.2197E-1	1.2761E2	2.5458E0	2.5113E6	
1385	-7.2044E-1	1.2987E2	2.5523E0	2.5135E6	
1386	-7.2197E-1	1.2761E2	2.5586E0	2.5157E6	
1387	-7.2273E-1	1.2647E2	2.5650E0	2.5179E6	
1388	-7.2044E-1	1.2987E2	2.5714E0	2.5202E6	
1389	-7.2212E-1	1.2738E2	2.5779E0	2.5224E6	
1390	-7.2235E-1	1.2704E2	2.5842E0	2.5246E6	
1391	-7.2121E-1	1.2874E2	2.5906E0	2.5268E6	
1392	-7.2388E-1	1.2477E2	2.5970E0	2.5290E6	
1393	-7.2372E-1	1.2500E2	2.6034E0	2.5313E6	
1394	-7.2220E-1	1.2727E2	2.6098E0	2.5335E6	
1395	-7.2418E-1	1.2432E2	2.6163E0	2.5357E6	
1396	-7.2609E-1	1.2149E2	2.6226E0	2.5379E6	
1397	-7.2533E-1	1.2262E2	2.6290E0	2.5401E6	
1398	-7.2350E-1	1.2534E2	2.6354E0	2.5424E6	
1399	-7.2495E-1	1.2319E2	2.6419E0	2.5446E6	
1400	-7.2670E-1	1.2059E2	2.6484E0	2.5468E6	
1401	-7.2632E-1	1.2115E2	2.6548E0	2.5490E6	
1402	-7.2289E-1	1.2625E2	2.6613E0	2.5512E6	
1403	-7.2578E-1	1.2194E2	2.6676E0	2.5535E6	
1404	-7.2754E-1	1.1934E2	2.6741E0	2.5557E6	
1405	-7.2594E-1	1.2172E2	2.6806E0	2.5579E6	
1406	-7.2639E-1	1.2104E2	2.6871E0	2.5601E6	
1407	-7.2845E-1	1.1798E2	2.6935E0	2.5623E6	
1408	-7.2556E-1	1.2228E2	2.7000E0	2.5646E6	
1409	-7.2647E-1	1.2093E2	2.7065E0	2.5668E6	
1410	-7.2762E-1	1.1923E2	2.7131E0	2.5690E6	
1411	-7.2762E-1	1.1923E2	2.7195E0	2.5712E6	
1412	-7.2777E-1	1.1900E2	2.7259E0	2.5734E6	
1413	-7.2922E-1	1.1685E2	2.7324E0	2.5757E6	
1414	-7.2823E-1	1.1832E2	2.7390E0	2.5779E6	
1415	-7.2754E-1	1.1934E2	2.7454E0	2.5801E6	
1416	-7.2968E-1	1.1617E2	2.7519E0	2.5823E6	
1417	-7.3006E-1	1.1560E2	2.7585E0	2.5845E6	
1418	-7.2868E-1	1.1764E2	2.7651E0	2.5868E6	
1419	-7.2861E-1	1.1775E2	2.7715E0	2.5890E6	
1420	-7.3029E-1	1.1526E2	2.7780E0	2.5912E6	
1421	-7.2762E-1	1.1923E2	2.7845E0	2.5934E6	
1422	-7.3067E-1	1.1470E2	2.7911E0	2.5956E6	
1423	-7.3135E-1	1.1368E2	2.7976E0	2.5979E6	
1424	-7.3051E-1	1.1492E2	2.8042E0	2.6001E6	
1425	-7.2968E-1	1.1617E2	2.8107E0	2.6023E6	
1426	-7.3036E-1	1.1515E2	2.8172E0	2.6045E6	
1427	-7.2853E-1	1.1787E2	2.8238E0	2.6067E6	
1428	-7.3074E-1	1.1458E2	2.8304E0	2.6090E6	
1429	-7.3013E-1	1.1549E2	2.8369E0	2.6112E6	
1430	-7.3151E-1	1.1345E2	2.8435E0	2.6134E6	
1431	-7.3013E-1	1.1549E2	2.8500E0	2.6156E6	
1432	-7.3174E-1	1.1311E2	2.8566E0	2.6178E6	
1433	-7.3219E-1	1.1243E2	2.8631E0	2.6201E6	
1434	-7.3212E-1	1.1255E2	2.8698E0	2.6223E6	
1435	-7.3303E-1	1.1119E2	2.8763E0	2.6245E6	
1436	-7.3112E-1	1.1402E2	2.8829E0	2.6267E6	
1437	-7.3021E-1	1.1538E2	2.8895E0	2.6289E6	
1438	-7.3280E-1	1.1153E2	2.8959E0	2.6312E6	
1439	-7.3380E-1	1.1006E2	2.9026E0	2.6334E6	
1440	-7.3372E-1	1.1017E2	2.9093E0	2.6356E6	
1441	-7.3448E-1	1.0904E2	2.9159E0	2.6378E6	
1442	-7.3593E-1	1.0689E2	2.9224E0	2.6400E6	
1443	-7.3486E-1	1.0847E2	2.9292E0	2.6423E6	
1444	-7.3517E-1	1.0802E2	2.9358E0	2.6445E6	
1445	-7.3395E-1	1.0983E2	2.9424E0	2.6467E6	
1446	-7.3425E-1	1.0938E2	2.9490E0	2.6489E6	
1447	-7.3631E-1	1.0632E2	2.9557E0	2.6511E6	
1448	-7.3479E-1	1.0858E2	2.9622E0	2.6534E6	
1449	-7.3318E-1	1.1096E2	2.9690E0	2.6556E6	
1450	-7.3776E-1	1.0417E2	2.9756E0	2.6578E6	
1451	-7.3631E-1	1.0632E2	2.9823E0	2.6600E6	
1452	-7.3616E-1	1.0655E2	2.9889E0	2.6622E6	
1453	-7.3647E-1	1.0609E2	2.9956E0	2.6645E6	
1454	-7.3563E-1	1.0734E2	3.0022E0	2.6667E6	
1455	-7.3662E-1	1.0587E2	3.0089E0	2.6689E6	
1456	-7.3616E-1	1.0655E2	3.0156E0	2.6711E6	
1457	-7.3730E-1	1.0485E2	3.0222E0	2.6733E6	
1458	-7.3547E-1	1.0756E2	3.0289E0	2.6756E6	
1459	-7.3784E-1	1.0405E2	3.0356E0	2.6778E6	
1460	-7.3769E-1	1.0428E2	3.0423E0	2.6800E6	
1461	-7.3730E-1	1.0485E2	3.0489E0	2.6822E6	
1462	-7.3685E-1	1.0553E2	3.0556E0	2.6844E6	
1463	-7.3982E-1	1.0111E2	3.0623E0	2.6867E6	
1464	-7.3799E-1	1.0383E2	3.0691E0	2.6889E6	
1465	-7.3822E-1	1.0349E2	3.0757E0	2.6911E6	
1466	-7.3769E-1	1.0428E2	3.0824E0	2.6933E6	
1467	-7.3792E-1	1.0394E2	3.0892E0	2.6955E6	
1468	-7.4089E-1	9.9525E1	3.0959E0	2.6978E6	
1469	-7.3959E-1	1.0145E2	3.1026E0	2.7000E6	
1470	-7.4036E-1	1.0032E2	3.1093E0	2.7022E6	
1471	-7.3959E-1	1.0145E2	3.1162E0	2.7044E6	
1472	-7.3906E-1	1.0224E2	3.1228E0	2.7066E6	
1473	-7.3814E-1	1.0360E2	3.1296E0	2.7089E6	
1474	-7.4043E-1	1.0020E2	3.1363E0	2.7111E6	
1475	-7.4104E-1	9.9299E1	3.1430E0	2.7133E6	
1476	-7.4097E-1	9.9412E1	3.1498E0	2.7155E6	
1477	-7.3952E-1	1.0156E2	3.1565E0	2.7177E6	
1478	-7.4249E-1	9.7148E1	3.1633E0	2.7200E6	
1479	-7.4341E-1	9.5789E1	3.1701E0	2.7222E6	
1480	-7.4112E-1	9.9186E1	3.1769E0	2.7244E6	
1481	-7.4081E-1	9.9639E1	3.1836E0	2.7266E6	
1482	-7.4211E-1	9.7714E1	3.1904E0	2.7288E6	
1483	-7.4265E-1	9.6921E1	3.1971E0	2.7311E6	
1484	-7.4387E-1	9.5110E1	3.2039E0	2.7333E6	
1485	-7.4364E-1	9.5449E1	3.2108E0	2.7355E6	
1486	-7.4287E-1	9.6582E1	3.2175E0	2.7377E6	
1487	-7.4295E-1	9.6468E1	3.2244E0	2.7399E6	
1488	-7.4516E-1	9.3185E1	3.2310E0	2.7422E6	
1489	-7.4341E-1	9.5789E1	3.2378E0	2.7444E6	
1490	-7.4562E-1	9.2505E1	3.2446E0	2.7466E6	
1491	-7.4692E-1	9.0581E1	3.2516E0	2.7488E6	
1492	-7.4379E-1	9.5223E1	3.2583E0	2.7510E6	
1493	-7.4394E-1	9.4996E1	3.2652E0	2.7533E6	
1494	-7.4463E-1	9.3977E1	3.2719E0	2.7555E6	
1495	-7.4654E-1	9.1147E1	3.2789E0	2.7577E6	
1496	-7.4608E-1	9.1826E1	3.2856E0	2.7599E6	
1497	-7.4547E-1	9.2732E1	3.2925E0	2.7621E6	
1498	-7.4692E-1	9.0581E1	3.2992E0	2.7644E6	
1499	-7.4348E-1	9.5676E1	3.3062E0	2.7666E6	
1500	-7.4745E-1	8.9788E1	3.3129E0	2.7688E6	
1501	-7.4646E-1	9.1260E1	3.3198E0	2.7710E6	
1502	-7.4654E-1	9.1147E1	3.3267E0	2.7732E6	
1503	-7.4837E-1	8.8429E1	3.3335E0	2.7755E6	
1504	-7.4631E-1	9.1486E1	3.3404E0	2.7777E6	
1505	-7.4814E-1	8.8769E1	3.3472E0	2.7799E6	
1506	-7.4936E-1	8.6957E1	3.3540E0	2.7821E6	
1507	-7.4776E-1	8.9335E1	3.3610E0	2.7843E6	
1508	-7.4821E-1	8.8656E1	3.3678E0	2.7866E6	
1509	-7.5058E-1	8.5146E1	3.3747E0	2.7888E6	
1510	-7.4852E-1	8.8203E1	3.3817E0	2.7910E6	
1511	-7.4944E-1	8.6844E1	3.3884E0	2.7932E6	
1512	-7.5073E-1	8.4919E1	3.3954E0	2.7954E6	
1513	-7.4959E-1	8.6618E1	3.4023E0	2.7977E6	
1514	-7.4875E-1	8.7863E1	3.4091E0	2.7999E6	
1515	-7.4982E-1	8.6278E1	3.4160E0	2.8021E6	
1516	-7.4890E-1	8.7637E1	3.4229E0	2.8043E6	
1517	-7.5066E-1	8.5033E1	3.4299E0	2.8065E6	
1518	-7.5294E-1	8.1636E1	3.4367E0	2.8088E6	
1519	-7.4982E-1	8.6278E1	3.4437E0	2.8110E6	
1520	-7.4913E-1	8.7297E1	3.4505E0	2.8132E6	
1521	-7.4928E-1	8.7071E1	3.4575E0	2.8154E6	
1522	-7.5104E-1	8.4466E1	3.4644E0	2.8176E6	
1523	-7.5172E-1	8.3447E1	3.4714E0	2.8199E6	
1524	-7.5233E-1	8.2542E1	3.4783E0	2.8221E6	
1525	-7.5150E-1	8.3787E1	3.4853E0	2.8243E6	
1526	-7.5134E-1	8.4014E1	3.4923E0	2.8265E6	
1527	-7.5081E-1	8.4806E1	3.4991E0	2.8287E6	
1528	-7.5294E-1	8.1636E1	3.5061E0	2.8310E6	
1529	-7.5195E-1	8.3108E1	3.5130E0	2.8332E6	
1530	-7.5226E-1	8.2655E1	3.5200E0	2.8354E6	
1531	-7.5478E-1	7.8918E1	3.5269E0	2.8376E6	
1532	-7.5226E-1	8.2655E1	3.5339E0	2.8398E6	
1533	-7.5333E-1	8.1070E1	3.5409E0	2.8421E6	
1534	-7.5371E-1	8.0504E1	3.5478E0	2.8443E6	
1535	-7.5386E-1	8.0277E1	3.5548E0	2.8465E6	
1536	-7.5256E-1	8.2202E1	3.5618E0	2.8487E6	
1537	-7.5172E-1	8.3447E1	3.5688E0	2.8509E6	
1538	-7.5523E-1	7.8239E1	3.5758E0	2.8532E6	
1539	-7.5226E-1	8.2655E1	3.5827E0	2.8554E6	
1540	-7.5554E-1	7.7786E1	3.5897E0	2.8576E6	
1541	-7.5310E-1	8.1409E1	3.5968E0	2.8598E6	
1542	-7.5714E-1	7.5408E1	3.6038E0	2.8620E6	
1543	-7.5592E-1	7.7220E1	3.6107E0	2.8643E6	
1544	-7.5600E-1	7.7107E1	3.6178E0	2.8665E6	
1545	-7.5439E-1	7.9485E1	3.6248E0	2.8687E6	
1546	-7.5745E-1	7.4955E1	3.6317E0	2.8709E6	
1547	-7.5661E-1	7.6201E1	3.6387E0	2.8731E6	
1548	-7.5653E-1	7.6314E1	3.6457E0	2.8754E6	
1549	-7.5829E-1	7.3710E1	3.6528E0	2.8776E6	
1550	-7.5851E-1	7.3370E1	3.6599E0	2.8798E6	
1551	-7.5813E-1	7.3936E1	3.6669E0	2.8820E6	
1552	-7.5920E-1	7.2351E1	3.6739E0	2.8842E6	
1553	-7.5996E-1	7.1219E1	3.6808E0	2.8865E6	
1554	-7.6073E-1	7.0087E1	3.6880E0	2.8887E6	
1555	-7.5928E-1	7.2238E1	3.6950E0	2.8909E6	
1556	-7.5714E-1	7.5408E1	3.7021E0	2.8931E6	
1557	-7.6012E-1	7.0993E1	3.7091E0	2.8953E6	
1558	-7.6027E-1	7.0766E1	3.7162E0	2.8976E6	
1559	-7.6027E-1	7.0766E1	3.7233E0	2.8998E6	
1560	-7.6073E-1	7.0087E1	3.7303E0	2.9020E6	
1561	-7.6035E-1	7.0653E1	3.7373E0	2.9042E6	
1562	-7.6164E-1	6.8728E1	3.7444E0	2.9064E6	
1563	-7.5974E-1	7.1559E1	3.7515E0	2.9087E6	
1564	-7.6263E-1	6.7256E1	3.7585E0	2.9109E6	
1565	-7.5935E-1	7.2125E1	3.7657E0	2.9131E6	
1566	-7.6164E-1	6.8728E1	3.7727E0	2.9153E6	
1567	-7.6180E-1	6.8502E1	3.7798E0	2.9175E6	
1568	-7.6538E-1	6.3180E1	3.7869E0	2.9198E6	
1569	-7.6149E-1	6.8955E1	3.7940E0	2.9220E6	
1570	-7.6385E-1	6.5445E1	3.8011E0	2.9242E6	
1571	-7.6164E-1	6.8728E1	3.8082E0	2.9264E6	
1572	-7.5928E-1	7.2238E1	3.8153E0	2.9286E6	
1573	-7.6393E-1	6.5331E1	3.8224E0	2.9309E6	
1574	-7.6317E-1	6.6464E1	3.8296E0	2.9331E6	
1575	-7.6241E-1	6.7596E1	3.8366E0	2.9353E6	
1576	-7.6248E-1	6.7483E1	3.8437E0	2.9375E6	
1577	-7.6073E-1	7.0087E1	3.8510E0	2.9397E6	
1578	-7.6500E-1	6.3746E1	3.8581E0	2.9420E6	
1579	-7.6202E-1	6.8162E1	3.8652E0	2.9442E6	
1580	-7.6385E-1	6.5445E1	3.8723E0	2.9464E6	
1581	-7.6172E-1	6.8615E1	3.8793E0	2.9486E6	
1582	-7.6385E-1	6.5445E1	3.8866E0	2.9508E6	
1583	-7.6538E-1	6.3180E1	3.8937E0	2.9531E6	
1584	-7.6340E-1	6.6124E1	3.9009E0	2.9553E6	
1585	-7.6416E-1	6.4992E1	3.9082E0	2.9575E6	
1586	-7.6538E-1	6.3180E1	3.9152E0	2.9597E6	
1587	-7.6477E-1	6.4086E1	3.9223E0	2.9619E6	
1588	-7.6408E-1	6.5105E1	3.9295E0	2.9642E6	
1589	-7.6706E-1	6.0689E1	3.9367E0	2.9664E6	
1590	-7.6607E-1	6.2161E1	3.9439E0	2.9686E6	
1591	-7.6706E-1	6.0689E1	3.9510E0	2.9708E6	
1592	-7.6508E-1	6.3633E1	3.9582E0	2.9730E6	
1593	-7.6660E-1	6.1368E1	3.9654E0	2.9753E6	
1594	-7.6736E-1	6.0236E1	3.9726E0	2.9775E6	
1595	-7.6782E-1	5.9557E1	3.9797E0	2.9797E6	
1596	-7.6897E-1	5.7858E1	3.9870E0	2.9819E6	
1597	-7.6477E-1	6.4086E1	3.9941E0	2.9841E6	
1598	-7.6935E-1	5.7292E1	4.0013E0	2.9864E6	
1599	-7.7057E-1	5.5481E1	4.0085E0	2.9886E6	
1600	-7.6920E-1	5.7519E1	4.0157E0	2.9908E6	
1601	-7.7118E-1	5.4575E1	4.0229E0	2.9930E6	
1602	-7.6904E-1	5.7745E1	4.0300E0	2.9952E6	
1603	-7.7019E-1	5.6047E1	4.0373E0	2.9975E6	
1604	-7.6897E-1	5.7858E1	4.0445E0	2.9997E6	
1605	-7.6912E-1	5.7632E1	4.0517E0	3.0019E6	
1606	-7.7156E-1	5.4009E1	4.0590E0	3.0041E6	
1607	-7.7263E-1	5.2424E1	4.0663E0	3.0063E6	
1608	-7.6988E-1	5.6500E1	4.0735E0	3.0086E6	
1609	-7.6996E-1	5.6386E1	4.0807E0	3.0108E6	
1610	-7.7049E-1	5.5594E1	4.0880E0	3.0130E6	
1611	-7.7095E-1	5.4915E1	4.0951E0	3.0152E6	
1612	-7.7148E-1	5.4122E1	4.1024E0	3.0174E6	
1613	-7.7538E-1	4.8347E1	4.1096E0	3.0197E6	
1614	-7.7248E-1	5.2650E1	4.1168E0	3.0219E6	
1615	-7.7118E-1	5.4575E1	4.1241E0	3.0241E6	
1616	-7.7309E-1	5.1744E1	4.1314E0	3.0263E6	
1617	-7.7133E-1	5.4348E1	4.1386E0	3.0285E6	
1618	-7.7385E-1	5.0612E1	4.1458E0	3.0308E6	
1619	-7.7515E-1	4.8687E1	4.1532E0	3.0330E6	
1620	-7.7385E-1	5.0612E1	4.1605E0	3.0352E6	
1621	-7.7126E-1	5.4462E1	4.1677E0	3.0374E6	
1622	-7.7362E-1	5.0952E1	4.1749E0	3.0396E6	
1623	-7.7385E-1	5.0612E1	4.1823E0	3.0419E6	
1624	-7.7454E-1	4.9593E1	4.1895E0	3.0441E6	
1625	-7.7362E-1	5.0952E1	4.1968E0	3.0463E6	
1626	-7.7698E-1	4.5970E1	4.2041E0	3.0485E6	
1627	-7.7385E-1	5.0612E1	4.2114E0	3.0507E6	
1628	-7.7675E-1	4.6309E1	4.2186E0	3.0530E6	
1629	-7.7591E-1	4.7555E1	4.2260E0	3.0552E6	
1630	-7.7805E-1	4.4385E1	4.2332E0	3.0574E6	
1631	-7.7408E-1	5.0272E1	4.2406E0	3.0596E6	
1632	-7.7408E-1	5.0272E1	4.2478E0	3.0618E6	
1633	-7.7621E-1	4.7102E1	4.2552E0	3.0641E6	
1634	-7.7866E-1	4.3479E1	4.2625E0	3.0663E6	
1635	-7.7759E-1	4.5064E1	4.2698E0	3.0685E6	
1636	-7.7782E-1	4.4724E1	4.2772E0	3.0707E6	
1637	-7.8072E-1	4.0422E1	4.2845E0	3.0729E6	
1638	-7.7370E-1	5.0838E1	4.2918E0	3.0752E6	
1639	-7.7728E-1	4.5517E1	4.2992E0	3.0774E6	
1640	-7.7713E-1	4.5743E1	4.3064E0	3.0796E6	
1641	-7.7942E-1	4.2346E1	4.3137E0	3.0818E6	
1642	-7.7911E-1	4.2799E1	4.3211E0	3.0840E6	
1643	-7.7614E-1	4.7215E1	4.3283E0	3.0863E6	
1644	-7.7820E-1	4.4158E1	4.3358E0	3.0885E6	
1645	-7.7950E-1	4.2233E1	4.3431E0	3.0907E6	
1646	-7.7911E-1	4.2799E1	4.3505E0	3.0929E6	
1647	-7.7873E-1	4.3366E1	4.3578E0	3.0951E6	
1648	-7.7957E-1	4.2120E1	4.3652E0	3.0974E6	
1649	-7.7873E-1	4.3366E1	4.3726E0	3.0996E6	
1650	-7.7988E-1	4.1667E1	4.3799E0	3.1018E6	
1651	-7.8094E-1	4.0082E1	4.3873E0	3.1040E6	
1652	-7.8316E-1	3.6798E1	4.3946E0	3.1062E6	
1653	-7.7896E-1	4.3026E1	4.4019E0	3.1085E6	
1654	-7.8201E-1	3.8497E1	4.4093E0	3.1107E6	
1655	-7.8156E-1	3.9176E1	4.4168E0	3.1129E6	
1656	-7.8270E-1	3.7478E1	4.4241E0	3.1151E6	
1657	-7.8270E-1	3.7478E1	4.4316E0	3.1173E6	
1658	-7.8239E-1	3.7931E1	4.4388E0	3.1196E6	
1659	-7.8369E-1	3.6006E1	4.4462E0	3.1218E6	
1660	-7.8293E-1	3.7138E1	4.4536E0	3.1240E6	
1661	-7.8285E-1	3.7251E1	4.4610E0	3.1262E6	
1662	-7.8308E-1	3.6912E1	4.4683E0	3.1284E6	
1663	-7.8438E-1	3.4987E1	4.4758E0	3.1307E6	
1664	-7.8255E-1	3.7704E1	4.4832E0	3.1329E6	
1665	-7.8445E-1	3.4874E1	4.4906E0	3.1351E6	
1666	-7.8308E-1	3.6912E1	4.4980E0	3.1373E6	
1667	-7.8629E-1	3.2156E1	4.5054E0	3.1395E6	
1668	-7.8438E-1	3.4987E1	4.5128E0	3.1418E6	
1669	-7.8339E-1	3.6459E1	4.5201E0	3.1440E6	
1670	-7.8400E-1	3.5553E1	4.5275E0	3.1462E6	
1671	-7.8362E-1	3.6119E1	4.5350E0	3.1484E6	
1672	-7.8690E-1	3.1250E1	4.5424E0	3.1506E6	
1673	-7.8690E-1	3.1250E1	4.5498E0	3.1529E6	
1674	-7.8712E-1	3.0911E1	4.5573E0	3.1551E6	
1675	-7.8766E-1	3.0118E1	4.5646E0	3.1573E6	
1676	-7.8880E-1	2.8420E1	4.5720E0	3.1595E6	
1677	-7.8636E-1	3.2043E1	4.5795E0	3.1617E6	
1678	-7.8773E-1	3.0005E1	4.5869E0	3.1640E6	
1679	-7.8857E-1	2.8759E1	4.5943E0	3.1662E6	
1680	-7.8659E-1	3.1703E1	4.6017E0	3.1684E6	
1681	-7.8812E-1	2.9439E1	4.6092E0	3.1706E6	
1682	-7.8842E-1	2.8986E1	4.6165E0	3.1728E6	
1683	-7.9010E-1	2.6495E1	4.6240E0	3.1751E6	
1684	-7.8949E-1	2.7401E1	4.6315E0	3.1773E6	
1685	-7.8941E-1	2.7514E1	4.6389E0	3.1795E6	
1686	-7.9155E-1	2.4344E1	4.6463E0	3.1817E6	
1687	-7.8827E-1	2.9212E1	4.6538E0	3.1839E6	
1688	-7.9208E-1	2.3551E1	4.6612E0	3.1862E6	
1689	-7.9033E-1	2.6155E1	4.6687E0	3.1884E6	
1690	-7.9155E-1	2.4344E1	4.6761E0	3.1906E6	
1691	-7.9094E-1	2.5249E1	4.6836E0	3.1928E6	
1692	-7.9132E-1	2.4683E1	4.6909E0	3.1950E6	
1693	-7.9033E-1	2.6155E1	4.6984E0	3.1973E6	
1694	-7.9033E-1	2.6155E1	4.7059E0	3.1995E6	
1695	-7.9094E-1	2.5249E1	4.7135E0	3.2017E6	
1696	-7.9140E-1	2.4570E1	4.7209E0	3.2039E6	
1697	-7.9208E-1	2.3551E1	4.7282E0	3.2061E6	
1698	-7.9292E-1	2.2306E1	4.7357E0	3.2084E6	
1699	-7.9208E-1	2.3551E1	4.7432E0	3.2106E6	
1700	-7.9147E-1	2.4457E1	4.7507E0	3.2128E6	
1701	-7.9391E-1	2.0834E1	4.7581E0	3.2150E6	
1702	-7.9269E-1	2.2645E1	4.7656E0	3.2172E6	
1703	-7.9285E-1	2.2419E1	4.7730E0	3.2195E6	
1704	-7.9346E-1	2.1513E1	4.7805E0	3.2217E6	
1705	-7.9239E-1	2.3098E1	4.7879E0	3.2239E6	
1706	-7.9567E-1	1.8229E1	4.7953E0	3.2261E6	
1707	-7.9491E-1	1.9362E1	4.8029E0	3.2283E6	
1708	-7.9353E-1	2.1400E1	4.8104E0	3.2306E6	
1709	-7.9239E-1	2.3098E1	4.8179E0	3.2328E6	
1710	-7.9544E-1	1.8569E1	4.8253E0	3.2350E6	
1711	-7.9613E-1	1.7550E1	4.8328E0	3.2372E6	
1712	-7.9338E-1	2.1626E1	4.8402E0	3.2394E6	
1713	-7.9605E-1	1.7663E1	4.8477E0	3.2417E6	
1714	-7.9468E-1	1.9701E1	4.8552E0	3.2439E6	
1715	-7.9659E-1	1.6871E1	4.8626E0	3.2461E6	
1716	-7.9727E-1	1.5852E1	4.8702E0	3.2483E6	
1717	-7.9521E-1	1.8909E1	4.8776E0	3.2505E6	
1718	-7.9681E-1	1.6531E1	4.8852E0	3.2528E6	
1719	-7.9765E-1	1.5286E1	4.8925E0	3.2550E6	
1720	-7.9689E-1	1.6418E1	4.9002E0	3.2572E6	
1721	-7.9590E-1	1.7890E1	4.9075E0	3.2594E6	
1722	-7.9895E-1	1.3361E1	4.9151E0	3.2616E6	
1723	-7.9727E-1	1.5852E1	4.9226E0	3.2639E6	
1724	-8.0109E-1	1.0190E1	4.9300E0	3.2661E6	
1725	-8.0063E-1	1.0870E1	4.9376E0	3.2683E6	
1726	-7.9803E-1	1.4719E1	4.9451E0	3.2705E6	
1727	-8.0032E-1	1.1323E1	4.9526E0	3.2727E6	
1728	-7.9971E-1	1.2228E1	4.9600E0	3.2750E6	
1729	-8.0025E-1	1.1436E1	4.9676E0	3.2772E6	
1730	-7.9895E-1	1.3361E1	4.9750E0	3.2794E6	
1731	-7.9857E-1	1.3927E1	4.9825E0	3.2816E6	
1732	-8.0193E-1	8.9449E0	4.9900E0	3.2838E6	
1733	-8.0177E-1	9.1713E0	4.9975E0	3.2861E6	
1734	-8.0086E-1	1.0530E1	5.0050E0	3.2883E6	
1735	-8.0231E-1	8.3787E0	5.0127E0	3.2905E6	
1736	-8.0284E-1	7.5862E0	5.0202E0	3.2927E6	
1737	-8.0208E-1	8.7184E0	5.0275E0	3.2949E6	
1738	-8.0208E-1	8.7184E0	5.0352E0	3.2972E6	
1739	-8.0345E-1	6.6804E0	5.0425E0	3.2994E6	
1740	-8.0193E-1	8.9449E0	5.0501E0	3.3016E6	
1741	-8.0338E-1	6.7936E0	5.0577E0	3.3038E6	
1742	-8.0353E-1	6.5671E0	5.0651E0	3.3060E6	
1743	-8.0368E-1	6.3407E0	5.0727E0	3.3083E6	
1744	-8.0261E-1	7.9258E0	5.0801E0	3.3105E6	
1745	-8.0338E-1	6.7936E0	5.0876E0	3.3127E6	
1746	-8.0498E-1	4.4158E0	5.0952E0	3.3149E6	
1747	-8.0444E-1	5.2084E0	5.1026E0	3.3171E6	
1748	-8.0391E-1	6.0010E0	5.1102E0	3.3194E6	
1749	-8.0475E-1	4.7555E0	5.1177E0	3.3216E6	
1750	-8.0269E-1	7.8126E0	5.1252E0	3.3238E6	
1751	-8.0460E-1	4.9820E0	5.1328E0	3.3260E6	
1752	-8.0528E-1	3.9629E0	5.1403E0	3.3282E6	
1753	-8.0666E-1	1.9249E0	5.1479E0	3.3305E6	
1754	-8.0566E-1	3.3968E0	5.1553E0	3.3327E6	
1755	-8.0719E-1	1.1323E0	5.1628E0	3.3349E6	
1756	-8.0872E-1	-1.1322E0	5.1703E0	3.3371E6	
1757	-8.0559E-1	3.5100E0	5.1779E0	3.3393E6	
1758	-8.0750E-1	6.7940E-1	5.1854E0	3.3416E6	
1759	-8.0757E-1	5.6617E-1	5.1928E0	3.3438E6	
1760	-8.0658E-1	2.0381E0	5.2004E0	3.3460E6	
1761	-8.0521E-1	4.0762E0	5.2079E0	3.3482E6	
1762	-8.0719E-1	1.1323E0	5.2154E0	3.3504E6	
1763	-8.0757E-1	5.6617E-1	5.2229E0	3.3527E6	
1764	-8.0971E-1	-2.6042E0	5.2305E0	3.3549E6	
1765	-8.0910E-1	-1.6983E0	5.2378E0	3.3571E6	
1766	-8.0978E-1	-2.7174E0	5.2455E0	3.3593E6	
1767	-8.0650E-1	2.1513E0	5.2529E0	3.3615E6	
1768	-8.0757E-1	5.6617E-1	5.2606E0	3.3638E6	
1769	-8.0933E-1	-2.0380E0	5.2680E0	3.3660E6	
1770	-8.0910E-1	-1.6983E0	5.2755E0	3.3682E6	
1771	-8.0963E-1	-2.4909E0	5.2830E0	3.3704E6	
1772	-8.0994E-1	-2.9438E0	5.2905E0	3.3726E6	
1773	-8.0658E-1	2.0381E0	5.2981E0	3.3749E6	
1774	-8.1024E-1	-3.3967E0	5.3056E0	3.3771E6	
1775	-8.1108E-1	-4.6422E0	5.3130E0	3.3793E6	
1776	-8.1161E-1	-5.4348E0	5.3206E0	3.3815E6	
1777	-8.0956E-1	-2.3777E0	5.3281E0	3.3837E6	
1778	-8.1108E-1	-4.6422E0	5.3355E0	3.3860E6	
1779	-8.1108E-1	-4.6422E0	5.3431E0	3.3882E6	
1780	-8.1276E-1	-7.1332E0	5.3505E0	3.3904E6	
1781	-8.1161E-1	-5.4348E0	5.3579E0	3.3926E6	
1782	-8.1177E-1	-5.6612E0	5.3656E0	3.3948E6	
1783	-8.1383E-1	-8.7183E0	5.3730E0	3.3971E6	
1784	-8.1329E-1	-7.9258E0	5.3806E0	3.3993E6	
1785	-8.1367E-1	-8.4919E0	5.3880E0	3.4015E6	
1786	-8.1573E-1	-1.1549E1	5.3957E0	3.4037E6	
1787	-8.1429E-1	-9.3977E0	5.4031E0	3.4059E6	
1788	-8.1406E-1	-9.0580E0	5.4106E0	3.4082E6	
1789	-8.1230E-1	-6.4538E0	5.4180E0	3.4104E6	
1790	-8.1406E-1	-9.0580E0	5.4256E0	3.4126E6	
1791	-8.1390E-1	-8.8316E0	5.4332E0	3.4148E6	
1792	-8.1673E-1	-1.3021E1	5.4407E0	3.4170E6	
1793	-8.1772E-1	-1.4493E1	5.4483E0	3.4193E6	
1794	-8.1696E-1	-1.3361E1	5.4558E0	3.4215E6	
1795	-8.1642E-1	-1.2568E1	5.4632E0	3.4237E6	
1796	-8.1528E-1	-1.0870E1	5.4708E0	3.4259E6	
1797	-8.1482E-1	-1.0190E1	5.4783E0	3.4281E6	
1798	-8.1657E-1	-1.2794E1	5.4794E0	3.4285E6	
1799	-8.1657E-1	-1.2794E1	5.4794E0	3.4285E6	
1800	-8.1657E-1	-1.2794E1	5.4794E0	3.4285E6	
1801	-8.1657E-1	-1.2794E1	5.4794E0	3.4285E6	
1802	-8.1657E-1	-1.2794E1	5.4794E0	3.4285E6	
1803	-8.1657E-1	-1.2794E1	5.4794E0	3.4285E6	
1804	-8.1657E-1	-1.2794E1	5.4794E0	3.4285E6	
1805	-8.1657E-1	-1.2794E1	5.4794E0	3.4285E6	
1806	-8.1657E-1	-1.2794E1	5.4794E0	3.4285E6	
1807	-8.1657E-1	-1.2794E1	5.4794E0	3.4285E6	
1808	-8.1657E-1	-1.2794E1	5.4794E0	3.4285E6	
1809	-8.1657E-1	-1.2794E1	5.4794E0	3.4285E6	
1810	-8.1657E-1	-1.2794E1	5.4794E0	3.4285E6	
1811	-8.1657E-1	-1.2794E1	5.4794E0	3.4285E6	
1812	-8.1657E-1	-1.2794E1	5.4794E0	3.4285E6	
1813	-8.1657E-1	-1.2794E1	5.4794E0	3.4285E6	
1814	-8.1657E-1	-1.2794E1	5.4794E0	3.4285E6	
1815	-8.1657E-1	-1.2794E1	5.4794E0	3.4285E6	
1816	-8.1657E-1	-1.2794E1	5.4794E0	3.4285E6	
1817	-8.1657E-1	-1.2794E1	5.4794E0	3.4285E6	
1818	-8.1657E-1	-1.2794E1	5.4794E0	3.4285E6	
1819	-8.1657E-1	-1.2794E1	5.4794E0	3.4285E6	
1820	-8.1657E-1	-1.2794E1	5.4794E0	3.4285E6	
1821	-8.1657E-1	-1.2794E1	5.4794E0	3.4285E6	
1822	-8.1657E-1	-1.2794E1	5.4794E0	3.4285E6	
1823	-8.1657E-1	-1.2794E1	5.4794E0	3.4285E6	
1824	-8.1657E-1	-1.2794E1	5.4794E0	3.4285E6	
1825	-8.1657E-1	-1.2794E1	5.4794E0	3.4285E6	
1826	-8.1657E-1	-1.2794E1	5.4794E0	3.4285E6	
1827	-8.1657E-1	-1.2794E1	5.4794E0	3.4285E6	
1828	-8.1657E-1	-1.2794E1	5.4794E0	3.4285E6	
1829	-8.1657E-1	-1.2794E1	5.4794E0	3.4285E6	
1830	-8.1657E-1	-1.2794E1	5.4794E0	3.4285E6	
1831	-8.1657E-1	-1.2794E1	5.4794E0	3.4285E6	
1832	-8.1657E-1	-1.2794E1	5.4794E0	3.4285E6	
1833	-8.1657E-1	-1.2794E1	5.4794E0	3.4285E6	
1834	-8.1657E-1	-1.2794E1	5.4794E0	3.4285E6	
1835	-8.1657E-1	-1.2794E1	5.4794E0	3.4285E6	
1836	-8.1657E-1	-1.2794E1	5.4794E0	3.4285E6	
1837	-8.1657E-1	-1.2794E1	5.4794E0	3.4285E6	
1838	-8.1657E-1	-1.2794E1	5.4794E0	3.4285E6	
1839	-8.1657E-1	-1.2794E1	5.4794E0	3.4285E6	
1840	-8.1657E-1	-1.2794E1	5.4794E0	3.4285E6	
1841	-8.1657E-1	-1.2794E1	5.4794E0	3.4285E6	
1842	-8.1657E-1	-1.2794E1	5.4794E0	3.4285E6	
1843	-8.1657E-1	-1.2794E1	5.4794E0	3.4285E6	
1844	-8.1657E-1	-1.2794E1	5.4794E0	3.4285E6	
1845	-8.1657E-1	-1.2794E1	5.4794E0	3.4285E6	
1846	-8.1657E-1	-1.2794E1	5.4794E0	3.4285E6	
1847	-8.1657E-1	-1.2794E1	5.4794E0	3.4285E6	
1848	-8.1657E-1	-1.2794E1	5.4794E0	3.4285E6	
1849	-8.1657E-1	-1.2794E1	5.4794E0	3.4285E6	
1850	-8.1657E-1	-1.2794E1	5.4794E0	3.4285E6	
1851	-8.1657E-1	-1.2794E1	5.4794E0	3.4285E6	
1852	-8.1657E-1	-1.2794E1	5.4794E0	3.4285E6	
1853	-8.1657E-1	-1.2794E1	5.4794E0	3.4285E6	
1854	-8.1657E-1	-1.2794E1	5.4794E0	3.4285E6	
1855	-8.1657E-1	-1.2794E1	5.4794E0	3.4285E6	
1856	-8.1657E-1	-1.2794E1	5.4794E0	3.4285E6	
1857	-8.1657E-1	-1.2794E1	5.4794E0	3.4285E6	
1858	-8.1657E-1	-1.2794E1	5.4794E0	3.4285E6	
1859	-8.1657E-1	-1.2794E1	5.4794E0	3.4285E6	
1860	-8.1657E-1	-1.2794E1	5.4794E0	3.4285E6	
1861	-8.1657E-1	-1.2794E1	5.4794E0	3.4285E6	
1862	-8.1657E-1	-1.2794E1	5.4794E0	3.4285E6	
1863	-8.1657E-1	-1.2794E1	5.4794E0	3.4285E6	
1864	-8.1657E-1	-1.2794E1	5.4794E0	3.4285E6	
1865	-8.1657E-1	-1.2794E1	5.4794E0	3.4285E6	
1866	-8.1657E-1	-1.2794E1	5.4794E0	3.4285E6	
1867	-8.1657E-1	-1.2794E1	5.4794E0	3.4285E6	
1868	-8.1657E-1	-1.2794E1	5.4794E0	3.4285E6	
1869	-8.1657E-1	-1.2794E1	5.4794E0	3.4285E6	
1870	-8.1657E-1	-1.2794E1	5.4794E0	3.4285E6	
1871	-8.1657E-1	-1.2794E1	5.4794E0	3.4285E6	
1872	-8.1657E-1	-1.2794E1	5.4794E0	3.4285E6	
1873	-8.1657E-1	-1.2794E1	5.4794E0	3.4285E6	
1874	-8.1657E-1	-1.2794E1	5.4794E0	3.4285E6	
1875	-8.1657E-1	-1.2794E1	5.4794E0	3.4285E6	
1876	-8.1657E-1	-1.2794E1	5.4794E0	3.4285E6	
1877	-8.1657E-1	-1.2794E1	5.4794E0	3.4285E6	
1878	-8.1657E-1	-1.2794E1	5.4794E0	3.4285E6	
1879	-8.1657E-1	-1.2794E1	5.4794E0	3.4285E6	
1880	-8.1657E-1	-1.2794E1	5.4794E0	3.4285E6	
1881	-8.1657E-1	-1.2794E1	5.4794E0	3.4285E6	
1882	-8.1657E-1	-1.2794E1	5.4794E0	3.4285E6	
1883	-8.1657E-1	-1.2794E1	5.4794E0	3.4285E6	
1884	-8.1657E-1	-1.2794E1	5.4794E0	3.4285E6	
1885	-8.1657E-1	-1.2794E1	5.4794E0	3.4285E6	
1886	-8.1657E-1	-1.2794E1	5.4794E0	3.4285E6	
1887	-8.1657E-1	-1.2794E1	5.4794E0	3.4285E6	
1888	-8.1657E-1	-1.2794E1	5.4794E0	3.4285E6	
1889	-8.1657E-1	-1.2794E1	5.4794E0	3.4285E6	
1890	-8.1657E-1	-1.2794E1	5.4794E0	3.4285E6	
1891	-8.1657E-1	-1.2794E1	5.4794E0	3.4285E6	
1892	-8.1657E-1	-1.2794E1	5.4794E0	3.4285E6	
1893	-8.1657E-1	-1.2794E1	5.4794E0	3.4285E6	
1894	-8.1657E-1	-1.2794E1	5.4794E0	3.4285E6	
1895	-8.1657E-1	-1.2794E1	5.4794E0	3.4285E6	
1896	-8.1657E-1	-1.2794E1	5.4794E0	3.4285E6	
1897	-8.1657E-1	-1.2794E1	5.4794E0	3.4285E6	
1898	-8.1657E-1	-1.2794E1	5.4794E0	3.4285E6	
1899	-8.1657E-1	-1.2794E1	5.4794E0	3.4285E6	
1900	-8.1657E-1	-1.2794E1	5.4794E0	3.4285E6	
1901	-8.1657E-1	-1.2794E1	5.4794E0	3.4285E6	
1902	-8.1657E-1	-1.2794E1	5.4794E0	3.4285E6	
1903	-8.1657E-1	-1.2794E1	5.4794E0	3.4285E6	
1904	-8.1657E-1	-1.2794E1	5.4794E0	3.4285E6	
1905	-8.1657E-1	-1.2794E1	5.4794E0	3.4285E6	
1906	-8.1657E-1	-1.2794E1	5.4794E0	3.4285E6	
1907	-8.1657E-1	-1.2794E1	5.4794E0	3.4285E6	
1908	-8.1657E-1	-1.2794E1	5.4794E0	3.4285E6	
1909	-8.1657E-1	-1.2794E1	5.4794E0	3.4285E6	
1910	-8.1657E-1	-1.2794E1	5.4794E0	3.4285E6	
1911	-8.1657E-1	-1.2794E1	5.4794E0	3.4285E6	
1912	-8.1657E-1	-1.2794E1	5.4794E0	3.4285E6	
1913	-8.1657E-1	-1.2794E1	5.4794E0	3.4285E6	
1914	-8.1657E-1	-1.2794E1	5.4794E0	3.4285E6	
1915	-8.1657E-1	-1.2794E1	5.4794E0	3.4285E6	
1916	-8.1657E-1	-1.2794E1	5.4794E0	3.4285E6	
1917	-8.1657E-1	-1.2794E1	5.4794E0	3.4285E6	
1918	-8.1657E-1	-1.2794E1	5.4794E0	3.4285E6	
1919	-8.1657E-1	-1.2794E1	5.4794E0	3.4285E6	
1920	-8.1657E-1	-1.2794E1	5.4794E0	3.4285E6	
1921	-8.1657E-1	-1.2794E1	5.4794E0	3.4285E6	
1922	-8.1657E-1	-1.2794E1	5.4794E0	3.4285E6	
1923	-8.1657E-1	-1.2794E1	5.4794E0	3.4285E6	
1924	-8.1657E-1	-1.2794E1	5.4794E0	3.4285E6	
1925	-8.1657E-1	-1.2794E1	5.4794E0	3.4285E6	
1926	-8.1657E-1	-1.2794E1	5.4794E0	3.4285E6	
1927	-8.1657E-1	-1.2794E1	5.4794E0	3.4285E6	
1928	-8.1657E-1	-1.2794E1	5.4794E0	3.4285E6	
1929	-8.1657E-1	-1.2794E1	5.4794E0	3.4285E6	
1930	-8.1657E-1	-1.2794E1	5.4794E0	3.4285E6	
1931	-8.1657E-1	-1.2794E1	5.4794E0	3.4285E6	
1932	-8.1657E-1	-1.2794E1	5.4794E0	3.4285E6	
1933	-8.1657E-1	-1.2794E1	5.4794E0	3.4285E6	
1934	-8.1657E-1	-1.2794E1	5.4794E0	3.4285E6	
1935	-8.1657E-1	-1.2794E1	5.4794E0	3.4285E6	
1936	-8.1657E-1	-1.2794E1	5.4794E0	3.4285E6	
1937	-8.1657E-1	-1.2794E1	5.4794E0	3.4285E6	
1938	-8.1657E-1	-1.2794E1	5.4794E0	3.4285E6	
1939	-8.1657E-1	-1.2794E1	5.4794E0	3.4285E6	
1940	-8.1657E-1	-1.2794E1	5.4794E0	3.4285E6	
1941	-8.1657E-1	-1.2794E1	5.4794E0	3.4285E6	
1942	-8.1657E-1	-1.2794E1	5.4794E0	3.4285E6	
1943	-8.1657E-1	-1.2794E1	5.4794E0	3.4285E6	
1944	-8.1657E-1	-1.2794E1	5.4794E0	3.4285E6	
1945	-8.1657E-1	-1.2794E1	5.4794E0	3.4285E6	
1946	-8.1657E-1	-1.2794E1	5.4794E0	3.4285E6	
1947	-8.1657E-1	-1.2794E1	5.4794E0	3.4285E6	
1948	-8.1657E-1	-1.2794E1	5.4794E0	3.4285E6	
1949	-8.1657E-1	-1.2794E1	5.4794E0	3.4285E6	
1950	-8.1657E-1	-1.2794E1	5.4794E0	3.4285E6	
1951	-8.1657E-1	-1.2794E1	5.4794E0	3.4285E6	
1952	-8.1657E-1	-1.2794E1	5.4794E0	3.4285E6	
1953	-8.1657E-1	-1.2794E1	5.4794E0	3.4285E6	
1954	-8.1657E-1	-1.2794E1	5.4794E0	3.4285E6	
1955	-8.1657E-1	-1.2794E1	5.4794E0	3.4285E6	
1956	-8.1657E-1	-1.2794E1	5.4794E0	3.4285E6	
1957	-8.1657E-1	-1.2794E1	5.4794E0	3.4285E6	
1958	-8.1657E-1	-1.2794E1	5.4794E0	3.4285E6	
1959	-8.1657E-1	-1.2794E1	5.4794E0	3.4285E6	
1960	-8.1657E-1	-1.2794E1	5.4794E0	3.4285E6	
1961	-8.1657E-1	-1.2794E1	5.4794E0	3.4285E6	
1962	-8.1657E-1	-1.2794E1	5.4794E0	3.4285E6	
1963	-8.1657E-1	-1.2794E1	5.4794E0	3.4285E6	
1964	-8.1657E-1	-1.2794E1	5.4794E0	3.4285E6	
1965	-8.1657E-1	-1.2794E1	5.4794E0	3.4285E6	
1966	-8.1657E-1	-1.2794E1	5.4794E0	3.4285E6	
1967	-8.1657E-1	-1.2794E1	5.4794E0	3.4285E6	
1968	-8.1657E-1	-1.2794E1	5.4794E0	3.4285E6	
1969	-8.1657E-1	-1.2794E1	5.4794E0	3.4285E6	
1970	-8.1657E-1	-1.2794E1	5.4794E0	3.4285E6	
1971	-8.1657E-1	-1.2794E1	5.4794E0	3.4285E6	
1972	-8.1657E-1	-1.2794E1	5.4794E0	3.4285E6	
1973	-8.1657E-1	-1.2794E1	5.4794E0	3.4285E6	
1974	-8.1657E-1	-1.2794E1	5.4794E0	3.4285E6	
1975	-8.1657E-1	-1.2794E1	5.4794E0	3.4285E6	
1976	-8.1657E-1	-1.2794E1	5.4794E0	3.4285E6	
1977	-8.1657E-1	-1.2794E1	5.4794E0	3.4285E6	
1978	-8.1657E-1	-1.2794E1	5.4794E0	3.4285E6	
1979	-8.1657E-1	-1.2794E1	5.4794E0	3.4285E6	
1980	-8.1657E-1	-1.2794E1	5.4794E0	3.4285E6	
1981	-8.1657E-1	-1.2794E1	5.4794E0	3.4285E6	
1982	-8.1657E-1	-1.2794E1	5.4794E0	3.4285E6	
1983	-8.1657E-1	-1.2794E1	5.4794E0	3.4285E6	
1984	-8.1657E-1	-1.2794E1	5.4794E0	3.4285E6	
1985	-8.1657E-1	-1.2794E1	5.4794E0	3.4285E6	
1986	-8.1657E-1	-1.2794E1	5.4794E0	3.4285E6	
1987	-8.1657E-1	-1.2794E1	5.4794E0	3.4285E6	
1988	-8.1657E-1	-1.2794E1	5.4794E0	3.4285E6	
1989	-8.1657E-1	-1.2794E1	5.4794E0	3.4285E6	
1990	-8.1657E-1	-1.2794E1	5.4794E0	3.4285E6	
1991	-8.1657E-1	-1.2794E1	5.4794E0	3.4285E6	
1992	-8.1657E-1	-1.2794E1	5.4794E0	3.4285E6	
1993	-8.1657E-1	-1.2794E1	5.4794E0	3.4285E6	
1994	-8.1657E-1	-1.2794E1	5.4794E0	3.4285E6	
1995	-8.1657E-1	-1.2794E1	5.4794E0	3.4285E6	
1996	-8.1657E-1	-1.2794E1	5.4794E0	3.4285E6	
1997	-8.1657E-1	-1.2794E1	5.4794E0	3.4285E6	
1998	-8.1657E-1	-1.2794E1	5.4794E0	3.4285E6	
1999	-8.1657E-1	-1.2794E1	5.4794E0	3.4285E6	
2000	-8.1657E-1	-1.2794E1	5.4794E0	3.4285E6	
2001	-8.1657E-1	-1.2794E1	5.4794E0	3.4285E6	
2002	-8.1657E-1	-1.2794E1	5.4794E0	3.4285E6	
2003	-8.1657E-1	-1.2794E1	5.4794E0	3.4285E6	
2004	-8.1657E-1	-1.2794E1	5.4794E0	3.4285E6	
2005	-8.1657E-1	-1.2794E1	5.4794E0	3.4285E6	
2006	-8.1657E-1	-1.2794E1	5.4794E0	3.4285E6	
2007	-8.1657E-1	-1.2794E1	5.4794E0	3.4285E6	
2008	-8.1657E-1	-1.2794E1	5.4794E0	3.4285E6	
2009	-8.1657E-1	-1.2794E1	5.4794E0	3.4285E6	
2010	-8.1657E-1	-1.2794E1	5.4794E0	3.4285E6	
2011	-8.1657E-1	-1.2794E1	5.4794E0	3.4285E6	
2012	-8.1657E-1	-1.2794E1	5.4794E0	3.4285E6	
2013	-8.1657E-1	-1.2794E1	5.4794E0	3.4285E6	
2014	-8.1657E-1	-1.2794E1	5.4794E0	3.4285E6	
2015	-8.1657E-1	-1.2794E1	5.4794E0	3.4285E6	
2016	-8.1657E-1	-1.2794E1	5.4794E0	3.4285E6	
2017	-8.1657E-1	-1.2794E1	5.4794E0	3.4285E6	
2018	-8.1657E-1	-1.2794E1	5.4794E0	3.4285E6	
2019	-8.1657E-1	-1.2794E1	5.4794E0	3.4285E6	
2020	-8.1657E-1	-1.2794E1	5.4794E0	3.4285E6	
2021	-8.1657E-1	-1.2794E1	5.4794E0	3.4285E6	
2022	-8.1657E-1	-1.2794E1	5.4794E0	3.4285E6	
2023	-8.1657E-1	-1.2794E1	5.4794E0	3.4285E6	
2024	-8.1657E-1	-1.2794E1	5.4794E0	3.4285E6	
2025	-8.1657E-1	-1.2794E1	5.4794E0	3.4285E6	
2026	-8.1657E-1	-1.2794E1	5.4794E0	3.4285E6	
2027	-8.1657E-1	-1.2794E1	5.4794E0	3.4285E6	
2028	-8.1657E-1	-1.2794E1	5.4794E0	3.4285E6	
2029	-8.1657E-1	-1.2794E1	5.4794E0	3.4285E6	
2030	-8.1657E-1	-1.2794E1	5.4794E0	3.4285E6	
2031	-8.1657E-1	-1.2794E1	5.4794E0	3.4285E6	
2032	-8.1657E-1	-1.2794E1	5.4794E0	3.4285E6	
2033	-8.1657E-1	-1.2794E1	5.4794E0	3.4285E6	
2034	-8.1657E-1	-1.2794E1	5.4794E0	3.4285E6	
2035	-8.1657E-1	-1.2794E1	5.4794E0	3.4285E6	
2036	-8.1657E-1	-1.2794E1	5.4794E0	3.4285E6	
2037	-8.1657E-1	-1.2794E1	5.4794E0	3.4285E6	
2038	-8.1657E-1	-1.2794E1	5.4794E0	3.4285E6	
2039	-8.1657E-1	-1.2794E1	5.4794E0	3.4285E6	
2040	-8.1657E-1	-1.2794E1	5.4794E0	3.4285E6	
2041	-8.1657E-1	-1.2794E1	5.4794E0	3.4285E6	
2042	-8.1657E-1	-1.2794E1	5.4794E0	3.4285E6	
2043	-8.1657E-1	-1.2794E1	5.4794E0	3.4285E6	
2044	-8.1657E-1	-1.2794E1	5.4794E0	3.4285E6	
2045	-8.1657E-1	-1.2794E1	5.4794E0	3.4285E6	
2046	-8.1657E-1	-1.2794E1	5.4794E0	3.4285E6	
2047	-8.1657E-1	-1.2794E1	5.4794E0	3.4285E6	
2048	-8.1657E-1	-1.2794E1	5.4794E0	3.4285E6	
