point 174
Index	Vertical (A-B)	Force	Z Height	Time Stamp	
     	V	nN	?m	?sec	
1	-8.2077E-1	-4.5283E-1	5.3844E0	1.2000E2	
2	-8.2016E-1	4.5297E-1	5.3832E0	2.3400E3	
3	-8.2008E-1	5.6620E-1	5.3804E0	4.5600E3	
4	-8.2115E-1	-1.0190E0	5.3773E0	6.7800E3	
5	-8.2062E-1	-2.2638E-1	5.3738E0	9.0000E3	
6	-8.2031E-1	2.2652E-1	5.3702E0	1.1220E4	
7	-8.1985E-1	9.0588E-1	5.3663E0	1.3440E4	
8	-8.2092E-1	-6.7929E-1	5.3624E0	1.5660E4	
9	-8.1871E-1	2.6043E0	5.3585E0	1.7880E4	
10	-8.1779E-1	3.9630E0	5.3543E0	2.0100E4	
11	-8.2115E-1	-1.0190E0	5.3502E0	2.2320E4	
12	-8.1993E-1	7.9265E-1	5.3458E0	2.4540E4	
13	-8.1924E-1	1.8117E0	5.3415E0	2.6760E4	
14	-8.1955E-1	1.3588E0	5.3371E0	2.8980E4	
15	-8.1978E-1	1.0191E0	5.3327E0	3.1200E4	
16	-8.2077E-1	-4.5283E-1	5.3283E0	3.3420E4	
17	-8.1871E-1	2.6043E0	5.3238E0	3.5640E4	
18	-8.1459E-1	8.7185E0	5.3192E0	3.7860E4	
19	-8.1932E-1	1.6985E0	5.3147E0	4.0080E4	
20	-8.1917E-1	1.9249E0	5.3101E0	4.2300E4	
21	-8.1841E-1	3.0572E0	5.3056E0	4.4520E4	
22	-8.1566E-1	7.1333E0	5.3008E0	4.6740E4	
23	-8.1879E-1	2.4910E0	5.2962E0	4.8960E4	
24	-8.1657E-1	5.7746E0	5.2915E0	5.1180E4	
25	-8.1970E-1	1.1323E0	5.2868E0	5.3400E4	
26	-8.1642E-1	6.0010E0	5.2820E0	5.5620E4	
27	-8.1696E-1	5.2085E0	5.2773E0	5.7840E4	
28	-8.1619E-1	6.3407E0	5.2725E0	6.0060E4	
29	-8.1673E-1	5.5481E0	5.2678E0	6.2280E4	
30	-8.1642E-1	6.0010E0	5.2629E0	6.4500E4	
31	-8.1825E-1	3.2836E0	5.2583E0	6.6720E4	
32	-8.1558E-1	7.2465E0	5.2534E0	6.8940E4	
33	-8.1581E-1	6.9068E0	5.2486E0	7.1160E4	
34	-8.1535E-1	7.5862E0	5.2437E0	7.3380E4	
35	-8.1650E-1	5.8878E0	5.2389E0	7.5600E4	
36	-8.1703E-1	5.0952E0	5.2340E0	7.7820E4	
37	-8.1413E-1	9.3978E0	5.2292E0	8.0040E4	
38	-8.1642E-1	6.0010E0	5.2243E0	8.2260E4	
39	-8.1619E-1	6.3407E0	5.2194E0	8.4480E4	
40	-8.1268E-1	1.1549E1	5.2146E0	8.6700E4	
41	-8.1268E-1	1.1549E1	5.2097E0	8.8920E4	
42	-8.1512E-1	7.9259E0	5.2046E0	9.1140E4	
43	-8.1665E-1	5.6614E0	5.1998E0	9.3360E4	
44	-8.1314E-1	1.0870E1	5.1947E0	9.5580E4	
45	-8.1390E-1	9.7375E0	5.1898E0	9.7800E4	
46	-8.1444E-1	8.9449E0	5.1849E0	1.0002E5	
47	-8.1352E-1	1.0304E1	5.1799E0	1.0224E5	
48	-8.1566E-1	7.1333E0	5.1749E0	1.0446E5	
49	-8.1429E-1	9.1714E0	5.1700E0	1.0668E5	
50	-8.1421E-1	9.2846E0	5.1650E0	1.0890E5	
51	-8.1360E-1	1.0190E1	5.1600E0	1.1112E5	
52	-8.1360E-1	1.0190E1	5.1549E0	1.1334E5	
53	-8.1223E-1	1.2228E1	5.1500E0	1.1556E5	
54	-8.1436E-1	9.0581E0	5.1449E0	1.1778E5	
55	-8.1299E-1	1.1096E1	5.1399E0	1.2000E5	
56	-8.1421E-1	9.2846E0	5.1349E0	1.2222E5	
57	-8.1261E-1	1.1662E1	5.1298E0	1.2444E5	
58	-8.1291E-1	1.1209E1	5.1247E0	1.2666E5	
59	-8.1520E-1	7.8126E0	5.1197E0	1.2888E5	
60	-8.1169E-1	1.3021E1	5.1146E0	1.3110E5	
61	-8.1383E-1	9.8507E0	5.1095E0	1.3332E5	
62	-8.1161E-1	1.3134E1	5.1044E0	1.3554E5	
63	-8.1200E-1	1.2568E1	5.0994E0	1.3776E5	
64	-8.1093E-1	1.4153E1	5.0942E0	1.3998E5	
65	-8.1108E-1	1.3927E1	5.0892E0	1.4220E5	
66	-8.1398E-1	9.6243E0	5.0840E0	1.4442E5	
67	-8.1062E-1	1.4606E1	5.0788E0	1.4664E5	
68	-8.1192E-1	1.2681E1	5.0737E0	1.4886E5	
69	-8.1062E-1	1.4606E1	5.0686E0	1.5108E5	
70	-8.1322E-1	1.0757E1	5.0635E0	1.5330E5	
71	-8.1306E-1	1.0983E1	5.0584E0	1.5552E5	
72	-8.1055E-1	1.4719E1	5.0533E0	1.5774E5	
73	-8.1001E-1	1.5512E1	5.0480E0	1.5996E5	
74	-8.1215E-1	1.2342E1	5.0429E0	1.6218E5	
75	-8.0841E-1	1.7890E1	5.0378E0	1.6440E5	
76	-8.1139E-1	1.3474E1	5.0325E0	1.6662E5	
77	-8.1017E-1	1.5286E1	5.0273E0	1.6884E5	
78	-8.1108E-1	1.3927E1	5.0222E0	1.7106E5	
79	-8.0971E-1	1.5965E1	5.0170E0	1.7328E5	
80	-8.1024E-1	1.5172E1	5.0118E0	1.7550E5	
81	-8.1177E-1	1.2908E1	5.0065E0	1.7772E5	
82	-8.1055E-1	1.4719E1	5.0013E0	1.7994E5	
83	-8.1268E-1	1.1549E1	4.9961E0	1.8216E5	
84	-8.0978E-1	1.5852E1	4.9909E0	1.8438E5	
85	-8.1047E-1	1.4833E1	4.9856E0	1.8660E5	
86	-8.0757E-1	1.9135E1	4.9804E0	1.8882E5	
87	-8.0933E-1	1.6531E1	4.9752E0	1.9104E5	
88	-8.0940E-1	1.6418E1	4.9699E0	1.9326E5	
89	-8.0650E-1	2.0720E1	4.9647E0	1.9548E5	
90	-8.0925E-1	1.6644E1	4.9594E0	1.9770E5	
91	-8.0795E-1	1.8569E1	4.9542E0	1.9992E5	
92	-8.0780E-1	1.8796E1	4.9489E0	2.0214E5	
93	-8.0765E-1	1.9022E1	4.9436E0	2.0436E5	
94	-8.0635E-1	2.0947E1	4.9383E0	2.0658E5	
95	-8.0658E-1	2.0607E1	4.9330E0	2.0880E5	
96	-8.0780E-1	1.8796E1	4.9277E0	2.1102E5	
97	-8.0688E-1	2.0154E1	4.9224E0	2.1324E5	
98	-8.1024E-1	1.5172E1	4.9171E0	2.1546E5	
99	-8.0643E-1	2.0834E1	4.9118E0	2.1768E5	
100	-8.0750E-1	1.9248E1	4.9063E0	2.1990E5	
101	-8.0498E-1	2.2985E1	4.9011E0	2.2212E5	
102	-8.0467E-1	2.3438E1	4.8958E0	2.2434E5	
103	-8.0704E-1	1.9928E1	4.8904E0	2.2656E5	
104	-8.0612E-1	2.1287E1	4.8852E0	2.2878E5	
105	-8.0666E-1	2.0494E1	4.8797E0	2.3100E5	
106	-8.0429E-1	2.4004E1	4.8744E0	2.3322E5	
107	-8.0498E-1	2.2985E1	4.8691E0	2.3544E5	
108	-8.0414E-1	2.4230E1	4.8637E0	2.3766E5	
109	-8.0444E-1	2.3777E1	4.8583E0	2.3988E5	
110	-8.0482E-1	2.3211E1	4.8530E0	2.4210E5	
111	-8.0406E-1	2.4344E1	4.8475E0	2.4432E5	
112	-8.0505E-1	2.2872E1	4.8422E0	2.4654E5	
113	-8.0376E-1	2.4797E1	4.8368E0	2.4876E5	
114	-8.0429E-1	2.4004E1	4.8313E0	2.5098E5	
115	-8.0383E-1	2.4683E1	4.8259E0	2.5320E5	
116	-8.0223E-1	2.7061E1	4.8205E0	2.5542E5	
117	-8.0406E-1	2.4344E1	4.8151E0	2.5764E5	
118	-8.0559E-1	2.2079E1	4.8097E0	2.5986E5	
119	-8.0063E-1	2.9439E1	4.8042E0	2.6208E5	
120	-8.0208E-1	2.7287E1	4.7989E0	2.6430E5	
121	-7.9971E-1	3.0797E1	4.7934E0	2.6652E5	
122	-8.0200E-1	2.7401E1	4.7880E0	2.6874E5	
123	-8.0467E-1	2.3438E1	4.7825E0	2.7096E5	
124	-7.9872E-1	3.2269E1	4.7770E0	2.7318E5	
125	-8.0193E-1	2.7514E1	4.7716E0	2.7540E5	
126	-8.0109E-1	2.8759E1	4.7661E0	2.7762E5	
127	-8.0246E-1	2.6721E1	4.7606E0	2.7984E5	
128	-7.9895E-1	3.1930E1	4.7551E0	2.8206E5	
129	-8.0246E-1	2.6721E1	4.7497E0	2.8428E5	
130	-8.0086E-1	2.9099E1	4.7441E0	2.8650E5	
131	-8.0162E-1	2.7967E1	4.7387E0	2.8872E5	
132	-8.0139E-1	2.8307E1	4.7332E0	2.9094E5	
133	-8.0139E-1	2.8307E1	4.7278E0	2.9316E5	
134	-8.0070E-1	2.9326E1	4.7222E0	2.9538E5	
135	-8.0048E-1	2.9665E1	4.7167E0	2.9760E5	
136	-7.9994E-1	3.0458E1	4.7111E0	2.9982E5	
137	-8.0002E-1	3.0345E1	4.7057E0	3.0204E5	
138	-8.0116E-1	2.8646E1	4.7001E0	3.0426E5	
139	-8.0093E-1	2.8986E1	4.6946E0	3.0648E5	
140	-7.9887E-1	3.2043E1	4.6890E0	3.0870E5	
141	-7.9918E-1	3.1590E1	4.6834E0	3.1092E5	
142	-7.9803E-1	3.3288E1	4.6779E0	3.1314E5	
143	-7.9819E-1	3.3062E1	4.6724E0	3.1536E5	
144	-7.9987E-1	3.0571E1	4.6668E0	3.1758E5	
145	-7.9903E-1	3.1817E1	4.6613E0	3.1980E5	
146	-7.9842E-1	3.2722E1	4.6557E0	3.2202E5	
147	-7.9742E-1	3.4194E1	4.6501E0	3.2424E5	
148	-7.9796E-1	3.3402E1	4.6445E0	3.2646E5	
149	-7.9880E-1	3.2156E1	4.6389E0	3.2868E5	
150	-7.9666E-1	3.5326E1	4.6333E0	3.3090E5	
151	-7.9895E-1	3.1930E1	4.6277E0	3.3312E5	
152	-7.9651E-1	3.5553E1	4.6221E0	3.3534E5	
153	-7.9750E-1	3.4081E1	4.6165E0	3.3756E5	
154	-7.9803E-1	3.3288E1	4.6109E0	3.3978E5	
155	-7.9803E-1	3.3288E1	4.6053E0	3.4200E5	
156	-7.9773E-1	3.3741E1	4.5997E0	3.4422E5	
157	-7.9674E-1	3.5213E1	4.5940E0	3.4644E5	
158	-7.9773E-1	3.3741E1	4.5884E0	3.4866E5	
159	-7.9811E-1	3.3175E1	4.5827E0	3.5088E5	
160	-7.9628E-1	3.5893E1	4.5771E0	3.5310E5	
161	-7.9453E-1	3.8497E1	4.5714E0	3.5532E5	
162	-7.9628E-1	3.5893E1	4.5657E0	3.5754E5	
163	-7.9712E-1	3.4647E1	4.5600E0	3.5976E5	
164	-7.9597E-1	3.6346E1	4.5545E0	3.6198E5	
165	-7.9582E-1	3.6572E1	4.5487E0	3.6420E5	
166	-7.9567E-1	3.6798E1	4.5431E0	3.6642E5	
167	-7.9735E-1	3.4307E1	4.5374E0	3.6864E5	
168	-7.9575E-1	3.6685E1	4.5317E0	3.7086E5	
169	-7.9254E-1	4.1441E1	4.5259E0	3.7308E5	
170	-7.9529E-1	3.7365E1	4.5202E0	3.7530E5	
171	-7.9689E-1	3.4987E1	4.5146E0	3.7752E5	
172	-7.9674E-1	3.5213E1	4.5089E0	3.7974E5	
173	-7.9414E-1	3.9063E1	4.5031E0	3.8196E5	
174	-7.9376E-1	3.9629E1	4.4975E0	3.8418E5	
175	-7.9597E-1	3.6346E1	4.4918E0	3.8640E5	
176	-7.9514E-1	3.7591E1	4.4861E0	3.8862E5	
177	-7.9269E-1	4.1214E1	4.4803E0	3.9084E5	
178	-7.9285E-1	4.0988E1	4.4745E0	3.9306E5	
179	-7.9468E-1	3.8270E1	4.4688E0	3.9528E5	
180	-7.9323E-1	4.0422E1	4.4631E0	3.9750E5	
181	-7.9384E-1	3.9516E1	4.4573E0	3.9972E5	
182	-7.9147E-1	4.3026E1	4.4515E0	4.0194E5	
183	-7.9315E-1	4.0535E1	4.4457E0	4.0416E5	
184	-7.9254E-1	4.1441E1	4.4400E0	4.0638E5	
185	-7.9285E-1	4.0988E1	4.4342E0	4.0860E5	
186	-7.9208E-1	4.2120E1	4.4284E0	4.1082E5	
187	-7.9010E-1	4.5064E1	4.4227E0	4.1304E5	
188	-7.9002E-1	4.5177E1	4.4169E0	4.1526E5	
189	-7.9018E-1	4.4951E1	4.4111E0	4.1748E5	
190	-7.9048E-1	4.4498E1	4.4053E0	4.1970E5	
191	-7.8918E-1	4.6423E1	4.3995E0	4.2192E5	
192	-7.9010E-1	4.5064E1	4.3937E0	4.2414E5	
193	-7.8995E-1	4.5290E1	4.3878E0	4.2636E5	
194	-7.8941E-1	4.6083E1	4.3821E0	4.2858E5	
195	-7.9155E-1	4.2913E1	4.3763E0	4.3080E5	
196	-7.9063E-1	4.4271E1	4.3705E0	4.3302E5	
197	-7.9079E-1	4.4045E1	4.3647E0	4.3524E5	
198	-7.8911E-1	4.6536E1	4.3588E0	4.3746E5	
199	-7.8941E-1	4.6083E1	4.3529E0	4.3968E5	
200	-7.8835E-1	4.7668E1	4.3471E0	4.4190E5	
201	-7.8880E-1	4.6989E1	4.3412E0	4.4412E5	
202	-7.8964E-1	4.5743E1	4.3354E0	4.4634E5	
203	-7.9056E-1	4.4385E1	4.3296E0	4.4856E5	
204	-7.8888E-1	4.6876E1	4.3237E0	4.5078E5	
205	-7.8979E-1	4.5517E1	4.3178E0	4.5300E5	
206	-7.8751E-1	4.8914E1	4.3120E0	4.5522E5	
207	-7.8850E-1	4.7442E1	4.3060E0	4.5744E5	
208	-7.8613E-1	5.0952E1	4.3001E0	4.5966E5	
209	-7.8796E-1	4.8234E1	4.2943E0	4.6188E5	
210	-7.8552E-1	5.1857E1	4.2884E0	4.6410E5	
211	-7.8644E-1	5.0499E1	4.2825E0	4.6632E5	
212	-7.8873E-1	4.7102E1	4.2766E0	4.6854E5	
213	-7.8903E-1	4.6649E1	4.2708E0	4.7076E5	
214	-7.8842E-1	4.7555E1	4.2648E0	4.7298E5	
215	-7.8827E-1	4.7781E1	4.2590E0	4.7520E5	
216	-7.8613E-1	5.0952E1	4.2531E0	4.7742E5	
217	-7.8598E-1	5.1178E1	4.2472E0	4.7964E5	
218	-7.8598E-1	5.1178E1	4.2412E0	4.8186E5	
219	-7.8407E-1	5.4009E1	4.2354E0	4.8408E5	
220	-7.8461E-1	5.3216E1	4.2294E0	4.8630E5	
221	-7.8537E-1	5.2084E1	4.2235E0	4.8852E5	
222	-7.8606E-1	5.1065E1	4.2175E0	4.9074E5	
223	-7.8583E-1	5.1405E1	4.2116E0	4.9296E5	
224	-7.8812E-1	4.8008E1	4.2057E0	4.9518E5	
225	-7.8667E-1	5.0159E1	4.1997E0	4.9740E5	
226	-7.8384E-1	5.4348E1	4.1938E0	4.9962E5	
227	-7.8568E-1	5.1631E1	4.1878E0	5.0184E5	
228	-7.8445E-1	5.3443E1	4.1819E0	5.0406E5	
229	-7.8484E-1	5.2876E1	4.1758E0	5.0628E5	
230	-7.8590E-1	5.1291E1	4.1699E0	5.0850E5	
231	-7.8499E-1	5.2650E1	4.1639E0	5.1072E5	
232	-7.8491E-1	5.2763E1	4.1580E0	5.1294E5	
233	-7.8384E-1	5.4348E1	4.1520E0	5.1516E5	
234	-7.8400E-1	5.4122E1	4.1460E0	5.1738E5	
235	-7.8476E-1	5.2990E1	4.1400E0	5.1960E5	
236	-7.8209E-1	5.6953E1	4.1340E0	5.2182E5	
237	-7.8125E-1	5.8198E1	4.1280E0	5.2404E5	
238	-7.8323E-1	5.5254E1	4.1219E0	5.2626E5	
239	-7.8262E-1	5.6160E1	4.1160E0	5.2848E5	
240	-7.8453E-1	5.3329E1	4.1100E0	5.3070E5	
241	-7.8217E-1	5.6839E1	4.1040E0	5.3292E5	
242	-7.8300E-1	5.5594E1	4.0980E0	5.3514E5	
243	-7.8247E-1	5.6386E1	4.0919E0	5.3736E5	
244	-7.8049E-1	5.9330E1	4.0859E0	5.3958E5	
245	-7.8140E-1	5.7972E1	4.0798E0	5.4180E5	
246	-7.8148E-1	5.7858E1	4.0738E0	5.4402E5	
247	-7.8201E-1	5.7066E1	4.0678E0	5.4624E5	
248	-7.8102E-1	5.8538E1	4.0618E0	5.4846E5	
249	-7.8033E-1	5.9557E1	4.0557E0	5.5068E5	
250	-7.7972E-1	6.0463E1	4.0497E0	5.5290E5	
251	-7.7965E-1	6.0576E1	4.0436E0	5.5512E5	
252	-7.7705E-1	6.4426E1	4.0375E0	5.5734E5	
253	-7.7904E-1	6.1482E1	4.0314E0	5.5956E5	
254	-7.8148E-1	5.7858E1	4.0254E0	5.6178E5	
255	-7.7690E-1	6.4652E1	4.0194E0	5.6400E5	
256	-7.7965E-1	6.0576E1	4.0133E0	5.6622E5	
257	-7.7812E-1	6.2840E1	4.0073E0	5.6844E5	
258	-7.7644E-1	6.5331E1	4.0011E0	5.7066E5	
259	-7.8125E-1	5.8198E1	3.9950E0	5.7288E5	
260	-7.8011E-1	5.9896E1	3.9890E0	5.7510E5	
261	-7.7324E-1	7.0087E1	3.9829E0	5.7732E5	
262	-7.7850E-1	6.2274E1	3.9768E0	5.7954E5	
263	-7.7667E-1	6.4992E1	3.9706E0	5.8176E5	
264	-7.7606E-1	6.5897E1	3.9646E0	5.8398E5	
265	-7.7614E-1	6.5784E1	3.9585E0	5.8620E5	
266	-7.7667E-1	6.4992E1	3.9523E0	5.8842E5	
267	-7.7942E-1	6.0916E1	3.9462E0	5.9064E5	
268	-7.7393E-1	6.9068E1	3.9401E0	5.9286E5	
269	-7.7621E-1	6.5671E1	3.9340E0	5.9508E5	
270	-7.7477E-1	6.7822E1	3.9279E0	5.9730E5	
271	-7.7705E-1	6.4426E1	3.9217E0	5.9952E5	
272	-7.7438E-1	6.8388E1	3.9156E0	6.0174E5	
273	-7.7309E-1	7.0313E1	3.9095E0	6.0396E5	
274	-7.7362E-1	6.9521E1	3.9033E0	6.0618E5	
275	-7.7637E-1	6.5445E1	3.8971E0	6.0840E5	
276	-7.7637E-1	6.5445E1	3.8911E0	6.1062E5	
277	-7.7339E-1	6.9860E1	3.8849E0	6.1284E5	
278	-7.7446E-1	6.8275E1	3.8788E0	6.1506E5	
279	-7.7606E-1	6.5897E1	3.8725E0	6.1728E5	
280	-7.7293E-1	7.0540E1	3.8664E0	6.1950E5	
281	-7.7560E-1	6.6577E1	3.8602E0	6.2172E5	
282	-7.7560E-1	6.6577E1	3.8541E0	6.2394E5	
283	-7.7362E-1	6.9521E1	3.8479E0	6.2616E5	
284	-7.7446E-1	6.8275E1	3.8417E0	6.2838E5	
285	-7.7362E-1	6.9521E1	3.8355E0	6.3060E5	
286	-7.7255E-1	7.1106E1	3.8293E0	6.3282E5	
287	-7.7339E-1	6.9860E1	3.8231E0	6.3504E5	
288	-7.7370E-1	6.9407E1	3.8170E0	6.3726E5	
289	-7.7423E-1	6.8615E1	3.8107E0	6.3948E5	
290	-7.7217E-1	7.1672E1	3.8045E0	6.4170E5	
291	-7.7286E-1	7.0653E1	3.7983E0	6.4392E5	
292	-7.7225E-1	7.1559E1	3.7921E0	6.4614E5	
293	-7.7110E-1	7.3257E1	3.7860E0	6.4836E5	
294	-7.7065E-1	7.3936E1	3.7797E0	6.5058E5	
295	-7.7209E-1	7.1785E1	3.7734E0	6.5280E5	
296	-7.7400E-1	6.8955E1	3.7673E0	6.5502E5	
297	-7.7049E-1	7.4163E1	3.7610E0	6.5724E5	
298	-7.7255E-1	7.1106E1	3.7549E0	6.5946E5	
299	-7.7042E-1	7.4276E1	3.7485E0	6.6168E5	
300	-7.6935E-1	7.5861E1	3.7424E0	6.6390E5	
301	-7.7095E-1	7.3484E1	3.7360E0	6.6612E5	
302	-7.7324E-1	7.0087E1	3.7299E0	6.6834E5	
303	-7.7072E-1	7.3823E1	3.7236E0	6.7056E5	
304	-7.6965E-1	7.5408E1	3.7174E0	6.7278E5	
305	-7.7225E-1	7.1559E1	3.7111E0	6.7500E5	
306	-7.6874E-1	7.6767E1	3.7049E0	6.7722E5	
307	-7.7133E-1	7.2917E1	3.6986E0	6.7944E5	
308	-7.7042E-1	7.4276E1	3.6922E0	6.8166E5	
309	-7.6958E-1	7.5522E1	3.6861E0	6.8388E5	
310	-7.6874E-1	7.6767E1	3.6797E0	6.8610E5	
311	-7.6927E-1	7.5975E1	3.6735E0	6.8832E5	
312	-7.7003E-1	7.4842E1	3.6672E0	6.9054E5	
313	-7.6851E-1	7.7107E1	3.6608E0	6.9276E5	
314	-7.6904E-1	7.6314E1	3.6545E0	6.9498E5	
315	-7.6691E-1	7.9485E1	3.6483E0	6.9720E5	
316	-7.6874E-1	7.6767E1	3.6421E0	6.9942E5	
317	-7.6782E-1	7.8126E1	3.6357E0	7.0164E5	
318	-7.7026E-1	7.4503E1	3.6295E0	7.0386E5	
319	-7.6675E-1	7.9711E1	3.6230E0	7.0608E5	
320	-7.6736E-1	7.8805E1	3.6168E0	7.0830E5	
321	-7.6736E-1	7.8805E1	3.6104E0	7.1052E5	
322	-7.6569E-1	8.1296E1	3.6043E0	7.1274E5	
323	-7.6538E-1	8.1749E1	3.5979E0	7.1496E5	
324	-7.6477E-1	8.2655E1	3.5915E0	7.1718E5	
325	-7.6523E-1	8.1976E1	3.5852E0	7.1940E5	
326	-7.6698E-1	7.9371E1	3.5789E0	7.2162E5	
327	-7.6660E-1	7.9937E1	3.5725E0	7.2384E5	
328	-7.6508E-1	8.2202E1	3.5662E0	7.2606E5	
329	-7.6416E-1	8.3561E1	3.5598E0	7.2828E5	
330	-7.6614E-1	8.0617E1	3.5535E0	7.3050E5	
331	-7.6424E-1	8.3447E1	3.5472E0	7.3272E5	
332	-7.6286E-1	8.5486E1	3.5408E0	7.3494E5	
333	-7.6347E-1	8.4580E1	3.5345E0	7.3716E5	
334	-7.6164E-1	8.7297E1	3.5282E0	7.3938E5	
335	-7.6118E-1	8.7976E1	3.5217E0	7.4160E5	
336	-7.6363E-1	8.4353E1	3.5154E0	7.4382E5	
337	-7.6080E-1	8.8543E1	3.5090E0	7.4604E5	
338	-7.6286E-1	8.5486E1	3.5026E0	7.4826E5	
339	-7.5966E-1	9.0241E1	3.4962E0	7.5048E5	
340	-7.6141E-1	8.7637E1	3.4899E0	7.5270E5	
341	-7.6347E-1	8.4580E1	3.4834E0	7.5492E5	
342	-7.6195E-1	8.6844E1	3.4770E0	7.5714E5	
343	-7.6355E-1	8.4466E1	3.4707E0	7.5936E5	
344	-7.5867E-1	9.1713E1	3.4644E0	7.6158E5	
345	-7.6202E-1	8.6731E1	3.4579E0	7.6380E5	
346	-7.5958E-1	9.0354E1	3.4515E0	7.6602E5	
347	-7.5981E-1	9.0015E1	3.4451E0	7.6824E5	
348	-7.6088E-1	8.8429E1	3.4387E0	7.7046E5	
349	-7.6111E-1	8.8090E1	3.4322E0	7.7268E5	
350	-7.5958E-1	9.0354E1	3.4259E0	7.7490E5	
351	-7.5806E-1	9.2619E1	3.4195E0	7.7712E5	
352	-7.5928E-1	9.0807E1	3.4131E0	7.7934E5	
353	-7.6065E-1	8.8769E1	3.4066E0	7.8156E5	
354	-7.5729E-1	9.3751E1	3.4001E0	7.8378E5	
355	-7.5897E-1	9.1260E1	3.3938E0	7.8600E5	
356	-7.5645E-1	9.4996E1	3.3874E0	7.8822E5	
357	-7.5867E-1	9.1713E1	3.3809E0	7.9044E5	
358	-7.5836E-1	9.2166E1	3.3744E0	7.9266E5	
359	-7.5684E-1	9.4430E1	3.3679E0	7.9488E5	
360	-7.6019E-1	8.9448E1	3.3615E0	7.9710E5	
361	-7.5874E-1	9.1600E1	3.3551E0	7.9932E5	
362	-7.5760E-1	9.3298E1	3.3486E0	8.0154E5	
363	-7.5874E-1	9.1600E1	3.3422E0	8.0376E5	
364	-7.5996E-1	8.9788E1	3.3356E0	8.0598E5	
365	-7.5859E-1	9.1826E1	3.3293E0	8.0820E5	
366	-7.5394E-1	9.8733E1	3.3228E0	8.1042E5	
367	-7.5768E-1	9.3185E1	3.3163E0	8.1264E5	
368	-7.5714E-1	9.3977E1	3.3099E0	8.1486E5	
369	-7.5653E-1	9.4883E1	3.3034E0	8.1708E5	
370	-7.5867E-1	9.1713E1	3.2969E0	8.1930E5	
371	-7.5829E-1	9.2279E1	3.2904E0	8.2152E5	
372	-7.5500E-1	9.7148E1	3.2839E0	8.2374E5	
373	-7.5699E-1	9.4204E1	3.2774E0	8.2596E5	
374	-7.5615E-1	9.5449E1	3.2710E0	8.2818E5	
375	-7.5645E-1	9.4996E1	3.2645E0	8.3040E5	
376	-7.5745E-1	9.3525E1	3.2580E0	8.3262E5	
377	-7.5752E-1	9.3411E1	3.2515E0	8.3484E5	
378	-7.5592E-1	9.5789E1	3.2451E0	8.3706E5	
379	-7.5455E-1	9.7827E1	3.2384E0	8.3928E5	
380	-7.5783E-1	9.2958E1	3.2319E0	8.4150E5	
381	-7.5577E-1	9.6015E1	3.2254E0	8.4372E5	
382	-7.5363E-1	9.9186E1	3.2189E0	8.4594E5	
383	-7.5455E-1	9.7827E1	3.2125E0	8.4816E5	
384	-7.5317E-1	9.9865E1	3.2058E0	8.5038E5	
385	-7.5691E-1	9.4317E1	3.1993E0	8.5260E5	
386	-7.5523E-1	9.6808E1	3.1929E0	8.5482E5	
387	-7.5340E-1	9.9525E1	3.1862E0	8.5704E5	
388	-7.5363E-1	9.9186E1	3.1797E0	8.5926E5	
389	-7.5111E-1	1.0292E2	3.1732E0	8.6148E5	
390	-7.5478E-1	9.7487E1	3.1666E0	8.6370E5	
391	-7.5310E-1	9.9978E1	3.1601E0	8.6592E5	
392	-7.5180E-1	1.0190E2	3.1536E0	8.6814E5	
393	-7.4989E-1	1.0473E2	3.1470E0	8.7036E5	
394	-7.5096E-1	1.0315E2	3.1405E0	8.7258E5	
395	-7.5195E-1	1.0168E2	3.1338E0	8.7480E5	
396	-7.5294E-1	1.0020E2	3.1273E0	8.7702E5	
397	-7.5073E-1	1.0349E2	3.1208E0	8.7924E5	
398	-7.5119E-1	1.0281E2	3.1142E0	8.8146E5	
399	-7.4883E-1	1.0632E2	3.1076E0	8.8368E5	
400	-7.4951E-1	1.0530E2	3.1010E0	8.8590E5	
401	-7.5020E-1	1.0428E2	3.0945E0	8.8812E5	
402	-7.5134E-1	1.0258E2	3.0879E0	8.9034E5	
403	-7.4829E-1	1.0711E2	3.0812E0	8.9256E5	
404	-7.4982E-1	1.0485E2	3.0747E0	8.9478E5	
405	-7.4898E-1	1.0609E2	3.0681E0	8.9700E5	
406	-7.5005E-1	1.0451E2	3.0615E0	8.9922E5	
407	-7.4852E-1	1.0677E2	3.0549E0	9.0144E5	
408	-7.4783E-1	1.0779E2	3.0484E0	9.0366E5	
409	-7.5005E-1	1.0451E2	3.0418E0	9.0588E5	
410	-7.4677E-1	1.0938E2	3.0352E0	9.0810E5	
411	-7.4936E-1	1.0553E2	3.0284E0	9.1032E5	
412	-7.4898E-1	1.0609E2	3.0219E0	9.1254E5	
413	-7.4837E-1	1.0700E2	3.0153E0	9.1476E5	
414	-7.4768E-1	1.0802E2	3.0087E0	9.1698E5	
415	-7.4677E-1	1.0938E2	3.0021E0	9.1920E5	
416	-7.4722E-1	1.0870E2	2.9954E0	9.2142E5	
417	-7.4684E-1	1.0926E2	2.9888E0	9.2364E5	
418	-7.4539E-1	1.1141E2	2.9822E0	9.2586E5	
419	-7.4516E-1	1.1175E2	2.9755E0	9.2808E5	
420	-7.4776E-1	1.0790E2	2.9689E0	9.3030E5	
421	-7.4646E-1	1.0983E2	2.9623E0	9.3252E5	
422	-7.4455E-1	1.1266E2	2.9556E0	9.3474E5	
423	-7.4783E-1	1.0779E2	2.9490E0	9.3696E5	
424	-7.4577E-1	1.1085E2	2.9423E0	9.3918E5	
425	-7.4677E-1	1.0938E2	2.9358E0	9.4140E5	
426	-7.4394E-1	1.1357E2	2.9291E0	9.4362E5	
427	-7.4402E-1	1.1345E2	2.9224E0	9.4584E5	
428	-7.4318E-1	1.1470E2	2.9157E0	9.4806E5	
429	-7.4211E-1	1.1628E2	2.9091E0	9.5028E5	
430	-7.4516E-1	1.1175E2	2.9024E0	9.5250E5	
431	-7.4493E-1	1.1209E2	2.8958E0	9.5472E5	
432	-7.4272E-1	1.1538E2	2.8890E0	9.5694E5	
433	-7.4203E-1	1.1640E2	2.8824E0	9.5916E5	
434	-7.4471E-1	1.1243E2	2.8757E0	9.6138E5	
435	-7.4516E-1	1.1175E2	2.8691E0	9.6360E5	
436	-7.4280E-1	1.1526E2	2.8624E0	9.6582E5	
437	-7.4387E-1	1.1368E2	2.8556E0	9.6804E5	
438	-7.4486E-1	1.1221E2	2.8491E0	9.7026E5	
439	-7.4341E-1	1.1436E2	2.8423E0	9.7248E5	
440	-7.4310E-1	1.1481E2	2.8357E0	9.7470E5	
441	-7.4120E-1	1.1764E2	2.8290E0	9.7692E5	
442	-7.4181E-1	1.1674E2	2.8223E0	9.7914E5	
443	-7.4097E-1	1.1798E2	2.8156E0	9.8136E5	
444	-7.4280E-1	1.1526E2	2.8088E0	9.8358E5	
445	-7.4165E-1	1.1696E2	2.8022E0	9.8580E5	
446	-7.4013E-1	1.1923E2	2.7955E0	9.8802E5	
447	-7.4326E-1	1.1458E2	2.7887E0	9.9024E5	
448	-7.3982E-1	1.1968E2	2.7820E0	9.9246E5	
449	-7.4074E-1	1.1832E2	2.7753E0	9.9468E5	
450	-7.4120E-1	1.1764E2	2.7686E0	9.9690E5	
451	-7.4379E-1	1.1379E2	2.7619E0	9.9912E5	
452	-7.3997E-1	1.1945E2	2.7552E0	1.0013E6	
453	-7.4036E-1	1.1889E2	2.7484E0	1.0036E6	
454	-7.4181E-1	1.1674E2	2.7417E0	1.0058E6	
455	-7.3990E-1	1.1957E2	2.7349E0	1.0080E6	
456	-7.3914E-1	1.2070E2	2.7282E0	1.0102E6	
457	-7.3990E-1	1.1957E2	2.7214E0	1.0124E6	
458	-7.3845E-1	1.2172E2	2.7147E0	1.0147E6	
459	-7.3952E-1	1.2013E2	2.7080E0	1.0169E6	
460	-7.3608E-1	1.2523E2	2.7012E0	1.0191E6	
461	-7.3845E-1	1.2172E2	2.6944E0	1.0213E6	
462	-7.3761E-1	1.2296E2	2.6877E0	1.0235E6	
463	-7.3601E-1	1.2534E2	2.6809E0	1.0258E6	
464	-7.3814E-1	1.2217E2	2.6742E0	1.0280E6	
465	-7.3738E-1	1.2330E2	2.6675E0	1.0302E6	
466	-7.3509E-1	1.2670E2	2.6607E0	1.0324E6	
467	-7.3631E-1	1.2489E2	2.6538E0	1.0346E6	
468	-7.3502E-1	1.2681E2	2.6472E0	1.0369E6	
469	-7.3792E-1	1.2251E2	2.6404E0	1.0391E6	
470	-7.3479E-1	1.2715E2	2.6337E0	1.0413E6	
471	-7.3601E-1	1.2534E2	2.6268E0	1.0435E6	
472	-7.3761E-1	1.2296E2	2.6200E0	1.0457E6	
473	-7.3608E-1	1.2523E2	2.6133E0	1.0480E6	
474	-7.3273E-1	1.3021E2	2.6066E0	1.0502E6	
475	-7.3517E-1	1.2659E2	2.5997E0	1.0524E6	
476	-7.3425E-1	1.2795E2	2.5930E0	1.0546E6	
477	-7.3158E-1	1.3191E2	2.5861E0	1.0568E6	
478	-7.3433E-1	1.2783E2	2.5793E0	1.0591E6	
479	-7.3471E-1	1.2727E2	2.5725E0	1.0613E6	
480	-7.3166E-1	1.3179E2	2.5658E0	1.0635E6	
481	-7.3151E-1	1.3202E2	2.5590E0	1.0657E6	
482	-7.3273E-1	1.3021E2	2.5522E0	1.0679E6	
483	-7.3341E-1	1.2919E2	2.5454E0	1.0702E6	
484	-7.3143E-1	1.3213E2	2.5385E0	1.0724E6	
485	-7.3067E-1	1.3327E2	2.5318E0	1.0746E6	
486	-7.3326E-1	1.2942E2	2.5249E0	1.0768E6	
487	-7.3151E-1	1.3202E2	2.5181E0	1.0790E6	
488	-7.2945E-1	1.3508E2	2.5113E0	1.0813E6	
489	-7.3105E-1	1.3270E2	2.5044E0	1.0835E6	
490	-7.3067E-1	1.3327E2	2.4977E0	1.0857E6	
491	-7.3212E-1	1.3112E2	2.4909E0	1.0879E6	
492	-7.3219E-1	1.3100E2	2.4841E0	1.0901E6	
493	-7.3204E-1	1.3123E2	2.4772E0	1.0924E6	
494	-7.2914E-1	1.3553E2	2.4703E0	1.0946E6	
495	-7.3219E-1	1.3100E2	2.4635E0	1.0968E6	
496	-7.3013E-1	1.3406E2	2.4567E0	1.0990E6	
497	-7.3097E-1	1.3281E2	2.4498E0	1.1012E6	
498	-7.3044E-1	1.3361E2	2.4430E0	1.1035E6	
499	-7.2929E-1	1.3530E2	2.4361E0	1.1057E6	
500	-7.2853E-1	1.3644E2	2.4293E0	1.1079E6	
501	-7.3067E-1	1.3327E2	2.4224E0	1.1101E6	
502	-7.2853E-1	1.3644E2	2.4156E0	1.1123E6	
503	-7.3082E-1	1.3304E2	2.4086E0	1.1146E6	
504	-7.2838E-1	1.3666E2	2.4019E0	1.1168E6	
505	-7.2868E-1	1.3621E2	2.3950E0	1.1190E6	
506	-7.2800E-1	1.3723E2	2.3882E0	1.1212E6	
507	-7.2998E-1	1.3429E2	2.3813E0	1.1234E6	
508	-7.2784E-1	1.3746E2	2.3745E0	1.1257E6	
509	-7.2868E-1	1.3621E2	2.3676E0	1.1279E6	
510	-7.2784E-1	1.3746E2	2.3608E0	1.1301E6	
511	-7.2723E-1	1.3836E2	2.3538E0	1.1323E6	
512	-7.2884E-1	1.3598E2	2.3469E0	1.1345E6	
513	-7.2975E-1	1.3463E2	2.3400E0	1.1368E6	
514	-7.2655E-1	1.3938E2	2.3333E0	1.1390E6	
515	-7.2556E-1	1.4085E2	2.3263E0	1.1412E6	
516	-7.2456E-1	1.4232E2	2.3195E0	1.1434E6	
517	-7.2586E-1	1.4040E2	2.3126E0	1.1456E6	
518	-7.2815E-1	1.3700E2	2.3057E0	1.1479E6	
519	-7.2441E-1	1.4255E2	2.2989E0	1.1501E6	
520	-7.2563E-1	1.4074E2	2.2919E0	1.1523E6	
521	-7.2617E-1	1.3995E2	2.2850E0	1.1545E6	
522	-7.2548E-1	1.4097E2	2.2781E0	1.1567E6	
523	-7.2464E-1	1.4221E2	2.2711E0	1.1590E6	
524	-7.2472E-1	1.4210E2	2.2644E0	1.1612E6	
525	-7.2563E-1	1.4074E2	2.2573E0	1.1634E6	
526	-7.2784E-1	1.3746E2	2.2505E0	1.1656E6	
527	-7.2578E-1	1.4051E2	2.2436E0	1.1678E6	
528	-7.2670E-1	1.3915E2	2.2367E0	1.1701E6	
529	-7.2189E-1	1.4629E2	2.2298E0	1.1723E6	
530	-7.2380E-1	1.4346E2	2.2228E0	1.1745E6	
531	-7.2380E-1	1.4346E2	2.2159E0	1.1767E6	
532	-7.2426E-1	1.4278E2	2.2090E0	1.1789E6	
533	-7.2235E-1	1.4561E2	2.2020E0	1.1812E6	
534	-7.2121E-1	1.4731E2	2.1952E0	1.1834E6	
535	-7.2235E-1	1.4561E2	2.1883E0	1.1856E6	
536	-7.1945E-1	1.4991E2	2.1813E0	1.1878E6	
537	-7.2243E-1	1.4550E2	2.1744E0	1.1900E6	
538	-7.2144E-1	1.4697E2	2.1675E0	1.1923E6	
539	-7.2395E-1	1.4323E2	2.1604E0	1.1945E6	
540	-7.2006E-1	1.4901E2	2.1535E0	1.1967E6	
541	-7.1907E-1	1.5048E2	2.1466E0	1.1989E6	
542	-7.1976E-1	1.4946E2	2.1397E0	1.2011E6	
543	-7.2037E-1	1.4855E2	2.1328E0	1.2034E6	
544	-7.2075E-1	1.4799E2	2.1259E0	1.2056E6	
545	-7.1709E-1	1.5342E2	2.1189E0	1.2078E6	
546	-7.1800E-1	1.5206E2	2.1119E0	1.2100E6	
547	-7.1754E-1	1.5274E2	2.1050E0	1.2122E6	
548	-7.1892E-1	1.5070E2	2.0981E0	1.2145E6	
549	-7.1693E-1	1.5365E2	2.0911E0	1.2167E6	
550	-7.1747E-1	1.5285E2	2.0841E0	1.2189E6	
551	-7.1526E-1	1.5614E2	2.0771E0	1.2211E6	
552	-7.1815E-1	1.5184E2	2.0702E0	1.2233E6	
553	-7.1754E-1	1.5274E2	2.0632E0	1.2256E6	
554	-7.1709E-1	1.5342E2	2.0562E0	1.2278E6	
555	-7.1777E-1	1.5240E2	2.0493E0	1.2300E6	
556	-7.1609E-1	1.5489E2	2.0424E0	1.2322E6	
557	-7.1594E-1	1.5512E2	2.0354E0	1.2344E6	
558	-7.1541E-1	1.5591E2	2.0284E0	1.2367E6	
559	-7.1609E-1	1.5489E2	2.0213E0	1.2389E6	
560	-7.1609E-1	1.5489E2	2.0145E0	1.2411E6	
561	-7.1793E-1	1.5218E2	2.0075E0	1.2433E6	
562	-7.1533E-1	1.5603E2	2.0005E0	1.2455E6	
563	-7.1457E-1	1.5716E2	1.9936E0	1.2478E6	
564	-7.1457E-1	1.5716E2	1.9866E0	1.2500E6	
565	-7.1777E-1	1.5240E2	1.9795E0	1.2522E6	
566	-7.1732E-1	1.5308E2	1.9726E0	1.2544E6	
567	-7.1533E-1	1.5603E2	1.9657E0	1.2566E6	
568	-7.1526E-1	1.5614E2	1.9586E0	1.2589E6	
569	-7.1533E-1	1.5603E2	1.9516E0	1.2611E6	
570	-7.1518E-1	1.5625E2	1.9446E0	1.2633E6	
571	-7.1495E-1	1.5659E2	1.9377E0	1.2655E6	
572	-7.1526E-1	1.5614E2	1.9306E0	1.2677E6	
573	-7.1373E-1	1.5840E2	1.9236E0	1.2700E6	
574	-7.1411E-1	1.5784E2	1.9166E0	1.2722E6	
575	-7.1571E-1	1.5546E2	1.9096E0	1.2744E6	
576	-7.1625E-1	1.5467E2	1.9026E0	1.2766E6	
577	-7.1495E-1	1.5659E2	1.8956E0	1.2788E6	
578	-7.1342E-1	1.5886E2	1.8887E0	1.2811E6	
579	-7.1457E-1	1.5716E2	1.8815E0	1.2833E6	
580	-7.1037E-1	1.6338E2	1.8746E0	1.2855E6	
581	-7.1228E-1	1.6055E2	1.8676E0	1.2877E6	
582	-7.1350E-1	1.5874E2	1.8605E0	1.2899E6	
583	-7.1259E-1	1.6010E2	1.8535E0	1.2922E6	
584	-7.1014E-1	1.6372E2	1.8465E0	1.2944E6	
585	-7.0969E-1	1.6440E2	1.8395E0	1.2966E6	
586	-7.1068E-1	1.6293E2	1.8324E0	1.2988E6	
587	-7.1404E-1	1.5795E2	1.8255E0	1.3010E6	
588	-7.0961E-1	1.6452E2	1.8185E0	1.3033E6	
589	-7.1243E-1	1.6033E2	1.8114E0	1.3055E6	
590	-7.1068E-1	1.6293E2	1.8043E0	1.3077E6	
591	-7.1060E-1	1.6305E2	1.7973E0	1.3099E6	
592	-7.1075E-1	1.6282E2	1.7903E0	1.3121E6	
593	-7.1060E-1	1.6305E2	1.7833E0	1.3144E6	
594	-7.0946E-1	1.6474E2	1.7763E0	1.3166E6	
595	-7.0633E-1	1.6939E2	1.7691E0	1.3188E6	
596	-7.0961E-1	1.6452E2	1.7623E0	1.3210E6	
597	-7.1007E-1	1.6384E2	1.7551E0	1.3232E6	
598	-7.0915E-1	1.6520E2	1.7481E0	1.3255E6	
599	-7.0694E-1	1.6848E2	1.7411E0	1.3277E6	
600	-7.0663E-1	1.6893E2	1.7341E0	1.3299E6	
601	-7.0595E-1	1.6995E2	1.7269E0	1.3321E6	
602	-7.0641E-1	1.6927E2	1.7200E0	1.3343E6	
603	-7.0610E-1	1.6973E2	1.7129E0	1.3366E6	
604	-7.0740E-1	1.6780E2	1.7057E0	1.3388E6	
605	-7.1075E-1	1.6282E2	1.6988E0	1.3410E6	
606	-7.0618E-1	1.6961E2	1.6917E0	1.3432E6	
607	-7.0770E-1	1.6735E2	1.6846E0	1.3454E6	
608	-7.0564E-1	1.7040E2	1.6777E0	1.3477E6	
609	-7.0282E-1	1.7459E2	1.6706E0	1.3499E6	
610	-7.0732E-1	1.6791E2	1.6634E0	1.3521E6	
611	-7.0389E-1	1.7301E2	1.6565E0	1.3543E6	
612	-7.0419E-1	1.7256E2	1.6494E0	1.3565E6	
613	-7.0320E-1	1.7403E2	1.6424E0	1.3588E6	
614	-7.0381E-1	1.7312E2	1.6353E0	1.3610E6	
615	-7.0351E-1	1.7358E2	1.6282E0	1.3632E6	
616	-7.0236E-1	1.7527E2	1.6213E0	1.3654E6	
617	-7.0480E-1	1.7165E2	1.6141E0	1.3676E6	
618	-7.0213E-1	1.7561E2	1.6070E0	1.3699E6	
619	-7.0419E-1	1.7256E2	1.5999E0	1.3721E6	
620	-7.0206E-1	1.7573E2	1.5928E0	1.3743E6	
621	-7.0351E-1	1.7358E2	1.5858E0	1.3765E6	
622	-7.0190E-1	1.7595E2	1.5788E0	1.3787E6	
623	-7.0122E-1	1.7697E2	1.5716E0	1.3810E6	
624	-7.0213E-1	1.7561E2	1.5646E0	1.3832E6	
625	-7.0183E-1	1.7607E2	1.5576E0	1.3854E6	
626	-7.0030E-1	1.7833E2	1.5505E0	1.3876E6	
627	-7.0183E-1	1.7607E2	1.5434E0	1.3898E6	
628	-7.0244E-1	1.7516E2	1.5363E0	1.3921E6	
629	-7.0129E-1	1.7686E2	1.5292E0	1.3943E6	
630	-6.9809E-1	1.8161E2	1.5222E0	1.3965E6	
631	-7.0221E-1	1.7550E2	1.5149E0	1.3987E6	
632	-7.0015E-1	1.7856E2	1.5080E0	1.4009E6	
633	-7.0221E-1	1.7550E2	1.5009E0	1.4032E6	
634	-6.9893E-1	1.8037E2	1.4939E0	1.4054E6	
635	-7.0404E-1	1.7278E2	1.4868E0	1.4076E6	
636	-6.9893E-1	1.8037E2	1.4797E0	1.4098E6	
637	-6.9962E-1	1.7935E2	1.4725E0	1.4120E6	
638	-7.0007E-1	1.7867E2	1.4655E0	1.4143E6	
639	-6.9824E-1	1.8139E2	1.4585E0	1.4165E6	
640	-7.0114E-1	1.7709E2	1.4512E0	1.4187E6	
641	-6.9954E-1	1.7946E2	1.4442E0	1.4209E6	
642	-6.9847E-1	1.8105E2	1.4371E0	1.4231E6	
643	-6.9992E-1	1.7890E2	1.4300E0	1.4254E6	
644	-6.9923E-1	1.7992E2	1.4229E0	1.4276E6	
645	-7.0000E-1	1.7878E2	1.4158E0	1.4298E6	
646	-6.9870E-1	1.8071E2	1.4088E0	1.4320E6	
647	-6.9939E-1	1.7969E2	1.4017E0	1.4342E6	
648	-6.9801E-1	1.8173E2	1.3946E0	1.4365E6	
649	-6.9817E-1	1.8150E2	1.3875E0	1.4387E6	
650	-6.9763E-1	1.8229E2	1.3803E0	1.4409E6	
651	-6.9717E-1	1.8297E2	1.3733E0	1.4431E6	
652	-6.9771E-1	1.8218E2	1.3662E0	1.4453E6	
653	-6.9748E-1	1.8252E2	1.3590E0	1.4476E6	
654	-6.9870E-1	1.8071E2	1.3519E0	1.4498E6	
655	-6.9855E-1	1.8093E2	1.3448E0	1.4520E6	
656	-6.9450E-1	1.8694E2	1.3377E0	1.4542E6	
657	-6.9565E-1	1.8524E2	1.3307E0	1.4564E6	
658	-6.9534E-1	1.8569E2	1.3235E0	1.4587E6	
659	-6.9344E-1	1.8852E2	1.3164E0	1.4609E6	
660	-6.9580E-1	1.8501E2	1.3093E0	1.4631E6	
661	-6.9481E-1	1.8648E2	1.3022E0	1.4653E6	
662	-6.9382E-1	1.8795E2	1.2952E0	1.4675E6	
663	-6.9473E-1	1.8660E2	1.2880E0	1.4698E6	
664	-6.9420E-1	1.8739E2	1.2809E0	1.4720E6	
665	-6.9206E-1	1.9056E2	1.2738E0	1.4742E6	
666	-6.9366E-1	1.8818E2	1.2667E0	1.4764E6	
667	-6.9305E-1	1.8909E2	1.2595E0	1.4786E6	
668	-6.9321E-1	1.8886E2	1.2524E0	1.4809E6	
669	-6.9099E-1	1.9214E2	1.2454E0	1.4831E6	
670	-6.9153E-1	1.9135E2	1.2382E0	1.4853E6	
671	-6.9199E-1	1.9067E2	1.2311E0	1.4875E6	
672	-6.9252E-1	1.8988E2	1.2240E0	1.4897E6	
673	-6.9016E-1	1.9339E2	1.2169E0	1.4920E6	
674	-6.9191E-1	1.9079E2	1.2098E0	1.4942E6	
675	-6.8901E-1	1.9509E2	1.2026E0	1.4964E6	
676	-6.8802E-1	1.9656E2	1.1955E0	1.4986E6	
677	-6.8932E-1	1.9464E2	1.1884E0	1.5008E6	
678	-6.8970E-1	1.9407E2	1.1813E0	1.5031E6	
679	-6.8962E-1	1.9418E2	1.1742E0	1.5053E6	
680	-6.9092E-1	1.9226E2	1.1671E0	1.5075E6	
681	-6.8840E-1	1.9599E2	1.1600E0	1.5097E6	
682	-6.8794E-1	1.9667E2	1.1529E0	1.5119E6	
683	-6.8741E-1	1.9747E2	1.1458E0	1.5142E6	
684	-6.8909E-1	1.9497E2	1.1387E0	1.5164E6	
685	-6.8619E-1	1.9928E2	1.1315E0	1.5186E6	
686	-6.8665E-1	1.9860E2	1.1243E0	1.5208E6	
687	-6.8550E-1	2.0030E2	1.1172E0	1.5230E6	
688	-6.8687E-1	1.9826E2	1.1102E0	1.5253E6	
689	-6.8687E-1	1.9826E2	1.1030E0	1.5275E6	
690	-6.8779E-1	1.9690E2	1.0959E0	1.5297E6	
691	-6.8558E-1	2.0018E2	1.0888E0	1.5319E6	
692	-7.2426E-1	1.4278E2	1.0817E0	1.5341E6	
693	-7.2441E-1	1.4255E2	1.0745E0	1.5364E6	
694	-7.2052E-1	1.4833E2	1.0675E0	1.5386E6	
695	-7.2235E-1	1.4561E2	1.0603E0	1.5408E6	
696	-7.1480E-1	1.5682E2	1.0532E0	1.5430E6	
697	-7.0755E-1	1.6757E2	1.0461E0	1.5452E6	
698	-7.0107E-1	1.7720E2	1.0390E0	1.5475E6	
699	-6.9397E-1	1.8773E2	1.0320E0	1.5497E6	
700	-6.9214E-1	1.9045E2	1.0247E0	1.5519E6	
701	-6.8611E-1	1.9939E2	1.0176E0	1.5541E6	
702	-6.7505E-1	2.1581E2	1.0105E0	1.5563E6	
703	-6.6887E-1	2.2498E2	1.0033E0	1.5586E6	
704	-6.6765E-1	2.2679E2	9.9623E-1	1.5608E6	
705	-6.5750E-1	2.4185E2	9.8900E-1	1.5630E6	
706	-6.5636E-1	2.4355E2	9.8193E-1	1.5652E6	
707	-6.5598E-1	2.4411E2	9.7483E-1	1.5674E6	
708	-6.5414E-1	2.4683E2	9.6785E-1	1.5697E6	
709	-6.4400E-1	2.6189E2	9.6066E-1	1.5719E6	
710	-6.4041E-1	2.6721E2	9.5349E-1	1.5741E6	
711	-6.4117E-1	2.6608E2	9.4638E-1	1.5763E6	
712	-6.3797E-1	2.7084E2	9.3933E-1	1.5785E6	
713	-6.3065E-1	2.8171E2	9.3213E-1	1.5808E6	
714	-6.2263E-1	2.9359E2	9.2495E-1	1.5830E6	
715	-6.1684E-1	3.0220E2	9.1790E-1	1.5852E6	
716	-6.1363E-1	3.0696E2	9.1085E-1	1.5874E6	
717	-6.0905E-1	3.1375E2	9.0358E-1	1.5896E6	
718	-6.0524E-1	3.1941E2	8.9656E-1	1.5919E6	
719	-6.0211E-1	3.2405E2	8.8938E-1	1.5941E6	
720	-5.9692E-1	3.3175E2	8.8232E-1	1.5963E6	
721	-5.9303E-1	3.3753E2	8.7520E-1	1.5985E6	
722	-5.8617E-1	3.4772E2	8.6807E-1	1.6007E6	
723	-5.8434E-1	3.5043E2	8.6100E-1	1.6030E6	
724	-5.7976E-1	3.5723E2	8.5388E-1	1.6052E6	
725	-5.7190E-1	3.6889E2	8.4671E-1	1.6074E6	
726	-5.7098E-1	3.7025E2	8.3958E-1	1.6096E6	
727	-5.6656E-1	3.7682E2	8.3248E-1	1.6118E6	
728	-5.6366E-1	3.8112E2	8.2532E-1	1.6141E6	
729	-5.5977E-1	3.8689E2	8.1822E-1	1.6163E6	
730	-5.5260E-1	3.9754E2	8.1115E-1	1.6185E6	
731	-5.5222E-1	3.9810E2	8.0397E-1	1.6207E6	
732	-5.4680E-1	4.0614E2	7.9699E-1	1.6229E6	
733	-5.4428E-1	4.0988E2	7.8986E-1	1.6252E6	
734	-5.4115E-1	4.1452E2	7.8273E-1	1.6274E6	
735	-5.3444E-1	4.2448E2	7.7565E-1	1.6296E6	
736	-5.2818E-1	4.3377E2	7.6848E-1	1.6318E6	
737	-5.1735E-1	4.4985E2	7.6147E-1	1.6340E6	
738	-5.1643E-1	4.5120E2	7.5436E-1	1.6363E6	
739	-5.1331E-1	4.5585E2	7.4716E-1	1.6385E6	
740	-5.0499E-1	4.6819E2	7.3997E-1	1.6407E6	
741	-4.9675E-1	4.8042E2	7.3292E-1	1.6429E6	
742	-4.8943E-1	4.9129E2	7.2576E-1	1.6451E6	
743	-4.8637E-1	4.9582E2	7.1871E-1	1.6474E6	
744	-4.7943E-1	5.0612E2	7.1162E-1	1.6496E6	
745	-4.7272E-1	5.1608E2	7.0451E-1	1.6518E6	
746	-4.6547E-1	5.2684E2	6.9746E-1	1.6540E6	
747	-4.6333E-1	5.3001E2	6.9034E-1	1.6562E6	
748	-4.5662E-1	5.3997E2	6.8328E-1	1.6585E6	
749	-4.5128E-1	5.4790E2	6.7611E-1	1.6607E6	
750	-4.4617E-1	5.5549E2	6.6897E-1	1.6629E6	
751	-4.4037E-1	5.6409E2	6.6186E-1	1.6651E6	
752	-4.3800E-1	5.6760E2	6.5495E-1	1.6673E6	
753	-4.3404E-1	5.7349E2	6.4778E-1	1.6696E6	
754	-4.2755E-1	5.8311E2	6.4080E-1	1.6718E6	
755	-4.1924E-1	5.9545E2	6.3347E-1	1.6740E6	
756	-4.0802E-1	6.1210E2	6.2642E-1	1.6762E6	
757	-4.0634E-1	6.1459E2	6.1944E-1	1.6784E6	
758	-4.0009E-1	6.2387E2	6.1229E-1	1.6807E6	
759	-3.9383E-1	6.3316E2	6.0535E-1	1.6829E6	
760	-3.8910E-1	6.4018E2	5.9818E-1	1.6851E6	
761	-3.8162E-1	6.5127E2	5.9107E-1	1.6873E6	
762	-3.7476E-1	6.6146E2	5.8396E-1	1.6895E6	
763	-3.6858E-1	6.7064E2	5.7694E-1	1.6918E6	
764	-3.6346E-1	6.7822E2	5.6985E-1	1.6940E6	
765	-3.5583E-1	6.8954E2	5.6287E-1	1.6962E6	
766	-3.4317E-1	7.0834E2	5.5574E-1	1.6984E6	
767	-3.4355E-1	7.0777E2	5.4873E-1	1.7006E6	
768	-3.3615E-1	7.1876E2	5.4161E-1	1.7029E6	
769	-3.2692E-1	7.3246E2	5.3450E-1	1.7051E6	
770	-3.1754E-1	7.4638E2	5.3201E-1	1.7059E6	
771	-3.1754E-1	7.4638E2	5.3201E-1	1.7059E6	
772	-3.1754E-1	7.4638E2	5.3201E-1	1.7059E6	
773	-3.1754E-1	7.4638E2	5.3201E-1	1.7059E6	
774	-3.1754E-1	7.4638E2	5.3201E-1	1.7059E6	
775	-3.1754E-1	7.4638E2	5.3201E-1	1.7059E6	
776	-3.1754E-1	7.4638E2	5.3201E-1	1.7059E6	
777	-3.1754E-1	7.4638E2	5.3201E-1	1.7059E6	
778	-3.1754E-1	7.4638E2	5.3201E-1	1.7059E6	
779	-3.1754E-1	7.4638E2	5.3201E-1	1.7059E6	
780	-3.1754E-1	7.4638E2	5.3201E-1	1.7059E6	
781	-3.1754E-1	7.4638E2	5.3201E-1	1.7059E6	
782	-3.1754E-1	7.4638E2	5.3201E-1	1.7059E6	
783	-3.1754E-1	7.4638E2	5.3201E-1	1.7059E6	
784	-3.1754E-1	7.4638E2	5.3201E-1	1.7059E6	
785	-3.1754E-1	7.4638E2	5.3201E-1	1.7059E6	
786	-3.1754E-1	7.4638E2	5.3201E-1	1.7059E6	
787	-3.1754E-1	7.4638E2	5.3201E-1	1.7059E6	
788	-3.1754E-1	7.4638E2	5.3201E-1	1.7059E6	
789	-3.1754E-1	7.4638E2	5.3201E-1	1.7059E6	
790	-3.1754E-1	7.4638E2	5.3201E-1	1.7059E6	
791	-3.1754E-1	7.4638E2	5.3201E-1	1.7059E6	
792	-3.1754E-1	7.4638E2	5.3201E-1	1.7059E6	
793	-3.1754E-1	7.4638E2	5.3201E-1	1.7059E6	
794	-3.1754E-1	7.4638E2	5.3201E-1	1.7059E6	
795	-3.1754E-1	7.4638E2	5.3201E-1	1.7059E6	
796	-3.1754E-1	7.4638E2	5.3201E-1	1.7059E6	
797	-3.1754E-1	7.4638E2	5.3201E-1	1.7059E6	
798	-3.1754E-1	7.4638E2	5.3201E-1	1.7059E6	
799	-3.1754E-1	7.4638E2	5.3201E-1	1.7059E6	
800	-3.1754E-1	7.4638E2	5.3201E-1	1.7059E6	
801	-3.1754E-1	7.4638E2	5.3201E-1	1.7059E6	
802	-3.1754E-1	7.4638E2	5.3201E-1	1.7059E6	
803	-3.1754E-1	7.4638E2	5.3201E-1	1.7059E6	
804	-3.1754E-1	7.4638E2	5.3201E-1	1.7059E6	
805	-3.1754E-1	7.4638E2	5.3201E-1	1.7059E6	
806	-3.1754E-1	7.4638E2	5.3201E-1	1.7059E6	
807	-3.1754E-1	7.4638E2	5.3201E-1	1.7059E6	
808	-3.1754E-1	7.4638E2	5.3201E-1	1.7059E6	
809	-3.1754E-1	7.4638E2	5.3201E-1	1.7059E6	
810	-3.1754E-1	7.4638E2	5.3201E-1	1.7059E6	
811	-3.1754E-1	7.4638E2	5.3201E-1	1.7059E6	
812	-3.1754E-1	7.4638E2	5.3201E-1	1.7059E6	
813	-3.1754E-1	7.4638E2	5.3201E-1	1.7059E6	
814	-3.1754E-1	7.4638E2	5.3201E-1	1.7059E6	
815	-3.1754E-1	7.4638E2	5.3201E-1	1.7059E6	
816	-3.1754E-1	7.4638E2	5.3201E-1	1.7059E6	
817	-3.1754E-1	7.4638E2	5.3201E-1	1.7059E6	
818	-3.1754E-1	7.4638E2	5.3201E-1	1.7059E6	
819	-3.1754E-1	7.4638E2	5.3201E-1	1.7059E6	
820	-3.1754E-1	7.4638E2	5.3201E-1	1.7059E6	
821	-3.1754E-1	7.4638E2	5.3201E-1	1.7059E6	
822	-3.1754E-1	7.4638E2	5.3201E-1	1.7059E6	
823	-3.1754E-1	7.4638E2	5.3201E-1	1.7059E6	
824	-3.1754E-1	7.4638E2	5.3201E-1	1.7059E6	
825	-3.1754E-1	7.4638E2	5.3201E-1	1.7059E6	
826	-3.1754E-1	7.4638E2	5.3201E-1	1.7059E6	
827	-3.1754E-1	7.4638E2	5.3201E-1	1.7059E6	
828	-3.1754E-1	7.4638E2	5.3201E-1	1.7059E6	
829	-3.1754E-1	7.4638E2	5.3201E-1	1.7059E6	
830	-3.1754E-1	7.4638E2	5.3201E-1	1.7059E6	
831	-3.1754E-1	7.4638E2	5.3201E-1	1.7059E6	
832	-3.1754E-1	7.4638E2	5.3201E-1	1.7059E6	
833	-3.1754E-1	7.4638E2	5.3201E-1	1.7059E6	
834	-3.1754E-1	7.4638E2	5.3201E-1	1.7059E6	
835	-3.1754E-1	7.4638E2	5.3201E-1	1.7059E6	
836	-3.1754E-1	7.4638E2	5.3201E-1	1.7059E6	
837	-3.1754E-1	7.4638E2	5.3201E-1	1.7059E6	
838	-3.1754E-1	7.4638E2	5.3201E-1	1.7059E6	
839	-3.1754E-1	7.4638E2	5.3201E-1	1.7059E6	
840	-3.1754E-1	7.4638E2	5.3201E-1	1.7059E6	
841	-3.1754E-1	7.4638E2	5.3201E-1	1.7059E6	
842	-3.1754E-1	7.4638E2	5.3201E-1	1.7059E6	
843	-3.1754E-1	7.4638E2	5.3201E-1	1.7059E6	
844	-3.1754E-1	7.4638E2	5.3201E-1	1.7059E6	
845	-3.1754E-1	7.4638E2	5.3201E-1	1.7059E6	
846	-3.1754E-1	7.4638E2	5.3201E-1	1.7059E6	
847	-3.1754E-1	7.4638E2	5.3201E-1	1.7059E6	
848	-3.1754E-1	7.4638E2	5.3201E-1	1.7059E6	
849	-3.1754E-1	7.4638E2	5.3201E-1	1.7059E6	
850	-3.1754E-1	7.4638E2	5.3201E-1	1.7059E6	
851	-3.1754E-1	7.4638E2	5.3201E-1	1.7059E6	
852	-3.1754E-1	7.4638E2	5.3201E-1	1.7059E6	
853	-3.1754E-1	7.4638E2	5.3201E-1	1.7059E6	
854	-3.1754E-1	7.4638E2	5.3201E-1	1.7059E6	
855	-3.1754E-1	7.4638E2	5.3201E-1	1.7059E6	
856	-3.1754E-1	7.4638E2	5.3201E-1	1.7059E6	
857	-3.1754E-1	7.4638E2	5.3201E-1	1.7059E6	
858	-3.1754E-1	7.4638E2	5.3201E-1	1.7059E6	
859	-3.1754E-1	7.4638E2	5.3201E-1	1.7059E6	
860	-3.1754E-1	7.4638E2	5.3201E-1	1.7059E6	
861	-3.1754E-1	7.4638E2	5.3201E-1	1.7059E6	
862	-3.1754E-1	7.4638E2	5.3201E-1	1.7059E6	
863	-3.1754E-1	7.4638E2	5.3201E-1	1.7059E6	
864	-3.1754E-1	7.4638E2	5.3201E-1	1.7059E6	
865	-3.1754E-1	7.4638E2	5.3201E-1	1.7059E6	
866	-3.1754E-1	7.4638E2	5.3201E-1	1.7059E6	
867	-3.1754E-1	7.4638E2	5.3201E-1	1.7059E6	
868	-3.1754E-1	7.4638E2	5.3201E-1	1.7059E6	
869	-3.1754E-1	7.4638E2	5.3201E-1	1.7059E6	
870	-3.1754E-1	7.4638E2	5.3201E-1	1.7059E6	
871	-3.1754E-1	7.4638E2	5.3201E-1	1.7059E6	
872	-3.1754E-1	7.4638E2	5.3201E-1	1.7059E6	
873	-3.1754E-1	7.4638E2	5.3201E-1	1.7059E6	
874	-3.1754E-1	7.4638E2	5.3201E-1	1.7059E6	
875	-3.1754E-1	7.4638E2	5.3201E-1	1.7059E6	
876	-3.1754E-1	7.4638E2	5.3201E-1	1.7059E6	
877	-3.1754E-1	7.4638E2	5.3201E-1	1.7059E6	
878	-3.1754E-1	7.4638E2	5.3201E-1	1.7059E6	
879	-3.1754E-1	7.4638E2	5.3201E-1	1.7059E6	
880	-3.1754E-1	7.4638E2	5.3201E-1	1.7059E6	
881	-3.1754E-1	7.4638E2	5.3201E-1	1.7059E6	
882	-3.1754E-1	7.4638E2	5.3201E-1	1.7059E6	
883	-3.1754E-1	7.4638E2	5.3201E-1	1.7059E6	
884	-3.1754E-1	7.4638E2	5.3201E-1	1.7059E6	
885	-3.1754E-1	7.4638E2	5.3201E-1	1.7059E6	
886	-3.1754E-1	7.4638E2	5.3201E-1	1.7059E6	
887	-3.1754E-1	7.4638E2	5.3201E-1	1.7059E6	
888	-3.1754E-1	7.4638E2	5.3201E-1	1.7059E6	
889	-3.1754E-1	7.4638E2	5.3201E-1	1.7059E6	
890	-3.1754E-1	7.4638E2	5.3201E-1	1.7059E6	
891	-3.1754E-1	7.4638E2	5.3201E-1	1.7059E6	
892	-3.1754E-1	7.4638E2	5.3201E-1	1.7059E6	
893	-3.1754E-1	7.4638E2	5.3201E-1	1.7059E6	
894	-3.1754E-1	7.4638E2	5.3201E-1	1.7059E6	
895	-3.1754E-1	7.4638E2	5.3201E-1	1.7059E6	
896	-3.1754E-1	7.4638E2	5.3201E-1	1.7059E6	
897	-3.1754E-1	7.4638E2	5.3201E-1	1.7059E6	
898	-3.1754E-1	7.4638E2	5.3201E-1	1.7059E6	
899	-3.1754E-1	7.4638E2	5.3201E-1	1.7059E6	
900	-3.1754E-1	7.4638E2	5.3201E-1	1.7059E6	
901	-3.1754E-1	7.4638E2	5.3201E-1	1.7059E6	
902	-3.1754E-1	7.4638E2	5.3201E-1	1.7059E6	
903	-3.1754E-1	7.4638E2	5.3201E-1	1.7059E6	
904	-3.1754E-1	7.4638E2	5.3201E-1	1.7059E6	
905	-3.1754E-1	7.4638E2	5.3201E-1	1.7059E6	
906	-3.1754E-1	7.4638E2	5.3201E-1	1.7059E6	
907	-3.1754E-1	7.4638E2	5.3201E-1	1.7059E6	
908	-3.1754E-1	7.4638E2	5.3201E-1	1.7059E6	
909	-3.1754E-1	7.4638E2	5.3201E-1	1.7059E6	
910	-3.1754E-1	7.4638E2	5.3201E-1	1.7059E6	
911	-3.1754E-1	7.4638E2	5.3201E-1	1.7059E6	
912	-3.1754E-1	7.4638E2	5.3201E-1	1.7059E6	
913	-3.1754E-1	7.4638E2	5.3201E-1	1.7059E6	
914	-3.1754E-1	7.4638E2	5.3201E-1	1.7059E6	
915	-3.1754E-1	7.4638E2	5.3201E-1	1.7059E6	
916	-3.1754E-1	7.4638E2	5.3201E-1	1.7059E6	
917	-3.1754E-1	7.4638E2	5.3201E-1	1.7059E6	
918	-3.1754E-1	7.4638E2	5.3201E-1	1.7059E6	
919	-3.1754E-1	7.4638E2	5.3201E-1	1.7059E6	
920	-3.1754E-1	7.4638E2	5.3201E-1	1.7059E6	
921	-3.1754E-1	7.4638E2	5.3201E-1	1.7059E6	
922	-3.1754E-1	7.4638E2	5.3201E-1	1.7059E6	
923	-3.1754E-1	7.4638E2	5.3201E-1	1.7059E6	
924	-3.1754E-1	7.4638E2	5.3201E-1	1.7059E6	
925	-3.1754E-1	7.4638E2	5.3201E-1	1.7059E6	
926	-3.1754E-1	7.4638E2	5.3201E-1	1.7059E6	
927	-3.1754E-1	7.4638E2	5.3201E-1	1.7059E6	
928	-3.1754E-1	7.4638E2	5.3201E-1	1.7059E6	
929	-3.1754E-1	7.4638E2	5.3201E-1	1.7059E6	
930	-3.1754E-1	7.4638E2	5.3201E-1	1.7059E6	
931	-3.1754E-1	7.4638E2	5.3201E-1	1.7059E6	
932	-3.1754E-1	7.4638E2	5.3201E-1	1.7059E6	
933	-3.1754E-1	7.4638E2	5.3201E-1	1.7059E6	
934	-3.1754E-1	7.4638E2	5.3201E-1	1.7059E6	
935	-3.1754E-1	7.4638E2	5.3201E-1	1.7059E6	
936	-3.1754E-1	7.4638E2	5.3201E-1	1.7059E6	
937	-3.1754E-1	7.4638E2	5.3201E-1	1.7059E6	
938	-3.1754E-1	7.4638E2	5.3201E-1	1.7059E6	
939	-3.1754E-1	7.4638E2	5.3201E-1	1.7059E6	
940	-3.1754E-1	7.4638E2	5.3201E-1	1.7059E6	
941	-3.1754E-1	7.4638E2	5.3201E-1	1.7059E6	
942	-3.1754E-1	7.4638E2	5.3201E-1	1.7059E6	
943	-3.1754E-1	7.4638E2	5.3201E-1	1.7059E6	
944	-3.1754E-1	7.4638E2	5.3201E-1	1.7059E6	
945	-3.1754E-1	7.4638E2	5.3201E-1	1.7059E6	
946	-3.1754E-1	7.4638E2	5.3201E-1	1.7059E6	
947	-3.1754E-1	7.4638E2	5.3201E-1	1.7059E6	
948	-3.1754E-1	7.4638E2	5.3201E-1	1.7059E6	
949	-3.1754E-1	7.4638E2	5.3201E-1	1.7059E6	
950	-3.1754E-1	7.4638E2	5.3201E-1	1.7059E6	
951	-3.1754E-1	7.4638E2	5.3201E-1	1.7059E6	
952	-3.1754E-1	7.4638E2	5.3201E-1	1.7059E6	
953	-3.1754E-1	7.4638E2	5.3201E-1	1.7059E6	
954	-3.1754E-1	7.4638E2	5.3201E-1	1.7059E6	
955	-3.1754E-1	7.4638E2	5.3201E-1	1.7059E6	
956	-3.1754E-1	7.4638E2	5.3201E-1	1.7059E6	
957	-3.1754E-1	7.4638E2	5.3201E-1	1.7059E6	
958	-3.1754E-1	7.4638E2	5.3201E-1	1.7059E6	
959	-3.1754E-1	7.4638E2	5.3201E-1	1.7059E6	
960	-3.1754E-1	7.4638E2	5.3201E-1	1.7059E6	
961	-3.1754E-1	7.4638E2	5.3201E-1	1.7059E6	
962	-3.1754E-1	7.4638E2	5.3201E-1	1.7059E6	
963	-3.1754E-1	7.4638E2	5.3201E-1	1.7059E6	
964	-3.1754E-1	7.4638E2	5.3201E-1	1.7059E6	
965	-3.1754E-1	7.4638E2	5.3201E-1	1.7059E6	
966	-3.1754E-1	7.4638E2	5.3201E-1	1.7059E6	
967	-3.1754E-1	7.4638E2	5.3201E-1	1.7059E6	
968	-3.1754E-1	7.4638E2	5.3201E-1	1.7059E6	
969	-3.1754E-1	7.4638E2	5.3201E-1	1.7059E6	
970	-3.1754E-1	7.4638E2	5.3201E-1	1.7059E6	
971	-3.1754E-1	7.4638E2	5.3201E-1	1.7059E6	
972	-3.1754E-1	7.4638E2	5.3201E-1	1.7059E6	
973	-3.1754E-1	7.4638E2	5.3201E-1	1.7059E6	
974	-3.1754E-1	7.4638E2	5.3201E-1	1.7059E6	
975	-3.1754E-1	7.4638E2	5.3201E-1	1.7059E6	
976	-3.1754E-1	7.4638E2	5.3201E-1	1.7059E6	
977	-3.1754E-1	7.4638E2	5.3201E-1	1.7059E6	
978	-3.1754E-1	7.4638E2	5.3201E-1	1.7059E6	
979	-3.1754E-1	7.4638E2	5.3201E-1	1.7059E6	
980	-3.1754E-1	7.4638E2	5.3201E-1	1.7059E6	
981	-3.1754E-1	7.4638E2	5.3201E-1	1.7059E6	
982	-3.1754E-1	7.4638E2	5.3201E-1	1.7059E6	
983	-3.1754E-1	7.4638E2	5.3201E-1	1.7059E6	
984	-3.1754E-1	7.4638E2	5.3201E-1	1.7059E6	
985	-3.1754E-1	7.4638E2	5.3201E-1	1.7059E6	
986	-3.1754E-1	7.4638E2	5.3201E-1	1.7059E6	
987	-3.1754E-1	7.4638E2	5.3201E-1	1.7059E6	
988	-3.1754E-1	7.4638E2	5.3201E-1	1.7059E6	
989	-3.1754E-1	7.4638E2	5.3201E-1	1.7059E6	
990	-3.1754E-1	7.4638E2	5.3201E-1	1.7059E6	
991	-3.1754E-1	7.4638E2	5.3201E-1	1.7059E6	
992	-3.1754E-1	7.4638E2	5.3201E-1	1.7059E6	
993	-3.1754E-1	7.4638E2	5.3201E-1	1.7059E6	
994	-3.1754E-1	7.4638E2	5.3201E-1	1.7059E6	
995	-3.1754E-1	7.4638E2	5.3201E-1	1.7059E6	
996	-3.1754E-1	7.4638E2	5.3201E-1	1.7059E6	
997	-3.1754E-1	7.4638E2	5.3201E-1	1.7059E6	
998	-3.1754E-1	7.4638E2	5.3201E-1	1.7059E6	
999	-3.1754E-1	7.4638E2	5.3201E-1	1.7059E6	
1000	-3.1754E-1	7.4638E2	5.3201E-1	1.7059E6	
1001	-3.1754E-1	7.4638E2	5.3201E-1	1.7059E6	
1002	-3.1754E-1	7.4638E2	5.3201E-1	1.7059E6	
1003	-3.1754E-1	7.4638E2	5.3201E-1	1.7059E6	
1004	-3.1754E-1	7.4638E2	5.3201E-1	1.7059E6	
1005	-3.1754E-1	7.4638E2	5.3201E-1	1.7059E6	
1006	-3.1754E-1	7.4638E2	5.3201E-1	1.7059E6	
1007	-3.1754E-1	7.4638E2	5.3201E-1	1.7059E6	
1008	-3.1754E-1	7.4638E2	5.3201E-1	1.7059E6	
1009	-3.1754E-1	7.4638E2	5.3201E-1	1.7059E6	
1010	-3.1754E-1	7.4638E2	5.3201E-1	1.7059E6	
1011	-3.1754E-1	7.4638E2	5.3201E-1	1.7059E6	
1012	-3.1754E-1	7.4638E2	5.3201E-1	1.7059E6	
1013	-3.1754E-1	7.4638E2	5.3201E-1	1.7059E6	
1014	-3.1754E-1	7.4638E2	5.3201E-1	1.7059E6	
1015	-3.1754E-1	7.4638E2	5.3201E-1	1.7059E6	
1016	-3.1754E-1	7.4638E2	5.3201E-1	1.7059E6	
1017	-3.1754E-1	7.4638E2	5.3201E-1	1.7059E6	
1018	-3.1754E-1	7.4638E2	5.3201E-1	1.7059E6	
1019	-3.1754E-1	7.4638E2	5.3201E-1	1.7059E6	
1020	-3.1754E-1	7.4638E2	5.3201E-1	1.7059E6	
1021	-3.1754E-1	7.4638E2	5.3201E-1	1.7059E6	
1022	-3.1754E-1	7.4638E2	5.3201E-1	1.7059E6	
1023	-3.1754E-1	7.4638E2	5.3201E-1	1.7059E6	
1024	-3.1754E-1	7.4638E2	5.3201E-1	1.7059E6	
1025	-3.1700E-1	7.4718E2	5.3191E-1	1.7059E6	
1026	-3.6163E-1	6.8094E2	5.3322E-1	1.7081E6	
1027	-3.8872E-1	6.4074E2	5.3591E-1	1.7104E6	
1028	-4.1061E-1	6.0825E2	5.3913E-1	1.7126E6	
1029	-4.2809E-1	5.8232E2	5.4247E-1	1.7148E6	
1030	-4.4632E-1	5.5526E2	5.4617E-1	1.7170E6	
1031	-4.5929E-1	5.3601E2	5.4985E-1	1.7192E6	
1032	-4.7585E-1	5.1144E2	5.5376E-1	1.7215E6	
1033	-4.8805E-1	4.9332E2	5.5771E-1	1.7237E6	
1034	-5.0560E-1	4.6728E2	5.6163E-1	1.7259E6	
1035	-5.1826E-1	4.4849E2	5.6570E-1	1.7281E6	
1036	-5.2948E-1	4.3184E2	5.6994E-1	1.7303E6	
1037	-5.4367E-1	4.1078E2	5.7410E-1	1.7326E6	
1038	-5.5145E-1	3.9923E2	5.7834E-1	1.7348E6	
1039	-5.6458E-1	3.7976E2	5.8253E-1	1.7370E6	
1040	-5.7556E-1	3.6345E2	5.8686E-1	1.7392E6	
1041	-5.8907E-1	3.4341E2	5.9124E-1	1.7414E6	
1042	-5.9906E-1	3.2858E2	5.9560E-1	1.7437E6	
1043	-6.0394E-1	3.2133E2	5.9989E-1	1.7459E6	
1044	-6.2080E-1	2.9631E2	6.0441E-1	1.7481E6	
1045	-6.2294E-1	2.9314E2	6.0877E-1	1.7503E6	
1046	-6.3896E-1	2.6936E2	6.1331E-1	1.7525E6	
1047	-6.5300E-1	2.4853E2	6.1770E-1	1.7548E6	
1048	-6.5773E-1	2.4151E2	6.2228E-1	1.7570E6	
1049	-6.6689E-1	2.2792E2	6.2683E-1	1.7592E6	
1050	-6.7871E-1	2.1037E2	6.3123E-1	1.7614E6	
1051	-6.8687E-1	1.9826E2	6.3582E-1	1.7636E6	
1052	-6.9328E-1	1.8875E2	6.4035E-1	1.7659E6	
1053	-7.0679E-1	1.6871E2	6.4490E-1	1.7681E6	
1054	-7.1465E-1	1.5704E2	6.4957E-1	1.7703E6	
1055	-7.2006E-1	1.4901E2	6.5409E-1	1.7725E6	
1056	-7.2784E-1	1.3746E2	6.5873E-1	1.7747E6	
1057	-7.4120E-1	1.1764E2	6.6336E-1	1.7770E6	
1058	-7.4715E-1	1.0881E2	6.6793E-1	1.7792E6	
1059	-7.5668E-1	9.4657E1	6.7263E-1	1.7814E6	
1060	-7.6385E-1	8.4014E1	6.7725E-1	1.7836E6	
1061	-7.7194E-1	7.2012E1	6.8194E-1	1.7858E6	
1062	-7.7843E-1	6.2387E1	6.8665E-1	1.7881E6	
1063	-7.8476E-1	5.2990E1	6.9133E-1	1.7903E6	
1064	-7.9582E-1	3.6572E1	6.9597E-1	1.7925E6	
1065	-8.0017E-1	3.0118E1	7.0060E-1	1.7947E6	
1066	-8.0811E-1	1.8343E1	7.0528E-1	1.7969E6	
1067	-8.1436E-1	9.0581E0	7.1012E-1	1.7992E6	
1068	-8.2100E-1	-7.9251E-1	7.1470E-1	1.8014E6	
1069	-8.2588E-1	-8.0390E0	7.1953E-1	1.8036E6	
1070	-8.3237E-1	-1.7663E1	7.2428E-1	1.8058E6	
1071	-8.4068E-1	-3.0005E1	7.2903E-1	1.8080E6	
1072	-8.4717E-1	-3.9629E1	7.3374E-1	1.8103E6	
1073	-8.5258E-1	-4.7668E1	7.3853E-1	1.8125E6	
1074	-8.6281E-1	-6.2840E1	7.4328E-1	1.8147E6	
1075	-8.6601E-1	-6.7596E1	7.4812E-1	1.8169E6	
1076	-8.7402E-1	-7.9484E1	7.5287E-1	1.8191E6	
1077	-8.7784E-1	-8.5146E1	7.5765E-1	1.8214E6	
1078	-8.8501E-1	-9.5789E1	7.6248E-1	1.8236E6	
1079	-8.9180E-1	-1.0587E2	7.6726E-1	1.8258E6	
1080	-8.9508E-1	-1.1073E2	7.7213E-1	1.8280E6	
1081	-9.0004E-1	-1.1809E2	7.7690E-1	1.8302E6	
1082	-9.0935E-1	-1.3191E2	7.8175E-1	1.8325E6	
1083	-9.1064E-1	-1.3383E2	7.8663E-1	1.8347E6	
1084	-9.1553E-1	-1.4108E2	7.9139E-1	1.8369E6	
1085	-9.2033E-1	-1.4821E2	7.9623E-1	1.8391E6	
1086	-9.2606E-1	-1.5670E2	8.0118E-1	1.8413E6	
1087	-9.3277E-1	-1.6667E2	8.0602E-1	1.8436E6	
1088	-9.3513E-1	-1.7018E2	8.1090E-1	1.8458E6	
1089	-9.4032E-1	-1.7788E2	8.1580E-1	1.8480E6	
1090	-9.4482E-1	-1.8456E2	8.2065E-1	1.8502E6	
1091	-9.5184E-1	-1.9497E2	8.2552E-1	1.8524E6	
1092	-9.5634E-1	-2.0165E2	8.3033E-1	1.8547E6	
1093	-9.5879E-1	-2.0528E2	8.3527E-1	1.8569E6	
1094	-9.6451E-1	-2.1377E2	8.4017E-1	1.8591E6	
1095	-9.6474E-1	-2.1411E2	8.4508E-1	1.8613E6	
1096	-9.7237E-1	-2.2543E2	8.5007E-1	1.8635E6	
1097	-9.7359E-1	-2.2724E2	8.5495E-1	1.8658E6	
1098	-9.7908E-1	-2.3540E2	8.6007E-1	1.8680E6	
1099	-9.8358E-1	-2.4208E2	8.6493E-1	1.8702E6	
1100	-9.8549E-1	-2.4491E2	8.6983E-1	1.8724E6	
1101	-9.9014E-1	-2.5181E2	8.7477E-1	1.8746E6	
1102	-9.9464E-1	-2.5849E2	8.7973E-1	1.8769E6	
1103	-9.9609E-1	-2.6065E2	8.8470E-1	1.8791E6	
1104	-1.0019E0	-2.6925E2	8.8970E-1	1.8813E6	
1105	-1.0055E0	-2.7457E2	8.9469E-1	1.8835E6	
1106	-1.0102E0	-2.8159E2	8.9964E-1	1.8857E6	
1107	-1.0110E0	-2.8272E2	9.0469E-1	1.8880E6	
1108	-1.0160E0	-2.9020E2	9.0966E-1	1.8902E6	
1109	-1.0140E0	-2.8725E2	9.1465E-1	1.8924E6	
1110	-1.0213E0	-2.9801E2	9.1970E-1	1.8946E6	
1111	-1.0258E0	-3.0480E2	9.2464E-1	1.8968E6	
1112	-1.0265E0	-3.0571E2	9.2975E-1	1.8991E6	
1113	-1.0283E0	-3.0843E2	9.3470E-1	1.9013E6	
1114	-1.0340E0	-3.1692E2	9.3982E-1	1.9035E6	
1115	-1.0329E0	-3.1522E2	9.4483E-1	1.9057E6	
1116	-1.0338E0	-3.1658E2	9.4990E-1	1.9079E6	
1117	-1.0409E0	-3.2711E2	9.5491E-1	1.9102E6	
1118	-1.0438E0	-3.3141E2	9.5995E-1	1.9124E6	
1119	-1.0397E0	-3.2530E2	9.6499E-1	1.9146E6	
1120	-1.0377E0	-3.2235E2	9.7017E-1	1.9168E6	
1121	-1.0405E0	-3.2654E2	9.7526E-1	1.9190E6	
1122	-1.0381E0	-3.2303E2	9.8020E-1	1.9213E6	
1123	-1.0410E0	-3.2722E2	9.8542E-1	1.9235E6	
1124	-1.0400E0	-3.2586E2	9.9043E-1	1.9257E6	
1125	-1.0426E0	-3.2960E2	9.9553E-1	1.9279E6	
1126	-1.0427E0	-3.2983E2	1.0008E0	1.9301E6	
1127	-1.0445E0	-3.3243E2	1.0058E0	1.9324E6	
1128	-1.0410E0	-3.2722E2	1.0108E0	1.9346E6	
1129	-1.0422E0	-3.2903E2	1.0161E0	1.9368E6	
1130	-1.0415E0	-3.2801E2	1.0211E0	1.9390E6	
1131	-1.0439E0	-3.3152E2	1.0263E0	1.9412E6	
1132	-1.0460E0	-3.3470E2	1.0314E0	1.9435E6	
1133	-1.0437E0	-3.3130E2	1.0366E0	1.9457E6	
1134	-1.0423E0	-3.2915E2	1.0417E0	1.9479E6	
1135	-1.0347E0	-3.1794E2	1.0469E0	1.9501E6	
1136	-1.0392E0	-3.2462E2	1.0520E0	1.9523E6	
1137	-1.0366E0	-3.2077E2	1.0573E0	1.9546E6	
1138	-1.0357E0	-3.1941E2	1.0624E0	1.9568E6	
1139	-1.0321E0	-3.1409E2	1.0676E0	1.9590E6	
1140	-1.0297E0	-3.1046E2	1.0727E0	1.9612E6	
1141	-1.0304E0	-3.1160E2	1.0780E0	1.9634E6	
1142	-1.0287E0	-3.0899E2	1.0832E0	1.9657E6	
1143	-1.0250E0	-3.0356E2	1.0884E0	1.9679E6	
1144	-1.0265E0	-3.0571E2	1.0936E0	1.9701E6	
1145	-1.0214E0	-2.9824E2	1.0988E0	1.9723E6	
1146	-1.0216E0	-2.9846E2	1.1041E0	1.9745E6	
1147	-1.0173E0	-2.9212E2	1.1092E0	1.9768E6	
1148	-1.0207E0	-2.9710E2	1.1144E0	1.9790E6	
1149	-1.0195E0	-2.9541E2	1.1197E0	1.9812E6	
1150	-1.0185E0	-2.9393E2	1.1249E0	1.9834E6	
1151	-1.0115E0	-2.8352E2	1.1302E0	1.9856E6	
1152	-1.0148E0	-2.8839E2	1.1354E0	1.9879E6	
1153	-1.0102E0	-2.8159E2	1.1407E0	1.9901E6	
1154	-1.0121E0	-2.8442E2	1.1460E0	1.9923E6	
1155	-1.0043E0	-2.7287E2	1.1512E0	1.9945E6	
1156	-1.0027E0	-2.7038E2	1.1566E0	1.9967E6	
1157	-9.9579E-1	-2.6019E2	1.1618E0	1.9990E6	
1158	-9.8984E-1	-2.5136E2	1.1671E0	2.0012E6	
1159	-9.8801E-1	-2.4864E2	1.1723E0	2.0034E6	
1160	-9.8236E-1	-2.4026E2	1.1777E0	2.0056E6	
1161	-9.8282E-1	-2.4094E2	1.1831E0	2.0078E6	
1162	-9.7679E-1	-2.3200E2	1.1884E0	2.0101E6	
1163	-9.7443E-1	-2.2849E2	1.1936E0	2.0123E6	
1164	-9.7229E-1	-2.2532E2	1.1989E0	2.0145E6	
1165	-9.6786E-1	-2.1875E2	1.2042E0	2.0167E6	
1166	-9.6748E-1	-2.1819E2	1.2096E0	2.0189E6	
1167	-9.6581E-1	-2.1569E2	1.2150E0	2.0212E6	
1168	-9.5779E-1	-2.0381E2	1.2203E0	2.0234E6	
1169	-9.4978E-1	-1.9192E2	1.2256E0	2.0256E6	
1170	-9.4589E-1	-1.8614E2	1.2310E0	2.0278E6	
1171	-9.3735E-1	-1.7346E2	1.2363E0	2.0300E6	
1172	-9.2422E-1	-1.5399E2	1.2417E0	2.0323E6	
1173	-9.1759E-1	-1.4414E2	1.2471E0	2.0345E6	
1174	-9.0599E-1	-1.2693E2	1.2525E0	2.0367E6	
1175	-9.0088E-1	-1.1934E2	1.2579E0	2.0389E6	
1176	-8.9302E-1	-1.0768E2	1.2632E0	2.0411E6	
1177	-8.7967E-1	-8.7863E1	1.2686E0	2.0434E6	
1178	-8.6166E-1	-6.1142E1	1.2740E0	2.0456E6	
1179	-8.1566E-1	7.1333E0	1.2794E0	2.0478E6	
1180	-7.2105E-1	1.4753E2	1.2849E0	2.0500E6	
1181	-7.0045E-1	1.7810E2	1.2902E0	2.0522E6	
1182	-7.0190E-1	1.7595E2	1.2956E0	2.0545E6	
1183	-6.9878E-1	1.8060E2	1.3011E0	2.0567E6	
1184	-6.9450E-1	1.8694E2	1.3065E0	2.0589E6	
1185	-6.9672E-1	1.8365E2	1.3119E0	2.0611E6	
1186	-6.9427E-1	1.8728E2	1.3174E0	2.0633E6	
1187	-6.9130E-1	1.9169E2	1.3229E0	2.0656E6	
1188	-6.9473E-1	1.8660E2	1.3283E0	2.0678E6	
1189	-6.9443E-1	1.8705E2	1.3337E0	2.0700E6	
1190	-6.9405E-1	1.8762E2	1.3391E0	2.0722E6	
1191	-6.9466E-1	1.8671E2	1.3446E0	2.0744E6	
1192	-6.9313E-1	1.8897E2	1.3501E0	2.0767E6	
1193	-6.9656E-1	1.8388E2	1.3555E0	2.0789E6	
1194	-6.9542E-1	1.8558E2	1.3610E0	2.0811E6	
1195	-6.9656E-1	1.8388E2	1.3666E0	2.0833E6	
1196	-6.9557E-1	1.8535E2	1.3719E0	2.0855E6	
1197	-6.9473E-1	1.8660E2	1.3774E0	2.0878E6	
1198	-6.9839E-1	1.8116E2	1.3830E0	2.0900E6	
1199	-6.9847E-1	1.8105E2	1.3885E0	2.0922E6	
1200	-6.9649E-1	1.8399E2	1.3941E0	2.0944E6	
1201	-6.9839E-1	1.8116E2	1.3995E0	2.0966E6	
1202	-6.9885E-1	1.8048E2	1.4050E0	2.0989E6	
1203	-6.9572E-1	1.8512E2	1.4105E0	2.1011E6	
1204	-6.9611E-1	1.8456E2	1.4161E0	2.1033E6	
1205	-6.9733E-1	1.8275E2	1.4216E0	2.1055E6	
1206	-6.9763E-1	1.8229E2	1.4271E0	2.1077E6	
1207	-6.9626E-1	1.8433E2	1.4326E0	2.1100E6	
1208	-6.9633E-1	1.8422E2	1.4382E0	2.1122E6	
1209	-6.9878E-1	1.8060E2	1.4438E0	2.1144E6	
1210	-6.9878E-1	1.8060E2	1.4493E0	2.1166E6	
1211	-7.0137E-1	1.7675E2	1.4550E0	2.1188E6	
1212	-7.0168E-1	1.7629E2	1.4604E0	2.1211E6	
1213	-6.9847E-1	1.8105E2	1.4660E0	2.1233E6	
1214	-6.9679E-1	1.8354E2	1.4716E0	2.1255E6	
1215	-7.0122E-1	1.7697E2	1.4772E0	2.1277E6	
1216	-6.9939E-1	1.7969E2	1.4828E0	2.1299E6	
1217	-6.9992E-1	1.7890E2	1.4882E0	2.1322E6	
1218	-7.0053E-1	1.7799E2	1.4939E0	2.1344E6	
1219	-6.9649E-1	1.8399E2	1.4995E0	2.1366E6	
1220	-6.9992E-1	1.7890E2	1.5051E0	2.1388E6	
1221	-7.0175E-1	1.7618E2	1.5109E0	2.1410E6	
1222	-6.9832E-1	1.8127E2	1.5165E0	2.1433E6	
1223	-6.9992E-1	1.7890E2	1.5220E0	2.1455E6	
1224	-7.0099E-1	1.7731E2	1.5276E0	2.1477E6	
1225	-7.0091E-1	1.7742E2	1.5332E0	2.1499E6	
1226	-6.9923E-1	1.7992E2	1.5390E0	2.1521E6	
1227	-7.0122E-1	1.7697E2	1.5446E0	2.1544E6	
1228	-7.0175E-1	1.7618E2	1.5503E0	2.1566E6	
1229	-7.0221E-1	1.7550E2	1.5557E0	2.1588E6	
1230	-7.0000E-1	1.7878E2	1.5614E0	2.1610E6	
1231	-6.9977E-1	1.7912E2	1.5671E0	2.1632E6	
1232	-7.0007E-1	1.7867E2	1.5728E0	2.1655E6	
1233	-6.9725E-1	1.8286E2	1.5784E0	2.1677E6	
1234	-7.0435E-1	1.7233E2	1.5841E0	2.1699E6	
1235	-7.0335E-1	1.7380E2	1.5898E0	2.1721E6	
1236	-7.0091E-1	1.7742E2	1.5954E0	2.1743E6	
1237	-6.9977E-1	1.7912E2	1.6011E0	2.1766E6	
1238	-7.0175E-1	1.7618E2	1.6068E0	2.1788E6	
1239	-7.0107E-1	1.7720E2	1.6125E0	2.1810E6	
1240	-7.0183E-1	1.7607E2	1.6182E0	2.1832E6	
1241	-7.0244E-1	1.7516E2	1.6239E0	2.1854E6	
1242	-7.0244E-1	1.7516E2	1.6297E0	2.1877E6	
1243	-7.0435E-1	1.7233E2	1.6353E0	2.1899E6	
1244	-7.0427E-1	1.7244E2	1.6410E0	2.1921E6	
1245	-7.0145E-1	1.7663E2	1.6468E0	2.1943E6	
1246	-7.0274E-1	1.7471E2	1.6525E0	2.1965E6	
1247	-7.0381E-1	1.7312E2	1.6582E0	2.1988E6	
1248	-7.0374E-1	1.7324E2	1.6639E0	2.2010E6	
1249	-7.0290E-1	1.7448E2	1.6696E0	2.2032E6	
1250	-7.0358E-1	1.7346E2	1.6754E0	2.2054E6	
1251	-7.0328E-1	1.7391E2	1.6811E0	2.2076E6	
1252	-7.0389E-1	1.7301E2	1.6869E0	2.2099E6	
1253	-7.0473E-1	1.7176E2	1.6927E0	2.2121E6	
1254	-7.0534E-1	1.7086E2	1.6985E0	2.2143E6	
1255	-7.0412E-1	1.7267E2	1.7041E0	2.2165E6	
1256	-7.0602E-1	1.6984E2	1.7100E0	2.2187E6	
1257	-7.0831E-1	1.6644E2	1.7157E0	2.2210E6	
1258	-7.0511E-1	1.7120E2	1.7215E0	2.2232E6	
1259	-7.0480E-1	1.7165E2	1.7272E0	2.2254E6	
1260	-7.0656E-1	1.6905E2	1.7330E0	2.2276E6	
1261	-7.0732E-1	1.6791E2	1.7388E0	2.2298E6	
1262	-7.0717E-1	1.6814E2	1.7446E0	2.2321E6	
1263	-7.0702E-1	1.6837E2	1.7504E0	2.2343E6	
1264	-7.0816E-1	1.6667E2	1.7561E0	2.2365E6	
1265	-7.0747E-1	1.6769E2	1.7620E0	2.2387E6	
1266	-7.0885E-1	1.6565E2	1.7678E0	2.2409E6	
1267	-7.1037E-1	1.6338E2	1.7736E0	2.2432E6	
1268	-7.0869E-1	1.6588E2	1.7795E0	2.2454E6	
1269	-7.0877E-1	1.6576E2	1.7852E0	2.2476E6	
1270	-7.0786E-1	1.6712E2	1.7911E0	2.2498E6	
1271	-7.0869E-1	1.6588E2	1.7969E0	2.2520E6	
1272	-7.0862E-1	1.6599E2	1.8028E0	2.2543E6	
1273	-7.0816E-1	1.6667E2	1.8085E0	2.2565E6	
1274	-7.0900E-1	1.6542E2	1.8145E0	2.2587E6	
1275	-7.0984E-1	1.6418E2	1.8204E0	2.2609E6	
1276	-7.1022E-1	1.6361E2	1.8262E0	2.2631E6	
1277	-7.0854E-1	1.6610E2	1.8321E0	2.2654E6	
1278	-7.0717E-1	1.6814E2	1.8380E0	2.2676E6	
1279	-7.1259E-1	1.6010E2	1.8437E0	2.2698E6	
1280	-7.1220E-1	1.6067E2	1.8497E0	2.2720E6	
1281	-7.1106E-1	1.6237E2	1.8555E0	2.2742E6	
1282	-7.1312E-1	1.5931E2	1.8615E0	2.2765E6	
1283	-7.1098E-1	1.6248E2	1.8673E0	2.2787E6	
1284	-7.1068E-1	1.6293E2	1.8732E0	2.2809E6	
1285	-7.1182E-1	1.6123E2	1.8790E0	2.2831E6	
1286	-7.1243E-1	1.6033E2	1.8850E0	2.2853E6	
1287	-7.1312E-1	1.5931E2	1.8909E0	2.2876E6	
1288	-7.1060E-1	1.6305E2	1.8968E0	2.2898E6	
1289	-7.1159E-1	1.6157E2	1.9028E0	2.2920E6	
1290	-7.1495E-1	1.5659E2	1.9086E0	2.2942E6	
1291	-7.1449E-1	1.5727E2	1.9146E0	2.2964E6	
1292	-7.1335E-1	1.5897E2	1.9205E0	2.2987E6	
1293	-7.1106E-1	1.6237E2	1.9265E0	2.3009E6	
1294	-7.1350E-1	1.5874E2	1.9324E0	2.3031E6	
1295	-7.1342E-1	1.5886E2	1.9384E0	2.3053E6	
1296	-7.1404E-1	1.5795E2	1.9442E0	2.3075E6	
1297	-7.1548E-1	1.5580E2	1.9502E0	2.3098E6	
1298	-7.1281E-1	1.5976E2	1.9562E0	2.3120E6	
1299	-7.1503E-1	1.5648E2	1.9622E0	2.3142E6	
1300	-7.1358E-1	1.5863E2	1.9682E0	2.3164E6	
1301	-7.1602E-1	1.5501E2	1.9740E0	2.3186E6	
1302	-7.1404E-1	1.5795E2	1.9801E0	2.3209E6	
1303	-7.1457E-1	1.5716E2	1.9860E0	2.3231E6	
1304	-7.1533E-1	1.5603E2	1.9919E0	2.3253E6	
1305	-7.1625E-1	1.5467E2	1.9981E0	2.3275E6	
1306	-7.1335E-1	1.5897E2	2.0040E0	2.3297E6	
1307	-7.1526E-1	1.5614E2	2.0101E0	2.3320E6	
1308	-7.1465E-1	1.5704E2	2.0160E0	2.3342E6	
1309	-7.1709E-1	1.5342E2	2.0221E0	2.3364E6	
1310	-7.1754E-1	1.5274E2	2.0280E0	2.3386E6	
1311	-7.1571E-1	1.5546E2	2.0342E0	2.3408E6	
1312	-7.1556E-1	1.5569E2	2.0401E0	2.3431E6	
1313	-7.1556E-1	1.5569E2	2.0462E0	2.3453E6	
1314	-7.1678E-1	1.5387E2	2.0522E0	2.3475E6	
1315	-7.1526E-1	1.5614E2	2.0582E0	2.3497E6	
1316	-7.1533E-1	1.5603E2	2.0643E0	2.3519E6	
1317	-7.1709E-1	1.5342E2	2.0703E0	2.3542E6	
1318	-7.1465E-1	1.5704E2	2.0764E0	2.3564E6	
1319	-7.1617E-1	1.5478E2	2.0824E0	2.3586E6	
1320	-7.1762E-1	1.5263E2	2.0884E0	2.3608E6	
1321	-7.1777E-1	1.5240E2	2.0944E0	2.3630E6	
1322	-7.1548E-1	1.5580E2	2.1006E0	2.3653E6	
1323	-7.1922E-1	1.5025E2	2.1066E0	2.3675E6	
1324	-7.1762E-1	1.5263E2	2.1128E0	2.3697E6	
1325	-7.1709E-1	1.5342E2	2.1188E0	2.3719E6	
1326	-7.1999E-1	1.4912E2	2.1250E0	2.3741E6	
1327	-7.1823E-1	1.5172E2	2.1309E0	2.3764E6	
1328	-7.1838E-1	1.5150E2	2.1371E0	2.3786E6	
1329	-7.1854E-1	1.5127E2	2.1432E0	2.3808E6	
1330	-7.1747E-1	1.5285E2	2.1493E0	2.3830E6	
1331	-7.1999E-1	1.4912E2	2.1554E0	2.3852E6	
1332	-7.1884E-1	1.5082E2	2.1616E0	2.3875E6	
1333	-7.2060E-1	1.4821E2	2.1677E0	2.3897E6	
1334	-7.1945E-1	1.4991E2	2.1739E0	2.3919E6	
1335	-7.2083E-1	1.4787E2	2.1799E0	2.3941E6	
1336	-7.2166E-1	1.4663E2	2.1861E0	2.3963E6	
1337	-7.2121E-1	1.4731E2	2.1922E0	2.3986E6	
1338	-7.2189E-1	1.4629E2	2.1984E0	2.4008E6	
1339	-7.2258E-1	1.4527E2	2.2046E0	2.4030E6	
1340	-7.2128E-1	1.4719E2	2.2107E0	2.4052E6	
1341	-7.2220E-1	1.4583E2	2.2169E0	2.4074E6	
1342	-7.2113E-1	1.4742E2	2.2230E0	2.4097E6	
1343	-7.2044E-1	1.4844E2	2.2292E0	2.4119E6	
1344	-7.2296E-1	1.4470E2	2.2353E0	2.4141E6	
1345	-7.2449E-1	1.4244E2	2.2416E0	2.4163E6	
1346	-7.2235E-1	1.4561E2	2.2478E0	2.4185E6	
1347	-7.2220E-1	1.4583E2	2.2539E0	2.4208E6	
1348	-7.2365E-1	1.4368E2	2.2602E0	2.4230E6	
1349	-7.2533E-1	1.4119E2	2.2663E0	2.4252E6	
1350	-7.2441E-1	1.4255E2	2.2725E0	2.4274E6	
1351	-7.2220E-1	1.4583E2	2.2787E0	2.4296E6	
1352	-7.2472E-1	1.4210E2	2.2849E0	2.4319E6	
1353	-7.2449E-1	1.4244E2	2.2911E0	2.4341E6	
1354	-7.2350E-1	1.4391E2	2.2974E0	2.4363E6	
1355	-7.2357E-1	1.4380E2	2.3037E0	2.4385E6	
1356	-7.2556E-1	1.4085E2	2.3099E0	2.4407E6	
1357	-7.2540E-1	1.4108E2	2.3162E0	2.4430E6	
1358	-7.2495E-1	1.4176E2	2.3222E0	2.4452E6	
1359	-7.2395E-1	1.4323E2	2.3285E0	2.4474E6	
1360	-7.2662E-1	1.3927E2	2.3349E0	2.4496E6	
1361	-7.2563E-1	1.4074E2	2.3411E0	2.4518E6	
1362	-7.2571E-1	1.4063E2	2.3473E0	2.4541E6	
1363	-7.2762E-1	1.3780E2	2.3536E0	2.4563E6	
1364	-7.2746E-1	1.3802E2	2.3598E0	2.4585E6	
1365	-7.2655E-1	1.3938E2	2.3661E0	2.4607E6	
1366	-7.2525E-1	1.4131E2	2.3725E0	2.4629E6	
1367	-7.2655E-1	1.3938E2	2.3786E0	2.4652E6	
1368	-7.2807E-1	1.3712E2	2.3850E0	2.4674E6	
1369	-7.2876E-1	1.3610E2	2.3913E0	2.4696E6	
1370	-7.2624E-1	1.3983E2	2.3976E0	2.4718E6	
1371	-7.2708E-1	1.3859E2	2.4039E0	2.4740E6	
1372	-7.2845E-1	1.3655E2	2.4102E0	2.4763E6	
1373	-7.2754E-1	1.3791E2	2.4166E0	2.4785E6	
1374	-7.2708E-1	1.3859E2	2.4227E0	2.4807E6	
1375	-7.2922E-1	1.3542E2	2.4291E0	2.4829E6	
1376	-7.2746E-1	1.3802E2	2.4355E0	2.4851E6	
1377	-7.2731E-1	1.3825E2	2.4418E0	2.4874E6	
1378	-7.3044E-1	1.3361E2	2.4482E0	2.4896E6	
1379	-7.2937E-1	1.3519E2	2.4544E0	2.4918E6	
1380	-7.2784E-1	1.3746E2	2.4607E0	2.4940E6	
1381	-7.2800E-1	1.3723E2	2.4671E0	2.4962E6	
1382	-7.2823E-1	1.3689E2	2.4735E0	2.4985E6	
1383	-7.2914E-1	1.3553E2	2.4798E0	2.5007E6	
1384	-7.2853E-1	1.3644E2	2.4862E0	2.5029E6	
1385	-7.3051E-1	1.3349E2	2.4925E0	2.5051E6	
1386	-7.2845E-1	1.3655E2	2.4988E0	2.5073E6	
1387	-7.3112E-1	1.3259E2	2.5052E0	2.5096E6	
1388	-7.3265E-1	1.3032E2	2.5116E0	2.5118E6	
1389	-7.3013E-1	1.3406E2	2.5180E0	2.5140E6	
1390	-7.3013E-1	1.3406E2	2.5244E0	2.5162E6	
1391	-7.2830E-1	1.3678E2	2.5308E0	2.5184E6	
1392	-7.3158E-1	1.3191E2	2.5371E0	2.5207E6	
1393	-7.3196E-1	1.3134E2	2.5435E0	2.5229E6	
1394	-7.2922E-1	1.3542E2	2.5500E0	2.5251E6	
1395	-7.3204E-1	1.3123E2	2.5564E0	2.5273E6	
1396	-7.3128E-1	1.3236E2	2.5627E0	2.5295E6	
1397	-7.3303E-1	1.2976E2	2.5692E0	2.5318E6	
1398	-7.3364E-1	1.2885E2	2.5757E0	2.5340E6	
1399	-7.3326E-1	1.2942E2	2.5820E0	2.5362E6	
1400	-7.3296E-1	1.2987E2	2.5884E0	2.5384E6	
1401	-7.3448E-1	1.2761E2	2.5949E0	2.5406E6	
1402	-7.3334E-1	1.2930E2	2.6013E0	2.5429E6	
1403	-7.3349E-1	1.2908E2	2.6077E0	2.5451E6	
1404	-7.3158E-1	1.3191E2	2.6142E0	2.5473E6	
1405	-7.3479E-1	1.2715E2	2.6208E0	2.5495E6	
1406	-7.3578E-1	1.2568E2	2.6271E0	2.5517E6	
1407	-7.3326E-1	1.2942E2	2.6337E0	2.5540E6	
1408	-7.3433E-1	1.2783E2	2.6401E0	2.5562E6	
1409	-7.3517E-1	1.2659E2	2.6465E0	2.5584E6	
1410	-7.3517E-1	1.2659E2	2.6529E0	2.5606E6	
1411	-7.3540E-1	1.2625E2	2.6594E0	2.5628E6	
1412	-7.3761E-1	1.2296E2	2.6660E0	2.5651E6	
1413	-7.3860E-1	1.2149E2	2.6724E0	2.5673E6	
1414	-7.3524E-1	1.2647E2	2.6789E0	2.5695E6	
1415	-7.3677E-1	1.2421E2	2.6853E0	2.5717E6	
1416	-7.3769E-1	1.2285E2	2.6918E0	2.5739E6	
1417	-7.3570E-1	1.2579E2	2.6983E0	2.5762E6	
1418	-7.3799E-1	1.2240E2	2.7049E0	2.5784E6	
1419	-7.3799E-1	1.2240E2	2.7113E0	2.5806E6	
1420	-7.3723E-1	1.2353E2	2.7178E0	2.5828E6	
1421	-7.3883E-1	1.2115E2	2.7244E0	2.5850E6	
1422	-7.3654E-1	1.2455E2	2.7309E0	2.5873E6	
1423	-7.4089E-1	1.1809E2	2.7374E0	2.5895E6	
1424	-7.3868E-1	1.2138E2	2.7439E0	2.5917E6	
1425	-7.3875E-1	1.2126E2	2.7505E0	2.5939E6	
1426	-7.3959E-1	1.2002E2	2.7571E0	2.5961E6	
1427	-7.3830E-1	1.2194E2	2.7635E0	2.5984E6	
1428	-7.3967E-1	1.1991E2	2.7701E0	2.6006E6	
1429	-7.4028E-1	1.1900E2	2.7766E0	2.6028E6	
1430	-7.4059E-1	1.1855E2	2.7832E0	2.6050E6	
1431	-7.4028E-1	1.1900E2	2.7899E0	2.6072E6	
1432	-7.4005E-1	1.1934E2	2.7963E0	2.6095E6	
1433	-7.4089E-1	1.1809E2	2.8028E0	2.6117E6	
1434	-7.3898E-1	1.2093E2	2.8094E0	2.6139E6	
1435	-7.4028E-1	1.1900E2	2.8160E0	2.6161E6	
1436	-7.4074E-1	1.1832E2	2.8226E0	2.6183E6	
1437	-7.4104E-1	1.1787E2	2.8293E0	2.6206E6	
1438	-7.4272E-1	1.1538E2	2.8357E0	2.6228E6	
1439	-7.3982E-1	1.1968E2	2.8423E0	2.6250E6	
1440	-7.3875E-1	1.2126E2	2.8490E0	2.6272E6	
1441	-7.4196E-1	1.1651E2	2.8555E0	2.6294E6	
1442	-7.4234E-1	1.1594E2	2.8622E0	2.6317E6	
1443	-7.4104E-1	1.1787E2	2.8687E0	2.6339E6	
1444	-7.4341E-1	1.1436E2	2.8753E0	2.6361E6	
1445	-7.4104E-1	1.1787E2	2.8820E0	2.6383E6	
1446	-7.4272E-1	1.1538E2	2.8886E0	2.6405E6	
1447	-7.4257E-1	1.1560E2	2.8952E0	2.6428E6	
1448	-7.4196E-1	1.1651E2	2.9020E0	2.6450E6	
1449	-7.4402E-1	1.1345E2	2.9084E0	2.6472E6	
1450	-7.4249E-1	1.1572E2	2.9150E0	2.6494E6	
1451	-7.4409E-1	1.1334E2	2.9217E0	2.6516E6	
1452	-7.4387E-1	1.1368E2	2.9284E0	2.6539E6	
1453	-7.4348E-1	1.1424E2	2.9351E0	2.6561E6	
1454	-7.4379E-1	1.1379E2	2.9417E0	2.6583E6	
1455	-7.4356E-1	1.1413E2	2.9483E0	2.6605E6	
1456	-7.4402E-1	1.1345E2	2.9550E0	2.6627E6	
1457	-7.4272E-1	1.1538E2	2.9617E0	2.6650E6	
1458	-7.4295E-1	1.1504E2	2.9683E0	2.6672E6	
1459	-7.4303E-1	1.1492E2	2.9750E0	2.6694E6	
1460	-7.4280E-1	1.1526E2	2.9816E0	2.6716E6	
1461	-7.4333E-1	1.1447E2	2.9883E0	2.6738E6	
1462	-7.4440E-1	1.1289E2	2.9951E0	2.6761E6	
1463	-7.4638E-1	1.0994E2	3.0017E0	2.6783E6	
1464	-7.4532E-1	1.1153E2	3.0084E0	2.6805E6	
1465	-7.4692E-1	1.0915E2	3.0151E0	2.6827E6	
1466	-7.4738E-1	1.0847E2	3.0218E0	2.6849E6	
1467	-7.4577E-1	1.1085E2	3.0286E0	2.6872E6	
1468	-7.4806E-1	1.0745E2	3.0352E0	2.6894E6	
1469	-7.4585E-1	1.1073E2	3.0419E0	2.6916E6	
1470	-7.4783E-1	1.0779E2	3.0487E0	2.6938E6	
1471	-7.4890E-1	1.0621E2	3.0553E0	2.6960E6	
1472	-7.4707E-1	1.0892E2	3.0620E0	2.6983E6	
1473	-7.4730E-1	1.0858E2	3.0688E0	2.7005E6	
1474	-7.4760E-1	1.0813E2	3.0755E0	2.7027E6	
1475	-7.4928E-1	1.0564E2	3.0822E0	2.7049E6	
1476	-7.4982E-1	1.0485E2	3.0890E0	2.7071E6	
1477	-7.4974E-1	1.0496E2	3.0957E0	2.7094E6	
1478	-7.5035E-1	1.0405E2	3.1025E0	2.7116E6	
1479	-7.5089E-1	1.0326E2	3.1092E0	2.7138E6	
1480	-7.4921E-1	1.0575E2	3.1159E0	2.7160E6	
1481	-7.5043E-1	1.0394E2	3.1227E0	2.7182E6	
1482	-7.5195E-1	1.0168E2	3.1294E0	2.7205E6	
1483	-7.5073E-1	1.0349E2	3.1363E0	2.7227E6	
1484	-7.5180E-1	1.0190E2	3.1431E0	2.7249E6	
1485	-7.5188E-1	1.0179E2	3.1498E0	2.7271E6	
1486	-7.5211E-1	1.0145E2	3.1566E0	2.7293E6	
1487	-7.5058E-1	1.0371E2	3.1633E0	2.7316E6	
1488	-7.5531E-1	9.6695E1	3.1701E0	2.7338E6	
1489	-7.5241E-1	1.0100E2	3.1770E0	2.7360E6	
1490	-7.5142E-1	1.0247E2	3.1837E0	2.7382E6	
1491	-7.5256E-1	1.0077E2	3.1904E0	2.7404E6	
1492	-7.5302E-1	1.0009E2	3.1973E0	2.7427E6	
1493	-7.5356E-1	9.9299E1	3.2042E0	2.7449E6	
1494	-7.5020E-1	1.0428E2	3.2110E0	2.7471E6	
1495	-7.5539E-1	9.6582E1	3.2178E0	2.7493E6	
1496	-7.5684E-1	9.4430E1	3.2246E0	2.7515E6	
1497	-7.5523E-1	9.6808E1	3.2314E0	2.7538E6	
1498	-7.5371E-1	9.9073E1	3.2383E0	2.7560E6	
1499	-7.5600E-1	9.5676E1	3.2450E0	2.7582E6	
1500	-7.5470E-1	9.7601E1	3.2519E0	2.7604E6	
1501	-7.5500E-1	9.7148E1	3.2587E0	2.7626E6	
1502	-7.5371E-1	9.9073E1	3.2656E0	2.7649E6	
1503	-7.5485E-1	9.7374E1	3.2724E0	2.7671E6	
1504	-7.5401E-1	9.8620E1	3.2792E0	2.7693E6	
1505	-7.5417E-1	9.8393E1	3.2860E0	2.7715E6	
1506	-7.5668E-1	9.4657E1	3.2929E0	2.7737E6	
1507	-7.5783E-1	9.2958E1	3.2998E0	2.7760E6	
1508	-7.5554E-1	9.6355E1	3.3066E0	2.7782E6	
1509	-7.5775E-1	9.3072E1	3.3135E0	2.7804E6	
1510	-7.5478E-1	9.7487E1	3.3204E0	2.7826E6	
1511	-7.5783E-1	9.2958E1	3.3273E0	2.7848E6	
1512	-7.5951E-1	9.0467E1	3.3341E0	2.7871E6	
1513	-7.5706E-1	9.4091E1	3.3410E0	2.7893E6	
1514	-7.5920E-1	9.0920E1	3.3478E0	2.7915E6	
1515	-7.5775E-1	9.3072E1	3.3548E0	2.7937E6	
1516	-7.5768E-1	9.3185E1	3.3616E0	2.7959E6	
1517	-7.5821E-1	9.2392E1	3.3683E0	2.7982E6	
1518	-7.5745E-1	9.3525E1	3.3754E0	2.8004E6	
1519	-7.5676E-1	9.4544E1	3.3823E0	2.8026E6	
1520	-7.5966E-1	9.0241E1	3.3893E0	2.8048E6	
1521	-7.5768E-1	9.3185E1	3.3962E0	2.8070E6	
1522	-7.5615E-1	9.5449E1	3.4030E0	2.8093E6	
1523	-7.5676E-1	9.4544E1	3.4099E0	2.8115E6	
1524	-7.5928E-1	9.0807E1	3.4169E0	2.8137E6	
1525	-7.5813E-1	9.2506E1	3.4238E0	2.8159E6	
1526	-7.5951E-1	9.0467E1	3.4308E0	2.8181E6	
1527	-7.5882E-1	9.1486E1	3.4377E0	2.8204E6	
1528	-7.5752E-1	9.3411E1	3.4446E0	2.8226E6	
1529	-7.6118E-1	8.7976E1	3.4515E0	2.8248E6	
1530	-7.5996E-1	8.9788E1	3.4584E0	2.8270E6	
1531	-7.5996E-1	8.9788E1	3.4654E0	2.8292E6	
1532	-7.6042E-1	8.9109E1	3.4724E0	2.8315E6	
1533	-7.5806E-1	9.2619E1	3.4794E0	2.8337E6	
1534	-7.6065E-1	8.8769E1	3.4864E0	2.8359E6	
1535	-7.6370E-1	8.4240E1	3.4932E0	2.8381E6	
1536	-7.6393E-1	8.3900E1	3.5003E0	2.8403E6	
1537	-7.6248E-1	8.6052E1	3.5071E0	2.8426E6	
1538	-7.6508E-1	8.2202E1	3.5141E0	2.8448E6	
1539	-7.6241E-1	8.6165E1	3.5211E0	2.8470E6	
1540	-7.6233E-1	8.6278E1	3.5281E0	2.8492E6	
1541	-7.6294E-1	8.5372E1	3.5350E0	2.8514E6	
1542	-7.6355E-1	8.4466E1	3.5421E0	2.8537E6	
1543	-7.6393E-1	8.3900E1	3.5490E0	2.8559E6	
1544	-7.6439E-1	8.3221E1	3.5560E0	2.8581E6	
1545	-7.6218E-1	8.6505E1	3.5630E0	2.8603E6	
1546	-7.6378E-1	8.4127E1	3.5701E0	2.8625E6	
1547	-7.6530E-1	8.1862E1	3.5770E0	2.8648E6	
1548	-7.6591E-1	8.0956E1	3.5841E0	2.8670E6	
1549	-7.6683E-1	7.9598E1	3.5911E0	2.8692E6	
1550	-7.6485E-1	8.2542E1	3.5980E0	2.8714E6	
1551	-7.6698E-1	7.9371E1	3.6050E0	2.8736E6	
1552	-7.6637E-1	8.0277E1	3.6121E0	2.8759E6	
1553	-7.6675E-1	7.9711E1	3.6192E0	2.8781E6	
1554	-7.6668E-1	7.9824E1	3.6261E0	2.8803E6	
1555	-7.6729E-1	7.8918E1	3.6332E0	2.8825E6	
1556	-7.6797E-1	7.7899E1	3.6402E0	2.8847E6	
1557	-7.6843E-1	7.7220E1	3.6472E0	2.8870E6	
1558	-7.6889E-1	7.6541E1	3.6543E0	2.8892E6	
1559	-7.6859E-1	7.6994E1	3.6613E0	2.8914E6	
1560	-7.6675E-1	7.9711E1	3.6684E0	2.8936E6	
1561	-7.6782E-1	7.8126E1	3.6754E0	2.8958E6	
1562	-7.6904E-1	7.6314E1	3.6825E0	2.8981E6	
1563	-7.6736E-1	7.8805E1	3.6895E0	2.9003E6	
1564	-7.6981E-1	7.5182E1	3.6966E0	2.9025E6	
1565	-7.6752E-1	7.8579E1	3.7038E0	2.9047E6	
1566	-7.6973E-1	7.5295E1	3.7108E0	2.9069E6	
1567	-7.7087E-1	7.3597E1	3.7179E0	2.9092E6	
1568	-7.6912E-1	7.6201E1	3.7249E0	2.9114E6	
1569	-7.6996E-1	7.4956E1	3.7320E0	2.9136E6	
1570	-7.7049E-1	7.4163E1	3.7391E0	2.9158E6	
1571	-7.7080E-1	7.3710E1	3.7462E0	2.9180E6	
1572	-7.6653E-1	8.0051E1	3.7533E0	2.9203E6	
1573	-7.7194E-1	7.2012E1	3.7604E0	2.9225E6	
1574	-7.7026E-1	7.4503E1	3.7675E0	2.9247E6	
1575	-7.7148E-1	7.2691E1	3.7745E0	2.9269E6	
1576	-7.7187E-1	7.2125E1	3.7817E0	2.9291E6	
1577	-7.6904E-1	7.6314E1	3.7890E0	2.9314E6	
1578	-7.7309E-1	7.0313E1	3.7960E0	2.9336E6	
1579	-7.7301E-1	7.0426E1	3.8030E0	2.9358E6	
1580	-7.7148E-1	7.2691E1	3.8101E0	2.9380E6	
1581	-7.6996E-1	7.4956E1	3.8172E0	2.9402E6	
1582	-7.7332E-1	6.9974E1	3.8244E0	2.9425E6	
1583	-7.7271E-1	7.0879E1	3.8315E0	2.9447E6	
1584	-7.7133E-1	7.2917E1	3.8386E0	2.9469E6	
1585	-7.7148E-1	7.2691E1	3.8459E0	2.9491E6	
1586	-7.7309E-1	7.0313E1	3.8530E0	2.9513E6	
1587	-7.7385E-1	6.9181E1	3.8600E0	2.9536E6	
1588	-7.7309E-1	7.0313E1	3.8672E0	2.9558E6	
1589	-7.7164E-1	7.2465E1	3.8744E0	2.9580E6	
1590	-7.7271E-1	7.0879E1	3.8815E0	2.9602E6	
1591	-7.7423E-1	6.8615E1	3.8887E0	2.9624E6	
1592	-7.7530E-1	6.7030E1	3.8958E0	2.9647E6	
1593	-7.7400E-1	6.8955E1	3.9030E0	2.9669E6	
1594	-7.7415E-1	6.8728E1	3.9102E0	2.9691E6	
1595	-7.7400E-1	6.8955E1	3.9174E0	2.9713E6	
1596	-7.7652E-1	6.5218E1	3.9246E0	2.9735E6	
1597	-7.7560E-1	6.6577E1	3.9318E0	2.9758E6	
1598	-7.7431E-1	6.8502E1	3.9389E0	2.9780E6	
1599	-7.7461E-1	6.8049E1	3.9460E0	2.9802E6	
1600	-7.7728E-1	6.4086E1	3.9532E0	2.9824E6	
1601	-7.7888E-1	6.1708E1	3.9603E0	2.9846E6	
1602	-7.7774E-1	6.3406E1	3.9677E0	2.9869E6	
1603	-7.8041E-1	5.9444E1	3.9748E0	2.9891E6	
1604	-7.7515E-1	6.7256E1	3.9820E0	2.9913E6	
1605	-7.7888E-1	6.1708E1	3.9892E0	2.9935E6	
1606	-7.7827E-1	6.2614E1	3.9965E0	2.9957E6	
1607	-7.8018E-1	5.9783E1	4.0036E0	2.9980E6	
1608	-7.7873E-1	6.1935E1	4.0109E0	3.0002E6	
1609	-7.8018E-1	5.9783E1	4.0181E0	3.0024E6	
1610	-7.8026E-1	5.9670E1	4.0253E0	3.0046E6	
1611	-7.8224E-1	5.6726E1	4.0326E0	3.0068E6	
1612	-7.8011E-1	5.9896E1	4.0398E0	3.0091E6	
1613	-7.8468E-1	5.3103E1	4.0470E0	3.0113E6	
1614	-7.8232E-1	5.6613E1	4.0542E0	3.0135E6	
1615	-7.8102E-1	5.8538E1	4.0614E0	3.0157E6	
1616	-7.7950E-1	6.0802E1	4.0687E0	3.0179E6	
1617	-7.7980E-1	6.0349E1	4.0760E0	3.0202E6	
1618	-7.8331E-1	5.5141E1	4.0832E0	3.0224E6	
1619	-7.8133E-1	5.8085E1	4.0904E0	3.0246E6	
1620	-7.8293E-1	5.5707E1	4.0977E0	3.0268E6	
1621	-7.8400E-1	5.4122E1	4.1050E0	3.0290E6	
1622	-7.8339E-1	5.5028E1	4.1123E0	3.0313E6	
1623	-7.8239E-1	5.6500E1	4.1193E0	3.0335E6	
1624	-7.8293E-1	5.5707E1	4.1268E0	3.0357E6	
1625	-7.8430E-1	5.3669E1	4.1339E0	3.0379E6	
1626	-7.8545E-1	5.1971E1	4.1413E0	3.0401E6	
1627	-7.8491E-1	5.2763E1	4.1486E0	3.0424E6	
1628	-7.8156E-1	5.7745E1	4.1558E0	3.0446E6	
1629	-7.8407E-1	5.4009E1	4.1631E0	3.0468E6	
1630	-7.8506E-1	5.2537E1	4.1704E0	3.0490E6	
1631	-7.8583E-1	5.1405E1	4.1776E0	3.0512E6	
1632	-7.8621E-1	5.0838E1	4.1850E0	3.0535E6	
1633	-7.8598E-1	5.1178E1	4.1923E0	3.0557E6	
1634	-7.8789E-1	4.8347E1	4.1995E0	3.0579E6	
1635	-7.8598E-1	5.1178E1	4.2069E0	3.0601E6	
1636	-7.8484E-1	5.2876E1	4.2141E0	3.0623E6	
1637	-7.8674E-1	5.0046E1	4.2214E0	3.0646E6	
1638	-7.8712E-1	4.9480E1	4.2288E0	3.0668E6	
1639	-7.8621E-1	5.0838E1	4.2361E0	3.0690E6	
1640	-7.8545E-1	5.1971E1	4.2434E0	3.0712E6	
1641	-7.8789E-1	4.8347E1	4.2508E0	3.0734E6	
1642	-7.8545E-1	5.1971E1	4.2580E0	3.0757E6	
1643	-7.8728E-1	4.9253E1	4.2653E0	3.0779E6	
1644	-7.8606E-1	5.1065E1	4.2727E0	3.0801E6	
1645	-7.8560E-1	5.1744E1	4.2799E0	3.0823E6	
1646	-7.8819E-1	4.7895E1	4.2874E0	3.0845E6	
1647	-7.8934E-1	4.6196E1	4.2946E0	3.0868E6	
1648	-7.8606E-1	5.1065E1	4.3020E0	3.0890E6	
1649	-7.8476E-1	5.2990E1	4.3094E0	3.0912E6	
1650	-7.8781E-1	4.8461E1	4.3167E0	3.0934E6	
1651	-7.8835E-1	4.7668E1	4.3240E0	3.0956E6	
1652	-7.8827E-1	4.7781E1	4.3313E0	3.0979E6	
1653	-7.8766E-1	4.8687E1	4.3388E0	3.1001E6	
1654	-7.8812E-1	4.8008E1	4.3461E0	3.1023E6	
1655	-7.8857E-1	4.7328E1	4.3535E0	3.1045E6	
1656	-7.9216E-1	4.2007E1	4.3607E0	3.1067E6	
1657	-7.8857E-1	4.7328E1	4.3681E0	3.1090E6	
1658	-7.8896E-1	4.6762E1	4.3755E0	3.1112E6	
1659	-7.9224E-1	4.1894E1	4.3829E0	3.1134E6	
1660	-7.8964E-1	4.5743E1	4.3902E0	3.1156E6	
1661	-7.9079E-1	4.4045E1	4.3977E0	3.1178E6	
1662	-7.9140E-1	4.3139E1	4.4050E0	3.1201E6	
1663	-7.9117E-1	4.3479E1	4.4125E0	3.1223E6	
1664	-7.9170E-1	4.2686E1	4.4198E0	3.1245E6	
1665	-7.9407E-1	3.9176E1	4.4272E0	3.1267E6	
1666	-7.9453E-1	3.8497E1	4.4345E0	3.1289E6	
1667	-7.9277E-1	4.1101E1	4.4420E0	3.1312E6	
1668	-7.9384E-1	3.9516E1	4.4493E0	3.1334E6	
1669	-7.9330E-1	4.0308E1	4.4567E0	3.1356E6	
1670	-7.9498E-1	3.7817E1	4.4641E0	3.1378E6	
1671	-7.9231E-1	4.1780E1	4.4714E0	3.1400E6	
1672	-7.9636E-1	3.5779E1	4.4789E0	3.1423E6	
1673	-7.9544E-1	3.7138E1	4.4863E0	3.1445E6	
1674	-7.9460E-1	3.8384E1	4.4937E0	3.1467E6	
1675	-7.9361E-1	3.9856E1	4.5011E0	3.1489E6	
1676	-7.9521E-1	3.7478E1	4.5085E0	3.1511E6	
1677	-7.9842E-1	3.2722E1	4.5159E0	3.1534E6	
1678	-7.9727E-1	3.4421E1	4.5234E0	3.1556E6	
1679	-7.9704E-1	3.4760E1	4.5307E0	3.1578E6	
1680	-7.9666E-1	3.5326E1	4.5382E0	3.1600E6	
1681	-7.9536E-1	3.7251E1	4.5456E0	3.1622E6	
1682	-7.9536E-1	3.7251E1	4.5531E0	3.1645E6	
1683	-7.9742E-1	3.4194E1	4.5604E0	3.1667E6	
1684	-7.9590E-1	3.6459E1	4.5677E0	3.1689E6	
1685	-7.9880E-1	3.2156E1	4.5753E0	3.1711E6	
1686	-7.9956E-1	3.1024E1	4.5827E0	3.1733E6	
1687	-7.9735E-1	3.4307E1	4.5901E0	3.1756E6	
1688	-7.9666E-1	3.5326E1	4.5976E0	3.1778E6	
1689	-8.0078E-1	2.9212E1	4.6050E0	3.1800E6	
1690	-7.9865E-1	3.2383E1	4.6125E0	3.1822E6	
1691	-7.9727E-1	3.4421E1	4.6199E0	3.1844E6	
1692	-7.9773E-1	3.3741E1	4.6273E0	3.1867E6	
1693	-7.9788E-1	3.3515E1	4.6349E0	3.1889E6	
1694	-7.9750E-1	3.4081E1	4.6422E0	3.1911E6	
1695	-8.0124E-1	2.8533E1	4.6497E0	3.1933E6	
1696	-8.0002E-1	3.0345E1	4.6571E0	3.1955E6	
1697	-8.0086E-1	2.9099E1	4.6644E0	3.1978E6	
1698	-7.9933E-1	3.1364E1	4.6720E0	3.2000E6	
1699	-7.9918E-1	3.1590E1	4.6794E0	3.2022E6	
1700	-7.9720E-1	3.4534E1	4.6868E0	3.2044E6	
1701	-7.9842E-1	3.2722E1	4.6943E0	3.2066E6	
1702	-7.9979E-1	3.0684E1	4.7017E0	3.2089E6	
1703	-8.0063E-1	2.9439E1	4.7092E0	3.2111E6	
1704	-8.0269E-1	2.6382E1	4.7166E0	3.2133E6	
1705	-8.0093E-1	2.8986E1	4.7242E0	3.2155E6	
1706	-8.0124E-1	2.8533E1	4.7316E0	3.2177E6	
1707	-8.0223E-1	2.7061E1	4.7391E0	3.2200E6	
1708	-7.9956E-1	3.1024E1	4.7465E0	3.2222E6	
1709	-8.0330E-1	2.5476E1	4.7539E0	3.2244E6	
1710	-8.0414E-1	2.4230E1	4.7614E0	3.2266E6	
1711	-8.0025E-1	3.0005E1	4.7689E0	3.2288E6	
1712	-8.0299E-1	2.5929E1	4.7764E0	3.2311E6	
1713	-8.0292E-1	2.6042E1	4.7839E0	3.2333E6	
1714	-8.0208E-1	2.7287E1	4.7913E0	3.2355E6	
1715	-8.0376E-1	2.4797E1	4.7988E0	3.2377E6	
1716	-8.0536E-1	2.2419E1	4.8062E0	3.2399E6	
1717	-8.0444E-1	2.3777E1	4.8137E0	3.2422E6	
1718	-8.0360E-1	2.5023E1	4.8212E0	3.2444E6	
1719	-8.0223E-1	2.7061E1	4.8287E0	3.2466E6	
1720	-8.0719E-1	1.9701E1	4.8361E0	3.2488E6	
1721	-8.0833E-1	1.8003E1	4.8436E0	3.2510E6	
1722	-8.0635E-1	2.0947E1	4.8511E0	3.2533E6	
1723	-8.0566E-1	2.1966E1	4.8586E0	3.2555E6	
1724	-8.0566E-1	2.1966E1	4.8661E0	3.2577E6	
1725	-8.0490E-1	2.3098E1	4.8736E0	3.2599E6	
1726	-8.0536E-1	2.2419E1	4.8811E0	3.2621E6	
1727	-8.0727E-1	1.9588E1	4.8886E0	3.2644E6	
1728	-8.0696E-1	2.0041E1	4.8960E0	3.2666E6	
1729	-8.0765E-1	1.9022E1	4.9036E0	3.2688E6	
1730	-8.0734E-1	1.9475E1	4.9110E0	3.2710E6	
1731	-8.0673E-1	2.0381E1	4.9185E0	3.2732E6	
1732	-8.0971E-1	1.5965E1	4.9260E0	3.2755E6	
1733	-8.1070E-1	1.4493E1	4.9334E0	3.2777E6	
1734	-8.0811E-1	1.8343E1	4.9410E0	3.2799E6	
1735	-8.0940E-1	1.6418E1	4.9485E0	3.2821E6	
1736	-8.1200E-1	1.2568E1	4.9559E0	3.2843E6	
1737	-8.0818E-1	1.8229E1	4.9634E0	3.2866E6	
1738	-8.1009E-1	1.5399E1	4.9710E0	3.2888E6	
1739	-8.1154E-1	1.3247E1	4.9784E0	3.2910E6	
1740	-8.1009E-1	1.5399E1	4.9860E0	3.2932E6	
1741	-8.1039E-1	1.4946E1	4.9935E0	3.2954E6	
1742	-8.1413E-1	9.3978E0	5.0010E0	3.2977E6	
1743	-8.1123E-1	1.3700E1	5.0084E0	3.2999E6	
1744	-8.1322E-1	1.0757E1	5.0160E0	3.3021E6	
1745	-8.1230E-1	1.2115E1	5.0235E0	3.3043E6	
1746	-8.1268E-1	1.1549E1	5.0310E0	3.3065E6	
1747	-8.1253E-1	1.1776E1	5.0385E0	3.3088E6	
1748	-8.1398E-1	9.6243E0	5.0459E0	3.3110E6	
1749	-8.1146E-1	1.3361E1	5.0535E0	3.3132E6	
1750	-8.1200E-1	1.2568E1	5.0610E0	3.3154E6	
1751	-8.1322E-1	1.0757E1	5.0685E0	3.3176E6	
1752	-8.1322E-1	1.0757E1	5.0760E0	3.3199E6	
1753	-8.1238E-1	1.2002E1	5.0835E0	3.3221E6	
1754	-8.1535E-1	7.5862E0	5.0910E0	3.3243E6	
1755	-8.1223E-1	1.2228E1	5.0986E0	3.3265E6	
1756	-8.1322E-1	1.0757E1	5.1059E0	3.3287E6	
1757	-8.1390E-1	9.7375E0	5.1135E0	3.3310E6	
1758	-8.1436E-1	9.0581E0	5.1211E0	3.3332E6	
1759	-8.1383E-1	9.8507E0	5.1285E0	3.3354E6	
1760	-8.1314E-1	1.0870E1	5.1361E0	3.3376E6	
1761	-8.1482E-1	8.3788E0	5.1435E0	3.3398E6	
1762	-8.1528E-1	7.6994E0	5.1511E0	3.3421E6	
1763	-8.1558E-1	7.2465E0	5.1586E0	3.3443E6	
1764	-8.1482E-1	8.3788E0	5.1661E0	3.3465E6	
1765	-8.1459E-1	8.7185E0	5.1736E0	3.3487E6	
1766	-8.1413E-1	9.3978E0	5.1810E0	3.3509E6	
1767	-8.1490E-1	8.2655E0	5.1885E0	3.3532E6	
1768	-8.1627E-1	6.2275E0	5.1960E0	3.3554E6	
1769	-8.1566E-1	7.1333E0	5.2035E0	3.3576E6	
1770	-8.1543E-1	7.4730E0	5.2110E0	3.3598E6	
1771	-8.1596E-1	6.6804E0	5.2185E0	3.3620E6	
1772	-8.1825E-1	3.2836E0	5.2260E0	3.3643E6	
1773	-8.1863E-1	2.7175E0	5.2336E0	3.3665E6	
1774	-8.1558E-1	7.2465E0	5.2410E0	3.3687E6	
1775	-8.1543E-1	7.4730E0	5.2485E0	3.3709E6	
1776	-8.1879E-1	2.4910E0	5.2560E0	3.3731E6	
1777	-8.1947E-1	1.4720E0	5.2636E0	3.3754E6	
1778	-8.1757E-1	4.3026E0	5.2710E0	3.3776E6	
1779	-8.1779E-1	3.9630E0	5.2786E0	3.3798E6	
1780	-8.1970E-1	1.1323E0	5.2860E0	3.3820E6	
1781	-8.2085E-1	-5.6606E-1	5.2935E0	3.3842E6	
1782	-8.1825E-1	3.2836E0	5.3009E0	3.3865E6	
1783	-8.1726E-1	4.7556E0	5.3086E0	3.3887E6	
1784	-8.1963E-1	1.2456E0	5.3160E0	3.3909E6	
1785	-8.1833E-1	3.1704E0	5.3235E0	3.3931E6	
1786	-8.2115E-1	-1.0190E0	5.3309E0	3.3953E6	
1787	-8.2123E-1	-1.1322E0	5.3384E0	3.3976E6	
1788	-8.1978E-1	1.0191E0	5.3458E0	3.3998E6	
1789	-8.2062E-1	-2.2638E-1	5.3534E0	3.4020E6	
1790	-8.2184E-1	-2.0380E0	5.3609E0	3.4042E6	
1791	-8.2191E-1	-2.1512E0	5.3683E0	3.4064E6	
1792	-8.2085E-1	-5.6606E-1	5.3758E0	3.4087E6	
1793	-8.2375E-1	-4.8686E0	5.3833E0	3.4109E6	
1794	-8.2237E-1	-2.8306E0	5.3861E0	3.4117E6	
1795	-8.2237E-1	-2.8306E0	5.3861E0	3.4117E6	
1796	-8.2237E-1	-2.8306E0	5.3861E0	3.4117E6	
1797	-8.2237E-1	-2.8306E0	5.3861E0	3.4117E6	
1798	-8.2237E-1	-2.8306E0	5.3861E0	3.4117E6	
1799	-8.2237E-1	-2.8306E0	5.3861E0	3.4117E6	
1800	-8.2237E-1	-2.8306E0	5.3861E0	3.4117E6	
1801	-8.2237E-1	-2.8306E0	5.3861E0	3.4117E6	
1802	-8.2237E-1	-2.8306E0	5.3861E0	3.4117E6	
1803	-8.2237E-1	-2.8306E0	5.3861E0	3.4117E6	
1804	-8.2237E-1	-2.8306E0	5.3861E0	3.4117E6	
1805	-8.2237E-1	-2.8306E0	5.3861E0	3.4117E6	
1806	-8.2237E-1	-2.8306E0	5.3861E0	3.4117E6	
1807	-8.2237E-1	-2.8306E0	5.3861E0	3.4117E6	
1808	-8.2237E-1	-2.8306E0	5.3861E0	3.4117E6	
1809	-8.2237E-1	-2.8306E0	5.3861E0	3.4117E6	
1810	-8.2237E-1	-2.8306E0	5.3861E0	3.4117E6	
1811	-8.2237E-1	-2.8306E0	5.3861E0	3.4117E6	
1812	-8.2237E-1	-2.8306E0	5.3861E0	3.4117E6	
1813	-8.2237E-1	-2.8306E0	5.3861E0	3.4117E6	
1814	-8.2237E-1	-2.8306E0	5.3861E0	3.4117E6	
1815	-8.2237E-1	-2.8306E0	5.3861E0	3.4117E6	
1816	-8.2237E-1	-2.8306E0	5.3861E0	3.4117E6	
1817	-8.2237E-1	-2.8306E0	5.3861E0	3.4117E6	
1818	-8.2237E-1	-2.8306E0	5.3861E0	3.4117E6	
1819	-8.2237E-1	-2.8306E0	5.3861E0	3.4117E6	
1820	-8.2237E-1	-2.8306E0	5.3861E0	3.4117E6	
1821	-8.2237E-1	-2.8306E0	5.3861E0	3.4117E6	
1822	-8.2237E-1	-2.8306E0	5.3861E0	3.4117E6	
1823	-8.2237E-1	-2.8306E0	5.3861E0	3.4117E6	
1824	-8.2237E-1	-2.8306E0	5.3861E0	3.4117E6	
1825	-8.2237E-1	-2.8306E0	5.3861E0	3.4117E6	
1826	-8.2237E-1	-2.8306E0	5.3861E0	3.4117E6	
1827	-8.2237E-1	-2.8306E0	5.3861E0	3.4117E6	
1828	-8.2237E-1	-2.8306E0	5.3861E0	3.4117E6	
1829	-8.2237E-1	-2.8306E0	5.3861E0	3.4117E6	
1830	-8.2237E-1	-2.8306E0	5.3861E0	3.4117E6	
1831	-8.2237E-1	-2.8306E0	5.3861E0	3.4117E6	
1832	-8.2237E-1	-2.8306E0	5.3861E0	3.4117E6	
1833	-8.2237E-1	-2.8306E0	5.3861E0	3.4117E6	
1834	-8.2237E-1	-2.8306E0	5.3861E0	3.4117E6	
1835	-8.2237E-1	-2.8306E0	5.3861E0	3.4117E6	
1836	-8.2237E-1	-2.8306E0	5.3861E0	3.4117E6	
1837	-8.2237E-1	-2.8306E0	5.3861E0	3.4117E6	
1838	-8.2237E-1	-2.8306E0	5.3861E0	3.4117E6	
1839	-8.2237E-1	-2.8306E0	5.3861E0	3.4117E6	
1840	-8.2237E-1	-2.8306E0	5.3861E0	3.4117E6	
1841	-8.2237E-1	-2.8306E0	5.3861E0	3.4117E6	
1842	-8.2237E-1	-2.8306E0	5.3861E0	3.4117E6	
1843	-8.2237E-1	-2.8306E0	5.3861E0	3.4117E6	
1844	-8.2237E-1	-2.8306E0	5.3861E0	3.4117E6	
1845	-8.2237E-1	-2.8306E0	5.3861E0	3.4117E6	
1846	-8.2237E-1	-2.8306E0	5.3861E0	3.4117E6	
1847	-8.2237E-1	-2.8306E0	5.3861E0	3.4117E6	
1848	-8.2237E-1	-2.8306E0	5.3861E0	3.4117E6	
1849	-8.2237E-1	-2.8306E0	5.3861E0	3.4117E6	
1850	-8.2237E-1	-2.8306E0	5.3861E0	3.4117E6	
1851	-8.2237E-1	-2.8306E0	5.3861E0	3.4117E6	
1852	-8.2237E-1	-2.8306E0	5.3861E0	3.4117E6	
1853	-8.2237E-1	-2.8306E0	5.3861E0	3.4117E6	
1854	-8.2237E-1	-2.8306E0	5.3861E0	3.4117E6	
1855	-8.2237E-1	-2.8306E0	5.3861E0	3.4117E6	
1856	-8.2237E-1	-2.8306E0	5.3861E0	3.4117E6	
1857	-8.2237E-1	-2.8306E0	5.3861E0	3.4117E6	
1858	-8.2237E-1	-2.8306E0	5.3861E0	3.4117E6	
1859	-8.2237E-1	-2.8306E0	5.3861E0	3.4117E6	
1860	-8.2237E-1	-2.8306E0	5.3861E0	3.4117E6	
1861	-8.2237E-1	-2.8306E0	5.3861E0	3.4117E6	
1862	-8.2237E-1	-2.8306E0	5.3861E0	3.4117E6	
1863	-8.2237E-1	-2.8306E0	5.3861E0	3.4117E6	
1864	-8.2237E-1	-2.8306E0	5.3861E0	3.4117E6	
1865	-8.2237E-1	-2.8306E0	5.3861E0	3.4117E6	
1866	-8.2237E-1	-2.8306E0	5.3861E0	3.4117E6	
1867	-8.2237E-1	-2.8306E0	5.3861E0	3.4117E6	
1868	-8.2237E-1	-2.8306E0	5.3861E0	3.4117E6	
1869	-8.2237E-1	-2.8306E0	5.3861E0	3.4117E6	
1870	-8.2237E-1	-2.8306E0	5.3861E0	3.4117E6	
1871	-8.2237E-1	-2.8306E0	5.3861E0	3.4117E6	
1872	-8.2237E-1	-2.8306E0	5.3861E0	3.4117E6	
1873	-8.2237E-1	-2.8306E0	5.3861E0	3.4117E6	
1874	-8.2237E-1	-2.8306E0	5.3861E0	3.4117E6	
1875	-8.2237E-1	-2.8306E0	5.3861E0	3.4117E6	
1876	-8.2237E-1	-2.8306E0	5.3861E0	3.4117E6	
1877	-8.2237E-1	-2.8306E0	5.3861E0	3.4117E6	
1878	-8.2237E-1	-2.8306E0	5.3861E0	3.4117E6	
1879	-8.2237E-1	-2.8306E0	5.3861E0	3.4117E6	
1880	-8.2237E-1	-2.8306E0	5.3861E0	3.4117E6	
1881	-8.2237E-1	-2.8306E0	5.3861E0	3.4117E6	
1882	-8.2237E-1	-2.8306E0	5.3861E0	3.4117E6	
1883	-8.2237E-1	-2.8306E0	5.3861E0	3.4117E6	
1884	-8.2237E-1	-2.8306E0	5.3861E0	3.4117E6	
1885	-8.2237E-1	-2.8306E0	5.3861E0	3.4117E6	
1886	-8.2237E-1	-2.8306E0	5.3861E0	3.4117E6	
1887	-8.2237E-1	-2.8306E0	5.3861E0	3.4117E6	
1888	-8.2237E-1	-2.8306E0	5.3861E0	3.4117E6	
1889	-8.2237E-1	-2.8306E0	5.3861E0	3.4117E6	
1890	-8.2237E-1	-2.8306E0	5.3861E0	3.4117E6	
1891	-8.2237E-1	-2.8306E0	5.3861E0	3.4117E6	
1892	-8.2237E-1	-2.8306E0	5.3861E0	3.4117E6	
1893	-8.2237E-1	-2.8306E0	5.3861E0	3.4117E6	
1894	-8.2237E-1	-2.8306E0	5.3861E0	3.4117E6	
1895	-8.2237E-1	-2.8306E0	5.3861E0	3.4117E6	
1896	-8.2237E-1	-2.8306E0	5.3861E0	3.4117E6	
1897	-8.2237E-1	-2.8306E0	5.3861E0	3.4117E6	
1898	-8.2237E-1	-2.8306E0	5.3861E0	3.4117E6	
1899	-8.2237E-1	-2.8306E0	5.3861E0	3.4117E6	
1900	-8.2237E-1	-2.8306E0	5.3861E0	3.4117E6	
1901	-8.2237E-1	-2.8306E0	5.3861E0	3.4117E6	
1902	-8.2237E-1	-2.8306E0	5.3861E0	3.4117E6	
1903	-8.2237E-1	-2.8306E0	5.3861E0	3.4117E6	
1904	-8.2237E-1	-2.8306E0	5.3861E0	3.4117E6	
1905	-8.2237E-1	-2.8306E0	5.3861E0	3.4117E6	
1906	-8.2237E-1	-2.8306E0	5.3861E0	3.4117E6	
1907	-8.2237E-1	-2.8306E0	5.3861E0	3.4117E6	
1908	-8.2237E-1	-2.8306E0	5.3861E0	3.4117E6	
1909	-8.2237E-1	-2.8306E0	5.3861E0	3.4117E6	
1910	-8.2237E-1	-2.8306E0	5.3861E0	3.4117E6	
1911	-8.2237E-1	-2.8306E0	5.3861E0	3.4117E6	
1912	-8.2237E-1	-2.8306E0	5.3861E0	3.4117E6	
1913	-8.2237E-1	-2.8306E0	5.3861E0	3.4117E6	
1914	-8.2237E-1	-2.8306E0	5.3861E0	3.4117E6	
1915	-8.2237E-1	-2.8306E0	5.3861E0	3.4117E6	
1916	-8.2237E-1	-2.8306E0	5.3861E0	3.4117E6	
1917	-8.2237E-1	-2.8306E0	5.3861E0	3.4117E6	
1918	-8.2237E-1	-2.8306E0	5.3861E0	3.4117E6	
1919	-8.2237E-1	-2.8306E0	5.3861E0	3.4117E6	
1920	-8.2237E-1	-2.8306E0	5.3861E0	3.4117E6	
1921	-8.2237E-1	-2.8306E0	5.3861E0	3.4117E6	
1922	-8.2237E-1	-2.8306E0	5.3861E0	3.4117E6	
1923	-8.2237E-1	-2.8306E0	5.3861E0	3.4117E6	
1924	-8.2237E-1	-2.8306E0	5.3861E0	3.4117E6	
1925	-8.2237E-1	-2.8306E0	5.3861E0	3.4117E6	
1926	-8.2237E-1	-2.8306E0	5.3861E0	3.4117E6	
1927	-8.2237E-1	-2.8306E0	5.3861E0	3.4117E6	
1928	-8.2237E-1	-2.8306E0	5.3861E0	3.4117E6	
1929	-8.2237E-1	-2.8306E0	5.3861E0	3.4117E6	
1930	-8.2237E-1	-2.8306E0	5.3861E0	3.4117E6	
1931	-8.2237E-1	-2.8306E0	5.3861E0	3.4117E6	
1932	-8.2237E-1	-2.8306E0	5.3861E0	3.4117E6	
1933	-8.2237E-1	-2.8306E0	5.3861E0	3.4117E6	
1934	-8.2237E-1	-2.8306E0	5.3861E0	3.4117E6	
1935	-8.2237E-1	-2.8306E0	5.3861E0	3.4117E6	
1936	-8.2237E-1	-2.8306E0	5.3861E0	3.4117E6	
1937	-8.2237E-1	-2.8306E0	5.3861E0	3.4117E6	
1938	-8.2237E-1	-2.8306E0	5.3861E0	3.4117E6	
1939	-8.2237E-1	-2.8306E0	5.3861E0	3.4117E6	
1940	-8.2237E-1	-2.8306E0	5.3861E0	3.4117E6	
1941	-8.2237E-1	-2.8306E0	5.3861E0	3.4117E6	
1942	-8.2237E-1	-2.8306E0	5.3861E0	3.4117E6	
1943	-8.2237E-1	-2.8306E0	5.3861E0	3.4117E6	
1944	-8.2237E-1	-2.8306E0	5.3861E0	3.4117E6	
1945	-8.2237E-1	-2.8306E0	5.3861E0	3.4117E6	
1946	-8.2237E-1	-2.8306E0	5.3861E0	3.4117E6	
1947	-8.2237E-1	-2.8306E0	5.3861E0	3.4117E6	
1948	-8.2237E-1	-2.8306E0	5.3861E0	3.4117E6	
1949	-8.2237E-1	-2.8306E0	5.3861E0	3.4117E6	
1950	-8.2237E-1	-2.8306E0	5.3861E0	3.4117E6	
1951	-8.2237E-1	-2.8306E0	5.3861E0	3.4117E6	
1952	-8.2237E-1	-2.8306E0	5.3861E0	3.4117E6	
1953	-8.2237E-1	-2.8306E0	5.3861E0	3.4117E6	
1954	-8.2237E-1	-2.8306E0	5.3861E0	3.4117E6	
1955	-8.2237E-1	-2.8306E0	5.3861E0	3.4117E6	
1956	-8.2237E-1	-2.8306E0	5.3861E0	3.4117E6	
1957	-8.2237E-1	-2.8306E0	5.3861E0	3.4117E6	
1958	-8.2237E-1	-2.8306E0	5.3861E0	3.4117E6	
1959	-8.2237E-1	-2.8306E0	5.3861E0	3.4117E6	
1960	-8.2237E-1	-2.8306E0	5.3861E0	3.4117E6	
1961	-8.2237E-1	-2.8306E0	5.3861E0	3.4117E6	
1962	-8.2237E-1	-2.8306E0	5.3861E0	3.4117E6	
1963	-8.2237E-1	-2.8306E0	5.3861E0	3.4117E6	
1964	-8.2237E-1	-2.8306E0	5.3861E0	3.4117E6	
1965	-8.2237E-1	-2.8306E0	5.3861E0	3.4117E6	
1966	-8.2237E-1	-2.8306E0	5.3861E0	3.4117E6	
1967	-8.2237E-1	-2.8306E0	5.3861E0	3.4117E6	
1968	-8.2237E-1	-2.8306E0	5.3861E0	3.4117E6	
1969	-8.2237E-1	-2.8306E0	5.3861E0	3.4117E6	
1970	-8.2237E-1	-2.8306E0	5.3861E0	3.4117E6	
1971	-8.2237E-1	-2.8306E0	5.3861E0	3.4117E6	
1972	-8.2237E-1	-2.8306E0	5.3861E0	3.4117E6	
1973	-8.2237E-1	-2.8306E0	5.3861E0	3.4117E6	
1974	-8.2237E-1	-2.8306E0	5.3861E0	3.4117E6	
1975	-8.2237E-1	-2.8306E0	5.3861E0	3.4117E6	
1976	-8.2237E-1	-2.8306E0	5.3861E0	3.4117E6	
1977	-8.2237E-1	-2.8306E0	5.3861E0	3.4117E6	
1978	-8.2237E-1	-2.8306E0	5.3861E0	3.4117E6	
1979	-8.2237E-1	-2.8306E0	5.3861E0	3.4117E6	
1980	-8.2237E-1	-2.8306E0	5.3861E0	3.4117E6	
1981	-8.2237E-1	-2.8306E0	5.3861E0	3.4117E6	
1982	-8.2237E-1	-2.8306E0	5.3861E0	3.4117E6	
1983	-8.2237E-1	-2.8306E0	5.3861E0	3.4117E6	
1984	-8.2237E-1	-2.8306E0	5.3861E0	3.4117E6	
1985	-8.2237E-1	-2.8306E0	5.3861E0	3.4117E6	
1986	-8.2237E-1	-2.8306E0	5.3861E0	3.4117E6	
1987	-8.2237E-1	-2.8306E0	5.3861E0	3.4117E6	
1988	-8.2237E-1	-2.8306E0	5.3861E0	3.4117E6	
1989	-8.2237E-1	-2.8306E0	5.3861E0	3.4117E6	
1990	-8.2237E-1	-2.8306E0	5.3861E0	3.4117E6	
1991	-8.2237E-1	-2.8306E0	5.3861E0	3.4117E6	
1992	-8.2237E-1	-2.8306E0	5.3861E0	3.4117E6	
1993	-8.2237E-1	-2.8306E0	5.3861E0	3.4117E6	
1994	-8.2237E-1	-2.8306E0	5.3861E0	3.4117E6	
1995	-8.2237E-1	-2.8306E0	5.3861E0	3.4117E6	
1996	-8.2237E-1	-2.8306E0	5.3861E0	3.4117E6	
1997	-8.2237E-1	-2.8306E0	5.3861E0	3.4117E6	
1998	-8.2237E-1	-2.8306E0	5.3861E0	3.4117E6	
1999	-8.2237E-1	-2.8306E0	5.3861E0	3.4117E6	
2000	-8.2237E-1	-2.8306E0	5.3861E0	3.4117E6	
2001	-8.2237E-1	-2.8306E0	5.3861E0	3.4117E6	
2002	-8.2237E-1	-2.8306E0	5.3861E0	3.4117E6	
2003	-8.2237E-1	-2.8306E0	5.3861E0	3.4117E6	
2004	-8.2237E-1	-2.8306E0	5.3861E0	3.4117E6	
2005	-8.2237E-1	-2.8306E0	5.3861E0	3.4117E6	
2006	-8.2237E-1	-2.8306E0	5.3861E0	3.4117E6	
2007	-8.2237E-1	-2.8306E0	5.3861E0	3.4117E6	
2008	-8.2237E-1	-2.8306E0	5.3861E0	3.4117E6	
2009	-8.2237E-1	-2.8306E0	5.3861E0	3.4117E6	
2010	-8.2237E-1	-2.8306E0	5.3861E0	3.4117E6	
2011	-8.2237E-1	-2.8306E0	5.3861E0	3.4117E6	
2012	-8.2237E-1	-2.8306E0	5.3861E0	3.4117E6	
2013	-8.2237E-1	-2.8306E0	5.3861E0	3.4117E6	
2014	-8.2237E-1	-2.8306E0	5.3861E0	3.4117E6	
2015	-8.2237E-1	-2.8306E0	5.3861E0	3.4117E6	
2016	-8.2237E-1	-2.8306E0	5.3861E0	3.4117E6	
2017	-8.2237E-1	-2.8306E0	5.3861E0	3.4117E6	
2018	-8.2237E-1	-2.8306E0	5.3861E0	3.4117E6	
2019	-8.2237E-1	-2.8306E0	5.3861E0	3.4117E6	
2020	-8.2237E-1	-2.8306E0	5.3861E0	3.4117E6	
2021	-8.2237E-1	-2.8306E0	5.3861E0	3.4117E6	
2022	-8.2237E-1	-2.8306E0	5.3861E0	3.4117E6	
2023	-8.2237E-1	-2.8306E0	5.3861E0	3.4117E6	
2024	-8.2237E-1	-2.8306E0	5.3861E0	3.4117E6	
2025	-8.2237E-1	-2.8306E0	5.3861E0	3.4117E6	
2026	-8.2237E-1	-2.8306E0	5.3861E0	3.4117E6	
2027	-8.2237E-1	-2.8306E0	5.3861E0	3.4117E6	
2028	-8.2237E-1	-2.8306E0	5.3861E0	3.4117E6	
2029	-8.2237E-1	-2.8306E0	5.3861E0	3.4117E6	
2030	-8.2237E-1	-2.8306E0	5.3861E0	3.4117E6	
2031	-8.2237E-1	-2.8306E0	5.3861E0	3.4117E6	
2032	-8.2237E-1	-2.8306E0	5.3861E0	3.4117E6	
2033	-8.2237E-1	-2.8306E0	5.3861E0	3.4117E6	
2034	-8.2237E-1	-2.8306E0	5.3861E0	3.4117E6	
2035	-8.2237E-1	-2.8306E0	5.3861E0	3.4117E6	
2036	-8.2237E-1	-2.8306E0	5.3861E0	3.4117E6	
2037	-8.2237E-1	-2.8306E0	5.3861E0	3.4117E6	
2038	-8.2237E-1	-2.8306E0	5.3861E0	3.4117E6	
2039	-8.2237E-1	-2.8306E0	5.3861E0	3.4117E6	
2040	-8.2237E-1	-2.8306E0	5.3861E0	3.4117E6	
2041	-8.2237E-1	-2.8306E0	5.3861E0	3.4117E6	
2042	-8.2237E-1	-2.8306E0	5.3861E0	3.4117E6	
2043	-8.2237E-1	-2.8306E0	5.3861E0	3.4117E6	
2044	-8.2237E-1	-2.8306E0	5.3861E0	3.4117E6	
2045	-8.2237E-1	-2.8306E0	5.3861E0	3.4117E6	
2046	-8.2237E-1	-2.8306E0	5.3861E0	3.4117E6	
2047	-8.2237E-1	-2.8306E0	5.3861E0	3.4117E6	
2048	-8.2237E-1	-2.8306E0	5.3861E0	3.4117E6	
