point 065
Index	Vertical (A-B)	Force	Z Height	Time Stamp	
     	V	nN	?m	?sec	
1	-7.9758E-1	-7.0761E-1	5.4461E0	1.2000E2	
2	-7.9788E-1	-1.1605E0	5.4448E0	2.3400E3	
3	-7.9948E-1	-3.5382E0	5.4420E0	4.5600E3	
4	-7.9712E-1	-2.8251E-2	5.4389E0	6.7800E3	
5	-7.9597E-1	1.6701E0	5.4355E0	9.0000E3	
6	-7.9651E-1	8.7755E-1	5.4320E0	1.1220E4	
7	-7.9399E-1	4.6140E0	5.4281E0	1.3440E4	
8	-7.9697E-1	1.9820E-1	5.4242E0	1.5660E4	
9	-7.9422E-1	4.2743E0	5.4202E0	1.7880E4	
10	-7.9285E-1	6.3124E0	5.4160E0	2.0100E4	
11	-7.9460E-1	3.7082E0	5.4119E0	2.2320E4	
12	-7.9651E-1	8.7755E-1	5.4076E0	2.4540E4	
13	-7.9590E-1	1.7834E0	5.4032E0	2.6760E4	
14	-7.9292E-1	6.1992E0	5.3988E0	2.8980E4	
15	-7.9742E-1	-4.8115E-1	5.3944E0	3.1200E4	
16	-7.9659E-1	7.6433E-1	5.3900E0	3.3420E4	
17	-7.9628E-1	1.2172E0	5.3855E0	3.5640E4	
18	-7.9590E-1	1.7834E0	5.3810E0	3.7860E4	
19	-7.9323E-1	5.7463E0	5.3764E0	4.0080E4	
20	-7.9514E-1	2.9156E0	5.3718E0	4.2300E4	
21	-7.9460E-1	3.7082E0	5.3672E0	4.4520E4	
22	-7.9399E-1	4.6140E0	5.3625E0	4.6740E4	
23	-7.9491E-1	3.2553E0	5.3578E0	4.8960E4	
24	-7.9506E-1	3.0288E0	5.3531E0	5.1180E4	
25	-7.9384E-1	4.8405E0	5.3483E0	5.3400E4	
26	-7.9453E-1	3.8214E0	5.3437E0	5.5620E4	
27	-7.9521E-1	2.8024E0	5.3389E0	5.7840E4	
28	-7.9460E-1	3.7082E0	5.3343E0	6.0060E4	
29	-7.9193E-1	7.6711E0	5.3294E0	6.2280E4	
30	-7.9514E-1	2.9156E0	5.3247E0	6.4500E4	
31	-7.9285E-1	6.3124E0	5.3199E0	6.6720E4	
32	-7.9437E-1	4.0479E0	5.3151E0	6.8940E4	
33	-7.9559E-1	2.2363E0	5.3103E0	7.1160E4	
34	-7.9414E-1	4.3876E0	5.3054E0	7.3380E4	
35	-7.9399E-1	4.6140E0	5.3005E0	7.5600E4	
36	-7.9300E-1	6.0859E0	5.2957E0	7.7820E4	
37	-7.9285E-1	6.3124E0	5.2908E0	8.0040E4	
38	-7.9338E-1	5.5198E0	5.2859E0	8.2260E4	
39	-7.9346E-1	5.4066E0	5.2809E0	8.4480E4	
40	-7.9506E-1	3.0288E0	5.2762E0	8.6700E4	
41	-7.9559E-1	2.2363E0	5.2712E0	8.8920E4	
42	-7.9559E-1	2.2363E0	5.2663E0	9.1140E4	
43	-7.9094E-1	9.1430E0	5.2612E0	9.3360E4	
44	-7.9453E-1	3.8214E0	5.2564E0	9.5580E4	
45	-7.9231E-1	7.1050E0	5.2515E0	9.7800E4	
46	-7.9391E-1	4.7272E0	5.2466E0	1.0002E5	
47	-7.9216E-1	7.3314E0	5.2416E0	1.0224E5	
48	-7.9208E-1	7.4446E0	5.2366E0	1.0446E5	
49	-7.9239E-1	6.9917E0	5.2315E0	1.0668E5	
50	-7.9315E-1	5.8595E0	5.2266E0	1.0890E5	
51	-7.9224E-1	7.2182E0	5.2216E0	1.1112E5	
52	-7.9361E-1	5.1801E0	5.2166E0	1.1334E5	
53	-7.9277E-1	6.4256E0	5.2116E0	1.1556E5	
54	-7.9117E-1	8.8034E0	5.2064E0	1.1778E5	
55	-7.9185E-1	7.7843E0	5.2015E0	1.2000E5	
56	-7.9178E-1	7.8976E0	5.1964E0	1.2222E5	
57	-7.9254E-1	6.7653E0	5.1913E0	1.2444E5	
58	-7.9094E-1	9.1430E0	5.1863E0	1.2666E5	
59	-7.9071E-1	9.4827E0	5.1812E0	1.2888E5	
60	-7.9010E-1	1.0389E1	5.1761E0	1.3110E5	
61	-7.9086E-1	9.2563E0	5.1711E0	1.3332E5	
62	-7.8995E-1	1.0615E1	5.1660E0	1.3554E5	
63	-7.9010E-1	1.0389E1	5.1609E0	1.3776E5	
64	-7.8896E-1	1.2087E1	5.1557E0	1.3998E5	
65	-7.9147E-1	8.3505E0	5.1506E0	1.4220E5	
66	-7.9254E-1	6.7653E0	5.1455E0	1.4442E5	
67	-7.8911E-1	1.1860E1	5.1404E0	1.4664E5	
68	-7.9094E-1	9.1430E0	5.1353E0	1.4886E5	
69	-7.8903E-1	1.1974E1	5.1302E0	1.5108E5	
70	-7.8842E-1	1.2879E1	5.1250E0	1.5330E5	
71	-7.8926E-1	1.1634E1	5.1199E0	1.5552E5	
72	-7.8987E-1	1.0728E1	5.1147E0	1.5774E5	
73	-7.8606E-1	1.6389E1	5.1095E0	1.5996E5	
74	-7.8865E-1	1.2540E1	5.1044E0	1.6218E5	
75	-7.8621E-1	1.6163E1	5.0992E0	1.6440E5	
76	-7.8789E-1	1.3672E1	5.0941E0	1.6662E5	
77	-7.8690E-1	1.5144E1	5.0888E0	1.6884E5	
78	-7.8773E-1	1.3899E1	5.0837E0	1.7106E5	
79	-7.8819E-1	1.3219E1	5.0784E0	1.7328E5	
80	-7.8522E-1	1.7635E1	5.0733E0	1.7550E5	
81	-7.8636E-1	1.5937E1	5.0681E0	1.7772E5	
82	-7.8415E-1	1.9220E1	5.0628E0	1.7994E5	
83	-7.8728E-1	1.4578E1	5.0577E0	1.8216E5	
84	-7.8682E-1	1.5257E1	5.0523E0	1.8438E5	
85	-7.8743E-1	1.4351E1	5.0470E0	1.8660E5	
86	-7.8644E-1	1.5823E1	5.0419E0	1.8882E5	
87	-7.8323E-1	2.0579E1	5.0366E0	1.9104E5	
88	-7.8537E-1	1.7409E1	5.0314E0	1.9326E5	
89	-7.8644E-1	1.5823E1	5.0261E0	1.9548E5	
90	-7.8453E-1	1.8654E1	5.0209E0	1.9770E5	
91	-7.8499E-1	1.7975E1	5.0156E0	1.9992E5	
92	-7.8506E-1	1.7861E1	5.0102E0	2.0214E5	
93	-7.8674E-1	1.5370E1	5.0050E0	2.0436E5	
94	-7.8461E-1	1.8541E1	4.9998E0	2.0658E5	
95	-7.8583E-1	1.6729E1	4.9944E0	2.0880E5	
96	-7.8476E-1	1.8314E1	4.9891E0	2.1102E5	
97	-7.8384E-1	1.9673E1	4.9838E0	2.1324E5	
98	-7.8377E-1	1.9786E1	4.9784E0	2.1546E5	
99	-7.8392E-1	1.9560E1	4.9731E0	2.1768E5	
100	-7.8285E-1	2.1145E1	4.9678E0	2.1990E5	
101	-7.8102E-1	2.3862E1	4.9625E0	2.2212E5	
102	-7.8300E-1	2.0919E1	4.9571E0	2.2434E5	
103	-7.7934E-1	2.6353E1	4.9518E0	2.2656E5	
104	-7.8056E-1	2.4542E1	4.9464E0	2.2878E5	
105	-7.8514E-1	1.7748E1	4.9411E0	2.3100E5	
106	-7.8278E-1	2.1258E1	4.9358E0	2.3322E5	
107	-7.8300E-1	2.0919E1	4.9304E0	2.3544E5	
108	-7.8262E-1	2.1485E1	4.9250E0	2.3766E5	
109	-7.8186E-1	2.2617E1	4.9197E0	2.3988E5	
110	-7.8049E-1	2.4655E1	4.9143E0	2.4210E5	
111	-7.8094E-1	2.3976E1	4.9088E0	2.4432E5	
112	-7.8079E-1	2.4202E1	4.9034E0	2.4654E5	
113	-7.8262E-1	2.1485E1	4.8981E0	2.4876E5	
114	-7.8201E-1	2.2390E1	4.8926E0	2.5098E5	
115	-7.8239E-1	2.1824E1	4.8873E0	2.5320E5	
116	-7.8102E-1	2.3862E1	4.8818E0	2.5542E5	
117	-7.7995E-1	2.5448E1	4.8763E0	2.5764E5	
118	-7.8003E-1	2.5334E1	4.8709E0	2.5986E5	
119	-7.7988E-1	2.5561E1	4.8655E0	2.6208E5	
120	-7.7888E-1	2.7033E1	4.8601E0	2.6430E5	
121	-7.8041E-1	2.4768E1	4.8547E0	2.6652E5	
122	-7.7995E-1	2.5448E1	4.8492E0	2.6874E5	
123	-7.8087E-1	2.4089E1	4.8438E0	2.7096E5	
124	-7.8049E-1	2.4655E1	4.8382E0	2.7318E5	
125	-7.8003E-1	2.5334E1	4.8328E0	2.7540E5	
126	-7.8156E-1	2.3070E1	4.8275E0	2.7762E5	
127	-7.8049E-1	2.4655E1	4.8219E0	2.7984E5	
128	-7.8033E-1	2.4881E1	4.8163E0	2.8206E5	
129	-7.8140E-1	2.3296E1	4.8109E0	2.8428E5	
130	-7.7911E-1	2.6693E1	4.8055E0	2.8650E5	
131	-7.7972E-1	2.5787E1	4.7999E0	2.8872E5	
132	-7.7957E-1	2.6014E1	4.7943E0	2.9094E5	
133	-7.7682E-1	3.0090E1	4.7890E0	2.9316E5	
134	-7.7911E-1	2.6693E1	4.7834E0	2.9538E5	
135	-7.7805E-1	2.8278E1	4.7779E0	2.9760E5	
136	-7.7888E-1	2.7033E1	4.7725E0	2.9982E5	
137	-7.7736E-1	2.9297E1	4.7668E0	3.0204E5	
138	-7.7751E-1	2.9071E1	4.7612E0	3.0426E5	
139	-7.7843E-1	2.7712E1	4.7557E0	3.0648E5	
140	-7.7812E-1	2.8165E1	4.7502E0	3.0870E5	
141	-7.7827E-1	2.7939E1	4.7447E0	3.1092E5	
142	-7.7950E-1	2.6127E1	4.7391E0	3.1314E5	
143	-7.7881E-1	2.7146E1	4.7335E0	3.1536E5	
144	-7.7797E-1	2.8391E1	4.7279E0	3.1758E5	
145	-7.7644E-1	3.0656E1	4.7223E0	3.1980E5	
146	-7.7850E-1	2.7599E1	4.7167E0	3.2202E5	
147	-7.7530E-1	3.2354E1	4.7112E0	3.2424E5	
148	-7.7621E-1	3.0996E1	4.7056E0	3.2646E5	
149	-7.7698E-1	2.9863E1	4.7001E0	3.2868E5	
150	-7.7591E-1	3.1449E1	4.6944E0	3.3090E5	
151	-7.7431E-1	3.3826E1	4.6889E0	3.3312E5	
152	-7.7728E-1	2.9410E1	4.6832E0	3.3534E5	
153	-7.7682E-1	3.0090E1	4.6777E0	3.3756E5	
154	-7.7797E-1	2.8391E1	4.6720E0	3.3978E5	
155	-7.7309E-1	3.5638E1	4.6665E0	3.4200E5	
156	-7.7484E-1	3.3034E1	4.6606E0	3.4422E5	
157	-7.7507E-1	3.2694E1	4.6551E0	3.4644E5	
158	-7.7499E-1	3.2807E1	4.6494E0	3.4866E5	
159	-7.7423E-1	3.3939E1	4.6438E0	3.5088E5	
160	-7.7065E-1	3.9261E1	4.6381E0	3.5310E5	
161	-7.7347E-1	3.5072E1	4.6325E0	3.5532E5	
162	-7.7332E-1	3.5298E1	4.6269E0	3.5754E5	
163	-7.7362E-1	3.4845E1	4.6211E0	3.5976E5	
164	-7.7003E-1	4.0167E1	4.6155E0	3.6198E5	
165	-7.7164E-1	3.7789E1	4.6098E0	3.6420E5	
166	-7.7103E-1	3.8695E1	4.6041E0	3.6642E5	
167	-7.7301E-1	3.5751E1	4.5985E0	3.6864E5	
168	-7.7095E-1	3.8808E1	4.5928E0	3.7086E5	
169	-7.7217E-1	3.6997E1	4.5871E0	3.7308E5	
170	-7.7393E-1	3.4392E1	4.5814E0	3.7530E5	
171	-7.7049E-1	3.9488E1	4.5756E0	3.7752E5	
172	-7.6866E-1	4.2205E1	4.5699E0	3.7974E5	
173	-7.7148E-1	3.8016E1	4.5643E0	3.8196E5	
174	-7.7103E-1	3.8695E1	4.5585E0	3.8418E5	
175	-7.6950E-1	4.0959E1	4.5527E0	3.8640E5	
176	-7.7072E-1	3.9148E1	4.5471E0	3.8862E5	
177	-7.6851E-1	4.2431E1	4.5413E0	3.9084E5	
178	-7.6965E-1	4.0733E1	4.5356E0	3.9306E5	
179	-7.7049E-1	3.9488E1	4.5297E0	3.9528E5	
180	-7.6790E-1	4.3337E1	4.5241E0	3.9750E5	
181	-7.6851E-1	4.2431E1	4.5182E0	3.9972E5	
182	-7.7110E-1	3.8582E1	4.5125E0	4.0194E5	
183	-7.6859E-1	4.2318E1	4.5068E0	4.0416E5	
184	-7.6859E-1	4.2318E1	4.5010E0	4.0638E5	
185	-7.6897E-1	4.1752E1	4.4953E0	4.0860E5	
186	-7.6920E-1	4.1412E1	4.4894E0	4.1082E5	
187	-7.6859E-1	4.2318E1	4.4836E0	4.1304E5	
188	-7.6988E-1	4.0393E1	4.4779E0	4.1526E5	
189	-7.6851E-1	4.2431E1	4.4721E0	4.1748E5	
190	-7.6752E-1	4.3903E1	4.4662E0	4.1970E5	
191	-7.6614E-1	4.5941E1	4.4605E0	4.2192E5	
192	-7.6836E-1	4.2658E1	4.4546E0	4.2414E5	
193	-7.6790E-1	4.3337E1	4.4487E0	4.2636E5	
194	-7.6607E-1	4.6055E1	4.4430E0	4.2858E5	
195	-7.6828E-1	4.2771E1	4.4371E0	4.3080E5	
196	-7.6759E-1	4.3790E1	4.4313E0	4.3302E5	
197	-7.6805E-1	4.3111E1	4.4256E0	4.3524E5	
198	-7.6759E-1	4.3790E1	4.4196E0	4.3746E5	
199	-7.6614E-1	4.5941E1	4.4138E0	4.3968E5	
200	-7.6782E-1	4.3450E1	4.4080E0	4.4190E5	
201	-7.6744E-1	4.4017E1	4.4021E0	4.4412E5	
202	-7.6698E-1	4.4696E1	4.3962E0	4.4634E5	
203	-7.6515E-1	4.7413E1	4.3905E0	4.4856E5	
204	-7.6683E-1	4.4922E1	4.3845E0	4.5078E5	
205	-7.6508E-1	4.7527E1	4.3787E0	4.5300E5	
206	-7.6706E-1	4.4583E1	4.3728E0	4.5522E5	
207	-7.6668E-1	4.5149E1	4.3669E0	4.5744E5	
208	-7.6599E-1	4.6168E1	4.3611E0	4.5966E5	
209	-7.6569E-1	4.6621E1	4.3551E0	4.6188E5	
210	-7.6546E-1	4.6960E1	4.3492E0	4.6410E5	
211	-7.6576E-1	4.6508E1	4.3433E0	4.6632E5	
212	-7.6546E-1	4.6960E1	4.3374E0	4.6854E5	
213	-7.6607E-1	4.6055E1	4.3315E0	4.7076E5	
214	-7.6637E-1	4.5602E1	4.3256E0	4.7298E5	
215	-7.6569E-1	4.6621E1	4.3197E0	4.7520E5	
216	-7.6378E-1	4.9451E1	4.3137E0	4.7742E5	
217	-7.6042E-1	5.4433E1	4.3078E0	4.7964E5	
218	-7.6530E-1	4.7187E1	4.3019E0	4.8186E5	
219	-7.6347E-1	4.9904E1	4.2961E0	4.8408E5	
220	-7.6523E-1	4.7300E1	4.2901E0	4.8630E5	
221	-7.6134E-1	5.3075E1	4.2842E0	4.8852E5	
222	-7.6614E-1	4.5941E1	4.2782E0	4.9074E5	
223	-7.6614E-1	4.5941E1	4.2723E0	4.9296E5	
224	-7.6424E-1	4.8772E1	4.2662E0	4.9518E5	
225	-7.6286E-1	5.0810E1	4.2603E0	4.9740E5	
226	-7.6408E-1	4.8998E1	4.2544E0	4.9962E5	
227	-7.6332E-1	5.0131E1	4.2484E0	5.0184E5	
228	-7.6111E-1	5.3414E1	4.2425E0	5.0406E5	
229	-7.6050E-1	5.4320E1	4.2365E0	5.0628E5	
230	-7.6286E-1	5.0810E1	4.2305E0	5.0850E5	
231	-7.6065E-1	5.4094E1	4.2245E0	5.1072E5	
232	-7.6187E-1	5.2282E1	4.2185E0	5.1294E5	
233	-7.6096E-1	5.3641E1	4.2126E0	5.1516E5	
234	-7.5996E-1	5.5113E1	4.2065E0	5.1738E5	
235	-7.6057E-1	5.4207E1	4.2005E0	5.1960E5	
236	-7.6080E-1	5.3867E1	4.1946E0	5.2182E5	
237	-7.6057E-1	5.4207E1	4.1885E0	5.2404E5	
238	-7.6073E-1	5.3980E1	4.1826E0	5.2626E5	
239	-7.5851E-1	5.7264E1	4.1765E0	5.2848E5	
240	-7.5935E-1	5.6018E1	4.1704E0	5.3070E5	
241	-7.5668E-1	5.9981E1	4.1645E0	5.3292E5	
242	-7.5829E-1	5.7604E1	4.1584E0	5.3514E5	
243	-7.5645E-1	6.0321E1	4.1525E0	5.3736E5	
244	-7.5928E-1	5.6132E1	4.1463E0	5.3958E5	
245	-7.5890E-1	5.6698E1	4.1403E0	5.4180E5	
246	-7.5745E-1	5.8849E1	4.1343E0	5.4402E5	
247	-7.5546E-1	6.1793E1	4.1283E0	5.4624E5	
248	-7.5493E-1	6.2586E1	4.1222E0	5.4846E5	
249	-7.5447E-1	6.3265E1	4.1161E0	5.5068E5	
250	-7.5638E-1	6.0434E1	4.1101E0	5.5290E5	
251	-7.5569E-1	6.1453E1	4.1041E0	5.5512E5	
252	-7.5630E-1	6.0548E1	4.0979E0	5.5734E5	
253	-7.5577E-1	6.1340E1	4.0920E0	5.5956E5	
254	-7.5531E-1	6.2019E1	4.0858E0	5.6178E5	
255	-7.5485E-1	6.2699E1	4.0798E0	5.6400E5	
256	-7.5348E-1	6.4737E1	4.0735E0	5.6622E5	
257	-7.5417E-1	6.3718E1	4.0676E0	5.6844E5	
258	-7.5493E-1	6.2586E1	4.0614E0	5.7066E5	
259	-7.5562E-1	6.1567E1	4.0554E0	5.7288E5	
260	-7.5508E-1	6.2359E1	4.0493E0	5.7510E5	
261	-7.5386E-1	6.4171E1	4.0432E0	5.7732E5	
262	-7.5439E-1	6.3378E1	4.0371E0	5.7954E5	
263	-7.5302E-1	6.5416E1	4.0310E0	5.8176E5	
264	-7.5211E-1	6.6775E1	4.0249E0	5.8398E5	
265	-7.5523E-1	6.2133E1	4.0187E0	5.8620E5	
266	-7.5333E-1	6.4963E1	4.0126E0	5.8842E5	
267	-7.5180E-1	6.7228E1	4.0065E0	5.9064E5	
268	-7.5012E-1	6.9719E1	4.0004E0	5.9286E5	
269	-7.5432E-1	6.3491E1	3.9942E0	5.9508E5	
270	-7.5127E-1	6.8020E1	3.9880E0	5.9730E5	
271	-7.5432E-1	6.3491E1	3.9819E0	5.9952E5	
272	-7.5264E-1	6.5982E1	3.9758E0	6.0174E5	
273	-7.5203E-1	6.6888E1	3.9696E0	6.0396E5	
274	-7.5134E-1	6.7907E1	3.9635E0	6.0618E5	
275	-7.5020E-1	6.9606E1	3.9573E0	6.0840E5	
276	-7.5279E-1	6.5756E1	3.9512E0	6.1062E5	
277	-7.5470E-1	6.2925E1	3.9450E0	6.1284E5	
278	-7.5287E-1	6.5643E1	3.9388E0	6.1506E5	
279	-7.5066E-1	6.8926E1	3.9327E0	6.1728E5	
280	-7.5119E-1	6.8134E1	3.9265E0	6.1950E5	
281	-7.5111E-1	6.8247E1	3.9203E0	6.2172E5	
282	-7.5043E-1	6.9266E1	3.9141E0	6.2394E5	
283	-7.5012E-1	6.9719E1	3.9079E0	6.2616E5	
284	-7.5050E-1	6.9153E1	3.9018E0	6.2838E5	
285	-7.5165E-1	6.7454E1	3.8956E0	6.3060E5	
286	-7.5256E-1	6.6096E1	3.8894E0	6.3282E5	
287	-7.5218E-1	6.6662E1	3.8832E0	6.3504E5	
288	-7.4982E-1	7.0172E1	3.8770E0	6.3726E5	
289	-7.4959E-1	7.0511E1	3.8707E0	6.3948E5	
290	-7.5226E-1	6.6548E1	3.8646E0	6.4170E5	
291	-7.5157E-1	6.7568E1	3.8583E0	6.4392E5	
292	-7.5172E-1	6.7341E1	3.8522E0	6.4614E5	
293	-7.4944E-1	7.0738E1	3.8458E0	6.4836E5	
294	-7.5150E-1	6.7681E1	3.8397E0	6.5058E5	
295	-7.4905E-1	7.1304E1	3.8335E0	6.5280E5	
296	-7.4959E-1	7.0511E1	3.8272E0	6.5502E5	
297	-7.4989E-1	7.0058E1	3.8209E0	6.5724E5	
298	-7.4944E-1	7.0738E1	3.8147E0	6.5946E5	
299	-7.4852E-1	7.2097E1	3.8086E0	6.6168E5	
300	-7.4738E-1	7.3795E1	3.8022E0	6.6390E5	
301	-7.4890E-1	7.1530E1	3.7960E0	6.6612E5	
302	-7.4585E-1	7.6059E1	3.7897E0	6.6834E5	
303	-7.4768E-1	7.3342E1	3.7834E0	6.7056E5	
304	-7.4753E-1	7.3568E1	3.7773E0	6.7278E5	
305	-7.4684E-1	7.4588E1	3.7709E0	6.7500E5	
306	-7.4661E-1	7.4927E1	3.7646E0	6.7722E5	
307	-7.4532E-1	7.6852E1	3.7584E0	6.7944E5	
308	-7.4631E-1	7.5380E1	3.7521E0	6.8166E5	
309	-7.4341E-1	7.9683E1	3.7458E0	6.8388E5	
310	-7.4608E-1	7.5720E1	3.7395E0	6.8610E5	
311	-7.4570E-1	7.6286E1	3.7332E0	6.8832E5	
312	-7.4600E-1	7.5833E1	3.7269E0	6.9054E5	
313	-7.4409E-1	7.8664E1	3.7207E0	6.9276E5	
314	-7.4173E-1	8.2174E1	3.7143E0	6.9498E5	
315	-7.4425E-1	7.8437E1	3.7080E0	6.9720E5	
316	-7.4257E-1	8.0928E1	3.7017E0	6.9942E5	
317	-7.4341E-1	7.9683E1	3.6954E0	7.0164E5	
318	-7.4211E-1	8.1608E1	3.6891E0	7.0386E5	
319	-7.4524E-1	7.6965E1	3.6828E0	7.0608E5	
320	-7.4020E-1	8.4438E1	3.6765E0	7.0830E5	
321	-7.4348E-1	7.9569E1	3.6701E0	7.1052E5	
322	-7.3921E-1	8.5910E1	3.6638E0	7.1274E5	
323	-7.4310E-1	8.0136E1	3.6575E0	7.1496E5	
324	-7.4203E-1	8.1721E1	3.6511E0	7.1718E5	
325	-7.4181E-1	8.2060E1	3.6448E0	7.1940E5	
326	-7.4013E-1	8.4551E1	3.6384E0	7.2162E5	
327	-7.3982E-1	8.5004E1	3.6321E0	7.2384E5	
328	-7.4303E-1	8.0249E1	3.6258E0	7.2606E5	
329	-7.4135E-1	8.2740E1	3.6195E0	7.2828E5	
330	-7.3997E-1	8.4778E1	3.6130E0	7.3050E5	
331	-7.4150E-1	8.2513E1	3.6067E0	7.3272E5	
332	-7.4104E-1	8.3193E1	3.6003E0	7.3494E5	
333	-7.3845E-1	8.7042E1	3.5940E0	7.3716E5	
334	-7.3730E-1	8.8741E1	3.5876E0	7.3938E5	
335	-7.4165E-1	8.2287E1	3.5812E0	7.4160E5	
336	-7.3997E-1	8.4778E1	3.5748E0	7.4382E5	
337	-7.3959E-1	8.5344E1	3.5685E0	7.4604E5	
338	-7.3975E-1	8.5118E1	3.5621E0	7.4826E5	
339	-7.3898E-1	8.6250E1	3.5557E0	7.5048E5	
340	-7.4142E-1	8.2627E1	3.5494E0	7.5270E5	
341	-7.3952E-1	8.5457E1	3.5429E0	7.5492E5	
342	-7.4043E-1	8.4098E1	3.5365E0	7.5714E5	
343	-7.3860E-1	8.6816E1	3.5301E0	7.5936E5	
344	-7.3868E-1	8.6703E1	3.5237E0	7.6158E5	
345	-7.3692E-1	8.9307E1	3.5173E0	7.6380E5	
346	-7.3830E-1	8.7269E1	3.5108E0	7.6602E5	
347	-7.3914E-1	8.6023E1	3.5044E0	7.6824E5	
348	-7.3669E-1	8.9647E1	3.4980E0	7.7046E5	
349	-7.3792E-1	8.7835E1	3.4917E0	7.7268E5	
350	-7.3593E-1	9.0779E1	3.4853E0	7.7490E5	
351	-7.3959E-1	8.5344E1	3.4788E0	7.7712E5	
352	-7.3792E-1	8.7835E1	3.4723E0	7.7934E5	
353	-7.3662E-1	8.9760E1	3.4660E0	7.8156E5	
354	-7.3807E-1	8.7608E1	3.4594E0	7.8378E5	
355	-7.3631E-1	9.0213E1	3.4530E0	7.8600E5	
356	-7.3822E-1	8.7382E1	3.4466E0	7.8822E5	
357	-7.3807E-1	8.7608E1	3.4402E0	7.9044E5	
358	-7.3639E-1	9.0099E1	3.4338E0	7.9266E5	
359	-7.3921E-1	8.5910E1	3.4272E0	7.9488E5	
360	-7.3738E-1	8.8628E1	3.4207E0	7.9710E5	
361	-7.3769E-1	8.8175E1	3.4143E0	7.9932E5	
362	-7.3608E-1	9.0552E1	3.4079E0	8.0154E5	
363	-7.3631E-1	9.0213E1	3.4015E0	8.0376E5	
364	-7.3601E-1	9.0666E1	3.3949E0	8.0598E5	
365	-7.3509E-1	9.2024E1	3.3884E0	8.0820E5	
366	-7.3532E-1	9.1685E1	3.3820E0	8.1042E5	
367	-7.3517E-1	9.1911E1	3.3756E0	8.1264E5	
368	-7.3418E-1	9.3383E1	3.3691E0	8.1486E5	
369	-7.3463E-1	9.2704E1	3.3625E0	8.1708E5	
370	-7.3509E-1	9.2024E1	3.3561E0	8.1930E5	
371	-7.3456E-1	9.2817E1	3.3495E0	8.2152E5	
372	-7.3303E-1	9.5081E1	3.3430E0	8.2374E5	
373	-7.3296E-1	9.5195E1	3.3366E0	8.2596E5	
374	-7.3303E-1	9.5081E1	3.3300E0	8.2818E5	
375	-7.3364E-1	9.4176E1	3.3236E0	8.3040E5	
376	-7.3410E-1	9.3496E1	3.3169E0	8.3262E5	
377	-7.3051E-1	9.8818E1	3.3105E0	8.3484E5	
378	-7.3128E-1	9.7686E1	3.3040E0	8.3706E5	
379	-7.3151E-1	9.7346E1	3.2973E0	8.3928E5	
380	-7.3479E-1	9.2477E1	3.2909E0	8.4150E5	
381	-7.3235E-1	9.6100E1	3.2844E0	8.4372E5	
382	-7.3105E-1	9.8025E1	3.2779E0	8.4594E5	
383	-7.2708E-1	1.0391E2	3.2713E0	8.4816E5	
384	-7.3067E-1	9.8591E1	3.2648E0	8.5038E5	
385	-7.2815E-1	1.0233E2	3.2583E0	8.5260E5	
386	-7.2968E-1	1.0006E2	3.2517E0	8.5482E5	
387	-7.2838E-1	1.0199E2	3.2451E0	8.5704E5	
388	-7.2914E-1	1.0086E2	3.2386E0	8.5926E5	
389	-7.2754E-1	1.0323E2	3.2321E0	8.6148E5	
390	-7.2655E-1	1.0471E2	3.2255E0	8.6370E5	
391	-7.3090E-1	9.8252E1	3.2190E0	8.6592E5	
392	-7.2723E-1	1.0369E2	3.2124E0	8.6814E5	
393	-7.2998E-1	9.9610E1	3.2058E0	8.7036E5	
394	-7.2632E-1	1.0505E2	3.1993E0	8.7258E5	
395	-7.2662E-1	1.0459E2	3.1926E0	8.7480E5	
396	-7.2647E-1	1.0482E2	3.1861E0	8.7702E5	
397	-7.2647E-1	1.0482E2	3.1795E0	8.7924E5	
398	-7.2403E-1	1.0844E2	3.1730E0	8.8146E5	
399	-7.2624E-1	1.0516E2	3.1663E0	8.8368E5	
400	-7.2502E-1	1.0697E2	3.1598E0	8.8590E5	
401	-7.2708E-1	1.0391E2	3.1532E0	8.8812E5	
402	-7.2456E-1	1.0765E2	3.1466E0	8.9034E5	
403	-7.2548E-1	1.0629E2	3.1400E0	8.9256E5	
404	-7.2517E-1	1.0674E2	3.1334E0	8.9478E5	
405	-7.2662E-1	1.0459E2	3.1268E0	8.9700E5	
406	-7.2342E-1	1.0935E2	3.1201E0	8.9922E5	
407	-7.2495E-1	1.0708E2	3.1136E0	9.0144E5	
408	-7.2693E-1	1.0414E2	3.1069E0	9.0366E5	
409	-7.2525E-1	1.0663E2	3.1004E0	9.0588E5	
410	-7.2281E-1	1.1025E2	3.0937E0	9.0810E5	
411	-7.2647E-1	1.0482E2	3.0871E0	9.1032E5	
412	-7.2403E-1	1.0844E2	3.0805E0	9.1254E5	
413	-7.2479E-1	1.0731E2	3.0739E0	9.1476E5	
414	-7.2594E-1	1.0561E2	3.0672E0	9.1698E5	
415	-7.2342E-1	1.0935E2	3.0606E0	9.1920E5	
416	-7.2472E-1	1.0742E2	3.0540E0	9.2142E5	
417	-7.2395E-1	1.0856E2	3.0473E0	9.2364E5	
418	-7.2304E-1	1.0991E2	3.0408E0	9.2586E5	
419	-7.2433E-1	1.0799E2	3.0340E0	9.2808E5	
420	-7.2495E-1	1.0708E2	3.0274E0	9.3030E5	
421	-7.2144E-1	1.1229E2	3.0207E0	9.3252E5	
422	-7.2411E-1	1.0833E2	3.0141E0	9.3474E5	
423	-7.2227E-1	1.1105E2	3.0074E0	9.3696E5	
424	-7.2266E-1	1.1048E2	3.0008E0	9.3918E5	
425	-7.2212E-1	1.1127E2	2.9940E0	9.4140E5	
426	-7.2235E-1	1.1093E2	2.9875E0	9.4362E5	
427	-7.2380E-1	1.0878E2	2.9808E0	9.4584E5	
428	-7.2235E-1	1.1093E2	2.9741E0	9.4806E5	
429	-7.2342E-1	1.0935E2	2.9674E0	9.5028E5	
430	-7.2159E-1	1.1207E2	2.9608E0	9.5250E5	
431	-7.2105E-1	1.1286E2	2.9540E0	9.5472E5	
432	-7.2289E-1	1.1014E2	2.9474E0	9.5694E5	
433	-7.2090E-1	1.1308E2	2.9408E0	9.5916E5	
434	-7.1846E-1	1.1671E2	2.9341E0	9.6138E5	
435	-7.2189E-1	1.1161E2	2.9274E0	9.6360E5	
436	-7.1983E-1	1.1467E2	2.9206E0	9.6582E5	
437	-7.1991E-1	1.1456E2	2.9140E0	9.6804E5	
438	-7.2044E-1	1.1376E2	2.9073E0	9.7026E5	
439	-7.1915E-1	1.1569E2	2.9006E0	9.7248E5	
440	-7.1907E-1	1.1580E2	2.8938E0	9.7470E5	
441	-7.1640E-1	1.1976E2	2.8872E0	9.7692E5	
442	-7.2029E-1	1.1399E2	2.8805E0	9.7914E5	
443	-7.1793E-1	1.1750E2	2.8737E0	9.8136E5	
444	-7.1732E-1	1.1841E2	2.8670E0	9.8358E5	
445	-7.1793E-1	1.1750E2	2.8603E0	9.8580E5	
446	-7.1442E-1	1.2271E2	2.8535E0	9.8802E5	
447	-7.1541E-1	1.2124E2	2.8469E0	9.9024E5	
448	-7.1541E-1	1.2124E2	2.8401E0	9.9246E5	
449	-7.1510E-1	1.2169E2	2.8335E0	9.9468E5	
450	-7.1472E-1	1.2226E2	2.8266E0	9.9690E5	
451	-7.1404E-1	1.2327E2	2.8199E0	9.9912E5	
452	-7.1640E-1	1.1976E2	2.8131E0	1.0013E6	
453	-7.1419E-1	1.2305E2	2.8065E0	1.0036E6	
454	-7.1335E-1	1.2429E2	2.7997E0	1.0058E6	
455	-7.1167E-1	1.2678E2	2.7930E0	1.0080E6	
456	-7.1449E-1	1.2260E2	2.7862E0	1.0102E6	
457	-7.1365E-1	1.2384E2	2.7795E0	1.0124E6	
458	-7.1426E-1	1.2293E2	2.7726E0	1.0147E6	
459	-7.1198E-1	1.2633E2	2.7659E0	1.0169E6	
460	-7.1129E-1	1.2735E2	2.7592E0	1.0191E6	
461	-7.1297E-1	1.2486E2	2.7524E0	1.0213E6	
462	-7.1045E-1	1.2860E2	2.7455E0	1.0235E6	
463	-7.1060E-1	1.2837E2	2.7389E0	1.0258E6	
464	-7.1053E-1	1.2848E2	2.7321E0	1.0280E6	
465	-7.0930E-1	1.3029E2	2.7254E0	1.0302E6	
466	-7.1213E-1	1.2611E2	2.7185E0	1.0324E6	
467	-7.1098E-1	1.2780E2	2.7118E0	1.0346E6	
468	-7.0953E-1	1.2995E2	2.7050E0	1.0369E6	
469	-7.0831E-1	1.3177E2	2.6982E0	1.0391E6	
470	-7.1114E-1	1.2758E2	2.6915E0	1.0413E6	
471	-7.1198E-1	1.2633E2	2.6846E0	1.0435E6	
472	-7.1060E-1	1.2837E2	2.6778E0	1.0457E6	
473	-7.0999E-1	1.2928E2	2.6710E0	1.0480E6	
474	-7.0831E-1	1.3177E2	2.6642E0	1.0502E6	
475	-7.0999E-1	1.2928E2	2.6574E0	1.0524E6	
476	-7.1159E-1	1.2690E2	2.6507E0	1.0546E6	
477	-7.1045E-1	1.2860E2	2.6440E0	1.0568E6	
478	-7.0915E-1	1.3052E2	2.6370E0	1.0591E6	
479	-7.1060E-1	1.2837E2	2.6302E0	1.0613E6	
480	-7.0847E-1	1.3154E2	2.6234E0	1.0635E6	
481	-7.0946E-1	1.3007E2	2.6166E0	1.0657E6	
482	-7.0969E-1	1.2973E2	2.6099E0	1.0679E6	
483	-7.1106E-1	1.2769E2	2.6030E0	1.0702E6	
484	-7.0999E-1	1.2928E2	2.5961E0	1.0724E6	
485	-7.1098E-1	1.2780E2	2.5893E0	1.0746E6	
486	-7.1022E-1	1.2894E2	2.5825E0	1.0768E6	
487	-7.1182E-1	1.2656E2	2.5756E0	1.0790E6	
488	-7.0946E-1	1.3007E2	2.5688E0	1.0813E6	
489	-7.0885E-1	1.3097E2	2.5620E0	1.0835E6	
490	-7.0915E-1	1.3052E2	2.5551E0	1.0857E6	
491	-7.0854E-1	1.3143E2	2.5483E0	1.0879E6	
492	-7.0618E-1	1.3494E2	2.5413E0	1.0901E6	
493	-7.0885E-1	1.3097E2	2.5346E0	1.0924E6	
494	-7.1007E-1	1.2916E2	2.5277E0	1.0946E6	
495	-7.0747E-1	1.3301E2	2.5210E0	1.0968E6	
496	-7.0663E-1	1.3426E2	2.5140E0	1.0990E6	
497	-7.0610E-1	1.3505E2	2.5073E0	1.1012E6	
498	-7.0808E-1	1.3211E2	2.5002E0	1.1035E6	
499	-7.0717E-1	1.3346E2	2.4935E0	1.1057E6	
500	-7.0625E-1	1.3482E2	2.4866E0	1.1079E6	
501	-7.0724E-1	1.3335E2	2.4798E0	1.1101E6	
502	-7.0648E-1	1.3448E2	2.4730E0	1.1123E6	
503	-7.0671E-1	1.3414E2	2.4661E0	1.1146E6	
504	-7.0633E-1	1.3471E2	2.4592E0	1.1168E6	
505	-7.0229E-1	1.4071E2	2.4523E0	1.1190E6	
506	-7.0396E-1	1.3822E2	2.4454E0	1.1212E6	
507	-7.0511E-1	1.3652E2	2.4385E0	1.1234E6	
508	-7.0236E-1	1.4060E2	2.4317E0	1.1257E6	
509	-7.0175E-1	1.4150E2	2.4248E0	1.1279E6	
510	-7.0030E-1	1.4366E2	2.4178E0	1.1301E6	
511	-7.0198E-1	1.4116E2	2.4109E0	1.1323E6	
512	-7.0023E-1	1.4377E2	2.4041E0	1.1345E6	
513	-6.9977E-1	1.4445E2	2.3972E0	1.1368E6	
514	-7.0152E-1	1.4184E2	2.3902E0	1.1390E6	
515	-6.9939E-1	1.4501E2	2.3835E0	1.1412E6	
516	-6.9969E-1	1.4456E2	2.3765E0	1.1434E6	
517	-6.9786E-1	1.4728E2	2.3696E0	1.1456E6	
518	-6.9809E-1	1.4694E2	2.3626E0	1.1479E6	
519	-7.0000E-1	1.4411E2	2.3558E0	1.1501E6	
520	-6.9847E-1	1.4637E2	2.3488E0	1.1523E6	
521	-6.9504E-1	1.5147E2	2.3420E0	1.1545E6	
522	-6.9664E-1	1.4909E2	2.3351E0	1.1567E6	
523	-6.9885E-1	1.4581E2	2.3282E0	1.1590E6	
524	-6.9695E-1	1.4864E2	2.3212E0	1.1612E6	
525	-6.9725E-1	1.4818E2	2.3143E0	1.1634E6	
526	-6.9717E-1	1.4830E2	2.3074E0	1.1656E6	
527	-6.9725E-1	1.4818E2	2.3005E0	1.1678E6	
528	-6.9710E-1	1.4841E2	2.2935E0	1.1701E6	
529	-6.9702E-1	1.4852E2	2.2866E0	1.1723E6	
530	-6.9839E-1	1.4649E2	2.2796E0	1.1745E6	
531	-6.9672E-1	1.4898E2	2.2727E0	1.1767E6	
532	-6.9710E-1	1.4841E2	2.2657E0	1.1789E6	
533	-6.9672E-1	1.4898E2	2.2588E0	1.1812E6	
534	-6.9496E-1	1.5158E2	2.2518E0	1.1834E6	
535	-6.9382E-1	1.5328E2	2.2449E0	1.1856E6	
536	-6.9420E-1	1.5271E2	2.2380E0	1.1878E6	
537	-6.9603E-1	1.5000E2	2.2311E0	1.1900E6	
538	-6.9397E-1	1.5305E2	2.2240E0	1.1923E6	
539	-6.9687E-1	1.4875E2	2.2171E0	1.1945E6	
540	-6.9458E-1	1.5215E2	2.2102E0	1.1967E6	
541	-6.9412E-1	1.5283E2	2.2032E0	1.1989E6	
542	-6.9626E-1	1.4966E2	2.1964E0	1.2011E6	
543	-6.9046E-1	1.5826E2	2.1893E0	1.2034E6	
544	-6.9412E-1	1.5283E2	2.1823E0	1.2056E6	
545	-6.9397E-1	1.5305E2	2.1754E0	1.2078E6	
546	-6.9542E-1	1.5090E2	2.1684E0	1.2100E6	
547	-6.9405E-1	1.5294E2	2.1614E0	1.2122E6	
548	-6.9344E-1	1.5385E2	2.1545E0	1.2145E6	
549	-6.9374E-1	1.5339E2	2.1475E0	1.2167E6	
550	-6.9443E-1	1.5237E2	2.1404E0	1.2189E6	
551	-6.9305E-1	1.5441E2	2.1336E0	1.2211E6	
552	-6.9458E-1	1.5215E2	2.1265E0	1.2233E6	
553	-6.9359E-1	1.5362E2	2.1195E0	1.2256E6	
554	-6.9473E-1	1.5192E2	2.1126E0	1.2278E6	
555	-6.9298E-1	1.5452E2	2.1055E0	1.2300E6	
556	-6.9542E-1	1.5090E2	2.0986E0	1.2322E6	
557	-6.9412E-1	1.5283E2	2.0916E0	1.2344E6	
558	-6.9160E-1	1.5656E2	2.0846E0	1.2367E6	
559	-6.9267E-1	1.5498E2	2.0776E0	1.2389E6	
560	-6.9229E-1	1.5554E2	2.0706E0	1.2411E6	
561	-6.9199E-1	1.5600E2	2.0636E0	1.2433E6	
562	-6.9138E-1	1.5690E2	2.0566E0	1.2455E6	
563	-6.9099E-1	1.5747E2	2.0496E0	1.2478E6	
564	-6.9046E-1	1.5826E2	2.0427E0	1.2500E6	
565	-6.9016E-1	1.5871E2	2.0356E0	1.2522E6	
566	-6.8871E-1	1.6087E2	2.0286E0	1.2544E6	
567	-6.9084E-1	1.5770E2	2.0215E0	1.2566E6	
568	-6.8672E-1	1.6381E2	2.0146E0	1.2589E6	
569	-6.9016E-1	1.5871E2	2.0076E0	1.2611E6	
570	-6.8871E-1	1.6087E2	2.0006E0	1.2633E6	
571	-6.8916E-1	1.6019E2	1.9936E0	1.2655E6	
572	-6.8771E-1	1.6234E2	1.9866E0	1.2677E6	
573	-6.8634E-1	1.6438E2	1.9795E0	1.2700E6	
574	-6.8787E-1	1.6211E2	1.9726E0	1.2722E6	
575	-6.8680E-1	1.6370E2	1.9656E0	1.2744E6	
576	-6.8642E-1	1.6426E2	1.9584E0	1.2766E6	
577	-6.8565E-1	1.6539E2	1.9514E0	1.2788E6	
578	-6.8344E-1	1.6868E2	1.9443E0	1.2811E6	
579	-6.8703E-1	1.6336E2	1.9374E0	1.2833E6	
580	-6.8634E-1	1.6438E2	1.9303E0	1.2855E6	
581	-6.8481E-1	1.6664E2	1.9233E0	1.2877E6	
582	-6.8428E-1	1.6743E2	1.9162E0	1.2899E6	
583	-6.8390E-1	1.6800E2	1.9092E0	1.2922E6	
584	-6.8275E-1	1.6970E2	1.9022E0	1.2944E6	
585	-6.8192E-1	1.7094E2	1.8951E0	1.2966E6	
586	-6.8130E-1	1.7185E2	1.8881E0	1.2988E6	
587	-6.8283E-1	1.6958E2	1.8810E0	1.3010E6	
588	-6.8108E-1	1.7219E2	1.8741E0	1.3033E6	
589	-6.8138E-1	1.7174E2	1.8670E0	1.3055E6	
590	-6.8184E-1	1.7106E2	1.8599E0	1.3077E6	
591	-6.7970E-1	1.7423E2	1.8528E0	1.3099E6	
592	-6.8031E-1	1.7332E2	1.8458E0	1.3121E6	
593	-6.8085E-1	1.7253E2	1.8388E0	1.3144E6	
594	-6.7993E-1	1.7389E2	1.8316E0	1.3166E6	
595	-6.7902E-1	1.7525E2	1.8247E0	1.3188E6	
596	-6.7802E-1	1.7672E2	1.8176E0	1.3210E6	
597	-6.8169E-1	1.7128E2	1.8105E0	1.3232E6	
598	-6.7909E-1	1.7513E2	1.8034E0	1.3255E6	
599	-6.7940E-1	1.7468E2	1.7964E0	1.3277E6	
600	-6.8008E-1	1.7366E2	1.7894E0	1.3299E6	
601	-6.7802E-1	1.7672E2	1.7822E0	1.3321E6	
602	-6.7772E-1	1.7717E2	1.7752E0	1.3343E6	
603	-6.8047E-1	1.7309E2	1.7681E0	1.3366E6	
604	-6.7863E-1	1.7581E2	1.7611E0	1.3388E6	
605	-6.7863E-1	1.7581E2	1.7540E0	1.3410E6	
606	-6.8077E-1	1.7264E2	1.7470E0	1.3432E6	
607	-6.8039E-1	1.7321E2	1.7398E0	1.3454E6	
608	-6.7909E-1	1.7513E2	1.7327E0	1.3477E6	
609	-6.8047E-1	1.7309E2	1.7257E0	1.3499E6	
610	-6.7780E-1	1.7706E2	1.7186E0	1.3521E6	
611	-6.7780E-1	1.7706E2	1.7114E0	1.3543E6	
612	-6.7894E-1	1.7536E2	1.7044E0	1.3565E6	
613	-6.7848E-1	1.7604E2	1.6974E0	1.3588E6	
614	-6.7696E-1	1.7830E2	1.6902E0	1.3610E6	
615	-6.7863E-1	1.7581E2	1.6832E0	1.3632E6	
616	-6.7696E-1	1.7830E2	1.6761E0	1.3654E6	
617	-6.7818E-1	1.7649E2	1.6691E0	1.3676E6	
618	-6.7642E-1	1.7909E2	1.6619E0	1.3699E6	
619	-6.7436E-1	1.8215E2	1.6549E0	1.3721E6	
620	-6.7566E-1	1.8023E2	1.6477E0	1.3743E6	
621	-6.7741E-1	1.7762E2	1.6406E0	1.3765E6	
622	-6.7635E-1	1.7921E2	1.6335E0	1.3787E6	
623	-6.7726E-1	1.7785E2	1.6265E0	1.3810E6	
624	-6.7589E-1	1.7989E2	1.6192E0	1.3832E6	
625	-6.7757E-1	1.7740E2	1.6123E0	1.3854E6	
626	-6.7291E-1	1.8430E2	1.6051E0	1.3876E6	
627	-6.7528E-1	1.8079E2	1.5981E0	1.3898E6	
628	-6.7688E-1	1.7842E2	1.5909E0	1.3921E6	
629	-6.7505E-1	1.8113E2	1.5838E0	1.3943E6	
630	-6.7696E-1	1.7830E2	1.5767E0	1.3965E6	
631	-6.7360E-1	1.8328E2	1.5696E0	1.3987E6	
632	-6.7474E-1	1.8159E2	1.5625E0	1.4009E6	
633	-6.7383E-1	1.8294E2	1.5554E0	1.4032E6	
634	-6.7085E-1	1.8736E2	1.5483E0	1.4054E6	
635	-6.7314E-1	1.8396E2	1.5411E0	1.4076E6	
636	-6.7337E-1	1.8362E2	1.5341E0	1.4098E6	
637	-6.7108E-1	1.8702E2	1.5270E0	1.4120E6	
638	-6.7154E-1	1.8634E2	1.5199E0	1.4143E6	
639	-6.7223E-1	1.8532E2	1.5127E0	1.4165E6	
640	-6.6818E-1	1.9132E2	1.5056E0	1.4187E6	
641	-6.6895E-1	1.9019E2	1.4984E0	1.4209E6	
642	-6.6940E-1	1.8951E2	1.4913E0	1.4231E6	
643	-6.6833E-1	1.9110E2	1.4841E0	1.4254E6	
644	-6.6910E-1	1.8996E2	1.4771E0	1.4276E6	
645	-6.6803E-1	1.9155E2	1.4699E0	1.4298E6	
646	-6.6597E-1	1.9461E2	1.4629E0	1.4320E6	
647	-6.6811E-1	1.9144E2	1.4557E0	1.4342E6	
648	-6.6772E-1	1.9200E2	1.4486E0	1.4365E6	
649	-6.7032E-1	1.8815E2	1.4414E0	1.4387E6	
650	-6.6704E-1	1.9302E2	1.4343E0	1.4409E6	
651	-6.6727E-1	1.9268E2	1.4272E0	1.4431E6	
652	-6.6788E-1	1.9178E2	1.4201E0	1.4453E6	
653	-6.6902E-1	1.9008E2	1.4130E0	1.4476E6	
654	-6.6742E-1	1.9246E2	1.4059E0	1.4498E6	
655	-6.6643E-1	1.9393E2	1.3987E0	1.4520E6	
656	-6.6505E-1	1.9597E2	1.3916E0	1.4542E6	
657	-6.6574E-1	1.9495E2	1.3844E0	1.4564E6	
658	-6.6544E-1	1.9540E2	1.3773E0	1.4587E6	
659	-6.6460E-1	1.9664E2	1.3700E0	1.4609E6	
660	-6.6635E-1	1.9404E2	1.3630E0	1.4631E6	
661	-6.6391E-1	1.9766E2	1.3559E0	1.4653E6	
662	-6.6406E-1	1.9744E2	1.3487E0	1.4675E6	
663	-6.6360E-1	1.9812E2	1.3416E0	1.4698E6	
664	-6.6475E-1	1.9642E2	1.3344E0	1.4720E6	
665	-6.6368E-1	1.9800E2	1.3273E0	1.4742E6	
666	-6.6452E-1	1.9676E2	1.3202E0	1.4764E6	
667	-6.6391E-1	1.9766E2	1.3131E0	1.4786E6	
668	-6.6574E-1	1.9495E2	1.3059E0	1.4809E6	
669	-6.6483E-1	1.9631E2	1.2987E0	1.4831E6	
670	-6.6391E-1	1.9766E2	1.2916E0	1.4853E6	
671	-6.6467E-1	1.9653E2	1.2845E0	1.4875E6	
672	-6.6528E-1	1.9563E2	1.2773E0	1.4897E6	
673	-6.6391E-1	1.9766E2	1.2702E0	1.4920E6	
674	-6.6483E-1	1.9631E2	1.2631E0	1.4942E6	
675	-6.6437E-1	1.9698E2	1.2558E0	1.4964E6	
676	-6.6200E-1	2.0049E2	1.2488E0	1.4986E6	
677	-6.6124E-1	2.0163E2	1.2416E0	1.5008E6	
678	-6.6322E-1	1.9868E2	1.2345E0	1.5031E6	
679	-6.6360E-1	1.9812E2	1.2273E0	1.5053E6	
680	-6.6109E-1	2.0185E2	1.2201E0	1.5075E6	
681	-6.6505E-1	1.9597E2	1.2130E0	1.5097E6	
682	-6.6544E-1	1.9540E2	1.2059E0	1.5119E6	
683	-6.6414E-1	1.9732E2	1.1986E0	1.5142E6	
684	-6.6231E-1	2.0004E2	1.1916E0	1.5164E6	
685	-6.6093E-1	2.0208E2	1.1845E0	1.5186E6	
686	-6.6254E-1	1.9970E2	1.1772E0	1.5208E6	
687	-6.6368E-1	1.9800E2	1.1701E0	1.5230E6	
688	-6.6299E-1	1.9902E2	1.1630E0	1.5253E6	
689	-6.6193E-1	2.0061E2	1.1558E0	1.5275E6	
690	-6.5964E-1	2.0400E2	1.1486E0	1.5297E6	
691	-6.6193E-1	2.0061E2	1.1415E0	1.5319E6	
692	-6.6086E-1	2.0219E2	1.1343E0	1.5341E6	
693	-6.5933E-1	2.0446E2	1.1272E0	1.5364E6	
694	-6.5643E-1	2.0876E2	1.1200E0	1.5386E6	
695	-6.5880E-1	2.0525E2	1.1128E0	1.5408E6	
696	-6.5826E-1	2.0604E2	1.1057E0	1.5430E6	
697	-6.5887E-1	2.0514E2	1.0986E0	1.5452E6	
698	-6.5788E-1	2.0661E2	1.0914E0	1.5475E6	
699	-6.5628E-1	2.0899E2	1.0841E0	1.5497E6	
700	-6.9702E-1	1.4852E2	1.0770E0	1.5519E6	
701	-6.9221E-1	1.5566E2	1.0699E0	1.5541E6	
702	-6.9092E-1	1.5758E2	1.0628E0	1.5563E6	
703	-6.9229E-1	1.5554E2	1.0556E0	1.5586E6	
704	-6.8451E-1	1.6709E2	1.0484E0	1.5608E6	
705	-6.7581E-1	1.8000E2	1.0413E0	1.5630E6	
706	-6.6925E-1	1.8974E2	1.0341E0	1.5652E6	
707	-6.6185E-1	2.0072E2	1.0269E0	1.5674E6	
708	-6.5277E-1	2.1419E2	1.0198E0	1.5697E6	
709	-6.4354E-1	2.2790E2	1.0127E0	1.5719E6	
710	-6.3828E-1	2.3571E2	1.0055E0	1.5741E6	
711	-6.3255E-1	2.4420E2	9.9824E-1	1.5763E6	
712	-6.2881E-1	2.4975E2	9.9121E-1	1.5785E6	
713	-6.2584E-1	2.5416E2	9.8400E-1	1.5808E6	
714	-6.1859E-1	2.6492E2	9.7694E-1	1.5830E6	
715	-6.1783E-1	2.6605E2	9.6974E-1	1.5852E6	
716	-6.1028E-1	2.7726E2	9.6258E-1	1.5874E6	
717	-6.0905E-1	2.7907E2	9.5541E-1	1.5896E6	
718	-6.0822E-1	2.8032E2	9.4827E-1	1.5919E6	
719	-5.9753E-1	2.9617E2	9.4103E-1	1.5941E6	
720	-6.0326E-1	2.8768E2	9.3388E-1	1.5963E6	
721	-5.9616E-1	2.9821E2	9.2681E-1	1.5985E6	
722	-5.9189E-1	3.0455E2	9.1964E-1	1.6007E6	
723	-5.9036E-1	3.0681E2	9.1256E-1	1.6030E6	
724	-5.8014E-1	3.2199E2	9.0531E-1	1.6052E6	
725	-5.7846E-1	3.2448E2	8.9812E-1	1.6074E6	
726	-5.8029E-1	3.2176E2	8.9104E-1	1.6096E6	
727	-5.7243E-1	3.3342E2	8.8387E-1	1.6118E6	
728	-5.7053E-1	3.3625E2	8.7668E-1	1.6141E6	
729	-5.6389E-1	3.4610E2	8.6954E-1	1.6163E6	
730	-5.5992E-1	3.5199E2	8.6239E-1	1.6185E6	
731	-5.5565E-1	3.5833E2	8.5521E-1	1.6207E6	
732	-5.5496E-1	3.5935E2	8.4817E-1	1.6229E6	
733	-5.4642E-1	3.7203E2	8.4094E-1	1.6252E6	
734	-5.4451E-1	3.7486E2	8.3377E-1	1.6274E6	
735	-5.4024E-1	3.8120E2	8.2675E-1	1.6296E6	
736	-5.3650E-1	3.8675E2	8.1954E-1	1.6318E6	
737	-5.3543E-1	3.8834E2	8.1239E-1	1.6340E6	
738	-5.2818E-1	3.9909E2	8.0524E-1	1.6363E6	
739	-5.2307E-1	4.0668E2	7.9818E-1	1.6385E6	
740	-5.1552E-1	4.1789E2	7.9104E-1	1.6407E6	
741	-5.1102E-1	4.2457E2	7.8379E-1	1.6429E6	
742	-5.0621E-1	4.3170E2	7.7671E-1	1.6451E6	
743	-5.0453E-1	4.3419E2	7.6952E-1	1.6474E6	
744	-4.9782E-1	4.4416E2	7.6239E-1	1.6496E6	
745	-4.9240E-1	4.5220E2	7.5531E-1	1.6518E6	
746	-4.8950E-1	4.5650E2	7.4814E-1	1.6540E6	
747	-4.8241E-1	4.6703E2	7.4108E-1	1.6562E6	
748	-4.7363E-1	4.8005E2	7.3401E-1	1.6585E6	
749	-4.7356E-1	4.8016E2	7.2681E-1	1.6607E6	
750	-4.6562E-1	4.9194E2	7.1967E-1	1.6629E6	
751	-4.5944E-1	5.0111E2	7.1245E-1	1.6651E6	
752	-4.5250E-1	5.1141E2	7.0538E-1	1.6673E6	
753	-4.4685E-1	5.1979E2	6.9826E-1	1.6696E6	
754	-4.4167E-1	5.2749E2	6.9117E-1	1.6718E6	
755	-4.3205E-1	5.4176E2	6.8401E-1	1.6740E6	
756	-4.2877E-1	5.4663E2	6.7687E-1	1.6762E6	
757	-4.2038E-1	5.5908E2	6.6979E-1	1.6784E6	
758	-4.1573E-1	5.6599E2	6.6266E-1	1.6807E6	
759	-4.1054E-1	5.7369E2	6.5562E-1	1.6829E6	
760	-4.0375E-1	5.8376E2	6.4843E-1	1.6851E6	
761	-3.8910E-1	6.0550E2	6.4133E-1	1.6873E6	
762	-3.8727E-1	6.0822E2	6.3425E-1	1.6895E6	
763	-3.8139E-1	6.1694E2	6.2702E-1	1.6918E6	
764	-3.7102E-1	6.3234E2	6.2004E-1	1.6940E6	
765	-3.6217E-1	6.4547E2	6.1291E-1	1.6962E6	
766	-3.5202E-1	6.6053E2	6.0585E-1	1.6984E6	
767	-3.4386E-1	6.7265E2	5.9872E-1	1.7006E6	
768	-3.3485E-1	6.8601E2	5.9155E-1	1.7029E6	
769	-3.3295E-1	6.8884E2	5.8448E-1	1.7051E6	
770	-3.2013E-1	7.0786E2	5.7742E-1	1.7073E6	
771	-3.1128E-1	7.2099E2	5.7041E-1	1.7095E6	
772	-3.0579E-1	7.2915E2	5.6319E-1	1.7117E6	
773	-2.9602E-1	7.4364E2	5.6186E-1	1.7122E6	
774	-2.9602E-1	7.4364E2	5.6186E-1	1.7122E6	
775	-2.9602E-1	7.4364E2	5.6186E-1	1.7122E6	
776	-2.9602E-1	7.4364E2	5.6186E-1	1.7122E6	
777	-2.9602E-1	7.4364E2	5.6186E-1	1.7122E6	
778	-2.9602E-1	7.4364E2	5.6186E-1	1.7122E6	
779	-2.9602E-1	7.4364E2	5.6186E-1	1.7122E6	
780	-2.9602E-1	7.4364E2	5.6186E-1	1.7122E6	
781	-2.9602E-1	7.4364E2	5.6186E-1	1.7122E6	
782	-2.9602E-1	7.4364E2	5.6186E-1	1.7122E6	
783	-2.9602E-1	7.4364E2	5.6186E-1	1.7122E6	
784	-2.9602E-1	7.4364E2	5.6186E-1	1.7122E6	
785	-2.9602E-1	7.4364E2	5.6186E-1	1.7122E6	
786	-2.9602E-1	7.4364E2	5.6186E-1	1.7122E6	
787	-2.9602E-1	7.4364E2	5.6186E-1	1.7122E6	
788	-2.9602E-1	7.4364E2	5.6186E-1	1.7122E6	
789	-2.9602E-1	7.4364E2	5.6186E-1	1.7122E6	
790	-2.9602E-1	7.4364E2	5.6186E-1	1.7122E6	
791	-2.9602E-1	7.4364E2	5.6186E-1	1.7122E6	
792	-2.9602E-1	7.4364E2	5.6186E-1	1.7122E6	
793	-2.9602E-1	7.4364E2	5.6186E-1	1.7122E6	
794	-2.9602E-1	7.4364E2	5.6186E-1	1.7122E6	
795	-2.9602E-1	7.4364E2	5.6186E-1	1.7122E6	
796	-2.9602E-1	7.4364E2	5.6186E-1	1.7122E6	
797	-2.9602E-1	7.4364E2	5.6186E-1	1.7122E6	
798	-2.9602E-1	7.4364E2	5.6186E-1	1.7122E6	
799	-2.9602E-1	7.4364E2	5.6186E-1	1.7122E6	
800	-2.9602E-1	7.4364E2	5.6186E-1	1.7122E6	
801	-2.9602E-1	7.4364E2	5.6186E-1	1.7122E6	
802	-2.9602E-1	7.4364E2	5.6186E-1	1.7122E6	
803	-2.9602E-1	7.4364E2	5.6186E-1	1.7122E6	
804	-2.9602E-1	7.4364E2	5.6186E-1	1.7122E6	
805	-2.9602E-1	7.4364E2	5.6186E-1	1.7122E6	
806	-2.9602E-1	7.4364E2	5.6186E-1	1.7122E6	
807	-2.9602E-1	7.4364E2	5.6186E-1	1.7122E6	
808	-2.9602E-1	7.4364E2	5.6186E-1	1.7122E6	
809	-2.9602E-1	7.4364E2	5.6186E-1	1.7122E6	
810	-2.9602E-1	7.4364E2	5.6186E-1	1.7122E6	
811	-2.9602E-1	7.4364E2	5.6186E-1	1.7122E6	
812	-2.9602E-1	7.4364E2	5.6186E-1	1.7122E6	
813	-2.9602E-1	7.4364E2	5.6186E-1	1.7122E6	
814	-2.9602E-1	7.4364E2	5.6186E-1	1.7122E6	
815	-2.9602E-1	7.4364E2	5.6186E-1	1.7122E6	
816	-2.9602E-1	7.4364E2	5.6186E-1	1.7122E6	
817	-2.9602E-1	7.4364E2	5.6186E-1	1.7122E6	
818	-2.9602E-1	7.4364E2	5.6186E-1	1.7122E6	
819	-2.9602E-1	7.4364E2	5.6186E-1	1.7122E6	
820	-2.9602E-1	7.4364E2	5.6186E-1	1.7122E6	
821	-2.9602E-1	7.4364E2	5.6186E-1	1.7122E6	
822	-2.9602E-1	7.4364E2	5.6186E-1	1.7122E6	
823	-2.9602E-1	7.4364E2	5.6186E-1	1.7122E6	
824	-2.9602E-1	7.4364E2	5.6186E-1	1.7122E6	
825	-2.9602E-1	7.4364E2	5.6186E-1	1.7122E6	
826	-2.9602E-1	7.4364E2	5.6186E-1	1.7122E6	
827	-2.9602E-1	7.4364E2	5.6186E-1	1.7122E6	
828	-2.9602E-1	7.4364E2	5.6186E-1	1.7122E6	
829	-2.9602E-1	7.4364E2	5.6186E-1	1.7122E6	
830	-2.9602E-1	7.4364E2	5.6186E-1	1.7122E6	
831	-2.9602E-1	7.4364E2	5.6186E-1	1.7122E6	
832	-2.9602E-1	7.4364E2	5.6186E-1	1.7122E6	
833	-2.9602E-1	7.4364E2	5.6186E-1	1.7122E6	
834	-2.9602E-1	7.4364E2	5.6186E-1	1.7122E6	
835	-2.9602E-1	7.4364E2	5.6186E-1	1.7122E6	
836	-2.9602E-1	7.4364E2	5.6186E-1	1.7122E6	
837	-2.9602E-1	7.4364E2	5.6186E-1	1.7122E6	
838	-2.9602E-1	7.4364E2	5.6186E-1	1.7122E6	
839	-2.9602E-1	7.4364E2	5.6186E-1	1.7122E6	
840	-2.9602E-1	7.4364E2	5.6186E-1	1.7122E6	
841	-2.9602E-1	7.4364E2	5.6186E-1	1.7122E6	
842	-2.9602E-1	7.4364E2	5.6186E-1	1.7122E6	
843	-2.9602E-1	7.4364E2	5.6186E-1	1.7122E6	
844	-2.9602E-1	7.4364E2	5.6186E-1	1.7122E6	
845	-2.9602E-1	7.4364E2	5.6186E-1	1.7122E6	
846	-2.9602E-1	7.4364E2	5.6186E-1	1.7122E6	
847	-2.9602E-1	7.4364E2	5.6186E-1	1.7122E6	
848	-2.9602E-1	7.4364E2	5.6186E-1	1.7122E6	
849	-2.9602E-1	7.4364E2	5.6186E-1	1.7122E6	
850	-2.9602E-1	7.4364E2	5.6186E-1	1.7122E6	
851	-2.9602E-1	7.4364E2	5.6186E-1	1.7122E6	
852	-2.9602E-1	7.4364E2	5.6186E-1	1.7122E6	
853	-2.9602E-1	7.4364E2	5.6186E-1	1.7122E6	
854	-2.9602E-1	7.4364E2	5.6186E-1	1.7122E6	
855	-2.9602E-1	7.4364E2	5.6186E-1	1.7122E6	
856	-2.9602E-1	7.4364E2	5.6186E-1	1.7122E6	
857	-2.9602E-1	7.4364E2	5.6186E-1	1.7122E6	
858	-2.9602E-1	7.4364E2	5.6186E-1	1.7122E6	
859	-2.9602E-1	7.4364E2	5.6186E-1	1.7122E6	
860	-2.9602E-1	7.4364E2	5.6186E-1	1.7122E6	
861	-2.9602E-1	7.4364E2	5.6186E-1	1.7122E6	
862	-2.9602E-1	7.4364E2	5.6186E-1	1.7122E6	
863	-2.9602E-1	7.4364E2	5.6186E-1	1.7122E6	
864	-2.9602E-1	7.4364E2	5.6186E-1	1.7122E6	
865	-2.9602E-1	7.4364E2	5.6186E-1	1.7122E6	
866	-2.9602E-1	7.4364E2	5.6186E-1	1.7122E6	
867	-2.9602E-1	7.4364E2	5.6186E-1	1.7122E6	
868	-2.9602E-1	7.4364E2	5.6186E-1	1.7122E6	
869	-2.9602E-1	7.4364E2	5.6186E-1	1.7122E6	
870	-2.9602E-1	7.4364E2	5.6186E-1	1.7122E6	
871	-2.9602E-1	7.4364E2	5.6186E-1	1.7122E6	
872	-2.9602E-1	7.4364E2	5.6186E-1	1.7122E6	
873	-2.9602E-1	7.4364E2	5.6186E-1	1.7122E6	
874	-2.9602E-1	7.4364E2	5.6186E-1	1.7122E6	
875	-2.9602E-1	7.4364E2	5.6186E-1	1.7122E6	
876	-2.9602E-1	7.4364E2	5.6186E-1	1.7122E6	
877	-2.9602E-1	7.4364E2	5.6186E-1	1.7122E6	
878	-2.9602E-1	7.4364E2	5.6186E-1	1.7122E6	
879	-2.9602E-1	7.4364E2	5.6186E-1	1.7122E6	
880	-2.9602E-1	7.4364E2	5.6186E-1	1.7122E6	
881	-2.9602E-1	7.4364E2	5.6186E-1	1.7122E6	
882	-2.9602E-1	7.4364E2	5.6186E-1	1.7122E6	
883	-2.9602E-1	7.4364E2	5.6186E-1	1.7122E6	
884	-2.9602E-1	7.4364E2	5.6186E-1	1.7122E6	
885	-2.9602E-1	7.4364E2	5.6186E-1	1.7122E6	
886	-2.9602E-1	7.4364E2	5.6186E-1	1.7122E6	
887	-2.9602E-1	7.4364E2	5.6186E-1	1.7122E6	
888	-2.9602E-1	7.4364E2	5.6186E-1	1.7122E6	
889	-2.9602E-1	7.4364E2	5.6186E-1	1.7122E6	
890	-2.9602E-1	7.4364E2	5.6186E-1	1.7122E6	
891	-2.9602E-1	7.4364E2	5.6186E-1	1.7122E6	
892	-2.9602E-1	7.4364E2	5.6186E-1	1.7122E6	
893	-2.9602E-1	7.4364E2	5.6186E-1	1.7122E6	
894	-2.9602E-1	7.4364E2	5.6186E-1	1.7122E6	
895	-2.9602E-1	7.4364E2	5.6186E-1	1.7122E6	
896	-2.9602E-1	7.4364E2	5.6186E-1	1.7122E6	
897	-2.9602E-1	7.4364E2	5.6186E-1	1.7122E6	
898	-2.9602E-1	7.4364E2	5.6186E-1	1.7122E6	
899	-2.9602E-1	7.4364E2	5.6186E-1	1.7122E6	
900	-2.9602E-1	7.4364E2	5.6186E-1	1.7122E6	
901	-2.9602E-1	7.4364E2	5.6186E-1	1.7122E6	
902	-2.9602E-1	7.4364E2	5.6186E-1	1.7122E6	
903	-2.9602E-1	7.4364E2	5.6186E-1	1.7122E6	
904	-2.9602E-1	7.4364E2	5.6186E-1	1.7122E6	
905	-2.9602E-1	7.4364E2	5.6186E-1	1.7122E6	
906	-2.9602E-1	7.4364E2	5.6186E-1	1.7122E6	
907	-2.9602E-1	7.4364E2	5.6186E-1	1.7122E6	
908	-2.9602E-1	7.4364E2	5.6186E-1	1.7122E6	
909	-2.9602E-1	7.4364E2	5.6186E-1	1.7122E6	
910	-2.9602E-1	7.4364E2	5.6186E-1	1.7122E6	
911	-2.9602E-1	7.4364E2	5.6186E-1	1.7122E6	
912	-2.9602E-1	7.4364E2	5.6186E-1	1.7122E6	
913	-2.9602E-1	7.4364E2	5.6186E-1	1.7122E6	
914	-2.9602E-1	7.4364E2	5.6186E-1	1.7122E6	
915	-2.9602E-1	7.4364E2	5.6186E-1	1.7122E6	
916	-2.9602E-1	7.4364E2	5.6186E-1	1.7122E6	
917	-2.9602E-1	7.4364E2	5.6186E-1	1.7122E6	
918	-2.9602E-1	7.4364E2	5.6186E-1	1.7122E6	
919	-2.9602E-1	7.4364E2	5.6186E-1	1.7122E6	
920	-2.9602E-1	7.4364E2	5.6186E-1	1.7122E6	
921	-2.9602E-1	7.4364E2	5.6186E-1	1.7122E6	
922	-2.9602E-1	7.4364E2	5.6186E-1	1.7122E6	
923	-2.9602E-1	7.4364E2	5.6186E-1	1.7122E6	
924	-2.9602E-1	7.4364E2	5.6186E-1	1.7122E6	
925	-2.9602E-1	7.4364E2	5.6186E-1	1.7122E6	
926	-2.9602E-1	7.4364E2	5.6186E-1	1.7122E6	
927	-2.9602E-1	7.4364E2	5.6186E-1	1.7122E6	
928	-2.9602E-1	7.4364E2	5.6186E-1	1.7122E6	
929	-2.9602E-1	7.4364E2	5.6186E-1	1.7122E6	
930	-2.9602E-1	7.4364E2	5.6186E-1	1.7122E6	
931	-2.9602E-1	7.4364E2	5.6186E-1	1.7122E6	
932	-2.9602E-1	7.4364E2	5.6186E-1	1.7122E6	
933	-2.9602E-1	7.4364E2	5.6186E-1	1.7122E6	
934	-2.9602E-1	7.4364E2	5.6186E-1	1.7122E6	
935	-2.9602E-1	7.4364E2	5.6186E-1	1.7122E6	
936	-2.9602E-1	7.4364E2	5.6186E-1	1.7122E6	
937	-2.9602E-1	7.4364E2	5.6186E-1	1.7122E6	
938	-2.9602E-1	7.4364E2	5.6186E-1	1.7122E6	
939	-2.9602E-1	7.4364E2	5.6186E-1	1.7122E6	
940	-2.9602E-1	7.4364E2	5.6186E-1	1.7122E6	
941	-2.9602E-1	7.4364E2	5.6186E-1	1.7122E6	
942	-2.9602E-1	7.4364E2	5.6186E-1	1.7122E6	
943	-2.9602E-1	7.4364E2	5.6186E-1	1.7122E6	
944	-2.9602E-1	7.4364E2	5.6186E-1	1.7122E6	
945	-2.9602E-1	7.4364E2	5.6186E-1	1.7122E6	
946	-2.9602E-1	7.4364E2	5.6186E-1	1.7122E6	
947	-2.9602E-1	7.4364E2	5.6186E-1	1.7122E6	
948	-2.9602E-1	7.4364E2	5.6186E-1	1.7122E6	
949	-2.9602E-1	7.4364E2	5.6186E-1	1.7122E6	
950	-2.9602E-1	7.4364E2	5.6186E-1	1.7122E6	
951	-2.9602E-1	7.4364E2	5.6186E-1	1.7122E6	
952	-2.9602E-1	7.4364E2	5.6186E-1	1.7122E6	
953	-2.9602E-1	7.4364E2	5.6186E-1	1.7122E6	
954	-2.9602E-1	7.4364E2	5.6186E-1	1.7122E6	
955	-2.9602E-1	7.4364E2	5.6186E-1	1.7122E6	
956	-2.9602E-1	7.4364E2	5.6186E-1	1.7122E6	
957	-2.9602E-1	7.4364E2	5.6186E-1	1.7122E6	
958	-2.9602E-1	7.4364E2	5.6186E-1	1.7122E6	
959	-2.9602E-1	7.4364E2	5.6186E-1	1.7122E6	
960	-2.9602E-1	7.4364E2	5.6186E-1	1.7122E6	
961	-2.9602E-1	7.4364E2	5.6186E-1	1.7122E6	
962	-2.9602E-1	7.4364E2	5.6186E-1	1.7122E6	
963	-2.9602E-1	7.4364E2	5.6186E-1	1.7122E6	
964	-2.9602E-1	7.4364E2	5.6186E-1	1.7122E6	
965	-2.9602E-1	7.4364E2	5.6186E-1	1.7122E6	
966	-2.9602E-1	7.4364E2	5.6186E-1	1.7122E6	
967	-2.9602E-1	7.4364E2	5.6186E-1	1.7122E6	
968	-2.9602E-1	7.4364E2	5.6186E-1	1.7122E6	
969	-2.9602E-1	7.4364E2	5.6186E-1	1.7122E6	
970	-2.9602E-1	7.4364E2	5.6186E-1	1.7122E6	
971	-2.9602E-1	7.4364E2	5.6186E-1	1.7122E6	
972	-2.9602E-1	7.4364E2	5.6186E-1	1.7122E6	
973	-2.9602E-1	7.4364E2	5.6186E-1	1.7122E6	
974	-2.9602E-1	7.4364E2	5.6186E-1	1.7122E6	
975	-2.9602E-1	7.4364E2	5.6186E-1	1.7122E6	
976	-2.9602E-1	7.4364E2	5.6186E-1	1.7122E6	
977	-2.9602E-1	7.4364E2	5.6186E-1	1.7122E6	
978	-2.9602E-1	7.4364E2	5.6186E-1	1.7122E6	
979	-2.9602E-1	7.4364E2	5.6186E-1	1.7122E6	
980	-2.9602E-1	7.4364E2	5.6186E-1	1.7122E6	
981	-2.9602E-1	7.4364E2	5.6186E-1	1.7122E6	
982	-2.9602E-1	7.4364E2	5.6186E-1	1.7122E6	
983	-2.9602E-1	7.4364E2	5.6186E-1	1.7122E6	
984	-2.9602E-1	7.4364E2	5.6186E-1	1.7122E6	
985	-2.9602E-1	7.4364E2	5.6186E-1	1.7122E6	
986	-2.9602E-1	7.4364E2	5.6186E-1	1.7122E6	
987	-2.9602E-1	7.4364E2	5.6186E-1	1.7122E6	
988	-2.9602E-1	7.4364E2	5.6186E-1	1.7122E6	
989	-2.9602E-1	7.4364E2	5.6186E-1	1.7122E6	
990	-2.9602E-1	7.4364E2	5.6186E-1	1.7122E6	
991	-2.9602E-1	7.4364E2	5.6186E-1	1.7122E6	
992	-2.9602E-1	7.4364E2	5.6186E-1	1.7122E6	
993	-2.9602E-1	7.4364E2	5.6186E-1	1.7122E6	
994	-2.9602E-1	7.4364E2	5.6186E-1	1.7122E6	
995	-2.9602E-1	7.4364E2	5.6186E-1	1.7122E6	
996	-2.9602E-1	7.4364E2	5.6186E-1	1.7122E6	
997	-2.9602E-1	7.4364E2	5.6186E-1	1.7122E6	
998	-2.9602E-1	7.4364E2	5.6186E-1	1.7122E6	
999	-2.9602E-1	7.4364E2	5.6186E-1	1.7122E6	
1000	-2.9602E-1	7.4364E2	5.6186E-1	1.7122E6	
1001	-2.9602E-1	7.4364E2	5.6186E-1	1.7122E6	
1002	-2.9602E-1	7.4364E2	5.6186E-1	1.7122E6	
1003	-2.9602E-1	7.4364E2	5.6186E-1	1.7122E6	
1004	-2.9602E-1	7.4364E2	5.6186E-1	1.7122E6	
1005	-2.9602E-1	7.4364E2	5.6186E-1	1.7122E6	
1006	-2.9602E-1	7.4364E2	5.6186E-1	1.7122E6	
1007	-2.9602E-1	7.4364E2	5.6186E-1	1.7122E6	
1008	-2.9602E-1	7.4364E2	5.6186E-1	1.7122E6	
1009	-2.9602E-1	7.4364E2	5.6186E-1	1.7122E6	
1010	-2.9602E-1	7.4364E2	5.6186E-1	1.7122E6	
1011	-2.9602E-1	7.4364E2	5.6186E-1	1.7122E6	
1012	-2.9602E-1	7.4364E2	5.6186E-1	1.7122E6	
1013	-2.9602E-1	7.4364E2	5.6186E-1	1.7122E6	
1014	-2.9602E-1	7.4364E2	5.6186E-1	1.7122E6	
1015	-2.9602E-1	7.4364E2	5.6186E-1	1.7122E6	
1016	-2.9602E-1	7.4364E2	5.6186E-1	1.7122E6	
1017	-2.9602E-1	7.4364E2	5.6186E-1	1.7122E6	
1018	-2.9602E-1	7.4364E2	5.6186E-1	1.7122E6	
1019	-2.9602E-1	7.4364E2	5.6186E-1	1.7122E6	
1020	-2.9602E-1	7.4364E2	5.6186E-1	1.7122E6	
1021	-2.9602E-1	7.4364E2	5.6186E-1	1.7122E6	
1022	-2.9602E-1	7.4364E2	5.6186E-1	1.7122E6	
1023	-2.9602E-1	7.4364E2	5.6186E-1	1.7122E6	
1024	-2.9602E-1	7.4364E2	5.6186E-1	1.7122E6	
1025	-2.9915E-1	7.3900E2	5.6185E-1	1.7122E6	
1026	-3.4622E-1	6.6914E2	5.6324E-1	1.7144E6	
1027	-3.7865E-1	6.2101E2	5.6594E-1	1.7166E6	
1028	-3.9261E-1	6.0029E2	5.6907E-1	1.7188E6	
1029	-4.1283E-1	5.7029E2	5.7252E-1	1.7211E6	
1030	-4.2572E-1	5.5115E2	5.7607E-1	1.7233E6	
1031	-4.5036E-1	5.1458E2	5.7984E-1	1.7255E6	
1032	-4.5944E-1	5.0111E2	5.8353E-1	1.7277E6	
1033	-4.7729E-1	4.7461E2	5.8757E-1	1.7299E6	
1034	-4.9286E-1	4.5152E2	5.9159E-1	1.7322E6	
1035	-5.0591E-1	4.3215E2	5.9565E-1	1.7344E6	
1036	-5.1605E-1	4.1710E2	5.9989E-1	1.7366E6	
1037	-5.3223E-1	3.9309E2	6.0395E-1	1.7388E6	
1038	-5.4359E-1	3.7622E2	6.0823E-1	1.7410E6	
1039	-5.5466E-1	3.5980E2	6.1251E-1	1.7433E6	
1040	-5.6808E-1	3.3988E2	6.1675E-1	1.7455E6	
1041	-5.8105E-1	3.2063E2	6.2115E-1	1.7477E6	
1042	-5.8998E-1	3.0738E2	6.2553E-1	1.7499E6	
1043	-6.0265E-1	2.8858E2	6.2992E-1	1.7521E6	
1044	-6.1401E-1	2.7171E2	6.3433E-1	1.7544E6	
1045	-6.2004E-1	2.6277E2	6.3878E-1	1.7566E6	
1046	-6.3332E-1	2.4307E2	6.4318E-1	1.7588E6	
1047	-6.4285E-1	2.2891E2	6.4778E-1	1.7610E6	
1048	-6.5193E-1	2.1544E2	6.5226E-1	1.7632E6	
1049	-6.6101E-1	2.0197E2	6.5666E-1	1.7655E6	
1050	-6.7230E-1	1.8521E2	6.6121E-1	1.7677E6	
1051	-6.8047E-1	1.7309E2	6.6583E-1	1.7699E6	
1052	-6.8947E-1	1.5973E2	6.7044E-1	1.7721E6	
1053	-6.9786E-1	1.4728E2	6.7490E-1	1.7743E6	
1054	-7.0969E-1	1.2973E2	6.7951E-1	1.7766E6	
1055	-7.1671E-1	1.1931E2	6.8414E-1	1.7788E6	
1056	-7.2479E-1	1.0731E2	6.8871E-1	1.7810E6	
1057	-7.2952E-1	1.0029E2	6.9335E-1	1.7832E6	
1058	-7.3669E-1	8.9647E1	6.9798E-1	1.7854E6	
1059	-7.4898E-1	7.1417E1	7.0264E-1	1.7877E6	
1060	-7.5310E-1	6.5303E1	7.0737E-1	1.7899E6	
1061	-7.6164E-1	5.2622E1	7.1193E-1	1.7921E6	
1062	-7.6805E-1	4.3111E1	7.1653E-1	1.7943E6	
1063	-7.7789E-1	2.8505E1	7.2130E-1	1.7965E6	
1064	-7.8285E-1	2.1145E1	7.2601E-1	1.7988E6	
1065	-7.9185E-1	7.7843E0	7.3073E-1	1.8010E6	
1066	-7.9514E-1	2.9156E0	7.3535E-1	1.8032E6	
1067	-8.0254E-1	-8.0673E0	7.4013E-1	1.8054E6	
1068	-8.0811E-1	-1.6333E1	7.4492E-1	1.8076E6	
1069	-8.1718E-1	-2.9807E1	7.4953E-1	1.8099E6	
1070	-8.1909E-1	-3.2637E1	7.5433E-1	1.8121E6	
1071	-8.2687E-1	-4.4186E1	7.5903E-1	1.8143E6	
1072	-8.3382E-1	-5.4490E1	7.6384E-1	1.8165E6	
1073	-8.3733E-1	-5.9698E1	7.6865E-1	1.8187E6	
1074	-8.4099E-1	-6.5133E1	7.7346E-1	1.8210E6	
1075	-8.5266E-1	-8.2457E1	7.7809E-1	1.8232E6	
1076	-8.5297E-1	-8.2909E1	7.8293E-1	1.8254E6	
1077	-8.5693E-1	-8.8797E1	7.8765E-1	1.8276E6	
1078	-8.5983E-1	-9.3100E1	7.9249E-1	1.8298E6	
1079	-8.6990E-1	-1.0805E2	7.9737E-1	1.8321E6	
1080	-8.7029E-1	-1.0861E2	8.0220E-1	1.8343E6	
1081	-8.7952E-1	-1.2231E2	8.0701E-1	1.8365E6	
1082	-8.8158E-1	-1.2537E2	8.1177E-1	1.8387E6	
1083	-8.8638E-1	-1.3250E2	8.1665E-1	1.8409E6	
1084	-8.9119E-1	-1.3964E2	8.2159E-1	1.8432E6	
1085	-8.9340E-1	-1.4292E2	8.2629E-1	1.8454E6	
1086	-8.9905E-1	-1.5130E2	8.3127E-1	1.8476E6	
1087	-8.9867E-1	-1.5073E2	8.3611E-1	1.8498E6	
1088	-9.0477E-1	-1.5979E2	8.4104E-1	1.8520E6	
1089	-9.0897E-1	-1.6602E2	8.4588E-1	1.8543E6	
1090	-9.1156E-1	-1.6987E2	8.5083E-1	1.8565E6	
1091	-9.1263E-1	-1.7145E2	8.5566E-1	1.8587E6	
1092	-9.1629E-1	-1.7689E2	8.6053E-1	1.8609E6	
1093	-9.1835E-1	-1.7994E2	8.6546E-1	1.8631E6	
1094	-9.2499E-1	-1.8979E2	8.7029E-1	1.8654E6	
1095	-9.2125E-1	-1.8425E2	8.7529E-1	1.8676E6	
1096	-9.2781E-1	-1.9398E2	8.8024E-1	1.8698E6	
1097	-9.2850E-1	-1.9500E2	8.8516E-1	1.8720E6	
1098	-9.3224E-1	-2.0055E2	8.9009E-1	1.8742E6	
1099	-9.3346E-1	-2.0236E2	8.9504E-1	1.8765E6	
1100	-9.3704E-1	-2.0768E2	9.0000E-1	1.8787E6	
1101	-9.3575E-1	-2.0576E2	9.0498E-1	1.8809E6	
1102	-9.3811E-1	-2.0927E2	9.0993E-1	1.8831E6	
1103	-9.4017E-1	-2.1233E2	9.1494E-1	1.8853E6	
1104	-9.4009E-1	-2.1221E2	9.1994E-1	1.8876E6	
1105	-9.4200E-1	-2.1504E2	9.2484E-1	1.8898E6	
1106	-9.4353E-1	-2.1731E2	9.2988E-1	1.8920E6	
1107	-9.4620E-1	-2.2127E2	9.3490E-1	1.8942E6	
1108	-9.4688E-1	-2.2229E2	9.3988E-1	1.8964E6	
1109	-9.4940E-1	-2.2603E2	9.4487E-1	1.8987E6	
1110	-9.5268E-1	-2.3090E2	9.4993E-1	1.9009E6	
1111	-9.5436E-1	-2.3339E2	9.5507E-1	1.9031E6	
1112	-9.5940E-1	-2.4086E2	9.5995E-1	1.9053E6	
1113	-9.5749E-1	-2.3803E2	9.6499E-1	1.9075E6	
1114	-9.5665E-1	-2.3678E2	9.7008E-1	1.9098E6	
1115	-9.5871E-1	-2.3984E2	9.7509E-1	1.9120E6	
1116	-9.5818E-1	-2.3905E2	9.8015E-1	1.9142E6	
1117	-9.6077E-1	-2.4290E2	9.8522E-1	1.9164E6	
1118	-9.6321E-1	-2.4652E2	9.9029E-1	1.9186E6	
1119	-9.6382E-1	-2.4743E2	9.9537E-1	1.9209E6	
1120	-9.6054E-1	-2.4256E2	1.0004E0	1.9231E6	
1121	-9.6428E-1	-2.4811E2	1.0055E0	1.9253E6	
1122	-9.6519E-1	-2.4946E2	1.0106E0	1.9275E6	
1123	-9.6542E-1	-2.4980E2	1.0157E0	1.9297E6	
1124	-9.6375E-1	-2.4731E2	1.0208E0	1.9320E6	
1125	-9.6397E-1	-2.4765E2	1.0259E0	1.9342E6	
1126	-9.6626E-1	-2.5105E2	1.0310E0	1.9364E6	
1127	-9.6497E-1	-2.4912E2	1.0361E0	1.9386E6	
1128	-9.6535E-1	-2.4969E2	1.0412E0	1.9408E6	
1129	-9.6352E-1	-2.4697E2	1.0464E0	1.9431E6	
1130	-9.6092E-1	-2.4312E2	1.0515E0	1.9453E6	
1131	-9.6581E-1	-2.5037E2	1.0567E0	1.9475E6	
1132	-9.6153E-1	-2.4403E2	1.0617E0	1.9497E6	
1133	-9.6306E-1	-2.4629E2	1.0670E0	1.9519E6	
1134	-9.6359E-1	-2.4709E2	1.0721E0	1.9542E6	
1135	-9.6176E-1	-2.4437E2	1.0773E0	1.9564E6	
1136	-9.6146E-1	-2.4392E2	1.0825E0	1.9586E6	
1137	-9.6077E-1	-2.4290E2	1.0876E0	1.9608E6	
1138	-9.6100E-1	-2.4324E2	1.0928E0	1.9630E6	
1139	-9.5886E-1	-2.4007E2	1.0980E0	1.9653E6	
1140	-9.5848E-1	-2.3950E2	1.1032E0	1.9675E6	
1141	-9.5512E-1	-2.3452E2	1.1084E0	1.9697E6	
1142	-9.5581E-1	-2.3554E2	1.1137E0	1.9719E6	
1143	-9.5551E-1	-2.3508E2	1.1188E0	1.9741E6	
1144	-9.5734E-1	-2.3780E2	1.1240E0	1.9764E6	
1145	-9.5459E-1	-2.3373E2	1.1293E0	1.9786E6	
1146	-9.5406E-1	-2.3293E2	1.1345E0	1.9808E6	
1147	-9.5818E-1	-2.3905E2	1.1397E0	1.9830E6	
1148	-9.5253E-1	-2.3067E2	1.1450E0	1.9852E6	
1149	-9.4910E-1	-2.2557E2	1.1502E0	1.9875E6	
1150	-9.5085E-1	-2.2818E2	1.1556E0	1.9897E6	
1151	-9.4849E-1	-2.2467E2	1.1607E0	1.9919E6	
1152	-9.5322E-1	-2.3169E2	1.1660E0	1.9941E6	
1153	-9.5322E-1	-2.3169E2	1.1713E0	1.9963E6	
1154	-9.5230E-1	-2.3033E2	1.1766E0	1.9986E6	
1155	-9.5383E-1	-2.3259E2	1.1818E0	2.0008E6	
1156	-9.5535E-1	-2.3486E2	1.1871E0	2.0030E6	
1157	-9.5261E-1	-2.3078E2	1.1925E0	2.0052E6	
1158	-9.5444E-1	-2.3350E2	1.1977E0	2.0074E6	
1159	-9.5634E-1	-2.3633E2	1.2030E0	2.0097E6	
1160	-9.5245E-1	-2.3056E2	1.2083E0	2.0119E6	
1161	-9.5673E-1	-2.3690E2	1.2136E0	2.0141E6	
1162	-9.5314E-1	-2.3157E2	1.2190E0	2.0163E6	
1163	-9.5795E-1	-2.3871E2	1.2242E0	2.0185E6	
1164	-9.5856E-1	-2.3961E2	1.2296E0	2.0208E6	
1165	-9.6062E-1	-2.4267E2	1.2349E0	2.0230E6	
1166	-9.5497E-1	-2.3429E2	1.2402E0	2.0252E6	
1167	-9.5566E-1	-2.3531E2	1.2456E0	2.0274E6	
1168	-9.5459E-1	-2.3373E2	1.2509E0	2.0296E6	
1169	-9.5428E-1	-2.3327E2	1.2563E0	2.0319E6	
1170	-9.5055E-1	-2.2773E2	1.2616E0	2.0341E6	
1171	-9.5001E-1	-2.2693E2	1.2670E0	2.0363E6	
1172	-9.5253E-1	-2.3067E2	1.2723E0	2.0385E6	
1173	-9.4833E-1	-2.2444E2	1.2777E0	2.0407E6	
1174	-9.4498E-1	-2.1946E2	1.2831E0	2.0430E6	
1175	-9.2567E-1	-1.9081E2	1.2885E0	2.0452E6	
1176	-9.2575E-1	-1.9093E2	1.2939E0	2.0474E6	
1177	-9.1797E-1	-1.7938E2	1.2992E0	2.0496E6	
1178	-9.0973E-1	-1.6715E2	1.3047E0	2.0518E6	
1179	-8.9729E-1	-1.4869E2	1.3101E0	2.0541E6	
1180	-8.9417E-1	-1.4405E2	1.3156E0	2.0563E6	
1181	-8.8234E-1	-1.2650E2	1.3209E0	2.0585E6	
1182	-8.7250E-1	-1.1190E2	1.3264E0	2.0607E6	
1183	-8.4030E-1	-6.4114E1	1.3318E0	2.0629E6	
1184	-7.6164E-1	5.2622E1	1.3373E0	2.0652E6	
1185	-6.8802E-1	1.6188E2	1.3426E0	2.0674E6	
1186	-6.7940E-1	1.7468E2	1.3481E0	2.0696E6	
1187	-6.7276E-1	1.8453E2	1.3535E0	2.0718E6	
1188	-6.6933E-1	1.8962E2	1.3590E0	2.0740E6	
1189	-6.6460E-1	1.9664E2	1.3645E0	2.0763E6	
1190	-6.6437E-1	1.9698E2	1.3699E0	2.0785E6	
1191	-6.6788E-1	1.9178E2	1.3753E0	2.0807E6	
1192	-6.6452E-1	1.9676E2	1.3808E0	2.0829E6	
1193	-6.6360E-1	1.9812E2	1.3864E0	2.0851E6	
1194	-6.6719E-1	1.9280E2	1.3918E0	2.0874E6	
1195	-6.6719E-1	1.9280E2	1.3973E0	2.0896E6	
1196	-6.6765E-1	1.9212E2	1.4028E0	2.0918E6	
1197	-6.6559E-1	1.9517E2	1.4084E0	2.0940E6	
1198	-6.6299E-1	1.9902E2	1.4138E0	2.0962E6	
1199	-6.6605E-1	1.9449E2	1.4193E0	2.0985E6	
1200	-6.6643E-1	1.9393E2	1.4248E0	2.1007E6	
1201	-6.6673E-1	1.9347E2	1.4303E0	2.1029E6	
1202	-6.6803E-1	1.9155E2	1.4359E0	2.1051E6	
1203	-6.6666E-1	1.9359E2	1.4414E0	2.1073E6	
1204	-6.6879E-1	1.9042E2	1.4469E0	2.1096E6	
1205	-6.6666E-1	1.9359E2	1.4525E0	2.1118E6	
1206	-6.6864E-1	1.9064E2	1.4580E0	2.1140E6	
1207	-6.6788E-1	1.9178E2	1.4635E0	2.1162E6	
1208	-6.6711E-1	1.9291E2	1.4692E0	2.1184E6	
1209	-6.6742E-1	1.9246E2	1.4747E0	2.1207E6	
1210	-6.6902E-1	1.9008E2	1.4804E0	2.1229E6	
1211	-6.6780E-1	1.9189E2	1.4857E0	2.1251E6	
1212	-6.6971E-1	1.8906E2	1.4915E0	2.1273E6	
1213	-6.7177E-1	1.8600E2	1.4971E0	2.1295E6	
1214	-6.6902E-1	1.9008E2	1.5026E0	2.1318E6	
1215	-6.6917E-1	1.8985E2	1.5082E0	2.1340E6	
1216	-6.7108E-1	1.8702E2	1.5137E0	2.1362E6	
1217	-6.7200E-1	1.8566E2	1.5195E0	2.1384E6	
1218	-6.6971E-1	1.8906E2	1.5250E0	2.1406E6	
1219	-6.7162E-1	1.8623E2	1.5305E0	2.1429E6	
1220	-6.7268E-1	1.8464E2	1.5362E0	2.1451E6	
1221	-6.7383E-1	1.8294E2	1.5419E0	2.1473E6	
1222	-6.7268E-1	1.8464E2	1.5474E0	2.1495E6	
1223	-6.7238E-1	1.8510E2	1.5530E0	2.1517E6	
1224	-6.7406E-1	1.8260E2	1.5587E0	2.1540E6	
1225	-6.7390E-1	1.8283E2	1.5644E0	2.1562E6	
1226	-6.7436E-1	1.8215E2	1.5699E0	2.1584E6	
1227	-6.7413E-1	1.8249E2	1.5757E0	2.1606E6	
1228	-6.7421E-1	1.8238E2	1.5813E0	2.1628E6	
1229	-6.7360E-1	1.8328E2	1.5870E0	2.1651E6	
1230	-6.7513E-1	1.8102E2	1.5926E0	2.1673E6	
1231	-6.7421E-1	1.8238E2	1.5983E0	2.1695E6	
1232	-6.7650E-1	1.7898E2	1.6040E0	2.1717E6	
1233	-6.7497E-1	1.8125E2	1.6097E0	2.1739E6	
1234	-6.7604E-1	1.7966E2	1.6154E0	2.1762E6	
1235	-6.7703E-1	1.7819E2	1.6210E0	2.1784E6	
1236	-6.7581E-1	1.8000E2	1.6268E0	2.1806E6	
1237	-6.7673E-1	1.7864E2	1.6324E0	2.1828E6	
1238	-6.7711E-1	1.7808E2	1.6381E0	2.1850E6	
1239	-6.7551E-1	1.8045E2	1.6437E0	2.1873E6	
1240	-6.7505E-1	1.8113E2	1.6496E0	2.1895E6	
1241	-6.7772E-1	1.7717E2	1.6553E0	2.1917E6	
1242	-6.7558E-1	1.8034E2	1.6609E0	2.1939E6	
1243	-6.7688E-1	1.7842E2	1.6666E0	2.1961E6	
1244	-6.7810E-1	1.7660E2	1.6725E0	2.1984E6	
1245	-6.7795E-1	1.7683E2	1.6782E0	2.2006E6	
1246	-6.7833E-1	1.7626E2	1.6839E0	2.2028E6	
1247	-6.7711E-1	1.7808E2	1.6896E0	2.2050E6	
1248	-6.8054E-1	1.7298E2	1.6954E0	2.2072E6	
1249	-6.7902E-1	1.7525E2	1.7011E0	2.2095E6	
1250	-6.7596E-1	1.7977E2	1.7069E0	2.2117E6	
1251	-6.7871E-1	1.7570E2	1.7126E0	2.2139E6	
1252	-6.7780E-1	1.7706E2	1.7184E0	2.2161E6	
1253	-6.8008E-1	1.7366E2	1.7242E0	2.2183E6	
1254	-6.7612E-1	1.7955E2	1.7300E0	2.2206E6	
1255	-6.7863E-1	1.7581E2	1.7358E0	2.2228E6	
1256	-6.7863E-1	1.7581E2	1.7415E0	2.2250E6	
1257	-6.7581E-1	1.8000E2	1.7473E0	2.2272E6	
1258	-6.7955E-1	1.7445E2	1.7531E0	2.2294E6	
1259	-6.7810E-1	1.7660E2	1.7589E0	2.2317E6	
1260	-6.8214E-1	1.7060E2	1.7647E0	2.2339E6	
1261	-6.7894E-1	1.7536E2	1.7705E0	2.2361E6	
1262	-6.7993E-1	1.7389E2	1.7763E0	2.2383E6	
1263	-6.7772E-1	1.7717E2	1.7822E0	2.2405E6	
1264	-6.7886E-1	1.7547E2	1.7879E0	2.2428E6	
1265	-6.8115E-1	1.7207E2	1.7938E0	2.2450E6	
1266	-6.7772E-1	1.7717E2	1.7996E0	2.2472E6	
1267	-6.8062E-1	1.7287E2	1.8054E0	2.2494E6	
1268	-6.7940E-1	1.7468E2	1.8113E0	2.2516E6	
1269	-6.8115E-1	1.7207E2	1.8172E0	2.2539E6	
1270	-6.7986E-1	1.7400E2	1.8230E0	2.2561E6	
1271	-6.7963E-1	1.7434E2	1.8288E0	2.2583E6	
1272	-6.8115E-1	1.7207E2	1.8347E0	2.2605E6	
1273	-6.7947E-1	1.7457E2	1.8404E0	2.2627E6	
1274	-6.7955E-1	1.7445E2	1.8464E0	2.2650E6	
1275	-6.7940E-1	1.7468E2	1.8522E0	2.2672E6	
1276	-6.8199E-1	1.7083E2	1.8581E0	2.2694E6	
1277	-6.8062E-1	1.7287E2	1.8640E0	2.2716E6	
1278	-6.8268E-1	1.6981E2	1.8698E0	2.2738E6	
1279	-6.8169E-1	1.7128E2	1.8758E0	2.2761E6	
1280	-6.8306E-1	1.6924E2	1.8817E0	2.2783E6	
1281	-6.8016E-1	1.7355E2	1.8875E0	2.2805E6	
1282	-6.8306E-1	1.6924E2	1.8934E0	2.2827E6	
1283	-6.8115E-1	1.7207E2	1.8992E0	2.2849E6	
1284	-6.8413E-1	1.6766E2	1.9053E0	2.2872E6	
1285	-6.8260E-1	1.6992E2	1.9111E0	2.2894E6	
1286	-6.8237E-1	1.7026E2	1.9171E0	2.2916E6	
1287	-6.8176E-1	1.7117E2	1.9230E0	2.2938E6	
1288	-6.8283E-1	1.6958E2	1.9288E0	2.2960E6	
1289	-6.8611E-1	1.6472E2	1.9347E0	2.2983E6	
1290	-6.8436E-1	1.6732E2	1.9407E0	2.3005E6	
1291	-6.8481E-1	1.6664E2	1.9467E0	2.3027E6	
1292	-6.8481E-1	1.6664E2	1.9526E0	2.3049E6	
1293	-6.8481E-1	1.6664E2	1.9585E0	2.3071E6	
1294	-6.8657E-1	1.6404E2	1.9644E0	2.3094E6	
1295	-6.8489E-1	1.6653E2	1.9704E0	2.3116E6	
1296	-6.8916E-1	1.6019E2	1.9763E0	2.3138E6	
1297	-6.8626E-1	1.6449E2	1.9822E0	2.3160E6	
1298	-6.8703E-1	1.6336E2	1.9883E0	2.3182E6	
1299	-6.8756E-1	1.6256E2	1.9941E0	2.3205E6	
1300	-6.8542E-1	1.6573E2	2.0002E0	2.3227E6	
1301	-6.8909E-1	1.6030E2	2.0062E0	2.3249E6	
1302	-6.8634E-1	1.6438E2	2.0121E0	2.3271E6	
1303	-6.8802E-1	1.6188E2	2.0181E0	2.3293E6	
1304	-6.8832E-1	1.6143E2	2.0241E0	2.3316E6	
1305	-6.8756E-1	1.6256E2	2.0300E0	2.3338E6	
1306	-6.9077E-1	1.5781E2	2.0360E0	2.3360E6	
1307	-6.8878E-1	1.6075E2	2.0420E0	2.3382E6	
1308	-6.9054E-1	1.5815E2	2.0482E0	2.3404E6	
1309	-6.8832E-1	1.6143E2	2.0541E0	2.3427E6	
1310	-6.9145E-1	1.5679E2	2.0601E0	2.3449E6	
1311	-6.9031E-1	1.5849E2	2.0661E0	2.3471E6	
1312	-6.8962E-1	1.5951E2	2.0722E0	2.3493E6	
1313	-6.8954E-1	1.5962E2	2.0782E0	2.3515E6	
1314	-6.9084E-1	1.5770E2	2.0841E0	2.3538E6	
1315	-6.9138E-1	1.5690E2	2.0902E0	2.3560E6	
1316	-6.8932E-1	1.5996E2	2.0963E0	2.3582E6	
1317	-6.9046E-1	1.5826E2	2.1023E0	2.3604E6	
1318	-6.9046E-1	1.5826E2	2.1083E0	2.3626E6	
1319	-6.9183E-1	1.5622E2	2.1145E0	2.3649E6	
1320	-6.9313E-1	1.5430E2	2.1206E0	2.3671E6	
1321	-6.9077E-1	1.5781E2	2.1266E0	2.3693E6	
1322	-6.9168E-1	1.5645E2	2.1326E0	2.3715E6	
1323	-6.9351E-1	1.5373E2	2.1387E0	2.3737E6	
1324	-6.9450E-1	1.5226E2	2.1449E0	2.3760E6	
1325	-6.9427E-1	1.5260E2	2.1509E0	2.3782E6	
1326	-6.9443E-1	1.5237E2	2.1570E0	2.3804E6	
1327	-6.9199E-1	1.5600E2	2.1631E0	2.3826E6	
1328	-6.9244E-1	1.5532E2	2.1692E0	2.3848E6	
1329	-6.9138E-1	1.5690E2	2.1753E0	2.3871E6	
1330	-6.9199E-1	1.5600E2	2.1815E0	2.3893E6	
1331	-6.9298E-1	1.5452E2	2.1876E0	2.3915E6	
1332	-6.9336E-1	1.5396E2	2.1937E0	2.3937E6	
1333	-6.9435E-1	1.5249E2	2.1998E0	2.3959E6	
1334	-6.9206E-1	1.5588E2	2.2060E0	2.3982E6	
1335	-6.9435E-1	1.5249E2	2.2121E0	2.4004E6	
1336	-6.9298E-1	1.5452E2	2.2182E0	2.4026E6	
1337	-6.9489E-1	1.5169E2	2.2244E0	2.4048E6	
1338	-6.9191E-1	1.5611E2	2.2305E0	2.4070E6	
1339	-6.9221E-1	1.5566E2	2.2368E0	2.4093E6	
1340	-6.9229E-1	1.5554E2	2.2429E0	2.4115E6	
1341	-6.9260E-1	1.5509E2	2.2490E0	2.4137E6	
1342	-6.9283E-1	1.5475E2	2.2553E0	2.4159E6	
1343	-6.9412E-1	1.5283E2	2.2613E0	2.4181E6	
1344	-6.9313E-1	1.5430E2	2.2675E0	2.4204E6	
1345	-6.9328E-1	1.5407E2	2.2737E0	2.4226E6	
1346	-6.9260E-1	1.5509E2	2.2800E0	2.4248E6	
1347	-6.9229E-1	1.5554E2	2.2861E0	2.4270E6	
1348	-6.9687E-1	1.4875E2	2.2923E0	2.4292E6	
1349	-6.9199E-1	1.5600E2	2.2985E0	2.4315E6	
1350	-6.9511E-1	1.5135E2	2.3048E0	2.4337E6	
1351	-6.9603E-1	1.5000E2	2.3110E0	2.4359E6	
1352	-6.9580E-1	1.5034E2	2.3172E0	2.4381E6	
1353	-6.9618E-1	1.4977E2	2.3234E0	2.4403E6	
1354	-6.9519E-1	1.5124E2	2.3297E0	2.4426E6	
1355	-6.9580E-1	1.5034E2	2.3358E0	2.4448E6	
1356	-6.9641E-1	1.4943E2	2.3422E0	2.4470E6	
1357	-6.9679E-1	1.4886E2	2.3484E0	2.4492E6	
1358	-6.9679E-1	1.4886E2	2.3547E0	2.4514E6	
1359	-6.9862E-1	1.4615E2	2.3609E0	2.4537E6	
1360	-7.0061E-1	1.4320E2	2.3671E0	2.4559E6	
1361	-6.9839E-1	1.4649E2	2.3734E0	2.4581E6	
1362	-6.9923E-1	1.4524E2	2.3797E0	2.4603E6	
1363	-6.9901E-1	1.4558E2	2.3860E0	2.4625E6	
1364	-6.9916E-1	1.4535E2	2.3923E0	2.4648E6	
1365	-6.9824E-1	1.4671E2	2.3985E0	2.4670E6	
1366	-7.0015E-1	1.4388E2	2.4048E0	2.4692E6	
1367	-7.0091E-1	1.4275E2	2.4111E0	2.4714E6	
1368	-6.9725E-1	1.4818E2	2.4174E0	2.4736E6	
1369	-7.0091E-1	1.4275E2	2.4237E0	2.4759E6	
1370	-7.0023E-1	1.4377E2	2.4300E0	2.4781E6	
1371	-7.0122E-1	1.4230E2	2.4362E0	2.4803E6	
1372	-7.0229E-1	1.4071E2	2.4425E0	2.4825E6	
1373	-6.9908E-1	1.4547E2	2.4489E0	2.4847E6	
1374	-7.0320E-1	1.3935E2	2.4552E0	2.4870E6	
1375	-7.0290E-1	1.3981E2	2.4616E0	2.4892E6	
1376	-7.0320E-1	1.3935E2	2.4680E0	2.4914E6	
1377	-7.0175E-1	1.4150E2	2.4742E0	2.4936E6	
1378	-7.0618E-1	1.3494E2	2.4806E0	2.4958E6	
1379	-7.0145E-1	1.4196E2	2.4869E0	2.4981E6	
1380	-7.0267E-1	1.4015E2	2.4932E0	2.5003E6	
1381	-7.0557E-1	1.3584E2	2.4998E0	2.5025E6	
1382	-7.0412E-1	1.3799E2	2.5060E0	2.5047E6	
1383	-7.0442E-1	1.3754E2	2.5124E0	2.5069E6	
1384	-7.0480E-1	1.3697E2	2.5187E0	2.5092E6	
1385	-7.0587E-1	1.3539E2	2.5251E0	2.5114E6	
1386	-7.0618E-1	1.3494E2	2.5315E0	2.5136E6	
1387	-7.0267E-1	1.4015E2	2.5379E0	2.5158E6	
1388	-7.0526E-1	1.3630E2	2.5443E0	2.5180E6	
1389	-7.0335E-1	1.3913E2	2.5507E0	2.5203E6	
1390	-7.0435E-1	1.3765E2	2.5571E0	2.5225E6	
1391	-7.0625E-1	1.3482E2	2.5633E0	2.5247E6	
1392	-7.0564E-1	1.3573E2	2.5698E0	2.5269E6	
1393	-7.0435E-1	1.3765E2	2.5762E0	2.5291E6	
1394	-7.0549E-1	1.3596E2	2.5826E0	2.5314E6	
1395	-7.0465E-1	1.3720E2	2.5891E0	2.5336E6	
1396	-7.0503E-1	1.3664E2	2.5955E0	2.5358E6	
1397	-7.0641E-1	1.3460E2	2.6019E0	2.5380E6	
1398	-7.0457E-1	1.3731E2	2.6084E0	2.5402E6	
1399	-7.0473E-1	1.3709E2	2.6148E0	2.5425E6	
1400	-7.0587E-1	1.3539E2	2.6212E0	2.5447E6	
1401	-7.0679E-1	1.3403E2	2.6277E0	2.5469E6	
1402	-7.0656E-1	1.3437E2	2.6341E0	2.5491E6	
1403	-7.0839E-1	1.3165E2	2.6406E0	2.5513E6	
1404	-7.0747E-1	1.3301E2	2.6470E0	2.5536E6	
1405	-7.0541E-1	1.3607E2	2.6534E0	2.5558E6	
1406	-7.0648E-1	1.3448E2	2.6600E0	2.5580E6	
1407	-7.0694E-1	1.3380E2	2.6664E0	2.5602E6	
1408	-7.0694E-1	1.3380E2	2.6729E0	2.5624E6	
1409	-7.0625E-1	1.3482E2	2.6794E0	2.5647E6	
1410	-7.0580E-1	1.3550E2	2.6858E0	2.5669E6	
1411	-7.0892E-1	1.3086E2	2.6924E0	2.5691E6	
1412	-7.0747E-1	1.3301E2	2.6988E0	2.5713E6	
1413	-7.0625E-1	1.3482E2	2.7054E0	2.5735E6	
1414	-7.0839E-1	1.3165E2	2.7117E0	2.5758E6	
1415	-7.0732E-1	1.3324E2	2.7183E0	2.5780E6	
1416	-7.0732E-1	1.3324E2	2.7248E0	2.5802E6	
1417	-7.0824E-1	1.3188E2	2.7313E0	2.5824E6	
1418	-7.0679E-1	1.3403E2	2.7377E0	2.5846E6	
1419	-7.0717E-1	1.3346E2	2.7444E0	2.5869E6	
1420	-7.0694E-1	1.3380E2	2.7508E0	2.5891E6	
1421	-7.0930E-1	1.3029E2	2.7574E0	2.5913E6	
1422	-7.0854E-1	1.3143E2	2.7640E0	2.5935E6	
1423	-7.1007E-1	1.2916E2	2.7704E0	2.5957E6	
1424	-7.1083E-1	1.2803E2	2.7769E0	2.5980E6	
1425	-7.1007E-1	1.2916E2	2.7835E0	2.6002E6	
1426	-7.1068E-1	1.2826E2	2.7900E0	2.6024E6	
1427	-7.1243E-1	1.2565E2	2.7966E0	2.6046E6	
1428	-7.1175E-1	1.2667E2	2.8032E0	2.6068E6	
1429	-7.0953E-1	1.2995E2	2.8097E0	2.6091E6	
1430	-7.1075E-1	1.2814E2	2.8164E0	2.6113E6	
1431	-7.1220E-1	1.2599E2	2.8230E0	2.6135E6	
1432	-7.1198E-1	1.2633E2	2.8294E0	2.6157E6	
1433	-7.1404E-1	1.2327E2	2.8360E0	2.6179E6	
1434	-7.1526E-1	1.2146E2	2.8426E0	2.6202E6	
1435	-7.1274E-1	1.2520E2	2.8492E0	2.6224E6	
1436	-7.1388E-1	1.2350E2	2.8558E0	2.6246E6	
1437	-7.1175E-1	1.2667E2	2.8624E0	2.6268E6	
1438	-7.1465E-1	1.2237E2	2.8690E0	2.6290E6	
1439	-7.1396E-1	1.2339E2	2.8755E0	2.6313E6	
1440	-7.1587E-1	1.2056E2	2.8822E0	2.6335E6	
1441	-7.1465E-1	1.2237E2	2.8888E0	2.6357E6	
1442	-7.1571E-1	1.2078E2	2.8954E0	2.6379E6	
1443	-7.1564E-1	1.2090E2	2.9020E0	2.6401E6	
1444	-7.1671E-1	1.1931E2	2.9087E0	2.6424E6	
1445	-7.1777E-1	1.1773E2	2.9153E0	2.6446E6	
1446	-7.1785E-1	1.1761E2	2.9219E0	2.6468E6	
1447	-7.1648E-1	1.1965E2	2.9286E0	2.6490E6	
1448	-7.1831E-1	1.1693E2	2.9352E0	2.6512E6	
1449	-7.1815E-1	1.1716E2	2.9418E0	2.6535E6	
1450	-7.1854E-1	1.1659E2	2.9485E0	2.6557E6	
1451	-7.1716E-1	1.1863E2	2.9551E0	2.6579E6	
1452	-7.1899E-1	1.1591E2	2.9618E0	2.6601E6	
1453	-7.1762E-1	1.1795E2	2.9684E0	2.6623E6	
1454	-7.1854E-1	1.1659E2	2.9752E0	2.6646E6	
1455	-7.1938E-1	1.1535E2	2.9817E0	2.6668E6	
1456	-7.1953E-1	1.1512E2	2.9885E0	2.6690E6	
1457	-7.1754E-1	1.1807E2	2.9950E0	2.6712E6	
1458	-7.1915E-1	1.1569E2	3.0018E0	2.6734E6	
1459	-7.1861E-1	1.1648E2	3.0085E0	2.6757E6	
1460	-7.2075E-1	1.1331E2	3.0151E0	2.6779E6	
1461	-7.2029E-1	1.1399E2	3.0218E0	2.6801E6	
1462	-7.1953E-1	1.1512E2	3.0285E0	2.6823E6	
1463	-7.2067E-1	1.1342E2	3.0352E0	2.6845E6	
1464	-7.1968E-1	1.1490E2	3.0419E0	2.6868E6	
1465	-7.1953E-1	1.1512E2	3.0486E0	2.6890E6	
1466	-7.2144E-1	1.1229E2	3.0554E0	2.6912E6	
1467	-7.2281E-1	1.1025E2	3.0621E0	2.6934E6	
1468	-7.1884E-1	1.1614E2	3.0687E0	2.6956E6	
1469	-7.2182E-1	1.1173E2	3.0754E0	2.6979E6	
1470	-7.2052E-1	1.1365E2	3.0823E0	2.7001E6	
1471	-7.2296E-1	1.1003E2	3.0889E0	2.7023E6	
1472	-7.2189E-1	1.1161E2	3.0956E0	2.7045E6	
1473	-7.1709E-1	1.1875E2	3.1023E0	2.7067E6	
1474	-7.2128E-1	1.1252E2	3.1092E0	2.7090E6	
1475	-7.2052E-1	1.1365E2	3.1158E0	2.7112E6	
1476	-7.2273E-1	1.1037E2	3.1226E0	2.7134E6	
1477	-7.2121E-1	1.1263E2	3.1293E0	2.7156E6	
1478	-7.2098E-1	1.1297E2	3.1361E0	2.7178E6	
1479	-7.2083E-1	1.1320E2	3.1429E0	2.7201E6	
1480	-7.1922E-1	1.1558E2	3.1496E0	2.7223E6	
1481	-7.2098E-1	1.1297E2	3.1564E0	2.7245E6	
1482	-7.2319E-1	1.0969E2	3.1632E0	2.7267E6	
1483	-7.2014E-1	1.1422E2	3.1699E0	2.7289E6	
1484	-7.2014E-1	1.1422E2	3.1768E0	2.7312E6	
1485	-7.2525E-1	1.0663E2	3.1835E0	2.7334E6	
1486	-7.2136E-1	1.1240E2	3.1903E0	2.7356E6	
1487	-7.2433E-1	1.0799E2	3.1972E0	2.7378E6	
1488	-7.2449E-1	1.0776E2	3.2040E0	2.7400E6	
1489	-7.2327E-1	1.0957E2	3.2108E0	2.7423E6	
1490	-7.2166E-1	1.1195E2	3.2175E0	2.7445E6	
1491	-7.2281E-1	1.1025E2	3.2244E0	2.7467E6	
1492	-7.2495E-1	1.0708E2	3.2312E0	2.7489E6	
1493	-7.2441E-1	1.0788E2	3.2380E0	2.7511E6	
1494	-7.2517E-1	1.0674E2	3.2448E0	2.7534E6	
1495	-7.2594E-1	1.0561E2	3.2515E0	2.7556E6	
1496	-7.2655E-1	1.0471E2	3.2585E0	2.7578E6	
1497	-7.2449E-1	1.0776E2	3.2652E0	2.7600E6	
1498	-7.2754E-1	1.0323E2	3.2721E0	2.7622E6	
1499	-7.2517E-1	1.0674E2	3.2789E0	2.7645E6	
1500	-7.2647E-1	1.0482E2	3.2858E0	2.7667E6	
1501	-7.2701E-1	1.0403E2	3.2926E0	2.7689E6	
1502	-7.2952E-1	1.0029E2	3.2995E0	2.7711E6	
1503	-7.2647E-1	1.0482E2	3.3064E0	2.7733E6	
1504	-7.2762E-1	1.0312E2	3.3132E0	2.7756E6	
1505	-7.2815E-1	1.0233E2	3.3201E0	2.7778E6	
1506	-7.2830E-1	1.0210E2	3.3269E0	2.7800E6	
1507	-7.2792E-1	1.0267E2	3.3339E0	2.7822E6	
1508	-7.3021E-1	9.9271E1	3.3406E0	2.7844E6	
1509	-7.2922E-1	1.0074E2	3.3475E0	2.7867E6	
1510	-7.3242E-1	9.5987E1	3.3544E0	2.7889E6	
1511	-7.2968E-1	1.0006E2	3.3613E0	2.7911E6	
1512	-7.3074E-1	9.8478E1	3.3682E0	2.7933E6	
1513	-7.3029E-1	9.9158E1	3.3752E0	2.7955E6	
1514	-7.3196E-1	9.6667E1	3.3820E0	2.7978E6	
1515	-7.2998E-1	9.9610E1	3.3889E0	2.8000E6	
1516	-7.3044E-1	9.8931E1	3.3958E0	2.8022E6	
1517	-7.3288E-1	9.5308E1	3.4028E0	2.8044E6	
1518	-7.3181E-1	9.6893E1	3.4096E0	2.8066E6	
1519	-7.3067E-1	9.8591E1	3.4165E0	2.8089E6	
1520	-7.3265E-1	9.5647E1	3.4235E0	2.8111E6	
1521	-7.3082E-1	9.8365E1	3.4305E0	2.8133E6	
1522	-7.3380E-1	9.3949E1	3.4373E0	2.8155E6	
1523	-7.3235E-1	9.6100E1	3.4443E0	2.8177E6	
1524	-7.3212E-1	9.6440E1	3.4512E0	2.8200E6	
1525	-7.3380E-1	9.3949E1	3.4581E0	2.8222E6	
1526	-7.3311E-1	9.4968E1	3.4650E0	2.8244E6	
1527	-7.3387E-1	9.3836E1	3.4720E0	2.8266E6	
1528	-7.3387E-1	9.3836E1	3.4790E0	2.8288E6	
1529	-7.3433E-1	9.3157E1	3.4859E0	2.8311E6	
1530	-7.3341E-1	9.4515E1	3.4928E0	2.8333E6	
1531	-7.3425E-1	9.3270E1	3.4998E0	2.8355E6	
1532	-7.3303E-1	9.5081E1	3.5068E0	2.8377E6	
1533	-7.3364E-1	9.4176E1	3.5137E0	2.8399E6	
1534	-7.3257E-1	9.5761E1	3.5207E0	2.8422E6	
1535	-7.3433E-1	9.3157E1	3.5277E0	2.8444E6	
1536	-7.3395E-1	9.3723E1	3.5346E0	2.8466E6	
1537	-7.3410E-1	9.3496E1	3.5416E0	2.8488E6	
1538	-7.3311E-1	9.4968E1	3.5486E0	2.8510E6	
1539	-7.3395E-1	9.3723E1	3.5556E0	2.8533E6	
1540	-7.3845E-1	8.7042E1	3.5626E0	2.8555E6	
1541	-7.3540E-1	9.1571E1	3.5696E0	2.8577E6	
1542	-7.3631E-1	9.0213E1	3.5766E0	2.8599E6	
1543	-7.3433E-1	9.3157E1	3.5836E0	2.8621E6	
1544	-7.3631E-1	9.0213E1	3.5906E0	2.8644E6	
1545	-7.3448E-1	9.2930E1	3.5977E0	2.8666E6	
1546	-7.3776E-1	8.8061E1	3.6047E0	2.8688E6	
1547	-7.3570E-1	9.1118E1	3.6117E0	2.8710E6	
1548	-7.3685E-1	8.9420E1	3.6187E0	2.8732E6	
1549	-7.3761E-1	8.8288E1	3.6257E0	2.8755E6	
1550	-7.3730E-1	8.8741E1	3.6328E0	2.8777E6	
1551	-7.3807E-1	8.7608E1	3.6398E0	2.8799E6	
1552	-7.3647E-1	8.9986E1	3.6468E0	2.8821E6	
1553	-7.3631E-1	9.0213E1	3.6539E0	2.8843E6	
1554	-7.3769E-1	8.8175E1	3.6608E0	2.8866E6	
1555	-7.3708E-1	8.9080E1	3.6680E0	2.8888E6	
1556	-7.3822E-1	8.7382E1	3.6749E0	2.8910E6	
1557	-7.3662E-1	8.9760E1	3.6820E0	2.8932E6	
1558	-7.3830E-1	8.7269E1	3.6891E0	2.8954E6	
1559	-7.3997E-1	8.4778E1	3.6962E0	2.8977E6	
1560	-7.4120E-1	8.2966E1	3.7032E0	2.8999E6	
1561	-7.3822E-1	8.7382E1	3.7103E0	2.9021E6	
1562	-7.3967E-1	8.5231E1	3.7174E0	2.9043E6	
1563	-7.4158E-1	8.2400E1	3.7244E0	2.9065E6	
1564	-7.4150E-1	8.2513E1	3.7315E0	2.9088E6	
1565	-7.4043E-1	8.4098E1	3.7386E0	2.9110E6	
1566	-7.4203E-1	8.1721E1	3.7456E0	2.9132E6	
1567	-7.4036E-1	8.4212E1	3.7528E0	2.9154E6	
1568	-7.4036E-1	8.4212E1	3.7598E0	2.9176E6	
1569	-7.4051E-1	8.3985E1	3.7670E0	2.9199E6	
1570	-7.4318E-1	8.0022E1	3.7740E0	2.9221E6	
1571	-7.4173E-1	8.2174E1	3.7811E0	2.9243E6	
1572	-7.4493E-1	7.7418E1	3.7883E0	2.9265E6	
1573	-7.4371E-1	7.9230E1	3.7953E0	2.9287E6	
1574	-7.4333E-1	7.9796E1	3.8025E0	2.9310E6	
1575	-7.4043E-1	8.4098E1	3.8097E0	2.9332E6	
1576	-7.4356E-1	7.9456E1	3.8167E0	2.9354E6	
1577	-7.4623E-1	7.5493E1	3.8239E0	2.9376E6	
1578	-7.4226E-1	8.1381E1	3.8309E0	2.9398E6	
1579	-7.4432E-1	7.8324E1	3.8381E0	2.9421E6	
1580	-7.4509E-1	7.7192E1	3.8453E0	2.9443E6	
1581	-7.4432E-1	7.8324E1	3.8524E0	2.9465E6	
1582	-7.4722E-1	7.4021E1	3.8595E0	2.9487E6	
1583	-7.4638E-1	7.5267E1	3.8666E0	2.9509E6	
1584	-7.4547E-1	7.6626E1	3.8738E0	2.9532E6	
1585	-7.4677E-1	7.4701E1	3.8810E0	2.9554E6	
1586	-7.4661E-1	7.4927E1	3.8882E0	2.9576E6	
1587	-7.4806E-1	7.2776E1	3.8953E0	2.9598E6	
1588	-7.4615E-1	7.5607E1	3.9024E0	2.9620E6	
1589	-7.4837E-1	7.2323E1	3.9097E0	2.9643E6	
1590	-7.4974E-1	7.0285E1	3.9167E0	2.9665E6	
1591	-7.4760E-1	7.3455E1	3.9240E0	2.9687E6	
1592	-7.4913E-1	7.1191E1	3.9311E0	2.9709E6	
1593	-7.4852E-1	7.2097E1	3.9382E0	2.9731E6	
1594	-7.4867E-1	7.1870E1	3.9455E0	2.9754E6	
1595	-7.4661E-1	7.4927E1	3.9527E0	2.9776E6	
1596	-7.4677E-1	7.4701E1	3.9598E0	2.9798E6	
1597	-7.4913E-1	7.1191E1	3.9670E0	2.9820E6	
1598	-7.4753E-1	7.3568E1	3.9742E0	2.9842E6	
1599	-7.4982E-1	7.0172E1	3.9814E0	2.9865E6	
1600	-7.4707E-1	7.4248E1	3.9887E0	2.9887E6	
1601	-7.4722E-1	7.4021E1	3.9959E0	2.9909E6	
1602	-7.5043E-1	6.9266E1	4.0030E0	2.9931E6	
1603	-7.5104E-1	6.8360E1	4.0103E0	2.9953E6	
1604	-7.4791E-1	7.3002E1	4.0175E0	2.9976E6	
1605	-7.4989E-1	7.0058E1	4.0246E0	2.9998E6	
1606	-7.4959E-1	7.0511E1	4.0319E0	3.0020E6	
1607	-7.4997E-1	6.9945E1	4.0392E0	3.0042E6	
1608	-7.5104E-1	6.8360E1	4.0463E0	3.0064E6	
1609	-7.4890E-1	7.1530E1	4.0535E0	3.0087E6	
1610	-7.5027E-1	6.9492E1	4.0608E0	3.0109E6	
1611	-7.5172E-1	6.7341E1	4.0681E0	3.0131E6	
1612	-7.4844E-1	7.2210E1	4.0753E0	3.0153E6	
1613	-7.5157E-1	6.7568E1	4.0826E0	3.0175E6	
1614	-7.4944E-1	7.0738E1	4.0899E0	3.0198E6	
1615	-7.5302E-1	6.5416E1	4.0971E0	3.0220E6	
1616	-7.5203E-1	6.6888E1	4.1043E0	3.0242E6	
1617	-7.5111E-1	6.8247E1	4.1116E0	3.0264E6	
1618	-7.5256E-1	6.6096E1	4.1187E0	3.0286E6	
1619	-7.5241E-1	6.6322E1	4.1261E0	3.0309E6	
1620	-7.5180E-1	6.7228E1	4.1333E0	3.0331E6	
1621	-7.5317E-1	6.5190E1	4.1406E0	3.0353E6	
1622	-7.5409E-1	6.3831E1	4.1479E0	3.0375E6	
1623	-7.5157E-1	6.7568E1	4.1553E0	3.0397E6	
1624	-7.5302E-1	6.5416E1	4.1625E0	3.0420E6	
1625	-7.5554E-1	6.1680E1	4.1698E0	3.0442E6	
1626	-7.5401E-1	6.3944E1	4.1771E0	3.0464E6	
1627	-7.5554E-1	6.1680E1	4.1844E0	3.0486E6	
1628	-7.5531E-1	6.2019E1	4.1917E0	3.0508E6	
1629	-7.5279E-1	6.5756E1	4.1990E0	3.0531E6	
1630	-7.5531E-1	6.2019E1	4.2062E0	3.0553E6	
1631	-7.5691E-1	5.9642E1	4.2136E0	3.0575E6	
1632	-7.5783E-1	5.8283E1	4.2209E0	3.0597E6	
1633	-7.5638E-1	6.0434E1	4.2281E0	3.0619E6	
1634	-7.5775E-1	5.8396E1	4.2355E0	3.0642E6	
1635	-7.5729E-1	5.9076E1	4.2428E0	3.0664E6	
1636	-7.5706E-1	5.9415E1	4.2501E0	3.0686E6	
1637	-7.5951E-1	5.5792E1	4.2574E0	3.0708E6	
1638	-7.5790E-1	5.8170E1	4.2648E0	3.0730E6	
1639	-7.6180E-1	5.2395E1	4.2721E0	3.0753E6	
1640	-7.6157E-1	5.2735E1	4.2794E0	3.0775E6	
1641	-7.5844E-1	5.7377E1	4.2868E0	3.0797E6	
1642	-7.5905E-1	5.6471E1	4.2941E0	3.0819E6	
1643	-7.5928E-1	5.6132E1	4.3014E0	3.0841E6	
1644	-7.5974E-1	5.5452E1	4.3087E0	3.0864E6	
1645	-7.6065E-1	5.4094E1	4.3161E0	3.0886E6	
1646	-7.5874E-1	5.6924E1	4.3235E0	3.0908E6	
1647	-7.6111E-1	5.3414E1	4.3308E0	3.0930E6	
1648	-7.6042E-1	5.4433E1	4.3381E0	3.0952E6	
1649	-7.6050E-1	5.4320E1	4.3456E0	3.0975E6	
1650	-7.6027E-1	5.4660E1	4.3529E0	3.0997E6	
1651	-7.6149E-1	5.2848E1	4.3603E0	3.1019E6	
1652	-7.6263E-1	5.1150E1	4.3676E0	3.1041E6	
1653	-7.6035E-1	5.4547E1	4.3751E0	3.1063E6	
1654	-7.6355E-1	4.9791E1	4.3824E0	3.1086E6	
1655	-7.6393E-1	4.9225E1	4.3898E0	3.1108E6	
1656	-7.6111E-1	5.3414E1	4.3971E0	3.1130E6	
1657	-7.6309E-1	5.0470E1	4.4044E0	3.1152E6	
1658	-7.6332E-1	5.0131E1	4.4118E0	3.1174E6	
1659	-7.6180E-1	5.2395E1	4.4193E0	3.1197E6	
1660	-7.6096E-1	5.3641E1	4.4267E0	3.1219E6	
1661	-7.6225E-1	5.1716E1	4.4341E0	3.1241E6	
1662	-7.6187E-1	5.2282E1	4.4415E0	3.1263E6	
1663	-7.6508E-1	4.7527E1	4.4488E0	3.1285E6	
1664	-7.6309E-1	5.0470E1	4.4562E0	3.1308E6	
1665	-7.6225E-1	5.1716E1	4.4636E0	3.1330E6	
1666	-7.6431E-1	4.8659E1	4.4710E0	3.1352E6	
1667	-7.6385E-1	4.9338E1	4.4784E0	3.1374E6	
1668	-7.6340E-1	5.0018E1	4.4858E0	3.1396E6	
1669	-7.6271E-1	5.1037E1	4.4931E0	3.1419E6	
1670	-7.6370E-1	4.9565E1	4.5007E0	3.1441E6	
1671	-7.6385E-1	4.9338E1	4.5081E0	3.1463E6	
1672	-7.6729E-1	4.4243E1	4.5155E0	3.1485E6	
1673	-7.6546E-1	4.6960E1	4.5229E0	3.1507E6	
1674	-7.6508E-1	4.7527E1	4.5302E0	3.1530E6	
1675	-7.6324E-1	5.0244E1	4.5377E0	3.1552E6	
1676	-7.6653E-1	4.5375E1	4.5452E0	3.1574E6	
1677	-7.6546E-1	4.6960E1	4.5525E0	3.1596E6	
1678	-7.6820E-1	4.2884E1	4.5600E0	3.1618E6	
1679	-7.6675E-1	4.5036E1	4.5675E0	3.1641E6	
1680	-7.6515E-1	4.7413E1	4.5749E0	3.1663E6	
1681	-7.6706E-1	4.4583E1	4.5823E0	3.1685E6	
1682	-7.6813E-1	4.2998E1	4.5897E0	3.1707E6	
1683	-7.6927E-1	4.1299E1	4.5971E0	3.1729E6	
1684	-7.6836E-1	4.2658E1	4.6046E0	3.1752E6	
1685	-7.6859E-1	4.2318E1	4.6121E0	3.1774E6	
1686	-7.7065E-1	3.9261E1	4.6195E0	3.1796E6	
1687	-7.7011E-1	4.0054E1	4.6270E0	3.1818E6	
1688	-7.6859E-1	4.2318E1	4.6344E0	3.1840E6	
1689	-7.6874E-1	4.2092E1	4.6419E0	3.1863E6	
1690	-7.7118E-1	3.8469E1	4.6494E0	3.1885E6	
1691	-7.7156E-1	3.7902E1	4.6568E0	3.1907E6	
1692	-7.7248E-1	3.6544E1	4.6642E0	3.1929E6	
1693	-7.7011E-1	4.0054E1	4.6717E0	3.1951E6	
1694	-7.7248E-1	3.6544E1	4.6791E0	3.1974E6	
1695	-7.7126E-1	3.8355E1	4.6866E0	3.1996E6	
1696	-7.7263E-1	3.6317E1	4.6941E0	3.2018E6	
1697	-7.7103E-1	3.8695E1	4.7016E0	3.2040E6	
1698	-7.7171E-1	3.7676E1	4.7090E0	3.2062E6	
1699	-7.7499E-1	3.2807E1	4.7164E0	3.2085E6	
1700	-7.7225E-1	3.6883E1	4.7239E0	3.2107E6	
1701	-7.7446E-1	3.3600E1	4.7314E0	3.2129E6	
1702	-7.7370E-1	3.4732E1	4.7388E0	3.2151E6	
1703	-7.7614E-1	3.1109E1	4.7463E0	3.2173E6	
1704	-7.7644E-1	3.0656E1	4.7537E0	3.2196E6	
1705	-7.7652E-1	3.0543E1	4.7612E0	3.2218E6	
1706	-7.7454E-1	3.3487E1	4.7687E0	3.2240E6	
1707	-7.7621E-1	3.0996E1	4.7763E0	3.2262E6	
1708	-7.7446E-1	3.3600E1	4.7837E0	3.2284E6	
1709	-7.7461E-1	3.3373E1	4.7912E0	3.2307E6	
1710	-7.7637E-1	3.0769E1	4.7987E0	3.2329E6	
1711	-7.7423E-1	3.3939E1	4.8062E0	3.2351E6	
1712	-7.7591E-1	3.1449E1	4.8138E0	3.2373E6	
1713	-7.7614E-1	3.1109E1	4.8212E0	3.2395E6	
1714	-7.7911E-1	2.6693E1	4.8286E0	3.2418E6	
1715	-7.7576E-1	3.1675E1	4.8362E0	3.2440E6	
1716	-7.7675E-1	3.0203E1	4.8436E0	3.2462E6	
1717	-7.7538E-1	3.2241E1	4.8510E0	3.2484E6	
1718	-7.7576E-1	3.1675E1	4.8588E0	3.2506E6	
1719	-7.7789E-1	2.8505E1	4.8661E0	3.2529E6	
1720	-7.7759E-1	2.8958E1	4.8736E0	3.2551E6	
1721	-7.7858E-1	2.7486E1	4.8811E0	3.2573E6	
1722	-7.7736E-1	2.9297E1	4.8887E0	3.2595E6	
1723	-7.7705E-1	2.9750E1	4.8961E0	3.2617E6	
1724	-7.7736E-1	2.9297E1	4.9036E0	3.2640E6	
1725	-7.7660E-1	3.0429E1	4.9111E0	3.2662E6	
1726	-7.7721E-1	2.9524E1	4.9186E0	3.2684E6	
1727	-7.7873E-1	2.7259E1	4.9261E0	3.2706E6	
1728	-7.7751E-1	2.9071E1	4.9336E0	3.2728E6	
1729	-7.7789E-1	2.8505E1	4.9412E0	3.2751E6	
1730	-7.7942E-1	2.6240E1	4.9486E0	3.2773E6	
1731	-7.7660E-1	3.0429E1	4.9563E0	3.2795E6	
1732	-7.7789E-1	2.8505E1	4.9637E0	3.2817E6	
1733	-7.8140E-1	2.3296E1	4.9711E0	3.2839E6	
1734	-7.8018E-1	2.5108E1	4.9787E0	3.2862E6	
1735	-7.8255E-1	2.1598E1	4.9862E0	3.2884E6	
1736	-7.8178E-1	2.2730E1	4.9937E0	3.2906E6	
1737	-7.7911E-1	2.6693E1	5.0013E0	3.2928E6	
1738	-7.8186E-1	2.2617E1	5.0088E0	3.2950E6	
1739	-7.8011E-1	2.5221E1	5.0163E0	3.2973E6	
1740	-7.8125E-1	2.3523E1	5.0238E0	3.2995E6	
1741	-7.8094E-1	2.3976E1	5.0313E0	3.3017E6	
1742	-7.8178E-1	2.2730E1	5.0389E0	3.3039E6	
1743	-7.8423E-1	1.9107E1	5.0465E0	3.3061E6	
1744	-7.8262E-1	2.1485E1	5.0539E0	3.3084E6	
1745	-7.8255E-1	2.1598E1	5.0615E0	3.3106E6	
1746	-7.8278E-1	2.1258E1	5.0690E0	3.3128E6	
1747	-7.8468E-1	1.8428E1	5.0766E0	3.3150E6	
1748	-7.8621E-1	1.6163E1	5.0840E0	3.3172E6	
1749	-7.8262E-1	2.1485E1	5.0916E0	3.3195E6	
1750	-7.8430E-1	1.8994E1	5.0991E0	3.3217E6	
1751	-7.8552E-1	1.7182E1	5.1067E0	3.3239E6	
1752	-7.8583E-1	1.6729E1	5.1142E0	3.3261E6	
1753	-7.8392E-1	1.9560E1	5.1217E0	3.3283E6	
1754	-7.8598E-1	1.6503E1	5.1293E0	3.3306E6	
1755	-7.8667E-1	1.5484E1	5.1368E0	3.3328E6	
1756	-7.8598E-1	1.6503E1	5.1443E0	3.3350E6	
1757	-7.8789E-1	1.3672E1	5.1518E0	3.3372E6	
1758	-7.8720E-1	1.4691E1	5.1594E0	3.3394E6	
1759	-7.8621E-1	1.6163E1	5.1670E0	3.3417E6	
1760	-7.8789E-1	1.3672E1	5.1744E0	3.3439E6	
1761	-7.8926E-1	1.1634E1	5.1821E0	3.3461E6	
1762	-7.8934E-1	1.1521E1	5.1895E0	3.3483E6	
1763	-7.8934E-1	1.1521E1	5.1971E0	3.3505E6	
1764	-7.8819E-1	1.3219E1	5.2045E0	3.3528E6	
1765	-7.8995E-1	1.0615E1	5.2121E0	3.3550E6	
1766	-7.9010E-1	1.0389E1	5.2196E0	3.3572E6	
1767	-7.8850E-1	1.2766E1	5.2272E0	3.3594E6	
1768	-7.9002E-1	1.0502E1	5.2347E0	3.3616E6	
1769	-7.9018E-1	1.0275E1	5.2423E0	3.3639E6	
1770	-7.8957E-1	1.1181E1	5.2497E0	3.3661E6	
1771	-7.9163E-1	8.1240E0	5.2574E0	3.3683E6	
1772	-7.8880E-1	1.2313E1	5.2649E0	3.3705E6	
1773	-7.9048E-1	9.8224E0	5.2723E0	3.3727E6	
1774	-7.9102E-1	9.0298E0	5.2799E0	3.3750E6	
1775	-7.9353E-1	5.2934E0	5.2874E0	3.3772E6	
1776	-7.9163E-1	8.1240E0	5.2949E0	3.3794E6	
1777	-7.9086E-1	9.2563E0	5.3025E0	3.3816E6	
1778	-7.9155E-1	8.2372E0	5.3100E0	3.3838E6	
1779	-7.9063E-1	9.5959E0	5.3176E0	3.3861E6	
1780	-7.9140E-1	8.4637E0	5.3251E0	3.3883E6	
1781	-7.9048E-1	9.8224E0	5.3326E0	3.3905E6	
1782	-7.9353E-1	5.2934E0	5.3400E0	3.3927E6	
1783	-7.9376E-1	4.9537E0	5.3476E0	3.3949E6	
1784	-7.9231E-1	7.1050E0	5.3551E0	3.3972E6	
1785	-7.9292E-1	6.1992E0	5.3626E0	3.3994E6	
1786	-7.9338E-1	5.5198E0	5.3702E0	3.4016E6	
1787	-7.9575E-1	2.0098E0	5.3777E0	3.4038E6	
1788	-7.9063E-1	9.5959E0	5.3851E0	3.4060E6	
1789	-7.9193E-1	7.6711E0	5.3927E0	3.4083E6	
1790	-7.9361E-1	5.1801E0	5.4002E0	3.4105E6	
1791	-7.9552E-1	2.3495E0	5.4078E0	3.4127E6	
1792	-7.9453E-1	3.8214E0	5.4153E0	3.4149E6	
1793	-7.9391E-1	4.7272E0	5.4228E0	3.4171E6	
1794	-7.9353E-1	5.2934E0	5.4303E0	3.4194E6	
1795	-7.9582E-1	1.8966E0	5.4379E0	3.4216E6	
1796	-7.9430E-1	4.1611E0	5.4453E0	3.4238E6	
1797	-7.9628E-1	1.2172E0	5.4468E0	3.4242E6	
1798	-7.9628E-1	1.2172E0	5.4468E0	3.4242E6	
1799	-7.9628E-1	1.2172E0	5.4468E0	3.4242E6	
1800	-7.9628E-1	1.2172E0	5.4468E0	3.4242E6	
1801	-7.9628E-1	1.2172E0	5.4468E0	3.4242E6	
1802	-7.9628E-1	1.2172E0	5.4468E0	3.4242E6	
1803	-7.9628E-1	1.2172E0	5.4468E0	3.4242E6	
1804	-7.9628E-1	1.2172E0	5.4468E0	3.4242E6	
1805	-7.9628E-1	1.2172E0	5.4468E0	3.4242E6	
1806	-7.9628E-1	1.2172E0	5.4468E0	3.4242E6	
1807	-7.9628E-1	1.2172E0	5.4468E0	3.4242E6	
1808	-7.9628E-1	1.2172E0	5.4468E0	3.4242E6	
1809	-7.9628E-1	1.2172E0	5.4468E0	3.4242E6	
1810	-7.9628E-1	1.2172E0	5.4468E0	3.4242E6	
1811	-7.9628E-1	1.2172E0	5.4468E0	3.4242E6	
1812	-7.9628E-1	1.2172E0	5.4468E0	3.4242E6	
1813	-7.9628E-1	1.2172E0	5.4468E0	3.4242E6	
1814	-7.9628E-1	1.2172E0	5.4468E0	3.4242E6	
1815	-7.9628E-1	1.2172E0	5.4468E0	3.4242E6	
1816	-7.9628E-1	1.2172E0	5.4468E0	3.4242E6	
1817	-7.9628E-1	1.2172E0	5.4468E0	3.4242E6	
1818	-7.9628E-1	1.2172E0	5.4468E0	3.4242E6	
1819	-7.9628E-1	1.2172E0	5.4468E0	3.4242E6	
1820	-7.9628E-1	1.2172E0	5.4468E0	3.4242E6	
1821	-7.9628E-1	1.2172E0	5.4468E0	3.4242E6	
1822	-7.9628E-1	1.2172E0	5.4468E0	3.4242E6	
1823	-7.9628E-1	1.2172E0	5.4468E0	3.4242E6	
1824	-7.9628E-1	1.2172E0	5.4468E0	3.4242E6	
1825	-7.9628E-1	1.2172E0	5.4468E0	3.4242E6	
1826	-7.9628E-1	1.2172E0	5.4468E0	3.4242E6	
1827	-7.9628E-1	1.2172E0	5.4468E0	3.4242E6	
1828	-7.9628E-1	1.2172E0	5.4468E0	3.4242E6	
1829	-7.9628E-1	1.2172E0	5.4468E0	3.4242E6	
1830	-7.9628E-1	1.2172E0	5.4468E0	3.4242E6	
1831	-7.9628E-1	1.2172E0	5.4468E0	3.4242E6	
1832	-7.9628E-1	1.2172E0	5.4468E0	3.4242E6	
1833	-7.9628E-1	1.2172E0	5.4468E0	3.4242E6	
1834	-7.9628E-1	1.2172E0	5.4468E0	3.4242E6	
1835	-7.9628E-1	1.2172E0	5.4468E0	3.4242E6	
1836	-7.9628E-1	1.2172E0	5.4468E0	3.4242E6	
1837	-7.9628E-1	1.2172E0	5.4468E0	3.4242E6	
1838	-7.9628E-1	1.2172E0	5.4468E0	3.4242E6	
1839	-7.9628E-1	1.2172E0	5.4468E0	3.4242E6	
1840	-7.9628E-1	1.2172E0	5.4468E0	3.4242E6	
1841	-7.9628E-1	1.2172E0	5.4468E0	3.4242E6	
1842	-7.9628E-1	1.2172E0	5.4468E0	3.4242E6	
1843	-7.9628E-1	1.2172E0	5.4468E0	3.4242E6	
1844	-7.9628E-1	1.2172E0	5.4468E0	3.4242E6	
1845	-7.9628E-1	1.2172E0	5.4468E0	3.4242E6	
1846	-7.9628E-1	1.2172E0	5.4468E0	3.4242E6	
1847	-7.9628E-1	1.2172E0	5.4468E0	3.4242E6	
1848	-7.9628E-1	1.2172E0	5.4468E0	3.4242E6	
1849	-7.9628E-1	1.2172E0	5.4468E0	3.4242E6	
1850	-7.9628E-1	1.2172E0	5.4468E0	3.4242E6	
1851	-7.9628E-1	1.2172E0	5.4468E0	3.4242E6	
1852	-7.9628E-1	1.2172E0	5.4468E0	3.4242E6	
1853	-7.9628E-1	1.2172E0	5.4468E0	3.4242E6	
1854	-7.9628E-1	1.2172E0	5.4468E0	3.4242E6	
1855	-7.9628E-1	1.2172E0	5.4468E0	3.4242E6	
1856	-7.9628E-1	1.2172E0	5.4468E0	3.4242E6	
1857	-7.9628E-1	1.2172E0	5.4468E0	3.4242E6	
1858	-7.9628E-1	1.2172E0	5.4468E0	3.4242E6	
1859	-7.9628E-1	1.2172E0	5.4468E0	3.4242E6	
1860	-7.9628E-1	1.2172E0	5.4468E0	3.4242E6	
1861	-7.9628E-1	1.2172E0	5.4468E0	3.4242E6	
1862	-7.9628E-1	1.2172E0	5.4468E0	3.4242E6	
1863	-7.9628E-1	1.2172E0	5.4468E0	3.4242E6	
1864	-7.9628E-1	1.2172E0	5.4468E0	3.4242E6	
1865	-7.9628E-1	1.2172E0	5.4468E0	3.4242E6	
1866	-7.9628E-1	1.2172E0	5.4468E0	3.4242E6	
1867	-7.9628E-1	1.2172E0	5.4468E0	3.4242E6	
1868	-7.9628E-1	1.2172E0	5.4468E0	3.4242E6	
1869	-7.9628E-1	1.2172E0	5.4468E0	3.4242E6	
1870	-7.9628E-1	1.2172E0	5.4468E0	3.4242E6	
1871	-7.9628E-1	1.2172E0	5.4468E0	3.4242E6	
1872	-7.9628E-1	1.2172E0	5.4468E0	3.4242E6	
1873	-7.9628E-1	1.2172E0	5.4468E0	3.4242E6	
1874	-7.9628E-1	1.2172E0	5.4468E0	3.4242E6	
1875	-7.9628E-1	1.2172E0	5.4468E0	3.4242E6	
1876	-7.9628E-1	1.2172E0	5.4468E0	3.4242E6	
1877	-7.9628E-1	1.2172E0	5.4468E0	3.4242E6	
1878	-7.9628E-1	1.2172E0	5.4468E0	3.4242E6	
1879	-7.9628E-1	1.2172E0	5.4468E0	3.4242E6	
1880	-7.9628E-1	1.2172E0	5.4468E0	3.4242E6	
1881	-7.9628E-1	1.2172E0	5.4468E0	3.4242E6	
1882	-7.9628E-1	1.2172E0	5.4468E0	3.4242E6	
1883	-7.9628E-1	1.2172E0	5.4468E0	3.4242E6	
1884	-7.9628E-1	1.2172E0	5.4468E0	3.4242E6	
1885	-7.9628E-1	1.2172E0	5.4468E0	3.4242E6	
1886	-7.9628E-1	1.2172E0	5.4468E0	3.4242E6	
1887	-7.9628E-1	1.2172E0	5.4468E0	3.4242E6	
1888	-7.9628E-1	1.2172E0	5.4468E0	3.4242E6	
1889	-7.9628E-1	1.2172E0	5.4468E0	3.4242E6	
1890	-7.9628E-1	1.2172E0	5.4468E0	3.4242E6	
1891	-7.9628E-1	1.2172E0	5.4468E0	3.4242E6	
1892	-7.9628E-1	1.2172E0	5.4468E0	3.4242E6	
1893	-7.9628E-1	1.2172E0	5.4468E0	3.4242E6	
1894	-7.9628E-1	1.2172E0	5.4468E0	3.4242E6	
1895	-7.9628E-1	1.2172E0	5.4468E0	3.4242E6	
1896	-7.9628E-1	1.2172E0	5.4468E0	3.4242E6	
1897	-7.9628E-1	1.2172E0	5.4468E0	3.4242E6	
1898	-7.9628E-1	1.2172E0	5.4468E0	3.4242E6	
1899	-7.9628E-1	1.2172E0	5.4468E0	3.4242E6	
1900	-7.9628E-1	1.2172E0	5.4468E0	3.4242E6	
1901	-7.9628E-1	1.2172E0	5.4468E0	3.4242E6	
1902	-7.9628E-1	1.2172E0	5.4468E0	3.4242E6	
1903	-7.9628E-1	1.2172E0	5.4468E0	3.4242E6	
1904	-7.9628E-1	1.2172E0	5.4468E0	3.4242E6	
1905	-7.9628E-1	1.2172E0	5.4468E0	3.4242E6	
1906	-7.9628E-1	1.2172E0	5.4468E0	3.4242E6	
1907	-7.9628E-1	1.2172E0	5.4468E0	3.4242E6	
1908	-7.9628E-1	1.2172E0	5.4468E0	3.4242E6	
1909	-7.9628E-1	1.2172E0	5.4468E0	3.4242E6	
1910	-7.9628E-1	1.2172E0	5.4468E0	3.4242E6	
1911	-7.9628E-1	1.2172E0	5.4468E0	3.4242E6	
1912	-7.9628E-1	1.2172E0	5.4468E0	3.4242E6	
1913	-7.9628E-1	1.2172E0	5.4468E0	3.4242E6	
1914	-7.9628E-1	1.2172E0	5.4468E0	3.4242E6	
1915	-7.9628E-1	1.2172E0	5.4468E0	3.4242E6	
1916	-7.9628E-1	1.2172E0	5.4468E0	3.4242E6	
1917	-7.9628E-1	1.2172E0	5.4468E0	3.4242E6	
1918	-7.9628E-1	1.2172E0	5.4468E0	3.4242E6	
1919	-7.9628E-1	1.2172E0	5.4468E0	3.4242E6	
1920	-7.9628E-1	1.2172E0	5.4468E0	3.4242E6	
1921	-7.9628E-1	1.2172E0	5.4468E0	3.4242E6	
1922	-7.9628E-1	1.2172E0	5.4468E0	3.4242E6	
1923	-7.9628E-1	1.2172E0	5.4468E0	3.4242E6	
1924	-7.9628E-1	1.2172E0	5.4468E0	3.4242E6	
1925	-7.9628E-1	1.2172E0	5.4468E0	3.4242E6	
1926	-7.9628E-1	1.2172E0	5.4468E0	3.4242E6	
1927	-7.9628E-1	1.2172E0	5.4468E0	3.4242E6	
1928	-7.9628E-1	1.2172E0	5.4468E0	3.4242E6	
1929	-7.9628E-1	1.2172E0	5.4468E0	3.4242E6	
1930	-7.9628E-1	1.2172E0	5.4468E0	3.4242E6	
1931	-7.9628E-1	1.2172E0	5.4468E0	3.4242E6	
1932	-7.9628E-1	1.2172E0	5.4468E0	3.4242E6	
1933	-7.9628E-1	1.2172E0	5.4468E0	3.4242E6	
1934	-7.9628E-1	1.2172E0	5.4468E0	3.4242E6	
1935	-7.9628E-1	1.2172E0	5.4468E0	3.4242E6	
1936	-7.9628E-1	1.2172E0	5.4468E0	3.4242E6	
1937	-7.9628E-1	1.2172E0	5.4468E0	3.4242E6	
1938	-7.9628E-1	1.2172E0	5.4468E0	3.4242E6	
1939	-7.9628E-1	1.2172E0	5.4468E0	3.4242E6	
1940	-7.9628E-1	1.2172E0	5.4468E0	3.4242E6	
1941	-7.9628E-1	1.2172E0	5.4468E0	3.4242E6	
1942	-7.9628E-1	1.2172E0	5.4468E0	3.4242E6	
1943	-7.9628E-1	1.2172E0	5.4468E0	3.4242E6	
1944	-7.9628E-1	1.2172E0	5.4468E0	3.4242E6	
1945	-7.9628E-1	1.2172E0	5.4468E0	3.4242E6	
1946	-7.9628E-1	1.2172E0	5.4468E0	3.4242E6	
1947	-7.9628E-1	1.2172E0	5.4468E0	3.4242E6	
1948	-7.9628E-1	1.2172E0	5.4468E0	3.4242E6	
1949	-7.9628E-1	1.2172E0	5.4468E0	3.4242E6	
1950	-7.9628E-1	1.2172E0	5.4468E0	3.4242E6	
1951	-7.9628E-1	1.2172E0	5.4468E0	3.4242E6	
1952	-7.9628E-1	1.2172E0	5.4468E0	3.4242E6	
1953	-7.9628E-1	1.2172E0	5.4468E0	3.4242E6	
1954	-7.9628E-1	1.2172E0	5.4468E0	3.4242E6	
1955	-7.9628E-1	1.2172E0	5.4468E0	3.4242E6	
1956	-7.9628E-1	1.2172E0	5.4468E0	3.4242E6	
1957	-7.9628E-1	1.2172E0	5.4468E0	3.4242E6	
1958	-7.9628E-1	1.2172E0	5.4468E0	3.4242E6	
1959	-7.9628E-1	1.2172E0	5.4468E0	3.4242E6	
1960	-7.9628E-1	1.2172E0	5.4468E0	3.4242E6	
1961	-7.9628E-1	1.2172E0	5.4468E0	3.4242E6	
1962	-7.9628E-1	1.2172E0	5.4468E0	3.4242E6	
1963	-7.9628E-1	1.2172E0	5.4468E0	3.4242E6	
1964	-7.9628E-1	1.2172E0	5.4468E0	3.4242E6	
1965	-7.9628E-1	1.2172E0	5.4468E0	3.4242E6	
1966	-7.9628E-1	1.2172E0	5.4468E0	3.4242E6	
1967	-7.9628E-1	1.2172E0	5.4468E0	3.4242E6	
1968	-7.9628E-1	1.2172E0	5.4468E0	3.4242E6	
1969	-7.9628E-1	1.2172E0	5.4468E0	3.4242E6	
1970	-7.9628E-1	1.2172E0	5.4468E0	3.4242E6	
1971	-7.9628E-1	1.2172E0	5.4468E0	3.4242E6	
1972	-7.9628E-1	1.2172E0	5.4468E0	3.4242E6	
1973	-7.9628E-1	1.2172E0	5.4468E0	3.4242E6	
1974	-7.9628E-1	1.2172E0	5.4468E0	3.4242E6	
1975	-7.9628E-1	1.2172E0	5.4468E0	3.4242E6	
1976	-7.9628E-1	1.2172E0	5.4468E0	3.4242E6	
1977	-7.9628E-1	1.2172E0	5.4468E0	3.4242E6	
1978	-7.9628E-1	1.2172E0	5.4468E0	3.4242E6	
1979	-7.9628E-1	1.2172E0	5.4468E0	3.4242E6	
1980	-7.9628E-1	1.2172E0	5.4468E0	3.4242E6	
1981	-7.9628E-1	1.2172E0	5.4468E0	3.4242E6	
1982	-7.9628E-1	1.2172E0	5.4468E0	3.4242E6	
1983	-7.9628E-1	1.2172E0	5.4468E0	3.4242E6	
1984	-7.9628E-1	1.2172E0	5.4468E0	3.4242E6	
1985	-7.9628E-1	1.2172E0	5.4468E0	3.4242E6	
1986	-7.9628E-1	1.2172E0	5.4468E0	3.4242E6	
1987	-7.9628E-1	1.2172E0	5.4468E0	3.4242E6	
1988	-7.9628E-1	1.2172E0	5.4468E0	3.4242E6	
1989	-7.9628E-1	1.2172E0	5.4468E0	3.4242E6	
1990	-7.9628E-1	1.2172E0	5.4468E0	3.4242E6	
1991	-7.9628E-1	1.2172E0	5.4468E0	3.4242E6	
1992	-7.9628E-1	1.2172E0	5.4468E0	3.4242E6	
1993	-7.9628E-1	1.2172E0	5.4468E0	3.4242E6	
1994	-7.9628E-1	1.2172E0	5.4468E0	3.4242E6	
1995	-7.9628E-1	1.2172E0	5.4468E0	3.4242E6	
1996	-7.9628E-1	1.2172E0	5.4468E0	3.4242E6	
1997	-7.9628E-1	1.2172E0	5.4468E0	3.4242E6	
1998	-7.9628E-1	1.2172E0	5.4468E0	3.4242E6	
1999	-7.9628E-1	1.2172E0	5.4468E0	3.4242E6	
2000	-7.9628E-1	1.2172E0	5.4468E0	3.4242E6	
2001	-7.9628E-1	1.2172E0	5.4468E0	3.4242E6	
2002	-7.9628E-1	1.2172E0	5.4468E0	3.4242E6	
2003	-7.9628E-1	1.2172E0	5.4468E0	3.4242E6	
2004	-7.9628E-1	1.2172E0	5.4468E0	3.4242E6	
2005	-7.9628E-1	1.2172E0	5.4468E0	3.4242E6	
2006	-7.9628E-1	1.2172E0	5.4468E0	3.4242E6	
2007	-7.9628E-1	1.2172E0	5.4468E0	3.4242E6	
2008	-7.9628E-1	1.2172E0	5.4468E0	3.4242E6	
2009	-7.9628E-1	1.2172E0	5.4468E0	3.4242E6	
2010	-7.9628E-1	1.2172E0	5.4468E0	3.4242E6	
2011	-7.9628E-1	1.2172E0	5.4468E0	3.4242E6	
2012	-7.9628E-1	1.2172E0	5.4468E0	3.4242E6	
2013	-7.9628E-1	1.2172E0	5.4468E0	3.4242E6	
2014	-7.9628E-1	1.2172E0	5.4468E0	3.4242E6	
2015	-7.9628E-1	1.2172E0	5.4468E0	3.4242E6	
2016	-7.9628E-1	1.2172E0	5.4468E0	3.4242E6	
2017	-7.9628E-1	1.2172E0	5.4468E0	3.4242E6	
2018	-7.9628E-1	1.2172E0	5.4468E0	3.4242E6	
2019	-7.9628E-1	1.2172E0	5.4468E0	3.4242E6	
2020	-7.9628E-1	1.2172E0	5.4468E0	3.4242E6	
2021	-7.9628E-1	1.2172E0	5.4468E0	3.4242E6	
2022	-7.9628E-1	1.2172E0	5.4468E0	3.4242E6	
2023	-7.9628E-1	1.2172E0	5.4468E0	3.4242E6	
2024	-7.9628E-1	1.2172E0	5.4468E0	3.4242E6	
2025	-7.9628E-1	1.2172E0	5.4468E0	3.4242E6	
2026	-7.9628E-1	1.2172E0	5.4468E0	3.4242E6	
2027	-7.9628E-1	1.2172E0	5.4468E0	3.4242E6	
2028	-7.9628E-1	1.2172E0	5.4468E0	3.4242E6	
2029	-7.9628E-1	1.2172E0	5.4468E0	3.4242E6	
2030	-7.9628E-1	1.2172E0	5.4468E0	3.4242E6	
2031	-7.9628E-1	1.2172E0	5.4468E0	3.4242E6	
2032	-7.9628E-1	1.2172E0	5.4468E0	3.4242E6	
2033	-7.9628E-1	1.2172E0	5.4468E0	3.4242E6	
2034	-7.9628E-1	1.2172E0	5.4468E0	3.4242E6	
2035	-7.9628E-1	1.2172E0	5.4468E0	3.4242E6	
2036	-7.9628E-1	1.2172E0	5.4468E0	3.4242E6	
2037	-7.9628E-1	1.2172E0	5.4468E0	3.4242E6	
2038	-7.9628E-1	1.2172E0	5.4468E0	3.4242E6	
2039	-7.9628E-1	1.2172E0	5.4468E0	3.4242E6	
2040	-7.9628E-1	1.2172E0	5.4468E0	3.4242E6	
2041	-7.9628E-1	1.2172E0	5.4468E0	3.4242E6	
2042	-7.9628E-1	1.2172E0	5.4468E0	3.4242E6	
2043	-7.9628E-1	1.2172E0	5.4468E0	3.4242E6	
2044	-7.9628E-1	1.2172E0	5.4468E0	3.4242E6	
2045	-7.9628E-1	1.2172E0	5.4468E0	3.4242E6	
2046	-7.9628E-1	1.2172E0	5.4468E0	3.4242E6	
2047	-7.9628E-1	1.2172E0	5.4468E0	3.4242E6	
2048	-7.9628E-1	1.2172E0	5.4468E0	3.4242E6	
