point 159
Index	Vertical (A-B)	Force	Z Height	Time Stamp	
     	V	nN	?m	?sec	
1	-8.1474E-1	-1.9248E0	5.9008E0	1.2000E2	
2	-8.1299E-1	6.7940E-1	5.8998E0	2.3400E3	
3	-8.1230E-1	1.6984E0	5.8973E0	4.5600E3	
4	-8.1154E-1	2.8307E0	5.8944E0	6.7800E3	
5	-8.1131E-1	3.1704E0	5.8911E0	9.0000E3	
6	-8.1009E-1	4.9820E0	5.8876E0	1.1220E4	
7	-8.1207E-1	2.0381E0	5.8839E0	1.3440E4	
8	-8.1024E-1	4.7555E0	5.8802E0	1.5660E4	
9	-8.1192E-1	2.2646E0	5.8762E0	1.7880E4	
10	-8.1131E-1	3.1704E0	5.8722E0	2.0100E4	
11	-8.1322E-1	3.3972E-1	5.8681E0	2.2320E4	
12	-8.1093E-1	3.7365E0	5.8639E0	2.4540E4	
13	-8.0925E-1	6.2275E0	5.8597E0	2.6760E4	
14	-8.1360E-1	-2.2641E-1	5.8554E0	2.8980E4	
15	-8.1299E-1	6.7940E-1	5.8511E0	3.1200E4	
16	-8.1093E-1	3.7365E0	5.8466E0	3.3420E4	
17	-8.1093E-1	3.7365E0	5.8422E0	3.5640E4	
18	-8.1108E-1	3.5100E0	5.8377E0	3.7860E4	
19	-8.1322E-1	3.3972E-1	5.8332E0	4.0080E4	
20	-8.1253E-1	1.3588E0	5.8286E0	4.2300E4	
21	-8.1131E-1	3.1704E0	5.8240E0	4.4520E4	
22	-8.1154E-1	2.8307E0	5.8194E0	4.6740E4	
23	-8.0872E-1	7.0200E0	5.8147E0	4.8960E4	
24	-8.1123E-1	3.2836E0	5.8102E0	5.1180E4	
25	-8.0994E-1	5.2084E0	5.8055E0	5.3400E4	
26	-8.0902E-1	6.5671E0	5.8008E0	5.5620E4	
27	-8.1100E-1	3.6233E0	5.7960E0	5.7840E4	
28	-8.0925E-1	6.2275E0	5.7913E0	6.0060E4	
29	-8.1093E-1	3.7365E0	5.7867E0	6.2280E4	
30	-8.1131E-1	3.1704E0	5.7818E0	6.4500E4	
31	-8.0788E-1	8.2655E0	5.7770E0	6.6720E4	
32	-8.0978E-1	5.4349E0	5.7722E0	6.8940E4	
33	-8.0788E-1	8.2655E0	5.7674E0	7.1160E4	
34	-8.0872E-1	7.0200E0	5.7626E0	7.3380E4	
35	-8.0841E-1	7.4729E0	5.7578E0	7.5600E4	
36	-8.1039E-1	4.5291E0	5.7530E0	7.7820E4	
37	-8.0925E-1	6.2275E0	5.7482E0	8.0040E4	
38	-8.1116E-1	3.3968E0	5.7431E0	8.2260E4	
39	-8.1032E-1	4.6423E0	5.7383E0	8.4480E4	
40	-8.0879E-1	6.9068E0	5.7334E0	8.6700E4	
41	-8.0971E-1	5.5481E0	5.7285E0	8.8920E4	
42	-8.0826E-1	7.6994E0	5.7236E0	9.1140E4	
43	-8.0818E-1	7.8126E0	5.7188E0	9.3360E4	
44	-8.0963E-1	5.6613E0	5.7137E0	9.5580E4	
45	-8.0765E-1	8.6052E0	5.7087E0	9.7800E4	
46	-8.0643E-1	1.0417E1	5.7038E0	1.0002E5	
47	-8.0833E-1	7.5862E0	5.6989E0	1.0224E5	
48	-8.0673E-1	9.9639E0	5.6939E0	1.0446E5	
49	-8.0711E-1	9.3978E0	5.6889E0	1.0668E5	
50	-8.0376E-1	1.4380E1	5.6839E0	1.0890E5	
51	-8.0498E-1	1.2568E1	5.6789E0	1.1112E5	
52	-8.0742E-1	8.9449E0	5.6740E0	1.1334E5	
53	-8.0544E-1	1.1889E1	5.6689E0	1.1556E5	
54	-8.0559E-1	1.1662E1	5.6639E0	1.1778E5	
55	-8.0513E-1	1.2342E1	5.6590E0	1.2000E5	
56	-8.0635E-1	1.0530E1	5.6539E0	1.2222E5	
57	-8.0605E-1	1.0983E1	5.6488E0	1.2444E5	
58	-8.0467E-1	1.3021E1	5.6437E0	1.2666E5	
59	-8.0498E-1	1.2568E1	5.6387E0	1.2888E5	
60	-8.0498E-1	1.2568E1	5.6336E0	1.3110E5	
61	-8.0635E-1	1.0530E1	5.6286E0	1.3332E5	
62	-8.0467E-1	1.3021E1	5.6235E0	1.3554E5	
63	-8.0383E-1	1.4266E1	5.6183E0	1.3776E5	
64	-8.0254E-1	1.6191E1	5.6133E0	1.3998E5	
65	-8.0345E-1	1.4833E1	5.6081E0	1.4220E5	
66	-8.0421E-1	1.3700E1	5.6030E0	1.4442E5	
67	-8.0391E-1	1.4153E1	5.5979E0	1.4664E5	
68	-8.0467E-1	1.3021E1	5.5928E0	1.4886E5	
69	-8.0276E-1	1.5852E1	5.5876E0	1.5108E5	
70	-8.0292E-1	1.5625E1	5.5825E0	1.5330E5	
71	-8.0040E-1	1.9362E1	5.5775E0	1.5552E5	
72	-8.0269E-1	1.5965E1	5.5722E0	1.5774E5	
73	-8.0246E-1	1.6305E1	5.5670E0	1.5996E5	
74	-8.0231E-1	1.6531E1	5.5618E0	1.6218E5	
75	-8.0040E-1	1.9362E1	5.5566E0	1.6440E5	
76	-8.0185E-1	1.7210E1	5.5515E0	1.6662E5	
77	-8.0231E-1	1.6531E1	5.5463E0	1.6884E5	
78	-8.0322E-1	1.5172E1	5.5411E0	1.7106E5	
79	-8.0086E-1	1.8682E1	5.5359E0	1.7328E5	
80	-8.0040E-1	1.9362E1	5.5306E0	1.7550E5	
81	-8.0086E-1	1.8682E1	5.5255E0	1.7772E5	
82	-7.9849E-1	2.2192E1	5.5203E0	1.7994E5	
83	-7.9948E-1	2.0720E1	5.5150E0	1.8216E5	
84	-7.9987E-1	2.0154E1	5.5098E0	1.8438E5	
85	-8.0009E-1	1.9815E1	5.5045E0	1.8660E5	
86	-8.0177E-1	1.7324E1	5.4993E0	1.8882E5	
87	-7.9948E-1	2.0720E1	5.4941E0	1.9104E5	
88	-7.9903E-1	2.1400E1	5.4889E0	1.9326E5	
89	-7.9964E-1	2.0494E1	5.4835E0	1.9548E5	
90	-7.9857E-1	2.2079E1	5.4783E0	1.9770E5	
91	-7.9948E-1	2.0720E1	5.4729E0	1.9992E5	
92	-7.9903E-1	2.1400E1	5.4677E0	2.0214E5	
93	-7.9918E-1	2.1173E1	5.4624E0	2.0436E5	
94	-7.9887E-1	2.1626E1	5.4571E0	2.0658E5	
95	-7.9720E-1	2.4117E1	5.4518E0	2.0880E5	
96	-7.9857E-1	2.2079E1	5.4465E0	2.1102E5	
97	-7.9575E-1	2.6268E1	5.4412E0	2.1324E5	
98	-7.9834E-1	2.2419E1	5.4359E0	2.1546E5	
99	-7.9834E-1	2.2419E1	5.4305E0	2.1768E5	
100	-7.9880E-1	2.1739E1	5.4253E0	2.1990E5	
101	-8.0132E-1	1.8003E1	5.4198E0	2.2212E5	
102	-7.9971E-1	2.0381E1	5.4146E0	2.2434E5	
103	-8.0009E-1	1.9815E1	5.4092E0	2.2656E5	
104	-7.9811E-1	2.2758E1	5.4038E0	2.2878E5	
105	-7.9826E-1	2.2532E1	5.3985E0	2.3100E5	
106	-7.9712E-1	2.4230E1	5.3931E0	2.3322E5	
107	-7.9651E-1	2.5136E1	5.3877E0	2.3544E5	
108	-7.9842E-1	2.2306E1	5.3823E0	2.3766E5	
109	-7.9933E-1	2.0947E1	5.3768E0	2.3988E5	
110	-7.9903E-1	2.1400E1	5.3715E0	2.4210E5	
111	-7.9895E-1	2.1513E1	5.3662E0	2.4432E5	
112	-7.9819E-1	2.2645E1	5.3609E0	2.4654E5	
113	-7.9697E-1	2.4457E1	5.3554E0	2.4876E5	
114	-7.9803E-1	2.2872E1	5.3500E0	2.5098E5	
115	-7.9590E-1	2.6042E1	5.3445E0	2.5320E5	
116	-7.9643E-1	2.5249E1	5.3390E0	2.5542E5	
117	-7.9857E-1	2.2079E1	5.3336E0	2.5764E5	
118	-7.9521E-1	2.7061E1	5.3283E0	2.5986E5	
119	-7.9552E-1	2.6608E1	5.3229E0	2.6208E5	
120	-7.9552E-1	2.6608E1	5.3173E0	2.6430E5	
121	-7.9369E-1	2.9326E1	5.3118E0	2.6652E5	
122	-7.9681E-1	2.4683E1	5.3064E0	2.6874E5	
123	-7.9491E-1	2.7514E1	5.3009E0	2.7096E5	
124	-7.9575E-1	2.6268E1	5.2956E0	2.7318E5	
125	-7.9643E-1	2.5249E1	5.2901E0	2.7540E5	
126	-7.9575E-1	2.6268E1	5.2846E0	2.7762E5	
127	-7.9529E-1	2.6948E1	5.2791E0	2.7984E5	
128	-7.9468E-1	2.7854E1	5.2736E0	2.8206E5	
129	-7.9498E-1	2.7401E1	5.2681E0	2.8428E5	
130	-7.9193E-1	3.1930E1	5.2626E0	2.8650E5	
131	-7.9483E-1	2.7627E1	5.2571E0	2.8872E5	
132	-7.9369E-1	2.9326E1	5.2515E0	2.9094E5	
133	-7.9361E-1	2.9439E1	5.2462E0	2.9316E5	
134	-7.9193E-1	3.1930E1	5.2406E0	2.9538E5	
135	-7.9414E-1	2.8646E1	5.2351E0	2.9760E5	
136	-7.9193E-1	3.1930E1	5.2295E0	2.9982E5	
137	-7.9079E-1	3.3628E1	5.2240E0	3.0204E5	
138	-7.9147E-1	3.2609E1	5.2184E0	3.0426E5	
139	-7.9079E-1	3.3628E1	5.2128E0	3.0648E5	
140	-7.9338E-1	2.9778E1	5.2073E0	3.0870E5	
141	-7.9163E-1	3.2383E1	5.2017E0	3.1092E5	
142	-7.9231E-1	3.1364E1	5.1961E0	3.1314E5	
143	-7.9224E-1	3.1477E1	5.1906E0	3.1536E5	
144	-7.9117E-1	3.3062E1	5.1850E0	3.1758E5	
145	-7.9132E-1	3.2836E1	5.1795E0	3.1980E5	
146	-7.9147E-1	3.2609E1	5.1739E0	3.2202E5	
147	-7.9102E-1	3.3288E1	5.1683E0	3.2424E5	
148	-7.9041E-1	3.4194E1	5.1626E0	3.2646E5	
149	-7.9185E-1	3.2043E1	5.1572E0	3.2868E5	
150	-7.8911E-1	3.6119E1	5.1515E0	3.3090E5	
151	-7.8697E-1	3.9289E1	5.1459E0	3.3312E5	
152	-7.8766E-1	3.8270E1	5.1403E0	3.3534E5	
153	-7.8926E-1	3.5893E1	5.1348E0	3.3756E5	
154	-7.8850E-1	3.7025E1	5.1291E0	3.3978E5	
155	-7.8873E-1	3.6685E1	5.1234E0	3.4200E5	
156	-7.8911E-1	3.6119E1	5.1179E0	3.4422E5	
157	-7.8766E-1	3.8270E1	5.1122E0	3.4644E5	
158	-7.8568E-1	4.1214E1	5.1065E0	3.4866E5	
159	-7.8949E-1	3.5553E1	5.1009E0	3.5088E5	
160	-7.8545E-1	4.1554E1	5.0952E0	3.5310E5	
161	-7.8705E-1	3.9176E1	5.0895E0	3.5532E5	
162	-7.8407E-1	4.3592E1	5.0840E0	3.5754E5	
163	-7.8812E-1	3.7591E1	5.0782E0	3.5976E5	
164	-7.8690E-1	3.9403E1	5.0725E0	3.6198E5	
165	-7.8789E-1	3.7931E1	5.0669E0	3.6420E5	
166	-7.8560E-1	4.1327E1	5.0612E0	3.6642E5	
167	-7.8835E-1	3.7251E1	5.0555E0	3.6864E5	
168	-7.8568E-1	4.1214E1	5.0498E0	3.7086E5	
169	-7.8537E-1	4.1667E1	5.0441E0	3.7308E5	
170	-7.8690E-1	3.9403E1	5.0384E0	3.7530E5	
171	-7.8445E-1	4.3026E1	5.0327E0	3.7752E5	
172	-7.8568E-1	4.1214E1	5.0270E0	3.7974E5	
173	-7.8415E-1	4.3479E1	5.0213E0	3.8196E5	
174	-7.8293E-1	4.5290E1	5.0157E0	3.8418E5	
175	-7.8484E-1	4.2460E1	5.0097E0	3.8640E5	
176	-7.8529E-1	4.1780E1	5.0041E0	3.8862E5	
177	-7.8308E-1	4.5064E1	4.9983E0	3.9084E5	
178	-7.8575E-1	4.1101E1	4.9927E0	3.9306E5	
179	-7.8400E-1	4.3705E1	4.9869E0	3.9528E5	
180	-7.8300E-1	4.5177E1	4.9811E0	3.9750E5	
181	-7.8522E-1	4.1894E1	4.9753E0	3.9972E5	
182	-7.8667E-1	3.9742E1	4.9696E0	4.0194E5	
183	-7.8400E-1	4.3705E1	4.9638E0	4.0416E5	
184	-7.8300E-1	4.5177E1	4.9581E0	4.0638E5	
185	-7.8339E-1	4.4611E1	4.9523E0	4.0860E5	
186	-7.8285E-1	4.5404E1	4.9465E0	4.1082E5	
187	-7.8300E-1	4.5177E1	4.9408E0	4.1304E5	
188	-7.8369E-1	4.4158E1	4.9350E0	4.1526E5	
189	-7.8346E-1	4.4498E1	4.9291E0	4.1748E5	
190	-7.8247E-1	4.5970E1	4.9233E0	4.1970E5	
191	-7.8423E-1	4.3366E1	4.9175E0	4.2192E5	
192	-7.8461E-1	4.2799E1	4.9117E0	4.2414E5	
193	-7.8262E-1	4.5743E1	4.9059E0	4.2636E5	
194	-7.8323E-1	4.4837E1	4.9001E0	4.2858E5	
195	-7.8056E-1	4.8800E1	4.8943E0	4.3080E5	
196	-7.8468E-1	4.2686E1	4.8885E0	4.3302E5	
197	-7.8194E-1	4.6762E1	4.8827E0	4.3524E5	
198	-7.8239E-1	4.6083E1	4.8769E0	4.3746E5	
199	-7.8232E-1	4.6196E1	4.8710E0	4.3968E5	
200	-7.8171E-1	4.7102E1	4.8652E0	4.4190E5	
201	-7.7843E-1	5.1971E1	4.8593E0	4.4412E5	
202	-7.7942E-1	5.0499E1	4.8535E0	4.4634E5	
203	-7.8056E-1	4.8800E1	4.8476E0	4.4856E5	
204	-7.7942E-1	5.0499E1	4.8417E0	4.5078E5	
205	-7.8011E-1	4.9480E1	4.8358E0	4.5300E5	
206	-7.7980E-1	4.9933E1	4.8301E0	4.5522E5	
207	-7.7972E-1	5.0046E1	4.8242E0	4.5744E5	
208	-7.8018E-1	4.9366E1	4.8183E0	4.5966E5	
209	-7.7835E-1	5.2084E1	4.8124E0	4.6188E5	
210	-7.7766E-1	5.3103E1	4.8065E0	4.6410E5	
211	-7.7972E-1	5.0046E1	4.8005E0	4.6632E5	
212	-7.7805E-1	5.2537E1	4.7947E0	4.6854E5	
213	-7.7881E-1	5.1405E1	4.7889E0	4.7076E5	
214	-7.7766E-1	5.3103E1	4.7828E0	4.7298E5	
215	-7.7820E-1	5.2310E1	4.7769E0	4.7520E5	
216	-7.7782E-1	5.2876E1	4.7711E0	4.7742E5	
217	-7.7591E-1	5.5707E1	4.7652E0	4.7964E5	
218	-7.7690E-1	5.4235E1	4.7593E0	4.8186E5	
219	-7.7682E-1	5.4348E1	4.7533E0	4.8408E5	
220	-7.7599E-1	5.5594E1	4.7474E0	4.8630E5	
221	-7.7614E-1	5.5367E1	4.7415E0	4.8852E5	
222	-7.7522E-1	5.6726E1	4.7355E0	4.9074E5	
223	-7.7560E-1	5.6160E1	4.7295E0	4.9296E5	
224	-7.7728E-1	5.3669E1	4.7236E0	4.9518E5	
225	-7.7606E-1	5.5481E1	4.7177E0	4.9740E5	
226	-7.7522E-1	5.6726E1	4.7117E0	4.9962E5	
227	-7.7614E-1	5.5367E1	4.7057E0	5.0184E5	
228	-7.7484E-1	5.7292E1	4.6997E0	5.0406E5	
229	-7.7682E-1	5.4348E1	4.6937E0	5.0628E5	
230	-7.7362E-1	5.9104E1	4.6878E0	5.0850E5	
231	-7.7278E-1	6.0349E1	4.6818E0	5.1072E5	
232	-7.7515E-1	5.6839E1	4.6758E0	5.1294E5	
233	-7.7393E-1	5.8651E1	4.6698E0	5.1516E5	
234	-7.7133E-1	6.2501E1	4.6638E0	5.1738E5	
235	-7.7232E-1	6.1029E1	4.6579E0	5.1960E5	
236	-7.7271E-1	6.0463E1	4.6519E0	5.2182E5	
237	-7.7255E-1	6.0689E1	4.6458E0	5.2404E5	
238	-7.7332E-1	5.9557E1	4.6398E0	5.2626E5	
239	-7.7133E-1	6.2501E1	4.6337E0	5.2848E5	
240	-7.7362E-1	5.9104E1	4.6278E0	5.3070E5	
241	-7.7362E-1	5.9104E1	4.6217E0	5.3292E5	
242	-7.7049E-1	6.3746E1	4.6156E0	5.3514E5	
243	-7.7278E-1	6.0349E1	4.6097E0	5.3736E5	
244	-7.7271E-1	6.0463E1	4.6036E0	5.3958E5	
245	-7.7156E-1	6.2161E1	4.5975E0	5.4180E5	
246	-7.7225E-1	6.1142E1	4.5915E0	5.4402E5	
247	-7.7255E-1	6.0689E1	4.5856E0	5.4624E5	
248	-7.7156E-1	6.2161E1	4.5795E0	5.4846E5	
249	-7.7202E-1	6.1482E1	4.5734E0	5.5068E5	
250	-7.7171E-1	6.1935E1	4.5674E0	5.5290E5	
251	-7.7110E-1	6.2840E1	4.5612E0	5.5512E5	
252	-7.6813E-1	6.7256E1	4.5551E0	5.5734E5	
253	-7.6935E-1	6.5445E1	4.5491E0	5.5956E5	
254	-7.6981E-1	6.4765E1	4.5430E0	5.6178E5	
255	-7.7095E-1	6.3067E1	4.5370E0	5.6400E5	
256	-7.6973E-1	6.4878E1	4.5308E0	5.6622E5	
257	-7.6981E-1	6.4765E1	4.5248E0	5.6844E5	
258	-7.6881E-1	6.6237E1	4.5186E0	5.7066E5	
259	-7.6828E-1	6.7030E1	4.5125E0	5.7288E5	
260	-7.6904E-1	6.5897E1	4.5064E0	5.7510E5	
261	-7.7156E-1	6.2161E1	4.5003E0	5.7732E5	
262	-7.6866E-1	6.6464E1	4.4942E0	5.7954E5	
263	-7.7042E-1	6.3859E1	4.4880E0	5.8176E5	
264	-7.6797E-1	6.7483E1	4.4819E0	5.8398E5	
265	-7.7034E-1	6.3973E1	4.4758E0	5.8620E5	
266	-7.7194E-1	6.1595E1	4.4697E0	5.8842E5	
267	-7.7118E-1	6.2727E1	4.4634E0	5.9064E5	
268	-7.7202E-1	6.1482E1	4.4574E0	5.9286E5	
269	-7.6981E-1	6.4765E1	4.4512E0	5.9508E5	
270	-7.6782E-1	6.7709E1	4.4450E0	5.9730E5	
271	-7.6866E-1	6.6464E1	4.4389E0	5.9952E5	
272	-7.6714E-1	6.8728E1	4.4328E0	6.0174E5	
273	-7.6904E-1	6.5897E1	4.4266E0	6.0396E5	
274	-7.6828E-1	6.7030E1	4.4204E0	6.0618E5	
275	-7.6927E-1	6.5558E1	4.4143E0	6.0840E5	
276	-7.6492E-1	7.2012E1	4.4081E0	6.1062E5	
277	-7.6691E-1	6.9068E1	4.4019E0	6.1284E5	
278	-7.6889E-1	6.6124E1	4.3957E0	6.1506E5	
279	-7.6599E-1	7.0426E1	4.3895E0	6.1728E5	
280	-7.6714E-1	6.8728E1	4.3834E0	6.1950E5	
281	-7.6645E-1	6.9747E1	4.3772E0	6.2172E5	
282	-7.6607E-1	7.0313E1	4.3709E0	6.2394E5	
283	-7.6721E-1	6.8615E1	4.3648E0	6.2616E5	
284	-7.6683E-1	6.9181E1	4.3586E0	6.2838E5	
285	-7.6477E-1	7.2238E1	4.3524E0	6.3060E5	
286	-7.6492E-1	7.2012E1	4.3461E0	6.3282E5	
287	-7.6675E-1	6.9294E1	4.3400E0	6.3504E5	
288	-7.6515E-1	7.1672E1	4.3337E0	6.3726E5	
289	-7.6569E-1	7.0879E1	4.3275E0	6.3948E5	
290	-7.6385E-1	7.3597E1	4.3212E0	6.4170E5	
291	-7.6393E-1	7.3484E1	4.3150E0	6.4392E5	
292	-7.6248E-1	7.5635E1	4.3088E0	6.4614E5	
293	-7.6263E-1	7.5408E1	4.3025E0	6.4836E5	
294	-7.6225E-1	7.5975E1	4.2963E0	6.5058E5	
295	-7.6317E-1	7.4616E1	4.2900E0	6.5280E5	
296	-7.6378E-1	7.3710E1	4.2838E0	6.5502E5	
297	-7.6248E-1	7.5635E1	4.2776E0	6.5724E5	
298	-7.6164E-1	7.6880E1	4.2712E0	6.5946E5	
299	-7.6103E-1	7.7786E1	4.2650E0	6.6168E5	
300	-7.6027E-1	7.8918E1	4.2587E0	6.6390E5	
301	-7.6172E-1	7.6767E1	4.2524E0	6.6612E5	
302	-7.6271E-1	7.5295E1	4.2462E0	6.6834E5	
303	-7.6103E-1	7.7786E1	4.2400E0	6.7056E5	
304	-7.6134E-1	7.7333E1	4.2336E0	6.7278E5	
305	-7.6256E-1	7.5522E1	4.2273E0	6.7500E5	
306	-7.5981E-1	7.9598E1	4.2210E0	6.7722E5	
307	-7.6019E-1	7.9032E1	4.2148E0	6.7944E5	
308	-7.5951E-1	8.0051E1	4.2085E0	6.8166E5	
309	-7.5768E-1	8.2768E1	4.2022E0	6.8388E5	
310	-7.5996E-1	7.9371E1	4.1959E0	6.8610E5	
311	-7.5867E-1	8.1296E1	4.1897E0	6.8832E5	
312	-7.5844E-1	8.1636E1	4.1833E0	6.9054E5	
313	-7.5813E-1	8.2089E1	4.1771E0	6.9276E5	
314	-7.5829E-1	8.1862E1	4.1707E0	6.9498E5	
315	-7.5867E-1	8.1296E1	4.1644E0	6.9720E5	
316	-7.5775E-1	8.2655E1	4.1580E0	6.9942E5	
317	-7.5523E-1	8.6391E1	4.1517E0	7.0164E5	
318	-7.5691E-1	8.3900E1	4.1454E0	7.0386E5	
319	-7.5928E-1	8.0390E1	4.1391E0	7.0608E5	
320	-7.5653E-1	8.4466E1	4.1328E0	7.0830E5	
321	-7.5768E-1	8.2768E1	4.1264E0	7.1052E5	
322	-7.5745E-1	8.3108E1	4.1200E0	7.1274E5	
323	-7.5775E-1	8.2655E1	4.1137E0	7.1496E5	
324	-7.5714E-1	8.3561E1	4.1073E0	7.1718E5	
325	-7.5645E-1	8.4580E1	4.1010E0	7.1940E5	
326	-7.5623E-1	8.4919E1	4.0946E0	7.2162E5	
327	-7.5607E-1	8.5146E1	4.0883E0	7.2384E5	
328	-7.5508E-1	8.6618E1	4.0819E0	7.2606E5	
329	-7.5478E-1	8.7071E1	4.0755E0	7.2828E5	
330	-7.5424E-1	8.7863E1	4.0691E0	7.3050E5	
331	-7.5829E-1	8.1862E1	4.0628E0	7.3272E5	
332	-7.5356E-1	8.8882E1	4.0564E0	7.3494E5	
333	-7.5600E-1	8.5259E1	4.0501E0	7.3716E5	
334	-7.5668E-1	8.4240E1	4.0437E0	7.3938E5	
335	-7.5500E-1	8.6731E1	4.0372E0	7.4160E5	
336	-7.5554E-1	8.5938E1	4.0309E0	7.4382E5	
337	-7.5424E-1	8.7863E1	4.0245E0	7.4604E5	
338	-7.5500E-1	8.6731E1	4.0181E0	7.4826E5	
339	-7.5539E-1	8.6165E1	4.0117E0	7.5048E5	
340	-7.5531E-1	8.6278E1	4.0053E0	7.5270E5	
341	-7.5516E-1	8.6505E1	3.9989E0	7.5492E5	
342	-7.5577E-1	8.5599E1	3.9924E0	7.5714E5	
343	-7.5539E-1	8.6165E1	3.9860E0	7.5936E5	
344	-7.5401E-1	8.8203E1	3.9797E0	7.6158E5	
345	-7.5623E-1	8.4919E1	3.9732E0	7.6380E5	
346	-7.5218E-1	9.0920E1	3.9668E0	7.6602E5	
347	-7.5310E-1	8.9562E1	3.9603E0	7.6824E5	
348	-7.5333E-1	8.9222E1	3.9539E0	7.7046E5	
349	-7.5371E-1	8.8656E1	3.9475E0	7.7268E5	
350	-7.5226E-1	9.0807E1	3.9411E0	7.7490E5	
351	-7.5172E-1	9.1600E1	3.9347E0	7.7712E5	
352	-7.5424E-1	8.7863E1	3.9281E0	7.7934E5	
353	-7.5172E-1	9.1600E1	3.9218E0	7.8156E5	
354	-7.5096E-1	9.2732E1	3.9153E0	7.8378E5	
355	-7.5287E-1	8.9901E1	3.9089E0	7.8600E5	
356	-7.5333E-1	8.9222E1	3.9024E0	7.8822E5	
357	-7.4982E-1	9.4430E1	3.8959E0	7.9044E5	
358	-7.5043E-1	9.3525E1	3.8894E0	7.9266E5	
359	-7.4898E-1	9.5676E1	3.8829E0	7.9488E5	
360	-7.5066E-1	9.3185E1	3.8766E0	7.9710E5	
361	-7.5043E-1	9.3525E1	3.8700E0	7.9932E5	
362	-7.4944E-1	9.4996E1	3.8636E0	8.0154E5	
363	-7.4860E-1	9.6242E1	3.8571E0	8.0376E5	
364	-7.5066E-1	9.3185E1	3.8505E0	8.0598E5	
365	-7.4966E-1	9.4657E1	3.8441E0	8.0820E5	
366	-7.4982E-1	9.4430E1	3.8376E0	8.1042E5	
367	-7.4738E-1	9.8054E1	3.8310E0	8.1264E5	
368	-7.4760E-1	9.7714E1	3.8246E0	8.1486E5	
369	-7.4814E-1	9.6921E1	3.8182E0	8.1708E5	
370	-7.4852E-1	9.6355E1	3.8117E0	8.1930E5	
371	-7.4608E-1	9.9978E1	3.8051E0	8.2152E5	
372	-7.4753E-1	9.7827E1	3.7987E0	8.2374E5	
373	-7.4799E-1	9.7148E1	3.7920E0	8.2596E5	
374	-7.4745E-1	9.7940E1	3.7856E0	8.2818E5	
375	-7.4715E-1	9.8393E1	3.7790E0	8.3040E5	
376	-7.4440E-1	1.0247E2	3.7726E0	8.3262E5	
377	-7.4715E-1	9.8393E1	3.7660E0	8.3484E5	
378	-7.4471E-1	1.0202E2	3.7595E0	8.3706E5	
379	-7.4463E-1	1.0213E2	3.7529E0	8.3928E5	
380	-7.4478E-1	1.0190E2	3.7464E0	8.4150E5	
381	-7.4356E-1	1.0371E2	3.7400E0	8.4372E5	
382	-7.4471E-1	1.0202E2	3.7334E0	8.4594E5	
383	-7.4341E-1	1.0394E2	3.7269E0	8.4816E5	
384	-7.4791E-1	9.7261E1	3.7203E0	8.5038E5	
385	-7.4379E-1	1.0338E2	3.7137E0	8.5260E5	
386	-7.4509E-1	1.0145E2	3.7072E0	8.5482E5	
387	-7.4280E-1	1.0485E2	3.7006E0	8.5704E5	
388	-7.4234E-1	1.0553E2	3.6940E0	8.5926E5	
389	-7.4356E-1	1.0371E2	3.6875E0	8.6148E5	
390	-7.4234E-1	1.0553E2	3.6809E0	8.6370E5	
391	-7.4211E-1	1.0587E2	3.6743E0	8.6592E5	
392	-7.4455E-1	1.0224E2	3.6678E0	8.6814E5	
393	-7.4249E-1	1.0530E2	3.6612E0	8.7036E5	
394	-7.4272E-1	1.0496E2	3.6546E0	8.7258E5	
395	-7.4341E-1	1.0394E2	3.6480E0	8.7480E5	
396	-7.4371E-1	1.0349E2	3.6416E0	8.7702E5	
397	-7.4409E-1	1.0292E2	3.6349E0	8.7924E5	
398	-7.4432E-1	1.0258E2	3.6283E0	8.8146E5	
399	-7.4005E-1	1.0892E2	3.6217E0	8.8368E5	
400	-7.4257E-1	1.0519E2	3.6151E0	8.8590E5	
401	-7.4089E-1	1.0768E2	3.6085E0	8.8812E5	
402	-7.4471E-1	1.0202E2	3.6019E0	8.9034E5	
403	-7.4242E-1	1.0541E2	3.5953E0	8.9256E5	
404	-7.4249E-1	1.0530E2	3.5887E0	8.9478E5	
405	-7.4104E-1	1.0745E2	3.5820E0	8.9700E5	
406	-7.4097E-1	1.0756E2	3.5755E0	8.9922E5	
407	-7.4272E-1	1.0496E2	3.5688E0	9.0144E5	
408	-7.4356E-1	1.0371E2	3.5622E0	9.0366E5	
409	-7.4089E-1	1.0768E2	3.5556E0	9.0588E5	
410	-7.4150E-1	1.0677E2	3.5490E0	9.0810E5	
411	-7.4142E-1	1.0689E2	3.5422E0	9.1032E5	
412	-7.4226E-1	1.0564E2	3.5357E0	9.1254E5	
413	-7.4059E-1	1.0813E2	3.5291E0	9.1476E5	
414	-7.4089E-1	1.0768E2	3.5225E0	9.1698E5	
415	-7.4013E-1	1.0881E2	3.5157E0	9.1920E5	
416	-7.3952E-1	1.0972E2	3.5091E0	9.2142E5	
417	-7.3944E-1	1.0983E2	3.5025E0	9.2364E5	
418	-7.3898E-1	1.1051E2	3.4959E0	9.2586E5	
419	-7.3959E-1	1.0960E2	3.4892E0	9.2808E5	
420	-7.3814E-1	1.1175E2	3.4825E0	9.3030E5	
421	-7.3776E-1	1.1232E2	3.4759E0	9.3252E5	
422	-7.3769E-1	1.1243E2	3.4693E0	9.3474E5	
423	-7.3700E-1	1.1345E2	3.4625E0	9.3696E5	
424	-7.3723E-1	1.1311E2	3.4559E0	9.3918E5	
425	-7.3586E-1	1.1515E2	3.4492E0	9.4140E5	
426	-7.3433E-1	1.1742E2	3.4425E0	9.4362E5	
427	-7.3494E-1	1.1651E2	3.4358E0	9.4584E5	
428	-7.3868E-1	1.1096E2	3.4292E0	9.4806E5	
429	-7.3723E-1	1.1311E2	3.4225E0	9.5028E5	
430	-7.3799E-1	1.1198E2	3.4158E0	9.5250E5	
431	-7.3334E-1	1.1889E2	3.4090E0	9.5472E5	
432	-7.3227E-1	1.2047E2	3.4024E0	9.5694E5	
433	-7.3456E-1	1.1708E2	3.3957E0	9.5916E5	
434	-7.3502E-1	1.1640E2	3.3890E0	9.6138E5	
435	-7.3387E-1	1.1809E2	3.3824E0	9.6360E5	
436	-7.3448E-1	1.1719E2	3.3756E0	9.6582E5	
437	-7.3364E-1	1.1843E2	3.3689E0	9.6804E5	
438	-7.3364E-1	1.1843E2	3.3623E0	9.7026E5	
439	-7.3395E-1	1.1798E2	3.3555E0	9.7248E5	
440	-7.3441E-1	1.1730E2	3.3488E0	9.7470E5	
441	-7.3334E-1	1.1889E2	3.3420E0	9.7692E5	
442	-7.3280E-1	1.1968E2	3.3353E0	9.7914E5	
443	-7.3158E-1	1.2149E2	3.3285E0	9.8136E5	
444	-7.3166E-1	1.2138E2	3.3218E0	9.8358E5	
445	-7.3105E-1	1.2228E2	3.3151E0	9.8580E5	
446	-7.3212E-1	1.2070E2	3.3084E0	9.8802E5	
447	-7.3013E-1	1.2364E2	3.3017E0	9.9024E5	
448	-7.3067E-1	1.2285E2	3.2950E0	9.9246E5	
449	-7.3212E-1	1.2070E2	3.2882E0	9.9468E5	
450	-7.3128E-1	1.2194E2	3.2814E0	9.9690E5	
451	-7.3044E-1	1.2319E2	3.2748E0	9.9912E5	
452	-7.3044E-1	1.2319E2	3.2679E0	1.0013E6	
453	-7.3021E-1	1.2353E2	3.2612E0	1.0036E6	
454	-7.3021E-1	1.2353E2	3.2545E0	1.0058E6	
455	-7.2929E-1	1.2489E2	3.2477E0	1.0080E6	
456	-7.2960E-1	1.2444E2	3.2410E0	1.0102E6	
457	-7.2952E-1	1.2455E2	3.2342E0	1.0124E6	
458	-7.2899E-1	1.2534E2	3.2275E0	1.0147E6	
459	-7.2792E-1	1.2693E2	3.2207E0	1.0169E6	
460	-7.2777E-1	1.2715E2	3.2139E0	1.0191E6	
461	-7.2983E-1	1.2410E2	3.2072E0	1.0213E6	
462	-7.2983E-1	1.2410E2	3.2004E0	1.0235E6	
463	-7.2884E-1	1.2557E2	3.1936E0	1.0258E6	
464	-7.2876E-1	1.2568E2	3.1868E0	1.0280E6	
465	-7.2868E-1	1.2579E2	3.1800E0	1.0302E6	
466	-7.2693E-1	1.2840E2	3.1731E0	1.0324E6	
467	-7.2639E-1	1.2919E2	3.1664E0	1.0346E6	
468	-7.2678E-1	1.2862E2	3.1596E0	1.0369E6	
469	-7.3067E-1	1.2285E2	3.1528E0	1.0391E6	
470	-7.2838E-1	1.2625E2	3.1461E0	1.0413E6	
471	-7.2838E-1	1.2625E2	3.1392E0	1.0435E6	
472	-7.2685E-1	1.2851E2	3.1324E0	1.0457E6	
473	-7.2891E-1	1.2545E2	3.1256E0	1.0480E6	
474	-7.2716E-1	1.2806E2	3.1188E0	1.0502E6	
475	-7.2678E-1	1.2862E2	3.1120E0	1.0524E6	
476	-7.2678E-1	1.2862E2	3.1051E0	1.0546E6	
477	-7.2472E-1	1.3168E2	3.0984E0	1.0568E6	
478	-7.2678E-1	1.2862E2	3.0915E0	1.0591E6	
479	-7.2601E-1	1.2976E2	3.0847E0	1.0613E6	
480	-7.2533E-1	1.3078E2	3.0779E0	1.0635E6	
481	-7.2502E-1	1.3123E2	3.0710E0	1.0657E6	
482	-7.2586E-1	1.2998E2	3.0642E0	1.0679E6	
483	-7.2525E-1	1.3089E2	3.0573E0	1.0702E6	
484	-7.2655E-1	1.2896E2	3.0505E0	1.0724E6	
485	-7.2380E-1	1.3304E2	3.0436E0	1.0746E6	
486	-7.2533E-1	1.3078E2	3.0369E0	1.0768E6	
487	-7.2418E-1	1.3247E2	3.0300E0	1.0790E6	
488	-7.2655E-1	1.2896E2	3.0232E0	1.0813E6	
489	-7.2250E-1	1.3497E2	3.0164E0	1.0835E6	
490	-7.2357E-1	1.3338E2	3.0095E0	1.0857E6	
491	-7.2517E-1	1.3100E2	3.0026E0	1.0879E6	
492	-7.2502E-1	1.3123E2	2.9957E0	1.0901E6	
493	-7.2197E-1	1.3576E2	2.9889E0	1.0924E6	
494	-7.2487E-1	1.3146E2	2.9821E0	1.0946E6	
495	-7.2174E-1	1.3610E2	2.9752E0	1.0968E6	
496	-7.2227E-1	1.3530E2	2.9684E0	1.0990E6	
497	-7.1983E-1	1.3893E2	2.9614E0	1.1012E6	
498	-7.2258E-1	1.3485E2	2.9546E0	1.1035E6	
499	-7.2075E-1	1.3757E2	2.9478E0	1.1057E6	
500	-7.2151E-1	1.3644E2	2.9409E0	1.1079E6	
501	-7.2060E-1	1.3780E2	2.9340E0	1.1101E6	
502	-7.2136E-1	1.3666E2	2.9271E0	1.1123E6	
503	-7.1861E-1	1.4074E2	2.9202E0	1.1146E6	
504	-7.2014E-1	1.3848E2	2.9133E0	1.1168E6	
505	-7.1884E-1	1.4040E2	2.9063E0	1.1190E6	
506	-7.1823E-1	1.4131E2	2.8995E0	1.1212E6	
507	-7.1877E-1	1.4051E2	2.8927E0	1.1234E6	
508	-7.1854E-1	1.4085E2	2.8857E0	1.1257E6	
509	-7.1648E-1	1.4391E2	2.8788E0	1.1279E6	
510	-7.1709E-1	1.4300E2	2.8720E0	1.1301E6	
511	-7.1732E-1	1.4266E2	2.8650E0	1.1323E6	
512	-7.1640E-1	1.4402E2	2.8581E0	1.1345E6	
513	-7.1838E-1	1.4108E2	2.8512E0	1.1368E6	
514	-7.1663E-1	1.4368E2	2.8443E0	1.1390E6	
515	-7.1594E-1	1.4470E2	2.8372E0	1.1412E6	
516	-7.1671E-1	1.4357E2	2.8304E0	1.1434E6	
517	-7.1892E-1	1.4029E2	2.8236E0	1.1456E6	
518	-7.1472E-1	1.4651E2	2.8166E0	1.1479E6	
519	-7.1388E-1	1.4776E2	2.8097E0	1.1501E6	
520	-7.1602E-1	1.4459E2	2.8028E0	1.1523E6	
521	-7.1686E-1	1.4334E2	2.7958E0	1.1545E6	
522	-7.1693E-1	1.4323E2	2.7890E0	1.1567E6	
523	-7.1564E-1	1.4516E2	2.7820E0	1.1590E6	
524	-7.1556E-1	1.4527E2	2.7750E0	1.1612E6	
525	-7.1556E-1	1.4527E2	2.7682E0	1.1634E6	
526	-7.1404E-1	1.4753E2	2.7612E0	1.1656E6	
527	-7.1548E-1	1.4538E2	2.7542E0	1.1678E6	
528	-7.1342E-1	1.4844E2	2.7474E0	1.1701E6	
529	-7.1548E-1	1.4538E2	2.7403E0	1.1723E6	
530	-7.1304E-1	1.4901E2	2.7334E0	1.1745E6	
531	-7.1625E-1	1.4425E2	2.7265E0	1.1767E6	
532	-7.1556E-1	1.4527E2	2.7195E0	1.1789E6	
533	-7.1465E-1	1.4663E2	2.7125E0	1.1812E6	
534	-7.1571E-1	1.4504E2	2.7056E0	1.1834E6	
535	-7.1609E-1	1.4448E2	2.6986E0	1.1856E6	
536	-7.1342E-1	1.4844E2	2.6917E0	1.1878E6	
537	-7.1625E-1	1.4425E2	2.6847E0	1.1900E6	
538	-7.1487E-1	1.4629E2	2.6777E0	1.1923E6	
539	-7.1312E-1	1.4889E2	2.6708E0	1.1945E6	
540	-7.1518E-1	1.4583E2	2.6638E0	1.1967E6	
541	-7.1442E-1	1.4697E2	2.6568E0	1.1989E6	
542	-7.1350E-1	1.4833E2	2.6499E0	1.2011E6	
543	-7.1075E-1	1.5240E2	2.6428E0	1.2034E6	
544	-7.1243E-1	1.4991E2	2.6359E0	1.2056E6	
545	-7.1136E-1	1.5150E2	2.6289E0	1.2078E6	
546	-7.1335E-1	1.4855E2	2.6219E0	1.2100E6	
547	-7.1312E-1	1.4889E2	2.6148E0	1.2122E6	
548	-7.1228E-1	1.5014E2	2.6079E0	1.2145E6	
549	-7.0900E-1	1.5501E2	2.6010E0	1.2167E6	
550	-7.1190E-1	1.5070E2	2.5939E0	1.2189E6	
551	-7.1152E-1	1.5127E2	2.5868E0	1.2211E6	
552	-7.1136E-1	1.5150E2	2.5799E0	1.2233E6	
553	-7.1053E-1	1.5274E2	2.5729E0	1.2256E6	
554	-7.1297E-1	1.4912E2	2.5659E0	1.2278E6	
555	-7.0847E-1	1.5580E2	2.5588E0	1.2300E6	
556	-7.0770E-1	1.5693E2	2.5520E0	1.2322E6	
557	-7.0763E-1	1.5704E2	2.5449E0	1.2344E6	
558	-7.0976E-1	1.5387E2	2.5379E0	1.2367E6	
559	-7.0908E-1	1.5489E2	2.5308E0	1.2389E6	
560	-7.0724E-1	1.5761E2	2.5239E0	1.2411E6	
561	-7.0885E-1	1.5523E2	2.5169E0	1.2433E6	
562	-7.0816E-1	1.5625E2	2.5098E0	1.2455E6	
563	-7.0702E-1	1.5795E2	2.5027E0	1.2478E6	
564	-7.0572E-1	1.5987E2	2.4958E0	1.2500E6	
565	-7.0732E-1	1.5750E2	2.4887E0	1.2522E6	
566	-7.0633E-1	1.5897E2	2.4817E0	1.2544E6	
567	-7.0549E-1	1.6021E2	2.4746E0	1.2566E6	
568	-7.0419E-1	1.6214E2	2.4677E0	1.2589E6	
569	-7.0618E-1	1.5920E2	2.4607E0	1.2611E6	
570	-7.0374E-1	1.6282E2	2.4536E0	1.2633E6	
571	-7.0503E-1	1.6089E2	2.4465E0	1.2655E6	
572	-7.0549E-1	1.6021E2	2.4395E0	1.2677E6	
573	-7.0335E-1	1.6338E2	2.4324E0	1.2700E6	
574	-7.0244E-1	1.6474E2	2.4254E0	1.2722E6	
575	-7.0366E-1	1.6293E2	2.4184E0	1.2744E6	
576	-7.0305E-1	1.6384E2	2.4114E0	1.2766E6	
577	-7.0251E-1	1.6463E2	2.4042E0	1.2788E6	
578	-7.0007E-1	1.6825E2	2.3972E0	1.2811E6	
579	-7.0221E-1	1.6508E2	2.3901E0	1.2833E6	
580	-7.0175E-1	1.6576E2	2.3832E0	1.2855E6	
581	-7.0091E-1	1.6701E2	2.3761E0	1.2877E6	
582	-7.0023E-1	1.6803E2	2.3689E0	1.2899E6	
583	-7.0267E-1	1.6440E2	2.3618E0	1.2922E6	
584	-7.0206E-1	1.6531E2	2.3549E0	1.2944E6	
585	-7.0107E-1	1.6678E2	2.3478E0	1.2966E6	
586	-6.9962E-1	1.6893E2	2.3407E0	1.2988E6	
587	-7.0061E-1	1.6746E2	2.3337E0	1.3010E6	
588	-7.0045E-1	1.6769E2	2.3265E0	1.3033E6	
589	-6.9939E-1	1.6927E2	2.3196E0	1.3055E6	
590	-7.0267E-1	1.6440E2	2.3124E0	1.3077E6	
591	-7.0091E-1	1.6701E2	2.3054E0	1.3099E6	
592	-6.9885E-1	1.7007E2	2.2982E0	1.3121E6	
593	-6.9847E-1	1.7063E2	2.2913E0	1.3144E6	
594	-7.0030E-1	1.6791E2	2.2841E0	1.3166E6	
595	-7.0122E-1	1.6656E2	2.2770E0	1.3188E6	
596	-7.0023E-1	1.6803E2	2.2699E0	1.3210E6	
597	-7.0107E-1	1.6678E2	2.2628E0	1.3232E6	
598	-6.9885E-1	1.7007E2	2.2559E0	1.3255E6	
599	-6.9939E-1	1.6927E2	2.2487E0	1.3277E6	
600	-7.0183E-1	1.6565E2	2.2416E0	1.3299E6	
601	-6.9939E-1	1.6927E2	2.2344E0	1.3321E6	
602	-6.9939E-1	1.6927E2	2.2274E0	1.3343E6	
603	-6.9839E-1	1.7074E2	2.2202E0	1.3366E6	
604	-6.9939E-1	1.6927E2	2.2132E0	1.3388E6	
605	-6.9885E-1	1.7007E2	2.2061E0	1.3410E6	
606	-6.9931E-1	1.6939E2	2.1990E0	1.3432E6	
607	-6.9839E-1	1.7074E2	2.1918E0	1.3454E6	
608	-6.9702E-1	1.7278E2	2.1848E0	1.3477E6	
609	-6.9481E-1	1.7607E2	2.1776E0	1.3499E6	
610	-7.0007E-1	1.6825E2	2.1704E0	1.3521E6	
611	-6.9901E-1	1.6984E2	2.1635E0	1.3543E6	
612	-6.9695E-1	1.7290E2	2.1563E0	1.3565E6	
613	-6.9641E-1	1.7369E2	2.1492E0	1.3588E6	
614	-6.9756E-1	1.7199E2	2.1420E0	1.3610E6	
615	-6.9504E-1	1.7573E2	2.1350E0	1.3632E6	
616	-6.9534E-1	1.7527E2	2.1279E0	1.3654E6	
617	-6.9557E-1	1.7493E2	2.1206E0	1.3676E6	
618	-6.9664E-1	1.7335E2	2.1136E0	1.3699E6	
619	-6.9435E-1	1.7675E2	2.1064E0	1.3721E6	
620	-6.9664E-1	1.7335E2	2.0992E0	1.3743E6	
621	-6.9473E-1	1.7618E2	2.0922E0	1.3765E6	
622	-6.9435E-1	1.7675E2	2.0850E0	1.3787E6	
623	-6.9237E-1	1.7969E2	2.0779E0	1.3810E6	
624	-6.9313E-1	1.7856E2	2.0708E0	1.3832E6	
625	-6.9351E-1	1.7799E2	2.0636E0	1.3854E6	
626	-6.9069E-1	1.8218E2	2.0565E0	1.3876E6	
627	-6.9138E-1	1.8116E2	2.0493E0	1.3898E6	
628	-6.9435E-1	1.7675E2	2.0422E0	1.3921E6	
629	-6.9191E-1	1.8037E2	2.0351E0	1.3943E6	
630	-6.9115E-1	1.8150E2	2.0279E0	1.3965E6	
631	-6.9229E-1	1.7980E2	2.0208E0	1.3987E6	
632	-6.8993E-1	1.8331E2	2.0136E0	1.4009E6	
633	-6.9008E-1	1.8309E2	2.0065E0	1.4032E6	
634	-6.8832E-1	1.8569E2	1.9993E0	1.4054E6	
635	-6.9008E-1	1.8309E2	1.9922E0	1.4076E6	
636	-6.8977E-1	1.8354E2	1.9850E0	1.4098E6	
637	-6.8794E-1	1.8626E2	1.9779E0	1.4120E6	
638	-6.9016E-1	1.8297E2	1.9707E0	1.4143E6	
639	-6.8802E-1	1.8614E2	1.9636E0	1.4165E6	
640	-6.8886E-1	1.8490E2	1.9563E0	1.4187E6	
641	-6.8863E-1	1.8524E2	1.9492E0	1.4209E6	
642	-6.8855E-1	1.8535E2	1.9420E0	1.4231E6	
643	-6.8413E-1	1.9192E2	1.9349E0	1.4254E6	
644	-6.8825E-1	1.8580E2	1.9277E0	1.4276E6	
645	-6.8848E-1	1.8546E2	1.9204E0	1.4298E6	
646	-6.8764E-1	1.8671E2	1.9134E0	1.4320E6	
647	-6.8748E-1	1.8694E2	1.9062E0	1.4342E6	
648	-6.8535E-1	1.9011E2	1.8990E0	1.4365E6	
649	-6.8718E-1	1.8739E2	1.8918E0	1.4387E6	
650	-6.8642E-1	1.8852E2	1.8847E0	1.4409E6	
651	-6.8756E-1	1.8682E2	1.8775E0	1.4431E6	
652	-6.8657E-1	1.8829E2	1.8703E0	1.4453E6	
653	-6.8428E-1	1.9169E2	1.8631E0	1.4476E6	
654	-6.8687E-1	1.8784E2	1.8560E0	1.4498E6	
655	-6.8459E-1	1.9124E2	1.8487E0	1.4520E6	
656	-6.8619E-1	1.8886E2	1.8416E0	1.4542E6	
657	-6.8527E-1	1.9022E2	1.8344E0	1.4564E6	
658	-6.8428E-1	1.9169E2	1.8272E0	1.4587E6	
659	-6.8558E-1	1.8977E2	1.8200E0	1.4609E6	
660	-6.8634E-1	1.8863E2	1.8128E0	1.4631E6	
661	-6.8497E-1	1.9067E2	1.8056E0	1.4653E6	
662	-6.8420E-1	1.9180E2	1.7985E0	1.4675E6	
663	-6.8565E-1	1.8965E2	1.7913E0	1.4698E6	
664	-6.8687E-1	1.8784E2	1.7840E0	1.4720E6	
665	-6.8329E-1	1.9316E2	1.7769E0	1.4742E6	
666	-6.8527E-1	1.9022E2	1.7696E0	1.4764E6	
667	-6.8687E-1	1.8784E2	1.7625E0	1.4786E6	
668	-6.8398E-1	1.9214E2	1.7553E0	1.4809E6	
669	-6.8535E-1	1.9011E2	1.7480E0	1.4831E6	
670	-6.8428E-1	1.9169E2	1.7409E0	1.4853E6	
671	-6.8321E-1	1.9328E2	1.7336E0	1.4875E6	
672	-6.8314E-1	1.9339E2	1.7265E0	1.4897E6	
673	-6.8092E-1	1.9667E2	1.7192E0	1.4920E6	
674	-6.8138E-1	1.9599E2	1.7120E0	1.4942E6	
675	-6.8222E-1	1.9475E2	1.7048E0	1.4964E6	
676	-6.8024E-1	1.9769E2	1.6976E0	1.4986E6	
677	-6.8359E-1	1.9271E2	1.6903E0	1.5008E6	
678	-6.8092E-1	1.9667E2	1.6832E0	1.5031E6	
679	-6.8108E-1	1.9645E2	1.6759E0	1.5053E6	
680	-6.8146E-1	1.9588E2	1.6688E0	1.5075E6	
681	-6.8306E-1	1.9350E2	1.6615E0	1.5097E6	
682	-6.8054E-1	1.9724E2	1.6543E0	1.5119E6	
683	-6.8062E-1	1.9713E2	1.6471E0	1.5142E6	
684	-6.8069E-1	1.9701E2	1.6399E0	1.5164E6	
685	-6.7963E-1	1.9860E2	1.6327E0	1.5186E6	
686	-6.7841E-1	2.0041E2	1.6255E0	1.5208E6	
687	-6.7963E-1	1.9860E2	1.6182E0	1.5230E6	
688	-6.7825E-1	2.0064E2	1.6110E0	1.5253E6	
689	-6.7818E-1	2.0075E2	1.6038E0	1.5275E6	
690	-6.7871E-1	1.9996E2	1.5966E0	1.5297E6	
691	-6.7802E-1	2.0098E2	1.5893E0	1.5319E6	
692	-6.7535E-1	2.0494E2	1.5820E0	1.5341E6	
693	-6.7657E-1	2.0313E2	1.5748E0	1.5364E6	
694	-6.7665E-1	2.0301E2	1.5677E0	1.5386E6	
695	-6.7833E-1	2.0052E2	1.5605E0	1.5408E6	
696	-6.7604E-1	2.0392E2	1.5532E0	1.5430E6	
697	-6.7436E-1	2.0641E2	1.5459E0	1.5452E6	
698	-6.7383E-1	2.0720E2	1.5387E0	1.5475E6	
699	-6.7284E-1	2.0868E2	1.5314E0	1.5497E6	
700	-6.7314E-1	2.0822E2	1.5242E0	1.5519E6	
701	-6.7528E-1	2.0505E2	1.5169E0	1.5541E6	
702	-6.7497E-1	2.0550E2	1.5097E0	1.5563E6	
703	-6.7383E-1	2.0720E2	1.5026E0	1.5586E6	
704	-6.7375E-1	2.0732E2	1.4952E0	1.5608E6	
705	-6.7520E-1	2.0517E2	1.4881E0	1.5630E6	
706	-6.7566E-1	2.0449E2	1.4807E0	1.5652E6	
707	-6.7215E-1	2.0969E2	1.4737E0	1.5674E6	
708	-6.7314E-1	2.0822E2	1.4663E0	1.5697E6	
709	-6.7482E-1	2.0573E2	1.4591E0	1.5719E6	
710	-6.7169E-1	2.1037E2	1.4519E0	1.5741E6	
711	-6.7360E-1	2.0754E2	1.4446E0	1.5763E6	
712	-6.7238E-1	2.0935E2	1.4374E0	1.5785E6	
713	-6.7101E-1	2.1139E2	1.4301E0	1.5808E6	
714	-6.7345E-1	2.0777E2	1.4229E0	1.5830E6	
715	-6.7101E-1	2.1139E2	1.4157E0	1.5852E6	
716	-6.7123E-1	2.1105E2	1.4084E0	1.5874E6	
717	-6.6902E-1	2.1434E2	1.4012E0	1.5896E6	
718	-6.7200E-1	2.0992E2	1.3939E0	1.5919E6	
719	-6.7169E-1	2.1037E2	1.3867E0	1.5941E6	
720	-6.7093E-1	2.1151E2	1.3793E0	1.5963E6	
721	-6.7101E-1	2.1139E2	1.3722E0	1.5985E6	
722	-6.7108E-1	2.1128E2	1.3649E0	1.6007E6	
723	-6.7291E-1	2.0856E2	1.3578E0	1.6030E6	
724	-6.7169E-1	2.1037E2	1.3504E0	1.6052E6	
725	-6.6963E-1	2.1343E2	1.3431E0	1.6074E6	
726	-6.7093E-1	2.1151E2	1.3358E0	1.6096E6	
727	-6.6902E-1	2.1434E2	1.3286E0	1.6118E6	
728	-6.7039E-1	2.1230E2	1.3214E0	1.6141E6	
729	-6.6963E-1	2.1343E2	1.3141E0	1.6163E6	
730	-6.7085E-1	2.1162E2	1.3069E0	1.6185E6	
731	-6.6833E-1	2.1536E2	1.2997E0	1.6207E6	
732	-6.6696E-1	2.1739E2	1.2924E0	1.6229E6	
733	-6.7093E-1	2.1151E2	1.2852E0	1.6252E6	
734	-6.7001E-1	2.1286E2	1.2779E0	1.6274E6	
735	-6.7047E-1	2.1219E2	1.2705E0	1.6296E6	
736	-6.6879E-1	2.1468E2	1.2634E0	1.6318E6	
737	-6.7032E-1	2.1241E2	1.2561E0	1.6340E6	
738	-6.6841E-1	2.1524E2	1.2488E0	1.6363E6	
739	-6.6811E-1	2.1570E2	1.2415E0	1.6385E6	
740	-6.6833E-1	2.1536E2	1.2343E0	1.6407E6	
741	-6.6879E-1	2.1468E2	1.2271E0	1.6429E6	
742	-6.6528E-1	2.1988E2	1.2199E0	1.6451E6	
743	-6.6574E-1	2.1921E2	1.2126E0	1.6474E6	
744	-6.6322E-1	2.2294E2	1.2053E0	1.6496E6	
745	-6.6467E-1	2.2079E2	1.1981E0	1.6518E6	
746	-6.6826E-1	2.1547E2	1.1908E0	1.6540E6	
747	-6.6635E-1	2.1830E2	1.1835E0	1.6562E6	
748	-6.6444E-1	2.2113E2	1.1763E0	1.6585E6	
749	-6.6414E-1	2.2158E2	1.1691E0	1.6607E6	
750	-6.6475E-1	2.2068E2	1.1618E0	1.6629E6	
751	-6.6299E-1	2.2328E2	1.1545E0	1.6651E6	
752	-6.6254E-1	2.2396E2	1.1473E0	1.6673E6	
753	-6.6360E-1	2.2238E2	1.1399E0	1.6696E6	
754	-6.6429E-1	2.2136E2	1.1327E0	1.6718E6	
755	-6.6109E-1	2.2611E2	1.1255E0	1.6740E6	
756	-6.6246E-1	2.2407E2	1.1183E0	1.6762E6	
757	-6.5895E-1	2.2928E2	1.1110E0	1.6784E6	
758	-6.6238E-1	2.2419E2	1.1038E0	1.6807E6	
759	-6.6185E-1	2.2498E2	1.0964E0	1.6829E6	
760	-6.6071E-1	2.2668E2	1.0891E0	1.6851E6	
761	-6.6170E-1	2.2521E2	1.0819E0	1.6873E6	
762	-6.6330E-1	2.2283E2	1.0746E0	1.6895E6	
763	-7.1190E-1	1.5070E2	1.0675E0	1.6918E6	
764	-7.1632E-1	1.4414E2	1.0602E0	1.6940E6	
765	-7.1136E-1	1.5150E2	1.0529E0	1.6962E6	
766	-7.0732E-1	1.5750E2	1.0456E0	1.6984E6	
767	-6.9473E-1	1.7618E2	1.0384E0	1.7006E6	
768	-6.8535E-1	1.9011E2	1.0311E0	1.7029E6	
769	-6.6742E-1	2.1671E2	1.0238E0	1.7051E6	
770	-6.4331E-1	2.5249E2	1.0166E0	1.7073E6	
771	-6.2172E-1	2.8454E2	1.0095E0	1.7095E6	
772	-6.0829E-1	3.0446E2	1.0021E0	1.7117E6	
773	-5.8754E-1	3.3526E2	9.9484E-1	1.7140E6	
774	-5.7358E-1	3.5598E2	9.8764E-1	1.7162E6	
775	-5.5916E-1	3.7738E2	9.8043E-1	1.7184E6	
776	-5.5237E-1	3.8746E2	9.7317E-1	1.7206E6	
777	-5.3734E-1	4.0976E2	9.6588E-1	1.7228E6	
778	-5.2612E-1	4.2641E2	9.5863E-1	1.7251E6	
779	-5.0491E-1	4.5788E2	9.5144E-1	1.7273E6	
780	-4.9721E-1	4.6932E2	9.4410E-1	1.7295E6	
781	-4.8363E-1	4.8947E2	9.3685E-1	1.7317E6	
782	-4.7440E-1	5.0318E2	9.2965E-1	1.7339E6	
783	-4.6387E-1	5.1880E2	9.2241E-1	1.7362E6	
784	-4.5982E-1	5.2480E2	9.1512E-1	1.7384E6	
785	-4.6371E-1	5.1903E2	9.0792E-1	1.7406E6	
786	-4.6692E-1	5.1427E2	9.0055E-1	1.7428E6	
787	-4.6318E-1	5.1982E2	8.9337E-1	1.7450E6	
788	-4.6082E-1	5.2333E2	8.8616E-1	1.7473E6	
789	-4.6555E-1	5.1631E2	8.7885E-1	1.7495E6	
790	-4.6730E-1	5.1371E2	8.7162E-1	1.7517E6	
791	-4.6951E-1	5.1042E2	8.6438E-1	1.7539E6	
792	-4.5929E-1	5.2559E2	8.5710E-1	1.7561E6	
793	-4.4365E-1	5.4881E2	8.4990E-1	1.7584E6	
794	-4.3892E-1	5.5583E2	8.4266E-1	1.7606E6	
795	-4.3182E-1	5.6636E2	8.3541E-1	1.7628E6	
796	-4.2595E-1	5.7507E2	8.2811E-1	1.7650E6	
797	-4.2526E-1	5.7609E2	8.2087E-1	1.7672E6	
798	-4.0878E-1	6.0055E2	8.1365E-1	1.7695E6	
799	-3.9932E-1	6.1459E2	8.0644E-1	1.7717E6	
800	-3.8536E-1	6.3531E2	7.9910E-1	1.7739E6	
801	-3.6354E-1	6.6769E2	7.9199E-1	1.7761E6	
802	-3.4294E-1	6.9826E2	7.8473E-1	1.7783E6	
803	-3.1441E-1	7.4061E2	7.7746E-1	1.7806E6	
804	-3.1631E-1	7.3778E2	7.7632E-1	1.7809E6	
805	-3.1265E-1	7.4321E2	7.7614E-1	1.7810E6	
806	-3.1265E-1	7.4321E2	7.7614E-1	1.7810E6	
807	-3.1265E-1	7.4321E2	7.7614E-1	1.7810E6	
808	-3.1265E-1	7.4321E2	7.7614E-1	1.7810E6	
809	-3.1265E-1	7.4321E2	7.7614E-1	1.7810E6	
810	-3.1265E-1	7.4321E2	7.7614E-1	1.7810E6	
811	-3.1265E-1	7.4321E2	7.7614E-1	1.7810E6	
812	-3.1265E-1	7.4321E2	7.7614E-1	1.7810E6	
813	-3.1265E-1	7.4321E2	7.7614E-1	1.7810E6	
814	-3.1265E-1	7.4321E2	7.7614E-1	1.7810E6	
815	-3.1265E-1	7.4321E2	7.7614E-1	1.7810E6	
816	-3.1265E-1	7.4321E2	7.7614E-1	1.7810E6	
817	-3.1265E-1	7.4321E2	7.7614E-1	1.7810E6	
818	-3.1265E-1	7.4321E2	7.7614E-1	1.7810E6	
819	-3.1265E-1	7.4321E2	7.7614E-1	1.7810E6	
820	-3.1265E-1	7.4321E2	7.7614E-1	1.7810E6	
821	-3.1265E-1	7.4321E2	7.7614E-1	1.7810E6	
822	-3.1265E-1	7.4321E2	7.7614E-1	1.7810E6	
823	-3.1265E-1	7.4321E2	7.7614E-1	1.7810E6	
824	-3.1265E-1	7.4321E2	7.7614E-1	1.7810E6	
825	-3.1265E-1	7.4321E2	7.7614E-1	1.7810E6	
826	-3.1265E-1	7.4321E2	7.7614E-1	1.7810E6	
827	-3.1265E-1	7.4321E2	7.7614E-1	1.7810E6	
828	-3.1265E-1	7.4321E2	7.7614E-1	1.7810E6	
829	-3.1265E-1	7.4321E2	7.7614E-1	1.7810E6	
830	-3.1265E-1	7.4321E2	7.7614E-1	1.7810E6	
831	-3.1265E-1	7.4321E2	7.7614E-1	1.7810E6	
832	-3.1265E-1	7.4321E2	7.7614E-1	1.7810E6	
833	-3.1265E-1	7.4321E2	7.7614E-1	1.7810E6	
834	-3.1265E-1	7.4321E2	7.7614E-1	1.7810E6	
835	-3.1265E-1	7.4321E2	7.7614E-1	1.7810E6	
836	-3.1265E-1	7.4321E2	7.7614E-1	1.7810E6	
837	-3.1265E-1	7.4321E2	7.7614E-1	1.7810E6	
838	-3.1265E-1	7.4321E2	7.7614E-1	1.7810E6	
839	-3.1265E-1	7.4321E2	7.7614E-1	1.7810E6	
840	-3.1265E-1	7.4321E2	7.7614E-1	1.7810E6	
841	-3.1265E-1	7.4321E2	7.7614E-1	1.7810E6	
842	-3.1265E-1	7.4321E2	7.7614E-1	1.7810E6	
843	-3.1265E-1	7.4321E2	7.7614E-1	1.7810E6	
844	-3.1265E-1	7.4321E2	7.7614E-1	1.7810E6	
845	-3.1265E-1	7.4321E2	7.7614E-1	1.7810E6	
846	-3.1265E-1	7.4321E2	7.7614E-1	1.7810E6	
847	-3.1265E-1	7.4321E2	7.7614E-1	1.7810E6	
848	-3.1265E-1	7.4321E2	7.7614E-1	1.7810E6	
849	-3.1265E-1	7.4321E2	7.7614E-1	1.7810E6	
850	-3.1265E-1	7.4321E2	7.7614E-1	1.7810E6	
851	-3.1265E-1	7.4321E2	7.7614E-1	1.7810E6	
852	-3.1265E-1	7.4321E2	7.7614E-1	1.7810E6	
853	-3.1265E-1	7.4321E2	7.7614E-1	1.7810E6	
854	-3.1265E-1	7.4321E2	7.7614E-1	1.7810E6	
855	-3.1265E-1	7.4321E2	7.7614E-1	1.7810E6	
856	-3.1265E-1	7.4321E2	7.7614E-1	1.7810E6	
857	-3.1265E-1	7.4321E2	7.7614E-1	1.7810E6	
858	-3.1265E-1	7.4321E2	7.7614E-1	1.7810E6	
859	-3.1265E-1	7.4321E2	7.7614E-1	1.7810E6	
860	-3.1265E-1	7.4321E2	7.7614E-1	1.7810E6	
861	-3.1265E-1	7.4321E2	7.7614E-1	1.7810E6	
862	-3.1265E-1	7.4321E2	7.7614E-1	1.7810E6	
863	-3.1265E-1	7.4321E2	7.7614E-1	1.7810E6	
864	-3.1265E-1	7.4321E2	7.7614E-1	1.7810E6	
865	-3.1265E-1	7.4321E2	7.7614E-1	1.7810E6	
866	-3.1265E-1	7.4321E2	7.7614E-1	1.7810E6	
867	-3.1265E-1	7.4321E2	7.7614E-1	1.7810E6	
868	-3.1265E-1	7.4321E2	7.7614E-1	1.7810E6	
869	-3.1265E-1	7.4321E2	7.7614E-1	1.7810E6	
870	-3.1265E-1	7.4321E2	7.7614E-1	1.7810E6	
871	-3.1265E-1	7.4321E2	7.7614E-1	1.7810E6	
872	-3.1265E-1	7.4321E2	7.7614E-1	1.7810E6	
873	-3.1265E-1	7.4321E2	7.7614E-1	1.7810E6	
874	-3.1265E-1	7.4321E2	7.7614E-1	1.7810E6	
875	-3.1265E-1	7.4321E2	7.7614E-1	1.7810E6	
876	-3.1265E-1	7.4321E2	7.7614E-1	1.7810E6	
877	-3.1265E-1	7.4321E2	7.7614E-1	1.7810E6	
878	-3.1265E-1	7.4321E2	7.7614E-1	1.7810E6	
879	-3.1265E-1	7.4321E2	7.7614E-1	1.7810E6	
880	-3.1265E-1	7.4321E2	7.7614E-1	1.7810E6	
881	-3.1265E-1	7.4321E2	7.7614E-1	1.7810E6	
882	-3.1265E-1	7.4321E2	7.7614E-1	1.7810E6	
883	-3.1265E-1	7.4321E2	7.7614E-1	1.7810E6	
884	-3.1265E-1	7.4321E2	7.7614E-1	1.7810E6	
885	-3.1265E-1	7.4321E2	7.7614E-1	1.7810E6	
886	-3.1265E-1	7.4321E2	7.7614E-1	1.7810E6	
887	-3.1265E-1	7.4321E2	7.7614E-1	1.7810E6	
888	-3.1265E-1	7.4321E2	7.7614E-1	1.7810E6	
889	-3.1265E-1	7.4321E2	7.7614E-1	1.7810E6	
890	-3.1265E-1	7.4321E2	7.7614E-1	1.7810E6	
891	-3.1265E-1	7.4321E2	7.7614E-1	1.7810E6	
892	-3.1265E-1	7.4321E2	7.7614E-1	1.7810E6	
893	-3.1265E-1	7.4321E2	7.7614E-1	1.7810E6	
894	-3.1265E-1	7.4321E2	7.7614E-1	1.7810E6	
895	-3.1265E-1	7.4321E2	7.7614E-1	1.7810E6	
896	-3.1265E-1	7.4321E2	7.7614E-1	1.7810E6	
897	-3.1265E-1	7.4321E2	7.7614E-1	1.7810E6	
898	-3.1265E-1	7.4321E2	7.7614E-1	1.7810E6	
899	-3.1265E-1	7.4321E2	7.7614E-1	1.7810E6	
900	-3.1265E-1	7.4321E2	7.7614E-1	1.7810E6	
901	-3.1265E-1	7.4321E2	7.7614E-1	1.7810E6	
902	-3.1265E-1	7.4321E2	7.7614E-1	1.7810E6	
903	-3.1265E-1	7.4321E2	7.7614E-1	1.7810E6	
904	-3.1265E-1	7.4321E2	7.7614E-1	1.7810E6	
905	-3.1265E-1	7.4321E2	7.7614E-1	1.7810E6	
906	-3.1265E-1	7.4321E2	7.7614E-1	1.7810E6	
907	-3.1265E-1	7.4321E2	7.7614E-1	1.7810E6	
908	-3.1265E-1	7.4321E2	7.7614E-1	1.7810E6	
909	-3.1265E-1	7.4321E2	7.7614E-1	1.7810E6	
910	-3.1265E-1	7.4321E2	7.7614E-1	1.7810E6	
911	-3.1265E-1	7.4321E2	7.7614E-1	1.7810E6	
912	-3.1265E-1	7.4321E2	7.7614E-1	1.7810E6	
913	-3.1265E-1	7.4321E2	7.7614E-1	1.7810E6	
914	-3.1265E-1	7.4321E2	7.7614E-1	1.7810E6	
915	-3.1265E-1	7.4321E2	7.7614E-1	1.7810E6	
916	-3.1265E-1	7.4321E2	7.7614E-1	1.7810E6	
917	-3.1265E-1	7.4321E2	7.7614E-1	1.7810E6	
918	-3.1265E-1	7.4321E2	7.7614E-1	1.7810E6	
919	-3.1265E-1	7.4321E2	7.7614E-1	1.7810E6	
920	-3.1265E-1	7.4321E2	7.7614E-1	1.7810E6	
921	-3.1265E-1	7.4321E2	7.7614E-1	1.7810E6	
922	-3.1265E-1	7.4321E2	7.7614E-1	1.7810E6	
923	-3.1265E-1	7.4321E2	7.7614E-1	1.7810E6	
924	-3.1265E-1	7.4321E2	7.7614E-1	1.7810E6	
925	-3.1265E-1	7.4321E2	7.7614E-1	1.7810E6	
926	-3.1265E-1	7.4321E2	7.7614E-1	1.7810E6	
927	-3.1265E-1	7.4321E2	7.7614E-1	1.7810E6	
928	-3.1265E-1	7.4321E2	7.7614E-1	1.7810E6	
929	-3.1265E-1	7.4321E2	7.7614E-1	1.7810E6	
930	-3.1265E-1	7.4321E2	7.7614E-1	1.7810E6	
931	-3.1265E-1	7.4321E2	7.7614E-1	1.7810E6	
932	-3.1265E-1	7.4321E2	7.7614E-1	1.7810E6	
933	-3.1265E-1	7.4321E2	7.7614E-1	1.7810E6	
934	-3.1265E-1	7.4321E2	7.7614E-1	1.7810E6	
935	-3.1265E-1	7.4321E2	7.7614E-1	1.7810E6	
936	-3.1265E-1	7.4321E2	7.7614E-1	1.7810E6	
937	-3.1265E-1	7.4321E2	7.7614E-1	1.7810E6	
938	-3.1265E-1	7.4321E2	7.7614E-1	1.7810E6	
939	-3.1265E-1	7.4321E2	7.7614E-1	1.7810E6	
940	-3.1265E-1	7.4321E2	7.7614E-1	1.7810E6	
941	-3.1265E-1	7.4321E2	7.7614E-1	1.7810E6	
942	-3.1265E-1	7.4321E2	7.7614E-1	1.7810E6	
943	-3.1265E-1	7.4321E2	7.7614E-1	1.7810E6	
944	-3.1265E-1	7.4321E2	7.7614E-1	1.7810E6	
945	-3.1265E-1	7.4321E2	7.7614E-1	1.7810E6	
946	-3.1265E-1	7.4321E2	7.7614E-1	1.7810E6	
947	-3.1265E-1	7.4321E2	7.7614E-1	1.7810E6	
948	-3.1265E-1	7.4321E2	7.7614E-1	1.7810E6	
949	-3.1265E-1	7.4321E2	7.7614E-1	1.7810E6	
950	-3.1265E-1	7.4321E2	7.7614E-1	1.7810E6	
951	-3.1265E-1	7.4321E2	7.7614E-1	1.7810E6	
952	-3.1265E-1	7.4321E2	7.7614E-1	1.7810E6	
953	-3.1265E-1	7.4321E2	7.7614E-1	1.7810E6	
954	-3.1265E-1	7.4321E2	7.7614E-1	1.7810E6	
955	-3.1265E-1	7.4321E2	7.7614E-1	1.7810E6	
956	-3.1265E-1	7.4321E2	7.7614E-1	1.7810E6	
957	-3.1265E-1	7.4321E2	7.7614E-1	1.7810E6	
958	-3.1265E-1	7.4321E2	7.7614E-1	1.7810E6	
959	-3.1265E-1	7.4321E2	7.7614E-1	1.7810E6	
960	-3.1265E-1	7.4321E2	7.7614E-1	1.7810E6	
961	-3.1265E-1	7.4321E2	7.7614E-1	1.7810E6	
962	-3.1265E-1	7.4321E2	7.7614E-1	1.7810E6	
963	-3.1265E-1	7.4321E2	7.7614E-1	1.7810E6	
964	-3.1265E-1	7.4321E2	7.7614E-1	1.7810E6	
965	-3.1265E-1	7.4321E2	7.7614E-1	1.7810E6	
966	-3.1265E-1	7.4321E2	7.7614E-1	1.7810E6	
967	-3.1265E-1	7.4321E2	7.7614E-1	1.7810E6	
968	-3.1265E-1	7.4321E2	7.7614E-1	1.7810E6	
969	-3.1265E-1	7.4321E2	7.7614E-1	1.7810E6	
970	-3.1265E-1	7.4321E2	7.7614E-1	1.7810E6	
971	-3.1265E-1	7.4321E2	7.7614E-1	1.7810E6	
972	-3.1265E-1	7.4321E2	7.7614E-1	1.7810E6	
973	-3.1265E-1	7.4321E2	7.7614E-1	1.7810E6	
974	-3.1265E-1	7.4321E2	7.7614E-1	1.7810E6	
975	-3.1265E-1	7.4321E2	7.7614E-1	1.7810E6	
976	-3.1265E-1	7.4321E2	7.7614E-1	1.7810E6	
977	-3.1265E-1	7.4321E2	7.7614E-1	1.7810E6	
978	-3.1265E-1	7.4321E2	7.7614E-1	1.7810E6	
979	-3.1265E-1	7.4321E2	7.7614E-1	1.7810E6	
980	-3.1265E-1	7.4321E2	7.7614E-1	1.7810E6	
981	-3.1265E-1	7.4321E2	7.7614E-1	1.7810E6	
982	-3.1265E-1	7.4321E2	7.7614E-1	1.7810E6	
983	-3.1265E-1	7.4321E2	7.7614E-1	1.7810E6	
984	-3.1265E-1	7.4321E2	7.7614E-1	1.7810E6	
985	-3.1265E-1	7.4321E2	7.7614E-1	1.7810E6	
986	-3.1265E-1	7.4321E2	7.7614E-1	1.7810E6	
987	-3.1265E-1	7.4321E2	7.7614E-1	1.7810E6	
988	-3.1265E-1	7.4321E2	7.7614E-1	1.7810E6	
989	-3.1265E-1	7.4321E2	7.7614E-1	1.7810E6	
990	-3.1265E-1	7.4321E2	7.7614E-1	1.7810E6	
991	-3.1265E-1	7.4321E2	7.7614E-1	1.7810E6	
992	-3.1265E-1	7.4321E2	7.7614E-1	1.7810E6	
993	-3.1265E-1	7.4321E2	7.7614E-1	1.7810E6	
994	-3.1265E-1	7.4321E2	7.7614E-1	1.7810E6	
995	-3.1265E-1	7.4321E2	7.7614E-1	1.7810E6	
996	-3.1265E-1	7.4321E2	7.7614E-1	1.7810E6	
997	-3.1265E-1	7.4321E2	7.7614E-1	1.7810E6	
998	-3.1265E-1	7.4321E2	7.7614E-1	1.7810E6	
999	-3.1265E-1	7.4321E2	7.7614E-1	1.7810E6	
1000	-3.1265E-1	7.4321E2	7.7614E-1	1.7810E6	
1001	-3.1265E-1	7.4321E2	7.7614E-1	1.7810E6	
1002	-3.1265E-1	7.4321E2	7.7614E-1	1.7810E6	
1003	-3.1265E-1	7.4321E2	7.7614E-1	1.7810E6	
1004	-3.1265E-1	7.4321E2	7.7614E-1	1.7810E6	
1005	-3.1265E-1	7.4321E2	7.7614E-1	1.7810E6	
1006	-3.1265E-1	7.4321E2	7.7614E-1	1.7810E6	
1007	-3.1265E-1	7.4321E2	7.7614E-1	1.7810E6	
1008	-3.1265E-1	7.4321E2	7.7614E-1	1.7810E6	
1009	-3.1265E-1	7.4321E2	7.7614E-1	1.7810E6	
1010	-3.1265E-1	7.4321E2	7.7614E-1	1.7810E6	
1011	-3.1265E-1	7.4321E2	7.7614E-1	1.7810E6	
1012	-3.1265E-1	7.4321E2	7.7614E-1	1.7810E6	
1013	-3.1265E-1	7.4321E2	7.7614E-1	1.7810E6	
1014	-3.1265E-1	7.4321E2	7.7614E-1	1.7810E6	
1015	-3.1265E-1	7.4321E2	7.7614E-1	1.7810E6	
1016	-3.1265E-1	7.4321E2	7.7614E-1	1.7810E6	
1017	-3.1265E-1	7.4321E2	7.7614E-1	1.7810E6	
1018	-3.1265E-1	7.4321E2	7.7614E-1	1.7810E6	
1019	-3.1265E-1	7.4321E2	7.7614E-1	1.7810E6	
1020	-3.1265E-1	7.4321E2	7.7614E-1	1.7810E6	
1021	-3.1265E-1	7.4321E2	7.7614E-1	1.7810E6	
1022	-3.1265E-1	7.4321E2	7.7614E-1	1.7810E6	
1023	-3.1265E-1	7.4321E2	7.7614E-1	1.7810E6	
1024	-3.1265E-1	7.4321E2	7.7614E-1	1.7810E6	
1025	-3.1143E-1	7.4503E2	7.7597E-1	1.7810E6	
1026	-3.6591E-1	6.6418E2	7.7726E-1	1.7832E6	
1027	-3.9925E-1	6.1470E2	7.8000E-1	1.7855E6	
1028	-4.2450E-1	5.7722E2	7.8304E-1	1.7877E6	
1029	-4.5364E-1	5.3397E2	7.8636E-1	1.7899E6	
1030	-4.8241E-1	4.9129E2	7.8983E-1	1.7921E6	
1031	-5.0377E-1	4.5958E2	7.9348E-1	1.7943E6	
1032	-5.2826E-1	4.2324E2	7.9729E-1	1.7966E6	
1033	-5.4375E-1	4.0025E2	8.0129E-1	1.7988E6	
1034	-5.6618E-1	3.6696E2	8.0526E-1	1.8010E6	
1035	-5.8624E-1	3.3719E2	8.0928E-1	1.8032E6	
1036	-6.0150E-1	3.1454E2	8.1336E-1	1.8054E6	
1037	-6.1737E-1	2.9099E2	8.1758E-1	1.8077E6	
1038	-6.3293E-1	2.6789E2	8.2171E-1	1.8099E6	
1039	-6.4789E-1	2.4570E2	8.2615E-1	1.8121E6	
1040	-6.6338E-1	2.2272E2	8.3024E-1	1.8143E6	
1041	-6.7116E-1	2.1117E2	8.3469E-1	1.8165E6	
1042	-6.8741E-1	1.8705E2	8.3909E-1	1.8188E6	
1043	-6.9511E-1	1.7561E2	8.4343E-1	1.8210E6	
1044	-7.0259E-1	1.6452E2	8.4780E-1	1.8232E6	
1045	-7.1831E-1	1.4119E2	8.5231E-1	1.8254E6	
1046	-7.2502E-1	1.3123E2	8.5675E-1	1.8276E6	
1047	-7.3509E-1	1.1628E2	8.6124E-1	1.8299E6	
1048	-7.4371E-1	1.0349E2	8.6565E-1	1.8321E6	
1049	-7.5409E-1	8.8090E1	8.7019E-1	1.8343E6	
1050	-7.6073E-1	7.8239E1	8.7475E-1	1.8365E6	
1051	-7.6889E-1	6.6124E1	8.7933E-1	1.8387E6	
1052	-7.7141E-1	6.2387E1	8.8389E-1	1.8410E6	
1053	-7.8438E-1	4.3139E1	8.8833E-1	1.8432E6	
1054	-7.9224E-1	3.1477E1	8.9299E-1	1.8454E6	
1055	-7.9590E-1	2.6042E1	8.9766E-1	1.8476E6	
1056	-8.0261E-1	1.6078E1	9.0231E-1	1.8498E6	
1057	-8.1032E-1	4.6423E0	9.0692E-1	1.8521E6	
1058	-8.0811E-1	7.9258E0	9.1151E-1	1.8543E6	
1059	-8.1650E-1	-4.5290E0	9.1625E-1	1.8565E6	
1060	-8.1726E-1	-5.6612E0	9.2083E-1	1.8587E6	
1061	-8.2329E-1	-1.4606E1	9.2551E-1	1.8609E6	
1062	-8.1802E-1	-6.7935E0	9.3009E-1	1.8632E6	
1063	-8.1924E-1	-8.6051E0	9.3487E-1	1.8654E6	
1064	-8.1772E-1	-6.3406E0	9.3948E-1	1.8676E6	
1065	-8.2878E-1	-2.2758E1	9.4430E-1	1.8698E6	
1066	-8.3527E-1	-3.2383E1	9.4893E-1	1.8720E6	
1067	-8.3557E-1	-3.2835E1	9.5373E-1	1.8743E6	
1068	-8.3107E-1	-2.6155E1	9.5840E-1	1.8765E6	
1069	-8.3443E-1	-3.1137E1	9.6326E-1	1.8787E6	
1070	-8.3763E-1	-3.5893E1	9.6794E-1	1.8809E6	
1071	-8.3603E-1	-3.3515E1	9.7271E-1	1.8831E6	
1072	-8.3702E-1	-3.4987E1	9.7742E-1	1.8854E6	
1073	-8.3916E-1	-3.8157E1	9.8224E-1	1.8876E6	
1074	-8.3817E-1	-3.6685E1	9.8710E-1	1.8898E6	
1075	-8.4541E-1	-4.7442E1	9.9188E-1	1.8920E6	
1076	-8.4488E-1	-4.6649E1	9.9659E-1	1.8942E6	
1077	-8.4229E-1	-4.2799E1	1.0015E0	1.8965E6	
1078	-8.4473E-1	-4.6423E1	1.0062E0	1.8987E6	
1079	-8.4129E-1	-4.1327E1	1.0111E0	1.9009E6	
1080	-8.4785E-1	-5.1065E1	1.0158E0	1.9031E6	
1081	-8.4480E-1	-4.6536E1	1.0207E0	1.9053E6	
1082	-8.4488E-1	-4.6649E1	1.0256E0	1.9076E6	
1083	-8.4412E-1	-4.5517E1	1.0304E0	1.9098E6	
1084	-8.4770E-1	-5.0838E1	1.0352E0	1.9120E6	
1085	-8.4846E-1	-5.1971E1	1.0401E0	1.9142E6	
1086	-8.4869E-1	-5.2310E1	1.0450E0	1.9164E6	
1087	-8.5205E-1	-5.7292E1	1.0499E0	1.9187E6	
1088	-8.4900E-1	-5.2763E1	1.0548E0	1.9209E6	
1089	-8.5175E-1	-5.6839E1	1.0596E0	1.9231E6	
1090	-8.5274E-1	-5.8311E1	1.0646E0	1.9253E6	
1091	-8.5327E-1	-5.9104E1	1.0695E0	1.9275E6	
1092	-8.5403E-1	-6.0236E1	1.0743E0	1.9298E6	
1093	-8.5434E-1	-6.0689E1	1.0793E0	1.9320E6	
1094	-8.5617E-1	-6.3406E1	1.0843E0	1.9342E6	
1095	-8.5236E-1	-5.7745E1	1.0892E0	1.9364E6	
1096	-8.5793E-1	-6.6011E1	1.0942E0	1.9386E6	
1097	-8.5640E-1	-6.3746E1	1.0991E0	1.9409E6	
1098	-8.5854E-1	-6.6916E1	1.1040E0	1.9431E6	
1099	-8.6151E-1	-7.1332E1	1.1090E0	1.9453E6	
1100	-8.6014E-1	-6.9294E1	1.1138E0	1.9475E6	
1101	-8.5442E-1	-6.0802E1	1.1189E0	1.9497E6	
1102	-8.5808E-1	-6.6237E1	1.1239E0	1.9520E6	
1103	-8.5907E-1	-6.7709E1	1.1289E0	1.9542E6	
1104	-8.5938E-1	-6.8162E1	1.1338E0	1.9564E6	
1105	-8.6075E-1	-7.0200E1	1.1389E0	1.9586E6	
1106	-8.5892E-1	-6.7482E1	1.1439E0	1.9608E6	
1107	-8.5609E-1	-6.3293E1	1.1489E0	1.9631E6	
1108	-8.4999E-1	-5.4235E1	1.1539E0	1.9653E6	
1109	-8.4938E-1	-5.3329E1	1.1589E0	1.9675E6	
1110	-8.4778E-1	-5.0952E1	1.1639E0	1.9697E6	
1111	-8.4732E-1	-5.0272E1	1.1690E0	1.9719E6	
1112	-8.4320E-1	-4.4158E1	1.1741E0	1.9742E6	
1113	-8.4137E-1	-4.1441E1	1.1791E0	1.9764E6	
1114	-8.3900E-1	-3.7931E1	1.1841E0	1.9786E6	
1115	-8.3626E-1	-3.3854E1	1.1892E0	1.9808E6	
1116	-8.3305E-1	-2.9099E1	1.1943E0	1.9830E6	
1117	-8.2726E-1	-2.0494E1	1.1994E0	1.9853E6	
1118	-8.2169E-1	-1.2228E1	1.2044E0	1.9875E6	
1119	-8.1551E-1	-3.0571E0	1.2094E0	1.9897E6	
1120	-8.0879E-1	6.9068E0	1.2146E0	1.9919E6	
1121	-7.9163E-1	3.2383E1	1.2196E0	1.9941E6	
1122	-7.7301E-1	6.0010E1	1.2248E0	1.9964E6	
1123	-7.5371E-1	8.8656E1	1.2300E0	1.9986E6	
1124	-7.1846E-1	1.4097E2	1.2351E0	2.0008E6	
1125	-6.8504E-1	1.9056E2	1.2401E0	2.0030E6	
1126	-6.7642E-1	2.0335E2	1.2452E0	2.0052E6	
1127	-6.7017E-1	2.1264E2	1.2504E0	2.0075E6	
1128	-6.6734E-1	2.1683E2	1.2554E0	2.0097E6	
1129	-6.7093E-1	2.1151E2	1.2606E0	2.0119E6	
1130	-6.6826E-1	2.1547E2	1.2657E0	2.0141E6	
1131	-6.6826E-1	2.1547E2	1.2710E0	2.0163E6	
1132	-6.6902E-1	2.1434E2	1.2762E0	2.0186E6	
1133	-6.6940E-1	2.1377E2	1.2813E0	2.0208E6	
1134	-6.7017E-1	2.1264E2	1.2864E0	2.0230E6	
1135	-6.7101E-1	2.1139E2	1.2917E0	2.0252E6	
1136	-6.6986E-1	2.1309E2	1.2968E0	2.0274E6	
1137	-6.7017E-1	2.1264E2	1.3020E0	2.0297E6	
1138	-6.6971E-1	2.1332E2	1.3072E0	2.0319E6	
1139	-6.7329E-1	2.0800E2	1.3124E0	2.0341E6	
1140	-6.7245E-1	2.0924E2	1.3176E0	2.0363E6	
1141	-6.7070E-1	2.1185E2	1.3228E0	2.0385E6	
1142	-6.6948E-1	2.1366E2	1.3281E0	2.0408E6	
1143	-6.7207E-1	2.0981E2	1.3332E0	2.0430E6	
1144	-6.7207E-1	2.0981E2	1.3386E0	2.0452E6	
1145	-6.7047E-1	2.1219E2	1.3438E0	2.0474E6	
1146	-6.6933E-1	2.1388E2	1.3490E0	2.0496E6	
1147	-6.7413E-1	2.0675E2	1.3542E0	2.0519E6	
1148	-6.7307E-1	2.0834E2	1.3594E0	2.0541E6	
1149	-6.7200E-1	2.0992E2	1.3648E0	2.0563E6	
1150	-6.7261E-1	2.0901E2	1.3700E0	2.0585E6	
1151	-6.7162E-1	2.1049E2	1.3753E0	2.0607E6	
1152	-6.6917E-1	2.1411E2	1.3806E0	2.0630E6	
1153	-6.7390E-1	2.0709E2	1.3858E0	2.0652E6	
1154	-6.7276E-1	2.0879E2	1.3911E0	2.0674E6	
1155	-6.7139E-1	2.1083E2	1.3964E0	2.0696E6	
1156	-6.7390E-1	2.0709E2	1.4017E0	2.0718E6	
1157	-6.7421E-1	2.0664E2	1.4070E0	2.0741E6	
1158	-6.7459E-1	2.0607E2	1.4123E0	2.0763E6	
1159	-6.7154E-1	2.1060E2	1.4175E0	2.0785E6	
1160	-6.7116E-1	2.1117E2	1.4230E0	2.0807E6	
1161	-6.7062E-1	2.1196E2	1.4283E0	2.0829E6	
1162	-6.7284E-1	2.0868E2	1.4336E0	2.0852E6	
1163	-6.7413E-1	2.0675E2	1.4390E0	2.0874E6	
1164	-6.7215E-1	2.0969E2	1.4442E0	2.0896E6	
1165	-6.7146E-1	2.1071E2	1.4496E0	2.0918E6	
1166	-6.7398E-1	2.0698E2	1.4550E0	2.0940E6	
1167	-6.7139E-1	2.1083E2	1.4603E0	2.0963E6	
1168	-6.7390E-1	2.0709E2	1.4657E0	2.0985E6	
1169	-6.7223E-1	2.0958E2	1.4711E0	2.1007E6	
1170	-6.7451E-1	2.0618E2	1.4765E0	2.1029E6	
1171	-6.7368E-1	2.0743E2	1.4818E0	2.1051E6	
1172	-6.7444E-1	2.0630E2	1.4872E0	2.1074E6	
1173	-6.7413E-1	2.0675E2	1.4926E0	2.1096E6	
1174	-6.7421E-1	2.0664E2	1.4979E0	2.1118E6	
1175	-6.7055E-1	2.1207E2	1.5034E0	2.1140E6	
1176	-6.7596E-1	2.0403E2	1.5088E0	2.1162E6	
1177	-6.7490E-1	2.0562E2	1.5142E0	2.1185E6	
1178	-6.7360E-1	2.0754E2	1.5196E0	2.1207E6	
1179	-6.7551E-1	2.0471E2	1.5249E0	2.1229E6	
1180	-6.7543E-1	2.0483E2	1.5304E0	2.1251E6	
1181	-6.7680E-1	2.0279E2	1.5359E0	2.1273E6	
1182	-6.7696E-1	2.0256E2	1.5413E0	2.1296E6	
1183	-6.7581E-1	2.0426E2	1.5466E0	2.1318E6	
1184	-6.7528E-1	2.0505E2	1.5521E0	2.1340E6	
1185	-6.7566E-1	2.0449E2	1.5576E0	2.1362E6	
1186	-6.7574E-1	2.0437E2	1.5630E0	2.1384E6	
1187	-6.7833E-1	2.0052E2	1.5686E0	2.1407E6	
1188	-6.7894E-1	1.9962E2	1.5740E0	2.1429E6	
1189	-6.7490E-1	2.0562E2	1.5795E0	2.1451E6	
1190	-6.7795E-1	2.0109E2	1.5850E0	2.1473E6	
1191	-6.7818E-1	2.0075E2	1.5904E0	2.1495E6	
1192	-6.7841E-1	2.0041E2	1.5959E0	2.1518E6	
1193	-6.7787E-1	2.0120E2	1.6015E0	2.1540E6	
1194	-6.7749E-1	2.0177E2	1.6070E0	2.1562E6	
1195	-6.7993E-1	1.9815E2	1.6125E0	2.1584E6	
1196	-6.8039E-1	1.9747E2	1.6180E0	2.1606E6	
1197	-6.8138E-1	1.9599E2	1.6235E0	2.1629E6	
1198	-6.8039E-1	1.9747E2	1.6289E0	2.1651E6	
1199	-6.8031E-1	1.9758E2	1.6346E0	2.1673E6	
1200	-6.8184E-1	1.9531E2	1.6400E0	2.1695E6	
1201	-6.8092E-1	1.9667E2	1.6456E0	2.1717E6	
1202	-6.8069E-1	1.9701E2	1.6510E0	2.1740E6	
1203	-6.8169E-1	1.9554E2	1.6566E0	2.1762E6	
1204	-6.8031E-1	1.9758E2	1.6622E0	2.1784E6	
1205	-6.8100E-1	1.9656E2	1.6677E0	2.1806E6	
1206	-6.8352E-1	1.9282E2	1.6733E0	2.1828E6	
1207	-6.8344E-1	1.9294E2	1.6788E0	2.1851E6	
1208	-6.8260E-1	1.9418E2	1.6844E0	2.1873E6	
1209	-6.8192E-1	1.9520E2	1.6900E0	2.1895E6	
1210	-6.8390E-1	1.9226E2	1.6955E0	2.1917E6	
1211	-6.8138E-1	1.9599E2	1.7011E0	2.1939E6	
1212	-6.8359E-1	1.9271E2	1.7067E0	2.1962E6	
1213	-6.8565E-1	1.8965E2	1.7123E0	2.1984E6	
1214	-6.8420E-1	1.9180E2	1.7179E0	2.2006E6	
1215	-6.8390E-1	1.9226E2	1.7234E0	2.2028E6	
1216	-6.8466E-1	1.9113E2	1.7291E0	2.2050E6	
1217	-6.8436E-1	1.9158E2	1.7347E0	2.2073E6	
1218	-6.8520E-1	1.9033E2	1.7403E0	2.2095E6	
1219	-6.8642E-1	1.8852E2	1.7460E0	2.2117E6	
1220	-6.8542E-1	1.8999E2	1.7516E0	2.2139E6	
1221	-6.8573E-1	1.8954E2	1.7572E0	2.2161E6	
1222	-6.8443E-1	1.9146E2	1.7628E0	2.2184E6	
1223	-6.8497E-1	1.9067E2	1.7684E0	2.2206E6	
1224	-6.8497E-1	1.9067E2	1.7741E0	2.2228E6	
1225	-6.8497E-1	1.9067E2	1.7797E0	2.2250E6	
1226	-6.8665E-1	1.8818E2	1.7854E0	2.2272E6	
1227	-6.8558E-1	1.8977E2	1.7911E0	2.2295E6	
1228	-6.8291E-1	1.9373E2	1.7967E0	2.2317E6	
1229	-6.8886E-1	1.8490E2	1.8024E0	2.2339E6	
1230	-6.8344E-1	1.9294E2	1.8081E0	2.2361E6	
1231	-6.8733E-1	1.8716E2	1.8137E0	2.2383E6	
1232	-6.8573E-1	1.8954E2	1.8195E0	2.2406E6	
1233	-6.8794E-1	1.8626E2	1.8252E0	2.2428E6	
1234	-6.8626E-1	1.8875E2	1.8308E0	2.2450E6	
1235	-6.8687E-1	1.8784E2	1.8365E0	2.2472E6	
1236	-6.8718E-1	1.8739E2	1.8421E0	2.2494E6	
1237	-6.8810E-1	1.8603E2	1.8479E0	2.2517E6	
1238	-6.8794E-1	1.8626E2	1.8537E0	2.2539E6	
1239	-6.8710E-1	1.8750E2	1.8594E0	2.2561E6	
1240	-6.8611E-1	1.8897E2	1.8651E0	2.2583E6	
1241	-6.8726E-1	1.8728E2	1.8708E0	2.2605E6	
1242	-6.8924E-1	1.8433E2	1.8765E0	2.2628E6	
1243	-6.8527E-1	1.9022E2	1.8822E0	2.2650E6	
1244	-6.8733E-1	1.8716E2	1.8880E0	2.2672E6	
1245	-6.8962E-1	1.8377E2	1.8936E0	2.2694E6	
1246	-6.8626E-1	1.8875E2	1.8995E0	2.2716E6	
1247	-6.8611E-1	1.8897E2	1.9052E0	2.2739E6	
1248	-6.8878E-1	1.8501E2	1.9110E0	2.2761E6	
1249	-6.8954E-1	1.8388E2	1.9167E0	2.2783E6	
1250	-6.8588E-1	1.8931E2	1.9224E0	2.2805E6	
1251	-6.8916E-1	1.8444E2	1.9282E0	2.2827E6	
1252	-6.8901E-1	1.8467E2	1.9340E0	2.2850E6	
1253	-6.8893E-1	1.8478E2	1.9398E0	2.2872E6	
1254	-6.8756E-1	1.8682E2	1.9456E0	2.2894E6	
1255	-6.8718E-1	1.8739E2	1.9513E0	2.2916E6	
1256	-6.8794E-1	1.8626E2	1.9571E0	2.2938E6	
1257	-6.9054E-1	1.8241E2	1.9630E0	2.2961E6	
1258	-6.8779E-1	1.8648E2	1.9687E0	2.2983E6	
1259	-6.9000E-1	1.8320E2	1.9746E0	2.3005E6	
1260	-6.8939E-1	1.8411E2	1.9804E0	2.3027E6	
1261	-6.9099E-1	1.8173E2	1.9863E0	2.3049E6	
1262	-6.9183E-1	1.8048E2	1.9920E0	2.3072E6	
1263	-6.9069E-1	1.8218E2	1.9979E0	2.3094E6	
1264	-6.9221E-1	1.7992E2	2.0036E0	2.3116E6	
1265	-6.9023E-1	1.8286E2	2.0096E0	2.3138E6	
1266	-6.9206E-1	1.8014E2	2.0154E0	2.3160E6	
1267	-6.8985E-1	1.8343E2	2.0213E0	2.3183E6	
1268	-6.9359E-1	1.7788E2	2.0270E0	2.3205E6	
1269	-6.9176E-1	1.8060E2	2.0329E0	2.3227E6	
1270	-6.9214E-1	1.8003E2	2.0388E0	2.3249E6	
1271	-6.9450E-1	1.7652E2	2.0446E0	2.3271E6	
1272	-6.9519E-1	1.7550E2	2.0506E0	2.3294E6	
1273	-6.9183E-1	1.8048E2	2.0564E0	2.3316E6	
1274	-6.9298E-1	1.7878E2	2.0623E0	2.3338E6	
1275	-6.9221E-1	1.7992E2	2.0682E0	2.3360E6	
1276	-6.9344E-1	1.7810E2	2.0741E0	2.3382E6	
1277	-6.9603E-1	1.7425E2	2.0799E0	2.3405E6	
1278	-6.9420E-1	1.7697E2	2.0859E0	2.3427E6	
1279	-6.9450E-1	1.7652E2	2.0918E0	2.3449E6	
1280	-6.9786E-1	1.7154E2	2.0977E0	2.3471E6	
1281	-6.9557E-1	1.7493E2	2.1035E0	2.3493E6	
1282	-6.9527E-1	1.7539E2	2.1095E0	2.3516E6	
1283	-6.9809E-1	1.7120E2	2.1155E0	2.3538E6	
1284	-6.9664E-1	1.7335E2	2.1214E0	2.3560E6	
1285	-6.9679E-1	1.7312E2	2.1273E0	2.3582E6	
1286	-6.9710E-1	1.7267E2	2.1333E0	2.3604E6	
1287	-6.9733E-1	1.7233E2	2.1393E0	2.3627E6	
1288	-6.9633E-1	1.7380E2	2.1451E0	2.3649E6	
1289	-6.9672E-1	1.7324E2	2.1511E0	2.3671E6	
1290	-7.0061E-1	1.6746E2	2.1570E0	2.3693E6	
1291	-7.0084E-1	1.6712E2	2.1629E0	2.3715E6	
1292	-6.9855E-1	1.7052E2	2.1689E0	2.3738E6	
1293	-7.0122E-1	1.6656E2	2.1749E0	2.3760E6	
1294	-6.9893E-1	1.6995E2	2.1809E0	2.3782E6	
1295	-6.9656E-1	1.7346E2	2.1868E0	2.3804E6	
1296	-7.0274E-1	1.6429E2	2.1928E0	2.3826E6	
1297	-6.9809E-1	1.7120E2	2.1988E0	2.3849E6	
1298	-7.0000E-1	1.6837E2	2.2049E0	2.3871E6	
1299	-7.0084E-1	1.6712E2	2.2108E0	2.3893E6	
1300	-6.9893E-1	1.6995E2	2.2168E0	2.3915E6	
1301	-7.0000E-1	1.6837E2	2.2229E0	2.3937E6	
1302	-7.0007E-1	1.6825E2	2.2288E0	2.3960E6	
1303	-7.0000E-1	1.6837E2	2.2349E0	2.3982E6	
1304	-7.0267E-1	1.6440E2	2.2409E0	2.4004E6	
1305	-7.0030E-1	1.6791E2	2.2470E0	2.4026E6	
1306	-7.0107E-1	1.6678E2	2.2530E0	2.4048E6	
1307	-7.0206E-1	1.6531E2	2.2591E0	2.4071E6	
1308	-7.0091E-1	1.6701E2	2.2650E0	2.4093E6	
1309	-7.0290E-1	1.6406E2	2.2711E0	2.4115E6	
1310	-7.0000E-1	1.6837E2	2.2772E0	2.4137E6	
1311	-7.0061E-1	1.6746E2	2.2832E0	2.4159E6	
1312	-7.0259E-1	1.6452E2	2.2893E0	2.4182E6	
1313	-7.0198E-1	1.6542E2	2.2954E0	2.4204E6	
1314	-7.0099E-1	1.6689E2	2.3014E0	2.4226E6	
1315	-7.0091E-1	1.6701E2	2.3075E0	2.4248E6	
1316	-7.0091E-1	1.6701E2	2.3135E0	2.4270E6	
1317	-7.0168E-1	1.6588E2	2.3198E0	2.4293E6	
1318	-7.0305E-1	1.6384E2	2.3258E0	2.4315E6	
1319	-7.0068E-1	1.6735E2	2.3318E0	2.4337E6	
1320	-7.0160E-1	1.6599E2	2.3380E0	2.4359E6	
1321	-7.0389E-1	1.6259E2	2.3440E0	2.4381E6	
1322	-7.0366E-1	1.6293E2	2.3501E0	2.4404E6	
1323	-7.0320E-1	1.6361E2	2.3563E0	2.4426E6	
1324	-7.0374E-1	1.6282E2	2.3624E0	2.4448E6	
1325	-7.0274E-1	1.6429E2	2.3684E0	2.4470E6	
1326	-7.0160E-1	1.6599E2	2.3746E0	2.4492E6	
1327	-7.0328E-1	1.6350E2	2.3806E0	2.4515E6	
1328	-7.0450E-1	1.6169E2	2.3868E0	2.4537E6	
1329	-7.0572E-1	1.5987E2	2.3930E0	2.4559E6	
1330	-7.0389E-1	1.6259E2	2.3992E0	2.4581E6	
1331	-7.0457E-1	1.6157E2	2.4053E0	2.4603E6	
1332	-7.0358E-1	1.6305E2	2.4114E0	2.4626E6	
1333	-7.0419E-1	1.6214E2	2.4176E0	2.4648E6	
1334	-7.0457E-1	1.6157E2	2.4238E0	2.4670E6	
1335	-7.0473E-1	1.6135E2	2.4300E0	2.4692E6	
1336	-7.0404E-1	1.6237E2	2.4361E0	2.4714E6	
1337	-7.0358E-1	1.6305E2	2.4424E0	2.4737E6	
1338	-7.0488E-1	1.6112E2	2.4484E0	2.4759E6	
1339	-7.0511E-1	1.6078E2	2.4547E0	2.4781E6	
1340	-7.0648E-1	1.5874E2	2.4609E0	2.4803E6	
1341	-7.0747E-1	1.5727E2	2.4670E0	2.4825E6	
1342	-7.0694E-1	1.5806E2	2.4733E0	2.4848E6	
1343	-7.0816E-1	1.5625E2	2.4795E0	2.4870E6	
1344	-7.0732E-1	1.5750E2	2.4856E0	2.4892E6	
1345	-7.0770E-1	1.5693E2	2.4918E0	2.4914E6	
1346	-7.0923E-1	1.5467E2	2.4981E0	2.4936E6	
1347	-7.0786E-1	1.5670E2	2.5043E0	2.4959E6	
1348	-7.0908E-1	1.5489E2	2.5106E0	2.4981E6	
1349	-7.0892E-1	1.5512E2	2.5167E0	2.5003E6	
1350	-7.0724E-1	1.5761E2	2.5230E0	2.5025E6	
1351	-7.1190E-1	1.5070E2	2.5293E0	2.5047E6	
1352	-7.1159E-1	1.5116E2	2.5356E0	2.5070E6	
1353	-7.1091E-1	1.5218E2	2.5418E0	2.5092E6	
1354	-7.1060E-1	1.5263E2	2.5481E0	2.5114E6	
1355	-7.1014E-1	1.5331E2	2.5543E0	2.5136E6	
1356	-7.1259E-1	1.4968E2	2.5606E0	2.5158E6	
1357	-7.1404E-1	1.4753E2	2.5668E0	2.5181E6	
1358	-7.1259E-1	1.4968E2	2.5731E0	2.5203E6	
1359	-7.1068E-1	1.5252E2	2.5795E0	2.5225E6	
1360	-7.1205E-1	1.5048E2	2.5856E0	2.5247E6	
1361	-7.0969E-1	1.5399E2	2.5920E0	2.5269E6	
1362	-7.1259E-1	1.4968E2	2.5983E0	2.5292E6	
1363	-7.1365E-1	1.4810E2	2.6045E0	2.5314E6	
1364	-7.1449E-1	1.4685E2	2.6108E0	2.5336E6	
1365	-7.1274E-1	1.4946E2	2.6172E0	2.5358E6	
1366	-7.1594E-1	1.4470E2	2.6235E0	2.5380E6	
1367	-7.1503E-1	1.4606E2	2.6297E0	2.5403E6	
1368	-7.1678E-1	1.4346E2	2.6361E0	2.5425E6	
1369	-7.1503E-1	1.4606E2	2.6424E0	2.5447E6	
1370	-7.1388E-1	1.4776E2	2.6487E0	2.5469E6	
1371	-7.1533E-1	1.4561E2	2.6551E0	2.5491E6	
1372	-7.1281E-1	1.4934E2	2.6614E0	2.5514E6	
1373	-7.1625E-1	1.4425E2	2.6678E0	2.5536E6	
1374	-7.1518E-1	1.4583E2	2.6741E0	2.5558E6	
1375	-7.1465E-1	1.4663E2	2.6805E0	2.5580E6	
1376	-7.1648E-1	1.4391E2	2.6868E0	2.5602E6	
1377	-7.1632E-1	1.4414E2	2.6932E0	2.5625E6	
1378	-7.1762E-1	1.4221E2	2.6996E0	2.5647E6	
1379	-7.1854E-1	1.4085E2	2.7060E0	2.5669E6	
1380	-7.1678E-1	1.4346E2	2.7123E0	2.5691E6	
1381	-7.1587E-1	1.4482E2	2.7187E0	2.5713E6	
1382	-7.1609E-1	1.4448E2	2.7250E0	2.5736E6	
1383	-7.1564E-1	1.4516E2	2.7314E0	2.5758E6	
1384	-7.1625E-1	1.4425E2	2.7378E0	2.5780E6	
1385	-7.1602E-1	1.4459E2	2.7442E0	2.5802E6	
1386	-7.1747E-1	1.4244E2	2.7506E0	2.5824E6	
1387	-7.1823E-1	1.4131E2	2.7571E0	2.5847E6	
1388	-7.1655E-1	1.4380E2	2.7634E0	2.5869E6	
1389	-7.1800E-1	1.4165E2	2.7699E0	2.5891E6	
1390	-7.1777E-1	1.4199E2	2.7762E0	2.5913E6	
1391	-7.1556E-1	1.4527E2	2.7827E0	2.5935E6	
1392	-7.1770E-1	1.4210E2	2.7891E0	2.5958E6	
1393	-7.1793E-1	1.4176E2	2.7956E0	2.5980E6	
1394	-7.2037E-1	1.3814E2	2.8020E0	2.6002E6	
1395	-7.1777E-1	1.4199E2	2.8084E0	2.6024E6	
1396	-7.1762E-1	1.4221E2	2.8148E0	2.6046E6	
1397	-7.1556E-1	1.4527E2	2.8214E0	2.6069E6	
1398	-7.1915E-1	1.3995E2	2.8278E0	2.6091E6	
1399	-7.1762E-1	1.4221E2	2.8342E0	2.6113E6	
1400	-7.1808E-1	1.4153E2	2.8407E0	2.6135E6	
1401	-7.1777E-1	1.4199E2	2.8471E0	2.6157E6	
1402	-7.1762E-1	1.4221E2	2.8536E0	2.6180E6	
1403	-7.1953E-1	1.3938E2	2.8600E0	2.6202E6	
1404	-7.2037E-1	1.3814E2	2.8666E0	2.6224E6	
1405	-7.2083E-1	1.3746E2	2.8731E0	2.6246E6	
1406	-7.1960E-1	1.3927E2	2.8795E0	2.6268E6	
1407	-7.1831E-1	1.4119E2	2.8860E0	2.6291E6	
1408	-7.2136E-1	1.3666E2	2.8925E0	2.6313E6	
1409	-7.2090E-1	1.3734E2	2.8990E0	2.6335E6	
1410	-7.2083E-1	1.3746E2	2.9055E0	2.6357E6	
1411	-7.2189E-1	1.3587E2	2.9120E0	2.6379E6	
1412	-7.2136E-1	1.3666E2	2.9185E0	2.6402E6	
1413	-7.2281E-1	1.3451E2	2.9251E0	2.6424E6	
1414	-7.2044E-1	1.3802E2	2.9315E0	2.6446E6	
1415	-7.2212E-1	1.3553E2	2.9381E0	2.6468E6	
1416	-7.2281E-1	1.3451E2	2.9446E0	2.6490E6	
1417	-7.2327E-1	1.3383E2	2.9512E0	2.6513E6	
1418	-7.2540E-1	1.3066E2	2.9577E0	2.6535E6	
1419	-7.2556E-1	1.3044E2	2.9642E0	2.6557E6	
1420	-7.2357E-1	1.3338E2	2.9708E0	2.6579E6	
1421	-7.2464E-1	1.3179E2	2.9773E0	2.6601E6	
1422	-7.2357E-1	1.3338E2	2.9839E0	2.6624E6	
1423	-7.2380E-1	1.3304E2	2.9904E0	2.6646E6	
1424	-7.2380E-1	1.3304E2	2.9970E0	2.6668E6	
1425	-7.2563E-1	1.3032E2	3.0036E0	2.6690E6	
1426	-7.2601E-1	1.2976E2	3.0102E0	2.6712E6	
1427	-7.2784E-1	1.2704E2	3.0167E0	2.6735E6	
1428	-7.2762E-1	1.2738E2	3.0234E0	2.6757E6	
1429	-7.2899E-1	1.2534E2	3.0300E0	2.6779E6	
1430	-7.2815E-1	1.2659E2	3.0365E0	2.6801E6	
1431	-7.2685E-1	1.2851E2	3.0429E0	2.6823E6	
1432	-7.2777E-1	1.2715E2	3.0495E0	2.6846E6	
1433	-7.2769E-1	1.2727E2	3.0563E0	2.6868E6	
1434	-7.2845E-1	1.2613E2	3.0629E0	2.6890E6	
1435	-7.2960E-1	1.2444E2	3.0695E0	2.6912E6	
1436	-7.2906E-1	1.2523E2	3.0760E0	2.6934E6	
1437	-7.2853E-1	1.2602E2	3.0827E0	2.6957E6	
1438	-7.2906E-1	1.2523E2	3.0893E0	2.6979E6	
1439	-7.2762E-1	1.2738E2	3.0960E0	2.7001E6	
1440	-7.3265E-1	1.1991E2	3.1026E0	2.7023E6	
1441	-7.2853E-1	1.2602E2	3.1092E0	2.7045E6	
1442	-7.3029E-1	1.2342E2	3.1158E0	2.7068E6	
1443	-7.3181E-1	1.2115E2	3.1226E0	2.7090E6	
1444	-7.3349E-1	1.1866E2	3.1291E0	2.7112E6	
1445	-7.3074E-1	1.2274E2	3.1357E0	2.7134E6	
1446	-7.3051E-1	1.2308E2	3.1424E0	2.7156E6	
1447	-7.3227E-1	1.2047E2	3.1490E0	2.7179E6	
1448	-7.2800E-1	1.2681E2	3.1557E0	2.7201E6	
1449	-7.2868E-1	1.2579E2	3.1624E0	2.7223E6	
1450	-7.3029E-1	1.2342E2	3.1690E0	2.7245E6	
1451	-7.3227E-1	1.2047E2	3.1757E0	2.7267E6	
1452	-7.3006E-1	1.2376E2	3.1824E0	2.7290E6	
1453	-7.2952E-1	1.2455E2	3.1891E0	2.7312E6	
1454	-7.3135E-1	1.2183E2	3.1958E0	2.7334E6	
1455	-7.3013E-1	1.2364E2	3.2025E0	2.7356E6	
1456	-7.3067E-1	1.2285E2	3.2092E0	2.7378E6	
1457	-7.3120E-1	1.2206E2	3.2159E0	2.7401E6	
1458	-7.3311E-1	1.1923E2	3.2226E0	2.7423E6	
1459	-7.3212E-1	1.2070E2	3.2292E0	2.7445E6	
1460	-7.3318E-1	1.1911E2	3.2360E0	2.7467E6	
1461	-7.3112E-1	1.2217E2	3.2427E0	2.7489E6	
1462	-7.3296E-1	1.1945E2	3.2494E0	2.7512E6	
1463	-7.3296E-1	1.1945E2	3.2561E0	2.7534E6	
1464	-7.3441E-1	1.1730E2	3.2629E0	2.7556E6	
1465	-7.2945E-1	1.2466E2	3.2695E0	2.7578E6	
1466	-7.3410E-1	1.1775E2	3.2762E0	2.7600E6	
1467	-7.3425E-1	1.1753E2	3.2830E0	2.7623E6	
1468	-7.3280E-1	1.1968E2	3.2898E0	2.7645E6	
1469	-7.3067E-1	1.2285E2	3.2965E0	2.7667E6	
1470	-7.3364E-1	1.1843E2	3.3032E0	2.7689E6	
1471	-7.3387E-1	1.1809E2	3.3100E0	2.7711E6	
1472	-7.3425E-1	1.1753E2	3.3168E0	2.7734E6	
1473	-7.3509E-1	1.1628E2	3.3235E0	2.7756E6	
1474	-7.3578E-1	1.1526E2	3.3304E0	2.7778E6	
1475	-7.3357E-1	1.1855E2	3.3371E0	2.7800E6	
1476	-7.3578E-1	1.1526E2	3.3438E0	2.7822E6	
1477	-7.3814E-1	1.1175E2	3.3507E0	2.7845E6	
1478	-7.3509E-1	1.1628E2	3.3575E0	2.7867E6	
1479	-7.3784E-1	1.1221E2	3.3642E0	2.7889E6	
1480	-7.3441E-1	1.1730E2	3.3710E0	2.7911E6	
1481	-7.3387E-1	1.1809E2	3.3777E0	2.7933E6	
1482	-7.3837E-1	1.1141E2	3.3845E0	2.7956E6	
1483	-7.3792E-1	1.1209E2	3.3913E0	2.7978E6	
1484	-7.3929E-1	1.1006E2	3.3981E0	2.8000E6	
1485	-7.4081E-1	1.0779E2	3.4050E0	2.8022E6	
1486	-7.4188E-1	1.0621E2	3.4117E0	2.8044E6	
1487	-7.3914E-1	1.1028E2	3.4185E0	2.8067E6	
1488	-7.3975E-1	1.0938E2	3.4253E0	2.8089E6	
1489	-7.3944E-1	1.0983E2	3.4322E0	2.8111E6	
1490	-7.4226E-1	1.0564E2	3.4390E0	2.8133E6	
1491	-7.4165E-1	1.0655E2	3.4458E0	2.8155E6	
1492	-7.4173E-1	1.0643E2	3.4527E0	2.8178E6	
1493	-7.4242E-1	1.0541E2	3.4596E0	2.8200E6	
1494	-7.4120E-1	1.0722E2	3.4664E0	2.8222E6	
1495	-7.4089E-1	1.0768E2	3.4732E0	2.8244E6	
1496	-7.4211E-1	1.0587E2	3.4801E0	2.8266E6	
1497	-7.4242E-1	1.0541E2	3.4869E0	2.8289E6	
1498	-7.4326E-1	1.0417E2	3.4938E0	2.8311E6	
1499	-7.4272E-1	1.0496E2	3.5006E0	2.8333E6	
1500	-7.4272E-1	1.0496E2	3.5075E0	2.8355E6	
1501	-7.4463E-1	1.0213E2	3.5144E0	2.8377E6	
1502	-7.4493E-1	1.0168E2	3.5213E0	2.8400E6	
1503	-7.4486E-1	1.0179E2	3.5282E0	2.8422E6	
1504	-7.4287E-1	1.0473E2	3.5351E0	2.8444E6	
1505	-7.4486E-1	1.0179E2	3.5420E0	2.8466E6	
1506	-7.4440E-1	1.0247E2	3.5487E0	2.8488E6	
1507	-7.4532E-1	1.0111E2	3.5557E0	2.8511E6	
1508	-7.4387E-1	1.0326E2	3.5625E0	2.8533E6	
1509	-7.4654E-1	9.9299E1	3.5694E0	2.8555E6	
1510	-7.4402E-1	1.0304E2	3.5765E0	2.8577E6	
1511	-7.4547E-1	1.0088E2	3.5832E0	2.8599E6	
1512	-7.4356E-1	1.0371E2	3.5901E0	2.8622E6	
1513	-7.4532E-1	1.0111E2	3.5971E0	2.8644E6	
1514	-7.4348E-1	1.0383E2	3.6040E0	2.8666E6	
1515	-7.4516E-1	1.0134E2	3.6109E0	2.8688E6	
1516	-7.4486E-1	1.0179E2	3.6179E0	2.8710E6	
1517	-7.4661E-1	9.9186E1	3.6249E0	2.8733E6	
1518	-7.4554E-1	1.0077E2	3.6317E0	2.8755E6	
1519	-7.4532E-1	1.0111E2	3.6387E0	2.8777E6	
1520	-7.4570E-1	1.0054E2	3.6457E0	2.8799E6	
1521	-7.4287E-1	1.0473E2	3.6526E0	2.8821E6	
1522	-7.4638E-1	9.9525E1	3.6595E0	2.8844E6	
1523	-7.4554E-1	1.0077E2	3.6664E0	2.8866E6	
1524	-7.4654E-1	9.9299E1	3.6733E0	2.8888E6	
1525	-7.4570E-1	1.0054E2	3.6803E0	2.8910E6	
1526	-7.4638E-1	9.9525E1	3.6873E0	2.8932E6	
1527	-7.4455E-1	1.0224E2	3.6942E0	2.8955E6	
1528	-7.4562E-1	1.0066E2	3.7012E0	2.8977E6	
1529	-7.4608E-1	9.9978E1	3.7082E0	2.8999E6	
1530	-7.4493E-1	1.0168E2	3.7152E0	2.9021E6	
1531	-7.4699E-1	9.8620E1	3.7221E0	2.9043E6	
1532	-7.4745E-1	9.7940E1	3.7291E0	2.9066E6	
1533	-7.4783E-1	9.7374E1	3.7361E0	2.9088E6	
1534	-7.4867E-1	9.6129E1	3.7431E0	2.9110E6	
1535	-7.5005E-1	9.4091E1	3.7502E0	2.9132E6	
1536	-7.4944E-1	9.4996E1	3.7571E0	2.9154E6	
1537	-7.5043E-1	9.3525E1	3.7641E0	2.9177E6	
1538	-7.4730E-1	9.8167E1	3.7711E0	2.9199E6	
1539	-7.4944E-1	9.4996E1	3.7781E0	2.9221E6	
1540	-7.4921E-1	9.5336E1	3.7851E0	2.9243E6	
1541	-7.4776E-1	9.7487E1	3.7921E0	2.9265E6	
1542	-7.4745E-1	9.7940E1	3.7992E0	2.9288E6	
1543	-7.4944E-1	9.4996E1	3.8061E0	2.9310E6	
1544	-7.5104E-1	9.2619E1	3.8133E0	2.9332E6	
1545	-7.5272E-1	9.0128E1	3.8203E0	2.9354E6	
1546	-7.5119E-1	9.2392E1	3.8273E0	2.9376E6	
1547	-7.5264E-1	9.0241E1	3.8343E0	2.9399E6	
1548	-7.5294E-1	8.9788E1	3.8413E0	2.9421E6	
1549	-7.5333E-1	8.9222E1	3.8485E0	2.9443E6	
1550	-7.5340E-1	8.9109E1	3.8555E0	2.9465E6	
1551	-7.5470E-1	8.7184E1	3.8624E0	2.9487E6	
1552	-7.5302E-1	8.9675E1	3.8696E0	2.9510E6	
1553	-7.5470E-1	8.7184E1	3.8766E0	2.9532E6	
1554	-7.5470E-1	8.7184E1	3.8838E0	2.9554E6	
1555	-7.5378E-1	8.8543E1	3.8908E0	2.9576E6	
1556	-7.5439E-1	8.7637E1	3.8978E0	2.9598E6	
1557	-7.5737E-1	8.3221E1	3.9048E0	2.9621E6	
1558	-7.5722E-1	8.3447E1	3.9119E0	2.9643E6	
1559	-7.5516E-1	8.6505E1	3.9190E0	2.9665E6	
1560	-7.5439E-1	8.7637E1	3.9262E0	2.9687E6	
1561	-7.5676E-1	8.4127E1	3.9332E0	2.9709E6	
1562	-7.5668E-1	8.4240E1	3.9403E0	2.9732E6	
1563	-7.5668E-1	8.4240E1	3.9474E0	2.9754E6	
1564	-7.5912E-1	8.0617E1	3.9545E0	2.9776E6	
1565	-7.5829E-1	8.1862E1	3.9617E0	2.9798E6	
1566	-7.5760E-1	8.2881E1	3.9687E0	2.9820E6	
1567	-7.5768E-1	8.2768E1	3.9759E0	2.9843E6	
1568	-7.5943E-1	8.0164E1	3.9829E0	2.9865E6	
1569	-7.5836E-1	8.1749E1	3.9901E0	2.9887E6	
1570	-7.5836E-1	8.1749E1	3.9972E0	2.9909E6	
1571	-7.5813E-1	8.2089E1	4.0044E0	2.9931E6	
1572	-7.5897E-1	8.0843E1	4.0114E0	2.9954E6	
1573	-7.5729E-1	8.3334E1	4.0185E0	2.9976E6	
1574	-7.5813E-1	8.2089E1	4.0257E0	2.9998E6	
1575	-7.6103E-1	7.7786E1	4.0328E0	3.0020E6	
1576	-7.6103E-1	7.7786E1	4.0400E0	3.0042E6	
1577	-7.5920E-1	8.0504E1	4.0471E0	3.0065E6	
1578	-7.6057E-1	7.8465E1	4.0543E0	3.0087E6	
1579	-7.6271E-1	7.5295E1	4.0613E0	3.0109E6	
1580	-7.6012E-1	7.9145E1	4.0686E0	3.0131E6	
1581	-7.6012E-1	7.9145E1	4.0757E0	3.0153E6	
1582	-7.5989E-1	7.9485E1	4.0829E0	3.0176E6	
1583	-7.5966E-1	7.9824E1	4.0900E0	3.0198E6	
1584	-7.5958E-1	7.9937E1	4.0972E0	3.0220E6	
1585	-7.6057E-1	7.8465E1	4.1044E0	3.0242E6	
1586	-7.5928E-1	8.0390E1	4.1115E0	3.0264E6	
1587	-7.6103E-1	7.7786E1	4.1188E0	3.0287E6	
1588	-7.6202E-1	7.6314E1	4.1259E0	3.0309E6	
1589	-7.6286E-1	7.5069E1	4.1331E0	3.0331E6	
1590	-7.6286E-1	7.5069E1	4.1403E0	3.0353E6	
1591	-7.6202E-1	7.6314E1	4.1474E0	3.0375E6	
1592	-7.6324E-1	7.4503E1	4.1547E0	3.0398E6	
1593	-7.6126E-1	7.7446E1	4.1619E0	3.0420E6	
1594	-7.6355E-1	7.4050E1	4.1691E0	3.0442E6	
1595	-7.6164E-1	7.6880E1	4.1763E0	3.0464E6	
1596	-7.6263E-1	7.5408E1	4.1835E0	3.0486E6	
1597	-7.6439E-1	7.2804E1	4.1906E0	3.0509E6	
1598	-7.6202E-1	7.6314E1	4.1980E0	3.0531E6	
1599	-7.6241E-1	7.5748E1	4.2052E0	3.0553E6	
1600	-7.6317E-1	7.4616E1	4.2124E0	3.0575E6	
1601	-7.6302E-1	7.4842E1	4.2195E0	3.0597E6	
1602	-7.6340E-1	7.4276E1	4.2268E0	3.0620E6	
1603	-7.6385E-1	7.3597E1	4.2340E0	3.0642E6	
1604	-7.6653E-1	6.9634E1	4.2414E0	3.0664E6	
1605	-7.6736E-1	6.8388E1	4.2484E0	3.0686E6	
1606	-7.6515E-1	7.1672E1	4.2558E0	3.0708E6	
1607	-7.6958E-1	6.5105E1	4.2630E0	3.0731E6	
1608	-7.6576E-1	7.0766E1	4.2703E0	3.0753E6	
1609	-7.6920E-1	6.5671E1	4.2776E0	3.0775E6	
1610	-7.6698E-1	6.8955E1	4.2847E0	3.0797E6	
1611	-7.6904E-1	6.5897E1	4.2921E0	3.0819E6	
1612	-7.7057E-1	6.3633E1	4.2993E0	3.0842E6	
1613	-7.6965E-1	6.4992E1	4.3066E0	3.0864E6	
1614	-7.6775E-1	6.7822E1	4.3138E0	3.0886E6	
1615	-7.6912E-1	6.5784E1	4.3211E0	3.0908E6	
1616	-7.6668E-1	6.9407E1	4.3283E0	3.0930E6	
1617	-7.7003E-1	6.4425E1	4.3356E0	3.0953E6	
1618	-7.6973E-1	6.4878E1	4.3428E0	3.0975E6	
1619	-7.6920E-1	6.5671E1	4.3502E0	3.0997E6	
1620	-7.6935E-1	6.5445E1	4.3574E0	3.1019E6	
1621	-7.7141E-1	6.2387E1	4.3647E0	3.1041E6	
1622	-7.6973E-1	6.4878E1	4.3721E0	3.1064E6	
1623	-7.7332E-1	5.9557E1	4.3793E0	3.1086E6	
1624	-7.7156E-1	6.2161E1	4.3866E0	3.1108E6	
1625	-7.7271E-1	6.0463E1	4.3939E0	3.1130E6	
1626	-7.7255E-1	6.0689E1	4.4012E0	3.1152E6	
1627	-7.7286E-1	6.0236E1	4.4086E0	3.1175E6	
1628	-7.7271E-1	6.0463E1	4.4159E0	3.1197E6	
1629	-7.7126E-1	6.2614E1	4.4232E0	3.1219E6	
1630	-7.7301E-1	6.0010E1	4.4305E0	3.1241E6	
1631	-7.7545E-1	5.6386E1	4.4378E0	3.1263E6	
1632	-7.7370E-1	5.8991E1	4.4451E0	3.1286E6	
1633	-7.7286E-1	6.0236E1	4.4523E0	3.1308E6	
1634	-7.7339E-1	5.9444E1	4.4596E0	3.1330E6	
1635	-7.7217E-1	6.1255E1	4.4670E0	3.1352E6	
1636	-7.7499E-1	5.7066E1	4.4744E0	3.1374E6	
1637	-7.7477E-1	5.7405E1	4.4818E0	3.1397E6	
1638	-7.7461E-1	5.7632E1	4.4892E0	3.1419E6	
1639	-7.7583E-1	5.5820E1	4.4963E0	3.1441E6	
1640	-7.7408E-1	5.8425E1	4.5037E0	3.1463E6	
1641	-7.7644E-1	5.4915E1	4.5110E0	3.1485E6	
1642	-7.7438E-1	5.7972E1	4.5184E0	3.1508E6	
1643	-7.7675E-1	5.4462E1	4.5258E0	3.1530E6	
1644	-7.7484E-1	5.7292E1	4.5332E0	3.1552E6	
1645	-7.7820E-1	5.2310E1	4.5404E0	3.1574E6	
1646	-7.7492E-1	5.7179E1	4.5477E0	3.1596E6	
1647	-7.7400E-1	5.8538E1	4.5552E0	3.1619E6	
1648	-7.7652E-1	5.4801E1	4.5625E0	3.1641E6	
1649	-7.7690E-1	5.4235E1	4.5698E0	3.1663E6	
1650	-7.7721E-1	5.3782E1	4.5771E0	3.1685E6	
1651	-7.7637E-1	5.5028E1	4.5847E0	3.1707E6	
1652	-7.7805E-1	5.2537E1	4.5920E0	3.1730E6	
1653	-7.7614E-1	5.5367E1	4.5994E0	3.1752E6	
1654	-7.7850E-1	5.1857E1	4.6068E0	3.1774E6	
1655	-7.7736E-1	5.3556E1	4.6141E0	3.1796E6	
1656	-7.7736E-1	5.3556E1	4.6214E0	3.1818E6	
1657	-7.7705E-1	5.4009E1	4.6288E0	3.1841E6	
1658	-7.7904E-1	5.1065E1	4.6363E0	3.1863E6	
1659	-7.7980E-1	4.9933E1	4.6436E0	3.1885E6	
1660	-7.8003E-1	4.9593E1	4.6510E0	3.1907E6	
1661	-7.7957E-1	5.0272E1	4.6584E0	3.1929E6	
1662	-7.7705E-1	5.4009E1	4.6658E0	3.1952E6	
1663	-7.8094E-1	4.8234E1	4.6730E0	3.1974E6	
1664	-7.8064E-1	4.8687E1	4.6807E0	3.1996E6	
1665	-7.7919E-1	5.0838E1	4.6879E0	3.2018E6	
1666	-7.8224E-1	4.6309E1	4.6953E0	3.2040E6	
1667	-7.8049E-1	4.8914E1	4.7027E0	3.2063E6	
1668	-7.8163E-1	4.7215E1	4.7100E0	3.2085E6	
1669	-7.8125E-1	4.7781E1	4.7176E0	3.2107E6	
1670	-7.8255E-1	4.5856E1	4.7249E0	3.2129E6	
1671	-7.8423E-1	4.3366E1	4.7323E0	3.2151E6	
1672	-7.8049E-1	4.8914E1	4.7397E0	3.2174E6	
1673	-7.8186E-1	4.6875E1	4.7471E0	3.2196E6	
1674	-7.8323E-1	4.4837E1	4.7545E0	3.2218E6	
1675	-7.8339E-1	4.4611E1	4.7618E0	3.2240E6	
1676	-7.8239E-1	4.6083E1	4.7694E0	3.2262E6	
1677	-7.8560E-1	4.1327E1	4.7769E0	3.2285E6	
1678	-7.8255E-1	4.5856E1	4.7841E0	3.2307E6	
1679	-7.8323E-1	4.4837E1	4.7915E0	3.2329E6	
1680	-7.8674E-1	3.9629E1	4.7990E0	3.2351E6	
1681	-7.8697E-1	3.9289E1	4.8064E0	3.2373E6	
1682	-7.8369E-1	4.4158E1	4.8139E0	3.2396E6	
1683	-7.8476E-1	4.2573E1	4.8213E0	3.2418E6	
1684	-7.8720E-1	3.8950E1	4.8287E0	3.2440E6	
1685	-7.8705E-1	3.9176E1	4.8362E0	3.2462E6	
1686	-7.8529E-1	4.1780E1	4.8436E0	3.2484E6	
1687	-7.8484E-1	4.2460E1	4.8510E0	3.2507E6	
1688	-7.8873E-1	3.6685E1	4.8585E0	3.2529E6	
1689	-7.8636E-1	4.0195E1	4.8659E0	3.2551E6	
1690	-7.8613E-1	4.0535E1	4.8733E0	3.2573E6	
1691	-7.8819E-1	3.7478E1	4.8807E0	3.2595E6	
1692	-7.8682E-1	3.9516E1	4.8881E0	3.2618E6	
1693	-7.8888E-1	3.6459E1	4.8957E0	3.2640E6	
1694	-7.8880E-1	3.6572E1	4.9029E0	3.2662E6	
1695	-7.8972E-1	3.5213E1	4.9105E0	3.2684E6	
1696	-7.8835E-1	3.7251E1	4.9180E0	3.2706E6	
1697	-7.9010E-1	3.4647E1	4.9253E0	3.2729E6	
1698	-7.8957E-1	3.5440E1	4.9328E0	3.2751E6	
1699	-7.8903E-1	3.6232E1	4.9402E0	3.2773E6	
1700	-7.9079E-1	3.3628E1	4.9477E0	3.2795E6	
1701	-7.8850E-1	3.7025E1	4.9553E0	3.2817E6	
1702	-7.9124E-1	3.2949E1	4.9627E0	3.2840E6	
1703	-7.9216E-1	3.1590E1	4.9701E0	3.2862E6	
1704	-7.8819E-1	3.7478E1	4.9777E0	3.2884E6	
1705	-7.8903E-1	3.6232E1	4.9850E0	3.2906E6	
1706	-7.9056E-1	3.3968E1	4.9926E0	3.2928E6	
1707	-7.8941E-1	3.5666E1	4.9999E0	3.2951E6	
1708	-7.9124E-1	3.2949E1	5.0075E0	3.2973E6	
1709	-7.9109E-1	3.3175E1	5.0148E0	3.2995E6	
1710	-7.9071E-1	3.3741E1	5.0224E0	3.3017E6	
1711	-7.9300E-1	3.0345E1	5.0298E0	3.3039E6	
1712	-7.9079E-1	3.3628E1	5.0374E0	3.3062E6	
1713	-7.9193E-1	3.1930E1	5.0448E0	3.3084E6	
1714	-7.9178E-1	3.2156E1	5.0523E0	3.3106E6	
1715	-7.9170E-1	3.2269E1	5.0597E0	3.3128E6	
1716	-7.9224E-1	3.1477E1	5.0671E0	3.3150E6	
1717	-7.8964E-1	3.5326E1	5.0746E0	3.3173E6	
1718	-7.9063E-1	3.3855E1	5.0821E0	3.3195E6	
1719	-7.9117E-1	3.3062E1	5.0896E0	3.3217E6	
1720	-7.9277E-1	3.0684E1	5.0971E0	3.3239E6	
1721	-7.9208E-1	3.1703E1	5.1046E0	3.3261E6	
1722	-7.9361E-1	2.9439E1	5.1121E0	3.3284E6	
1723	-7.9475E-1	2.7740E1	5.1195E0	3.3306E6	
1724	-7.9376E-1	2.9212E1	5.1271E0	3.3328E6	
1725	-7.9391E-1	2.8986E1	5.1345E0	3.3350E6	
1726	-7.9391E-1	2.8986E1	5.1420E0	3.3372E6	
1727	-7.9613E-1	2.5702E1	5.1494E0	3.3395E6	
1728	-7.9834E-1	2.2419E1	5.1570E0	3.3417E6	
1729	-7.9491E-1	2.7514E1	5.1645E0	3.3439E6	
1730	-7.9544E-1	2.6721E1	5.1719E0	3.3461E6	
1731	-7.9819E-1	2.2645E1	5.1794E0	3.3483E6	
1732	-7.9376E-1	2.9212E1	5.1869E0	3.3506E6	
1733	-7.9704E-1	2.4344E1	5.1944E0	3.3528E6	
1734	-7.9720E-1	2.4117E1	5.2019E0	3.3550E6	
1735	-7.9872E-1	2.1853E1	5.2094E0	3.3572E6	
1736	-7.9620E-1	2.5589E1	5.2169E0	3.3594E6	
1737	-7.9468E-1	2.7854E1	5.2244E0	3.3617E6	
1738	-7.9842E-1	2.2306E1	5.2319E0	3.3639E6	
1739	-7.9857E-1	2.2079E1	5.2393E0	3.3661E6	
1740	-8.0147E-1	1.7776E1	5.2469E0	3.3683E6	
1741	-8.0078E-1	1.8796E1	5.2544E0	3.3705E6	
1742	-7.9842E-1	2.2306E1	5.2619E0	3.3728E6	
1743	-8.0162E-1	1.7550E1	5.2693E0	3.3750E6	
1744	-7.9803E-1	2.2872E1	5.2768E0	3.3772E6	
1745	-7.9994E-1	2.0041E1	5.2844E0	3.3794E6	
1746	-8.0124E-1	1.8116E1	5.2917E0	3.3816E6	
1747	-8.0170E-1	1.7437E1	5.2993E0	3.3839E6	
1748	-8.0246E-1	1.6305E1	5.3069E0	3.3861E6	
1749	-8.0048E-1	1.9248E1	5.3144E0	3.3883E6	
1750	-8.0162E-1	1.7550E1	5.3218E0	3.3905E6	
1751	-8.0231E-1	1.6531E1	5.3293E0	3.3927E6	
1752	-8.0269E-1	1.5965E1	5.3368E0	3.3950E6	
1753	-8.0345E-1	1.4833E1	5.3443E0	3.3972E6	
1754	-8.0292E-1	1.5625E1	5.3518E0	3.3994E6	
1755	-8.0368E-1	1.4493E1	5.3592E0	3.4016E6	
1756	-8.0345E-1	1.4833E1	5.3667E0	3.4038E6	
1757	-8.0330E-1	1.5059E1	5.3742E0	3.4061E6	
1758	-8.0238E-1	1.6418E1	5.3818E0	3.4083E6	
1759	-7.9926E-1	2.1060E1	5.3893E0	3.4105E6	
1760	-8.0467E-1	1.3021E1	5.3968E0	3.4127E6	
1761	-8.0597E-1	1.1096E1	5.4042E0	3.4149E6	
1762	-8.0643E-1	1.0417E1	5.4117E0	3.4172E6	
1763	-8.0208E-1	1.6871E1	5.4193E0	3.4194E6	
1764	-8.0521E-1	1.2228E1	5.4267E0	3.4216E6	
1765	-8.0589E-1	1.1209E1	5.4342E0	3.4238E6	
1766	-8.0635E-1	1.0530E1	5.4418E0	3.4260E6	
1767	-8.0467E-1	1.3021E1	5.4493E0	3.4283E6	
1768	-8.0574E-1	1.1436E1	5.4567E0	3.4305E6	
1769	-8.0231E-1	1.6531E1	5.4644E0	3.4327E6	
1770	-8.0490E-1	1.2681E1	5.4719E0	3.4349E6	
1771	-8.0566E-1	1.1549E1	5.4793E0	3.4371E6	
1772	-8.0345E-1	1.4833E1	5.4868E0	3.4394E6	
1773	-8.0605E-1	1.0983E1	5.4943E0	3.4416E6	
1774	-8.0414E-1	1.3814E1	5.5019E0	3.4438E6	
1775	-8.0803E-1	8.0391E0	5.5094E0	3.4460E6	
1776	-8.0528E-1	1.2115E1	5.5170E0	3.4482E6	
1777	-8.0536E-1	1.2002E1	5.5244E0	3.4505E6	
1778	-8.0627E-1	1.0643E1	5.5320E0	3.4527E6	
1779	-8.0879E-1	6.9068E0	5.5395E0	3.4549E6	
1780	-8.0620E-1	1.0756E1	5.5471E0	3.4571E6	
1781	-8.0833E-1	7.5862E0	5.5546E0	3.4593E6	
1782	-8.0757E-1	8.7184E0	5.5622E0	3.4616E6	
1783	-8.0849E-1	7.3597E0	5.5697E0	3.4638E6	
1784	-8.0734E-1	9.0581E0	5.5773E0	3.4660E6	
1785	-8.0742E-1	8.9449E0	5.5848E0	3.4682E6	
1786	-8.0925E-1	6.2275E0	5.5924E0	3.4704E6	
1787	-8.0818E-1	7.8126E0	5.6000E0	3.4727E6	
1788	-8.1001E-1	5.0952E0	5.6076E0	3.4749E6	
1789	-8.1017E-1	4.8687E0	5.6151E0	3.4771E6	
1790	-8.1085E-1	3.8497E0	5.6226E0	3.4793E6	
1791	-8.1100E-1	3.6233E0	5.6302E0	3.4815E6	
1792	-8.1177E-1	2.4910E0	5.6378E0	3.4838E6	
1793	-8.1078E-1	3.9629E0	5.6454E0	3.4860E6	
1794	-8.1146E-1	2.9439E0	5.6530E0	3.4882E6	
1795	-8.1482E-1	-2.0380E0	5.6606E0	3.4904E6	
1796	-8.0849E-1	7.3597E0	5.6681E0	3.4926E6	
1797	-8.1467E-1	-1.8116E0	5.6757E0	3.4949E6	
1798	-8.1146E-1	2.9439E0	5.6833E0	3.4971E6	
1799	-8.1322E-1	3.3972E-1	5.6909E0	3.4993E6	
1800	-8.1444E-1	-1.4719E0	5.6985E0	3.5015E6	
1801	-8.1444E-1	-1.4719E0	5.7061E0	3.5037E6	
1802	-8.1345E-1	4.1465E-5	5.7138E0	3.5060E6	
1803	-8.1413E-1	-1.0190E0	5.7213E0	3.5082E6	
1804	-8.1551E-1	-3.0571E0	5.7289E0	3.5104E6	
1805	-8.1543E-1	-2.9438E0	5.7365E0	3.5126E6	
1806	-8.1497E-1	-2.2645E0	5.7442E0	3.5148E6	
1807	-8.1429E-1	-1.2454E0	5.7519E0	3.5171E6	
1808	-8.1703E-1	-5.3216E0	5.7594E0	3.5193E6	
1809	-8.1596E-1	-3.7364E0	5.7671E0	3.5215E6	
1810	-8.1604E-1	-3.8496E0	5.7747E0	3.5237E6	
1811	-8.1451E-1	-1.5851E0	5.7823E0	3.5259E6	
1812	-8.1779E-1	-6.4538E0	5.7900E0	3.5282E6	
1813	-8.1772E-1	-6.3406E0	5.7977E0	3.5304E6	
1814	-8.1665E-1	-4.7554E0	5.8052E0	3.5326E6	
1815	-8.1779E-1	-6.4538E0	5.8128E0	3.5348E6	
1816	-8.1726E-1	-5.6612E0	5.8205E0	3.5370E6	
1817	-8.1795E-1	-6.6803E0	5.8282E0	3.5393E6	
1818	-8.1955E-1	-9.0580E0	5.8359E0	3.5415E6	
1819	-8.1841E-1	-7.3596E0	5.8435E0	3.5437E6	
1820	-8.2031E-1	-1.0190E1	5.8511E0	3.5459E6	
1821	-8.1795E-1	-6.6803E0	5.8588E0	3.5481E6	
1822	-8.1772E-1	-6.3406E0	5.8665E0	3.5504E6	
1823	-8.1924E-1	-8.6051E0	5.8742E0	3.5526E6	
1824	-8.1985E-1	-9.5109E0	5.8819E0	3.5548E6	
1825	-8.1985E-1	-9.5109E0	5.8895E0	3.5570E6	
1826	-8.1802E-1	-6.7935E0	5.8972E0	3.5592E6	
1827	-8.1924E-1	-8.6051E0	5.9050E0	3.5615E6	
1828	-8.2199E-1	-1.2681E1	5.9065E0	3.5619E6	
1829	-8.2199E-1	-1.2681E1	5.9065E0	3.5619E6	
1830	-8.2199E-1	-1.2681E1	5.9065E0	3.5619E6	
1831	-8.2199E-1	-1.2681E1	5.9065E0	3.5619E6	
1832	-8.2199E-1	-1.2681E1	5.9065E0	3.5619E6	
1833	-8.2199E-1	-1.2681E1	5.9065E0	3.5619E6	
1834	-8.2199E-1	-1.2681E1	5.9065E0	3.5619E6	
1835	-8.2199E-1	-1.2681E1	5.9065E0	3.5619E6	
1836	-8.2199E-1	-1.2681E1	5.9065E0	3.5619E6	
1837	-8.2199E-1	-1.2681E1	5.9065E0	3.5619E6	
1838	-8.2199E-1	-1.2681E1	5.9065E0	3.5619E6	
1839	-8.2199E-1	-1.2681E1	5.9065E0	3.5619E6	
1840	-8.2199E-1	-1.2681E1	5.9065E0	3.5619E6	
1841	-8.2199E-1	-1.2681E1	5.9065E0	3.5619E6	
1842	-8.2199E-1	-1.2681E1	5.9065E0	3.5619E6	
1843	-8.2199E-1	-1.2681E1	5.9065E0	3.5619E6	
1844	-8.2199E-1	-1.2681E1	5.9065E0	3.5619E6	
1845	-8.2199E-1	-1.2681E1	5.9065E0	3.5619E6	
1846	-8.2199E-1	-1.2681E1	5.9065E0	3.5619E6	
1847	-8.2199E-1	-1.2681E1	5.9065E0	3.5619E6	
1848	-8.2199E-1	-1.2681E1	5.9065E0	3.5619E6	
1849	-8.2199E-1	-1.2681E1	5.9065E0	3.5619E6	
1850	-8.2199E-1	-1.2681E1	5.9065E0	3.5619E6	
1851	-8.2199E-1	-1.2681E1	5.9065E0	3.5619E6	
1852	-8.2199E-1	-1.2681E1	5.9065E0	3.5619E6	
1853	-8.2199E-1	-1.2681E1	5.9065E0	3.5619E6	
1854	-8.2199E-1	-1.2681E1	5.9065E0	3.5619E6	
1855	-8.2199E-1	-1.2681E1	5.9065E0	3.5619E6	
1856	-8.2199E-1	-1.2681E1	5.9065E0	3.5619E6	
1857	-8.2199E-1	-1.2681E1	5.9065E0	3.5619E6	
1858	-8.2199E-1	-1.2681E1	5.9065E0	3.5619E6	
1859	-8.2199E-1	-1.2681E1	5.9065E0	3.5619E6	
1860	-8.2199E-1	-1.2681E1	5.9065E0	3.5619E6	
1861	-8.2199E-1	-1.2681E1	5.9065E0	3.5619E6	
1862	-8.2199E-1	-1.2681E1	5.9065E0	3.5619E6	
1863	-8.2199E-1	-1.2681E1	5.9065E0	3.5619E6	
1864	-8.2199E-1	-1.2681E1	5.9065E0	3.5619E6	
1865	-8.2199E-1	-1.2681E1	5.9065E0	3.5619E6	
1866	-8.2199E-1	-1.2681E1	5.9065E0	3.5619E6	
1867	-8.2199E-1	-1.2681E1	5.9065E0	3.5619E6	
1868	-8.2199E-1	-1.2681E1	5.9065E0	3.5619E6	
1869	-8.2199E-1	-1.2681E1	5.9065E0	3.5619E6	
1870	-8.2199E-1	-1.2681E1	5.9065E0	3.5619E6	
1871	-8.2199E-1	-1.2681E1	5.9065E0	3.5619E6	
1872	-8.2199E-1	-1.2681E1	5.9065E0	3.5619E6	
1873	-8.2199E-1	-1.2681E1	5.9065E0	3.5619E6	
1874	-8.2199E-1	-1.2681E1	5.9065E0	3.5619E6	
1875	-8.2199E-1	-1.2681E1	5.9065E0	3.5619E6	
1876	-8.2199E-1	-1.2681E1	5.9065E0	3.5619E6	
1877	-8.2199E-1	-1.2681E1	5.9065E0	3.5619E6	
1878	-8.2199E-1	-1.2681E1	5.9065E0	3.5619E6	
1879	-8.2199E-1	-1.2681E1	5.9065E0	3.5619E6	
1880	-8.2199E-1	-1.2681E1	5.9065E0	3.5619E6	
1881	-8.2199E-1	-1.2681E1	5.9065E0	3.5619E6	
1882	-8.2199E-1	-1.2681E1	5.9065E0	3.5619E6	
1883	-8.2199E-1	-1.2681E1	5.9065E0	3.5619E6	
1884	-8.2199E-1	-1.2681E1	5.9065E0	3.5619E6	
1885	-8.2199E-1	-1.2681E1	5.9065E0	3.5619E6	
1886	-8.2199E-1	-1.2681E1	5.9065E0	3.5619E6	
1887	-8.2199E-1	-1.2681E1	5.9065E0	3.5619E6	
1888	-8.2199E-1	-1.2681E1	5.9065E0	3.5619E6	
1889	-8.2199E-1	-1.2681E1	5.9065E0	3.5619E6	
1890	-8.2199E-1	-1.2681E1	5.9065E0	3.5619E6	
1891	-8.2199E-1	-1.2681E1	5.9065E0	3.5619E6	
1892	-8.2199E-1	-1.2681E1	5.9065E0	3.5619E6	
1893	-8.2199E-1	-1.2681E1	5.9065E0	3.5619E6	
1894	-8.2199E-1	-1.2681E1	5.9065E0	3.5619E6	
1895	-8.2199E-1	-1.2681E1	5.9065E0	3.5619E6	
1896	-8.2199E-1	-1.2681E1	5.9065E0	3.5619E6	
1897	-8.2199E-1	-1.2681E1	5.9065E0	3.5619E6	
1898	-8.2199E-1	-1.2681E1	5.9065E0	3.5619E6	
1899	-8.2199E-1	-1.2681E1	5.9065E0	3.5619E6	
1900	-8.2199E-1	-1.2681E1	5.9065E0	3.5619E6	
1901	-8.2199E-1	-1.2681E1	5.9065E0	3.5619E6	
1902	-8.2199E-1	-1.2681E1	5.9065E0	3.5619E6	
1903	-8.2199E-1	-1.2681E1	5.9065E0	3.5619E6	
1904	-8.2199E-1	-1.2681E1	5.9065E0	3.5619E6	
1905	-8.2199E-1	-1.2681E1	5.9065E0	3.5619E6	
1906	-8.2199E-1	-1.2681E1	5.9065E0	3.5619E6	
1907	-8.2199E-1	-1.2681E1	5.9065E0	3.5619E6	
1908	-8.2199E-1	-1.2681E1	5.9065E0	3.5619E6	
1909	-8.2199E-1	-1.2681E1	5.9065E0	3.5619E6	
1910	-8.2199E-1	-1.2681E1	5.9065E0	3.5619E6	
1911	-8.2199E-1	-1.2681E1	5.9065E0	3.5619E6	
1912	-8.2199E-1	-1.2681E1	5.9065E0	3.5619E6	
1913	-8.2199E-1	-1.2681E1	5.9065E0	3.5619E6	
1914	-8.2199E-1	-1.2681E1	5.9065E0	3.5619E6	
1915	-8.2199E-1	-1.2681E1	5.9065E0	3.5619E6	
1916	-8.2199E-1	-1.2681E1	5.9065E0	3.5619E6	
1917	-8.2199E-1	-1.2681E1	5.9065E0	3.5619E6	
1918	-8.2199E-1	-1.2681E1	5.9065E0	3.5619E6	
1919	-8.2199E-1	-1.2681E1	5.9065E0	3.5619E6	
1920	-8.2199E-1	-1.2681E1	5.9065E0	3.5619E6	
1921	-8.2199E-1	-1.2681E1	5.9065E0	3.5619E6	
1922	-8.2199E-1	-1.2681E1	5.9065E0	3.5619E6	
1923	-8.2199E-1	-1.2681E1	5.9065E0	3.5619E6	
1924	-8.2199E-1	-1.2681E1	5.9065E0	3.5619E6	
1925	-8.2199E-1	-1.2681E1	5.9065E0	3.5619E6	
1926	-8.2199E-1	-1.2681E1	5.9065E0	3.5619E6	
1927	-8.2199E-1	-1.2681E1	5.9065E0	3.5619E6	
1928	-8.2199E-1	-1.2681E1	5.9065E0	3.5619E6	
1929	-8.2199E-1	-1.2681E1	5.9065E0	3.5619E6	
1930	-8.2199E-1	-1.2681E1	5.9065E0	3.5619E6	
1931	-8.2199E-1	-1.2681E1	5.9065E0	3.5619E6	
1932	-8.2199E-1	-1.2681E1	5.9065E0	3.5619E6	
1933	-8.2199E-1	-1.2681E1	5.9065E0	3.5619E6	
1934	-8.2199E-1	-1.2681E1	5.9065E0	3.5619E6	
1935	-8.2199E-1	-1.2681E1	5.9065E0	3.5619E6	
1936	-8.2199E-1	-1.2681E1	5.9065E0	3.5619E6	
1937	-8.2199E-1	-1.2681E1	5.9065E0	3.5619E6	
1938	-8.2199E-1	-1.2681E1	5.9065E0	3.5619E6	
1939	-8.2199E-1	-1.2681E1	5.9065E0	3.5619E6	
1940	-8.2199E-1	-1.2681E1	5.9065E0	3.5619E6	
1941	-8.2199E-1	-1.2681E1	5.9065E0	3.5619E6	
1942	-8.2199E-1	-1.2681E1	5.9065E0	3.5619E6	
1943	-8.2199E-1	-1.2681E1	5.9065E0	3.5619E6	
1944	-8.2199E-1	-1.2681E1	5.9065E0	3.5619E6	
1945	-8.2199E-1	-1.2681E1	5.9065E0	3.5619E6	
1946	-8.2199E-1	-1.2681E1	5.9065E0	3.5619E6	
1947	-8.2199E-1	-1.2681E1	5.9065E0	3.5619E6	
1948	-8.2199E-1	-1.2681E1	5.9065E0	3.5619E6	
1949	-8.2199E-1	-1.2681E1	5.9065E0	3.5619E6	
1950	-8.2199E-1	-1.2681E1	5.9065E0	3.5619E6	
1951	-8.2199E-1	-1.2681E1	5.9065E0	3.5619E6	
1952	-8.2199E-1	-1.2681E1	5.9065E0	3.5619E6	
1953	-8.2199E-1	-1.2681E1	5.9065E0	3.5619E6	
1954	-8.2199E-1	-1.2681E1	5.9065E0	3.5619E6	
1955	-8.2199E-1	-1.2681E1	5.9065E0	3.5619E6	
1956	-8.2199E-1	-1.2681E1	5.9065E0	3.5619E6	
1957	-8.2199E-1	-1.2681E1	5.9065E0	3.5619E6	
1958	-8.2199E-1	-1.2681E1	5.9065E0	3.5619E6	
1959	-8.2199E-1	-1.2681E1	5.9065E0	3.5619E6	
1960	-8.2199E-1	-1.2681E1	5.9065E0	3.5619E6	
1961	-8.2199E-1	-1.2681E1	5.9065E0	3.5619E6	
1962	-8.2199E-1	-1.2681E1	5.9065E0	3.5619E6	
1963	-8.2199E-1	-1.2681E1	5.9065E0	3.5619E6	
1964	-8.2199E-1	-1.2681E1	5.9065E0	3.5619E6	
1965	-8.2199E-1	-1.2681E1	5.9065E0	3.5619E6	
1966	-8.2199E-1	-1.2681E1	5.9065E0	3.5619E6	
1967	-8.2199E-1	-1.2681E1	5.9065E0	3.5619E6	
1968	-8.2199E-1	-1.2681E1	5.9065E0	3.5619E6	
1969	-8.2199E-1	-1.2681E1	5.9065E0	3.5619E6	
1970	-8.2199E-1	-1.2681E1	5.9065E0	3.5619E6	
1971	-8.2199E-1	-1.2681E1	5.9065E0	3.5619E6	
1972	-8.2199E-1	-1.2681E1	5.9065E0	3.5619E6	
1973	-8.2199E-1	-1.2681E1	5.9065E0	3.5619E6	
1974	-8.2199E-1	-1.2681E1	5.9065E0	3.5619E6	
1975	-8.2199E-1	-1.2681E1	5.9065E0	3.5619E6	
1976	-8.2199E-1	-1.2681E1	5.9065E0	3.5619E6	
1977	-8.2199E-1	-1.2681E1	5.9065E0	3.5619E6	
1978	-8.2199E-1	-1.2681E1	5.9065E0	3.5619E6	
1979	-8.2199E-1	-1.2681E1	5.9065E0	3.5619E6	
1980	-8.2199E-1	-1.2681E1	5.9065E0	3.5619E6	
1981	-8.2199E-1	-1.2681E1	5.9065E0	3.5619E6	
1982	-8.2199E-1	-1.2681E1	5.9065E0	3.5619E6	
1983	-8.2199E-1	-1.2681E1	5.9065E0	3.5619E6	
1984	-8.2199E-1	-1.2681E1	5.9065E0	3.5619E6	
1985	-8.2199E-1	-1.2681E1	5.9065E0	3.5619E6	
1986	-8.2199E-1	-1.2681E1	5.9065E0	3.5619E6	
1987	-8.2199E-1	-1.2681E1	5.9065E0	3.5619E6	
1988	-8.2199E-1	-1.2681E1	5.9065E0	3.5619E6	
1989	-8.2199E-1	-1.2681E1	5.9065E0	3.5619E6	
1990	-8.2199E-1	-1.2681E1	5.9065E0	3.5619E6	
1991	-8.2199E-1	-1.2681E1	5.9065E0	3.5619E6	
1992	-8.2199E-1	-1.2681E1	5.9065E0	3.5619E6	
1993	-8.2199E-1	-1.2681E1	5.9065E0	3.5619E6	
1994	-8.2199E-1	-1.2681E1	5.9065E0	3.5619E6	
1995	-8.2199E-1	-1.2681E1	5.9065E0	3.5619E6	
1996	-8.2199E-1	-1.2681E1	5.9065E0	3.5619E6	
1997	-8.2199E-1	-1.2681E1	5.9065E0	3.5619E6	
1998	-8.2199E-1	-1.2681E1	5.9065E0	3.5619E6	
1999	-8.2199E-1	-1.2681E1	5.9065E0	3.5619E6	
2000	-8.2199E-1	-1.2681E1	5.9065E0	3.5619E6	
2001	-8.2199E-1	-1.2681E1	5.9065E0	3.5619E6	
2002	-8.2199E-1	-1.2681E1	5.9065E0	3.5619E6	
2003	-8.2199E-1	-1.2681E1	5.9065E0	3.5619E6	
2004	-8.2199E-1	-1.2681E1	5.9065E0	3.5619E6	
2005	-8.2199E-1	-1.2681E1	5.9065E0	3.5619E6	
2006	-8.2199E-1	-1.2681E1	5.9065E0	3.5619E6	
2007	-8.2199E-1	-1.2681E1	5.9065E0	3.5619E6	
2008	-8.2199E-1	-1.2681E1	5.9065E0	3.5619E6	
2009	-8.2199E-1	-1.2681E1	5.9065E0	3.5619E6	
2010	-8.2199E-1	-1.2681E1	5.9065E0	3.5619E6	
2011	-8.2199E-1	-1.2681E1	5.9065E0	3.5619E6	
2012	-8.2199E-1	-1.2681E1	5.9065E0	3.5619E6	
2013	-8.2199E-1	-1.2681E1	5.9065E0	3.5619E6	
2014	-8.2199E-1	-1.2681E1	5.9065E0	3.5619E6	
2015	-8.2199E-1	-1.2681E1	5.9065E0	3.5619E6	
2016	-8.2199E-1	-1.2681E1	5.9065E0	3.5619E6	
2017	-8.2199E-1	-1.2681E1	5.9065E0	3.5619E6	
2018	-8.2199E-1	-1.2681E1	5.9065E0	3.5619E6	
2019	-8.2199E-1	-1.2681E1	5.9065E0	3.5619E6	
2020	-8.2199E-1	-1.2681E1	5.9065E0	3.5619E6	
2021	-8.2199E-1	-1.2681E1	5.9065E0	3.5619E6	
2022	-8.2199E-1	-1.2681E1	5.9065E0	3.5619E6	
2023	-8.2199E-1	-1.2681E1	5.9065E0	3.5619E6	
2024	-8.2199E-1	-1.2681E1	5.9065E0	3.5619E6	
2025	-8.2199E-1	-1.2681E1	5.9065E0	3.5619E6	
2026	-8.2199E-1	-1.2681E1	5.9065E0	3.5619E6	
2027	-8.2199E-1	-1.2681E1	5.9065E0	3.5619E6	
2028	-8.2199E-1	-1.2681E1	5.9065E0	3.5619E6	
2029	-8.2199E-1	-1.2681E1	5.9065E0	3.5619E6	
2030	-8.2199E-1	-1.2681E1	5.9065E0	3.5619E6	
2031	-8.2199E-1	-1.2681E1	5.9065E0	3.5619E6	
2032	-8.2199E-1	-1.2681E1	5.9065E0	3.5619E6	
2033	-8.2199E-1	-1.2681E1	5.9065E0	3.5619E6	
2034	-8.2199E-1	-1.2681E1	5.9065E0	3.5619E6	
2035	-8.2199E-1	-1.2681E1	5.9065E0	3.5619E6	
2036	-8.2199E-1	-1.2681E1	5.9065E0	3.5619E6	
2037	-8.2199E-1	-1.2681E1	5.9065E0	3.5619E6	
2038	-8.2199E-1	-1.2681E1	5.9065E0	3.5619E6	
2039	-8.2199E-1	-1.2681E1	5.9065E0	3.5619E6	
2040	-8.2199E-1	-1.2681E1	5.9065E0	3.5619E6	
2041	-8.2199E-1	-1.2681E1	5.9065E0	3.5619E6	
2042	-8.2199E-1	-1.2681E1	5.9065E0	3.5619E6	
2043	-8.2199E-1	-1.2681E1	5.9065E0	3.5619E6	
2044	-8.2199E-1	-1.2681E1	5.9065E0	3.5619E6	
2045	-8.2199E-1	-1.2681E1	5.9065E0	3.5619E6	
2046	-8.2199E-1	-1.2681E1	5.9065E0	3.5619E6	
2047	-8.2199E-1	-1.2681E1	5.9065E0	3.5619E6	
2048	-8.2199E-1	-1.2681E1	5.9065E0	3.5619E6	
