point 025
Index	Vertical (A-B)	Force	Z Height	Time Stamp	
     	V	nN	?m	?sec	
1	-7.8423E-1	1.9816E-1	5.4269E0	1.2000E2	
2	-7.8499E-1	-9.3410E-1	5.4256E0	2.3400E3	
3	-7.8514E-1	-1.1605E0	5.4229E0	4.5600E3	
4	-7.8514E-1	-1.1605E0	5.4197E0	6.7800E3	
5	-7.8369E-1	9.9074E-1	5.4162E0	9.0000E3	
6	-7.8232E-1	3.0288E0	5.4127E0	1.1220E4	
7	-7.8293E-1	2.1230E0	5.4087E0	1.3440E4	
8	-7.8339E-1	1.4436E0	5.4050E0	1.5660E4	
9	-7.8506E-1	-1.0473E0	5.4009E0	1.7880E4	
10	-7.8552E-1	-1.7267E0	5.3968E0	2.0100E4	
11	-7.8506E-1	-1.0473E0	5.3925E0	2.2320E4	
12	-7.8011E-1	6.3123E0	5.3883E0	2.4540E4	
13	-7.8117E-1	4.7272E0	5.3840E0	2.6760E4	
14	-7.8186E-1	3.7082E0	5.3797E0	2.8980E4	
15	-7.8110E-1	4.8404E0	5.3751E0	3.1200E4	
16	-7.8445E-1	-1.4152E-1	5.3707E0	3.3420E4	
17	-7.7995E-1	6.5388E0	5.3662E0	3.5640E4	
18	-7.8270E-1	2.4627E0	5.3617E0	3.7860E4	
19	-7.8300E-1	2.0098E0	5.3572E0	4.0080E4	
20	-7.8270E-1	2.4627E0	5.3525E0	4.2300E4	
21	-7.8209E-1	3.3685E0	5.3479E0	4.4520E4	
22	-7.8201E-1	3.4817E0	5.3432E0	4.6740E4	
23	-7.8072E-1	5.4065E0	5.3386E0	4.8960E4	
24	-7.8049E-1	5.7462E0	5.3339E0	5.1180E4	
25	-7.8224E-1	3.1420E0	5.3291E0	5.3400E4	
26	-7.8148E-1	4.2743E0	5.3245E0	5.5620E4	
27	-7.7995E-1	6.5388E0	5.3197E0	5.7840E4	
28	-7.8377E-1	8.7751E-1	5.3150E0	6.0060E4	
29	-7.8140E-1	4.3875E0	5.3102E0	6.2280E4	
30	-7.8247E-1	2.8024E0	5.3054E0	6.4500E4	
31	-7.8026E-1	6.0859E0	5.3006E0	6.6720E4	
32	-7.8224E-1	3.1420E0	5.2958E0	6.8940E4	
33	-7.7858E-1	8.5769E0	5.2910E0	7.1160E4	
34	-7.8087E-1	5.1801E0	5.2861E0	7.3380E4	
35	-7.8102E-1	4.9536E0	5.2811E0	7.5600E4	
36	-7.8255E-1	2.6891E0	5.2764E0	7.7820E4	
37	-7.7980E-1	6.7653E0	5.2715E0	8.0040E4	
38	-7.7927E-1	7.5578E0	5.2666E0	8.2260E4	
39	-7.7980E-1	6.7653E0	5.2617E0	8.4480E4	
40	-7.8186E-1	3.7082E0	5.2568E0	8.6700E4	
41	-7.7980E-1	6.7653E0	5.2519E0	8.8920E4	
42	-7.8300E-1	2.0098E0	5.2470E0	9.1140E4	
43	-7.7919E-1	7.6711E0	5.2420E0	9.3360E4	
44	-7.7881E-1	8.2372E0	5.2370E0	9.5580E4	
45	-7.7972E-1	6.8785E0	5.2321E0	9.7800E4	
46	-7.7858E-1	8.5769E0	5.2272E0	1.0002E5	
47	-7.7942E-1	7.3314E0	5.2222E0	1.0224E5	
48	-7.8011E-1	6.3123E0	5.2172E0	1.0446E5	
49	-7.7980E-1	6.7653E0	5.2122E0	1.0668E5	
50	-7.7965E-1	6.9917E0	5.2072E0	1.0890E5	
51	-7.7774E-1	9.8223E0	5.2022E0	1.1112E5	
52	-7.7820E-1	9.1430E0	5.1972E0	1.1334E5	
53	-7.8140E-1	4.3875E0	5.1921E0	1.1556E5	
54	-7.7927E-1	7.5578E0	5.1872E0	1.1778E5	
55	-7.7667E-1	1.1408E1	5.1820E0	1.2000E5	
56	-7.7759E-1	1.0049E1	5.1770E0	1.2222E5	
57	-7.7873E-1	8.3504E0	5.1719E0	1.2444E5	
58	-7.7744E-1	1.0275E1	5.1668E0	1.2666E5	
59	-7.7728E-1	1.0502E1	5.1619E0	1.2888E5	
60	-7.7995E-1	6.5388E0	5.1568E0	1.3110E5	
61	-7.7759E-1	1.0049E1	5.1517E0	1.3332E5	
62	-7.7690E-1	1.1068E1	5.1466E0	1.3554E5	
63	-7.7652E-1	1.1634E1	5.1415E0	1.3776E5	
64	-7.7438E-1	1.4804E1	5.1364E0	1.3998E5	
65	-7.7507E-1	1.3785E1	5.1313E0	1.4220E5	
66	-7.7667E-1	1.1408E1	5.1261E0	1.4442E5	
67	-7.7461E-1	1.4465E1	5.1210E0	1.4664E5	
68	-7.7583E-1	1.2653E1	5.1158E0	1.4886E5	
69	-7.7705E-1	1.0841E1	5.1108E0	1.5108E5	
70	-7.7675E-1	1.1294E1	5.1056E0	1.5330E5	
71	-7.7682E-1	1.1181E1	5.1004E0	1.5552E5	
72	-7.7377E-1	1.5710E1	5.0953E0	1.5774E5	
73	-7.7431E-1	1.4918E1	5.0901E0	1.5996E5	
74	-7.7271E-1	1.7295E1	5.0849E0	1.6218E5	
75	-7.7477E-1	1.4238E1	5.0798E0	1.6440E5	
76	-7.7415E-1	1.5144E1	5.0745E0	1.6662E5	
77	-7.7553E-1	1.3106E1	5.0695E0	1.6884E5	
78	-7.7621E-1	1.2087E1	5.0642E0	1.7106E5	
79	-7.7194E-1	1.8428E1	5.0591E0	1.7328E5	
80	-7.7332E-1	1.6389E1	5.0538E0	1.7550E5	
81	-7.7187E-1	1.8541E1	5.0486E0	1.7772E5	
82	-7.7400E-1	1.5370E1	5.0434E0	1.7994E5	
83	-7.7271E-1	1.7295E1	5.0382E0	1.8216E5	
84	-7.7278E-1	1.7182E1	5.0328E0	1.8438E5	
85	-7.7385E-1	1.5597E1	5.0276E0	1.8660E5	
86	-7.7148E-1	1.9107E1	5.0223E0	1.8882E5	
87	-7.6996E-1	2.1371E1	5.0172E0	1.9104E5	
88	-7.7187E-1	1.8541E1	5.0119E0	1.9326E5	
89	-7.7370E-1	1.5823E1	5.0066E0	1.9548E5	
90	-7.7332E-1	1.6389E1	5.0013E0	1.9770E5	
91	-7.7339E-1	1.6276E1	4.9960E0	1.9992E5	
92	-7.7148E-1	1.9107E1	4.9907E0	2.0214E5	
93	-7.7164E-1	1.8880E1	4.9854E0	2.0436E5	
94	-7.7286E-1	1.7069E1	4.9803E0	2.0658E5	
95	-7.6797E-1	2.4315E1	4.9749E0	2.0880E5	
96	-7.7080E-1	2.0126E1	4.9695E0	2.1102E5	
97	-7.6988E-1	2.1485E1	4.9643E0	2.1324E5	
98	-7.7385E-1	1.5597E1	4.9589E0	2.1546E5	
99	-7.7011E-1	2.1145E1	4.9536E0	2.1768E5	
100	-7.7065E-1	2.0352E1	4.9483E0	2.1990E5	
101	-7.6881E-1	2.3070E1	4.9430E0	2.2212E5	
102	-7.7095E-1	1.9899E1	4.9376E0	2.2434E5	
103	-7.6866E-1	2.3296E1	4.9323E0	2.2656E5	
104	-7.7003E-1	2.1258E1	4.9269E0	2.2878E5	
105	-7.6866E-1	2.3296E1	4.9216E0	2.3100E5	
106	-7.6889E-1	2.2957E1	4.9161E0	2.3322E5	
107	-7.6790E-1	2.4428E1	4.9108E0	2.3544E5	
108	-7.6637E-1	2.6693E1	4.9055E0	2.3766E5	
109	-7.6576E-1	2.7599E1	4.9000E0	2.3988E5	
110	-7.6698E-1	2.5787E1	4.8946E0	2.4210E5	
111	-7.6729E-1	2.5334E1	4.8892E0	2.4432E5	
112	-7.6828E-1	2.3862E1	4.8838E0	2.4654E5	
113	-7.6790E-1	2.4428E1	4.8784E0	2.4876E5	
114	-7.6851E-1	2.3523E1	4.8731E0	2.5098E5	
115	-7.6797E-1	2.4315E1	4.8676E0	2.5320E5	
116	-7.6759E-1	2.4881E1	4.8622E0	2.5542E5	
117	-7.6599E-1	2.7259E1	4.8568E0	2.5764E5	
118	-7.6691E-1	2.5900E1	4.8513E0	2.5986E5	
119	-7.6836E-1	2.3749E1	4.8458E0	2.6208E5	
120	-7.6614E-1	2.7033E1	4.8405E0	2.6430E5	
121	-7.6645E-1	2.6580E1	4.8351E0	2.6652E5	
122	-7.6851E-1	2.3523E1	4.8296E0	2.6874E5	
123	-7.6477E-1	2.9071E1	4.8242E0	2.7096E5	
124	-7.6515E-1	2.8505E1	4.8186E0	2.7318E5	
125	-7.6813E-1	2.4089E1	4.8133E0	2.7540E5	
126	-7.6630E-1	2.6806E1	4.8078E0	2.7762E5	
127	-7.6286E-1	3.1901E1	4.8023E0	2.7984E5	
128	-7.6614E-1	2.7033E1	4.7968E0	2.8206E5	
129	-7.6706E-1	2.5674E1	4.7912E0	2.8428E5	
130	-7.6454E-1	2.9410E1	4.7858E0	2.8650E5	
131	-7.6714E-1	2.5561E1	4.7803E0	2.8872E5	
132	-7.6424E-1	2.9863E1	4.7748E0	2.9094E5	
133	-7.6454E-1	2.9410E1	4.7692E0	2.9316E5	
134	-7.6485E-1	2.8957E1	4.7637E0	2.9538E5	
135	-7.6576E-1	2.7599E1	4.7582E0	2.9760E5	
136	-7.6546E-1	2.8052E1	4.7527E0	2.9982E5	
137	-7.6508E-1	2.8618E1	4.7471E0	3.0204E5	
138	-7.6378E-1	3.0543E1	4.7415E0	3.0426E5	
139	-7.6500E-1	2.8731E1	4.7360E0	3.0648E5	
140	-7.6469E-1	2.9184E1	4.7306E0	3.0870E5	
141	-7.6332E-1	3.1222E1	4.7249E0	3.1092E5	
142	-7.6286E-1	3.1901E1	4.7194E0	3.1314E5	
143	-7.6370E-1	3.0656E1	4.7138E0	3.1536E5	
144	-7.6332E-1	3.1222E1	4.7082E0	3.1758E5	
145	-7.6263E-1	3.2241E1	4.7027E0	3.1980E5	
146	-7.6294E-1	3.1788E1	4.6972E0	3.2202E5	
147	-7.6233E-1	3.2694E1	4.6916E0	3.2424E5	
148	-7.6202E-1	3.3147E1	4.6859E0	3.2646E5	
149	-7.6279E-1	3.2015E1	4.6803E0	3.2868E5	
150	-7.6271E-1	3.2128E1	4.6746E0	3.3090E5	
151	-7.6294E-1	3.1788E1	4.6692E0	3.3312E5	
152	-7.6324E-1	3.1335E1	4.6635E0	3.3534E5	
153	-7.6141E-1	3.4053E1	4.6578E0	3.3756E5	
154	-7.6332E-1	3.1222E1	4.6522E0	3.3978E5	
155	-7.6111E-1	3.4506E1	4.6466E0	3.4200E5	
156	-7.6050E-1	3.5411E1	4.6410E0	3.4422E5	
157	-7.6103E-1	3.4619E1	4.6353E0	3.4644E5	
158	-7.6057E-1	3.5298E1	4.6297E0	3.4866E5	
159	-7.5935E-1	3.7110E1	4.6240E0	3.5088E5	
160	-7.6355E-1	3.0882E1	4.6184E0	3.5310E5	
161	-7.5981E-1	3.6430E1	4.6127E0	3.5532E5	
162	-7.5867E-1	3.8129E1	4.6070E0	3.5754E5	
163	-7.6027E-1	3.5751E1	4.6014E0	3.5976E5	
164	-7.5996E-1	3.6204E1	4.5957E0	3.6198E5	
165	-7.5882E-1	3.7902E1	4.5900E0	3.6420E5	
166	-7.5798E-1	3.9148E1	4.5843E0	3.6642E5	
167	-7.5813E-1	3.8921E1	4.5786E0	3.6864E5	
168	-7.5729E-1	4.0167E1	4.5730E0	3.7086E5	
169	-7.6157E-1	3.3826E1	4.5672E0	3.7308E5	
170	-7.6004E-1	3.6091E1	4.5615E0	3.7530E5	
171	-7.5920E-1	3.7336E1	4.5558E0	3.7752E5	
172	-7.5851E-1	3.8355E1	4.5501E0	3.7974E5	
173	-7.5638E-1	4.1526E1	4.5443E0	3.8196E5	
174	-7.5775E-1	3.9487E1	4.5386E0	3.8418E5	
175	-7.5668E-1	4.1073E1	4.5328E0	3.8640E5	
176	-7.5676E-1	4.0959E1	4.5272E0	3.8862E5	
177	-7.5729E-1	4.0167E1	4.5215E0	3.9084E5	
178	-7.5714E-1	4.0393E1	4.5157E0	3.9306E5	
179	-7.5821E-1	3.8808E1	4.5098E0	3.9528E5	
180	-7.5645E-1	4.1412E1	4.5041E0	3.9750E5	
181	-7.5531E-1	4.3111E1	4.4984E0	3.9972E5	
182	-7.5836E-1	3.8582E1	4.4926E0	4.0194E5	
183	-7.5768E-1	3.9601E1	4.4869E0	4.0416E5	
184	-7.5539E-1	4.2997E1	4.4811E0	4.0638E5	
185	-7.5462E-1	4.4130E1	4.4754E0	4.0860E5	
186	-7.5417E-1	4.4809E1	4.4695E0	4.1082E5	
187	-7.5455E-1	4.4243E1	4.4638E0	4.1304E5	
188	-7.5600E-1	4.2092E1	4.4579E0	4.1526E5	
189	-7.5409E-1	4.4922E1	4.4522E0	4.1748E5	
190	-7.5500E-1	4.3564E1	4.4464E0	4.1970E5	
191	-7.5409E-1	4.4922E1	4.4405E0	4.2192E5	
192	-7.5569E-1	4.2545E1	4.4347E0	4.2414E5	
193	-7.5653E-1	4.1299E1	4.4288E0	4.2636E5	
194	-7.5439E-1	4.4469E1	4.4230E0	4.2858E5	
195	-7.5279E-1	4.6847E1	4.4172E0	4.3080E5	
196	-7.5562E-1	4.2658E1	4.4114E0	4.3302E5	
197	-7.5478E-1	4.3903E1	4.4055E0	4.3524E5	
198	-7.5439E-1	4.4469E1	4.3998E0	4.3746E5	
199	-7.5317E-1	4.6281E1	4.3938E0	4.3968E5	
200	-7.5539E-1	4.2997E1	4.3880E0	4.4190E5	
201	-7.5333E-1	4.6055E1	4.3822E0	4.4412E5	
202	-7.5523E-1	4.3224E1	4.3762E0	4.4634E5	
203	-7.5462E-1	4.4130E1	4.3704E0	4.4856E5	
204	-7.5104E-1	4.9451E1	4.3645E0	4.5078E5	
205	-7.5180E-1	4.8319E1	4.3587E0	4.5300E5	
206	-7.5142E-1	4.8885E1	4.3529E0	4.5522E5	
207	-7.5142E-1	4.8885E1	4.3469E0	4.5744E5	
208	-7.5371E-1	4.5488E1	4.3411E0	4.5966E5	
209	-7.5371E-1	4.5488E1	4.3351E0	4.6188E5	
210	-7.5043E-1	5.0357E1	4.3293E0	4.6410E5	
211	-7.5195E-1	4.8093E1	4.3233E0	4.6632E5	
212	-7.5012E-1	5.0810E1	4.3174E0	4.6854E5	
213	-7.5233E-1	4.7527E1	4.3115E0	4.7076E5	
214	-7.5096E-1	4.9565E1	4.3056E0	4.7298E5	
215	-7.5119E-1	4.9225E1	4.2996E0	4.7520E5	
216	-7.5195E-1	4.8093E1	4.2938E0	4.7742E5	
217	-7.5096E-1	4.9565E1	4.2878E0	4.7964E5	
218	-7.5150E-1	4.8772E1	4.2820E0	4.8186E5	
219	-7.4921E-1	5.2169E1	4.2759E0	4.8408E5	
220	-7.5134E-1	4.8998E1	4.2700E0	4.8630E5	
221	-7.4982E-1	5.1263E1	4.2642E0	4.8852E5	
222	-7.5096E-1	4.9565E1	4.2582E0	4.9074E5	
223	-7.5089E-1	4.9678E1	4.2522E0	4.9296E5	
224	-7.5150E-1	4.8772E1	4.2463E0	4.9518E5	
225	-7.4944E-1	5.1829E1	4.2403E0	4.9740E5	
226	-7.5325E-1	4.6168E1	4.2343E0	4.9962E5	
227	-7.5005E-1	5.0923E1	4.2283E0	5.0184E5	
228	-7.4974E-1	5.1376E1	4.2224E0	5.0406E5	
229	-7.4905E-1	5.2395E1	4.2163E0	5.0628E5	
230	-7.4860E-1	5.3075E1	4.2104E0	5.0850E5	
231	-7.4913E-1	5.2282E1	4.2045E0	5.1072E5	
232	-7.4783E-1	5.4207E1	4.1985E0	5.1294E5	
233	-7.4951E-1	5.1716E1	4.1924E0	5.1516E5	
234	-7.4814E-1	5.3754E1	4.1865E0	5.1738E5	
235	-7.4783E-1	5.4207E1	4.1804E0	5.1960E5	
236	-7.4745E-1	5.4773E1	4.1745E0	5.2182E5	
237	-7.4806E-1	5.3867E1	4.1684E0	5.2404E5	
238	-7.4623E-1	5.6585E1	4.1624E0	5.2626E5	
239	-7.4944E-1	5.1829E1	4.1564E0	5.2848E5	
240	-7.4638E-1	5.6358E1	4.1504E0	5.3070E5	
241	-7.4692E-1	5.5566E1	4.1444E0	5.3292E5	
242	-7.4600E-1	5.6924E1	4.1384E0	5.3514E5	
243	-7.4585E-1	5.7151E1	4.1323E0	5.3736E5	
244	-7.4532E-1	5.7943E1	4.1263E0	5.3958E5	
245	-7.4684E-1	5.5679E1	4.1203E0	5.4180E5	
246	-7.4463E-1	5.8962E1	4.1142E0	5.4402E5	
247	-7.4509E-1	5.8283E1	4.1081E0	5.4624E5	
248	-7.4463E-1	5.8962E1	4.1021E0	5.4846E5	
249	-7.4280E-1	6.1680E1	4.0960E0	5.5068E5	
250	-7.4356E-1	6.0547E1	4.0899E0	5.5290E5	
251	-7.4524E-1	5.8057E1	4.0839E0	5.5512E5	
252	-7.4455E-1	5.9076E1	4.0778E0	5.5734E5	
253	-7.4455E-1	5.9076E1	4.0717E0	5.5956E5	
254	-7.4471E-1	5.8849E1	4.0657E0	5.6178E5	
255	-7.4478E-1	5.8736E1	4.0595E0	5.6400E5	
256	-7.4211E-1	6.2699E1	4.0536E0	5.6622E5	
257	-7.4409E-1	5.9755E1	4.0474E0	5.6844E5	
258	-7.4219E-1	6.2586E1	4.0414E0	5.7066E5	
259	-7.4303E-1	6.1340E1	4.0353E0	5.7288E5	
260	-7.4371E-1	6.0321E1	4.0291E0	5.7510E5	
261	-7.4112E-1	6.4171E1	4.0230E0	5.7732E5	
262	-7.4158E-1	6.3491E1	4.0170E0	5.7954E5	
263	-7.4173E-1	6.3265E1	4.0108E0	5.8176E5	
264	-7.4158E-1	6.3491E1	4.0048E0	5.8398E5	
265	-7.3975E-1	6.6209E1	3.9986E0	5.8620E5	
266	-7.4089E-1	6.4510E1	3.9925E0	5.8842E5	
267	-7.4074E-1	6.4737E1	3.9863E0	5.9064E5	
268	-7.4097E-1	6.4397E1	3.9803E0	5.9286E5	
269	-7.4005E-1	6.5756E1	3.9740E0	5.9508E5	
270	-7.4005E-1	6.5756E1	3.9679E0	5.9730E5	
271	-7.4326E-1	6.1000E1	3.9618E0	5.9952E5	
272	-7.3936E-1	6.6775E1	3.9557E0	6.0174E5	
273	-7.3952E-1	6.6548E1	3.9494E0	6.0396E5	
274	-7.4081E-1	6.4624E1	3.9434E0	6.0618E5	
275	-7.3967E-1	6.6322E1	3.9372E0	6.0840E5	
276	-7.3830E-1	6.8360E1	3.9310E0	6.1062E5	
277	-7.3982E-1	6.6096E1	3.9248E0	6.1284E5	
278	-7.3990E-1	6.5982E1	3.9187E0	6.1506E5	
279	-7.3875E-1	6.7681E1	3.9125E0	6.1728E5	
280	-7.3891E-1	6.7454E1	3.9063E0	6.1950E5	
281	-7.3875E-1	6.7681E1	3.9002E0	6.2172E5	
282	-7.4089E-1	6.4510E1	3.8940E0	6.2394E5	
283	-7.3723E-1	6.9945E1	3.8877E0	6.2616E5	
284	-7.3669E-1	7.0738E1	3.8816E0	6.2838E5	
285	-7.3929E-1	6.6888E1	3.8754E0	6.3060E5	
286	-7.3730E-1	6.9832E1	3.8692E0	6.3282E5	
287	-7.3601E-1	7.1757E1	3.8630E0	6.3504E5	
288	-7.3715E-1	7.0058E1	3.8568E0	6.3726E5	
289	-7.3837E-1	6.8247E1	3.8506E0	6.3948E5	
290	-7.3959E-1	6.6435E1	3.8443E0	6.4170E5	
291	-7.3639E-1	7.1191E1	3.8381E0	6.4392E5	
292	-7.3715E-1	7.0058E1	3.8319E0	6.4614E5	
293	-7.3807E-1	6.8700E1	3.8257E0	6.4836E5	
294	-7.3837E-1	6.8247E1	3.8194E0	6.5058E5	
295	-7.3715E-1	7.0058E1	3.8132E0	6.5280E5	
296	-7.3822E-1	6.8473E1	3.8069E0	6.5502E5	
297	-7.3647E-1	7.1077E1	3.8007E0	6.5724E5	
298	-7.3524E-1	7.2889E1	3.7946E0	6.5946E5	
299	-7.3380E-1	7.5040E1	3.7882E0	6.6168E5	
300	-7.3471E-1	7.3682E1	3.7820E0	6.6390E5	
301	-7.3639E-1	7.1191E1	3.7757E0	6.6612E5	
302	-7.3570E-1	7.2210E1	3.7695E0	6.6834E5	
303	-7.3608E-1	7.1644E1	3.7632E0	6.7056E5	
304	-7.3334E-1	7.5720E1	3.7570E0	6.7278E5	
305	-7.3448E-1	7.4021E1	3.7507E0	6.7500E5	
306	-7.3395E-1	7.4814E1	3.7444E0	6.7722E5	
307	-7.3555E-1	7.2436E1	3.7382E0	6.7944E5	
308	-7.3326E-1	7.5833E1	3.7319E0	6.8166E5	
309	-7.3273E-1	7.6626E1	3.7256E0	6.8388E5	
310	-7.3502E-1	7.3229E1	3.7193E0	6.8610E5	
311	-7.3296E-1	7.6286E1	3.7129E0	6.8832E5	
312	-7.3166E-1	7.8211E1	3.7067E0	6.9054E5	
313	-7.3326E-1	7.5833E1	3.7004E0	6.9276E5	
314	-7.3158E-1	7.8324E1	3.6941E0	6.9498E5	
315	-7.3242E-1	7.7078E1	3.6878E0	6.9720E5	
316	-7.3288E-1	7.6399E1	3.6815E0	6.9942E5	
317	-7.3433E-1	7.4248E1	3.6752E0	7.0164E5	
318	-7.3250E-1	7.6965E1	3.6689E0	7.0386E5	
319	-7.3082E-1	7.9456E1	3.6626E0	7.0608E5	
320	-7.3196E-1	7.7758E1	3.6562E0	7.0830E5	
321	-7.2998E-1	8.0702E1	3.6499E0	7.1052E5	
322	-7.2952E-1	8.1381E1	3.6436E0	7.1274E5	
323	-7.3120E-1	7.8890E1	3.6373E0	7.1496E5	
324	-7.3067E-1	7.9683E1	3.6309E0	7.1718E5	
325	-7.3059E-1	7.9796E1	3.6245E0	7.1940E5	
326	-7.3051E-1	7.9909E1	3.6181E0	7.2162E5	
327	-7.2891E-1	8.2287E1	3.6118E0	7.2384E5	
328	-7.3051E-1	7.9909E1	3.6055E0	7.2606E5	
329	-7.3051E-1	7.9909E1	3.5992E0	7.2828E5	
330	-7.2968E-1	8.1155E1	3.5927E0	7.3050E5	
331	-7.3036E-1	8.0136E1	3.5864E0	7.3272E5	
332	-7.2990E-1	8.0815E1	3.5801E0	7.3494E5	
333	-7.2937E-1	8.1607E1	3.5737E0	7.3716E5	
334	-7.2891E-1	8.2287E1	3.5675E0	7.3938E5	
335	-7.2708E-1	8.5004E1	3.5609E0	7.4160E5	
336	-7.2746E-1	8.4438E1	3.5546E0	7.4382E5	
337	-7.2723E-1	8.4778E1	3.5482E0	7.4604E5	
338	-7.2472E-1	8.8514E1	3.5418E0	7.4826E5	
339	-7.2769E-1	8.4098E1	3.5354E0	7.5048E5	
340	-7.2777E-1	8.3985E1	3.5291E0	7.5270E5	
341	-7.2601E-1	8.6589E1	3.5226E0	7.5492E5	
342	-7.2929E-1	8.1721E1	3.5163E0	7.5714E5	
343	-7.2990E-1	8.0815E1	3.5099E0	7.5936E5	
344	-7.2708E-1	8.5004E1	3.5035E0	7.6158E5	
345	-7.2601E-1	8.6589E1	3.4970E0	7.6380E5	
346	-7.2594E-1	8.6703E1	3.4906E0	7.6602E5	
347	-7.2685E-1	8.5344E1	3.4842E0	7.6824E5	
348	-7.2418E-1	8.9307E1	3.4778E0	7.7046E5	
349	-7.2563E-1	8.7156E1	3.4714E0	7.7268E5	
350	-7.2449E-1	8.8854E1	3.4648E0	7.7490E5	
351	-7.2678E-1	8.5457E1	3.4584E0	7.7712E5	
352	-7.2586E-1	8.6816E1	3.4519E0	7.7934E5	
353	-7.2609E-1	8.6476E1	3.4456E0	7.8156E5	
354	-7.2617E-1	8.6363E1	3.4392E0	7.8378E5	
355	-7.2510E-1	8.7948E1	3.4328E0	7.8600E5	
356	-7.2754E-1	8.4325E1	3.4263E0	7.8822E5	
357	-7.2334E-1	9.0552E1	3.4199E0	7.9044E5	
358	-7.2601E-1	8.6589E1	3.4134E0	7.9266E5	
359	-7.2594E-1	8.6703E1	3.4070E0	7.9488E5	
360	-7.2350E-1	9.0326E1	3.4004E0	7.9710E5	
361	-7.2418E-1	8.9307E1	3.3940E0	7.9932E5	
362	-7.2426E-1	8.9194E1	3.3875E0	8.0154E5	
363	-7.2502E-1	8.8061E1	3.3811E0	8.0376E5	
364	-7.2433E-1	8.9080E1	3.3745E0	8.0598E5	
365	-7.2495E-1	8.8175E1	3.3681E0	8.0820E5	
366	-7.2281E-1	9.1345E1	3.3615E0	8.1042E5	
367	-7.2441E-1	8.8967E1	3.3551E0	8.1264E5	
368	-7.2334E-1	9.0552E1	3.3486E0	8.1486E5	
369	-7.2350E-1	9.0326E1	3.3421E0	8.1708E5	
370	-7.2388E-1	8.9760E1	3.3356E0	8.1930E5	
371	-7.2266E-1	9.1571E1	3.3293E0	8.2152E5	
372	-7.2258E-1	9.1685E1	3.3227E0	8.2374E5	
373	-7.2029E-1	9.5081E1	3.3162E0	8.2596E5	
374	-7.2227E-1	9.2137E1	3.3096E0	8.2818E5	
375	-7.2182E-1	9.2817E1	3.3031E0	8.3040E5	
376	-7.2128E-1	9.3609E1	3.2966E0	8.3262E5	
377	-7.2037E-1	9.4968E1	3.2901E0	8.3484E5	
378	-7.2021E-1	9.5195E1	3.2835E0	8.3706E5	
379	-7.1983E-1	9.5761E1	3.2771E0	8.3928E5	
380	-7.2060E-1	9.4628E1	3.2704E0	8.4150E5	
381	-7.2128E-1	9.3609E1	3.2640E0	8.4372E5	
382	-7.1983E-1	9.5761E1	3.2575E0	8.4594E5	
383	-7.2166E-1	9.3043E1	3.2509E0	8.4816E5	
384	-7.2090E-1	9.4176E1	3.2444E0	8.5038E5	
385	-7.1930E-1	9.6553E1	3.2378E0	8.5260E5	
386	-7.1884E-1	9.7233E1	3.2312E0	8.5482E5	
387	-7.1739E-1	9.9384E1	3.2247E0	8.5704E5	
388	-7.1838E-1	9.7912E1	3.2182E0	8.5926E5	
389	-7.1754E-1	9.9157E1	3.2116E0	8.6148E5	
390	-7.1899E-1	9.7006E1	3.2051E0	8.6370E5	
391	-7.1877E-1	9.7346E1	3.1985E0	8.6592E5	
392	-7.1609E-1	1.0131E2	3.1921E0	8.6814E5	
393	-7.1953E-1	9.6214E1	3.1854E0	8.7036E5	
394	-7.1548E-1	1.0221E2	3.1788E0	8.7258E5	
395	-7.1625E-1	1.0108E2	3.1723E0	8.7480E5	
396	-7.1503E-1	1.0289E2	3.1657E0	8.7702E5	
397	-7.1632E-1	1.0097E2	3.1590E0	8.7924E5	
398	-7.1617E-1	1.0120E2	3.1526E0	8.8146E5	
399	-7.1716E-1	9.9724E1	3.1459E0	8.8368E5	
400	-7.1632E-1	1.0097E2	3.1394E0	8.8590E5	
401	-7.1358E-1	1.0505E2	3.1328E0	8.8812E5	
402	-7.1739E-1	9.9384E1	3.1262E0	8.9034E5	
403	-7.1541E-1	1.0233E2	3.1195E0	8.9256E5	
404	-7.1404E-1	1.0437E2	3.1129E0	8.9478E5	
405	-7.1587E-1	1.0165E2	3.1064E0	8.9700E5	
406	-7.1480E-1	1.0323E2	3.0996E0	8.9922E5	
407	-7.1503E-1	1.0289E2	3.0931E0	9.0144E5	
408	-7.1289E-1	1.0606E2	3.0865E0	9.0366E5	
409	-7.1312E-1	1.0572E2	3.0799E0	9.0588E5	
410	-7.1327E-1	1.0550E2	3.0733E0	9.0810E5	
411	-7.1373E-1	1.0482E2	3.0667E0	9.1032E5	
412	-7.1198E-1	1.0742E2	3.0600E0	9.1254E5	
413	-7.1281E-1	1.0618E2	3.0534E0	9.1476E5	
414	-7.1442E-1	1.0380E2	3.0467E0	9.1698E5	
415	-7.1472E-1	1.0335E2	3.0402E0	9.1920E5	
416	-7.1457E-1	1.0357E2	3.0334E0	9.2142E5	
417	-7.1251E-1	1.0663E2	3.0267E0	9.2364E5	
418	-7.1251E-1	1.0663E2	3.0201E0	9.2586E5	
419	-7.1411E-1	1.0425E2	3.0135E0	9.2808E5	
420	-7.1175E-1	1.0776E2	3.0069E0	9.3030E5	
421	-7.1075E-1	1.0923E2	3.0001E0	9.3252E5	
422	-7.1136E-1	1.0833E2	2.9935E0	9.3474E5	
423	-7.0953E-1	1.1105E2	2.9870E0	9.3696E5	
424	-7.1068E-1	1.0935E2	2.9802E0	9.3918E5	
425	-7.0976E-1	1.1071E2	2.9737E0	9.4140E5	
426	-7.0999E-1	1.1037E2	2.9669E0	9.4362E5	
427	-7.1220E-1	1.0708E2	2.9603E0	9.4584E5	
428	-7.0961E-1	1.1093E2	2.9535E0	9.4806E5	
429	-7.1053E-1	1.0957E2	2.9469E0	9.5028E5	
430	-7.1350E-1	1.0516E2	2.9401E0	9.5250E5	
431	-7.0877E-1	1.1218E2	2.9335E0	9.5472E5	
432	-7.0969E-1	1.1082E2	2.9268E0	9.5694E5	
433	-7.0969E-1	1.1082E2	2.9201E0	9.5916E5	
434	-7.0892E-1	1.1195E2	2.9135E0	9.6138E5	
435	-7.0847E-1	1.1263E2	2.9068E0	9.6360E5	
436	-7.0915E-1	1.1161E2	2.9001E0	9.6582E5	
437	-7.0992E-1	1.1048E2	2.8934E0	9.6804E5	
438	-7.0778E-1	1.1365E2	2.8867E0	9.7026E5	
439	-7.0915E-1	1.1161E2	2.8801E0	9.7248E5	
440	-7.1251E-1	1.0663E2	2.8733E0	9.7470E5	
441	-7.0892E-1	1.1195E2	2.8666E0	9.7692E5	
442	-7.0740E-1	1.1422E2	2.8598E0	9.7914E5	
443	-7.0641E-1	1.1569E2	2.8531E0	9.8136E5	
444	-7.0770E-1	1.1376E2	2.8464E0	9.8358E5	
445	-7.0869E-1	1.1229E2	2.8396E0	9.8580E5	
446	-7.0633E-1	1.1580E2	2.8330E0	9.8802E5	
447	-7.0702E-1	1.1478E2	2.8262E0	9.9024E5	
448	-7.0946E-1	1.1116E2	2.8195E0	9.9246E5	
449	-7.0663E-1	1.1535E2	2.8127E0	9.9468E5	
450	-7.0610E-1	1.1614E2	2.8060E0	9.9690E5	
451	-7.0534E-1	1.1727E2	2.7993E0	9.9912E5	
452	-7.0389E-1	1.1942E2	2.7925E0	1.0013E6	
453	-7.0442E-1	1.1863E2	2.7857E0	1.0036E6	
454	-7.0396E-1	1.1931E2	2.7791E0	1.0058E6	
455	-7.0496E-1	1.1784E2	2.7723E0	1.0080E6	
456	-7.0305E-1	1.2067E2	2.7656E0	1.0102E6	
457	-7.0724E-1	1.1444E2	2.7588E0	1.0124E6	
458	-7.0389E-1	1.1942E2	2.7520E0	1.0147E6	
459	-7.0290E-1	1.2090E2	2.7453E0	1.0169E6	
460	-7.0389E-1	1.1942E2	2.7385E0	1.0191E6	
461	-7.0389E-1	1.1942E2	2.7318E0	1.0213E6	
462	-7.0343E-1	1.2010E2	2.7249E0	1.0235E6	
463	-7.0427E-1	1.1886E2	2.7182E0	1.0258E6	
464	-7.0312E-1	1.2056E2	2.7114E0	1.0280E6	
465	-7.0351E-1	1.1999E2	2.7047E0	1.0302E6	
466	-7.0183E-1	1.2248E2	2.6979E0	1.0324E6	
467	-7.0381E-1	1.1954E2	2.6911E0	1.0346E6	
468	-7.0068E-1	1.2418E2	2.6843E0	1.0369E6	
469	-7.0251E-1	1.2146E2	2.6775E0	1.0391E6	
470	-7.0351E-1	1.1999E2	2.6707E0	1.0413E6	
471	-6.9817E-1	1.2792E2	2.6639E0	1.0435E6	
472	-7.0045E-1	1.2452E2	2.6570E0	1.0457E6	
473	-7.0358E-1	1.1988E2	2.6503E0	1.0480E6	
474	-7.0236E-1	1.2169E2	2.6435E0	1.0502E6	
475	-6.9824E-1	1.2780E2	2.6367E0	1.0524E6	
476	-7.0061E-1	1.2429E2	2.6299E0	1.0546E6	
477	-6.9939E-1	1.2611E2	2.6231E0	1.0568E6	
478	-6.9931E-1	1.2622E2	2.6162E0	1.0591E6	
479	-6.9908E-1	1.2656E2	2.6095E0	1.0613E6	
480	-6.9710E-1	1.2950E2	2.6027E0	1.0635E6	
481	-6.9756E-1	1.2882E2	2.5958E0	1.0657E6	
482	-6.9870E-1	1.2712E2	2.5890E0	1.0679E6	
483	-7.0038E-1	1.2463E2	2.5822E0	1.0702E6	
484	-7.0045E-1	1.2452E2	2.5754E0	1.0724E6	
485	-6.9817E-1	1.2792E2	2.5685E0	1.0746E6	
486	-6.9809E-1	1.2803E2	2.5617E0	1.0768E6	
487	-6.9839E-1	1.2758E2	2.5548E0	1.0790E6	
488	-6.9778E-1	1.2848E2	2.5480E0	1.0813E6	
489	-6.9939E-1	1.2611E2	2.5412E0	1.0835E6	
490	-6.9923E-1	1.2633E2	2.5343E0	1.0857E6	
491	-6.9786E-1	1.2837E2	2.5274E0	1.0879E6	
492	-6.9748E-1	1.2894E2	2.5207E0	1.0901E6	
493	-6.9771E-1	1.2860E2	2.5138E0	1.0924E6	
494	-6.9908E-1	1.2656E2	2.5069E0	1.0946E6	
495	-6.9778E-1	1.2848E2	2.5001E0	1.0968E6	
496	-6.9473E-1	1.3301E2	2.4932E0	1.0990E6	
497	-6.9778E-1	1.2848E2	2.4864E0	1.1012E6	
498	-6.9794E-1	1.2826E2	2.4794E0	1.1035E6	
499	-6.9633E-1	1.3063E2	2.4726E0	1.1057E6	
500	-6.9351E-1	1.3482E2	2.4658E0	1.1079E6	
501	-6.9641E-1	1.3052E2	2.4588E0	1.1101E6	
502	-6.9466E-1	1.3313E2	2.4520E0	1.1123E6	
503	-6.9542E-1	1.3199E2	2.4451E0	1.1146E6	
504	-6.9489E-1	1.3279E2	2.4382E0	1.1168E6	
505	-6.9550E-1	1.3188E2	2.4315E0	1.1190E6	
506	-6.9206E-1	1.3697E2	2.4244E0	1.1212E6	
507	-6.9664E-1	1.3018E2	2.4175E0	1.1234E6	
508	-6.9496E-1	1.3267E2	2.4107E0	1.1257E6	
509	-6.9298E-1	1.3562E2	2.4038E0	1.1279E6	
510	-6.9305E-1	1.3550E2	2.3969E0	1.1301E6	
511	-6.9527E-1	1.3222E2	2.3900E0	1.1323E6	
512	-6.9252E-1	1.3630E2	2.3830E0	1.1345E6	
513	-6.9145E-1	1.3788E2	2.3762E0	1.1368E6	
514	-6.9466E-1	1.3313E2	2.3692E0	1.1390E6	
515	-6.9336E-1	1.3505E2	2.3623E0	1.1412E6	
516	-6.9000E-1	1.4003E2	2.3555E0	1.1434E6	
517	-6.9061E-1	1.3913E2	2.3486E0	1.1456E6	
518	-6.9405E-1	1.3403E2	2.3417E0	1.1479E6	
519	-6.9145E-1	1.3788E2	2.3348E0	1.1501E6	
520	-6.9122E-1	1.3822E2	2.3279E0	1.1523E6	
521	-6.9092E-1	1.3867E2	2.3209E0	1.1545E6	
522	-6.9008E-1	1.3992E2	2.3138E0	1.1567E6	
523	-6.9183E-1	1.3731E2	2.3070E0	1.1590E6	
524	-6.9199E-1	1.3709E2	2.3002E0	1.1612E6	
525	-6.9145E-1	1.3788E2	2.2932E0	1.1634E6	
526	-6.9054E-1	1.3924E2	2.2862E0	1.1656E6	
527	-6.9199E-1	1.3709E2	2.2793E0	1.1678E6	
528	-6.9199E-1	1.3709E2	2.2724E0	1.1701E6	
529	-6.8954E-1	1.4071E2	2.2654E0	1.1723E6	
530	-6.8695E-1	1.4456E2	2.2585E0	1.1745E6	
531	-6.8634E-1	1.4547E2	2.2516E0	1.1767E6	
532	-6.8924E-1	1.4116E2	2.2446E0	1.1789E6	
533	-6.8779E-1	1.4332E2	2.2377E0	1.1812E6	
534	-6.8695E-1	1.4456E2	2.2307E0	1.1834E6	
535	-6.8932E-1	1.4105E2	2.2238E0	1.1856E6	
536	-6.8550E-1	1.4671E2	2.2169E0	1.1878E6	
537	-6.8787E-1	1.4320E2	2.2098E0	1.1900E6	
538	-6.8649E-1	1.4524E2	2.2030E0	1.1923E6	
539	-6.9008E-1	1.3992E2	2.1961E0	1.1945E6	
540	-6.8695E-1	1.4456E2	2.1890E0	1.1967E6	
541	-6.9054E-1	1.3924E2	2.1820E0	1.1989E6	
542	-6.8504E-1	1.4739E2	2.1752E0	1.2011E6	
543	-6.8634E-1	1.4547E2	2.1682E0	1.2034E6	
544	-6.8604E-1	1.4592E2	2.1612E0	1.2056E6	
545	-6.8565E-1	1.4649E2	2.1541E0	1.2078E6	
546	-6.8634E-1	1.4547E2	2.1471E0	1.2100E6	
547	-6.8558E-1	1.4660E2	2.1402E0	1.2122E6	
548	-6.8550E-1	1.4671E2	2.1333E0	1.2145E6	
549	-6.8619E-1	1.4569E2	2.1263E0	1.2167E6	
550	-6.8489E-1	1.4762E2	2.1192E0	1.2189E6	
551	-6.8619E-1	1.4569E2	2.1123E0	1.2211E6	
552	-6.8695E-1	1.4456E2	2.1053E0	1.2233E6	
553	-6.8214E-1	1.5169E2	2.0983E0	1.2256E6	
554	-6.8336E-1	1.4988E2	2.0913E0	1.2278E6	
555	-6.8298E-1	1.5045E2	2.0843E0	1.2300E6	
556	-6.8222E-1	1.5158E2	2.0774E0	1.2322E6	
557	-6.8588E-1	1.4615E2	2.0704E0	1.2344E6	
558	-6.8336E-1	1.4988E2	2.0633E0	1.2367E6	
559	-6.8420E-1	1.4864E2	2.0563E0	1.2389E6	
560	-6.8329E-1	1.5000E2	2.0494E0	1.2411E6	
561	-6.8352E-1	1.4966E2	2.0422E0	1.2433E6	
562	-6.8382E-1	1.4920E2	2.0353E0	1.2455E6	
563	-6.8153E-1	1.5260E2	2.0283E0	1.2478E6	
564	-6.8222E-1	1.5158E2	2.0213E0	1.2500E6	
565	-6.8008E-1	1.5475E2	2.0143E0	1.2522E6	
566	-6.8275E-1	1.5079E2	2.0072E0	1.2544E6	
567	-6.8092E-1	1.5351E2	2.0002E0	1.2566E6	
568	-6.8237E-1	1.5135E2	1.9932E0	1.2589E6	
569	-6.8039E-1	1.5430E2	1.9862E0	1.2611E6	
570	-6.8291E-1	1.5056E2	1.9792E0	1.2633E6	
571	-6.7841E-1	1.5724E2	1.9721E0	1.2655E6	
572	-6.8153E-1	1.5260E2	1.9651E0	1.2677E6	
573	-6.8169E-1	1.5237E2	1.9580E0	1.2700E6	
574	-6.8069E-1	1.5385E2	1.9510E0	1.2722E6	
575	-6.8008E-1	1.5475E2	1.9440E0	1.2744E6	
576	-6.7825E-1	1.5747E2	1.9369E0	1.2766E6	
577	-6.7879E-1	1.5668E2	1.9300E0	1.2788E6	
578	-6.7841E-1	1.5724E2	1.9228E0	1.2811E6	
579	-6.7955E-1	1.5554E2	1.9158E0	1.2833E6	
580	-6.7665E-1	1.5985E2	1.9088E0	1.2855E6	
581	-6.7528E-1	1.6188E2	1.9018E0	1.2877E6	
582	-6.7665E-1	1.5985E2	1.8946E0	1.2899E6	
583	-6.7902E-1	1.5634E2	1.8877E0	1.2922E6	
584	-6.7596E-1	1.6087E2	1.8806E0	1.2944E6	
585	-6.7741E-1	1.5871E2	1.8736E0	1.2966E6	
586	-6.7848E-1	1.5713E2	1.8665E0	1.2988E6	
587	-6.7558E-1	1.6143E2	1.8595E0	1.3010E6	
588	-6.7894E-1	1.5645E2	1.8524E0	1.3033E6	
589	-6.7520E-1	1.6200E2	1.8453E0	1.3055E6	
590	-6.7459E-1	1.6290E2	1.8383E0	1.3077E6	
591	-6.7635E-1	1.6030E2	1.8312E0	1.3099E6	
592	-6.7337E-1	1.6472E2	1.8242E0	1.3121E6	
593	-6.7474E-1	1.6268E2	1.8171E0	1.3144E6	
594	-6.7528E-1	1.6188E2	1.8101E0	1.3166E6	
595	-6.7703E-1	1.5928E2	1.8030E0	1.3188E6	
596	-6.7345E-1	1.6460E2	1.7958E0	1.3210E6	
597	-6.7459E-1	1.6290E2	1.7889E0	1.3232E6	
598	-6.7154E-1	1.6743E2	1.7817E0	1.3255E6	
599	-6.7238E-1	1.6619E2	1.7746E0	1.3277E6	
600	-6.7352E-1	1.6449E2	1.7676E0	1.3299E6	
601	-6.7268E-1	1.6573E2	1.7605E0	1.3321E6	
602	-6.7123E-1	1.6789E2	1.7534E0	1.3343E6	
603	-6.7307E-1	1.6517E2	1.7463E0	1.3366E6	
604	-6.7299E-1	1.6528E2	1.7392E0	1.3388E6	
605	-6.7177E-1	1.6709E2	1.7323E0	1.3410E6	
606	-6.7116E-1	1.6800E2	1.7251E0	1.3432E6	
607	-6.7131E-1	1.6777E2	1.7180E0	1.3454E6	
608	-6.6910E-1	1.7106E2	1.7110E0	1.3477E6	
609	-6.7314E-1	1.6505E2	1.7038E0	1.3499E6	
610	-6.7009E-1	1.6958E2	1.6967E0	1.3521E6	
611	-6.7307E-1	1.6517E2	1.6896E0	1.3543E6	
612	-6.7047E-1	1.6902E2	1.6825E0	1.3565E6	
613	-6.7299E-1	1.6528E2	1.6754E0	1.3588E6	
614	-6.7062E-1	1.6879E2	1.6683E0	1.3610E6	
615	-6.7039E-1	1.6913E2	1.6613E0	1.3632E6	
616	-6.6902E-1	1.7117E2	1.6542E0	1.3654E6	
617	-6.6948E-1	1.7049E2	1.6470E0	1.3676E6	
618	-6.7017E-1	1.6947E2	1.6399E0	1.3699E6	
619	-6.6971E-1	1.7015E2	1.6328E0	1.3721E6	
620	-6.6986E-1	1.6992E2	1.6257E0	1.3743E6	
621	-6.6833E-1	1.7219E2	1.6186E0	1.3765E6	
622	-6.6971E-1	1.7015E2	1.6115E0	1.3787E6	
623	-6.6925E-1	1.7083E2	1.6043E0	1.3810E6	
624	-6.6940E-1	1.7060E2	1.5972E0	1.3832E6	
625	-6.6856E-1	1.7185E2	1.5901E0	1.3854E6	
626	-6.6864E-1	1.7174E2	1.5830E0	1.3876E6	
627	-6.6780E-1	1.7298E2	1.5759E0	1.3898E6	
628	-6.6689E-1	1.7434E2	1.5687E0	1.3921E6	
629	-6.6772E-1	1.7309E2	1.5617E0	1.3943E6	
630	-6.6628E-1	1.7525E2	1.5545E0	1.3965E6	
631	-6.6719E-1	1.7389E2	1.5474E0	1.3987E6	
632	-6.6628E-1	1.7525E2	1.5402E0	1.4009E6	
633	-6.6643E-1	1.7502E2	1.5331E0	1.4032E6	
634	-6.6811E-1	1.7253E2	1.5260E0	1.4054E6	
635	-6.6826E-1	1.7230E2	1.5189E0	1.4076E6	
636	-6.6734E-1	1.7366E2	1.5117E0	1.4098E6	
637	-6.6391E-1	1.7876E2	1.5046E0	1.4120E6	
638	-6.6536E-1	1.7660E2	1.4974E0	1.4143E6	
639	-6.6452E-1	1.7785E2	1.4903E0	1.4165E6	
640	-6.6521E-1	1.7683E2	1.4833E0	1.4187E6	
641	-6.6406E-1	1.7853E2	1.4761E0	1.4209E6	
642	-6.6162E-1	1.8215E2	1.4689E0	1.4231E6	
643	-6.6521E-1	1.7683E2	1.4617E0	1.4254E6	
644	-6.6322E-1	1.7977E2	1.4546E0	1.4276E6	
645	-6.6536E-1	1.7660E2	1.4475E0	1.4298E6	
646	-6.6238E-1	1.8102E2	1.4404E0	1.4320E6	
647	-6.5964E-1	1.8510E2	1.4333E0	1.4342E6	
648	-6.6360E-1	1.7921E2	1.4261E0	1.4365E6	
649	-6.6292E-1	1.8023E2	1.4190E0	1.4387E6	
650	-6.6238E-1	1.8102E2	1.4117E0	1.4409E6	
651	-6.6200E-1	1.8159E2	1.4046E0	1.4431E6	
652	-6.6177E-1	1.8193E2	1.3975E0	1.4453E6	
653	-6.6063E-1	1.8362E2	1.3903E0	1.4476E6	
654	-6.5872E-1	1.8645E2	1.3832E0	1.4498E6	
655	-6.5849E-1	1.8679E2	1.3761E0	1.4520E6	
656	-6.5948E-1	1.8532E2	1.3689E0	1.4542E6	
657	-6.6010E-1	1.8442E2	1.3617E0	1.4564E6	
658	-6.6269E-1	1.8057E2	1.3546E0	1.4587E6	
659	-6.5979E-1	1.8487E2	1.3476E0	1.4609E6	
660	-6.6010E-1	1.8442E2	1.3403E0	1.4631E6	
661	-6.6025E-1	1.8419E2	1.3331E0	1.4653E6	
662	-6.5842E-1	1.8691E2	1.3260E0	1.4675E6	
663	-6.6063E-1	1.8362E2	1.3187E0	1.4698E6	
664	-6.5842E-1	1.8691E2	1.3117E0	1.4720E6	
665	-6.5697E-1	1.8906E2	1.3045E0	1.4742E6	
666	-6.5880E-1	1.8634E2	1.2973E0	1.4764E6	
667	-6.5773E-1	1.8793E2	1.2902E0	1.4786E6	
668	-6.5773E-1	1.8793E2	1.2830E0	1.4809E6	
669	-6.5659E-1	1.8962E2	1.2758E0	1.4831E6	
670	-6.5430E-1	1.9302E2	1.2686E0	1.4853E6	
671	-6.5964E-1	1.8510E2	1.2615E0	1.4875E6	
672	-6.5514E-1	1.9178E2	1.2543E0	1.4897E6	
673	-6.5605E-1	1.9042E2	1.2472E0	1.4920E6	
674	-6.5353E-1	1.9415E2	1.2400E0	1.4942E6	
675	-6.5498E-1	1.9200E2	1.2328E0	1.4964E6	
676	-6.5598E-1	1.9053E2	1.2256E0	1.4986E6	
677	-6.5758E-1	1.8815E2	1.2185E0	1.5008E6	
678	-6.5460E-1	1.9257E2	1.2113E0	1.5031E6	
679	-6.5521E-1	1.9166E2	1.2042E0	1.5053E6	
680	-6.5605E-1	1.9042E2	1.1969E0	1.5075E6	
681	-6.5521E-1	1.9166E2	1.1898E0	1.5097E6	
682	-6.5407E-1	1.9336E2	1.1827E0	1.5119E6	
683	-6.5254E-1	1.9563E2	1.1754E0	1.5142E6	
684	-6.5315E-1	1.9472E2	1.1682E0	1.5164E6	
685	-6.5300E-1	1.9495E2	1.1612E0	1.5186E6	
686	-6.5178E-1	1.9676E2	1.1539E0	1.5208E6	
687	-6.5201E-1	1.9642E2	1.1468E0	1.5230E6	
688	-6.5239E-1	1.9585E2	1.1397E0	1.5253E6	
689	-6.5376E-1	1.9381E2	1.1324E0	1.5275E6	
690	-6.5277E-1	1.9529E2	1.1252E0	1.5297E6	
691	-6.5079E-1	1.9823E2	1.1181E0	1.5319E6	
692	-6.5163E-1	1.9698E2	1.1108E0	1.5341E6	
693	-6.5063E-1	1.9846E2	1.1038E0	1.5364E6	
694	-6.5216E-1	1.9619E2	1.0965E0	1.5386E6	
695	-6.5132E-1	1.9744E2	1.0893E0	1.5408E6	
696	-6.5193E-1	1.9653E2	1.0822E0	1.5430E6	
697	-6.5071E-1	1.9834E2	1.0750E0	1.5452E6	
698	-6.4896E-1	2.0095E2	1.0678E0	1.5475E6	
699	-6.5254E-1	1.9563E2	1.0606E0	1.5497E6	
700	-6.4812E-1	2.0219E2	1.0534E0	1.5519E6	
701	-6.8985E-1	1.4026E2	1.0462E0	1.5541E6	
702	-6.9283E-1	1.3584E2	1.0391E0	1.5563E6	
703	-6.9191E-1	1.3720E2	1.0318E0	1.5586E6	
704	-6.8443E-1	1.4830E2	1.0248E0	1.5608E6	
705	-6.7558E-1	1.6143E2	1.0175E0	1.5630E6	
706	-6.6864E-1	1.7174E2	1.0103E0	1.5652E6	
707	-6.6330E-1	1.7966E2	1.0032E0	1.5674E6	
708	-6.5765E-1	1.8804E2	9.9612E-1	1.5697E6	
709	-6.5147E-1	1.9721E2	9.8887E-1	1.5719E6	
710	-6.4568E-1	2.0582E2	9.8168E-1	1.5741E6	
711	-6.4194E-1	2.1136E2	9.7449E-1	1.5763E6	
712	-6.3744E-1	2.1804E2	9.6726E-1	1.5785E6	
713	-6.3278E-1	2.2495E2	9.6008E-1	1.5808E6	
714	-6.2645E-1	2.3435E2	9.5286E-1	1.5830E6	
715	-6.1752E-1	2.4760E2	9.4572E-1	1.5852E6	
716	-6.1096E-1	2.5733E2	9.3855E-1	1.5874E6	
717	-6.0555E-1	2.6537E2	9.3135E-1	1.5896E6	
718	-6.0043E-1	2.7296E2	9.2418E-1	1.5919E6	
719	-5.9586E-1	2.7975E2	9.1692E-1	1.5941E6	
720	-5.9288E-1	2.8417E2	9.0980E-1	1.5963E6	
721	-5.8762E-1	2.9198E2	9.0257E-1	1.5985E6	
722	-5.8083E-1	3.0206E2	8.9542E-1	1.6007E6	
723	-5.7625E-1	3.0885E2	8.8828E-1	1.6030E6	
724	-5.6808E-1	3.2097E2	8.8109E-1	1.6052E6	
725	-5.6679E-1	3.2289E2	8.7384E-1	1.6074E6	
726	-5.5923E-1	3.3410E2	8.6670E-1	1.6096E6	
727	-5.5283E-1	3.4361E2	8.5951E-1	1.6118E6	
728	-5.4665E-1	3.5278E2	8.5231E-1	1.6141E6	
729	-5.4329E-1	3.5777E2	8.4519E-1	1.6163E6	
730	-5.4001E-1	3.6263E2	8.3786E-1	1.6185E6	
731	-5.3558E-1	3.6920E2	8.3076E-1	1.6207E6	
732	-5.2879E-1	3.7928E2	8.2362E-1	1.6229E6	
733	-5.2574E-1	3.8381E2	8.1646E-1	1.6252E6	
734	-5.2277E-1	3.8822E2	8.0921E-1	1.6274E6	
735	-5.2032E-1	3.9185E2	8.0208E-1	1.6296E6	
736	-5.1582E-1	3.9853E2	7.9495E-1	1.6318E6	
737	-5.1102E-1	4.0566E2	7.8773E-1	1.6340E6	
738	-5.1216E-1	4.0396E2	7.8051E-1	1.6363E6	
739	-5.0339E-1	4.1698E2	7.7342E-1	1.6385E6	
740	-4.9812E-1	4.2479E2	7.6614E-1	1.6407E6	
741	-4.9568E-1	4.2842E2	7.5901E-1	1.6429E6	
742	-4.8927E-1	4.3793E2	7.5190E-1	1.6451E6	
743	-4.8668E-1	4.4178E2	7.4468E-1	1.6474E6	
744	-4.7905E-1	4.5310E2	7.3750E-1	1.6496E6	
745	-4.7653E-1	4.5684E2	7.3028E-1	1.6518E6	
746	-4.7096E-1	4.6510E2	7.2309E-1	1.6540E6	
747	-4.6318E-1	4.7665E2	7.1603E-1	1.6562E6	
748	-4.5944E-1	4.8220E2	7.0891E-1	1.6585E6	
749	-4.5197E-1	4.9330E2	7.0164E-1	1.6607E6	
750	-4.4678E-1	5.0100E2	6.9452E-1	1.6629E6	
751	-4.3610E-1	5.1685E2	6.8729E-1	1.6651E6	
752	-4.3121E-1	5.2409E2	6.8018E-1	1.6673E6	
753	-4.2664E-1	5.3089E2	6.7299E-1	1.6696E6	
754	-4.2313E-1	5.3610E2	6.6583E-1	1.6718E6	
755	-4.1618E-1	5.4640E2	6.5862E-1	1.6740E6	
756	-4.1176E-1	5.5297E2	6.5156E-1	1.6762E6	
757	-4.0390E-1	5.6463E2	6.4438E-1	1.6784E6	
758	-3.9955E-1	5.7108E2	6.3720E-1	1.6807E6	
759	-3.8971E-1	5.8569E2	6.2998E-1	1.6829E6	
760	-3.8177E-1	5.9746E2	6.2293E-1	1.6851E6	
761	-3.7399E-1	6.0901E2	6.1578E-1	1.6873E6	
762	-3.6697E-1	6.1943E2	6.0862E-1	1.6895E6	
763	-3.6118E-1	6.2803E2	6.0148E-1	1.6918E6	
764	-3.5522E-1	6.3687E2	5.9430E-1	1.6940E6	
765	-3.4309E-1	6.5487E2	5.8707E-1	1.6962E6	
766	-3.3966E-1	6.5996E2	5.7998E-1	1.6984E6	
767	-3.3676E-1	6.6427E2	5.7289E-1	1.7006E6	
768	-3.2600E-1	6.8023E2	5.6572E-1	1.7029E6	
769	-3.1975E-1	6.8952E2	5.5862E-1	1.7051E6	
770	-3.0869E-1	7.0593E2	5.5142E-1	1.7073E6	
771	-3.0403E-1	7.1284E2	5.4426E-1	1.7095E6	
772	-2.9976E-1	7.1918E2	5.3712E-1	1.7117E6	
773	-2.9205E-1	7.3062E2	5.3003E-1	1.7140E6	
774	-2.8618E-1	7.3934E2	5.2718E-1	1.7148E6	
775	-2.8465E-1	7.4160E2	5.2685E-1	1.7150E6	
776	-2.8152E-1	7.4624E2	5.2636E-1	1.7151E6	
777	-2.8152E-1	7.4624E2	5.2636E-1	1.7151E6	
778	-2.8152E-1	7.4624E2	5.2636E-1	1.7151E6	
779	-2.8152E-1	7.4624E2	5.2636E-1	1.7151E6	
780	-2.8152E-1	7.4624E2	5.2636E-1	1.7151E6	
781	-2.8152E-1	7.4624E2	5.2636E-1	1.7151E6	
782	-2.8152E-1	7.4624E2	5.2636E-1	1.7151E6	
783	-2.8152E-1	7.4624E2	5.2636E-1	1.7151E6	
784	-2.8152E-1	7.4624E2	5.2636E-1	1.7151E6	
785	-2.8152E-1	7.4624E2	5.2636E-1	1.7151E6	
786	-2.8152E-1	7.4624E2	5.2636E-1	1.7151E6	
787	-2.8152E-1	7.4624E2	5.2636E-1	1.7151E6	
788	-2.8152E-1	7.4624E2	5.2636E-1	1.7151E6	
789	-2.8152E-1	7.4624E2	5.2636E-1	1.7151E6	
790	-2.8152E-1	7.4624E2	5.2636E-1	1.7151E6	
791	-2.8152E-1	7.4624E2	5.2636E-1	1.7151E6	
792	-2.8152E-1	7.4624E2	5.2636E-1	1.7151E6	
793	-2.8152E-1	7.4624E2	5.2636E-1	1.7151E6	
794	-2.8152E-1	7.4624E2	5.2636E-1	1.7151E6	
795	-2.8152E-1	7.4624E2	5.2636E-1	1.7151E6	
796	-2.8152E-1	7.4624E2	5.2636E-1	1.7151E6	
797	-2.8152E-1	7.4624E2	5.2636E-1	1.7151E6	
798	-2.8152E-1	7.4624E2	5.2636E-1	1.7151E6	
799	-2.8152E-1	7.4624E2	5.2636E-1	1.7151E6	
800	-2.8152E-1	7.4624E2	5.2636E-1	1.7151E6	
801	-2.8152E-1	7.4624E2	5.2636E-1	1.7151E6	
802	-2.8152E-1	7.4624E2	5.2636E-1	1.7151E6	
803	-2.8152E-1	7.4624E2	5.2636E-1	1.7151E6	
804	-2.8152E-1	7.4624E2	5.2636E-1	1.7151E6	
805	-2.8152E-1	7.4624E2	5.2636E-1	1.7151E6	
806	-2.8152E-1	7.4624E2	5.2636E-1	1.7151E6	
807	-2.8152E-1	7.4624E2	5.2636E-1	1.7151E6	
808	-2.8152E-1	7.4624E2	5.2636E-1	1.7151E6	
809	-2.8152E-1	7.4624E2	5.2636E-1	1.7151E6	
810	-2.8152E-1	7.4624E2	5.2636E-1	1.7151E6	
811	-2.8152E-1	7.4624E2	5.2636E-1	1.7151E6	
812	-2.8152E-1	7.4624E2	5.2636E-1	1.7151E6	
813	-2.8152E-1	7.4624E2	5.2636E-1	1.7151E6	
814	-2.8152E-1	7.4624E2	5.2636E-1	1.7151E6	
815	-2.8152E-1	7.4624E2	5.2636E-1	1.7151E6	
816	-2.8152E-1	7.4624E2	5.2636E-1	1.7151E6	
817	-2.8152E-1	7.4624E2	5.2636E-1	1.7151E6	
818	-2.8152E-1	7.4624E2	5.2636E-1	1.7151E6	
819	-2.8152E-1	7.4624E2	5.2636E-1	1.7151E6	
820	-2.8152E-1	7.4624E2	5.2636E-1	1.7151E6	
821	-2.8152E-1	7.4624E2	5.2636E-1	1.7151E6	
822	-2.8152E-1	7.4624E2	5.2636E-1	1.7151E6	
823	-2.8152E-1	7.4624E2	5.2636E-1	1.7151E6	
824	-2.8152E-1	7.4624E2	5.2636E-1	1.7151E6	
825	-2.8152E-1	7.4624E2	5.2636E-1	1.7151E6	
826	-2.8152E-1	7.4624E2	5.2636E-1	1.7151E6	
827	-2.8152E-1	7.4624E2	5.2636E-1	1.7151E6	
828	-2.8152E-1	7.4624E2	5.2636E-1	1.7151E6	
829	-2.8152E-1	7.4624E2	5.2636E-1	1.7151E6	
830	-2.8152E-1	7.4624E2	5.2636E-1	1.7151E6	
831	-2.8152E-1	7.4624E2	5.2636E-1	1.7151E6	
832	-2.8152E-1	7.4624E2	5.2636E-1	1.7151E6	
833	-2.8152E-1	7.4624E2	5.2636E-1	1.7151E6	
834	-2.8152E-1	7.4624E2	5.2636E-1	1.7151E6	
835	-2.8152E-1	7.4624E2	5.2636E-1	1.7151E6	
836	-2.8152E-1	7.4624E2	5.2636E-1	1.7151E6	
837	-2.8152E-1	7.4624E2	5.2636E-1	1.7151E6	
838	-2.8152E-1	7.4624E2	5.2636E-1	1.7151E6	
839	-2.8152E-1	7.4624E2	5.2636E-1	1.7151E6	
840	-2.8152E-1	7.4624E2	5.2636E-1	1.7151E6	
841	-2.8152E-1	7.4624E2	5.2636E-1	1.7151E6	
842	-2.8152E-1	7.4624E2	5.2636E-1	1.7151E6	
843	-2.8152E-1	7.4624E2	5.2636E-1	1.7151E6	
844	-2.8152E-1	7.4624E2	5.2636E-1	1.7151E6	
845	-2.8152E-1	7.4624E2	5.2636E-1	1.7151E6	
846	-2.8152E-1	7.4624E2	5.2636E-1	1.7151E6	
847	-2.8152E-1	7.4624E2	5.2636E-1	1.7151E6	
848	-2.8152E-1	7.4624E2	5.2636E-1	1.7151E6	
849	-2.8152E-1	7.4624E2	5.2636E-1	1.7151E6	
850	-2.8152E-1	7.4624E2	5.2636E-1	1.7151E6	
851	-2.8152E-1	7.4624E2	5.2636E-1	1.7151E6	
852	-2.8152E-1	7.4624E2	5.2636E-1	1.7151E6	
853	-2.8152E-1	7.4624E2	5.2636E-1	1.7151E6	
854	-2.8152E-1	7.4624E2	5.2636E-1	1.7151E6	
855	-2.8152E-1	7.4624E2	5.2636E-1	1.7151E6	
856	-2.8152E-1	7.4624E2	5.2636E-1	1.7151E6	
857	-2.8152E-1	7.4624E2	5.2636E-1	1.7151E6	
858	-2.8152E-1	7.4624E2	5.2636E-1	1.7151E6	
859	-2.8152E-1	7.4624E2	5.2636E-1	1.7151E6	
860	-2.8152E-1	7.4624E2	5.2636E-1	1.7151E6	
861	-2.8152E-1	7.4624E2	5.2636E-1	1.7151E6	
862	-2.8152E-1	7.4624E2	5.2636E-1	1.7151E6	
863	-2.8152E-1	7.4624E2	5.2636E-1	1.7151E6	
864	-2.8152E-1	7.4624E2	5.2636E-1	1.7151E6	
865	-2.8152E-1	7.4624E2	5.2636E-1	1.7151E6	
866	-2.8152E-1	7.4624E2	5.2636E-1	1.7151E6	
867	-2.8152E-1	7.4624E2	5.2636E-1	1.7151E6	
868	-2.8152E-1	7.4624E2	5.2636E-1	1.7151E6	
869	-2.8152E-1	7.4624E2	5.2636E-1	1.7151E6	
870	-2.8152E-1	7.4624E2	5.2636E-1	1.7151E6	
871	-2.8152E-1	7.4624E2	5.2636E-1	1.7151E6	
872	-2.8152E-1	7.4624E2	5.2636E-1	1.7151E6	
873	-2.8152E-1	7.4624E2	5.2636E-1	1.7151E6	
874	-2.8152E-1	7.4624E2	5.2636E-1	1.7151E6	
875	-2.8152E-1	7.4624E2	5.2636E-1	1.7151E6	
876	-2.8152E-1	7.4624E2	5.2636E-1	1.7151E6	
877	-2.8152E-1	7.4624E2	5.2636E-1	1.7151E6	
878	-2.8152E-1	7.4624E2	5.2636E-1	1.7151E6	
879	-2.8152E-1	7.4624E2	5.2636E-1	1.7151E6	
880	-2.8152E-1	7.4624E2	5.2636E-1	1.7151E6	
881	-2.8152E-1	7.4624E2	5.2636E-1	1.7151E6	
882	-2.8152E-1	7.4624E2	5.2636E-1	1.7151E6	
883	-2.8152E-1	7.4624E2	5.2636E-1	1.7151E6	
884	-2.8152E-1	7.4624E2	5.2636E-1	1.7151E6	
885	-2.8152E-1	7.4624E2	5.2636E-1	1.7151E6	
886	-2.8152E-1	7.4624E2	5.2636E-1	1.7151E6	
887	-2.8152E-1	7.4624E2	5.2636E-1	1.7151E6	
888	-2.8152E-1	7.4624E2	5.2636E-1	1.7151E6	
889	-2.8152E-1	7.4624E2	5.2636E-1	1.7151E6	
890	-2.8152E-1	7.4624E2	5.2636E-1	1.7151E6	
891	-2.8152E-1	7.4624E2	5.2636E-1	1.7151E6	
892	-2.8152E-1	7.4624E2	5.2636E-1	1.7151E6	
893	-2.8152E-1	7.4624E2	5.2636E-1	1.7151E6	
894	-2.8152E-1	7.4624E2	5.2636E-1	1.7151E6	
895	-2.8152E-1	7.4624E2	5.2636E-1	1.7151E6	
896	-2.8152E-1	7.4624E2	5.2636E-1	1.7151E6	
897	-2.8152E-1	7.4624E2	5.2636E-1	1.7151E6	
898	-2.8152E-1	7.4624E2	5.2636E-1	1.7151E6	
899	-2.8152E-1	7.4624E2	5.2636E-1	1.7151E6	
900	-2.8152E-1	7.4624E2	5.2636E-1	1.7151E6	
901	-2.8152E-1	7.4624E2	5.2636E-1	1.7151E6	
902	-2.8152E-1	7.4624E2	5.2636E-1	1.7151E6	
903	-2.8152E-1	7.4624E2	5.2636E-1	1.7151E6	
904	-2.8152E-1	7.4624E2	5.2636E-1	1.7151E6	
905	-2.8152E-1	7.4624E2	5.2636E-1	1.7151E6	
906	-2.8152E-1	7.4624E2	5.2636E-1	1.7151E6	
907	-2.8152E-1	7.4624E2	5.2636E-1	1.7151E6	
908	-2.8152E-1	7.4624E2	5.2636E-1	1.7151E6	
909	-2.8152E-1	7.4624E2	5.2636E-1	1.7151E6	
910	-2.8152E-1	7.4624E2	5.2636E-1	1.7151E6	
911	-2.8152E-1	7.4624E2	5.2636E-1	1.7151E6	
912	-2.8152E-1	7.4624E2	5.2636E-1	1.7151E6	
913	-2.8152E-1	7.4624E2	5.2636E-1	1.7151E6	
914	-2.8152E-1	7.4624E2	5.2636E-1	1.7151E6	
915	-2.8152E-1	7.4624E2	5.2636E-1	1.7151E6	
916	-2.8152E-1	7.4624E2	5.2636E-1	1.7151E6	
917	-2.8152E-1	7.4624E2	5.2636E-1	1.7151E6	
918	-2.8152E-1	7.4624E2	5.2636E-1	1.7151E6	
919	-2.8152E-1	7.4624E2	5.2636E-1	1.7151E6	
920	-2.8152E-1	7.4624E2	5.2636E-1	1.7151E6	
921	-2.8152E-1	7.4624E2	5.2636E-1	1.7151E6	
922	-2.8152E-1	7.4624E2	5.2636E-1	1.7151E6	
923	-2.8152E-1	7.4624E2	5.2636E-1	1.7151E6	
924	-2.8152E-1	7.4624E2	5.2636E-1	1.7151E6	
925	-2.8152E-1	7.4624E2	5.2636E-1	1.7151E6	
926	-2.8152E-1	7.4624E2	5.2636E-1	1.7151E6	
927	-2.8152E-1	7.4624E2	5.2636E-1	1.7151E6	
928	-2.8152E-1	7.4624E2	5.2636E-1	1.7151E6	
929	-2.8152E-1	7.4624E2	5.2636E-1	1.7151E6	
930	-2.8152E-1	7.4624E2	5.2636E-1	1.7151E6	
931	-2.8152E-1	7.4624E2	5.2636E-1	1.7151E6	
932	-2.8152E-1	7.4624E2	5.2636E-1	1.7151E6	
933	-2.8152E-1	7.4624E2	5.2636E-1	1.7151E6	
934	-2.8152E-1	7.4624E2	5.2636E-1	1.7151E6	
935	-2.8152E-1	7.4624E2	5.2636E-1	1.7151E6	
936	-2.8152E-1	7.4624E2	5.2636E-1	1.7151E6	
937	-2.8152E-1	7.4624E2	5.2636E-1	1.7151E6	
938	-2.8152E-1	7.4624E2	5.2636E-1	1.7151E6	
939	-2.8152E-1	7.4624E2	5.2636E-1	1.7151E6	
940	-2.8152E-1	7.4624E2	5.2636E-1	1.7151E6	
941	-2.8152E-1	7.4624E2	5.2636E-1	1.7151E6	
942	-2.8152E-1	7.4624E2	5.2636E-1	1.7151E6	
943	-2.8152E-1	7.4624E2	5.2636E-1	1.7151E6	
944	-2.8152E-1	7.4624E2	5.2636E-1	1.7151E6	
945	-2.8152E-1	7.4624E2	5.2636E-1	1.7151E6	
946	-2.8152E-1	7.4624E2	5.2636E-1	1.7151E6	
947	-2.8152E-1	7.4624E2	5.2636E-1	1.7151E6	
948	-2.8152E-1	7.4624E2	5.2636E-1	1.7151E6	
949	-2.8152E-1	7.4624E2	5.2636E-1	1.7151E6	
950	-2.8152E-1	7.4624E2	5.2636E-1	1.7151E6	
951	-2.8152E-1	7.4624E2	5.2636E-1	1.7151E6	
952	-2.8152E-1	7.4624E2	5.2636E-1	1.7151E6	
953	-2.8152E-1	7.4624E2	5.2636E-1	1.7151E6	
954	-2.8152E-1	7.4624E2	5.2636E-1	1.7151E6	
955	-2.8152E-1	7.4624E2	5.2636E-1	1.7151E6	
956	-2.8152E-1	7.4624E2	5.2636E-1	1.7151E6	
957	-2.8152E-1	7.4624E2	5.2636E-1	1.7151E6	
958	-2.8152E-1	7.4624E2	5.2636E-1	1.7151E6	
959	-2.8152E-1	7.4624E2	5.2636E-1	1.7151E6	
960	-2.8152E-1	7.4624E2	5.2636E-1	1.7151E6	
961	-2.8152E-1	7.4624E2	5.2636E-1	1.7151E6	
962	-2.8152E-1	7.4624E2	5.2636E-1	1.7151E6	
963	-2.8152E-1	7.4624E2	5.2636E-1	1.7151E6	
964	-2.8152E-1	7.4624E2	5.2636E-1	1.7151E6	
965	-2.8152E-1	7.4624E2	5.2636E-1	1.7151E6	
966	-2.8152E-1	7.4624E2	5.2636E-1	1.7151E6	
967	-2.8152E-1	7.4624E2	5.2636E-1	1.7151E6	
968	-2.8152E-1	7.4624E2	5.2636E-1	1.7151E6	
969	-2.8152E-1	7.4624E2	5.2636E-1	1.7151E6	
970	-2.8152E-1	7.4624E2	5.2636E-1	1.7151E6	
971	-2.8152E-1	7.4624E2	5.2636E-1	1.7151E6	
972	-2.8152E-1	7.4624E2	5.2636E-1	1.7151E6	
973	-2.8152E-1	7.4624E2	5.2636E-1	1.7151E6	
974	-2.8152E-1	7.4624E2	5.2636E-1	1.7151E6	
975	-2.8152E-1	7.4624E2	5.2636E-1	1.7151E6	
976	-2.8152E-1	7.4624E2	5.2636E-1	1.7151E6	
977	-2.8152E-1	7.4624E2	5.2636E-1	1.7151E6	
978	-2.8152E-1	7.4624E2	5.2636E-1	1.7151E6	
979	-2.8152E-1	7.4624E2	5.2636E-1	1.7151E6	
980	-2.8152E-1	7.4624E2	5.2636E-1	1.7151E6	
981	-2.8152E-1	7.4624E2	5.2636E-1	1.7151E6	
982	-2.8152E-1	7.4624E2	5.2636E-1	1.7151E6	
983	-2.8152E-1	7.4624E2	5.2636E-1	1.7151E6	
984	-2.8152E-1	7.4624E2	5.2636E-1	1.7151E6	
985	-2.8152E-1	7.4624E2	5.2636E-1	1.7151E6	
986	-2.8152E-1	7.4624E2	5.2636E-1	1.7151E6	
987	-2.8152E-1	7.4624E2	5.2636E-1	1.7151E6	
988	-2.8152E-1	7.4624E2	5.2636E-1	1.7151E6	
989	-2.8152E-1	7.4624E2	5.2636E-1	1.7151E6	
990	-2.8152E-1	7.4624E2	5.2636E-1	1.7151E6	
991	-2.8152E-1	7.4624E2	5.2636E-1	1.7151E6	
992	-2.8152E-1	7.4624E2	5.2636E-1	1.7151E6	
993	-2.8152E-1	7.4624E2	5.2636E-1	1.7151E6	
994	-2.8152E-1	7.4624E2	5.2636E-1	1.7151E6	
995	-2.8152E-1	7.4624E2	5.2636E-1	1.7151E6	
996	-2.8152E-1	7.4624E2	5.2636E-1	1.7151E6	
997	-2.8152E-1	7.4624E2	5.2636E-1	1.7151E6	
998	-2.8152E-1	7.4624E2	5.2636E-1	1.7151E6	
999	-2.8152E-1	7.4624E2	5.2636E-1	1.7151E6	
1000	-2.8152E-1	7.4624E2	5.2636E-1	1.7151E6	
1001	-2.8152E-1	7.4624E2	5.2636E-1	1.7151E6	
1002	-2.8152E-1	7.4624E2	5.2636E-1	1.7151E6	
1003	-2.8152E-1	7.4624E2	5.2636E-1	1.7151E6	
1004	-2.8152E-1	7.4624E2	5.2636E-1	1.7151E6	
1005	-2.8152E-1	7.4624E2	5.2636E-1	1.7151E6	
1006	-2.8152E-1	7.4624E2	5.2636E-1	1.7151E6	
1007	-2.8152E-1	7.4624E2	5.2636E-1	1.7151E6	
1008	-2.8152E-1	7.4624E2	5.2636E-1	1.7151E6	
1009	-2.8152E-1	7.4624E2	5.2636E-1	1.7151E6	
1010	-2.8152E-1	7.4624E2	5.2636E-1	1.7151E6	
1011	-2.8152E-1	7.4624E2	5.2636E-1	1.7151E6	
1012	-2.8152E-1	7.4624E2	5.2636E-1	1.7151E6	
1013	-2.8152E-1	7.4624E2	5.2636E-1	1.7151E6	
1014	-2.8152E-1	7.4624E2	5.2636E-1	1.7151E6	
1015	-2.8152E-1	7.4624E2	5.2636E-1	1.7151E6	
1016	-2.8152E-1	7.4624E2	5.2636E-1	1.7151E6	
1017	-2.8152E-1	7.4624E2	5.2636E-1	1.7151E6	
1018	-2.8152E-1	7.4624E2	5.2636E-1	1.7151E6	
1019	-2.8152E-1	7.4624E2	5.2636E-1	1.7151E6	
1020	-2.8152E-1	7.4624E2	5.2636E-1	1.7151E6	
1021	-2.8152E-1	7.4624E2	5.2636E-1	1.7151E6	
1022	-2.8152E-1	7.4624E2	5.2636E-1	1.7151E6	
1023	-2.8152E-1	7.4624E2	5.2636E-1	1.7151E6	
1024	-2.8152E-1	7.4624E2	5.2636E-1	1.7151E6	
1025	-2.8687E-1	7.3832E2	5.2627E-1	1.7151E6	
1026	-3.2593E-1	6.8035E2	5.2768E-1	1.7173E6	
1027	-3.4981E-1	6.4491E2	5.3038E-1	1.7196E6	
1028	-3.7064E-1	6.1399E2	5.3357E-1	1.7218E6	
1029	-3.8582E-1	5.9146E2	5.3683E-1	1.7240E6	
1030	-4.0573E-1	5.6191E2	5.4046E-1	1.7262E6	
1031	-4.1977E-1	5.4108E2	5.4401E-1	1.7284E6	
1032	-4.3678E-1	5.1583E2	5.4790E-1	1.7307E6	
1033	-4.5059E-1	4.9533E2	5.5197E-1	1.7329E6	
1034	-4.6326E-1	4.7654E2	5.5593E-1	1.7351E6	
1035	-4.7218E-1	4.6329E2	5.5990E-1	1.7373E6	
1036	-4.9171E-1	4.3431E2	5.6414E-1	1.7395E6	
1037	-5.0056E-1	4.2117E2	5.6836E-1	1.7418E6	
1038	-5.1147E-1	4.0498E2	5.7254E-1	1.7440E6	
1039	-5.2383E-1	3.8664E2	5.7684E-1	1.7462E6	
1040	-5.3391E-1	3.7169E2	5.8103E-1	1.7484E6	
1041	-5.5168E-1	3.4531E2	5.8550E-1	1.7506E6	
1042	-5.6129E-1	3.3104E2	5.8987E-1	1.7529E6	
1043	-5.6969E-1	3.1859E2	5.9420E-1	1.7551E6	
1044	-5.7884E-1	3.0500E2	5.9860E-1	1.7573E6	
1045	-5.8929E-1	2.8949E2	6.0308E-1	1.7595E6	
1046	-5.9975E-1	2.7398E2	6.0756E-1	1.7617E6	
1047	-6.0730E-1	2.6277E2	6.1202E-1	1.7640E6	
1048	-6.1470E-1	2.5179E2	6.1651E-1	1.7662E6	
1049	-6.2927E-1	2.3016E2	6.2108E-1	1.7684E6	
1050	-6.3492E-1	2.2178E2	6.2559E-1	1.7706E6	
1051	-6.4926E-1	2.0049E2	6.3020E-1	1.7728E6	
1052	-6.5399E-1	1.9347E2	6.3478E-1	1.7751E6	
1053	-6.6521E-1	1.7683E2	6.3922E-1	1.7773E6	
1054	-6.7574E-1	1.6121E2	6.4383E-1	1.7795E6	
1055	-6.8314E-1	1.5022E2	6.4840E-1	1.7817E6	
1056	-6.9344E-1	1.3494E2	6.5300E-1	1.7839E6	
1057	-6.9817E-1	1.2792E2	6.5765E-1	1.7862E6	
1058	-7.0602E-1	1.1625E2	6.6230E-1	1.7884E6	
1059	-7.1648E-1	1.0074E2	6.6698E-1	1.7906E6	
1060	-7.2525E-1	8.7722E1	6.7170E-1	1.7928E6	
1061	-7.3235E-1	7.7192E1	6.7628E-1	1.7950E6	
1062	-7.4013E-1	6.5643E1	6.8114E-1	1.7973E6	
1063	-7.4730E-1	5.4999E1	6.8571E-1	1.7995E6	
1064	-7.6042E-1	3.5525E1	6.9033E-1	1.8017E6	
1065	-7.6431E-1	2.9750E1	6.9498E-1	1.8039E6	
1066	-7.7156E-1	1.8994E1	6.9961E-1	1.8061E6	
1067	-7.7660E-1	1.1521E1	7.0445E-1	1.8084E6	
1068	-7.8857E-1	-6.2557E0	7.0917E-1	1.8106E6	
1069	-7.9216E-1	-1.1577E1	7.1391E-1	1.8128E6	
1070	-8.0078E-1	-2.4372E1	7.1868E-1	1.8150E6	
1071	-8.0635E-1	-3.2637E1	7.2339E-1	1.8172E6	
1072	-8.1131E-1	-3.9997E1	7.2814E-1	1.8195E6	
1073	-8.1841E-1	-5.0527E1	7.3291E-1	1.8217E6	
1074	-8.2809E-1	-6.4907E1	7.3776E-1	1.8239E6	
1075	-8.3061E-1	-6.8643E1	7.4242E-1	1.8261E6	
1076	-8.3923E-1	-8.1438E1	7.4725E-1	1.8283E6	
1077	-8.4618E-1	-9.1741E1	7.5215E-1	1.8306E6	
1078	-8.4579E-1	-9.1175E1	7.5694E-1	1.8328E6	
1079	-8.5564E-1	-1.0578E2	7.6175E-1	1.8350E6	
1080	-8.5861E-1	-1.1020E2	7.6653E-1	1.8372E6	
1081	-8.6411E-1	-1.1835E2	7.7142E-1	1.8394E6	
1082	-8.6639E-1	-1.2175E2	7.7621E-1	1.8417E6	
1083	-8.7982E-1	-1.4167E2	7.8109E-1	1.8439E6	
1084	-8.7830E-1	-1.3941E2	7.8590E-1	1.8461E6	
1085	-8.8425E-1	-1.4824E2	7.9079E-1	1.8483E6	
1086	-8.9302E-1	-1.6126E2	7.9557E-1	1.8505E6	
1087	-8.9668E-1	-1.6670E2	8.0046E-1	1.8528E6	
1088	-9.0050E-1	-1.7236E2	8.0533E-1	1.8550E6	
1089	-9.0714E-1	-1.8221E2	8.1027E-1	1.8572E6	
1090	-9.0858E-1	-1.8436E2	8.1520E-1	1.8594E6	
1091	-9.1492E-1	-1.9376E2	8.2008E-1	1.8616E6	
1092	-9.1354E-1	-1.9172E2	8.2504E-1	1.8639E6	
1093	-9.1949E-1	-2.0055E2	8.2986E-1	1.8661E6	
1094	-9.2621E-1	-2.1051E2	8.3474E-1	1.8683E6	
1095	-9.2308E-1	-2.0587E2	8.3964E-1	1.8705E6	
1096	-9.2957E-1	-2.1550E2	8.4466E-1	1.8727E6	
1097	-9.2888E-1	-2.1448E2	8.4962E-1	1.8750E6	
1098	-9.3513E-1	-2.2376E2	8.5445E-1	1.8772E6	
1099	-9.3719E-1	-2.2682E2	8.5944E-1	1.8794E6	
1100	-9.4170E-1	-2.3350E2	8.6444E-1	1.8816E6	
1101	-9.4276E-1	-2.3508E2	8.6949E-1	1.8838E6	
1102	-9.4780E-1	-2.4256E2	8.7443E-1	1.8861E6	
1103	-9.4635E-1	-2.4041E2	8.7944E-1	1.8883E6	
1104	-9.5177E-1	-2.4845E2	8.8431E-1	1.8905E6	
1105	-9.5497E-1	-2.5320E2	8.8928E-1	1.8927E6	
1106	-9.5871E-1	-2.5875E2	8.9433E-1	1.8949E6	
1107	-9.5749E-1	-2.5694E2	8.9950E-1	1.8972E6	
1108	-9.6169E-1	-2.6316E2	9.0434E-1	1.8994E6	
1109	-9.5734E-1	-2.5671E2	9.0936E-1	1.9016E6	
1110	-9.6359E-1	-2.6600E2	9.1451E-1	1.9038E6	
1111	-9.6443E-1	-2.6724E2	9.1946E-1	1.9060E6	
1112	-9.6626E-1	-2.6996E2	9.2442E-1	1.9083E6	
1113	-9.6870E-1	-2.7358E2	9.2948E-1	1.9105E6	
1114	-9.7527E-1	-2.8332E2	9.3457E-1	1.9127E6	
1115	-9.7466E-1	-2.8241E2	9.3958E-1	1.9149E6	
1116	-9.7618E-1	-2.8468E2	9.4464E-1	1.9171E6	
1117	-9.8122E-1	-2.9215E2	9.4971E-1	1.9194E6	
1118	-9.8244E-1	-2.9396E2	9.5482E-1	1.9216E6	
1119	-9.8663E-1	-3.0019E2	9.5990E-1	1.9238E6	
1120	-9.8625E-1	-2.9962E2	9.6492E-1	1.9260E6	
1121	-9.8824E-1	-3.0257E2	9.7009E-1	1.9282E6	
1122	-9.9052E-1	-3.0596E2	9.7510E-1	1.9305E6	
1123	-9.9152E-1	-3.0744E2	9.8021E-1	1.9327E6	
1124	-9.9480E-1	-3.1230E2	9.8531E-1	1.9349E6	
1125	-9.9556E-1	-3.1344E2	9.9045E-1	1.9371E6	
1126	-9.9670E-1	-3.1514E2	9.9562E-1	1.9393E6	
1127	-9.9815E-1	-3.1729E2	1.0007E0	1.9416E6	
1128	-9.9762E-1	-3.1649E2	1.0058E0	1.9438E6	
1129	-9.9854E-1	-3.1785E2	1.0110E0	1.9460E6	
1130	-9.9808E-1	-3.1717E2	1.0162E0	1.9482E6	
1131	-1.0014E0	-3.2204E2	1.0213E0	1.9504E6	
1132	-1.0015E0	-3.2227E2	1.0264E0	1.9527E6	
1133	-1.0046E0	-3.2680E2	1.0316E0	1.9549E6	
1134	-1.0077E0	-3.3144E2	1.0367E0	1.9571E6	
1135	-1.0076E0	-3.3133E2	1.0419E0	1.9593E6	
1136	-1.0072E0	-3.3076E2	1.0470E0	1.9615E6	
1137	-1.0098E0	-3.3461E2	1.0522E0	1.9638E6	
1138	-1.0129E0	-3.3914E2	1.0574E0	1.9660E6	
1139	-1.0097E0	-3.3438E2	1.0626E0	1.9682E6	
1140	-1.0117E0	-3.3744E2	1.0678E0	1.9704E6	
1141	-1.0108E0	-3.3608E2	1.0730E0	1.9726E6	
1142	-1.0106E0	-3.3574E2	1.0783E0	1.9749E6	
1143	-1.0152E0	-3.4254E2	1.0835E0	1.9771E6	
1144	-1.0130E0	-3.3937E2	1.0887E0	1.9793E6	
1145	-1.0125E0	-3.3857E2	1.0939E0	1.9815E6	
1146	-1.0133E0	-3.3982E2	1.0991E0	1.9837E6	
1147	-1.0156E0	-3.4322E2	1.1044E0	1.9860E6	
1148	-1.0165E0	-3.4457E2	1.1096E0	1.9882E6	
1149	-1.0163E0	-3.4423E2	1.1148E0	1.9904E6	
1150	-1.0202E0	-3.5001E2	1.1201E0	1.9926E6	
1151	-1.0142E0	-3.4106E2	1.1255E0	1.9948E6	
1152	-1.0201E0	-3.4978E2	1.1307E0	1.9971E6	
1153	-1.0164E0	-3.4435E2	1.1359E0	1.9993E6	
1154	-1.0140E0	-3.4084E2	1.1412E0	2.0015E6	
1155	-1.0142E0	-3.4106E2	1.1466E0	2.0037E6	
1156	-1.0195E0	-3.4899E2	1.1517E0	2.0059E6	
1157	-1.0151E0	-3.4242E2	1.1571E0	2.0082E6	
1158	-1.0143E0	-3.4129E2	1.1623E0	2.0104E6	
1159	-1.0106E0	-3.3574E2	1.1676E0	2.0126E6	
1160	-1.0085E0	-3.3257E2	1.1731E0	2.0148E6	
1161	-1.0079E0	-3.3178E2	1.1783E0	2.0170E6	
1162	-1.0045E0	-3.2668E2	1.1836E0	2.0193E6	
1163	-1.0056E0	-3.2838E2	1.1889E0	2.0215E6	
1164	-1.0014E0	-3.2216E2	1.1942E0	2.0237E6	
1165	-9.9785E-1	-3.1683E2	1.1996E0	2.0259E6	
1166	-9.9525E-1	-3.1298E2	1.2049E0	2.0281E6	
1167	-9.9243E-1	-3.0879E2	1.2103E0	2.0304E6	
1168	-9.9266E-1	-3.0913E2	1.2156E0	2.0326E6	
1169	-9.8793E-1	-3.0211E2	1.2209E0	2.0348E6	
1170	-9.8755E-1	-3.0155E2	1.2263E0	2.0370E6	
1171	-9.8511E-1	-2.9793E2	1.2317E0	2.0392E6	
1172	-9.8053E-1	-2.9113E2	1.2371E0	2.0415E6	
1173	-9.7717E-1	-2.8615E2	1.2424E0	2.0437E6	
1174	-9.7313E-1	-2.8015E2	1.2478E0	2.0459E6	
1175	-9.7061E-1	-2.7641E2	1.2533E0	2.0481E6	
1176	-9.6962E-1	-2.7494E2	1.2587E0	2.0503E6	
1177	-9.6649E-1	-2.7030E2	1.2640E0	2.0526E6	
1178	-9.6519E-1	-2.6837E2	1.2695E0	2.0548E6	
1179	-9.6344E-1	-2.6577E2	1.2749E0	2.0570E6	
1180	-9.6497E-1	-2.6803E2	1.2803E0	2.0592E6	
1181	-9.6146E-1	-2.6283E2	1.2857E0	2.0614E6	
1182	-9.5917E-1	-2.5943E2	1.2911E0	2.0637E6	
1183	-9.5856E-1	-2.5852E2	1.2966E0	2.0659E6	
1184	-9.5848E-1	-2.5841E2	1.3021E0	2.0681E6	
1185	-9.5528E-1	-2.5365E2	1.3074E0	2.0703E6	
1186	-9.5490E-1	-2.5309E2	1.3129E0	2.0725E6	
1187	-9.5085E-1	-2.4709E2	1.3184E0	2.0748E6	
1188	-9.4849E-1	-2.4358E2	1.3238E0	2.0770E6	
1189	-9.4421E-1	-2.3724E2	1.3293E0	2.0792E6	
1190	-9.4604E-1	-2.3995E2	1.3347E0	2.0814E6	
1191	-9.4185E-1	-2.3373E2	1.3402E0	2.0836E6	
1192	-9.3864E-1	-2.2897E2	1.3457E0	2.0859E6	
1193	-9.3010E-1	-2.1629E2	1.3512E0	2.0881E6	
1194	-9.2529E-1	-2.0916E2	1.3567E0	2.0903E6	
1195	-9.1469E-1	-1.9342E2	1.3622E0	2.0925E6	
1196	-8.6174E-1	-1.1484E2	1.3677E0	2.0947E6	
1197	-8.1169E-1	-4.0563E1	1.3731E0	2.0970E6	
1198	-6.7406E-1	1.6370E2	1.3787E0	2.0992E6	
1199	-6.5926E-1	1.8566E2	1.3841E0	2.1014E6	
1200	-6.5628E-1	1.9008E2	1.3897E0	2.1036E6	
1201	-6.5750E-1	1.8827E2	1.3953E0	2.1058E6	
1202	-6.5834E-1	1.8702E2	1.4009E0	2.1081E6	
1203	-6.5887E-1	1.8623E2	1.4063E0	2.1103E6	
1204	-6.5475E-1	1.9234E2	1.4118E0	2.1125E6	
1205	-6.5521E-1	1.9166E2	1.4173E0	2.1147E6	
1206	-6.5926E-1	1.8566E2	1.4229E0	2.1169E6	
1207	-6.5887E-1	1.8623E2	1.4285E0	2.1192E6	
1208	-6.5948E-1	1.8532E2	1.4340E0	2.1214E6	
1209	-6.5941E-1	1.8544E2	1.4396E0	2.1236E6	
1210	-6.5834E-1	1.8702E2	1.4453E0	2.1258E6	
1211	-6.5887E-1	1.8623E2	1.4507E0	2.1280E6	
1212	-6.6032E-1	1.8408E2	1.4564E0	2.1303E6	
1213	-6.6124E-1	1.8272E2	1.4619E0	2.1325E6	
1214	-6.5948E-1	1.8532E2	1.4676E0	2.1347E6	
1215	-6.6170E-1	1.8204E2	1.4731E0	2.1369E6	
1216	-6.5849E-1	1.8679E2	1.4787E0	2.1391E6	
1217	-6.5956E-1	1.8521E2	1.4843E0	2.1414E6	
1218	-6.6086E-1	1.8328E2	1.4899E0	2.1436E6	
1219	-6.6147E-1	1.8238E2	1.4955E0	2.1458E6	
1220	-6.5979E-1	1.8487E2	1.5012E0	2.1480E6	
1221	-6.5903E-1	1.8600E2	1.5068E0	2.1502E6	
1222	-6.6322E-1	1.7977E2	1.5125E0	2.1525E6	
1223	-6.5979E-1	1.8487E2	1.5181E0	2.1547E6	
1224	-6.6200E-1	1.8159E2	1.5238E0	2.1569E6	
1225	-6.6422E-1	1.7830E2	1.5294E0	2.1591E6	
1226	-6.6010E-1	1.8442E2	1.5350E0	2.1613E6	
1227	-6.6193E-1	1.8170E2	1.5408E0	2.1636E6	
1228	-6.6429E-1	1.7819E2	1.5464E0	2.1658E6	
1229	-6.6208E-1	1.8147E2	1.5520E0	2.1680E6	
1230	-6.6574E-1	1.7604E2	1.5576E0	2.1702E6	
1231	-6.6231E-1	1.8113E2	1.5633E0	2.1724E6	
1232	-6.6208E-1	1.8147E2	1.5691E0	2.1747E6	
1233	-6.6139E-1	1.8249E2	1.5747E0	2.1769E6	
1234	-6.6528E-1	1.7672E2	1.5804E0	2.1791E6	
1235	-6.6277E-1	1.8045E2	1.5860E0	2.1813E6	
1236	-6.6582E-1	1.7592E2	1.5918E0	2.1835E6	
1237	-6.6444E-1	1.7796E2	1.5975E0	2.1858E6	
1238	-6.6582E-1	1.7592E2	1.6032E0	2.1880E6	
1239	-6.6582E-1	1.7592E2	1.6089E0	2.1902E6	
1240	-6.6566E-1	1.7615E2	1.6146E0	2.1924E6	
1241	-6.6483E-1	1.7740E2	1.6202E0	2.1946E6	
1242	-6.6765E-1	1.7321E2	1.6260E0	2.1969E6	
1243	-6.6559E-1	1.7626E2	1.6318E0	2.1991E6	
1244	-6.6696E-1	1.7423E2	1.6376E0	2.2013E6	
1245	-6.6734E-1	1.7366E2	1.6432E0	2.2035E6	
1246	-6.6391E-1	1.7876E2	1.6490E0	2.2057E6	
1247	-6.6727E-1	1.7377E2	1.6548E0	2.2080E6	
1248	-6.6635E-1	1.7513E2	1.6605E0	2.2102E6	
1249	-6.6612E-1	1.7547E2	1.6663E0	2.2124E6	
1250	-6.6681E-1	1.7445E2	1.6720E0	2.2146E6	
1251	-6.6711E-1	1.7400E2	1.6778E0	2.2168E6	
1252	-6.6681E-1	1.7445E2	1.6836E0	2.2191E6	
1253	-6.6666E-1	1.7468E2	1.6893E0	2.2213E6	
1254	-6.6849E-1	1.7196E2	1.6952E0	2.2235E6	
1255	-6.6566E-1	1.7615E2	1.7009E0	2.2257E6	
1256	-6.6689E-1	1.7434E2	1.7067E0	2.2279E6	
1257	-6.6727E-1	1.7377E2	1.7124E0	2.2302E6	
1258	-6.6826E-1	1.7230E2	1.7182E0	2.2324E6	
1259	-6.6757E-1	1.7332E2	1.7242E0	2.2346E6	
1260	-6.6765E-1	1.7321E2	1.7299E0	2.2368E6	
1261	-6.6628E-1	1.7525E2	1.7357E0	2.2390E6	
1262	-6.6727E-1	1.7377E2	1.7415E0	2.2413E6	
1263	-6.6902E-1	1.7117E2	1.7473E0	2.2435E6	
1264	-6.6872E-1	1.7162E2	1.7532E0	2.2457E6	
1265	-6.6750E-1	1.7343E2	1.7590E0	2.2479E6	
1266	-6.6963E-1	1.7026E2	1.7649E0	2.2501E6	
1267	-6.6772E-1	1.7309E2	1.7707E0	2.2524E6	
1268	-6.6750E-1	1.7343E2	1.7766E0	2.2546E6	
1269	-6.6879E-1	1.7151E2	1.7823E0	2.2568E6	
1270	-6.6956E-1	1.7038E2	1.7882E0	2.2590E6	
1271	-6.6864E-1	1.7174E2	1.7940E0	2.2612E6	
1272	-6.6933E-1	1.7072E2	1.7998E0	2.2635E6	
1273	-6.6994E-1	1.6981E2	1.8058E0	2.2657E6	
1274	-6.7093E-1	1.6834E2	1.8116E0	2.2679E6	
1275	-6.6902E-1	1.7117E2	1.8175E0	2.2701E6	
1276	-6.7200E-1	1.6675E2	1.8233E0	2.2723E6	
1277	-6.7139E-1	1.6766E2	1.8293E0	2.2746E6	
1278	-6.7017E-1	1.6947E2	1.8350E0	2.2768E6	
1279	-6.7291E-1	1.6539E2	1.8410E0	2.2790E6	
1280	-6.7207E-1	1.6664E2	1.8469E0	2.2812E6	
1281	-6.7299E-1	1.6528E2	1.8528E0	2.2834E6	
1282	-6.7314E-1	1.6505E2	1.8587E0	2.2857E6	
1283	-6.7314E-1	1.6505E2	1.8646E0	2.2879E6	
1284	-6.7307E-1	1.6517E2	1.8705E0	2.2901E6	
1285	-6.7307E-1	1.6517E2	1.8764E0	2.2923E6	
1286	-6.7444E-1	1.6313E2	1.8824E0	2.2945E6	
1287	-6.7215E-1	1.6653E2	1.8883E0	2.2968E6	
1288	-6.7207E-1	1.6664E2	1.8942E0	2.2990E6	
1289	-6.7009E-1	1.6958E2	1.9002E0	2.3012E6	
1290	-6.7207E-1	1.6664E2	1.9061E0	2.3034E6	
1291	-6.7368E-1	1.6426E2	1.9121E0	2.3056E6	
1292	-6.7520E-1	1.6200E2	1.9180E0	2.3079E6	
1293	-6.7635E-1	1.6030E2	1.9239E0	2.3101E6	
1294	-6.7520E-1	1.6200E2	1.9299E0	2.3123E6	
1295	-6.7238E-1	1.6619E2	1.9358E0	2.3145E6	
1296	-6.7551E-1	1.6154E2	1.9418E0	2.3167E6	
1297	-6.7619E-1	1.6053E2	1.9479E0	2.3190E6	
1298	-6.7635E-1	1.6030E2	1.9537E0	2.3212E6	
1299	-6.7497E-1	1.6234E2	1.9597E0	2.3234E6	
1300	-6.7581E-1	1.6109E2	1.9657E0	2.3256E6	
1301	-6.7612E-1	1.6064E2	1.9717E0	2.3278E6	
1302	-6.7436E-1	1.6324E2	1.9777E0	2.3301E6	
1303	-6.7497E-1	1.6234E2	1.9838E0	2.3323E6	
1304	-6.7818E-1	1.5758E2	1.9898E0	2.3345E6	
1305	-6.7696E-1	1.5939E2	1.9957E0	2.3367E6	
1306	-6.7589E-1	1.6098E2	2.0017E0	2.3389E6	
1307	-6.7902E-1	1.5634E2	2.0078E0	2.3412E6	
1308	-6.7368E-1	1.6426E2	2.0138E0	2.3434E6	
1309	-6.8016E-1	1.5464E2	2.0197E0	2.3456E6	
1310	-6.7734E-1	1.5883E2	2.0258E0	2.3478E6	
1311	-6.7734E-1	1.5883E2	2.0319E0	2.3500E6	
1312	-6.7513E-1	1.6211E2	2.0379E0	2.3523E6	
1313	-6.7947E-1	1.5566E2	2.0440E0	2.3545E6	
1314	-6.8001E-1	1.5486E2	2.0500E0	2.3567E6	
1315	-6.7841E-1	1.5724E2	2.0561E0	2.3589E6	
1316	-6.7902E-1	1.5634E2	2.0622E0	2.3611E6	
1317	-6.8161E-1	1.5249E2	2.0682E0	2.3634E6	
1318	-6.7642E-1	1.6019E2	2.0743E0	2.3656E6	
1319	-6.7810E-1	1.5770E2	2.0804E0	2.3678E6	
1320	-6.8092E-1	1.5351E2	2.0864E0	2.3700E6	
1321	-6.8214E-1	1.5169E2	2.0926E0	2.3722E6	
1322	-6.8069E-1	1.5385E2	2.0986E0	2.3745E6	
1323	-6.8092E-1	1.5351E2	2.1046E0	2.3767E6	
1324	-6.7955E-1	1.5554E2	2.1108E0	2.3789E6	
1325	-6.8024E-1	1.5452E2	2.1169E0	2.3811E6	
1326	-6.8024E-1	1.5452E2	2.1231E0	2.3833E6	
1327	-6.8069E-1	1.5385E2	2.1291E0	2.3856E6	
1328	-6.8321E-1	1.5011E2	2.1353E0	2.3878E6	
1329	-6.8222E-1	1.5158E2	2.1415E0	2.3900E6	
1330	-6.8115E-1	1.5317E2	2.1476E0	2.3922E6	
1331	-6.8108E-1	1.5328E2	2.1537E0	2.3944E6	
1332	-6.8161E-1	1.5249E2	2.1598E0	2.3967E6	
1333	-6.8092E-1	1.5351E2	2.1660E0	2.3989E6	
1334	-6.8314E-1	1.5022E2	2.1721E0	2.4011E6	
1335	-6.8069E-1	1.5385E2	2.1783E0	2.4033E6	
1336	-6.8367E-1	1.4943E2	2.1845E0	2.4055E6	
1337	-6.8237E-1	1.5135E2	2.1906E0	2.4078E6	
1338	-6.8176E-1	1.5226E2	2.1968E0	2.4100E6	
1339	-6.8428E-1	1.4852E2	2.2030E0	2.4122E6	
1340	-6.8390E-1	1.4909E2	2.2091E0	2.4144E6	
1341	-6.8359E-1	1.4954E2	2.2154E0	2.4166E6	
1342	-6.8169E-1	1.5237E2	2.2216E0	2.4189E6	
1343	-6.8558E-1	1.4660E2	2.2278E0	2.4211E6	
1344	-6.8398E-1	1.4898E2	2.2340E0	2.4233E6	
1345	-6.8352E-1	1.4966E2	2.2402E0	2.4255E6	
1346	-6.8565E-1	1.4649E2	2.2463E0	2.4277E6	
1347	-6.8512E-1	1.4728E2	2.2525E0	2.4300E6	
1348	-6.8497E-1	1.4750E2	2.2588E0	2.4322E6	
1349	-6.8649E-1	1.4524E2	2.2650E0	2.4344E6	
1350	-6.8703E-1	1.4445E2	2.2711E0	2.4366E6	
1351	-6.8611E-1	1.4581E2	2.2774E0	2.4388E6	
1352	-6.8520E-1	1.4717E2	2.2836E0	2.4411E6	
1353	-6.8604E-1	1.4592E2	2.2899E0	2.4433E6	
1354	-6.8649E-1	1.4524E2	2.2961E0	2.4455E6	
1355	-6.8512E-1	1.4728E2	2.3025E0	2.4477E6	
1356	-6.8733E-1	1.4399E2	2.3087E0	2.4499E6	
1357	-6.8504E-1	1.4739E2	2.3150E0	2.4522E6	
1358	-6.8817E-1	1.4275E2	2.3211E0	2.4544E6	
1359	-6.8825E-1	1.4264E2	2.3273E0	2.4566E6	
1360	-6.8771E-1	1.4343E2	2.3337E0	2.4588E6	
1361	-6.9008E-1	1.3992E2	2.3400E0	2.4610E6	
1362	-6.8649E-1	1.4524E2	2.3462E0	2.4633E6	
1363	-6.8947E-1	1.4082E2	2.3525E0	2.4655E6	
1364	-6.8764E-1	1.4354E2	2.3588E0	2.4677E6	
1365	-6.8970E-1	1.4048E2	2.3650E0	2.4699E6	
1366	-6.8779E-1	1.4332E2	2.3713E0	2.4721E6	
1367	-6.9031E-1	1.3958E2	2.3776E0	2.4744E6	
1368	-6.9038E-1	1.3947E2	2.3840E0	2.4766E6	
1369	-6.8687E-1	1.4467E2	2.3902E0	2.4788E6	
1370	-6.8993E-1	1.4015E2	2.3966E0	2.4810E6	
1371	-6.8985E-1	1.4026E2	2.4030E0	2.4832E6	
1372	-6.9092E-1	1.3867E2	2.4091E0	2.4855E6	
1373	-6.9107E-1	1.3845E2	2.4155E0	2.4877E6	
1374	-6.9206E-1	1.3697E2	2.4218E0	2.4899E6	
1375	-6.9023E-1	1.3969E2	2.4281E0	2.4921E6	
1376	-6.9252E-1	1.3630E2	2.4346E0	2.4943E6	
1377	-6.9267E-1	1.3607E2	2.4410E0	2.4966E6	
1378	-6.9199E-1	1.3709E2	2.4473E0	2.4988E6	
1379	-6.9313E-1	1.3539E2	2.4536E0	2.5010E6	
1380	-6.9420E-1	1.3380E2	2.4600E0	2.5032E6	
1381	-6.9160E-1	1.3765E2	2.4664E0	2.5054E6	
1382	-6.9191E-1	1.3720E2	2.4727E0	2.5077E6	
1383	-6.9359E-1	1.3471E2	2.4791E0	2.5099E6	
1384	-6.9351E-1	1.3482E2	2.4855E0	2.5121E6	
1385	-6.9389E-1	1.3426E2	2.4919E0	2.5143E6	
1386	-6.9168E-1	1.3754E2	2.4984E0	2.5165E6	
1387	-6.9466E-1	1.3313E2	2.5046E0	2.5188E6	
1388	-6.9290E-1	1.3573E2	2.5110E0	2.5210E6	
1389	-6.9466E-1	1.3313E2	2.5174E0	2.5232E6	
1390	-6.9374E-1	1.3448E2	2.5239E0	2.5254E6	
1391	-6.9366E-1	1.3460E2	2.5302E0	2.5276E6	
1392	-6.9427E-1	1.3369E2	2.5367E0	2.5299E6	
1393	-6.9435E-1	1.3358E2	2.5430E0	2.5321E6	
1394	-6.9321E-1	1.3528E2	2.5495E0	2.5343E6	
1395	-6.9466E-1	1.3313E2	2.5559E0	2.5365E6	
1396	-6.9130E-1	1.3811E2	2.5623E0	2.5387E6	
1397	-6.9679E-1	1.2995E2	2.5688E0	2.5410E6	
1398	-6.9496E-1	1.3267E2	2.5752E0	2.5432E6	
1399	-6.9618E-1	1.3086E2	2.5816E0	2.5454E6	
1400	-6.9748E-1	1.2894E2	2.5881E0	2.5476E6	
1401	-6.9473E-1	1.3301E2	2.5945E0	2.5498E6	
1402	-6.9626E-1	1.3075E2	2.6009E0	2.5521E6	
1403	-6.9511E-1	1.3245E2	2.6074E0	2.5543E6	
1404	-6.9672E-1	1.3007E2	2.6140E0	2.5565E6	
1405	-6.9824E-1	1.2780E2	2.6205E0	2.5587E6	
1406	-6.9778E-1	1.2848E2	2.6270E0	2.5609E6	
1407	-6.9717E-1	1.2939E2	2.6333E0	2.5632E6	
1408	-6.9618E-1	1.3086E2	2.6398E0	2.5654E6	
1409	-6.9748E-1	1.2894E2	2.6463E0	2.5676E6	
1410	-6.9763E-1	1.2871E2	2.6528E0	2.5698E6	
1411	-6.9519E-1	1.3233E2	2.6593E0	2.5720E6	
1412	-6.9511E-1	1.3245E2	2.6658E0	2.5743E6	
1413	-6.9733E-1	1.2916E2	2.6724E0	2.5765E6	
1414	-6.9763E-1	1.2871E2	2.6788E0	2.5787E6	
1415	-6.9977E-1	1.2554E2	2.6854E0	2.5809E6	
1416	-6.9847E-1	1.2746E2	2.6919E0	2.5831E6	
1417	-6.9878E-1	1.2701E2	2.6984E0	2.5854E6	
1418	-6.9794E-1	1.2826E2	2.7048E0	2.5876E6	
1419	-7.0114E-1	1.2350E2	2.7114E0	2.5898E6	
1420	-6.9870E-1	1.2712E2	2.7178E0	2.5920E6	
1421	-7.0076E-1	1.2407E2	2.7245E0	2.5942E6	
1422	-6.9878E-1	1.2701E2	2.7310E0	2.5965E6	
1423	-7.0129E-1	1.2327E2	2.7376E0	2.5987E6	
1424	-7.0122E-1	1.2339E2	2.7441E0	2.6009E6	
1425	-7.0099E-1	1.2373E2	2.7506E0	2.6031E6	
1426	-7.0099E-1	1.2373E2	2.7571E0	2.6053E6	
1427	-7.0229E-1	1.2180E2	2.7639E0	2.6076E6	
1428	-6.9931E-1	1.2622E2	2.7704E0	2.6098E6	
1429	-6.9916E-1	1.2644E2	2.7771E0	2.6120E6	
1430	-7.0084E-1	1.2395E2	2.7835E0	2.6142E6	
1431	-7.0229E-1	1.2180E2	2.7901E0	2.6164E6	
1432	-7.0145E-1	1.2305E2	2.7967E0	2.6187E6	
1433	-7.0259E-1	1.2135E2	2.8033E0	2.6209E6	
1434	-7.0160E-1	1.2282E2	2.8099E0	2.6231E6	
1435	-7.0351E-1	1.1999E2	2.8164E0	2.6253E6	
1436	-7.0480E-1	1.1807E2	2.8230E0	2.6275E6	
1437	-7.0358E-1	1.1988E2	2.8297E0	2.6298E6	
1438	-7.0496E-1	1.1784E2	2.8362E0	2.6320E6	
1439	-7.0259E-1	1.2135E2	2.8429E0	2.6342E6	
1440	-7.0709E-1	1.1467E2	2.8494E0	2.6364E6	
1441	-7.0595E-1	1.1637E2	2.8561E0	2.6386E6	
1442	-7.0358E-1	1.1988E2	2.8628E0	2.6409E6	
1443	-7.0427E-1	1.1886E2	2.8693E0	2.6431E6	
1444	-7.0496E-1	1.1784E2	2.8761E0	2.6453E6	
1445	-7.0564E-1	1.1682E2	2.8827E0	2.6475E6	
1446	-7.0702E-1	1.1478E2	2.8893E0	2.6497E6	
1447	-7.0686E-1	1.1501E2	2.8959E0	2.6520E6	
1448	-7.0503E-1	1.1773E2	2.9025E0	2.6542E6	
1449	-7.0816E-1	1.1308E2	2.9092E0	2.6564E6	
1450	-7.0580E-1	1.1659E2	2.9158E0	2.6586E6	
1451	-7.0747E-1	1.1410E2	2.9226E0	2.6608E6	
1452	-7.0824E-1	1.1297E2	2.9292E0	2.6631E6	
1453	-7.0732E-1	1.1433E2	2.9359E0	2.6653E6	
1454	-7.0877E-1	1.1218E2	2.9426E0	2.6675E6	
1455	-7.0793E-1	1.1342E2	2.9493E0	2.6697E6	
1456	-7.0908E-1	1.1173E2	2.9559E0	2.6719E6	
1457	-7.0892E-1	1.1195E2	2.9625E0	2.6742E6	
1458	-7.0984E-1	1.1059E2	2.9693E0	2.6764E6	
1459	-7.0953E-1	1.1105E2	2.9760E0	2.6786E6	
1460	-7.0801E-1	1.1331E2	2.9827E0	2.6808E6	
1461	-7.0915E-1	1.1161E2	2.9894E0	2.6830E6	
1462	-7.1014E-1	1.1014E2	2.9961E0	2.6853E6	
1463	-7.0663E-1	1.1535E2	3.0028E0	2.6875E6	
1464	-7.0915E-1	1.1161E2	3.0095E0	2.6897E6	
1465	-7.1045E-1	1.0969E2	3.0162E0	2.6919E6	
1466	-7.1007E-1	1.1025E2	3.0229E0	2.6941E6	
1467	-7.1083E-1	1.0912E2	3.0297E0	2.6964E6	
1468	-7.1045E-1	1.0969E2	3.0363E0	2.6986E6	
1469	-7.1136E-1	1.0833E2	3.0431E0	2.7008E6	
1470	-7.0992E-1	1.1048E2	3.0498E0	2.7030E6	
1471	-7.1152E-1	1.0810E2	3.0567E0	2.7052E6	
1472	-7.0885E-1	1.1207E2	3.0634E0	2.7075E6	
1473	-7.1159E-1	1.0799E2	3.0701E0	2.7097E6	
1474	-7.0969E-1	1.1082E2	3.0768E0	2.7119E6	
1475	-7.1228E-1	1.0697E2	3.0835E0	2.7141E6	
1476	-7.1190E-1	1.0754E2	3.0904E0	2.7163E6	
1477	-7.1068E-1	1.0935E2	3.0971E0	2.7186E6	
1478	-7.1480E-1	1.0323E2	3.1038E0	2.7208E6	
1479	-7.1068E-1	1.0935E2	3.1107E0	2.7230E6	
1480	-7.1182E-1	1.0765E2	3.1174E0	2.7252E6	
1481	-7.1190E-1	1.0754E2	3.1242E0	2.7274E6	
1482	-7.1381E-1	1.0471E2	3.1310E0	2.7297E6	
1483	-7.1365E-1	1.0493E2	3.1378E0	2.7319E6	
1484	-7.1312E-1	1.0572E2	3.1446E0	2.7341E6	
1485	-7.1297E-1	1.0595E2	3.1514E0	2.7363E6	
1486	-7.1259E-1	1.0652E2	3.1581E0	2.7385E6	
1487	-7.1281E-1	1.0618E2	3.1651E0	2.7408E6	
1488	-7.1526E-1	1.0255E2	3.1717E0	2.7430E6	
1489	-7.1259E-1	1.0652E2	3.1785E0	2.7452E6	
1490	-7.1404E-1	1.0437E2	3.1855E0	2.7474E6	
1491	-7.1541E-1	1.0233E2	3.1923E0	2.7496E6	
1492	-7.1457E-1	1.0357E2	3.1991E0	2.7519E6	
1493	-7.1709E-1	9.9837E1	3.2060E0	2.7541E6	
1494	-7.1701E-1	9.9950E1	3.2127E0	2.7563E6	
1495	-7.1625E-1	1.0108E2	3.2196E0	2.7585E6	
1496	-7.1556E-1	1.0210E2	3.2264E0	2.7607E6	
1497	-7.1358E-1	1.0505E2	3.2333E0	2.7630E6	
1498	-7.1754E-1	9.9157E1	3.2400E0	2.7652E6	
1499	-7.1426E-1	1.0403E2	3.2469E0	2.7674E6	
1500	-7.1617E-1	1.0120E2	3.2538E0	2.7696E6	
1501	-7.1724E-1	9.9610E1	3.2606E0	2.7718E6	
1502	-7.1815E-1	9.8252E1	3.2675E0	2.7741E6	
1503	-7.1953E-1	9.6214E1	3.2744E0	2.7763E6	
1504	-7.1747E-1	9.9271E1	3.2812E0	2.7785E6	
1505	-7.1800E-1	9.8478E1	3.2881E0	2.7807E6	
1506	-7.1861E-1	9.7572E1	3.2950E0	2.7829E6	
1507	-7.1907E-1	9.6893E1	3.3019E0	2.7852E6	
1508	-7.1869E-1	9.7459E1	3.3087E0	2.7874E6	
1509	-7.1877E-1	9.7346E1	3.3156E0	2.7896E6	
1510	-7.2044E-1	9.4855E1	3.3225E0	2.7918E6	
1511	-7.1930E-1	9.6553E1	3.3295E0	2.7940E6	
1512	-7.1999E-1	9.5534E1	3.3363E0	2.7963E6	
1513	-7.2357E-1	9.0213E1	3.3432E0	2.7985E6	
1514	-7.2380E-1	8.9873E1	3.3501E0	2.8007E6	
1515	-7.1953E-1	9.6214E1	3.3569E0	2.8029E6	
1516	-7.2151E-1	9.3270E1	3.3639E0	2.8051E6	
1517	-7.2304E-1	9.1005E1	3.3709E0	2.8074E6	
1518	-7.2044E-1	9.4855E1	3.3778E0	2.8096E6	
1519	-7.2220E-1	9.2251E1	3.3848E0	2.8118E6	
1520	-7.2021E-1	9.5195E1	3.3916E0	2.8140E6	
1521	-7.2350E-1	9.0326E1	3.3986E0	2.8162E6	
1522	-7.2098E-1	9.4062E1	3.4055E0	2.8185E6	
1523	-7.2121E-1	9.3723E1	3.4125E0	2.8207E6	
1524	-7.1953E-1	9.6214E1	3.4195E0	2.8229E6	
1525	-7.2502E-1	8.8061E1	3.4263E0	2.8251E6	
1526	-7.2083E-1	9.4289E1	3.4333E0	2.8273E6	
1527	-7.2151E-1	9.3270E1	3.4403E0	2.8296E6	
1528	-7.2273E-1	9.1458E1	3.4472E0	2.8318E6	
1529	-7.2540E-1	8.7495E1	3.4542E0	2.8340E6	
1530	-7.2273E-1	9.1458E1	3.4612E0	2.8362E6	
1531	-7.2655E-1	8.5797E1	3.4681E0	2.8384E6	
1532	-7.2510E-1	8.7948E1	3.4751E0	2.8407E6	
1533	-7.2517E-1	8.7835E1	3.4821E0	2.8429E6	
1534	-7.2433E-1	8.9080E1	3.4890E0	2.8451E6	
1535	-7.2304E-1	9.1005E1	3.4960E0	2.8473E6	
1536	-7.2342E-1	9.0439E1	3.5029E0	2.8495E6	
1537	-7.2372E-1	8.9986E1	3.5101E0	2.8518E6	
1538	-7.2517E-1	8.7835E1	3.5170E0	2.8540E6	
1539	-7.2433E-1	8.9080E1	3.5240E0	2.8562E6	
1540	-7.2281E-1	9.1345E1	3.5311E0	2.8584E6	
1541	-7.2586E-1	8.6816E1	3.5380E0	2.8606E6	
1542	-7.2403E-1	8.9533E1	3.5451E0	2.8629E6	
1543	-7.2594E-1	8.6703E1	3.5521E0	2.8651E6	
1544	-7.2754E-1	8.4325E1	3.5591E0	2.8673E6	
1545	-7.2678E-1	8.5457E1	3.5661E0	2.8695E6	
1546	-7.2800E-1	8.3646E1	3.5731E0	2.8717E6	
1547	-7.2655E-1	8.5797E1	3.5802E0	2.8740E6	
1548	-7.2754E-1	8.4325E1	3.5872E0	2.8762E6	
1549	-7.2731E-1	8.4665E1	3.5943E0	2.8784E6	
1550	-7.2479E-1	8.8401E1	3.6013E0	2.8806E6	
1551	-7.2433E-1	8.9080E1	3.6083E0	2.8828E6	
1552	-7.2899E-1	8.2174E1	3.6154E0	2.8851E6	
1553	-7.2952E-1	8.1381E1	3.6224E0	2.8873E6	
1554	-7.2914E-1	8.1947E1	3.6294E0	2.8895E6	
1555	-7.2815E-1	8.3419E1	3.6366E0	2.8917E6	
1556	-7.2838E-1	8.3079E1	3.6436E0	2.8939E6	
1557	-7.2800E-1	8.3646E1	3.6506E0	2.8962E6	
1558	-7.3135E-1	7.8664E1	3.6577E0	2.8984E6	
1559	-7.2830E-1	8.3193E1	3.6649E0	2.9006E6	
1560	-7.2807E-1	8.3532E1	3.6718E0	2.9028E6	
1561	-7.3044E-1	8.0022E1	3.6789E0	2.9050E6	
1562	-7.3074E-1	7.9569E1	3.6861E0	2.9073E6	
1563	-7.3051E-1	7.9909E1	3.6932E0	2.9095E6	
1564	-7.2945E-1	8.1494E1	3.7002E0	2.9117E6	
1565	-7.2891E-1	8.2287E1	3.7073E0	2.9139E6	
1566	-7.3128E-1	7.8777E1	3.7143E0	2.9161E6	
1567	-7.3204E-1	7.7645E1	3.7216E0	2.9184E6	
1568	-7.2983E-1	8.0928E1	3.7286E0	2.9206E6	
1569	-7.3013E-1	8.0475E1	3.7357E0	2.9228E6	
1570	-7.3334E-1	7.5720E1	3.7429E0	2.9250E6	
1571	-7.2922E-1	8.1834E1	3.7500E0	2.9272E6	
1572	-7.2983E-1	8.0928E1	3.7570E0	2.9295E6	
1573	-7.3425E-1	7.4361E1	3.7642E0	2.9317E6	
1574	-7.3273E-1	7.6626E1	3.7713E0	2.9339E6	
1575	-7.3303E-1	7.6173E1	3.7785E0	2.9361E6	
1576	-7.3418E-1	7.4474E1	3.7856E0	2.9383E6	
1577	-7.3212E-1	7.7531E1	3.7928E0	2.9406E6	
1578	-7.3364E-1	7.5267E1	3.7998E0	2.9428E6	
1579	-7.3265E-1	7.6739E1	3.8070E0	2.9450E6	
1580	-7.3273E-1	7.6626E1	3.8141E0	2.9472E6	
1581	-7.3738E-1	6.9719E1	3.8213E0	2.9494E6	
1582	-7.3418E-1	7.4474E1	3.8284E0	2.9517E6	
1583	-7.3654E-1	7.0964E1	3.8356E0	2.9539E6	
1584	-7.3418E-1	7.4474E1	3.8428E0	2.9561E6	
1585	-7.3631E-1	7.1304E1	3.8500E0	2.9583E6	
1586	-7.3578E-1	7.2097E1	3.8571E0	2.9605E6	
1587	-7.3746E-1	6.9606E1	3.8642E0	2.9628E6	
1588	-7.3570E-1	7.2210E1	3.8714E0	2.9650E6	
1589	-7.3616E-1	7.1530E1	3.8786E0	2.9672E6	
1590	-7.3547E-1	7.2549E1	3.8858E0	2.9694E6	
1591	-7.3524E-1	7.2889E1	3.8929E0	2.9716E6	
1592	-7.3692E-1	7.0398E1	3.9002E0	2.9739E6	
1593	-7.3807E-1	6.8700E1	3.9072E0	2.9761E6	
1594	-7.3555E-1	7.2436E1	3.9145E0	2.9783E6	
1595	-7.3471E-1	7.3682E1	3.9218E0	2.9805E6	
1596	-7.3868E-1	6.7794E1	3.9289E0	2.9827E6	
1597	-7.4036E-1	6.5303E1	3.9362E0	2.9850E6	
1598	-7.3654E-1	7.0964E1	3.9434E0	2.9872E6	
1599	-7.3837E-1	6.8247E1	3.9506E0	2.9894E6	
1600	-7.3730E-1	6.9832E1	3.9578E0	2.9916E6	
1601	-7.3715E-1	7.0058E1	3.9650E0	2.9938E6	
1602	-7.4051E-1	6.5077E1	3.9722E0	2.9961E6	
1603	-7.3692E-1	7.0398E1	3.9794E0	2.9983E6	
1604	-7.3959E-1	6.6435E1	3.9867E0	3.0005E6	
1605	-7.4059E-1	6.4963E1	3.9940E0	3.0027E6	
1606	-7.3914E-1	6.7115E1	4.0012E0	3.0049E6	
1607	-7.3997E-1	6.5869E1	4.0084E0	3.0072E6	
1608	-7.3845E-1	6.8134E1	4.0157E0	3.0094E6	
1609	-7.3975E-1	6.6209E1	4.0229E0	3.0116E6	
1610	-7.3982E-1	6.6096E1	4.0301E0	3.0138E6	
1611	-7.3936E-1	6.6775E1	4.0373E0	3.0160E6	
1612	-7.4142E-1	6.3718E1	4.0446E0	3.0183E6	
1613	-7.4059E-1	6.4963E1	4.0519E0	3.0205E6	
1614	-7.4356E-1	6.0547E1	4.0590E0	3.0227E6	
1615	-7.4333E-1	6.0887E1	4.0664E0	3.0249E6	
1616	-7.4318E-1	6.1114E1	4.0737E0	3.0271E6	
1617	-7.4265E-1	6.1906E1	4.0809E0	3.0294E6	
1618	-7.4234E-1	6.2359E1	4.0882E0	3.0316E6	
1619	-7.4150E-1	6.3605E1	4.0955E0	3.0338E6	
1620	-7.4287E-1	6.1567E1	4.1028E0	3.0360E6	
1621	-7.4539E-1	5.7830E1	4.1100E0	3.0382E6	
1622	-7.4272E-1	6.1793E1	4.1174E0	3.0405E6	
1623	-7.4272E-1	6.1793E1	4.1247E0	3.0427E6	
1624	-7.4493E-1	5.8509E1	4.1319E0	3.0449E6	
1625	-7.4509E-1	5.8283E1	4.1392E0	3.0471E6	
1626	-7.4326E-1	6.1000E1	4.1466E0	3.0493E6	
1627	-7.4471E-1	5.8849E1	4.1539E0	3.0516E6	
1628	-7.4409E-1	5.9755E1	4.1611E0	3.0538E6	
1629	-7.4371E-1	6.0321E1	4.1685E0	3.0560E6	
1630	-7.4615E-1	5.6698E1	4.1757E0	3.0582E6	
1631	-7.4684E-1	5.5679E1	4.1831E0	3.0604E6	
1632	-7.4661E-1	5.6018E1	4.1904E0	3.0627E6	
1633	-7.4684E-1	5.5679E1	4.1978E0	3.0649E6	
1634	-7.4409E-1	5.9755E1	4.2051E0	3.0671E6	
1635	-7.4867E-1	5.2961E1	4.2124E0	3.0693E6	
1636	-7.4417E-1	5.9642E1	4.2197E0	3.0715E6	
1637	-7.4715E-1	5.5226E1	4.2270E0	3.0738E6	
1638	-7.4722E-1	5.5113E1	4.2344E0	3.0760E6	
1639	-7.4715E-1	5.5226E1	4.2418E0	3.0782E6	
1640	-7.4661E-1	5.6018E1	4.2491E0	3.0804E6	
1641	-7.4768E-1	5.4433E1	4.2564E0	3.0826E6	
1642	-7.4951E-1	5.1716E1	4.2637E0	3.0849E6	
1643	-7.4554E-1	5.7604E1	4.2711E0	3.0871E6	
1644	-7.4875E-1	5.2848E1	4.2785E0	3.0893E6	
1645	-7.4966E-1	5.1489E1	4.2857E0	3.0915E6	
1646	-7.4852E-1	5.3188E1	4.2931E0	3.0937E6	
1647	-7.4982E-1	5.1263E1	4.3005E0	3.0960E6	
1648	-7.4951E-1	5.1716E1	4.3078E0	3.0982E6	
1649	-7.4944E-1	5.1829E1	4.3153E0	3.1004E6	
1650	-7.5043E-1	5.0357E1	4.3227E0	3.1026E6	
1651	-7.5081E-1	4.9791E1	4.3301E0	3.1048E6	
1652	-7.4959E-1	5.1603E1	4.3374E0	3.1071E6	
1653	-7.4966E-1	5.1489E1	4.3449E0	3.1093E6	
1654	-7.5233E-1	4.7527E1	4.3521E0	3.1115E6	
1655	-7.4791E-1	5.4094E1	4.3595E0	3.1137E6	
1656	-7.4760E-1	5.4547E1	4.3669E0	3.1159E6	
1657	-7.5188E-1	4.8206E1	4.3743E0	3.1182E6	
1658	-7.4799E-1	5.3980E1	4.3817E0	3.1204E6	
1659	-7.5249E-1	4.7300E1	4.3891E0	3.1226E6	
1660	-7.5050E-1	5.0244E1	4.3966E0	3.1248E6	
1661	-7.5027E-1	5.0584E1	4.4040E0	3.1270E6	
1662	-7.5256E-1	4.7187E1	4.4113E0	3.1293E6	
1663	-7.4966E-1	5.1489E1	4.4187E0	3.1315E6	
1664	-7.4913E-1	5.2282E1	4.4260E0	3.1337E6	
1665	-7.5165E-1	4.8546E1	4.4335E0	3.1359E6	
1666	-7.5317E-1	4.6281E1	4.4409E0	3.1381E6	
1667	-7.5554E-1	4.2771E1	4.4484E0	3.1404E6	
1668	-7.5317E-1	4.6281E1	4.4557E0	3.1426E6	
1669	-7.5333E-1	4.6055E1	4.4633E0	3.1448E6	
1670	-7.5333E-1	4.6055E1	4.4707E0	3.1470E6	
1671	-7.5409E-1	4.4922E1	4.4781E0	3.1492E6	
1672	-7.5439E-1	4.4469E1	4.4855E0	3.1515E6	
1673	-7.5531E-1	4.3111E1	4.4930E0	3.1537E6	
1674	-7.5699E-1	4.0620E1	4.5004E0	3.1559E6	
1675	-7.5478E-1	4.3903E1	4.5078E0	3.1581E6	
1676	-7.5577E-1	4.2431E1	4.5152E0	3.1603E6	
1677	-7.5546E-1	4.2884E1	4.5227E0	3.1626E6	
1678	-7.5378E-1	4.5375E1	4.5301E0	3.1648E6	
1679	-7.5790E-1	3.9261E1	4.5376E0	3.1670E6	
1680	-7.5851E-1	3.8355E1	4.5451E0	3.1692E6	
1681	-7.5676E-1	4.0959E1	4.5526E0	3.1714E6	
1682	-7.5500E-1	4.3564E1	4.5599E0	3.1737E6	
1683	-7.5752E-1	3.9827E1	4.5674E0	3.1759E6	
1684	-7.5500E-1	4.3564E1	4.5749E0	3.1781E6	
1685	-7.5592E-1	4.2205E1	4.5824E0	3.1803E6	
1686	-7.5867E-1	3.8129E1	4.5898E0	3.1825E6	
1687	-7.5699E-1	4.0620E1	4.5972E0	3.1848E6	
1688	-7.5638E-1	4.1526E1	4.6047E0	3.1870E6	
1689	-7.5897E-1	3.7676E1	4.6122E0	3.1892E6	
1690	-7.5684E-1	4.0846E1	4.6195E0	3.1914E6	
1691	-7.5890E-1	3.7789E1	4.6271E0	3.1936E6	
1692	-7.5890E-1	3.7789E1	4.6346E0	3.1959E6	
1693	-7.5752E-1	3.9827E1	4.6420E0	3.1981E6	
1694	-7.5897E-1	3.7676E1	4.6495E0	3.2003E6	
1695	-7.5958E-1	3.6770E1	4.6570E0	3.2025E6	
1696	-7.6065E-1	3.5185E1	4.6644E0	3.2047E6	
1697	-7.6309E-1	3.1562E1	4.6718E0	3.2070E6	
1698	-7.6134E-1	3.4166E1	4.6795E0	3.2092E6	
1699	-7.6057E-1	3.5298E1	4.6870E0	3.2114E6	
1700	-7.6019E-1	3.5864E1	4.6943E0	3.2136E6	
1701	-7.5996E-1	3.6204E1	4.7018E0	3.2158E6	
1702	-7.6019E-1	3.5864E1	4.7093E0	3.2181E6	
1703	-7.6004E-1	3.6091E1	4.7168E0	3.2203E6	
1704	-7.6248E-1	3.2467E1	4.7243E0	3.2225E6	
1705	-7.6096E-1	3.4732E1	4.7319E0	3.2247E6	
1706	-7.6416E-1	2.9977E1	4.7393E0	3.2269E6	
1707	-7.6241E-1	3.2581E1	4.7469E0	3.2292E6	
1708	-7.6393E-1	3.0316E1	4.7543E0	3.2314E6	
1709	-7.6530E-1	2.8278E1	4.7618E0	3.2336E6	
1710	-7.6424E-1	2.9863E1	4.7693E0	3.2358E6	
1711	-7.6187E-1	3.3373E1	4.7768E0	3.2380E6	
1712	-7.6317E-1	3.1448E1	4.7844E0	3.2403E6	
1713	-7.6241E-1	3.2581E1	4.7918E0	3.2425E6	
1714	-7.6248E-1	3.2467E1	4.7993E0	3.2447E6	
1715	-7.6363E-1	3.0769E1	4.8068E0	3.2469E6	
1716	-7.6408E-1	3.0090E1	4.8142E0	3.2491E6	
1717	-7.6363E-1	3.0769E1	4.8217E0	3.2514E6	
1718	-7.6355E-1	3.0882E1	4.8293E0	3.2536E6	
1719	-7.6363E-1	3.0769E1	4.8368E0	3.2558E6	
1720	-7.6515E-1	2.8505E1	4.8442E0	3.2580E6	
1721	-7.6385E-1	3.0429E1	4.8519E0	3.2602E6	
1722	-7.6508E-1	2.8618E1	4.8594E0	3.2625E6	
1723	-7.6584E-1	2.7486E1	4.8669E0	3.2647E6	
1724	-7.6439E-1	2.9637E1	4.8743E0	3.2669E6	
1725	-7.6607E-1	2.7146E1	4.8819E0	3.2691E6	
1726	-7.6538E-1	2.8165E1	4.8894E0	3.2713E6	
1727	-7.6431E-1	2.9750E1	4.8969E0	3.2736E6	
1728	-7.6675E-1	2.6127E1	4.9044E0	3.2758E6	
1729	-7.6698E-1	2.5787E1	4.9120E0	3.2780E6	
1730	-7.6645E-1	2.6580E1	4.9195E0	3.2802E6	
1731	-7.6874E-1	2.3183E1	4.9271E0	3.2824E6	
1732	-7.6714E-1	2.5561E1	4.9345E0	3.2847E6	
1733	-7.6820E-1	2.3976E1	4.9420E0	3.2869E6	
1734	-7.6698E-1	2.5787E1	4.9497E0	3.2891E6	
1735	-7.7019E-1	2.1032E1	4.9571E0	3.2913E6	
1736	-7.6767E-1	2.4768E1	4.9647E0	3.2935E6	
1737	-7.6782E-1	2.4542E1	4.9722E0	3.2958E6	
1738	-7.6866E-1	2.3296E1	4.9797E0	3.2980E6	
1739	-7.6935E-1	2.2277E1	4.9872E0	3.3002E6	
1740	-7.7095E-1	1.9899E1	4.9948E0	3.3024E6	
1741	-7.7049E-1	2.0579E1	5.0023E0	3.3046E6	
1742	-7.7011E-1	2.1145E1	5.0099E0	3.3069E6	
1743	-7.7095E-1	1.9899E1	5.0176E0	3.3091E6	
1744	-7.6942E-1	2.2164E1	5.0249E0	3.3113E6	
1745	-7.6874E-1	2.3183E1	5.0326E0	3.3135E6	
1746	-7.7370E-1	1.5823E1	5.0401E0	3.3157E6	
1747	-7.7110E-1	1.9673E1	5.0476E0	3.3180E6	
1748	-7.7232E-1	1.7861E1	5.0552E0	3.3202E6	
1749	-7.7118E-1	1.9560E1	5.0627E0	3.3224E6	
1750	-7.7332E-1	1.6389E1	5.0703E0	3.3246E6	
1751	-7.7278E-1	1.7182E1	5.0777E0	3.3268E6	
1752	-7.7400E-1	1.5370E1	5.0853E0	3.3291E6	
1753	-7.7324E-1	1.6503E1	5.0928E0	3.3313E6	
1754	-7.7225E-1	1.7975E1	5.1004E0	3.3335E6	
1755	-7.7301E-1	1.6842E1	5.1079E0	3.3357E6	
1756	-7.7484E-1	1.4125E1	5.1155E0	3.3379E6	
1757	-7.7423E-1	1.5031E1	5.1231E0	3.3402E6	
1758	-7.7370E-1	1.5823E1	5.1307E0	3.3424E6	
1759	-7.7438E-1	1.4804E1	5.1382E0	3.3446E6	
1760	-7.7446E-1	1.4691E1	5.1457E0	3.3468E6	
1761	-7.7202E-1	1.8314E1	5.1533E0	3.3490E6	
1762	-7.7591E-1	1.2540E1	5.1607E0	3.3513E6	
1763	-7.7553E-1	1.3106E1	5.1683E0	3.3535E6	
1764	-7.7591E-1	1.2540E1	5.1758E0	3.3557E6	
1765	-7.7515E-1	1.3672E1	5.1834E0	3.3579E6	
1766	-7.7568E-1	1.2879E1	5.1909E0	3.3601E6	
1767	-7.7675E-1	1.1294E1	5.1984E0	3.3624E6	
1768	-7.7774E-1	9.8223E0	5.2060E0	3.3646E6	
1769	-7.7751E-1	1.0162E1	5.2136E0	3.3668E6	
1770	-7.7835E-1	8.9165E0	5.2210E0	3.3690E6	
1771	-7.7400E-1	1.5370E1	5.2287E0	3.3712E6	
1772	-7.7652E-1	1.1634E1	5.2362E0	3.3735E6	
1773	-7.7797E-1	9.4827E0	5.2438E0	3.3757E6	
1774	-7.7599E-1	1.2427E1	5.2513E0	3.3779E6	
1775	-7.7805E-1	9.3694E0	5.2588E0	3.3801E6	
1776	-7.7637E-1	1.1860E1	5.2664E0	3.3823E6	
1777	-7.7591E-1	1.2540E1	5.2740E0	3.3846E6	
1778	-7.7896E-1	8.0107E0	5.2814E0	3.3868E6	
1779	-7.7637E-1	1.1860E1	5.2889E0	3.3890E6	
1780	-7.7995E-1	6.5388E0	5.2965E0	3.3912E6	
1781	-7.8064E-1	5.5198E0	5.3040E0	3.3934E6	
1782	-7.7850E-1	8.6901E0	5.3115E0	3.3957E6	
1783	-7.8011E-1	6.3123E0	5.3190E0	3.3979E6	
1784	-7.8079E-1	5.2933E0	5.3266E0	3.4001E6	
1785	-7.7927E-1	7.5578E0	5.3342E0	3.4023E6	
1786	-7.8003E-1	6.4256E0	5.3417E0	3.4045E6	
1787	-7.8140E-1	4.3875E0	5.3492E0	3.4068E6	
1788	-7.8209E-1	3.3685E0	5.3567E0	3.4090E6	
1789	-7.8156E-1	4.1611E0	5.3641E0	3.4112E6	
1790	-7.8163E-1	4.0478E0	5.3718E0	3.4134E6	
1791	-7.7827E-1	9.0298E0	5.3793E0	3.4156E6	
1792	-7.8133E-1	4.5007E0	5.3868E0	3.4179E6	
1793	-7.8064E-1	5.5198E0	5.3943E0	3.4201E6	
1794	-7.8064E-1	5.5198E0	5.4018E0	3.4223E6	
1795	-7.8293E-1	2.1230E0	5.4093E0	3.4245E6	
1796	-7.8117E-1	4.7272E0	5.4168E0	3.4267E6	
1797	-7.8438E-1	-2.8293E-2	5.4245E0	3.4290E6	
1798	-7.8278E-1	2.3494E0	5.4282E0	3.4301E6	
1799	-7.8278E-1	2.3494E0	5.4282E0	3.4301E6	
1800	-7.8278E-1	2.3494E0	5.4282E0	3.4301E6	
1801	-7.8278E-1	2.3494E0	5.4282E0	3.4301E6	
1802	-7.8278E-1	2.3494E0	5.4282E0	3.4301E6	
1803	-7.8278E-1	2.3494E0	5.4282E0	3.4301E6	
1804	-7.8278E-1	2.3494E0	5.4282E0	3.4301E6	
1805	-7.8278E-1	2.3494E0	5.4282E0	3.4301E6	
1806	-7.8278E-1	2.3494E0	5.4282E0	3.4301E6	
1807	-7.8278E-1	2.3494E0	5.4282E0	3.4301E6	
1808	-7.8278E-1	2.3494E0	5.4282E0	3.4301E6	
1809	-7.8278E-1	2.3494E0	5.4282E0	3.4301E6	
1810	-7.8278E-1	2.3494E0	5.4282E0	3.4301E6	
1811	-7.8278E-1	2.3494E0	5.4282E0	3.4301E6	
1812	-7.8278E-1	2.3494E0	5.4282E0	3.4301E6	
1813	-7.8278E-1	2.3494E0	5.4282E0	3.4301E6	
1814	-7.8278E-1	2.3494E0	5.4282E0	3.4301E6	
1815	-7.8278E-1	2.3494E0	5.4282E0	3.4301E6	
1816	-7.8278E-1	2.3494E0	5.4282E0	3.4301E6	
1817	-7.8278E-1	2.3494E0	5.4282E0	3.4301E6	
1818	-7.8278E-1	2.3494E0	5.4282E0	3.4301E6	
1819	-7.8278E-1	2.3494E0	5.4282E0	3.4301E6	
1820	-7.8278E-1	2.3494E0	5.4282E0	3.4301E6	
1821	-7.8278E-1	2.3494E0	5.4282E0	3.4301E6	
1822	-7.8278E-1	2.3494E0	5.4282E0	3.4301E6	
1823	-7.8278E-1	2.3494E0	5.4282E0	3.4301E6	
1824	-7.8278E-1	2.3494E0	5.4282E0	3.4301E6	
1825	-7.8278E-1	2.3494E0	5.4282E0	3.4301E6	
1826	-7.8278E-1	2.3494E0	5.4282E0	3.4301E6	
1827	-7.8278E-1	2.3494E0	5.4282E0	3.4301E6	
1828	-7.8278E-1	2.3494E0	5.4282E0	3.4301E6	
1829	-7.8278E-1	2.3494E0	5.4282E0	3.4301E6	
1830	-7.8278E-1	2.3494E0	5.4282E0	3.4301E6	
1831	-7.8278E-1	2.3494E0	5.4282E0	3.4301E6	
1832	-7.8278E-1	2.3494E0	5.4282E0	3.4301E6	
1833	-7.8278E-1	2.3494E0	5.4282E0	3.4301E6	
1834	-7.8278E-1	2.3494E0	5.4282E0	3.4301E6	
1835	-7.8278E-1	2.3494E0	5.4282E0	3.4301E6	
1836	-7.8278E-1	2.3494E0	5.4282E0	3.4301E6	
1837	-7.8278E-1	2.3494E0	5.4282E0	3.4301E6	
1838	-7.8278E-1	2.3494E0	5.4282E0	3.4301E6	
1839	-7.8278E-1	2.3494E0	5.4282E0	3.4301E6	
1840	-7.8278E-1	2.3494E0	5.4282E0	3.4301E6	
1841	-7.8278E-1	2.3494E0	5.4282E0	3.4301E6	
1842	-7.8278E-1	2.3494E0	5.4282E0	3.4301E6	
1843	-7.8278E-1	2.3494E0	5.4282E0	3.4301E6	
1844	-7.8278E-1	2.3494E0	5.4282E0	3.4301E6	
1845	-7.8278E-1	2.3494E0	5.4282E0	3.4301E6	
1846	-7.8278E-1	2.3494E0	5.4282E0	3.4301E6	
1847	-7.8278E-1	2.3494E0	5.4282E0	3.4301E6	
1848	-7.8278E-1	2.3494E0	5.4282E0	3.4301E6	
1849	-7.8278E-1	2.3494E0	5.4282E0	3.4301E6	
1850	-7.8278E-1	2.3494E0	5.4282E0	3.4301E6	
1851	-7.8278E-1	2.3494E0	5.4282E0	3.4301E6	
1852	-7.8278E-1	2.3494E0	5.4282E0	3.4301E6	
1853	-7.8278E-1	2.3494E0	5.4282E0	3.4301E6	
1854	-7.8278E-1	2.3494E0	5.4282E0	3.4301E6	
1855	-7.8278E-1	2.3494E0	5.4282E0	3.4301E6	
1856	-7.8278E-1	2.3494E0	5.4282E0	3.4301E6	
1857	-7.8278E-1	2.3494E0	5.4282E0	3.4301E6	
1858	-7.8278E-1	2.3494E0	5.4282E0	3.4301E6	
1859	-7.8278E-1	2.3494E0	5.4282E0	3.4301E6	
1860	-7.8278E-1	2.3494E0	5.4282E0	3.4301E6	
1861	-7.8278E-1	2.3494E0	5.4282E0	3.4301E6	
1862	-7.8278E-1	2.3494E0	5.4282E0	3.4301E6	
1863	-7.8278E-1	2.3494E0	5.4282E0	3.4301E6	
1864	-7.8278E-1	2.3494E0	5.4282E0	3.4301E6	
1865	-7.8278E-1	2.3494E0	5.4282E0	3.4301E6	
1866	-7.8278E-1	2.3494E0	5.4282E0	3.4301E6	
1867	-7.8278E-1	2.3494E0	5.4282E0	3.4301E6	
1868	-7.8278E-1	2.3494E0	5.4282E0	3.4301E6	
1869	-7.8278E-1	2.3494E0	5.4282E0	3.4301E6	
1870	-7.8278E-1	2.3494E0	5.4282E0	3.4301E6	
1871	-7.8278E-1	2.3494E0	5.4282E0	3.4301E6	
1872	-7.8278E-1	2.3494E0	5.4282E0	3.4301E6	
1873	-7.8278E-1	2.3494E0	5.4282E0	3.4301E6	
1874	-7.8278E-1	2.3494E0	5.4282E0	3.4301E6	
1875	-7.8278E-1	2.3494E0	5.4282E0	3.4301E6	
1876	-7.8278E-1	2.3494E0	5.4282E0	3.4301E6	
1877	-7.8278E-1	2.3494E0	5.4282E0	3.4301E6	
1878	-7.8278E-1	2.3494E0	5.4282E0	3.4301E6	
1879	-7.8278E-1	2.3494E0	5.4282E0	3.4301E6	
1880	-7.8278E-1	2.3494E0	5.4282E0	3.4301E6	
1881	-7.8278E-1	2.3494E0	5.4282E0	3.4301E6	
1882	-7.8278E-1	2.3494E0	5.4282E0	3.4301E6	
1883	-7.8278E-1	2.3494E0	5.4282E0	3.4301E6	
1884	-7.8278E-1	2.3494E0	5.4282E0	3.4301E6	
1885	-7.8278E-1	2.3494E0	5.4282E0	3.4301E6	
1886	-7.8278E-1	2.3494E0	5.4282E0	3.4301E6	
1887	-7.8278E-1	2.3494E0	5.4282E0	3.4301E6	
1888	-7.8278E-1	2.3494E0	5.4282E0	3.4301E6	
1889	-7.8278E-1	2.3494E0	5.4282E0	3.4301E6	
1890	-7.8278E-1	2.3494E0	5.4282E0	3.4301E6	
1891	-7.8278E-1	2.3494E0	5.4282E0	3.4301E6	
1892	-7.8278E-1	2.3494E0	5.4282E0	3.4301E6	
1893	-7.8278E-1	2.3494E0	5.4282E0	3.4301E6	
1894	-7.8278E-1	2.3494E0	5.4282E0	3.4301E6	
1895	-7.8278E-1	2.3494E0	5.4282E0	3.4301E6	
1896	-7.8278E-1	2.3494E0	5.4282E0	3.4301E6	
1897	-7.8278E-1	2.3494E0	5.4282E0	3.4301E6	
1898	-7.8278E-1	2.3494E0	5.4282E0	3.4301E6	
1899	-7.8278E-1	2.3494E0	5.4282E0	3.4301E6	
1900	-7.8278E-1	2.3494E0	5.4282E0	3.4301E6	
1901	-7.8278E-1	2.3494E0	5.4282E0	3.4301E6	
1902	-7.8278E-1	2.3494E0	5.4282E0	3.4301E6	
1903	-7.8278E-1	2.3494E0	5.4282E0	3.4301E6	
1904	-7.8278E-1	2.3494E0	5.4282E0	3.4301E6	
1905	-7.8278E-1	2.3494E0	5.4282E0	3.4301E6	
1906	-7.8278E-1	2.3494E0	5.4282E0	3.4301E6	
1907	-7.8278E-1	2.3494E0	5.4282E0	3.4301E6	
1908	-7.8278E-1	2.3494E0	5.4282E0	3.4301E6	
1909	-7.8278E-1	2.3494E0	5.4282E0	3.4301E6	
1910	-7.8278E-1	2.3494E0	5.4282E0	3.4301E6	
1911	-7.8278E-1	2.3494E0	5.4282E0	3.4301E6	
1912	-7.8278E-1	2.3494E0	5.4282E0	3.4301E6	
1913	-7.8278E-1	2.3494E0	5.4282E0	3.4301E6	
1914	-7.8278E-1	2.3494E0	5.4282E0	3.4301E6	
1915	-7.8278E-1	2.3494E0	5.4282E0	3.4301E6	
1916	-7.8278E-1	2.3494E0	5.4282E0	3.4301E6	
1917	-7.8278E-1	2.3494E0	5.4282E0	3.4301E6	
1918	-7.8278E-1	2.3494E0	5.4282E0	3.4301E6	
1919	-7.8278E-1	2.3494E0	5.4282E0	3.4301E6	
1920	-7.8278E-1	2.3494E0	5.4282E0	3.4301E6	
1921	-7.8278E-1	2.3494E0	5.4282E0	3.4301E6	
1922	-7.8278E-1	2.3494E0	5.4282E0	3.4301E6	
1923	-7.8278E-1	2.3494E0	5.4282E0	3.4301E6	
1924	-7.8278E-1	2.3494E0	5.4282E0	3.4301E6	
1925	-7.8278E-1	2.3494E0	5.4282E0	3.4301E6	
1926	-7.8278E-1	2.3494E0	5.4282E0	3.4301E6	
1927	-7.8278E-1	2.3494E0	5.4282E0	3.4301E6	
1928	-7.8278E-1	2.3494E0	5.4282E0	3.4301E6	
1929	-7.8278E-1	2.3494E0	5.4282E0	3.4301E6	
1930	-7.8278E-1	2.3494E0	5.4282E0	3.4301E6	
1931	-7.8278E-1	2.3494E0	5.4282E0	3.4301E6	
1932	-7.8278E-1	2.3494E0	5.4282E0	3.4301E6	
1933	-7.8278E-1	2.3494E0	5.4282E0	3.4301E6	
1934	-7.8278E-1	2.3494E0	5.4282E0	3.4301E6	
1935	-7.8278E-1	2.3494E0	5.4282E0	3.4301E6	
1936	-7.8278E-1	2.3494E0	5.4282E0	3.4301E6	
1937	-7.8278E-1	2.3494E0	5.4282E0	3.4301E6	
1938	-7.8278E-1	2.3494E0	5.4282E0	3.4301E6	
1939	-7.8278E-1	2.3494E0	5.4282E0	3.4301E6	
1940	-7.8278E-1	2.3494E0	5.4282E0	3.4301E6	
1941	-7.8278E-1	2.3494E0	5.4282E0	3.4301E6	
1942	-7.8278E-1	2.3494E0	5.4282E0	3.4301E6	
1943	-7.8278E-1	2.3494E0	5.4282E0	3.4301E6	
1944	-7.8278E-1	2.3494E0	5.4282E0	3.4301E6	
1945	-7.8278E-1	2.3494E0	5.4282E0	3.4301E6	
1946	-7.8278E-1	2.3494E0	5.4282E0	3.4301E6	
1947	-7.8278E-1	2.3494E0	5.4282E0	3.4301E6	
1948	-7.8278E-1	2.3494E0	5.4282E0	3.4301E6	
1949	-7.8278E-1	2.3494E0	5.4282E0	3.4301E6	
1950	-7.8278E-1	2.3494E0	5.4282E0	3.4301E6	
1951	-7.8278E-1	2.3494E0	5.4282E0	3.4301E6	
1952	-7.8278E-1	2.3494E0	5.4282E0	3.4301E6	
1953	-7.8278E-1	2.3494E0	5.4282E0	3.4301E6	
1954	-7.8278E-1	2.3494E0	5.4282E0	3.4301E6	
1955	-7.8278E-1	2.3494E0	5.4282E0	3.4301E6	
1956	-7.8278E-1	2.3494E0	5.4282E0	3.4301E6	
1957	-7.8278E-1	2.3494E0	5.4282E0	3.4301E6	
1958	-7.8278E-1	2.3494E0	5.4282E0	3.4301E6	
1959	-7.8278E-1	2.3494E0	5.4282E0	3.4301E6	
1960	-7.8278E-1	2.3494E0	5.4282E0	3.4301E6	
1961	-7.8278E-1	2.3494E0	5.4282E0	3.4301E6	
1962	-7.8278E-1	2.3494E0	5.4282E0	3.4301E6	
1963	-7.8278E-1	2.3494E0	5.4282E0	3.4301E6	
1964	-7.8278E-1	2.3494E0	5.4282E0	3.4301E6	
1965	-7.8278E-1	2.3494E0	5.4282E0	3.4301E6	
1966	-7.8278E-1	2.3494E0	5.4282E0	3.4301E6	
1967	-7.8278E-1	2.3494E0	5.4282E0	3.4301E6	
1968	-7.8278E-1	2.3494E0	5.4282E0	3.4301E6	
1969	-7.8278E-1	2.3494E0	5.4282E0	3.4301E6	
1970	-7.8278E-1	2.3494E0	5.4282E0	3.4301E6	
1971	-7.8278E-1	2.3494E0	5.4282E0	3.4301E6	
1972	-7.8278E-1	2.3494E0	5.4282E0	3.4301E6	
1973	-7.8278E-1	2.3494E0	5.4282E0	3.4301E6	
1974	-7.8278E-1	2.3494E0	5.4282E0	3.4301E6	
1975	-7.8278E-1	2.3494E0	5.4282E0	3.4301E6	
1976	-7.8278E-1	2.3494E0	5.4282E0	3.4301E6	
1977	-7.8278E-1	2.3494E0	5.4282E0	3.4301E6	
1978	-7.8278E-1	2.3494E0	5.4282E0	3.4301E6	
1979	-7.8278E-1	2.3494E0	5.4282E0	3.4301E6	
1980	-7.8278E-1	2.3494E0	5.4282E0	3.4301E6	
1981	-7.8278E-1	2.3494E0	5.4282E0	3.4301E6	
1982	-7.8278E-1	2.3494E0	5.4282E0	3.4301E6	
1983	-7.8278E-1	2.3494E0	5.4282E0	3.4301E6	
1984	-7.8278E-1	2.3494E0	5.4282E0	3.4301E6	
1985	-7.8278E-1	2.3494E0	5.4282E0	3.4301E6	
1986	-7.8278E-1	2.3494E0	5.4282E0	3.4301E6	
1987	-7.8278E-1	2.3494E0	5.4282E0	3.4301E6	
1988	-7.8278E-1	2.3494E0	5.4282E0	3.4301E6	
1989	-7.8278E-1	2.3494E0	5.4282E0	3.4301E6	
1990	-7.8278E-1	2.3494E0	5.4282E0	3.4301E6	
1991	-7.8278E-1	2.3494E0	5.4282E0	3.4301E6	
1992	-7.8278E-1	2.3494E0	5.4282E0	3.4301E6	
1993	-7.8278E-1	2.3494E0	5.4282E0	3.4301E6	
1994	-7.8278E-1	2.3494E0	5.4282E0	3.4301E6	
1995	-7.8278E-1	2.3494E0	5.4282E0	3.4301E6	
1996	-7.8278E-1	2.3494E0	5.4282E0	3.4301E6	
1997	-7.8278E-1	2.3494E0	5.4282E0	3.4301E6	
1998	-7.8278E-1	2.3494E0	5.4282E0	3.4301E6	
1999	-7.8278E-1	2.3494E0	5.4282E0	3.4301E6	
2000	-7.8278E-1	2.3494E0	5.4282E0	3.4301E6	
2001	-7.8278E-1	2.3494E0	5.4282E0	3.4301E6	
2002	-7.8278E-1	2.3494E0	5.4282E0	3.4301E6	
2003	-7.8278E-1	2.3494E0	5.4282E0	3.4301E6	
2004	-7.8278E-1	2.3494E0	5.4282E0	3.4301E6	
2005	-7.8278E-1	2.3494E0	5.4282E0	3.4301E6	
2006	-7.8278E-1	2.3494E0	5.4282E0	3.4301E6	
2007	-7.8278E-1	2.3494E0	5.4282E0	3.4301E6	
2008	-7.8278E-1	2.3494E0	5.4282E0	3.4301E6	
2009	-7.8278E-1	2.3494E0	5.4282E0	3.4301E6	
2010	-7.8278E-1	2.3494E0	5.4282E0	3.4301E6	
2011	-7.8278E-1	2.3494E0	5.4282E0	3.4301E6	
2012	-7.8278E-1	2.3494E0	5.4282E0	3.4301E6	
2013	-7.8278E-1	2.3494E0	5.4282E0	3.4301E6	
2014	-7.8278E-1	2.3494E0	5.4282E0	3.4301E6	
2015	-7.8278E-1	2.3494E0	5.4282E0	3.4301E6	
2016	-7.8278E-1	2.3494E0	5.4282E0	3.4301E6	
2017	-7.8278E-1	2.3494E0	5.4282E0	3.4301E6	
2018	-7.8278E-1	2.3494E0	5.4282E0	3.4301E6	
2019	-7.8278E-1	2.3494E0	5.4282E0	3.4301E6	
2020	-7.8278E-1	2.3494E0	5.4282E0	3.4301E6	
2021	-7.8278E-1	2.3494E0	5.4282E0	3.4301E6	
2022	-7.8278E-1	2.3494E0	5.4282E0	3.4301E6	
2023	-7.8278E-1	2.3494E0	5.4282E0	3.4301E6	
2024	-7.8278E-1	2.3494E0	5.4282E0	3.4301E6	
2025	-7.8278E-1	2.3494E0	5.4282E0	3.4301E6	
2026	-7.8278E-1	2.3494E0	5.4282E0	3.4301E6	
2027	-7.8278E-1	2.3494E0	5.4282E0	3.4301E6	
2028	-7.8278E-1	2.3494E0	5.4282E0	3.4301E6	
2029	-7.8278E-1	2.3494E0	5.4282E0	3.4301E6	
2030	-7.8278E-1	2.3494E0	5.4282E0	3.4301E6	
2031	-7.8278E-1	2.3494E0	5.4282E0	3.4301E6	
2032	-7.8278E-1	2.3494E0	5.4282E0	3.4301E6	
2033	-7.8278E-1	2.3494E0	5.4282E0	3.4301E6	
2034	-7.8278E-1	2.3494E0	5.4282E0	3.4301E6	
2035	-7.8278E-1	2.3494E0	5.4282E0	3.4301E6	
2036	-7.8278E-1	2.3494E0	5.4282E0	3.4301E6	
2037	-7.8278E-1	2.3494E0	5.4282E0	3.4301E6	
2038	-7.8278E-1	2.3494E0	5.4282E0	3.4301E6	
2039	-7.8278E-1	2.3494E0	5.4282E0	3.4301E6	
2040	-7.8278E-1	2.3494E0	5.4282E0	3.4301E6	
2041	-7.8278E-1	2.3494E0	5.4282E0	3.4301E6	
2042	-7.8278E-1	2.3494E0	5.4282E0	3.4301E6	
2043	-7.8278E-1	2.3494E0	5.4282E0	3.4301E6	
2044	-7.8278E-1	2.3494E0	5.4282E0	3.4301E6	
2045	-7.8278E-1	2.3494E0	5.4282E0	3.4301E6	
2046	-7.8278E-1	2.3494E0	5.4282E0	3.4301E6	
2047	-7.8278E-1	2.3494E0	5.4282E0	3.4301E6	
2048	-7.8278E-1	2.3494E0	5.4282E0	3.4301E6	
