point 163
Index	Vertical (A-B)	Force	Z Height	Time Stamp	
     	V	nN	?m	?sec	
1	-8.1017E-1	-1.8398E0	5.4539E0	1.2000E2	
2	-8.0849E-1	6.5112E-1	5.4525E0	2.3400E3	
3	-8.0826E-1	9.9079E-1	5.4498E0	4.5600E3	
4	-8.1131E-1	-3.5382E0	5.4466E0	6.7800E3	
5	-8.0780E-1	1.6701E0	5.4432E0	9.0000E3	
6	-8.0734E-1	2.3495E0	5.4395E0	1.1220E4	
7	-8.0772E-1	1.7834E0	5.4357E0	1.3440E4	
8	-8.0826E-1	9.9079E-1	5.4318E0	1.5660E4	
9	-8.0956E-1	-9.3404E-1	5.4278E0	1.7880E4	
10	-8.0780E-1	1.6701E0	5.4237E0	2.0100E4	
11	-8.0872E-1	3.1144E-1	5.4194E0	2.2320E4	
12	-8.1017E-1	-1.8398E0	5.4151E0	2.4540E4	
13	-8.0772E-1	1.7834E0	5.4107E0	2.6760E4	
14	-8.0856E-1	5.3789E-1	5.4064E0	2.8980E4	
15	-8.0742E-1	2.2363E0	5.4020E0	3.1200E4	
16	-8.0429E-1	6.8785E0	5.3975E0	3.3420E4	
17	-8.0658E-1	3.4818E0	5.3930E0	3.5640E4	
18	-8.0734E-1	2.3495E0	5.3885E0	3.7860E4	
19	-8.0658E-1	3.4818E0	5.3839E0	4.0080E4	
20	-8.0544E-1	5.1801E0	5.3793E0	4.2300E4	
21	-8.0658E-1	3.4818E0	5.3747E0	4.4520E4	
22	-8.0620E-1	4.0479E0	5.3700E0	4.6740E4	
23	-8.0643E-1	3.7082E0	5.3654E0	4.8960E4	
24	-8.0605E-1	4.2743E0	5.3607E0	5.1180E4	
25	-8.0566E-1	4.8405E0	5.3559E0	5.3400E4	
26	-8.0704E-1	2.8024E0	5.3513E0	5.5620E4	
27	-8.0566E-1	4.8405E0	5.3465E0	5.7840E4	
28	-8.0528E-1	5.4066E0	5.3418E0	6.0060E4	
29	-8.0750E-1	2.1231E0	5.3371E0	6.2280E4	
30	-8.0620E-1	4.0479E0	5.3322E0	6.4500E4	
31	-8.0406E-1	7.2182E0	5.3275E0	6.6720E4	
32	-8.0338E-1	8.2372E0	5.3226E0	6.8940E4	
33	-8.0582E-1	4.6140E0	5.3178E0	7.1160E4	
34	-8.0620E-1	4.0479E0	5.3130E0	7.3380E4	
35	-8.0505E-1	5.7463E0	5.3081E0	7.5600E4	
36	-8.0505E-1	5.7463E0	5.3032E0	7.7820E4	
37	-8.0299E-1	8.8034E0	5.2984E0	8.0040E4	
38	-8.0376E-1	7.6711E0	5.2935E0	8.2260E4	
39	-8.0360E-1	7.8976E0	5.2886E0	8.4480E4	
40	-8.0353E-1	8.0108E0	5.2837E0	8.6700E4	
41	-8.0368E-1	7.7843E0	5.2788E0	8.8920E4	
42	-8.0147E-1	1.1068E1	5.2738E0	9.1140E4	
43	-8.0482E-1	6.0860E0	5.2689E0	9.3360E4	
44	-8.0421E-1	6.9918E0	5.2639E0	9.5580E4	
45	-8.0444E-1	6.6521E0	5.2590E0	9.7800E4	
46	-8.0338E-1	8.2372E0	5.2541E0	1.0002E5	
47	-8.0261E-1	9.3695E0	5.2491E0	1.0224E5	
48	-8.0223E-1	9.9356E0	5.2442E0	1.0446E5	
49	-8.0353E-1	8.0108E0	5.2392E0	1.0668E5	
50	-8.0338E-1	8.2372E0	5.2342E0	1.0890E5	
51	-8.0185E-1	1.0502E1	5.2292E0	1.1112E5	
52	-8.0055E-1	1.2427E1	5.2241E0	1.1334E5	
53	-8.0315E-1	8.5769E0	5.2192E0	1.1556E5	
54	-8.0246E-1	9.5960E0	5.2142E0	1.1778E5	
55	-8.0276E-1	9.1430E0	5.2091E0	1.2000E5	
56	-8.0208E-1	1.0162E1	5.2040E0	1.2222E5	
57	-8.0132E-1	1.1294E1	5.1989E0	1.2444E5	
58	-8.0147E-1	1.1068E1	5.1940E0	1.2666E5	
59	-7.9979E-1	1.3559E1	5.1889E0	1.2888E5	
60	-8.0132E-1	1.1294E1	5.1837E0	1.3110E5	
61	-8.0154E-1	1.0955E1	5.1787E0	1.3332E5	
62	-8.0086E-1	1.1974E1	5.1736E0	1.3554E5	
63	-7.9857E-1	1.5370E1	5.1686E0	1.3776E5	
64	-7.9926E-1	1.4351E1	5.1635E0	1.3998E5	
65	-8.0139E-1	1.1181E1	5.1584E0	1.4220E5	
66	-8.0215E-1	1.0049E1	5.1533E0	1.4442E5	
67	-8.0147E-1	1.1068E1	5.1481E0	1.4664E5	
68	-8.0162E-1	1.0841E1	5.1429E0	1.4886E5	
69	-7.9971E-1	1.3672E1	5.1378E0	1.5108E5	
70	-8.0116E-1	1.1521E1	5.1327E0	1.5330E5	
71	-7.9918E-1	1.4465E1	5.1276E0	1.5552E5	
72	-7.9956E-1	1.3899E1	5.1224E0	1.5774E5	
73	-7.9948E-1	1.4012E1	5.1173E0	1.5996E5	
74	-7.9735E-1	1.7182E1	5.1121E0	1.6218E5	
75	-7.9742E-1	1.7069E1	5.1069E0	1.6440E5	
76	-7.9834E-1	1.5710E1	5.1017E0	1.6662E5	
77	-7.9918E-1	1.4465E1	5.0964E0	1.6884E5	
78	-7.9971E-1	1.3672E1	5.0914E0	1.7106E5	
79	-7.9628E-1	1.8767E1	5.0862E0	1.7328E5	
80	-8.0078E-1	1.2087E1	5.0809E0	1.7550E5	
81	-7.9765E-1	1.6729E1	5.0758E0	1.7772E5	
82	-7.9941E-1	1.4125E1	5.0705E0	1.7994E5	
83	-7.9613E-1	1.8994E1	5.0654E0	1.8216E5	
84	-7.9910E-1	1.4578E1	5.0600E0	1.8438E5	
85	-7.9742E-1	1.7069E1	5.0548E0	1.8660E5	
86	-7.9948E-1	1.4012E1	5.0497E0	1.8882E5	
87	-7.9773E-1	1.6616E1	5.0444E0	1.9104E5	
88	-7.9788E-1	1.6389E1	5.0391E0	1.9326E5	
89	-7.9773E-1	1.6616E1	5.0339E0	1.9548E5	
90	-7.9597E-1	1.9220E1	5.0287E0	1.9770E5	
91	-7.9819E-1	1.5937E1	5.0234E0	1.9992E5	
92	-7.9597E-1	1.9220E1	5.0180E0	2.0214E5	
93	-7.9826E-1	1.5823E1	5.0128E0	2.0436E5	
94	-7.9697E-1	1.7748E1	5.0075E0	2.0658E5	
95	-7.9651E-1	1.8428E1	5.0022E0	2.0880E5	
96	-7.9491E-1	2.0805E1	4.9969E0	2.1102E5	
97	-7.9475E-1	2.1032E1	4.9916E0	2.1324E5	
98	-7.9529E-1	2.0239E1	4.9863E0	2.1546E5	
99	-7.9254E-1	2.4315E1	4.9810E0	2.1768E5	
100	-7.9308E-1	2.3523E1	4.9756E0	2.1990E5	
101	-7.9628E-1	1.8767E1	4.9703E0	2.2212E5	
102	-7.9399E-1	2.2164E1	4.9649E0	2.2434E5	
103	-7.9308E-1	2.3523E1	4.9596E0	2.2656E5	
104	-7.9597E-1	1.9220E1	4.9543E0	2.2878E5	
105	-7.9269E-1	2.4089E1	4.9490E0	2.3100E5	
106	-7.9369E-1	2.2617E1	4.9436E0	2.3322E5	
107	-7.9269E-1	2.4089E1	4.9382E0	2.3544E5	
108	-7.9529E-1	2.0239E1	4.9328E0	2.3766E5	
109	-7.8995E-1	2.8165E1	4.9274E0	2.3988E5	
110	-7.9247E-1	2.4429E1	4.9221E0	2.4210E5	
111	-7.9437E-1	2.1598E1	4.9167E0	2.4432E5	
112	-7.9269E-1	2.4089E1	4.9113E0	2.4654E5	
113	-7.9323E-1	2.3296E1	4.9059E0	2.4876E5	
114	-7.9063E-1	2.7146E1	4.9005E0	2.5098E5	
115	-7.9185E-1	2.5334E1	4.8950E0	2.5320E5	
116	-7.9102E-1	2.6580E1	4.8898E0	2.5542E5	
117	-7.9102E-1	2.6580E1	4.8844E0	2.5764E5	
118	-7.9094E-1	2.6693E1	4.8787E0	2.5986E5	
119	-7.9056E-1	2.7259E1	4.8734E0	2.6208E5	
120	-7.9063E-1	2.7146E1	4.8680E0	2.6430E5	
121	-7.9041E-1	2.7486E1	4.8626E0	2.6652E5	
122	-7.9208E-1	2.4995E1	4.8570E0	2.6874E5	
123	-7.9163E-1	2.5674E1	4.8516E0	2.7096E5	
124	-7.9155E-1	2.5787E1	4.8462E0	2.7318E5	
125	-7.9132E-1	2.6127E1	4.8407E0	2.7540E5	
126	-7.9063E-1	2.7146E1	4.8353E0	2.7762E5	
127	-7.8682E-1	3.2807E1	4.8299E0	2.7984E5	
128	-7.9033E-1	2.7599E1	4.8243E0	2.8206E5	
129	-7.9124E-1	2.6240E1	4.8188E0	2.8428E5	
130	-7.8964E-1	2.8618E1	4.8133E0	2.8650E5	
131	-7.8949E-1	2.8844E1	4.8078E0	2.8872E5	
132	-7.8880E-1	2.9863E1	4.8024E0	2.9094E5	
133	-7.8835E-1	3.0543E1	4.7968E0	2.9316E5	
134	-7.8880E-1	2.9863E1	4.7914E0	2.9538E5	
135	-7.8827E-1	3.0656E1	4.7858E0	2.9760E5	
136	-7.8941E-1	2.8958E1	4.7803E0	2.9982E5	
137	-7.9002E-1	2.8052E1	4.7748E0	3.0204E5	
138	-7.8911E-1	2.9410E1	4.7693E0	3.0426E5	
139	-7.8934E-1	2.9071E1	4.7638E0	3.0648E5	
140	-7.8743E-1	3.1901E1	4.7583E0	3.0870E5	
141	-7.8880E-1	2.9863E1	4.7526E0	3.1092E5	
142	-7.8911E-1	2.9410E1	4.7471E0	3.1314E5	
143	-7.8934E-1	2.9071E1	4.7415E0	3.1536E5	
144	-7.8850E-1	3.0316E1	4.7360E0	3.1758E5	
145	-7.8804E-1	3.0996E1	4.7304E0	3.1980E5	
146	-7.8857E-1	3.0203E1	4.7248E0	3.2202E5	
147	-7.8682E-1	3.2807E1	4.7193E0	3.2424E5	
148	-7.8812E-1	3.0882E1	4.7137E0	3.2646E5	
149	-7.8659E-1	3.3147E1	4.7081E0	3.2868E5	
150	-7.8621E-1	3.3713E1	4.7026E0	3.3090E5	
151	-7.8598E-1	3.4053E1	4.6969E0	3.3312E5	
152	-7.8590E-1	3.4166E1	4.6913E0	3.3534E5	
153	-7.8583E-1	3.4279E1	4.6856E0	3.3756E5	
154	-7.8613E-1	3.3826E1	4.6800E0	3.3978E5	
155	-7.8735E-1	3.2015E1	4.6745E0	3.4200E5	
156	-7.8651E-1	3.3260E1	4.6688E0	3.4422E5	
157	-7.8667E-1	3.3034E1	4.6632E0	3.4644E5	
158	-7.8506E-1	3.5411E1	4.6576E0	3.4866E5	
159	-7.8842E-1	3.0429E1	4.6519E0	3.5088E5	
160	-7.8384E-1	3.7223E1	4.6464E0	3.5310E5	
161	-7.8644E-1	3.3373E1	4.6406E0	3.5532E5	
162	-7.8400E-1	3.6997E1	4.6350E0	3.5754E5	
163	-7.8362E-1	3.7563E1	4.6293E0	3.5976E5	
164	-7.8522E-1	3.5185E1	4.6237E0	3.6198E5	
165	-7.8606E-1	3.3939E1	4.6179E0	3.6420E5	
166	-7.8339E-1	3.7902E1	4.6123E0	3.6642E5	
167	-7.8476E-1	3.5864E1	4.6066E0	3.6864E5	
168	-7.8438E-1	3.6430E1	4.6010E0	3.7086E5	
169	-7.8438E-1	3.6430E1	4.5952E0	3.7308E5	
170	-7.8445E-1	3.6317E1	4.5895E0	3.7530E5	
171	-7.8300E-1	3.8469E1	4.5839E0	3.7752E5	
172	-7.8369E-1	3.7449E1	4.5781E0	3.7974E5	
173	-7.8346E-1	3.7789E1	4.5724E0	3.8196E5	
174	-7.8278E-1	3.8808E1	4.5668E0	3.8418E5	
175	-7.8331E-1	3.8016E1	4.5609E0	3.8640E5	
176	-7.8293E-1	3.8582E1	4.5552E0	3.8862E5	
177	-7.8148E-1	4.0733E1	4.5495E0	3.9084E5	
178	-7.8087E-1	4.1639E1	4.5438E0	3.9306E5	
179	-7.7927E-1	4.4017E1	4.5380E0	3.9528E5	
180	-7.8224E-1	3.9601E1	4.5323E0	3.9750E5	
181	-7.7919E-1	4.4130E1	4.5266E0	3.9972E5	
182	-7.8041E-1	4.2318E1	4.5207E0	4.0194E5	
183	-7.8041E-1	4.2318E1	4.5151E0	4.0416E5	
184	-7.8255E-1	3.9148E1	4.5092E0	4.0638E5	
185	-7.8056E-1	4.2092E1	4.5035E0	4.0860E5	
186	-7.8148E-1	4.0733E1	4.4977E0	4.1082E5	
187	-7.8354E-1	3.7676E1	4.4920E0	4.1304E5	
188	-7.8178E-1	4.0280E1	4.4861E0	4.1526E5	
189	-7.8018E-1	4.2658E1	4.4803E0	4.1748E5	
190	-7.8072E-1	4.1865E1	4.4746E0	4.1970E5	
191	-7.8094E-1	4.1526E1	4.4688E0	4.2192E5	
192	-7.7881E-1	4.4696E1	4.4629E0	4.2414E5	
193	-7.8209E-1	3.9827E1	4.4571E0	4.2636E5	
194	-7.7896E-1	4.4469E1	4.4513E0	4.2858E5	
195	-7.7843E-1	4.5262E1	4.4456E0	4.3080E5	
196	-7.7904E-1	4.4356E1	4.4397E0	4.3302E5	
197	-7.8026E-1	4.2545E1	4.4339E0	4.3524E5	
198	-7.7866E-1	4.4922E1	4.4281E0	4.3746E5	
199	-7.7820E-1	4.5602E1	4.4222E0	4.3968E5	
200	-7.7713E-1	4.7187E1	4.4163E0	4.4190E5	
201	-7.7744E-1	4.6734E1	4.4105E0	4.4412E5	
202	-7.7911E-1	4.4243E1	4.4046E0	4.4634E5	
203	-7.7660E-1	4.7979E1	4.3987E0	4.4856E5	
204	-7.7515E-1	5.0131E1	4.3929E0	4.5078E5	
205	-7.7614E-1	4.8659E1	4.3871E0	4.5300E5	
206	-7.7759E-1	4.6508E1	4.3812E0	4.5522E5	
207	-7.7705E-1	4.7300E1	4.3753E0	4.5744E5	
208	-7.7774E-1	4.6281E1	4.3694E0	4.5966E5	
209	-7.7827E-1	4.5489E1	4.3636E0	4.6188E5	
210	-7.7583E-1	4.9112E1	4.3578E0	4.6410E5	
211	-7.7637E-1	4.8319E1	4.3518E0	4.6632E5	
212	-7.7530E-1	4.9904E1	4.3459E0	4.6854E5	
213	-7.7599E-1	4.8885E1	4.3400E0	4.7076E5	
214	-7.7782E-1	4.6168E1	4.3342E0	4.7298E5	
215	-7.7370E-1	5.2282E1	4.3282E0	4.7520E5	
216	-7.7515E-1	5.0131E1	4.3222E0	4.7742E5	
217	-7.7469E-1	5.0810E1	4.3164E0	4.7964E5	
218	-7.7309E-1	5.3188E1	4.3104E0	4.8186E5	
219	-7.7545E-1	4.9678E1	4.3045E0	4.8408E5	
220	-7.7423E-1	5.1489E1	4.2986E0	4.8630E5	
221	-7.7423E-1	5.1489E1	4.2926E0	4.8852E5	
222	-7.7316E-1	5.3075E1	4.2868E0	4.9074E5	
223	-7.7438E-1	5.1263E1	4.2808E0	4.9296E5	
224	-7.7339E-1	5.2735E1	4.2748E0	4.9518E5	
225	-7.7484E-1	5.0584E1	4.2689E0	4.9740E5	
226	-7.7507E-1	5.0244E1	4.2629E0	4.9962E5	
227	-7.7309E-1	5.3188E1	4.2570E0	5.0184E5	
228	-7.7522E-1	5.0018E1	4.2510E0	5.0406E5	
229	-7.7377E-1	5.2169E1	4.2449E0	5.0628E5	
230	-7.7454E-1	5.1037E1	4.2389E0	5.0850E5	
231	-7.7370E-1	5.2282E1	4.2331E0	5.1072E5	
232	-7.7232E-1	5.4320E1	4.2270E0	5.1294E5	
233	-7.7400E-1	5.1829E1	4.2211E0	5.1516E5	
234	-7.7332E-1	5.2848E1	4.2150E0	5.1738E5	
235	-7.7354E-1	5.2509E1	4.2090E0	5.1960E5	
236	-7.6874E-1	5.9642E1	4.2031E0	5.2182E5	
237	-7.7354E-1	5.2509E1	4.1972E0	5.2404E5	
238	-7.7187E-1	5.4999E1	4.1911E0	5.2626E5	
239	-7.7065E-1	5.6811E1	4.1851E0	5.2848E5	
240	-7.6904E-1	5.9189E1	4.1791E0	5.3070E5	
241	-7.7225E-1	5.4433E1	4.1731E0	5.3292E5	
242	-7.7179E-1	5.5113E1	4.1671E0	5.3514E5	
243	-7.6881E-1	5.9529E1	4.1611E0	5.3736E5	
244	-7.7019E-1	5.7490E1	4.1550E0	5.3958E5	
245	-7.7095E-1	5.6358E1	4.1490E0	5.4180E5	
246	-7.7026E-1	5.7377E1	4.1429E0	5.4402E5	
247	-7.7110E-1	5.6132E1	4.1369E0	5.4624E5	
248	-7.6996E-1	5.7830E1	4.1308E0	5.4846E5	
249	-7.6836E-1	6.0208E1	4.1249E0	5.5068E5	
250	-7.7026E-1	5.7377E1	4.1188E0	5.5290E5	
251	-7.6797E-1	6.0774E1	4.1127E0	5.5512E5	
252	-7.7019E-1	5.7490E1	4.1066E0	5.5734E5	
253	-7.6706E-1	6.2133E1	4.1006E0	5.5956E5	
254	-7.6988E-1	5.7943E1	4.0946E0	5.6178E5	
255	-7.6736E-1	6.1680E1	4.0885E0	5.6400E5	
256	-7.6714E-1	6.2019E1	4.0824E0	5.6622E5	
257	-7.6797E-1	6.0774E1	4.0763E0	5.6844E5	
258	-7.6859E-1	5.9868E1	4.0701E0	5.7066E5	
259	-7.6714E-1	6.2019E1	4.0641E0	5.7288E5	
260	-7.6904E-1	5.9189E1	4.0582E0	5.7510E5	
261	-7.6958E-1	5.8396E1	4.0520E0	5.7732E5	
262	-7.6874E-1	5.9642E1	4.0458E0	5.7954E5	
263	-7.6706E-1	6.2133E1	4.0397E0	5.8176E5	
264	-7.6698E-1	6.2246E1	4.0336E0	5.8398E5	
265	-7.6630E-1	6.3265E1	4.0276E0	5.8620E5	
266	-7.6508E-1	6.5077E1	4.0214E0	5.8842E5	
267	-7.6637E-1	6.3152E1	4.0153E0	5.9064E5	
268	-7.6668E-1	6.2699E1	4.0092E0	5.9286E5	
269	-7.6736E-1	6.1680E1	4.0030E0	5.9508E5	
270	-7.6744E-1	6.1567E1	3.9969E0	5.9730E5	
271	-7.6500E-1	6.5190E1	3.9908E0	5.9952E5	
272	-7.6698E-1	6.2246E1	3.9846E0	6.0174E5	
273	-7.6660E-1	6.2812E1	3.9785E0	6.0396E5	
274	-7.6607E-1	6.3605E1	3.9723E0	6.0618E5	
275	-7.6607E-1	6.3605E1	3.9662E0	6.0840E5	
276	-7.6408E-1	6.6549E1	3.9601E0	6.1062E5	
277	-7.6332E-1	6.7681E1	3.9539E0	6.1284E5	
278	-7.6508E-1	6.5077E1	3.9477E0	6.1506E5	
279	-7.6363E-1	6.7228E1	3.9417E0	6.1728E5	
280	-7.6576E-1	6.4058E1	3.9354E0	6.1950E5	
281	-7.6492E-1	6.5303E1	3.9292E0	6.2172E5	
282	-7.6317E-1	6.7907E1	3.9231E0	6.2394E5	
283	-7.6508E-1	6.5077E1	3.9169E0	6.2616E5	
284	-7.6637E-1	6.3152E1	3.9107E0	6.2838E5	
285	-7.6263E-1	6.8700E1	3.9044E0	6.3060E5	
286	-7.6363E-1	6.7228E1	3.8983E0	6.3282E5	
287	-7.6233E-1	6.9153E1	3.8921E0	6.3504E5	
288	-7.6462E-1	6.5756E1	3.8859E0	6.3726E5	
289	-7.6431E-1	6.6209E1	3.8797E0	6.3948E5	
290	-7.6210E-1	6.9492E1	3.8735E0	6.4170E5	
291	-7.6279E-1	6.8473E1	3.8673E0	6.4392E5	
292	-7.5981E-1	7.2889E1	3.8611E0	6.4614E5	
293	-7.6241E-1	6.9039E1	3.8549E0	6.4836E5	
294	-7.6042E-1	7.1983E1	3.8486E0	6.5058E5	
295	-7.6256E-1	6.8813E1	3.8425E0	6.5280E5	
296	-7.6180E-1	6.9945E1	3.8362E0	6.5502E5	
297	-7.6279E-1	6.8473E1	3.8300E0	6.5724E5	
298	-7.6317E-1	6.7907E1	3.8237E0	6.5946E5	
299	-7.6279E-1	6.8473E1	3.8174E0	6.6168E5	
300	-7.5920E-1	7.3795E1	3.8113E0	6.6390E5	
301	-7.6324E-1	6.7794E1	3.8050E0	6.6612E5	
302	-7.5958E-1	7.3229E1	3.7989E0	6.6834E5	
303	-7.6141E-1	7.0511E1	3.7925E0	6.7056E5	
304	-7.6027E-1	7.2210E1	3.7863E0	6.7278E5	
305	-7.6050E-1	7.1870E1	3.7800E0	6.7500E5	
306	-7.5836E-1	7.5040E1	3.7737E0	6.7722E5	
307	-7.5989E-1	7.2776E1	3.7675E0	6.7944E5	
308	-7.6103E-1	7.1078E1	3.7612E0	6.8166E5	
309	-7.5836E-1	7.5040E1	3.7550E0	6.8388E5	
310	-7.6012E-1	7.2436E1	3.7487E0	6.8610E5	
311	-7.6210E-1	6.9492E1	3.7423E0	6.8832E5	
312	-7.6073E-1	7.1530E1	3.7361E0	6.9054E5	
313	-7.5569E-1	7.9003E1	3.7298E0	6.9276E5	
314	-7.5768E-1	7.6059E1	3.7235E0	6.9498E5	
315	-7.5905E-1	7.4021E1	3.7172E0	6.9720E5	
316	-7.5676E-1	7.7418E1	3.7108E0	6.9942E5	
317	-7.5928E-1	7.3682E1	3.7046E0	7.0164E5	
318	-7.5630E-1	7.8098E1	3.6983E0	7.0386E5	
319	-7.5630E-1	7.8098E1	3.6920E0	7.0608E5	
320	-7.5714E-1	7.6852E1	3.6856E0	7.0830E5	
321	-7.5806E-1	7.5493E1	3.6794E0	7.1052E5	
322	-7.5760E-1	7.6173E1	3.6731E0	7.1274E5	
323	-7.5500E-1	8.0022E1	3.6667E0	7.1496E5	
324	-7.5432E-1	8.1041E1	3.6603E0	7.1718E5	
325	-7.5760E-1	7.6173E1	3.6542E0	7.1940E5	
326	-7.5401E-1	8.1494E1	3.6477E0	7.2162E5	
327	-7.5439E-1	8.0928E1	3.6414E0	7.2384E5	
328	-7.5340E-1	8.2400E1	3.6350E0	7.2606E5	
329	-7.5447E-1	8.0815E1	3.6287E0	7.2828E5	
330	-7.5294E-1	8.3079E1	3.6223E0	7.3050E5	
331	-7.5447E-1	8.0815E1	3.6161E0	7.3272E5	
332	-7.5623E-1	7.8211E1	3.6096E0	7.3494E5	
333	-7.5508E-1	7.9909E1	3.6034E0	7.3716E5	
334	-7.5562E-1	7.9117E1	3.5969E0	7.3938E5	
335	-7.5562E-1	7.9117E1	3.5905E0	7.4160E5	
336	-7.5531E-1	7.9569E1	3.5841E0	7.4382E5	
337	-7.5142E-1	8.5344E1	3.5778E0	7.4604E5	
338	-7.5432E-1	8.1041E1	3.5714E0	7.4826E5	
339	-7.5302E-1	8.2966E1	3.5651E0	7.5048E5	
340	-7.5417E-1	8.1268E1	3.5586E0	7.5270E5	
341	-7.5363E-1	8.2060E1	3.5521E0	7.5492E5	
342	-7.5218E-1	8.4212E1	3.5459E0	7.5714E5	
343	-7.5447E-1	8.0815E1	3.5396E0	7.5936E5	
344	-7.5005E-1	8.7382E1	3.5330E0	7.6158E5	
345	-7.5172E-1	8.4891E1	3.5267E0	7.6380E5	
346	-7.5348E-1	8.2287E1	3.5203E0	7.6602E5	
347	-7.5165E-1	8.5004E1	3.5139E0	7.6824E5	
348	-7.5050E-1	8.6703E1	3.5075E0	7.7046E5	
349	-7.4913E-1	8.8741E1	3.5011E0	7.7268E5	
350	-7.5172E-1	8.4891E1	3.4947E0	7.7490E5	
351	-7.5073E-1	8.6363E1	3.4883E0	7.7712E5	
352	-7.5165E-1	8.5004E1	3.4817E0	7.7934E5	
353	-7.5249E-1	8.3759E1	3.4753E0	7.8156E5	
354	-7.4997E-1	8.7495E1	3.4689E0	7.8378E5	
355	-7.5142E-1	8.5344E1	3.4625E0	7.8600E5	
356	-7.4951E-1	8.8175E1	3.4560E0	7.8822E5	
357	-7.4883E-1	8.9194E1	3.4496E0	7.9044E5	
358	-7.5020E-1	8.7156E1	3.4431E0	7.9266E5	
359	-7.4928E-1	8.8514E1	3.4367E0	7.9488E5	
360	-7.5035E-1	8.6929E1	3.4303E0	7.9710E5	
361	-7.4966E-1	8.7948E1	3.4238E0	7.9932E5	
362	-7.4921E-1	8.8628E1	3.4173E0	8.0154E5	
363	-7.4951E-1	8.8175E1	3.4108E0	8.0376E5	
364	-7.4814E-1	9.0213E1	3.4045E0	8.0598E5	
365	-7.4783E-1	9.0666E1	3.3979E0	8.0820E5	
366	-7.4913E-1	8.8741E1	3.3915E0	8.1042E5	
367	-7.4944E-1	8.8288E1	3.3850E0	8.1264E5	
368	-7.4654E-1	9.2590E1	3.3785E0	8.1486E5	
369	-7.4615E-1	9.3157E1	3.3721E0	8.1708E5	
370	-7.4661E-1	9.2477E1	3.3656E0	8.1930E5	
371	-7.4577E-1	9.3723E1	3.3591E0	8.2152E5	
372	-7.4852E-1	8.9647E1	3.3526E0	8.2374E5	
373	-7.4722E-1	9.1571E1	3.3462E0	8.2596E5	
374	-7.4760E-1	9.1005E1	3.3395E0	8.2818E5	
375	-7.4707E-1	9.1798E1	3.3332E0	8.3040E5	
376	-7.4577E-1	9.3723E1	3.3266E0	8.3262E5	
377	-7.4646E-1	9.2704E1	3.3201E0	8.3484E5	
378	-7.4623E-1	9.3043E1	3.3136E0	8.3706E5	
379	-7.4661E-1	9.2477E1	3.3071E0	8.3928E5	
380	-7.4364E-1	9.6893E1	3.3006E0	8.4150E5	
381	-7.4440E-1	9.5761E1	3.2941E0	8.4372E5	
382	-7.4341E-1	9.7233E1	3.2875E0	8.4594E5	
383	-7.4516E-1	9.4628E1	3.2810E0	8.4816E5	
384	-7.4501E-1	9.4855E1	3.2744E0	8.5038E5	
385	-7.4379E-1	9.6667E1	3.2680E0	8.5260E5	
386	-7.4394E-1	9.6440E1	3.2614E0	8.5482E5	
387	-7.4409E-1	9.6214E1	3.2549E0	8.5704E5	
388	-7.4371E-1	9.6780E1	3.2483E0	8.5926E5	
389	-7.4303E-1	9.7799E1	3.2418E0	8.6148E5	
390	-7.4402E-1	9.6327E1	3.2353E0	8.6370E5	
391	-7.4677E-1	9.2251E1	3.2288E0	8.6592E5	
392	-7.4234E-1	9.8818E1	3.2222E0	8.6814E5	
393	-7.4173E-1	9.9724E1	3.2156E0	8.7036E5	
394	-7.4249E-1	9.8591E1	3.2090E0	8.7258E5	
395	-7.4158E-1	9.9950E1	3.2025E0	8.7480E5	
396	-7.4104E-1	1.0074E2	3.1959E0	8.7702E5	
397	-7.4234E-1	9.8818E1	3.1894E0	8.7924E5	
398	-7.4051E-1	1.0154E2	3.1828E0	8.8146E5	
399	-7.3784E-1	1.0550E2	3.1762E0	8.8368E5	
400	-7.4081E-1	1.0108E2	3.1697E0	8.8590E5	
401	-7.3959E-1	1.0289E2	3.1630E0	8.8812E5	
402	-7.3990E-1	1.0244E2	3.1564E0	8.9034E5	
403	-7.4028E-1	1.0187E2	3.1499E0	8.9256E5	
404	-7.3792E-1	1.0538E2	3.1433E0	8.9478E5	
405	-7.3906E-1	1.0369E2	3.1367E0	8.9700E5	
406	-7.3883E-1	1.0403E2	3.1301E0	8.9922E5	
407	-7.3997E-1	1.0233E2	3.1235E0	9.0144E5	
408	-7.3730E-1	1.0629E2	3.1169E0	9.0366E5	
409	-7.3692E-1	1.0686E2	3.1103E0	9.0588E5	
410	-7.3959E-1	1.0289E2	3.1036E0	9.0810E5	
411	-7.3921E-1	1.0346E2	3.0971E0	9.1032E5	
412	-7.3631E-1	1.0776E2	3.0905E0	9.1254E5	
413	-7.4196E-1	9.9384E1	3.0838E0	9.1476E5	
414	-7.4005E-1	1.0221E2	3.0773E0	9.1698E5	
415	-7.3761E-1	1.0584E2	3.0707E0	9.1920E5	
416	-7.3700E-1	1.0674E2	3.0639E0	9.2142E5	
417	-7.3875E-1	1.0414E2	3.0574E0	9.2364E5	
418	-7.3715E-1	1.0652E2	3.0507E0	9.2586E5	
419	-7.3883E-1	1.0403E2	3.0440E0	9.2808E5	
420	-7.3792E-1	1.0538E2	3.0375E0	9.3030E5	
421	-7.3936E-1	1.0323E2	3.0308E0	9.3252E5	
422	-7.3669E-1	1.0720E2	3.0242E0	9.3474E5	
423	-7.3723E-1	1.0640E2	3.0175E0	9.3696E5	
424	-7.3814E-1	1.0505E2	3.0108E0	9.3918E5	
425	-7.3685E-1	1.0697E2	3.0042E0	9.4140E5	
426	-7.3647E-1	1.0754E2	2.9975E0	9.4362E5	
427	-7.3616E-1	1.0799E2	2.9909E0	9.4584E5	
428	-7.3662E-1	1.0731E2	2.9842E0	9.4806E5	
429	-7.3563E-1	1.0878E2	2.9776E0	9.5028E5	
430	-7.3792E-1	1.0538E2	2.9709E0	9.5250E5	
431	-7.3357E-1	1.1184E2	2.9642E0	9.5472E5	
432	-7.3456E-1	1.1037E2	2.9575E0	9.5694E5	
433	-7.3624E-1	1.0788E2	2.9509E0	9.5916E5	
434	-7.3372E-1	1.1161E2	2.9441E0	9.6138E5	
435	-7.3463E-1	1.1025E2	2.9376E0	9.6360E5	
436	-7.3616E-1	1.0799E2	2.9308E0	9.6582E5	
437	-7.3181E-1	1.1444E2	2.9241E0	9.6804E5	
438	-7.3532E-1	1.0923E2	2.9174E0	9.7026E5	
439	-7.3448E-1	1.1048E2	2.9108E0	9.7248E5	
440	-7.3410E-1	1.1105E2	2.9040E0	9.7470E5	
441	-7.3387E-1	1.1139E2	2.8973E0	9.7692E5	
442	-7.3242E-1	1.1354E2	2.8907E0	9.7914E5	
443	-7.3242E-1	1.1354E2	2.8840E0	9.8136E5	
444	-7.3273E-1	1.1308E2	2.8772E0	9.8358E5	
445	-7.3303E-1	1.1263E2	2.8705E0	9.8580E5	
446	-7.3311E-1	1.1252E2	2.8638E0	9.8802E5	
447	-7.3128E-1	1.1524E2	2.8571E0	9.9024E5	
448	-7.2853E-1	1.1931E2	2.8503E0	9.9246E5	
449	-7.3174E-1	1.1456E2	2.8436E0	9.9468E5	
450	-7.3296E-1	1.1274E2	2.8370E0	9.9690E5	
451	-7.3051E-1	1.1637E2	2.8302E0	9.9912E5	
452	-7.3181E-1	1.1444E2	2.8235E0	1.0013E6	
453	-7.3181E-1	1.1444E2	2.8167E0	1.0036E6	
454	-7.3151E-1	1.1490E2	2.8101E0	1.0058E6	
455	-7.3273E-1	1.1308E2	2.8033E0	1.0080E6	
456	-7.3166E-1	1.1467E2	2.7965E0	1.0102E6	
457	-7.2807E-1	1.1999E2	2.7898E0	1.0124E6	
458	-7.2792E-1	1.2022E2	2.7830E0	1.0147E6	
459	-7.3120E-1	1.1535E2	2.7763E0	1.0169E6	
460	-7.2937E-1	1.1807E2	2.7696E0	1.0191E6	
461	-7.2952E-1	1.1784E2	2.7629E0	1.0213E6	
462	-7.3051E-1	1.1637E2	2.7560E0	1.0235E6	
463	-7.2670E-1	1.2203E2	2.7494E0	1.0258E6	
464	-7.2792E-1	1.2022E2	2.7426E0	1.0280E6	
465	-7.2861E-1	1.1920E2	2.7358E0	1.0302E6	
466	-7.3044E-1	1.1648E2	2.7290E0	1.0324E6	
467	-7.2746E-1	1.2090E2	2.7222E0	1.0346E6	
468	-7.2723E-1	1.2124E2	2.7155E0	1.0369E6	
469	-7.2899E-1	1.1863E2	2.7087E0	1.0391E6	
470	-7.2495E-1	1.2463E2	2.7019E0	1.0413E6	
471	-7.2609E-1	1.2293E2	2.6952E0	1.0435E6	
472	-7.2441E-1	1.2543E2	2.6883E0	1.0457E6	
473	-7.2762E-1	1.2067E2	2.6816E0	1.0480E6	
474	-7.2449E-1	1.2531E2	2.6749E0	1.0502E6	
475	-7.2784E-1	1.2033E2	2.6680E0	1.0524E6	
476	-7.2708E-1	1.2146E2	2.6612E0	1.0546E6	
477	-7.2281E-1	1.2780E2	2.6544E0	1.0568E6	
478	-7.2586E-1	1.2327E2	2.6475E0	1.0591E6	
479	-7.2601E-1	1.2305E2	2.6409E0	1.0613E6	
480	-7.2250E-1	1.2826E2	2.6340E0	1.0635E6	
481	-7.2403E-1	1.2599E2	2.6272E0	1.0657E6	
482	-7.2449E-1	1.2531E2	2.6203E0	1.0679E6	
483	-7.2502E-1	1.2452E2	2.6135E0	1.0702E6	
484	-7.2517E-1	1.2429E2	2.6068E0	1.0724E6	
485	-7.2258E-1	1.2814E2	2.5999E0	1.0746E6	
486	-7.2502E-1	1.2452E2	2.5931E0	1.0768E6	
487	-7.2441E-1	1.2543E2	2.5864E0	1.0790E6	
488	-7.2647E-1	1.2237E2	2.5795E0	1.0813E6	
489	-7.2395E-1	1.2611E2	2.5726E0	1.0835E6	
490	-7.2281E-1	1.2780E2	2.5659E0	1.0857E6	
491	-7.2220E-1	1.2871E2	2.5590E0	1.0879E6	
492	-7.2212E-1	1.2882E2	2.5521E0	1.0901E6	
493	-7.2357E-1	1.2667E2	2.5453E0	1.0924E6	
494	-7.2159E-1	1.2962E2	2.5385E0	1.0946E6	
495	-7.2113E-1	1.3029E2	2.5317E0	1.0968E6	
496	-7.2044E-1	1.3131E2	2.5248E0	1.0990E6	
497	-7.2090E-1	1.3063E2	2.5180E0	1.1012E6	
498	-7.2212E-1	1.2882E2	2.5112E0	1.1035E6	
499	-7.2083E-1	1.3075E2	2.5043E0	1.1057E6	
500	-7.2037E-1	1.3143E2	2.4974E0	1.1079E6	
501	-7.2121E-1	1.3018E2	2.4905E0	1.1101E6	
502	-7.1945E-1	1.3279E2	2.4837E0	1.1123E6	
503	-7.2006E-1	1.3188E2	2.4768E0	1.1146E6	
504	-7.2029E-1	1.3154E2	2.4700E0	1.1168E6	
505	-7.2128E-1	1.3007E2	2.4632E0	1.1190E6	
506	-7.1754E-1	1.3562E2	2.4563E0	1.1212E6	
507	-7.1960E-1	1.3256E2	2.4493E0	1.1234E6	
508	-7.2014E-1	1.3177E2	2.4426E0	1.1257E6	
509	-7.1777E-1	1.3528E2	2.4356E0	1.1279E6	
510	-7.1648E-1	1.3720E2	2.4287E0	1.1301E6	
511	-7.2014E-1	1.3177E2	2.4220E0	1.1323E6	
512	-7.1861E-1	1.3403E2	2.4151E0	1.1345E6	
513	-7.1953E-1	1.3267E2	2.4081E0	1.1368E6	
514	-7.1907E-1	1.3335E2	2.4012E0	1.1390E6	
515	-7.1877E-1	1.3380E2	2.3945E0	1.1412E6	
516	-7.1594E-1	1.3799E2	2.3875E0	1.1434E6	
517	-7.1785E-1	1.3516E2	2.3806E0	1.1456E6	
518	-7.1709E-1	1.3630E2	2.3738E0	1.1479E6	
519	-7.1732E-1	1.3596E2	2.3668E0	1.1501E6	
520	-7.1472E-1	1.3981E2	2.3600E0	1.1523E6	
521	-7.1732E-1	1.3596E2	2.3530E0	1.1545E6	
522	-7.1785E-1	1.3516E2	2.3461E0	1.1567E6	
523	-7.1571E-1	1.3833E2	2.3392E0	1.1590E6	
524	-7.1350E-1	1.4162E2	2.3322E0	1.1612E6	
525	-7.1716E-1	1.3618E2	2.3253E0	1.1634E6	
526	-7.1526E-1	1.3901E2	2.3185E0	1.1656E6	
527	-7.1259E-1	1.4298E2	2.3115E0	1.1678E6	
528	-7.1350E-1	1.4162E2	2.3046E0	1.1701E6	
529	-7.1632E-1	1.3743E2	2.2977E0	1.1723E6	
530	-7.1663E-1	1.3697E2	2.2908E0	1.1745E6	
531	-7.1472E-1	1.3981E2	2.2838E0	1.1767E6	
532	-7.1342E-1	1.4173E2	2.2769E0	1.1789E6	
533	-7.1198E-1	1.4388E2	2.2701E0	1.1812E6	
534	-7.1297E-1	1.4241E2	2.2630E0	1.1834E6	
535	-7.1274E-1	1.4275E2	2.2561E0	1.1856E6	
536	-7.1266E-1	1.4286E2	2.2492E0	1.1878E6	
537	-7.1129E-1	1.4490E2	2.2423E0	1.1900E6	
538	-7.1106E-1	1.4524E2	2.2353E0	1.1923E6	
539	-7.1342E-1	1.4173E2	2.2285E0	1.1945E6	
540	-7.1175E-1	1.4422E2	2.2214E0	1.1967E6	
541	-7.1266E-1	1.4286E2	2.2145E0	1.1989E6	
542	-7.0938E-1	1.4773E2	2.2075E0	1.2011E6	
543	-7.1335E-1	1.4184E2	2.2007E0	1.2034E6	
544	-7.1129E-1	1.4490E2	2.1936E0	1.2056E6	
545	-7.1266E-1	1.4286E2	2.1868E0	1.2078E6	
546	-7.1030E-1	1.4637E2	2.1798E0	1.2100E6	
547	-7.1098E-1	1.4535E2	2.1729E0	1.2122E6	
548	-7.1068E-1	1.4581E2	2.1658E0	1.2145E6	
549	-7.1045E-1	1.4615E2	2.1590E0	1.2167E6	
550	-7.1159E-1	1.4445E2	2.1519E0	1.2189E6	
551	-7.0885E-1	1.4852E2	2.1450E0	1.2211E6	
552	-7.0869E-1	1.4875E2	2.1379E0	1.2233E6	
553	-7.1167E-1	1.4433E2	2.1311E0	1.2256E6	
554	-7.0854E-1	1.4898E2	2.1241E0	1.2278E6	
555	-7.0961E-1	1.4739E2	2.1171E0	1.2300E6	
556	-7.0755E-1	1.5045E2	2.1102E0	1.2322E6	
557	-7.0824E-1	1.4943E2	2.1031E0	1.2344E6	
558	-7.0801E-1	1.4977E2	2.0962E0	1.2367E6	
559	-7.0969E-1	1.4728E2	2.0892E0	1.2389E6	
560	-7.0854E-1	1.4898E2	2.0822E0	1.2411E6	
561	-7.0900E-1	1.4830E2	2.0752E0	1.2433E6	
562	-7.0831E-1	1.4932E2	2.0683E0	1.2455E6	
563	-7.0877E-1	1.4864E2	2.0613E0	1.2478E6	
564	-7.0877E-1	1.4864E2	2.0542E0	1.2500E6	
565	-7.0854E-1	1.4898E2	2.0472E0	1.2522E6	
566	-7.0709E-1	1.5113E2	2.0403E0	1.2544E6	
567	-7.0793E-1	1.4988E2	2.0333E0	1.2566E6	
568	-7.0503E-1	1.5419E2	2.0263E0	1.2589E6	
569	-7.0877E-1	1.4864E2	2.0193E0	1.2611E6	
570	-7.0511E-1	1.5407E2	2.0124E0	1.2633E6	
571	-7.0496E-1	1.5430E2	2.0052E0	1.2655E6	
572	-7.0488E-1	1.5441E2	1.9982E0	1.2677E6	
573	-7.0724E-1	1.5090E2	1.9913E0	1.2700E6	
574	-7.0312E-1	1.5702E2	1.9843E0	1.2722E6	
575	-7.0595E-1	1.5283E2	1.9772E0	1.2744E6	
576	-7.0732E-1	1.5079E2	1.9702E0	1.2766E6	
577	-7.0816E-1	1.4954E2	1.9633E0	1.2788E6	
578	-7.0557E-1	1.5339E2	1.9563E0	1.2811E6	
579	-7.0740E-1	1.5068E2	1.9492E0	1.2833E6	
580	-7.0480E-1	1.5452E2	1.9422E0	1.2855E6	
581	-7.0320E-1	1.5690E2	1.9352E0	1.2877E6	
582	-7.0580E-1	1.5305E2	1.9281E0	1.2899E6	
583	-7.0328E-1	1.5679E2	1.9212E0	1.2922E6	
584	-7.0358E-1	1.5634E2	1.9141E0	1.2944E6	
585	-7.0450E-1	1.5498E2	1.9071E0	1.2966E6	
586	-7.0435E-1	1.5520E2	1.9001E0	1.2988E6	
587	-7.0267E-1	1.5770E2	1.8930E0	1.3010E6	
588	-7.0145E-1	1.5951E2	1.8860E0	1.3033E6	
589	-7.0198E-1	1.5871E2	1.8789E0	1.3055E6	
590	-7.0061E-1	1.6075E2	1.8720E0	1.3077E6	
591	-7.0045E-1	1.6098E2	1.8649E0	1.3099E6	
592	-6.9847E-1	1.6392E2	1.8579E0	1.3121E6	
593	-7.0198E-1	1.5871E2	1.8508E0	1.3144E6	
594	-7.0068E-1	1.6064E2	1.8438E0	1.3166E6	
595	-6.9794E-1	1.6472E2	1.8367E0	1.3188E6	
596	-6.9984E-1	1.6188E2	1.8298E0	1.3210E6	
597	-6.9794E-1	1.6472E2	1.8226E0	1.3232E6	
598	-6.9908E-1	1.6302E2	1.8157E0	1.3255E6	
599	-6.9870E-1	1.6358E2	1.8086E0	1.3277E6	
600	-6.9855E-1	1.6381E2	1.8015E0	1.3299E6	
601	-7.0084E-1	1.6041E2	1.7944E0	1.3321E6	
602	-7.0023E-1	1.6132E2	1.7874E0	1.3343E6	
603	-6.9809E-1	1.6449E2	1.7803E0	1.3366E6	
604	-6.9931E-1	1.6268E2	1.7733E0	1.3388E6	
605	-7.0015E-1	1.6143E2	1.7662E0	1.3410E6	
606	-6.9595E-1	1.6766E2	1.7592E0	1.3432E6	
607	-6.9565E-1	1.6811E2	1.7521E0	1.3454E6	
608	-6.9664E-1	1.6664E2	1.7450E0	1.3477E6	
609	-6.9809E-1	1.6449E2	1.7379E0	1.3499E6	
610	-6.9435E-1	1.7004E2	1.7309E0	1.3521E6	
611	-6.9641E-1	1.6698E2	1.7238E0	1.3543E6	
612	-6.9717E-1	1.6585E2	1.7167E0	1.3565E6	
613	-6.9298E-1	1.7207E2	1.7097E0	1.3588E6	
614	-6.9672E-1	1.6653E2	1.7026E0	1.3610E6	
615	-6.9649E-1	1.6687E2	1.6956E0	1.3632E6	
616	-6.9679E-1	1.6641E2	1.6884E0	1.3654E6	
617	-6.9550E-1	1.6834E2	1.6813E0	1.3676E6	
618	-6.9603E-1	1.6755E2	1.6742E0	1.3699E6	
619	-6.9695E-1	1.6619E2	1.6672E0	1.3721E6	
620	-6.9504E-1	1.6902E2	1.6601E0	1.3743E6	
621	-6.9427E-1	1.7015E2	1.6530E0	1.3765E6	
622	-6.9229E-1	1.7309E2	1.6459E0	1.3787E6	
623	-6.9504E-1	1.6902E2	1.6389E0	1.3810E6	
624	-6.9420E-1	1.7026E2	1.6319E0	1.3832E6	
625	-6.9229E-1	1.7309E2	1.6247E0	1.3854E6	
626	-6.9557E-1	1.6823E2	1.6177E0	1.3876E6	
627	-6.9473E-1	1.6947E2	1.6106E0	1.3898E6	
628	-6.9252E-1	1.7275E2	1.6036E0	1.3921E6	
629	-6.9252E-1	1.7275E2	1.5964E0	1.3943E6	
630	-6.9366E-1	1.7106E2	1.5893E0	1.3965E6	
631	-6.9298E-1	1.7207E2	1.5822E0	1.3987E6	
632	-6.9283E-1	1.7230E2	1.5752E0	1.4009E6	
633	-6.9084E-1	1.7525E2	1.5679E0	1.4032E6	
634	-6.9168E-1	1.7400E2	1.5609E0	1.4054E6	
635	-6.9283E-1	1.7230E2	1.5539E0	1.4076E6	
636	-6.9099E-1	1.7502E2	1.5468E0	1.4098E6	
637	-6.9283E-1	1.7230E2	1.5396E0	1.4120E6	
638	-6.9054E-1	1.7570E2	1.5325E0	1.4143E6	
639	-6.9160E-1	1.7411E2	1.5253E0	1.4165E6	
640	-6.9138E-1	1.7445E2	1.5184E0	1.4187E6	
641	-6.9145E-1	1.7434E2	1.5112E0	1.4209E6	
642	-6.8970E-1	1.7694E2	1.5041E0	1.4231E6	
643	-6.8855E-1	1.7864E2	1.4970E0	1.4254E6	
644	-6.9084E-1	1.7525E2	1.4899E0	1.4276E6	
645	-6.8893E-1	1.7808E2	1.4828E0	1.4298E6	
646	-6.8848E-1	1.7876E2	1.4757E0	1.4320E6	
647	-6.9130E-1	1.7457E2	1.4686E0	1.4342E6	
648	-6.8825E-1	1.7909E2	1.4614E0	1.4365E6	
649	-6.8634E-1	1.8193E2	1.4544E0	1.4387E6	
650	-6.8840E-1	1.7887E2	1.4473E0	1.4409E6	
651	-6.8832E-1	1.7898E2	1.4401E0	1.4431E6	
652	-6.8649E-1	1.8170E2	1.4330E0	1.4453E6	
653	-6.8657E-1	1.8159E2	1.4259E0	1.4476E6	
654	-6.8848E-1	1.7876E2	1.4188E0	1.4498E6	
655	-6.8832E-1	1.7898E2	1.4118E0	1.4520E6	
656	-6.8573E-1	1.8283E2	1.4045E0	1.4542E6	
657	-6.8756E-1	1.8011E2	1.3974E0	1.4564E6	
658	-6.8726E-1	1.8057E2	1.3903E0	1.4587E6	
659	-6.8687E-1	1.8113E2	1.3833E0	1.4609E6	
660	-6.8443E-1	1.8476E2	1.3761E0	1.4631E6	
661	-6.8413E-1	1.8521E2	1.3690E0	1.4653E6	
662	-6.8565E-1	1.8294E2	1.3618E0	1.4675E6	
663	-6.8451E-1	1.8464E2	1.3547E0	1.4698E6	
664	-6.8581E-1	1.8272E2	1.3477E0	1.4720E6	
665	-6.8581E-1	1.8272E2	1.3405E0	1.4742E6	
666	-6.8314E-1	1.8668E2	1.3334E0	1.4764E6	
667	-6.8382E-1	1.8566E2	1.3262E0	1.4786E6	
668	-6.8352E-1	1.8611E2	1.3190E0	1.4809E6	
669	-6.7963E-1	1.9189E2	1.3120E0	1.4831E6	
670	-6.8382E-1	1.8566E2	1.3048E0	1.4853E6	
671	-6.8336E-1	1.8634E2	1.2978E0	1.4875E6	
672	-6.8207E-1	1.8827E2	1.2906E0	1.4897E6	
673	-6.8024E-1	1.9098E2	1.2835E0	1.4920E6	
674	-6.8329E-1	1.8645E2	1.2763E0	1.4942E6	
675	-6.8329E-1	1.8645E2	1.2692E0	1.4964E6	
676	-6.8268E-1	1.8736E2	1.2621E0	1.4986E6	
677	-6.8199E-1	1.8838E2	1.2550E0	1.5008E6	
678	-6.8001E-1	1.9132E2	1.2478E0	1.5031E6	
679	-6.8214E-1	1.8815E2	1.2406E0	1.5053E6	
680	-6.8062E-1	1.9042E2	1.2336E0	1.5075E6	
681	-6.8359E-1	1.8600E2	1.2264E0	1.5097E6	
682	-6.8108E-1	1.8974E2	1.2193E0	1.5119E6	
683	-6.7863E-1	1.9336E2	1.2121E0	1.5142E6	
684	-6.8146E-1	1.8917E2	1.2051E0	1.5164E6	
685	-6.8405E-1	1.8532E2	1.1979E0	1.5186E6	
686	-6.8062E-1	1.9042E2	1.1908E0	1.5208E6	
687	-6.8031E-1	1.9087E2	1.1837E0	1.5230E6	
688	-7.1480E-1	1.3969E2	1.1765E0	1.5253E6	
689	-7.0847E-1	1.4909E2	1.1693E0	1.5275E6	
690	-7.0976E-1	1.4717E2	1.1623E0	1.5297E6	
691	-7.0541E-1	1.5362E2	1.1551E0	1.5319E6	
692	-7.0518E-1	1.5396E2	1.1480E0	1.5341E6	
693	-6.9473E-1	1.6947E2	1.1408E0	1.5364E6	
694	-6.8924E-1	1.7762E2	1.1337E0	1.5386E6	
695	-6.8672E-1	1.8136E2	1.1265E0	1.5408E6	
696	-6.7833E-1	1.9381E2	1.1194E0	1.5430E6	
697	-6.7299E-1	2.0174E2	1.1123E0	1.5452E6	
698	-6.6826E-1	2.0876E2	1.1051E0	1.5475E6	
699	-6.6643E-1	2.1148E2	1.0981E0	1.5497E6	
700	-6.5895E-1	2.2257E2	1.0909E0	1.5519E6	
701	-6.5521E-1	2.2812E2	1.0837E0	1.5541E6	
702	-6.4598E-1	2.4182E2	1.0767E0	1.5563E6	
703	-6.4262E-1	2.4680E2	1.0695E0	1.5586E6	
704	-6.3835E-1	2.5314E2	1.0624E0	1.5608E6	
705	-6.3057E-1	2.6469E2	1.0552E0	1.5630E6	
706	-6.3133E-1	2.6356E2	1.0481E0	1.5652E6	
707	-6.2683E-1	2.7024E2	1.0410E0	1.5674E6	
708	-6.2012E-1	2.8021E2	1.0338E0	1.5697E6	
709	-6.1508E-1	2.8768E2	1.0267E0	1.5719E6	
710	-6.1653E-1	2.8553E2	1.0195E0	1.5741E6	
711	-6.1234E-1	2.9175E2	1.0124E0	1.5763E6	
712	-6.0852E-1	2.9742E2	1.0053E0	1.5785E6	
713	-6.0081E-1	3.0885E2	9.9817E-1	1.5808E6	
714	-6.0043E-1	3.0942E2	9.9095E-1	1.5830E6	
715	-5.9731E-1	3.1406E2	9.8377E-1	1.5852E6	
716	-5.9349E-1	3.1972E2	9.7674E-1	1.5874E6	
717	-5.8815E-1	3.2765E2	9.6961E-1	1.5896E6	
718	-5.8304E-1	3.3523E2	9.6245E-1	1.5919E6	
719	-5.7816E-1	3.4248E2	9.5534E-1	1.5941E6	
720	-5.7220E-1	3.5131E2	9.4823E-1	1.5963E6	
721	-5.7152E-1	3.5233E2	9.4107E-1	1.5985E6	
722	-5.6595E-1	3.6060E2	9.3385E-1	1.6007E6	
723	-5.6084E-1	3.6818E2	9.2677E-1	1.6030E6	
724	-5.5611E-1	3.7520E2	9.1975E-1	1.6052E6	
725	-5.5298E-1	3.7984E2	9.1252E-1	1.6074E6	
726	-5.4848E-1	3.8652E2	9.0551E-1	1.6096E6	
727	-5.4085E-1	3.9785E2	8.9830E-1	1.6118E6	
728	-5.3902E-1	4.0056E2	8.9128E-1	1.6141E6	
729	-5.3352E-1	4.0872E2	8.8412E-1	1.6163E6	
730	-5.2917E-1	4.1517E2	8.7698E-1	1.6185E6	
731	-5.2528E-1	4.2095E2	8.6987E-1	1.6207E6	
732	-5.1987E-1	4.2898E2	8.6264E-1	1.6229E6	
733	-5.1712E-1	4.3306E2	8.5560E-1	1.6252E6	
734	-5.0835E-1	4.4608E2	8.4841E-1	1.6274E6	
735	-5.0529E-1	4.5061E2	8.4131E-1	1.6296E6	
736	-4.9889E-1	4.6012E2	8.3417E-1	1.6318E6	
737	-4.9232E-1	4.6986E2	8.2701E-1	1.6340E6	
738	-4.8744E-1	4.7711E2	8.1989E-1	1.6363E6	
739	-4.7966E-1	4.8865E2	8.1285E-1	1.6385E6	
740	-4.7325E-1	4.9817E2	8.0574E-1	1.6407E6	
741	-4.6661E-1	5.0802E2	7.9865E-1	1.6429E6	
742	-4.5883E-1	5.1956E2	7.9162E-1	1.6451E6	
743	-4.5753E-1	5.2149E2	7.8433E-1	1.6474E6	
744	-4.4800E-1	5.3564E2	7.7738E-1	1.6496E6	
745	-4.4304E-1	5.4300E2	7.7009E-1	1.6518E6	
746	-4.3770E-1	5.5093E2	7.6316E-1	1.6540E6	
747	-4.2870E-1	5.6429E2	7.5593E-1	1.6562E6	
748	-4.2404E-1	5.7120E2	7.4881E-1	1.6585E6	
749	-4.1138E-1	5.8999E2	7.4177E-1	1.6607E6	
750	-4.1130E-1	5.9010E2	7.3467E-1	1.6629E6	
751	-4.0306E-1	6.0233E2	7.2753E-1	1.6651E6	
752	-3.9864E-1	6.0890E2	7.2049E-1	1.6673E6	
753	-3.8712E-1	6.2600E2	7.1340E-1	1.6696E6	
754	-3.8490E-1	6.2928E2	7.0626E-1	1.6718E6	
755	-3.7529E-1	6.4355E2	6.9918E-1	1.6740E6	
756	-3.7094E-1	6.5000E2	6.9213E-1	1.6762E6	
757	-3.6674E-1	6.5623E2	6.8504E-1	1.6784E6	
758	-3.5995E-1	6.6631E2	6.7786E-1	1.6807E6	
759	-3.5332E-1	6.7616E2	6.7085E-1	1.6829E6	
760	-3.4584E-1	6.8725E2	6.6383E-1	1.6851E6	
761	-3.4523E-1	6.8816E2	6.5668E-1	1.6873E6	
762	-3.3493E-1	7.0344E2	6.4974E-1	1.6895E6	
763	-3.2799E-1	7.1375E2	6.4258E-1	1.6918E6	
764	-3.2219E-1	7.2235E2	6.3554E-1	1.6940E6	
765	-3.1105E-1	7.3888E2	6.2848E-1	1.6962E6	
766	-3.1075E-1	7.3934E2	6.2692E-1	1.6967E6	
767	-3.1212E-1	7.3730E2	6.2580E-1	1.6971E6	
768	-3.0815E-1	7.4319E2	6.2542E-1	1.6972E6	
769	-3.0815E-1	7.4319E2	6.2542E-1	1.6972E6	
770	-3.0815E-1	7.4319E2	6.2542E-1	1.6972E6	
771	-3.0815E-1	7.4319E2	6.2542E-1	1.6972E6	
772	-3.0815E-1	7.4319E2	6.2542E-1	1.6972E6	
773	-3.0815E-1	7.4319E2	6.2542E-1	1.6972E6	
774	-3.0815E-1	7.4319E2	6.2542E-1	1.6972E6	
775	-3.0815E-1	7.4319E2	6.2542E-1	1.6972E6	
776	-3.0815E-1	7.4319E2	6.2542E-1	1.6972E6	
777	-3.0815E-1	7.4319E2	6.2542E-1	1.6972E6	
778	-3.0815E-1	7.4319E2	6.2542E-1	1.6972E6	
779	-3.0815E-1	7.4319E2	6.2542E-1	1.6972E6	
780	-3.0815E-1	7.4319E2	6.2542E-1	1.6972E6	
781	-3.0815E-1	7.4319E2	6.2542E-1	1.6972E6	
782	-3.0815E-1	7.4319E2	6.2542E-1	1.6972E6	
783	-3.0815E-1	7.4319E2	6.2542E-1	1.6972E6	
784	-3.0815E-1	7.4319E2	6.2542E-1	1.6972E6	
785	-3.0815E-1	7.4319E2	6.2542E-1	1.6972E6	
786	-3.0815E-1	7.4319E2	6.2542E-1	1.6972E6	
787	-3.0815E-1	7.4319E2	6.2542E-1	1.6972E6	
788	-3.0815E-1	7.4319E2	6.2542E-1	1.6972E6	
789	-3.0815E-1	7.4319E2	6.2542E-1	1.6972E6	
790	-3.0815E-1	7.4319E2	6.2542E-1	1.6972E6	
791	-3.0815E-1	7.4319E2	6.2542E-1	1.6972E6	
792	-3.0815E-1	7.4319E2	6.2542E-1	1.6972E6	
793	-3.0815E-1	7.4319E2	6.2542E-1	1.6972E6	
794	-3.0815E-1	7.4319E2	6.2542E-1	1.6972E6	
795	-3.0815E-1	7.4319E2	6.2542E-1	1.6972E6	
796	-3.0815E-1	7.4319E2	6.2542E-1	1.6972E6	
797	-3.0815E-1	7.4319E2	6.2542E-1	1.6972E6	
798	-3.0815E-1	7.4319E2	6.2542E-1	1.6972E6	
799	-3.0815E-1	7.4319E2	6.2542E-1	1.6972E6	
800	-3.0815E-1	7.4319E2	6.2542E-1	1.6972E6	
801	-3.0815E-1	7.4319E2	6.2542E-1	1.6972E6	
802	-3.0815E-1	7.4319E2	6.2542E-1	1.6972E6	
803	-3.0815E-1	7.4319E2	6.2542E-1	1.6972E6	
804	-3.0815E-1	7.4319E2	6.2542E-1	1.6972E6	
805	-3.0815E-1	7.4319E2	6.2542E-1	1.6972E6	
806	-3.0815E-1	7.4319E2	6.2542E-1	1.6972E6	
807	-3.0815E-1	7.4319E2	6.2542E-1	1.6972E6	
808	-3.0815E-1	7.4319E2	6.2542E-1	1.6972E6	
809	-3.0815E-1	7.4319E2	6.2542E-1	1.6972E6	
810	-3.0815E-1	7.4319E2	6.2542E-1	1.6972E6	
811	-3.0815E-1	7.4319E2	6.2542E-1	1.6972E6	
812	-3.0815E-1	7.4319E2	6.2542E-1	1.6972E6	
813	-3.0815E-1	7.4319E2	6.2542E-1	1.6972E6	
814	-3.0815E-1	7.4319E2	6.2542E-1	1.6972E6	
815	-3.0815E-1	7.4319E2	6.2542E-1	1.6972E6	
816	-3.0815E-1	7.4319E2	6.2542E-1	1.6972E6	
817	-3.0815E-1	7.4319E2	6.2542E-1	1.6972E6	
818	-3.0815E-1	7.4319E2	6.2542E-1	1.6972E6	
819	-3.0815E-1	7.4319E2	6.2542E-1	1.6972E6	
820	-3.0815E-1	7.4319E2	6.2542E-1	1.6972E6	
821	-3.0815E-1	7.4319E2	6.2542E-1	1.6972E6	
822	-3.0815E-1	7.4319E2	6.2542E-1	1.6972E6	
823	-3.0815E-1	7.4319E2	6.2542E-1	1.6972E6	
824	-3.0815E-1	7.4319E2	6.2542E-1	1.6972E6	
825	-3.0815E-1	7.4319E2	6.2542E-1	1.6972E6	
826	-3.0815E-1	7.4319E2	6.2542E-1	1.6972E6	
827	-3.0815E-1	7.4319E2	6.2542E-1	1.6972E6	
828	-3.0815E-1	7.4319E2	6.2542E-1	1.6972E6	
829	-3.0815E-1	7.4319E2	6.2542E-1	1.6972E6	
830	-3.0815E-1	7.4319E2	6.2542E-1	1.6972E6	
831	-3.0815E-1	7.4319E2	6.2542E-1	1.6972E6	
832	-3.0815E-1	7.4319E2	6.2542E-1	1.6972E6	
833	-3.0815E-1	7.4319E2	6.2542E-1	1.6972E6	
834	-3.0815E-1	7.4319E2	6.2542E-1	1.6972E6	
835	-3.0815E-1	7.4319E2	6.2542E-1	1.6972E6	
836	-3.0815E-1	7.4319E2	6.2542E-1	1.6972E6	
837	-3.0815E-1	7.4319E2	6.2542E-1	1.6972E6	
838	-3.0815E-1	7.4319E2	6.2542E-1	1.6972E6	
839	-3.0815E-1	7.4319E2	6.2542E-1	1.6972E6	
840	-3.0815E-1	7.4319E2	6.2542E-1	1.6972E6	
841	-3.0815E-1	7.4319E2	6.2542E-1	1.6972E6	
842	-3.0815E-1	7.4319E2	6.2542E-1	1.6972E6	
843	-3.0815E-1	7.4319E2	6.2542E-1	1.6972E6	
844	-3.0815E-1	7.4319E2	6.2542E-1	1.6972E6	
845	-3.0815E-1	7.4319E2	6.2542E-1	1.6972E6	
846	-3.0815E-1	7.4319E2	6.2542E-1	1.6972E6	
847	-3.0815E-1	7.4319E2	6.2542E-1	1.6972E6	
848	-3.0815E-1	7.4319E2	6.2542E-1	1.6972E6	
849	-3.0815E-1	7.4319E2	6.2542E-1	1.6972E6	
850	-3.0815E-1	7.4319E2	6.2542E-1	1.6972E6	
851	-3.0815E-1	7.4319E2	6.2542E-1	1.6972E6	
852	-3.0815E-1	7.4319E2	6.2542E-1	1.6972E6	
853	-3.0815E-1	7.4319E2	6.2542E-1	1.6972E6	
854	-3.0815E-1	7.4319E2	6.2542E-1	1.6972E6	
855	-3.0815E-1	7.4319E2	6.2542E-1	1.6972E6	
856	-3.0815E-1	7.4319E2	6.2542E-1	1.6972E6	
857	-3.0815E-1	7.4319E2	6.2542E-1	1.6972E6	
858	-3.0815E-1	7.4319E2	6.2542E-1	1.6972E6	
859	-3.0815E-1	7.4319E2	6.2542E-1	1.6972E6	
860	-3.0815E-1	7.4319E2	6.2542E-1	1.6972E6	
861	-3.0815E-1	7.4319E2	6.2542E-1	1.6972E6	
862	-3.0815E-1	7.4319E2	6.2542E-1	1.6972E6	
863	-3.0815E-1	7.4319E2	6.2542E-1	1.6972E6	
864	-3.0815E-1	7.4319E2	6.2542E-1	1.6972E6	
865	-3.0815E-1	7.4319E2	6.2542E-1	1.6972E6	
866	-3.0815E-1	7.4319E2	6.2542E-1	1.6972E6	
867	-3.0815E-1	7.4319E2	6.2542E-1	1.6972E6	
868	-3.0815E-1	7.4319E2	6.2542E-1	1.6972E6	
869	-3.0815E-1	7.4319E2	6.2542E-1	1.6972E6	
870	-3.0815E-1	7.4319E2	6.2542E-1	1.6972E6	
871	-3.0815E-1	7.4319E2	6.2542E-1	1.6972E6	
872	-3.0815E-1	7.4319E2	6.2542E-1	1.6972E6	
873	-3.0815E-1	7.4319E2	6.2542E-1	1.6972E6	
874	-3.0815E-1	7.4319E2	6.2542E-1	1.6972E6	
875	-3.0815E-1	7.4319E2	6.2542E-1	1.6972E6	
876	-3.0815E-1	7.4319E2	6.2542E-1	1.6972E6	
877	-3.0815E-1	7.4319E2	6.2542E-1	1.6972E6	
878	-3.0815E-1	7.4319E2	6.2542E-1	1.6972E6	
879	-3.0815E-1	7.4319E2	6.2542E-1	1.6972E6	
880	-3.0815E-1	7.4319E2	6.2542E-1	1.6972E6	
881	-3.0815E-1	7.4319E2	6.2542E-1	1.6972E6	
882	-3.0815E-1	7.4319E2	6.2542E-1	1.6972E6	
883	-3.0815E-1	7.4319E2	6.2542E-1	1.6972E6	
884	-3.0815E-1	7.4319E2	6.2542E-1	1.6972E6	
885	-3.0815E-1	7.4319E2	6.2542E-1	1.6972E6	
886	-3.0815E-1	7.4319E2	6.2542E-1	1.6972E6	
887	-3.0815E-1	7.4319E2	6.2542E-1	1.6972E6	
888	-3.0815E-1	7.4319E2	6.2542E-1	1.6972E6	
889	-3.0815E-1	7.4319E2	6.2542E-1	1.6972E6	
890	-3.0815E-1	7.4319E2	6.2542E-1	1.6972E6	
891	-3.0815E-1	7.4319E2	6.2542E-1	1.6972E6	
892	-3.0815E-1	7.4319E2	6.2542E-1	1.6972E6	
893	-3.0815E-1	7.4319E2	6.2542E-1	1.6972E6	
894	-3.0815E-1	7.4319E2	6.2542E-1	1.6972E6	
895	-3.0815E-1	7.4319E2	6.2542E-1	1.6972E6	
896	-3.0815E-1	7.4319E2	6.2542E-1	1.6972E6	
897	-3.0815E-1	7.4319E2	6.2542E-1	1.6972E6	
898	-3.0815E-1	7.4319E2	6.2542E-1	1.6972E6	
899	-3.0815E-1	7.4319E2	6.2542E-1	1.6972E6	
900	-3.0815E-1	7.4319E2	6.2542E-1	1.6972E6	
901	-3.0815E-1	7.4319E2	6.2542E-1	1.6972E6	
902	-3.0815E-1	7.4319E2	6.2542E-1	1.6972E6	
903	-3.0815E-1	7.4319E2	6.2542E-1	1.6972E6	
904	-3.0815E-1	7.4319E2	6.2542E-1	1.6972E6	
905	-3.0815E-1	7.4319E2	6.2542E-1	1.6972E6	
906	-3.0815E-1	7.4319E2	6.2542E-1	1.6972E6	
907	-3.0815E-1	7.4319E2	6.2542E-1	1.6972E6	
908	-3.0815E-1	7.4319E2	6.2542E-1	1.6972E6	
909	-3.0815E-1	7.4319E2	6.2542E-1	1.6972E6	
910	-3.0815E-1	7.4319E2	6.2542E-1	1.6972E6	
911	-3.0815E-1	7.4319E2	6.2542E-1	1.6972E6	
912	-3.0815E-1	7.4319E2	6.2542E-1	1.6972E6	
913	-3.0815E-1	7.4319E2	6.2542E-1	1.6972E6	
914	-3.0815E-1	7.4319E2	6.2542E-1	1.6972E6	
915	-3.0815E-1	7.4319E2	6.2542E-1	1.6972E6	
916	-3.0815E-1	7.4319E2	6.2542E-1	1.6972E6	
917	-3.0815E-1	7.4319E2	6.2542E-1	1.6972E6	
918	-3.0815E-1	7.4319E2	6.2542E-1	1.6972E6	
919	-3.0815E-1	7.4319E2	6.2542E-1	1.6972E6	
920	-3.0815E-1	7.4319E2	6.2542E-1	1.6972E6	
921	-3.0815E-1	7.4319E2	6.2542E-1	1.6972E6	
922	-3.0815E-1	7.4319E2	6.2542E-1	1.6972E6	
923	-3.0815E-1	7.4319E2	6.2542E-1	1.6972E6	
924	-3.0815E-1	7.4319E2	6.2542E-1	1.6972E6	
925	-3.0815E-1	7.4319E2	6.2542E-1	1.6972E6	
926	-3.0815E-1	7.4319E2	6.2542E-1	1.6972E6	
927	-3.0815E-1	7.4319E2	6.2542E-1	1.6972E6	
928	-3.0815E-1	7.4319E2	6.2542E-1	1.6972E6	
929	-3.0815E-1	7.4319E2	6.2542E-1	1.6972E6	
930	-3.0815E-1	7.4319E2	6.2542E-1	1.6972E6	
931	-3.0815E-1	7.4319E2	6.2542E-1	1.6972E6	
932	-3.0815E-1	7.4319E2	6.2542E-1	1.6972E6	
933	-3.0815E-1	7.4319E2	6.2542E-1	1.6972E6	
934	-3.0815E-1	7.4319E2	6.2542E-1	1.6972E6	
935	-3.0815E-1	7.4319E2	6.2542E-1	1.6972E6	
936	-3.0815E-1	7.4319E2	6.2542E-1	1.6972E6	
937	-3.0815E-1	7.4319E2	6.2542E-1	1.6972E6	
938	-3.0815E-1	7.4319E2	6.2542E-1	1.6972E6	
939	-3.0815E-1	7.4319E2	6.2542E-1	1.6972E6	
940	-3.0815E-1	7.4319E2	6.2542E-1	1.6972E6	
941	-3.0815E-1	7.4319E2	6.2542E-1	1.6972E6	
942	-3.0815E-1	7.4319E2	6.2542E-1	1.6972E6	
943	-3.0815E-1	7.4319E2	6.2542E-1	1.6972E6	
944	-3.0815E-1	7.4319E2	6.2542E-1	1.6972E6	
945	-3.0815E-1	7.4319E2	6.2542E-1	1.6972E6	
946	-3.0815E-1	7.4319E2	6.2542E-1	1.6972E6	
947	-3.0815E-1	7.4319E2	6.2542E-1	1.6972E6	
948	-3.0815E-1	7.4319E2	6.2542E-1	1.6972E6	
949	-3.0815E-1	7.4319E2	6.2542E-1	1.6972E6	
950	-3.0815E-1	7.4319E2	6.2542E-1	1.6972E6	
951	-3.0815E-1	7.4319E2	6.2542E-1	1.6972E6	
952	-3.0815E-1	7.4319E2	6.2542E-1	1.6972E6	
953	-3.0815E-1	7.4319E2	6.2542E-1	1.6972E6	
954	-3.0815E-1	7.4319E2	6.2542E-1	1.6972E6	
955	-3.0815E-1	7.4319E2	6.2542E-1	1.6972E6	
956	-3.0815E-1	7.4319E2	6.2542E-1	1.6972E6	
957	-3.0815E-1	7.4319E2	6.2542E-1	1.6972E6	
958	-3.0815E-1	7.4319E2	6.2542E-1	1.6972E6	
959	-3.0815E-1	7.4319E2	6.2542E-1	1.6972E6	
960	-3.0815E-1	7.4319E2	6.2542E-1	1.6972E6	
961	-3.0815E-1	7.4319E2	6.2542E-1	1.6972E6	
962	-3.0815E-1	7.4319E2	6.2542E-1	1.6972E6	
963	-3.0815E-1	7.4319E2	6.2542E-1	1.6972E6	
964	-3.0815E-1	7.4319E2	6.2542E-1	1.6972E6	
965	-3.0815E-1	7.4319E2	6.2542E-1	1.6972E6	
966	-3.0815E-1	7.4319E2	6.2542E-1	1.6972E6	
967	-3.0815E-1	7.4319E2	6.2542E-1	1.6972E6	
968	-3.0815E-1	7.4319E2	6.2542E-1	1.6972E6	
969	-3.0815E-1	7.4319E2	6.2542E-1	1.6972E6	
970	-3.0815E-1	7.4319E2	6.2542E-1	1.6972E6	
971	-3.0815E-1	7.4319E2	6.2542E-1	1.6972E6	
972	-3.0815E-1	7.4319E2	6.2542E-1	1.6972E6	
973	-3.0815E-1	7.4319E2	6.2542E-1	1.6972E6	
974	-3.0815E-1	7.4319E2	6.2542E-1	1.6972E6	
975	-3.0815E-1	7.4319E2	6.2542E-1	1.6972E6	
976	-3.0815E-1	7.4319E2	6.2542E-1	1.6972E6	
977	-3.0815E-1	7.4319E2	6.2542E-1	1.6972E6	
978	-3.0815E-1	7.4319E2	6.2542E-1	1.6972E6	
979	-3.0815E-1	7.4319E2	6.2542E-1	1.6972E6	
980	-3.0815E-1	7.4319E2	6.2542E-1	1.6972E6	
981	-3.0815E-1	7.4319E2	6.2542E-1	1.6972E6	
982	-3.0815E-1	7.4319E2	6.2542E-1	1.6972E6	
983	-3.0815E-1	7.4319E2	6.2542E-1	1.6972E6	
984	-3.0815E-1	7.4319E2	6.2542E-1	1.6972E6	
985	-3.0815E-1	7.4319E2	6.2542E-1	1.6972E6	
986	-3.0815E-1	7.4319E2	6.2542E-1	1.6972E6	
987	-3.0815E-1	7.4319E2	6.2542E-1	1.6972E6	
988	-3.0815E-1	7.4319E2	6.2542E-1	1.6972E6	
989	-3.0815E-1	7.4319E2	6.2542E-1	1.6972E6	
990	-3.0815E-1	7.4319E2	6.2542E-1	1.6972E6	
991	-3.0815E-1	7.4319E2	6.2542E-1	1.6972E6	
992	-3.0815E-1	7.4319E2	6.2542E-1	1.6972E6	
993	-3.0815E-1	7.4319E2	6.2542E-1	1.6972E6	
994	-3.0815E-1	7.4319E2	6.2542E-1	1.6972E6	
995	-3.0815E-1	7.4319E2	6.2542E-1	1.6972E6	
996	-3.0815E-1	7.4319E2	6.2542E-1	1.6972E6	
997	-3.0815E-1	7.4319E2	6.2542E-1	1.6972E6	
998	-3.0815E-1	7.4319E2	6.2542E-1	1.6972E6	
999	-3.0815E-1	7.4319E2	6.2542E-1	1.6972E6	
1000	-3.0815E-1	7.4319E2	6.2542E-1	1.6972E6	
1001	-3.0815E-1	7.4319E2	6.2542E-1	1.6972E6	
1002	-3.0815E-1	7.4319E2	6.2542E-1	1.6972E6	
1003	-3.0815E-1	7.4319E2	6.2542E-1	1.6972E6	
1004	-3.0815E-1	7.4319E2	6.2542E-1	1.6972E6	
1005	-3.0815E-1	7.4319E2	6.2542E-1	1.6972E6	
1006	-3.0815E-1	7.4319E2	6.2542E-1	1.6972E6	
1007	-3.0815E-1	7.4319E2	6.2542E-1	1.6972E6	
1008	-3.0815E-1	7.4319E2	6.2542E-1	1.6972E6	
1009	-3.0815E-1	7.4319E2	6.2542E-1	1.6972E6	
1010	-3.0815E-1	7.4319E2	6.2542E-1	1.6972E6	
1011	-3.0815E-1	7.4319E2	6.2542E-1	1.6972E6	
1012	-3.0815E-1	7.4319E2	6.2542E-1	1.6972E6	
1013	-3.0815E-1	7.4319E2	6.2542E-1	1.6972E6	
1014	-3.0815E-1	7.4319E2	6.2542E-1	1.6972E6	
1015	-3.0815E-1	7.4319E2	6.2542E-1	1.6972E6	
1016	-3.0815E-1	7.4319E2	6.2542E-1	1.6972E6	
1017	-3.0815E-1	7.4319E2	6.2542E-1	1.6972E6	
1018	-3.0815E-1	7.4319E2	6.2542E-1	1.6972E6	
1019	-3.0815E-1	7.4319E2	6.2542E-1	1.6972E6	
1020	-3.0815E-1	7.4319E2	6.2542E-1	1.6972E6	
1021	-3.0815E-1	7.4319E2	6.2542E-1	1.6972E6	
1022	-3.0815E-1	7.4319E2	6.2542E-1	1.6972E6	
1023	-3.0815E-1	7.4319E2	6.2542E-1	1.6972E6	
1024	-3.0815E-1	7.4319E2	6.2542E-1	1.6972E6	
1025	-3.0983E-1	7.4069E2	6.2534E-1	1.6972E6	
1026	-3.5316E-1	6.7638E2	6.2675E-1	1.6994E6	
1027	-3.8155E-1	6.3426E2	6.2950E-1	1.7016E6	
1028	-4.0291E-1	6.0256E2	6.3267E-1	1.7038E6	
1029	-4.2160E-1	5.7482E2	6.3605E-1	1.7061E6	
1030	-4.3541E-1	5.5433E2	6.3971E-1	1.7083E6	
1031	-4.5357E-1	5.2738E2	6.4332E-1	1.7105E6	
1032	-4.7096E-1	5.0156E2	6.4722E-1	1.7127E6	
1033	-4.8271E-1	4.8413E2	6.5120E-1	1.7149E6	
1034	-5.0049E-1	4.5774E2	6.5527E-1	1.7172E6	
1035	-5.1140E-1	4.4155E2	6.5926E-1	1.7194E6	
1036	-5.2284E-1	4.2457E2	6.6346E-1	1.7216E6	
1037	-5.3574E-1	4.0543E2	6.6762E-1	1.7238E6	
1038	-5.4680E-1	3.8902E2	6.7182E-1	1.7260E6	
1039	-5.6061E-1	3.6852E2	6.7612E-1	1.7283E6	
1040	-5.7365E-1	3.4916E2	6.8043E-1	1.7305E6	
1041	-5.8167E-1	3.3727E2	6.8481E-1	1.7327E6	
1042	-5.9021E-1	3.2459E2	6.8915E-1	1.7349E6	
1043	-6.0387E-1	3.0432E2	6.9365E-1	1.7371E6	
1044	-6.1455E-1	2.8847E2	6.9801E-1	1.7394E6	
1045	-6.2126E-1	2.7851E2	7.0245E-1	1.7416E6	
1046	-6.3210E-1	2.6243E2	7.0688E-1	1.7438E6	
1047	-6.4240E-1	2.4714E2	7.1131E-1	1.7460E6	
1048	-6.5186E-1	2.3310E2	7.1579E-1	1.7482E6	
1049	-6.6238E-1	2.1748E2	7.2038E-1	1.7505E6	
1050	-6.7299E-1	2.0174E2	7.2501E-1	1.7527E6	
1051	-6.7726E-1	1.9540E2	7.2947E-1	1.7549E6	
1052	-6.8916E-1	1.7774E2	7.3401E-1	1.7571E6	
1053	-6.9786E-1	1.6483E2	7.3851E-1	1.7593E6	
1054	-7.0564E-1	1.5328E2	7.4323E-1	1.7616E6	
1055	-7.1426E-1	1.4048E2	7.4787E-1	1.7638E6	
1056	-7.2144E-1	1.2984E2	7.5240E-1	1.7660E6	
1057	-7.3181E-1	1.1444E2	7.5706E-1	1.7682E6	
1058	-7.3906E-1	1.0369E2	7.6168E-1	1.7704E6	
1059	-7.4539E-1	9.4289E1	7.6629E-1	1.7727E6	
1060	-7.5050E-1	8.6703E1	7.7090E-1	1.7749E6	
1061	-7.6393E-1	6.6775E1	7.7557E-1	1.7771E6	
1062	-7.7370E-1	5.2282E1	7.8019E-1	1.7793E6	
1063	-7.7774E-1	4.6281E1	7.8504E-1	1.7815E6	
1064	-7.8362E-1	3.7563E1	7.8970E-1	1.7838E6	
1065	-7.9407E-1	2.2051E1	7.9437E-1	1.7860E6	
1066	-7.9750E-1	1.6956E1	7.9897E-1	1.7882E6	
1067	-8.0986E-1	-1.3869E0	8.0379E-1	1.7904E6	
1068	-8.1146E-1	-3.7647E0	8.0852E-1	1.7926E6	
1069	-8.1566E-1	-9.9921E0	8.1330E-1	1.7949E6	
1070	-8.2405E-1	-2.2447E1	8.1805E-1	1.7971E6	
1071	-8.2886E-1	-2.9580E1	8.2285E-1	1.7993E6	
1072	-8.3923E-1	-4.4979E1	8.2756E-1	1.8015E6	
1073	-8.4312E-1	-5.0753E1	8.3232E-1	1.8037E6	
1074	-8.5121E-1	-6.2755E1	8.3708E-1	1.8060E6	
1075	-8.5571E-1	-6.9436E1	8.4176E-1	1.8082E6	
1076	-8.6472E-1	-8.2796E1	8.4659E-1	1.8104E6	
1077	-8.6983E-1	-9.0382E1	8.5134E-1	1.8126E6	
1078	-8.7173E-1	-9.3213E1	8.5628E-1	1.8148E6	
1079	-8.7860E-1	-1.0340E2	8.6105E-1	1.8171E6	
1080	-8.8661E-1	-1.1529E2	8.6587E-1	1.8193E6	
1081	-8.8570E-1	-1.1393E2	8.7066E-1	1.8215E6	
1082	-8.9867E-1	-1.3318E2	8.7558E-1	1.8237E6	
1083	-8.9935E-1	-1.3420E2	8.8045E-1	1.8259E6	
1084	-9.0706E-1	-1.4564E2	8.8527E-1	1.8282E6	
1085	-9.1209E-1	-1.5311E2	8.9009E-1	1.8304E6	
1086	-9.1423E-1	-1.5628E2	8.9495E-1	1.8326E6	
1087	-9.2010E-1	-1.6500E2	8.9984E-1	1.8348E6	
1088	-9.2278E-1	-1.6896E2	9.0474E-1	1.8370E6	
1089	-9.3109E-1	-1.8130E2	9.0949E-1	1.8393E6	
1090	-9.3437E-1	-1.8617E2	9.1442E-1	1.8415E6	
1091	-9.3925E-1	-1.9342E2	9.1936E-1	1.8437E6	
1092	-9.4414E-1	-2.0066E2	9.2422E-1	1.8459E6	
1093	-9.4894E-1	-2.0780E2	9.2917E-1	1.8481E6	
1094	-9.5627E-1	-2.1867E2	9.3408E-1	1.8504E6	
1095	-9.5993E-1	-2.2410E2	9.3898E-1	1.8526E6	
1096	-9.6405E-1	-2.3022E2	9.4390E-1	1.8548E6	
1097	-9.6695E-1	-2.3452E2	9.4885E-1	1.8570E6	
1098	-9.6413E-1	-2.3033E2	9.5375E-1	1.8592E6	
1099	-9.7336E-1	-2.4403E2	9.5879E-1	1.8615E6	
1100	-9.7305E-1	-2.4358E2	9.6379E-1	1.8637E6	
1101	-9.7778E-1	-2.5060E2	9.6872E-1	1.8659E6	
1102	-9.8091E-1	-2.5524E2	9.7367E-1	1.8681E6	
1103	-9.8427E-1	-2.6022E2	9.7864E-1	1.8703E6	
1104	-9.8747E-1	-2.6498E2	9.8370E-1	1.8726E6	
1105	-9.8663E-1	-2.6373E2	9.8863E-1	1.8748E6	
1106	-9.9228E-1	-2.7211E2	9.9366E-1	1.8770E6	
1107	-9.9648E-1	-2.7834E2	9.9856E-1	1.8792E6	
1108	-9.9335E-1	-2.7369E2	1.0036E0	1.8814E6	
1109	-9.9892E-1	-2.8196E2	1.0086E0	1.8837E6	
1110	-9.9899E-1	-2.8207E2	1.0136E0	1.8859E6	
1111	-1.0035E0	-2.8875E2	1.0187E0	1.8881E6	
1112	-1.0020E0	-2.8649E2	1.0236E0	1.8903E6	
1113	-1.0061E0	-2.9260E2	1.0288E0	1.8925E6	
1114	-1.0060E0	-2.9249E2	1.0338E0	1.8948E6	
1115	-1.0069E0	-2.9374E2	1.0388E0	1.8970E6	
1116	-1.0075E0	-2.9475E2	1.0439E0	1.8992E6	
1117	-1.0103E0	-2.9883E2	1.0489E0	1.9014E6	
1118	-1.0144E0	-3.0495E2	1.0541E0	1.9036E6	
1119	-1.0138E0	-3.0404E2	1.0590E0	1.9059E6	
1120	-1.0140E0	-3.0438E2	1.0642E0	1.9081E6	
1121	-1.0146E0	-3.0517E2	1.0693E0	1.9103E6	
1122	-1.0204E0	-3.1389E2	1.0744E0	1.9125E6	
1123	-1.0204E0	-3.1389E2	1.0795E0	1.9147E6	
1124	-1.0253E0	-3.2114E2	1.0845E0	1.9170E6	
1125	-1.0266E0	-3.2306E2	1.0896E0	1.9192E6	
1126	-1.0258E0	-3.2193E2	1.0948E0	1.9214E6	
1127	-1.0300E0	-3.2804E2	1.0999E0	1.9236E6	
1128	-1.0299E0	-3.2793E2	1.1050E0	1.9258E6	
1129	-1.0291E0	-3.2680E2	1.1101E0	1.9281E6	
1130	-1.0265E0	-3.2283E2	1.1153E0	1.9303E6	
1131	-1.0311E0	-3.2974E2	1.1204E0	1.9325E6	
1132	-1.0322E0	-3.3133E2	1.1256E0	1.9347E6	
1133	-1.0354E0	-3.3608E2	1.1306E0	1.9369E6	
1134	-1.0363E0	-3.3744E2	1.1359E0	1.9392E6	
1135	-1.0384E0	-3.4050E2	1.1411E0	1.9414E6	
1136	-1.0400E0	-3.4288E2	1.1462E0	1.9436E6	
1137	-1.0418E0	-3.4559E2	1.1514E0	1.9458E6	
1138	-1.0374E0	-3.3914E2	1.1566E0	1.9480E6	
1139	-1.0409E0	-3.4423E2	1.1617E0	1.9503E6	
1140	-1.0371E0	-3.3857E2	1.1670E0	1.9525E6	
1141	-1.0398E0	-3.4265E2	1.1722E0	1.9547E6	
1142	-1.0390E0	-3.4140E2	1.1773E0	1.9569E6	
1143	-1.0372E0	-3.3880E2	1.1825E0	1.9591E6	
1144	-1.0363E0	-3.3744E2	1.1878E0	1.9614E6	
1145	-1.0387E0	-3.4095E2	1.1930E0	1.9636E6	
1146	-1.0371E0	-3.3857E2	1.1983E0	1.9658E6	
1147	-1.0409E0	-3.4423E2	1.2035E0	1.9680E6	
1148	-1.0429E0	-3.4718E2	1.2087E0	1.9702E6	
1149	-1.0426E0	-3.4673E2	1.2140E0	1.9725E6	
1150	-1.0425E0	-3.4661E2	1.2192E0	1.9747E6	
1151	-1.0442E0	-3.4910E2	1.2245E0	1.9769E6	
1152	-1.0414E0	-3.4503E2	1.2297E0	1.9791E6	
1153	-1.0421E0	-3.4605E2	1.2350E0	1.9813E6	
1154	-1.0426E0	-3.4673E2	1.2403E0	1.9836E6	
1155	-1.0400E0	-3.4288E2	1.2456E0	1.9858E6	
1156	-1.0329E0	-3.3235E2	1.2509E0	1.9880E6	
1157	-1.0213E0	-3.1514E2	1.2561E0	1.9902E6	
1158	-1.0133E0	-3.0336E2	1.2614E0	1.9924E6	
1159	-1.0085E0	-2.9623E2	1.2668E0	1.9947E6	
1160	-1.0048E0	-2.9068E2	1.2720E0	1.9969E6	
1161	-1.0023E0	-2.8694E2	1.2774E0	1.9991E6	
1162	-9.9525E-1	-2.7653E2	1.2826E0	2.0013E6	
1163	-9.9075E-1	-2.6985E2	1.2880E0	2.0035E6	
1164	-9.8846E-1	-2.6645E2	1.2933E0	2.0058E6	
1165	-9.8679E-1	-2.6396E2	1.2986E0	2.0080E6	
1166	-9.8358E-1	-2.5920E2	1.3040E0	2.0102E6	
1167	-9.8206E-1	-2.5694E2	1.3093E0	2.0124E6	
1168	-9.7656E-1	-2.4879E2	1.3147E0	2.0146E6	
1169	-9.7832E-1	-2.5139E2	1.3200E0	2.0169E6	
1170	-9.7237E-1	-2.4256E2	1.3254E0	2.0191E6	
1171	-9.7061E-1	-2.3995E2	1.3307E0	2.0213E6	
1172	-9.6649E-1	-2.3384E2	1.3361E0	2.0235E6	
1173	-9.6886E-1	-2.3735E2	1.3415E0	2.0257E6	
1174	-9.6115E-1	-2.2591E2	1.3469E0	2.0280E6	
1175	-9.5139E-1	-2.1142E2	1.3523E0	2.0302E6	
1176	-9.4933E-1	-2.0836E2	1.3577E0	2.0324E6	
1177	-9.5047E-1	-2.1006E2	1.3630E0	2.0346E6	
1178	-9.4673E-1	-2.0451E2	1.3685E0	2.0368E6	
1179	-9.3803E-1	-1.9161E2	1.3739E0	2.0391E6	
1180	-9.3292E-1	-1.8402E2	1.3793E0	2.0413E6	
1181	-9.2751E-1	-1.7598E2	1.3847E0	2.0435E6	
1182	-9.1827E-1	-1.6228E2	1.3901E0	2.0457E6	
1183	-8.8928E-1	-1.1925E2	1.3956E0	2.0479E6	
1184	-8.3458E-1	-3.8072E1	1.4010E0	2.0502E6	
1185	-7.2342E-1	1.2690E2	1.4064E0	2.0524E6	
1186	-7.0038E-1	1.6109E2	1.4118E0	2.0546E6	
1187	-6.8871E-1	1.7842E2	1.4173E0	2.0568E6	
1188	-6.8649E-1	1.8170E2	1.4228E0	2.0590E6	
1189	-6.9267E-1	1.7253E2	1.4281E0	2.0613E6	
1190	-6.8886E-1	1.7819E2	1.4338E0	2.0635E6	
1191	-6.9061E-1	1.7558E2	1.4391E0	2.0657E6	
1192	-6.8993E-1	1.7660E2	1.4447E0	2.0679E6	
1193	-6.8970E-1	1.7694E2	1.4502E0	2.0701E6	
1194	-6.8901E-1	1.7796E2	1.4557E0	2.0724E6	
1195	-6.9160E-1	1.7411E2	1.4612E0	2.0746E6	
1196	-6.8985E-1	1.7672E2	1.4666E0	2.0768E6	
1197	-6.8665E-1	1.8147E2	1.4721E0	2.0790E6	
1198	-6.9084E-1	1.7525E2	1.4776E0	2.0812E6	
1199	-6.8916E-1	1.7774E2	1.4830E0	2.0835E6	
1200	-6.9069E-1	1.7547E2	1.4887E0	2.0857E6	
1201	-6.9099E-1	1.7502E2	1.4941E0	2.0879E6	
1202	-6.9138E-1	1.7445E2	1.4997E0	2.0901E6	
1203	-6.9191E-1	1.7366E2	1.5052E0	2.0923E6	
1204	-6.9054E-1	1.7570E2	1.5108E0	2.0946E6	
1205	-6.9122E-1	1.7468E2	1.5162E0	2.0968E6	
1206	-6.9214E-1	1.7332E2	1.5218E0	2.0990E6	
1207	-6.9382E-1	1.7083E2	1.5274E0	2.1012E6	
1208	-6.9168E-1	1.7400E2	1.5330E0	2.1034E6	
1209	-6.9145E-1	1.7434E2	1.5385E0	2.1057E6	
1210	-6.9145E-1	1.7434E2	1.5440E0	2.1079E6	
1211	-6.9344E-1	1.7140E2	1.5496E0	2.1101E6	
1212	-6.9260E-1	1.7264E2	1.5550E0	2.1123E6	
1213	-6.9023E-1	1.7615E2	1.5608E0	2.1145E6	
1214	-6.9389E-1	1.7072E2	1.5663E0	2.1168E6	
1215	-6.9450E-1	1.6981E2	1.5719E0	2.1190E6	
1216	-6.9336E-1	1.7151E2	1.5775E0	2.1212E6	
1217	-6.9466E-1	1.6958E2	1.5831E0	2.1234E6	
1218	-6.9473E-1	1.6947E2	1.5887E0	2.1256E6	
1219	-6.9336E-1	1.7151E2	1.5944E0	2.1279E6	
1220	-6.9443E-1	1.6992E2	1.5999E0	2.1301E6	
1221	-6.9496E-1	1.6913E2	1.6055E0	2.1323E6	
1222	-6.9473E-1	1.6947E2	1.6112E0	2.1345E6	
1223	-6.9542E-1	1.6845E2	1.6169E0	2.1367E6	
1224	-6.9374E-1	1.7094E2	1.6225E0	2.1390E6	
1225	-6.9565E-1	1.6811E2	1.6280E0	2.1412E6	
1226	-6.9580E-1	1.6789E2	1.6336E0	2.1434E6	
1227	-6.9763E-1	1.6517E2	1.6394E0	2.1456E6	
1228	-6.9717E-1	1.6585E2	1.6451E0	2.1478E6	
1229	-6.9481E-1	1.6936E2	1.6507E0	2.1501E6	
1230	-6.9443E-1	1.6992E2	1.6565E0	2.1523E6	
1231	-6.9534E-1	1.6856E2	1.6620E0	2.1545E6	
1232	-6.9626E-1	1.6721E2	1.6677E0	2.1567E6	
1233	-6.9435E-1	1.7004E2	1.6734E0	2.1589E6	
1234	-6.9321E-1	1.7174E2	1.6791E0	2.1612E6	
1235	-6.9733E-1	1.6562E2	1.6847E0	2.1634E6	
1236	-6.9809E-1	1.6449E2	1.6904E0	2.1656E6	
1237	-6.9962E-1	1.6222E2	1.6961E0	2.1678E6	
1238	-6.9595E-1	1.6766E2	1.7018E0	2.1700E6	
1239	-6.9801E-1	1.6460E2	1.7074E0	2.1723E6	
1240	-6.9748E-1	1.6539E2	1.7132E0	2.1745E6	
1241	-6.9756E-1	1.6528E2	1.7190E0	2.1767E6	
1242	-6.9885E-1	1.6336E2	1.7247E0	2.1789E6	
1243	-6.9794E-1	1.6472E2	1.7304E0	2.1811E6	
1244	-6.9862E-1	1.6370E2	1.7361E0	2.1834E6	
1245	-6.9611E-1	1.6743E2	1.7418E0	2.1856E6	
1246	-6.9962E-1	1.6222E2	1.7475E0	2.1878E6	
1247	-6.9695E-1	1.6619E2	1.7532E0	2.1900E6	
1248	-7.0107E-1	1.6007E2	1.7590E0	2.1922E6	
1249	-6.9908E-1	1.6302E2	1.7647E0	2.1945E6	
1250	-6.9855E-1	1.6381E2	1.7705E0	2.1967E6	
1251	-6.9771E-1	1.6505E2	1.7763E0	2.1989E6	
1252	-6.9847E-1	1.6392E2	1.7820E0	2.2011E6	
1253	-6.9710E-1	1.6596E2	1.7878E0	2.2033E6	
1254	-6.9778E-1	1.6494E2	1.7936E0	2.2056E6	
1255	-7.0122E-1	1.5985E2	1.7993E0	2.2078E6	
1256	-6.9839E-1	1.6404E2	1.8051E0	2.2100E6	
1257	-6.9908E-1	1.6302E2	1.8109E0	2.2122E6	
1258	-6.9885E-1	1.6336E2	1.8167E0	2.2144E6	
1259	-7.0267E-1	1.5770E2	1.8225E0	2.2167E6	
1260	-7.0091E-1	1.6030E2	1.8284E0	2.2189E6	
1261	-6.9969E-1	1.6211E2	1.8340E0	2.2211E6	
1262	-7.0045E-1	1.6098E2	1.8398E0	2.2233E6	
1263	-7.0053E-1	1.6087E2	1.8457E0	2.2255E6	
1264	-7.0023E-1	1.6132E2	1.8514E0	2.2278E6	
1265	-7.0259E-1	1.5781E2	1.8573E0	2.2300E6	
1266	-7.0351E-1	1.5645E2	1.8632E0	2.2322E6	
1267	-7.0320E-1	1.5690E2	1.8689E0	2.2344E6	
1268	-6.9992E-1	1.6177E2	1.8748E0	2.2366E6	
1269	-7.0038E-1	1.6109E2	1.8806E0	2.2389E6	
1270	-7.0244E-1	1.5803E2	1.8864E0	2.2411E6	
1271	-7.0312E-1	1.5702E2	1.8923E0	2.2433E6	
1272	-7.0442E-1	1.5509E2	1.8982E0	2.2455E6	
1273	-7.0152E-1	1.5939E2	1.9040E0	2.2477E6	
1274	-7.0244E-1	1.5803E2	1.9099E0	2.2500E6	
1275	-7.0183E-1	1.5894E2	1.9158E0	2.2522E6	
1276	-7.0488E-1	1.5441E2	1.9216E0	2.2544E6	
1277	-7.0473E-1	1.5464E2	1.9274E0	2.2566E6	
1278	-7.0633E-1	1.5226E2	1.9334E0	2.2588E6	
1279	-7.0435E-1	1.5520E2	1.9392E0	2.2611E6	
1280	-7.0549E-1	1.5351E2	1.9451E0	2.2633E6	
1281	-7.0465E-1	1.5475E2	1.9509E0	2.2655E6	
1282	-7.0457E-1	1.5486E2	1.9568E0	2.2677E6	
1283	-7.0488E-1	1.5441E2	1.9628E0	2.2699E6	
1284	-7.0503E-1	1.5419E2	1.9686E0	2.2722E6	
1285	-7.0679E-1	1.5158E2	1.9744E0	2.2744E6	
1286	-7.0732E-1	1.5079E2	1.9805E0	2.2766E6	
1287	-7.0442E-1	1.5509E2	1.9863E0	2.2788E6	
1288	-7.0709E-1	1.5113E2	1.9921E0	2.2810E6	
1289	-7.0549E-1	1.5351E2	1.9981E0	2.2833E6	
1290	-7.0671E-1	1.5169E2	2.0041E0	2.2855E6	
1291	-7.0557E-1	1.5339E2	2.0100E0	2.2877E6	
1292	-7.0686E-1	1.5147E2	2.0160E0	2.2899E6	
1293	-7.0808E-1	1.4966E2	2.0219E0	2.2921E6	
1294	-7.0686E-1	1.5147E2	2.0279E0	2.2944E6	
1295	-7.0908E-1	1.4818E2	2.0338E0	2.2966E6	
1296	-7.0869E-1	1.4875E2	2.0397E0	2.2988E6	
1297	-7.0854E-1	1.4898E2	2.0458E0	2.3010E6	
1298	-7.0786E-1	1.5000E2	2.0517E0	2.3032E6	
1299	-7.0908E-1	1.4818E2	2.0576E0	2.3055E6	
1300	-7.1053E-1	1.4603E2	2.0636E0	2.3077E6	
1301	-7.0816E-1	1.4954E2	2.0697E0	2.3099E6	
1302	-7.0824E-1	1.4943E2	2.0755E0	2.3121E6	
1303	-7.0961E-1	1.4739E2	2.0816E0	2.3143E6	
1304	-7.1030E-1	1.4637E2	2.0877E0	2.3166E6	
1305	-7.1030E-1	1.4637E2	2.0935E0	2.3188E6	
1306	-7.0747E-1	1.5056E2	2.0996E0	2.3210E6	
1307	-7.0801E-1	1.4977E2	2.1056E0	2.3232E6	
1308	-7.0801E-1	1.4977E2	2.1115E0	2.3254E6	
1309	-7.1236E-1	1.4332E2	2.1175E0	2.3277E6	
1310	-7.1045E-1	1.4615E2	2.1235E0	2.3299E6	
1311	-7.0862E-1	1.4886E2	2.1296E0	2.3321E6	
1312	-7.0961E-1	1.4739E2	2.1356E0	2.3343E6	
1313	-7.1098E-1	1.4535E2	2.1417E0	2.3365E6	
1314	-7.1068E-1	1.4581E2	2.1477E0	2.3388E6	
1315	-7.1007E-1	1.4671E2	2.1538E0	2.3410E6	
1316	-7.0969E-1	1.4728E2	2.1598E0	2.3432E6	
1317	-7.1457E-1	1.4003E2	2.1659E0	2.3454E6	
1318	-7.1037E-1	1.4626E2	2.1719E0	2.3476E6	
1319	-7.1228E-1	1.4343E2	2.1779E0	2.3499E6	
1320	-7.1266E-1	1.4286E2	2.1840E0	2.3521E6	
1321	-7.0992E-1	1.4694E2	2.1901E0	2.3543E6	
1322	-7.1266E-1	1.4286E2	2.1963E0	2.3565E6	
1323	-7.1205E-1	1.4377E2	2.2022E0	2.3587E6	
1324	-7.0938E-1	1.4773E2	2.2084E0	2.3610E6	
1325	-7.1121E-1	1.4501E2	2.2144E0	2.3632E6	
1326	-7.1442E-1	1.4026E2	2.2205E0	2.3654E6	
1327	-7.1350E-1	1.4162E2	2.2267E0	2.3676E6	
1328	-7.1350E-1	1.4162E2	2.2327E0	2.3698E6	
1329	-7.1510E-1	1.3924E2	2.2389E0	2.3721E6	
1330	-7.1098E-1	1.4535E2	2.2450E0	2.3743E6	
1331	-7.1320E-1	1.4207E2	2.2511E0	2.3765E6	
1332	-7.1487E-1	1.3958E2	2.2572E0	2.3787E6	
1333	-7.1312E-1	1.4218E2	2.2633E0	2.3809E6	
1334	-7.1365E-1	1.4139E2	2.2696E0	2.3832E6	
1335	-7.1587E-1	1.3811E2	2.2756E0	2.3854E6	
1336	-7.1442E-1	1.4026E2	2.2818E0	2.3876E6	
1337	-7.1472E-1	1.3981E2	2.2879E0	2.3898E6	
1338	-7.1541E-1	1.3879E2	2.2942E0	2.3920E6	
1339	-7.1602E-1	1.3788E2	2.3002E0	2.3943E6	
1340	-7.1396E-1	1.4094E2	2.3064E0	2.3965E6	
1341	-7.1625E-1	1.3754E2	2.3126E0	2.3987E6	
1342	-7.1358E-1	1.4150E2	2.3189E0	2.4009E6	
1343	-7.1579E-1	1.3822E2	2.3249E0	2.4031E6	
1344	-7.1655E-1	1.3709E2	2.3311E0	2.4054E6	
1345	-7.1640E-1	1.3731E2	2.3374E0	2.4076E6	
1346	-7.1594E-1	1.3799E2	2.3435E0	2.4098E6	
1347	-7.1480E-1	1.3969E2	2.3497E0	2.4120E6	
1348	-7.1770E-1	1.3539E2	2.3559E0	2.4142E6	
1349	-7.1587E-1	1.3811E2	2.3621E0	2.4165E6	
1350	-7.1587E-1	1.3811E2	2.3684E0	2.4187E6	
1351	-7.1709E-1	1.3630E2	2.3746E0	2.4209E6	
1352	-7.1800E-1	1.3494E2	2.3808E0	2.4231E6	
1353	-7.1815E-1	1.3471E2	2.3870E0	2.4253E6	
1354	-7.1800E-1	1.3494E2	2.3933E0	2.4276E6	
1355	-7.1671E-1	1.3686E2	2.3995E0	2.4298E6	
1356	-7.1648E-1	1.3720E2	2.4057E0	2.4320E6	
1357	-7.1915E-1	1.3324E2	2.4120E0	2.4342E6	
1358	-7.1815E-1	1.3471E2	2.4182E0	2.4364E6	
1359	-7.1884E-1	1.3369E2	2.4245E0	2.4387E6	
1360	-7.1716E-1	1.3618E2	2.4307E0	2.4409E6	
1361	-7.2037E-1	1.3143E2	2.4371E0	2.4431E6	
1362	-7.2075E-1	1.3086E2	2.4432E0	2.4453E6	
1363	-7.1991E-1	1.3211E2	2.4496E0	2.4475E6	
1364	-7.1945E-1	1.3279E2	2.4558E0	2.4498E6	
1365	-7.2075E-1	1.3086E2	2.4622E0	2.4520E6	
1366	-7.1907E-1	1.3335E2	2.4684E0	2.4542E6	
1367	-7.2044E-1	1.3131E2	2.4747E0	2.4564E6	
1368	-7.2189E-1	1.2916E2	2.4811E0	2.4586E6	
1369	-7.2205E-1	1.2894E2	2.4874E0	2.4609E6	
1370	-7.2289E-1	1.2769E2	2.4936E0	2.4631E6	
1371	-7.2105E-1	1.3041E2	2.5000E0	2.4653E6	
1372	-7.2098E-1	1.3052E2	2.5063E0	2.4675E6	
1373	-7.2289E-1	1.2769E2	2.5126E0	2.4697E6	
1374	-7.2128E-1	1.3007E2	2.5190E0	2.4720E6	
1375	-7.2044E-1	1.3131E2	2.5254E0	2.4742E6	
1376	-7.2182E-1	1.2928E2	2.5317E0	2.4764E6	
1377	-7.2113E-1	1.3029E2	2.5379E0	2.4786E6	
1378	-7.2144E-1	1.2984E2	2.5443E0	2.4808E6	
1379	-7.2227E-1	1.2860E2	2.5506E0	2.4831E6	
1380	-7.2258E-1	1.2814E2	2.5570E0	2.4853E6	
1381	-7.2449E-1	1.2531E2	2.5633E0	2.4875E6	
1382	-7.2083E-1	1.3075E2	2.5696E0	2.4897E6	
1383	-7.2327E-1	1.2712E2	2.5761E0	2.4919E6	
1384	-7.2449E-1	1.2531E2	2.5824E0	2.4942E6	
1385	-7.2365E-1	1.2656E2	2.5888E0	2.4964E6	
1386	-7.2548E-1	1.2384E2	2.5952E0	2.4986E6	
1387	-7.2479E-1	1.2486E2	2.6015E0	2.5008E6	
1388	-7.2418E-1	1.2577E2	2.6080E0	2.5030E6	
1389	-7.2258E-1	1.2814E2	2.6144E0	2.5053E6	
1390	-7.2289E-1	1.2769E2	2.6208E0	2.5075E6	
1391	-7.2357E-1	1.2667E2	2.6271E0	2.5097E6	
1392	-7.2441E-1	1.2543E2	2.6336E0	2.5119E6	
1393	-7.2296E-1	1.2758E2	2.6400E0	2.5141E6	
1394	-7.2357E-1	1.2667E2	2.6464E0	2.5164E6	
1395	-7.2289E-1	1.2769E2	2.6528E0	2.5186E6	
1396	-7.2433E-1	1.2554E2	2.6592E0	2.5208E6	
1397	-7.2586E-1	1.2327E2	2.6656E0	2.5230E6	
1398	-7.2632E-1	1.2260E2	2.6720E0	2.5252E6	
1399	-7.2586E-1	1.2327E2	2.6785E0	2.5275E6	
1400	-7.2548E-1	1.2384E2	2.6850E0	2.5297E6	
1401	-7.2769E-1	1.2056E2	2.6914E0	2.5319E6	
1402	-7.2647E-1	1.2237E2	2.6979E0	2.5341E6	
1403	-7.2906E-1	1.1852E2	2.7043E0	2.5363E6	
1404	-7.2433E-1	1.2554E2	2.7108E0	2.5386E6	
1405	-7.2708E-1	1.2146E2	2.7172E0	2.5408E6	
1406	-7.2891E-1	1.1875E2	2.7237E0	2.5430E6	
1407	-7.2624E-1	1.2271E2	2.7301E0	2.5452E6	
1408	-7.2792E-1	1.2022E2	2.7366E0	2.5474E6	
1409	-7.2533E-1	1.2407E2	2.7431E0	2.5497E6	
1410	-7.2800E-1	1.2010E2	2.7496E0	2.5519E6	
1411	-7.2731E-1	1.2112E2	2.7561E0	2.5541E6	
1412	-7.3036E-1	1.1659E2	2.7626E0	2.5563E6	
1413	-7.2884E-1	1.1886E2	2.7691E0	2.5585E6	
1414	-7.2884E-1	1.1886E2	2.7755E0	2.5608E6	
1415	-7.2868E-1	1.1909E2	2.7821E0	2.5630E6	
1416	-7.2868E-1	1.1909E2	2.7886E0	2.5652E6	
1417	-7.3082E-1	1.1591E2	2.7951E0	2.5674E6	
1418	-7.2861E-1	1.1920E2	2.8017E0	2.5696E6	
1419	-7.2899E-1	1.1863E2	2.8082E0	2.5719E6	
1420	-7.3097E-1	1.1569E2	2.8146E0	2.5741E6	
1421	-7.2914E-1	1.1841E2	2.8212E0	2.5763E6	
1422	-7.3250E-1	1.1342E2	2.8277E0	2.5785E6	
1423	-7.3105E-1	1.1558E2	2.8343E0	2.5807E6	
1424	-7.2998E-1	1.1716E2	2.8407E0	2.5830E6	
1425	-7.3204E-1	1.1410E2	2.8474E0	2.5852E6	
1426	-7.3212E-1	1.1399E2	2.8538E0	2.5874E6	
1427	-7.3135E-1	1.1512E2	2.8605E0	2.5896E6	
1428	-7.3151E-1	1.1490E2	2.8670E0	2.5918E6	
1429	-7.3471E-1	1.1014E2	2.8736E0	2.5941E6	
1430	-7.3257E-1	1.1331E2	2.8802E0	2.5963E6	
1431	-7.3372E-1	1.1161E2	2.8868E0	2.5985E6	
1432	-7.3112E-1	1.1546E2	2.8932E0	2.6007E6	
1433	-7.3395E-1	1.1127E2	2.9000E0	2.6029E6	
1434	-7.3174E-1	1.1456E2	2.9065E0	2.6052E6	
1435	-7.3654E-1	1.0742E2	2.9131E0	2.6074E6	
1436	-7.3433E-1	1.1071E2	2.9198E0	2.6096E6	
1437	-7.3242E-1	1.1354E2	2.9262E0	2.6118E6	
1438	-7.3509E-1	1.0957E2	2.9328E0	2.6140E6	
1439	-7.3593E-1	1.0833E2	2.9394E0	2.6163E6	
1440	-7.3265E-1	1.1320E2	2.9460E0	2.6185E6	
1441	-7.3654E-1	1.0742E2	2.9527E0	2.6207E6	
1442	-7.3547E-1	1.0901E2	2.9592E0	2.6229E6	
1443	-7.3486E-1	1.0991E2	2.9659E0	2.6251E6	
1444	-7.3524E-1	1.0935E2	2.9725E0	2.6274E6	
1445	-7.3509E-1	1.0957E2	2.9791E0	2.6296E6	
1446	-7.3418E-1	1.1093E2	2.9858E0	2.6318E6	
1447	-7.3685E-1	1.0697E2	2.9924E0	2.6340E6	
1448	-7.3906E-1	1.0369E2	2.9990E0	2.6362E6	
1449	-7.3685E-1	1.0697E2	3.0058E0	2.6385E6	
1450	-7.3570E-1	1.0867E2	3.0123E0	2.6407E6	
1451	-7.3761E-1	1.0584E2	3.0189E0	2.6429E6	
1452	-7.3631E-1	1.0776E2	3.0257E0	2.6451E6	
1453	-7.3616E-1	1.0799E2	3.0323E0	2.6473E6	
1454	-7.3578E-1	1.0856E2	3.0389E0	2.6496E6	
1455	-7.3761E-1	1.0584E2	3.0456E0	2.6518E6	
1456	-7.3441E-1	1.1059E2	3.0523E0	2.6540E6	
1457	-7.3624E-1	1.0788E2	3.0590E0	2.6562E6	
1458	-7.3700E-1	1.0674E2	3.0657E0	2.6584E6	
1459	-7.3997E-1	1.0233E2	3.0723E0	2.6607E6	
1460	-7.3822E-1	1.0493E2	3.0791E0	2.6629E6	
1461	-7.3822E-1	1.0493E2	3.0858E0	2.6651E6	
1462	-7.3814E-1	1.0505E2	3.0925E0	2.6673E6	
1463	-7.3730E-1	1.0629E2	3.0992E0	2.6695E6	
1464	-7.3761E-1	1.0584E2	3.1059E0	2.6718E6	
1465	-7.4036E-1	1.0176E2	3.1127E0	2.6740E6	
1466	-7.3837E-1	1.0471E2	3.1192E0	2.6762E6	
1467	-7.3898E-1	1.0380E2	3.1260E0	2.6784E6	
1468	-7.4020E-1	1.0199E2	3.1327E0	2.6806E6	
1469	-7.4059E-1	1.0142E2	3.1396E0	2.6829E6	
1470	-7.4120E-1	1.0052E2	3.1461E0	2.6851E6	
1471	-7.3997E-1	1.0233E2	3.1529E0	2.6873E6	
1472	-7.3738E-1	1.0618E2	3.1597E0	2.6895E6	
1473	-7.3967E-1	1.0278E2	3.1664E0	2.6917E6	
1474	-7.4120E-1	1.0052E2	3.1732E0	2.6940E6	
1475	-7.3990E-1	1.0244E2	3.1799E0	2.6962E6	
1476	-7.4219E-1	9.9044E1	3.1867E0	2.6984E6	
1477	-7.4272E-1	9.8252E1	3.1934E0	2.7006E6	
1478	-7.4127E-1	1.0040E2	3.2002E0	2.7028E6	
1479	-7.4280E-1	9.8138E1	3.2069E0	2.7051E6	
1480	-7.4265E-1	9.8365E1	3.2136E0	2.7073E6	
1481	-7.4219E-1	9.9044E1	3.2205E0	2.7095E6	
1482	-7.4135E-1	1.0029E2	3.2273E0	2.7117E6	
1483	-7.4356E-1	9.7006E1	3.2342E0	2.7139E6	
1484	-7.4150E-1	1.0006E2	3.2407E0	2.7162E6	
1485	-7.4471E-1	9.5308E1	3.2476E0	2.7184E6	
1486	-7.4272E-1	9.8252E1	3.2544E0	2.7206E6	
1487	-7.4234E-1	9.8818E1	3.2612E0	2.7228E6	
1488	-7.4516E-1	9.4628E1	3.2680E0	2.7250E6	
1489	-7.4326E-1	9.7459E1	3.2747E0	2.7273E6	
1490	-7.4303E-1	9.7799E1	3.2816E0	2.7295E6	
1491	-7.4585E-1	9.3609E1	3.2884E0	2.7317E6	
1492	-7.4570E-1	9.3836E1	3.2952E0	2.7339E6	
1493	-7.4776E-1	9.0779E1	3.3020E0	2.7361E6	
1494	-7.4516E-1	9.4628E1	3.3088E0	2.7384E6	
1495	-7.4600E-1	9.3383E1	3.3156E0	2.7406E6	
1496	-7.4669E-1	9.2364E1	3.3224E0	2.7428E6	
1497	-7.4730E-1	9.1458E1	3.3293E0	2.7450E6	
1498	-7.4753E-1	9.1118E1	3.3362E0	2.7472E6	
1499	-7.4715E-1	9.1685E1	3.3430E0	2.7495E6	
1500	-7.4623E-1	9.3043E1	3.3498E0	2.7517E6	
1501	-7.4554E-1	9.4062E1	3.3566E0	2.7539E6	
1502	-7.4783E-1	9.0666E1	3.3635E0	2.7561E6	
1503	-7.4661E-1	9.2477E1	3.3703E0	2.7583E6	
1504	-7.4585E-1	9.3609E1	3.3772E0	2.7606E6	
1505	-7.5020E-1	8.7156E1	3.3841E0	2.7628E6	
1506	-7.4768E-1	9.0892E1	3.3910E0	2.7650E6	
1507	-7.4837E-1	8.9873E1	3.3978E0	2.7672E6	
1508	-7.4860E-1	8.9533E1	3.4047E0	2.7694E6	
1509	-7.4944E-1	8.8288E1	3.4116E0	2.7717E6	
1510	-7.4860E-1	8.9533E1	3.4185E0	2.7739E6	
1511	-7.4814E-1	9.0213E1	3.4254E0	2.7761E6	
1512	-7.4944E-1	8.8288E1	3.4323E0	2.7783E6	
1513	-7.5005E-1	8.7382E1	3.4392E0	2.7805E6	
1514	-7.5233E-1	8.3985E1	3.4461E0	2.7828E6	
1515	-7.5264E-1	8.3532E1	3.4530E0	2.7850E6	
1516	-7.4890E-1	8.9080E1	3.4598E0	2.7872E6	
1517	-7.5096E-1	8.6023E1	3.4667E0	2.7894E6	
1518	-7.4844E-1	8.9760E1	3.4737E0	2.7916E6	
1519	-7.5211E-1	8.4325E1	3.4806E0	2.7939E6	
1520	-7.5142E-1	8.5344E1	3.4875E0	2.7961E6	
1521	-7.5218E-1	8.4212E1	3.4944E0	2.7983E6	
1522	-7.5325E-1	8.2627E1	3.5013E0	2.8005E6	
1523	-7.5043E-1	8.6816E1	3.5083E0	2.8027E6	
1524	-7.5188E-1	8.4665E1	3.5152E0	2.8050E6	
1525	-7.5211E-1	8.4325E1	3.5221E0	2.8072E6	
1526	-7.5287E-1	8.3193E1	3.5291E0	2.8094E6	
1527	-7.5027E-1	8.7042E1	3.5360E0	2.8116E6	
1528	-7.5195E-1	8.4551E1	3.5429E0	2.8138E6	
1529	-7.5348E-1	8.2287E1	3.5500E0	2.8161E6	
1530	-7.5340E-1	8.2400E1	3.5569E0	2.8183E6	
1531	-7.5386E-1	8.1721E1	3.5639E0	2.8205E6	
1532	-7.5623E-1	7.8211E1	3.5708E0	2.8227E6	
1533	-7.5432E-1	8.1041E1	3.5778E0	2.8249E6	
1534	-7.5272E-1	8.3419E1	3.5847E0	2.8272E6	
1535	-7.5470E-1	8.0475E1	3.5918E0	2.8294E6	
1536	-7.5447E-1	8.0815E1	3.5987E0	2.8316E6	
1537	-7.5630E-1	7.8098E1	3.6057E0	2.8338E6	
1538	-7.5638E-1	7.7984E1	3.6127E0	2.8360E6	
1539	-7.5500E-1	8.0022E1	3.6196E0	2.8383E6	
1540	-7.5447E-1	8.0815E1	3.6265E0	2.8405E6	
1541	-7.5615E-1	7.8324E1	3.6337E0	2.8427E6	
1542	-7.5562E-1	7.9117E1	3.6405E0	2.8449E6	
1543	-7.5470E-1	8.0475E1	3.6476E0	2.8471E6	
1544	-7.5455E-1	8.0702E1	3.6547E0	2.8494E6	
1545	-7.5600E-1	7.8550E1	3.6616E0	2.8516E6	
1546	-7.5653E-1	7.7758E1	3.6687E0	2.8538E6	
1547	-7.5386E-1	8.1721E1	3.6757E0	2.8560E6	
1548	-7.5798E-1	7.5607E1	3.6828E0	2.8582E6	
1549	-7.5775E-1	7.5946E1	3.6898E0	2.8605E6	
1550	-7.5645E-1	7.7871E1	3.6968E0	2.8627E6	
1551	-7.5729E-1	7.6626E1	3.7038E0	2.8649E6	
1552	-7.5851E-1	7.4814E1	3.7108E0	2.8671E6	
1553	-7.5813E-1	7.5380E1	3.7180E0	2.8693E6	
1554	-7.5935E-1	7.3568E1	3.7249E0	2.8716E6	
1555	-7.5798E-1	7.5607E1	3.7320E0	2.8738E6	
1556	-7.5867E-1	7.4588E1	3.7390E0	2.8760E6	
1557	-7.5920E-1	7.3795E1	3.7460E0	2.8782E6	
1558	-7.5996E-1	7.2663E1	3.7531E0	2.8804E6	
1559	-7.6141E-1	7.0511E1	3.7602E0	2.8827E6	
1560	-7.6233E-1	6.9153E1	3.7673E0	2.8849E6	
1561	-7.5882E-1	7.4361E1	3.7743E0	2.8871E6	
1562	-7.6118E-1	7.0851E1	3.7814E0	2.8893E6	
1563	-7.6080E-1	7.1417E1	3.7884E0	2.8915E6	
1564	-7.6164E-1	7.0172E1	3.7956E0	2.8938E6	
1565	-7.6164E-1	7.0172E1	3.8025E0	2.8960E6	
1566	-7.6134E-1	7.0625E1	3.8098E0	2.8982E6	
1567	-7.5897E-1	7.4135E1	3.8167E0	2.9004E6	
1568	-7.5890E-1	7.4248E1	3.8239E0	2.9026E6	
1569	-7.6210E-1	6.9492E1	3.8310E0	2.9049E6	
1570	-7.6241E-1	6.9039E1	3.8379E0	2.9071E6	
1571	-7.6477E-1	6.5529E1	3.8451E0	2.9093E6	
1572	-7.6164E-1	7.0172E1	3.8522E0	2.9115E6	
1573	-7.6157E-1	7.0285E1	3.8594E0	2.9137E6	
1574	-7.6134E-1	7.0625E1	3.8665E0	2.9160E6	
1575	-7.6340E-1	6.7568E1	3.8735E0	2.9182E6	
1576	-7.6294E-1	6.8247E1	3.8807E0	2.9204E6	
1577	-7.6370E-1	6.7115E1	3.8879E0	2.9226E6	
1578	-7.6210E-1	6.9492E1	3.8950E0	2.9248E6	
1579	-7.6363E-1	6.7228E1	3.9021E0	2.9271E6	
1580	-7.6424E-1	6.6322E1	3.9092E0	2.9293E6	
1581	-7.6286E-1	6.8360E1	3.9164E0	2.9315E6	
1582	-7.6271E-1	6.8587E1	3.9235E0	2.9337E6	
1583	-7.6447E-1	6.5982E1	3.9306E0	2.9359E6	
1584	-7.6492E-1	6.5303E1	3.9377E0	2.9382E6	
1585	-7.6317E-1	6.7907E1	3.9450E0	2.9404E6	
1586	-7.6508E-1	6.5077E1	3.9521E0	2.9426E6	
1587	-7.6599E-1	6.3718E1	3.9593E0	2.9448E6	
1588	-7.6714E-1	6.2019E1	3.9665E0	2.9470E6	
1589	-7.6515E-1	6.4963E1	3.9736E0	2.9493E6	
1590	-7.6424E-1	6.6322E1	3.9807E0	2.9515E6	
1591	-7.6424E-1	6.6322E1	3.9879E0	2.9537E6	
1592	-7.6691E-1	6.2359E1	3.9951E0	2.9559E6	
1593	-7.6569E-1	6.4171E1	4.0023E0	2.9581E6	
1594	-7.6607E-1	6.3605E1	4.0094E0	2.9604E6	
1595	-7.6637E-1	6.3152E1	4.0166E0	2.9626E6	
1596	-7.6508E-1	6.5077E1	4.0238E0	2.9648E6	
1597	-7.6820E-1	6.0434E1	4.0309E0	2.9670E6	
1598	-7.6828E-1	6.0321E1	4.0382E0	2.9692E6	
1599	-7.6607E-1	6.3605E1	4.0454E0	2.9715E6	
1600	-7.6912E-1	5.9076E1	4.0525E0	2.9737E6	
1601	-7.6965E-1	5.8283E1	4.0598E0	2.9759E6	
1602	-7.6912E-1	5.9076E1	4.0669E0	2.9781E6	
1603	-7.7026E-1	5.7377E1	4.0742E0	2.9803E6	
1604	-7.7118E-1	5.6019E1	4.0813E0	2.9826E6	
1605	-7.6996E-1	5.7830E1	4.0886E0	2.9848E6	
1606	-7.7171E-1	5.5226E1	4.0958E0	2.9870E6	
1607	-7.7118E-1	5.6019E1	4.1031E0	2.9892E6	
1608	-7.6752E-1	6.1453E1	4.1102E0	2.9914E6	
1609	-7.6797E-1	6.0774E1	4.1175E0	2.9937E6	
1610	-7.7194E-1	5.4886E1	4.1249E0	2.9959E6	
1611	-7.6889E-1	5.9415E1	4.1321E0	2.9981E6	
1612	-7.7225E-1	5.4433E1	4.1392E0	3.0003E6	
1613	-7.7194E-1	5.4886E1	4.1466E0	3.0025E6	
1614	-7.7232E-1	5.4320E1	4.1537E0	3.0048E6	
1615	-7.7187E-1	5.4999E1	4.1610E0	3.0070E6	
1616	-7.7103E-1	5.6245E1	4.1682E0	3.0092E6	
1617	-7.7362E-1	5.2395E1	4.1754E0	3.0114E6	
1618	-7.7118E-1	5.6019E1	4.1827E0	3.0136E6	
1619	-7.7484E-1	5.0584E1	4.1901E0	3.0159E6	
1620	-7.7431E-1	5.1376E1	4.1973E0	3.0181E6	
1621	-7.7415E-1	5.1603E1	4.2047E0	3.0203E6	
1622	-7.7408E-1	5.1716E1	4.2118E0	3.0225E6	
1623	-7.7492E-1	5.0470E1	4.2191E0	3.0247E6	
1624	-7.7637E-1	4.8319E1	4.2264E0	3.0270E6	
1625	-7.7278E-1	5.3641E1	4.2337E0	3.0292E6	
1626	-7.7538E-1	4.9791E1	4.2410E0	3.0314E6	
1627	-7.7393E-1	5.1942E1	4.2483E0	3.0336E6	
1628	-7.7362E-1	5.2395E1	4.2554E0	3.0358E6	
1629	-7.7354E-1	5.2509E1	4.2628E0	3.0381E6	
1630	-7.7652E-1	4.8093E1	4.2701E0	3.0403E6	
1631	-7.7164E-1	5.5339E1	4.2774E0	3.0425E6	
1632	-7.7843E-1	4.5262E1	4.2847E0	3.0447E6	
1633	-7.7812E-1	4.5715E1	4.2920E0	3.0469E6	
1634	-7.7614E-1	4.8659E1	4.2993E0	3.0492E6	
1635	-7.7423E-1	5.1489E1	4.3066E0	3.0514E6	
1636	-7.7980E-1	4.3224E1	4.3139E0	3.0536E6	
1637	-7.7583E-1	4.9112E1	4.3213E0	3.0558E6	
1638	-7.7728E-1	4.6960E1	4.3285E0	3.0580E6	
1639	-7.7919E-1	4.4130E1	4.3358E0	3.0603E6	
1640	-7.7782E-1	4.6168E1	4.3431E0	3.0625E6	
1641	-7.7858E-1	4.5036E1	4.3505E0	3.0647E6	
1642	-7.7744E-1	4.6734E1	4.3577E0	3.0669E6	
1643	-7.7698E-1	4.7413E1	4.3651E0	3.0691E6	
1644	-7.8026E-1	4.2545E1	4.3724E0	3.0714E6	
1645	-7.7866E-1	4.4922E1	4.3797E0	3.0736E6	
1646	-7.7812E-1	4.5715E1	4.3871E0	3.0758E6	
1647	-7.7644E-1	4.8206E1	4.3945E0	3.0780E6	
1648	-7.7942E-1	4.3790E1	4.4018E0	3.0802E6	
1649	-7.7972E-1	4.3337E1	4.4092E0	3.0825E6	
1650	-7.8094E-1	4.1526E1	4.4166E0	3.0847E6	
1651	-7.7873E-1	4.4809E1	4.4239E0	3.0869E6	
1652	-7.7896E-1	4.4469E1	4.4313E0	3.0891E6	
1653	-7.8148E-1	4.0733E1	4.4386E0	3.0913E6	
1654	-7.8300E-1	3.8469E1	4.4460E0	3.0936E6	
1655	-7.8156E-1	4.0620E1	4.4534E0	3.0958E6	
1656	-7.8156E-1	4.0620E1	4.4606E0	3.0980E6	
1657	-7.8224E-1	3.9601E1	4.4679E0	3.1002E6	
1658	-7.8163E-1	4.0507E1	4.4754E0	3.1024E6	
1659	-7.8239E-1	3.9374E1	4.4828E0	3.1047E6	
1660	-7.8300E-1	3.8469E1	4.4902E0	3.1069E6	
1661	-7.8239E-1	3.9374E1	4.4976E0	3.1091E6	
1662	-7.8056E-1	4.2092E1	4.5049E0	3.1113E6	
1663	-7.8278E-1	3.8808E1	4.5124E0	3.1135E6	
1664	-7.8270E-1	3.8921E1	4.5197E0	3.1158E6	
1665	-7.8308E-1	3.8355E1	4.5271E0	3.1180E6	
1666	-7.8178E-1	4.0280E1	4.5345E0	3.1202E6	
1667	-7.8285E-1	3.8695E1	4.5418E0	3.1224E6	
1668	-7.8537E-1	3.4959E1	4.5493E0	3.1246E6	
1669	-7.8461E-1	3.6091E1	4.5567E0	3.1269E6	
1670	-7.8552E-1	3.4732E1	4.5640E0	3.1291E6	
1671	-7.8629E-1	3.3600E1	4.5715E0	3.1313E6	
1672	-7.8621E-1	3.3713E1	4.5789E0	3.1335E6	
1673	-7.8468E-1	3.5978E1	4.5862E0	3.1357E6	
1674	-7.8499E-1	3.5525E1	4.5937E0	3.1380E6	
1675	-7.8758E-1	3.1675E1	4.6011E0	3.1402E6	
1676	-7.8682E-1	3.2807E1	4.6084E0	3.1424E6	
1677	-7.8781E-1	3.1335E1	4.6158E0	3.1446E6	
1678	-7.8659E-1	3.3147E1	4.6233E0	3.1468E6	
1679	-7.8636E-1	3.3487E1	4.6308E0	3.1491E6	
1680	-7.8720E-1	3.2241E1	4.6381E0	3.1513E6	
1681	-7.8865E-1	3.0090E1	4.6455E0	3.1535E6	
1682	-7.8979E-1	2.8391E1	4.6529E0	3.1557E6	
1683	-7.8796E-1	3.1109E1	4.6604E0	3.1579E6	
1684	-7.8857E-1	3.0203E1	4.6677E0	3.1602E6	
1685	-7.9002E-1	2.8052E1	4.6752E0	3.1624E6	
1686	-7.8796E-1	3.1109E1	4.6825E0	3.1646E6	
1687	-7.8857E-1	3.0203E1	4.6901E0	3.1668E6	
1688	-7.8934E-1	2.9071E1	4.6974E0	3.1690E6	
1689	-7.8957E-1	2.8731E1	4.7050E0	3.1713E6	
1690	-7.8964E-1	2.8618E1	4.7123E0	3.1735E6	
1691	-7.9025E-1	2.7712E1	4.7198E0	3.1757E6	
1692	-7.9155E-1	2.5787E1	4.7271E0	3.1779E6	
1693	-7.9086E-1	2.6806E1	4.7347E0	3.1801E6	
1694	-7.9102E-1	2.6580E1	4.7421E0	3.1824E6	
1695	-7.9041E-1	2.7486E1	4.7495E0	3.1846E6	
1696	-7.9277E-1	2.3976E1	4.7569E0	3.1868E6	
1697	-7.9437E-1	2.1598E1	4.7643E0	3.1890E6	
1698	-7.8979E-1	2.8391E1	4.7718E0	3.1912E6	
1699	-7.9300E-1	2.3636E1	4.7792E0	3.1935E6	
1700	-7.9254E-1	2.4315E1	4.7868E0	3.1957E6	
1701	-7.9048E-1	2.7372E1	4.7942E0	3.1979E6	
1702	-7.9147E-1	2.5900E1	4.8016E0	3.2001E6	
1703	-7.9308E-1	2.3523E1	4.8090E0	3.2023E6	
1704	-7.9247E-1	2.4429E1	4.8164E0	3.2046E6	
1705	-7.9216E-1	2.4881E1	4.8239E0	3.2068E6	
1706	-7.9170E-1	2.5561E1	4.8314E0	3.2090E6	
1707	-7.9254E-1	2.4315E1	4.8389E0	3.2112E6	
1708	-7.9338E-1	2.3070E1	4.8463E0	3.2134E6	
1709	-7.9163E-1	2.5674E1	4.8537E0	3.2157E6	
1710	-7.9369E-1	2.2617E1	4.8612E0	3.2179E6	
1711	-7.9308E-1	2.3523E1	4.8686E0	3.2201E6	
1712	-7.9582E-1	1.9447E1	4.8760E0	3.2223E6	
1713	-7.9430E-1	2.1711E1	4.8836E0	3.2245E6	
1714	-7.9407E-1	2.2051E1	4.8911E0	3.2268E6	
1715	-7.9460E-1	2.1258E1	4.8986E0	3.2290E6	
1716	-7.9323E-1	2.3296E1	4.9060E0	3.2312E6	
1717	-7.9521E-1	2.0352E1	4.9134E0	3.2334E6	
1718	-7.9514E-1	2.0466E1	4.9209E0	3.2356E6	
1719	-7.9765E-1	1.6729E1	4.9284E0	3.2379E6	
1720	-7.9712E-1	1.7522E1	4.9359E0	3.2401E6	
1721	-7.9857E-1	1.5370E1	4.9434E0	3.2423E6	
1722	-7.9666E-1	1.8201E1	4.9507E0	3.2445E6	
1723	-7.9651E-1	1.8428E1	4.9583E0	3.2467E6	
1724	-7.9803E-1	1.6163E1	4.9657E0	3.2490E6	
1725	-7.9536E-1	2.0126E1	4.9732E0	3.2512E6	
1726	-8.0017E-1	1.2993E1	4.9807E0	3.2534E6	
1727	-7.9857E-1	1.5370E1	4.9882E0	3.2556E6	
1728	-7.9552E-1	1.9899E1	4.9956E0	3.2578E6	
1729	-8.0109E-1	1.1634E1	5.0032E0	3.2601E6	
1730	-7.9826E-1	1.5823E1	5.0107E0	3.2623E6	
1731	-7.9796E-1	1.6276E1	5.0180E0	3.2645E6	
1732	-7.9941E-1	1.4125E1	5.0256E0	3.2667E6	
1733	-7.9834E-1	1.5710E1	5.0331E0	3.2689E6	
1734	-8.0276E-1	9.1430E0	5.0405E0	3.2712E6	
1735	-8.0070E-1	1.2200E1	5.0479E0	3.2734E6	
1736	-7.9956E-1	1.3899E1	5.0554E0	3.2756E6	
1737	-8.0078E-1	1.2087E1	5.0630E0	3.2778E6	
1738	-7.9773E-1	1.6616E1	5.0705E0	3.2800E6	
1739	-8.0132E-1	1.1294E1	5.0780E0	3.2823E6	
1740	-8.0193E-1	1.0389E1	5.0854E0	3.2845E6	
1741	-7.9971E-1	1.3672E1	5.0930E0	3.2867E6	
1742	-8.0124E-1	1.1408E1	5.1005E0	3.2889E6	
1743	-8.0307E-1	8.6901E0	5.1080E0	3.2911E6	
1744	-8.0048E-1	1.2540E1	5.1154E0	3.2934E6	
1745	-8.0109E-1	1.1634E1	5.1229E0	3.2956E6	
1746	-8.0315E-1	8.5769E0	5.1304E0	3.2978E6	
1747	-8.0124E-1	1.1408E1	5.1379E0	3.3000E6	
1748	-8.0421E-1	6.9918E0	5.1454E0	3.3022E6	
1749	-8.0315E-1	8.5769E0	5.1529E0	3.3045E6	
1750	-8.0460E-1	6.4256E0	5.1604E0	3.3067E6	
1751	-8.0231E-1	9.8224E0	5.1679E0	3.3089E6	
1752	-8.0269E-1	9.2563E0	5.1753E0	3.3111E6	
1753	-8.0360E-1	7.8976E0	5.1828E0	3.3133E6	
1754	-8.0437E-1	6.7653E0	5.1903E0	3.3156E6	
1755	-8.0467E-1	6.3124E0	5.1978E0	3.3178E6	
1756	-8.0307E-1	8.6901E0	5.2053E0	3.3200E6	
1757	-8.0315E-1	8.5769E0	5.2128E0	3.3222E6	
1758	-8.0559E-1	4.9537E0	5.2202E0	3.3244E6	
1759	-8.0544E-1	5.1801E0	5.2277E0	3.3267E6	
1760	-8.0627E-1	3.9347E0	5.2352E0	3.3289E6	
1761	-8.0490E-1	5.9727E0	5.2428E0	3.3311E6	
1762	-8.0666E-1	3.3685E0	5.2502E0	3.3333E6	
1763	-8.0536E-1	5.2934E0	5.2578E0	3.3355E6	
1764	-8.0650E-1	3.5950E0	5.2651E0	3.3378E6	
1765	-8.0681E-1	3.1421E0	5.2726E0	3.3400E6	
1766	-8.0856E-1	5.3789E-1	5.2801E0	3.3422E6	
1767	-8.0414E-1	7.1050E0	5.2877E0	3.3444E6	
1768	-8.0719E-1	2.5760E0	5.2951E0	3.3466E6	
1769	-8.0612E-1	4.1611E0	5.3025E0	3.3489E6	
1770	-8.0688E-1	3.0289E0	5.3099E0	3.3511E6	
1771	-8.0826E-1	9.9079E-1	5.3175E0	3.3533E6	
1772	-8.0818E-1	1.1040E0	5.3249E0	3.3555E6	
1773	-8.0811E-1	1.2172E0	5.3324E0	3.3577E6	
1774	-8.0887E-1	8.4988E-2	5.3398E0	3.3600E6	
1775	-8.0948E-1	-8.2082E-1	5.3474E0	3.3622E6	
1776	-8.1062E-1	-2.5192E0	5.3548E0	3.3644E6	
1777	-8.0963E-1	-1.0473E0	5.3622E0	3.3666E6	
1778	-8.0666E-1	3.3685E0	5.3698E0	3.3688E6	
1779	-8.1146E-1	-3.7647E0	5.3772E0	3.3711E6	
1780	-8.1024E-1	-1.9531E0	5.3847E0	3.3733E6	
1781	-8.1291E-1	-5.9160E0	5.3921E0	3.3755E6	
1782	-8.0994E-1	-1.5002E0	5.3996E0	3.3777E6	
1783	-8.1367E-1	-7.0482E0	5.4071E0	3.3799E6	
1784	-8.1085E-1	-2.8589E0	5.4145E0	3.3822E6	
1785	-8.1367E-1	-7.0482E0	5.4221E0	3.3844E6	
1786	-8.1001E-1	-1.6134E0	5.4295E0	3.3866E6	
1787	-8.1207E-1	-4.6705E0	5.4370E0	3.3888E6	
1788	-8.1116E-1	-3.3118E0	5.4444E0	3.3910E6	
1789	-8.1467E-1	-8.5202E0	5.4519E0	3.3933E6	
1790	-8.1360E-1	-6.9350E0	5.4551E0	3.3942E6	
1791	-8.1360E-1	-6.9350E0	5.4551E0	3.3942E6	
1792	-8.1360E-1	-6.9350E0	5.4551E0	3.3942E6	
1793	-8.1360E-1	-6.9350E0	5.4551E0	3.3942E6	
1794	-8.1360E-1	-6.9350E0	5.4551E0	3.3942E6	
1795	-8.1360E-1	-6.9350E0	5.4551E0	3.3942E6	
1796	-8.1360E-1	-6.9350E0	5.4551E0	3.3942E6	
1797	-8.1360E-1	-6.9350E0	5.4551E0	3.3942E6	
1798	-8.1360E-1	-6.9350E0	5.4551E0	3.3942E6	
1799	-8.1360E-1	-6.9350E0	5.4551E0	3.3942E6	
1800	-8.1360E-1	-6.9350E0	5.4551E0	3.3942E6	
1801	-8.1360E-1	-6.9350E0	5.4551E0	3.3942E6	
1802	-8.1360E-1	-6.9350E0	5.4551E0	3.3942E6	
1803	-8.1360E-1	-6.9350E0	5.4551E0	3.3942E6	
1804	-8.1360E-1	-6.9350E0	5.4551E0	3.3942E6	
1805	-8.1360E-1	-6.9350E0	5.4551E0	3.3942E6	
1806	-8.1360E-1	-6.9350E0	5.4551E0	3.3942E6	
1807	-8.1360E-1	-6.9350E0	5.4551E0	3.3942E6	
1808	-8.1360E-1	-6.9350E0	5.4551E0	3.3942E6	
1809	-8.1360E-1	-6.9350E0	5.4551E0	3.3942E6	
1810	-8.1360E-1	-6.9350E0	5.4551E0	3.3942E6	
1811	-8.1360E-1	-6.9350E0	5.4551E0	3.3942E6	
1812	-8.1360E-1	-6.9350E0	5.4551E0	3.3942E6	
1813	-8.1360E-1	-6.9350E0	5.4551E0	3.3942E6	
1814	-8.1360E-1	-6.9350E0	5.4551E0	3.3942E6	
1815	-8.1360E-1	-6.9350E0	5.4551E0	3.3942E6	
1816	-8.1360E-1	-6.9350E0	5.4551E0	3.3942E6	
1817	-8.1360E-1	-6.9350E0	5.4551E0	3.3942E6	
1818	-8.1360E-1	-6.9350E0	5.4551E0	3.3942E6	
1819	-8.1360E-1	-6.9350E0	5.4551E0	3.3942E6	
1820	-8.1360E-1	-6.9350E0	5.4551E0	3.3942E6	
1821	-8.1360E-1	-6.9350E0	5.4551E0	3.3942E6	
1822	-8.1360E-1	-6.9350E0	5.4551E0	3.3942E6	
1823	-8.1360E-1	-6.9350E0	5.4551E0	3.3942E6	
1824	-8.1360E-1	-6.9350E0	5.4551E0	3.3942E6	
1825	-8.1360E-1	-6.9350E0	5.4551E0	3.3942E6	
1826	-8.1360E-1	-6.9350E0	5.4551E0	3.3942E6	
1827	-8.1360E-1	-6.9350E0	5.4551E0	3.3942E6	
1828	-8.1360E-1	-6.9350E0	5.4551E0	3.3942E6	
1829	-8.1360E-1	-6.9350E0	5.4551E0	3.3942E6	
1830	-8.1360E-1	-6.9350E0	5.4551E0	3.3942E6	
1831	-8.1360E-1	-6.9350E0	5.4551E0	3.3942E6	
1832	-8.1360E-1	-6.9350E0	5.4551E0	3.3942E6	
1833	-8.1360E-1	-6.9350E0	5.4551E0	3.3942E6	
1834	-8.1360E-1	-6.9350E0	5.4551E0	3.3942E6	
1835	-8.1360E-1	-6.9350E0	5.4551E0	3.3942E6	
1836	-8.1360E-1	-6.9350E0	5.4551E0	3.3942E6	
1837	-8.1360E-1	-6.9350E0	5.4551E0	3.3942E6	
1838	-8.1360E-1	-6.9350E0	5.4551E0	3.3942E6	
1839	-8.1360E-1	-6.9350E0	5.4551E0	3.3942E6	
1840	-8.1360E-1	-6.9350E0	5.4551E0	3.3942E6	
1841	-8.1360E-1	-6.9350E0	5.4551E0	3.3942E6	
1842	-8.1360E-1	-6.9350E0	5.4551E0	3.3942E6	
1843	-8.1360E-1	-6.9350E0	5.4551E0	3.3942E6	
1844	-8.1360E-1	-6.9350E0	5.4551E0	3.3942E6	
1845	-8.1360E-1	-6.9350E0	5.4551E0	3.3942E6	
1846	-8.1360E-1	-6.9350E0	5.4551E0	3.3942E6	
1847	-8.1360E-1	-6.9350E0	5.4551E0	3.3942E6	
1848	-8.1360E-1	-6.9350E0	5.4551E0	3.3942E6	
1849	-8.1360E-1	-6.9350E0	5.4551E0	3.3942E6	
1850	-8.1360E-1	-6.9350E0	5.4551E0	3.3942E6	
1851	-8.1360E-1	-6.9350E0	5.4551E0	3.3942E6	
1852	-8.1360E-1	-6.9350E0	5.4551E0	3.3942E6	
1853	-8.1360E-1	-6.9350E0	5.4551E0	3.3942E6	
1854	-8.1360E-1	-6.9350E0	5.4551E0	3.3942E6	
1855	-8.1360E-1	-6.9350E0	5.4551E0	3.3942E6	
1856	-8.1360E-1	-6.9350E0	5.4551E0	3.3942E6	
1857	-8.1360E-1	-6.9350E0	5.4551E0	3.3942E6	
1858	-8.1360E-1	-6.9350E0	5.4551E0	3.3942E6	
1859	-8.1360E-1	-6.9350E0	5.4551E0	3.3942E6	
1860	-8.1360E-1	-6.9350E0	5.4551E0	3.3942E6	
1861	-8.1360E-1	-6.9350E0	5.4551E0	3.3942E6	
1862	-8.1360E-1	-6.9350E0	5.4551E0	3.3942E6	
1863	-8.1360E-1	-6.9350E0	5.4551E0	3.3942E6	
1864	-8.1360E-1	-6.9350E0	5.4551E0	3.3942E6	
1865	-8.1360E-1	-6.9350E0	5.4551E0	3.3942E6	
1866	-8.1360E-1	-6.9350E0	5.4551E0	3.3942E6	
1867	-8.1360E-1	-6.9350E0	5.4551E0	3.3942E6	
1868	-8.1360E-1	-6.9350E0	5.4551E0	3.3942E6	
1869	-8.1360E-1	-6.9350E0	5.4551E0	3.3942E6	
1870	-8.1360E-1	-6.9350E0	5.4551E0	3.3942E6	
1871	-8.1360E-1	-6.9350E0	5.4551E0	3.3942E6	
1872	-8.1360E-1	-6.9350E0	5.4551E0	3.3942E6	
1873	-8.1360E-1	-6.9350E0	5.4551E0	3.3942E6	
1874	-8.1360E-1	-6.9350E0	5.4551E0	3.3942E6	
1875	-8.1360E-1	-6.9350E0	5.4551E0	3.3942E6	
1876	-8.1360E-1	-6.9350E0	5.4551E0	3.3942E6	
1877	-8.1360E-1	-6.9350E0	5.4551E0	3.3942E6	
1878	-8.1360E-1	-6.9350E0	5.4551E0	3.3942E6	
1879	-8.1360E-1	-6.9350E0	5.4551E0	3.3942E6	
1880	-8.1360E-1	-6.9350E0	5.4551E0	3.3942E6	
1881	-8.1360E-1	-6.9350E0	5.4551E0	3.3942E6	
1882	-8.1360E-1	-6.9350E0	5.4551E0	3.3942E6	
1883	-8.1360E-1	-6.9350E0	5.4551E0	3.3942E6	
1884	-8.1360E-1	-6.9350E0	5.4551E0	3.3942E6	
1885	-8.1360E-1	-6.9350E0	5.4551E0	3.3942E6	
1886	-8.1360E-1	-6.9350E0	5.4551E0	3.3942E6	
1887	-8.1360E-1	-6.9350E0	5.4551E0	3.3942E6	
1888	-8.1360E-1	-6.9350E0	5.4551E0	3.3942E6	
1889	-8.1360E-1	-6.9350E0	5.4551E0	3.3942E6	
1890	-8.1360E-1	-6.9350E0	5.4551E0	3.3942E6	
1891	-8.1360E-1	-6.9350E0	5.4551E0	3.3942E6	
1892	-8.1360E-1	-6.9350E0	5.4551E0	3.3942E6	
1893	-8.1360E-1	-6.9350E0	5.4551E0	3.3942E6	
1894	-8.1360E-1	-6.9350E0	5.4551E0	3.3942E6	
1895	-8.1360E-1	-6.9350E0	5.4551E0	3.3942E6	
1896	-8.1360E-1	-6.9350E0	5.4551E0	3.3942E6	
1897	-8.1360E-1	-6.9350E0	5.4551E0	3.3942E6	
1898	-8.1360E-1	-6.9350E0	5.4551E0	3.3942E6	
1899	-8.1360E-1	-6.9350E0	5.4551E0	3.3942E6	
1900	-8.1360E-1	-6.9350E0	5.4551E0	3.3942E6	
1901	-8.1360E-1	-6.9350E0	5.4551E0	3.3942E6	
1902	-8.1360E-1	-6.9350E0	5.4551E0	3.3942E6	
1903	-8.1360E-1	-6.9350E0	5.4551E0	3.3942E6	
1904	-8.1360E-1	-6.9350E0	5.4551E0	3.3942E6	
1905	-8.1360E-1	-6.9350E0	5.4551E0	3.3942E6	
1906	-8.1360E-1	-6.9350E0	5.4551E0	3.3942E6	
1907	-8.1360E-1	-6.9350E0	5.4551E0	3.3942E6	
1908	-8.1360E-1	-6.9350E0	5.4551E0	3.3942E6	
1909	-8.1360E-1	-6.9350E0	5.4551E0	3.3942E6	
1910	-8.1360E-1	-6.9350E0	5.4551E0	3.3942E6	
1911	-8.1360E-1	-6.9350E0	5.4551E0	3.3942E6	
1912	-8.1360E-1	-6.9350E0	5.4551E0	3.3942E6	
1913	-8.1360E-1	-6.9350E0	5.4551E0	3.3942E6	
1914	-8.1360E-1	-6.9350E0	5.4551E0	3.3942E6	
1915	-8.1360E-1	-6.9350E0	5.4551E0	3.3942E6	
1916	-8.1360E-1	-6.9350E0	5.4551E0	3.3942E6	
1917	-8.1360E-1	-6.9350E0	5.4551E0	3.3942E6	
1918	-8.1360E-1	-6.9350E0	5.4551E0	3.3942E6	
1919	-8.1360E-1	-6.9350E0	5.4551E0	3.3942E6	
1920	-8.1360E-1	-6.9350E0	5.4551E0	3.3942E6	
1921	-8.1360E-1	-6.9350E0	5.4551E0	3.3942E6	
1922	-8.1360E-1	-6.9350E0	5.4551E0	3.3942E6	
1923	-8.1360E-1	-6.9350E0	5.4551E0	3.3942E6	
1924	-8.1360E-1	-6.9350E0	5.4551E0	3.3942E6	
1925	-8.1360E-1	-6.9350E0	5.4551E0	3.3942E6	
1926	-8.1360E-1	-6.9350E0	5.4551E0	3.3942E6	
1927	-8.1360E-1	-6.9350E0	5.4551E0	3.3942E6	
1928	-8.1360E-1	-6.9350E0	5.4551E0	3.3942E6	
1929	-8.1360E-1	-6.9350E0	5.4551E0	3.3942E6	
1930	-8.1360E-1	-6.9350E0	5.4551E0	3.3942E6	
1931	-8.1360E-1	-6.9350E0	5.4551E0	3.3942E6	
1932	-8.1360E-1	-6.9350E0	5.4551E0	3.3942E6	
1933	-8.1360E-1	-6.9350E0	5.4551E0	3.3942E6	
1934	-8.1360E-1	-6.9350E0	5.4551E0	3.3942E6	
1935	-8.1360E-1	-6.9350E0	5.4551E0	3.3942E6	
1936	-8.1360E-1	-6.9350E0	5.4551E0	3.3942E6	
1937	-8.1360E-1	-6.9350E0	5.4551E0	3.3942E6	
1938	-8.1360E-1	-6.9350E0	5.4551E0	3.3942E6	
1939	-8.1360E-1	-6.9350E0	5.4551E0	3.3942E6	
1940	-8.1360E-1	-6.9350E0	5.4551E0	3.3942E6	
1941	-8.1360E-1	-6.9350E0	5.4551E0	3.3942E6	
1942	-8.1360E-1	-6.9350E0	5.4551E0	3.3942E6	
1943	-8.1360E-1	-6.9350E0	5.4551E0	3.3942E6	
1944	-8.1360E-1	-6.9350E0	5.4551E0	3.3942E6	
1945	-8.1360E-1	-6.9350E0	5.4551E0	3.3942E6	
1946	-8.1360E-1	-6.9350E0	5.4551E0	3.3942E6	
1947	-8.1360E-1	-6.9350E0	5.4551E0	3.3942E6	
1948	-8.1360E-1	-6.9350E0	5.4551E0	3.3942E6	
1949	-8.1360E-1	-6.9350E0	5.4551E0	3.3942E6	
1950	-8.1360E-1	-6.9350E0	5.4551E0	3.3942E6	
1951	-8.1360E-1	-6.9350E0	5.4551E0	3.3942E6	
1952	-8.1360E-1	-6.9350E0	5.4551E0	3.3942E6	
1953	-8.1360E-1	-6.9350E0	5.4551E0	3.3942E6	
1954	-8.1360E-1	-6.9350E0	5.4551E0	3.3942E6	
1955	-8.1360E-1	-6.9350E0	5.4551E0	3.3942E6	
1956	-8.1360E-1	-6.9350E0	5.4551E0	3.3942E6	
1957	-8.1360E-1	-6.9350E0	5.4551E0	3.3942E6	
1958	-8.1360E-1	-6.9350E0	5.4551E0	3.3942E6	
1959	-8.1360E-1	-6.9350E0	5.4551E0	3.3942E6	
1960	-8.1360E-1	-6.9350E0	5.4551E0	3.3942E6	
1961	-8.1360E-1	-6.9350E0	5.4551E0	3.3942E6	
1962	-8.1360E-1	-6.9350E0	5.4551E0	3.3942E6	
1963	-8.1360E-1	-6.9350E0	5.4551E0	3.3942E6	
1964	-8.1360E-1	-6.9350E0	5.4551E0	3.3942E6	
1965	-8.1360E-1	-6.9350E0	5.4551E0	3.3942E6	
1966	-8.1360E-1	-6.9350E0	5.4551E0	3.3942E6	
1967	-8.1360E-1	-6.9350E0	5.4551E0	3.3942E6	
1968	-8.1360E-1	-6.9350E0	5.4551E0	3.3942E6	
1969	-8.1360E-1	-6.9350E0	5.4551E0	3.3942E6	
1970	-8.1360E-1	-6.9350E0	5.4551E0	3.3942E6	
1971	-8.1360E-1	-6.9350E0	5.4551E0	3.3942E6	
1972	-8.1360E-1	-6.9350E0	5.4551E0	3.3942E6	
1973	-8.1360E-1	-6.9350E0	5.4551E0	3.3942E6	
1974	-8.1360E-1	-6.9350E0	5.4551E0	3.3942E6	
1975	-8.1360E-1	-6.9350E0	5.4551E0	3.3942E6	
1976	-8.1360E-1	-6.9350E0	5.4551E0	3.3942E6	
1977	-8.1360E-1	-6.9350E0	5.4551E0	3.3942E6	
1978	-8.1360E-1	-6.9350E0	5.4551E0	3.3942E6	
1979	-8.1360E-1	-6.9350E0	5.4551E0	3.3942E6	
1980	-8.1360E-1	-6.9350E0	5.4551E0	3.3942E6	
1981	-8.1360E-1	-6.9350E0	5.4551E0	3.3942E6	
1982	-8.1360E-1	-6.9350E0	5.4551E0	3.3942E6	
1983	-8.1360E-1	-6.9350E0	5.4551E0	3.3942E6	
1984	-8.1360E-1	-6.9350E0	5.4551E0	3.3942E6	
1985	-8.1360E-1	-6.9350E0	5.4551E0	3.3942E6	
1986	-8.1360E-1	-6.9350E0	5.4551E0	3.3942E6	
1987	-8.1360E-1	-6.9350E0	5.4551E0	3.3942E6	
1988	-8.1360E-1	-6.9350E0	5.4551E0	3.3942E6	
1989	-8.1360E-1	-6.9350E0	5.4551E0	3.3942E6	
1990	-8.1360E-1	-6.9350E0	5.4551E0	3.3942E6	
1991	-8.1360E-1	-6.9350E0	5.4551E0	3.3942E6	
1992	-8.1360E-1	-6.9350E0	5.4551E0	3.3942E6	
1993	-8.1360E-1	-6.9350E0	5.4551E0	3.3942E6	
1994	-8.1360E-1	-6.9350E0	5.4551E0	3.3942E6	
1995	-8.1360E-1	-6.9350E0	5.4551E0	3.3942E6	
1996	-8.1360E-1	-6.9350E0	5.4551E0	3.3942E6	
1997	-8.1360E-1	-6.9350E0	5.4551E0	3.3942E6	
1998	-8.1360E-1	-6.9350E0	5.4551E0	3.3942E6	
1999	-8.1360E-1	-6.9350E0	5.4551E0	3.3942E6	
2000	-8.1360E-1	-6.9350E0	5.4551E0	3.3942E6	
2001	-8.1360E-1	-6.9350E0	5.4551E0	3.3942E6	
2002	-8.1360E-1	-6.9350E0	5.4551E0	3.3942E6	
2003	-8.1360E-1	-6.9350E0	5.4551E0	3.3942E6	
2004	-8.1360E-1	-6.9350E0	5.4551E0	3.3942E6	
2005	-8.1360E-1	-6.9350E0	5.4551E0	3.3942E6	
2006	-8.1360E-1	-6.9350E0	5.4551E0	3.3942E6	
2007	-8.1360E-1	-6.9350E0	5.4551E0	3.3942E6	
2008	-8.1360E-1	-6.9350E0	5.4551E0	3.3942E6	
2009	-8.1360E-1	-6.9350E0	5.4551E0	3.3942E6	
2010	-8.1360E-1	-6.9350E0	5.4551E0	3.3942E6	
2011	-8.1360E-1	-6.9350E0	5.4551E0	3.3942E6	
2012	-8.1360E-1	-6.9350E0	5.4551E0	3.3942E6	
2013	-8.1360E-1	-6.9350E0	5.4551E0	3.3942E6	
2014	-8.1360E-1	-6.9350E0	5.4551E0	3.3942E6	
2015	-8.1360E-1	-6.9350E0	5.4551E0	3.3942E6	
2016	-8.1360E-1	-6.9350E0	5.4551E0	3.3942E6	
2017	-8.1360E-1	-6.9350E0	5.4551E0	3.3942E6	
2018	-8.1360E-1	-6.9350E0	5.4551E0	3.3942E6	
2019	-8.1360E-1	-6.9350E0	5.4551E0	3.3942E6	
2020	-8.1360E-1	-6.9350E0	5.4551E0	3.3942E6	
2021	-8.1360E-1	-6.9350E0	5.4551E0	3.3942E6	
2022	-8.1360E-1	-6.9350E0	5.4551E0	3.3942E6	
2023	-8.1360E-1	-6.9350E0	5.4551E0	3.3942E6	
2024	-8.1360E-1	-6.9350E0	5.4551E0	3.3942E6	
2025	-8.1360E-1	-6.9350E0	5.4551E0	3.3942E6	
2026	-8.1360E-1	-6.9350E0	5.4551E0	3.3942E6	
2027	-8.1360E-1	-6.9350E0	5.4551E0	3.3942E6	
2028	-8.1360E-1	-6.9350E0	5.4551E0	3.3942E6	
2029	-8.1360E-1	-6.9350E0	5.4551E0	3.3942E6	
2030	-8.1360E-1	-6.9350E0	5.4551E0	3.3942E6	
2031	-8.1360E-1	-6.9350E0	5.4551E0	3.3942E6	
2032	-8.1360E-1	-6.9350E0	5.4551E0	3.3942E6	
2033	-8.1360E-1	-6.9350E0	5.4551E0	3.3942E6	
2034	-8.1360E-1	-6.9350E0	5.4551E0	3.3942E6	
2035	-8.1360E-1	-6.9350E0	5.4551E0	3.3942E6	
2036	-8.1360E-1	-6.9350E0	5.4551E0	3.3942E6	
2037	-8.1360E-1	-6.9350E0	5.4551E0	3.3942E6	
2038	-8.1360E-1	-6.9350E0	5.4551E0	3.3942E6	
2039	-8.1360E-1	-6.9350E0	5.4551E0	3.3942E6	
2040	-8.1360E-1	-6.9350E0	5.4551E0	3.3942E6	
2041	-8.1360E-1	-6.9350E0	5.4551E0	3.3942E6	
2042	-8.1360E-1	-6.9350E0	5.4551E0	3.3942E6	
2043	-8.1360E-1	-6.9350E0	5.4551E0	3.3942E6	
2044	-8.1360E-1	-6.9350E0	5.4551E0	3.3942E6	
2045	-8.1360E-1	-6.9350E0	5.4551E0	3.3942E6	
2046	-8.1360E-1	-6.9350E0	5.4551E0	3.3942E6	
2047	-8.1360E-1	-6.9350E0	5.4551E0	3.3942E6	
2048	-8.1360E-1	-6.9350E0	5.4551E0	3.3942E6	
