point 172
Index	Vertical (A-B)	Force	Z Height	Time Stamp	
     	V	nN	?m	?sec	
1	-8.3282E-1	-2.5475E0	5.4229E0	1.2000E2	
2	-8.3122E-1	-1.6978E-1	5.4217E0	2.3400E3	
3	-8.3000E-1	1.6418E0	5.4189E0	4.5600E3	
4	-8.3008E-1	1.5286E0	5.4158E0	6.7800E3	
5	-8.3237E-1	-1.8682E0	5.4125E0	9.0000E3	
6	-8.3138E-1	-3.9623E-1	5.4089E0	1.1220E4	
7	-8.3069E-1	6.2280E-1	5.4050E0	1.3440E4	
8	-8.3084E-1	3.9635E-1	5.4012E0	1.5660E4	
9	-8.3160E-1	-7.3591E-1	5.3971E0	1.7880E4	
10	-8.3160E-1	-7.3591E-1	5.3930E0	2.0100E4	
11	-8.2985E-1	1.8683E0	5.3889E0	2.2320E4	
12	-8.2870E-1	3.5667E0	5.3846E0	2.4540E4	
13	-8.3092E-1	2.8312E-1	5.3802E0	2.6760E4	
14	-8.3168E-1	-8.4914E-1	5.3759E0	2.8980E4	
15	-8.3015E-1	1.4154E0	5.3714E0	3.1200E4	
16	-8.2909E-1	3.0005E0	5.3670E0	3.3420E4	
17	-8.2855E-1	3.7931E0	5.3626E0	3.5640E4	
18	-8.3107E-1	5.6668E-2	5.3580E0	3.7860E4	
19	-8.2832E-1	4.1328E0	5.3533E0	4.0080E4	
20	-8.2748E-1	5.3783E0	5.3488E0	4.2300E4	
21	-8.2741E-1	5.4915E0	5.3443E0	4.4520E4	
22	-8.2848E-1	3.9063E0	5.3396E0	4.6740E4	
23	-8.2916E-1	2.8873E0	5.3350E0	4.8960E4	
24	-8.3000E-1	1.6418E0	5.3302E0	5.1180E4	
25	-8.2642E-1	6.9634E0	5.3255E0	5.3400E4	
26	-8.2787E-1	4.8121E0	5.3208E0	5.5620E4	
27	-8.2756E-1	5.2651E0	5.3161E0	5.7840E4	
28	-8.2832E-1	4.1328E0	5.3113E0	6.0060E4	
29	-8.2947E-1	2.4344E0	5.3066E0	6.2280E4	
30	-8.2756E-1	5.2651E0	5.3018E0	6.4500E4	
31	-8.2672E-1	6.5105E0	5.2970E0	6.6720E4	
32	-8.2520E-1	8.7751E0	5.2922E0	6.8940E4	
33	-8.2405E-1	1.0473E1	5.2873E0	7.1160E4	
34	-8.2634E-1	7.0767E0	5.2825E0	7.3380E4	
35	-8.2695E-1	6.1709E0	5.2777E0	7.5600E4	
36	-8.2718E-1	5.8312E0	5.2728E0	7.7820E4	
37	-8.2367E-1	1.1040E1	5.2679E0	8.0040E4	
38	-8.2642E-1	6.9634E0	5.2630E0	8.2260E4	
39	-8.2451E-1	9.7941E0	5.2581E0	8.4480E4	
40	-8.2573E-1	7.9825E0	5.2533E0	8.6700E4	
41	-8.2596E-1	7.6428E0	5.2484E0	8.8920E4	
42	-8.2375E-1	1.0926E1	5.2434E0	9.1140E4	
43	-8.2420E-1	1.0247E1	5.2385E0	9.3360E4	
44	-8.2497E-1	9.1147E0	5.2335E0	9.5580E4	
45	-8.2268E-1	1.2511E1	5.2286E0	9.7800E4	
46	-8.2664E-1	6.6238E0	5.2236E0	1.0002E5	
47	-8.2214E-1	1.3304E1	5.2187E0	1.0224E5	
48	-8.2375E-1	1.0926E1	5.2137E0	1.0446E5	
49	-8.2283E-1	1.2285E1	5.2088E0	1.0668E5	
50	-8.2428E-1	1.0134E1	5.2038E0	1.0890E5	
51	-8.2352E-1	1.1266E1	5.1988E0	1.1112E5	
52	-8.2314E-1	1.1832E1	5.1937E0	1.1334E5	
53	-8.2214E-1	1.3304E1	5.1887E0	1.1556E5	
54	-8.2230E-1	1.3078E1	5.1837E0	1.1778E5	
55	-8.2520E-1	8.7751E0	5.1787E0	1.2000E5	
56	-8.2260E-1	1.2625E1	5.1736E0	1.2222E5	
57	-8.2199E-1	1.3531E1	5.1685E0	1.2444E5	
58	-8.2298E-1	1.2059E1	5.1635E0	1.2666E5	
59	-8.2161E-1	1.4097E1	5.1585E0	1.2888E5	
60	-8.2153E-1	1.4210E1	5.1534E0	1.3110E5	
61	-8.2237E-1	1.2964E1	5.1483E0	1.3332E5	
62	-8.2069E-1	1.5455E1	5.1432E0	1.3554E5	
63	-8.2253E-1	1.2738E1	5.1382E0	1.3776E5	
64	-8.1978E-1	1.6814E1	5.1330E0	1.3998E5	
65	-8.2024E-1	1.6135E1	5.1279E0	1.4220E5	
66	-8.2077E-1	1.5342E1	5.1229E0	1.4442E5	
67	-8.1963E-1	1.7041E1	5.1178E0	1.4664E5	
68	-8.2123E-1	1.4663E1	5.1126E0	1.4886E5	
69	-8.2062E-1	1.5569E1	5.1075E0	1.5108E5	
70	-8.2077E-1	1.5342E1	5.1023E0	1.5330E5	
71	-8.1970E-1	1.6927E1	5.0972E0	1.5552E5	
72	-8.2031E-1	1.6021E1	5.0921E0	1.5774E5	
73	-8.2115E-1	1.4776E1	5.0868E0	1.5996E5	
74	-8.1886E-1	1.8173E1	5.0816E0	1.6218E5	
75	-8.1726E-1	2.0551E1	5.0765E0	1.6440E5	
76	-8.2191E-1	1.3644E1	5.0713E0	1.6662E5	
77	-8.1863E-1	1.8512E1	5.0661E0	1.6884E5	
78	-8.1650E-1	2.1683E1	5.0610E0	1.7106E5	
79	-8.1802E-1	1.9418E1	5.0558E0	1.7328E5	
80	-8.1749E-1	2.0211E1	5.0505E0	1.7550E5	
81	-8.1795E-1	1.9531E1	5.0453E0	1.7772E5	
82	-8.1833E-1	1.8965E1	5.0401E0	1.7994E5	
83	-8.1680E-1	2.1230E1	5.0349E0	1.8216E5	
84	-8.1810E-1	1.9305E1	5.0296E0	1.8438E5	
85	-8.1581E-1	2.2702E1	5.0244E0	1.8660E5	
86	-8.1734E-1	2.0437E1	5.0192E0	1.8882E5	
87	-8.1673E-1	2.1343E1	5.0139E0	1.9104E5	
88	-8.1718E-1	2.0664E1	5.0087E0	1.9326E5	
89	-8.1497E-1	2.3947E1	5.0034E0	1.9548E5	
90	-8.1665E-1	2.1456E1	4.9982E0	1.9770E5	
91	-8.1612E-1	2.2249E1	4.9928E0	1.9992E5	
92	-8.1406E-1	2.5306E1	4.9875E0	2.0214E5	
93	-8.1757E-1	2.0098E1	4.9824E0	2.0436E5	
94	-8.1703E-1	2.0890E1	4.9769E0	2.0658E5	
95	-8.1573E-1	2.2815E1	4.9718E0	2.0880E5	
96	-8.1528E-1	2.3494E1	4.9664E0	2.1102E5	
97	-8.1627E-1	2.2022E1	4.9612E0	2.1324E5	
98	-8.1390E-1	2.5532E1	4.9558E0	2.1546E5	
99	-8.1413E-1	2.5193E1	4.9506E0	2.1768E5	
100	-8.1306E-1	2.6778E1	4.9452E0	2.1990E5	
101	-8.1703E-1	2.0890E1	4.9398E0	2.2212E5	
102	-8.1749E-1	2.0211E1	4.9346E0	2.2434E5	
103	-8.1596E-1	2.2475E1	4.9293E0	2.2656E5	
104	-8.1573E-1	2.2815E1	4.9239E0	2.2878E5	
105	-8.1604E-1	2.2362E1	4.9185E0	2.3100E5	
106	-8.1558E-1	2.3041E1	4.9131E0	2.3322E5	
107	-8.1505E-1	2.3834E1	4.9077E0	2.3544E5	
108	-8.1528E-1	2.3494E1	4.9024E0	2.3766E5	
109	-8.1345E-1	2.6212E1	4.8970E0	2.3988E5	
110	-8.1360E-1	2.5985E1	4.8917E0	2.4210E5	
111	-8.1429E-1	2.4966E1	4.8863E0	2.4432E5	
112	-8.1490E-1	2.4061E1	4.8808E0	2.4654E5	
113	-8.1245E-1	2.7684E1	4.8755E0	2.4876E5	
114	-8.1337E-1	2.6325E1	4.8701E0	2.5098E5	
115	-8.1223E-1	2.8023E1	4.8647E0	2.5320E5	
116	-8.1177E-1	2.8703E1	4.8592E0	2.5542E5	
117	-8.1436E-1	2.4853E1	4.8538E0	2.5764E5	
118	-8.1108E-1	2.9722E1	4.8484E0	2.5986E5	
119	-8.1154E-1	2.9042E1	4.8430E0	2.6208E5	
120	-8.1329E-1	2.6438E1	4.8375E0	2.6430E5	
121	-8.1039E-1	3.0741E1	4.8320E0	2.6652E5	
122	-8.1390E-1	2.5532E1	4.8266E0	2.6874E5	
123	-8.1284E-1	2.7118E1	4.8212E0	2.7096E5	
124	-8.1261E-1	2.7457E1	4.8157E0	2.7318E5	
125	-8.0887E-1	3.3005E1	4.8103E0	2.7540E5	
126	-8.0933E-1	3.2326E1	4.8048E0	2.7762E5	
127	-8.0940E-1	3.2213E1	4.7993E0	2.7984E5	
128	-8.0925E-1	3.2439E1	4.7939E0	2.8206E5	
129	-8.0925E-1	3.2439E1	4.7884E0	2.8428E5	
130	-8.1230E-1	2.7910E1	4.7829E0	2.8650E5	
131	-8.1093E-1	2.9948E1	4.7774E0	2.8872E5	
132	-8.0826E-1	3.3911E1	4.7719E0	2.9094E5	
133	-8.0833E-1	3.3798E1	4.7664E0	2.9316E5	
134	-8.1131E-1	2.9382E1	4.7609E0	2.9538E5	
135	-8.0933E-1	3.2326E1	4.7555E0	2.9760E5	
136	-8.0681E-1	3.6062E1	4.7499E0	2.9982E5	
137	-8.0841E-1	3.3685E1	4.7443E0	3.0204E5	
138	-8.0849E-1	3.3571E1	4.7388E0	3.0426E5	
139	-8.0864E-1	3.3345E1	4.7333E0	3.0648E5	
140	-8.1169E-1	2.8816E1	4.7278E0	3.0870E5	
141	-8.0627E-1	3.6855E1	4.7222E0	3.1092E5	
142	-8.0658E-1	3.6402E1	4.7167E0	3.1314E5	
143	-8.0643E-1	3.6629E1	4.7110E0	3.1536E5	
144	-8.0803E-1	3.4251E1	4.7054E0	3.1758E5	
145	-8.0627E-1	3.6855E1	4.6999E0	3.1980E5	
146	-8.0513E-1	3.8553E1	4.6943E0	3.2202E5	
147	-8.0666E-1	3.6289E1	4.6887E0	3.2424E5	
148	-8.0452E-1	3.9459E1	4.6832E0	3.2646E5	
149	-8.0513E-1	3.8553E1	4.6776E0	3.2868E5	
150	-8.0864E-1	3.3345E1	4.6720E0	3.3090E5	
151	-8.0315E-1	4.1497E1	4.6663E0	3.3312E5	
152	-8.0299E-1	4.1724E1	4.6607E0	3.3534E5	
153	-8.0597E-1	3.7308E1	4.6552E0	3.3756E5	
154	-8.0345E-1	4.1044E1	4.6495E0	3.3978E5	
155	-8.0681E-1	3.6062E1	4.6439E0	3.4200E5	
156	-8.0345E-1	4.1044E1	4.6383E0	3.4422E5	
157	-8.0505E-1	3.8667E1	4.6326E0	3.4644E5	
158	-8.0528E-1	3.8327E1	4.6270E0	3.4866E5	
159	-8.0582E-1	3.7534E1	4.6213E0	3.5088E5	
160	-8.0322E-1	4.1384E1	4.6158E0	3.5310E5	
161	-8.0421E-1	3.9912E1	4.6101E0	3.5532E5	
162	-8.0406E-1	4.0139E1	4.6044E0	3.5754E5	
163	-8.0307E-1	4.1611E1	4.5987E0	3.5976E5	
164	-8.0528E-1	3.8327E1	4.5930E0	3.6198E5	
165	-8.0246E-1	4.2516E1	4.5875E0	3.6420E5	
166	-8.0231E-1	4.2743E1	4.5818E0	3.6642E5	
167	-8.0360E-1	4.0818E1	4.5761E0	3.6864E5	
168	-8.0551E-1	3.7987E1	4.5704E0	3.7086E5	
169	-8.0330E-1	4.1271E1	4.5647E0	3.7308E5	
170	-8.0254E-1	4.2403E1	4.5590E0	3.7530E5	
171	-8.0185E-1	4.3422E1	4.5533E0	3.7752E5	
172	-8.0185E-1	4.3422E1	4.5476E0	3.7974E5	
173	-8.0299E-1	4.1724E1	4.5418E0	3.8196E5	
174	-8.0345E-1	4.1044E1	4.5361E0	3.8418E5	
175	-7.9979E-1	4.6479E1	4.5304E0	3.8640E5	
176	-8.0162E-1	4.3762E1	4.5246E0	3.8862E5	
177	-8.0193E-1	4.3309E1	4.5189E0	3.9084E5	
178	-8.0338E-1	4.1158E1	4.5133E0	3.9306E5	
179	-8.0177E-1	4.3535E1	4.5074E0	3.9528E5	
180	-8.0063E-1	4.5234E1	4.5017E0	3.9750E5	
181	-7.9903E-1	4.7611E1	4.4959E0	3.9972E5	
182	-8.0002E-1	4.6140E1	4.4902E0	4.0194E5	
183	-7.9842E-1	4.8517E1	4.4844E0	4.0416E5	
184	-8.0215E-1	4.2969E1	4.4787E0	4.0638E5	
185	-8.0063E-1	4.5234E1	4.4729E0	4.0860E5	
186	-8.0048E-1	4.5460E1	4.4672E0	4.1082E5	
187	-7.9903E-1	4.7611E1	4.4613E0	4.1304E5	
188	-8.0078E-1	4.5007E1	4.4556E0	4.1526E5	
189	-7.9964E-1	4.6706E1	4.4497E0	4.1748E5	
190	-7.9926E-1	4.7272E1	4.4440E0	4.1970E5	
191	-8.0017E-1	4.5913E1	4.4382E0	4.2192E5	
192	-8.0154E-1	4.3875E1	4.4324E0	4.2414E5	
193	-8.0032E-1	4.5687E1	4.4265E0	4.2636E5	
194	-7.9735E-1	5.0102E1	4.4206E0	4.2858E5	
195	-7.9941E-1	4.7045E1	4.4148E0	4.3080E5	
196	-7.9933E-1	4.7159E1	4.4090E0	4.3302E5	
197	-8.0002E-1	4.6140E1	4.4033E0	4.3524E5	
198	-7.9872E-1	4.8064E1	4.3974E0	4.3746E5	
199	-7.9720E-1	5.0329E1	4.3915E0	4.3968E5	
200	-7.9872E-1	4.8064E1	4.3858E0	4.4190E5	
201	-8.0032E-1	4.5687E1	4.3799E0	4.4412E5	
202	-7.9872E-1	4.8064E1	4.3740E0	4.4634E5	
203	-7.9704E-1	5.0555E1	4.3682E0	4.4856E5	
204	-7.9552E-1	5.2820E1	4.3624E0	4.5078E5	
205	-7.9559E-1	5.2707E1	4.3565E0	4.5300E5	
206	-7.9399E-1	5.5084E1	4.3507E0	4.5522E5	
207	-7.9605E-1	5.2027E1	4.3447E0	4.5744E5	
208	-7.9567E-1	5.2593E1	4.3388E0	4.5966E5	
209	-7.9430E-1	5.4631E1	4.3329E0	4.6188E5	
210	-7.9521E-1	5.3273E1	4.3270E0	4.6410E5	
211	-7.9689E-1	5.0782E1	4.3212E0	4.6632E5	
212	-7.9323E-1	5.6217E1	4.3153E0	4.6854E5	
213	-7.9346E-1	5.5877E1	4.3093E0	4.7076E5	
214	-7.9536E-1	5.3046E1	4.3035E0	4.7298E5	
215	-7.9575E-1	5.2480E1	4.2975E0	4.7520E5	
216	-7.9369E-1	5.5537E1	4.2917E0	4.7742E5	
217	-7.9224E-1	5.7689E1	4.2858E0	4.7964E5	
218	-7.9247E-1	5.7349E1	4.2798E0	4.8186E5	
219	-7.9567E-1	5.2593E1	4.2739E0	4.8408E5	
220	-7.9346E-1	5.5877E1	4.2679E0	4.8630E5	
221	-7.9391E-1	5.5198E1	4.2620E0	4.8852E5	
222	-7.9155E-1	5.8708E1	4.2561E0	4.9074E5	
223	-7.9224E-1	5.7689E1	4.2502E0	4.9296E5	
224	-7.9124E-1	5.9161E1	4.2442E0	4.9518E5	
225	-7.9010E-1	6.0859E1	4.2382E0	4.9740E5	
226	-7.8873E-1	6.2897E1	4.2324E0	4.9962E5	
227	-7.9025E-1	6.0632E1	4.2264E0	5.0184E5	
228	-7.9361E-1	5.5651E1	4.2204E0	5.0406E5	
229	-7.9163E-1	5.8594E1	4.2144E0	5.0628E5	
230	-7.9109E-1	5.9387E1	4.2085E0	5.0850E5	
231	-7.8995E-1	6.1085E1	4.2025E0	5.1072E5	
232	-7.8880E-1	6.2784E1	4.1965E0	5.1294E5	
233	-7.8835E-1	6.3463E1	4.1905E0	5.1516E5	
234	-7.9216E-1	5.7802E1	4.1845E0	5.1738E5	
235	-7.8911E-1	6.2331E1	4.1786E0	5.1960E5	
236	-7.8926E-1	6.2104E1	4.1725E0	5.2182E5	
237	-7.9048E-1	6.0293E1	4.1664E0	5.2404E5	
238	-7.9178E-1	5.8368E1	4.1606E0	5.2626E5	
239	-7.9109E-1	5.9387E1	4.1546E0	5.2848E5	
240	-7.8972E-1	6.1425E1	4.1485E0	5.3070E5	
241	-7.8644E-1	6.6294E1	4.1425E0	5.3292E5	
242	-7.8781E-1	6.4256E1	4.1365E0	5.3514E5	
243	-7.8842E-1	6.3350E1	4.1304E0	5.3736E5	
244	-7.8918E-1	6.2218E1	4.1244E0	5.3958E5	
245	-7.8773E-1	6.4369E1	4.1184E0	5.4180E5	
246	-7.8949E-1	6.1765E1	4.1124E0	5.4402E5	
247	-7.8896E-1	6.2557E1	4.1063E0	5.4624E5	
248	-7.8735E-1	6.4935E1	4.1002E0	5.4846E5	
249	-7.9041E-1	6.0406E1	4.0942E0	5.5068E5	
250	-7.8659E-1	6.6067E1	4.0881E0	5.5290E5	
251	-7.8781E-1	6.4256E1	4.0822E0	5.5512E5	
252	-7.8918E-1	6.2218E1	4.0760E0	5.5734E5	
253	-7.8812E-1	6.3803E1	4.0699E0	5.5956E5	
254	-7.8972E-1	6.1425E1	4.0639E0	5.6178E5	
255	-7.8667E-1	6.5954E1	4.0578E0	5.6400E5	
256	-7.8667E-1	6.5954E1	4.0518E0	5.6622E5	
257	-7.8850E-1	6.3237E1	4.0456E0	5.6844E5	
258	-7.8735E-1	6.4935E1	4.0396E0	5.7066E5	
259	-7.8682E-1	6.5728E1	4.0334E0	5.7288E5	
260	-7.8476E-1	6.8785E1	4.0274E0	5.7510E5	
261	-7.8445E-1	6.9238E1	4.0214E0	5.7732E5	
262	-7.8644E-1	6.6294E1	4.0152E0	5.7954E5	
263	-7.8651E-1	6.6181E1	4.0091E0	5.8176E5	
264	-7.8636E-1	6.6407E1	4.0031E0	5.8398E5	
265	-7.8568E-1	6.7426E1	3.9969E0	5.8620E5	
266	-7.8522E-1	6.8105E1	3.9907E0	5.8842E5	
267	-7.8468E-1	6.8898E1	3.9847E0	5.9064E5	
268	-7.8453E-1	6.9124E1	3.9786E0	5.9286E5	
269	-7.8522E-1	6.8105E1	3.9724E0	5.9508E5	
270	-7.8644E-1	6.6294E1	3.9663E0	5.9730E5	
271	-7.8506E-1	6.8332E1	3.9602E0	5.9952E5	
272	-7.8354E-1	7.0596E1	3.9540E0	6.0174E5	
273	-7.8438E-1	6.9351E1	3.9479E0	6.0396E5	
274	-7.8415E-1	6.9690E1	3.9417E0	6.0618E5	
275	-7.8133E-1	7.3880E1	3.9356E0	6.0840E5	
276	-7.8331E-1	7.0936E1	3.9294E0	6.1062E5	
277	-7.8476E-1	6.8785E1	3.9232E0	6.1284E5	
278	-7.8049E-1	7.5125E1	3.9171E0	6.1506E5	
279	-7.8392E-1	7.0030E1	3.9109E0	6.1728E5	
280	-7.8323E-1	7.1049E1	3.9047E0	6.1950E5	
281	-7.8285E-1	7.1615E1	3.8986E0	6.2172E5	
282	-7.8270E-1	7.1842E1	3.8924E0	6.2394E5	
283	-7.7881E-1	7.7616E1	3.8862E0	6.2616E5	
284	-7.7988E-1	7.6031E1	3.8802E0	6.2838E5	
285	-7.7950E-1	7.6597E1	3.8739E0	6.3060E5	
286	-7.7904E-1	7.7277E1	3.8677E0	6.3282E5	
287	-7.7858E-1	7.7956E1	3.8615E0	6.3504E5	
288	-7.8148E-1	7.3653E1	3.8553E0	6.3726E5	
289	-7.7927E-1	7.6937E1	3.8491E0	6.3948E5	
290	-7.7797E-1	7.8862E1	3.8429E0	6.4170E5	
291	-7.7797E-1	7.8862E1	3.8367E0	6.4392E5	
292	-7.7751E-1	7.9541E1	3.8305E0	6.4614E5	
293	-7.7789E-1	7.8975E1	3.8242E0	6.4836E5	
294	-7.7614E-1	8.1579E1	3.8180E0	6.5058E5	
295	-7.7873E-1	7.7730E1	3.8119E0	6.5280E5	
296	-7.7850E-1	7.8069E1	3.8056E0	6.5502E5	
297	-7.7919E-1	7.7050E1	3.7993E0	6.5724E5	
298	-7.7583E-1	8.2032E1	3.7931E0	6.5946E5	
299	-7.7766E-1	7.9315E1	3.7869E0	6.6168E5	
300	-7.7614E-1	8.1579E1	3.7806E0	6.6390E5	
301	-7.7850E-1	7.8069E1	3.7744E0	6.6612E5	
302	-7.7957E-1	7.6484E1	3.7683E0	6.6834E5	
303	-7.7888E-1	7.7503E1	3.7618E0	6.7056E5	
304	-7.7728E-1	7.9881E1	3.7557E0	6.7278E5	
305	-7.7492E-1	8.3391E1	3.7494E0	6.7500E5	
306	-7.7827E-1	7.8409E1	3.7431E0	6.7722E5	
307	-7.7606E-1	8.1692E1	3.7368E0	6.7944E5	
308	-7.7614E-1	8.1579E1	3.7306E0	6.8166E5	
309	-7.7370E-1	8.5202E1	3.7243E0	6.8388E5	
310	-7.7347E-1	8.5542E1	3.7180E0	6.8610E5	
311	-7.7736E-1	7.9768E1	3.7117E0	6.8832E5	
312	-7.7629E-1	8.1353E1	3.7054E0	6.9054E5	
313	-7.7385E-1	8.4976E1	3.6992E0	6.9276E5	
314	-7.7377E-1	8.5089E1	3.6929E0	6.9498E5	
315	-7.7332E-1	8.5769E1	3.6866E0	6.9720E5	
316	-7.7232E-1	8.7240E1	3.6803E0	6.9942E5	
317	-7.7393E-1	8.4863E1	3.6739E0	7.0164E5	
318	-7.7385E-1	8.4976E1	3.6677E0	7.0386E5	
319	-7.7179E-1	8.8033E1	3.6614E0	7.0608E5	
320	-7.7530E-1	8.2825E1	3.6551E0	7.0830E5	
321	-7.7309E-1	8.6108E1	3.6487E0	7.1052E5	
322	-7.7171E-1	8.8146E1	3.6424E0	7.1274E5	
323	-7.7438E-1	8.4183E1	3.6361E0	7.1496E5	
324	-7.7530E-1	8.2825E1	3.6299E0	7.1718E5	
325	-7.7286E-1	8.6448E1	3.6234E0	7.1940E5	
326	-7.7400E-1	8.4750E1	3.6171E0	7.2162E5	
327	-7.7377E-1	8.5089E1	3.6107E0	7.2384E5	
328	-7.7309E-1	8.6108E1	3.6044E0	7.2606E5	
329	-7.7370E-1	8.5202E1	3.5981E0	7.2828E5	
330	-7.7171E-1	8.8146E1	3.5917E0	7.3050E5	
331	-7.7271E-1	8.6674E1	3.5855E0	7.3272E5	
332	-7.7408E-1	8.4636E1	3.5790E0	7.3494E5	
333	-7.7332E-1	8.5769E1	3.5726E0	7.3716E5	
334	-7.7309E-1	8.6108E1	3.5663E0	7.3938E5	
335	-7.7057E-1	8.9845E1	3.5599E0	7.4160E5	
336	-7.7164E-1	8.8260E1	3.5536E0	7.4382E5	
337	-7.7042E-1	9.0071E1	3.5471E0	7.4604E5	
338	-7.7171E-1	8.8146E1	3.5407E0	7.4826E5	
339	-7.7110E-1	8.9052E1	3.5344E0	7.5048E5	
340	-7.7271E-1	8.6674E1	3.5280E0	7.5270E5	
341	-7.7103E-1	8.9165E1	3.5217E0	7.5492E5	
342	-7.6973E-1	9.1090E1	3.5153E0	7.5714E5	
343	-7.6752E-1	9.4374E1	3.5089E0	7.5936E5	
344	-7.6813E-1	9.3468E1	3.5025E0	7.6158E5	
345	-7.7156E-1	8.8373E1	3.4960E0	7.6380E5	
346	-7.6706E-1	9.5053E1	3.4896E0	7.6602E5	
347	-7.6744E-1	9.4487E1	3.4832E0	7.6824E5	
348	-7.6622E-1	9.6299E1	3.4769E0	7.7046E5	
349	-7.6691E-1	9.5280E1	3.4704E0	7.7268E5	
350	-7.6843E-1	9.3015E1	3.4640E0	7.7490E5	
351	-7.6813E-1	9.3468E1	3.4575E0	7.7712E5	
352	-7.6622E-1	9.6299E1	3.4512E0	7.7934E5	
353	-7.6767E-1	9.4147E1	3.4448E0	7.8156E5	
354	-7.6759E-1	9.4260E1	3.4383E0	7.8378E5	
355	-7.6614E-1	9.6412E1	3.4319E0	7.8600E5	
356	-7.6447E-1	9.8903E1	3.4254E0	7.8822E5	
357	-7.6454E-1	9.8790E1	3.4189E0	7.9044E5	
358	-7.6584E-1	9.6865E1	3.4126E0	7.9266E5	
359	-7.6576E-1	9.6978E1	3.4061E0	7.9488E5	
360	-7.6324E-1	1.0071E2	3.3997E0	7.9710E5	
361	-7.6431E-1	9.9129E1	3.3932E0	7.9932E5	
362	-7.6439E-1	9.9016E1	3.3868E0	8.0154E5	
363	-7.6477E-1	9.8450E1	3.3803E0	8.0376E5	
364	-7.6256E-1	1.0173E2	3.3738E0	8.0598E5	
365	-7.6317E-1	1.0083E2	3.3674E0	8.0820E5	
366	-7.6317E-1	1.0083E2	3.3609E0	8.1042E5	
367	-7.6317E-1	1.0083E2	3.3545E0	8.1264E5	
368	-7.6126E-1	1.0366E2	3.3479E0	8.1486E5	
369	-7.6187E-1	1.0275E2	3.3415E0	8.1708E5	
370	-7.6149E-1	1.0332E2	3.3349E0	8.1930E5	
371	-7.6111E-1	1.0388E2	3.3284E0	8.2152E5	
372	-7.6408E-1	9.9469E1	3.3221E0	8.2374E5	
373	-7.6065E-1	1.0456E2	3.3154E0	8.2596E5	
374	-7.5981E-1	1.0581E2	3.3090E0	8.2818E5	
375	-7.6164E-1	1.0309E2	3.3025E0	8.3040E5	
376	-7.6233E-1	1.0207E2	3.2961E0	8.3262E5	
377	-7.6324E-1	1.0071E2	3.2895E0	8.3484E5	
378	-7.5935E-1	1.0649E2	3.2829E0	8.3706E5	
379	-7.5981E-1	1.0581E2	3.2765E0	8.3928E5	
380	-7.6210E-1	1.0241E2	3.2700E0	8.4150E5	
381	-7.5928E-1	1.0660E2	3.2635E0	8.4372E5	
382	-7.6050E-1	1.0479E2	3.2570E0	8.4594E5	
383	-7.5981E-1	1.0581E2	3.2504E0	8.4816E5	
384	-7.6080E-1	1.0434E2	3.2439E0	8.5038E5	
385	-7.6202E-1	1.0253E2	3.2373E0	8.5260E5	
386	-7.6027E-1	1.0513E2	3.2309E0	8.5482E5	
387	-7.5691E-1	1.1011E2	3.2243E0	8.5704E5	
388	-7.5897E-1	1.0705E2	3.2177E0	8.5926E5	
389	-7.5844E-1	1.0785E2	3.2111E0	8.6148E5	
390	-7.6012E-1	1.0536E2	3.2046E0	8.6370E5	
391	-7.6080E-1	1.0434E2	3.1981E0	8.6592E5	
392	-7.5592E-1	1.1158E2	3.1915E0	8.6814E5	
393	-7.5951E-1	1.0626E2	3.1850E0	8.7036E5	
394	-7.5943E-1	1.0638E2	3.1784E0	8.7258E5	
395	-7.5745E-1	1.0932E2	3.1720E0	8.7480E5	
396	-7.5905E-1	1.0694E2	3.1653E0	8.7702E5	
397	-7.5836E-1	1.0796E2	3.1588E0	8.7924E5	
398	-7.5951E-1	1.0626E2	3.1521E0	8.8146E5	
399	-7.5691E-1	1.1011E2	3.1456E0	8.8368E5	
400	-7.5752E-1	1.0921E2	3.1390E0	8.8590E5	
401	-7.5630E-1	1.1102E2	3.1324E0	8.8812E5	
402	-7.5768E-1	1.0898E2	3.1258E0	8.9034E5	
403	-7.5562E-1	1.1204E2	3.1193E0	8.9256E5	
404	-7.5668E-1	1.1045E2	3.1127E0	8.9478E5	
405	-7.5745E-1	1.0932E2	3.1061E0	8.9700E5	
406	-7.5722E-1	1.0966E2	3.0996E0	8.9922E5	
407	-7.5523E-1	1.1260E2	3.0929E0	9.0144E5	
408	-7.5615E-1	1.1124E2	3.0862E0	9.0366E5	
409	-7.5562E-1	1.1204E2	3.0797E0	9.0588E5	
410	-7.5623E-1	1.1113E2	3.0731E0	9.0810E5	
411	-7.5493E-1	1.1306E2	3.0664E0	9.1032E5	
412	-7.5211E-1	1.1725E2	3.0599E0	9.1254E5	
413	-7.5439E-1	1.1385E2	3.0532E0	9.1476E5	
414	-7.5409E-1	1.1430E2	3.0467E0	9.1698E5	
415	-7.5539E-1	1.1238E2	3.0400E0	9.1920E5	
416	-7.5455E-1	1.1362E2	3.0334E0	9.2142E5	
417	-7.5264E-1	1.1645E2	3.0267E0	9.2364E5	
418	-7.5195E-1	1.1747E2	3.0200E0	9.2586E5	
419	-7.5371E-1	1.1487E2	3.0135E0	9.2808E5	
420	-7.5432E-1	1.1396E2	3.0068E0	9.3030E5	
421	-7.5249E-1	1.1668E2	3.0001E0	9.3252E5	
422	-7.5142E-1	1.1826E2	2.9936E0	9.3474E5	
423	-7.5150E-1	1.1815E2	2.9869E0	9.3696E5	
424	-7.5127E-1	1.1849E2	2.9802E0	9.3918E5	
425	-7.5096E-1	1.1894E2	2.9736E0	9.4140E5	
426	-7.5127E-1	1.1849E2	2.9670E0	9.4362E5	
427	-7.5073E-1	1.1928E2	2.9603E0	9.4584E5	
428	-7.5096E-1	1.1894E2	2.9536E0	9.4806E5	
429	-7.4989E-1	1.2053E2	2.9470E0	9.5028E5	
430	-7.5035E-1	1.1985E2	2.9403E0	9.5250E5	
431	-7.5005E-1	1.2030E2	2.9336E0	9.5472E5	
432	-7.5050E-1	1.1962E2	2.9270E0	9.5694E5	
433	-7.4745E-1	1.2415E2	2.9203E0	9.5916E5	
434	-7.4982E-1	1.2064E2	2.9136E0	9.6138E5	
435	-7.4982E-1	1.2064E2	2.9069E0	9.6360E5	
436	-7.5043E-1	1.1974E2	2.9002E0	9.6582E5	
437	-7.4760E-1	1.2393E2	2.8936E0	9.6804E5	
438	-7.4814E-1	1.2313E2	2.8869E0	9.7026E5	
439	-7.4638E-1	1.2574E2	2.8802E0	9.7248E5	
440	-7.4821E-1	1.2302E2	2.8735E0	9.7470E5	
441	-7.4814E-1	1.2313E2	2.8668E0	9.7692E5	
442	-7.4799E-1	1.2336E2	2.8601E0	9.7914E5	
443	-7.4600E-1	1.2630E2	2.8533E0	9.8136E5	
444	-7.4509E-1	1.2766E2	2.8466E0	9.8358E5	
445	-7.4600E-1	1.2630E2	2.8400E0	9.8580E5	
446	-7.4646E-1	1.2562E2	2.8332E0	9.8802E5	
447	-7.4516E-1	1.2755E2	2.8265E0	9.9024E5	
448	-7.4593E-1	1.2642E2	2.8199E0	9.9246E5	
449	-7.4577E-1	1.2664E2	2.8131E0	9.9468E5	
450	-7.4593E-1	1.2642E2	2.8064E0	9.9690E5	
451	-7.4478E-1	1.2811E2	2.7996E0	9.9912E5	
452	-7.4570E-1	1.2676E2	2.7930E0	1.0013E6	
453	-7.4532E-1	1.2732E2	2.7862E0	1.0036E6	
454	-7.4364E-1	1.2981E2	2.7795E0	1.0058E6	
455	-7.4577E-1	1.2664E2	2.7727E0	1.0080E6	
456	-7.4425E-1	1.2891E2	2.7659E0	1.0102E6	
457	-7.4554E-1	1.2698E2	2.7592E0	1.0124E6	
458	-7.4585E-1	1.2653E2	2.7526E0	1.0147E6	
459	-7.4455E-1	1.2845E2	2.7457E0	1.0169E6	
460	-7.4356E-1	1.2993E2	2.7391E0	1.0191E6	
461	-7.4326E-1	1.3038E2	2.7323E0	1.0213E6	
462	-7.4524E-1	1.2744E2	2.7255E0	1.0235E6	
463	-7.4547E-1	1.2710E2	2.7187E0	1.0258E6	
464	-7.4272E-1	1.3117E2	2.7121E0	1.0280E6	
465	-7.4348E-1	1.3004E2	2.7052E0	1.0302E6	
466	-7.4280E-1	1.3106E2	2.6985E0	1.0324E6	
467	-7.4318E-1	1.3049E2	2.6917E0	1.0346E6	
468	-7.4371E-1	1.2970E2	2.6850E0	1.0369E6	
469	-7.4272E-1	1.3117E2	2.6782E0	1.0391E6	
470	-7.4409E-1	1.2913E2	2.6715E0	1.0413E6	
471	-7.4333E-1	1.3027E2	2.6646E0	1.0435E6	
472	-7.4181E-1	1.3253E2	2.6578E0	1.0457E6	
473	-7.4020E-1	1.3491E2	2.6510E0	1.0480E6	
474	-7.4310E-1	1.3061E2	2.6443E0	1.0502E6	
475	-7.4387E-1	1.2947E2	2.6374E0	1.0524E6	
476	-7.4097E-1	1.3378E2	2.6306E0	1.0546E6	
477	-7.4051E-1	1.3446E2	2.6239E0	1.0568E6	
478	-7.4028E-1	1.3480E2	2.6170E0	1.0591E6	
479	-7.4005E-1	1.3513E2	2.6102E0	1.0613E6	
480	-7.3914E-1	1.3649E2	2.6034E0	1.0635E6	
481	-7.3891E-1	1.3683E2	2.5967E0	1.0657E6	
482	-7.3685E-1	1.3989E2	2.5899E0	1.0679E6	
483	-7.4097E-1	1.3378E2	2.5831E0	1.0702E6	
484	-7.3830E-1	1.3774E2	2.5763E0	1.0724E6	
485	-7.3654E-1	1.4034E2	2.5695E0	1.0746E6	
486	-7.3730E-1	1.3921E2	2.5626E0	1.0768E6	
487	-7.3914E-1	1.3649E2	2.5558E0	1.0790E6	
488	-7.3936E-1	1.3615E2	2.5489E0	1.0813E6	
489	-7.3792E-1	1.3831E2	2.5422E0	1.0835E6	
490	-7.3746E-1	1.3898E2	2.5353E0	1.0857E6	
491	-7.3601E-1	1.4114E2	2.5284E0	1.0879E6	
492	-7.3601E-1	1.4114E2	2.5217E0	1.0901E6	
493	-7.3616E-1	1.4091E2	2.5148E0	1.0924E6	
494	-7.3593E-1	1.4125E2	2.5080E0	1.0946E6	
495	-7.3387E-1	1.4431E2	2.5011E0	1.0968E6	
496	-7.3456E-1	1.4329E2	2.4943E0	1.0990E6	
497	-7.3578E-1	1.4148E2	2.4875E0	1.1012E6	
498	-7.3395E-1	1.4419E2	2.4806E0	1.1035E6	
499	-7.3563E-1	1.4170E2	2.4737E0	1.1057E6	
500	-7.3471E-1	1.4306E2	2.4669E0	1.1079E6	
501	-7.3349E-1	1.4487E2	2.4601E0	1.1101E6	
502	-7.3380E-1	1.4442E2	2.4533E0	1.1123E6	
503	-7.3463E-1	1.4317E2	2.4464E0	1.1146E6	
504	-7.3326E-1	1.4521E2	2.4395E0	1.1168E6	
505	-7.3486E-1	1.4283E2	2.4327E0	1.1190E6	
506	-7.3212E-1	1.4691E2	2.4257E0	1.1212E6	
507	-7.3067E-1	1.4906E2	2.4190E0	1.1234E6	
508	-7.2845E-1	1.5235E2	2.4121E0	1.1257E6	
509	-7.3303E-1	1.4555E2	2.4051E0	1.1279E6	
510	-7.3265E-1	1.4612E2	2.3983E0	1.1301E6	
511	-7.3044E-1	1.4940E2	2.3914E0	1.1323E6	
512	-7.3174E-1	1.4748E2	2.3846E0	1.1345E6	
513	-7.2960E-1	1.5065E2	2.3776E0	1.1368E6	
514	-7.3074E-1	1.4895E2	2.3708E0	1.1390E6	
515	-7.3090E-1	1.4872E2	2.3638E0	1.1412E6	
516	-7.2853E-1	1.5223E2	2.3570E0	1.1434E6	
517	-7.3067E-1	1.4906E2	2.3501E0	1.1456E6	
518	-7.2952E-1	1.5076E2	2.3432E0	1.1479E6	
519	-7.2754E-1	1.5370E2	2.3364E0	1.1501E6	
520	-7.3051E-1	1.4929E2	2.3294E0	1.1523E6	
521	-7.3097E-1	1.4861E2	2.3226E0	1.1545E6	
522	-7.3311E-1	1.4544E2	2.3156E0	1.1567E6	
523	-7.3135E-1	1.4804E2	2.3088E0	1.1590E6	
524	-7.3097E-1	1.4861E2	2.3018E0	1.1612E6	
525	-7.2853E-1	1.5223E2	2.2949E0	1.1634E6	
526	-7.2853E-1	1.5223E2	2.2880E0	1.1656E6	
527	-7.2823E-1	1.5268E2	2.2811E0	1.1678E6	
528	-7.2853E-1	1.5223E2	2.2742E0	1.1701E6	
529	-7.2754E-1	1.5370E2	2.2673E0	1.1723E6	
530	-7.3013E-1	1.4985E2	2.2604E0	1.1745E6	
531	-7.2929E-1	1.5110E2	2.2534E0	1.1767E6	
532	-7.2792E-1	1.5314E2	2.2465E0	1.1789E6	
533	-7.2838E-1	1.5246E2	2.2396E0	1.1812E6	
534	-7.3059E-1	1.4917E2	2.2327E0	1.1834E6	
535	-7.2800E-1	1.5302E2	2.2258E0	1.1856E6	
536	-7.2906E-1	1.5144E2	2.2188E0	1.1878E6	
537	-7.2792E-1	1.5314E2	2.2119E0	1.1900E6	
538	-7.2380E-1	1.5925E2	2.2050E0	1.1923E6	
539	-7.2632E-1	1.5552E2	2.1980E0	1.1945E6	
540	-7.2838E-1	1.5246E2	2.1911E0	1.1967E6	
541	-7.2876E-1	1.5189E2	2.1842E0	1.1989E6	
542	-7.2784E-1	1.5325E2	2.1772E0	1.2011E6	
543	-7.2647E-1	1.5529E2	2.1701E0	1.2034E6	
544	-7.2906E-1	1.5144E2	2.1633E0	1.2056E6	
545	-7.2594E-1	1.5608E2	2.1563E0	1.2078E6	
546	-7.2746E-1	1.5382E2	2.1494E0	1.2100E6	
547	-7.2227E-1	1.6152E2	2.1424E0	1.2122E6	
548	-7.2563E-1	1.5653E2	2.1354E0	1.2145E6	
549	-7.2708E-1	1.5438E2	2.1285E0	1.2167E6	
550	-7.2357E-1	1.5959E2	2.1215E0	1.2189E6	
551	-7.2350E-1	1.5970E2	2.1146E0	1.2211E6	
552	-7.2372E-1	1.5937E2	2.1076E0	1.2233E6	
553	-7.2433E-1	1.5846E2	2.1007E0	1.2256E6	
554	-7.2121E-1	1.6310E2	2.0938E0	1.2278E6	
555	-7.2449E-1	1.5823E2	2.0866E0	1.2300E6	
556	-7.2159E-1	1.6254E2	2.0797E0	1.2322E6	
557	-7.2289E-1	1.6061E2	2.0727E0	1.2344E6	
558	-7.2014E-1	1.6469E2	2.0658E0	1.2367E6	
559	-7.2029E-1	1.6446E2	2.0589E0	1.2389E6	
560	-7.1899E-1	1.6639E2	2.0518E0	1.2411E6	
561	-7.1930E-1	1.6593E2	2.0448E0	1.2433E6	
562	-7.1899E-1	1.6639E2	2.0379E0	1.2455E6	
563	-7.1892E-1	1.6650E2	2.0309E0	1.2478E6	
564	-7.1991E-1	1.6503E2	2.0238E0	1.2500E6	
565	-7.1968E-1	1.6537E2	2.0169E0	1.2522E6	
566	-7.1922E-1	1.6605E2	2.0100E0	1.2544E6	
567	-7.1709E-1	1.6922E2	2.0029E0	1.2566E6	
568	-7.1739E-1	1.6876E2	1.9959E0	1.2589E6	
569	-7.1808E-1	1.6774E2	1.9889E0	1.2611E6	
570	-7.1999E-1	1.6491E2	1.9820E0	1.2633E6	
571	-7.1732E-1	1.6888E2	1.9749E0	1.2655E6	
572	-7.1526E-1	1.7193E2	1.9680E0	1.2677E6	
573	-7.1678E-1	1.6967E2	1.9610E0	1.2700E6	
574	-7.1709E-1	1.6922E2	1.9539E0	1.2722E6	
575	-7.1526E-1	1.7193E2	1.9469E0	1.2744E6	
576	-7.1892E-1	1.6650E2	1.9399E0	1.2766E6	
577	-7.1632E-1	1.7035E2	1.9329E0	1.2788E6	
578	-7.1281E-1	1.7556E2	1.9259E0	1.2811E6	
579	-7.1663E-1	1.6990E2	1.9188E0	1.2833E6	
580	-7.1587E-1	1.7103E2	1.9118E0	1.2855E6	
581	-7.1541E-1	1.7171E2	1.9048E0	1.2877E6	
582	-7.1602E-1	1.7080E2	1.8978E0	1.2899E6	
583	-7.1457E-1	1.7295E2	1.8908E0	1.2922E6	
584	-7.1640E-1	1.7023E2	1.8838E0	1.2944E6	
585	-7.1609E-1	1.7069E2	1.8768E0	1.2966E6	
586	-7.1564E-1	1.7137E2	1.8697E0	1.2988E6	
587	-7.1548E-1	1.7159E2	1.8627E0	1.3010E6	
588	-7.1632E-1	1.7035E2	1.8556E0	1.3033E6	
589	-7.1487E-1	1.7250E2	1.8486E0	1.3055E6	
590	-7.1663E-1	1.6990E2	1.8415E0	1.3077E6	
591	-7.1350E-1	1.7454E2	1.8346E0	1.3099E6	
592	-7.1442E-1	1.7318E2	1.8275E0	1.3121E6	
593	-7.1434E-1	1.7329E2	1.8204E0	1.3144E6	
594	-7.1266E-1	1.7578E2	1.8135E0	1.3166E6	
595	-7.1404E-1	1.7374E2	1.8064E0	1.3188E6	
596	-7.1655E-1	1.7001E2	1.7994E0	1.3210E6	
597	-7.1419E-1	1.7352E2	1.7923E0	1.3232E6	
598	-7.1320E-1	1.7499E2	1.7853E0	1.3255E6	
599	-7.1289E-1	1.7544E2	1.7783E0	1.3277E6	
600	-7.1434E-1	1.7329E2	1.7712E0	1.3299E6	
601	-7.1190E-1	1.7692E2	1.7641E0	1.3321E6	
602	-7.1060E-1	1.7884E2	1.7570E0	1.3343E6	
603	-7.1404E-1	1.7374E2	1.7500E0	1.3366E6	
604	-7.1121E-1	1.7793E2	1.7430E0	1.3388E6	
605	-7.1098E-1	1.7827E2	1.7359E0	1.3410E6	
606	-7.1373E-1	1.7420E2	1.7289E0	1.3432E6	
607	-7.1114E-1	1.7805E2	1.7217E0	1.3454E6	
608	-7.1182E-1	1.7703E2	1.7147E0	1.3477E6	
609	-7.1121E-1	1.7793E2	1.7077E0	1.3499E6	
610	-7.1007E-1	1.7963E2	1.7007E0	1.3521E6	
611	-7.1007E-1	1.7963E2	1.6936E0	1.3543E6	
612	-7.0976E-1	1.8009E2	1.6865E0	1.3565E6	
613	-7.0984E-1	1.7997E2	1.6794E0	1.3588E6	
614	-7.1182E-1	1.7703E2	1.6724E0	1.3610E6	
615	-7.1060E-1	1.7884E2	1.6653E0	1.3632E6	
616	-7.0862E-1	1.8178E2	1.6582E0	1.3654E6	
617	-7.0679E-1	1.8450E2	1.6512E0	1.3676E6	
618	-7.0747E-1	1.8348E2	1.6441E0	1.3699E6	
619	-7.0625E-1	1.8529E2	1.6370E0	1.3721E6	
620	-7.0854E-1	1.8190E2	1.6300E0	1.3743E6	
621	-7.0709E-1	1.8405E2	1.6229E0	1.3765E6	
622	-7.0541E-1	1.8654E2	1.6159E0	1.3787E6	
623	-7.0694E-1	1.8427E2	1.6087E0	1.3810E6	
624	-7.0457E-1	1.8778E2	1.6016E0	1.3832E6	
625	-7.0625E-1	1.8529E2	1.5946E0	1.3854E6	
626	-7.0671E-1	1.8461E2	1.5875E0	1.3876E6	
627	-7.0457E-1	1.8778E2	1.5805E0	1.3898E6	
628	-7.0534E-1	1.8665E2	1.5733E0	1.3921E6	
629	-7.0198E-1	1.9163E2	1.5663E0	1.3943E6	
630	-7.0328E-1	1.8971E2	1.5591E0	1.3965E6	
631	-7.0442E-1	1.8801E2	1.5521E0	1.3987E6	
632	-7.0335E-1	1.8960E2	1.5449E0	1.4009E6	
633	-7.0374E-1	1.8903E2	1.5378E0	1.4032E6	
634	-7.0328E-1	1.8971E2	1.5307E0	1.4054E6	
635	-7.0374E-1	1.8903E2	1.5236E0	1.4076E6	
636	-7.0099E-1	1.9311E2	1.5166E0	1.4098E6	
637	-7.0160E-1	1.9220E2	1.5094E0	1.4120E6	
638	-7.0030E-1	1.9413E2	1.5024E0	1.4143E6	
639	-7.0259E-1	1.9073E2	1.4952E0	1.4165E6	
640	-7.0183E-1	1.9186E2	1.4882E0	1.4187E6	
641	-7.0137E-1	1.9254E2	1.4812E0	1.4209E6	
642	-6.9893E-1	1.9616E2	1.4740E0	1.4231E6	
643	-7.0282E-1	1.9039E2	1.4669E0	1.4254E6	
644	-7.0091E-1	1.9322E2	1.4599E0	1.4276E6	
645	-7.0244E-1	1.9096E2	1.4527E0	1.4298E6	
646	-6.9939E-1	1.9548E2	1.4456E0	1.4320E6	
647	-7.0160E-1	1.9220E2	1.4384E0	1.4342E6	
648	-7.0145E-1	1.9243E2	1.4314E0	1.4365E6	
649	-7.0251E-1	1.9084E2	1.4242E0	1.4387E6	
650	-7.0152E-1	1.9231E2	1.4172E0	1.4409E6	
651	-7.0061E-1	1.9367E2	1.4100E0	1.4431E6	
652	-7.0030E-1	1.9413E2	1.4030E0	1.4453E6	
653	-6.9962E-1	1.9514E2	1.3959E0	1.4476E6	
654	-6.9992E-1	1.9469E2	1.3886E0	1.4498E6	
655	-7.0045E-1	1.9390E2	1.3816E0	1.4520E6	
656	-7.0084E-1	1.9333E2	1.3746E0	1.4542E6	
657	-6.9908E-1	1.9594E2	1.3674E0	1.4564E6	
658	-7.0038E-1	1.9401E2	1.3602E0	1.4587E6	
659	-6.9809E-1	1.9741E2	1.3531E0	1.4609E6	
660	-6.9862E-1	1.9662E2	1.3461E0	1.4631E6	
661	-6.9969E-1	1.9503E2	1.3390E0	1.4653E6	
662	-6.9893E-1	1.9616E2	1.3318E0	1.4675E6	
663	-6.9809E-1	1.9741E2	1.3247E0	1.4698E6	
664	-6.9847E-1	1.9684E2	1.3177E0	1.4720E6	
665	-6.9633E-1	2.0001E2	1.3105E0	1.4742E6	
666	-6.9786E-1	1.9775E2	1.3033E0	1.4764E6	
667	-6.9817E-1	1.9730E2	1.2963E0	1.4786E6	
668	-6.9664E-1	1.9956E2	1.2892E0	1.4809E6	
669	-6.9824E-1	1.9718E2	1.2820E0	1.4831E6	
670	-6.9572E-1	2.0092E2	1.2749E0	1.4853E6	
671	-6.9756E-1	1.9820E2	1.2678E0	1.4875E6	
672	-6.9695E-1	1.9911E2	1.2606E0	1.4897E6	
673	-6.9519E-1	2.0171E2	1.2536E0	1.4920E6	
674	-6.9603E-1	2.0047E2	1.2464E0	1.4942E6	
675	-6.9542E-1	2.0137E2	1.2393E0	1.4964E6	
676	-6.9328E-1	2.0454E2	1.2322E0	1.4986E6	
677	-6.9351E-1	2.0420E2	1.2250E0	1.5008E6	
678	-6.9420E-1	2.0318E2	1.2179E0	1.5031E6	
679	-6.9321E-1	2.0466E2	1.2109E0	1.5053E6	
680	-6.9275E-1	2.0533E2	1.2036E0	1.5075E6	
681	-6.9420E-1	2.0318E2	1.1965E0	1.5097E6	
682	-6.9077E-1	2.0828E2	1.1893E0	1.5119E6	
683	-6.9008E-1	2.0930E2	1.1823E0	1.5142E6	
684	-6.9321E-1	2.0466E2	1.1751E0	1.5164E6	
685	-6.9244E-1	2.0579E2	1.1681E0	1.5186E6	
686	-6.8985E-1	2.0964E2	1.1610E0	1.5208E6	
687	-6.9160E-1	2.0703E2	1.1539E0	1.5230E6	
688	-6.9168E-1	2.0692E2	1.1466E0	1.5253E6	
689	-6.8977E-1	2.0975E2	1.1395E0	1.5275E6	
690	-6.9016E-1	2.0918E2	1.1325E0	1.5297E6	
691	-6.8939E-1	2.1032E2	1.1253E0	1.5319E6	
692	-6.9107E-1	2.0783E2	1.1182E0	1.5341E6	
693	-6.9031E-1	2.0896E2	1.1111E0	1.5364E6	
694	-6.8947E-1	2.1020E2	1.1040E0	1.5386E6	
695	-7.2968E-1	1.5053E2	1.0968E0	1.5408E6	
696	-7.3311E-1	1.4544E2	1.0897E0	1.5430E6	
697	-7.3120E-1	1.4827E2	1.0825E0	1.5452E6	
698	-7.2975E-1	1.5042E2	1.0754E0	1.5475E6	
699	-7.2563E-1	1.5653E2	1.0684E0	1.5497E6	
700	-7.2197E-1	1.6197E2	1.0611E0	1.5519E6	
701	-7.1205E-1	1.7669E2	1.0540E0	1.5541E6	
702	-7.0793E-1	1.8280E2	1.0469E0	1.5563E6	
703	-7.0236E-1	1.9107E2	1.0398E0	1.5586E6	
704	-6.9778E-1	1.9786E2	1.0326E0	1.5608E6	
705	-6.9077E-1	2.0828E2	1.0254E0	1.5630E6	
706	-6.8672E-1	2.1428E2	1.0184E0	1.5652E6	
707	-6.8382E-1	2.1858E2	1.0113E0	1.5674E6	
708	-6.7863E-1	2.2628E2	1.0041E0	1.5697E6	
709	-6.7253E-1	2.3534E2	9.9705E-1	1.5719E6	
710	-6.7055E-1	2.3828E2	9.8985E-1	1.5741E6	
711	-6.6536E-1	2.4598E2	9.8272E-1	1.5763E6	
712	-6.6513E-1	2.4632E2	9.7560E-1	1.5785E6	
713	-6.6086E-1	2.5266E2	9.6849E-1	1.5808E6	
714	-6.6177E-1	2.5130E2	9.6150E-1	1.5830E6	
715	-6.5781E-1	2.5719E2	9.5423E-1	1.5852E6	
716	-6.4934E-1	2.6976E2	9.4712E-1	1.5874E6	
717	-6.4682E-1	2.7350E2	9.4005E-1	1.5896E6	
718	-6.4346E-1	2.7848E2	9.3287E-1	1.5919E6	
719	-6.4178E-1	2.8097E2	9.2572E-1	1.5941E6	
720	-6.3858E-1	2.8573E2	9.1856E-1	1.5963E6	
721	-6.3484E-1	2.9127E2	9.1152E-1	1.5985E6	
722	-6.2920E-1	2.9965E2	9.0431E-1	1.6007E6	
723	-6.2218E-1	3.1007E2	8.9719E-1	1.6030E6	
724	-6.1707E-1	3.1765E2	8.9006E-1	1.6052E6	
725	-6.1264E-1	3.2422E2	8.8299E-1	1.6074E6	
726	-6.0905E-1	3.2954E2	8.7575E-1	1.6096E6	
727	-6.0349E-1	3.3781E2	8.6875E-1	1.6118E6	
728	-5.9883E-1	3.4472E2	8.6159E-1	1.6141E6	
729	-5.9715E-1	3.4721E2	8.5447E-1	1.6163E6	
730	-5.9067E-1	3.5683E2	8.4731E-1	1.6185E6	
731	-5.8861E-1	3.5989E2	8.4025E-1	1.6207E6	
732	-5.8258E-1	3.6883E2	8.3301E-1	1.6229E6	
733	-5.7556E-1	3.7925E2	8.2584E-1	1.6252E6	
734	-5.6862E-1	3.8955E2	8.1882E-1	1.6274E6	
735	-5.6572E-1	3.9386E2	8.1169E-1	1.6296E6	
736	-5.5939E-1	4.0325E2	8.0460E-1	1.6318E6	
737	-5.5618E-1	4.0801E2	7.9749E-1	1.6340E6	
738	-5.5206E-1	4.1412E2	7.9025E-1	1.6363E6	
739	-5.4558E-1	4.2375E2	7.8319E-1	1.6385E6	
740	-5.4520E-1	4.2431E2	7.7609E-1	1.6407E6	
741	-5.3650E-1	4.3722E2	7.6895E-1	1.6429E6	
742	-5.3284E-1	4.4266E2	7.6176E-1	1.6451E6	
743	-5.2498E-1	4.5432E2	7.5469E-1	1.6474E6	
744	-5.2376E-1	4.5613E2	7.4754E-1	1.6496E6	
745	-5.1468E-1	4.6960E2	7.4044E-1	1.6518E6	
746	-5.0934E-1	4.7753E2	7.3336E-1	1.6540E6	
747	-5.0278E-1	4.8727E2	7.2626E-1	1.6562E6	
748	-5.0056E-1	4.9055E2	7.1918E-1	1.6585E6	
749	-4.9271E-1	5.0221E2	7.1193E-1	1.6607E6	
750	-4.8958E-1	5.0686E2	7.0489E-1	1.6629E6	
751	-4.8462E-1	5.1421E2	6.9773E-1	1.6651E6	
752	-4.8180E-1	5.1840E2	6.9066E-1	1.6673E6	
753	-4.7531E-1	5.2803E2	6.8359E-1	1.6696E6	
754	-4.6814E-1	5.3867E2	6.7654E-1	1.6718E6	
755	-4.6356E-1	5.4547E2	6.6947E-1	1.6740E6	
756	-4.5517E-1	5.5792E2	6.6228E-1	1.6762E6	
757	-4.5280E-1	5.6143E2	6.5515E-1	1.6784E6	
758	-4.4617E-1	5.7128E2	6.4810E-1	1.6807E6	
759	-4.3823E-1	5.8306E2	6.4089E-1	1.6829E6	
760	-4.3289E-1	5.9098E2	6.3386E-1	1.6851E6	
761	-4.3083E-1	5.9404E2	6.2683E-1	1.6873E6	
762	-4.2465E-1	6.0321E2	6.1974E-1	1.6895E6	
763	-4.1710E-1	6.1442E2	6.1258E-1	1.6918E6	
764	-4.1275E-1	6.2087E2	6.0553E-1	1.6940E6	
765	-4.0932E-1	6.2597E2	5.9849E-1	1.6962E6	
766	-3.9803E-1	6.4273E2	5.9128E-1	1.6984E6	
767	-3.9795E-1	6.4284E2	5.8433E-1	1.7006E6	
768	-3.8910E-1	6.5597E2	5.7726E-1	1.7029E6	
769	-3.8116E-1	6.6775E2	5.7018E-1	1.7051E6	
770	-3.6919E-1	6.8553E2	5.6300E-1	1.7073E6	
771	-3.6629E-1	6.8983E2	5.5596E-1	1.7095E6	
772	-3.5461E-1	7.0715E2	5.4894E-1	1.7117E6	
773	-3.5072E-1	7.1293E2	5.4176E-1	1.7140E6	
774	-3.4042E-1	7.2821E2	5.3461E-1	1.7162E6	
775	-3.3440E-1	7.3716E2	5.2769E-1	1.7184E6	
776	-3.3195E-1	7.4078E2	5.2750E-1	1.7184E6	
777	-3.3218E-1	7.4044E2	5.2656E-1	1.7187E6	
778	-3.3165E-1	7.4123E2	5.2629E-1	1.7188E6	
779	-3.2982E-1	7.4395E2	5.2615E-1	1.7189E6	
780	-3.2982E-1	7.4395E2	5.2615E-1	1.7189E6	
781	-3.2982E-1	7.4395E2	5.2615E-1	1.7189E6	
782	-3.2982E-1	7.4395E2	5.2615E-1	1.7189E6	
783	-3.2982E-1	7.4395E2	5.2615E-1	1.7189E6	
784	-3.2982E-1	7.4395E2	5.2615E-1	1.7189E6	
785	-3.2982E-1	7.4395E2	5.2615E-1	1.7189E6	
786	-3.2982E-1	7.4395E2	5.2615E-1	1.7189E6	
787	-3.2982E-1	7.4395E2	5.2615E-1	1.7189E6	
788	-3.2982E-1	7.4395E2	5.2615E-1	1.7189E6	
789	-3.2982E-1	7.4395E2	5.2615E-1	1.7189E6	
790	-3.2982E-1	7.4395E2	5.2615E-1	1.7189E6	
791	-3.2982E-1	7.4395E2	5.2615E-1	1.7189E6	
792	-3.2982E-1	7.4395E2	5.2615E-1	1.7189E6	
793	-3.2982E-1	7.4395E2	5.2615E-1	1.7189E6	
794	-3.2982E-1	7.4395E2	5.2615E-1	1.7189E6	
795	-3.2982E-1	7.4395E2	5.2615E-1	1.7189E6	
796	-3.2982E-1	7.4395E2	5.2615E-1	1.7189E6	
797	-3.2982E-1	7.4395E2	5.2615E-1	1.7189E6	
798	-3.2982E-1	7.4395E2	5.2615E-1	1.7189E6	
799	-3.2982E-1	7.4395E2	5.2615E-1	1.7189E6	
800	-3.2982E-1	7.4395E2	5.2615E-1	1.7189E6	
801	-3.2982E-1	7.4395E2	5.2615E-1	1.7189E6	
802	-3.2982E-1	7.4395E2	5.2615E-1	1.7189E6	
803	-3.2982E-1	7.4395E2	5.2615E-1	1.7189E6	
804	-3.2982E-1	7.4395E2	5.2615E-1	1.7189E6	
805	-3.2982E-1	7.4395E2	5.2615E-1	1.7189E6	
806	-3.2982E-1	7.4395E2	5.2615E-1	1.7189E6	
807	-3.2982E-1	7.4395E2	5.2615E-1	1.7189E6	
808	-3.2982E-1	7.4395E2	5.2615E-1	1.7189E6	
809	-3.2982E-1	7.4395E2	5.2615E-1	1.7189E6	
810	-3.2982E-1	7.4395E2	5.2615E-1	1.7189E6	
811	-3.2982E-1	7.4395E2	5.2615E-1	1.7189E6	
812	-3.2982E-1	7.4395E2	5.2615E-1	1.7189E6	
813	-3.2982E-1	7.4395E2	5.2615E-1	1.7189E6	
814	-3.2982E-1	7.4395E2	5.2615E-1	1.7189E6	
815	-3.2982E-1	7.4395E2	5.2615E-1	1.7189E6	
816	-3.2982E-1	7.4395E2	5.2615E-1	1.7189E6	
817	-3.2982E-1	7.4395E2	5.2615E-1	1.7189E6	
818	-3.2982E-1	7.4395E2	5.2615E-1	1.7189E6	
819	-3.2982E-1	7.4395E2	5.2615E-1	1.7189E6	
820	-3.2982E-1	7.4395E2	5.2615E-1	1.7189E6	
821	-3.2982E-1	7.4395E2	5.2615E-1	1.7189E6	
822	-3.2982E-1	7.4395E2	5.2615E-1	1.7189E6	
823	-3.2982E-1	7.4395E2	5.2615E-1	1.7189E6	
824	-3.2982E-1	7.4395E2	5.2615E-1	1.7189E6	
825	-3.2982E-1	7.4395E2	5.2615E-1	1.7189E6	
826	-3.2982E-1	7.4395E2	5.2615E-1	1.7189E6	
827	-3.2982E-1	7.4395E2	5.2615E-1	1.7189E6	
828	-3.2982E-1	7.4395E2	5.2615E-1	1.7189E6	
829	-3.2982E-1	7.4395E2	5.2615E-1	1.7189E6	
830	-3.2982E-1	7.4395E2	5.2615E-1	1.7189E6	
831	-3.2982E-1	7.4395E2	5.2615E-1	1.7189E6	
832	-3.2982E-1	7.4395E2	5.2615E-1	1.7189E6	
833	-3.2982E-1	7.4395E2	5.2615E-1	1.7189E6	
834	-3.2982E-1	7.4395E2	5.2615E-1	1.7189E6	
835	-3.2982E-1	7.4395E2	5.2615E-1	1.7189E6	
836	-3.2982E-1	7.4395E2	5.2615E-1	1.7189E6	
837	-3.2982E-1	7.4395E2	5.2615E-1	1.7189E6	
838	-3.2982E-1	7.4395E2	5.2615E-1	1.7189E6	
839	-3.2982E-1	7.4395E2	5.2615E-1	1.7189E6	
840	-3.2982E-1	7.4395E2	5.2615E-1	1.7189E6	
841	-3.2982E-1	7.4395E2	5.2615E-1	1.7189E6	
842	-3.2982E-1	7.4395E2	5.2615E-1	1.7189E6	
843	-3.2982E-1	7.4395E2	5.2615E-1	1.7189E6	
844	-3.2982E-1	7.4395E2	5.2615E-1	1.7189E6	
845	-3.2982E-1	7.4395E2	5.2615E-1	1.7189E6	
846	-3.2982E-1	7.4395E2	5.2615E-1	1.7189E6	
847	-3.2982E-1	7.4395E2	5.2615E-1	1.7189E6	
848	-3.2982E-1	7.4395E2	5.2615E-1	1.7189E6	
849	-3.2982E-1	7.4395E2	5.2615E-1	1.7189E6	
850	-3.2982E-1	7.4395E2	5.2615E-1	1.7189E6	
851	-3.2982E-1	7.4395E2	5.2615E-1	1.7189E6	
852	-3.2982E-1	7.4395E2	5.2615E-1	1.7189E6	
853	-3.2982E-1	7.4395E2	5.2615E-1	1.7189E6	
854	-3.2982E-1	7.4395E2	5.2615E-1	1.7189E6	
855	-3.2982E-1	7.4395E2	5.2615E-1	1.7189E6	
856	-3.2982E-1	7.4395E2	5.2615E-1	1.7189E6	
857	-3.2982E-1	7.4395E2	5.2615E-1	1.7189E6	
858	-3.2982E-1	7.4395E2	5.2615E-1	1.7189E6	
859	-3.2982E-1	7.4395E2	5.2615E-1	1.7189E6	
860	-3.2982E-1	7.4395E2	5.2615E-1	1.7189E6	
861	-3.2982E-1	7.4395E2	5.2615E-1	1.7189E6	
862	-3.2982E-1	7.4395E2	5.2615E-1	1.7189E6	
863	-3.2982E-1	7.4395E2	5.2615E-1	1.7189E6	
864	-3.2982E-1	7.4395E2	5.2615E-1	1.7189E6	
865	-3.2982E-1	7.4395E2	5.2615E-1	1.7189E6	
866	-3.2982E-1	7.4395E2	5.2615E-1	1.7189E6	
867	-3.2982E-1	7.4395E2	5.2615E-1	1.7189E6	
868	-3.2982E-1	7.4395E2	5.2615E-1	1.7189E6	
869	-3.2982E-1	7.4395E2	5.2615E-1	1.7189E6	
870	-3.2982E-1	7.4395E2	5.2615E-1	1.7189E6	
871	-3.2982E-1	7.4395E2	5.2615E-1	1.7189E6	
872	-3.2982E-1	7.4395E2	5.2615E-1	1.7189E6	
873	-3.2982E-1	7.4395E2	5.2615E-1	1.7189E6	
874	-3.2982E-1	7.4395E2	5.2615E-1	1.7189E6	
875	-3.2982E-1	7.4395E2	5.2615E-1	1.7189E6	
876	-3.2982E-1	7.4395E2	5.2615E-1	1.7189E6	
877	-3.2982E-1	7.4395E2	5.2615E-1	1.7189E6	
878	-3.2982E-1	7.4395E2	5.2615E-1	1.7189E6	
879	-3.2982E-1	7.4395E2	5.2615E-1	1.7189E6	
880	-3.2982E-1	7.4395E2	5.2615E-1	1.7189E6	
881	-3.2982E-1	7.4395E2	5.2615E-1	1.7189E6	
882	-3.2982E-1	7.4395E2	5.2615E-1	1.7189E6	
883	-3.2982E-1	7.4395E2	5.2615E-1	1.7189E6	
884	-3.2982E-1	7.4395E2	5.2615E-1	1.7189E6	
885	-3.2982E-1	7.4395E2	5.2615E-1	1.7189E6	
886	-3.2982E-1	7.4395E2	5.2615E-1	1.7189E6	
887	-3.2982E-1	7.4395E2	5.2615E-1	1.7189E6	
888	-3.2982E-1	7.4395E2	5.2615E-1	1.7189E6	
889	-3.2982E-1	7.4395E2	5.2615E-1	1.7189E6	
890	-3.2982E-1	7.4395E2	5.2615E-1	1.7189E6	
891	-3.2982E-1	7.4395E2	5.2615E-1	1.7189E6	
892	-3.2982E-1	7.4395E2	5.2615E-1	1.7189E6	
893	-3.2982E-1	7.4395E2	5.2615E-1	1.7189E6	
894	-3.2982E-1	7.4395E2	5.2615E-1	1.7189E6	
895	-3.2982E-1	7.4395E2	5.2615E-1	1.7189E6	
896	-3.2982E-1	7.4395E2	5.2615E-1	1.7189E6	
897	-3.2982E-1	7.4395E2	5.2615E-1	1.7189E6	
898	-3.2982E-1	7.4395E2	5.2615E-1	1.7189E6	
899	-3.2982E-1	7.4395E2	5.2615E-1	1.7189E6	
900	-3.2982E-1	7.4395E2	5.2615E-1	1.7189E6	
901	-3.2982E-1	7.4395E2	5.2615E-1	1.7189E6	
902	-3.2982E-1	7.4395E2	5.2615E-1	1.7189E6	
903	-3.2982E-1	7.4395E2	5.2615E-1	1.7189E6	
904	-3.2982E-1	7.4395E2	5.2615E-1	1.7189E6	
905	-3.2982E-1	7.4395E2	5.2615E-1	1.7189E6	
906	-3.2982E-1	7.4395E2	5.2615E-1	1.7189E6	
907	-3.2982E-1	7.4395E2	5.2615E-1	1.7189E6	
908	-3.2982E-1	7.4395E2	5.2615E-1	1.7189E6	
909	-3.2982E-1	7.4395E2	5.2615E-1	1.7189E6	
910	-3.2982E-1	7.4395E2	5.2615E-1	1.7189E6	
911	-3.2982E-1	7.4395E2	5.2615E-1	1.7189E6	
912	-3.2982E-1	7.4395E2	5.2615E-1	1.7189E6	
913	-3.2982E-1	7.4395E2	5.2615E-1	1.7189E6	
914	-3.2982E-1	7.4395E2	5.2615E-1	1.7189E6	
915	-3.2982E-1	7.4395E2	5.2615E-1	1.7189E6	
916	-3.2982E-1	7.4395E2	5.2615E-1	1.7189E6	
917	-3.2982E-1	7.4395E2	5.2615E-1	1.7189E6	
918	-3.2982E-1	7.4395E2	5.2615E-1	1.7189E6	
919	-3.2982E-1	7.4395E2	5.2615E-1	1.7189E6	
920	-3.2982E-1	7.4395E2	5.2615E-1	1.7189E6	
921	-3.2982E-1	7.4395E2	5.2615E-1	1.7189E6	
922	-3.2982E-1	7.4395E2	5.2615E-1	1.7189E6	
923	-3.2982E-1	7.4395E2	5.2615E-1	1.7189E6	
924	-3.2982E-1	7.4395E2	5.2615E-1	1.7189E6	
925	-3.2982E-1	7.4395E2	5.2615E-1	1.7189E6	
926	-3.2982E-1	7.4395E2	5.2615E-1	1.7189E6	
927	-3.2982E-1	7.4395E2	5.2615E-1	1.7189E6	
928	-3.2982E-1	7.4395E2	5.2615E-1	1.7189E6	
929	-3.2982E-1	7.4395E2	5.2615E-1	1.7189E6	
930	-3.2982E-1	7.4395E2	5.2615E-1	1.7189E6	
931	-3.2982E-1	7.4395E2	5.2615E-1	1.7189E6	
932	-3.2982E-1	7.4395E2	5.2615E-1	1.7189E6	
933	-3.2982E-1	7.4395E2	5.2615E-1	1.7189E6	
934	-3.2982E-1	7.4395E2	5.2615E-1	1.7189E6	
935	-3.2982E-1	7.4395E2	5.2615E-1	1.7189E6	
936	-3.2982E-1	7.4395E2	5.2615E-1	1.7189E6	
937	-3.2982E-1	7.4395E2	5.2615E-1	1.7189E6	
938	-3.2982E-1	7.4395E2	5.2615E-1	1.7189E6	
939	-3.2982E-1	7.4395E2	5.2615E-1	1.7189E6	
940	-3.2982E-1	7.4395E2	5.2615E-1	1.7189E6	
941	-3.2982E-1	7.4395E2	5.2615E-1	1.7189E6	
942	-3.2982E-1	7.4395E2	5.2615E-1	1.7189E6	
943	-3.2982E-1	7.4395E2	5.2615E-1	1.7189E6	
944	-3.2982E-1	7.4395E2	5.2615E-1	1.7189E6	
945	-3.2982E-1	7.4395E2	5.2615E-1	1.7189E6	
946	-3.2982E-1	7.4395E2	5.2615E-1	1.7189E6	
947	-3.2982E-1	7.4395E2	5.2615E-1	1.7189E6	
948	-3.2982E-1	7.4395E2	5.2615E-1	1.7189E6	
949	-3.2982E-1	7.4395E2	5.2615E-1	1.7189E6	
950	-3.2982E-1	7.4395E2	5.2615E-1	1.7189E6	
951	-3.2982E-1	7.4395E2	5.2615E-1	1.7189E6	
952	-3.2982E-1	7.4395E2	5.2615E-1	1.7189E6	
953	-3.2982E-1	7.4395E2	5.2615E-1	1.7189E6	
954	-3.2982E-1	7.4395E2	5.2615E-1	1.7189E6	
955	-3.2982E-1	7.4395E2	5.2615E-1	1.7189E6	
956	-3.2982E-1	7.4395E2	5.2615E-1	1.7189E6	
957	-3.2982E-1	7.4395E2	5.2615E-1	1.7189E6	
958	-3.2982E-1	7.4395E2	5.2615E-1	1.7189E6	
959	-3.2982E-1	7.4395E2	5.2615E-1	1.7189E6	
960	-3.2982E-1	7.4395E2	5.2615E-1	1.7189E6	
961	-3.2982E-1	7.4395E2	5.2615E-1	1.7189E6	
962	-3.2982E-1	7.4395E2	5.2615E-1	1.7189E6	
963	-3.2982E-1	7.4395E2	5.2615E-1	1.7189E6	
964	-3.2982E-1	7.4395E2	5.2615E-1	1.7189E6	
965	-3.2982E-1	7.4395E2	5.2615E-1	1.7189E6	
966	-3.2982E-1	7.4395E2	5.2615E-1	1.7189E6	
967	-3.2982E-1	7.4395E2	5.2615E-1	1.7189E6	
968	-3.2982E-1	7.4395E2	5.2615E-1	1.7189E6	
969	-3.2982E-1	7.4395E2	5.2615E-1	1.7189E6	
970	-3.2982E-1	7.4395E2	5.2615E-1	1.7189E6	
971	-3.2982E-1	7.4395E2	5.2615E-1	1.7189E6	
972	-3.2982E-1	7.4395E2	5.2615E-1	1.7189E6	
973	-3.2982E-1	7.4395E2	5.2615E-1	1.7189E6	
974	-3.2982E-1	7.4395E2	5.2615E-1	1.7189E6	
975	-3.2982E-1	7.4395E2	5.2615E-1	1.7189E6	
976	-3.2982E-1	7.4395E2	5.2615E-1	1.7189E6	
977	-3.2982E-1	7.4395E2	5.2615E-1	1.7189E6	
978	-3.2982E-1	7.4395E2	5.2615E-1	1.7189E6	
979	-3.2982E-1	7.4395E2	5.2615E-1	1.7189E6	
980	-3.2982E-1	7.4395E2	5.2615E-1	1.7189E6	
981	-3.2982E-1	7.4395E2	5.2615E-1	1.7189E6	
982	-3.2982E-1	7.4395E2	5.2615E-1	1.7189E6	
983	-3.2982E-1	7.4395E2	5.2615E-1	1.7189E6	
984	-3.2982E-1	7.4395E2	5.2615E-1	1.7189E6	
985	-3.2982E-1	7.4395E2	5.2615E-1	1.7189E6	
986	-3.2982E-1	7.4395E2	5.2615E-1	1.7189E6	
987	-3.2982E-1	7.4395E2	5.2615E-1	1.7189E6	
988	-3.2982E-1	7.4395E2	5.2615E-1	1.7189E6	
989	-3.2982E-1	7.4395E2	5.2615E-1	1.7189E6	
990	-3.2982E-1	7.4395E2	5.2615E-1	1.7189E6	
991	-3.2982E-1	7.4395E2	5.2615E-1	1.7189E6	
992	-3.2982E-1	7.4395E2	5.2615E-1	1.7189E6	
993	-3.2982E-1	7.4395E2	5.2615E-1	1.7189E6	
994	-3.2982E-1	7.4395E2	5.2615E-1	1.7189E6	
995	-3.2982E-1	7.4395E2	5.2615E-1	1.7189E6	
996	-3.2982E-1	7.4395E2	5.2615E-1	1.7189E6	
997	-3.2982E-1	7.4395E2	5.2615E-1	1.7189E6	
998	-3.2982E-1	7.4395E2	5.2615E-1	1.7189E6	
999	-3.2982E-1	7.4395E2	5.2615E-1	1.7189E6	
1000	-3.2982E-1	7.4395E2	5.2615E-1	1.7189E6	
1001	-3.2982E-1	7.4395E2	5.2615E-1	1.7189E6	
1002	-3.2982E-1	7.4395E2	5.2615E-1	1.7189E6	
1003	-3.2982E-1	7.4395E2	5.2615E-1	1.7189E6	
1004	-3.2982E-1	7.4395E2	5.2615E-1	1.7189E6	
1005	-3.2982E-1	7.4395E2	5.2615E-1	1.7189E6	
1006	-3.2982E-1	7.4395E2	5.2615E-1	1.7189E6	
1007	-3.2982E-1	7.4395E2	5.2615E-1	1.7189E6	
1008	-3.2982E-1	7.4395E2	5.2615E-1	1.7189E6	
1009	-3.2982E-1	7.4395E2	5.2615E-1	1.7189E6	
1010	-3.2982E-1	7.4395E2	5.2615E-1	1.7189E6	
1011	-3.2982E-1	7.4395E2	5.2615E-1	1.7189E6	
1012	-3.2982E-1	7.4395E2	5.2615E-1	1.7189E6	
1013	-3.2982E-1	7.4395E2	5.2615E-1	1.7189E6	
1014	-3.2982E-1	7.4395E2	5.2615E-1	1.7189E6	
1015	-3.2982E-1	7.4395E2	5.2615E-1	1.7189E6	
1016	-3.2982E-1	7.4395E2	5.2615E-1	1.7189E6	
1017	-3.2982E-1	7.4395E2	5.2615E-1	1.7189E6	
1018	-3.2982E-1	7.4395E2	5.2615E-1	1.7189E6	
1019	-3.2982E-1	7.4395E2	5.2615E-1	1.7189E6	
1020	-3.2982E-1	7.4395E2	5.2615E-1	1.7189E6	
1021	-3.2982E-1	7.4395E2	5.2615E-1	1.7189E6	
1022	-3.2982E-1	7.4395E2	5.2615E-1	1.7189E6	
1023	-3.2982E-1	7.4395E2	5.2615E-1	1.7189E6	
1024	-3.2982E-1	7.4395E2	5.2615E-1	1.7189E6	
1025	-3.3226E-1	7.4033E2	5.2609E-1	1.7189E6	
1026	-3.8048E-1	6.6877E2	5.2749E-1	1.7211E6	
1027	-4.0306E-1	6.3525E2	5.3026E-1	1.7233E6	
1028	-4.2664E-1	6.0027E2	5.3341E-1	1.7256E6	
1029	-4.3945E-1	5.8124E2	5.3683E-1	1.7278E6	
1030	-4.6349E-1	5.4558E2	5.4030E-1	1.7300E6	
1031	-4.7668E-1	5.2599E2	5.4411E-1	1.7322E6	
1032	-4.9477E-1	4.9916E2	5.4787E-1	1.7344E6	
1033	-5.0766E-1	4.8002E2	5.5186E-1	1.7367E6	
1034	-5.2330E-1	4.5681E2	5.5596E-1	1.7389E6	
1035	-5.3329E-1	4.4198E2	5.6000E-1	1.7411E6	
1036	-5.4741E-1	4.2103E2	5.6414E-1	1.7433E6	
1037	-5.6442E-1	3.9578E2	5.6829E-1	1.7455E6	
1038	-5.7274E-1	3.8344E2	5.7254E-1	1.7478E6	
1039	-5.8563E-1	3.6430E2	5.7689E-1	1.7500E6	
1040	-5.9486E-1	3.5060E2	5.8115E-1	1.7522E6	
1041	-6.0989E-1	3.2830E2	5.8544E-1	1.7544E6	
1042	-6.2042E-1	3.1267E2	5.8986E-1	1.7566E6	
1043	-6.3004E-1	2.9841E2	5.9421E-1	1.7589E6	
1044	-6.3835E-1	2.8606E2	5.9867E-1	1.7611E6	
1045	-6.5193E-1	2.6591E2	6.0308E-1	1.7633E6	
1046	-6.6109E-1	2.5232E2	6.0749E-1	1.7655E6	
1047	-6.6750E-1	2.4281E2	6.1200E-1	1.7677E6	
1048	-6.7871E-1	2.2617E2	6.1654E-1	1.7700E6	
1049	-6.8665E-1	2.1439E2	6.2096E-1	1.7722E6	
1050	-6.8954E-1	2.1009E2	6.2547E-1	1.7744E6	
1051	-7.0518E-1	1.8688E2	6.3010E-1	1.7766E6	
1052	-7.1281E-1	1.7556E2	6.3457E-1	1.7788E6	
1053	-7.2044E-1	1.6423E2	6.3927E-1	1.7811E6	
1054	-7.2723E-1	1.5416E2	6.4367E-1	1.7833E6	
1055	-7.3608E-1	1.4102E2	6.4841E-1	1.7855E6	
1056	-7.4478E-1	1.2811E2	6.5296E-1	1.7877E6	
1057	-7.5211E-1	1.1725E2	6.5754E-1	1.7899E6	
1058	-7.5935E-1	1.0649E2	6.6220E-1	1.7922E6	
1059	-7.6454E-1	9.8790E1	6.6687E-1	1.7944E6	
1060	-7.7621E-1	8.1466E1	6.7145E-1	1.7966E6	
1061	-7.7873E-1	7.7730E1	6.7610E-1	1.7988E6	
1062	-7.8735E-1	6.4935E1	6.8074E-1	1.8010E6	
1063	-7.9460E-1	5.4179E1	6.8547E-1	1.8033E6	
1064	-8.0414E-1	4.0025E1	6.9012E-1	1.8055E6	
1065	-8.1108E-1	2.9722E1	6.9476E-1	1.8077E6	
1066	-8.1833E-1	1.8965E1	6.9947E-1	1.8099E6	
1067	-8.2405E-1	1.0473E1	7.0428E-1	1.8121E6	
1068	-8.3260E-1	-2.2078E0	7.0900E-1	1.8144E6	
1069	-8.3466E-1	-5.2649E0	7.1359E-1	1.8166E6	
1070	-8.3908E-1	-1.1832E1	7.1838E-1	1.8188E6	
1071	-8.4846E-1	-2.5759E1	7.2315E-1	1.8210E6	
1072	-8.5670E-1	-3.7987E1	7.2790E-1	1.8232E6	
1073	-8.5953E-1	-4.2177E1	7.3270E-1	1.8255E6	
1074	-8.6205E-1	-4.5913E1	7.3751E-1	1.8277E6	
1075	-8.6952E-1	-5.7009E1	7.4229E-1	1.8299E6	
1076	-8.7479E-1	-6.4822E1	7.4706E-1	1.8321E6	
1077	-8.8242E-1	-7.6144E1	7.5189E-1	1.8343E6	
1078	-8.8707E-1	-8.3051E1	7.5663E-1	1.8366E6	
1079	-8.8638E-1	-8.2032E1	7.6142E-1	1.8388E6	
1080	-8.8974E-1	-8.7014E1	7.6625E-1	1.8410E6	
1081	-8.9638E-1	-9.6865E1	7.7103E-1	1.8432E6	
1082	-9.0073E-1	-1.0332E2	7.7595E-1	1.8454E6	
1083	-9.0294E-1	-1.0660E2	7.8073E-1	1.8477E6	
1084	-9.0744E-1	-1.1328E2	7.8560E-1	1.8499E6	
1085	-9.1301E-1	-1.2155E2	7.9043E-1	1.8521E6	
1086	-9.1942E-1	-1.3106E2	7.9520E-1	1.8543E6	
1087	-9.2194E-1	-1.3480E2	8.0015E-1	1.8565E6	
1088	-9.2468E-1	-1.3887E2	8.0509E-1	1.8588E6	
1089	-9.3147E-1	-1.4895E2	8.0994E-1	1.8610E6	
1090	-9.3117E-1	-1.4850E2	8.1478E-1	1.8632E6	
1091	-9.3872E-1	-1.5970E2	8.1964E-1	1.8654E6	
1092	-9.3636E-1	-1.5619E2	8.2447E-1	1.8676E6	
1093	-9.4803E-1	-1.7352E2	8.2943E-1	1.8699E6	
1094	-9.4551E-1	-1.6978E2	8.3438E-1	1.8721E6	
1095	-9.5299E-1	-1.8088E2	8.3935E-1	1.8743E6	
1096	-9.5673E-1	-1.8643E2	8.4420E-1	1.8765E6	
1097	-9.5772E-1	-1.8790E2	8.4922E-1	1.8787E6	
1098	-9.6382E-1	-1.9696E2	8.5418E-1	1.8810E6	
1099	-9.6390E-1	-1.9707E2	8.5902E-1	1.8832E6	
1100	-9.6832E-1	-2.0364E2	8.6399E-1	1.8854E6	
1101	-9.7206E-1	-2.0918E2	8.6899E-1	1.8876E6	
1102	-9.7603E-1	-2.1507E2	8.7384E-1	1.8898E6	
1103	-9.7595E-1	-2.1496E2	8.7885E-1	1.8921E6	
1104	-9.7908E-1	-2.1960E2	8.8380E-1	1.8943E6	
1105	-9.7893E-1	-2.1937E2	8.8881E-1	1.8965E6	
1106	-9.8618E-1	-2.3013E2	8.9385E-1	1.8987E6	
1107	-9.8854E-1	-2.3364E2	8.9887E-1	1.9009E6	
1108	-9.9327E-1	-2.4066E2	9.0377E-1	1.9032E6	
1109	-9.9098E-1	-2.3726E2	9.0882E-1	1.9054E6	
1110	-9.9670E-1	-2.4576E2	9.1382E-1	1.9076E6	
1111	-9.9815E-1	-2.4791E2	9.1891E-1	1.9098E6	
1112	-9.9831E-1	-2.4813E2	9.2387E-1	1.9120E6	
1113	-9.9648E-1	-2.4542E2	9.2896E-1	1.9143E6	
1114	-9.9731E-1	-2.4666E2	9.3400E-1	1.9165E6	
1115	-9.9701E-1	-2.4621E2	9.3895E-1	1.9187E6	
1116	-1.0004E0	-2.5119E2	9.4400E-1	1.9209E6	
1117	-1.0021E0	-2.5380E2	9.4907E-1	1.9231E6	
1118	-9.9861E-1	-2.4859E2	9.5420E-1	1.9254E6	
1119	-1.0040E0	-2.5651E2	9.5923E-1	1.9276E6	
1120	-1.0017E0	-2.5312E2	9.6434E-1	1.9298E6	
1121	-1.0014E0	-2.5278E2	9.6942E-1	1.9320E6	
1122	-1.0055E0	-2.5878E2	9.7436E-1	1.9342E6	
1123	-1.0030E0	-2.5504E2	9.7951E-1	1.9365E6	
1124	-1.0064E0	-2.6014E2	9.8464E-1	1.9387E6	
1125	-1.0042E0	-2.5685E2	9.8977E-1	1.9409E6	
1126	-1.0078E0	-2.6229E2	9.9483E-1	1.9431E6	
1127	-1.0065E0	-2.6025E2	9.9987E-1	1.9453E6	
1128	-9.9968E-1	-2.5017E2	1.0051E0	1.9476E6	
1129	-1.0031E0	-2.5527E2	1.0103E0	1.9498E6	
1130	-1.0038E0	-2.5629E2	1.0153E0	1.9520E6	
1131	-1.0012E0	-2.5244E2	1.0204E0	1.9542E6	
1132	-9.9968E-1	-2.5017E2	1.0256E0	1.9564E6	
1133	-1.0003E0	-2.5108E2	1.0307E0	1.9587E6	
1134	-9.9640E-1	-2.4530E2	1.0359E0	1.9609E6	
1135	-9.9495E-1	-2.4315E2	1.0411E0	1.9631E6	
1136	-9.9648E-1	-2.4542E2	1.0463E0	1.9653E6	
1137	-9.9342E-1	-2.4089E2	1.0514E0	1.9675E6	
1138	-9.9312E-1	-2.4043E2	1.0565E0	1.9698E6	
1139	-9.9014E-1	-2.3602E2	1.0618E0	1.9720E6	
1140	-9.9106E-1	-2.3738E2	1.0669E0	1.9742E6	
1141	-9.9037E-1	-2.3636E2	1.0722E0	1.9764E6	
1142	-9.8946E-1	-2.3500E2	1.0774E0	1.9786E6	
1143	-9.8969E-1	-2.3534E2	1.0825E0	1.9809E6	
1144	-9.8312E-1	-2.2560E2	1.0877E0	1.9831E6	
1145	-9.7885E-1	-2.1926E2	1.0930E0	1.9853E6	
1146	-9.8091E-1	-2.2232E2	1.0982E0	1.9875E6	
1147	-9.7931E-1	-2.1994E2	1.1033E0	1.9897E6	
1148	-9.7115E-1	-2.0783E2	1.1087E0	1.9920E6	
1149	-9.7382E-1	-2.1179E2	1.1140E0	1.9942E6	
1150	-9.6962E-1	-2.0556E2	1.1191E0	1.9964E6	
1151	-9.6657E-1	-2.0103E2	1.1245E0	1.9986E6	
1152	-9.6161E-1	-1.9367E2	1.1296E0	2.0008E6	
1153	-9.5818E-1	-1.8858E2	1.1349E0	2.0031E6	
1154	-9.5520E-1	-1.8416E2	1.1401E0	2.0053E6	
1155	-9.4528E-1	-1.6944E2	1.1454E0	2.0075E6	
1156	-9.4345E-1	-1.6672E2	1.1507E0	2.0097E6	
1157	-9.4383E-1	-1.6729E2	1.1560E0	2.0119E6	
1158	-9.3666E-1	-1.5665E2	1.1612E0	2.0142E6	
1159	-9.3697E-1	-1.5710E2	1.1666E0	2.0164E6	
1160	-9.3582E-1	-1.5540E2	1.1718E0	2.0186E6	
1161	-9.3307E-1	-1.5133E2	1.1772E0	2.0208E6	
1162	-9.3040E-1	-1.4736E2	1.1825E0	2.0230E6	
1163	-9.3262E-1	-1.5065E2	1.1878E0	2.0253E6	
1164	-9.2804E-1	-1.4385E2	1.1931E0	2.0275E6	
1165	-9.2712E-1	-1.4249E2	1.1984E0	2.0297E6	
1166	-9.2216E-1	-1.3513E2	1.2038E0	2.0319E6	
1167	-9.1949E-1	-1.3117E2	1.2091E0	2.0341E6	
1168	-9.1606E-1	-1.2608E2	1.2145E0	2.0364E6	
1169	-9.1972E-1	-1.3151E2	1.2198E0	2.0386E6	
1170	-9.1393E-1	-1.2291E2	1.2251E0	2.0408E6	
1171	-9.0950E-1	-1.1634E2	1.2304E0	2.0430E6	
1172	-9.0538E-1	-1.1023E2	1.2359E0	2.0452E6	
1173	-9.0279E-1	-1.0638E2	1.2413E0	2.0475E6	
1174	-8.9684E-1	-9.7544E1	1.2466E0	2.0497E6	
1175	-8.9241E-1	-9.0977E1	1.2520E0	2.0519E6	
1176	-8.8715E-1	-8.3164E1	1.2574E0	2.0541E6	
1177	-8.7921E-1	-7.1389E1	1.2628E0	2.0563E6	
1178	-8.7090E-1	-5.9047E1	1.2680E0	2.0586E6	
1179	-8.5709E-1	-3.8553E1	1.2735E0	2.0608E6	
1180	-8.3672E-1	-8.3220E0	1.2790E0	2.0630E6	
1181	-7.9926E-1	4.7272E1	1.2844E0	2.0652E6	
1182	-7.4402E-1	1.2925E2	1.2898E0	2.0674E6	
1183	-7.1289E-1	1.7544E2	1.2952E0	2.0697E6	
1184	-7.0351E-1	1.8937E2	1.3006E0	2.0719E6	
1185	-7.0274E-1	1.9050E2	1.3061E0	2.0741E6	
1186	-7.0000E-1	1.9458E2	1.3114E0	2.0763E6	
1187	-6.9748E-1	1.9831E2	1.3169E0	2.0785E6	
1188	-6.9847E-1	1.9684E2	1.3223E0	2.0808E6	
1189	-6.9641E-1	1.9990E2	1.3278E0	2.0830E6	
1190	-6.9809E-1	1.9741E2	1.3333E0	2.0852E6	
1191	-6.9611E-1	2.0035E2	1.3388E0	2.0874E6	
1192	-6.9893E-1	1.9616E2	1.3442E0	2.0896E6	
1193	-6.9992E-1	1.9469E2	1.3496E0	2.0919E6	
1194	-6.9992E-1	1.9469E2	1.3552E0	2.0941E6	
1195	-6.9756E-1	1.9820E2	1.3606E0	2.0963E6	
1196	-6.9756E-1	1.9820E2	1.3661E0	2.0985E6	
1197	-7.0114E-1	1.9288E2	1.3716E0	2.1007E6	
1198	-6.9809E-1	1.9741E2	1.3771E0	2.1030E6	
1199	-6.9839E-1	1.9696E2	1.3825E0	2.1052E6	
1200	-7.0251E-1	1.9084E2	1.3881E0	2.1074E6	
1201	-7.0023E-1	1.9424E2	1.3936E0	2.1096E6	
1202	-6.9862E-1	1.9662E2	1.3991E0	2.1118E6	
1203	-6.9885E-1	1.9628E2	1.4046E0	2.1141E6	
1204	-6.9916E-1	1.9582E2	1.4102E0	2.1163E6	
1205	-6.9786E-1	1.9775E2	1.4157E0	2.1185E6	
1206	-7.0000E-1	1.9458E2	1.4212E0	2.1207E6	
1207	-6.9809E-1	1.9741E2	1.4268E0	2.1229E6	
1208	-7.0084E-1	1.9333E2	1.4323E0	2.1252E6	
1209	-7.0015E-1	1.9435E2	1.4379E0	2.1274E6	
1210	-6.9839E-1	1.9696E2	1.4434E0	2.1296E6	
1211	-6.9878E-1	1.9639E2	1.4489E0	2.1318E6	
1212	-6.9756E-1	1.9820E2	1.4545E0	2.1340E6	
1213	-6.9977E-1	1.9492E2	1.4601E0	2.1363E6	
1214	-6.9977E-1	1.9492E2	1.4656E0	2.1385E6	
1215	-6.9839E-1	1.9696E2	1.4712E0	2.1407E6	
1216	-6.9862E-1	1.9662E2	1.4769E0	2.1429E6	
1217	-6.9962E-1	1.9514E2	1.4824E0	2.1451E6	
1218	-6.9923E-1	1.9571E2	1.4881E0	2.1474E6	
1219	-7.0023E-1	1.9424E2	1.4937E0	2.1496E6	
1220	-7.0137E-1	1.9254E2	1.4993E0	2.1518E6	
1221	-7.0099E-1	1.9311E2	1.5048E0	2.1540E6	
1222	-7.0190E-1	1.9175E2	1.5105E0	2.1562E6	
1223	-7.0030E-1	1.9413E2	1.5161E0	2.1585E6	
1224	-7.0137E-1	1.9254E2	1.5217E0	2.1607E6	
1225	-7.0099E-1	1.9311E2	1.5274E0	2.1629E6	
1226	-7.0152E-1	1.9231E2	1.5330E0	2.1651E6	
1227	-7.0320E-1	1.8982E2	1.5387E0	2.1673E6	
1228	-7.0427E-1	1.8824E2	1.5442E0	2.1696E6	
1229	-7.0244E-1	1.9096E2	1.5499E0	2.1718E6	
1230	-7.0343E-1	1.8948E2	1.5555E0	2.1740E6	
1231	-7.0412E-1	1.8846E2	1.5612E0	2.1762E6	
1232	-7.0190E-1	1.9175E2	1.5669E0	2.1784E6	
1233	-7.0068E-1	1.9356E2	1.5725E0	2.1807E6	
1234	-7.0229E-1	1.9118E2	1.5782E0	2.1829E6	
1235	-7.0312E-1	1.8994E2	1.5838E0	2.1851E6	
1236	-7.0503E-1	1.8711E2	1.5895E0	2.1873E6	
1237	-7.0229E-1	1.9118E2	1.5953E0	2.1895E6	
1238	-7.0488E-1	1.8733E2	1.6009E0	2.1918E6	
1239	-7.0335E-1	1.8960E2	1.6066E0	2.1940E6	
1240	-7.0183E-1	1.9186E2	1.6123E0	2.1962E6	
1241	-7.0663E-1	1.8473E2	1.6180E0	2.1984E6	
1242	-7.0564E-1	1.8620E2	1.6237E0	2.2006E6	
1243	-7.0457E-1	1.8778E2	1.6294E0	2.2029E6	
1244	-7.0564E-1	1.8620E2	1.6351E0	2.2051E6	
1245	-7.0816E-1	1.8246E2	1.6408E0	2.2073E6	
1246	-7.0610E-1	1.8552E2	1.6465E0	2.2095E6	
1247	-7.0518E-1	1.8688E2	1.6523E0	2.2117E6	
1248	-7.0534E-1	1.8665E2	1.6579E0	2.2140E6	
1249	-7.0816E-1	1.8246E2	1.6637E0	2.2162E6	
1250	-7.0923E-1	1.8088E2	1.6695E0	2.2184E6	
1251	-7.0724E-1	1.8382E2	1.6752E0	2.2206E6	
1252	-7.1075E-1	1.7861E2	1.6811E0	2.2228E6	
1253	-7.0877E-1	1.8156E2	1.6867E0	2.2251E6	
1254	-7.0877E-1	1.8156E2	1.6926E0	2.2273E6	
1255	-7.0801E-1	1.8269E2	1.6983E0	2.2295E6	
1256	-7.0831E-1	1.8224E2	1.7040E0	2.2317E6	
1257	-7.0793E-1	1.8280E2	1.7098E0	2.2339E6	
1258	-7.0778E-1	1.8303E2	1.7156E0	2.2362E6	
1259	-7.0969E-1	1.8020E2	1.7214E0	2.2384E6	
1260	-7.0999E-1	1.7975E2	1.7271E0	2.2406E6	
1261	-7.0915E-1	1.8099E2	1.7330E0	2.2428E6	
1262	-7.0900E-1	1.8122E2	1.7388E0	2.2450E6	
1263	-7.1106E-1	1.7816E2	1.7446E0	2.2473E6	
1264	-7.1091E-1	1.7839E2	1.7503E0	2.2495E6	
1265	-7.0961E-1	1.8031E2	1.7562E0	2.2517E6	
1266	-7.1266E-1	1.7578E2	1.7619E0	2.2539E6	
1267	-7.0961E-1	1.8031E2	1.7677E0	2.2561E6	
1268	-7.1190E-1	1.7692E2	1.7736E0	2.2584E6	
1269	-7.1342E-1	1.7465E2	1.7794E0	2.2606E6	
1270	-7.1243E-1	1.7612E2	1.7852E0	2.2628E6	
1271	-7.1411E-1	1.7363E2	1.7911E0	2.2650E6	
1272	-7.1045E-1	1.7907E2	1.7969E0	2.2672E6	
1273	-7.1358E-1	1.7442E2	1.8028E0	2.2695E6	
1274	-7.1320E-1	1.7499E2	1.8086E0	2.2717E6	
1275	-7.1274E-1	1.7567E2	1.8144E0	2.2739E6	
1276	-7.1556E-1	1.7148E2	1.8203E0	2.2761E6	
1277	-7.1510E-1	1.7216E2	1.8262E0	2.2783E6	
1278	-7.1007E-1	1.7963E2	1.8321E0	2.2806E6	
1279	-7.1144E-1	1.7759E2	1.8379E0	2.2828E6	
1280	-7.1175E-1	1.7714E2	1.8438E0	2.2850E6	
1281	-7.1342E-1	1.7465E2	1.8497E0	2.2872E6	
1282	-7.1297E-1	1.7533E2	1.8555E0	2.2894E6	
1283	-7.1274E-1	1.7567E2	1.8614E0	2.2917E6	
1284	-7.1434E-1	1.7329E2	1.8673E0	2.2939E6	
1285	-7.1419E-1	1.7352E2	1.8733E0	2.2961E6	
1286	-7.1388E-1	1.7397E2	1.8791E0	2.2983E6	
1287	-7.1571E-1	1.7125E2	1.8850E0	2.3005E6	
1288	-7.1167E-1	1.7725E2	1.8910E0	2.3028E6	
1289	-7.1304E-1	1.7522E2	1.8969E0	2.3050E6	
1290	-7.1587E-1	1.7103E2	1.9028E0	2.3072E6	
1291	-7.1281E-1	1.7556E2	1.9087E0	2.3094E6	
1292	-7.1404E-1	1.7374E2	1.9147E0	2.3116E6	
1293	-7.1266E-1	1.7578E2	1.9205E0	2.3139E6	
1294	-7.1640E-1	1.7023E2	1.9265E0	2.3161E6	
1295	-7.1365E-1	1.7431E2	1.9324E0	2.3183E6	
1296	-7.1648E-1	1.7012E2	1.9384E0	2.3205E6	
1297	-7.1411E-1	1.7363E2	1.9443E0	2.3227E6	
1298	-7.1800E-1	1.6786E2	1.9504E0	2.3250E6	
1299	-7.1648E-1	1.7012E2	1.9563E0	2.3272E6	
1300	-7.1617E-1	1.7057E2	1.9623E0	2.3294E6	
1301	-7.1587E-1	1.7103E2	1.9682E0	2.3316E6	
1302	-7.1541E-1	1.7171E2	1.9742E0	2.3338E6	
1303	-7.1594E-1	1.7091E2	1.9802E0	2.3361E6	
1304	-7.1617E-1	1.7057E2	1.9862E0	2.3383E6	
1305	-7.1785E-1	1.6808E2	1.9922E0	2.3405E6	
1306	-7.1465E-1	1.7284E2	1.9981E0	2.3427E6	
1307	-7.1449E-1	1.7307E2	2.0041E0	2.3449E6	
1308	-7.1304E-1	1.7522E2	2.0101E0	2.3472E6	
1309	-7.1480E-1	1.7261E2	2.0161E0	2.3494E6	
1310	-7.1869E-1	1.6684E2	2.0222E0	2.3516E6	
1311	-7.1472E-1	1.7273E2	2.0282E0	2.3538E6	
1312	-7.1571E-1	1.7125E2	2.0343E0	2.3560E6	
1313	-7.1671E-1	1.6978E2	2.0402E0	2.3583E6	
1314	-7.1861E-1	1.6695E2	2.0463E0	2.3605E6	
1315	-7.1495E-1	1.7239E2	2.0523E0	2.3627E6	
1316	-7.1800E-1	1.6786E2	2.0582E0	2.3649E6	
1317	-7.2121E-1	1.6310E2	2.0644E0	2.3671E6	
1318	-7.2105E-1	1.6333E2	2.0704E0	2.3694E6	
1319	-7.2128E-1	1.6299E2	2.0765E0	2.3716E6	
1320	-7.1861E-1	1.6695E2	2.0825E0	2.3738E6	
1321	-7.2029E-1	1.6446E2	2.0886E0	2.3760E6	
1322	-7.1770E-1	1.6831E2	2.0946E0	2.3782E6	
1323	-7.2113E-1	1.6321E2	2.1008E0	2.3805E6	
1324	-7.2083E-1	1.6367E2	2.1068E0	2.3827E6	
1325	-7.1884E-1	1.6661E2	2.1130E0	2.3849E6	
1326	-7.2075E-1	1.6378E2	2.1190E0	2.3871E6	
1327	-7.2098E-1	1.6344E2	2.1252E0	2.3893E6	
1328	-7.1991E-1	1.6503E2	2.1313E0	2.3916E6	
1329	-7.2365E-1	1.5948E2	2.1373E0	2.3938E6	
1330	-7.2136E-1	1.6288E2	2.1433E0	2.3960E6	
1331	-7.2075E-1	1.6378E2	2.1496E0	2.3982E6	
1332	-7.2411E-1	1.5880E2	2.1556E0	2.4004E6	
1333	-7.2350E-1	1.5970E2	2.1617E0	2.4027E6	
1334	-7.2281E-1	1.6072E2	2.1679E0	2.4049E6	
1335	-7.2243E-1	1.6129E2	2.1740E0	2.4071E6	
1336	-7.2205E-1	1.6186E2	2.1802E0	2.4093E6	
1337	-7.2586E-1	1.5619E2	2.1862E0	2.4115E6	
1338	-7.2273E-1	1.6084E2	2.1924E0	2.4138E6	
1339	-7.2418E-1	1.5869E2	2.1986E0	2.4160E6	
1340	-7.2273E-1	1.6084E2	2.2047E0	2.4182E6	
1341	-7.2388E-1	1.5914E2	2.2109E0	2.4204E6	
1342	-7.2662E-1	1.5506E2	2.2171E0	2.4226E6	
1343	-7.2403E-1	1.5891E2	2.2232E0	2.4249E6	
1344	-7.2342E-1	1.5982E2	2.2294E0	2.4271E6	
1345	-7.2708E-1	1.5438E2	2.2355E0	2.4293E6	
1346	-7.2678E-1	1.5484E2	2.2418E0	2.4315E6	
1347	-7.2563E-1	1.5653E2	2.2479E0	2.4337E6	
1348	-7.2258E-1	1.6106E2	2.2541E0	2.4360E6	
1349	-7.2815E-1	1.5280E2	2.2603E0	2.4382E6	
1350	-7.2609E-1	1.5586E2	2.2665E0	2.4404E6	
1351	-7.2586E-1	1.5619E2	2.2728E0	2.4426E6	
1352	-7.2838E-1	1.5246E2	2.2789E0	2.4448E6	
1353	-7.2777E-1	1.5336E2	2.2852E0	2.4471E6	
1354	-7.2662E-1	1.5506E2	2.2913E0	2.4493E6	
1355	-7.2556E-1	1.5665E2	2.2976E0	2.4515E6	
1356	-7.2617E-1	1.5574E2	2.3038E0	2.4537E6	
1357	-7.2777E-1	1.5336E2	2.3101E0	2.4559E6	
1358	-7.2853E-1	1.5223E2	2.3163E0	2.4582E6	
1359	-7.2891E-1	1.5167E2	2.3226E0	2.4604E6	
1360	-7.2746E-1	1.5382E2	2.3288E0	2.4626E6	
1361	-7.2739E-1	1.5393E2	2.3350E0	2.4648E6	
1362	-7.2731E-1	1.5404E2	2.3413E0	2.4670E6	
1363	-7.2830E-1	1.5257E2	2.3476E0	2.4693E6	
1364	-7.2617E-1	1.5574E2	2.3538E0	2.4715E6	
1365	-7.2723E-1	1.5416E2	2.3601E0	2.4737E6	
1366	-7.2853E-1	1.5223E2	2.3664E0	2.4759E6	
1367	-7.2823E-1	1.5268E2	2.3726E0	2.4781E6	
1368	-7.2929E-1	1.5110E2	2.3790E0	2.4804E6	
1369	-7.2914E-1	1.5133E2	2.3852E0	2.4826E6	
1370	-7.2708E-1	1.5438E2	2.3916E0	2.4848E6	
1371	-7.2861E-1	1.5212E2	2.3977E0	2.4870E6	
1372	-7.2777E-1	1.5336E2	2.4042E0	2.4892E6	
1373	-7.3059E-1	1.4917E2	2.4104E0	2.4915E6	
1374	-7.2899E-1	1.5155E2	2.4167E0	2.4937E6	
1375	-7.2891E-1	1.5167E2	2.4231E0	2.4959E6	
1376	-7.3036E-1	1.4951E2	2.4293E0	2.4981E6	
1377	-7.2922E-1	1.5121E2	2.4357E0	2.5003E6	
1378	-7.2701E-1	1.5450E2	2.4419E0	2.5026E6	
1379	-7.2868E-1	1.5201E2	2.4483E0	2.5048E6	
1380	-7.2929E-1	1.5110E2	2.4547E0	2.5070E6	
1381	-7.2899E-1	1.5155E2	2.4610E0	2.5092E6	
1382	-7.2845E-1	1.5235E2	2.4673E0	2.5114E6	
1383	-7.3036E-1	1.4951E2	2.4737E0	2.5137E6	
1384	-7.3097E-1	1.4861E2	2.4801E0	2.5159E6	
1385	-7.3418E-1	1.4385E2	2.4864E0	2.5181E6	
1386	-7.3204E-1	1.4702E2	2.4928E0	2.5203E6	
1387	-7.2716E-1	1.5427E2	2.4991E0	2.5225E6	
1388	-7.3074E-1	1.4895E2	2.5055E0	2.5248E6	
1389	-7.3341E-1	1.4499E2	2.5119E0	2.5270E6	
1390	-7.3357E-1	1.4476E2	2.5183E0	2.5292E6	
1391	-7.3204E-1	1.4702E2	2.5247E0	2.5314E6	
1392	-7.3471E-1	1.4306E2	2.5310E0	2.5336E6	
1393	-7.3181E-1	1.4736E2	2.5375E0	2.5359E6	
1394	-7.3364E-1	1.4465E2	2.5438E0	2.5381E6	
1395	-7.3662E-1	1.4023E2	2.5503E0	2.5403E6	
1396	-7.3700E-1	1.3966E2	2.5567E0	2.5425E6	
1397	-7.3349E-1	1.4487E2	2.5631E0	2.5447E6	
1398	-7.3578E-1	1.4148E2	2.5694E0	2.5470E6	
1399	-7.3448E-1	1.4340E2	2.5759E0	2.5492E6	
1400	-7.3456E-1	1.4329E2	2.5823E0	2.5514E6	
1401	-7.3547E-1	1.4193E2	2.5887E0	2.5536E6	
1402	-7.3563E-1	1.4170E2	2.5952E0	2.5558E6	
1403	-7.3555E-1	1.4182E2	2.6016E0	2.5581E6	
1404	-7.3509E-1	1.4249E2	2.6080E0	2.5603E6	
1405	-7.3463E-1	1.4317E2	2.6146E0	2.5625E6	
1406	-7.3715E-1	1.3944E2	2.6209E0	2.5647E6	
1407	-7.3769E-1	1.3864E2	2.6273E0	2.5669E6	
1408	-7.3967E-1	1.3570E2	2.6338E0	2.5692E6	
1409	-7.4005E-1	1.3513E2	2.6403E0	2.5714E6	
1410	-7.3761E-1	1.3876E2	2.6468E0	2.5736E6	
1411	-7.3822E-1	1.3785E2	2.6533E0	2.5758E6	
1412	-7.3921E-1	1.3638E2	2.6597E0	2.5780E6	
1413	-7.3906E-1	1.3661E2	2.6663E0	2.5803E6	
1414	-7.3708E-1	1.3955E2	2.6727E0	2.5825E6	
1415	-7.4005E-1	1.3513E2	2.6792E0	2.5847E6	
1416	-7.4074E-1	1.3412E2	2.6856E0	2.5869E6	
1417	-7.3883E-1	1.3695E2	2.6921E0	2.5891E6	
1418	-7.4135E-1	1.3321E2	2.6987E0	2.5914E6	
1419	-7.3921E-1	1.3638E2	2.7052E0	2.5936E6	
1420	-7.4043E-1	1.3457E2	2.7117E0	2.5958E6	
1421	-7.3875E-1	1.3706E2	2.7180E0	2.5980E6	
1422	-7.4112E-1	1.3355E2	2.7247E0	2.6002E6	
1423	-7.4051E-1	1.3446E2	2.7313E0	2.6025E6	
1424	-7.3929E-1	1.3627E2	2.7377E0	2.6047E6	
1425	-7.4203E-1	1.3219E2	2.7443E0	2.6069E6	
1426	-7.4051E-1	1.3446E2	2.7507E0	2.6091E6	
1427	-7.4066E-1	1.3423E2	2.7573E0	2.6113E6	
1428	-7.4249E-1	1.3151E2	2.7639E0	2.6136E6	
1429	-7.4028E-1	1.3480E2	2.7705E0	2.6158E6	
1430	-7.4120E-1	1.3344E2	2.7770E0	2.6180E6	
1431	-7.4371E-1	1.2970E2	2.7835E0	2.6202E6	
1432	-7.3921E-1	1.3638E2	2.7901E0	2.6224E6	
1433	-7.4104E-1	1.3366E2	2.7966E0	2.6247E6	
1434	-7.4066E-1	1.3423E2	2.8032E0	2.6269E6	
1435	-7.4371E-1	1.2970E2	2.8098E0	2.6291E6	
1436	-7.4219E-1	1.3196E2	2.8163E0	2.6313E6	
1437	-7.4142E-1	1.3310E2	2.8229E0	2.6335E6	
1438	-7.4051E-1	1.3446E2	2.8294E0	2.6358E6	
1439	-7.4066E-1	1.3423E2	2.8361E0	2.6380E6	
1440	-7.4089E-1	1.3389E2	2.8427E0	2.6402E6	
1441	-7.4295E-1	1.3083E2	2.8492E0	2.6424E6	
1442	-7.4394E-1	1.2936E2	2.8559E0	2.6446E6	
1443	-7.4127E-1	1.3332E2	2.8624E0	2.6469E6	
1444	-7.4493E-1	1.2789E2	2.8691E0	2.6491E6	
1445	-7.4409E-1	1.2913E2	2.8757E0	2.6513E6	
1446	-7.4585E-1	1.2653E2	2.8823E0	2.6535E6	
1447	-7.4234E-1	1.3174E2	2.8889E0	2.6557E6	
1448	-7.4471E-1	1.2823E2	2.8955E0	2.6580E6	
1449	-7.4280E-1	1.3106E2	2.9022E0	2.6602E6	
1450	-7.4326E-1	1.3038E2	2.9089E0	2.6624E6	
1451	-7.4471E-1	1.2823E2	2.9154E0	2.6646E6	
1452	-7.4577E-1	1.2664E2	2.9221E0	2.6668E6	
1453	-7.4570E-1	1.2676E2	2.9287E0	2.6691E6	
1454	-7.4547E-1	1.2710E2	2.9354E0	2.6713E6	
1455	-7.4646E-1	1.2562E2	2.9420E0	2.6735E6	
1456	-7.4379E-1	1.2959E2	2.9486E0	2.6757E6	
1457	-7.4715E-1	1.2460E2	2.9554E0	2.6779E6	
1458	-7.4600E-1	1.2630E2	2.9620E0	2.6802E6	
1459	-7.4806E-1	1.2325E2	2.9686E0	2.6824E6	
1460	-7.4913E-1	1.2166E2	2.9754E0	2.6846E6	
1461	-7.4699E-1	1.2483E2	2.9820E0	2.6868E6	
1462	-7.4806E-1	1.2325E2	2.9885E0	2.6890E6	
1463	-7.4471E-1	1.2823E2	2.9954E0	2.6913E6	
1464	-7.4989E-1	1.2053E2	3.0021E0	2.6935E6	
1465	-7.4532E-1	1.2732E2	3.0086E0	2.6957E6	
1466	-7.4707E-1	1.2472E2	3.0154E0	2.6979E6	
1467	-7.4974E-1	1.2076E2	3.0221E0	2.7001E6	
1468	-7.5073E-1	1.1928E2	3.0288E0	2.7024E6	
1469	-7.5081E-1	1.1917E2	3.0356E0	2.7046E6	
1470	-7.4936E-1	1.2132E2	3.0424E0	2.7068E6	
1471	-7.5180E-1	1.1770E2	3.0489E0	2.7090E6	
1472	-7.5195E-1	1.1747E2	3.0557E0	2.7112E6	
1473	-7.4944E-1	1.2121E2	3.0625E0	2.7135E6	
1474	-7.5043E-1	1.1974E2	3.0691E0	2.7157E6	
1475	-7.5279E-1	1.1623E2	3.0759E0	2.7179E6	
1476	-7.5180E-1	1.1770E2	3.0826E0	2.7201E6	
1477	-7.5134E-1	1.1838E2	3.0894E0	2.7223E6	
1478	-7.5302E-1	1.1589E2	3.0961E0	2.7246E6	
1479	-7.5249E-1	1.1668E2	3.1029E0	2.7268E6	
1480	-7.5279E-1	1.1623E2	3.1096E0	2.7290E6	
1481	-7.5043E-1	1.1974E2	3.1163E0	2.7312E6	
1482	-7.5333E-1	1.1543E2	3.1230E0	2.7334E6	
1483	-7.5394E-1	1.1453E2	3.1299E0	2.7357E6	
1484	-7.5455E-1	1.1362E2	3.1367E0	2.7379E6	
1485	-7.5340E-1	1.1532E2	3.1433E0	2.7401E6	
1486	-7.5333E-1	1.1543E2	3.1502E0	2.7423E6	
1487	-7.5264E-1	1.1645E2	3.1569E0	2.7445E6	
1488	-7.5531E-1	1.1249E2	3.1637E0	2.7468E6	
1489	-7.5447E-1	1.1374E2	3.1705E0	2.7490E6	
1490	-7.5531E-1	1.1249E2	3.1773E0	2.7512E6	
1491	-7.5363E-1	1.1498E2	3.1840E0	2.7534E6	
1492	-7.5653E-1	1.1068E2	3.1909E0	2.7556E6	
1493	-7.5439E-1	1.1385E2	3.1977E0	2.7579E6	
1494	-7.5386E-1	1.1464E2	3.2044E0	2.7601E6	
1495	-7.5500E-1	1.1294E2	3.2113E0	2.7623E6	
1496	-7.5371E-1	1.1487E2	3.2181E0	2.7645E6	
1497	-7.5279E-1	1.1623E2	3.2249E0	2.7667E6	
1498	-7.5668E-1	1.1045E2	3.2318E0	2.7690E6	
1499	-7.5348E-1	1.1521E2	3.2386E0	2.7712E6	
1500	-7.5592E-1	1.1158E2	3.2454E0	2.7734E6	
1501	-7.5462E-1	1.1351E2	3.2522E0	2.7756E6	
1502	-7.5706E-1	1.0989E2	3.2591E0	2.7778E6	
1503	-7.5836E-1	1.0796E2	3.2659E0	2.7801E6	
1504	-7.5577E-1	1.1181E2	3.2727E0	2.7823E6	
1505	-7.5516E-1	1.1272E2	3.2795E0	2.7845E6	
1506	-7.5562E-1	1.1204E2	3.2865E0	2.7867E6	
1507	-7.5531E-1	1.1249E2	3.2934E0	2.7889E6	
1508	-7.5523E-1	1.1260E2	3.3001E0	2.7912E6	
1509	-7.5676E-1	1.1034E2	3.3070E0	2.7934E6	
1510	-7.5485E-1	1.1317E2	3.3138E0	2.7956E6	
1511	-7.5699E-1	1.1000E2	3.3207E0	2.7978E6	
1512	-7.5638E-1	1.1090E2	3.3276E0	2.8000E6	
1513	-7.5607E-1	1.1136E2	3.3346E0	2.8023E6	
1514	-7.5912E-1	1.0683E2	3.3414E0	2.8045E6	
1515	-7.5768E-1	1.0898E2	3.3483E0	2.8067E6	
1516	-7.5691E-1	1.1011E2	3.3552E0	2.8089E6	
1517	-7.5951E-1	1.0626E2	3.3620E0	2.8111E6	
1518	-7.5836E-1	1.0796E2	3.3690E0	2.8134E6	
1519	-7.5912E-1	1.0683E2	3.3758E0	2.8156E6	
1520	-7.6141E-1	1.0343E2	3.3827E0	2.8178E6	
1521	-7.6149E-1	1.0332E2	3.3897E0	2.8200E6	
1522	-7.6134E-1	1.0354E2	3.3965E0	2.8222E6	
1523	-7.5920E-1	1.0672E2	3.4035E0	2.8245E6	
1524	-7.6088E-1	1.0422E2	3.4104E0	2.8267E6	
1525	-7.5935E-1	1.0649E2	3.4173E0	2.8289E6	
1526	-7.6050E-1	1.0479E2	3.4242E0	2.8311E6	
1527	-7.6134E-1	1.0354E2	3.4311E0	2.8333E6	
1528	-7.6164E-1	1.0309E2	3.4381E0	2.8356E6	
1529	-7.6157E-1	1.0321E2	3.4450E0	2.8378E6	
1530	-7.6515E-1	9.7884E1	3.4520E0	2.8400E6	
1531	-7.6256E-1	1.0173E2	3.4590E0	2.8422E6	
1532	-7.6149E-1	1.0332E2	3.4658E0	2.8444E6	
1533	-7.6439E-1	9.9016E1	3.4727E0	2.8467E6	
1534	-7.6233E-1	1.0207E2	3.4798E0	2.8489E6	
1535	-7.6279E-1	1.0139E2	3.4867E0	2.8511E6	
1536	-7.6355E-1	1.0026E2	3.4936E0	2.8533E6	
1537	-7.6424E-1	9.9242E1	3.5006E0	2.8555E6	
1538	-7.6729E-1	9.4713E1	3.5076E0	2.8578E6	
1539	-7.6714E-1	9.4940E1	3.5145E0	2.8600E6	
1540	-7.6370E-1	1.0003E2	3.5216E0	2.8622E6	
1541	-7.6691E-1	9.5280E1	3.5286E0	2.8644E6	
1542	-7.6584E-1	9.6865E1	3.5355E0	2.8666E6	
1543	-7.6469E-1	9.8563E1	3.5424E0	2.8689E6	
1544	-7.6530E-1	9.7657E1	3.5494E0	2.8711E6	
1545	-7.6401E-1	9.9582E1	3.5565E0	2.8733E6	
1546	-7.6706E-1	9.5053E1	3.5635E0	2.8755E6	
1547	-7.6721E-1	9.4827E1	3.5705E0	2.8777E6	
1548	-7.6653E-1	9.5846E1	3.5775E0	2.8800E6	
1549	-7.6660E-1	9.5732E1	3.5844E0	2.8822E6	
1550	-7.6782E-1	9.3921E1	3.5915E0	2.8844E6	
1551	-7.6561E-1	9.7204E1	3.5985E0	2.8866E6	
1552	-7.6752E-1	9.4374E1	3.6056E0	2.8888E6	
1553	-7.6973E-1	9.1090E1	3.6125E0	2.8911E6	
1554	-7.6836E-1	9.3128E1	3.6195E0	2.8933E6	
1555	-7.6805E-1	9.3581E1	3.6267E0	2.8955E6	
1556	-7.6935E-1	9.1656E1	3.6336E0	2.8977E6	
1557	-7.6767E-1	9.4147E1	3.6407E0	2.8999E6	
1558	-7.6637E-1	9.6072E1	3.6477E0	2.9022E6	
1559	-7.6797E-1	9.3694E1	3.6548E0	2.9044E6	
1560	-7.6950E-1	9.1430E1	3.6618E0	2.9066E6	
1561	-7.6874E-1	9.2562E1	3.6689E0	2.9088E6	
1562	-7.6836E-1	9.3128E1	3.6759E0	2.9110E6	
1563	-7.6828E-1	9.3241E1	3.6829E0	2.9133E6	
1564	-7.7110E-1	8.9052E1	3.6901E0	2.9155E6	
1565	-7.6752E-1	9.4374E1	3.6971E0	2.9177E6	
1566	-7.6927E-1	9.1770E1	3.7042E0	2.9199E6	
1567	-7.6859E-1	9.2789E1	3.7113E0	2.9221E6	
1568	-7.6752E-1	9.4374E1	3.7183E0	2.9244E6	
1569	-7.6874E-1	9.2562E1	3.7253E0	2.9266E6	
1570	-7.6813E-1	9.3468E1	3.7325E0	2.9288E6	
1571	-7.7057E-1	8.9845E1	3.7396E0	2.9310E6	
1572	-7.7118E-1	8.8939E1	3.7466E0	2.9332E6	
1573	-7.7187E-1	8.7920E1	3.7537E0	2.9355E6	
1574	-7.7057E-1	8.9845E1	3.7608E0	2.9377E6	
1575	-7.7087E-1	8.9392E1	3.7680E0	2.9399E6	
1576	-7.7141E-1	8.8599E1	3.7751E0	2.9421E6	
1577	-7.7019E-1	9.0411E1	3.7822E0	2.9443E6	
1578	-7.7255E-1	8.6901E1	3.7892E0	2.9466E6	
1579	-7.7286E-1	8.6448E1	3.7964E0	2.9488E6	
1580	-7.7209E-1	8.7580E1	3.8035E0	2.9510E6	
1581	-7.7194E-1	8.7807E1	3.8106E0	2.9532E6	
1582	-7.7377E-1	8.5089E1	3.8178E0	2.9554E6	
1583	-7.7171E-1	8.8146E1	3.8249E0	2.9577E6	
1584	-7.7393E-1	8.4863E1	3.8319E0	2.9599E6	
1585	-7.7446E-1	8.4070E1	3.8392E0	2.9621E6	
1586	-7.7431E-1	8.4297E1	3.8462E0	2.9643E6	
1587	-7.7423E-1	8.4410E1	3.8535E0	2.9665E6	
1588	-7.7484E-1	8.3504E1	3.8606E0	2.9688E6	
1589	-7.7164E-1	8.8260E1	3.8678E0	2.9710E6	
1590	-7.7477E-1	8.3617E1	3.8748E0	2.9732E6	
1591	-7.7316E-1	8.5995E1	3.8820E0	2.9754E6	
1592	-7.7614E-1	8.1579E1	3.8892E0	2.9776E6	
1593	-7.7446E-1	8.4070E1	3.8963E0	2.9799E6	
1594	-7.7606E-1	8.1692E1	3.9035E0	2.9821E6	
1595	-7.7744E-1	7.9654E1	3.9107E0	2.9843E6	
1596	-7.7599E-1	8.1806E1	3.9179E0	2.9865E6	
1597	-7.7621E-1	8.1466E1	3.9251E0	2.9887E6	
1598	-7.7667E-1	8.0787E1	3.9323E0	2.9910E6	
1599	-7.7744E-1	7.9654E1	3.9394E0	2.9932E6	
1600	-7.7675E-1	8.0673E1	3.9466E0	2.9954E6	
1601	-7.7713E-1	8.0107E1	3.9537E0	2.9976E6	
1602	-7.7728E-1	7.9881E1	3.9610E0	2.9998E6	
1603	-7.7919E-1	7.7050E1	3.9683E0	3.0021E6	
1604	-7.7827E-1	7.8409E1	3.9754E0	3.0043E6	
1605	-7.7827E-1	7.8409E1	3.9825E0	3.0065E6	
1606	-7.7988E-1	7.6031E1	3.9898E0	3.0087E6	
1607	-7.7866E-1	7.7843E1	3.9969E0	3.0109E6	
1608	-7.8125E-1	7.3993E1	4.0041E0	3.0132E6	
1609	-7.7873E-1	7.7730E1	4.0114E0	3.0154E6	
1610	-7.7827E-1	7.8409E1	4.0187E0	3.0176E6	
1611	-7.8049E-1	7.5125E1	4.0259E0	3.0198E6	
1612	-7.8049E-1	7.5125E1	4.0330E0	3.0220E6	
1613	-7.7805E-1	7.8749E1	4.0403E0	3.0243E6	
1614	-7.8239E-1	7.2295E1	4.0475E0	3.0265E6	
1615	-7.8094E-1	7.4446E1	4.0547E0	3.0287E6	
1616	-7.7942E-1	7.6710E1	4.0621E0	3.0309E6	
1617	-7.8003E-1	7.5805E1	4.0692E0	3.0331E6	
1618	-7.8041E-1	7.5239E1	4.0766E0	3.0354E6	
1619	-7.8331E-1	7.0936E1	4.0838E0	3.0376E6	
1620	-7.7942E-1	7.6710E1	4.0911E0	3.0398E6	
1621	-7.8377E-1	7.0257E1	4.0983E0	3.0420E6	
1622	-7.8362E-1	7.0483E1	4.1055E0	3.0442E6	
1623	-7.7873E-1	7.7730E1	4.1128E0	3.0465E6	
1624	-7.8293E-1	7.1502E1	4.1200E0	3.0487E6	
1625	-7.7980E-1	7.6144E1	4.1273E0	3.0509E6	
1626	-7.8209E-1	7.2748E1	4.1346E0	3.0531E6	
1627	-7.7995E-1	7.5918E1	4.1419E0	3.0553E6	
1628	-7.8148E-1	7.3653E1	4.1491E0	3.0576E6	
1629	-7.8156E-1	7.3540E1	4.1564E0	3.0598E6	
1630	-7.8537E-1	6.7879E1	4.1637E0	3.0620E6	
1631	-7.8461E-1	6.9011E1	4.1710E0	3.0642E6	
1632	-7.8308E-1	7.1276E1	4.1783E0	3.0664E6	
1633	-7.8369E-1	7.0370E1	4.1856E0	3.0687E6	
1634	-7.8468E-1	6.8898E1	4.1929E0	3.0709E6	
1635	-7.8415E-1	6.9690E1	4.2001E0	3.0731E6	
1636	-7.8110E-1	7.4220E1	4.2074E0	3.0753E6	
1637	-7.8423E-1	6.9577E1	4.2147E0	3.0775E6	
1638	-7.8339E-1	7.0823E1	4.2221E0	3.0798E6	
1639	-7.8552E-1	6.7652E1	4.2294E0	3.0820E6	
1640	-7.8568E-1	6.7426E1	4.2368E0	3.0842E6	
1641	-7.8529E-1	6.7992E1	4.2441E0	3.0864E6	
1642	-7.8377E-1	7.0257E1	4.2513E0	3.0886E6	
1643	-7.8491E-1	6.8558E1	4.2586E0	3.0909E6	
1644	-7.8491E-1	6.8558E1	4.2660E0	3.0931E6	
1645	-7.8735E-1	6.4935E1	4.2734E0	3.0953E6	
1646	-7.8522E-1	6.8105E1	4.2807E0	3.0975E6	
1647	-7.8728E-1	6.5048E1	4.2879E0	3.0997E6	
1648	-7.8575E-1	6.7313E1	4.2953E0	3.1020E6	
1649	-7.8690E-1	6.5614E1	4.3027E0	3.1042E6	
1650	-7.8941E-1	6.1878E1	4.3100E0	3.1064E6	
1651	-7.8865E-1	6.3010E1	4.3173E0	3.1086E6	
1652	-7.8781E-1	6.4256E1	4.3247E0	3.1108E6	
1653	-7.8888E-1	6.2671E1	4.3321E0	3.1131E6	
1654	-7.8781E-1	6.4256E1	4.3395E0	3.1153E6	
1655	-7.8804E-1	6.3916E1	4.3467E0	3.1175E6	
1656	-7.9224E-1	5.7689E1	4.3540E0	3.1197E6	
1657	-7.8705E-1	6.5388E1	4.3615E0	3.1219E6	
1658	-7.9056E-1	6.0180E1	4.3690E0	3.1242E6	
1659	-7.8850E-1	6.3237E1	4.3762E0	3.1264E6	
1660	-7.8964E-1	6.1538E1	4.3835E0	3.1286E6	
1661	-7.8934E-1	6.1991E1	4.3910E0	3.1308E6	
1662	-7.8926E-1	6.2104E1	4.3983E0	3.1330E6	
1663	-7.9086E-1	5.9727E1	4.4057E0	3.1353E6	
1664	-7.9071E-1	5.9953E1	4.4131E0	3.1375E6	
1665	-7.9208E-1	5.7915E1	4.4205E0	3.1397E6	
1666	-7.9193E-1	5.8141E1	4.4279E0	3.1419E6	
1667	-7.9269E-1	5.7009E1	4.4352E0	3.1441E6	
1668	-7.9308E-1	5.6443E1	4.4426E0	3.1464E6	
1669	-7.9391E-1	5.5198E1	4.4501E0	3.1486E6	
1670	-7.9460E-1	5.4179E1	4.4574E0	3.1508E6	
1671	-7.9407E-1	5.4971E1	4.4648E0	3.1530E6	
1672	-7.9300E-1	5.6556E1	4.4722E0	3.1552E6	
1673	-7.9391E-1	5.5198E1	4.4797E0	3.1575E6	
1674	-7.9376E-1	5.5424E1	4.4870E0	3.1597E6	
1675	-7.9552E-1	5.2820E1	4.4946E0	3.1619E6	
1676	-7.9384E-1	5.5311E1	4.5019E0	3.1641E6	
1677	-7.9315E-1	5.6330E1	4.5092E0	3.1663E6	
1678	-7.9475E-1	5.3952E1	4.5167E0	3.1686E6	
1679	-7.9460E-1	5.4179E1	4.5242E0	3.1708E6	
1680	-7.9346E-1	5.5877E1	4.5315E0	3.1730E6	
1681	-7.9269E-1	5.7009E1	4.5389E0	3.1752E6	
1682	-7.9384E-1	5.5311E1	4.5463E0	3.1774E6	
1683	-7.9460E-1	5.4179E1	4.5537E0	3.1797E6	
1684	-7.9712E-1	5.0442E1	4.5613E0	3.1819E6	
1685	-7.9262E-1	5.7122E1	4.5687E0	3.1841E6	
1686	-7.9788E-1	4.9310E1	4.5760E0	3.1863E6	
1687	-7.9643E-1	5.1461E1	4.5835E0	3.1885E6	
1688	-7.9514E-1	5.3386E1	4.5910E0	3.1908E6	
1689	-7.9323E-1	5.6217E1	4.5984E0	3.1930E6	
1690	-7.9811E-1	4.8970E1	4.6058E0	3.1952E6	
1691	-7.9796E-1	4.9197E1	4.6131E0	3.1974E6	
1692	-7.9720E-1	5.0329E1	4.6207E0	3.1996E6	
1693	-7.9697E-1	5.0669E1	4.6281E0	3.2019E6	
1694	-7.9620E-1	5.1801E1	4.6357E0	3.2041E6	
1695	-7.9750E-1	4.9876E1	4.6430E0	3.2063E6	
1696	-7.9559E-1	5.2707E1	4.6506E0	3.2085E6	
1697	-7.9506E-1	5.3499E1	4.6580E0	3.2107E6	
1698	-7.9651E-1	5.1348E1	4.6654E0	3.2130E6	
1699	-7.9788E-1	4.9310E1	4.6728E0	3.2152E6	
1700	-7.9582E-1	5.2367E1	4.6803E0	3.2174E6	
1701	-7.9887E-1	4.7838E1	4.6877E0	3.2196E6	
1702	-7.9521E-1	5.3273E1	4.6952E0	3.2218E6	
1703	-7.9727E-1	5.0216E1	4.7026E0	3.2241E6	
1704	-7.9758E-1	4.9763E1	4.7100E0	3.2263E6	
1705	-7.9597E-1	5.2141E1	4.7176E0	3.2285E6	
1706	-7.9811E-1	4.8970E1	4.7251E0	3.2307E6	
1707	-8.0086E-1	4.4894E1	4.7324E0	3.2329E6	
1708	-7.9979E-1	4.6479E1	4.7400E0	3.2352E6	
1709	-7.9964E-1	4.6706E1	4.7474E0	3.2374E6	
1710	-8.0116E-1	4.4441E1	4.7549E0	3.2396E6	
1711	-8.0101E-1	4.4668E1	4.7624E0	3.2418E6	
1712	-8.0109E-1	4.4554E1	4.7698E0	3.2440E6	
1713	-8.0223E-1	4.2856E1	4.7774E0	3.2463E6	
1714	-7.9964E-1	4.6706E1	4.7847E0	3.2485E6	
1715	-8.0383E-1	4.0478E1	4.7922E0	3.2507E6	
1716	-8.0177E-1	4.3535E1	4.7997E0	3.2529E6	
1717	-8.0246E-1	4.2516E1	4.8072E0	3.2551E6	
1718	-8.0292E-1	4.1837E1	4.8147E0	3.2574E6	
1719	-8.0322E-1	4.1384E1	4.8222E0	3.2596E6	
1720	-8.0406E-1	4.0139E1	4.8297E0	3.2618E6	
1721	-8.0246E-1	4.2516E1	4.8372E0	3.2640E6	
1722	-8.0551E-1	3.7987E1	4.8447E0	3.2662E6	
1723	-8.0383E-1	4.0478E1	4.8522E0	3.2685E6	
1724	-8.0536E-1	3.8214E1	4.8596E0	3.2707E6	
1725	-8.0505E-1	3.8667E1	4.8671E0	3.2729E6	
1726	-8.0528E-1	3.8327E1	4.8746E0	3.2751E6	
1727	-8.0704E-1	3.5723E1	4.8821E0	3.2773E6	
1728	-8.0444E-1	3.9572E1	4.8896E0	3.2796E6	
1729	-8.0429E-1	3.9799E1	4.8971E0	3.2818E6	
1730	-8.0910E-1	3.2666E1	4.9046E0	3.2840E6	
1731	-8.0566E-1	3.7761E1	4.9122E0	3.2862E6	
1732	-8.0673E-1	3.6176E1	4.9196E0	3.2884E6	
1733	-8.0566E-1	3.7761E1	4.9272E0	3.2907E6	
1734	-8.0803E-1	3.4251E1	4.9345E0	3.2929E6	
1735	-8.0666E-1	3.6289E1	4.9421E0	3.2951E6	
1736	-8.0742E-1	3.5157E1	4.9497E0	3.2973E6	
1737	-8.0711E-1	3.5610E1	4.9571E0	3.2995E6	
1738	-8.0734E-1	3.5270E1	4.9646E0	3.3018E6	
1739	-8.0620E-1	3.6968E1	4.9721E0	3.3040E6	
1740	-8.0643E-1	3.6629E1	4.9796E0	3.3062E6	
1741	-8.0849E-1	3.3571E1	4.9871E0	3.3084E6	
1742	-8.0742E-1	3.5157E1	4.9946E0	3.3106E6	
1743	-8.0856E-1	3.3458E1	5.0022E0	3.3129E6	
1744	-8.0872E-1	3.3232E1	5.0097E0	3.3151E6	
1745	-8.0971E-1	3.1760E1	5.0172E0	3.3173E6	
1746	-8.1039E-1	3.0741E1	5.0248E0	3.3195E6	
1747	-8.0765E-1	3.4817E1	5.0323E0	3.3217E6	
1748	-8.1093E-1	2.9948E1	5.0397E0	3.3240E6	
1749	-8.0925E-1	3.2439E1	5.0473E0	3.3262E6	
1750	-8.1039E-1	3.0741E1	5.0549E0	3.3284E6	
1751	-8.0696E-1	3.5836E1	5.0624E0	3.3306E6	
1752	-8.1177E-1	2.8703E1	5.0698E0	3.3328E6	
1753	-8.0978E-1	3.1647E1	5.0774E0	3.3351E6	
1754	-8.0833E-1	3.3798E1	5.0849E0	3.3373E6	
1755	-8.0986E-1	3.1533E1	5.0925E0	3.3395E6	
1756	-8.0994E-1	3.1420E1	5.0999E0	3.3417E6	
1757	-8.1131E-1	2.9382E1	5.1074E0	3.3439E6	
1758	-8.1200E-1	2.8363E1	5.1150E0	3.3462E6	
1759	-8.1238E-1	2.7797E1	5.1224E0	3.3484E6	
1760	-8.1108E-1	2.9722E1	5.1300E0	3.3506E6	
1761	-8.1581E-1	2.2702E1	5.1375E0	3.3528E6	
1762	-8.1215E-1	2.8137E1	5.1451E0	3.3550E6	
1763	-8.1139E-1	2.9269E1	5.1527E0	3.3573E6	
1764	-8.1169E-1	2.8816E1	5.1600E0	3.3595E6	
1765	-8.1352E-1	2.6099E1	5.1676E0	3.3617E6	
1766	-8.1436E-1	2.4853E1	5.1751E0	3.3639E6	
1767	-8.1398E-1	2.5419E1	5.1826E0	3.3661E6	
1768	-8.1474E-1	2.4287E1	5.1901E0	3.3684E6	
1769	-8.1619E-1	2.2136E1	5.1977E0	3.3706E6	
1770	-8.1482E-1	2.4174E1	5.2053E0	3.3728E6	
1771	-8.1573E-1	2.2815E1	5.2127E0	3.3750E6	
1772	-8.1581E-1	2.2702E1	5.2203E0	3.3772E6	
1773	-8.1810E-1	1.9305E1	5.2278E0	3.3795E6	
1774	-8.1459E-1	2.4513E1	5.2354E0	3.3817E6	
1775	-8.1642E-1	2.1796E1	5.2428E0	3.3839E6	
1776	-8.1749E-1	2.0211E1	5.2502E0	3.3861E6	
1777	-8.1696E-1	2.1003E1	5.2578E0	3.3883E6	
1778	-8.1818E-1	1.9192E1	5.2653E0	3.3906E6	
1779	-8.1963E-1	1.7041E1	5.2729E0	3.3928E6	
1780	-8.1833E-1	1.8965E1	5.2804E0	3.3950E6	
1781	-8.2092E-1	1.5116E1	5.2879E0	3.3972E6	
1782	-8.2092E-1	1.5116E1	5.2954E0	3.3994E6	
1783	-8.2214E-1	1.3304E1	5.3029E0	3.4017E6	
1784	-8.1940E-1	1.7380E1	5.3104E0	3.4039E6	
1785	-8.2169E-1	1.3983E1	5.3179E0	3.4061E6	
1786	-8.2130E-1	1.4550E1	5.3254E0	3.4083E6	
1787	-8.2146E-1	1.4323E1	5.3329E0	3.4105E6	
1788	-8.1947E-1	1.7267E1	5.3404E0	3.4128E6	
1789	-8.2199E-1	1.3531E1	5.3479E0	3.4150E6	
1790	-8.1932E-1	1.7493E1	5.3555E0	3.4172E6	
1791	-8.1924E-1	1.7607E1	5.3630E0	3.4194E6	
1792	-8.2123E-1	1.4663E1	5.3705E0	3.4216E6	
1793	-8.2222E-1	1.3191E1	5.3780E0	3.4239E6	
1794	-8.2191E-1	1.3644E1	5.3855E0	3.4261E6	
1795	-8.1917E-1	1.7720E1	5.3930E0	3.4283E6	
1796	-8.2184E-1	1.3757E1	5.4006E0	3.4305E6	
1797	-8.2245E-1	1.2851E1	5.4080E0	3.4327E6	
1798	-8.2260E-1	1.2625E1	5.4156E0	3.4350E6	
1799	-8.2344E-1	1.1379E1	5.4231E0	3.4372E6	
1800	-8.2336E-1	1.1492E1	5.4246E0	3.4376E6	
1801	-8.2336E-1	1.1492E1	5.4246E0	3.4376E6	
1802	-8.2336E-1	1.1492E1	5.4246E0	3.4376E6	
1803	-8.2336E-1	1.1492E1	5.4246E0	3.4376E6	
1804	-8.2336E-1	1.1492E1	5.4246E0	3.4376E6	
1805	-8.2336E-1	1.1492E1	5.4246E0	3.4376E6	
1806	-8.2336E-1	1.1492E1	5.4246E0	3.4376E6	
1807	-8.2336E-1	1.1492E1	5.4246E0	3.4376E6	
1808	-8.2336E-1	1.1492E1	5.4246E0	3.4376E6	
1809	-8.2336E-1	1.1492E1	5.4246E0	3.4376E6	
1810	-8.2336E-1	1.1492E1	5.4246E0	3.4376E6	
1811	-8.2336E-1	1.1492E1	5.4246E0	3.4376E6	
1812	-8.2336E-1	1.1492E1	5.4246E0	3.4376E6	
1813	-8.2336E-1	1.1492E1	5.4246E0	3.4376E6	
1814	-8.2336E-1	1.1492E1	5.4246E0	3.4376E6	
1815	-8.2336E-1	1.1492E1	5.4246E0	3.4376E6	
1816	-8.2336E-1	1.1492E1	5.4246E0	3.4376E6	
1817	-8.2336E-1	1.1492E1	5.4246E0	3.4376E6	
1818	-8.2336E-1	1.1492E1	5.4246E0	3.4376E6	
1819	-8.2336E-1	1.1492E1	5.4246E0	3.4376E6	
1820	-8.2336E-1	1.1492E1	5.4246E0	3.4376E6	
1821	-8.2336E-1	1.1492E1	5.4246E0	3.4376E6	
1822	-8.2336E-1	1.1492E1	5.4246E0	3.4376E6	
1823	-8.2336E-1	1.1492E1	5.4246E0	3.4376E6	
1824	-8.2336E-1	1.1492E1	5.4246E0	3.4376E6	
1825	-8.2336E-1	1.1492E1	5.4246E0	3.4376E6	
1826	-8.2336E-1	1.1492E1	5.4246E0	3.4376E6	
1827	-8.2336E-1	1.1492E1	5.4246E0	3.4376E6	
1828	-8.2336E-1	1.1492E1	5.4246E0	3.4376E6	
1829	-8.2336E-1	1.1492E1	5.4246E0	3.4376E6	
1830	-8.2336E-1	1.1492E1	5.4246E0	3.4376E6	
1831	-8.2336E-1	1.1492E1	5.4246E0	3.4376E6	
1832	-8.2336E-1	1.1492E1	5.4246E0	3.4376E6	
1833	-8.2336E-1	1.1492E1	5.4246E0	3.4376E6	
1834	-8.2336E-1	1.1492E1	5.4246E0	3.4376E6	
1835	-8.2336E-1	1.1492E1	5.4246E0	3.4376E6	
1836	-8.2336E-1	1.1492E1	5.4246E0	3.4376E6	
1837	-8.2336E-1	1.1492E1	5.4246E0	3.4376E6	
1838	-8.2336E-1	1.1492E1	5.4246E0	3.4376E6	
1839	-8.2336E-1	1.1492E1	5.4246E0	3.4376E6	
1840	-8.2336E-1	1.1492E1	5.4246E0	3.4376E6	
1841	-8.2336E-1	1.1492E1	5.4246E0	3.4376E6	
1842	-8.2336E-1	1.1492E1	5.4246E0	3.4376E6	
1843	-8.2336E-1	1.1492E1	5.4246E0	3.4376E6	
1844	-8.2336E-1	1.1492E1	5.4246E0	3.4376E6	
1845	-8.2336E-1	1.1492E1	5.4246E0	3.4376E6	
1846	-8.2336E-1	1.1492E1	5.4246E0	3.4376E6	
1847	-8.2336E-1	1.1492E1	5.4246E0	3.4376E6	
1848	-8.2336E-1	1.1492E1	5.4246E0	3.4376E6	
1849	-8.2336E-1	1.1492E1	5.4246E0	3.4376E6	
1850	-8.2336E-1	1.1492E1	5.4246E0	3.4376E6	
1851	-8.2336E-1	1.1492E1	5.4246E0	3.4376E6	
1852	-8.2336E-1	1.1492E1	5.4246E0	3.4376E6	
1853	-8.2336E-1	1.1492E1	5.4246E0	3.4376E6	
1854	-8.2336E-1	1.1492E1	5.4246E0	3.4376E6	
1855	-8.2336E-1	1.1492E1	5.4246E0	3.4376E6	
1856	-8.2336E-1	1.1492E1	5.4246E0	3.4376E6	
1857	-8.2336E-1	1.1492E1	5.4246E0	3.4376E6	
1858	-8.2336E-1	1.1492E1	5.4246E0	3.4376E6	
1859	-8.2336E-1	1.1492E1	5.4246E0	3.4376E6	
1860	-8.2336E-1	1.1492E1	5.4246E0	3.4376E6	
1861	-8.2336E-1	1.1492E1	5.4246E0	3.4376E6	
1862	-8.2336E-1	1.1492E1	5.4246E0	3.4376E6	
1863	-8.2336E-1	1.1492E1	5.4246E0	3.4376E6	
1864	-8.2336E-1	1.1492E1	5.4246E0	3.4376E6	
1865	-8.2336E-1	1.1492E1	5.4246E0	3.4376E6	
1866	-8.2336E-1	1.1492E1	5.4246E0	3.4376E6	
1867	-8.2336E-1	1.1492E1	5.4246E0	3.4376E6	
1868	-8.2336E-1	1.1492E1	5.4246E0	3.4376E6	
1869	-8.2336E-1	1.1492E1	5.4246E0	3.4376E6	
1870	-8.2336E-1	1.1492E1	5.4246E0	3.4376E6	
1871	-8.2336E-1	1.1492E1	5.4246E0	3.4376E6	
1872	-8.2336E-1	1.1492E1	5.4246E0	3.4376E6	
1873	-8.2336E-1	1.1492E1	5.4246E0	3.4376E6	
1874	-8.2336E-1	1.1492E1	5.4246E0	3.4376E6	
1875	-8.2336E-1	1.1492E1	5.4246E0	3.4376E6	
1876	-8.2336E-1	1.1492E1	5.4246E0	3.4376E6	
1877	-8.2336E-1	1.1492E1	5.4246E0	3.4376E6	
1878	-8.2336E-1	1.1492E1	5.4246E0	3.4376E6	
1879	-8.2336E-1	1.1492E1	5.4246E0	3.4376E6	
1880	-8.2336E-1	1.1492E1	5.4246E0	3.4376E6	
1881	-8.2336E-1	1.1492E1	5.4246E0	3.4376E6	
1882	-8.2336E-1	1.1492E1	5.4246E0	3.4376E6	
1883	-8.2336E-1	1.1492E1	5.4246E0	3.4376E6	
1884	-8.2336E-1	1.1492E1	5.4246E0	3.4376E6	
1885	-8.2336E-1	1.1492E1	5.4246E0	3.4376E6	
1886	-8.2336E-1	1.1492E1	5.4246E0	3.4376E6	
1887	-8.2336E-1	1.1492E1	5.4246E0	3.4376E6	
1888	-8.2336E-1	1.1492E1	5.4246E0	3.4376E6	
1889	-8.2336E-1	1.1492E1	5.4246E0	3.4376E6	
1890	-8.2336E-1	1.1492E1	5.4246E0	3.4376E6	
1891	-8.2336E-1	1.1492E1	5.4246E0	3.4376E6	
1892	-8.2336E-1	1.1492E1	5.4246E0	3.4376E6	
1893	-8.2336E-1	1.1492E1	5.4246E0	3.4376E6	
1894	-8.2336E-1	1.1492E1	5.4246E0	3.4376E6	
1895	-8.2336E-1	1.1492E1	5.4246E0	3.4376E6	
1896	-8.2336E-1	1.1492E1	5.4246E0	3.4376E6	
1897	-8.2336E-1	1.1492E1	5.4246E0	3.4376E6	
1898	-8.2336E-1	1.1492E1	5.4246E0	3.4376E6	
1899	-8.2336E-1	1.1492E1	5.4246E0	3.4376E6	
1900	-8.2336E-1	1.1492E1	5.4246E0	3.4376E6	
1901	-8.2336E-1	1.1492E1	5.4246E0	3.4376E6	
1902	-8.2336E-1	1.1492E1	5.4246E0	3.4376E6	
1903	-8.2336E-1	1.1492E1	5.4246E0	3.4376E6	
1904	-8.2336E-1	1.1492E1	5.4246E0	3.4376E6	
1905	-8.2336E-1	1.1492E1	5.4246E0	3.4376E6	
1906	-8.2336E-1	1.1492E1	5.4246E0	3.4376E6	
1907	-8.2336E-1	1.1492E1	5.4246E0	3.4376E6	
1908	-8.2336E-1	1.1492E1	5.4246E0	3.4376E6	
1909	-8.2336E-1	1.1492E1	5.4246E0	3.4376E6	
1910	-8.2336E-1	1.1492E1	5.4246E0	3.4376E6	
1911	-8.2336E-1	1.1492E1	5.4246E0	3.4376E6	
1912	-8.2336E-1	1.1492E1	5.4246E0	3.4376E6	
1913	-8.2336E-1	1.1492E1	5.4246E0	3.4376E6	
1914	-8.2336E-1	1.1492E1	5.4246E0	3.4376E6	
1915	-8.2336E-1	1.1492E1	5.4246E0	3.4376E6	
1916	-8.2336E-1	1.1492E1	5.4246E0	3.4376E6	
1917	-8.2336E-1	1.1492E1	5.4246E0	3.4376E6	
1918	-8.2336E-1	1.1492E1	5.4246E0	3.4376E6	
1919	-8.2336E-1	1.1492E1	5.4246E0	3.4376E6	
1920	-8.2336E-1	1.1492E1	5.4246E0	3.4376E6	
1921	-8.2336E-1	1.1492E1	5.4246E0	3.4376E6	
1922	-8.2336E-1	1.1492E1	5.4246E0	3.4376E6	
1923	-8.2336E-1	1.1492E1	5.4246E0	3.4376E6	
1924	-8.2336E-1	1.1492E1	5.4246E0	3.4376E6	
1925	-8.2336E-1	1.1492E1	5.4246E0	3.4376E6	
1926	-8.2336E-1	1.1492E1	5.4246E0	3.4376E6	
1927	-8.2336E-1	1.1492E1	5.4246E0	3.4376E6	
1928	-8.2336E-1	1.1492E1	5.4246E0	3.4376E6	
1929	-8.2336E-1	1.1492E1	5.4246E0	3.4376E6	
1930	-8.2336E-1	1.1492E1	5.4246E0	3.4376E6	
1931	-8.2336E-1	1.1492E1	5.4246E0	3.4376E6	
1932	-8.2336E-1	1.1492E1	5.4246E0	3.4376E6	
1933	-8.2336E-1	1.1492E1	5.4246E0	3.4376E6	
1934	-8.2336E-1	1.1492E1	5.4246E0	3.4376E6	
1935	-8.2336E-1	1.1492E1	5.4246E0	3.4376E6	
1936	-8.2336E-1	1.1492E1	5.4246E0	3.4376E6	
1937	-8.2336E-1	1.1492E1	5.4246E0	3.4376E6	
1938	-8.2336E-1	1.1492E1	5.4246E0	3.4376E6	
1939	-8.2336E-1	1.1492E1	5.4246E0	3.4376E6	
1940	-8.2336E-1	1.1492E1	5.4246E0	3.4376E6	
1941	-8.2336E-1	1.1492E1	5.4246E0	3.4376E6	
1942	-8.2336E-1	1.1492E1	5.4246E0	3.4376E6	
1943	-8.2336E-1	1.1492E1	5.4246E0	3.4376E6	
1944	-8.2336E-1	1.1492E1	5.4246E0	3.4376E6	
1945	-8.2336E-1	1.1492E1	5.4246E0	3.4376E6	
1946	-8.2336E-1	1.1492E1	5.4246E0	3.4376E6	
1947	-8.2336E-1	1.1492E1	5.4246E0	3.4376E6	
1948	-8.2336E-1	1.1492E1	5.4246E0	3.4376E6	
1949	-8.2336E-1	1.1492E1	5.4246E0	3.4376E6	
1950	-8.2336E-1	1.1492E1	5.4246E0	3.4376E6	
1951	-8.2336E-1	1.1492E1	5.4246E0	3.4376E6	
1952	-8.2336E-1	1.1492E1	5.4246E0	3.4376E6	
1953	-8.2336E-1	1.1492E1	5.4246E0	3.4376E6	
1954	-8.2336E-1	1.1492E1	5.4246E0	3.4376E6	
1955	-8.2336E-1	1.1492E1	5.4246E0	3.4376E6	
1956	-8.2336E-1	1.1492E1	5.4246E0	3.4376E6	
1957	-8.2336E-1	1.1492E1	5.4246E0	3.4376E6	
1958	-8.2336E-1	1.1492E1	5.4246E0	3.4376E6	
1959	-8.2336E-1	1.1492E1	5.4246E0	3.4376E6	
1960	-8.2336E-1	1.1492E1	5.4246E0	3.4376E6	
1961	-8.2336E-1	1.1492E1	5.4246E0	3.4376E6	
1962	-8.2336E-1	1.1492E1	5.4246E0	3.4376E6	
1963	-8.2336E-1	1.1492E1	5.4246E0	3.4376E6	
1964	-8.2336E-1	1.1492E1	5.4246E0	3.4376E6	
1965	-8.2336E-1	1.1492E1	5.4246E0	3.4376E6	
1966	-8.2336E-1	1.1492E1	5.4246E0	3.4376E6	
1967	-8.2336E-1	1.1492E1	5.4246E0	3.4376E6	
1968	-8.2336E-1	1.1492E1	5.4246E0	3.4376E6	
1969	-8.2336E-1	1.1492E1	5.4246E0	3.4376E6	
1970	-8.2336E-1	1.1492E1	5.4246E0	3.4376E6	
1971	-8.2336E-1	1.1492E1	5.4246E0	3.4376E6	
1972	-8.2336E-1	1.1492E1	5.4246E0	3.4376E6	
1973	-8.2336E-1	1.1492E1	5.4246E0	3.4376E6	
1974	-8.2336E-1	1.1492E1	5.4246E0	3.4376E6	
1975	-8.2336E-1	1.1492E1	5.4246E0	3.4376E6	
1976	-8.2336E-1	1.1492E1	5.4246E0	3.4376E6	
1977	-8.2336E-1	1.1492E1	5.4246E0	3.4376E6	
1978	-8.2336E-1	1.1492E1	5.4246E0	3.4376E6	
1979	-8.2336E-1	1.1492E1	5.4246E0	3.4376E6	
1980	-8.2336E-1	1.1492E1	5.4246E0	3.4376E6	
1981	-8.2336E-1	1.1492E1	5.4246E0	3.4376E6	
1982	-8.2336E-1	1.1492E1	5.4246E0	3.4376E6	
1983	-8.2336E-1	1.1492E1	5.4246E0	3.4376E6	
1984	-8.2336E-1	1.1492E1	5.4246E0	3.4376E6	
1985	-8.2336E-1	1.1492E1	5.4246E0	3.4376E6	
1986	-8.2336E-1	1.1492E1	5.4246E0	3.4376E6	
1987	-8.2336E-1	1.1492E1	5.4246E0	3.4376E6	
1988	-8.2336E-1	1.1492E1	5.4246E0	3.4376E6	
1989	-8.2336E-1	1.1492E1	5.4246E0	3.4376E6	
1990	-8.2336E-1	1.1492E1	5.4246E0	3.4376E6	
1991	-8.2336E-1	1.1492E1	5.4246E0	3.4376E6	
1992	-8.2336E-1	1.1492E1	5.4246E0	3.4376E6	
1993	-8.2336E-1	1.1492E1	5.4246E0	3.4376E6	
1994	-8.2336E-1	1.1492E1	5.4246E0	3.4376E6	
1995	-8.2336E-1	1.1492E1	5.4246E0	3.4376E6	
1996	-8.2336E-1	1.1492E1	5.4246E0	3.4376E6	
1997	-8.2336E-1	1.1492E1	5.4246E0	3.4376E6	
1998	-8.2336E-1	1.1492E1	5.4246E0	3.4376E6	
1999	-8.2336E-1	1.1492E1	5.4246E0	3.4376E6	
2000	-8.2336E-1	1.1492E1	5.4246E0	3.4376E6	
2001	-8.2336E-1	1.1492E1	5.4246E0	3.4376E6	
2002	-8.2336E-1	1.1492E1	5.4246E0	3.4376E6	
2003	-8.2336E-1	1.1492E1	5.4246E0	3.4376E6	
2004	-8.2336E-1	1.1492E1	5.4246E0	3.4376E6	
2005	-8.2336E-1	1.1492E1	5.4246E0	3.4376E6	
2006	-8.2336E-1	1.1492E1	5.4246E0	3.4376E6	
2007	-8.2336E-1	1.1492E1	5.4246E0	3.4376E6	
2008	-8.2336E-1	1.1492E1	5.4246E0	3.4376E6	
2009	-8.2336E-1	1.1492E1	5.4246E0	3.4376E6	
2010	-8.2336E-1	1.1492E1	5.4246E0	3.4376E6	
2011	-8.2336E-1	1.1492E1	5.4246E0	3.4376E6	
2012	-8.2336E-1	1.1492E1	5.4246E0	3.4376E6	
2013	-8.2336E-1	1.1492E1	5.4246E0	3.4376E6	
2014	-8.2336E-1	1.1492E1	5.4246E0	3.4376E6	
2015	-8.2336E-1	1.1492E1	5.4246E0	3.4376E6	
2016	-8.2336E-1	1.1492E1	5.4246E0	3.4376E6	
2017	-8.2336E-1	1.1492E1	5.4246E0	3.4376E6	
2018	-8.2336E-1	1.1492E1	5.4246E0	3.4376E6	
2019	-8.2336E-1	1.1492E1	5.4246E0	3.4376E6	
2020	-8.2336E-1	1.1492E1	5.4246E0	3.4376E6	
2021	-8.2336E-1	1.1492E1	5.4246E0	3.4376E6	
2022	-8.2336E-1	1.1492E1	5.4246E0	3.4376E6	
2023	-8.2336E-1	1.1492E1	5.4246E0	3.4376E6	
2024	-8.2336E-1	1.1492E1	5.4246E0	3.4376E6	
2025	-8.2336E-1	1.1492E1	5.4246E0	3.4376E6	
2026	-8.2336E-1	1.1492E1	5.4246E0	3.4376E6	
2027	-8.2336E-1	1.1492E1	5.4246E0	3.4376E6	
2028	-8.2336E-1	1.1492E1	5.4246E0	3.4376E6	
2029	-8.2336E-1	1.1492E1	5.4246E0	3.4376E6	
2030	-8.2336E-1	1.1492E1	5.4246E0	3.4376E6	
2031	-8.2336E-1	1.1492E1	5.4246E0	3.4376E6	
2032	-8.2336E-1	1.1492E1	5.4246E0	3.4376E6	
2033	-8.2336E-1	1.1492E1	5.4246E0	3.4376E6	
2034	-8.2336E-1	1.1492E1	5.4246E0	3.4376E6	
2035	-8.2336E-1	1.1492E1	5.4246E0	3.4376E6	
2036	-8.2336E-1	1.1492E1	5.4246E0	3.4376E6	
2037	-8.2336E-1	1.1492E1	5.4246E0	3.4376E6	
2038	-8.2336E-1	1.1492E1	5.4246E0	3.4376E6	
2039	-8.2336E-1	1.1492E1	5.4246E0	3.4376E6	
2040	-8.2336E-1	1.1492E1	5.4246E0	3.4376E6	
2041	-8.2336E-1	1.1492E1	5.4246E0	3.4376E6	
2042	-8.2336E-1	1.1492E1	5.4246E0	3.4376E6	
2043	-8.2336E-1	1.1492E1	5.4246E0	3.4376E6	
2044	-8.2336E-1	1.1492E1	5.4246E0	3.4376E6	
2045	-8.2336E-1	1.1492E1	5.4246E0	3.4376E6	
2046	-8.2336E-1	1.1492E1	5.4246E0	3.4376E6	
2047	-8.2336E-1	1.1492E1	5.4246E0	3.4376E6	
2048	-8.2336E-1	1.1492E1	5.4246E0	3.4376E6	
