point 121
Index	Vertical (A-B)	Force	Z Height	Time Stamp	
     	V	nN	?m	?sec	
1	-8.0292E-1	-1.0190E0	5.4035E0	1.2000E2	
2	-8.0315E-1	-1.3587E0	5.4021E0	2.3400E3	
3	-8.0322E-1	-1.4719E0	5.3994E0	4.5600E3	
4	-8.0360E-1	-2.0380E0	5.3963E0	6.7800E3	
5	-8.0383E-1	-2.3777E0	5.3928E0	9.0000E3	
6	-8.0147E-1	1.1323E0	5.3892E0	1.1220E4	
7	-8.0116E-1	1.5852E0	5.3854E0	1.3440E4	
8	-8.0299E-1	-1.1322E0	5.3815E0	1.5660E4	
9	-8.0200E-1	3.3973E-1	5.3775E0	1.7880E4	
10	-8.0132E-1	1.3588E0	5.3733E0	2.0100E4	
11	-8.0200E-1	3.3973E-1	5.3692E0	2.2320E4	
12	-7.9994E-1	3.3968E0	5.3649E0	2.4540E4	
13	-8.0254E-1	-4.5285E-1	5.3606E0	2.6760E4	
14	-8.0391E-1	-2.4909E0	5.3561E0	2.8980E4	
15	-7.9948E-1	4.0762E0	5.3517E0	3.1200E4	
16	-8.0200E-1	3.3973E-1	5.3472E0	3.3420E4	
17	-8.0109E-1	1.6984E0	5.3427E0	3.5640E4	
18	-8.0017E-1	3.0572E0	5.3382E0	3.7860E4	
19	-7.9971E-1	3.7365E0	5.3336E0	4.0080E4	
20	-8.0078E-1	2.1513E0	5.3290E0	4.2300E4	
21	-8.0238E-1	-2.2640E-1	5.3244E0	4.4520E4	
22	-8.0078E-1	2.1513E0	5.3197E0	4.6740E4	
23	-8.0101E-1	1.8117E0	5.3152E0	4.8960E4	
24	-7.9842E-1	5.6613E0	5.3104E0	5.1180E4	
25	-7.9750E-1	7.0201E0	5.3057E0	5.3400E4	
26	-8.0116E-1	1.5852E0	5.3009E0	5.5620E4	
27	-8.0055E-1	2.4910E0	5.2963E0	5.7840E4	
28	-7.9994E-1	3.3968E0	5.2915E0	6.0060E4	
29	-7.9796E-1	6.3407E0	5.2867E0	6.2280E4	
30	-8.0002E-1	3.2836E0	5.2818E0	6.4500E4	
31	-8.0002E-1	3.2836E0	5.2771E0	6.6720E4	
32	-7.9742E-1	7.1333E0	5.2723E0	6.8940E4	
33	-7.9887E-1	4.9820E0	5.2675E0	7.1160E4	
34	-7.9582E-1	9.5110E0	5.2626E0	7.3380E4	
35	-7.9788E-1	6.4539E0	5.2577E0	7.5600E4	
36	-7.9445E-1	1.1549E1	5.2529E0	7.7820E4	
37	-7.9544E-1	1.0077E1	5.2481E0	8.0040E4	
38	-7.9781E-1	6.5671E0	5.2432E0	8.2260E4	
39	-7.9597E-1	9.2846E0	5.2383E0	8.4480E4	
40	-7.9628E-1	8.8317E0	5.2334E0	8.6700E4	
41	-7.9483E-1	1.0983E1	5.2286E0	8.8920E4	
42	-7.9956E-1	3.9630E0	5.2236E0	9.1140E4	
43	-7.9605E-1	9.1713E0	5.2186E0	9.3360E4	
44	-7.9727E-1	7.3597E0	5.2137E0	9.5580E4	
45	-7.9613E-1	9.0581E0	5.2088E0	9.7800E4	
46	-7.9529E-1	1.0304E1	5.2038E0	1.0002E5	
47	-7.9620E-1	8.9449E0	5.1988E0	1.0224E5	
48	-7.9605E-1	9.1713E0	5.1938E0	1.0446E5	
49	-7.9468E-1	1.1209E1	5.1889E0	1.0668E5	
50	-7.9590E-1	9.3978E0	5.1839E0	1.0890E5	
51	-7.9620E-1	8.9449E0	5.1789E0	1.1112E5	
52	-7.9506E-1	1.0643E1	5.1739E0	1.1334E5	
53	-7.9506E-1	1.0643E1	5.1689E0	1.1556E5	
54	-7.9445E-1	1.1549E1	5.1638E0	1.1778E5	
55	-7.9514E-1	1.0530E1	5.1588E0	1.2000E5	
56	-7.9422E-1	1.1889E1	5.1537E0	1.2222E5	
57	-7.9445E-1	1.1549E1	5.1487E0	1.2444E5	
58	-7.9292E-1	1.3814E1	5.1437E0	1.2666E5	
59	-7.9292E-1	1.3814E1	5.1386E0	1.2888E5	
60	-7.9361E-1	1.2795E1	5.1335E0	1.3110E5	
61	-7.9422E-1	1.1889E1	5.1285E0	1.3332E5	
62	-7.9453E-1	1.1436E1	5.1233E0	1.3554E5	
63	-7.9361E-1	1.2795E1	5.1183E0	1.3776E5	
64	-7.9521E-1	1.0417E1	5.1131E0	1.3998E5	
65	-7.9491E-1	1.0870E1	5.1081E0	1.4220E5	
66	-7.9483E-1	1.0983E1	5.1029E0	1.4442E5	
67	-7.9170E-1	1.5625E1	5.0979E0	1.4664E5	
68	-7.9300E-1	1.3700E1	5.0927E0	1.4886E5	
69	-7.9216E-1	1.4946E1	5.0876E0	1.5108E5	
70	-7.9124E-1	1.6305E1	5.0824E0	1.5330E5	
71	-7.9247E-1	1.4493E1	5.0773E0	1.5552E5	
72	-7.9376E-1	1.2568E1	5.0722E0	1.5774E5	
73	-7.9216E-1	1.4946E1	5.0669E0	1.5996E5	
74	-7.9163E-1	1.5738E1	5.0618E0	1.6218E5	
75	-7.9086E-1	1.6871E1	5.0566E0	1.6440E5	
76	-7.9048E-1	1.7437E1	5.0514E0	1.6662E5	
77	-7.9102E-1	1.6644E1	5.0463E0	1.6884E5	
78	-7.9002E-1	1.8116E1	5.0411E0	1.7106E5	
79	-7.9041E-1	1.7550E1	5.0357E0	1.7328E5	
80	-7.9254E-1	1.4380E1	5.0307E0	1.7550E5	
81	-7.9369E-1	1.2681E1	5.0254E0	1.7772E5	
82	-7.9384E-1	1.2455E1	5.0202E0	1.7994E5	
83	-7.9155E-1	1.5852E1	5.0149E0	1.8216E5	
84	-7.9063E-1	1.7210E1	5.0097E0	1.8438E5	
85	-7.9178E-1	1.5512E1	5.0046E0	1.8660E5	
86	-7.8957E-1	1.8796E1	4.9993E0	1.8882E5	
87	-7.8712E-1	2.2419E1	4.9941E0	1.9104E5	
88	-7.9063E-1	1.7210E1	4.9887E0	1.9326E5	
89	-7.9056E-1	1.7324E1	4.9834E0	1.9548E5	
90	-7.9079E-1	1.6984E1	4.9783E0	1.9770E5	
91	-7.8987E-1	1.8343E1	4.9729E0	1.9992E5	
92	-7.8979E-1	1.8456E1	4.9677E0	2.0214E5	
93	-7.8865E-1	2.0154E1	4.9624E0	2.0436E5	
94	-7.8819E-1	2.0834E1	4.9571E0	2.0658E5	
95	-7.8789E-1	2.1286E1	4.9518E0	2.0880E5	
96	-7.8789E-1	2.1286E1	4.9465E0	2.1102E5	
97	-7.8766E-1	2.1626E1	4.9412E0	2.1324E5	
98	-7.8911E-1	1.9475E1	4.9359E0	2.1546E5	
99	-7.8583E-1	2.4344E1	4.9305E0	2.1768E5	
100	-7.8575E-1	2.4457E1	4.9253E0	2.1990E5	
101	-7.8743E-1	2.1966E1	4.9199E0	2.2212E5	
102	-7.8606E-1	2.4004E1	4.9146E0	2.2434E5	
103	-7.8697E-1	2.2645E1	4.9092E0	2.2656E5	
104	-7.8613E-1	2.3891E1	4.9039E0	2.2878E5	
105	-7.8789E-1	2.1286E1	4.8985E0	2.3100E5	
106	-7.8438E-1	2.6495E1	4.8933E0	2.3322E5	
107	-7.8636E-1	2.3551E1	4.8877E0	2.3544E5	
108	-7.8522E-1	2.5249E1	4.8824E0	2.3766E5	
109	-7.8690E-1	2.2758E1	4.8771E0	2.3988E5	
110	-7.8613E-1	2.3891E1	4.8717E0	2.4210E5	
111	-7.8674E-1	2.2985E1	4.8664E0	2.4432E5	
112	-7.8537E-1	2.5023E1	4.8609E0	2.4654E5	
113	-7.8552E-1	2.4796E1	4.8555E0	2.4876E5	
114	-7.8438E-1	2.6495E1	4.8502E0	2.5098E5	
115	-7.8598E-1	2.4117E1	4.8447E0	2.5320E5	
116	-7.8690E-1	2.2758E1	4.8394E0	2.5542E5	
117	-7.8522E-1	2.5249E1	4.8339E0	2.5764E5	
118	-7.8217E-1	2.9778E1	4.8285E0	2.5986E5	
119	-7.8651E-1	2.3325E1	4.8231E0	2.6208E5	
120	-7.8430E-1	2.6608E1	4.8177E0	2.6430E5	
121	-7.8308E-1	2.8420E1	4.8121E0	2.6652E5	
122	-7.8522E-1	2.5249E1	4.8067E0	2.6874E5	
123	-7.8400E-1	2.7061E1	4.8013E0	2.7096E5	
124	-7.8346E-1	2.7854E1	4.7958E0	2.7318E5	
125	-7.8300E-1	2.8533E1	4.7903E0	2.7540E5	
126	-7.8651E-1	2.3325E1	4.7850E0	2.7762E5	
127	-7.8339E-1	2.7967E1	4.7794E0	2.7984E5	
128	-7.8217E-1	2.9778E1	4.7739E0	2.8206E5	
129	-7.8270E-1	2.8986E1	4.7685E0	2.8428E5	
130	-7.8522E-1	2.5249E1	4.7630E0	2.8650E5	
131	-7.8094E-1	3.1590E1	4.7575E0	2.8872E5	
132	-7.8255E-1	2.9212E1	4.7519E0	2.9094E5	
133	-7.8247E-1	2.9326E1	4.7465E0	2.9316E5	
134	-7.8415E-1	2.6835E1	4.7409E0	2.9538E5	
135	-7.8331E-1	2.8080E1	4.7355E0	2.9760E5	
136	-7.8125E-1	3.1137E1	4.7300E0	2.9982E5	
137	-7.8087E-1	3.1703E1	4.7243E0	3.0204E5	
138	-7.7774E-1	3.6346E1	4.7189E0	3.0426E5	
139	-7.8117E-1	3.1250E1	4.7133E0	3.0648E5	
140	-7.8339E-1	2.7967E1	4.7078E0	3.0870E5	
141	-7.7995E-1	3.3062E1	4.7023E0	3.1092E5	
142	-7.8079E-1	3.1816E1	4.6967E0	3.1314E5	
143	-7.8117E-1	3.1250E1	4.6912E0	3.1536E5	
144	-7.7995E-1	3.3062E1	4.6856E0	3.1758E5	
145	-7.8140E-1	3.0911E1	4.6800E0	3.1980E5	
146	-7.7835E-1	3.5440E1	4.6743E0	3.2202E5	
147	-7.8056E-1	3.2156E1	4.6689E0	3.2424E5	
148	-7.7950E-1	3.3741E1	4.6632E0	3.2646E5	
149	-7.8140E-1	3.0911E1	4.6577E0	3.2868E5	
150	-7.7988E-1	3.3175E1	4.6520E0	3.3090E5	
151	-7.7705E-1	3.7365E1	4.6465E0	3.3312E5	
152	-7.8011E-1	3.2836E1	4.6409E0	3.3534E5	
153	-7.7873E-1	3.4874E1	4.6352E0	3.3756E5	
154	-7.7766E-1	3.6459E1	4.6295E0	3.3978E5	
155	-7.7896E-1	3.4534E1	4.6241E0	3.4200E5	
156	-7.7797E-1	3.6006E1	4.6183E0	3.4422E5	
157	-7.7957E-1	3.3628E1	4.6127E0	3.4644E5	
158	-7.7744E-1	3.6798E1	4.6070E0	3.4866E5	
159	-7.7728E-1	3.7025E1	4.6015E0	3.5088E5	
160	-7.7774E-1	3.6346E1	4.5957E0	3.5310E5	
161	-7.7690E-1	3.7591E1	4.5901E0	3.5532E5	
162	-7.7774E-1	3.6346E1	4.5844E0	3.5754E5	
163	-7.7759E-1	3.6572E1	4.5788E0	3.5976E5	
164	-7.7545E-1	3.9742E1	4.5731E0	3.6198E5	
165	-7.7545E-1	3.9742E1	4.5675E0	3.6420E5	
166	-7.7553E-1	3.9629E1	4.5619E0	3.6642E5	
167	-7.7675E-1	3.7817E1	4.5560E0	3.6864E5	
168	-7.7621E-1	3.8610E1	4.5504E0	3.7086E5	
169	-7.7545E-1	3.9742E1	4.5447E0	3.7308E5	
170	-7.7438E-1	4.1327E1	4.5389E0	3.7530E5	
171	-7.7339E-1	4.2799E1	4.5333E0	3.7752E5	
172	-7.7698E-1	3.7478E1	4.5276E0	3.7974E5	
173	-7.7629E-1	3.8497E1	4.5218E0	3.8196E5	
174	-7.7553E-1	3.9629E1	4.5161E0	3.8418E5	
175	-7.7461E-1	4.0988E1	4.5104E0	3.8640E5	
176	-7.7415E-1	4.1667E1	4.5046E0	3.8862E5	
177	-7.7415E-1	4.1667E1	4.4990E0	3.9084E5	
178	-7.7583E-1	3.9176E1	4.4932E0	3.9306E5	
179	-7.7499E-1	4.0422E1	4.4874E0	3.9528E5	
180	-7.7339E-1	4.2799E1	4.4818E0	3.9750E5	
181	-7.7316E-1	4.3139E1	4.4760E0	3.9972E5	
182	-7.7126E-1	4.5970E1	4.4702E0	4.0194E5	
183	-7.7423E-1	4.1554E1	4.4645E0	4.0416E5	
184	-7.7400E-1	4.1894E1	4.4587E0	4.0638E5	
185	-7.7362E-1	4.2460E1	4.4528E0	4.0860E5	
186	-7.7187E-1	4.5064E1	4.4471E0	4.1082E5	
187	-7.7454E-1	4.1101E1	4.4415E0	4.1304E5	
188	-7.7217E-1	4.4611E1	4.4355E0	4.1526E5	
189	-7.6988E-1	4.8008E1	4.4298E0	4.1748E5	
190	-7.7057E-1	4.6989E1	4.4240E0	4.1970E5	
191	-7.7217E-1	4.4611E1	4.4183E0	4.2192E5	
192	-7.7362E-1	4.2460E1	4.4123E0	4.2414E5	
193	-7.7316E-1	4.3139E1	4.4066E0	4.2636E5	
194	-7.7248E-1	4.4158E1	4.4007E0	4.2858E5	
195	-7.7156E-1	4.5517E1	4.3949E0	4.3080E5	
196	-7.7225E-1	4.4498E1	4.3891E0	4.3302E5	
197	-7.7293E-1	4.3479E1	4.3832E0	4.3524E5	
198	-7.7164E-1	4.5404E1	4.3774E0	4.3746E5	
199	-7.7171E-1	4.5290E1	4.3716E0	4.3968E5	
200	-7.6942E-1	4.8687E1	4.3657E0	4.4190E5	
201	-7.7240E-1	4.4271E1	4.3599E0	4.4412E5	
202	-7.6874E-1	4.9706E1	4.3541E0	4.4634E5	
203	-7.6935E-1	4.8800E1	4.3482E0	4.4856E5	
204	-7.6988E-1	4.8008E1	4.3423E0	4.5078E5	
205	-7.7003E-1	4.7781E1	4.3364E0	4.5300E5	
206	-7.6889E-1	4.9480E1	4.3306E0	4.5522E5	
207	-7.7034E-1	4.7328E1	4.3247E0	4.5744E5	
208	-7.7034E-1	4.7328E1	4.3189E0	4.5966E5	
209	-7.6790E-1	5.0952E1	4.3130E0	4.6188E5	
210	-7.6782E-1	5.1065E1	4.3070E0	4.6410E5	
211	-7.6721E-1	5.1971E1	4.3012E0	4.6632E5	
212	-7.6660E-1	5.2876E1	4.2953E0	4.6854E5	
213	-7.6851E-1	5.0046E1	4.2893E0	4.7076E5	
214	-7.6805E-1	5.0725E1	4.2835E0	4.7298E5	
215	-7.6714E-1	5.2084E1	4.2776E0	4.7520E5	
216	-7.6736E-1	5.1744E1	4.2716E0	4.7742E5	
217	-7.6584E-1	5.4009E1	4.2657E0	4.7964E5	
218	-7.6538E-1	5.4688E1	4.2598E0	4.8186E5	
219	-7.6759E-1	5.1405E1	4.2539E0	4.8408E5	
220	-7.6546E-1	5.4575E1	4.2480E0	4.8630E5	
221	-7.6424E-1	5.6386E1	4.2420E0	4.8852E5	
222	-7.6744E-1	5.1631E1	4.2361E0	4.9074E5	
223	-7.6279E-1	5.8538E1	4.2302E0	4.9296E5	
224	-7.6920E-1	4.9027E1	4.2241E0	4.9518E5	
225	-7.6660E-1	5.2876E1	4.2182E0	4.9740E5	
226	-7.6431E-1	5.6273E1	4.2123E0	4.9962E5	
227	-7.6279E-1	5.8538E1	4.2063E0	5.0184E5	
228	-7.6355E-1	5.7406E1	4.2003E0	5.0406E5	
229	-7.6477E-1	5.5594E1	4.1944E0	5.0628E5	
230	-7.6645E-1	5.3103E1	4.1884E0	5.0850E5	
231	-7.6294E-1	5.8311E1	4.1825E0	5.1072E5	
232	-7.6256E-1	5.8877E1	4.1765E0	5.1294E5	
233	-7.6462E-1	5.5820E1	4.1705E0	5.1516E5	
234	-7.6164E-1	6.0236E1	4.1646E0	5.1738E5	
235	-7.6424E-1	5.6386E1	4.1585E0	5.1960E5	
236	-7.6195E-1	5.9783E1	4.1525E0	5.2182E5	
237	-7.6401E-1	5.6726E1	4.1464E0	5.2404E5	
238	-7.6324E-1	5.7858E1	4.1404E0	5.2626E5	
239	-7.6164E-1	6.0236E1	4.1344E0	5.2848E5	
240	-7.6408E-1	5.6613E1	4.1284E0	5.3070E5	
241	-7.6263E-1	5.8764E1	4.1224E0	5.3292E5	
242	-7.5996E-1	6.2727E1	4.1165E0	5.3514E5	
243	-7.6050E-1	6.1935E1	4.1104E0	5.3736E5	
244	-7.6172E-1	6.0123E1	4.1043E0	5.3958E5	
245	-7.5829E-1	6.5218E1	4.0985E0	5.4180E5	
246	-7.6195E-1	5.9783E1	4.0923E0	5.4402E5	
247	-7.6012E-1	6.2501E1	4.0862E0	5.4624E5	
248	-7.6385E-1	5.6953E1	4.0802E0	5.4846E5	
249	-7.6141E-1	6.0576E1	4.0742E0	5.5068E5	
250	-7.5943E-1	6.3520E1	4.0682E0	5.5290E5	
251	-7.5874E-1	6.4539E1	4.0621E0	5.5512E5	
252	-7.6302E-1	5.8198E1	4.0560E0	5.5734E5	
253	-7.6172E-1	6.0123E1	4.0500E0	5.5956E5	
254	-7.6050E-1	6.1935E1	4.0439E0	5.6178E5	
255	-7.6050E-1	6.1935E1	4.0379E0	5.6400E5	
256	-7.5867E-1	6.4652E1	4.0317E0	5.6622E5	
257	-7.5706E-1	6.7030E1	4.0256E0	5.6844E5	
258	-7.5905E-1	6.4086E1	4.0196E0	5.7066E5	
259	-7.6027E-1	6.2274E1	4.0135E0	5.7288E5	
260	-7.5951E-1	6.3406E1	4.0074E0	5.7510E5	
261	-7.5867E-1	6.4652E1	4.0014E0	5.7732E5	
262	-7.5722E-1	6.6803E1	3.9951E0	5.7954E5	
263	-7.5806E-1	6.5558E1	3.9891E0	5.8176E5	
264	-7.5981E-1	6.2954E1	3.9831E0	5.8398E5	
265	-7.5752E-1	6.6350E1	3.9769E0	5.8620E5	
266	-7.5943E-1	6.3520E1	3.9707E0	5.8842E5	
267	-7.5790E-1	6.5784E1	3.9647E0	5.9064E5	
268	-7.5905E-1	6.4086E1	3.9585E0	5.9286E5	
269	-7.5500E-1	7.0087E1	3.9524E0	5.9508E5	
270	-7.5401E-1	7.1559E1	3.9462E0	5.9730E5	
271	-7.5653E-1	6.7822E1	3.9402E0	5.9952E5	
272	-7.5478E-1	7.0426E1	3.9340E0	6.0174E5	
273	-7.5554E-1	6.9294E1	3.9279E0	6.0396E5	
274	-7.5790E-1	6.5784E1	3.9216E0	6.0618E5	
275	-7.5539E-1	6.9521E1	3.9156E0	6.0840E5	
276	-7.5409E-1	7.1445E1	3.9094E0	6.1062E5	
277	-7.5592E-1	6.8728E1	3.9032E0	6.1284E5	
278	-7.5577E-1	6.8955E1	3.8971E0	6.1506E5	
279	-7.5554E-1	6.9294E1	3.8909E0	6.1728E5	
280	-7.5417E-1	7.1332E1	3.8847E0	6.1950E5	
281	-7.5180E-1	7.4842E1	3.8785E0	6.2172E5	
282	-7.5470E-1	7.0540E1	3.8723E0	6.2394E5	
283	-7.5256E-1	7.3710E1	3.8663E0	6.2616E5	
284	-7.5340E-1	7.2465E1	3.8600E0	6.2838E5	
285	-7.5279E-1	7.3370E1	3.8539E0	6.3060E5	
286	-7.5508E-1	6.9974E1	3.8476E0	6.3282E5	
287	-7.5523E-1	6.9747E1	3.8415E0	6.3504E5	
288	-7.5287E-1	7.3257E1	3.8353E0	6.3726E5	
289	-7.5157E-1	7.5182E1	3.8290E0	6.3948E5	
290	-7.5317E-1	7.2804E1	3.8229E0	6.4170E5	
291	-7.5310E-1	7.2917E1	3.8167E0	6.4392E5	
292	-7.5272E-1	7.3484E1	3.8104E0	6.4614E5	
293	-7.5241E-1	7.3936E1	3.8043E0	6.4836E5	
294	-7.5363E-1	7.2125E1	3.7980E0	6.5058E5	
295	-7.5089E-1	7.6201E1	3.7919E0	6.5280E5	
296	-7.5294E-1	7.3144E1	3.7856E0	6.5502E5	
297	-7.5104E-1	7.5975E1	3.7794E0	6.5724E5	
298	-7.5287E-1	7.3257E1	3.7731E0	6.5946E5	
299	-7.5089E-1	7.6201E1	3.7669E0	6.6168E5	
300	-7.4989E-1	7.7673E1	3.7606E0	6.6390E5	
301	-7.4875E-1	7.9371E1	3.7543E0	6.6612E5	
302	-7.4974E-1	7.7899E1	3.7480E0	6.6834E5	
303	-7.4936E-1	7.8465E1	3.7419E0	6.7056E5	
304	-7.5150E-1	7.5295E1	3.7356E0	6.7278E5	
305	-7.5157E-1	7.5182E1	3.7293E0	6.7500E5	
306	-7.4799E-1	8.0504E1	3.7231E0	6.7722E5	
307	-7.4913E-1	7.8805E1	3.7168E0	6.7944E5	
308	-7.5020E-1	7.7220E1	3.7106E0	6.8166E5	
309	-7.4890E-1	7.9145E1	3.7043E0	6.8388E5	
310	-7.4890E-1	7.9145E1	3.6980E0	6.8610E5	
311	-7.4936E-1	7.8465E1	3.6917E0	6.8832E5	
312	-7.4989E-1	7.7673E1	3.6853E0	6.9054E5	
313	-7.4944E-1	7.8352E1	3.6791E0	6.9276E5	
314	-7.4913E-1	7.8805E1	3.6728E0	6.9498E5	
315	-7.5012E-1	7.7333E1	3.6665E0	6.9720E5	
316	-7.4623E-1	8.3108E1	3.6602E0	6.9942E5	
317	-7.4898E-1	7.9032E1	3.6539E0	7.0164E5	
318	-7.4860E-1	7.9598E1	3.6475E0	7.0386E5	
319	-7.4806E-1	8.0390E1	3.6413E0	7.0608E5	
320	-7.4883E-1	7.9258E1	3.6350E0	7.0830E5	
321	-7.4821E-1	8.0164E1	3.6286E0	7.1052E5	
322	-7.4806E-1	8.0390E1	3.6223E0	7.1274E5	
323	-7.4623E-1	8.3108E1	3.6161E0	7.1496E5	
324	-7.4814E-1	8.0277E1	3.6096E0	7.1718E5	
325	-7.4730E-1	8.1523E1	3.6032E0	7.1940E5	
326	-7.4593E-1	8.3561E1	3.5970E0	7.2162E5	
327	-7.4638E-1	8.2881E1	3.5906E0	7.2384E5	
328	-7.4547E-1	8.4240E1	3.5842E0	7.2606E5	
329	-7.4654E-1	8.2655E1	3.5780E0	7.2828E5	
330	-7.4463E-1	8.5485E1	3.5716E0	7.3050E5	
331	-7.4493E-1	8.5033E1	3.5652E0	7.3272E5	
332	-7.4448E-1	8.5712E1	3.5589E0	7.3494E5	
333	-7.4417E-1	8.6165E1	3.5526E0	7.3716E5	
334	-7.4432E-1	8.5938E1	3.5463E0	7.3938E5	
335	-7.4455E-1	8.5599E1	3.5399E0	7.4160E5	
336	-7.4554E-1	8.4127E1	3.5335E0	7.4382E5	
337	-7.4471E-1	8.5372E1	3.5271E0	7.4604E5	
338	-7.4387E-1	8.6618E1	3.5207E0	7.4826E5	
339	-7.3898E-1	9.3864E1	3.5143E0	7.5048E5	
340	-7.4440E-1	8.5825E1	3.5079E0	7.5270E5	
341	-7.4196E-1	8.9448E1	3.5016E0	7.5492E5	
342	-7.4333E-1	8.7410E1	3.4952E0	7.5714E5	
343	-7.4226E-1	8.8995E1	3.4888E0	7.5936E5	
344	-7.4310E-1	8.7750E1	3.4824E0	7.6158E5	
345	-7.4432E-1	8.5938E1	3.4759E0	7.6380E5	
346	-7.4142E-1	9.0241E1	3.4695E0	7.6602E5	
347	-7.4341E-1	8.7297E1	3.4631E0	7.6824E5	
348	-7.4219E-1	8.9109E1	3.4568E0	7.7046E5	
349	-7.4303E-1	8.7863E1	3.4503E0	7.7268E5	
350	-7.4104E-1	9.0807E1	3.4439E0	7.7490E5	
351	-7.4112E-1	9.0694E1	3.4375E0	7.7712E5	
352	-7.4120E-1	9.0581E1	3.4310E0	7.7934E5	
353	-7.3990E-1	9.2505E1	3.4246E0	7.8156E5	
354	-7.4242E-1	8.8769E1	3.4182E0	7.8378E5	
355	-7.4059E-1	9.1486E1	3.4118E0	7.8600E5	
356	-7.3997E-1	9.2392E1	3.4053E0	7.8822E5	
357	-7.3631E-1	9.7827E1	3.3989E0	7.9044E5	
358	-7.3814E-1	9.5110E1	3.3924E0	7.9266E5	
359	-7.3730E-1	9.6355E1	3.3860E0	7.9488E5	
360	-7.3891E-1	9.3977E1	3.3795E0	7.9710E5	
361	-7.4013E-1	9.2166E1	3.3730E0	7.9932E5	
362	-7.3875E-1	9.4204E1	3.3666E0	8.0154E5	
363	-7.3746E-1	9.6129E1	3.3602E0	8.0376E5	
364	-7.3822E-1	9.4996E1	3.3537E0	8.0598E5	
365	-7.3875E-1	9.4204E1	3.3473E0	8.0820E5	
366	-7.3654E-1	9.7487E1	3.3407E0	8.1042E5	
367	-7.3860E-1	9.4430E1	3.3343E0	8.1264E5	
368	-7.3730E-1	9.6355E1	3.3279E0	8.1486E5	
369	-7.3517E-1	9.9525E1	3.3213E0	8.1708E5	
370	-7.3555E-1	9.8959E1	3.3148E0	8.1930E5	
371	-7.3616E-1	9.8054E1	3.3083E0	8.2152E5	
372	-7.3792E-1	9.5449E1	3.3018E0	8.2374E5	
373	-7.3776E-1	9.5676E1	3.2953E0	8.2596E5	
374	-7.3570E-1	9.8733E1	3.2888E0	8.2818E5	
375	-7.3380E-1	1.0156E2	3.2824E0	8.3040E5	
376	-7.3517E-1	9.9525E1	3.2759E0	8.3262E5	
377	-7.3578E-1	9.8620E1	3.2695E0	8.3484E5	
378	-7.3578E-1	9.8620E1	3.2628E0	8.3706E5	
379	-7.3723E-1	9.6468E1	3.2563E0	8.3928E5	
380	-7.3433E-1	1.0077E2	3.2498E0	8.4150E5	
381	-7.3456E-1	1.0043E2	3.2432E0	8.4372E5	
382	-7.3471E-1	1.0020E2	3.2368E0	8.4594E5	
383	-7.3410E-1	1.0111E2	3.2302E0	8.4816E5	
384	-7.3387E-1	1.0145E2	3.2237E0	8.5038E5	
385	-7.3486E-1	9.9978E1	3.2172E0	8.5260E5	
386	-7.3479E-1	1.0009E2	3.2107E0	8.5482E5	
387	-7.3341E-1	1.0213E2	3.2041E0	8.5704E5	
388	-7.3326E-1	1.0236E2	3.1976E0	8.5926E5	
389	-7.3456E-1	1.0043E2	3.1911E0	8.6148E5	
390	-7.3418E-1	1.0100E2	3.1845E0	8.6370E5	
391	-7.3204E-1	1.0417E2	3.1779E0	8.6592E5	
392	-7.3212E-1	1.0405E2	3.1713E0	8.6814E5	
393	-7.3303E-1	1.0270E2	3.1648E0	8.7036E5	
394	-7.3174E-1	1.0462E2	3.1583E0	8.7258E5	
395	-7.3242E-1	1.0360E2	3.1517E0	8.7480E5	
396	-7.3235E-1	1.0371E2	3.1451E0	8.7702E5	
397	-7.3273E-1	1.0315E2	3.1385E0	8.7924E5	
398	-7.3120E-1	1.0541E2	3.1319E0	8.8146E5	
399	-7.3212E-1	1.0405E2	3.1253E0	8.8368E5	
400	-7.3227E-1	1.0383E2	3.1189E0	8.8590E5	
401	-7.2990E-1	1.0734E2	3.1122E0	8.8812E5	
402	-7.2800E-1	1.1017E2	3.1057E0	8.9034E5	
403	-7.2983E-1	1.0745E2	3.0991E0	8.9256E5	
404	-7.2990E-1	1.0734E2	3.0925E0	8.9478E5	
405	-7.2884E-1	1.0892E2	3.0859E0	8.9700E5	
406	-7.2876E-1	1.0904E2	3.0793E0	8.9922E5	
407	-7.3013E-1	1.0700E2	3.0728E0	9.0144E5	
408	-7.2800E-1	1.1017E2	3.0661E0	9.0366E5	
409	-7.2884E-1	1.0892E2	3.0595E0	9.0588E5	
410	-7.2853E-1	1.0938E2	3.0529E0	9.0810E5	
411	-7.2845E-1	1.0949E2	3.0463E0	9.1032E5	
412	-7.2716E-1	1.1141E2	3.0396E0	9.1254E5	
413	-7.2784E-1	1.1040E2	3.0330E0	9.1476E5	
414	-7.2998E-1	1.0722E2	3.0265E0	9.1698E5	
415	-7.2662E-1	1.1221E2	3.0197E0	9.1920E5	
416	-7.2952E-1	1.0790E2	3.0132E0	9.2142E5	
417	-7.2601E-1	1.1311E2	3.0065E0	9.2364E5	
418	-7.2563E-1	1.1368E2	2.9999E0	9.2586E5	
419	-7.2708E-1	1.1153E2	2.9932E0	9.2808E5	
420	-7.2685E-1	1.1187E2	2.9865E0	9.3030E5	
421	-7.2716E-1	1.1141E2	2.9799E0	9.3252E5	
422	-7.2670E-1	1.1209E2	2.9733E0	9.3474E5	
423	-7.2754E-1	1.1085E2	2.9667E0	9.3696E5	
424	-7.2319E-1	1.1730E2	2.9600E0	9.3918E5	
425	-7.2769E-1	1.1062E2	2.9533E0	9.4140E5	
426	-7.2540E-1	1.1402E2	2.9467E0	9.4362E5	
427	-7.2571E-1	1.1357E2	2.9400E0	9.4584E5	
428	-7.2350E-1	1.1685E2	2.9334E0	9.4806E5	
429	-7.2311E-1	1.1742E2	2.9268E0	9.5028E5	
430	-7.2281E-1	1.1787E2	2.9200E0	9.5250E5	
431	-7.2510E-1	1.1447E2	2.9134E0	9.5472E5	
432	-7.2212E-1	1.1889E2	2.9067E0	9.5694E5	
433	-7.2205E-1	1.1900E2	2.9000E0	9.5916E5	
434	-7.2289E-1	1.1775E2	2.8934E0	9.6138E5	
435	-7.2250E-1	1.1832E2	2.8867E0	9.6360E5	
436	-7.2319E-1	1.1730E2	2.8800E0	9.6582E5	
437	-7.2098E-1	1.2059E2	2.8733E0	9.6804E5	
438	-7.2281E-1	1.1787E2	2.8666E0	9.7026E5	
439	-7.2418E-1	1.1583E2	2.8599E0	9.7248E5	
440	-7.2235E-1	1.1855E2	2.8532E0	9.7470E5	
441	-7.2205E-1	1.1900E2	2.8465E0	9.7692E5	
442	-7.2220E-1	1.1877E2	2.8398E0	9.7914E5	
443	-7.2021E-1	1.2172E2	2.8331E0	9.8136E5	
444	-7.2205E-1	1.1900E2	2.8265E0	9.8358E5	
445	-7.2174E-1	1.1945E2	2.8197E0	9.8580E5	
446	-7.2128E-1	1.2013E2	2.8129E0	9.8802E5	
447	-7.2037E-1	1.2149E2	2.8063E0	9.9024E5	
448	-7.2090E-1	1.2070E2	2.7995E0	9.9246E5	
449	-7.2029E-1	1.2160E2	2.7928E0	9.9468E5	
450	-7.2052E-1	1.2126E2	2.7861E0	9.9690E5	
451	-7.1793E-1	1.2511E2	2.7794E0	9.9912E5	
452	-7.1823E-1	1.2466E2	2.7727E0	1.0013E6	
453	-7.1976E-1	1.2240E2	2.7659E0	1.0036E6	
454	-7.1960E-1	1.2262E2	2.7592E0	1.0058E6	
455	-7.1823E-1	1.2466E2	2.7524E0	1.0080E6	
456	-7.1655E-1	1.2715E2	2.7457E0	1.0102E6	
457	-7.1892E-1	1.2364E2	2.7389E0	1.0124E6	
458	-7.1655E-1	1.2715E2	2.7322E0	1.0147E6	
459	-7.1922E-1	1.2319E2	2.7255E0	1.0169E6	
460	-7.1739E-1	1.2591E2	2.7187E0	1.0191E6	
461	-7.2105E-1	1.2047E2	2.7119E0	1.0213E6	
462	-7.1587E-1	1.2817E2	2.7053E0	1.0235E6	
463	-7.1762E-1	1.2557E2	2.6985E0	1.0258E6	
464	-7.1640E-1	1.2738E2	2.6917E0	1.0280E6	
465	-7.1754E-1	1.2568E2	2.6849E0	1.0302E6	
466	-7.1609E-1	1.2783E2	2.6782E0	1.0324E6	
467	-7.1800E-1	1.2500E2	2.6713E0	1.0346E6	
468	-7.1602E-1	1.2795E2	2.6646E0	1.0369E6	
469	-7.1442E-1	1.3032E2	2.6578E0	1.0391E6	
470	-7.1602E-1	1.2795E2	2.6511E0	1.0413E6	
471	-7.1457E-1	1.3010E2	2.6442E0	1.0435E6	
472	-7.1510E-1	1.2930E2	2.6375E0	1.0457E6	
473	-7.1655E-1	1.2715E2	2.6307E0	1.0480E6	
474	-7.1579E-1	1.2828E2	2.6239E0	1.0502E6	
475	-7.1548E-1	1.2874E2	2.6171E0	1.0524E6	
476	-7.1404E-1	1.3089E2	2.6103E0	1.0546E6	
477	-7.1503E-1	1.2942E2	2.6035E0	1.0568E6	
478	-7.1312E-1	1.3225E2	2.5968E0	1.0591E6	
479	-7.1327E-1	1.3202E2	2.5898E0	1.0613E6	
480	-7.1243E-1	1.3327E2	2.5831E0	1.0635E6	
481	-7.1426E-1	1.3055E2	2.5762E0	1.0657E6	
482	-7.1663E-1	1.2704E2	2.5695E0	1.0679E6	
483	-7.1518E-1	1.2919E2	2.5627E0	1.0702E6	
484	-7.1373E-1	1.3134E2	2.5559E0	1.0724E6	
485	-7.1411E-1	1.3078E2	2.5491E0	1.0746E6	
486	-7.1083E-1	1.3564E2	2.5423E0	1.0768E6	
487	-7.1152E-1	1.3463E2	2.5355E0	1.0790E6	
488	-7.1289E-1	1.3259E2	2.5286E0	1.0813E6	
489	-7.1037E-1	1.3632E2	2.5218E0	1.0835E6	
490	-7.1144E-1	1.3474E2	2.5149E0	1.0857E6	
491	-7.1068E-1	1.3587E2	2.5081E0	1.0879E6	
492	-7.1068E-1	1.3587E2	2.5014E0	1.0901E6	
493	-7.1007E-1	1.3678E2	2.4944E0	1.0924E6	
494	-7.0877E-1	1.3870E2	2.4876E0	1.0946E6	
495	-7.0869E-1	1.3881E2	2.4808E0	1.0968E6	
496	-7.1060E-1	1.3598E2	2.4739E0	1.0990E6	
497	-7.0854E-1	1.3904E2	2.4671E0	1.1012E6	
498	-7.1136E-1	1.3485E2	2.4603E0	1.1035E6	
499	-7.1098E-1	1.3542E2	2.4533E0	1.1057E6	
500	-7.1121E-1	1.3508E2	2.4465E0	1.1079E6	
501	-7.0808E-1	1.3972E2	2.4396E0	1.1101E6	
502	-7.0854E-1	1.3904E2	2.4328E0	1.1123E6	
503	-7.0663E-1	1.4187E2	2.4259E0	1.1146E6	
504	-7.0831E-1	1.3938E2	2.4192E0	1.1168E6	
505	-7.0915E-1	1.3814E2	2.4122E0	1.1190E6	
506	-7.0786E-1	1.4006E2	2.4053E0	1.1212E6	
507	-7.0793E-1	1.3995E2	2.3986E0	1.1234E6	
508	-7.0595E-1	1.4289E2	2.3917E0	1.1257E6	
509	-7.0633E-1	1.4232E2	2.3848E0	1.1279E6	
510	-7.0702E-1	1.4131E2	2.3779E0	1.1301E6	
511	-7.0824E-1	1.3949E2	2.3709E0	1.1323E6	
512	-7.0656E-1	1.4199E2	2.3642E0	1.1345E6	
513	-7.0618E-1	1.4255E2	2.3572E0	1.1368E6	
514	-7.0587E-1	1.4300E2	2.3504E0	1.1390E6	
515	-7.0511E-1	1.4414E2	2.3434E0	1.1412E6	
516	-7.0496E-1	1.4436E2	2.3366E0	1.1434E6	
517	-7.0732E-1	1.4085E2	2.3296E0	1.1456E6	
518	-7.0518E-1	1.4402E2	2.3227E0	1.1479E6	
519	-7.0328E-1	1.4685E2	2.3159E0	1.1501E6	
520	-7.0351E-1	1.4651E2	2.3089E0	1.1523E6	
521	-7.0312E-1	1.4708E2	2.3021E0	1.1545E6	
522	-7.0427E-1	1.4538E2	2.2952E0	1.1567E6	
523	-7.0427E-1	1.4538E2	2.2882E0	1.1590E6	
524	-7.0290E-1	1.4742E2	2.2814E0	1.1612E6	
525	-7.0473E-1	1.4470E2	2.2744E0	1.1634E6	
526	-7.0251E-1	1.4799E2	2.2674E0	1.1656E6	
527	-7.0122E-1	1.4991E2	2.2605E0	1.1678E6	
528	-7.0305E-1	1.4719E2	2.2536E0	1.1701E6	
529	-7.0435E-1	1.4527E2	2.2467E0	1.1723E6	
530	-7.0168E-1	1.4923E2	2.2398E0	1.1745E6	
531	-7.0198E-1	1.4878E2	2.2330E0	1.1767E6	
532	-7.0290E-1	1.4742E2	2.2260E0	1.1789E6	
533	-7.0000E-1	1.5172E2	2.2191E0	1.1812E6	
534	-6.9923E-1	1.5285E2	2.2122E0	1.1834E6	
535	-7.0053E-1	1.5093E2	2.2053E0	1.1856E6	
536	-7.0053E-1	1.5093E2	2.1982E0	1.1878E6	
537	-6.9946E-1	1.5252E2	2.1913E0	1.1900E6	
538	-7.0099E-1	1.5025E2	2.1844E0	1.1923E6	
539	-7.0160E-1	1.4934E2	2.1774E0	1.1945E6	
540	-6.9855E-1	1.5387E2	2.1706E0	1.1967E6	
541	-6.9923E-1	1.5285E2	2.1637E0	1.1989E6	
542	-6.9839E-1	1.5410E2	2.1566E0	1.2011E6	
543	-6.9885E-1	1.5342E2	2.1497E0	1.2034E6	
544	-6.9817E-1	1.5444E2	2.1427E0	1.2056E6	
545	-6.9855E-1	1.5387E2	2.1358E0	1.2078E6	
546	-6.9824E-1	1.5433E2	2.1288E0	1.2100E6	
547	-6.9939E-1	1.5263E2	2.1219E0	1.2122E6	
548	-6.9962E-1	1.5229E2	2.1149E0	1.2145E6	
549	-6.9748E-1	1.5546E2	2.1080E0	1.2167E6	
550	-6.9580E-1	1.5795E2	2.1010E0	1.2189E6	
551	-6.9595E-1	1.5772E2	2.0939E0	1.2211E6	
552	-6.9420E-1	1.6033E2	2.0870E0	1.2233E6	
553	-6.9534E-1	1.5863E2	2.0800E0	1.2256E6	
554	-6.9519E-1	1.5886E2	2.0731E0	1.2278E6	
555	-6.9588E-1	1.5784E2	2.0661E0	1.2300E6	
556	-6.9748E-1	1.5546E2	2.0592E0	1.2322E6	
557	-6.9763E-1	1.5523E2	2.0523E0	1.2344E6	
558	-6.9695E-1	1.5625E2	2.0451E0	1.2367E6	
559	-6.9672E-1	1.5659E2	2.0382E0	1.2389E6	
560	-6.9489E-1	1.5931E2	2.0313E0	1.2411E6	
561	-6.9336E-1	1.6157E2	2.0242E0	1.2433E6	
562	-6.9527E-1	1.5874E2	2.0173E0	1.2455E6	
563	-6.9412E-1	1.6044E2	2.0103E0	1.2478E6	
564	-6.9534E-1	1.5863E2	2.0032E0	1.2500E6	
565	-6.9389E-1	1.6078E2	1.9963E0	1.2522E6	
566	-6.9511E-1	1.5897E2	1.9893E0	1.2544E6	
567	-6.9336E-1	1.6157E2	1.9823E0	1.2566E6	
568	-6.9260E-1	1.6271E2	1.9753E0	1.2589E6	
569	-6.9160E-1	1.6418E2	1.9683E0	1.2611E6	
570	-6.9321E-1	1.6180E2	1.9613E0	1.2633E6	
571	-6.9290E-1	1.6225E2	1.9542E0	1.2655E6	
572	-6.9389E-1	1.6078E2	1.9473E0	1.2677E6	
573	-6.9237E-1	1.6305E2	1.9403E0	1.2700E6	
574	-6.9344E-1	1.6146E2	1.9333E0	1.2722E6	
575	-6.9221E-1	1.6327E2	1.9264E0	1.2744E6	
576	-6.8962E-1	1.6712E2	1.9192E0	1.2766E6	
577	-6.9145E-1	1.6440E2	1.9122E0	1.2788E6	
578	-6.8962E-1	1.6712E2	1.9052E0	1.2811E6	
579	-6.9069E-1	1.6554E2	1.8981E0	1.2833E6	
580	-6.8916E-1	1.6780E2	1.8912E0	1.2855E6	
581	-6.9206E-1	1.6350E2	1.8842E0	1.2877E6	
582	-6.8993E-1	1.6667E2	1.8772E0	1.2899E6	
583	-6.8962E-1	1.6712E2	1.8701E0	1.2922E6	
584	-6.8871E-1	1.6848E2	1.8631E0	1.2944E6	
585	-6.9199E-1	1.6361E2	1.8561E0	1.2966E6	
586	-6.8962E-1	1.6712E2	1.8491E0	1.2988E6	
587	-6.8901E-1	1.6803E2	1.8421E0	1.3010E6	
588	-6.8825E-1	1.6916E2	1.8350E0	1.3033E6	
589	-6.8886E-1	1.6825E2	1.8280E0	1.3055E6	
590	-6.8893E-1	1.6814E2	1.8209E0	1.3077E6	
591	-6.8924E-1	1.6769E2	1.8138E0	1.3099E6	
592	-6.8764E-1	1.7007E2	1.8069E0	1.3121E6	
593	-6.8748E-1	1.7029E2	1.7998E0	1.3144E6	
594	-6.8748E-1	1.7029E2	1.7928E0	1.3166E6	
595	-6.8657E-1	1.7165E2	1.7858E0	1.3188E6	
596	-6.8581E-1	1.7278E2	1.7786E0	1.3210E6	
597	-6.8558E-1	1.7312E2	1.7715E0	1.3232E6	
598	-6.8993E-1	1.6667E2	1.7646E0	1.3255E6	
599	-6.8771E-1	1.6995E2	1.7575E0	1.3277E6	
600	-6.8642E-1	1.7188E2	1.7505E0	1.3299E6	
601	-6.8573E-1	1.7290E2	1.7434E0	1.3321E6	
602	-6.8649E-1	1.7176E2	1.7364E0	1.3343E6	
603	-6.8443E-1	1.7482E2	1.7294E0	1.3366E6	
604	-6.8565E-1	1.7301E2	1.7223E0	1.3388E6	
605	-6.8504E-1	1.7391E2	1.7152E0	1.3410E6	
606	-6.8665E-1	1.7154E2	1.7082E0	1.3432E6	
607	-6.8550E-1	1.7324E2	1.7011E0	1.3454E6	
608	-6.8481E-1	1.7425E2	1.6940E0	1.3477E6	
609	-6.8375E-1	1.7584E2	1.6869E0	1.3499E6	
610	-6.8436E-1	1.7493E2	1.6799E0	1.3521E6	
611	-6.8405E-1	1.7539E2	1.6729E0	1.3543E6	
612	-6.8604E-1	1.7244E2	1.6659E0	1.3565E6	
613	-6.8474E-1	1.7437E2	1.6588E0	1.3588E6	
614	-6.8336E-1	1.7641E2	1.6517E0	1.3610E6	
615	-6.8253E-1	1.7765E2	1.6445E0	1.3632E6	
616	-6.8138E-1	1.7935E2	1.6376E0	1.3654E6	
617	-6.8161E-1	1.7901E2	1.6304E0	1.3676E6	
618	-6.8367E-1	1.7595E2	1.6234E0	1.3699E6	
619	-6.8100E-1	1.7992E2	1.6164E0	1.3721E6	
620	-6.8237E-1	1.7788E2	1.6092E0	1.3743E6	
621	-6.8481E-1	1.7425E2	1.6022E0	1.3765E6	
622	-6.8115E-1	1.7969E2	1.5951E0	1.3787E6	
623	-6.8245E-1	1.7776E2	1.5880E0	1.3810E6	
624	-6.7818E-1	1.8411E2	1.5810E0	1.3832E6	
625	-6.8130E-1	1.7946E2	1.5739E0	1.3854E6	
626	-6.8100E-1	1.7992E2	1.5668E0	1.3876E6	
627	-6.7940E-1	1.8229E2	1.5597E0	1.3898E6	
628	-6.8192E-1	1.7856E2	1.5525E0	1.3921E6	
629	-6.7833E-1	1.8388E2	1.5455E0	1.3943E6	
630	-6.8039E-1	1.8082E2	1.5384E0	1.3965E6	
631	-6.7902E-1	1.8286E2	1.5313E0	1.3987E6	
632	-6.7940E-1	1.8229E2	1.5242E0	1.4009E6	
633	-6.7841E-1	1.8377E2	1.5172E0	1.4032E6	
634	-6.8039E-1	1.8082E2	1.5101E0	1.4054E6	
635	-6.8077E-1	1.8026E2	1.5029E0	1.4076E6	
636	-6.8016E-1	1.8116E2	1.4959E0	1.4098E6	
637	-6.7741E-1	1.8524E2	1.4887E0	1.4120E6	
638	-6.7680E-1	1.8614E2	1.4817E0	1.4143E6	
639	-6.7703E-1	1.8580E2	1.4745E0	1.4165E6	
640	-6.7780E-1	1.8467E2	1.4675E0	1.4187E6	
641	-6.7741E-1	1.8524E2	1.4604E0	1.4209E6	
642	-6.7741E-1	1.8524E2	1.4533E0	1.4231E6	
643	-6.7604E-1	1.8728E2	1.4461E0	1.4254E6	
644	-6.7673E-1	1.8626E2	1.4390E0	1.4276E6	
645	-6.7360E-1	1.9090E2	1.4320E0	1.4298E6	
646	-6.7688E-1	1.8603E2	1.4249E0	1.4320E6	
647	-6.7581E-1	1.8762E2	1.4178E0	1.4342E6	
648	-6.7657E-1	1.8648E2	1.4106E0	1.4365E6	
649	-6.7574E-1	1.8773E2	1.4036E0	1.4387E6	
650	-6.7436E-1	1.8977E2	1.3964E0	1.4409E6	
651	-6.7558E-1	1.8795E2	1.3894E0	1.4431E6	
652	-6.7543E-1	1.8818E2	1.3823E0	1.4453E6	
653	-6.7177E-1	1.9362E2	1.3750E0	1.4476E6	
654	-6.7398E-1	1.9033E2	1.3680E0	1.4498E6	
655	-6.7215E-1	1.9305E2	1.3608E0	1.4520E6	
656	-6.7291E-1	1.9192E2	1.3538E0	1.4542E6	
657	-6.7238E-1	1.9271E2	1.3466E0	1.4564E6	
658	-6.7413E-1	1.9011E2	1.3394E0	1.4587E6	
659	-6.7245E-1	1.9260E2	1.3324E0	1.4609E6	
660	-6.7047E-1	1.9554E2	1.3252E0	1.4631E6	
661	-6.7146E-1	1.9407E2	1.3181E0	1.4653E6	
662	-6.7268E-1	1.9226E2	1.3111E0	1.4675E6	
663	-6.7017E-1	1.9599E2	1.3039E0	1.4698E6	
664	-6.7131E-1	1.9430E2	1.2968E0	1.4720E6	
665	-6.7162E-1	1.9384E2	1.2897E0	1.4742E6	
666	-6.7078E-1	1.9509E2	1.2826E0	1.4764E6	
667	-6.7245E-1	1.9260E2	1.2755E0	1.4786E6	
668	-6.7032E-1	1.9577E2	1.2684E0	1.4809E6	
669	-6.7062E-1	1.9531E2	1.2612E0	1.4831E6	
670	-6.7261E-1	1.9237E2	1.2542E0	1.4853E6	
671	-6.7032E-1	1.9577E2	1.2470E0	1.4875E6	
672	-6.6818E-1	1.9894E2	1.2399E0	1.4897E6	
673	-6.6933E-1	1.9724E2	1.2327E0	1.4920E6	
674	-6.7085E-1	1.9497E2	1.2257E0	1.4942E6	
675	-6.6849E-1	1.9848E2	1.2186E0	1.4964E6	
676	-6.6887E-1	1.9792E2	1.2114E0	1.4986E6	
677	-6.7032E-1	1.9577E2	1.2043E0	1.5008E6	
678	-6.7024E-1	1.9588E2	1.1972E0	1.5031E6	
679	-6.6658E-1	2.0132E2	1.1900E0	1.5053E6	
680	-6.7070E-1	1.9520E2	1.1829E0	1.5075E6	
681	-6.6841E-1	1.9860E2	1.1757E0	1.5097E6	
682	-6.6841E-1	1.9860E2	1.1686E0	1.5119E6	
683	-6.6765E-1	1.9973E2	1.1615E0	1.5142E6	
684	-6.6650E-1	2.0143E2	1.1543E0	1.5164E6	
685	-6.6597E-1	2.0222E2	1.1472E0	1.5186E6	
686	-6.6734E-1	2.0018E2	1.1401E0	1.5208E6	
687	-6.6757E-1	1.9984E2	1.1329E0	1.5230E6	
688	-6.6505E-1	2.0358E2	1.1258E0	1.5253E6	
689	-6.6551E-1	2.0290E2	1.1187E0	1.5275E6	
690	-6.6551E-1	2.0290E2	1.1116E0	1.5297E6	
691	-6.6467E-1	2.0415E2	1.1044E0	1.5319E6	
692	-6.6628E-1	2.0177E2	1.0974E0	1.5341E6	
693	-6.6582E-1	2.0245E2	1.0901E0	1.5364E6	
694	-6.6444E-1	2.0449E2	1.0831E0	1.5386E6	
695	-7.0282E-1	1.4753E2	1.0759E0	1.5408E6	
696	-6.8710E-1	1.7086E2	1.0688E0	1.5430E6	
697	-6.7986E-1	1.8161E2	1.0617E0	1.5452E6	
698	-6.7093E-1	1.9486E2	1.0545E0	1.5475E6	
699	-6.6788E-1	1.9939E2	1.0474E0	1.5497E6	
700	-6.6330E-1	2.0618E2	1.0403E0	1.5519E6	
701	-6.5849E-1	2.1332E2	1.0332E0	1.5541E6	
702	-6.5758E-1	2.1468E2	1.0260E0	1.5563E6	
703	-6.5033E-1	2.2543E2	1.0189E0	1.5586E6	
704	-6.4873E-1	2.2781E2	1.0117E0	1.5608E6	
705	-6.4232E-1	2.3732E2	1.0045E0	1.5630E6	
706	-6.3927E-1	2.4185E2	9.9745E-1	1.5652E6	
707	-6.3728E-1	2.4479E2	9.9028E-1	1.5674E6	
708	-6.3072E-1	2.5453E2	9.8317E-1	1.5697E6	
709	-6.3065E-1	2.5464E2	9.7600E-1	1.5719E6	
710	-6.2752E-1	2.5929E2	9.6897E-1	1.5741E6	
711	-6.2202E-1	2.6744E2	9.6174E-1	1.5763E6	
712	-6.1974E-1	2.7084E2	9.5471E-1	1.5785E6	
713	-6.1508E-1	2.7774E2	9.4755E-1	1.5808E6	
714	-6.1188E-1	2.8250E2	9.4043E-1	1.5830E6	
715	-6.0997E-1	2.8533E2	9.3323E-1	1.5852E6	
716	-6.0326E-1	2.9529E2	9.2614E-1	1.5874E6	
717	-5.9647E-1	3.0537E2	9.1903E-1	1.5896E6	
718	-5.9113E-1	3.1330E2	9.1184E-1	1.5919E6	
719	-5.8540E-1	3.2179E2	9.0469E-1	1.5941E6	
720	-5.8060E-1	3.2892E2	8.9765E-1	1.5963E6	
721	-5.7449E-1	3.3798E2	8.9047E-1	1.5985E6	
722	-5.7137E-1	3.4262E2	8.8329E-1	1.6007E6	
723	-5.6709E-1	3.4896E2	8.7610E-1	1.6030E6	
724	-5.6252E-1	3.5576E2	8.6904E-1	1.6052E6	
725	-5.5626E-1	3.6504E2	8.6189E-1	1.6074E6	
726	-5.5267E-1	3.7036E2	8.5483E-1	1.6096E6	
727	-5.4955E-1	3.7500E2	8.4769E-1	1.6118E6	
728	-5.4695E-1	3.7885E2	8.4054E-1	1.6141E6	
729	-5.4008E-1	3.8904E2	8.3343E-1	1.6163E6	
730	-5.3276E-1	3.9991E2	8.2626E-1	1.6185E6	
731	-5.3177E-1	4.0139E2	8.1916E-1	1.6207E6	
732	-5.2650E-1	4.0920E2	8.1206E-1	1.6229E6	
733	-5.1796E-1	4.2188E2	8.0490E-1	1.6252E6	
734	-5.1704E-1	4.2324E2	7.9762E-1	1.6274E6	
735	-5.0743E-1	4.3750E2	7.9064E-1	1.6296E6	
736	-5.0430E-1	4.4215E2	7.8352E-1	1.6318E6	
737	-5.0186E-1	4.4577E2	7.7639E-1	1.6340E6	
738	-4.9240E-1	4.5981E2	7.6924E-1	1.6363E6	
739	-4.9263E-1	4.5947E2	7.6203E-1	1.6385E6	
740	-4.8645E-1	4.6864E2	7.5501E-1	1.6407E6	
741	-4.8088E-1	4.7691E2	7.4800E-1	1.6429E6	
742	-4.7523E-1	4.8529E2	7.4074E-1	1.6451E6	
743	-4.7134E-1	4.9106E2	7.3361E-1	1.6474E6	
744	-4.6562E-1	4.9955E2	7.2661E-1	1.6496E6	
745	-4.5563E-1	5.1438E2	7.1938E-1	1.6518E6	
746	-4.5212E-1	5.1959E2	7.1224E-1	1.6540E6	
747	-4.4464E-1	5.3069E2	7.0521E-1	1.6562E6	
748	-4.3457E-1	5.4563E2	6.9807E-1	1.6585E6	
749	-4.3457E-1	5.4563E2	6.9091E-1	1.6607E6	
750	-4.2534E-1	5.5934E2	6.8381E-1	1.6629E6	
751	-4.2007E-1	5.6715E2	6.7673E-1	1.6651E6	
752	-4.1595E-1	5.7326E2	6.6963E-1	1.6673E6	
753	-4.0634E-1	5.8753E2	6.6265E-1	1.6696E6	
754	-4.0154E-1	5.9466E2	6.5541E-1	1.6718E6	
755	-3.9322E-1	6.0700E2	6.4831E-1	1.6740E6	
756	-3.8483E-1	6.1946E2	6.4120E-1	1.6762E6	
757	-3.8063E-1	6.2569E2	6.3407E-1	1.6784E6	
758	-3.7102E-1	6.3995E2	6.2698E-1	1.6807E6	
759	-3.6438E-1	6.4980E2	6.1991E-1	1.6829E6	
760	-3.5629E-1	6.6180E2	6.1290E-1	1.6851E6	
761	-3.4866E-1	6.7313E2	6.0566E-1	1.6873E6	
762	-3.4012E-1	6.8581E2	5.9869E-1	1.6895E6	
763	-3.3173E-1	6.9826E2	5.9156E-1	1.6918E6	
764	-3.2906E-1	7.0223E2	5.8455E-1	1.6940E6	
765	-3.1746E-1	7.1944E2	5.7739E-1	1.6962E6	
766	-3.1410E-1	7.2442E2	5.7032E-1	1.6984E6	
767	-3.0647E-1	7.3574E2	5.6319E-1	1.7006E6	
768	-3.0441E-1	7.3880E2	5.5893E-1	1.7020E6	
769	-3.0121E-1	7.4355E2	5.5885E-1	1.7020E6	
770	-3.0121E-1	7.4355E2	5.5885E-1	1.7020E6	
771	-3.0121E-1	7.4355E2	5.5885E-1	1.7020E6	
772	-3.0121E-1	7.4355E2	5.5885E-1	1.7020E6	
773	-3.0121E-1	7.4355E2	5.5885E-1	1.7020E6	
774	-3.0121E-1	7.4355E2	5.5885E-1	1.7020E6	
775	-3.0121E-1	7.4355E2	5.5885E-1	1.7020E6	
776	-3.0121E-1	7.4355E2	5.5885E-1	1.7020E6	
777	-3.0121E-1	7.4355E2	5.5885E-1	1.7020E6	
778	-3.0121E-1	7.4355E2	5.5885E-1	1.7020E6	
779	-3.0121E-1	7.4355E2	5.5885E-1	1.7020E6	
780	-3.0121E-1	7.4355E2	5.5885E-1	1.7020E6	
781	-3.0121E-1	7.4355E2	5.5885E-1	1.7020E6	
782	-3.0121E-1	7.4355E2	5.5885E-1	1.7020E6	
783	-3.0121E-1	7.4355E2	5.5885E-1	1.7020E6	
784	-3.0121E-1	7.4355E2	5.5885E-1	1.7020E6	
785	-3.0121E-1	7.4355E2	5.5885E-1	1.7020E6	
786	-3.0121E-1	7.4355E2	5.5885E-1	1.7020E6	
787	-3.0121E-1	7.4355E2	5.5885E-1	1.7020E6	
788	-3.0121E-1	7.4355E2	5.5885E-1	1.7020E6	
789	-3.0121E-1	7.4355E2	5.5885E-1	1.7020E6	
790	-3.0121E-1	7.4355E2	5.5885E-1	1.7020E6	
791	-3.0121E-1	7.4355E2	5.5885E-1	1.7020E6	
792	-3.0121E-1	7.4355E2	5.5885E-1	1.7020E6	
793	-3.0121E-1	7.4355E2	5.5885E-1	1.7020E6	
794	-3.0121E-1	7.4355E2	5.5885E-1	1.7020E6	
795	-3.0121E-1	7.4355E2	5.5885E-1	1.7020E6	
796	-3.0121E-1	7.4355E2	5.5885E-1	1.7020E6	
797	-3.0121E-1	7.4355E2	5.5885E-1	1.7020E6	
798	-3.0121E-1	7.4355E2	5.5885E-1	1.7020E6	
799	-3.0121E-1	7.4355E2	5.5885E-1	1.7020E6	
800	-3.0121E-1	7.4355E2	5.5885E-1	1.7020E6	
801	-3.0121E-1	7.4355E2	5.5885E-1	1.7020E6	
802	-3.0121E-1	7.4355E2	5.5885E-1	1.7020E6	
803	-3.0121E-1	7.4355E2	5.5885E-1	1.7020E6	
804	-3.0121E-1	7.4355E2	5.5885E-1	1.7020E6	
805	-3.0121E-1	7.4355E2	5.5885E-1	1.7020E6	
806	-3.0121E-1	7.4355E2	5.5885E-1	1.7020E6	
807	-3.0121E-1	7.4355E2	5.5885E-1	1.7020E6	
808	-3.0121E-1	7.4355E2	5.5885E-1	1.7020E6	
809	-3.0121E-1	7.4355E2	5.5885E-1	1.7020E6	
810	-3.0121E-1	7.4355E2	5.5885E-1	1.7020E6	
811	-3.0121E-1	7.4355E2	5.5885E-1	1.7020E6	
812	-3.0121E-1	7.4355E2	5.5885E-1	1.7020E6	
813	-3.0121E-1	7.4355E2	5.5885E-1	1.7020E6	
814	-3.0121E-1	7.4355E2	5.5885E-1	1.7020E6	
815	-3.0121E-1	7.4355E2	5.5885E-1	1.7020E6	
816	-3.0121E-1	7.4355E2	5.5885E-1	1.7020E6	
817	-3.0121E-1	7.4355E2	5.5885E-1	1.7020E6	
818	-3.0121E-1	7.4355E2	5.5885E-1	1.7020E6	
819	-3.0121E-1	7.4355E2	5.5885E-1	1.7020E6	
820	-3.0121E-1	7.4355E2	5.5885E-1	1.7020E6	
821	-3.0121E-1	7.4355E2	5.5885E-1	1.7020E6	
822	-3.0121E-1	7.4355E2	5.5885E-1	1.7020E6	
823	-3.0121E-1	7.4355E2	5.5885E-1	1.7020E6	
824	-3.0121E-1	7.4355E2	5.5885E-1	1.7020E6	
825	-3.0121E-1	7.4355E2	5.5885E-1	1.7020E6	
826	-3.0121E-1	7.4355E2	5.5885E-1	1.7020E6	
827	-3.0121E-1	7.4355E2	5.5885E-1	1.7020E6	
828	-3.0121E-1	7.4355E2	5.5885E-1	1.7020E6	
829	-3.0121E-1	7.4355E2	5.5885E-1	1.7020E6	
830	-3.0121E-1	7.4355E2	5.5885E-1	1.7020E6	
831	-3.0121E-1	7.4355E2	5.5885E-1	1.7020E6	
832	-3.0121E-1	7.4355E2	5.5885E-1	1.7020E6	
833	-3.0121E-1	7.4355E2	5.5885E-1	1.7020E6	
834	-3.0121E-1	7.4355E2	5.5885E-1	1.7020E6	
835	-3.0121E-1	7.4355E2	5.5885E-1	1.7020E6	
836	-3.0121E-1	7.4355E2	5.5885E-1	1.7020E6	
837	-3.0121E-1	7.4355E2	5.5885E-1	1.7020E6	
838	-3.0121E-1	7.4355E2	5.5885E-1	1.7020E6	
839	-3.0121E-1	7.4355E2	5.5885E-1	1.7020E6	
840	-3.0121E-1	7.4355E2	5.5885E-1	1.7020E6	
841	-3.0121E-1	7.4355E2	5.5885E-1	1.7020E6	
842	-3.0121E-1	7.4355E2	5.5885E-1	1.7020E6	
843	-3.0121E-1	7.4355E2	5.5885E-1	1.7020E6	
844	-3.0121E-1	7.4355E2	5.5885E-1	1.7020E6	
845	-3.0121E-1	7.4355E2	5.5885E-1	1.7020E6	
846	-3.0121E-1	7.4355E2	5.5885E-1	1.7020E6	
847	-3.0121E-1	7.4355E2	5.5885E-1	1.7020E6	
848	-3.0121E-1	7.4355E2	5.5885E-1	1.7020E6	
849	-3.0121E-1	7.4355E2	5.5885E-1	1.7020E6	
850	-3.0121E-1	7.4355E2	5.5885E-1	1.7020E6	
851	-3.0121E-1	7.4355E2	5.5885E-1	1.7020E6	
852	-3.0121E-1	7.4355E2	5.5885E-1	1.7020E6	
853	-3.0121E-1	7.4355E2	5.5885E-1	1.7020E6	
854	-3.0121E-1	7.4355E2	5.5885E-1	1.7020E6	
855	-3.0121E-1	7.4355E2	5.5885E-1	1.7020E6	
856	-3.0121E-1	7.4355E2	5.5885E-1	1.7020E6	
857	-3.0121E-1	7.4355E2	5.5885E-1	1.7020E6	
858	-3.0121E-1	7.4355E2	5.5885E-1	1.7020E6	
859	-3.0121E-1	7.4355E2	5.5885E-1	1.7020E6	
860	-3.0121E-1	7.4355E2	5.5885E-1	1.7020E6	
861	-3.0121E-1	7.4355E2	5.5885E-1	1.7020E6	
862	-3.0121E-1	7.4355E2	5.5885E-1	1.7020E6	
863	-3.0121E-1	7.4355E2	5.5885E-1	1.7020E6	
864	-3.0121E-1	7.4355E2	5.5885E-1	1.7020E6	
865	-3.0121E-1	7.4355E2	5.5885E-1	1.7020E6	
866	-3.0121E-1	7.4355E2	5.5885E-1	1.7020E6	
867	-3.0121E-1	7.4355E2	5.5885E-1	1.7020E6	
868	-3.0121E-1	7.4355E2	5.5885E-1	1.7020E6	
869	-3.0121E-1	7.4355E2	5.5885E-1	1.7020E6	
870	-3.0121E-1	7.4355E2	5.5885E-1	1.7020E6	
871	-3.0121E-1	7.4355E2	5.5885E-1	1.7020E6	
872	-3.0121E-1	7.4355E2	5.5885E-1	1.7020E6	
873	-3.0121E-1	7.4355E2	5.5885E-1	1.7020E6	
874	-3.0121E-1	7.4355E2	5.5885E-1	1.7020E6	
875	-3.0121E-1	7.4355E2	5.5885E-1	1.7020E6	
876	-3.0121E-1	7.4355E2	5.5885E-1	1.7020E6	
877	-3.0121E-1	7.4355E2	5.5885E-1	1.7020E6	
878	-3.0121E-1	7.4355E2	5.5885E-1	1.7020E6	
879	-3.0121E-1	7.4355E2	5.5885E-1	1.7020E6	
880	-3.0121E-1	7.4355E2	5.5885E-1	1.7020E6	
881	-3.0121E-1	7.4355E2	5.5885E-1	1.7020E6	
882	-3.0121E-1	7.4355E2	5.5885E-1	1.7020E6	
883	-3.0121E-1	7.4355E2	5.5885E-1	1.7020E6	
884	-3.0121E-1	7.4355E2	5.5885E-1	1.7020E6	
885	-3.0121E-1	7.4355E2	5.5885E-1	1.7020E6	
886	-3.0121E-1	7.4355E2	5.5885E-1	1.7020E6	
887	-3.0121E-1	7.4355E2	5.5885E-1	1.7020E6	
888	-3.0121E-1	7.4355E2	5.5885E-1	1.7020E6	
889	-3.0121E-1	7.4355E2	5.5885E-1	1.7020E6	
890	-3.0121E-1	7.4355E2	5.5885E-1	1.7020E6	
891	-3.0121E-1	7.4355E2	5.5885E-1	1.7020E6	
892	-3.0121E-1	7.4355E2	5.5885E-1	1.7020E6	
893	-3.0121E-1	7.4355E2	5.5885E-1	1.7020E6	
894	-3.0121E-1	7.4355E2	5.5885E-1	1.7020E6	
895	-3.0121E-1	7.4355E2	5.5885E-1	1.7020E6	
896	-3.0121E-1	7.4355E2	5.5885E-1	1.7020E6	
897	-3.0121E-1	7.4355E2	5.5885E-1	1.7020E6	
898	-3.0121E-1	7.4355E2	5.5885E-1	1.7020E6	
899	-3.0121E-1	7.4355E2	5.5885E-1	1.7020E6	
900	-3.0121E-1	7.4355E2	5.5885E-1	1.7020E6	
901	-3.0121E-1	7.4355E2	5.5885E-1	1.7020E6	
902	-3.0121E-1	7.4355E2	5.5885E-1	1.7020E6	
903	-3.0121E-1	7.4355E2	5.5885E-1	1.7020E6	
904	-3.0121E-1	7.4355E2	5.5885E-1	1.7020E6	
905	-3.0121E-1	7.4355E2	5.5885E-1	1.7020E6	
906	-3.0121E-1	7.4355E2	5.5885E-1	1.7020E6	
907	-3.0121E-1	7.4355E2	5.5885E-1	1.7020E6	
908	-3.0121E-1	7.4355E2	5.5885E-1	1.7020E6	
909	-3.0121E-1	7.4355E2	5.5885E-1	1.7020E6	
910	-3.0121E-1	7.4355E2	5.5885E-1	1.7020E6	
911	-3.0121E-1	7.4355E2	5.5885E-1	1.7020E6	
912	-3.0121E-1	7.4355E2	5.5885E-1	1.7020E6	
913	-3.0121E-1	7.4355E2	5.5885E-1	1.7020E6	
914	-3.0121E-1	7.4355E2	5.5885E-1	1.7020E6	
915	-3.0121E-1	7.4355E2	5.5885E-1	1.7020E6	
916	-3.0121E-1	7.4355E2	5.5885E-1	1.7020E6	
917	-3.0121E-1	7.4355E2	5.5885E-1	1.7020E6	
918	-3.0121E-1	7.4355E2	5.5885E-1	1.7020E6	
919	-3.0121E-1	7.4355E2	5.5885E-1	1.7020E6	
920	-3.0121E-1	7.4355E2	5.5885E-1	1.7020E6	
921	-3.0121E-1	7.4355E2	5.5885E-1	1.7020E6	
922	-3.0121E-1	7.4355E2	5.5885E-1	1.7020E6	
923	-3.0121E-1	7.4355E2	5.5885E-1	1.7020E6	
924	-3.0121E-1	7.4355E2	5.5885E-1	1.7020E6	
925	-3.0121E-1	7.4355E2	5.5885E-1	1.7020E6	
926	-3.0121E-1	7.4355E2	5.5885E-1	1.7020E6	
927	-3.0121E-1	7.4355E2	5.5885E-1	1.7020E6	
928	-3.0121E-1	7.4355E2	5.5885E-1	1.7020E6	
929	-3.0121E-1	7.4355E2	5.5885E-1	1.7020E6	
930	-3.0121E-1	7.4355E2	5.5885E-1	1.7020E6	
931	-3.0121E-1	7.4355E2	5.5885E-1	1.7020E6	
932	-3.0121E-1	7.4355E2	5.5885E-1	1.7020E6	
933	-3.0121E-1	7.4355E2	5.5885E-1	1.7020E6	
934	-3.0121E-1	7.4355E2	5.5885E-1	1.7020E6	
935	-3.0121E-1	7.4355E2	5.5885E-1	1.7020E6	
936	-3.0121E-1	7.4355E2	5.5885E-1	1.7020E6	
937	-3.0121E-1	7.4355E2	5.5885E-1	1.7020E6	
938	-3.0121E-1	7.4355E2	5.5885E-1	1.7020E6	
939	-3.0121E-1	7.4355E2	5.5885E-1	1.7020E6	
940	-3.0121E-1	7.4355E2	5.5885E-1	1.7020E6	
941	-3.0121E-1	7.4355E2	5.5885E-1	1.7020E6	
942	-3.0121E-1	7.4355E2	5.5885E-1	1.7020E6	
943	-3.0121E-1	7.4355E2	5.5885E-1	1.7020E6	
944	-3.0121E-1	7.4355E2	5.5885E-1	1.7020E6	
945	-3.0121E-1	7.4355E2	5.5885E-1	1.7020E6	
946	-3.0121E-1	7.4355E2	5.5885E-1	1.7020E6	
947	-3.0121E-1	7.4355E2	5.5885E-1	1.7020E6	
948	-3.0121E-1	7.4355E2	5.5885E-1	1.7020E6	
949	-3.0121E-1	7.4355E2	5.5885E-1	1.7020E6	
950	-3.0121E-1	7.4355E2	5.5885E-1	1.7020E6	
951	-3.0121E-1	7.4355E2	5.5885E-1	1.7020E6	
952	-3.0121E-1	7.4355E2	5.5885E-1	1.7020E6	
953	-3.0121E-1	7.4355E2	5.5885E-1	1.7020E6	
954	-3.0121E-1	7.4355E2	5.5885E-1	1.7020E6	
955	-3.0121E-1	7.4355E2	5.5885E-1	1.7020E6	
956	-3.0121E-1	7.4355E2	5.5885E-1	1.7020E6	
957	-3.0121E-1	7.4355E2	5.5885E-1	1.7020E6	
958	-3.0121E-1	7.4355E2	5.5885E-1	1.7020E6	
959	-3.0121E-1	7.4355E2	5.5885E-1	1.7020E6	
960	-3.0121E-1	7.4355E2	5.5885E-1	1.7020E6	
961	-3.0121E-1	7.4355E2	5.5885E-1	1.7020E6	
962	-3.0121E-1	7.4355E2	5.5885E-1	1.7020E6	
963	-3.0121E-1	7.4355E2	5.5885E-1	1.7020E6	
964	-3.0121E-1	7.4355E2	5.5885E-1	1.7020E6	
965	-3.0121E-1	7.4355E2	5.5885E-1	1.7020E6	
966	-3.0121E-1	7.4355E2	5.5885E-1	1.7020E6	
967	-3.0121E-1	7.4355E2	5.5885E-1	1.7020E6	
968	-3.0121E-1	7.4355E2	5.5885E-1	1.7020E6	
969	-3.0121E-1	7.4355E2	5.5885E-1	1.7020E6	
970	-3.0121E-1	7.4355E2	5.5885E-1	1.7020E6	
971	-3.0121E-1	7.4355E2	5.5885E-1	1.7020E6	
972	-3.0121E-1	7.4355E2	5.5885E-1	1.7020E6	
973	-3.0121E-1	7.4355E2	5.5885E-1	1.7020E6	
974	-3.0121E-1	7.4355E2	5.5885E-1	1.7020E6	
975	-3.0121E-1	7.4355E2	5.5885E-1	1.7020E6	
976	-3.0121E-1	7.4355E2	5.5885E-1	1.7020E6	
977	-3.0121E-1	7.4355E2	5.5885E-1	1.7020E6	
978	-3.0121E-1	7.4355E2	5.5885E-1	1.7020E6	
979	-3.0121E-1	7.4355E2	5.5885E-1	1.7020E6	
980	-3.0121E-1	7.4355E2	5.5885E-1	1.7020E6	
981	-3.0121E-1	7.4355E2	5.5885E-1	1.7020E6	
982	-3.0121E-1	7.4355E2	5.5885E-1	1.7020E6	
983	-3.0121E-1	7.4355E2	5.5885E-1	1.7020E6	
984	-3.0121E-1	7.4355E2	5.5885E-1	1.7020E6	
985	-3.0121E-1	7.4355E2	5.5885E-1	1.7020E6	
986	-3.0121E-1	7.4355E2	5.5885E-1	1.7020E6	
987	-3.0121E-1	7.4355E2	5.5885E-1	1.7020E6	
988	-3.0121E-1	7.4355E2	5.5885E-1	1.7020E6	
989	-3.0121E-1	7.4355E2	5.5885E-1	1.7020E6	
990	-3.0121E-1	7.4355E2	5.5885E-1	1.7020E6	
991	-3.0121E-1	7.4355E2	5.5885E-1	1.7020E6	
992	-3.0121E-1	7.4355E2	5.5885E-1	1.7020E6	
993	-3.0121E-1	7.4355E2	5.5885E-1	1.7020E6	
994	-3.0121E-1	7.4355E2	5.5885E-1	1.7020E6	
995	-3.0121E-1	7.4355E2	5.5885E-1	1.7020E6	
996	-3.0121E-1	7.4355E2	5.5885E-1	1.7020E6	
997	-3.0121E-1	7.4355E2	5.5885E-1	1.7020E6	
998	-3.0121E-1	7.4355E2	5.5885E-1	1.7020E6	
999	-3.0121E-1	7.4355E2	5.5885E-1	1.7020E6	
1000	-3.0121E-1	7.4355E2	5.5885E-1	1.7020E6	
1001	-3.0121E-1	7.4355E2	5.5885E-1	1.7020E6	
1002	-3.0121E-1	7.4355E2	5.5885E-1	1.7020E6	
1003	-3.0121E-1	7.4355E2	5.5885E-1	1.7020E6	
1004	-3.0121E-1	7.4355E2	5.5885E-1	1.7020E6	
1005	-3.0121E-1	7.4355E2	5.5885E-1	1.7020E6	
1006	-3.0121E-1	7.4355E2	5.5885E-1	1.7020E6	
1007	-3.0121E-1	7.4355E2	5.5885E-1	1.7020E6	
1008	-3.0121E-1	7.4355E2	5.5885E-1	1.7020E6	
1009	-3.0121E-1	7.4355E2	5.5885E-1	1.7020E6	
1010	-3.0121E-1	7.4355E2	5.5885E-1	1.7020E6	
1011	-3.0121E-1	7.4355E2	5.5885E-1	1.7020E6	
1012	-3.0121E-1	7.4355E2	5.5885E-1	1.7020E6	
1013	-3.0121E-1	7.4355E2	5.5885E-1	1.7020E6	
1014	-3.0121E-1	7.4355E2	5.5885E-1	1.7020E6	
1015	-3.0121E-1	7.4355E2	5.5885E-1	1.7020E6	
1016	-3.0121E-1	7.4355E2	5.5885E-1	1.7020E6	
1017	-3.0121E-1	7.4355E2	5.5885E-1	1.7020E6	
1018	-3.0121E-1	7.4355E2	5.5885E-1	1.7020E6	
1019	-3.0121E-1	7.4355E2	5.5885E-1	1.7020E6	
1020	-3.0121E-1	7.4355E2	5.5885E-1	1.7020E6	
1021	-3.0121E-1	7.4355E2	5.5885E-1	1.7020E6	
1022	-3.0121E-1	7.4355E2	5.5885E-1	1.7020E6	
1023	-3.0121E-1	7.4355E2	5.5885E-1	1.7020E6	
1024	-3.0121E-1	7.4355E2	5.5885E-1	1.7020E6	
1025	-3.0258E-1	7.4152E2	5.5878E-1	1.7021E6	
1026	-3.4248E-1	6.8230E2	5.6022E-1	1.7043E6	
1027	-3.7369E-1	6.3599E2	5.6292E-1	1.7065E6	
1028	-3.9040E-1	6.1119E2	5.6604E-1	1.7087E6	
1029	-4.1061E-1	5.8119E2	5.6943E-1	1.7109E6	
1030	-4.2458E-1	5.6047E2	5.7302E-1	1.7132E6	
1031	-4.3900E-1	5.3907E2	5.7671E-1	1.7154E6	
1032	-4.5418E-1	5.1654E2	5.8058E-1	1.7176E6	
1033	-4.7165E-1	4.9061E2	5.8448E-1	1.7198E6	
1034	-4.8393E-1	4.7238E2	5.8852E-1	1.7220E6	
1035	-4.9263E-1	4.5947E2	5.9258E-1	1.7243E6	
1036	-5.0598E-1	4.3966E2	5.9681E-1	1.7265E6	
1037	-5.1949E-1	4.1961E2	6.0095E-1	1.7287E6	
1038	-5.3070E-1	4.0297E2	6.0520E-1	1.7309E6	
1039	-5.4314E-1	3.8451E2	6.0944E-1	1.7331E6	
1040	-5.5359E-1	3.6900E2	6.1385E-1	1.7354E6	
1041	-5.6511E-1	3.5191E2	6.1812E-1	1.7376E6	
1042	-5.7182E-1	3.4194E2	6.2242E-1	1.7398E6	
1043	-5.7999E-1	3.2983E2	6.2680E-1	1.7420E6	
1044	-5.9303E-1	3.1047E2	6.3130E-1	1.7442E6	
1045	-6.0364E-1	2.9473E2	6.3581E-1	1.7465E6	
1046	-6.1447E-1	2.7865E2	6.4026E-1	1.7487E6	
1047	-6.2660E-1	2.6065E2	6.4464E-1	1.7509E6	
1048	-6.3499E-1	2.4819E2	6.4916E-1	1.7531E6	
1049	-6.4224E-1	2.3743E2	6.5365E-1	1.7553E6	
1050	-6.4888E-1	2.2758E2	6.5812E-1	1.7576E6	
1051	-6.6147E-1	2.0890E2	6.6279E-1	1.7598E6	
1052	-6.6483E-1	2.0392E2	6.6724E-1	1.7620E6	
1053	-6.7329E-1	1.9135E2	6.7181E-1	1.7642E6	
1054	-6.8550E-1	1.7324E2	6.7649E-1	1.7664E6	
1055	-6.9420E-1	1.6033E2	6.8105E-1	1.7687E6	
1056	-7.0213E-1	1.4855E2	6.8565E-1	1.7709E6	
1057	-7.0969E-1	1.3734E2	6.9024E-1	1.7731E6	
1058	-7.1655E-1	1.2715E2	6.9489E-1	1.7753E6	
1059	-7.2563E-1	1.1368E2	6.9950E-1	1.7775E6	
1060	-7.3135E-1	1.0519E2	7.0427E-1	1.7798E6	
1061	-7.4188E-1	8.9562E1	7.0886E-1	1.7820E6	
1062	-7.4654E-1	8.2655E1	7.1349E-1	1.7842E6	
1063	-7.5157E-1	7.5182E1	7.1821E-1	1.7864E6	
1064	-7.6088E-1	6.1368E1	7.2292E-1	1.7886E6	
1065	-7.6508E-1	5.5141E1	7.2754E-1	1.7909E6	
1066	-7.7461E-1	4.0988E1	7.3234E-1	1.7931E6	
1067	-7.8140E-1	3.0911E1	7.3686E-1	1.7953E6	
1068	-7.8529E-1	2.5136E1	7.4174E-1	1.7975E6	
1069	-7.9094E-1	1.6757E1	7.4642E-1	1.7997E6	
1070	-7.9971E-1	3.7365E0	7.5119E-1	1.8020E6	
1071	-8.0475E-1	-3.7364E0	7.5592E-1	1.8042E6	
1072	-8.1169E-1	-1.4040E1	7.6064E-1	1.8064E6	
1073	-8.1879E-1	-2.4570E1	7.6547E-1	1.8086E6	
1074	-8.1940E-1	-2.5476E1	7.7031E-1	1.8108E6	
1075	-8.2603E-1	-3.5326E1	7.7504E-1	1.8131E6	
1076	-8.3115E-1	-4.2913E1	7.7982E-1	1.8153E6	
1077	-8.3954E-1	-5.5367E1	7.8468E-1	1.8175E6	
1078	-8.4564E-1	-6.4425E1	7.8952E-1	1.8197E6	
1079	-8.4549E-1	-6.4199E1	7.9429E-1	1.8219E6	
1080	-8.5304E-1	-7.5408E1	7.9904E-1	1.8242E6	
1081	-8.5541E-1	-7.8918E1	8.0393E-1	1.8264E6	
1082	-8.6273E-1	-8.9788E1	8.0876E-1	1.8286E6	
1083	-8.6372E-1	-9.1260E1	8.1351E-1	1.8308E6	
1084	-8.6929E-1	-9.9525E1	8.1838E-1	1.8330E6	
1085	-8.7151E-1	-1.0281E2	8.2329E-1	1.8353E6	
1086	-8.7654E-1	-1.1028E2	8.2820E-1	1.8375E6	
1087	-8.8394E-1	-1.2126E2	8.3296E-1	1.8397E6	
1088	-8.8318E-1	-1.2013E2	8.3786E-1	1.8419E6	
1089	-8.8303E-1	-1.1991E2	8.4270E-1	1.8441E6	
1090	-8.9043E-1	-1.3089E2	8.4769E-1	1.8464E6	
1091	-8.9157E-1	-1.3259E2	8.5255E-1	1.8486E6	
1092	-8.9554E-1	-1.3848E2	8.5747E-1	1.8508E6	
1093	-8.9729E-1	-1.4108E2	8.6231E-1	1.8530E6	
1094	-9.0057E-1	-1.4595E2	8.6727E-1	1.8552E6	
1095	-9.0378E-1	-1.5070E2	8.7212E-1	1.8575E6	
1096	-9.0836E-1	-1.5750E2	8.7708E-1	1.8597E6	
1097	-9.0851E-1	-1.5772E2	8.8207E-1	1.8619E6	
1098	-9.1415E-1	-1.6610E2	8.8698E-1	1.8641E6	
1099	-9.1881E-1	-1.7301E2	8.9182E-1	1.8663E6	
1100	-9.1919E-1	-1.7358E2	8.9687E-1	1.8686E6	
1101	-9.1995E-1	-1.7471E2	9.0189E-1	1.8708E6	
1102	-9.1942E-1	-1.7391E2	9.0679E-1	1.8730E6	
1103	-9.2361E-1	-1.8014E2	9.1174E-1	1.8752E6	
1104	-9.2400E-1	-1.8071E2	9.1677E-1	1.8774E6	
1105	-9.2796E-1	-1.8660E2	9.2171E-1	1.8797E6	
1106	-9.2911E-1	-1.8829E2	9.2673E-1	1.8819E6	
1107	-9.3079E-1	-1.9079E2	9.3178E-1	1.8841E6	
1108	-9.3346E-1	-1.9475E2	9.3678E-1	1.8863E6	
1109	-9.3559E-1	-1.9792E2	9.4172E-1	1.8885E6	
1110	-9.3613E-1	-1.9871E2	9.4681E-1	1.8908E6	
1111	-9.3933E-1	-2.0347E2	9.5180E-1	1.8930E6	
1112	-9.4467E-1	-2.1139E2	9.5689E-1	1.8952E6	
1113	-9.4147E-1	-2.0664E2	9.6186E-1	1.8974E6	
1114	-9.4696E-1	-2.1479E2	9.6691E-1	1.8996E6	
1115	-9.4673E-1	-2.1445E2	9.7198E-1	1.9019E6	
1116	-9.4833E-1	-2.1683E2	9.7698E-1	1.9041E6	
1117	-9.5345E-1	-2.2441E2	9.8206E-1	1.9063E6	
1118	-9.5337E-1	-2.2430E2	9.8717E-1	1.9085E6	
1119	-9.5688E-1	-2.2951E2	9.9217E-1	1.9107E6	
1120	-9.5634E-1	-2.2872E2	9.9731E-1	1.9130E6	
1121	-9.5123E-1	-2.2113E2	1.0023E0	1.9152E6	
1122	-9.5367E-1	-2.2475E2	1.0074E0	1.9174E6	
1123	-9.5673E-1	-2.2928E2	1.0125E0	1.9196E6	
1124	-9.5787E-1	-2.3098E2	1.0177E0	1.9218E6	
1125	-9.5970E-1	-2.3370E2	1.0227E0	1.9241E6	
1126	-9.6077E-1	-2.3528E2	1.0279E0	1.9263E6	
1127	-9.6451E-1	-2.4083E2	1.0329E0	1.9285E6	
1128	-9.6375E-1	-2.3970E2	1.0381E0	1.9307E6	
1129	-9.6619E-1	-2.4332E2	1.0433E0	1.9329E6	
1130	-9.6718E-1	-2.4479E2	1.0483E0	1.9352E6	
1131	-9.7244E-1	-2.5261E2	1.0534E0	1.9374E6	
1132	-9.7038E-1	-2.4955E2	1.0587E0	1.9396E6	
1133	-9.6764E-1	-2.4547E2	1.0638E0	1.9418E6	
1134	-9.6146E-1	-2.3630E2	1.0690E0	1.9440E6	
1135	-9.6298E-1	-2.3857E2	1.0741E0	1.9463E6	
1136	-9.5856E-1	-2.3200E2	1.0793E0	1.9485E6	
1137	-9.5520E-1	-2.2702E2	1.0845E0	1.9507E6	
1138	-9.6107E-1	-2.3574E2	1.0895E0	1.9529E6	
1139	-9.5734E-1	-2.3019E2	1.0948E0	1.9551E6	
1140	-9.5421E-1	-2.2555E2	1.1000E0	1.9574E6	
1141	-9.5352E-1	-2.2453E2	1.1052E0	1.9596E6	
1142	-9.4772E-1	-2.1592E2	1.1105E0	1.9618E6	
1143	-9.4719E-1	-2.1513E2	1.1157E0	1.9640E6	
1144	-9.4620E-1	-2.1366E2	1.1208E0	1.9662E6	
1145	-9.4391E-1	-2.1026E2	1.1261E0	1.9685E6	
1146	-9.4231E-1	-2.0788E2	1.1313E0	1.9707E6	
1147	-9.3536E-1	-1.9758E2	1.1365E0	1.9729E6	
1148	-9.3681E-1	-1.9973E2	1.1417E0	1.9751E6	
1149	-9.3147E-1	-1.9180E2	1.1470E0	1.9773E6	
1150	-9.2979E-1	-1.8931E2	1.1523E0	1.9796E6	
1151	-9.3208E-1	-1.9271E2	1.1575E0	1.9818E6	
1152	-9.3269E-1	-1.9362E2	1.1627E0	1.9840E6	
1153	-9.3399E-1	-1.9554E2	1.1681E0	1.9862E6	
1154	-9.3010E-1	-1.8977E2	1.1733E0	1.9884E6	
1155	-9.2766E-1	-1.8614E2	1.1786E0	1.9907E6	
1156	-9.2720E-1	-1.8546E2	1.1839E0	1.9929E6	
1157	-9.2789E-1	-1.8648E2	1.1891E0	1.9951E6	
1158	-9.2369E-1	-1.8026E2	1.1945E0	1.9973E6	
1159	-9.1835E-1	-1.7233E2	1.1997E0	1.9995E6	
1160	-9.1011E-1	-1.6010E2	1.2051E0	2.0018E6	
1161	-9.0355E-1	-1.5036E2	1.2104E0	2.0040E6	
1162	-9.0332E-1	-1.5002E2	1.2157E0	2.0062E6	
1163	-8.9859E-1	-1.4300E2	1.2209E0	2.0084E6	
1164	-8.9432E-1	-1.3666E2	1.2263E0	2.0106E6	
1165	-8.9333E-1	-1.3519E2	1.2316E0	2.0129E6	
1166	-8.8928E-1	-1.2919E2	1.2370E0	2.0151E6	
1167	-8.7814E-1	-1.1266E2	1.2423E0	2.0173E6	
1168	-8.6945E-1	-9.9752E1	1.2477E0	2.0195E6	
1169	-8.5861E-1	-8.3674E1	1.2529E0	2.0217E6	
1170	-8.3870E-1	-5.4122E1	1.2584E0	2.0240E6	
1171	-8.1009E-1	-1.1662E1	1.2637E0	2.0262E6	
1172	-7.4890E-1	7.9145E1	1.2691E0	2.0284E6	
1173	-7.0068E-1	1.5070E2	1.2744E0	2.0306E6	
1174	-6.7734E-1	1.8535E2	1.2799E0	2.0328E6	
1175	-6.7055E-1	1.9543E2	1.2852E0	2.0351E6	
1176	-6.6940E-1	1.9713E2	1.2906E0	2.0373E6	
1177	-6.6994E-1	1.9633E2	1.2960E0	2.0395E6	
1178	-6.7070E-1	1.9520E2	1.3014E0	2.0417E6	
1179	-6.7039E-1	1.9565E2	1.3068E0	2.0439E6	
1180	-6.6849E-1	1.9848E2	1.3122E0	2.0462E6	
1181	-6.7078E-1	1.9509E2	1.3176E0	2.0484E6	
1182	-6.6719E-1	2.0041E2	1.3231E0	2.0506E6	
1183	-6.7261E-1	1.9237E2	1.3286E0	2.0528E6	
1184	-6.7139E-1	1.9418E2	1.3339E0	2.0550E6	
1185	-6.7039E-1	1.9565E2	1.3393E0	2.0573E6	
1186	-6.7131E-1	1.9430E2	1.3448E0	2.0595E6	
1187	-6.7451E-1	1.8954E2	1.3502E0	2.0617E6	
1188	-6.7291E-1	1.9192E2	1.3557E0	2.0639E6	
1189	-6.7345E-1	1.9113E2	1.3611E0	2.0661E6	
1190	-6.7482E-1	1.8909E2	1.3666E0	2.0684E6	
1191	-6.7215E-1	1.9305E2	1.3721E0	2.0706E6	
1192	-6.7078E-1	1.9509E2	1.3776E0	2.0728E6	
1193	-6.7284E-1	1.9203E2	1.3831E0	2.0750E6	
1194	-6.7482E-1	1.8909E2	1.3885E0	2.0772E6	
1195	-6.7467E-1	1.8931E2	1.3940E0	2.0795E6	
1196	-6.7245E-1	1.9260E2	1.3994E0	2.0817E6	
1197	-6.7245E-1	1.9260E2	1.4050E0	2.0839E6	
1198	-6.7703E-1	1.8580E2	1.4105E0	2.0861E6	
1199	-6.7604E-1	1.8728E2	1.4160E0	2.0883E6	
1200	-6.7375E-1	1.9067E2	1.4215E0	2.0906E6	
1201	-6.7513E-1	1.8863E2	1.4270E0	2.0928E6	
1202	-6.7451E-1	1.8954E2	1.4324E0	2.0950E6	
1203	-6.7650E-1	1.8660E2	1.4380E0	2.0972E6	
1204	-6.7390E-1	1.9045E2	1.4436E0	2.0994E6	
1205	-6.7650E-1	1.8660E2	1.4492E0	2.1017E6	
1206	-6.7574E-1	1.8773E2	1.4547E0	2.1039E6	
1207	-6.7413E-1	1.9011E2	1.4603E0	2.1061E6	
1208	-6.7726E-1	1.8546E2	1.4657E0	2.1083E6	
1209	-6.7787E-1	1.8456E2	1.4713E0	2.1105E6	
1210	-6.7459E-1	1.8943E2	1.4769E0	2.1128E6	
1211	-6.7757E-1	1.8501E2	1.4825E0	2.1150E6	
1212	-6.7680E-1	1.8614E2	1.4881E0	2.1172E6	
1213	-6.7719E-1	1.8558E2	1.4936E0	2.1194E6	
1214	-6.7673E-1	1.8626E2	1.4993E0	2.1216E6	
1215	-6.7673E-1	1.8626E2	1.5047E0	2.1239E6	
1216	-6.7726E-1	1.8546E2	1.5104E0	2.1261E6	
1217	-6.7719E-1	1.8558E2	1.5160E0	2.1283E6	
1218	-6.7764E-1	1.8490E2	1.5216E0	2.1305E6	
1219	-6.7940E-1	1.8229E2	1.5272E0	2.1327E6	
1220	-6.7833E-1	1.8388E2	1.5329E0	2.1350E6	
1221	-6.7841E-1	1.8377E2	1.5384E0	2.1372E6	
1222	-6.7863E-1	1.8343E2	1.5441E0	2.1394E6	
1223	-6.7924E-1	1.8252E2	1.5496E0	2.1416E6	
1224	-6.7940E-1	1.8229E2	1.5553E0	2.1438E6	
1225	-6.8047E-1	1.8071E2	1.5609E0	2.1461E6	
1226	-6.7986E-1	1.8161E2	1.5665E0	2.1483E6	
1227	-6.7863E-1	1.8343E2	1.5722E0	2.1505E6	
1228	-6.8008E-1	1.8127E2	1.5779E0	2.1527E6	
1229	-6.7879E-1	1.8320E2	1.5835E0	2.1549E6	
1230	-6.8222E-1	1.7810E2	1.5892E0	2.1572E6	
1231	-6.8306E-1	1.7686E2	1.5949E0	2.1594E6	
1232	-6.8100E-1	1.7992E2	1.6006E0	2.1616E6	
1233	-6.7947E-1	1.8218E2	1.6062E0	2.1638E6	
1234	-6.7902E-1	1.8286E2	1.6119E0	2.1660E6	
1235	-6.8153E-1	1.7912E2	1.6175E0	2.1683E6	
1236	-6.8192E-1	1.7856E2	1.6232E0	2.1705E6	
1237	-6.8199E-1	1.7844E2	1.6290E0	2.1727E6	
1238	-6.8253E-1	1.7765E2	1.6346E0	2.1749E6	
1239	-6.8062E-1	1.8048E2	1.6403E0	2.1771E6	
1240	-6.8306E-1	1.7686E2	1.6460E0	2.1794E6	
1241	-6.8108E-1	1.7980E2	1.6516E0	2.1816E6	
1242	-6.8092E-1	1.8003E2	1.6576E0	2.1838E6	
1243	-6.8176E-1	1.7878E2	1.6631E0	2.1860E6	
1244	-6.7924E-1	1.8252E2	1.6690E0	2.1882E6	
1245	-6.8230E-1	1.7799E2	1.6745E0	2.1905E6	
1246	-6.8306E-1	1.7686E2	1.6804E0	2.1927E6	
1247	-6.8314E-1	1.7675E2	1.6861E0	2.1949E6	
1248	-6.8459E-1	1.7459E2	1.6919E0	2.1971E6	
1249	-6.8306E-1	1.7686E2	1.6976E0	2.1993E6	
1250	-6.8436E-1	1.7493E2	1.7033E0	2.2016E6	
1251	-6.8489E-1	1.7414E2	1.7091E0	2.2038E6	
1252	-6.8398E-1	1.7550E2	1.7149E0	2.2060E6	
1253	-6.8298E-1	1.7697E2	1.7206E0	2.2082E6	
1254	-6.8245E-1	1.7776E2	1.7265E0	2.2104E6	
1255	-6.8245E-1	1.7776E2	1.7321E0	2.2127E6	
1256	-6.8314E-1	1.7675E2	1.7379E0	2.2149E6	
1257	-6.8344E-1	1.7629E2	1.7437E0	2.2171E6	
1258	-6.8382E-1	1.7573E2	1.7495E0	2.2193E6	
1259	-6.8466E-1	1.7448E2	1.7553E0	2.2215E6	
1260	-6.8443E-1	1.7482E2	1.7611E0	2.2238E6	
1261	-6.8550E-1	1.7324E2	1.7669E0	2.2260E6	
1262	-6.8550E-1	1.7324E2	1.7727E0	2.2282E6	
1263	-6.8336E-1	1.7641E2	1.7786E0	2.2304E6	
1264	-6.8916E-1	1.6780E2	1.7844E0	2.2326E6	
1265	-6.8588E-1	1.7267E2	1.7901E0	2.2349E6	
1266	-6.8832E-1	1.6905E2	1.7960E0	2.2371E6	
1267	-6.8535E-1	1.7346E2	1.8017E0	2.2393E6	
1268	-6.8619E-1	1.7222E2	1.8075E0	2.2415E6	
1269	-6.8527E-1	1.7358E2	1.8134E0	2.2437E6	
1270	-6.8642E-1	1.7188E2	1.8192E0	2.2460E6	
1271	-6.8649E-1	1.7176E2	1.8252E0	2.2482E6	
1272	-6.8825E-1	1.6916E2	1.8311E0	2.2504E6	
1273	-6.8787E-1	1.6973E2	1.8368E0	2.2526E6	
1274	-6.8909E-1	1.6791E2	1.8426E0	2.2548E6	
1275	-6.8825E-1	1.6916E2	1.8485E0	2.2571E6	
1276	-6.8924E-1	1.6769E2	1.8544E0	2.2593E6	
1277	-6.8810E-1	1.6939E2	1.8602E0	2.2615E6	
1278	-6.8855E-1	1.6871E2	1.8662E0	2.2637E6	
1279	-6.8863E-1	1.6859E2	1.8721E0	2.2659E6	
1280	-6.8810E-1	1.6939E2	1.8779E0	2.2682E6	
1281	-6.9000E-1	1.6656E2	1.8839E0	2.2704E6	
1282	-6.9008E-1	1.6644E2	1.8898E0	2.2726E6	
1283	-6.8726E-1	1.7063E2	1.8956E0	2.2748E6	
1284	-6.8909E-1	1.6791E2	1.9015E0	2.2770E6	
1285	-6.8840E-1	1.6893E2	1.9074E0	2.2793E6	
1286	-6.9084E-1	1.6531E2	1.9133E0	2.2815E6	
1287	-6.9191E-1	1.6372E2	1.9193E0	2.2837E6	
1288	-6.8748E-1	1.7029E2	1.9252E0	2.2859E6	
1289	-6.9038E-1	1.6599E2	1.9312E0	2.2881E6	
1290	-6.8916E-1	1.6780E2	1.9370E0	2.2904E6	
1291	-6.9305E-1	1.6203E2	1.9430E0	2.2926E6	
1292	-6.8718E-1	1.7074E2	1.9489E0	2.2948E6	
1293	-6.9038E-1	1.6599E2	1.9548E0	2.2970E6	
1294	-6.9183E-1	1.6384E2	1.9608E0	2.2992E6	
1295	-6.8825E-1	1.6916E2	1.9668E0	2.3015E6	
1296	-6.9237E-1	1.6305E2	1.9727E0	2.3037E6	
1297	-6.9328E-1	1.6169E2	1.9787E0	2.3059E6	
1298	-6.9244E-1	1.6293E2	1.9846E0	2.3081E6	
1299	-6.9221E-1	1.6327E2	1.9906E0	2.3103E6	
1300	-6.9298E-1	1.6214E2	1.9965E0	2.3126E6	
1301	-6.9092E-1	1.6520E2	2.0025E0	2.3148E6	
1302	-6.9191E-1	1.6372E2	2.0085E0	2.3170E6	
1303	-6.9267E-1	1.6259E2	2.0145E0	2.3192E6	
1304	-6.9237E-1	1.6305E2	2.0206E0	2.3214E6	
1305	-6.9084E-1	1.6531E2	2.0265E0	2.3237E6	
1306	-6.9557E-1	1.5829E2	2.0324E0	2.3259E6	
1307	-6.9389E-1	1.6078E2	2.0385E0	2.3281E6	
1308	-6.9420E-1	1.6033E2	2.0445E0	2.3303E6	
1309	-6.9626E-1	1.5727E2	2.0505E0	2.3325E6	
1310	-6.9412E-1	1.6044E2	2.0566E0	2.3348E6	
1311	-6.9366E-1	1.6112E2	2.0625E0	2.3370E6	
1312	-6.9458E-1	1.5976E2	2.0684E0	2.3392E6	
1313	-6.9542E-1	1.5852E2	2.0745E0	2.3414E6	
1314	-6.9435E-1	1.6010E2	2.0806E0	2.3436E6	
1315	-6.9382E-1	1.6089E2	2.0866E0	2.3459E6	
1316	-6.9618E-1	1.5738E2	2.0927E0	2.3481E6	
1317	-6.9633E-1	1.5716E2	2.0987E0	2.3503E6	
1318	-6.9572E-1	1.5806E2	2.1048E0	2.3525E6	
1319	-6.9313E-1	1.6191E2	2.1109E0	2.3547E6	
1320	-6.9595E-1	1.5772E2	2.1169E0	2.3570E6	
1321	-6.9595E-1	1.5772E2	2.1229E0	2.3592E6	
1322	-6.9588E-1	1.5784E2	2.1290E0	2.3614E6	
1323	-6.9420E-1	1.6033E2	2.1351E0	2.3636E6	
1324	-6.9565E-1	1.5818E2	2.1412E0	2.3658E6	
1325	-6.9847E-1	1.5399E2	2.1472E0	2.3681E6	
1326	-6.9801E-1	1.5467E2	2.1533E0	2.3703E6	
1327	-6.9740E-1	1.5557E2	2.1594E0	2.3725E6	
1328	-6.9756E-1	1.5535E2	2.1655E0	2.3747E6	
1329	-6.9778E-1	1.5501E2	2.1717E0	2.3769E6	
1330	-6.9832E-1	1.5421E2	2.1777E0	2.3792E6	
1331	-6.9786E-1	1.5489E2	2.1839E0	2.3814E6	
1332	-6.9885E-1	1.5342E2	2.1900E0	2.3836E6	
1333	-6.9801E-1	1.5467E2	2.1961E0	2.3858E6	
1334	-6.9885E-1	1.5342E2	2.2022E0	2.3880E6	
1335	-6.9878E-1	1.5353E2	2.2083E0	2.3903E6	
1336	-6.9771E-1	1.5512E2	2.2144E0	2.3925E6	
1337	-6.9969E-1	1.5218E2	2.2206E0	2.3947E6	
1338	-6.9923E-1	1.5285E2	2.2267E0	2.3969E6	
1339	-6.9817E-1	1.5444E2	2.2329E0	2.3991E6	
1340	-7.0068E-1	1.5070E2	2.2390E0	2.4014E6	
1341	-6.9595E-1	1.5772E2	2.2452E0	2.4036E6	
1342	-6.9939E-1	1.5263E2	2.2513E0	2.4058E6	
1343	-7.0160E-1	1.4934E2	2.2576E0	2.4080E6	
1344	-7.0000E-1	1.5172E2	2.2638E0	2.4102E6	
1345	-7.0015E-1	1.5150E2	2.2699E0	2.4125E6	
1346	-7.0137E-1	1.4968E2	2.2761E0	2.4147E6	
1347	-7.0000E-1	1.5172E2	2.2823E0	2.4169E6	
1348	-7.0152E-1	1.4946E2	2.2884E0	2.4191E6	
1349	-7.0267E-1	1.4776E2	2.2947E0	2.4213E6	
1350	-7.0068E-1	1.5070E2	2.3009E0	2.4236E6	
1351	-7.0251E-1	1.4799E2	2.3070E0	2.4258E6	
1352	-7.0229E-1	1.4833E2	2.3134E0	2.4280E6	
1353	-6.9962E-1	1.5229E2	2.3196E0	2.4302E6	
1354	-7.0045E-1	1.5104E2	2.3257E0	2.4324E6	
1355	-7.0320E-1	1.4697E2	2.3320E0	2.4347E6	
1356	-7.0328E-1	1.4685E2	2.3382E0	2.4369E6	
1357	-7.0229E-1	1.4833E2	2.3444E0	2.4391E6	
1358	-7.0015E-1	1.5150E2	2.3507E0	2.4413E6	
1359	-7.0404E-1	1.4572E2	2.3570E0	2.4435E6	
1360	-7.0282E-1	1.4753E2	2.3632E0	2.4458E6	
1361	-7.0396E-1	1.4583E2	2.3695E0	2.4480E6	
1362	-7.0206E-1	1.4867E2	2.3757E0	2.4502E6	
1363	-7.0457E-1	1.4493E2	2.3819E0	2.4524E6	
1364	-7.0480E-1	1.4459E2	2.3883E0	2.4546E6	
1365	-7.0473E-1	1.4470E2	2.3946E0	2.4569E6	
1366	-7.0580E-1	1.4312E2	2.4009E0	2.4591E6	
1367	-7.0496E-1	1.4436E2	2.4070E0	2.4613E6	
1368	-7.0724E-1	1.4097E2	2.4134E0	2.4635E6	
1369	-7.0503E-1	1.4425E2	2.4198E0	2.4657E6	
1370	-7.0709E-1	1.4119E2	2.4260E0	2.4680E6	
1371	-7.0641E-1	1.4221E2	2.4323E0	2.4702E6	
1372	-7.0541E-1	1.4368E2	2.4387E0	2.4724E6	
1373	-7.0618E-1	1.4255E2	2.4449E0	2.4746E6	
1374	-7.0572E-1	1.4323E2	2.4512E0	2.4768E6	
1375	-7.0679E-1	1.4165E2	2.4575E0	2.4791E6	
1376	-7.0686E-1	1.4153E2	2.4638E0	2.4813E6	
1377	-7.0641E-1	1.4221E2	2.4702E0	2.4835E6	
1378	-7.0755E-1	1.4051E2	2.4765E0	2.4857E6	
1379	-7.0770E-1	1.4029E2	2.4829E0	2.4879E6	
1380	-7.0847E-1	1.3915E2	2.4894E0	2.4902E6	
1381	-7.0747E-1	1.4063E2	2.4956E0	2.4924E6	
1382	-7.0755E-1	1.4051E2	2.5020E0	2.4946E6	
1383	-7.0732E-1	1.4085E2	2.5084E0	2.4968E6	
1384	-7.0885E-1	1.3859E2	2.5147E0	2.4990E6	
1385	-7.0763E-1	1.4040E2	2.5211E0	2.5013E6	
1386	-7.0793E-1	1.3995E2	2.5274E0	2.5035E6	
1387	-7.0724E-1	1.4097E2	2.5338E0	2.5057E6	
1388	-7.0900E-1	1.3836E2	2.5401E0	2.5079E6	
1389	-7.1060E-1	1.3598E2	2.5465E0	2.5101E6	
1390	-7.1091E-1	1.3553E2	2.5529E0	2.5124E6	
1391	-7.1037E-1	1.3632E2	2.5593E0	2.5146E6	
1392	-7.1022E-1	1.3655E2	2.5657E0	2.5168E6	
1393	-7.1037E-1	1.3632E2	2.5722E0	2.5190E6	
1394	-7.1243E-1	1.3327E2	2.5785E0	2.5212E6	
1395	-7.0992E-1	1.3700E2	2.5849E0	2.5235E6	
1396	-7.1266E-1	1.3293E2	2.5914E0	2.5257E6	
1397	-7.1144E-1	1.3474E2	2.5977E0	2.5279E6	
1398	-7.1136E-1	1.3485E2	2.6042E0	2.5301E6	
1399	-7.1335E-1	1.3191E2	2.6106E0	2.5323E6	
1400	-7.1075E-1	1.3576E2	2.6171E0	2.5346E6	
1401	-7.0831E-1	1.3938E2	2.6234E0	2.5368E6	
1402	-7.1136E-1	1.3485E2	2.6299E0	2.5390E6	
1403	-7.1274E-1	1.3281E2	2.6365E0	2.5412E6	
1404	-7.1510E-1	1.2930E2	2.6428E0	2.5434E6	
1405	-7.1251E-1	1.3315E2	2.6493E0	2.5457E6	
1406	-7.1350E-1	1.3168E2	2.6558E0	2.5479E6	
1407	-7.1411E-1	1.3078E2	2.6622E0	2.5501E6	
1408	-7.1487E-1	1.2964E2	2.6687E0	2.5523E6	
1409	-7.1404E-1	1.3089E2	2.6751E0	2.5545E6	
1410	-7.1442E-1	1.3032E2	2.6817E0	2.5568E6	
1411	-7.1404E-1	1.3089E2	2.6881E0	2.5590E6	
1412	-7.1449E-1	1.3021E2	2.6945E0	2.5612E6	
1413	-7.1518E-1	1.2919E2	2.7011E0	2.5634E6	
1414	-7.1136E-1	1.3485E2	2.7075E0	2.5656E6	
1415	-7.1503E-1	1.2942E2	2.7140E0	2.5679E6	
1416	-7.1465E-1	1.2998E2	2.7206E0	2.5701E6	
1417	-7.1533E-1	1.2896E2	2.7271E0	2.5723E6	
1418	-7.1556E-1	1.2862E2	2.7335E0	2.5745E6	
1419	-7.1350E-1	1.3168E2	2.7401E0	2.5767E6	
1420	-7.1732E-1	1.2602E2	2.7465E0	2.5790E6	
1421	-7.1579E-1	1.2828E2	2.7532E0	2.5812E6	
1422	-7.1625E-1	1.2761E2	2.7596E0	2.5834E6	
1423	-7.1754E-1	1.2568E2	2.7663E0	2.5856E6	
1424	-7.1449E-1	1.3021E2	2.7726E0	2.5878E6	
1425	-7.1762E-1	1.2557E2	2.7792E0	2.5901E6	
1426	-7.1663E-1	1.2704E2	2.7858E0	2.5923E6	
1427	-7.1701E-1	1.2647E2	2.7924E0	2.5945E6	
1428	-7.1602E-1	1.2795E2	2.7989E0	2.5967E6	
1429	-7.1526E-1	1.2908E2	2.8054E0	2.5989E6	
1430	-7.1854E-1	1.2421E2	2.8120E0	2.6012E6	
1431	-7.1732E-1	1.2602E2	2.8185E0	2.6034E6	
1432	-7.1472E-1	1.2987E2	2.8251E0	2.6056E6	
1433	-7.1358E-1	1.3157E2	2.8317E0	2.6078E6	
1434	-7.1823E-1	1.2466E2	2.8382E0	2.6100E6	
1435	-7.1594E-1	1.2806E2	2.8448E0	2.6123E6	
1436	-7.1877E-1	1.2387E2	2.8514E0	2.6145E6	
1437	-7.1930E-1	1.2308E2	2.8580E0	2.6167E6	
1438	-7.1777E-1	1.2534E2	2.8646E0	2.6189E6	
1439	-7.2006E-1	1.2194E2	2.8713E0	2.6211E6	
1440	-7.1648E-1	1.2727E2	2.8779E0	2.6234E6	
1441	-7.1960E-1	1.2262E2	2.8844E0	2.6256E6	
1442	-7.2014E-1	1.2183E2	2.8911E0	2.6278E6	
1443	-7.2174E-1	1.1945E2	2.8976E0	2.6300E6	
1444	-7.2113E-1	1.2036E2	2.9042E0	2.6322E6	
1445	-7.1877E-1	1.2387E2	2.9109E0	2.6345E6	
1446	-7.1930E-1	1.2308E2	2.9175E0	2.6367E6	
1447	-7.2281E-1	1.1787E2	2.9242E0	2.6389E6	
1448	-7.1991E-1	1.2217E2	2.9307E0	2.6411E6	
1449	-7.2296E-1	1.1764E2	2.9374E0	2.6433E6	
1450	-7.2189E-1	1.1923E2	2.9440E0	2.6456E6	
1451	-7.2037E-1	1.2149E2	2.9507E0	2.6478E6	
1452	-7.2197E-1	1.1911E2	2.9573E0	2.6500E6	
1453	-7.2136E-1	1.2002E2	2.9640E0	2.6522E6	
1454	-7.2235E-1	1.1855E2	2.9706E0	2.6544E6	
1455	-7.2128E-1	1.2013E2	2.9773E0	2.6567E6	
1456	-7.2037E-1	1.2149E2	2.9840E0	2.6589E6	
1457	-7.2395E-1	1.1617E2	2.9906E0	2.6611E6	
1458	-7.2319E-1	1.1730E2	2.9974E0	2.6633E6	
1459	-7.2250E-1	1.1832E2	3.0040E0	2.6655E6	
1460	-7.2334E-1	1.1708E2	3.0107E0	2.6678E6	
1461	-7.2502E-1	1.1458E2	3.0173E0	2.6700E6	
1462	-7.2281E-1	1.1787E2	3.0240E0	2.6722E6	
1463	-7.2525E-1	1.1424E2	3.0307E0	2.6744E6	
1464	-7.2350E-1	1.1685E2	3.0374E0	2.6766E6	
1465	-7.2510E-1	1.1447E2	3.0442E0	2.6789E6	
1466	-7.2495E-1	1.1470E2	3.0508E0	2.6811E6	
1467	-7.2556E-1	1.1379E2	3.0575E0	2.6833E6	
1468	-7.2411E-1	1.1594E2	3.0643E0	2.6855E6	
1469	-7.2464E-1	1.1515E2	3.0710E0	2.6877E6	
1470	-7.2655E-1	1.1232E2	3.0777E0	2.6900E6	
1471	-7.2586E-1	1.1334E2	3.0844E0	2.6922E6	
1472	-7.2571E-1	1.1357E2	3.0912E0	2.6944E6	
1473	-7.2723E-1	1.1130E2	3.0979E0	2.6966E6	
1474	-7.2578E-1	1.1345E2	3.1046E0	2.6988E6	
1475	-7.2472E-1	1.1504E2	3.1114E0	2.7011E6	
1476	-7.2594E-1	1.1323E2	3.1181E0	2.7033E6	
1477	-7.2701E-1	1.1164E2	3.1249E0	2.7055E6	
1478	-7.2868E-1	1.0915E2	3.1317E0	2.7077E6	
1479	-7.2624E-1	1.1277E2	3.1384E0	2.7099E6	
1480	-7.2701E-1	1.1164E2	3.1451E0	2.7122E6	
1481	-7.2792E-1	1.1028E2	3.1519E0	2.7144E6	
1482	-7.2861E-1	1.0926E2	3.1587E0	2.7166E6	
1483	-7.2685E-1	1.1187E2	3.1654E0	2.7188E6	
1484	-7.2845E-1	1.0949E2	3.1722E0	2.7210E6	
1485	-7.2815E-1	1.0994E2	3.1790E0	2.7233E6	
1486	-7.2807E-1	1.1006E2	3.1858E0	2.7255E6	
1487	-7.2922E-1	1.0836E2	3.1925E0	2.7277E6	
1488	-7.2853E-1	1.0938E2	3.1994E0	2.7299E6	
1489	-7.3143E-1	1.0507E2	3.2061E0	2.7321E6	
1490	-7.2929E-1	1.0824E2	3.2129E0	2.7344E6	
1491	-7.3074E-1	1.0609E2	3.2198E0	2.7366E6	
1492	-7.2937E-1	1.0813E2	3.2265E0	2.7388E6	
1493	-7.3021E-1	1.0689E2	3.2334E0	2.7410E6	
1494	-7.3280E-1	1.0304E2	3.2401E0	2.7432E6	
1495	-7.2983E-1	1.0745E2	3.2469E0	2.7455E6	
1496	-7.2968E-1	1.0768E2	3.2538E0	2.7477E6	
1497	-7.3189E-1	1.0439E2	3.2607E0	2.7499E6	
1498	-7.3235E-1	1.0371E2	3.2675E0	2.7521E6	
1499	-7.3021E-1	1.0689E2	3.2743E0	2.7543E6	
1500	-7.2807E-1	1.1006E2	3.2812E0	2.7566E6	
1501	-7.3105E-1	1.0564E2	3.2880E0	2.7588E6	
1502	-7.3326E-1	1.0236E2	3.2949E0	2.7610E6	
1503	-7.3418E-1	1.0100E2	3.3016E0	2.7632E6	
1504	-7.3318E-1	1.0247E2	3.3085E0	2.7654E6	
1505	-7.3212E-1	1.0405E2	3.3154E0	2.7677E6	
1506	-7.3364E-1	1.0179E2	3.3222E0	2.7699E6	
1507	-7.3219E-1	1.0394E2	3.3291E0	2.7721E6	
1508	-7.3410E-1	1.0111E2	3.3360E0	2.7743E6	
1509	-7.3212E-1	1.0405E2	3.3429E0	2.7765E6	
1510	-7.3540E-1	9.9186E1	3.3497E0	2.7788E6	
1511	-7.3357E-1	1.0190E2	3.3565E0	2.7810E6	
1512	-7.3387E-1	1.0145E2	3.3635E0	2.7832E6	
1513	-7.3380E-1	1.0156E2	3.3704E0	2.7854E6	
1514	-7.3418E-1	1.0100E2	3.3773E0	2.7876E6	
1515	-7.3616E-1	9.8054E1	3.3842E0	2.7899E6	
1516	-7.3631E-1	9.7827E1	3.3910E0	2.7921E6	
1517	-7.3692E-1	9.6921E1	3.3980E0	2.7943E6	
1518	-7.3692E-1	9.6921E1	3.4048E0	2.7965E6	
1519	-7.3692E-1	9.6921E1	3.4117E0	2.7987E6	
1520	-7.3677E-1	9.7148E1	3.4187E0	2.8010E6	
1521	-7.3738E-1	9.6242E1	3.4255E0	2.8032E6	
1522	-7.3723E-1	9.6468E1	3.4325E0	2.8054E6	
1523	-7.3578E-1	9.8620E1	3.4394E0	2.8076E6	
1524	-7.3837E-1	9.4770E1	3.4463E0	2.8098E6	
1525	-7.3814E-1	9.5110E1	3.4533E0	2.8121E6	
1526	-7.3822E-1	9.4996E1	3.4603E0	2.8143E6	
1527	-7.3647E-1	9.7601E1	3.4672E0	2.8165E6	
1528	-7.3853E-1	9.4544E1	3.4741E0	2.8187E6	
1529	-7.3784E-1	9.5563E1	3.4811E0	2.8209E6	
1530	-7.3799E-1	9.5336E1	3.4880E0	2.8232E6	
1531	-7.3723E-1	9.6468E1	3.4950E0	2.8254E6	
1532	-7.3761E-1	9.5902E1	3.5020E0	2.8276E6	
1533	-7.4013E-1	9.2166E1	3.5089E0	2.8298E6	
1534	-7.3952E-1	9.3072E1	3.5158E0	2.8320E6	
1535	-7.4059E-1	9.1486E1	3.5228E0	2.8343E6	
1536	-7.3906E-1	9.3751E1	3.5298E0	2.8365E6	
1537	-7.4005E-1	9.2279E1	3.5367E0	2.8387E6	
1538	-7.3997E-1	9.2392E1	3.5437E0	2.8409E6	
1539	-7.3914E-1	9.3638E1	3.5507E0	2.8431E6	
1540	-7.4013E-1	9.2166E1	3.5577E0	2.8454E6	
1541	-7.4097E-1	9.0920E1	3.5647E0	2.8476E6	
1542	-7.4051E-1	9.1600E1	3.5717E0	2.8498E6	
1543	-7.4219E-1	8.9109E1	3.5787E0	2.8520E6	
1544	-7.3990E-1	9.2505E1	3.5856E0	2.8542E6	
1545	-7.4211E-1	8.9222E1	3.5927E0	2.8565E6	
1546	-7.4249E-1	8.8656E1	3.5997E0	2.8587E6	
1547	-7.4097E-1	9.0920E1	3.6067E0	2.8609E6	
1548	-7.4097E-1	9.0920E1	3.6137E0	2.8631E6	
1549	-7.4081E-1	9.1147E1	3.6207E0	2.8653E6	
1550	-7.4394E-1	8.6505E1	3.6277E0	2.8676E6	
1551	-7.4318E-1	8.7637E1	3.6349E0	2.8698E6	
1552	-7.4440E-1	8.5825E1	3.6418E0	2.8720E6	
1553	-7.4333E-1	8.7410E1	3.6488E0	2.8742E6	
1554	-7.4348E-1	8.7184E1	3.6558E0	2.8764E6	
1555	-7.4463E-1	8.5485E1	3.6630E0	2.8787E6	
1556	-7.4646E-1	8.2768E1	3.6700E0	2.8809E6	
1557	-7.4577E-1	8.3787E1	3.6771E0	2.8831E6	
1558	-7.4356E-1	8.7071E1	3.6841E0	2.8853E6	
1559	-7.4501E-1	8.4919E1	3.6911E0	2.8875E6	
1560	-7.4486E-1	8.5146E1	3.6981E0	2.8898E6	
1561	-7.4730E-1	8.1523E1	3.7053E0	2.8920E6	
1562	-7.4478E-1	8.5259E1	3.7123E0	2.8942E6	
1563	-7.4593E-1	8.3561E1	3.7194E0	2.8964E6	
1564	-7.4585E-1	8.3674E1	3.7265E0	2.8986E6	
1565	-7.4699E-1	8.1975E1	3.7336E0	2.9009E6	
1566	-7.4623E-1	8.3108E1	3.7406E0	2.9031E6	
1567	-7.4570E-1	8.3900E1	3.7477E0	2.9053E6	
1568	-7.4570E-1	8.3900E1	3.7549E0	2.9075E6	
1569	-7.4944E-1	7.8352E1	3.7619E0	2.9097E6	
1570	-7.4715E-1	8.1749E1	3.7690E0	2.9120E6	
1571	-7.4562E-1	8.4014E1	3.7760E0	2.9142E6	
1572	-7.4722E-1	8.1636E1	3.7832E0	2.9164E6	
1573	-7.4646E-1	8.2768E1	3.7903E0	2.9186E6	
1574	-7.4608E-1	8.3334E1	3.7974E0	2.9208E6	
1575	-7.4783E-1	8.0730E1	3.8045E0	2.9231E6	
1576	-7.4890E-1	7.9145E1	3.8116E0	2.9253E6	
1577	-7.4875E-1	7.9371E1	3.8187E0	2.9275E6	
1578	-7.4745E-1	8.1296E1	3.8259E0	2.9297E6	
1579	-7.5012E-1	7.7333E1	3.8329E0	2.9319E6	
1580	-7.4875E-1	7.9371E1	3.8401E0	2.9342E6	
1581	-7.5005E-1	7.7446E1	3.8472E0	2.9364E6	
1582	-7.4966E-1	7.8013E1	3.8544E0	2.9386E6	
1583	-7.5172E-1	7.4955E1	3.8616E0	2.9408E6	
1584	-7.4997E-1	7.7560E1	3.8685E0	2.9430E6	
1585	-7.4944E-1	7.8352E1	3.8759E0	2.9453E6	
1586	-7.5058E-1	7.6654E1	3.8830E0	2.9475E6	
1587	-7.5081E-1	7.6314E1	3.8901E0	2.9497E6	
1588	-7.5165E-1	7.5069E1	3.8973E0	2.9519E6	
1589	-7.5157E-1	7.5182E1	3.9045E0	2.9541E6	
1590	-7.5256E-1	7.3710E1	3.9115E0	2.9564E6	
1591	-7.5066E-1	7.6541E1	3.9189E0	2.9586E6	
1592	-7.5386E-1	7.1785E1	3.9259E0	2.9608E6	
1593	-7.5142E-1	7.5408E1	3.9331E0	2.9630E6	
1594	-7.5249E-1	7.3823E1	3.9402E0	2.9652E6	
1595	-7.5241E-1	7.3936E1	3.9474E0	2.9675E6	
1596	-7.5417E-1	7.1332E1	3.9547E0	2.9697E6	
1597	-7.5478E-1	7.0426E1	3.9618E0	2.9719E6	
1598	-7.5188E-1	7.4729E1	3.9690E0	2.9741E6	
1599	-7.5356E-1	7.2238E1	3.9762E0	2.9763E6	
1600	-7.5340E-1	7.2465E1	3.9834E0	2.9786E6	
1601	-7.5607E-1	6.8502E1	3.9906E0	2.9808E6	
1602	-7.5127E-1	7.5635E1	3.9978E0	2.9830E6	
1603	-7.5226E-1	7.4163E1	4.0050E0	2.9852E6	
1604	-7.5508E-1	6.9974E1	4.0122E0	2.9874E6	
1605	-7.5539E-1	6.9521E1	4.0194E0	2.9897E6	
1606	-7.5401E-1	7.1559E1	4.0267E0	2.9919E6	
1607	-7.5729E-1	6.6690E1	4.0339E0	2.9941E6	
1608	-7.5584E-1	6.8841E1	4.0410E0	2.9963E6	
1609	-7.5554E-1	6.9294E1	4.0483E0	2.9985E6	
1610	-7.5424E-1	7.1219E1	4.0555E0	3.0008E6	
1611	-7.5729E-1	6.6690E1	4.0627E0	3.0030E6	
1612	-7.5775E-1	6.6011E1	4.0700E0	3.0052E6	
1613	-7.5699E-1	6.7143E1	4.0772E0	3.0074E6	
1614	-7.5813E-1	6.5445E1	4.0845E0	3.0096E6	
1615	-7.5684E-1	6.7369E1	4.0918E0	3.0119E6	
1616	-7.5714E-1	6.6916E1	4.0989E0	3.0141E6	
1617	-7.5768E-1	6.6124E1	4.1062E0	3.0163E6	
1618	-7.5493E-1	7.0200E1	4.1135E0	3.0185E6	
1619	-7.5745E-1	6.6464E1	4.1208E0	3.0207E6	
1620	-7.5844E-1	6.4992E1	4.1280E0	3.0230E6	
1621	-7.5829E-1	6.5218E1	4.1353E0	3.0252E6	
1622	-7.5836E-1	6.5105E1	4.1425E0	3.0274E6	
1623	-7.5996E-1	6.2727E1	4.1498E0	3.0296E6	
1624	-7.5783E-1	6.5897E1	4.1571E0	3.0318E6	
1625	-7.6019E-1	6.2387E1	4.1644E0	3.0341E6	
1626	-7.5989E-1	6.2840E1	4.1717E0	3.0363E6	
1627	-7.6118E-1	6.0916E1	4.1789E0	3.0385E6	
1628	-7.6202E-1	5.9670E1	4.1862E0	3.0407E6	
1629	-7.6157E-1	6.0349E1	4.1935E0	3.0429E6	
1630	-7.6263E-1	5.8764E1	4.2007E0	3.0452E6	
1631	-7.6050E-1	6.1935E1	4.2081E0	3.0474E6	
1632	-7.6096E-1	6.1255E1	4.2154E0	3.0496E6	
1633	-7.6057E-1	6.1821E1	4.2227E0	3.0518E6	
1634	-7.6035E-1	6.2161E1	4.2299E0	3.0540E6	
1635	-7.6210E-1	5.9557E1	4.2372E0	3.0563E6	
1636	-7.6019E-1	6.2387E1	4.2446E0	3.0585E6	
1637	-7.6202E-1	5.9670E1	4.2519E0	3.0607E6	
1638	-7.6302E-1	5.8198E1	4.2592E0	3.0629E6	
1639	-7.6431E-1	5.6273E1	4.2666E0	3.0651E6	
1640	-7.6302E-1	5.8198E1	4.2738E0	3.0674E6	
1641	-7.6485E-1	5.5481E1	4.2812E0	3.0696E6	
1642	-7.6454E-1	5.5934E1	4.2886E0	3.0718E6	
1643	-7.6492E-1	5.5367E1	4.2958E0	3.0740E6	
1644	-7.6530E-1	5.4801E1	4.3033E0	3.0762E6	
1645	-7.6271E-1	5.8651E1	4.3104E0	3.0785E6	
1646	-7.6614E-1	5.3556E1	4.3179E0	3.0807E6	
1647	-7.6424E-1	5.6386E1	4.3253E0	3.0829E6	
1648	-7.6447E-1	5.6047E1	4.3325E0	3.0851E6	
1649	-7.6653E-1	5.2990E1	4.3400E0	3.0873E6	
1650	-7.6469E-1	5.5707E1	4.3473E0	3.0896E6	
1651	-7.6645E-1	5.3103E1	4.3546E0	3.0918E6	
1652	-7.6599E-1	5.3782E1	4.3620E0	3.0940E6	
1653	-7.6508E-1	5.5141E1	4.3694E0	3.0962E6	
1654	-7.6454E-1	5.5934E1	4.3767E0	3.0984E6	
1655	-7.6668E-1	5.2763E1	4.3840E0	3.1007E6	
1656	-7.6729E-1	5.1857E1	4.3915E0	3.1029E6	
1657	-7.6645E-1	5.3103E1	4.3988E0	3.1051E6	
1658	-7.6843E-1	5.0159E1	4.4062E0	3.1073E6	
1659	-7.6828E-1	5.0386E1	4.4136E0	3.1095E6	
1660	-7.6706E-1	5.2197E1	4.4209E0	3.1118E6	
1661	-7.6981E-1	4.8121E1	4.4283E0	3.1140E6	
1662	-7.6782E-1	5.1065E1	4.4357E0	3.1162E6	
1663	-7.6881E-1	4.9593E1	4.4430E0	3.1184E6	
1664	-7.6935E-1	4.8800E1	4.4505E0	3.1206E6	
1665	-7.6988E-1	4.8008E1	4.4579E0	3.1229E6	
1666	-7.6942E-1	4.8687E1	4.4652E0	3.1251E6	
1667	-7.6775E-1	5.1178E1	4.4727E0	3.1273E6	
1668	-7.6920E-1	4.9027E1	4.4800E0	3.1295E6	
1669	-7.7110E-1	4.6196E1	4.4874E0	3.1317E6	
1670	-7.6912E-1	4.9140E1	4.4948E0	3.1340E6	
1671	-7.6851E-1	5.0046E1	4.5023E0	3.1362E6	
1672	-7.7042E-1	4.7215E1	4.5097E0	3.1384E6	
1673	-7.7118E-1	4.6083E1	4.5170E0	3.1406E6	
1674	-7.7126E-1	4.5970E1	4.5244E0	3.1428E6	
1675	-7.7072E-1	4.6762E1	4.5319E0	3.1451E6	
1676	-7.7034E-1	4.7328E1	4.5393E0	3.1473E6	
1677	-7.7187E-1	4.5064E1	4.5468E0	3.1495E6	
1678	-7.7065E-1	4.6876E1	4.5541E0	3.1517E6	
1679	-7.7301E-1	4.3366E1	4.5615E0	3.1539E6	
1680	-7.7126E-1	4.5970E1	4.5690E0	3.1562E6	
1681	-7.7217E-1	4.4611E1	4.5764E0	3.1584E6	
1682	-7.7171E-1	4.5290E1	4.5839E0	3.1606E6	
1683	-7.7324E-1	4.3026E1	4.5912E0	3.1628E6	
1684	-7.7538E-1	3.9856E1	4.5987E0	3.1650E6	
1685	-7.7217E-1	4.4611E1	4.6062E0	3.1673E6	
1686	-7.7377E-1	4.2233E1	4.6136E0	3.1695E6	
1687	-7.7309E-1	4.3252E1	4.6211E0	3.1717E6	
1688	-7.7049E-1	4.7102E1	4.6284E0	3.1739E6	
1689	-7.7362E-1	4.2460E1	4.6359E0	3.1761E6	
1690	-7.7560E-1	3.9516E1	4.6434E0	3.1784E6	
1691	-7.7408E-1	4.1780E1	4.6507E0	3.1806E6	
1692	-7.7370E-1	4.2346E1	4.6582E0	3.1828E6	
1693	-7.7362E-1	4.2460E1	4.6657E0	3.1850E6	
1694	-7.7591E-1	3.9063E1	4.6731E0	3.1872E6	
1695	-7.7377E-1	4.2233E1	4.6805E0	3.1895E6	
1696	-7.7522E-1	4.0082E1	4.6881E0	3.1917E6	
1697	-7.7515E-1	4.0195E1	4.6955E0	3.1939E6	
1698	-7.7652E-1	3.8157E1	4.7028E0	3.1961E6	
1699	-7.7576E-1	3.9289E1	4.7104E0	3.1983E6	
1700	-7.7591E-1	3.9063E1	4.7178E0	3.2006E6	
1701	-7.7522E-1	4.0082E1	4.7252E0	3.2028E6	
1702	-7.7927E-1	3.4081E1	4.7326E0	3.2050E6	
1703	-7.7652E-1	3.8157E1	4.7402E0	3.2072E6	
1704	-7.7728E-1	3.7025E1	4.7476E0	3.2094E6	
1705	-7.7904E-1	3.4421E1	4.7551E0	3.2117E6	
1706	-7.7888E-1	3.4647E1	4.7625E0	3.2139E6	
1707	-7.7789E-1	3.6119E1	4.7699E0	3.2161E6	
1708	-7.7789E-1	3.6119E1	4.7774E0	3.2183E6	
1709	-7.7728E-1	3.7025E1	4.7850E0	3.2205E6	
1710	-7.7744E-1	3.6798E1	4.7924E0	3.2228E6	
1711	-7.8262E-1	2.9099E1	4.7999E0	3.2250E6	
1712	-7.8064E-1	3.2043E1	4.8073E0	3.2272E6	
1713	-7.7873E-1	3.4874E1	4.8148E0	3.2294E6	
1714	-7.7621E-1	3.8610E1	4.8223E0	3.2316E6	
1715	-7.8209E-1	2.9892E1	4.8297E0	3.2339E6	
1716	-7.8072E-1	3.1930E1	4.8372E0	3.2361E6	
1717	-7.7972E-1	3.3402E1	4.8447E0	3.2383E6	
1718	-7.8056E-1	3.2156E1	4.8523E0	3.2405E6	
1719	-7.7873E-1	3.4874E1	4.8597E0	3.2427E6	
1720	-7.8178E-1	3.0345E1	4.8673E0	3.2450E6	
1721	-7.8049E-1	3.2269E1	4.8748E0	3.2472E6	
1722	-7.8041E-1	3.2383E1	4.8822E0	3.2494E6	
1723	-7.8201E-1	3.0005E1	4.8897E0	3.2516E6	
1724	-7.8262E-1	2.9099E1	4.8971E0	3.2538E6	
1725	-7.8178E-1	3.0345E1	4.9047E0	3.2561E6	
1726	-7.8278E-1	2.8873E1	4.9122E0	3.2583E6	
1727	-7.8217E-1	2.9778E1	4.9196E0	3.2605E6	
1728	-7.8262E-1	2.9099E1	4.9270E0	3.2627E6	
1729	-7.8362E-1	2.7627E1	4.9346E0	3.2649E6	
1730	-7.8438E-1	2.6495E1	4.9421E0	3.2672E6	
1731	-7.8461E-1	2.6155E1	4.9496E0	3.2694E6	
1732	-7.8308E-1	2.8420E1	4.9571E0	3.2716E6	
1733	-7.8529E-1	2.5136E1	4.9646E0	3.2738E6	
1734	-7.8537E-1	2.5023E1	4.9721E0	3.2760E6	
1735	-7.8392E-1	2.7174E1	4.9797E0	3.2783E6	
1736	-7.8606E-1	2.4004E1	4.9870E0	3.2805E6	
1737	-7.8560E-1	2.4683E1	4.9946E0	3.2827E6	
1738	-7.8636E-1	2.3551E1	5.0021E0	3.2849E6	
1739	-7.8499E-1	2.5589E1	5.0097E0	3.2871E6	
1740	-7.8781E-1	2.1400E1	5.0171E0	3.2894E6	
1741	-7.8514E-1	2.5363E1	5.0247E0	3.2916E6	
1742	-7.8499E-1	2.5589E1	5.0321E0	3.2938E6	
1743	-7.8682E-1	2.2872E1	5.0397E0	3.2960E6	
1744	-7.8468E-1	2.6042E1	5.0472E0	3.2982E6	
1745	-7.8583E-1	2.4344E1	5.0546E0	3.3005E6	
1746	-7.8758E-1	2.1739E1	5.0622E0	3.3027E6	
1747	-7.8758E-1	2.1739E1	5.0697E0	3.3049E6	
1748	-7.8926E-1	1.9248E1	5.0771E0	3.3071E6	
1749	-7.8812E-1	2.0947E1	5.0847E0	3.3093E6	
1750	-7.8819E-1	2.0834E1	5.0922E0	3.3116E6	
1751	-7.8903E-1	1.9588E1	5.0998E0	3.3138E6	
1752	-7.8888E-1	1.9815E1	5.1072E0	3.3160E6	
1753	-7.8796E-1	2.1173E1	5.1147E0	3.3182E6	
1754	-7.8789E-1	2.1286E1	5.1223E0	3.3204E6	
1755	-7.9124E-1	1.6305E1	5.1298E0	3.3227E6	
1756	-7.8941E-1	1.9022E1	5.1373E0	3.3249E6	
1757	-7.8873E-1	2.0041E1	5.1449E0	3.3271E6	
1758	-7.9216E-1	1.4946E1	5.1523E0	3.3293E6	
1759	-7.8957E-1	1.8796E1	5.1598E0	3.3315E6	
1760	-7.9079E-1	1.6984E1	5.1672E0	3.3338E6	
1761	-7.9407E-1	1.2115E1	5.1749E0	3.3360E6	
1762	-7.9132E-1	1.6191E1	5.1823E0	3.3382E6	
1763	-7.8972E-1	1.8569E1	5.1899E0	3.3404E6	
1764	-7.8880E-1	1.9928E1	5.1973E0	3.3426E6	
1765	-7.9247E-1	1.4493E1	5.2049E0	3.3449E6	
1766	-7.9269E-1	1.4153E1	5.2123E0	3.3471E6	
1767	-7.9315E-1	1.3474E1	5.2199E0	3.3493E6	
1768	-7.9231E-1	1.4719E1	5.2274E0	3.3515E6	
1769	-7.9216E-1	1.4946E1	5.2349E0	3.3537E6	
1770	-7.9224E-1	1.4833E1	5.2425E0	3.3560E6	
1771	-7.9376E-1	1.2568E1	5.2500E0	3.3582E6	
1772	-7.9346E-1	1.3021E1	5.2575E0	3.3604E6	
1773	-7.9445E-1	1.1549E1	5.2649E0	3.3626E6	
1774	-7.9506E-1	1.0643E1	5.2725E0	3.3648E6	
1775	-7.9483E-1	1.0983E1	5.2800E0	3.3671E6	
1776	-7.9391E-1	1.2342E1	5.2874E0	3.3693E6	
1777	-7.9445E-1	1.1549E1	5.2950E0	3.3715E6	
1778	-7.9552E-1	9.9639E0	5.3025E0	3.3737E6	
1779	-7.9437E-1	1.1662E1	5.3099E0	3.3759E6	
1780	-7.9475E-1	1.1096E1	5.3173E0	3.3782E6	
1781	-7.9674E-1	8.1523E0	5.3250E0	3.3804E6	
1782	-7.9620E-1	8.9449E0	5.3325E0	3.3826E6	
1783	-7.9498E-1	1.0757E1	5.3398E0	3.3848E6	
1784	-7.9727E-1	7.3597E0	5.3474E0	3.3870E6	
1785	-7.9559E-1	9.8507E0	5.3548E0	3.3893E6	
1786	-7.9536E-1	1.0190E1	5.3623E0	3.3915E6	
1787	-7.9376E-1	1.2568E1	5.3699E0	3.3937E6	
1788	-7.9582E-1	9.5110E0	5.3773E0	3.3959E6	
1789	-7.9720E-1	7.4730E0	5.3849E0	3.3981E6	
1790	-7.9781E-1	6.5671E0	5.3924E0	3.4004E6	
1791	-7.9681E-1	8.0391E0	5.3998E0	3.4026E6	
1792	-7.9811E-1	6.1142E0	5.4046E0	3.4040E6	
1793	-7.9811E-1	6.1142E0	5.4046E0	3.4040E6	
1794	-7.9811E-1	6.1142E0	5.4046E0	3.4040E6	
1795	-7.9811E-1	6.1142E0	5.4046E0	3.4040E6	
1796	-7.9811E-1	6.1142E0	5.4046E0	3.4040E6	
1797	-7.9811E-1	6.1142E0	5.4046E0	3.4040E6	
1798	-7.9811E-1	6.1142E0	5.4046E0	3.4040E6	
1799	-7.9811E-1	6.1142E0	5.4046E0	3.4040E6	
1800	-7.9811E-1	6.1142E0	5.4046E0	3.4040E6	
1801	-7.9811E-1	6.1142E0	5.4046E0	3.4040E6	
1802	-7.9811E-1	6.1142E0	5.4046E0	3.4040E6	
1803	-7.9811E-1	6.1142E0	5.4046E0	3.4040E6	
1804	-7.9811E-1	6.1142E0	5.4046E0	3.4040E6	
1805	-7.9811E-1	6.1142E0	5.4046E0	3.4040E6	
1806	-7.9811E-1	6.1142E0	5.4046E0	3.4040E6	
1807	-7.9811E-1	6.1142E0	5.4046E0	3.4040E6	
1808	-7.9811E-1	6.1142E0	5.4046E0	3.4040E6	
1809	-7.9811E-1	6.1142E0	5.4046E0	3.4040E6	
1810	-7.9811E-1	6.1142E0	5.4046E0	3.4040E6	
1811	-7.9811E-1	6.1142E0	5.4046E0	3.4040E6	
1812	-7.9811E-1	6.1142E0	5.4046E0	3.4040E6	
1813	-7.9811E-1	6.1142E0	5.4046E0	3.4040E6	
1814	-7.9811E-1	6.1142E0	5.4046E0	3.4040E6	
1815	-7.9811E-1	6.1142E0	5.4046E0	3.4040E6	
1816	-7.9811E-1	6.1142E0	5.4046E0	3.4040E6	
1817	-7.9811E-1	6.1142E0	5.4046E0	3.4040E6	
1818	-7.9811E-1	6.1142E0	5.4046E0	3.4040E6	
1819	-7.9811E-1	6.1142E0	5.4046E0	3.4040E6	
1820	-7.9811E-1	6.1142E0	5.4046E0	3.4040E6	
1821	-7.9811E-1	6.1142E0	5.4046E0	3.4040E6	
1822	-7.9811E-1	6.1142E0	5.4046E0	3.4040E6	
1823	-7.9811E-1	6.1142E0	5.4046E0	3.4040E6	
1824	-7.9811E-1	6.1142E0	5.4046E0	3.4040E6	
1825	-7.9811E-1	6.1142E0	5.4046E0	3.4040E6	
1826	-7.9811E-1	6.1142E0	5.4046E0	3.4040E6	
1827	-7.9811E-1	6.1142E0	5.4046E0	3.4040E6	
1828	-7.9811E-1	6.1142E0	5.4046E0	3.4040E6	
1829	-7.9811E-1	6.1142E0	5.4046E0	3.4040E6	
1830	-7.9811E-1	6.1142E0	5.4046E0	3.4040E6	
1831	-7.9811E-1	6.1142E0	5.4046E0	3.4040E6	
1832	-7.9811E-1	6.1142E0	5.4046E0	3.4040E6	
1833	-7.9811E-1	6.1142E0	5.4046E0	3.4040E6	
1834	-7.9811E-1	6.1142E0	5.4046E0	3.4040E6	
1835	-7.9811E-1	6.1142E0	5.4046E0	3.4040E6	
1836	-7.9811E-1	6.1142E0	5.4046E0	3.4040E6	
1837	-7.9811E-1	6.1142E0	5.4046E0	3.4040E6	
1838	-7.9811E-1	6.1142E0	5.4046E0	3.4040E6	
1839	-7.9811E-1	6.1142E0	5.4046E0	3.4040E6	
1840	-7.9811E-1	6.1142E0	5.4046E0	3.4040E6	
1841	-7.9811E-1	6.1142E0	5.4046E0	3.4040E6	
1842	-7.9811E-1	6.1142E0	5.4046E0	3.4040E6	
1843	-7.9811E-1	6.1142E0	5.4046E0	3.4040E6	
1844	-7.9811E-1	6.1142E0	5.4046E0	3.4040E6	
1845	-7.9811E-1	6.1142E0	5.4046E0	3.4040E6	
1846	-7.9811E-1	6.1142E0	5.4046E0	3.4040E6	
1847	-7.9811E-1	6.1142E0	5.4046E0	3.4040E6	
1848	-7.9811E-1	6.1142E0	5.4046E0	3.4040E6	
1849	-7.9811E-1	6.1142E0	5.4046E0	3.4040E6	
1850	-7.9811E-1	6.1142E0	5.4046E0	3.4040E6	
1851	-7.9811E-1	6.1142E0	5.4046E0	3.4040E6	
1852	-7.9811E-1	6.1142E0	5.4046E0	3.4040E6	
1853	-7.9811E-1	6.1142E0	5.4046E0	3.4040E6	
1854	-7.9811E-1	6.1142E0	5.4046E0	3.4040E6	
1855	-7.9811E-1	6.1142E0	5.4046E0	3.4040E6	
1856	-7.9811E-1	6.1142E0	5.4046E0	3.4040E6	
1857	-7.9811E-1	6.1142E0	5.4046E0	3.4040E6	
1858	-7.9811E-1	6.1142E0	5.4046E0	3.4040E6	
1859	-7.9811E-1	6.1142E0	5.4046E0	3.4040E6	
1860	-7.9811E-1	6.1142E0	5.4046E0	3.4040E6	
1861	-7.9811E-1	6.1142E0	5.4046E0	3.4040E6	
1862	-7.9811E-1	6.1142E0	5.4046E0	3.4040E6	
1863	-7.9811E-1	6.1142E0	5.4046E0	3.4040E6	
1864	-7.9811E-1	6.1142E0	5.4046E0	3.4040E6	
1865	-7.9811E-1	6.1142E0	5.4046E0	3.4040E6	
1866	-7.9811E-1	6.1142E0	5.4046E0	3.4040E6	
1867	-7.9811E-1	6.1142E0	5.4046E0	3.4040E6	
1868	-7.9811E-1	6.1142E0	5.4046E0	3.4040E6	
1869	-7.9811E-1	6.1142E0	5.4046E0	3.4040E6	
1870	-7.9811E-1	6.1142E0	5.4046E0	3.4040E6	
1871	-7.9811E-1	6.1142E0	5.4046E0	3.4040E6	
1872	-7.9811E-1	6.1142E0	5.4046E0	3.4040E6	
1873	-7.9811E-1	6.1142E0	5.4046E0	3.4040E6	
1874	-7.9811E-1	6.1142E0	5.4046E0	3.4040E6	
1875	-7.9811E-1	6.1142E0	5.4046E0	3.4040E6	
1876	-7.9811E-1	6.1142E0	5.4046E0	3.4040E6	
1877	-7.9811E-1	6.1142E0	5.4046E0	3.4040E6	
1878	-7.9811E-1	6.1142E0	5.4046E0	3.4040E6	
1879	-7.9811E-1	6.1142E0	5.4046E0	3.4040E6	
1880	-7.9811E-1	6.1142E0	5.4046E0	3.4040E6	
1881	-7.9811E-1	6.1142E0	5.4046E0	3.4040E6	
1882	-7.9811E-1	6.1142E0	5.4046E0	3.4040E6	
1883	-7.9811E-1	6.1142E0	5.4046E0	3.4040E6	
1884	-7.9811E-1	6.1142E0	5.4046E0	3.4040E6	
1885	-7.9811E-1	6.1142E0	5.4046E0	3.4040E6	
1886	-7.9811E-1	6.1142E0	5.4046E0	3.4040E6	
1887	-7.9811E-1	6.1142E0	5.4046E0	3.4040E6	
1888	-7.9811E-1	6.1142E0	5.4046E0	3.4040E6	
1889	-7.9811E-1	6.1142E0	5.4046E0	3.4040E6	
1890	-7.9811E-1	6.1142E0	5.4046E0	3.4040E6	
1891	-7.9811E-1	6.1142E0	5.4046E0	3.4040E6	
1892	-7.9811E-1	6.1142E0	5.4046E0	3.4040E6	
1893	-7.9811E-1	6.1142E0	5.4046E0	3.4040E6	
1894	-7.9811E-1	6.1142E0	5.4046E0	3.4040E6	
1895	-7.9811E-1	6.1142E0	5.4046E0	3.4040E6	
1896	-7.9811E-1	6.1142E0	5.4046E0	3.4040E6	
1897	-7.9811E-1	6.1142E0	5.4046E0	3.4040E6	
1898	-7.9811E-1	6.1142E0	5.4046E0	3.4040E6	
1899	-7.9811E-1	6.1142E0	5.4046E0	3.4040E6	
1900	-7.9811E-1	6.1142E0	5.4046E0	3.4040E6	
1901	-7.9811E-1	6.1142E0	5.4046E0	3.4040E6	
1902	-7.9811E-1	6.1142E0	5.4046E0	3.4040E6	
1903	-7.9811E-1	6.1142E0	5.4046E0	3.4040E6	
1904	-7.9811E-1	6.1142E0	5.4046E0	3.4040E6	
1905	-7.9811E-1	6.1142E0	5.4046E0	3.4040E6	
1906	-7.9811E-1	6.1142E0	5.4046E0	3.4040E6	
1907	-7.9811E-1	6.1142E0	5.4046E0	3.4040E6	
1908	-7.9811E-1	6.1142E0	5.4046E0	3.4040E6	
1909	-7.9811E-1	6.1142E0	5.4046E0	3.4040E6	
1910	-7.9811E-1	6.1142E0	5.4046E0	3.4040E6	
1911	-7.9811E-1	6.1142E0	5.4046E0	3.4040E6	
1912	-7.9811E-1	6.1142E0	5.4046E0	3.4040E6	
1913	-7.9811E-1	6.1142E0	5.4046E0	3.4040E6	
1914	-7.9811E-1	6.1142E0	5.4046E0	3.4040E6	
1915	-7.9811E-1	6.1142E0	5.4046E0	3.4040E6	
1916	-7.9811E-1	6.1142E0	5.4046E0	3.4040E6	
1917	-7.9811E-1	6.1142E0	5.4046E0	3.4040E6	
1918	-7.9811E-1	6.1142E0	5.4046E0	3.4040E6	
1919	-7.9811E-1	6.1142E0	5.4046E0	3.4040E6	
1920	-7.9811E-1	6.1142E0	5.4046E0	3.4040E6	
1921	-7.9811E-1	6.1142E0	5.4046E0	3.4040E6	
1922	-7.9811E-1	6.1142E0	5.4046E0	3.4040E6	
1923	-7.9811E-1	6.1142E0	5.4046E0	3.4040E6	
1924	-7.9811E-1	6.1142E0	5.4046E0	3.4040E6	
1925	-7.9811E-1	6.1142E0	5.4046E0	3.4040E6	
1926	-7.9811E-1	6.1142E0	5.4046E0	3.4040E6	
1927	-7.9811E-1	6.1142E0	5.4046E0	3.4040E6	
1928	-7.9811E-1	6.1142E0	5.4046E0	3.4040E6	
1929	-7.9811E-1	6.1142E0	5.4046E0	3.4040E6	
1930	-7.9811E-1	6.1142E0	5.4046E0	3.4040E6	
1931	-7.9811E-1	6.1142E0	5.4046E0	3.4040E6	
1932	-7.9811E-1	6.1142E0	5.4046E0	3.4040E6	
1933	-7.9811E-1	6.1142E0	5.4046E0	3.4040E6	
1934	-7.9811E-1	6.1142E0	5.4046E0	3.4040E6	
1935	-7.9811E-1	6.1142E0	5.4046E0	3.4040E6	
1936	-7.9811E-1	6.1142E0	5.4046E0	3.4040E6	
1937	-7.9811E-1	6.1142E0	5.4046E0	3.4040E6	
1938	-7.9811E-1	6.1142E0	5.4046E0	3.4040E6	
1939	-7.9811E-1	6.1142E0	5.4046E0	3.4040E6	
1940	-7.9811E-1	6.1142E0	5.4046E0	3.4040E6	
1941	-7.9811E-1	6.1142E0	5.4046E0	3.4040E6	
1942	-7.9811E-1	6.1142E0	5.4046E0	3.4040E6	
1943	-7.9811E-1	6.1142E0	5.4046E0	3.4040E6	
1944	-7.9811E-1	6.1142E0	5.4046E0	3.4040E6	
1945	-7.9811E-1	6.1142E0	5.4046E0	3.4040E6	
1946	-7.9811E-1	6.1142E0	5.4046E0	3.4040E6	
1947	-7.9811E-1	6.1142E0	5.4046E0	3.4040E6	
1948	-7.9811E-1	6.1142E0	5.4046E0	3.4040E6	
1949	-7.9811E-1	6.1142E0	5.4046E0	3.4040E6	
1950	-7.9811E-1	6.1142E0	5.4046E0	3.4040E6	
1951	-7.9811E-1	6.1142E0	5.4046E0	3.4040E6	
1952	-7.9811E-1	6.1142E0	5.4046E0	3.4040E6	
1953	-7.9811E-1	6.1142E0	5.4046E0	3.4040E6	
1954	-7.9811E-1	6.1142E0	5.4046E0	3.4040E6	
1955	-7.9811E-1	6.1142E0	5.4046E0	3.4040E6	
1956	-7.9811E-1	6.1142E0	5.4046E0	3.4040E6	
1957	-7.9811E-1	6.1142E0	5.4046E0	3.4040E6	
1958	-7.9811E-1	6.1142E0	5.4046E0	3.4040E6	
1959	-7.9811E-1	6.1142E0	5.4046E0	3.4040E6	
1960	-7.9811E-1	6.1142E0	5.4046E0	3.4040E6	
1961	-7.9811E-1	6.1142E0	5.4046E0	3.4040E6	
1962	-7.9811E-1	6.1142E0	5.4046E0	3.4040E6	
1963	-7.9811E-1	6.1142E0	5.4046E0	3.4040E6	
1964	-7.9811E-1	6.1142E0	5.4046E0	3.4040E6	
1965	-7.9811E-1	6.1142E0	5.4046E0	3.4040E6	
1966	-7.9811E-1	6.1142E0	5.4046E0	3.4040E6	
1967	-7.9811E-1	6.1142E0	5.4046E0	3.4040E6	
1968	-7.9811E-1	6.1142E0	5.4046E0	3.4040E6	
1969	-7.9811E-1	6.1142E0	5.4046E0	3.4040E6	
1970	-7.9811E-1	6.1142E0	5.4046E0	3.4040E6	
1971	-7.9811E-1	6.1142E0	5.4046E0	3.4040E6	
1972	-7.9811E-1	6.1142E0	5.4046E0	3.4040E6	
1973	-7.9811E-1	6.1142E0	5.4046E0	3.4040E6	
1974	-7.9811E-1	6.1142E0	5.4046E0	3.4040E6	
1975	-7.9811E-1	6.1142E0	5.4046E0	3.4040E6	
1976	-7.9811E-1	6.1142E0	5.4046E0	3.4040E6	
1977	-7.9811E-1	6.1142E0	5.4046E0	3.4040E6	
1978	-7.9811E-1	6.1142E0	5.4046E0	3.4040E6	
1979	-7.9811E-1	6.1142E0	5.4046E0	3.4040E6	
1980	-7.9811E-1	6.1142E0	5.4046E0	3.4040E6	
1981	-7.9811E-1	6.1142E0	5.4046E0	3.4040E6	
1982	-7.9811E-1	6.1142E0	5.4046E0	3.4040E6	
1983	-7.9811E-1	6.1142E0	5.4046E0	3.4040E6	
1984	-7.9811E-1	6.1142E0	5.4046E0	3.4040E6	
1985	-7.9811E-1	6.1142E0	5.4046E0	3.4040E6	
1986	-7.9811E-1	6.1142E0	5.4046E0	3.4040E6	
1987	-7.9811E-1	6.1142E0	5.4046E0	3.4040E6	
1988	-7.9811E-1	6.1142E0	5.4046E0	3.4040E6	
1989	-7.9811E-1	6.1142E0	5.4046E0	3.4040E6	
1990	-7.9811E-1	6.1142E0	5.4046E0	3.4040E6	
1991	-7.9811E-1	6.1142E0	5.4046E0	3.4040E6	
1992	-7.9811E-1	6.1142E0	5.4046E0	3.4040E6	
1993	-7.9811E-1	6.1142E0	5.4046E0	3.4040E6	
1994	-7.9811E-1	6.1142E0	5.4046E0	3.4040E6	
1995	-7.9811E-1	6.1142E0	5.4046E0	3.4040E6	
1996	-7.9811E-1	6.1142E0	5.4046E0	3.4040E6	
1997	-7.9811E-1	6.1142E0	5.4046E0	3.4040E6	
1998	-7.9811E-1	6.1142E0	5.4046E0	3.4040E6	
1999	-7.9811E-1	6.1142E0	5.4046E0	3.4040E6	
2000	-7.9811E-1	6.1142E0	5.4046E0	3.4040E6	
2001	-7.9811E-1	6.1142E0	5.4046E0	3.4040E6	
2002	-7.9811E-1	6.1142E0	5.4046E0	3.4040E6	
2003	-7.9811E-1	6.1142E0	5.4046E0	3.4040E6	
2004	-7.9811E-1	6.1142E0	5.4046E0	3.4040E6	
2005	-7.9811E-1	6.1142E0	5.4046E0	3.4040E6	
2006	-7.9811E-1	6.1142E0	5.4046E0	3.4040E6	
2007	-7.9811E-1	6.1142E0	5.4046E0	3.4040E6	
2008	-7.9811E-1	6.1142E0	5.4046E0	3.4040E6	
2009	-7.9811E-1	6.1142E0	5.4046E0	3.4040E6	
2010	-7.9811E-1	6.1142E0	5.4046E0	3.4040E6	
2011	-7.9811E-1	6.1142E0	5.4046E0	3.4040E6	
2012	-7.9811E-1	6.1142E0	5.4046E0	3.4040E6	
2013	-7.9811E-1	6.1142E0	5.4046E0	3.4040E6	
2014	-7.9811E-1	6.1142E0	5.4046E0	3.4040E6	
2015	-7.9811E-1	6.1142E0	5.4046E0	3.4040E6	
2016	-7.9811E-1	6.1142E0	5.4046E0	3.4040E6	
2017	-7.9811E-1	6.1142E0	5.4046E0	3.4040E6	
2018	-7.9811E-1	6.1142E0	5.4046E0	3.4040E6	
2019	-7.9811E-1	6.1142E0	5.4046E0	3.4040E6	
2020	-7.9811E-1	6.1142E0	5.4046E0	3.4040E6	
2021	-7.9811E-1	6.1142E0	5.4046E0	3.4040E6	
2022	-7.9811E-1	6.1142E0	5.4046E0	3.4040E6	
2023	-7.9811E-1	6.1142E0	5.4046E0	3.4040E6	
2024	-7.9811E-1	6.1142E0	5.4046E0	3.4040E6	
2025	-7.9811E-1	6.1142E0	5.4046E0	3.4040E6	
2026	-7.9811E-1	6.1142E0	5.4046E0	3.4040E6	
2027	-7.9811E-1	6.1142E0	5.4046E0	3.4040E6	
2028	-7.9811E-1	6.1142E0	5.4046E0	3.4040E6	
2029	-7.9811E-1	6.1142E0	5.4046E0	3.4040E6	
2030	-7.9811E-1	6.1142E0	5.4046E0	3.4040E6	
2031	-7.9811E-1	6.1142E0	5.4046E0	3.4040E6	
2032	-7.9811E-1	6.1142E0	5.4046E0	3.4040E6	
2033	-7.9811E-1	6.1142E0	5.4046E0	3.4040E6	
2034	-7.9811E-1	6.1142E0	5.4046E0	3.4040E6	
2035	-7.9811E-1	6.1142E0	5.4046E0	3.4040E6	
2036	-7.9811E-1	6.1142E0	5.4046E0	3.4040E6	
2037	-7.9811E-1	6.1142E0	5.4046E0	3.4040E6	
2038	-7.9811E-1	6.1142E0	5.4046E0	3.4040E6	
2039	-7.9811E-1	6.1142E0	5.4046E0	3.4040E6	
2040	-7.9811E-1	6.1142E0	5.4046E0	3.4040E6	
2041	-7.9811E-1	6.1142E0	5.4046E0	3.4040E6	
2042	-7.9811E-1	6.1142E0	5.4046E0	3.4040E6	
2043	-7.9811E-1	6.1142E0	5.4046E0	3.4040E6	
2044	-7.9811E-1	6.1142E0	5.4046E0	3.4040E6	
2045	-7.9811E-1	6.1142E0	5.4046E0	3.4040E6	
2046	-7.9811E-1	6.1142E0	5.4046E0	3.4040E6	
2047	-7.9811E-1	6.1142E0	5.4046E0	3.4040E6	
2048	-7.9811E-1	6.1142E0	5.4046E0	3.4040E6	
