point 002
Index	Vertical (A-B)	Force	Z Height	Time Stamp	
     	V	nN	?m	?sec	
1	-7.9025E-1	-7.9254E-1	5.9189E0	1.2000E2	
2	-7.9056E-1	-1.2454E0	5.9177E0	2.3400E3	
3	-7.8949E-1	3.3972E-1	5.9152E0	4.5600E3	
4	-7.8857E-1	1.6984E0	5.9120E0	6.7800E3	
5	-7.9025E-1	-7.9254E-1	5.9089E0	9.0000E3	
6	-7.8873E-1	1.4720E0	5.9053E0	1.1220E4	
7	-7.8804E-1	2.4910E0	5.9016E0	1.3440E4	
8	-7.8850E-1	1.8117E0	5.8977E0	1.5660E4	
9	-7.9010E-1	-5.6609E-1	5.8938E0	1.7880E4	
10	-7.8773E-1	2.9439E0	5.8898E0	2.0100E4	
11	-7.8949E-1	3.3972E-1	5.8856E0	2.2320E4	
12	-7.8812E-1	2.3778E0	5.8815E0	2.4540E4	
13	-7.8766E-1	3.0571E0	5.8771E0	2.6760E4	
14	-7.8690E-1	4.1894E0	5.8728E0	2.8980E4	
15	-7.8812E-1	2.3778E0	5.8685E0	3.1200E4	
16	-7.8888E-1	1.2455E0	5.8640E0	3.3420E4	
17	-7.8682E-1	4.3026E0	5.8595E0	3.5640E4	
18	-7.8751E-1	3.2836E0	5.8549E0	3.7860E4	
19	-7.8712E-1	3.8497E0	5.8504E0	4.0080E4	
20	-7.8758E-1	3.1704E0	5.8460E0	4.2300E4	
21	-7.8781E-1	2.8307E0	5.8413E0	4.4520E4	
22	-7.8697E-1	4.0762E0	5.8367E0	4.6740E4	
23	-7.8629E-1	5.0952E0	5.8320E0	4.8960E4	
24	-7.8705E-1	3.9629E0	5.8273E0	5.1180E4	
25	-7.8781E-1	2.8307E0	5.8226E0	5.3400E4	
26	-7.8728E-1	3.6233E0	5.8180E0	5.5620E4	
27	-7.8552E-1	6.2275E0	5.8132E0	5.7840E4	
28	-7.8598E-1	5.5481E0	5.8085E0	6.0060E4	
29	-7.8606E-1	5.4349E0	5.8037E0	6.2280E4	
30	-7.8506E-1	6.9068E0	5.7989E0	6.4500E4	
31	-7.8468E-1	7.4729E0	5.7941E0	6.6720E4	
32	-7.8651E-1	4.7555E0	5.7893E0	6.8940E4	
33	-7.8491E-1	7.1333E0	5.7845E0	7.1160E4	
34	-7.8751E-1	3.2836E0	5.7797E0	7.3380E4	
35	-7.8506E-1	6.9068E0	5.7748E0	7.5600E4	
36	-7.8331E-1	9.5110E0	5.7699E0	7.7820E4	
37	-7.8362E-1	9.0581E0	5.7650E0	8.0040E4	
38	-7.8453E-1	7.6994E0	5.7602E0	8.2260E4	
39	-7.8377E-1	8.8316E0	5.7553E0	8.4480E4	
40	-7.8148E-1	1.2228E1	5.7504E0	8.6700E4	
41	-7.8423E-1	8.1523E0	5.7455E0	8.8920E4	
42	-7.8270E-1	1.0417E1	5.7405E0	9.1140E4	
43	-7.8384E-1	8.7184E0	5.7356E0	9.3360E4	
44	-7.8209E-1	1.1323E1	5.7307E0	9.5580E4	
45	-7.8293E-1	1.0077E1	5.7257E0	9.7800E4	
46	-7.7995E-1	1.4493E1	5.7208E0	1.0002E5	
47	-7.8133E-1	1.2455E1	5.7158E0	1.0224E5	
48	-7.8423E-1	8.1523E0	5.7108E0	1.0446E5	
49	-7.8041E-1	1.3814E1	5.7057E0	1.0668E5	
50	-7.8209E-1	1.1323E1	5.7008E0	1.0890E5	
51	-7.8117E-1	1.2681E1	5.6958E0	1.1112E5	
52	-7.8186E-1	1.1662E1	5.6908E0	1.1334E5	
53	-7.8117E-1	1.2681E1	5.6857E0	1.1556E5	
54	-7.8064E-1	1.3474E1	5.6807E0	1.1778E5	
55	-7.8087E-1	1.3134E1	5.6757E0	1.2000E5	
56	-7.8079E-1	1.3247E1	5.6706E0	1.2222E5	
57	-7.8316E-1	9.7375E0	5.6655E0	1.2444E5	
58	-7.8033E-1	1.3927E1	5.6604E0	1.2666E5	
59	-7.8163E-1	1.2002E1	5.6555E0	1.2888E5	
60	-7.8255E-1	1.0643E1	5.6503E0	1.3110E5	
61	-7.8201E-1	1.1436E1	5.6453E0	1.3332E5	
62	-7.8049E-1	1.3700E1	5.6401E0	1.3554E5	
63	-7.8117E-1	1.2681E1	5.6351E0	1.3776E5	
64	-7.8094E-1	1.3021E1	5.6299E0	1.3998E5	
65	-7.7995E-1	1.4493E1	5.6247E0	1.4220E5	
66	-7.7980E-1	1.4719E1	5.6197E0	1.4442E5	
67	-7.7873E-1	1.6305E1	5.6146E0	1.4664E5	
68	-7.8041E-1	1.3814E1	5.6093E0	1.4886E5	
69	-7.8117E-1	1.2681E1	5.6043E0	1.5108E5	
70	-7.8186E-1	1.1662E1	5.5991E0	1.5330E5	
71	-7.8300E-1	9.9639E0	5.5939E0	1.5552E5	
72	-7.7950E-1	1.5172E1	5.5887E0	1.5774E5	
73	-7.8186E-1	1.1662E1	5.5836E0	1.5996E5	
74	-7.7919E-1	1.5625E1	5.5784E0	1.6218E5	
75	-7.7927E-1	1.5512E1	5.5732E0	1.6440E5	
76	-7.7972E-1	1.4833E1	5.5680E0	1.6662E5	
77	-7.7904E-1	1.5852E1	5.5628E0	1.6884E5	
78	-7.7927E-1	1.5512E1	5.5576E0	1.7106E5	
79	-7.7591E-1	2.0494E1	5.5524E0	1.7328E5	
80	-7.7934E-1	1.5399E1	5.5470E0	1.7550E5	
81	-7.7950E-1	1.5172E1	5.5419E0	1.7772E5	
82	-7.7812E-1	1.7210E1	5.5367E0	1.7994E5	
83	-7.7957E-1	1.5059E1	5.5315E0	1.8216E5	
84	-7.7759E-1	1.8003E1	5.5262E0	1.8438E5	
85	-7.7827E-1	1.6984E1	5.5209E0	1.8660E5	
86	-7.7881E-1	1.6191E1	5.5156E0	1.8882E5	
87	-7.7744E-1	1.8229E1	5.5104E0	1.9104E5	
88	-7.7751E-1	1.8116E1	5.5051E0	1.9326E5	
89	-7.7682E-1	1.9135E1	5.4999E0	1.9548E5	
90	-7.7736E-1	1.8343E1	5.4945E0	1.9770E5	
91	-7.7469E-1	2.2306E1	5.4893E0	1.9992E5	
92	-7.7515E-1	2.1626E1	5.4839E0	2.0214E5	
93	-7.7354E-1	2.4004E1	5.4786E0	2.0436E5	
94	-7.7698E-1	1.8909E1	5.4735E0	2.0658E5	
95	-7.7759E-1	1.8003E1	5.4680E0	2.0880E5	
96	-7.7576E-1	2.0720E1	5.4628E0	2.1102E5	
97	-7.7507E-1	2.1739E1	5.4574E0	2.1324E5	
98	-7.7347E-1	2.4117E1	5.4521E0	2.1546E5	
99	-7.7560E-1	2.0947E1	5.4467E0	2.1768E5	
100	-7.7271E-1	2.5249E1	5.4413E0	2.1990E5	
101	-7.7385E-1	2.3551E1	5.4360E0	2.2212E5	
102	-7.7499E-1	2.1853E1	5.4307E0	2.2434E5	
103	-7.7431E-1	2.2872E1	5.4252E0	2.2656E5	
104	-7.7110E-1	2.7627E1	5.4199E0	2.2878E5	
105	-7.7377E-1	2.3664E1	5.4145E0	2.3100E5	
106	-7.7461E-1	2.2419E1	5.4092E0	2.3322E5	
107	-7.7293E-1	2.4910E1	5.4038E0	2.3544E5	
108	-7.7248E-1	2.5589E1	5.3984E0	2.3766E5	
109	-7.7194E-1	2.6382E1	5.3930E0	2.3988E5	
110	-7.7400E-1	2.3325E1	5.3875E0	2.4210E5	
111	-7.7332E-1	2.4344E1	5.3821E0	2.4432E5	
112	-7.7225E-1	2.5929E1	5.3767E0	2.4654E5	
113	-7.6988E-1	2.9439E1	5.3713E0	2.4876E5	
114	-7.6927E-1	3.0345E1	5.3659E0	2.5098E5	
115	-7.7217E-1	2.6042E1	5.3605E0	2.5320E5	
116	-7.6988E-1	2.9439E1	5.3550E0	2.5542E5	
117	-7.7080E-1	2.8080E1	5.3496E0	2.5764E5	
118	-7.7034E-1	2.8759E1	5.3441E0	2.5986E5	
119	-7.6920E-1	3.0458E1	5.3386E0	2.6208E5	
120	-7.6973E-1	2.9665E1	5.3332E0	2.6430E5	
121	-7.6996E-1	2.9326E1	5.3277E0	2.6652E5	
122	-7.6805E-1	3.2156E1	5.3223E0	2.6874E5	
123	-7.7049E-1	2.8533E1	5.3167E0	2.7096E5	
124	-7.6965E-1	2.9778E1	5.3113E0	2.7318E5	
125	-7.6889E-1	3.0911E1	5.3058E0	2.7540E5	
126	-7.7019E-1	2.8986E1	5.3003E0	2.7762E5	
127	-7.6767E-1	3.2722E1	5.2948E0	2.7984E5	
128	-7.6813E-1	3.2043E1	5.2893E0	2.8206E5	
129	-7.6767E-1	3.2722E1	5.2837E0	2.8428E5	
130	-7.6889E-1	3.0911E1	5.2783E0	2.8650E5	
131	-7.6851E-1	3.1477E1	5.2728E0	2.8872E5	
132	-7.6828E-1	3.1816E1	5.2672E0	2.9094E5	
133	-7.6965E-1	2.9778E1	5.2616E0	2.9316E5	
134	-7.6736E-1	3.3175E1	5.2561E0	2.9538E5	
135	-7.6851E-1	3.1477E1	5.2505E0	2.9760E5	
136	-7.6469E-1	3.7138E1	5.2449E0	2.9982E5	
137	-7.7049E-1	2.8533E1	5.2395E0	3.0204E5	
138	-7.6698E-1	3.3741E1	5.2338E0	3.0426E5	
139	-7.6744E-1	3.3062E1	5.2283E0	3.0648E5	
140	-7.6721E-1	3.3402E1	5.2228E0	3.0870E5	
141	-7.6683E-1	3.3968E1	5.2171E0	3.1092E5	
142	-7.6500E-1	3.6685E1	5.2115E0	3.1314E5	
143	-7.6630E-1	3.4760E1	5.2060E0	3.1536E5	
144	-7.6523E-1	3.6346E1	5.2004E0	3.1758E5	
145	-7.6752E-1	3.2949E1	5.1948E0	3.1980E5	
146	-7.6706E-1	3.3628E1	5.1892E0	3.2202E5	
147	-7.6653E-1	3.4421E1	5.1837E0	3.2424E5	
148	-7.6500E-1	3.6685E1	5.1780E0	3.2646E5	
149	-7.6553E-1	3.5893E1	5.1723E0	3.2868E5	
150	-7.6653E-1	3.4421E1	5.1668E0	3.3090E5	
151	-7.6485E-1	3.6912E1	5.1610E0	3.3312E5	
152	-7.6691E-1	3.3855E1	5.1554E0	3.3534E5	
153	-7.6706E-1	3.3628E1	5.1498E0	3.3756E5	
154	-7.6721E-1	3.3402E1	5.1442E0	3.3978E5	
155	-7.6477E-1	3.7025E1	5.1385E0	3.4200E5	
156	-7.6385E-1	3.8384E1	5.1328E0	3.4422E5	
157	-7.6729E-1	3.3288E1	5.1272E0	3.4644E5	
158	-7.6485E-1	3.6912E1	5.1215E0	3.4866E5	
159	-7.6256E-1	4.0308E1	5.1159E0	3.5088E5	
160	-7.6469E-1	3.7138E1	5.1101E0	3.5310E5	
161	-7.6355E-1	3.8836E1	5.1044E0	3.5532E5	
162	-7.6416E-1	3.7931E1	5.0988E0	3.5754E5	
163	-7.6317E-1	3.9403E1	5.0931E0	3.5976E5	
164	-7.6256E-1	4.0308E1	5.0874E0	3.6198E5	
165	-7.6340E-1	3.9063E1	5.0817E0	3.6420E5	
166	-7.6492E-1	3.6798E1	5.0760E0	3.6642E5	
167	-7.6286E-1	3.9856E1	5.0703E0	3.6864E5	
168	-7.6065E-1	4.3139E1	5.0645E0	3.7086E5	
169	-7.6424E-1	3.7817E1	5.0588E0	3.7308E5	
170	-7.5981E-1	4.4385E1	5.0532E0	3.7530E5	
171	-7.6118E-1	4.2346E1	5.0474E0	3.7752E5	
172	-7.6263E-1	4.0195E1	5.0417E0	3.7974E5	
173	-7.6065E-1	4.3139E1	5.0359E0	3.8196E5	
174	-7.6263E-1	4.0195E1	5.0301E0	3.8418E5	
175	-7.6210E-1	4.0988E1	5.0245E0	3.8640E5	
176	-7.6256E-1	4.0308E1	5.0187E0	3.8862E5	
177	-7.6233E-1	4.0648E1	5.0129E0	3.9084E5	
178	-7.6164E-1	4.1667E1	5.0071E0	3.9306E5	
179	-7.5996E-1	4.4158E1	5.0014E0	3.9528E5	
180	-7.5981E-1	4.4385E1	4.9957E0	3.9750E5	
181	-7.5974E-1	4.4498E1	4.9897E0	3.9972E5	
182	-7.5836E-1	4.6536E1	4.9839E0	4.0194E5	
183	-7.5836E-1	4.6536E1	4.9782E0	4.0416E5	
184	-7.5798E-1	4.7102E1	4.9724E0	4.0638E5	
185	-7.5768E-1	4.7555E1	4.9667E0	4.0860E5	
186	-7.5958E-1	4.4724E1	4.9609E0	4.1082E5	
187	-7.5706E-1	4.8461E1	4.9550E0	4.1304E5	
188	-7.5783E-1	4.7328E1	4.9492E0	4.1526E5	
189	-7.5829E-1	4.6649E1	4.9435E0	4.1748E5	
190	-7.5920E-1	4.5290E1	4.9376E0	4.1970E5	
191	-7.5699E-1	4.8574E1	4.9317E0	4.2192E5	
192	-7.5714E-1	4.8347E1	4.9259E0	4.2414E5	
193	-7.5569E-1	5.0499E1	4.9200E0	4.2636E5	
194	-7.5859E-1	4.6196E1	4.9143E0	4.2858E5	
195	-7.5638E-1	4.9480E1	4.9084E0	4.3080E5	
196	-7.5546E-1	5.0838E1	4.9025E0	4.3302E5	
197	-7.5714E-1	4.8347E1	4.8967E0	4.3524E5	
198	-7.5737E-1	4.8008E1	4.8908E0	4.3746E5	
199	-7.5592E-1	5.0159E1	4.8850E0	4.3968E5	
200	-7.5562E-1	5.0612E1	4.8791E0	4.4190E5	
201	-7.5676E-1	4.8914E1	4.8732E0	4.4412E5	
202	-7.5523E-1	5.1178E1	4.8674E0	4.4634E5	
203	-7.5424E-1	5.2650E1	4.8616E0	4.4856E5	
204	-7.5653E-1	4.9253E1	4.8556E0	4.5078E5	
205	-7.5310E-1	5.4348E1	4.8497E0	4.5300E5	
206	-7.5325E-1	5.4122E1	4.8438E0	4.5522E5	
207	-7.5386E-1	5.3216E1	4.8379E0	4.5744E5	
208	-7.5409E-1	5.2876E1	4.8321E0	4.5966E5	
209	-7.5378E-1	5.3329E1	4.8260E0	4.6188E5	
210	-7.5371E-1	5.3443E1	4.8201E0	4.6410E5	
211	-7.5531E-1	5.1065E1	4.8143E0	4.6632E5	
212	-7.5226E-1	5.5594E1	4.8083E0	4.6854E5	
213	-7.5310E-1	5.4348E1	4.8024E0	4.7076E5	
214	-7.5348E-1	5.3782E1	4.7964E0	4.7298E5	
215	-7.5371E-1	5.3443E1	4.7905E0	4.7520E5	
216	-7.5378E-1	5.3329E1	4.7846E0	4.7742E5	
217	-7.5394E-1	5.3103E1	4.7786E0	4.7964E5	
218	-7.5119E-1	5.7179E1	4.7726E0	4.8186E5	
219	-7.5134E-1	5.6953E1	4.7667E0	4.8408E5	
220	-7.5272E-1	5.4915E1	4.7608E0	4.8630E5	
221	-7.5394E-1	5.3103E1	4.7548E0	4.8852E5	
222	-7.5142E-1	5.6839E1	4.7488E0	4.9074E5	
223	-7.5081E-1	5.7745E1	4.7429E0	4.9296E5	
224	-7.5325E-1	5.4122E1	4.7369E0	4.9518E5	
225	-7.5089E-1	5.7632E1	4.7309E0	4.9740E5	
226	-7.5394E-1	5.3103E1	4.7248E0	4.9962E5	
227	-7.5218E-1	5.5707E1	4.7189E0	5.0184E5	
228	-7.4890E-1	6.0576E1	4.7129E0	5.0406E5	
229	-7.5058E-1	5.8085E1	4.7070E0	5.0628E5	
230	-7.5081E-1	5.7745E1	4.7009E0	5.0850E5	
231	-7.5073E-1	5.7858E1	4.6949E0	5.1072E5	
232	-7.5378E-1	5.3329E1	4.6889E0	5.1294E5	
233	-7.5226E-1	5.5594E1	4.6829E0	5.1516E5	
234	-7.5073E-1	5.7858E1	4.6769E0	5.1738E5	
235	-7.4959E-1	5.9557E1	4.6708E0	5.1960E5	
236	-7.5027E-1	5.8538E1	4.6648E0	5.2182E5	
237	-7.5157E-1	5.6613E1	4.6587E0	5.2404E5	
238	-7.5134E-1	5.6953E1	4.6527E0	5.2626E5	
239	-7.4783E-1	6.2161E1	4.6466E0	5.2848E5	
240	-7.4921E-1	6.0123E1	4.6406E0	5.3070E5	
241	-7.4799E-1	6.1935E1	4.6345E0	5.3292E5	
242	-7.5073E-1	5.7858E1	4.6285E0	5.3514E5	
243	-7.4791E-1	6.2048E1	4.6224E0	5.3736E5	
244	-7.5104E-1	5.7405E1	4.6164E0	5.3958E5	
245	-7.5035E-1	5.8425E1	4.6103E0	5.4180E5	
246	-7.4783E-1	6.2161E1	4.6042E0	5.4402E5	
247	-7.4951E-1	5.9670E1	4.5981E0	5.4624E5	
248	-7.4913E-1	6.0236E1	4.5921E0	5.4846E5	
249	-7.4745E-1	6.2727E1	4.5859E0	5.5068E5	
250	-7.4905E-1	6.0349E1	4.5798E0	5.5290E5	
251	-7.4936E-1	5.9896E1	4.5738E0	5.5512E5	
252	-7.4806E-1	6.1821E1	4.5677E0	5.5734E5	
253	-7.4715E-1	6.3180E1	4.5615E0	5.5956E5	
254	-7.4875E-1	6.0802E1	4.5555E0	5.6178E5	
255	-7.4493E-1	6.6464E1	4.5493E0	5.6400E5	
256	-7.4600E-1	6.4878E1	4.5431E0	5.6622E5	
257	-7.4730E-1	6.2954E1	4.5370E0	5.6844E5	
258	-7.4654E-1	6.4086E1	4.5308E0	5.7066E5	
259	-7.4547E-1	6.5671E1	4.5247E0	5.7288E5	
260	-7.4585E-1	6.5105E1	4.5186E0	5.7510E5	
261	-7.4547E-1	6.5671E1	4.5124E0	5.7732E5	
262	-7.4509E-1	6.6237E1	4.5063E0	5.7954E5	
263	-7.4135E-1	7.1785E1	4.5001E0	5.8176E5	
264	-7.4478E-1	6.6690E1	4.4940E0	5.8398E5	
265	-7.4371E-1	6.8275E1	4.4878E0	5.8620E5	
266	-7.4371E-1	6.8275E1	4.4817E0	5.8842E5	
267	-7.4341E-1	6.8728E1	4.4755E0	5.9064E5	
268	-7.4326E-1	6.8955E1	4.4694E0	5.9286E5	
269	-7.3997E-1	7.3823E1	4.4632E0	5.9508E5	
270	-7.4440E-1	6.7256E1	4.4569E0	5.9730E5	
271	-7.4074E-1	7.2691E1	4.4509E0	5.9952E5	
272	-7.4249E-1	7.0087E1	4.4445E0	6.0174E5	
273	-7.4295E-1	6.9407E1	4.4384E0	6.0396E5	
274	-7.4142E-1	7.1672E1	4.4321E0	6.0618E5	
275	-7.4036E-1	7.3257E1	4.4260E0	6.0840E5	
276	-7.4173E-1	7.1219E1	4.4198E0	6.1062E5	
277	-7.4341E-1	6.8728E1	4.4135E0	6.1284E5	
278	-7.3936E-1	7.4729E1	4.4074E0	6.1506E5	
279	-7.4326E-1	6.8955E1	4.4011E0	6.1728E5	
280	-7.4272E-1	6.9747E1	4.3949E0	6.1950E5	
281	-7.3967E-1	7.4276E1	4.3886E0	6.2172E5	
282	-7.3936E-1	7.4729E1	4.3825E0	6.2394E5	
283	-7.4036E-1	7.3257E1	4.3761E0	6.2616E5	
284	-7.3959E-1	7.4389E1	4.3699E0	6.2838E5	
285	-7.4074E-1	7.2691E1	4.3638E0	6.3060E5	
286	-7.4127E-1	7.1898E1	4.3575E0	6.3282E5	
287	-7.3753E-1	7.7446E1	4.3512E0	6.3504E5	
288	-7.4104E-1	7.2238E1	4.3450E0	6.3726E5	
289	-7.4059E-1	7.2917E1	4.3387E0	6.3948E5	
290	-7.3952E-1	7.4503E1	4.3324E0	6.4170E5	
291	-7.4043E-1	7.3144E1	4.3262E0	6.4392E5	
292	-7.3906E-1	7.5182E1	4.3199E0	6.4614E5	
293	-7.3967E-1	7.4276E1	4.3136E0	6.4836E5	
294	-7.4043E-1	7.3144E1	4.3073E0	6.5058E5	
295	-7.4028E-1	7.3370E1	4.3010E0	6.5280E5	
296	-7.3730E-1	7.7786E1	4.2947E0	6.5502E5	
297	-7.3830E-1	7.6314E1	4.2885E0	6.5724E5	
298	-7.3662E-1	7.8805E1	4.2822E0	6.5946E5	
299	-7.3837E-1	7.6201E1	4.2759E0	6.6168E5	
300	-7.3593E-1	7.9824E1	4.2696E0	6.6390E5	
301	-7.3776E-1	7.7107E1	4.2632E0	6.6612E5	
302	-7.4028E-1	7.3370E1	4.2569E0	6.6834E5	
303	-7.3868E-1	7.5748E1	4.2506E0	6.7056E5	
304	-7.3669E-1	7.8692E1	4.2443E0	6.7278E5	
305	-7.3814E-1	7.6541E1	4.2380E0	6.7500E5	
306	-7.3723E-1	7.7899E1	4.2317E0	6.7722E5	
307	-7.3593E-1	7.9824E1	4.2254E0	6.7944E5	
308	-7.3570E-1	8.0164E1	4.2191E0	6.8166E5	
309	-7.3601E-1	7.9711E1	4.2128E0	6.8388E5	
310	-7.3639E-1	7.9145E1	4.2064E0	6.8610E5	
311	-7.3425E-1	8.2315E1	4.2000E0	6.8832E5	
312	-7.3578E-1	8.0051E1	4.1937E0	6.9054E5	
313	-7.3608E-1	7.9598E1	4.1873E0	6.9276E5	
314	-7.3494E-1	8.1296E1	4.1810E0	6.9498E5	
315	-7.3776E-1	7.7107E1	4.1746E0	6.9720E5	
316	-7.3364E-1	8.3221E1	4.1684E0	6.9942E5	
317	-7.3708E-1	7.8126E1	4.1619E0	7.0164E5	
318	-7.3471E-1	8.1636E1	4.1556E0	7.0386E5	
319	-7.3387E-1	8.2881E1	4.1491E0	7.0608E5	
320	-7.3334E-1	8.3674E1	4.1429E0	7.0830E5	
321	-7.3593E-1	7.9824E1	4.1365E0	7.1052E5	
322	-7.3418E-1	8.2428E1	4.1301E0	7.1274E5	
323	-7.3318E-1	8.3900E1	4.1238E0	7.1496E5	
324	-7.3166E-1	8.6165E1	4.1173E0	7.1718E5	
325	-7.3387E-1	8.2881E1	4.1110E0	7.1940E5	
326	-7.3250E-1	8.4919E1	4.1045E0	7.2162E5	
327	-7.3021E-1	8.8316E1	4.0981E0	7.2384E5	
328	-7.3120E-1	8.6844E1	4.0918E0	7.2606E5	
329	-7.3090E-1	8.7297E1	4.0854E0	7.2828E5	
330	-7.3196E-1	8.5712E1	4.0789E0	7.3050E5	
331	-7.3174E-1	8.6052E1	4.0726E0	7.3272E5	
332	-7.3265E-1	8.4693E1	4.0661E0	7.3494E5	
333	-7.3105E-1	8.7071E1	4.0596E0	7.3716E5	
334	-7.3158E-1	8.6278E1	4.0532E0	7.3938E5	
335	-7.2884E-1	9.0354E1	4.0468E0	7.4160E5	
336	-7.3021E-1	8.8316E1	4.0404E0	7.4382E5	
337	-7.2708E-1	9.2958E1	4.0340E0	7.4604E5	
338	-7.3059E-1	8.7750E1	4.0276E0	7.4826E5	
339	-7.3189E-1	8.5825E1	4.0211E0	7.5048E5	
340	-7.2861E-1	9.0694E1	4.0145E0	7.5270E5	
341	-7.2861E-1	9.0694E1	4.0081E0	7.5492E5	
342	-7.2807E-1	9.1486E1	4.0018E0	7.5714E5	
343	-7.2830E-1	9.1147E1	3.9954E0	7.5936E5	
344	-7.3006E-1	8.8543E1	3.9889E0	7.6158E5	
345	-7.2929E-1	8.9675E1	3.9824E0	7.6380E5	
346	-7.2823E-1	9.1260E1	3.9759E0	7.6602E5	
347	-7.2678E-1	9.3411E1	3.9695E0	7.6824E5	
348	-7.2769E-1	9.2053E1	3.9630E0	7.7046E5	
349	-7.2922E-1	8.9788E1	3.9565E0	7.7268E5	
350	-7.2868E-1	9.0581E1	3.9500E0	7.7490E5	
351	-7.2655E-1	9.3751E1	3.9435E0	7.7712E5	
352	-7.2708E-1	9.2958E1	3.9371E0	7.7934E5	
353	-7.2853E-1	9.0807E1	3.9306E0	7.8156E5	
354	-7.2906E-1	9.0015E1	3.9241E0	7.8378E5	
355	-7.2571E-1	9.4996E1	3.9177E0	7.8600E5	
356	-7.2586E-1	9.4770E1	3.9111E0	7.8822E5	
357	-7.2586E-1	9.4770E1	3.9046E0	7.9044E5	
358	-7.2716E-1	9.2845E1	3.8981E0	7.9266E5	
359	-7.2578E-1	9.4883E1	3.8916E0	7.9488E5	
360	-7.2861E-1	9.0694E1	3.8851E0	7.9710E5	
361	-7.2731E-1	9.2619E1	3.8785E0	7.9932E5	
362	-7.2456E-1	9.6695E1	3.8721E0	8.0154E5	
363	-7.2571E-1	9.4996E1	3.8655E0	8.0376E5	
364	-7.2617E-1	9.4317E1	3.8590E0	8.0598E5	
365	-7.2342E-1	9.8393E1	3.8524E0	8.0820E5	
366	-7.2609E-1	9.4430E1	3.8460E0	8.1042E5	
367	-7.2540E-1	9.5449E1	3.8395E0	8.1264E5	
368	-7.2487E-1	9.6242E1	3.8329E0	8.1486E5	
369	-7.2464E-1	9.6582E1	3.8263E0	8.1708E5	
370	-7.2418E-1	9.7261E1	3.8197E0	8.1930E5	
371	-7.2433E-1	9.7035E1	3.8133E0	8.2152E5	
372	-7.2411E-1	9.7374E1	3.8066E0	8.2374E5	
373	-7.2464E-1	9.6582E1	3.8002E0	8.2596E5	
374	-7.2250E-1	9.9752E1	3.7935E0	8.2818E5	
375	-7.2266E-1	9.9525E1	3.7871E0	8.3040E5	
376	-7.2403E-1	9.7487E1	3.7805E0	8.3262E5	
377	-7.2227E-1	1.0009E2	3.7739E0	8.3484E5	
378	-7.2296E-1	9.9073E1	3.7673E0	8.3706E5	
379	-7.2365E-1	9.8054E1	3.7608E0	8.3928E5	
380	-7.2449E-1	9.6808E1	3.7543E0	8.4150E5	
381	-7.2197E-1	1.0054E2	3.7476E0	8.4372E5	
382	-7.2197E-1	1.0054E2	3.7411E0	8.4594E5	
383	-7.2334E-1	9.8506E1	3.7345E0	8.4816E5	
384	-7.2212E-1	1.0032E2	3.7280E0	8.5038E5	
385	-7.2121E-1	1.0168E2	3.7213E0	8.5260E5	
386	-7.2327E-1	9.8620E1	3.7147E0	8.5482E5	
387	-7.2281E-1	9.9299E1	3.7080E0	8.5704E5	
388	-7.1945E-1	1.0428E2	3.7015E0	8.5926E5	
389	-7.2037E-1	1.0292E2	3.6949E0	8.6148E5	
390	-7.1907E-1	1.0485E2	3.6883E0	8.6370E5	
391	-7.1854E-1	1.0564E2	3.6817E0	8.6592E5	
392	-7.2044E-1	1.0281E2	3.6751E0	8.6814E5	
393	-7.1983E-1	1.0371E2	3.6685E0	8.7036E5	
394	-7.2098E-1	1.0202E2	3.6618E0	8.7258E5	
395	-7.1823E-1	1.0609E2	3.6552E0	8.7480E5	
396	-7.1938E-1	1.0439E2	3.6487E0	8.7702E5	
397	-7.1800E-1	1.0643E2	3.6419E0	8.7924E5	
398	-7.1968E-1	1.0394E2	3.6354E0	8.8146E5	
399	-7.1678E-1	1.0824E2	3.6287E0	8.8368E5	
400	-7.1922E-1	1.0462E2	3.6220E0	8.8590E5	
401	-7.1701E-1	1.0790E2	3.6154E0	8.8812E5	
402	-7.1548E-1	1.1017E2	3.6087E0	8.9034E5	
403	-7.1739E-1	1.0734E2	3.6021E0	8.9256E5	
404	-7.1907E-1	1.0485E2	3.5954E0	8.9478E5	
405	-7.1571E-1	1.0983E2	3.5888E0	8.9700E5	
406	-7.1442E-1	1.1175E2	3.5821E0	8.9922E5	
407	-7.1609E-1	1.0926E2	3.5754E0	9.0144E5	
408	-7.1526E-1	1.1051E2	3.5688E0	9.0366E5	
409	-7.1663E-1	1.0847E2	3.5621E0	9.0588E5	
410	-7.1526E-1	1.1051E2	3.5555E0	9.0810E5	
411	-7.1564E-1	1.0994E2	3.5488E0	9.1032E5	
412	-7.1503E-1	1.1085E2	3.5420E0	9.1254E5	
413	-7.1571E-1	1.0983E2	3.5355E0	9.1476E5	
414	-7.1312E-1	1.1368E2	3.5287E0	9.1698E5	
415	-7.1594E-1	1.0949E2	3.5220E0	9.1920E5	
416	-7.1571E-1	1.0983E2	3.5154E0	9.2142E5	
417	-7.1556E-1	1.1006E2	3.5087E0	9.2364E5	
418	-7.1350E-1	1.1311E2	3.5020E0	9.2586E5	
419	-7.1243E-1	1.1470E2	3.4953E0	9.2808E5	
420	-7.1472E-1	1.1130E2	3.4886E0	9.3030E5	
421	-7.1297E-1	1.1391E2	3.4819E0	9.3252E5	
422	-7.1190E-1	1.1549E2	3.4751E0	9.3474E5	
423	-7.1426E-1	1.1198E2	3.4685E0	9.3696E5	
424	-7.1404E-1	1.1232E2	3.4617E0	9.3918E5	
425	-7.1281E-1	1.1413E2	3.4550E0	9.4140E5	
426	-7.1205E-1	1.1526E2	3.4483E0	9.4362E5	
427	-7.1228E-1	1.1492E2	3.4416E0	9.4584E5	
428	-7.1289E-1	1.1402E2	3.4348E0	9.4806E5	
429	-7.1373E-1	1.1277E2	3.4281E0	9.5028E5	
430	-7.1320E-1	1.1357E2	3.4214E0	9.5250E5	
431	-7.1152E-1	1.1606E2	3.4147E0	9.5472E5	
432	-7.1167E-1	1.1583E2	3.4080E0	9.5694E5	
433	-7.1129E-1	1.1640E2	3.4012E0	9.5916E5	
434	-7.1190E-1	1.1549E2	3.3945E0	9.6138E5	
435	-7.1030E-1	1.1787E2	3.3877E0	9.6360E5	
436	-7.1129E-1	1.1640E2	3.3809E0	9.6582E5	
437	-7.1022E-1	1.1798E2	3.3742E0	9.6804E5	
438	-7.1106E-1	1.1674E2	3.3675E0	9.7026E5	
439	-7.1121E-1	1.1651E2	3.3607E0	9.7248E5	
440	-7.1014E-1	1.1809E2	3.3539E0	9.7470E5	
441	-7.1075E-1	1.1719E2	3.3471E0	9.7692E5	
442	-7.1037E-1	1.1775E2	3.3404E0	9.7914E5	
443	-7.1213E-1	1.1515E2	3.3337E0	9.8136E5	
444	-7.1030E-1	1.1787E2	3.3268E0	9.8358E5	
445	-7.0862E-1	1.2036E2	3.3201E0	9.8580E5	
446	-7.0953E-1	1.1900E2	3.3133E0	9.8802E5	
447	-7.1060E-1	1.1742E2	3.3065E0	9.9024E5	
448	-7.0808E-1	1.2115E2	3.2998E0	9.9246E5	
449	-7.0679E-1	1.2308E2	3.2929E0	9.9468E5	
450	-7.0923E-1	1.1945E2	3.2862E0	9.9690E5	
451	-7.0946E-1	1.1911E2	3.2792E0	9.9912E5	
452	-7.0702E-1	1.2274E2	3.2726E0	1.0013E6	
453	-7.0663E-1	1.2330E2	3.2658E0	1.0036E6	
454	-7.0686E-1	1.2296E2	3.2590E0	1.0058E6	
455	-7.0580E-1	1.2455E2	3.2522E0	1.0080E6	
456	-7.0885E-1	1.2002E2	3.2454E0	1.0102E6	
457	-7.0587E-1	1.2444E2	3.2385E0	1.0124E6	
458	-7.0671E-1	1.2319E2	3.2319E0	1.0147E6	
459	-7.0435E-1	1.2670E2	3.2250E0	1.0169E6	
460	-7.0274E-1	1.2908E2	3.2182E0	1.0191E6	
461	-7.0465E-1	1.2625E2	3.2113E0	1.0213E6	
462	-7.0457E-1	1.2636E2	3.2044E0	1.0235E6	
463	-7.0465E-1	1.2625E2	3.1976E0	1.0258E6	
464	-7.0679E-1	1.2308E2	3.1908E0	1.0280E6	
465	-7.0473E-1	1.2613E2	3.1840E0	1.0302E6	
466	-7.0412E-1	1.2704E2	3.1772E0	1.0324E6	
467	-7.0641E-1	1.2364E2	3.1703E0	1.0346E6	
468	-7.0480E-1	1.2602E2	3.1635E0	1.0369E6	
469	-7.0610E-1	1.2410E2	3.1565E0	1.0391E6	
470	-7.0358E-1	1.2783E2	3.1498E0	1.0413E6	
471	-7.0175E-1	1.3055E2	3.1429E0	1.0435E6	
472	-7.0175E-1	1.3055E2	3.1360E0	1.0457E6	
473	-7.0450E-1	1.2647E2	3.1293E0	1.0480E6	
474	-7.0274E-1	1.2908E2	3.1224E0	1.0502E6	
475	-7.0190E-1	1.3032E2	3.1154E0	1.0524E6	
476	-7.0335E-1	1.2817E2	3.1087E0	1.0546E6	
477	-7.0236E-1	1.2964E2	3.1017E0	1.0568E6	
478	-6.9969E-1	1.3361E2	3.0949E0	1.0591E6	
479	-6.9969E-1	1.3361E2	3.0880E0	1.0613E6	
480	-7.0038E-1	1.3259E2	3.0812E0	1.0635E6	
481	-7.0038E-1	1.3259E2	3.0742E0	1.0657E6	
482	-7.0015E-1	1.3293E2	3.0674E0	1.0679E6	
483	-7.0137E-1	1.3112E2	3.0605E0	1.0702E6	
484	-7.0084E-1	1.3191E2	3.0537E0	1.0724E6	
485	-7.0366E-1	1.2772E2	3.0468E0	1.0746E6	
486	-6.9977E-1	1.3349E2	3.0398E0	1.0768E6	
487	-6.9946E-1	1.3395E2	3.0329E0	1.0790E6	
488	-6.9954E-1	1.3383E2	3.0261E0	1.0813E6	
489	-6.9946E-1	1.3395E2	3.0192E0	1.0835E6	
490	-6.9984E-1	1.3338E2	3.0123E0	1.0857E6	
491	-6.9786E-1	1.3632E2	3.0054E0	1.0879E6	
492	-6.9847E-1	1.3542E2	2.9985E0	1.0901E6	
493	-6.9984E-1	1.3338E2	2.9915E0	1.0924E6	
494	-6.9893E-1	1.3474E2	2.9846E0	1.0946E6	
495	-6.9901E-1	1.3463E2	2.9777E0	1.0968E6	
496	-6.9855E-1	1.3530E2	2.9708E0	1.0990E6	
497	-6.9794E-1	1.3621E2	2.9638E0	1.1012E6	
498	-6.9901E-1	1.3463E2	2.9569E0	1.1035E6	
499	-6.9748E-1	1.3689E2	2.9500E0	1.1057E6	
500	-6.9870E-1	1.3508E2	2.9430E0	1.1079E6	
501	-6.9756E-1	1.3678E2	2.9361E0	1.1101E6	
502	-6.9847E-1	1.3542E2	2.9292E0	1.1123E6	
503	-6.9595E-1	1.3915E2	2.9223E0	1.1146E6	
504	-6.9710E-1	1.3746E2	2.9154E0	1.1168E6	
505	-6.9855E-1	1.3530E2	2.9085E0	1.1190E6	
506	-6.9756E-1	1.3678E2	2.9014E0	1.1212E6	
507	-6.9748E-1	1.3689E2	2.8944E0	1.1234E6	
508	-6.9817E-1	1.3587E2	2.8876E0	1.1257E6	
509	-6.9679E-1	1.3791E2	2.8806E0	1.1279E6	
510	-6.9504E-1	1.4051E2	2.8737E0	1.1301E6	
511	-6.9725E-1	1.3723E2	2.8667E0	1.1323E6	
512	-6.9489E-1	1.4074E2	2.8597E0	1.1345E6	
513	-6.9443E-1	1.4142E2	2.8527E0	1.1368E6	
514	-6.9519E-1	1.4029E2	2.8457E0	1.1390E6	
515	-6.9466E-1	1.4108E2	2.8388E0	1.1412E6	
516	-6.9893E-1	1.3474E2	2.8319E0	1.1434E6	
517	-6.9389E-1	1.4221E2	2.8249E0	1.1456E6	
518	-6.9496E-1	1.4063E2	2.8179E0	1.1479E6	
519	-6.9206E-1	1.4493E2	2.8109E0	1.1501E6	
520	-6.9382E-1	1.4232E2	2.8039E0	1.1523E6	
521	-6.9481E-1	1.4085E2	2.7970E0	1.1545E6	
522	-6.9283E-1	1.4380E2	2.7900E0	1.1567E6	
523	-6.9328E-1	1.4312E2	2.7830E0	1.1590E6	
524	-6.9107E-1	1.4640E2	2.7759E0	1.1612E6	
525	-6.9359E-1	1.4266E2	2.7690E0	1.1634E6	
526	-6.9023E-1	1.4765E2	2.7620E0	1.1656E6	
527	-6.9229E-1	1.4459E2	2.7550E0	1.1678E6	
528	-6.9244E-1	1.4436E2	2.7480E0	1.1701E6	
529	-6.8993E-1	1.4810E2	2.7410E0	1.1723E6	
530	-6.9351E-1	1.4278E2	2.7339E0	1.1745E6	
531	-6.8893E-1	1.4957E2	2.7270E0	1.1767E6	
532	-6.9130E-1	1.4606E2	2.7199E0	1.1789E6	
533	-6.8825E-1	1.5059E2	2.7130E0	1.1812E6	
534	-6.8871E-1	1.4991E2	2.7060E0	1.1834E6	
535	-6.9122E-1	1.4617E2	2.6990E0	1.1856E6	
536	-6.8970E-1	1.4844E2	2.6919E0	1.1878E6	
537	-6.8863E-1	1.5002E2	2.6848E0	1.1900E6	
538	-6.8748E-1	1.5172E2	2.6778E0	1.1923E6	
539	-6.8840E-1	1.5036E2	2.6708E0	1.1945E6	
540	-6.8863E-1	1.5002E2	2.6638E0	1.1967E6	
541	-6.8817E-1	1.5070E2	2.6568E0	1.1989E6	
542	-6.8718E-1	1.5218E2	2.6497E0	1.2011E6	
543	-6.8993E-1	1.4810E2	2.6427E0	1.2034E6	
544	-6.8901E-1	1.4946E2	2.6357E0	1.2056E6	
545	-6.8588E-1	1.5410E2	2.6286E0	1.2078E6	
546	-6.8771E-1	1.5138E2	2.6216E0	1.2100E6	
547	-6.8535E-1	1.5489E2	2.6145E0	1.2122E6	
548	-6.8680E-1	1.5274E2	2.6074E0	1.2145E6	
549	-6.8527E-1	1.5501E2	2.6004E0	1.2167E6	
550	-6.8748E-1	1.5172E2	2.5934E0	1.2189E6	
551	-6.8604E-1	1.5387E2	2.5863E0	1.2211E6	
552	-6.8687E-1	1.5263E2	2.5793E0	1.2233E6	
553	-6.8291E-1	1.5852E2	2.5722E0	1.2256E6	
554	-6.8550E-1	1.5467E2	2.5651E0	1.2278E6	
555	-6.8581E-1	1.5421E2	2.5580E0	1.2300E6	
556	-6.8649E-1	1.5319E2	2.5509E0	1.2322E6	
557	-6.8382E-1	1.5716E2	2.5439E0	1.2344E6	
558	-6.8443E-1	1.5625E2	2.5369E0	1.2367E6	
559	-6.8573E-1	1.5433E2	2.5298E0	1.2389E6	
560	-6.8306E-1	1.5829E2	2.5227E0	1.2411E6	
561	-6.8825E-1	1.5059E2	2.5156E0	1.2433E6	
562	-6.8359E-1	1.5750E2	2.5086E0	1.2455E6	
563	-6.8436E-1	1.5636E2	2.5014E0	1.2478E6	
564	-6.8451E-1	1.5614E2	2.4944E0	1.2500E6	
565	-6.8428E-1	1.5648E2	2.4873E0	1.2522E6	
566	-6.8321E-1	1.5806E2	2.4801E0	1.2544E6	
567	-6.8321E-1	1.5806E2	2.4731E0	1.2566E6	
568	-6.8657E-1	1.5308E2	2.4659E0	1.2589E6	
569	-6.8405E-1	1.5682E2	2.4589E0	1.2611E6	
570	-6.8298E-1	1.5840E2	2.4518E0	1.2633E6	
571	-6.8382E-1	1.5716E2	2.4447E0	1.2655E6	
572	-6.8130E-1	1.6089E2	2.4376E0	1.2677E6	
573	-6.8237E-1	1.5931E2	2.4305E0	1.2700E6	
574	-6.8329E-1	1.5795E2	2.4234E0	1.2722E6	
575	-6.8352E-1	1.5761E2	2.4163E0	1.2744E6	
576	-6.8199E-1	1.5987E2	2.4092E0	1.2766E6	
577	-6.7963E-1	1.6338E2	2.4020E0	1.2788E6	
578	-6.8199E-1	1.5987E2	2.3950E0	1.2811E6	
579	-6.7902E-1	1.6429E2	2.3878E0	1.2833E6	
580	-6.7764E-1	1.6633E2	2.3807E0	1.2855E6	
581	-6.8077E-1	1.6169E2	2.3736E0	1.2877E6	
582	-6.8192E-1	1.5999E2	2.3664E0	1.2899E6	
583	-6.7963E-1	1.6338E2	2.3594E0	1.2922E6	
584	-6.8024E-1	1.6248E2	2.3523E0	1.2944E6	
585	-6.8085E-1	1.6157E2	2.3450E0	1.2966E6	
586	-6.7879E-1	1.6463E2	2.3378E0	1.2988E6	
587	-6.8062E-1	1.6191E2	2.3308E0	1.3010E6	
588	-6.7673E-1	1.6769E2	2.3237E0	1.3033E6	
589	-6.7734E-1	1.6678E2	2.3165E0	1.3055E6	
590	-6.7665E-1	1.6780E2	2.3094E0	1.3077E6	
591	-6.7856E-1	1.6497E2	2.3022E0	1.3099E6	
592	-6.7680E-1	1.6757E2	2.2951E0	1.3121E6	
593	-6.7894E-1	1.6440E2	2.2880E0	1.3144E6	
594	-6.7810E-1	1.6565E2	2.2808E0	1.3166E6	
595	-6.7566E-1	1.6927E2	2.2737E0	1.3188E6	
596	-6.7543E-1	1.6961E2	2.2666E0	1.3210E6	
597	-6.7574E-1	1.6916E2	2.2593E0	1.3232E6	
598	-6.7520E-1	1.6995E2	2.2521E0	1.3255E6	
599	-6.7612E-1	1.6859E2	2.2451E0	1.3277E6	
600	-6.7574E-1	1.6916E2	2.2379E0	1.3299E6	
601	-6.7482E-1	1.7052E2	2.2307E0	1.3321E6	
602	-6.7429E-1	1.7131E2	2.2235E0	1.3343E6	
603	-6.7535E-1	1.6973E2	2.2163E0	1.3366E6	
604	-6.7276E-1	1.7358E2	2.2091E0	1.3388E6	
605	-6.7276E-1	1.7358E2	2.2020E0	1.3410E6	
606	-6.7543E-1	1.6961E2	2.1948E0	1.3432E6	
607	-6.7223E-1	1.7437E2	2.1876E0	1.3454E6	
608	-6.7566E-1	1.6927E2	2.1806E0	1.3477E6	
609	-6.7596E-1	1.6882E2	2.1733E0	1.3499E6	
610	-6.7390E-1	1.7188E2	2.1661E0	1.3521E6	
611	-6.7162E-1	1.7527E2	2.1590E0	1.3543E6	
612	-6.7337E-1	1.7267E2	2.1517E0	1.3565E6	
613	-6.7169E-1	1.7516E2	2.1445E0	1.3588E6	
614	-6.7078E-1	1.7652E2	2.1374E0	1.3610E6	
615	-6.7215E-1	1.7448E2	2.1302E0	1.3632E6	
616	-6.7223E-1	1.7437E2	2.1230E0	1.3654E6	
617	-6.7108E-1	1.7607E2	2.1158E0	1.3676E6	
618	-6.7184E-1	1.7493E2	2.1086E0	1.3699E6	
619	-6.6986E-1	1.7788E2	2.1014E0	1.3721E6	
620	-6.6879E-1	1.7946E2	2.0941E0	1.3743E6	
621	-6.7207E-1	1.7459E2	2.0869E0	1.3765E6	
622	-6.7299E-1	1.7324E2	2.0798E0	1.3787E6	
623	-6.7108E-1	1.7607E2	2.0726E0	1.3810E6	
624	-6.7101E-1	1.7618E2	2.0652E0	1.3832E6	
625	-6.7162E-1	1.7527E2	2.0581E0	1.3854E6	
626	-6.7329E-1	1.7278E2	2.0508E0	1.3876E6	
627	-6.6940E-1	1.7856E2	2.0437E0	1.3898E6	
628	-6.7230E-1	1.7425E2	2.0363E0	1.3921E6	
629	-6.7245E-1	1.7403E2	2.0292E0	1.3943E6	
630	-6.7017E-1	1.7742E2	2.0220E0	1.3965E6	
631	-6.6986E-1	1.7788E2	2.0148E0	1.3987E6	
632	-6.6620E-1	1.8331E2	2.0076E0	1.4009E6	
633	-6.6917E-1	1.7890E2	2.0003E0	1.4032E6	
634	-6.6925E-1	1.7878E2	1.9931E0	1.4054E6	
635	-6.7024E-1	1.7731E2	1.9859E0	1.4076E6	
636	-6.6635E-1	1.8309E2	1.9786E0	1.4098E6	
637	-6.6818E-1	1.8037E2	1.9714E0	1.4120E6	
638	-6.6589E-1	1.8377E2	1.9642E0	1.4143E6	
639	-6.6757E-1	1.8127E2	1.9569E0	1.4165E6	
640	-6.6856E-1	1.7980E2	1.9498E0	1.4187E6	
641	-6.6330E-1	1.8762E2	1.9424E0	1.4209E6	
642	-6.6650E-1	1.8286E2	1.9352E0	1.4231E6	
643	-6.6597E-1	1.8365E2	1.9280E0	1.4254E6	
644	-6.6505E-1	1.8501E2	1.9207E0	1.4276E6	
645	-6.6605E-1	1.8354E2	1.9135E0	1.4298E6	
646	-6.6467E-1	1.8558E2	1.9063E0	1.4320E6	
647	-6.6422E-1	1.8626E2	1.8990E0	1.4342E6	
648	-6.6528E-1	1.8467E2	1.8918E0	1.4365E6	
649	-6.6338E-1	1.8750E2	1.8845E0	1.4387E6	
650	-6.6338E-1	1.8750E2	1.8771E0	1.4409E6	
651	-6.6376E-1	1.8694E2	1.8699E0	1.4431E6	
652	-6.6261E-1	1.8863E2	1.8627E0	1.4453E6	
653	-6.6254E-1	1.8875E2	1.8555E0	1.4476E6	
654	-6.6483E-1	1.8535E2	1.8482E0	1.4498E6	
655	-6.6147E-1	1.9033E2	1.8409E0	1.4520E6	
656	-6.6376E-1	1.8694E2	1.8337E0	1.4542E6	
657	-6.6132E-1	1.9056E2	1.8264E0	1.4564E6	
658	-6.6284E-1	1.8829E2	1.8192E0	1.4587E6	
659	-6.6261E-1	1.8863E2	1.8119E0	1.4609E6	
660	-6.6116E-1	1.9079E2	1.8046E0	1.4631E6	
661	-6.6200E-1	1.8954E2	1.7974E0	1.4653E6	
662	-6.6071E-1	1.9146E2	1.7900E0	1.4675E6	
663	-6.6109E-1	1.9090E2	1.7827E0	1.4698E6	
664	-6.6086E-1	1.9124E2	1.7755E0	1.4720E6	
665	-6.5918E-1	1.9373E2	1.7682E0	1.4742E6	
666	-6.6017E-1	1.9226E2	1.7609E0	1.4764E6	
667	-6.6177E-1	1.8988E2	1.7537E0	1.4786E6	
668	-6.5887E-1	1.9418E2	1.7463E0	1.4809E6	
669	-6.6063E-1	1.9158E2	1.7391E0	1.4831E6	
670	-6.5796E-1	1.9554E2	1.7317E0	1.4853E6	
671	-6.5788E-1	1.9565E2	1.7246E0	1.4875E6	
672	-6.5842E-1	1.9486E2	1.7172E0	1.4897E6	
673	-6.5880E-1	1.9430E2	1.7100E0	1.4920E6	
674	-6.5765E-1	1.9599E2	1.7026E0	1.4942E6	
675	-6.5796E-1	1.9554E2	1.6954E0	1.4964E6	
676	-6.5712E-1	1.9679E2	1.6880E0	1.4986E6	
677	-6.5727E-1	1.9656E2	1.6808E0	1.5008E6	
678	-6.5765E-1	1.9599E2	1.6734E0	1.5031E6	
679	-6.5781E-1	1.9577E2	1.6662E0	1.5053E6	
680	-6.5994E-1	1.9260E2	1.6588E0	1.5075E6	
681	-6.6017E-1	1.9226E2	1.6516E0	1.5097E6	
682	-6.5895E-1	1.9407E2	1.6442E0	1.5119E6	
683	-6.5704E-1	1.9690E2	1.6369E0	1.5142E6	
684	-6.5811E-1	1.9531E2	1.6296E0	1.5164E6	
685	-6.5605E-1	1.9837E2	1.6224E0	1.5186E6	
686	-6.5819E-1	1.9520E2	1.6150E0	1.5208E6	
687	-6.5643E-1	1.9781E2	1.6077E0	1.5230E6	
688	-6.5559E-1	1.9905E2	1.6005E0	1.5253E6	
689	-6.5384E-1	2.0166E2	1.5931E0	1.5275E6	
690	-6.5704E-1	1.9690E2	1.5858E0	1.5297E6	
691	-6.5590E-1	1.9860E2	1.5784E0	1.5319E6	
692	-6.5674E-1	1.9735E2	1.5711E0	1.5341E6	
693	-6.5506E-1	1.9984E2	1.5639E0	1.5364E6	
694	-6.5613E-1	1.9826E2	1.5564E0	1.5386E6	
695	-6.5636E-1	1.9792E2	1.5491E0	1.5408E6	
696	-6.5582E-1	1.9871E2	1.5419E0	1.5430E6	
697	-6.5544E-1	1.9928E2	1.5346E0	1.5452E6	
698	-6.5598E-1	1.9848E2	1.5272E0	1.5475E6	
699	-6.5514E-1	1.9973E2	1.5198E0	1.5497E6	
700	-6.5742E-1	1.9633E2	1.5125E0	1.5519E6	
701	-6.5437E-1	2.0086E2	1.5052E0	1.5541E6	
702	-6.5231E-1	2.0392E2	1.4978E0	1.5563E6	
703	-6.5269E-1	2.0335E2	1.4905E0	1.5586E6	
704	-6.5247E-1	2.0369E2	1.4833E0	1.5608E6	
705	-6.5155E-1	2.0505E2	1.4759E0	1.5630E6	
706	-6.5308E-1	2.0279E2	1.4686E0	1.5652E6	
707	-6.5170E-1	2.0483E2	1.4613E0	1.5674E6	
708	-6.5247E-1	2.0369E2	1.4539E0	1.5697E6	
709	-6.5079E-1	2.0618E2	1.4466E0	1.5719E6	
710	-6.5140E-1	2.0528E2	1.4392E0	1.5741E6	
711	-6.5216E-1	2.0415E2	1.4319E0	1.5763E6	
712	-6.5010E-1	2.0720E2	1.4246E0	1.5785E6	
713	-6.5155E-1	2.0505E2	1.4172E0	1.5808E6	
714	-6.4949E-1	2.0811E2	1.4099E0	1.5830E6	
715	-6.5193E-1	2.0449E2	1.4026E0	1.5852E6	
716	-6.4941E-1	2.0822E2	1.3952E0	1.5874E6	
717	-6.4873E-1	2.0924E2	1.3879E0	1.5896E6	
718	-6.4873E-1	2.0924E2	1.3805E0	1.5919E6	
719	-6.4789E-1	2.1049E2	1.3732E0	1.5941E6	
720	-6.4835E-1	2.0981E2	1.3658E0	1.5963E6	
721	-6.4682E-1	2.1207E2	1.3585E0	1.5985E6	
722	-6.4499E-1	2.1479E2	1.3512E0	1.6007E6	
723	-6.4919E-1	2.0856E2	1.3438E0	1.6030E6	
724	-6.4888E-1	2.0901E2	1.3364E0	1.6052E6	
725	-6.4659E-1	2.1241E2	1.3291E0	1.6074E6	
726	-6.4651E-1	2.1252E2	1.3216E0	1.6096E6	
727	-6.4568E-1	2.1377E2	1.3143E0	1.6118E6	
728	-6.4690E-1	2.1196E2	1.3071E0	1.6141E6	
729	-6.4682E-1	2.1207E2	1.2997E0	1.6163E6	
730	-6.4621E-1	2.1298E2	1.2923E0	1.6185E6	
731	-6.4445E-1	2.1558E2	1.2849E0	1.6207E6	
732	-6.4484E-1	2.1502E2	1.2776E0	1.6229E6	
733	-6.4560E-1	2.1388E2	1.2704E0	1.6252E6	
734	-6.4438E-1	2.1570E2	1.2629E0	1.6274E6	
735	-6.4682E-1	2.1207E2	1.2557E0	1.6296E6	
736	-6.4308E-1	2.1762E2	1.2482E0	1.6318E6	
737	-6.4644E-1	2.1264E2	1.2409E0	1.6340E6	
738	-6.4568E-1	2.1377E2	1.2334E0	1.6363E6	
739	-6.4453E-1	2.1547E2	1.2261E0	1.6385E6	
740	-6.4522E-1	2.1445E2	1.2188E0	1.6407E6	
741	-6.4178E-1	2.1954E2	1.2114E0	1.6429E6	
742	-6.4400E-1	2.1626E2	1.2041E0	1.6451E6	
743	-6.4529E-1	2.1434E2	1.1968E0	1.6474E6	
744	-6.4423E-1	2.1592E2	1.1894E0	1.6496E6	
745	-6.4377E-1	2.1660E2	1.1820E0	1.6518E6	
746	-6.4270E-1	2.1819E2	1.1746E0	1.6540E6	
747	-6.4049E-1	2.2147E2	1.1673E0	1.6562E6	
748	-6.4209E-1	2.1909E2	1.1599E0	1.6585E6	
749	-6.4171E-1	2.1966E2	1.1526E0	1.6607E6	
750	-6.4034E-1	2.2170E2	1.1452E0	1.6629E6	
751	-6.4499E-1	2.1479E2	1.1378E0	1.6651E6	
752	-6.4194E-1	2.1932E2	1.1305E0	1.6673E6	
753	-6.4423E-1	2.1592E2	1.1231E0	1.6696E6	
754	-6.4209E-1	2.1909E2	1.1157E0	1.6718E6	
755	-6.4079E-1	2.2102E2	1.1084E0	1.6740E6	
756	-6.4018E-1	2.2192E2	1.1010E0	1.6762E6	
757	-6.4316E-1	2.1751E2	1.0937E0	1.6784E6	
758	-6.4186E-1	2.1943E2	1.0863E0	1.6807E6	
759	-6.4110E-1	2.2056E2	1.0789E0	1.6829E6	
760	-6.4095E-1	2.2079E2	1.0716E0	1.6851E6	
761	-6.3866E-1	2.2419E2	1.0642E0	1.6873E6	
762	-6.4110E-1	2.2056E2	1.0568E0	1.6895E6	
763	-6.4056E-1	2.2136E2	1.0496E0	1.6918E6	
764	-6.3957E-1	2.2283E2	1.0421E0	1.6940E6	
765	-6.3774E-1	2.2555E2	1.0348E0	1.6962E6	
766	-6.4041E-1	2.2158E2	1.0274E0	1.6984E6	
767	-6.3873E-1	2.2407E2	1.0202E0	1.7006E6	
768	-6.3728E-1	2.2623E2	1.0128E0	1.7029E6	
769	-6.3744E-1	2.2600E2	1.0054E0	1.7051E6	
770	-7.1602E-1	1.0938E2	9.9799E-1	1.7073E6	
771	-7.0869E-1	1.2025E2	9.9056E-1	1.7095E6	
772	-6.9748E-1	1.3689E2	9.8327E-1	1.7117E6	
773	-6.8237E-1	1.5931E2	9.7599E-1	1.7140E6	
774	-6.6635E-1	1.8309E2	9.6856E-1	1.7162E6	
775	-6.5895E-1	1.9407E2	9.6118E-1	1.7184E6	
776	-6.4537E-1	2.1422E2	9.5376E-1	1.7206E6	
777	-6.3469E-1	2.3007E2	9.4649E-1	1.7228E6	
778	-6.2828E-1	2.3959E2	9.3907E-1	1.7251E6	
779	-6.1722E-1	2.5600E2	9.3170E-1	1.7273E6	
780	-6.0165E-1	2.7910E2	9.2438E-1	1.7295E6	
781	-5.8517E-1	3.0356E2	9.1706E-1	1.7317E6	
782	-5.6908E-1	3.2745E2	9.0965E-1	1.7339E6	
783	-5.4939E-1	3.5666E2	9.0230E-1	1.7362E6	
784	-5.3246E-1	3.8180E2	8.9490E-1	1.7384E6	
785	-5.1979E-1	4.0059E2	8.8753E-1	1.7406E6	
786	-5.0201E-1	4.2697E2	8.8019E-1	1.7428E6	
787	-4.7859E-1	4.6173E2	8.7283E-1	1.7450E6	
788	-4.6120E-1	4.8755E2	8.6547E-1	1.7473E6	
789	-4.4418E-1	5.1280E2	8.5804E-1	1.7495E6	
790	-4.1428E-1	5.5718E2	8.5070E-1	1.7517E6	
791	-3.9757E-1	5.8198E2	8.4335E-1	1.7539E6	
792	-3.6926E-1	6.2399E2	8.3594E-1	1.7561E6	
793	-3.3936E-1	6.6837E2	8.2860E-1	1.7584E6	
794	-3.1761E-1	7.0064E2	8.2122E-1	1.7606E6	
795	-2.8893E-1	7.4321E2	8.1612E-1	1.7621E6	
796	-2.8893E-1	7.4321E2	8.1612E-1	1.7621E6	
797	-2.8893E-1	7.4321E2	8.1612E-1	1.7621E6	
798	-2.8893E-1	7.4321E2	8.1612E-1	1.7621E6	
799	-2.8893E-1	7.4321E2	8.1612E-1	1.7621E6	
800	-2.8893E-1	7.4321E2	8.1612E-1	1.7621E6	
801	-2.8893E-1	7.4321E2	8.1612E-1	1.7621E6	
802	-2.8893E-1	7.4321E2	8.1612E-1	1.7621E6	
803	-2.8893E-1	7.4321E2	8.1612E-1	1.7621E6	
804	-2.8893E-1	7.4321E2	8.1612E-1	1.7621E6	
805	-2.8893E-1	7.4321E2	8.1612E-1	1.7621E6	
806	-2.8893E-1	7.4321E2	8.1612E-1	1.7621E6	
807	-2.8893E-1	7.4321E2	8.1612E-1	1.7621E6	
808	-2.8893E-1	7.4321E2	8.1612E-1	1.7621E6	
809	-2.8893E-1	7.4321E2	8.1612E-1	1.7621E6	
810	-2.8893E-1	7.4321E2	8.1612E-1	1.7621E6	
811	-2.8893E-1	7.4321E2	8.1612E-1	1.7621E6	
812	-2.8893E-1	7.4321E2	8.1612E-1	1.7621E6	
813	-2.8893E-1	7.4321E2	8.1612E-1	1.7621E6	
814	-2.8893E-1	7.4321E2	8.1612E-1	1.7621E6	
815	-2.8893E-1	7.4321E2	8.1612E-1	1.7621E6	
816	-2.8893E-1	7.4321E2	8.1612E-1	1.7621E6	
817	-2.8893E-1	7.4321E2	8.1612E-1	1.7621E6	
818	-2.8893E-1	7.4321E2	8.1612E-1	1.7621E6	
819	-2.8893E-1	7.4321E2	8.1612E-1	1.7621E6	
820	-2.8893E-1	7.4321E2	8.1612E-1	1.7621E6	
821	-2.8893E-1	7.4321E2	8.1612E-1	1.7621E6	
822	-2.8893E-1	7.4321E2	8.1612E-1	1.7621E6	
823	-2.8893E-1	7.4321E2	8.1612E-1	1.7621E6	
824	-2.8893E-1	7.4321E2	8.1612E-1	1.7621E6	
825	-2.8893E-1	7.4321E2	8.1612E-1	1.7621E6	
826	-2.8893E-1	7.4321E2	8.1612E-1	1.7621E6	
827	-2.8893E-1	7.4321E2	8.1612E-1	1.7621E6	
828	-2.8893E-1	7.4321E2	8.1612E-1	1.7621E6	
829	-2.8893E-1	7.4321E2	8.1612E-1	1.7621E6	
830	-2.8893E-1	7.4321E2	8.1612E-1	1.7621E6	
831	-2.8893E-1	7.4321E2	8.1612E-1	1.7621E6	
832	-2.8893E-1	7.4321E2	8.1612E-1	1.7621E6	
833	-2.8893E-1	7.4321E2	8.1612E-1	1.7621E6	
834	-2.8893E-1	7.4321E2	8.1612E-1	1.7621E6	
835	-2.8893E-1	7.4321E2	8.1612E-1	1.7621E6	
836	-2.8893E-1	7.4321E2	8.1612E-1	1.7621E6	
837	-2.8893E-1	7.4321E2	8.1612E-1	1.7621E6	
838	-2.8893E-1	7.4321E2	8.1612E-1	1.7621E6	
839	-2.8893E-1	7.4321E2	8.1612E-1	1.7621E6	
840	-2.8893E-1	7.4321E2	8.1612E-1	1.7621E6	
841	-2.8893E-1	7.4321E2	8.1612E-1	1.7621E6	
842	-2.8893E-1	7.4321E2	8.1612E-1	1.7621E6	
843	-2.8893E-1	7.4321E2	8.1612E-1	1.7621E6	
844	-2.8893E-1	7.4321E2	8.1612E-1	1.7621E6	
845	-2.8893E-1	7.4321E2	8.1612E-1	1.7621E6	
846	-2.8893E-1	7.4321E2	8.1612E-1	1.7621E6	
847	-2.8893E-1	7.4321E2	8.1612E-1	1.7621E6	
848	-2.8893E-1	7.4321E2	8.1612E-1	1.7621E6	
849	-2.8893E-1	7.4321E2	8.1612E-1	1.7621E6	
850	-2.8893E-1	7.4321E2	8.1612E-1	1.7621E6	
851	-2.8893E-1	7.4321E2	8.1612E-1	1.7621E6	
852	-2.8893E-1	7.4321E2	8.1612E-1	1.7621E6	
853	-2.8893E-1	7.4321E2	8.1612E-1	1.7621E6	
854	-2.8893E-1	7.4321E2	8.1612E-1	1.7621E6	
855	-2.8893E-1	7.4321E2	8.1612E-1	1.7621E6	
856	-2.8893E-1	7.4321E2	8.1612E-1	1.7621E6	
857	-2.8893E-1	7.4321E2	8.1612E-1	1.7621E6	
858	-2.8893E-1	7.4321E2	8.1612E-1	1.7621E6	
859	-2.8893E-1	7.4321E2	8.1612E-1	1.7621E6	
860	-2.8893E-1	7.4321E2	8.1612E-1	1.7621E6	
861	-2.8893E-1	7.4321E2	8.1612E-1	1.7621E6	
862	-2.8893E-1	7.4321E2	8.1612E-1	1.7621E6	
863	-2.8893E-1	7.4321E2	8.1612E-1	1.7621E6	
864	-2.8893E-1	7.4321E2	8.1612E-1	1.7621E6	
865	-2.8893E-1	7.4321E2	8.1612E-1	1.7621E6	
866	-2.8893E-1	7.4321E2	8.1612E-1	1.7621E6	
867	-2.8893E-1	7.4321E2	8.1612E-1	1.7621E6	
868	-2.8893E-1	7.4321E2	8.1612E-1	1.7621E6	
869	-2.8893E-1	7.4321E2	8.1612E-1	1.7621E6	
870	-2.8893E-1	7.4321E2	8.1612E-1	1.7621E6	
871	-2.8893E-1	7.4321E2	8.1612E-1	1.7621E6	
872	-2.8893E-1	7.4321E2	8.1612E-1	1.7621E6	
873	-2.8893E-1	7.4321E2	8.1612E-1	1.7621E6	
874	-2.8893E-1	7.4321E2	8.1612E-1	1.7621E6	
875	-2.8893E-1	7.4321E2	8.1612E-1	1.7621E6	
876	-2.8893E-1	7.4321E2	8.1612E-1	1.7621E6	
877	-2.8893E-1	7.4321E2	8.1612E-1	1.7621E6	
878	-2.8893E-1	7.4321E2	8.1612E-1	1.7621E6	
879	-2.8893E-1	7.4321E2	8.1612E-1	1.7621E6	
880	-2.8893E-1	7.4321E2	8.1612E-1	1.7621E6	
881	-2.8893E-1	7.4321E2	8.1612E-1	1.7621E6	
882	-2.8893E-1	7.4321E2	8.1612E-1	1.7621E6	
883	-2.8893E-1	7.4321E2	8.1612E-1	1.7621E6	
884	-2.8893E-1	7.4321E2	8.1612E-1	1.7621E6	
885	-2.8893E-1	7.4321E2	8.1612E-1	1.7621E6	
886	-2.8893E-1	7.4321E2	8.1612E-1	1.7621E6	
887	-2.8893E-1	7.4321E2	8.1612E-1	1.7621E6	
888	-2.8893E-1	7.4321E2	8.1612E-1	1.7621E6	
889	-2.8893E-1	7.4321E2	8.1612E-1	1.7621E6	
890	-2.8893E-1	7.4321E2	8.1612E-1	1.7621E6	
891	-2.8893E-1	7.4321E2	8.1612E-1	1.7621E6	
892	-2.8893E-1	7.4321E2	8.1612E-1	1.7621E6	
893	-2.8893E-1	7.4321E2	8.1612E-1	1.7621E6	
894	-2.8893E-1	7.4321E2	8.1612E-1	1.7621E6	
895	-2.8893E-1	7.4321E2	8.1612E-1	1.7621E6	
896	-2.8893E-1	7.4321E2	8.1612E-1	1.7621E6	
897	-2.8893E-1	7.4321E2	8.1612E-1	1.7621E6	
898	-2.8893E-1	7.4321E2	8.1612E-1	1.7621E6	
899	-2.8893E-1	7.4321E2	8.1612E-1	1.7621E6	
900	-2.8893E-1	7.4321E2	8.1612E-1	1.7621E6	
901	-2.8893E-1	7.4321E2	8.1612E-1	1.7621E6	
902	-2.8893E-1	7.4321E2	8.1612E-1	1.7621E6	
903	-2.8893E-1	7.4321E2	8.1612E-1	1.7621E6	
904	-2.8893E-1	7.4321E2	8.1612E-1	1.7621E6	
905	-2.8893E-1	7.4321E2	8.1612E-1	1.7621E6	
906	-2.8893E-1	7.4321E2	8.1612E-1	1.7621E6	
907	-2.8893E-1	7.4321E2	8.1612E-1	1.7621E6	
908	-2.8893E-1	7.4321E2	8.1612E-1	1.7621E6	
909	-2.8893E-1	7.4321E2	8.1612E-1	1.7621E6	
910	-2.8893E-1	7.4321E2	8.1612E-1	1.7621E6	
911	-2.8893E-1	7.4321E2	8.1612E-1	1.7621E6	
912	-2.8893E-1	7.4321E2	8.1612E-1	1.7621E6	
913	-2.8893E-1	7.4321E2	8.1612E-1	1.7621E6	
914	-2.8893E-1	7.4321E2	8.1612E-1	1.7621E6	
915	-2.8893E-1	7.4321E2	8.1612E-1	1.7621E6	
916	-2.8893E-1	7.4321E2	8.1612E-1	1.7621E6	
917	-2.8893E-1	7.4321E2	8.1612E-1	1.7621E6	
918	-2.8893E-1	7.4321E2	8.1612E-1	1.7621E6	
919	-2.8893E-1	7.4321E2	8.1612E-1	1.7621E6	
920	-2.8893E-1	7.4321E2	8.1612E-1	1.7621E6	
921	-2.8893E-1	7.4321E2	8.1612E-1	1.7621E6	
922	-2.8893E-1	7.4321E2	8.1612E-1	1.7621E6	
923	-2.8893E-1	7.4321E2	8.1612E-1	1.7621E6	
924	-2.8893E-1	7.4321E2	8.1612E-1	1.7621E6	
925	-2.8893E-1	7.4321E2	8.1612E-1	1.7621E6	
926	-2.8893E-1	7.4321E2	8.1612E-1	1.7621E6	
927	-2.8893E-1	7.4321E2	8.1612E-1	1.7621E6	
928	-2.8893E-1	7.4321E2	8.1612E-1	1.7621E6	
929	-2.8893E-1	7.4321E2	8.1612E-1	1.7621E6	
930	-2.8893E-1	7.4321E2	8.1612E-1	1.7621E6	
931	-2.8893E-1	7.4321E2	8.1612E-1	1.7621E6	
932	-2.8893E-1	7.4321E2	8.1612E-1	1.7621E6	
933	-2.8893E-1	7.4321E2	8.1612E-1	1.7621E6	
934	-2.8893E-1	7.4321E2	8.1612E-1	1.7621E6	
935	-2.8893E-1	7.4321E2	8.1612E-1	1.7621E6	
936	-2.8893E-1	7.4321E2	8.1612E-1	1.7621E6	
937	-2.8893E-1	7.4321E2	8.1612E-1	1.7621E6	
938	-2.8893E-1	7.4321E2	8.1612E-1	1.7621E6	
939	-2.8893E-1	7.4321E2	8.1612E-1	1.7621E6	
940	-2.8893E-1	7.4321E2	8.1612E-1	1.7621E6	
941	-2.8893E-1	7.4321E2	8.1612E-1	1.7621E6	
942	-2.8893E-1	7.4321E2	8.1612E-1	1.7621E6	
943	-2.8893E-1	7.4321E2	8.1612E-1	1.7621E6	
944	-2.8893E-1	7.4321E2	8.1612E-1	1.7621E6	
945	-2.8893E-1	7.4321E2	8.1612E-1	1.7621E6	
946	-2.8893E-1	7.4321E2	8.1612E-1	1.7621E6	
947	-2.8893E-1	7.4321E2	8.1612E-1	1.7621E6	
948	-2.8893E-1	7.4321E2	8.1612E-1	1.7621E6	
949	-2.8893E-1	7.4321E2	8.1612E-1	1.7621E6	
950	-2.8893E-1	7.4321E2	8.1612E-1	1.7621E6	
951	-2.8893E-1	7.4321E2	8.1612E-1	1.7621E6	
952	-2.8893E-1	7.4321E2	8.1612E-1	1.7621E6	
953	-2.8893E-1	7.4321E2	8.1612E-1	1.7621E6	
954	-2.8893E-1	7.4321E2	8.1612E-1	1.7621E6	
955	-2.8893E-1	7.4321E2	8.1612E-1	1.7621E6	
956	-2.8893E-1	7.4321E2	8.1612E-1	1.7621E6	
957	-2.8893E-1	7.4321E2	8.1612E-1	1.7621E6	
958	-2.8893E-1	7.4321E2	8.1612E-1	1.7621E6	
959	-2.8893E-1	7.4321E2	8.1612E-1	1.7621E6	
960	-2.8893E-1	7.4321E2	8.1612E-1	1.7621E6	
961	-2.8893E-1	7.4321E2	8.1612E-1	1.7621E6	
962	-2.8893E-1	7.4321E2	8.1612E-1	1.7621E6	
963	-2.8893E-1	7.4321E2	8.1612E-1	1.7621E6	
964	-2.8893E-1	7.4321E2	8.1612E-1	1.7621E6	
965	-2.8893E-1	7.4321E2	8.1612E-1	1.7621E6	
966	-2.8893E-1	7.4321E2	8.1612E-1	1.7621E6	
967	-2.8893E-1	7.4321E2	8.1612E-1	1.7621E6	
968	-2.8893E-1	7.4321E2	8.1612E-1	1.7621E6	
969	-2.8893E-1	7.4321E2	8.1612E-1	1.7621E6	
970	-2.8893E-1	7.4321E2	8.1612E-1	1.7621E6	
971	-2.8893E-1	7.4321E2	8.1612E-1	1.7621E6	
972	-2.8893E-1	7.4321E2	8.1612E-1	1.7621E6	
973	-2.8893E-1	7.4321E2	8.1612E-1	1.7621E6	
974	-2.8893E-1	7.4321E2	8.1612E-1	1.7621E6	
975	-2.8893E-1	7.4321E2	8.1612E-1	1.7621E6	
976	-2.8893E-1	7.4321E2	8.1612E-1	1.7621E6	
977	-2.8893E-1	7.4321E2	8.1612E-1	1.7621E6	
978	-2.8893E-1	7.4321E2	8.1612E-1	1.7621E6	
979	-2.8893E-1	7.4321E2	8.1612E-1	1.7621E6	
980	-2.8893E-1	7.4321E2	8.1612E-1	1.7621E6	
981	-2.8893E-1	7.4321E2	8.1612E-1	1.7621E6	
982	-2.8893E-1	7.4321E2	8.1612E-1	1.7621E6	
983	-2.8893E-1	7.4321E2	8.1612E-1	1.7621E6	
984	-2.8893E-1	7.4321E2	8.1612E-1	1.7621E6	
985	-2.8893E-1	7.4321E2	8.1612E-1	1.7621E6	
986	-2.8893E-1	7.4321E2	8.1612E-1	1.7621E6	
987	-2.8893E-1	7.4321E2	8.1612E-1	1.7621E6	
988	-2.8893E-1	7.4321E2	8.1612E-1	1.7621E6	
989	-2.8893E-1	7.4321E2	8.1612E-1	1.7621E6	
990	-2.8893E-1	7.4321E2	8.1612E-1	1.7621E6	
991	-2.8893E-1	7.4321E2	8.1612E-1	1.7621E6	
992	-2.8893E-1	7.4321E2	8.1612E-1	1.7621E6	
993	-2.8893E-1	7.4321E2	8.1612E-1	1.7621E6	
994	-2.8893E-1	7.4321E2	8.1612E-1	1.7621E6	
995	-2.8893E-1	7.4321E2	8.1612E-1	1.7621E6	
996	-2.8893E-1	7.4321E2	8.1612E-1	1.7621E6	
997	-2.8893E-1	7.4321E2	8.1612E-1	1.7621E6	
998	-2.8893E-1	7.4321E2	8.1612E-1	1.7621E6	
999	-2.8893E-1	7.4321E2	8.1612E-1	1.7621E6	
1000	-2.8893E-1	7.4321E2	8.1612E-1	1.7621E6	
1001	-2.8893E-1	7.4321E2	8.1612E-1	1.7621E6	
1002	-2.8893E-1	7.4321E2	8.1612E-1	1.7621E6	
1003	-2.8893E-1	7.4321E2	8.1612E-1	1.7621E6	
1004	-2.8893E-1	7.4321E2	8.1612E-1	1.7621E6	
1005	-2.8893E-1	7.4321E2	8.1612E-1	1.7621E6	
1006	-2.8893E-1	7.4321E2	8.1612E-1	1.7621E6	
1007	-2.8893E-1	7.4321E2	8.1612E-1	1.7621E6	
1008	-2.8893E-1	7.4321E2	8.1612E-1	1.7621E6	
1009	-2.8893E-1	7.4321E2	8.1612E-1	1.7621E6	
1010	-2.8893E-1	7.4321E2	8.1612E-1	1.7621E6	
1011	-2.8893E-1	7.4321E2	8.1612E-1	1.7621E6	
1012	-2.8893E-1	7.4321E2	8.1612E-1	1.7621E6	
1013	-2.8893E-1	7.4321E2	8.1612E-1	1.7621E6	
1014	-2.8893E-1	7.4321E2	8.1612E-1	1.7621E6	
1015	-2.8893E-1	7.4321E2	8.1612E-1	1.7621E6	
1016	-2.8893E-1	7.4321E2	8.1612E-1	1.7621E6	
1017	-2.8893E-1	7.4321E2	8.1612E-1	1.7621E6	
1018	-2.8893E-1	7.4321E2	8.1612E-1	1.7621E6	
1019	-2.8893E-1	7.4321E2	8.1612E-1	1.7621E6	
1020	-2.8893E-1	7.4321E2	8.1612E-1	1.7621E6	
1021	-2.8893E-1	7.4321E2	8.1612E-1	1.7621E6	
1022	-2.8893E-1	7.4321E2	8.1612E-1	1.7621E6	
1023	-2.8893E-1	7.4321E2	8.1612E-1	1.7621E6	
1024	-2.8893E-1	7.4321E2	8.1612E-1	1.7621E6	
1025	-2.8687E-1	7.4627E2	8.1611E-1	1.7622E6	
1026	-3.4424E-1	6.6113E2	8.1717E-1	1.7644E6	
1027	-3.8185E-1	6.0530E2	8.1964E-1	1.7666E6	
1028	-4.1145E-1	5.6137E2	8.2258E-1	1.7688E6	
1029	-4.3053E-1	5.3307E2	8.2598E-1	1.7710E6	
1030	-4.5959E-1	4.8993E2	8.2946E-1	1.7733E6	
1031	-4.8035E-1	4.5913E2	8.3308E-1	1.7755E6	
1032	-5.0301E-1	4.2550E2	8.3687E-1	1.7777E6	
1033	-5.1788E-1	4.0342E2	8.4080E-1	1.7799E6	
1034	-5.4405E-1	3.6459E2	8.4467E-1	1.7821E6	
1035	-5.5817E-1	3.4364E2	8.4872E-1	1.7844E6	
1036	-5.7564E-1	3.1771E2	8.5281E-1	1.7866E6	
1037	-5.9631E-1	2.8703E2	8.5702E-1	1.7888E6	
1038	-6.0745E-1	2.7050E2	8.6119E-1	1.7910E6	
1039	-6.2302E-1	2.4740E2	8.6551E-1	1.7932E6	
1040	-6.3965E-1	2.2272E2	8.6981E-1	1.7955E6	
1041	-6.5056E-1	2.0652E2	8.7409E-1	1.7977E6	
1042	-6.6681E-1	1.8241E2	8.7845E-1	1.7999E6	
1043	-6.7467E-1	1.7074E2	8.8272E-1	1.8021E6	
1044	-6.9145E-1	1.4583E2	8.8731E-1	1.8043E6	
1045	-6.9519E-1	1.4029E2	8.9168E-1	1.8066E6	
1046	-7.1167E-1	1.1583E2	8.9608E-1	1.8088E6	
1047	-7.1907E-1	1.0485E2	9.0062E-1	1.8110E6	
1048	-7.2937E-1	8.9562E1	9.0519E-1	1.8132E6	
1049	-7.3448E-1	8.1975E1	9.0965E-1	1.8154E6	
1050	-7.4394E-1	6.7935E1	9.1422E-1	1.8177E6	
1051	-7.4989E-1	5.9104E1	9.1880E-1	1.8199E6	
1052	-7.5256E-1	5.5141E1	9.2326E-1	1.8221E6	
1053	-7.6363E-1	3.8723E1	9.2784E-1	1.8243E6	
1054	-7.7339E-1	2.4230E1	9.3245E-1	1.8265E6	
1055	-7.8064E-1	1.3474E1	9.3704E-1	1.8288E6	
1056	-7.8415E-1	8.2655E0	9.4180E-1	1.8310E6	
1057	-7.9521E-1	-8.1522E0	9.4637E-1	1.8332E6	
1058	-7.9803E-1	-1.2342E1	9.5094E-1	1.8354E6	
1059	-8.0826E-1	-2.7514E1	9.5565E-1	1.8376E6	
1060	-8.1017E-1	-3.0344E1	9.6038E-1	1.8399E6	
1061	-8.1200E-1	-3.3062E1	9.6495E-1	1.8421E6	
1062	-8.2306E-1	-4.9480E1	9.6972E-1	1.8443E6	
1063	-8.2344E-1	-5.0046E1	9.7446E-1	1.8465E6	
1064	-8.2390E-1	-5.0725E1	9.7919E-1	1.8487E6	
1065	-8.2375E-1	-5.0499E1	9.8380E-1	1.8510E6	
1066	-8.3008E-1	-5.9896E1	9.8857E-1	1.8532E6	
1067	-8.3015E-1	-6.0010E1	9.9334E-1	1.8554E6	
1068	-8.3252E-1	-6.3520E1	9.9811E-1	1.8576E6	
1069	-8.2359E-1	-5.0272E1	1.0028E0	1.8598E6	
1070	-8.1436E-1	-3.6572E1	1.0076E0	1.8621E6	
1071	-8.1451E-1	-3.6798E1	1.0123E0	1.8643E6	
1072	-8.1352E-1	-3.5326E1	1.0171E0	1.8665E6	
1073	-8.1406E-1	-3.6119E1	1.0219E0	1.8687E6	
1074	-8.1223E-1	-3.3402E1	1.0268E0	1.8709E6	
1075	-8.1528E-1	-3.7931E1	1.0314E0	1.8732E6	
1076	-8.1345E-1	-3.5213E1	1.0363E0	1.8754E6	
1077	-8.1337E-1	-3.5100E1	1.0411E0	1.8776E6	
1078	-8.1131E-1	-3.2043E1	1.0459E0	1.8798E6	
1079	-8.0971E-1	-2.9665E1	1.0508E0	1.8820E6	
1080	-8.0910E-1	-2.8759E1	1.0557E0	1.8843E6	
1081	-8.0574E-1	-2.3777E1	1.0605E0	1.8865E6	
1082	-8.0223E-1	-1.8569E1	1.0653E0	1.8887E6	
1083	-8.0070E-1	-1.6304E1	1.0702E0	1.8909E6	
1084	-7.9689E-1	-1.0643E1	1.0751E0	1.8931E6	
1085	-7.9269E-1	-4.4158E0	1.0799E0	1.8954E6	
1086	-7.8865E-1	1.5852E0	1.0850E0	1.8976E6	
1087	-7.8590E-1	5.6613E0	1.0897E0	1.8998E6	
1088	-7.8438E-1	7.9258E0	1.0946E0	1.9020E6	
1089	-7.7827E-1	1.6984E1	1.0996E0	1.9042E6	
1090	-7.7789E-1	1.7550E1	1.1045E0	1.9065E6	
1091	-7.7263E-1	2.5363E1	1.1093E0	1.9087E6	
1092	-7.6973E-1	2.9665E1	1.1143E0	1.9109E6	
1093	-7.6691E-1	3.3855E1	1.1193E0	1.9131E6	
1094	-7.6439E-1	3.7591E1	1.1242E0	1.9153E6	
1095	-7.6157E-1	4.1780E1	1.1291E0	1.9176E6	
1096	-7.5813E-1	4.6875E1	1.1341E0	1.9198E6	
1097	-7.5356E-1	5.3669E1	1.1391E0	1.9220E6	
1098	-7.5020E-1	5.8651E1	1.1440E0	1.9242E6	
1099	-7.4898E-1	6.0463E1	1.1490E0	1.9264E6	
1100	-7.4448E-1	6.7143E1	1.1541E0	1.9287E6	
1101	-7.4409E-1	6.7709E1	1.1590E0	1.9309E6	
1102	-7.4356E-1	6.8502E1	1.1640E0	1.9331E6	
1103	-7.4120E-1	7.2012E1	1.1691E0	1.9353E6	
1104	-7.4150E-1	7.1559E1	1.1740E0	1.9375E6	
1105	-7.4120E-1	7.2012E1	1.1790E0	1.9398E6	
1106	-7.3425E-1	8.2315E1	1.1841E0	1.9420E6	
1107	-7.3792E-1	7.6880E1	1.1891E0	1.9442E6	
1108	-7.3936E-1	7.4729E1	1.1941E0	1.9464E6	
1109	-7.3624E-1	7.9371E1	1.1991E0	1.9486E6	
1110	-7.3174E-1	8.6052E1	1.2042E0	1.9509E6	
1111	-7.3112E-1	8.6957E1	1.2093E0	1.9531E6	
1112	-7.3174E-1	8.6052E1	1.2143E0	1.9553E6	
1113	-7.2929E-1	8.9675E1	1.2194E0	1.9575E6	
1114	-7.2762E-1	9.2166E1	1.2244E0	1.9597E6	
1115	-7.2922E-1	8.9788E1	1.2295E0	1.9620E6	
1116	-7.2678E-1	9.3411E1	1.2347E0	1.9642E6	
1117	-7.2929E-1	8.9675E1	1.2397E0	1.9664E6	
1118	-7.2823E-1	9.1260E1	1.2448E0	1.9686E6	
1119	-7.2670E-1	9.3525E1	1.2499E0	1.9708E6	
1120	-7.2922E-1	8.9788E1	1.2551E0	1.9731E6	
1121	-7.2884E-1	9.0354E1	1.2601E0	1.9753E6	
1122	-7.2754E-1	9.2279E1	1.2652E0	1.9775E6	
1123	-7.2906E-1	9.0015E1	1.2704E0	1.9797E6	
1124	-7.2929E-1	8.9675E1	1.2756E0	1.9819E6	
1125	-7.3097E-1	8.7184E1	1.2807E0	1.9842E6	
1126	-7.3334E-1	8.3674E1	1.2858E0	1.9864E6	
1127	-7.3364E-1	8.3221E1	1.2909E0	1.9886E6	
1128	-7.3509E-1	8.1070E1	1.2961E0	1.9908E6	
1129	-7.3570E-1	8.0164E1	1.3013E0	1.9930E6	
1130	-7.3799E-1	7.6767E1	1.3064E0	1.9953E6	
1131	-7.3486E-1	8.1409E1	1.3115E0	1.9975E6	
1132	-7.3723E-1	7.7899E1	1.3168E0	1.9997E6	
1133	-7.3830E-1	7.6314E1	1.3220E0	2.0019E6	
1134	-7.3715E-1	7.8013E1	1.3272E0	2.0041E6	
1135	-7.3799E-1	7.6767E1	1.3322E0	2.0064E6	
1136	-7.3799E-1	7.6767E1	1.3375E0	2.0086E6	
1137	-7.3639E-1	7.9145E1	1.3427E0	2.0108E6	
1138	-7.3273E-1	8.4580E1	1.3480E0	2.0130E6	
1139	-7.3288E-1	8.4353E1	1.3532E0	2.0152E6	
1140	-7.3128E-1	8.6731E1	1.3584E0	2.0175E6	
1141	-7.3105E-1	8.7071E1	1.3636E0	2.0197E6	
1142	-7.3212E-1	8.5485E1	1.3689E0	2.0219E6	
1143	-7.2845E-1	9.0920E1	1.3741E0	2.0241E6	
1144	-7.3044E-1	8.7976E1	1.3793E0	2.0263E6	
1145	-7.2990E-1	8.8769E1	1.3846E0	2.0286E6	
1146	-7.3112E-1	8.6957E1	1.3899E0	2.0308E6	
1147	-7.3189E-1	8.5825E1	1.3952E0	2.0330E6	
1148	-7.3029E-1	8.8203E1	1.4004E0	2.0352E6	
1149	-7.3196E-1	8.5712E1	1.4056E0	2.0374E6	
1150	-7.3181E-1	8.5938E1	1.4110E0	2.0397E6	
1151	-7.3326E-1	8.3787E1	1.4163E0	2.0419E6	
1152	-7.3265E-1	8.4693E1	1.4215E0	2.0441E6	
1153	-7.3029E-1	8.8203E1	1.4269E0	2.0463E6	
1154	-7.3059E-1	8.7750E1	1.4321E0	2.0485E6	
1155	-7.3273E-1	8.4580E1	1.4375E0	2.0508E6	
1156	-7.3181E-1	8.5938E1	1.4428E0	2.0530E6	
1157	-7.3112E-1	8.6957E1	1.4481E0	2.0552E6	
1158	-7.3463E-1	8.1749E1	1.4535E0	2.0574E6	
1159	-7.3196E-1	8.5712E1	1.4587E0	2.0596E6	
1160	-7.3151E-1	8.6391E1	1.4641E0	2.0619E6	
1161	-7.2952E-1	8.9335E1	1.4695E0	2.0641E6	
1162	-7.3250E-1	8.4919E1	1.4748E0	2.0663E6	
1163	-7.2945E-1	8.9448E1	1.4802E0	2.0685E6	
1164	-7.2754E-1	9.2279E1	1.4856E0	2.0707E6	
1165	-7.2853E-1	9.0807E1	1.4909E0	2.0730E6	
1166	-7.2914E-1	8.9901E1	1.4962E0	2.0752E6	
1167	-7.2868E-1	9.0581E1	1.5017E0	2.0774E6	
1168	-7.2426E-1	9.7148E1	1.5070E0	2.0796E6	
1169	-7.2823E-1	9.1260E1	1.5124E0	2.0818E6	
1170	-7.2777E-1	9.1939E1	1.5178E0	2.0841E6	
1171	-7.2594E-1	9.4657E1	1.5232E0	2.0863E6	
1172	-7.2533E-1	9.5563E1	1.5286E0	2.0885E6	
1173	-7.2212E-1	1.0032E2	1.5340E0	2.0907E6	
1174	-7.2212E-1	1.0032E2	1.5395E0	2.0929E6	
1175	-7.1945E-1	1.0428E2	1.5448E0	2.0952E6	
1176	-7.2029E-1	1.0304E2	1.5503E0	2.0974E6	
1177	-7.2166E-1	1.0100E2	1.5557E0	2.0996E6	
1178	-7.2128E-1	1.0156E2	1.5612E0	2.1018E6	
1179	-7.1701E-1	1.0790E2	1.5667E0	2.1040E6	
1180	-7.2014E-1	1.0326E2	1.5721E0	2.1063E6	
1181	-7.1869E-1	1.0541E2	1.5775E0	2.1085E6	
1182	-7.1938E-1	1.0439E2	1.5830E0	2.1107E6	
1183	-7.1800E-1	1.0643E2	1.5884E0	2.1129E6	
1184	-7.1861E-1	1.0553E2	1.5939E0	2.1151E6	
1185	-7.1693E-1	1.0802E2	1.5994E0	2.1174E6	
1186	-7.1625E-1	1.0904E2	1.6049E0	2.1196E6	
1187	-7.1617E-1	1.0915E2	1.6103E0	2.1218E6	
1188	-7.1671E-1	1.0836E2	1.6157E0	2.1240E6	
1189	-7.1823E-1	1.0609E2	1.6213E0	2.1262E6	
1190	-7.1938E-1	1.0439E2	1.6268E0	2.1285E6	
1191	-7.2037E-1	1.0292E2	1.6323E0	2.1307E6	
1192	-7.1579E-1	1.0972E2	1.6379E0	2.1329E6	
1193	-7.1404E-1	1.1232E2	1.6434E0	2.1351E6	
1194	-7.1419E-1	1.1209E2	1.6489E0	2.1373E6	
1195	-7.1312E-1	1.1368E2	1.6544E0	2.1396E6	
1196	-7.1686E-1	1.0813E2	1.6599E0	2.1418E6	
1197	-7.1373E-1	1.1277E2	1.6654E0	2.1440E6	
1198	-7.1686E-1	1.0813E2	1.6710E0	2.1462E6	
1199	-7.1487E-1	1.1107E2	1.6766E0	2.1484E6	
1200	-7.1739E-1	1.0734E2	1.6821E0	2.1507E6	
1201	-7.1564E-1	1.0994E2	1.6877E0	2.1529E6	
1202	-7.1564E-1	1.0994E2	1.6932E0	2.1551E6	
1203	-7.1465E-1	1.1141E2	1.6989E0	2.1573E6	
1204	-7.1495E-1	1.1096E2	1.7045E0	2.1595E6	
1205	-7.1182E-1	1.1560E2	1.7100E0	2.1618E6	
1206	-7.1495E-1	1.1096E2	1.7155E0	2.1640E6	
1207	-7.1106E-1	1.1674E2	1.7212E0	2.1662E6	
1208	-7.1266E-1	1.1436E2	1.7268E0	2.1684E6	
1209	-7.1548E-1	1.1017E2	1.7324E0	2.1706E6	
1210	-7.1518E-1	1.1062E2	1.7380E0	2.1729E6	
1211	-7.1365E-1	1.1289E2	1.7436E0	2.1751E6	
1212	-7.1228E-1	1.1492E2	1.7492E0	2.1773E6	
1213	-7.1564E-1	1.0994E2	1.7548E0	2.1795E6	
1214	-7.1465E-1	1.1141E2	1.7605E0	2.1817E6	
1215	-7.1358E-1	1.1300E2	1.7661E0	2.1840E6	
1216	-7.1472E-1	1.1130E2	1.7717E0	2.1862E6	
1217	-7.1342E-1	1.1323E2	1.7773E0	2.1884E6	
1218	-7.1373E-1	1.1277E2	1.7830E0	2.1906E6	
1219	-7.1068E-1	1.1730E2	1.7887E0	2.1928E6	
1220	-7.1220E-1	1.1504E2	1.7943E0	2.1951E6	
1221	-7.1266E-1	1.1436E2	1.8000E0	2.1973E6	
1222	-7.1228E-1	1.1492E2	1.8055E0	2.1995E6	
1223	-7.1327E-1	1.1345E2	1.8113E0	2.2017E6	
1224	-7.1640E-1	1.0881E2	1.8170E0	2.2039E6	
1225	-7.1449E-1	1.1164E2	1.8227E0	2.2062E6	
1226	-7.1220E-1	1.1504E2	1.8284E0	2.2084E6	
1227	-7.1068E-1	1.1730E2	1.8340E0	2.2106E6	
1228	-7.1579E-1	1.0972E2	1.8398E0	2.2128E6	
1229	-7.1259E-1	1.1447E2	1.8454E0	2.2150E6	
1230	-7.1274E-1	1.1424E2	1.8512E0	2.2173E6	
1231	-7.1373E-1	1.1277E2	1.8569E0	2.2195E6	
1232	-7.1365E-1	1.1289E2	1.8626E0	2.2217E6	
1233	-7.1541E-1	1.1028E2	1.8684E0	2.2239E6	
1234	-7.1411E-1	1.1221E2	1.8740E0	2.2261E6	
1235	-7.1266E-1	1.1436E2	1.8797E0	2.2284E6	
1236	-7.1121E-1	1.1651E2	1.8855E0	2.2306E6	
1237	-7.1243E-1	1.1470E2	1.8912E0	2.2328E6	
1238	-7.1198E-1	1.1538E2	1.8971E0	2.2350E6	
1239	-7.1167E-1	1.1583E2	1.9028E0	2.2372E6	
1240	-7.1152E-1	1.1606E2	1.9084E0	2.2395E6	
1241	-7.0984E-1	1.1855E2	1.9142E0	2.2417E6	
1242	-7.1037E-1	1.1775E2	1.9201E0	2.2439E6	
1243	-7.1098E-1	1.1685E2	1.9257E0	2.2461E6	
1244	-7.1060E-1	1.1742E2	1.9315E0	2.2483E6	
1245	-7.1228E-1	1.1492E2	1.9373E0	2.2506E6	
1246	-7.0999E-1	1.1832E2	1.9431E0	2.2528E6	
1247	-7.0816E-1	1.2104E2	1.9490E0	2.2550E6	
1248	-7.0946E-1	1.1911E2	1.9548E0	2.2572E6	
1249	-7.0892E-1	1.1991E2	1.9605E0	2.2594E6	
1250	-7.0847E-1	1.2059E2	1.9662E0	2.2617E6	
1251	-7.0862E-1	1.2036E2	1.9722E0	2.2639E6	
1252	-7.1014E-1	1.1809E2	1.9780E0	2.2661E6	
1253	-7.0862E-1	1.2036E2	1.9837E0	2.2683E6	
1254	-7.0816E-1	1.2104E2	1.9896E0	2.2705E6	
1255	-7.0740E-1	1.2217E2	1.9955E0	2.2728E6	
1256	-7.0786E-1	1.2149E2	2.0012E0	2.2750E6	
1257	-7.0663E-1	1.2330E2	2.0070E0	2.2772E6	
1258	-7.0709E-1	1.2262E2	2.0129E0	2.2794E6	
1259	-7.0648E-1	1.2353E2	2.0187E0	2.2816E6	
1260	-7.0656E-1	1.2342E2	2.0247E0	2.2839E6	
1261	-7.0686E-1	1.2296E2	2.0304E0	2.2861E6	
1262	-7.0755E-1	1.2194E2	2.0364E0	2.2883E6	
1263	-7.0679E-1	1.2308E2	2.0422E0	2.2905E6	
1264	-7.0396E-1	1.2727E2	2.0482E0	2.2927E6	
1265	-7.0534E-1	1.2523E2	2.0540E0	2.2950E6	
1266	-7.0450E-1	1.2647E2	2.0599E0	2.2972E6	
1267	-7.0282E-1	1.2896E2	2.0658E0	2.2994E6	
1268	-7.0457E-1	1.2636E2	2.0717E0	2.3016E6	
1269	-7.0122E-1	1.3134E2	2.0775E0	2.3038E6	
1270	-6.9954E-1	1.3383E2	2.0835E0	2.3061E6	
1271	-7.0038E-1	1.3259E2	2.0893E0	2.3083E6	
1272	-7.0145E-1	1.3100E2	2.0953E0	2.3105E6	
1273	-7.0000E-1	1.3315E2	2.1011E0	2.3127E6	
1274	-6.9611E-1	1.3893E2	2.1071E0	2.3149E6	
1275	-6.7650E-1	1.6803E2	2.1130E0	2.3172E6	
1276	-6.7261E-1	1.7380E2	2.1190E0	2.3194E6	
1277	-6.7329E-1	1.7278E2	2.1249E0	2.3216E6	
1278	-6.7513E-1	1.7007E2	2.1308E0	2.3238E6	
1279	-6.7451E-1	1.7097E2	2.1369E0	2.3260E6	
1280	-6.7551E-1	1.6950E2	2.1428E0	2.3283E6	
1281	-6.7581E-1	1.6905E2	2.1487E0	2.3305E6	
1282	-6.7581E-1	1.6905E2	2.1547E0	2.3327E6	
1283	-6.7459E-1	1.7086E2	2.1606E0	2.3349E6	
1284	-6.7589E-1	1.6893E2	2.1667E0	2.3371E6	
1285	-6.7543E-1	1.6961E2	2.1726E0	2.3394E6	
1286	-6.7520E-1	1.6995E2	2.1786E0	2.3416E6	
1287	-6.7909E-1	1.6418E2	2.1845E0	2.3438E6	
1288	-6.7490E-1	1.7040E2	2.1906E0	2.3460E6	
1289	-6.7657E-1	1.6791E2	2.1965E0	2.3482E6	
1290	-6.7558E-1	1.6939E2	2.2025E0	2.3505E6	
1291	-6.7589E-1	1.6893E2	2.2085E0	2.3527E6	
1292	-6.7574E-1	1.6916E2	2.2146E0	2.3549E6	
1293	-6.7513E-1	1.7007E2	2.2206E0	2.3571E6	
1294	-6.7657E-1	1.6791E2	2.2265E0	2.3593E6	
1295	-6.7757E-1	1.6644E2	2.2326E0	2.3616E6	
1296	-6.7703E-1	1.6723E2	2.2385E0	2.3638E6	
1297	-6.7703E-1	1.6723E2	2.2446E0	2.3660E6	
1298	-6.7795E-1	1.6588E2	2.2507E0	2.3682E6	
1299	-6.7886E-1	1.6452E2	2.2566E0	2.3704E6	
1300	-6.7741E-1	1.6667E2	2.2627E0	2.3727E6	
1301	-6.8047E-1	1.6214E2	2.2688E0	2.3749E6	
1302	-6.7818E-1	1.6554E2	2.2748E0	2.3771E6	
1303	-6.8001E-1	1.6282E2	2.2809E0	2.3793E6	
1304	-6.7947E-1	1.6361E2	2.2870E0	2.3815E6	
1305	-6.8016E-1	1.6259E2	2.2930E0	2.3838E6	
1306	-6.8184E-1	1.6010E2	2.2991E0	2.3860E6	
1307	-6.8100E-1	1.6135E2	2.3051E0	2.3882E6	
1308	-6.7947E-1	1.6361E2	2.3112E0	2.3904E6	
1309	-6.7810E-1	1.6565E2	2.3173E0	2.3926E6	
1310	-6.7986E-1	1.6305E2	2.3233E0	2.3949E6	
1311	-6.8153E-1	1.6055E2	2.3294E0	2.3971E6	
1312	-6.8031E-1	1.6237E2	2.3355E0	2.3993E6	
1313	-6.8169E-1	1.6033E2	2.3416E0	2.4015E6	
1314	-6.8367E-1	1.5738E2	2.3478E0	2.4037E6	
1315	-6.8199E-1	1.5987E2	2.3539E0	2.4060E6	
1316	-6.8199E-1	1.5987E2	2.3599E0	2.4082E6	
1317	-6.8199E-1	1.5987E2	2.3660E0	2.4104E6	
1318	-6.8306E-1	1.5829E2	2.3721E0	2.4126E6	
1319	-6.8230E-1	1.5942E2	2.3783E0	2.4148E6	
1320	-6.8588E-1	1.5410E2	2.3843E0	2.4171E6	
1321	-6.8291E-1	1.5852E2	2.3905E0	2.4193E6	
1322	-6.8474E-1	1.5580E2	2.3966E0	2.4215E6	
1323	-6.8542E-1	1.5478E2	2.4028E0	2.4237E6	
1324	-6.8489E-1	1.5557E2	2.4090E0	2.4259E6	
1325	-6.8451E-1	1.5614E2	2.4152E0	2.4282E6	
1326	-6.8436E-1	1.5636E2	2.4213E0	2.4304E6	
1327	-6.8741E-1	1.5184E2	2.4274E0	2.4326E6	
1328	-6.8344E-1	1.5772E2	2.4336E0	2.4348E6	
1329	-6.8443E-1	1.5625E2	2.4398E0	2.4370E6	
1330	-6.8481E-1	1.5569E2	2.4459E0	2.4393E6	
1331	-6.8642E-1	1.5331E2	2.4522E0	2.4415E6	
1332	-6.8550E-1	1.5467E2	2.4582E0	2.4437E6	
1333	-6.8748E-1	1.5172E2	2.4645E0	2.4459E6	
1334	-6.8642E-1	1.5331E2	2.4708E0	2.4481E6	
1335	-6.8649E-1	1.5319E2	2.4769E0	2.4504E6	
1336	-6.8756E-1	1.5161E2	2.4830E0	2.4526E6	
1337	-6.8619E-1	1.5365E2	2.4893E0	2.4548E6	
1338	-6.8741E-1	1.5184E2	2.4956E0	2.4570E6	
1339	-6.8787E-1	1.5116E2	2.5018E0	2.4592E6	
1340	-6.8871E-1	1.4991E2	2.5080E0	2.4615E6	
1341	-6.8848E-1	1.5025E2	2.5141E0	2.4637E6	
1342	-6.8802E-1	1.5093E2	2.5204E0	2.4659E6	
1343	-6.8977E-1	1.4833E2	2.5266E0	2.4681E6	
1344	-6.8619E-1	1.5365E2	2.5329E0	2.4703E6	
1345	-6.8840E-1	1.5036E2	2.5391E0	2.4726E6	
1346	-6.8764E-1	1.5150E2	2.5454E0	2.4748E6	
1347	-6.8901E-1	1.4946E2	2.5516E0	2.4770E6	
1348	-6.8878E-1	1.4980E2	2.5580E0	2.4792E6	
1349	-6.8970E-1	1.4844E2	2.5641E0	2.4814E6	
1350	-6.8916E-1	1.4923E2	2.5706E0	2.4837E6	
1351	-6.8863E-1	1.5002E2	2.5767E0	2.4859E6	
1352	-6.8710E-1	1.5229E2	2.5830E0	2.4881E6	
1353	-6.8947E-1	1.4878E2	2.5892E0	2.4903E6	
1354	-6.8741E-1	1.5184E2	2.5955E0	2.4925E6	
1355	-6.8779E-1	1.5127E2	2.6018E0	2.4948E6	
1356	-6.9023E-1	1.4765E2	2.6082E0	2.4970E6	
1357	-6.8802E-1	1.5093E2	2.6143E0	2.4992E6	
1358	-6.8970E-1	1.4844E2	2.6207E0	2.5014E6	
1359	-6.8855E-1	1.5014E2	2.6270E0	2.5036E6	
1360	-6.8840E-1	1.5036E2	2.6334E0	2.5059E6	
1361	-6.9099E-1	1.4651E2	2.6397E0	2.5081E6	
1362	-6.9244E-1	1.4436E2	2.6460E0	2.5103E6	
1363	-6.8863E-1	1.5002E2	2.6524E0	2.5125E6	
1364	-6.9145E-1	1.4583E2	2.6587E0	2.5147E6	
1365	-6.9069E-1	1.4697E2	2.6650E0	2.5170E6	
1366	-6.9130E-1	1.4606E2	2.6714E0	2.5192E6	
1367	-6.9077E-1	1.4685E2	2.6778E0	2.5214E6	
1368	-6.9283E-1	1.4380E2	2.6840E0	2.5236E6	
1369	-6.9008E-1	1.4787E2	2.6904E0	2.5258E6	
1370	-6.9206E-1	1.4493E2	2.6967E0	2.5281E6	
1371	-6.9160E-1	1.4561E2	2.7031E0	2.5303E6	
1372	-6.9412E-1	1.4187E2	2.7095E0	2.5325E6	
1373	-6.9382E-1	1.4232E2	2.7158E0	2.5347E6	
1374	-6.9237E-1	1.4448E2	2.7222E0	2.5369E6	
1375	-6.9237E-1	1.4448E2	2.7285E0	2.5392E6	
1376	-6.9504E-1	1.4051E2	2.7350E0	2.5414E6	
1377	-6.9389E-1	1.4221E2	2.7414E0	2.5436E6	
1378	-6.9443E-1	1.4142E2	2.7477E0	2.5458E6	
1379	-6.9214E-1	1.4482E2	2.7542E0	2.5480E6	
1380	-6.9336E-1	1.4300E2	2.7606E0	2.5503E6	
1381	-6.9260E-1	1.4414E2	2.7670E0	2.5525E6	
1382	-6.9572E-1	1.3949E2	2.7734E0	2.5547E6	
1383	-6.9695E-1	1.3768E2	2.7798E0	2.5569E6	
1384	-6.9672E-1	1.3802E2	2.7862E0	2.5591E6	
1385	-6.9702E-1	1.3757E2	2.7927E0	2.5614E6	
1386	-6.9427E-1	1.4165E2	2.7991E0	2.5636E6	
1387	-6.9672E-1	1.3802E2	2.8055E0	2.5658E6	
1388	-6.9817E-1	1.3587E2	2.8120E0	2.5680E6	
1389	-6.9534E-1	1.4006E2	2.8184E0	2.5702E6	
1390	-6.9824E-1	1.3576E2	2.8249E0	2.5725E6	
1391	-6.9893E-1	1.3474E2	2.8313E0	2.5747E6	
1392	-6.9763E-1	1.3666E2	2.8378E0	2.5769E6	
1393	-6.9832E-1	1.3564E2	2.8442E0	2.5791E6	
1394	-6.9809E-1	1.3598E2	2.8507E0	2.5813E6	
1395	-6.9901E-1	1.3463E2	2.8571E0	2.5836E6	
1396	-6.9893E-1	1.3474E2	2.8637E0	2.5858E6	
1397	-7.0084E-1	1.3191E2	2.8702E0	2.5880E6	
1398	-6.9954E-1	1.3383E2	2.8766E0	2.5902E6	
1399	-7.0137E-1	1.3112E2	2.8831E0	2.5924E6	
1400	-7.0251E-1	1.2942E2	2.8895E0	2.5947E6	
1401	-7.0038E-1	1.3259E2	2.8960E0	2.5969E6	
1402	-7.0152E-1	1.3089E2	2.9026E0	2.5991E6	
1403	-6.9939E-1	1.3406E2	2.9091E0	2.6013E6	
1404	-6.9962E-1	1.3372E2	2.9156E0	2.6035E6	
1405	-6.9702E-1	1.3757E2	2.9221E0	2.6058E6	
1406	-7.0107E-1	1.3157E2	2.9286E0	2.6080E6	
1407	-6.9969E-1	1.3361E2	2.9352E0	2.6102E6	
1408	-7.0007E-1	1.3304E2	2.9418E0	2.6124E6	
1409	-7.0061E-1	1.3225E2	2.9483E0	2.6146E6	
1410	-7.0061E-1	1.3225E2	2.9548E0	2.6169E6	
1411	-7.0015E-1	1.3293E2	2.9613E0	2.6191E6	
1412	-7.0122E-1	1.3134E2	2.9679E0	2.6213E6	
1413	-7.0427E-1	1.2681E2	2.9744E0	2.6235E6	
1414	-7.0129E-1	1.3123E2	2.9809E0	2.6257E6	
1415	-7.0343E-1	1.2806E2	2.9875E0	2.6280E6	
1416	-7.0274E-1	1.2908E2	2.9941E0	2.6302E6	
1417	-7.0190E-1	1.3032E2	3.0006E0	2.6324E6	
1418	-7.0152E-1	1.3089E2	3.0073E0	2.6346E6	
1419	-7.0328E-1	1.2828E2	3.0138E0	2.6368E6	
1420	-7.0183E-1	1.3044E2	3.0204E0	2.6391E6	
1421	-7.0343E-1	1.2806E2	3.0269E0	2.6413E6	
1422	-7.0290E-1	1.2885E2	3.0335E0	2.6435E6	
1423	-7.0435E-1	1.2670E2	3.0401E0	2.6457E6	
1424	-7.0450E-1	1.2647E2	3.0468E0	2.6479E6	
1425	-7.0457E-1	1.2636E2	3.0534E0	2.6502E6	
1426	-7.0435E-1	1.2670E2	3.0599E0	2.6524E6	
1427	-7.0305E-1	1.2862E2	3.0665E0	2.6546E6	
1428	-7.0351E-1	1.2795E2	3.0731E0	2.6568E6	
1429	-7.0274E-1	1.2908E2	3.0798E0	2.6590E6	
1430	-7.0488E-1	1.2591E2	3.0865E0	2.6613E6	
1431	-7.0518E-1	1.2545E2	3.0930E0	2.6635E6	
1432	-7.0480E-1	1.2602E2	3.0996E0	2.6657E6	
1433	-7.0686E-1	1.2296E2	3.1062E0	2.6679E6	
1434	-7.0778E-1	1.2160E2	3.1129E0	2.6701E6	
1435	-7.0549E-1	1.2500E2	3.1195E0	2.6724E6	
1436	-7.0564E-1	1.2477E2	3.1262E0	2.6746E6	
1437	-7.0686E-1	1.2296E2	3.1329E0	2.6768E6	
1438	-7.0511E-1	1.2557E2	3.1395E0	2.6790E6	
1439	-7.0724E-1	1.2240E2	3.1462E0	2.6812E6	
1440	-7.0663E-1	1.2330E2	3.1528E0	2.6835E6	
1441	-7.0686E-1	1.2296E2	3.1596E0	2.6857E6	
1442	-7.0679E-1	1.2308E2	3.1661E0	2.6879E6	
1443	-7.0999E-1	1.1832E2	3.1729E0	2.6901E6	
1444	-7.0663E-1	1.2330E2	3.1795E0	2.6923E6	
1445	-7.1098E-1	1.1685E2	3.1862E0	2.6946E6	
1446	-7.0824E-1	1.2093E2	3.1929E0	2.6968E6	
1447	-7.0831E-1	1.2081E2	3.1997E0	2.6990E6	
1448	-7.0976E-1	1.1866E2	3.2063E0	2.7012E6	
1449	-7.0969E-1	1.1877E2	3.2130E0	2.7034E6	
1450	-7.0808E-1	1.2115E2	3.2197E0	2.7057E6	
1451	-7.1014E-1	1.1809E2	3.2264E0	2.7079E6	
1452	-7.1182E-1	1.1560E2	3.2332E0	2.7101E6	
1453	-7.1045E-1	1.1764E2	3.2399E0	2.7123E6	
1454	-7.1068E-1	1.1730E2	3.2465E0	2.7145E6	
1455	-7.1091E-1	1.1696E2	3.2534E0	2.7168E6	
1456	-7.1159E-1	1.1594E2	3.2599E0	2.7190E6	
1457	-7.1236E-1	1.1481E2	3.2668E0	2.7212E6	
1458	-7.1007E-1	1.1821E2	3.2735E0	2.7234E6	
1459	-7.1045E-1	1.1764E2	3.2803E0	2.7256E6	
1460	-7.1251E-1	1.1458E2	3.2870E0	2.7279E6	
1461	-7.1014E-1	1.1809E2	3.2938E0	2.7301E6	
1462	-7.1243E-1	1.1470E2	3.3004E0	2.7323E6	
1463	-7.1289E-1	1.1402E2	3.3073E0	2.7345E6	
1464	-7.1213E-1	1.1515E2	3.3141E0	2.7367E6	
1465	-7.1152E-1	1.1606E2	3.3207E0	2.7390E6	
1466	-7.1358E-1	1.1300E2	3.3275E0	2.7412E6	
1467	-7.1251E-1	1.1458E2	3.3343E0	2.7434E6	
1468	-7.1396E-1	1.1243E2	3.3411E0	2.7456E6	
1469	-7.1426E-1	1.1198E2	3.3480E0	2.7478E6	
1470	-7.1350E-1	1.1311E2	3.3547E0	2.7501E6	
1471	-7.1541E-1	1.1028E2	3.3614E0	2.7523E6	
1472	-7.1503E-1	1.1085E2	3.3683E0	2.7545E6	
1473	-7.1648E-1	1.0870E2	3.3750E0	2.7567E6	
1474	-7.1648E-1	1.0870E2	3.3818E0	2.7589E6	
1475	-7.1754E-1	1.0711E2	3.3886E0	2.7612E6	
1476	-7.1503E-1	1.1085E2	3.3955E0	2.7634E6	
1477	-7.1800E-1	1.0643E2	3.4023E0	2.7656E6	
1478	-7.1770E-1	1.0689E2	3.4091E0	2.7678E6	
1479	-7.1503E-1	1.1085E2	3.4159E0	2.7700E6	
1480	-7.1602E-1	1.0938E2	3.4228E0	2.7723E6	
1481	-7.1617E-1	1.0915E2	3.4297E0	2.7745E6	
1482	-7.1465E-1	1.1141E2	3.4364E0	2.7767E6	
1483	-7.1587E-1	1.0960E2	3.4432E0	2.7789E6	
1484	-7.1663E-1	1.0847E2	3.4501E0	2.7811E6	
1485	-7.1671E-1	1.0836E2	3.4570E0	2.7834E6	
1486	-7.1632E-1	1.0892E2	3.4639E0	2.7856E6	
1487	-7.1854E-1	1.0564E2	3.4707E0	2.7878E6	
1488	-7.1533E-1	1.1040E2	3.4776E0	2.7900E6	
1489	-7.1815E-1	1.0621E2	3.4844E0	2.7922E6	
1490	-7.1960E-1	1.0405E2	3.4913E0	2.7945E6	
1491	-7.1808E-1	1.0632E2	3.4982E0	2.7967E6	
1492	-7.1922E-1	1.0462E2	3.5050E0	2.7989E6	
1493	-7.1960E-1	1.0405E2	3.5119E0	2.8011E6	
1494	-7.2014E-1	1.0326E2	3.5188E0	2.8033E6	
1495	-7.1861E-1	1.0553E2	3.5257E0	2.8056E6	
1496	-7.2113E-1	1.0179E2	3.5326E0	2.8078E6	
1497	-7.1953E-1	1.0417E2	3.5395E0	2.8100E6	
1498	-7.1869E-1	1.0541E2	3.5465E0	2.8122E6	
1499	-7.1869E-1	1.0541E2	3.5533E0	2.8144E6	
1500	-7.2067E-1	1.0247E2	3.5602E0	2.8167E6	
1501	-7.2006E-1	1.0338E2	3.5670E0	2.8189E6	
1502	-7.2342E-1	9.8393E1	3.5739E0	2.8211E6	
1503	-7.2029E-1	1.0304E2	3.5810E0	2.8233E6	
1504	-7.2296E-1	9.9073E1	3.5878E0	2.8255E6	
1505	-7.2319E-1	9.8733E1	3.5948E0	2.8278E6	
1506	-7.2205E-1	1.0043E2	3.6017E0	2.8300E6	
1507	-7.2128E-1	1.0156E2	3.6087E0	2.8322E6	
1508	-7.2151E-1	1.0122E2	3.6156E0	2.8344E6	
1509	-7.2151E-1	1.0122E2	3.6225E0	2.8366E6	
1510	-7.1907E-1	1.0485E2	3.6295E0	2.8389E6	
1511	-7.2319E-1	9.8733E1	3.6364E0	2.8411E6	
1512	-7.2281E-1	9.9299E1	3.6435E0	2.8433E6	
1513	-7.2411E-1	9.7374E1	3.6504E0	2.8455E6	
1514	-7.2388E-1	9.7714E1	3.6574E0	2.8477E6	
1515	-7.2227E-1	1.0009E2	3.6643E0	2.8500E6	
1516	-7.2380E-1	9.7827E1	3.6712E0	2.8522E6	
1517	-7.2433E-1	9.7035E1	3.6782E0	2.8544E6	
1518	-7.2563E-1	9.5110E1	3.6852E0	2.8566E6	
1519	-7.2266E-1	9.9525E1	3.6922E0	2.8588E6	
1520	-7.2510E-1	9.5902E1	3.6991E0	2.8611E6	
1521	-7.2533E-1	9.5563E1	3.7061E0	2.8633E6	
1522	-7.2708E-1	9.2958E1	3.7132E0	2.8655E6	
1523	-7.2624E-1	9.4204E1	3.7201E0	2.8677E6	
1524	-7.2655E-1	9.3751E1	3.7271E0	2.8699E6	
1525	-7.2823E-1	9.1260E1	3.7342E0	2.8722E6	
1526	-7.2968E-1	8.9109E1	3.7412E0	2.8744E6	
1527	-7.3051E-1	8.7863E1	3.7483E0	2.8766E6	
1528	-7.2823E-1	9.1260E1	3.7553E0	2.8788E6	
1529	-7.2609E-1	9.4430E1	3.7624E0	2.8810E6	
1530	-7.2609E-1	9.4430E1	3.7692E0	2.8833E6	
1531	-7.2685E-1	9.3298E1	3.7764E0	2.8855E6	
1532	-7.2990E-1	8.8769E1	3.7833E0	2.8877E6	
1533	-7.2792E-1	9.1713E1	3.7905E0	2.8899E6	
1534	-7.3013E-1	8.8429E1	3.7974E0	2.8921E6	
1535	-7.3074E-1	8.7524E1	3.8045E0	2.8944E6	
1536	-7.2800E-1	9.1600E1	3.8116E0	2.8966E6	
1537	-7.2868E-1	9.0581E1	3.8186E0	2.8988E6	
1538	-7.2998E-1	8.8656E1	3.8257E0	2.9010E6	
1539	-7.3235E-1	8.5146E1	3.8328E0	2.9032E6	
1540	-7.2929E-1	8.9675E1	3.8398E0	2.9055E6	
1541	-7.3029E-1	8.8203E1	3.8469E0	2.9077E6	
1542	-7.2868E-1	9.0581E1	3.8538E0	2.9099E6	
1543	-7.3044E-1	8.7976E1	3.8610E0	2.9121E6	
1544	-7.2937E-1	8.9562E1	3.8681E0	2.9143E6	
1545	-7.3265E-1	8.4693E1	3.8752E0	2.9166E6	
1546	-7.2868E-1	9.0581E1	3.8823E0	2.9188E6	
1547	-7.2807E-1	9.1486E1	3.8893E0	2.9210E6	
1548	-7.3151E-1	8.6391E1	3.8964E0	2.9232E6	
1549	-7.2952E-1	8.9335E1	3.9035E0	2.9254E6	
1550	-7.2983E-1	8.8882E1	3.9106E0	2.9277E6	
1551	-7.3128E-1	8.6731E1	3.9177E0	2.9299E6	
1552	-7.3212E-1	8.5485E1	3.9248E0	2.9321E6	
1553	-7.3166E-1	8.6165E1	3.9320E0	2.9343E6	
1554	-7.3158E-1	8.6278E1	3.9390E0	2.9365E6	
1555	-7.2960E-1	8.9222E1	3.9462E0	2.9388E6	
1556	-7.3074E-1	8.7524E1	3.9533E0	2.9410E6	
1557	-7.3433E-1	8.2202E1	3.9605E0	2.9432E6	
1558	-7.3448E-1	8.1975E1	3.9676E0	2.9454E6	
1559	-7.3448E-1	8.1975E1	3.9747E0	2.9476E6	
1560	-7.3265E-1	8.4693E1	3.9819E0	2.9499E6	
1561	-7.3410E-1	8.2542E1	3.9890E0	2.9521E6	
1562	-7.3181E-1	8.5938E1	3.9961E0	2.9543E6	
1563	-7.3601E-1	7.9711E1	4.0033E0	2.9565E6	
1564	-7.3509E-1	8.1070E1	4.0104E0	2.9587E6	
1565	-7.3311E-1	8.4014E1	4.0176E0	2.9610E6	
1566	-7.3555E-1	8.0390E1	4.0247E0	2.9632E6	
1567	-7.3540E-1	8.0617E1	4.0319E0	2.9654E6	
1568	-7.3456E-1	8.1862E1	4.0391E0	2.9676E6	
1569	-7.3669E-1	7.8692E1	4.0463E0	2.9698E6	
1570	-7.3921E-1	7.4955E1	4.0534E0	2.9721E6	
1571	-7.3647E-1	7.9032E1	4.0605E0	2.9743E6	
1572	-7.3547E-1	8.0504E1	4.0679E0	2.9765E6	
1573	-7.3326E-1	8.3787E1	4.0750E0	2.9787E6	
1574	-7.3502E-1	8.1183E1	4.0822E0	2.9809E6	
1575	-7.3639E-1	7.9145E1	4.0894E0	2.9832E6	
1576	-7.3807E-1	7.6654E1	4.0966E0	2.9854E6	
1577	-7.3601E-1	7.9711E1	4.1038E0	2.9876E6	
1578	-7.3769E-1	7.7220E1	4.1110E0	2.9898E6	
1579	-7.3944E-1	7.4616E1	4.1182E0	2.9920E6	
1580	-7.3792E-1	7.6880E1	4.1255E0	2.9943E6	
1581	-7.3914E-1	7.5069E1	4.1328E0	2.9965E6	
1582	-7.3906E-1	7.5182E1	4.1399E0	2.9987E6	
1583	-7.3959E-1	7.4389E1	4.1472E0	3.0009E6	
1584	-7.3822E-1	7.6427E1	4.1543E0	3.0031E6	
1585	-7.4211E-1	7.0653E1	4.1615E0	3.0054E6	
1586	-7.4081E-1	7.2578E1	4.1688E0	3.0076E6	
1587	-7.3860E-1	7.5861E1	4.1760E0	3.0098E6	
1588	-7.4150E-1	7.1559E1	4.1833E0	3.0120E6	
1589	-7.4242E-1	7.0200E1	4.1906E0	3.0142E6	
1590	-7.4089E-1	7.2465E1	4.1978E0	3.0165E6	
1591	-7.4028E-1	7.3370E1	4.2051E0	3.0187E6	
1592	-7.4188E-1	7.0993E1	4.2124E0	3.0209E6	
1593	-7.4112E-1	7.2125E1	4.2196E0	3.0231E6	
1594	-7.4257E-1	6.9974E1	4.2268E0	3.0253E6	
1595	-7.4303E-1	6.9294E1	4.2342E0	3.0276E6	
1596	-7.4486E-1	6.6577E1	4.2414E0	3.0298E6	
1597	-7.4249E-1	7.0087E1	4.2487E0	3.0320E6	
1598	-7.4371E-1	6.8275E1	4.2559E0	3.0342E6	
1599	-7.4341E-1	6.8728E1	4.2632E0	3.0364E6	
1600	-7.4631E-1	6.4425E1	4.2705E0	3.0387E6	
1601	-7.4387E-1	6.8049E1	4.2778E0	3.0409E6	
1602	-7.4142E-1	7.1672E1	4.2852E0	3.0431E6	
1603	-7.4165E-1	7.1332E1	4.2924E0	3.0453E6	
1604	-7.4371E-1	6.8275E1	4.2997E0	3.0475E6	
1605	-7.4371E-1	6.8275E1	4.3071E0	3.0498E6	
1606	-7.4448E-1	6.7143E1	4.3143E0	3.0520E6	
1607	-7.4638E-1	6.4312E1	4.3216E0	3.0542E6	
1608	-7.4432E-1	6.7369E1	4.3289E0	3.0564E6	
1609	-7.4387E-1	6.8049E1	4.3364E0	3.0586E6	
1610	-7.4677E-1	6.3746E1	4.3436E0	3.0609E6	
1611	-7.4371E-1	6.8275E1	4.3509E0	3.0631E6	
1612	-7.4486E-1	6.6577E1	4.3583E0	3.0653E6	
1613	-7.4295E-1	6.9407E1	4.3655E0	3.0675E6	
1614	-7.4524E-1	6.6011E1	4.3729E0	3.0697E6	
1615	-7.4692E-1	6.3520E1	4.3803E0	3.0720E6	
1616	-7.4768E-1	6.2387E1	4.3876E0	3.0742E6	
1617	-7.4226E-1	7.0426E1	4.3949E0	3.0764E6	
1618	-7.4684E-1	6.3633E1	4.4024E0	3.0786E6	
1619	-7.4654E-1	6.4086E1	4.4096E0	3.0808E6	
1620	-7.4707E-1	6.3293E1	4.4169E0	3.0831E6	
1621	-7.4730E-1	6.2954E1	4.4244E0	3.0853E6	
1622	-7.4753E-1	6.2614E1	4.4316E0	3.0875E6	
1623	-7.4989E-1	5.9104E1	4.4391E0	3.0897E6	
1624	-7.4821E-1	6.1595E1	4.4464E0	3.0919E6	
1625	-7.4921E-1	6.0123E1	4.4538E0	3.0942E6	
1626	-7.4760E-1	6.2501E1	4.4612E0	3.0964E6	
1627	-7.4966E-1	5.9444E1	4.4687E0	3.0986E6	
1628	-7.4921E-1	6.0123E1	4.4760E0	3.1008E6	
1629	-7.4883E-1	6.0689E1	4.4833E0	3.1030E6	
1630	-7.5027E-1	5.8538E1	4.4906E0	3.1053E6	
1631	-7.5127E-1	5.7066E1	4.4980E0	3.1075E6	
1632	-7.5027E-1	5.8538E1	4.5054E0	3.1097E6	
1633	-7.4974E-1	5.9330E1	4.5129E0	3.1119E6	
1634	-7.4951E-1	5.9670E1	4.5203E0	3.1141E6	
1635	-7.5020E-1	5.8651E1	4.5276E0	3.1164E6	
1636	-7.5104E-1	5.7405E1	4.5350E0	3.1186E6	
1637	-7.5012E-1	5.8764E1	4.5425E0	3.1208E6	
1638	-7.5203E-1	5.5934E1	4.5499E0	3.1230E6	
1639	-7.5241E-1	5.5367E1	4.5573E0	3.1252E6	
1640	-7.5058E-1	5.8085E1	4.5647E0	3.1275E6	
1641	-7.5256E-1	5.5141E1	4.5721E0	3.1297E6	
1642	-7.5508E-1	5.1405E1	4.5795E0	3.1319E6	
1643	-7.5500E-1	5.1518E1	4.5870E0	3.1341E6	
1644	-7.5218E-1	5.5707E1	4.5944E0	3.1363E6	
1645	-7.5584E-1	5.0272E1	4.6019E0	3.1386E6	
1646	-7.5264E-1	5.5028E1	4.6092E0	3.1408E6	
1647	-7.5447E-1	5.2310E1	4.6165E0	3.1430E6	
1648	-7.5531E-1	5.1065E1	4.6241E0	3.1452E6	
1649	-7.5584E-1	5.0272E1	4.6315E0	3.1474E6	
1650	-7.5455E-1	5.2197E1	4.6390E0	3.1497E6	
1651	-7.5142E-1	5.6839E1	4.6464E0	3.1519E6	
1652	-7.5630E-1	4.9593E1	4.6539E0	3.1541E6	
1653	-7.5378E-1	5.3329E1	4.6612E0	3.1563E6	
1654	-7.5584E-1	5.0272E1	4.6687E0	3.1585E6	
1655	-7.5493E-1	5.1631E1	4.6761E0	3.1608E6	
1656	-7.5790E-1	4.7215E1	4.6837E0	3.1630E6	
1657	-7.5783E-1	4.7328E1	4.6911E0	3.1652E6	
1658	-7.5661E-1	4.9140E1	4.6985E0	3.1674E6	
1659	-7.5699E-1	4.8574E1	4.7060E0	3.1696E6	
1660	-7.5684E-1	4.8800E1	4.7134E0	3.1719E6	
1661	-7.5668E-1	4.9027E1	4.7209E0	3.1741E6	
1662	-7.6126E-1	4.2233E1	4.7283E0	3.1763E6	
1663	-7.5684E-1	4.8800E1	4.7358E0	3.1785E6	
1664	-7.5768E-1	4.7555E1	4.7434E0	3.1807E6	
1665	-7.5844E-1	4.6423E1	4.7508E0	3.1830E6	
1666	-7.5912E-1	4.5404E1	4.7583E0	3.1852E6	
1667	-7.5935E-1	4.5064E1	4.7658E0	3.1874E6	
1668	-7.5897E-1	4.5630E1	4.7732E0	3.1896E6	
1669	-7.5981E-1	4.4385E1	4.7808E0	3.1918E6	
1670	-7.5592E-1	5.0159E1	4.7883E0	3.1941E6	
1671	-7.5989E-1	4.4271E1	4.7958E0	3.1963E6	
1672	-7.5935E-1	4.5064E1	4.8032E0	3.1985E6	
1673	-7.5974E-1	4.4498E1	4.8107E0	3.2007E6	
1674	-7.6073E-1	4.3026E1	4.8182E0	3.2029E6	
1675	-7.5783E-1	4.7328E1	4.8257E0	3.2052E6	
1676	-7.5966E-1	4.4611E1	4.8332E0	3.2074E6	
1677	-7.6012E-1	4.3932E1	4.8408E0	3.2096E6	
1678	-7.6088E-1	4.2799E1	4.8483E0	3.2118E6	
1679	-7.6118E-1	4.2346E1	4.8558E0	3.2140E6	
1680	-7.6157E-1	4.1780E1	4.8632E0	3.2163E6	
1681	-7.6096E-1	4.2686E1	4.8707E0	3.2185E6	
1682	-7.6324E-1	3.9289E1	4.8782E0	3.2207E6	
1683	-7.6279E-1	3.9969E1	4.8858E0	3.2229E6	
1684	-7.6080E-1	4.2913E1	4.8934E0	3.2251E6	
1685	-7.6073E-1	4.3026E1	4.9008E0	3.2274E6	
1686	-7.6157E-1	4.1780E1	4.9083E0	3.2296E6	
1687	-7.6210E-1	4.0988E1	4.9159E0	3.2318E6	
1688	-7.6393E-1	3.8270E1	4.9234E0	3.2340E6	
1689	-7.6134E-1	4.2120E1	4.9310E0	3.2362E6	
1690	-7.6340E-1	3.9063E1	4.9385E0	3.2385E6	
1691	-7.6347E-1	3.8950E1	4.9460E0	3.2407E6	
1692	-7.6584E-1	3.5440E1	4.9536E0	3.2429E6	
1693	-7.6286E-1	3.9856E1	4.9611E0	3.2451E6	
1694	-7.6546E-1	3.6006E1	4.9687E0	3.2473E6	
1695	-7.6424E-1	3.7817E1	4.9763E0	3.2496E6	
1696	-7.6660E-1	3.4307E1	4.9838E0	3.2518E6	
1697	-7.6576E-1	3.5553E1	4.9913E0	3.2540E6	
1698	-7.6607E-1	3.5100E1	4.9988E0	3.2562E6	
1699	-7.6622E-1	3.4874E1	5.0065E0	3.2584E6	
1700	-7.6439E-1	3.7591E1	5.0140E0	3.2607E6	
1701	-7.6591E-1	3.5326E1	5.0216E0	3.2629E6	
1702	-7.6637E-1	3.4647E1	5.0292E0	3.2651E6	
1703	-7.6759E-1	3.2836E1	5.0368E0	3.2673E6	
1704	-7.6736E-1	3.3175E1	5.0442E0	3.2695E6	
1705	-7.6782E-1	3.2496E1	5.0518E0	3.2718E6	
1706	-7.6958E-1	2.9892E1	5.0594E0	3.2740E6	
1707	-7.6851E-1	3.1477E1	5.0670E0	3.2762E6	
1708	-7.6653E-1	3.4421E1	5.0746E0	3.2784E6	
1709	-7.7003E-1	2.9212E1	5.0821E0	3.2806E6	
1710	-7.6904E-1	3.0684E1	5.0897E0	3.2829E6	
1711	-7.7080E-1	2.8080E1	5.0973E0	3.2851E6	
1712	-7.6813E-1	3.2043E1	5.1049E0	3.2873E6	
1713	-7.6912E-1	3.0571E1	5.1125E0	3.2895E6	
1714	-7.6920E-1	3.0458E1	5.1201E0	3.2917E6	
1715	-7.6797E-1	3.2269E1	5.1277E0	3.2940E6	
1716	-7.7202E-1	2.6268E1	5.1352E0	3.2962E6	
1717	-7.6958E-1	2.9892E1	5.1428E0	3.2984E6	
1718	-7.7042E-1	2.8646E1	5.1504E0	3.3006E6	
1719	-7.6775E-1	3.2609E1	5.1581E0	3.3028E6	
1720	-7.7385E-1	2.3551E1	5.1657E0	3.3051E6	
1721	-7.7263E-1	2.5363E1	5.1733E0	3.3073E6	
1722	-7.7225E-1	2.5929E1	5.1809E0	3.3095E6	
1723	-7.7126E-1	2.7401E1	5.1885E0	3.3117E6	
1724	-7.7217E-1	2.6042E1	5.1961E0	3.3139E6	
1725	-7.7332E-1	2.4344E1	5.2038E0	3.3162E6	
1726	-7.7332E-1	2.4344E1	5.2114E0	3.3184E6	
1727	-7.7301E-1	2.4796E1	5.2189E0	3.3206E6	
1728	-7.7278E-1	2.5136E1	5.2266E0	3.3228E6	
1729	-7.7400E-1	2.3325E1	5.2342E0	3.3250E6	
1730	-7.7255E-1	2.5476E1	5.2418E0	3.3273E6	
1731	-7.7209E-1	2.6155E1	5.2494E0	3.3295E6	
1732	-7.7393E-1	2.3438E1	5.2571E0	3.3317E6	
1733	-7.7423E-1	2.2985E1	5.2646E0	3.3339E6	
1734	-7.7332E-1	2.4344E1	5.2723E0	3.3361E6	
1735	-7.7431E-1	2.2872E1	5.2799E0	3.3384E6	
1736	-7.7698E-1	1.8909E1	5.2875E0	3.3406E6	
1737	-7.7553E-1	2.1060E1	5.2952E0	3.3428E6	
1738	-7.7347E-1	2.4117E1	5.3028E0	3.3450E6	
1739	-7.7408E-1	2.3211E1	5.3105E0	3.3472E6	
1740	-7.7515E-1	2.1626E1	5.3180E0	3.3495E6	
1741	-7.7423E-1	2.2985E1	5.3256E0	3.3517E6	
1742	-7.7553E-1	2.1060E1	5.3333E0	3.3539E6	
1743	-7.7850E-1	1.6644E1	5.3410E0	3.3561E6	
1744	-7.7545E-1	2.1173E1	5.3486E0	3.3583E6	
1745	-7.7522E-1	2.1513E1	5.3563E0	3.3606E6	
1746	-7.7644E-1	1.9701E1	5.3639E0	3.3628E6	
1747	-7.7873E-1	1.6305E1	5.3716E0	3.3650E6	
1748	-7.7553E-1	2.1060E1	5.3792E0	3.3672E6	
1749	-7.7705E-1	1.8796E1	5.3869E0	3.3694E6	
1750	-7.8018E-1	1.4153E1	5.3945E0	3.3717E6	
1751	-7.7812E-1	1.7210E1	5.4022E0	3.3739E6	
1752	-7.7667E-1	1.9362E1	5.4098E0	3.3761E6	
1753	-7.7797E-1	1.7437E1	5.4175E0	3.3783E6	
1754	-7.7873E-1	1.6305E1	5.4252E0	3.3805E6	
1755	-7.8194E-1	1.1549E1	5.4329E0	3.3828E6	
1756	-7.8117E-1	1.2681E1	5.4405E0	3.3850E6	
1757	-7.8064E-1	1.3474E1	5.4481E0	3.3872E6	
1758	-7.8026E-1	1.4040E1	5.4558E0	3.3894E6	
1759	-7.7797E-1	1.7437E1	5.4634E0	3.3916E6	
1760	-7.8079E-1	1.3247E1	5.4711E0	3.3939E6	
1761	-7.8300E-1	9.9639E0	5.4787E0	3.3961E6	
1762	-7.8102E-1	1.2908E1	5.4863E0	3.3983E6	
1763	-7.8400E-1	8.4920E0	5.4940E0	3.4005E6	
1764	-7.8232E-1	1.0983E1	5.5017E0	3.4027E6	
1765	-7.8247E-1	1.0756E1	5.5094E0	3.4050E6	
1766	-7.8178E-1	1.1776E1	5.5170E0	3.4072E6	
1767	-7.8339E-1	9.3978E0	5.5246E0	3.4094E6	
1768	-7.8354E-1	9.1713E0	5.5323E0	3.4116E6	
1769	-7.8285E-1	1.0190E1	5.5400E0	3.4138E6	
1770	-7.8178E-1	1.1776E1	5.5477E0	3.4161E6	
1771	-7.8644E-1	4.8687E0	5.5554E0	3.4183E6	
1772	-7.8468E-1	7.4729E0	5.5630E0	3.4205E6	
1773	-7.8285E-1	1.0190E1	5.5707E0	3.4227E6	
1774	-7.8499E-1	7.0200E0	5.5783E0	3.4249E6	
1775	-7.8552E-1	6.2275E0	5.5860E0	3.4272E6	
1776	-7.8728E-1	3.6233E0	5.5937E0	3.4294E6	
1777	-7.8354E-1	9.1713E0	5.6014E0	3.4316E6	
1778	-7.8392E-1	8.6052E0	5.6090E0	3.4338E6	
1779	-7.8568E-1	6.0010E0	5.6167E0	3.4360E6	
1780	-7.8766E-1	3.0571E0	5.6243E0	3.4383E6	
1781	-7.8400E-1	8.4920E0	5.6319E0	3.4405E6	
1782	-7.8384E-1	8.7184E0	5.6396E0	3.4427E6	
1783	-7.8506E-1	6.9068E0	5.6474E0	3.4449E6	
1784	-7.8720E-1	3.7365E0	5.6550E0	3.4471E6	
1785	-7.8781E-1	2.8307E0	5.6627E0	3.4494E6	
1786	-7.8453E-1	7.6994E0	5.6703E0	3.4516E6	
1787	-7.8636E-1	4.9820E0	5.6781E0	3.4538E6	
1788	-7.8537E-1	6.4539E0	5.6857E0	3.4560E6	
1789	-7.8392E-1	8.6052E0	5.6933E0	3.4582E6	
1790	-7.8819E-1	2.2646E0	5.7010E0	3.4605E6	
1791	-7.8857E-1	1.6984E0	5.7088E0	3.4627E6	
1792	-7.8735E-1	3.5100E0	5.7164E0	3.4649E6	
1793	-7.8621E-1	5.2084E0	5.7240E0	3.4671E6	
1794	-7.8842E-1	1.9249E0	5.7317E0	3.4693E6	
1795	-7.8629E-1	5.0952E0	5.7394E0	3.4716E6	
1796	-7.8804E-1	2.4910E0	5.7470E0	3.4738E6	
1797	-7.8865E-1	1.5852E0	5.7547E0	3.4760E6	
1798	-7.8957E-1	2.2649E-1	5.7624E0	3.4782E6	
1799	-7.8690E-1	4.1894E0	5.7701E0	3.4804E6	
1800	-7.8819E-1	2.2646E0	5.7777E0	3.4827E6	
1801	-7.8957E-1	2.2649E-1	5.7855E0	3.4849E6	
1802	-7.8796E-1	2.6042E0	5.7930E0	3.4871E6	
1803	-7.9147E-1	-2.6042E0	5.8008E0	3.4893E6	
1804	-7.9010E-1	-5.6609E-1	5.8084E0	3.4915E6	
1805	-7.8842E-1	1.9249E0	5.8161E0	3.4938E6	
1806	-7.8979E-1	-1.1318E-1	5.8238E0	3.4960E6	
1807	-7.9018E-1	-6.7931E-1	5.8314E0	3.4982E6	
1808	-7.9315E-1	-5.0951E0	5.8393E0	3.5004E6	
1809	-7.9224E-1	-3.7364E0	5.8469E0	3.5026E6	
1810	-7.9117E-1	-2.1512E0	5.8545E0	3.5049E6	
1811	-7.9285E-1	-4.6422E0	5.8623E0	3.5071E6	
1812	-7.9155E-1	-2.7174E0	5.8699E0	3.5093E6	
1813	-7.9262E-1	-4.3025E0	5.8776E0	3.5115E6	
1814	-7.9361E-1	-5.7745E0	5.8852E0	3.5137E6	
1815	-7.9483E-1	-7.5861E0	5.8930E0	3.5160E6	
1816	-7.9544E-1	-8.4919E0	5.9006E0	3.5182E6	
1817	-7.9453E-1	-7.1332E0	5.9084E0	3.5204E6	
1818	-7.9369E-1	-5.8877E0	5.9161E0	3.5226E6	
1819	-7.9308E-1	-4.9819E0	5.9216E0	3.5242E6	
1820	-7.9308E-1	-4.9819E0	5.9216E0	3.5242E6	
1821	-7.9308E-1	-4.9819E0	5.9216E0	3.5242E6	
1822	-7.9308E-1	-4.9819E0	5.9216E0	3.5242E6	
1823	-7.9308E-1	-4.9819E0	5.9216E0	3.5242E6	
1824	-7.9308E-1	-4.9819E0	5.9216E0	3.5242E6	
1825	-7.9308E-1	-4.9819E0	5.9216E0	3.5242E6	
1826	-7.9308E-1	-4.9819E0	5.9216E0	3.5242E6	
1827	-7.9308E-1	-4.9819E0	5.9216E0	3.5242E6	
1828	-7.9308E-1	-4.9819E0	5.9216E0	3.5242E6	
1829	-7.9308E-1	-4.9819E0	5.9216E0	3.5242E6	
1830	-7.9308E-1	-4.9819E0	5.9216E0	3.5242E6	
1831	-7.9308E-1	-4.9819E0	5.9216E0	3.5242E6	
1832	-7.9308E-1	-4.9819E0	5.9216E0	3.5242E6	
1833	-7.9308E-1	-4.9819E0	5.9216E0	3.5242E6	
1834	-7.9308E-1	-4.9819E0	5.9216E0	3.5242E6	
1835	-7.9308E-1	-4.9819E0	5.9216E0	3.5242E6	
1836	-7.9308E-1	-4.9819E0	5.9216E0	3.5242E6	
1837	-7.9308E-1	-4.9819E0	5.9216E0	3.5242E6	
1838	-7.9308E-1	-4.9819E0	5.9216E0	3.5242E6	
1839	-7.9308E-1	-4.9819E0	5.9216E0	3.5242E6	
1840	-7.9308E-1	-4.9819E0	5.9216E0	3.5242E6	
1841	-7.9308E-1	-4.9819E0	5.9216E0	3.5242E6	
1842	-7.9308E-1	-4.9819E0	5.9216E0	3.5242E6	
1843	-7.9308E-1	-4.9819E0	5.9216E0	3.5242E6	
1844	-7.9308E-1	-4.9819E0	5.9216E0	3.5242E6	
1845	-7.9308E-1	-4.9819E0	5.9216E0	3.5242E6	
1846	-7.9308E-1	-4.9819E0	5.9216E0	3.5242E6	
1847	-7.9308E-1	-4.9819E0	5.9216E0	3.5242E6	
1848	-7.9308E-1	-4.9819E0	5.9216E0	3.5242E6	
1849	-7.9308E-1	-4.9819E0	5.9216E0	3.5242E6	
1850	-7.9308E-1	-4.9819E0	5.9216E0	3.5242E6	
1851	-7.9308E-1	-4.9819E0	5.9216E0	3.5242E6	
1852	-7.9308E-1	-4.9819E0	5.9216E0	3.5242E6	
1853	-7.9308E-1	-4.9819E0	5.9216E0	3.5242E6	
1854	-7.9308E-1	-4.9819E0	5.9216E0	3.5242E6	
1855	-7.9308E-1	-4.9819E0	5.9216E0	3.5242E6	
1856	-7.9308E-1	-4.9819E0	5.9216E0	3.5242E6	
1857	-7.9308E-1	-4.9819E0	5.9216E0	3.5242E6	
1858	-7.9308E-1	-4.9819E0	5.9216E0	3.5242E6	
1859	-7.9308E-1	-4.9819E0	5.9216E0	3.5242E6	
1860	-7.9308E-1	-4.9819E0	5.9216E0	3.5242E6	
1861	-7.9308E-1	-4.9819E0	5.9216E0	3.5242E6	
1862	-7.9308E-1	-4.9819E0	5.9216E0	3.5242E6	
1863	-7.9308E-1	-4.9819E0	5.9216E0	3.5242E6	
1864	-7.9308E-1	-4.9819E0	5.9216E0	3.5242E6	
1865	-7.9308E-1	-4.9819E0	5.9216E0	3.5242E6	
1866	-7.9308E-1	-4.9819E0	5.9216E0	3.5242E6	
1867	-7.9308E-1	-4.9819E0	5.9216E0	3.5242E6	
1868	-7.9308E-1	-4.9819E0	5.9216E0	3.5242E6	
1869	-7.9308E-1	-4.9819E0	5.9216E0	3.5242E6	
1870	-7.9308E-1	-4.9819E0	5.9216E0	3.5242E6	
1871	-7.9308E-1	-4.9819E0	5.9216E0	3.5242E6	
1872	-7.9308E-1	-4.9819E0	5.9216E0	3.5242E6	
1873	-7.9308E-1	-4.9819E0	5.9216E0	3.5242E6	
1874	-7.9308E-1	-4.9819E0	5.9216E0	3.5242E6	
1875	-7.9308E-1	-4.9819E0	5.9216E0	3.5242E6	
1876	-7.9308E-1	-4.9819E0	5.9216E0	3.5242E6	
1877	-7.9308E-1	-4.9819E0	5.9216E0	3.5242E6	
1878	-7.9308E-1	-4.9819E0	5.9216E0	3.5242E6	
1879	-7.9308E-1	-4.9819E0	5.9216E0	3.5242E6	
1880	-7.9308E-1	-4.9819E0	5.9216E0	3.5242E6	
1881	-7.9308E-1	-4.9819E0	5.9216E0	3.5242E6	
1882	-7.9308E-1	-4.9819E0	5.9216E0	3.5242E6	
1883	-7.9308E-1	-4.9819E0	5.9216E0	3.5242E6	
1884	-7.9308E-1	-4.9819E0	5.9216E0	3.5242E6	
1885	-7.9308E-1	-4.9819E0	5.9216E0	3.5242E6	
1886	-7.9308E-1	-4.9819E0	5.9216E0	3.5242E6	
1887	-7.9308E-1	-4.9819E0	5.9216E0	3.5242E6	
1888	-7.9308E-1	-4.9819E0	5.9216E0	3.5242E6	
1889	-7.9308E-1	-4.9819E0	5.9216E0	3.5242E6	
1890	-7.9308E-1	-4.9819E0	5.9216E0	3.5242E6	
1891	-7.9308E-1	-4.9819E0	5.9216E0	3.5242E6	
1892	-7.9308E-1	-4.9819E0	5.9216E0	3.5242E6	
1893	-7.9308E-1	-4.9819E0	5.9216E0	3.5242E6	
1894	-7.9308E-1	-4.9819E0	5.9216E0	3.5242E6	
1895	-7.9308E-1	-4.9819E0	5.9216E0	3.5242E6	
1896	-7.9308E-1	-4.9819E0	5.9216E0	3.5242E6	
1897	-7.9308E-1	-4.9819E0	5.9216E0	3.5242E6	
1898	-7.9308E-1	-4.9819E0	5.9216E0	3.5242E6	
1899	-7.9308E-1	-4.9819E0	5.9216E0	3.5242E6	
1900	-7.9308E-1	-4.9819E0	5.9216E0	3.5242E6	
1901	-7.9308E-1	-4.9819E0	5.9216E0	3.5242E6	
1902	-7.9308E-1	-4.9819E0	5.9216E0	3.5242E6	
1903	-7.9308E-1	-4.9819E0	5.9216E0	3.5242E6	
1904	-7.9308E-1	-4.9819E0	5.9216E0	3.5242E6	
1905	-7.9308E-1	-4.9819E0	5.9216E0	3.5242E6	
1906	-7.9308E-1	-4.9819E0	5.9216E0	3.5242E6	
1907	-7.9308E-1	-4.9819E0	5.9216E0	3.5242E6	
1908	-7.9308E-1	-4.9819E0	5.9216E0	3.5242E6	
1909	-7.9308E-1	-4.9819E0	5.9216E0	3.5242E6	
1910	-7.9308E-1	-4.9819E0	5.9216E0	3.5242E6	
1911	-7.9308E-1	-4.9819E0	5.9216E0	3.5242E6	
1912	-7.9308E-1	-4.9819E0	5.9216E0	3.5242E6	
1913	-7.9308E-1	-4.9819E0	5.9216E0	3.5242E6	
1914	-7.9308E-1	-4.9819E0	5.9216E0	3.5242E6	
1915	-7.9308E-1	-4.9819E0	5.9216E0	3.5242E6	
1916	-7.9308E-1	-4.9819E0	5.9216E0	3.5242E6	
1917	-7.9308E-1	-4.9819E0	5.9216E0	3.5242E6	
1918	-7.9308E-1	-4.9819E0	5.9216E0	3.5242E6	
1919	-7.9308E-1	-4.9819E0	5.9216E0	3.5242E6	
1920	-7.9308E-1	-4.9819E0	5.9216E0	3.5242E6	
1921	-7.9308E-1	-4.9819E0	5.9216E0	3.5242E6	
1922	-7.9308E-1	-4.9819E0	5.9216E0	3.5242E6	
1923	-7.9308E-1	-4.9819E0	5.9216E0	3.5242E6	
1924	-7.9308E-1	-4.9819E0	5.9216E0	3.5242E6	
1925	-7.9308E-1	-4.9819E0	5.9216E0	3.5242E6	
1926	-7.9308E-1	-4.9819E0	5.9216E0	3.5242E6	
1927	-7.9308E-1	-4.9819E0	5.9216E0	3.5242E6	
1928	-7.9308E-1	-4.9819E0	5.9216E0	3.5242E6	
1929	-7.9308E-1	-4.9819E0	5.9216E0	3.5242E6	
1930	-7.9308E-1	-4.9819E0	5.9216E0	3.5242E6	
1931	-7.9308E-1	-4.9819E0	5.9216E0	3.5242E6	
1932	-7.9308E-1	-4.9819E0	5.9216E0	3.5242E6	
1933	-7.9308E-1	-4.9819E0	5.9216E0	3.5242E6	
1934	-7.9308E-1	-4.9819E0	5.9216E0	3.5242E6	
1935	-7.9308E-1	-4.9819E0	5.9216E0	3.5242E6	
1936	-7.9308E-1	-4.9819E0	5.9216E0	3.5242E6	
1937	-7.9308E-1	-4.9819E0	5.9216E0	3.5242E6	
1938	-7.9308E-1	-4.9819E0	5.9216E0	3.5242E6	
1939	-7.9308E-1	-4.9819E0	5.9216E0	3.5242E6	
1940	-7.9308E-1	-4.9819E0	5.9216E0	3.5242E6	
1941	-7.9308E-1	-4.9819E0	5.9216E0	3.5242E6	
1942	-7.9308E-1	-4.9819E0	5.9216E0	3.5242E6	
1943	-7.9308E-1	-4.9819E0	5.9216E0	3.5242E6	
1944	-7.9308E-1	-4.9819E0	5.9216E0	3.5242E6	
1945	-7.9308E-1	-4.9819E0	5.9216E0	3.5242E6	
1946	-7.9308E-1	-4.9819E0	5.9216E0	3.5242E6	
1947	-7.9308E-1	-4.9819E0	5.9216E0	3.5242E6	
1948	-7.9308E-1	-4.9819E0	5.9216E0	3.5242E6	
1949	-7.9308E-1	-4.9819E0	5.9216E0	3.5242E6	
1950	-7.9308E-1	-4.9819E0	5.9216E0	3.5242E6	
1951	-7.9308E-1	-4.9819E0	5.9216E0	3.5242E6	
1952	-7.9308E-1	-4.9819E0	5.9216E0	3.5242E6	
1953	-7.9308E-1	-4.9819E0	5.9216E0	3.5242E6	
1954	-7.9308E-1	-4.9819E0	5.9216E0	3.5242E6	
1955	-7.9308E-1	-4.9819E0	5.9216E0	3.5242E6	
1956	-7.9308E-1	-4.9819E0	5.9216E0	3.5242E6	
1957	-7.9308E-1	-4.9819E0	5.9216E0	3.5242E6	
1958	-7.9308E-1	-4.9819E0	5.9216E0	3.5242E6	
1959	-7.9308E-1	-4.9819E0	5.9216E0	3.5242E6	
1960	-7.9308E-1	-4.9819E0	5.9216E0	3.5242E6	
1961	-7.9308E-1	-4.9819E0	5.9216E0	3.5242E6	
1962	-7.9308E-1	-4.9819E0	5.9216E0	3.5242E6	
1963	-7.9308E-1	-4.9819E0	5.9216E0	3.5242E6	
1964	-7.9308E-1	-4.9819E0	5.9216E0	3.5242E6	
1965	-7.9308E-1	-4.9819E0	5.9216E0	3.5242E6	
1966	-7.9308E-1	-4.9819E0	5.9216E0	3.5242E6	
1967	-7.9308E-1	-4.9819E0	5.9216E0	3.5242E6	
1968	-7.9308E-1	-4.9819E0	5.9216E0	3.5242E6	
1969	-7.9308E-1	-4.9819E0	5.9216E0	3.5242E6	
1970	-7.9308E-1	-4.9819E0	5.9216E0	3.5242E6	
1971	-7.9308E-1	-4.9819E0	5.9216E0	3.5242E6	
1972	-7.9308E-1	-4.9819E0	5.9216E0	3.5242E6	
1973	-7.9308E-1	-4.9819E0	5.9216E0	3.5242E6	
1974	-7.9308E-1	-4.9819E0	5.9216E0	3.5242E6	
1975	-7.9308E-1	-4.9819E0	5.9216E0	3.5242E6	
1976	-7.9308E-1	-4.9819E0	5.9216E0	3.5242E6	
1977	-7.9308E-1	-4.9819E0	5.9216E0	3.5242E6	
1978	-7.9308E-1	-4.9819E0	5.9216E0	3.5242E6	
1979	-7.9308E-1	-4.9819E0	5.9216E0	3.5242E6	
1980	-7.9308E-1	-4.9819E0	5.9216E0	3.5242E6	
1981	-7.9308E-1	-4.9819E0	5.9216E0	3.5242E6	
1982	-7.9308E-1	-4.9819E0	5.9216E0	3.5242E6	
1983	-7.9308E-1	-4.9819E0	5.9216E0	3.5242E6	
1984	-7.9308E-1	-4.9819E0	5.9216E0	3.5242E6	
1985	-7.9308E-1	-4.9819E0	5.9216E0	3.5242E6	
1986	-7.9308E-1	-4.9819E0	5.9216E0	3.5242E6	
1987	-7.9308E-1	-4.9819E0	5.9216E0	3.5242E6	
1988	-7.9308E-1	-4.9819E0	5.9216E0	3.5242E6	
1989	-7.9308E-1	-4.9819E0	5.9216E0	3.5242E6	
1990	-7.9308E-1	-4.9819E0	5.9216E0	3.5242E6	
1991	-7.9308E-1	-4.9819E0	5.9216E0	3.5242E6	
1992	-7.9308E-1	-4.9819E0	5.9216E0	3.5242E6	
1993	-7.9308E-1	-4.9819E0	5.9216E0	3.5242E6	
1994	-7.9308E-1	-4.9819E0	5.9216E0	3.5242E6	
1995	-7.9308E-1	-4.9819E0	5.9216E0	3.5242E6	
1996	-7.9308E-1	-4.9819E0	5.9216E0	3.5242E6	
1997	-7.9308E-1	-4.9819E0	5.9216E0	3.5242E6	
1998	-7.9308E-1	-4.9819E0	5.9216E0	3.5242E6	
1999	-7.9308E-1	-4.9819E0	5.9216E0	3.5242E6	
2000	-7.9308E-1	-4.9819E0	5.9216E0	3.5242E6	
2001	-7.9308E-1	-4.9819E0	5.9216E0	3.5242E6	
2002	-7.9308E-1	-4.9819E0	5.9216E0	3.5242E6	
2003	-7.9308E-1	-4.9819E0	5.9216E0	3.5242E6	
2004	-7.9308E-1	-4.9819E0	5.9216E0	3.5242E6	
2005	-7.9308E-1	-4.9819E0	5.9216E0	3.5242E6	
2006	-7.9308E-1	-4.9819E0	5.9216E0	3.5242E6	
2007	-7.9308E-1	-4.9819E0	5.9216E0	3.5242E6	
2008	-7.9308E-1	-4.9819E0	5.9216E0	3.5242E6	
2009	-7.9308E-1	-4.9819E0	5.9216E0	3.5242E6	
2010	-7.9308E-1	-4.9819E0	5.9216E0	3.5242E6	
2011	-7.9308E-1	-4.9819E0	5.9216E0	3.5242E6	
2012	-7.9308E-1	-4.9819E0	5.9216E0	3.5242E6	
2013	-7.9308E-1	-4.9819E0	5.9216E0	3.5242E6	
2014	-7.9308E-1	-4.9819E0	5.9216E0	3.5242E6	
2015	-7.9308E-1	-4.9819E0	5.9216E0	3.5242E6	
2016	-7.9308E-1	-4.9819E0	5.9216E0	3.5242E6	
2017	-7.9308E-1	-4.9819E0	5.9216E0	3.5242E6	
2018	-7.9308E-1	-4.9819E0	5.9216E0	3.5242E6	
2019	-7.9308E-1	-4.9819E0	5.9216E0	3.5242E6	
2020	-7.9308E-1	-4.9819E0	5.9216E0	3.5242E6	
2021	-7.9308E-1	-4.9819E0	5.9216E0	3.5242E6	
2022	-7.9308E-1	-4.9819E0	5.9216E0	3.5242E6	
2023	-7.9308E-1	-4.9819E0	5.9216E0	3.5242E6	
2024	-7.9308E-1	-4.9819E0	5.9216E0	3.5242E6	
2025	-7.9308E-1	-4.9819E0	5.9216E0	3.5242E6	
2026	-7.9308E-1	-4.9819E0	5.9216E0	3.5242E6	
2027	-7.9308E-1	-4.9819E0	5.9216E0	3.5242E6	
2028	-7.9308E-1	-4.9819E0	5.9216E0	3.5242E6	
2029	-7.9308E-1	-4.9819E0	5.9216E0	3.5242E6	
2030	-7.9308E-1	-4.9819E0	5.9216E0	3.5242E6	
2031	-7.9308E-1	-4.9819E0	5.9216E0	3.5242E6	
2032	-7.9308E-1	-4.9819E0	5.9216E0	3.5242E6	
2033	-7.9308E-1	-4.9819E0	5.9216E0	3.5242E6	
2034	-7.9308E-1	-4.9819E0	5.9216E0	3.5242E6	
2035	-7.9308E-1	-4.9819E0	5.9216E0	3.5242E6	
2036	-7.9308E-1	-4.9819E0	5.9216E0	3.5242E6	
2037	-7.9308E-1	-4.9819E0	5.9216E0	3.5242E6	
2038	-7.9308E-1	-4.9819E0	5.9216E0	3.5242E6	
2039	-7.9308E-1	-4.9819E0	5.9216E0	3.5242E6	
2040	-7.9308E-1	-4.9819E0	5.9216E0	3.5242E6	
2041	-7.9308E-1	-4.9819E0	5.9216E0	3.5242E6	
2042	-7.9308E-1	-4.9819E0	5.9216E0	3.5242E6	
2043	-7.9308E-1	-4.9819E0	5.9216E0	3.5242E6	
2044	-7.9308E-1	-4.9819E0	5.9216E0	3.5242E6	
2045	-7.9308E-1	-4.9819E0	5.9216E0	3.5242E6	
2046	-7.9308E-1	-4.9819E0	5.9216E0	3.5242E6	
2047	-7.9308E-1	-4.9819E0	5.9216E0	3.5242E6	
2048	-7.9308E-1	-4.9819E0	5.9216E0	3.5242E6	
