point 147
Index	Vertical (A-B)	Force	Z Height	Time Stamp	
     	V	nN	?m	?sec	
1	-8.1909E-1	-3.2835E0	5.5207E0	1.2000E2	
2	-8.1787E-1	-1.4719E0	5.5192E0	2.3400E3	
3	-8.1932E-1	-3.6232E0	5.5165E0	4.5600E3	
4	-8.1696E-1	-1.1316E-1	5.5133E0	6.7800E3	
5	-8.1764E-1	-1.1322E0	5.5099E0	9.0000E3	
6	-8.1772E-1	-1.2454E0	5.5064E0	1.1220E4	
7	-8.1604E-1	1.2456E0	5.5025E0	1.3440E4	
8	-8.1528E-1	2.3778E0	5.4986E0	1.5660E4	
9	-8.1749E-1	-9.0574E-1	5.4945E0	1.7880E4	
10	-8.1779E-1	-1.3586E0	5.4904E0	2.0100E4	
11	-8.1573E-1	1.6985E0	5.4861E0	2.2320E4	
12	-8.1863E-1	-2.6041E0	5.4819E0	2.4540E4	
13	-8.1566E-1	1.8117E0	5.4775E0	2.6760E4	
14	-8.1505E-1	2.7175E0	5.4733E0	2.8980E4	
15	-8.1589E-1	1.4720E0	5.4688E0	3.1200E4	
16	-8.1612E-1	1.1323E0	5.4643E0	3.3420E4	
17	-8.1520E-1	2.4910E0	5.4599E0	3.5640E4	
18	-8.1619E-1	1.0191E0	5.4553E0	3.7860E4	
19	-8.1589E-1	1.4720E0	5.4507E0	4.0080E4	
20	-8.1604E-1	1.2456E0	5.4461E0	4.2300E4	
21	-8.1635E-1	7.9265E-1	5.4415E0	4.4520E4	
22	-8.1642E-1	6.7942E-1	5.4369E0	4.6740E4	
23	-8.1444E-1	3.6233E0	5.4322E0	4.8960E4	
24	-8.1566E-1	1.8117E0	5.4274E0	5.1180E4	
25	-8.1650E-1	5.6620E-1	5.4229E0	5.3400E4	
26	-8.1482E-1	3.0572E0	5.4182E0	5.5620E4	
27	-8.1299E-1	5.7746E0	5.4133E0	5.7840E4	
28	-8.1429E-1	3.8497E0	5.4086E0	6.0060E4	
29	-8.1512E-1	2.6043E0	5.4039E0	6.2280E4	
30	-8.1207E-1	7.1333E0	5.3990E0	6.4500E4	
31	-8.1367E-1	4.7556E0	5.3942E0	6.6720E4	
32	-8.1398E-1	4.3026E0	5.3894E0	6.8940E4	
33	-8.1085E-1	8.9449E0	5.3845E0	7.1160E4	
34	-8.1444E-1	3.6233E0	5.3798E0	7.3380E4	
35	-8.1345E-1	5.0952E0	5.3749E0	7.5600E4	
36	-8.1306E-1	5.6614E0	5.3701E0	7.7820E4	
37	-8.1322E-1	5.4349E0	5.3652E0	8.0040E4	
38	-8.1169E-1	7.6994E0	5.3604E0	8.2260E4	
39	-8.1017E-1	9.9639E0	5.3554E0	8.4480E4	
40	-8.1108E-1	8.6052E0	5.3505E0	8.6700E4	
41	-8.1230E-1	6.7936E0	5.3457E0	8.8920E4	
42	-8.1192E-1	7.3597E0	5.3406E0	9.1140E4	
43	-8.1360E-1	4.8688E0	5.3357E0	9.3360E4	
44	-8.0963E-1	1.0757E1	5.3308E0	9.5580E4	
45	-8.1200E-1	7.2465E0	5.3258E0	9.7800E4	
46	-8.1055E-1	9.3978E0	5.3210E0	1.0002E5	
47	-8.1261E-1	6.3407E0	5.3160E0	1.0224E5	
48	-8.1047E-1	9.5110E0	5.3110E0	1.0446E5	
49	-8.1131E-1	8.2655E0	5.3059E0	1.0668E5	
50	-8.1116E-1	8.4920E0	5.3010E0	1.0890E5	
51	-8.0833E-1	1.2681E1	5.2960E0	1.1112E5	
52	-8.1085E-1	8.9449E0	5.2909E0	1.1334E5	
53	-8.1177E-1	7.5862E0	5.2860E0	1.1556E5	
54	-8.0856E-1	1.2342E1	5.2810E0	1.1778E5	
55	-8.1024E-1	9.8507E0	5.2759E0	1.2000E5	
56	-8.1047E-1	9.5110E0	5.2708E0	1.2222E5	
57	-8.0925E-1	1.1323E1	5.2658E0	1.2444E5	
58	-8.1032E-1	9.7375E0	5.2607E0	1.2666E5	
59	-8.1116E-1	8.4920E0	5.2557E0	1.2888E5	
60	-8.1146E-1	8.0391E0	5.2507E0	1.3110E5	
61	-8.0841E-1	1.2568E1	5.2455E0	1.3332E5	
62	-8.0780E-1	1.3474E1	5.2404E0	1.3554E5	
63	-8.0948E-1	1.0983E1	5.2352E0	1.3776E5	
64	-8.0811E-1	1.3021E1	5.2302E0	1.3998E5	
65	-8.0917E-1	1.1436E1	5.2251E0	1.4220E5	
66	-8.0788E-1	1.3361E1	5.2201E0	1.4442E5	
67	-8.0795E-1	1.3247E1	5.2150E0	1.4664E5	
68	-8.0666E-1	1.5172E1	5.2099E0	1.4886E5	
69	-8.0521E-1	1.7324E1	5.2047E0	1.5108E5	
70	-8.0696E-1	1.4719E1	5.1996E0	1.5330E5	
71	-8.0544E-1	1.6984E1	5.1944E0	1.5552E5	
72	-8.0612E-1	1.5965E1	5.1893E0	1.5774E5	
73	-8.0673E-1	1.5059E1	5.1841E0	1.5996E5	
74	-8.0833E-1	1.2681E1	5.1790E0	1.6218E5	
75	-8.0322E-1	2.0267E1	5.1738E0	1.6440E5	
76	-8.0559E-1	1.6757E1	5.1685E0	1.6662E5	
77	-8.0658E-1	1.5286E1	5.1634E0	1.6884E5	
78	-8.0612E-1	1.5965E1	5.1581E0	1.7106E5	
79	-8.0467E-1	1.8116E1	5.1530E0	1.7328E5	
80	-8.0635E-1	1.5625E1	5.1478E0	1.7550E5	
81	-8.0658E-1	1.5286E1	5.1426E0	1.7772E5	
82	-8.0490E-1	1.7777E1	5.1373E0	1.7994E5	
83	-8.0589E-1	1.6305E1	5.1322E0	1.8216E5	
84	-8.0452E-1	1.8343E1	5.1269E0	1.8438E5	
85	-8.0597E-1	1.6191E1	5.1218E0	1.8660E5	
86	-8.0437E-1	1.8569E1	5.1164E0	1.8882E5	
87	-8.0383E-1	1.9362E1	5.1112E0	1.9104E5	
88	-8.0284E-1	2.0834E1	5.1059E0	1.9326E5	
89	-8.0315E-1	2.0381E1	5.1007E0	1.9548E5	
90	-8.0376E-1	1.9475E1	5.0954E0	1.9770E5	
91	-8.0437E-1	1.8569E1	5.0902E0	1.9992E5	
92	-8.0231E-1	2.1626E1	5.0849E0	2.0214E5	
93	-8.0315E-1	2.0381E1	5.0796E0	2.0436E5	
94	-8.0292E-1	2.0720E1	5.0744E0	2.0658E5	
95	-8.0109E-1	2.3438E1	5.0690E0	2.0880E5	
96	-8.0154E-1	2.2758E1	5.0637E0	2.1102E5	
97	-8.0391E-1	1.9248E1	5.0585E0	2.1324E5	
98	-8.0276E-1	2.0947E1	5.0530E0	2.1546E5	
99	-8.0101E-1	2.3551E1	5.0478E0	2.1768E5	
100	-8.0185E-1	2.2306E1	5.0425E0	2.1990E5	
101	-7.9926E-1	2.6155E1	5.0372E0	2.2212E5	
102	-8.0109E-1	2.3438E1	5.0318E0	2.2434E5	
103	-8.0391E-1	1.9248E1	5.0265E0	2.2656E5	
104	-8.0070E-1	2.4004E1	5.0211E0	2.2878E5	
105	-7.9796E-1	2.8080E1	5.0158E0	2.3100E5	
106	-8.0177E-1	2.2419E1	5.0104E0	2.3322E5	
107	-8.0063E-1	2.4117E1	5.0050E0	2.3544E5	
108	-8.0116E-1	2.3325E1	4.9996E0	2.3766E5	
109	-7.9880E-1	2.6835E1	4.9943E0	2.3988E5	
110	-8.0162E-1	2.2645E1	4.9889E0	2.4210E5	
111	-8.0162E-1	2.2645E1	4.9836E0	2.4432E5	
112	-8.0040E-1	2.4457E1	4.9781E0	2.4654E5	
113	-8.0032E-1	2.4570E1	4.9727E0	2.4876E5	
114	-8.0070E-1	2.4004E1	4.9674E0	2.5098E5	
115	-7.9987E-1	2.5249E1	4.9619E0	2.5320E5	
116	-7.9697E-1	2.9552E1	4.9565E0	2.5542E5	
117	-8.0162E-1	2.2645E1	4.9511E0	2.5764E5	
118	-8.0116E-1	2.3325E1	4.9456E0	2.5986E5	
119	-8.0223E-1	2.1739E1	4.9402E0	2.6208E5	
120	-7.9964E-1	2.5589E1	4.9348E0	2.6430E5	
121	-7.9948E-1	2.5816E1	4.9294E0	2.6652E5	
122	-8.0132E-1	2.3098E1	4.9239E0	2.6874E5	
123	-7.9773E-1	2.8420E1	4.9185E0	2.7096E5	
124	-8.0002E-1	2.5023E1	4.9130E0	2.7318E5	
125	-7.9811E-1	2.7854E1	4.9076E0	2.7540E5	
126	-7.9704E-1	2.9439E1	4.9020E0	2.7762E5	
127	-7.9842E-1	2.7401E1	4.8966E0	2.7984E5	
128	-7.9720E-1	2.9212E1	4.8911E0	2.8206E5	
129	-7.9857E-1	2.7174E1	4.8857E0	2.8428E5	
130	-7.9803E-1	2.7967E1	4.8802E0	2.8650E5	
131	-7.9742E-1	2.8873E1	4.8746E0	2.8872E5	
132	-7.9552E-1	3.1703E1	4.8693E0	2.9094E5	
133	-7.9689E-1	2.9665E1	4.8638E0	2.9316E5	
134	-7.9788E-1	2.8193E1	4.8582E0	2.9538E5	
135	-7.9689E-1	2.9665E1	4.8527E0	2.9760E5	
136	-7.9674E-1	2.9892E1	4.8472E0	2.9982E5	
137	-7.9529E-1	3.2043E1	4.8416E0	3.0204E5	
138	-7.9498E-1	3.2496E1	4.8360E0	3.0426E5	
139	-7.9643E-1	3.0345E1	4.8306E0	3.0648E5	
140	-7.9597E-1	3.1024E1	4.8250E0	3.0870E5	
141	-7.9613E-1	3.0797E1	4.8195E0	3.1092E5	
142	-7.9575E-1	3.1364E1	4.8139E0	3.1314E5	
143	-7.9559E-1	3.1590E1	4.8083E0	3.1536E5	
144	-7.9559E-1	3.1590E1	4.8029E0	3.1758E5	
145	-7.9544E-1	3.1817E1	4.7973E0	3.1980E5	
146	-7.9483E-1	3.2722E1	4.7917E0	3.2202E5	
147	-7.9369E-1	3.4421E1	4.7861E0	3.2424E5	
148	-7.9254E-1	3.6119E1	4.7805E0	3.2646E5	
149	-7.9308E-1	3.5326E1	4.7749E0	3.2868E5	
150	-7.9674E-1	2.9892E1	4.7693E0	3.3090E5	
151	-7.9506E-1	3.2383E1	4.7638E0	3.3312E5	
152	-7.9315E-1	3.5213E1	4.7582E0	3.3534E5	
153	-7.9506E-1	3.2383E1	4.7526E0	3.3756E5	
154	-7.9208E-1	3.6798E1	4.7470E0	3.3978E5	
155	-7.9399E-1	3.3968E1	4.7414E0	3.4200E5	
156	-7.9277E-1	3.5779E1	4.7357E0	3.4422E5	
157	-7.9308E-1	3.5326E1	4.7300E0	3.4644E5	
158	-7.9285E-1	3.5666E1	4.7244E0	3.4866E5	
159	-7.8789E-1	4.3026E1	4.7188E0	3.5088E5	
160	-7.9224E-1	3.6572E1	4.7131E0	3.5310E5	
161	-7.9269E-1	3.5893E1	4.7075E0	3.5532E5	
162	-7.8896E-1	4.1441E1	4.7019E0	3.5754E5	
163	-7.9041E-1	3.9289E1	4.6961E0	3.5976E5	
164	-7.9323E-1	3.5100E1	4.6905E0	3.6198E5	
165	-7.8949E-1	4.0648E1	4.6848E0	3.6420E5	
166	-7.9002E-1	3.9856E1	4.6792E0	3.6642E5	
167	-7.9033E-1	3.9403E1	4.6735E0	3.6864E5	
168	-7.8941E-1	4.0761E1	4.6678E0	3.7086E5	
169	-7.8964E-1	4.0422E1	4.6622E0	3.7308E5	
170	-7.9025E-1	3.9516E1	4.6564E0	3.7530E5	
171	-7.9025E-1	3.9516E1	4.6508E0	3.7752E5	
172	-7.8873E-1	4.1780E1	4.6450E0	3.7974E5	
173	-7.9056E-1	3.9063E1	4.6393E0	3.8196E5	
174	-7.8926E-1	4.0988E1	4.6336E0	3.8418E5	
175	-7.9132E-1	3.7931E1	4.6278E0	3.8640E5	
176	-7.9079E-1	3.8723E1	4.6222E0	3.8862E5	
177	-7.8880E-1	4.1667E1	4.6163E0	3.9084E5	
178	-7.8972E-1	4.0308E1	4.6106E0	3.9306E5	
179	-7.8888E-1	4.1554E1	4.6050E0	3.9528E5	
180	-7.8972E-1	4.0308E1	4.5992E0	3.9750E5	
181	-7.8850E-1	4.2120E1	4.5935E0	3.9972E5	
182	-7.9018E-1	3.9629E1	4.5877E0	4.0194E5	
183	-7.8819E-1	4.2573E1	4.5819E0	4.0416E5	
184	-7.8758E-1	4.3479E1	4.5762E0	4.0638E5	
185	-7.8712E-1	4.4158E1	4.5703E0	4.0860E5	
186	-7.8636E-1	4.5290E1	4.5646E0	4.1082E5	
187	-7.8865E-1	4.1894E1	4.5589E0	4.1304E5	
188	-7.8842E-1	4.2233E1	4.5530E0	4.1526E5	
189	-7.8552E-1	4.6536E1	4.5472E0	4.1748E5	
190	-7.8583E-1	4.6083E1	4.5415E0	4.1970E5	
191	-7.8537E-1	4.6762E1	4.5357E0	4.2192E5	
192	-7.8621E-1	4.5517E1	4.5299E0	4.2414E5	
193	-7.8621E-1	4.5517E1	4.5241E0	4.2636E5	
194	-7.8690E-1	4.4498E1	4.5183E0	4.2858E5	
195	-7.8819E-1	4.2573E1	4.5125E0	4.3080E5	
196	-7.8438E-1	4.8234E1	4.5066E0	4.3302E5	
197	-7.8522E-1	4.6989E1	4.5009E0	4.3524E5	
198	-7.8484E-1	4.7555E1	4.4950E0	4.3746E5	
199	-7.8392E-1	4.8914E1	4.4892E0	4.3968E5	
200	-7.8453E-1	4.8008E1	4.4833E0	4.4190E5	
201	-7.8590E-1	4.5970E1	4.4774E0	4.4412E5	
202	-7.8583E-1	4.6083E1	4.4716E0	4.4634E5	
203	-7.8354E-1	4.9480E1	4.4658E0	4.4856E5	
204	-7.8270E-1	5.0725E1	4.4599E0	4.5078E5	
205	-7.8300E-1	5.0272E1	4.4541E0	4.5300E5	
206	-7.8369E-1	4.9253E1	4.4481E0	4.5522E5	
207	-7.8186E-1	5.1971E1	4.4423E0	4.5744E5	
208	-7.8430E-1	4.8347E1	4.4364E0	4.5966E5	
209	-7.8537E-1	4.6762E1	4.4306E0	4.6188E5	
210	-7.8308E-1	5.0159E1	4.4246E0	4.6410E5	
211	-7.8491E-1	4.7442E1	4.4188E0	4.6632E5	
212	-7.8430E-1	4.8347E1	4.4129E0	4.6854E5	
213	-7.8102E-1	5.3216E1	4.4070E0	4.7076E5	
214	-7.8262E-1	5.0838E1	4.4010E0	4.7298E5	
215	-7.8293E-1	5.0386E1	4.3951E0	4.7520E5	
216	-7.7888E-1	5.6386E1	4.3892E0	4.7742E5	
217	-7.8278E-1	5.0612E1	4.3833E0	4.7964E5	
218	-7.8209E-1	5.1631E1	4.3775E0	4.8186E5	
219	-7.8178E-1	5.2084E1	4.3716E0	4.8408E5	
220	-7.8247E-1	5.1065E1	4.3655E0	4.8630E5	
221	-7.8232E-1	5.1291E1	4.3597E0	4.8852E5	
222	-7.7942E-1	5.5594E1	4.3537E0	4.9074E5	
223	-7.8156E-1	5.2424E1	4.3477E0	4.9296E5	
224	-7.8117E-1	5.2990E1	4.3418E0	4.9518E5	
225	-7.8148E-1	5.2537E1	4.3359E0	4.9740E5	
226	-7.8033E-1	5.4235E1	4.3301E0	4.9962E5	
227	-7.8125E-1	5.2876E1	4.3239E0	5.0184E5	
228	-7.8125E-1	5.2876E1	4.3180E0	5.0406E5	
229	-7.8049E-1	5.4009E1	4.3119E0	5.0628E5	
230	-7.8148E-1	5.2537E1	4.3061E0	5.0850E5	
231	-7.7797E-1	5.7745E1	4.3000E0	5.1072E5	
232	-7.7774E-1	5.8085E1	4.2941E0	5.1294E5	
233	-7.7942E-1	5.5594E1	4.2882E0	5.1516E5	
234	-7.7835E-1	5.7179E1	4.2822E0	5.1738E5	
235	-7.7827E-1	5.7292E1	4.2761E0	5.1960E5	
236	-7.7843E-1	5.7066E1	4.2702E0	5.2182E5	
237	-7.7744E-1	5.8538E1	4.2641E0	5.2404E5	
238	-7.7789E-1	5.7858E1	4.2581E0	5.2626E5	
239	-7.7713E-1	5.8991E1	4.2521E0	5.2848E5	
240	-7.7896E-1	5.6273E1	4.2461E0	5.3070E5	
241	-7.7881E-1	5.6500E1	4.2401E0	5.3292E5	
242	-7.7759E-1	5.8311E1	4.2341E0	5.3514E5	
243	-7.7469E-1	6.2614E1	4.2281E0	5.3736E5	
244	-7.7698E-1	5.9217E1	4.2220E0	5.3958E5	
245	-7.7560E-1	6.1255E1	4.2161E0	5.4180E5	
246	-7.7408E-1	6.3520E1	4.2100E0	5.4402E5	
247	-7.7621E-1	6.0349E1	4.2040E0	5.4624E5	
248	-7.7423E-1	6.3293E1	4.1979E0	5.4846E5	
249	-7.7705E-1	5.9104E1	4.1918E0	5.5068E5	
250	-7.7629E-1	6.0236E1	4.1856E0	5.5290E5	
251	-7.7454E-1	6.2840E1	4.1797E0	5.5512E5	
252	-7.7545E-1	6.1482E1	4.1737E0	5.5734E5	
253	-7.7423E-1	6.3293E1	4.1676E0	5.5956E5	
254	-7.7484E-1	6.2387E1	4.1615E0	5.6178E5	
255	-7.7606E-1	6.0576E1	4.1555E0	5.6400E5	
256	-7.7530E-1	6.1708E1	4.1494E0	5.6622E5	
257	-7.7461E-1	6.2727E1	4.1433E0	5.6844E5	
258	-7.7324E-1	6.4765E1	4.1372E0	5.7066E5	
259	-7.7347E-1	6.4426E1	4.1310E0	5.7288E5	
260	-7.7652E-1	5.9896E1	4.1250E0	5.7510E5	
261	-7.7301E-1	6.5105E1	4.1189E0	5.7732E5	
262	-7.7332E-1	6.4652E1	4.1128E0	5.7954E5	
263	-7.7171E-1	6.7030E1	4.1067E0	5.8176E5	
264	-7.7332E-1	6.4652E1	4.1006E0	5.8398E5	
265	-7.7271E-1	6.5558E1	4.0945E0	5.8620E5	
266	-7.7469E-1	6.2614E1	4.0884E0	5.8842E5	
267	-7.7332E-1	6.4652E1	4.0823E0	5.9064E5	
268	-7.7118E-1	6.7822E1	4.0761E0	5.9286E5	
269	-7.7217E-1	6.6350E1	4.0700E0	5.9508E5	
270	-7.7026E-1	6.9181E1	4.0639E0	5.9730E5	
271	-7.7194E-1	6.6690E1	4.0578E0	5.9952E5	
272	-7.7263E-1	6.5671E1	4.0516E0	6.0174E5	
273	-7.7347E-1	6.4426E1	4.0455E0	6.0396E5	
274	-7.7240E-1	6.6011E1	4.0394E0	6.0618E5	
275	-7.7110E-1	6.7936E1	4.0331E0	6.0840E5	
276	-7.6996E-1	6.9634E1	4.0270E0	6.1062E5	
277	-7.7019E-1	6.9294E1	4.0209E0	6.1284E5	
278	-7.7194E-1	6.6690E1	4.0148E0	6.1506E5	
279	-7.7080E-1	6.8388E1	4.0085E0	6.1728E5	
280	-7.6836E-1	7.2012E1	4.0024E0	6.1950E5	
281	-7.6851E-1	7.1785E1	3.9962E0	6.2172E5	
282	-7.7034E-1	6.9068E1	3.9900E0	6.2394E5	
283	-7.7011E-1	6.9407E1	3.9839E0	6.2616E5	
284	-7.6813E-1	7.2351E1	3.9777E0	6.2838E5	
285	-7.6927E-1	7.0653E1	3.9715E0	6.3060E5	
286	-7.6714E-1	7.3823E1	3.9653E0	6.3282E5	
287	-7.6843E-1	7.1898E1	3.9591E0	6.3504E5	
288	-7.6904E-1	7.0993E1	3.9529E0	6.3726E5	
289	-7.6828E-1	7.2125E1	3.9467E0	6.3948E5	
290	-7.6805E-1	7.2465E1	3.9405E0	6.4170E5	
291	-7.6866E-1	7.1559E1	3.9343E0	6.4392E5	
292	-7.6714E-1	7.3823E1	3.9281E0	6.4614E5	
293	-7.6584E-1	7.5748E1	3.9218E0	6.4836E5	
294	-7.6469E-1	7.7446E1	3.9156E0	6.5058E5	
295	-7.6904E-1	7.0993E1	3.9093E0	6.5280E5	
296	-7.6660E-1	7.4616E1	3.9032E0	6.5502E5	
297	-7.6515E-1	7.6767E1	3.8970E0	6.5724E5	
298	-7.6477E-1	7.7333E1	3.8907E0	6.5946E5	
299	-7.6256E-1	8.0617E1	3.8845E0	6.6168E5	
300	-7.6866E-1	7.1559E1	3.8782E0	6.6390E5	
301	-7.6286E-1	8.0164E1	3.8721E0	6.6612E5	
302	-7.6508E-1	7.6880E1	3.8658E0	6.6834E5	
303	-7.6561E-1	7.6088E1	3.8595E0	6.7056E5	
304	-7.6637E-1	7.4956E1	3.8532E0	6.7278E5	
305	-7.6454E-1	7.7673E1	3.8470E0	6.7500E5	
306	-7.6347E-1	7.9258E1	3.8407E0	6.7722E5	
307	-7.6385E-1	7.8692E1	3.8345E0	6.7944E5	
308	-7.6523E-1	7.6654E1	3.8281E0	6.8166E5	
309	-7.6347E-1	7.9258E1	3.8218E0	6.8388E5	
310	-7.6271E-1	8.0390E1	3.8156E0	6.8610E5	
311	-7.6202E-1	8.1409E1	3.8094E0	6.8832E5	
312	-7.6218E-1	8.1183E1	3.8030E0	6.9054E5	
313	-7.6317E-1	7.9711E1	3.7968E0	6.9276E5	
314	-7.6172E-1	8.1862E1	3.7905E0	6.9498E5	
315	-7.6180E-1	8.1749E1	3.7842E0	6.9720E5	
316	-7.6332E-1	7.9485E1	3.7778E0	6.9942E5	
317	-7.6050E-1	8.3674E1	3.7716E0	7.0164E5	
318	-7.6141E-1	8.2315E1	3.7652E0	7.0386E5	
319	-7.6225E-1	8.1070E1	3.7590E0	7.0608E5	
320	-7.6195E-1	8.1523E1	3.7526E0	7.0830E5	
321	-7.6393E-1	7.8579E1	3.7462E0	7.1052E5	
322	-7.6042E-1	8.3787E1	3.7400E0	7.1274E5	
323	-7.6096E-1	8.2995E1	3.7337E0	7.1496E5	
324	-7.6096E-1	8.2995E1	3.7274E0	7.1718E5	
325	-7.6340E-1	7.9371E1	3.7210E0	7.1940E5	
326	-7.6050E-1	8.3674E1	3.7146E0	7.2162E5	
327	-7.6057E-1	8.3561E1	3.7084E0	7.2384E5	
328	-7.6118E-1	8.2655E1	3.7021E0	7.2606E5	
329	-7.6004E-1	8.4353E1	3.6958E0	7.2828E5	
330	-7.5943E-1	8.5259E1	3.6893E0	7.3050E5	
331	-7.6073E-1	8.3334E1	3.6830E0	7.3272E5	
332	-7.6042E-1	8.3787E1	3.6767E0	7.3494E5	
333	-7.6172E-1	8.1862E1	3.6703E0	7.3716E5	
334	-7.5806E-1	8.7297E1	3.6639E0	7.3938E5	
335	-7.5905E-1	8.5825E1	3.6575E0	7.4160E5	
336	-7.5912E-1	8.5712E1	3.6511E0	7.4382E5	
337	-7.5371E-1	9.3751E1	3.6448E0	7.4604E5	
338	-7.5722E-1	8.8543E1	3.6384E0	7.4826E5	
339	-7.6111E-1	8.2768E1	3.6320E0	7.5048E5	
340	-7.5836E-1	8.6844E1	3.6256E0	7.5270E5	
341	-7.5790E-1	8.7524E1	3.6193E0	7.5492E5	
342	-7.5821E-1	8.7071E1	3.6129E0	7.5714E5	
343	-7.5706E-1	8.8769E1	3.6065E0	7.5936E5	
344	-7.5676E-1	8.9222E1	3.6000E0	7.6158E5	
345	-7.5844E-1	8.6731E1	3.5937E0	7.6380E5	
346	-7.5745E-1	8.8203E1	3.5872E0	7.6602E5	
347	-7.5752E-1	8.8090E1	3.5809E0	7.6824E5	
348	-7.5645E-1	8.9675E1	3.5745E0	7.7046E5	
349	-7.5661E-1	8.9448E1	3.5681E0	7.7268E5	
350	-7.5600E-1	9.0354E1	3.5616E0	7.7490E5	
351	-7.5768E-1	8.7863E1	3.5552E0	7.7712E5	
352	-7.5462E-1	9.2392E1	3.5488E0	7.7934E5	
353	-7.5813E-1	8.7184E1	3.5423E0	7.8156E5	
354	-7.5493E-1	9.1939E1	3.5359E0	7.8378E5	
355	-7.5577E-1	9.0694E1	3.5295E0	7.8600E5	
356	-7.5218E-1	9.6015E1	3.5230E0	7.8822E5	
357	-7.5386E-1	9.3525E1	3.5166E0	7.9044E5	
358	-7.5363E-1	9.3864E1	3.5102E0	7.9266E5	
359	-7.5706E-1	8.8769E1	3.5037E0	7.9488E5	
360	-7.5317E-1	9.4544E1	3.4973E0	7.9710E5	
361	-7.5287E-1	9.4996E1	3.4908E0	7.9932E5	
362	-7.5378E-1	9.3638E1	3.4843E0	8.0154E5	
363	-7.5279E-1	9.5110E1	3.4779E0	8.0376E5	
364	-7.5401E-1	9.3298E1	3.4715E0	8.0598E5	
365	-7.5249E-1	9.5563E1	3.4649E0	8.0820E5	
366	-7.5424E-1	9.2958E1	3.4585E0	8.1042E5	
367	-7.5333E-1	9.4317E1	3.4519E0	8.1264E5	
368	-7.5119E-1	9.7487E1	3.4455E0	8.1486E5	
369	-7.5272E-1	9.5223E1	3.4390E0	8.1708E5	
370	-7.5142E-1	9.7148E1	3.4326E0	8.1930E5	
371	-7.5317E-1	9.4544E1	3.4261E0	8.2152E5	
372	-7.5134E-1	9.7261E1	3.4196E0	8.2374E5	
373	-7.5111E-1	9.7601E1	3.4131E0	8.2596E5	
374	-7.5119E-1	9.7487E1	3.4067E0	8.2818E5	
375	-7.4951E-1	9.9978E1	3.4001E0	8.3040E5	
376	-7.4944E-1	1.0009E2	3.3936E0	8.3262E5	
377	-7.5058E-1	9.8393E1	3.3871E0	8.3484E5	
378	-7.4936E-1	1.0020E2	3.3806E0	8.3706E5	
379	-7.4974E-1	9.9639E1	3.3741E0	8.3928E5	
380	-7.4875E-1	1.0111E2	3.3676E0	8.4150E5	
381	-7.5081E-1	9.8054E1	3.3610E0	8.4372E5	
382	-7.4905E-1	1.0066E2	3.3545E0	8.4594E5	
383	-7.5005E-1	9.9186E1	3.3479E0	8.4816E5	
384	-7.4791E-1	1.0236E2	3.3414E0	8.5038E5	
385	-7.4997E-1	9.9299E1	3.3349E0	8.5260E5	
386	-7.4951E-1	9.9978E1	3.3284E0	8.5482E5	
387	-7.4883E-1	1.0100E2	3.3220E0	8.5704E5	
388	-7.4989E-1	9.9412E1	3.3153E0	8.5926E5	
389	-7.4913E-1	1.0054E2	3.3087E0	8.6148E5	
390	-7.4448E-1	1.0745E2	3.3023E0	8.6370E5	
391	-7.4760E-1	1.0281E2	3.2957E0	8.6592E5	
392	-7.4928E-1	1.0032E2	3.2891E0	8.6814E5	
393	-7.4913E-1	1.0054E2	3.2825E0	8.7036E5	
394	-7.4852E-1	1.0145E2	3.2760E0	8.7258E5	
395	-7.4677E-1	1.0405E2	3.2695E0	8.7480E5	
396	-7.4707E-1	1.0360E2	3.2630E0	8.7702E5	
397	-7.4547E-1	1.0598E2	3.2563E0	8.7924E5	
398	-7.4409E-1	1.0802E2	3.2498E0	8.8146E5	
399	-7.4516E-1	1.0643E2	3.2431E0	8.8368E5	
400	-7.4829E-1	1.0179E2	3.2365E0	8.8590E5	
401	-7.4707E-1	1.0360E2	3.2299E0	8.8812E5	
402	-7.4455E-1	1.0734E2	3.2233E0	8.9034E5	
403	-7.4493E-1	1.0677E2	3.2168E0	8.9256E5	
404	-7.4524E-1	1.0632E2	3.2102E0	8.9478E5	
405	-7.4486E-1	1.0689E2	3.2036E0	8.9700E5	
406	-7.4425E-1	1.0779E2	3.1970E0	8.9922E5	
407	-7.4593E-1	1.0530E2	3.1904E0	9.0144E5	
408	-7.4402E-1	1.0813E2	3.1838E0	9.0366E5	
409	-7.4257E-1	1.1028E2	3.1772E0	9.0588E5	
410	-7.4280E-1	1.0994E2	3.1706E0	9.0810E5	
411	-7.4348E-1	1.0892E2	3.1641E0	9.1032E5	
412	-7.4463E-1	1.0722E2	3.1574E0	9.1254E5	
413	-7.4287E-1	1.0983E2	3.1508E0	9.1476E5	
414	-7.4203E-1	1.1107E2	3.1443E0	9.1698E5	
415	-7.4394E-1	1.0824E2	3.1375E0	9.1920E5	
416	-7.4135E-1	1.1209E2	3.1309E0	9.2142E5	
417	-7.4341E-1	1.0904E2	3.1243E0	9.2364E5	
418	-7.4226E-1	1.1073E2	3.1177E0	9.2586E5	
419	-7.4036E-1	1.1357E2	3.1110E0	9.2808E5	
420	-7.4074E-1	1.1300E2	3.1044E0	9.3030E5	
421	-7.4028E-1	1.1368E2	3.0978E0	9.3252E5	
422	-7.4097E-1	1.1266E2	3.0912E0	9.3474E5	
423	-7.4089E-1	1.1277E2	3.0845E0	9.3696E5	
424	-7.4135E-1	1.1209E2	3.0779E0	9.3918E5	
425	-7.4066E-1	1.1311E2	3.0712E0	9.4140E5	
426	-7.4036E-1	1.1357E2	3.0645E0	9.4362E5	
427	-7.4028E-1	1.1368E2	3.0579E0	9.4584E5	
428	-7.3997E-1	1.1413E2	3.0512E0	9.4806E5	
429	-7.3967E-1	1.1458E2	3.0445E0	9.5028E5	
430	-7.3906E-1	1.1549E2	3.0379E0	9.5250E5	
431	-7.4005E-1	1.1402E2	3.0312E0	9.5472E5	
432	-7.3814E-1	1.1685E2	3.0245E0	9.5694E5	
433	-7.3837E-1	1.1651E2	3.0179E0	9.5916E5	
434	-7.3776E-1	1.1742E2	3.0113E0	9.6138E5	
435	-7.3715E-1	1.1832E2	3.0045E0	9.6360E5	
436	-7.3853E-1	1.1628E2	2.9978E0	9.6582E5	
437	-7.3746E-1	1.1787E2	2.9912E0	9.6804E5	
438	-7.3692E-1	1.1866E2	2.9845E0	9.7026E5	
439	-7.3738E-1	1.1798E2	2.9777E0	9.7248E5	
440	-7.3631E-1	1.1957E2	2.9711E0	9.7470E5	
441	-7.3524E-1	1.2115E2	2.9644E0	9.7692E5	
442	-7.3631E-1	1.1957E2	2.9576E0	9.7914E5	
443	-7.3761E-1	1.1764E2	2.9509E0	9.8136E5	
444	-7.3563E-1	1.2059E2	2.9442E0	9.8358E5	
445	-7.3616E-1	1.1979E2	2.9376E0	9.8580E5	
446	-7.3761E-1	1.1764E2	2.9308E0	9.8802E5	
447	-7.3532E-1	1.2104E2	2.9241E0	9.9024E5	
448	-7.3669E-1	1.1900E2	2.9175E0	9.9246E5	
449	-7.3586E-1	1.2025E2	2.9107E0	9.9468E5	
450	-7.3738E-1	1.1798E2	2.9039E0	9.9690E5	
451	-7.3570E-1	1.2047E2	2.8971E0	9.9912E5	
452	-7.3334E-1	1.2398E2	2.8905E0	1.0013E6	
453	-7.3677E-1	1.1889E2	2.8837E0	1.0036E6	
454	-7.3486E-1	1.2172E2	2.8770E0	1.0058E6	
455	-7.3280E-1	1.2477E2	2.8703E0	1.0080E6	
456	-7.3608E-1	1.1991E2	2.8635E0	1.0102E6	
457	-7.3288E-1	1.2466E2	2.8568E0	1.0124E6	
458	-7.3555E-1	1.2070E2	2.8501E0	1.0147E6	
459	-7.3639E-1	1.1945E2	2.8433E0	1.0169E6	
460	-7.3288E-1	1.2466E2	2.8366E0	1.0191E6	
461	-7.3387E-1	1.2319E2	2.8298E0	1.0213E6	
462	-7.3372E-1	1.2342E2	2.8230E0	1.0235E6	
463	-7.3418E-1	1.2274E2	2.8162E0	1.0258E6	
464	-7.3280E-1	1.2477E2	2.8096E0	1.0280E6	
465	-7.3059E-1	1.2806E2	2.8027E0	1.0302E6	
466	-7.3265E-1	1.2500E2	2.7960E0	1.0324E6	
467	-7.3204E-1	1.2591E2	2.7893E0	1.0346E6	
468	-7.3051E-1	1.2817E2	2.7825E0	1.0369E6	
469	-7.3311E-1	1.2432E2	2.7757E0	1.0391E6	
470	-7.3174E-1	1.2636E2	2.7689E0	1.0413E6	
471	-7.3120E-1	1.2715E2	2.7620E0	1.0435E6	
472	-7.2983E-1	1.2919E2	2.7554E0	1.0457E6	
473	-7.2922E-1	1.3010E2	2.7486E0	1.0480E6	
474	-7.3021E-1	1.2862E2	2.7418E0	1.0502E6	
475	-7.2929E-1	1.2998E2	2.7350E0	1.0524E6	
476	-7.2906E-1	1.3032E2	2.7281E0	1.0546E6	
477	-7.3120E-1	1.2715E2	2.7213E0	1.0568E6	
478	-7.2762E-1	1.3247E2	2.7146E0	1.0591E6	
479	-7.2891E-1	1.3055E2	2.7077E0	1.0613E6	
480	-7.3013E-1	1.2874E2	2.7010E0	1.0635E6	
481	-7.2853E-1	1.3112E2	2.6942E0	1.0657E6	
482	-7.2624E-1	1.3451E2	2.6874E0	1.0679E6	
483	-7.2685E-1	1.3361E2	2.6806E0	1.0702E6	
484	-7.2952E-1	1.2964E2	2.6737E0	1.0724E6	
485	-7.2876E-1	1.3078E2	2.6669E0	1.0746E6	
486	-7.2769E-1	1.3236E2	2.6601E0	1.0768E6	
487	-7.2716E-1	1.3315E2	2.6533E0	1.0790E6	
488	-7.2754E-1	1.3259E2	2.6464E0	1.0813E6	
489	-7.2609E-1	1.3474E2	2.6396E0	1.0835E6	
490	-7.2670E-1	1.3383E2	2.6327E0	1.0857E6	
491	-7.2418E-1	1.3757E2	2.6260E0	1.0879E6	
492	-7.2502E-1	1.3632E2	2.6192E0	1.0901E6	
493	-7.2823E-1	1.3157E2	2.6123E0	1.0924E6	
494	-7.2662E-1	1.3395E2	2.6054E0	1.0946E6	
495	-7.2411E-1	1.3768E2	2.5986E0	1.0968E6	
496	-7.2540E-1	1.3576E2	2.5918E0	1.0990E6	
497	-7.2556E-1	1.3553E2	2.5849E0	1.1012E6	
498	-7.2495E-1	1.3644E2	2.5780E0	1.1035E6	
499	-7.2433E-1	1.3734E2	2.5712E0	1.1057E6	
500	-7.2571E-1	1.3530E2	2.5644E0	1.1079E6	
501	-7.2212E-1	1.4063E2	2.5574E0	1.1101E6	
502	-7.2601E-1	1.3485E2	2.5507E0	1.1123E6	
503	-7.2441E-1	1.3723E2	2.5438E0	1.1146E6	
504	-7.2380E-1	1.3814E2	2.5370E0	1.1168E6	
505	-7.2617E-1	1.3463E2	2.5300E0	1.1190E6	
506	-7.2319E-1	1.3904E2	2.5231E0	1.1212E6	
507	-7.2395E-1	1.3791E2	2.5163E0	1.1234E6	
508	-7.2388E-1	1.3802E2	2.5094E0	1.1257E6	
509	-7.2128E-1	1.4187E2	2.5025E0	1.1279E6	
510	-7.2289E-1	1.3949E2	2.4957E0	1.1301E6	
511	-7.2067E-1	1.4278E2	2.4888E0	1.1323E6	
512	-7.2556E-1	1.3553E2	2.4820E0	1.1345E6	
513	-7.2350E-1	1.3859E2	2.4751E0	1.1368E6	
514	-7.2029E-1	1.4334E2	2.4682E0	1.1390E6	
515	-7.2151E-1	1.4153E2	2.4613E0	1.1412E6	
516	-7.2052E-1	1.4300E2	2.4544E0	1.1434E6	
517	-7.2075E-1	1.4266E2	2.4475E0	1.1456E6	
518	-7.2037E-1	1.4323E2	2.4406E0	1.1479E6	
519	-7.2197E-1	1.4085E2	2.4336E0	1.1501E6	
520	-7.2174E-1	1.4119E2	2.4267E0	1.1523E6	
521	-7.1922E-1	1.4493E2	2.4199E0	1.1545E6	
522	-7.2006E-1	1.4368E2	2.4130E0	1.1567E6	
523	-7.1770E-1	1.4719E2	2.4061E0	1.1590E6	
524	-7.1991E-1	1.4391E2	2.3992E0	1.1612E6	
525	-7.1968E-1	1.4425E2	2.3922E0	1.1634E6	
526	-7.1831E-1	1.4629E2	2.3853E0	1.1656E6	
527	-7.1846E-1	1.4606E2	2.3784E0	1.1678E6	
528	-7.1777E-1	1.4708E2	2.3716E0	1.1701E6	
529	-7.1976E-1	1.4414E2	2.3646E0	1.1723E6	
530	-7.1823E-1	1.4640E2	2.3576E0	1.1745E6	
531	-7.1663E-1	1.4878E2	2.3507E0	1.1767E6	
532	-7.1838E-1	1.4617E2	2.3439E0	1.1789E6	
533	-7.1640E-1	1.4912E2	2.3369E0	1.1812E6	
534	-7.1747E-1	1.4753E2	2.3300E0	1.1834E6	
535	-7.1930E-1	1.4482E2	2.3230E0	1.1856E6	
536	-7.1556E-1	1.5036E2	2.3162E0	1.1878E6	
537	-7.1587E-1	1.4991E2	2.3092E0	1.1900E6	
538	-7.1609E-1	1.4957E2	2.3023E0	1.1923E6	
539	-7.1587E-1	1.4991E2	2.2954E0	1.1945E6	
540	-7.1472E-1	1.5161E2	2.2883E0	1.1967E6	
541	-7.1548E-1	1.5048E2	2.2814E0	1.1989E6	
542	-7.1472E-1	1.5161E2	2.2744E0	1.2011E6	
543	-7.1579E-1	1.5002E2	2.2675E0	1.2034E6	
544	-7.1297E-1	1.5421E2	2.2605E0	1.2056E6	
545	-7.1487E-1	1.5138E2	2.2535E0	1.2078E6	
546	-7.1320E-1	1.5387E2	2.2466E0	1.2100E6	
547	-7.1304E-1	1.5410E2	2.2397E0	1.2122E6	
548	-7.1381E-1	1.5297E2	2.2326E0	1.2145E6	
549	-7.1213E-1	1.5546E2	2.2257E0	1.2167E6	
550	-7.1419E-1	1.5240E2	2.2188E0	1.2189E6	
551	-7.1274E-1	1.5455E2	2.2119E0	1.2211E6	
552	-7.1350E-1	1.5342E2	2.2049E0	1.2233E6	
553	-7.1533E-1	1.5070E2	2.1979E0	1.2256E6	
554	-7.1236E-1	1.5512E2	2.1909E0	1.2278E6	
555	-7.1075E-1	1.5750E2	2.1840E0	1.2300E6	
556	-7.1144E-1	1.5648E2	2.1769E0	1.2322E6	
557	-7.1182E-1	1.5591E2	2.1700E0	1.2344E6	
558	-7.1259E-1	1.5478E2	2.1629E0	1.2367E6	
559	-7.1205E-1	1.5557E2	2.1560E0	1.2389E6	
560	-7.1159E-1	1.5625E2	2.1490E0	1.2411E6	
561	-7.1098E-1	1.5716E2	2.1419E0	1.2433E6	
562	-7.1289E-1	1.5433E2	2.1351E0	1.2455E6	
563	-7.0885E-1	1.6033E2	2.1280E0	1.2478E6	
564	-7.0854E-1	1.6078E2	2.1210E0	1.2500E6	
565	-7.0915E-1	1.5987E2	2.1140E0	1.2522E6	
566	-7.0763E-1	1.6214E2	2.1071E0	1.2544E6	
567	-7.0999E-1	1.5863E2	2.1000E0	1.2566E6	
568	-7.1121E-1	1.5682E2	2.0931E0	1.2589E6	
569	-7.0900E-1	1.6010E2	2.0860E0	1.2611E6	
570	-7.0900E-1	1.6010E2	2.0790E0	1.2633E6	
571	-7.0862E-1	1.6067E2	2.0720E0	1.2655E6	
572	-7.0747E-1	1.6237E2	2.0651E0	1.2677E6	
573	-7.0786E-1	1.6180E2	2.0580E0	1.2700E6	
574	-7.0557E-1	1.6520E2	2.0509E0	1.2722E6	
575	-7.0786E-1	1.6180E2	2.0440E0	1.2744E6	
576	-7.0915E-1	1.5987E2	2.0370E0	1.2766E6	
577	-7.0763E-1	1.6214E2	2.0300E0	1.2788E6	
578	-7.0816E-1	1.6135E2	2.0229E0	1.2811E6	
579	-7.0763E-1	1.6214E2	2.0159E0	1.2833E6	
580	-7.0488E-1	1.6622E2	2.0088E0	1.2855E6	
581	-7.0770E-1	1.6203E2	2.0019E0	1.2877E6	
582	-7.0915E-1	1.5987E2	1.9949E0	1.2899E6	
583	-7.0892E-1	1.6021E2	1.9878E0	1.2922E6	
584	-7.0702E-1	1.6305E2	1.9807E0	1.2944E6	
585	-7.0694E-1	1.6316E2	1.9737E0	1.2966E6	
586	-7.0564E-1	1.6508E2	1.9666E0	1.2988E6	
587	-7.0541E-1	1.6542E2	1.9598E0	1.3010E6	
588	-7.0534E-1	1.6554E2	1.9526E0	1.3033E6	
589	-7.0312E-1	1.6882E2	1.9456E0	1.3055E6	
590	-7.0557E-1	1.6520E2	1.9386E0	1.3077E6	
591	-7.0618E-1	1.6429E2	1.9315E0	1.3099E6	
592	-7.0580E-1	1.6486E2	1.9246E0	1.3121E6	
593	-7.0450E-1	1.6678E2	1.9174E0	1.3144E6	
594	-7.0457E-1	1.6667E2	1.9104E0	1.3166E6	
595	-7.0419E-1	1.6723E2	1.9034E0	1.3188E6	
596	-7.0419E-1	1.6723E2	1.8964E0	1.3210E6	
597	-7.0549E-1	1.6531E2	1.8893E0	1.3232E6	
598	-7.0541E-1	1.6542E2	1.8823E0	1.3255E6	
599	-7.0465E-1	1.6656E2	1.8751E0	1.3277E6	
600	-7.0129E-1	1.7154E2	1.8681E0	1.3299E6	
601	-7.0030E-1	1.7301E2	1.8610E0	1.3321E6	
602	-7.0274E-1	1.6939E2	1.8539E0	1.3343E6	
603	-7.0061E-1	1.7256E2	1.8469E0	1.3366E6	
604	-7.0129E-1	1.7154E2	1.8398E0	1.3388E6	
605	-7.0152E-1	1.7120E2	1.8328E0	1.3410E6	
606	-7.0305E-1	1.6893E2	1.8257E0	1.3432E6	
607	-7.0450E-1	1.6678E2	1.8186E0	1.3454E6	
608	-7.0000E-1	1.7346E2	1.8115E0	1.3477E6	
609	-6.9969E-1	1.7391E2	1.8045E0	1.3499E6	
610	-7.0030E-1	1.7301E2	1.7975E0	1.3521E6	
611	-7.0000E-1	1.7346E2	1.7903E0	1.3543E6	
612	-6.9855E-1	1.7561E2	1.7833E0	1.3565E6	
613	-6.9992E-1	1.7358E2	1.7762E0	1.3588E6	
614	-6.9969E-1	1.7391E2	1.7691E0	1.3610E6	
615	-6.9901E-1	1.7493E2	1.7619E0	1.3632E6	
616	-6.9939E-1	1.7437E2	1.7549E0	1.3654E6	
617	-6.9901E-1	1.7493E2	1.7479E0	1.3676E6	
618	-6.9908E-1	1.7482E2	1.7409E0	1.3699E6	
619	-6.9862E-1	1.7550E2	1.7338E0	1.3721E6	
620	-6.9679E-1	1.7822E2	1.7267E0	1.3743E6	
621	-6.9870E-1	1.7539E2	1.7196E0	1.3765E6	
622	-6.9542E-1	1.8026E2	1.7125E0	1.3787E6	
623	-6.9832E-1	1.7595E2	1.7054E0	1.3810E6	
624	-6.9748E-1	1.7720E2	1.6983E0	1.3832E6	
625	-6.9687E-1	1.7810E2	1.6912E0	1.3854E6	
626	-6.9664E-1	1.7844E2	1.6841E0	1.3876E6	
627	-6.9580E-1	1.7969E2	1.6770E0	1.3898E6	
628	-6.9649E-1	1.7867E2	1.6699E0	1.3921E6	
629	-6.9580E-1	1.7969E2	1.6628E0	1.3943E6	
630	-6.9473E-1	1.8127E2	1.6557E0	1.3965E6	
631	-6.9336E-1	1.8331E2	1.6486E0	1.3987E6	
632	-6.9603E-1	1.7935E2	1.6416E0	1.4009E6	
633	-6.9382E-1	1.8263E2	1.6344E0	1.4032E6	
634	-6.9420E-1	1.8207E2	1.6273E0	1.4054E6	
635	-6.9565E-1	1.7992E2	1.6202E0	1.4076E6	
636	-6.9450E-1	1.8161E2	1.6130E0	1.4098E6	
637	-6.9405E-1	1.8229E2	1.6059E0	1.4120E6	
638	-6.9321E-1	1.8354E2	1.5989E0	1.4143E6	
639	-6.9214E-1	1.8512E2	1.5919E0	1.4165E6	
640	-6.9298E-1	1.8388E2	1.5846E0	1.4187E6	
641	-6.9290E-1	1.8399E2	1.5776E0	1.4209E6	
642	-6.9427E-1	1.8195E2	1.5704E0	1.4231E6	
643	-6.9176E-1	1.8569E2	1.5633E0	1.4254E6	
644	-6.9168E-1	1.8580E2	1.5562E0	1.4276E6	
645	-6.9176E-1	1.8569E2	1.5490E0	1.4298E6	
646	-6.9321E-1	1.8354E2	1.5420E0	1.4320E6	
647	-6.9366E-1	1.8286E2	1.5348E0	1.4342E6	
648	-6.9115E-1	1.8660E2	1.5277E0	1.4365E6	
649	-6.9305E-1	1.8377E2	1.5206E0	1.4387E6	
650	-6.9305E-1	1.8377E2	1.5135E0	1.4409E6	
651	-6.9260E-1	1.8444E2	1.5064E0	1.4431E6	
652	-6.8947E-1	1.8909E2	1.4992E0	1.4453E6	
653	-6.9084E-1	1.8705E2	1.4921E0	1.4476E6	
654	-6.9206E-1	1.8524E2	1.4850E0	1.4498E6	
655	-6.9199E-1	1.8535E2	1.4778E0	1.4520E6	
656	-6.8787E-1	1.9146E2	1.4707E0	1.4542E6	
657	-6.9168E-1	1.8580E2	1.4636E0	1.4564E6	
658	-6.9054E-1	1.8750E2	1.4565E0	1.4587E6	
659	-6.8977E-1	1.8863E2	1.4493E0	1.4609E6	
660	-6.8733E-1	1.9226E2	1.4422E0	1.4631E6	
661	-6.8954E-1	1.8897E2	1.4351E0	1.4653E6	
662	-6.9016E-1	1.8807E2	1.4279E0	1.4675E6	
663	-6.8657E-1	1.9339E2	1.4208E0	1.4698E6	
664	-6.8527E-1	1.9531E2	1.4138E0	1.4720E6	
665	-6.8680E-1	1.9305E2	1.4065E0	1.4742E6	
666	-6.8810E-1	1.9113E2	1.3993E0	1.4764E6	
667	-6.8611E-1	1.9407E2	1.3921E0	1.4786E6	
668	-6.8588E-1	1.9441E2	1.3850E0	1.4809E6	
669	-6.8451E-1	1.9645E2	1.3779E0	1.4831E6	
670	-6.8726E-1	1.9237E2	1.3707E0	1.4853E6	
671	-6.8695E-1	1.9282E2	1.3637E0	1.4875E6	
672	-6.8680E-1	1.9305E2	1.3565E0	1.4897E6	
673	-6.8619E-1	1.9396E2	1.3494E0	1.4920E6	
674	-6.8596E-1	1.9430E2	1.3423E0	1.4942E6	
675	-6.8237E-1	1.9962E2	1.3351E0	1.4964E6	
676	-6.8474E-1	1.9611E2	1.3280E0	1.4986E6	
677	-6.8535E-1	1.9520E2	1.3209E0	1.5008E6	
678	-6.8428E-1	1.9679E2	1.3137E0	1.5031E6	
679	-6.8565E-1	1.9475E2	1.3065E0	1.5053E6	
680	-6.8451E-1	1.9645E2	1.2995E0	1.5075E6	
681	-6.8459E-1	1.9633E2	1.2922E0	1.5097E6	
682	-6.8268E-1	1.9916E2	1.2852E0	1.5119E6	
683	-6.8474E-1	1.9611E2	1.2779E0	1.5142E6	
684	-6.8352E-1	1.9792E2	1.2708E0	1.5164E6	
685	-6.8314E-1	1.9848E2	1.2637E0	1.5186E6	
686	-6.8169E-1	2.0064E2	1.2564E0	1.5208E6	
687	-6.8245E-1	1.9950E2	1.2494E0	1.5230E6	
688	-6.8405E-1	1.9713E2	1.2422E0	1.5253E6	
689	-6.8497E-1	1.9577E2	1.2351E0	1.5275E6	
690	-6.8184E-1	2.0041E2	1.2280E0	1.5297E6	
691	-6.8352E-1	1.9792E2	1.2208E0	1.5319E6	
692	-6.8077E-1	2.0199E2	1.2136E0	1.5341E6	
693	-6.8207E-1	2.0007E2	1.2065E0	1.5364E6	
694	-6.8031E-1	2.0267E2	1.1993E0	1.5386E6	
695	-6.7970E-1	2.0358E2	1.1921E0	1.5408E6	
696	-6.8367E-1	1.9769E2	1.1850E0	1.5430E6	
697	-6.8024E-1	2.0279E2	1.1778E0	1.5452E6	
698	-7.2189E-1	1.4097E2	1.1706E0	1.5475E6	
699	-7.2227E-1	1.4040E2	1.1635E0	1.5497E6	
700	-7.1877E-1	1.4561E2	1.1563E0	1.5519E6	
701	-7.1579E-1	1.5002E2	1.1492E0	1.5541E6	
702	-7.1175E-1	1.5603E2	1.1421E0	1.5563E6	
703	-7.0259E-1	1.6961E2	1.1349E0	1.5586E6	
704	-6.9702E-1	1.7788E2	1.1277E0	1.5608E6	
705	-6.9115E-1	1.8660E2	1.1205E0	1.5630E6	
706	-6.8718E-1	1.9248E2	1.1135E0	1.5652E6	
707	-6.8260E-1	1.9928E2	1.1063E0	1.5674E6	
708	-6.8184E-1	2.0041E2	1.0992E0	1.5697E6	
709	-6.7368E-1	2.1252E2	1.0919E0	1.5719E6	
710	-6.6780E-1	2.2124E2	1.0849E0	1.5741E6	
711	-6.6429E-1	2.2645E2	1.0777E0	1.5763E6	
712	-6.5491E-1	2.4038E2	1.0706E0	1.5785E6	
713	-6.5536E-1	2.3970E2	1.0634E0	1.5808E6	
714	-6.4850E-1	2.4989E2	1.0562E0	1.5830E6	
715	-6.4400E-1	2.5657E2	1.0490E0	1.5852E6	
716	-6.3911E-1	2.6382E2	1.0418E0	1.5874E6	
717	-6.3416E-1	2.7118E2	1.0347E0	1.5896E6	
718	-6.2347E-1	2.8703E2	1.0275E0	1.5919E6	
719	-6.1913E-1	2.9348E2	1.0204E0	1.5941E6	
720	-6.1607E-1	2.9801E2	1.0133E0	1.5963E6	
721	-6.1356E-1	3.0175E2	1.0061E0	1.5985E6	
722	-6.0532E-1	3.1398E2	9.9897E-1	1.6007E6	
723	-6.0410E-1	3.1579E2	9.9173E-1	1.6030E6	
724	-5.9929E-1	3.2292E2	9.8472E-1	1.6052E6	
725	-5.8968E-1	3.3719E2	9.7754E-1	1.6074E6	
726	-5.9326E-1	3.3186E2	9.7032E-1	1.6096E6	
727	-5.8701E-1	3.4115E2	9.6319E-1	1.6118E6	
728	-5.8311E-1	3.4692E2	9.5615E-1	1.6141E6	
729	-5.7587E-1	3.5768E2	9.4892E-1	1.6163E6	
730	-5.7449E-1	3.5972E2	9.4169E-1	1.6185E6	
731	-5.6702E-1	3.7081E2	9.3452E-1	1.6207E6	
732	-5.5824E-1	3.8384E2	9.2745E-1	1.6229E6	
733	-5.5092E-1	3.9471E2	9.2034E-1	1.6252E6	
734	-5.4474E-1	4.0388E2	9.1320E-1	1.6274E6	
735	-5.4123E-1	4.0908E2	9.0599E-1	1.6296E6	
736	-5.3139E-1	4.2369E2	8.9887E-1	1.6318E6	
737	-5.1933E-1	4.4158E2	8.9171E-1	1.6340E6	
738	-5.1392E-1	4.4962E2	8.8459E-1	1.6363E6	
739	-5.0117E-1	4.6853E2	8.7738E-1	1.6385E6	
740	-4.9911E-1	4.7159E2	8.7038E-1	1.6407E6	
741	-4.9133E-1	4.8313E2	8.6317E-1	1.6429E6	
742	-4.8279E-1	4.9582E2	8.5598E-1	1.6451E6	
743	-4.7516E-1	5.0714E2	8.4884E-1	1.6474E6	
744	-4.6600E-1	5.2073E2	8.4179E-1	1.6496E6	
745	-4.5761E-1	5.3318E2	8.3458E-1	1.6518E6	
746	-4.5288E-1	5.4020E2	8.2745E-1	1.6540E6	
747	-4.4647E-1	5.4971E2	8.2030E-1	1.6562E6	
748	-4.3839E-1	5.6171E2	8.1314E-1	1.6585E6	
749	-4.3053E-1	5.7338E2	8.0600E-1	1.6607E6	
750	-4.2305E-1	5.8447E2	7.9891E-1	1.6629E6	
751	-4.1351E-1	5.9862E2	7.9170E-1	1.6651E6	
752	-4.0802E-1	6.0678E2	7.8465E-1	1.6673E6	
753	-4.0428E-1	6.1232E2	7.7750E-1	1.6696E6	
754	-3.9993E-1	6.1878E2	7.7037E-1	1.6718E6	
755	-3.8872E-1	6.3542E2	7.6311E-1	1.6740E6	
756	-3.8773E-1	6.3689E2	7.5609E-1	1.6762E6	
757	-3.8063E-1	6.4742E2	7.4900E-1	1.6784E6	
758	-3.7506E-1	6.5569E2	7.4191E-1	1.6807E6	
759	-3.6835E-1	6.6565E2	7.3479E-1	1.6829E6	
760	-3.6125E-1	6.7618E2	7.2751E-1	1.6851E6	
761	-3.5011E-1	6.9272E2	7.2052E-1	1.6873E6	
762	-3.4775E-1	6.9623E2	7.1337E-1	1.6895E6	
763	-3.4576E-1	6.9917E2	7.0624E-1	1.6918E6	
764	-3.4081E-1	7.0653E2	6.9913E-1	1.6940E6	
765	-3.3585E-1	7.1389E2	6.9203E-1	1.6962E6	
766	-3.3226E-1	7.1921E2	6.8491E-1	1.6984E6	
767	-3.2074E-1	7.3631E2	6.7779E-1	1.7006E6	
768	-3.1868E-1	7.3936E2	6.7413E-1	1.7018E6	
769	-3.1548E-1	7.4412E2	6.7405E-1	1.7018E6	
770	-3.1548E-1	7.4412E2	6.7405E-1	1.7018E6	
771	-3.1548E-1	7.4412E2	6.7405E-1	1.7018E6	
772	-3.1548E-1	7.4412E2	6.7405E-1	1.7018E6	
773	-3.1548E-1	7.4412E2	6.7405E-1	1.7018E6	
774	-3.1548E-1	7.4412E2	6.7405E-1	1.7018E6	
775	-3.1548E-1	7.4412E2	6.7405E-1	1.7018E6	
776	-3.1548E-1	7.4412E2	6.7405E-1	1.7018E6	
777	-3.1548E-1	7.4412E2	6.7405E-1	1.7018E6	
778	-3.1548E-1	7.4412E2	6.7405E-1	1.7018E6	
779	-3.1548E-1	7.4412E2	6.7405E-1	1.7018E6	
780	-3.1548E-1	7.4412E2	6.7405E-1	1.7018E6	
781	-3.1548E-1	7.4412E2	6.7405E-1	1.7018E6	
782	-3.1548E-1	7.4412E2	6.7405E-1	1.7018E6	
783	-3.1548E-1	7.4412E2	6.7405E-1	1.7018E6	
784	-3.1548E-1	7.4412E2	6.7405E-1	1.7018E6	
785	-3.1548E-1	7.4412E2	6.7405E-1	1.7018E6	
786	-3.1548E-1	7.4412E2	6.7405E-1	1.7018E6	
787	-3.1548E-1	7.4412E2	6.7405E-1	1.7018E6	
788	-3.1548E-1	7.4412E2	6.7405E-1	1.7018E6	
789	-3.1548E-1	7.4412E2	6.7405E-1	1.7018E6	
790	-3.1548E-1	7.4412E2	6.7405E-1	1.7018E6	
791	-3.1548E-1	7.4412E2	6.7405E-1	1.7018E6	
792	-3.1548E-1	7.4412E2	6.7405E-1	1.7018E6	
793	-3.1548E-1	7.4412E2	6.7405E-1	1.7018E6	
794	-3.1548E-1	7.4412E2	6.7405E-1	1.7018E6	
795	-3.1548E-1	7.4412E2	6.7405E-1	1.7018E6	
796	-3.1548E-1	7.4412E2	6.7405E-1	1.7018E6	
797	-3.1548E-1	7.4412E2	6.7405E-1	1.7018E6	
798	-3.1548E-1	7.4412E2	6.7405E-1	1.7018E6	
799	-3.1548E-1	7.4412E2	6.7405E-1	1.7018E6	
800	-3.1548E-1	7.4412E2	6.7405E-1	1.7018E6	
801	-3.1548E-1	7.4412E2	6.7405E-1	1.7018E6	
802	-3.1548E-1	7.4412E2	6.7405E-1	1.7018E6	
803	-3.1548E-1	7.4412E2	6.7405E-1	1.7018E6	
804	-3.1548E-1	7.4412E2	6.7405E-1	1.7018E6	
805	-3.1548E-1	7.4412E2	6.7405E-1	1.7018E6	
806	-3.1548E-1	7.4412E2	6.7405E-1	1.7018E6	
807	-3.1548E-1	7.4412E2	6.7405E-1	1.7018E6	
808	-3.1548E-1	7.4412E2	6.7405E-1	1.7018E6	
809	-3.1548E-1	7.4412E2	6.7405E-1	1.7018E6	
810	-3.1548E-1	7.4412E2	6.7405E-1	1.7018E6	
811	-3.1548E-1	7.4412E2	6.7405E-1	1.7018E6	
812	-3.1548E-1	7.4412E2	6.7405E-1	1.7018E6	
813	-3.1548E-1	7.4412E2	6.7405E-1	1.7018E6	
814	-3.1548E-1	7.4412E2	6.7405E-1	1.7018E6	
815	-3.1548E-1	7.4412E2	6.7405E-1	1.7018E6	
816	-3.1548E-1	7.4412E2	6.7405E-1	1.7018E6	
817	-3.1548E-1	7.4412E2	6.7405E-1	1.7018E6	
818	-3.1548E-1	7.4412E2	6.7405E-1	1.7018E6	
819	-3.1548E-1	7.4412E2	6.7405E-1	1.7018E6	
820	-3.1548E-1	7.4412E2	6.7405E-1	1.7018E6	
821	-3.1548E-1	7.4412E2	6.7405E-1	1.7018E6	
822	-3.1548E-1	7.4412E2	6.7405E-1	1.7018E6	
823	-3.1548E-1	7.4412E2	6.7405E-1	1.7018E6	
824	-3.1548E-1	7.4412E2	6.7405E-1	1.7018E6	
825	-3.1548E-1	7.4412E2	6.7405E-1	1.7018E6	
826	-3.1548E-1	7.4412E2	6.7405E-1	1.7018E6	
827	-3.1548E-1	7.4412E2	6.7405E-1	1.7018E6	
828	-3.1548E-1	7.4412E2	6.7405E-1	1.7018E6	
829	-3.1548E-1	7.4412E2	6.7405E-1	1.7018E6	
830	-3.1548E-1	7.4412E2	6.7405E-1	1.7018E6	
831	-3.1548E-1	7.4412E2	6.7405E-1	1.7018E6	
832	-3.1548E-1	7.4412E2	6.7405E-1	1.7018E6	
833	-3.1548E-1	7.4412E2	6.7405E-1	1.7018E6	
834	-3.1548E-1	7.4412E2	6.7405E-1	1.7018E6	
835	-3.1548E-1	7.4412E2	6.7405E-1	1.7018E6	
836	-3.1548E-1	7.4412E2	6.7405E-1	1.7018E6	
837	-3.1548E-1	7.4412E2	6.7405E-1	1.7018E6	
838	-3.1548E-1	7.4412E2	6.7405E-1	1.7018E6	
839	-3.1548E-1	7.4412E2	6.7405E-1	1.7018E6	
840	-3.1548E-1	7.4412E2	6.7405E-1	1.7018E6	
841	-3.1548E-1	7.4412E2	6.7405E-1	1.7018E6	
842	-3.1548E-1	7.4412E2	6.7405E-1	1.7018E6	
843	-3.1548E-1	7.4412E2	6.7405E-1	1.7018E6	
844	-3.1548E-1	7.4412E2	6.7405E-1	1.7018E6	
845	-3.1548E-1	7.4412E2	6.7405E-1	1.7018E6	
846	-3.1548E-1	7.4412E2	6.7405E-1	1.7018E6	
847	-3.1548E-1	7.4412E2	6.7405E-1	1.7018E6	
848	-3.1548E-1	7.4412E2	6.7405E-1	1.7018E6	
849	-3.1548E-1	7.4412E2	6.7405E-1	1.7018E6	
850	-3.1548E-1	7.4412E2	6.7405E-1	1.7018E6	
851	-3.1548E-1	7.4412E2	6.7405E-1	1.7018E6	
852	-3.1548E-1	7.4412E2	6.7405E-1	1.7018E6	
853	-3.1548E-1	7.4412E2	6.7405E-1	1.7018E6	
854	-3.1548E-1	7.4412E2	6.7405E-1	1.7018E6	
855	-3.1548E-1	7.4412E2	6.7405E-1	1.7018E6	
856	-3.1548E-1	7.4412E2	6.7405E-1	1.7018E6	
857	-3.1548E-1	7.4412E2	6.7405E-1	1.7018E6	
858	-3.1548E-1	7.4412E2	6.7405E-1	1.7018E6	
859	-3.1548E-1	7.4412E2	6.7405E-1	1.7018E6	
860	-3.1548E-1	7.4412E2	6.7405E-1	1.7018E6	
861	-3.1548E-1	7.4412E2	6.7405E-1	1.7018E6	
862	-3.1548E-1	7.4412E2	6.7405E-1	1.7018E6	
863	-3.1548E-1	7.4412E2	6.7405E-1	1.7018E6	
864	-3.1548E-1	7.4412E2	6.7405E-1	1.7018E6	
865	-3.1548E-1	7.4412E2	6.7405E-1	1.7018E6	
866	-3.1548E-1	7.4412E2	6.7405E-1	1.7018E6	
867	-3.1548E-1	7.4412E2	6.7405E-1	1.7018E6	
868	-3.1548E-1	7.4412E2	6.7405E-1	1.7018E6	
869	-3.1548E-1	7.4412E2	6.7405E-1	1.7018E6	
870	-3.1548E-1	7.4412E2	6.7405E-1	1.7018E6	
871	-3.1548E-1	7.4412E2	6.7405E-1	1.7018E6	
872	-3.1548E-1	7.4412E2	6.7405E-1	1.7018E6	
873	-3.1548E-1	7.4412E2	6.7405E-1	1.7018E6	
874	-3.1548E-1	7.4412E2	6.7405E-1	1.7018E6	
875	-3.1548E-1	7.4412E2	6.7405E-1	1.7018E6	
876	-3.1548E-1	7.4412E2	6.7405E-1	1.7018E6	
877	-3.1548E-1	7.4412E2	6.7405E-1	1.7018E6	
878	-3.1548E-1	7.4412E2	6.7405E-1	1.7018E6	
879	-3.1548E-1	7.4412E2	6.7405E-1	1.7018E6	
880	-3.1548E-1	7.4412E2	6.7405E-1	1.7018E6	
881	-3.1548E-1	7.4412E2	6.7405E-1	1.7018E6	
882	-3.1548E-1	7.4412E2	6.7405E-1	1.7018E6	
883	-3.1548E-1	7.4412E2	6.7405E-1	1.7018E6	
884	-3.1548E-1	7.4412E2	6.7405E-1	1.7018E6	
885	-3.1548E-1	7.4412E2	6.7405E-1	1.7018E6	
886	-3.1548E-1	7.4412E2	6.7405E-1	1.7018E6	
887	-3.1548E-1	7.4412E2	6.7405E-1	1.7018E6	
888	-3.1548E-1	7.4412E2	6.7405E-1	1.7018E6	
889	-3.1548E-1	7.4412E2	6.7405E-1	1.7018E6	
890	-3.1548E-1	7.4412E2	6.7405E-1	1.7018E6	
891	-3.1548E-1	7.4412E2	6.7405E-1	1.7018E6	
892	-3.1548E-1	7.4412E2	6.7405E-1	1.7018E6	
893	-3.1548E-1	7.4412E2	6.7405E-1	1.7018E6	
894	-3.1548E-1	7.4412E2	6.7405E-1	1.7018E6	
895	-3.1548E-1	7.4412E2	6.7405E-1	1.7018E6	
896	-3.1548E-1	7.4412E2	6.7405E-1	1.7018E6	
897	-3.1548E-1	7.4412E2	6.7405E-1	1.7018E6	
898	-3.1548E-1	7.4412E2	6.7405E-1	1.7018E6	
899	-3.1548E-1	7.4412E2	6.7405E-1	1.7018E6	
900	-3.1548E-1	7.4412E2	6.7405E-1	1.7018E6	
901	-3.1548E-1	7.4412E2	6.7405E-1	1.7018E6	
902	-3.1548E-1	7.4412E2	6.7405E-1	1.7018E6	
903	-3.1548E-1	7.4412E2	6.7405E-1	1.7018E6	
904	-3.1548E-1	7.4412E2	6.7405E-1	1.7018E6	
905	-3.1548E-1	7.4412E2	6.7405E-1	1.7018E6	
906	-3.1548E-1	7.4412E2	6.7405E-1	1.7018E6	
907	-3.1548E-1	7.4412E2	6.7405E-1	1.7018E6	
908	-3.1548E-1	7.4412E2	6.7405E-1	1.7018E6	
909	-3.1548E-1	7.4412E2	6.7405E-1	1.7018E6	
910	-3.1548E-1	7.4412E2	6.7405E-1	1.7018E6	
911	-3.1548E-1	7.4412E2	6.7405E-1	1.7018E6	
912	-3.1548E-1	7.4412E2	6.7405E-1	1.7018E6	
913	-3.1548E-1	7.4412E2	6.7405E-1	1.7018E6	
914	-3.1548E-1	7.4412E2	6.7405E-1	1.7018E6	
915	-3.1548E-1	7.4412E2	6.7405E-1	1.7018E6	
916	-3.1548E-1	7.4412E2	6.7405E-1	1.7018E6	
917	-3.1548E-1	7.4412E2	6.7405E-1	1.7018E6	
918	-3.1548E-1	7.4412E2	6.7405E-1	1.7018E6	
919	-3.1548E-1	7.4412E2	6.7405E-1	1.7018E6	
920	-3.1548E-1	7.4412E2	6.7405E-1	1.7018E6	
921	-3.1548E-1	7.4412E2	6.7405E-1	1.7018E6	
922	-3.1548E-1	7.4412E2	6.7405E-1	1.7018E6	
923	-3.1548E-1	7.4412E2	6.7405E-1	1.7018E6	
924	-3.1548E-1	7.4412E2	6.7405E-1	1.7018E6	
925	-3.1548E-1	7.4412E2	6.7405E-1	1.7018E6	
926	-3.1548E-1	7.4412E2	6.7405E-1	1.7018E6	
927	-3.1548E-1	7.4412E2	6.7405E-1	1.7018E6	
928	-3.1548E-1	7.4412E2	6.7405E-1	1.7018E6	
929	-3.1548E-1	7.4412E2	6.7405E-1	1.7018E6	
930	-3.1548E-1	7.4412E2	6.7405E-1	1.7018E6	
931	-3.1548E-1	7.4412E2	6.7405E-1	1.7018E6	
932	-3.1548E-1	7.4412E2	6.7405E-1	1.7018E6	
933	-3.1548E-1	7.4412E2	6.7405E-1	1.7018E6	
934	-3.1548E-1	7.4412E2	6.7405E-1	1.7018E6	
935	-3.1548E-1	7.4412E2	6.7405E-1	1.7018E6	
936	-3.1548E-1	7.4412E2	6.7405E-1	1.7018E6	
937	-3.1548E-1	7.4412E2	6.7405E-1	1.7018E6	
938	-3.1548E-1	7.4412E2	6.7405E-1	1.7018E6	
939	-3.1548E-1	7.4412E2	6.7405E-1	1.7018E6	
940	-3.1548E-1	7.4412E2	6.7405E-1	1.7018E6	
941	-3.1548E-1	7.4412E2	6.7405E-1	1.7018E6	
942	-3.1548E-1	7.4412E2	6.7405E-1	1.7018E6	
943	-3.1548E-1	7.4412E2	6.7405E-1	1.7018E6	
944	-3.1548E-1	7.4412E2	6.7405E-1	1.7018E6	
945	-3.1548E-1	7.4412E2	6.7405E-1	1.7018E6	
946	-3.1548E-1	7.4412E2	6.7405E-1	1.7018E6	
947	-3.1548E-1	7.4412E2	6.7405E-1	1.7018E6	
948	-3.1548E-1	7.4412E2	6.7405E-1	1.7018E6	
949	-3.1548E-1	7.4412E2	6.7405E-1	1.7018E6	
950	-3.1548E-1	7.4412E2	6.7405E-1	1.7018E6	
951	-3.1548E-1	7.4412E2	6.7405E-1	1.7018E6	
952	-3.1548E-1	7.4412E2	6.7405E-1	1.7018E6	
953	-3.1548E-1	7.4412E2	6.7405E-1	1.7018E6	
954	-3.1548E-1	7.4412E2	6.7405E-1	1.7018E6	
955	-3.1548E-1	7.4412E2	6.7405E-1	1.7018E6	
956	-3.1548E-1	7.4412E2	6.7405E-1	1.7018E6	
957	-3.1548E-1	7.4412E2	6.7405E-1	1.7018E6	
958	-3.1548E-1	7.4412E2	6.7405E-1	1.7018E6	
959	-3.1548E-1	7.4412E2	6.7405E-1	1.7018E6	
960	-3.1548E-1	7.4412E2	6.7405E-1	1.7018E6	
961	-3.1548E-1	7.4412E2	6.7405E-1	1.7018E6	
962	-3.1548E-1	7.4412E2	6.7405E-1	1.7018E6	
963	-3.1548E-1	7.4412E2	6.7405E-1	1.7018E6	
964	-3.1548E-1	7.4412E2	6.7405E-1	1.7018E6	
965	-3.1548E-1	7.4412E2	6.7405E-1	1.7018E6	
966	-3.1548E-1	7.4412E2	6.7405E-1	1.7018E6	
967	-3.1548E-1	7.4412E2	6.7405E-1	1.7018E6	
968	-3.1548E-1	7.4412E2	6.7405E-1	1.7018E6	
969	-3.1548E-1	7.4412E2	6.7405E-1	1.7018E6	
970	-3.1548E-1	7.4412E2	6.7405E-1	1.7018E6	
971	-3.1548E-1	7.4412E2	6.7405E-1	1.7018E6	
972	-3.1548E-1	7.4412E2	6.7405E-1	1.7018E6	
973	-3.1548E-1	7.4412E2	6.7405E-1	1.7018E6	
974	-3.1548E-1	7.4412E2	6.7405E-1	1.7018E6	
975	-3.1548E-1	7.4412E2	6.7405E-1	1.7018E6	
976	-3.1548E-1	7.4412E2	6.7405E-1	1.7018E6	
977	-3.1548E-1	7.4412E2	6.7405E-1	1.7018E6	
978	-3.1548E-1	7.4412E2	6.7405E-1	1.7018E6	
979	-3.1548E-1	7.4412E2	6.7405E-1	1.7018E6	
980	-3.1548E-1	7.4412E2	6.7405E-1	1.7018E6	
981	-3.1548E-1	7.4412E2	6.7405E-1	1.7018E6	
982	-3.1548E-1	7.4412E2	6.7405E-1	1.7018E6	
983	-3.1548E-1	7.4412E2	6.7405E-1	1.7018E6	
984	-3.1548E-1	7.4412E2	6.7405E-1	1.7018E6	
985	-3.1548E-1	7.4412E2	6.7405E-1	1.7018E6	
986	-3.1548E-1	7.4412E2	6.7405E-1	1.7018E6	
987	-3.1548E-1	7.4412E2	6.7405E-1	1.7018E6	
988	-3.1548E-1	7.4412E2	6.7405E-1	1.7018E6	
989	-3.1548E-1	7.4412E2	6.7405E-1	1.7018E6	
990	-3.1548E-1	7.4412E2	6.7405E-1	1.7018E6	
991	-3.1548E-1	7.4412E2	6.7405E-1	1.7018E6	
992	-3.1548E-1	7.4412E2	6.7405E-1	1.7018E6	
993	-3.1548E-1	7.4412E2	6.7405E-1	1.7018E6	
994	-3.1548E-1	7.4412E2	6.7405E-1	1.7018E6	
995	-3.1548E-1	7.4412E2	6.7405E-1	1.7018E6	
996	-3.1548E-1	7.4412E2	6.7405E-1	1.7018E6	
997	-3.1548E-1	7.4412E2	6.7405E-1	1.7018E6	
998	-3.1548E-1	7.4412E2	6.7405E-1	1.7018E6	
999	-3.1548E-1	7.4412E2	6.7405E-1	1.7018E6	
1000	-3.1548E-1	7.4412E2	6.7405E-1	1.7018E6	
1001	-3.1548E-1	7.4412E2	6.7405E-1	1.7018E6	
1002	-3.1548E-1	7.4412E2	6.7405E-1	1.7018E6	
1003	-3.1548E-1	7.4412E2	6.7405E-1	1.7018E6	
1004	-3.1548E-1	7.4412E2	6.7405E-1	1.7018E6	
1005	-3.1548E-1	7.4412E2	6.7405E-1	1.7018E6	
1006	-3.1548E-1	7.4412E2	6.7405E-1	1.7018E6	
1007	-3.1548E-1	7.4412E2	6.7405E-1	1.7018E6	
1008	-3.1548E-1	7.4412E2	6.7405E-1	1.7018E6	
1009	-3.1548E-1	7.4412E2	6.7405E-1	1.7018E6	
1010	-3.1548E-1	7.4412E2	6.7405E-1	1.7018E6	
1011	-3.1548E-1	7.4412E2	6.7405E-1	1.7018E6	
1012	-3.1548E-1	7.4412E2	6.7405E-1	1.7018E6	
1013	-3.1548E-1	7.4412E2	6.7405E-1	1.7018E6	
1014	-3.1548E-1	7.4412E2	6.7405E-1	1.7018E6	
1015	-3.1548E-1	7.4412E2	6.7405E-1	1.7018E6	
1016	-3.1548E-1	7.4412E2	6.7405E-1	1.7018E6	
1017	-3.1548E-1	7.4412E2	6.7405E-1	1.7018E6	
1018	-3.1548E-1	7.4412E2	6.7405E-1	1.7018E6	
1019	-3.1548E-1	7.4412E2	6.7405E-1	1.7018E6	
1020	-3.1548E-1	7.4412E2	6.7405E-1	1.7018E6	
1021	-3.1548E-1	7.4412E2	6.7405E-1	1.7018E6	
1022	-3.1548E-1	7.4412E2	6.7405E-1	1.7018E6	
1023	-3.1548E-1	7.4412E2	6.7405E-1	1.7018E6	
1024	-3.1548E-1	7.4412E2	6.7405E-1	1.7018E6	
1025	-3.1616E-1	7.4310E2	6.7400E-1	1.7018E6	
1026	-3.6041E-1	6.7743E2	6.7525E-1	1.7041E6	
1027	-3.8818E-1	6.3622E2	6.7809E-1	1.7063E6	
1028	-4.0504E-1	6.1119E2	6.8121E-1	1.7085E6	
1029	-4.2290E-1	5.8470E2	6.8463E-1	1.7107E6	
1030	-4.4418E-1	5.5311E2	6.8809E-1	1.7129E6	
1031	-4.5334E-1	5.3952E2	6.9184E-1	1.7152E6	
1032	-4.7012E-1	5.1461E2	6.9566E-1	1.7174E6	
1033	-4.8347E-1	4.9480E2	6.9964E-1	1.7196E6	
1034	-4.9782E-1	4.7351E2	7.0365E-1	1.7218E6	
1035	-5.0827E-1	4.5800E2	7.0764E-1	1.7240E6	
1036	-5.2353E-1	4.3535E2	7.1190E-1	1.7263E6	
1037	-5.3467E-1	4.1882E2	7.1599E-1	1.7285E6	
1038	-5.4749E-1	3.9980E2	7.2033E-1	1.7307E6	
1039	-5.5679E-1	3.8599E2	7.2450E-1	1.7329E6	
1040	-5.6763E-1	3.6991E2	7.2889E-1	1.7351E6	
1041	-5.7938E-1	3.5247E2	7.3327E-1	1.7374E6	
1042	-5.8617E-1	3.4239E2	7.3758E-1	1.7396E6	
1043	-6.0143E-1	3.1975E2	7.4200E-1	1.7418E6	
1044	-6.1340E-1	3.0197E2	7.4649E-1	1.7440E6	
1045	-6.1989E-1	2.9235E2	7.5084E-1	1.7462E6	
1046	-6.3141E-1	2.7525E2	7.5536E-1	1.7485E6	
1047	-6.4171E-1	2.5997E2	7.5977E-1	1.7507E6	
1048	-6.4865E-1	2.4966E2	7.6429E-1	1.7529E6	
1049	-6.6078E-1	2.3166E2	7.6891E-1	1.7551E6	
1050	-6.7337E-1	2.1298E2	7.7343E-1	1.7573E6	
1051	-6.8016E-1	2.0290E2	7.7792E-1	1.7596E6	
1052	-6.9092E-1	1.8694E2	7.8254E-1	1.7618E6	
1053	-7.0183E-1	1.7074E2	7.8700E-1	1.7640E6	
1054	-7.1030E-1	1.5818E2	7.9163E-1	1.7662E6	
1055	-7.1785E-1	1.4697E2	7.9638E-1	1.7684E6	
1056	-7.2952E-1	1.2964E2	8.0084E-1	1.7707E6	
1057	-7.3540E-1	1.2093E2	8.0549E-1	1.7729E6	
1058	-7.4684E-1	1.0394E2	8.1013E-1	1.7751E6	
1059	-7.5577E-1	9.0694E1	8.1469E-1	1.7773E6	
1060	-7.6347E-1	7.9258E1	8.1940E-1	1.7795E6	
1061	-7.6988E-1	6.9747E1	8.2405E-1	1.7818E6	
1062	-7.7835E-1	5.7179E1	8.2884E-1	1.7840E6	
1063	-7.8682E-1	4.4611E1	8.3344E-1	1.7862E6	
1064	-7.9399E-1	3.3968E1	8.3812E-1	1.7884E6	
1065	-7.9826E-1	2.7627E1	8.4284E-1	1.7906E6	
1066	-8.0902E-1	1.1662E1	8.4753E-1	1.7929E6	
1067	-8.1444E-1	3.6233E0	8.5236E-1	1.7951E6	
1068	-8.2146E-1	-6.7935E0	8.5707E-1	1.7973E6	
1069	-8.2680E-1	-1.4719E1	8.6171E-1	1.7995E6	
1070	-8.3054E-1	-2.0267E1	8.6644E-1	1.8017E6	
1071	-8.3633E-1	-2.8872E1	8.7125E-1	1.8040E6	
1072	-8.4915E-1	-4.7894E1	8.7601E-1	1.8062E6	
1073	-8.4938E-1	-4.8234E1	8.8076E-1	1.8084E6	
1074	-8.5808E-1	-6.1142E1	8.8550E-1	1.8106E6	
1075	-8.6517E-1	-7.1672E1	8.9035E-1	1.8128E6	
1076	-8.7029E-1	-7.9258E1	8.9516E-1	1.8151E6	
1077	-8.7311E-1	-8.3447E1	8.9999E-1	1.8173E6	
1078	-8.8104E-1	-9.5223E1	9.0472E-1	1.8195E6	
1079	-8.8638E-1	-1.0315E2	9.0958E-1	1.8217E6	
1080	-8.9676E-1	-1.1855E2	9.1450E-1	1.8239E6	
1081	-8.9401E-1	-1.1447E2	9.1929E-1	1.8262E6	
1082	-9.0012E-1	-1.2353E2	9.2413E-1	1.8284E6	
1083	-9.0736E-1	-1.3429E2	9.2890E-1	1.8306E6	
1084	-9.0897E-1	-1.3666E2	9.3382E-1	1.8328E6	
1085	-9.1682E-1	-1.4833E2	9.3863E-1	1.8350E6	
1086	-9.1888E-1	-1.5138E2	9.4348E-1	1.8373E6	
1087	-9.2537E-1	-1.6101E2	9.4837E-1	1.8395E6	
1088	-9.2857E-1	-1.6576E2	9.5324E-1	1.8417E6	
1089	-9.3132E-1	-1.6984E2	9.5816E-1	1.8439E6	
1090	-9.3498E-1	-1.7527E2	9.6309E-1	1.8461E6	
1091	-9.3781E-1	-1.7946E2	9.6794E-1	1.8484E6	
1092	-9.4185E-1	-1.8546E2	9.7285E-1	1.8506E6	
1093	-9.4391E-1	-1.8852E2	9.7772E-1	1.8528E6	
1094	-9.4704E-1	-1.9316E2	9.8271E-1	1.8550E6	
1095	-9.4650E-1	-1.9237E2	9.8761E-1	1.8572E6	
1096	-9.4688E-1	-1.9294E2	9.9265E-1	1.8595E6	
1097	-9.5367E-1	-2.0301E2	9.9745E-1	1.8617E6	
1098	-9.5398E-1	-2.0347E2	1.0024E0	1.8639E6	
1099	-9.5581E-1	-2.0618E2	1.0074E0	1.8661E6	
1100	-9.5711E-1	-2.0811E2	1.0123E0	1.8683E6	
1101	-9.6191E-1	-2.1524E2	1.0173E0	1.8706E6	
1102	-9.6390E-1	-2.1819E2	1.0223E0	1.8728E6	
1103	-9.6497E-1	-2.1977E2	1.0272E0	1.8750E6	
1104	-9.6786E-1	-2.2407E2	1.0323E0	1.8772E6	
1105	-9.6992E-1	-2.2713E2	1.0373E0	1.8794E6	
1106	-9.6748E-1	-2.2351E2	1.0423E0	1.8817E6	
1107	-9.6687E-1	-2.2260E2	1.0472E0	1.8839E6	
1108	-9.6924E-1	-2.2611E2	1.0523E0	1.8861E6	
1109	-9.6924E-1	-2.2611E2	1.0572E0	1.8883E6	
1110	-9.6809E-1	-2.2441E2	1.0622E0	1.8905E6	
1111	-9.6878E-1	-2.2543E2	1.0674E0	1.8928E6	
1112	-9.7412E-1	-2.3336E2	1.0723E0	1.8950E6	
1113	-9.7366E-1	-2.3268E2	1.0773E0	1.8972E6	
1114	-9.7420E-1	-2.3347E2	1.0824E0	1.8994E6	
1115	-9.7527E-1	-2.3506E2	1.0875E0	1.9016E6	
1116	-9.7961E-1	-2.4151E2	1.0925E0	1.9039E6	
1117	-9.7939E-1	-2.4117E2	1.0976E0	1.9061E6	
1118	-9.7961E-1	-2.4151E2	1.1027E0	1.9083E6	
1119	-9.7954E-1	-2.4140E2	1.1078E0	1.9105E6	
1120	-9.7694E-1	-2.3755E2	1.1128E0	1.9127E6	
1121	-9.7603E-1	-2.3619E2	1.1179E0	1.9150E6	
1122	-9.7717E-1	-2.3789E2	1.1230E0	1.9172E6	
1123	-9.7771E-1	-2.3868E2	1.1281E0	1.9194E6	
1124	-9.7618E-1	-2.3642E2	1.1332E0	1.9216E6	
1125	-9.7687E-1	-2.3743E2	1.1383E0	1.9238E6	
1126	-9.7694E-1	-2.3755E2	1.1435E0	1.9261E6	
1127	-9.7595E-1	-2.3608E2	1.1486E0	1.9283E6	
1128	-9.7450E-1	-2.3392E2	1.1537E0	1.9305E6	
1129	-9.7824E-1	-2.3947E2	1.1588E0	1.9327E6	
1130	-9.7847E-1	-2.3981E2	1.1641E0	1.9349E6	
1131	-9.8030E-1	-2.4253E2	1.1691E0	1.9372E6	
1132	-9.7466E-1	-2.3415E2	1.1743E0	1.9394E6	
1133	-9.7687E-1	-2.3743E2	1.1794E0	1.9416E6	
1134	-9.7450E-1	-2.3392E2	1.1846E0	1.9438E6	
1135	-9.8129E-1	-2.4400E2	1.1898E0	1.9460E6	
1136	-9.8282E-1	-2.4627E2	1.1950E0	1.9483E6	
1137	-9.8633E-1	-2.5147E2	1.2002E0	1.9505E6	
1138	-9.8679E-1	-2.5215E2	1.2054E0	1.9527E6	
1139	-9.9480E-1	-2.6404E2	1.2106E0	1.9549E6	
1140	-9.9762E-1	-2.6823E2	1.2158E0	1.9571E6	
1141	-1.0014E0	-2.7389E2	1.2209E0	1.9594E6	
1142	-1.0022E0	-2.7503E2	1.2262E0	1.9616E6	
1143	-1.0055E0	-2.7989E2	1.2313E0	1.9638E6	
1144	-1.0108E0	-2.8782E2	1.2366E0	1.9660E6	
1145	-1.0139E0	-2.9235E2	1.2419E0	1.9682E6	
1146	-1.0186E0	-2.9937E2	1.2470E0	1.9705E6	
1147	-1.0205E0	-3.0220E2	1.2523E0	1.9727E6	
1148	-1.0246E0	-3.0831E2	1.2575E0	1.9749E6	
1149	-1.0280E0	-3.1330E2	1.2628E0	1.9771E6	
1150	-1.0317E0	-3.1884E2	1.2681E0	1.9793E6	
1151	-1.0350E0	-3.2371E2	1.2733E0	1.9816E6	
1152	-1.0429E0	-3.3549E2	1.2785E0	1.9838E6	
1153	-1.0462E0	-3.4036E2	1.2839E0	1.9860E6	
1154	-1.0487E0	-3.4409E2	1.2891E0	1.9882E6	
1155	-1.0524E0	-3.4953E2	1.2944E0	1.9904E6	
1156	-1.0542E0	-3.5225E2	1.2997E0	1.9927E6	
1157	-1.0603E0	-3.6119E2	1.3050E0	1.9949E6	
1158	-1.0607E0	-3.6187E2	1.3103E0	1.9971E6	
1159	-1.0625E0	-3.6459E2	1.3156E0	1.9993E6	
1160	-1.0630E0	-3.6527E2	1.3208E0	2.0015E6	
1161	-1.0608E0	-3.6198E2	1.3262E0	2.0038E6	
1162	-1.0543E0	-3.5236E2	1.3316E0	2.0060E6	
1163	-1.0522E0	-3.4930E2	1.3369E0	2.0082E6	
1164	-1.0503E0	-3.4636E2	1.3422E0	2.0104E6	
1165	-1.0368E0	-3.2643E2	1.3474E0	2.0126E6	
1166	-1.0226E0	-3.0526E2	1.3529E0	2.0149E6	
1167	-1.0122E0	-2.8986E2	1.3582E0	2.0171E6	
1168	-1.0029E0	-2.7604E2	1.3636E0	2.0193E6	
1169	-9.8892E-1	-2.5532E2	1.3690E0	2.0215E6	
1170	-9.7443E-1	-2.3381E2	1.3743E0	2.0237E6	
1171	-9.7145E-1	-2.2940E2	1.3796E0	2.0260E6	
1172	-9.6458E-1	-2.1920E2	1.3850E0	2.0282E6	
1173	-9.5734E-1	-2.0845E2	1.3904E0	2.0304E6	
1174	-9.5428E-1	-2.0392E2	1.3958E0	2.0326E6	
1175	-9.3887E-1	-1.8105E2	1.4011E0	2.0348E6	
1176	-9.2140E-1	-1.5512E2	1.4066E0	2.0371E6	
1177	-8.9203E-1	-1.1153E2	1.4119E0	2.0393E6	
1178	-8.5213E-1	-5.2310E1	1.4173E0	2.0415E6	
1179	-8.0818E-1	1.2908E1	1.4228E0	2.0437E6	
1180	-7.4677E-1	1.0405E2	1.4282E0	2.0459E6	
1181	-7.1648E-1	1.4901E2	1.4336E0	2.0482E6	
1182	-7.1129E-1	1.5670E2	1.4390E0	2.0504E6	
1183	-7.0564E-1	1.6508E2	1.4445E0	2.0526E6	
1184	-6.9641E-1	1.7878E2	1.4499E0	2.0548E6	
1185	-6.8886E-1	1.8999E2	1.4554E0	2.0570E6	
1186	-6.9145E-1	1.8614E2	1.4608E0	2.0593E6	
1187	-6.9008E-1	1.8818E2	1.4663E0	2.0615E6	
1188	-6.9344E-1	1.8320E2	1.4717E0	2.0637E6	
1189	-6.9168E-1	1.8580E2	1.4771E0	2.0659E6	
1190	-6.9290E-1	1.8399E2	1.4827E0	2.0681E6	
1191	-6.9046E-1	1.8762E2	1.4881E0	2.0704E6	
1192	-6.9061E-1	1.8739E2	1.4935E0	2.0726E6	
1193	-6.9130E-1	1.8637E2	1.4991E0	2.0748E6	
1194	-6.9107E-1	1.8671E2	1.5045E0	2.0770E6	
1195	-6.9122E-1	1.8648E2	1.5101E0	2.0792E6	
1196	-6.9412E-1	1.8218E2	1.5157E0	2.0815E6	
1197	-6.9565E-1	1.7992E2	1.5211E0	2.0837E6	
1198	-6.9252E-1	1.8456E2	1.5266E0	2.0859E6	
1199	-6.9229E-1	1.8490E2	1.5321E0	2.0881E6	
1200	-6.9054E-1	1.8750E2	1.5377E0	2.0903E6	
1201	-6.9221E-1	1.8501E2	1.5432E0	2.0926E6	
1202	-6.9328E-1	1.8343E2	1.5487E0	2.0948E6	
1203	-6.9397E-1	1.8241E2	1.5542E0	2.0970E6	
1204	-6.9191E-1	1.8546E2	1.5599E0	2.0992E6	
1205	-6.9260E-1	1.8444E2	1.5654E0	2.1014E6	
1206	-6.9603E-1	1.7935E2	1.5708E0	2.1037E6	
1207	-6.9321E-1	1.8354E2	1.5765E0	2.1059E6	
1208	-6.9656E-1	1.7856E2	1.5819E0	2.1081E6	
1209	-6.9229E-1	1.8490E2	1.5875E0	2.1103E6	
1210	-6.9374E-1	1.8275E2	1.5931E0	2.1125E6	
1211	-6.9359E-1	1.8297E2	1.5987E0	2.1148E6	
1212	-6.9382E-1	1.8263E2	1.6043E0	2.1170E6	
1213	-6.9656E-1	1.7856E2	1.6098E0	2.1192E6	
1214	-6.9420E-1	1.8207E2	1.6154E0	2.1214E6	
1215	-6.9473E-1	1.8127E2	1.6209E0	2.1236E6	
1216	-6.9633E-1	1.7890E2	1.6266E0	2.1259E6	
1217	-6.9427E-1	1.8195E2	1.6322E0	2.1281E6	
1218	-6.9412E-1	1.8218E2	1.6378E0	2.1303E6	
1219	-6.9504E-1	1.8082E2	1.6433E0	2.1325E6	
1220	-6.9763E-1	1.7697E2	1.6491E0	2.1347E6	
1221	-6.9626E-1	1.7901E2	1.6547E0	2.1370E6	
1222	-6.9534E-1	1.8037E2	1.6602E0	2.1392E6	
1223	-6.9717E-1	1.7765E2	1.6659E0	2.1414E6	
1224	-6.9717E-1	1.7765E2	1.6716E0	2.1436E6	
1225	-6.9527E-1	1.8048E2	1.6772E0	2.1458E6	
1226	-6.9641E-1	1.7878E2	1.6829E0	2.1481E6	
1227	-6.9756E-1	1.7709E2	1.6884E0	2.1503E6	
1228	-6.9534E-1	1.8037E2	1.6941E0	2.1525E6	
1229	-6.9649E-1	1.7867E2	1.6997E0	2.1547E6	
1230	-6.9824E-1	1.7607E2	1.7055E0	2.1569E6	
1231	-6.9870E-1	1.7539E2	1.7111E0	2.1592E6	
1232	-6.9710E-1	1.7776E2	1.7167E0	2.1614E6	
1233	-7.0030E-1	1.7301E2	1.7224E0	2.1636E6	
1234	-6.9672E-1	1.7833E2	1.7281E0	2.1658E6	
1235	-6.9862E-1	1.7550E2	1.7338E0	2.1680E6	
1236	-6.9839E-1	1.7584E2	1.7395E0	2.1703E6	
1237	-6.9969E-1	1.7391E2	1.7451E0	2.1725E6	
1238	-6.9901E-1	1.7493E2	1.7509E0	2.1747E6	
1239	-7.0045E-1	1.7278E2	1.7566E0	2.1769E6	
1240	-6.9824E-1	1.7607E2	1.7623E0	2.1791E6	
1241	-6.9931E-1	1.7448E2	1.7680E0	2.1814E6	
1242	-6.9939E-1	1.7437E2	1.7737E0	2.1836E6	
1243	-7.0061E-1	1.7256E2	1.7794E0	2.1858E6	
1244	-7.0122E-1	1.7165E2	1.7852E0	2.1880E6	
1245	-6.9809E-1	1.7629E2	1.7909E0	2.1902E6	
1246	-7.0068E-1	1.7244E2	1.7966E0	2.1925E6	
1247	-7.0198E-1	1.7052E2	1.8024E0	2.1947E6	
1248	-7.0000E-1	1.7346E2	1.8082E0	2.1969E6	
1249	-7.0053E-1	1.7267E2	1.8139E0	2.1991E6	
1250	-6.9992E-1	1.7358E2	1.8196E0	2.2013E6	
1251	-7.0160E-1	1.7108E2	1.8254E0	2.2036E6	
1252	-7.0312E-1	1.6882E2	1.8311E0	2.2058E6	
1253	-7.0160E-1	1.7108E2	1.8369E0	2.2080E6	
1254	-7.0023E-1	1.7312E2	1.8428E0	2.2102E6	
1255	-7.0320E-1	1.6871E2	1.8485E0	2.2124E6	
1256	-7.0160E-1	1.7108E2	1.8542E0	2.2147E6	
1257	-7.0190E-1	1.7063E2	1.8600E0	2.2169E6	
1258	-7.0221E-1	1.7018E2	1.8659E0	2.2191E6	
1259	-7.0274E-1	1.6939E2	1.8716E0	2.2213E6	
1260	-7.0587E-1	1.6474E2	1.8773E0	2.2235E6	
1261	-7.0541E-1	1.6542E2	1.8832E0	2.2258E6	
1262	-7.0496E-1	1.6610E2	1.8891E0	2.2280E6	
1263	-7.0274E-1	1.6939E2	1.8948E0	2.2302E6	
1264	-7.0526E-1	1.6565E2	1.9006E0	2.2324E6	
1265	-7.0488E-1	1.6622E2	1.9065E0	2.2346E6	
1266	-7.0435E-1	1.6701E2	1.9123E0	2.2369E6	
1267	-7.0450E-1	1.6678E2	1.9182E0	2.2391E6	
1268	-7.0793E-1	1.6169E2	1.9239E0	2.2413E6	
1269	-7.0679E-1	1.6338E2	1.9297E0	2.2435E6	
1270	-7.0541E-1	1.6542E2	1.9357E0	2.2457E6	
1271	-7.0389E-1	1.6769E2	1.9414E0	2.2480E6	
1272	-7.0564E-1	1.6508E2	1.9473E0	2.2502E6	
1273	-7.0457E-1	1.6667E2	1.9530E0	2.2524E6	
1274	-7.0625E-1	1.6418E2	1.9589E0	2.2546E6	
1275	-7.0419E-1	1.6723E2	1.9649E0	2.2568E6	
1276	-7.0724E-1	1.6271E2	1.9707E0	2.2591E6	
1277	-7.0702E-1	1.6305E2	1.9767E0	2.2613E6	
1278	-7.0946E-1	1.5942E2	1.9825E0	2.2635E6	
1279	-7.0625E-1	1.6418E2	1.9883E0	2.2657E6	
1280	-7.0526E-1	1.6565E2	1.9942E0	2.2679E6	
1281	-7.0824E-1	1.6123E2	2.0001E0	2.2702E6	
1282	-7.0732E-1	1.6259E2	2.0061E0	2.2724E6	
1283	-7.0755E-1	1.6225E2	2.0120E0	2.2746E6	
1284	-7.0847E-1	1.6089E2	2.0178E0	2.2768E6	
1285	-7.0770E-1	1.6203E2	2.0237E0	2.2790E6	
1286	-7.0656E-1	1.6372E2	2.0297E0	2.2813E6	
1287	-7.0938E-1	1.5954E2	2.0356E0	2.2835E6	
1288	-7.1007E-1	1.5852E2	2.0416E0	2.2857E6	
1289	-7.0930E-1	1.5965E2	2.0475E0	2.2879E6	
1290	-7.0969E-1	1.5908E2	2.0534E0	2.2901E6	
1291	-7.1106E-1	1.5704E2	2.0594E0	2.2924E6	
1292	-7.0793E-1	1.6169E2	2.0653E0	2.2946E6	
1293	-7.0915E-1	1.5987E2	2.0713E0	2.2968E6	
1294	-7.0930E-1	1.5965E2	2.0773E0	2.2990E6	
1295	-7.0839E-1	1.6101E2	2.0832E0	2.3012E6	
1296	-7.0953E-1	1.5931E2	2.0891E0	2.3035E6	
1297	-7.0923E-1	1.5976E2	2.0952E0	2.3057E6	
1298	-7.0915E-1	1.5987E2	2.1010E0	2.3079E6	
1299	-7.1022E-1	1.5829E2	2.1071E0	2.3101E6	
1300	-7.1075E-1	1.5750E2	2.1130E0	2.3123E6	
1301	-7.1190E-1	1.5580E2	2.1190E0	2.3146E6	
1302	-7.1091E-1	1.5727E2	2.1250E0	2.3168E6	
1303	-7.1243E-1	1.5501E2	2.1310E0	2.3190E6	
1304	-7.1159E-1	1.5625E2	2.1371E0	2.3212E6	
1305	-7.1136E-1	1.5659E2	2.1431E0	2.3234E6	
1306	-7.1007E-1	1.5852E2	2.1491E0	2.3257E6	
1307	-7.1190E-1	1.5580E2	2.1551E0	2.3279E6	
1308	-7.0999E-1	1.5863E2	2.1611E0	2.3301E6	
1309	-7.1327E-1	1.5376E2	2.1671E0	2.3323E6	
1310	-7.1434E-1	1.5218E2	2.1732E0	2.3345E6	
1311	-7.1297E-1	1.5421E2	2.1792E0	2.3368E6	
1312	-7.1220E-1	1.5535E2	2.1852E0	2.3390E6	
1313	-7.1449E-1	1.5195E2	2.1913E0	2.3412E6	
1314	-7.1449E-1	1.5195E2	2.1973E0	2.3434E6	
1315	-7.1198E-1	1.5569E2	2.2034E0	2.3456E6	
1316	-7.1342E-1	1.5353E2	2.2095E0	2.3479E6	
1317	-7.1457E-1	1.5184E2	2.2155E0	2.3501E6	
1318	-7.1274E-1	1.5455E2	2.2216E0	2.3523E6	
1319	-7.1373E-1	1.5308E2	2.2278E0	2.3545E6	
1320	-7.1457E-1	1.5184E2	2.2339E0	2.3567E6	
1321	-7.1465E-1	1.5172E2	2.2400E0	2.3590E6	
1322	-7.1159E-1	1.5625E2	2.2461E0	2.3612E6	
1323	-7.1426E-1	1.5229E2	2.2522E0	2.3634E6	
1324	-7.1648E-1	1.4901E2	2.2582E0	2.3656E6	
1325	-7.1747E-1	1.4753E2	2.2643E0	2.3678E6	
1326	-7.1411E-1	1.5252E2	2.2705E0	2.3701E6	
1327	-7.1518E-1	1.5093E2	2.2765E0	2.3723E6	
1328	-7.1617E-1	1.4946E2	2.2827E0	2.3745E6	
1329	-7.1510E-1	1.5104E2	2.2889E0	2.3767E6	
1330	-7.1693E-1	1.4833E2	2.2950E0	2.3789E6	
1331	-7.1739E-1	1.4765E2	2.3011E0	2.3812E6	
1332	-7.1777E-1	1.4708E2	2.3073E0	2.3834E6	
1333	-7.1976E-1	1.4414E2	2.3134E0	2.3856E6	
1334	-7.1678E-1	1.4855E2	2.3195E0	2.3878E6	
1335	-7.1663E-1	1.4878E2	2.3258E0	2.3900E6	
1336	-7.1609E-1	1.4957E2	2.3319E0	2.3923E6	
1337	-7.1594E-1	1.4980E2	2.3381E0	2.3945E6	
1338	-7.1655E-1	1.4889E2	2.3442E0	2.3967E6	
1339	-7.1907E-1	1.4516E2	2.3503E0	2.3989E6	
1340	-7.1869E-1	1.4572E2	2.3566E0	2.4011E6	
1341	-7.1930E-1	1.4482E2	2.3628E0	2.4034E6	
1342	-7.1861E-1	1.4583E2	2.3690E0	2.4056E6	
1343	-7.2021E-1	1.4346E2	2.3752E0	2.4078E6	
1344	-7.1991E-1	1.4391E2	2.3813E0	2.4100E6	
1345	-7.1861E-1	1.4583E2	2.3875E0	2.4122E6	
1346	-7.1922E-1	1.4493E2	2.3937E0	2.4145E6	
1347	-7.2014E-1	1.4357E2	2.3999E0	2.4167E6	
1348	-7.1884E-1	1.4550E2	2.4062E0	2.4189E6	
1349	-7.2037E-1	1.4323E2	2.4124E0	2.4211E6	
1350	-7.2075E-1	1.4266E2	2.4187E0	2.4233E6	
1351	-7.1938E-1	1.4470E2	2.4249E0	2.4256E6	
1352	-7.2121E-1	1.4199E2	2.4310E0	2.4278E6	
1353	-7.2266E-1	1.3983E2	2.4373E0	2.4300E6	
1354	-7.2227E-1	1.4040E2	2.4436E0	2.4322E6	
1355	-7.2136E-1	1.4176E2	2.4499E0	2.4344E6	
1356	-7.2113E-1	1.4210E2	2.4561E0	2.4367E6	
1357	-7.2372E-1	1.3825E2	2.4623E0	2.4389E6	
1358	-7.2067E-1	1.4278E2	2.4686E0	2.4411E6	
1359	-7.2304E-1	1.3927E2	2.4748E0	2.4433E6	
1360	-7.2037E-1	1.4323E2	2.4812E0	2.4455E6	
1361	-7.2418E-1	1.3757E2	2.4874E0	2.4478E6	
1362	-7.2418E-1	1.3757E2	2.4937E0	2.4500E6	
1363	-7.2235E-1	1.4029E2	2.5001E0	2.4522E6	
1364	-7.2678E-1	1.3372E2	2.5062E0	2.4544E6	
1365	-7.2212E-1	1.4063E2	2.5125E0	2.4566E6	
1366	-7.2159E-1	1.4142E2	2.5189E0	2.4589E6	
1367	-7.2289E-1	1.3949E2	2.5252E0	2.4611E6	
1368	-7.2189E-1	1.4097E2	2.5315E0	2.4633E6	
1369	-7.2365E-1	1.3836E2	2.5377E0	2.4655E6	
1370	-7.2350E-1	1.3859E2	2.5441E0	2.4677E6	
1371	-7.2548E-1	1.3564E2	2.5505E0	2.4700E6	
1372	-7.2556E-1	1.3553E2	2.5568E0	2.4722E6	
1373	-7.2548E-1	1.3564E2	2.5631E0	2.4744E6	
1374	-7.2411E-1	1.3768E2	2.5695E0	2.4766E6	
1375	-7.2586E-1	1.3508E2	2.5757E0	2.4788E6	
1376	-7.2449E-1	1.3712E2	2.5822E0	2.4811E6	
1377	-7.2563E-1	1.3542E2	2.5885E0	2.4833E6	
1378	-7.2571E-1	1.3530E2	2.5949E0	2.4855E6	
1379	-7.2739E-1	1.3281E2	2.6012E0	2.4877E6	
1380	-7.2586E-1	1.3508E2	2.6075E0	2.4899E6	
1381	-7.2716E-1	1.3315E2	2.6139E0	2.4922E6	
1382	-7.2525E-1	1.3598E2	2.6204E0	2.4944E6	
1383	-7.2502E-1	1.3632E2	2.6267E0	2.4966E6	
1384	-7.2746E-1	1.3270E2	2.6330E0	2.4988E6	
1385	-7.2762E-1	1.3247E2	2.6394E0	2.5010E6	
1386	-7.2952E-1	1.2964E2	2.6458E0	2.5033E6	
1387	-7.2906E-1	1.3032E2	2.6523E0	2.5055E6	
1388	-7.2891E-1	1.3055E2	2.6587E0	2.5077E6	
1389	-7.2823E-1	1.3157E2	2.6650E0	2.5099E6	
1390	-7.2937E-1	1.2987E2	2.6714E0	2.5121E6	
1391	-7.2906E-1	1.3032E2	2.6778E0	2.5144E6	
1392	-7.2807E-1	1.3179E2	2.6843E0	2.5166E6	
1393	-7.3143E-1	1.2681E2	2.6907E0	2.5188E6	
1394	-7.2685E-1	1.3361E2	2.6972E0	2.5210E6	
1395	-7.2922E-1	1.3010E2	2.7036E0	2.5232E6	
1396	-7.3021E-1	1.2862E2	2.7100E0	2.5255E6	
1397	-7.3151E-1	1.2670E2	2.7164E0	2.5277E6	
1398	-7.2983E-1	1.2919E2	2.7228E0	2.5299E6	
1399	-7.3128E-1	1.2704E2	2.7293E0	2.5321E6	
1400	-7.2975E-1	1.2930E2	2.7357E0	2.5343E6	
1401	-7.3013E-1	1.2874E2	2.7422E0	2.5366E6	
1402	-7.2899E-1	1.3044E2	2.7487E0	2.5388E6	
1403	-7.3090E-1	1.2761E2	2.7552E0	2.5410E6	
1404	-7.2968E-1	1.2942E2	2.7617E0	2.5432E6	
1405	-7.3372E-1	1.2342E2	2.7681E0	2.5454E6	
1406	-7.3204E-1	1.2591E2	2.7745E0	2.5477E6	
1407	-7.3433E-1	1.2251E2	2.7810E0	2.5499E6	
1408	-7.3326E-1	1.2410E2	2.7876E0	2.5521E6	
1409	-7.3318E-1	1.2421E2	2.7940E0	2.5543E6	
1410	-7.3242E-1	1.2534E2	2.8004E0	2.5565E6	
1411	-7.3143E-1	1.2681E2	2.8070E0	2.5588E6	
1412	-7.3280E-1	1.2477E2	2.8135E0	2.5610E6	
1413	-7.3296E-1	1.2455E2	2.8200E0	2.5632E6	
1414	-7.3318E-1	1.2421E2	2.8265E0	2.5654E6	
1415	-7.3219E-1	1.2568E2	2.8331E0	2.5676E6	
1416	-7.3418E-1	1.2274E2	2.8396E0	2.5699E6	
1417	-7.3364E-1	1.2353E2	2.8461E0	2.5721E6	
1418	-7.3242E-1	1.2534E2	2.8526E0	2.5743E6	
1419	-7.3479E-1	1.2183E2	2.8591E0	2.5765E6	
1420	-7.3639E-1	1.1945E2	2.8657E0	2.5787E6	
1421	-7.3502E-1	1.2149E2	2.8722E0	2.5810E6	
1422	-7.3479E-1	1.2183E2	2.8788E0	2.5832E6	
1423	-7.3341E-1	1.2387E2	2.8853E0	2.5854E6	
1424	-7.3730E-1	1.1809E2	2.8920E0	2.5876E6	
1425	-7.3479E-1	1.2183E2	2.8984E0	2.5898E6	
1426	-7.3662E-1	1.1911E2	2.9050E0	2.5921E6	
1427	-7.3677E-1	1.1889E2	2.9115E0	2.5943E6	
1428	-7.3807E-1	1.1696E2	2.9180E0	2.5965E6	
1429	-7.3456E-1	1.2217E2	2.9246E0	2.5987E6	
1430	-7.3563E-1	1.2059E2	2.9313E0	2.6009E6	
1431	-7.3799E-1	1.1708E2	2.9378E0	2.6032E6	
1432	-7.3662E-1	1.1911E2	2.9443E0	2.6054E6	
1433	-7.3647E-1	1.1934E2	2.9510E0	2.6076E6	
1434	-7.3959E-1	1.1470E2	2.9576E0	2.6098E6	
1435	-7.3738E-1	1.1798E2	2.9642E0	2.6120E6	
1436	-7.3700E-1	1.1855E2	2.9708E0	2.6143E6	
1437	-7.3486E-1	1.2172E2	2.9774E0	2.6165E6	
1438	-7.3891E-1	1.1572E2	2.9840E0	2.6187E6	
1439	-7.3669E-1	1.1900E2	2.9907E0	2.6209E6	
1440	-7.3746E-1	1.1787E2	2.9973E0	2.6231E6	
1441	-7.3914E-1	1.1538E2	3.0039E0	2.6254E6	
1442	-7.3914E-1	1.1538E2	3.0104E0	2.6276E6	
1443	-7.3982E-1	1.1436E2	3.0171E0	2.6298E6	
1444	-7.3982E-1	1.1436E2	3.0238E0	2.6320E6	
1445	-7.3929E-1	1.1515E2	3.0303E0	2.6342E6	
1446	-7.4089E-1	1.1277E2	3.0371E0	2.6365E6	
1447	-7.4089E-1	1.1277E2	3.0436E0	2.6387E6	
1448	-7.3883E-1	1.1583E2	3.0504E0	2.6409E6	
1449	-7.4173E-1	1.1153E2	3.0569E0	2.6431E6	
1450	-7.3959E-1	1.1470E2	3.0637E0	2.6453E6	
1451	-7.4303E-1	1.0960E2	3.0703E0	2.6476E6	
1452	-7.4120E-1	1.1232E2	3.0769E0	2.6498E6	
1453	-7.4089E-1	1.1277E2	3.0835E0	2.6520E6	
1454	-7.4203E-1	1.1107E2	3.0903E0	2.6542E6	
1455	-7.4196E-1	1.1119E2	3.0970E0	2.6564E6	
1456	-7.4036E-1	1.1357E2	3.1038E0	2.6587E6	
1457	-7.4234E-1	1.1062E2	3.1104E0	2.6609E6	
1458	-7.4181E-1	1.1141E2	3.1171E0	2.6631E6	
1459	-7.4295E-1	1.0972E2	3.1237E0	2.6653E6	
1460	-7.4196E-1	1.1119E2	3.1304E0	2.6675E6	
1461	-7.4364E-1	1.0870E2	3.1371E0	2.6698E6	
1462	-7.4371E-1	1.0858E2	3.1437E0	2.6720E6	
1463	-7.4402E-1	1.0813E2	3.1506E0	2.6742E6	
1464	-7.4158E-1	1.1175E2	3.1573E0	2.6764E6	
1465	-7.4600E-1	1.0519E2	3.1640E0	2.6786E6	
1466	-7.4158E-1	1.1175E2	3.1707E0	2.6809E6	
1467	-7.4524E-1	1.0632E2	3.1774E0	2.6831E6	
1468	-7.4432E-1	1.0768E2	3.1841E0	2.6853E6	
1469	-7.4699E-1	1.0371E2	3.1908E0	2.6875E6	
1470	-7.4638E-1	1.0462E2	3.1976E0	2.6897E6	
1471	-7.4677E-1	1.0405E2	3.2043E0	2.6920E6	
1472	-7.4440E-1	1.0756E2	3.2111E0	2.6942E6	
1473	-7.4661E-1	1.0428E2	3.2178E0	2.6964E6	
1474	-7.4760E-1	1.0281E2	3.2246E0	2.6986E6	
1475	-7.4669E-1	1.0417E2	3.2313E0	2.7008E6	
1476	-7.4669E-1	1.0417E2	3.2382E0	2.7031E6	
1477	-7.4562E-1	1.0575E2	3.2448E0	2.7053E6	
1478	-7.4654E-1	1.0439E2	3.2516E0	2.7075E6	
1479	-7.4745E-1	1.0304E2	3.2584E0	2.7097E6	
1480	-7.4776E-1	1.0258E2	3.2652E0	2.7119E6	
1481	-7.4760E-1	1.0281E2	3.2719E0	2.7142E6	
1482	-7.4677E-1	1.0405E2	3.2788E0	2.7164E6	
1483	-7.4654E-1	1.0439E2	3.2855E0	2.7186E6	
1484	-7.4890E-1	1.0088E2	3.2923E0	2.7208E6	
1485	-7.4997E-1	9.9299E1	3.2991E0	2.7230E6	
1486	-7.4715E-1	1.0349E2	3.3058E0	2.7253E6	
1487	-7.4974E-1	9.9639E1	3.3126E0	2.7275E6	
1488	-7.5035E-1	9.8733E1	3.3195E0	2.7297E6	
1489	-7.4890E-1	1.0088E2	3.3263E0	2.7319E6	
1490	-7.4852E-1	1.0145E2	3.3331E0	2.7341E6	
1491	-7.4860E-1	1.0134E2	3.3399E0	2.7364E6	
1492	-7.5096E-1	9.7827E1	3.3468E0	2.7386E6	
1493	-7.4814E-1	1.0202E2	3.3537E0	2.7408E6	
1494	-7.4898E-1	1.0077E2	3.3605E0	2.7430E6	
1495	-7.4944E-1	1.0009E2	3.3672E0	2.7452E6	
1496	-7.4951E-1	9.9978E1	3.3741E0	2.7475E6	
1497	-7.5096E-1	9.7827E1	3.3810E0	2.7497E6	
1498	-7.5218E-1	9.6015E1	3.3878E0	2.7519E6	
1499	-7.4997E-1	9.9299E1	3.3947E0	2.7541E6	
1500	-7.5157E-1	9.6921E1	3.4015E0	2.7563E6	
1501	-7.5287E-1	9.4996E1	3.4083E0	2.7586E6	
1502	-7.5058E-1	9.8393E1	3.4153E0	2.7608E6	
1503	-7.5409E-1	9.3185E1	3.4221E0	2.7630E6	
1504	-7.5394E-1	9.3411E1	3.4290E0	2.7652E6	
1505	-7.5203E-1	9.6242E1	3.4359E0	2.7674E6	
1506	-7.5081E-1	9.8054E1	3.4428E0	2.7697E6	
1507	-7.5348E-1	9.4091E1	3.4496E0	2.7719E6	
1508	-7.5455E-1	9.2506E1	3.4566E0	2.7741E6	
1509	-7.5188E-1	9.6468E1	3.4634E0	2.7763E6	
1510	-7.5493E-1	9.1939E1	3.4702E0	2.7785E6	
1511	-7.5356E-1	9.3977E1	3.4771E0	2.7808E6	
1512	-7.5356E-1	9.3977E1	3.4840E0	2.7830E6	
1513	-7.5432E-1	9.2845E1	3.4910E0	2.7852E6	
1514	-7.5562E-1	9.0920E1	3.4979E0	2.7874E6	
1515	-7.5539E-1	9.1260E1	3.5048E0	2.7896E6	
1516	-7.5386E-1	9.3525E1	3.5117E0	2.7919E6	
1517	-7.5546E-1	9.1147E1	3.5185E0	2.7941E6	
1518	-7.5615E-1	9.0128E1	3.5255E0	2.7963E6	
1519	-7.5539E-1	9.1260E1	3.5324E0	2.7985E6	
1520	-7.5676E-1	8.9222E1	3.5393E0	2.8007E6	
1521	-7.5638E-1	8.9788E1	3.5463E0	2.8030E6	
1522	-7.5531E-1	9.1373E1	3.5533E0	2.8052E6	
1523	-7.5500E-1	9.1826E1	3.5602E0	2.8074E6	
1524	-7.5531E-1	9.1373E1	3.5672E0	2.8096E6	
1525	-7.5745E-1	8.8203E1	3.5741E0	2.8118E6	
1526	-7.5577E-1	9.0694E1	3.5809E0	2.8141E6	
1527	-7.5584E-1	9.0581E1	3.5879E0	2.8163E6	
1528	-7.5752E-1	8.8090E1	3.5949E0	2.8185E6	
1529	-7.5760E-1	8.7976E1	3.6018E0	2.8207E6	
1530	-7.5584E-1	9.0581E1	3.6088E0	2.8229E6	
1531	-7.5897E-1	8.5938E1	3.6158E0	2.8252E6	
1532	-7.5699E-1	8.8882E1	3.6227E0	2.8274E6	
1533	-7.5951E-1	8.5146E1	3.6299E0	2.8296E6	
1534	-7.5706E-1	8.8769E1	3.6368E0	2.8318E6	
1535	-7.5958E-1	8.5033E1	3.6437E0	2.8340E6	
1536	-7.6042E-1	8.3787E1	3.6507E0	2.8363E6	
1537	-7.5935E-1	8.5372E1	3.6577E0	2.8385E6	
1538	-7.5981E-1	8.4693E1	3.6647E0	2.8407E6	
1539	-7.5813E-1	8.7184E1	3.6716E0	2.8429E6	
1540	-7.5928E-1	8.5486E1	3.6787E0	2.8451E6	
1541	-7.6035E-1	8.3900E1	3.6856E0	2.8474E6	
1542	-7.6080E-1	8.3221E1	3.6927E0	2.8496E6	
1543	-7.6088E-1	8.3108E1	3.6997E0	2.8518E6	
1544	-7.5935E-1	8.5372E1	3.7067E0	2.8540E6	
1545	-7.6172E-1	8.1862E1	3.7137E0	2.8562E6	
1546	-7.5951E-1	8.5146E1	3.7208E0	2.8585E6	
1547	-7.6416E-1	7.8239E1	3.7279E0	2.8607E6	
1548	-7.6111E-1	8.2768E1	3.7348E0	2.8629E6	
1549	-7.6118E-1	8.2655E1	3.7418E0	2.8651E6	
1550	-7.6035E-1	8.3900E1	3.7488E0	2.8673E6	
1551	-7.6233E-1	8.0956E1	3.7559E0	2.8696E6	
1552	-7.6309E-1	7.9824E1	3.7630E0	2.8718E6	
1553	-7.6164E-1	8.1976E1	3.7700E0	2.8740E6	
1554	-7.6355E-1	7.9145E1	3.7771E0	2.8762E6	
1555	-7.6378E-1	7.8805E1	3.7841E0	2.8784E6	
1556	-7.6355E-1	7.9145E1	3.7912E0	2.8807E6	
1557	-7.6424E-1	7.8126E1	3.7981E0	2.8829E6	
1558	-7.6256E-1	8.0617E1	3.8052E0	2.8851E6	
1559	-7.6134E-1	8.2428E1	3.8124E0	2.8873E6	
1560	-7.6447E-1	7.7786E1	3.8194E0	2.8895E6	
1561	-7.6485E-1	7.7220E1	3.8265E0	2.8918E6	
1562	-7.6637E-1	7.4956E1	3.8336E0	2.8940E6	
1563	-7.6492E-1	7.7107E1	3.8405E0	2.8962E6	
1564	-7.6553E-1	7.6201E1	3.8478E0	2.8984E6	
1565	-7.6660E-1	7.4616E1	3.8548E0	2.9006E6	
1566	-7.6691E-1	7.4163E1	3.8619E0	2.9029E6	
1567	-7.6591E-1	7.5635E1	3.8690E0	2.9051E6	
1568	-7.6622E-1	7.5182E1	3.8761E0	2.9073E6	
1569	-7.6866E-1	7.1559E1	3.8832E0	2.9095E6	
1570	-7.6691E-1	7.4163E1	3.8903E0	2.9117E6	
1571	-7.6820E-1	7.2238E1	3.8974E0	2.9140E6	
1572	-7.6614E-1	7.5295E1	3.9045E0	2.9162E6	
1573	-7.6530E-1	7.6541E1	3.9117E0	2.9184E6	
1574	-7.6866E-1	7.1559E1	3.9188E0	2.9206E6	
1575	-7.6744E-1	7.3370E1	3.9260E0	2.9228E6	
1576	-7.6508E-1	7.6880E1	3.9331E0	2.9251E6	
1577	-7.6859E-1	7.1672E1	3.9401E0	2.9273E6	
1578	-7.6660E-1	7.4616E1	3.9472E0	2.9295E6	
1579	-7.6775E-1	7.2917E1	3.9544E0	2.9317E6	
1580	-7.6927E-1	7.0653E1	3.9616E0	2.9339E6	
1581	-7.6782E-1	7.2804E1	3.9687E0	2.9362E6	
1582	-7.6920E-1	7.0766E1	3.9759E0	2.9384E6	
1583	-7.7110E-1	6.7936E1	3.9830E0	2.9406E6	
1584	-7.7194E-1	6.6690E1	3.9903E0	2.9428E6	
1585	-7.7026E-1	6.9181E1	3.9973E0	2.9450E6	
1586	-7.7003E-1	6.9521E1	4.0045E0	2.9473E6	
1587	-7.7042E-1	6.8955E1	4.0117E0	2.9495E6	
1588	-7.6942E-1	7.0426E1	4.0189E0	2.9517E6	
1589	-7.6859E-1	7.1672E1	4.0260E0	2.9539E6	
1590	-7.7042E-1	6.8955E1	4.0332E0	2.9561E6	
1591	-7.7156E-1	6.7256E1	4.0404E0	2.9584E6	
1592	-7.7248E-1	6.5897E1	4.0476E0	2.9606E6	
1593	-7.7408E-1	6.3520E1	4.0546E0	2.9628E6	
1594	-7.7049E-1	6.8841E1	4.0620E0	2.9650E6	
1595	-7.7339E-1	6.4539E1	4.0691E0	2.9672E6	
1596	-7.7103E-1	6.8049E1	4.0763E0	2.9695E6	
1597	-7.7301E-1	6.5105E1	4.0836E0	2.9717E6	
1598	-7.7164E-1	6.7143E1	4.0907E0	2.9739E6	
1599	-7.7217E-1	6.6350E1	4.0979E0	2.9761E6	
1600	-7.7278E-1	6.5445E1	4.1052E0	2.9783E6	
1601	-7.6950E-1	7.0313E1	4.1123E0	2.9806E6	
1602	-7.7370E-1	6.4086E1	4.1195E0	2.9828E6	
1603	-7.7232E-1	6.6124E1	4.1267E0	2.9850E6	
1604	-7.7484E-1	6.2387E1	4.1340E0	2.9872E6	
1605	-7.7599E-1	6.0689E1	4.1412E0	2.9894E6	
1606	-7.7385E-1	6.3859E1	4.1485E0	2.9917E6	
1607	-7.7515E-1	6.1935E1	4.1557E0	2.9939E6	
1608	-7.7461E-1	6.2727E1	4.1629E0	2.9961E6	
1609	-7.7438E-1	6.3067E1	4.1700E0	2.9983E6	
1610	-7.7766E-1	5.8198E1	4.1773E0	3.0005E6	
1611	-7.7652E-1	5.9896E1	4.1845E0	3.0028E6	
1612	-7.7499E-1	6.2161E1	4.1919E0	3.0050E6	
1613	-7.7515E-1	6.1935E1	4.1991E0	3.0072E6	
1614	-7.7721E-1	5.8877E1	4.2063E0	3.0094E6	
1615	-7.7820E-1	5.7406E1	4.2136E0	3.0116E6	
1616	-7.7515E-1	6.1935E1	4.2209E0	3.0139E6	
1617	-7.7614E-1	6.0463E1	4.2281E0	3.0161E6	
1618	-7.7827E-1	5.7292E1	4.2353E0	3.0183E6	
1619	-7.7881E-1	5.6500E1	4.2426E0	3.0205E6	
1620	-7.7820E-1	5.7406E1	4.2500E0	3.0227E6	
1621	-7.7873E-1	5.6613E1	4.2572E0	3.0250E6	
1622	-7.7911E-1	5.6047E1	4.2644E0	3.0272E6	
1623	-7.7942E-1	5.5594E1	4.2717E0	3.0294E6	
1624	-7.7690E-1	5.9330E1	4.2790E0	3.0316E6	
1625	-7.7995E-1	5.4801E1	4.2862E0	3.0338E6	
1626	-7.7812E-1	5.7519E1	4.2935E0	3.0361E6	
1627	-7.7934E-1	5.5707E1	4.3008E0	3.0383E6	
1628	-7.8049E-1	5.4009E1	4.3082E0	3.0405E6	
1629	-7.7766E-1	5.8198E1	4.3155E0	3.0427E6	
1630	-7.7927E-1	5.5820E1	4.3228E0	3.0449E6	
1631	-7.8247E-1	5.1065E1	4.3301E0	3.0472E6	
1632	-7.7904E-1	5.6160E1	4.3374E0	3.0494E6	
1633	-7.8056E-1	5.3896E1	4.3446E0	3.0516E6	
1634	-7.8232E-1	5.1291E1	4.3520E0	3.0538E6	
1635	-7.8239E-1	5.1178E1	4.3594E0	3.0560E6	
1636	-7.8270E-1	5.0725E1	4.3666E0	3.0583E6	
1637	-7.8003E-1	5.4688E1	4.3740E0	3.0605E6	
1638	-7.8163E-1	5.2310E1	4.3813E0	3.0627E6	
1639	-7.8262E-1	5.0838E1	4.3887E0	3.0649E6	
1640	-7.8316E-1	5.0046E1	4.3960E0	3.0671E6	
1641	-7.8117E-1	5.2990E1	4.4033E0	3.0694E6	
1642	-7.8445E-1	4.8121E1	4.4107E0	3.0716E6	
1643	-7.8255E-1	5.0952E1	4.4180E0	3.0738E6	
1644	-7.8178E-1	5.2084E1	4.4253E0	3.0760E6	
1645	-7.8003E-1	5.4688E1	4.4326E0	3.0782E6	
1646	-7.8552E-1	4.6536E1	4.4400E0	3.0805E6	
1647	-7.8354E-1	4.9480E1	4.4473E0	3.0827E6	
1648	-7.8346E-1	4.9593E1	4.4546E0	3.0849E6	
1649	-7.8377E-1	4.9140E1	4.4620E0	3.0871E6	
1650	-7.8316E-1	5.0046E1	4.4694E0	3.0893E6	
1651	-7.8720E-1	4.4045E1	4.4767E0	3.0916E6	
1652	-7.8415E-1	4.8574E1	4.4841E0	3.0938E6	
1653	-7.8606E-1	4.5743E1	4.4915E0	3.0960E6	
1654	-7.8476E-1	4.7668E1	4.4989E0	3.0982E6	
1655	-7.8636E-1	4.5290E1	4.5061E0	3.1004E6	
1656	-7.8712E-1	4.4158E1	4.5136E0	3.1027E6	
1657	-7.8659E-1	4.4951E1	4.5209E0	3.1049E6	
1658	-7.8537E-1	4.6762E1	4.5283E0	3.1071E6	
1659	-7.8735E-1	4.3818E1	4.5357E0	3.1093E6	
1660	-7.8659E-1	4.4951E1	4.5431E0	3.1115E6	
1661	-7.8491E-1	4.7442E1	4.5504E0	3.1138E6	
1662	-7.8659E-1	4.4951E1	4.5579E0	3.1160E6	
1663	-7.8850E-1	4.2120E1	4.5652E0	3.1182E6	
1664	-7.8690E-1	4.4498E1	4.5725E0	3.1204E6	
1665	-7.8636E-1	4.5290E1	4.5799E0	3.1226E6	
1666	-7.8972E-1	4.0308E1	4.5873E0	3.1249E6	
1667	-7.8735E-1	4.3818E1	4.5947E0	3.1271E6	
1668	-7.8926E-1	4.0988E1	4.6021E0	3.1293E6	
1669	-7.8659E-1	4.4951E1	4.6095E0	3.1315E6	
1670	-7.8865E-1	4.1894E1	4.6170E0	3.1337E6	
1671	-7.8957E-1	4.0535E1	4.6243E0	3.1360E6	
1672	-7.8911E-1	4.1214E1	4.6318E0	3.1382E6	
1673	-7.8743E-1	4.3705E1	4.6392E0	3.1404E6	
1674	-7.8888E-1	4.1554E1	4.6465E0	3.1426E6	
1675	-7.9018E-1	3.9629E1	4.6538E0	3.1448E6	
1676	-7.8949E-1	4.0648E1	4.6614E0	3.1471E6	
1677	-7.9041E-1	3.9289E1	4.6687E0	3.1493E6	
1678	-7.9025E-1	3.9516E1	4.6762E0	3.1515E6	
1679	-7.9124E-1	3.8044E1	4.6836E0	3.1537E6	
1680	-7.8896E-1	4.1441E1	4.6910E0	3.1559E6	
1681	-7.9178E-1	3.7251E1	4.6984E0	3.1582E6	
1682	-7.9353E-1	3.4647E1	4.7057E0	3.1604E6	
1683	-7.9201E-1	3.6912E1	4.7132E0	3.1626E6	
1684	-7.9529E-1	3.2043E1	4.7206E0	3.1648E6	
1685	-7.9132E-1	3.7931E1	4.7280E0	3.1670E6	
1686	-7.9170E-1	3.7365E1	4.7354E0	3.1693E6	
1687	-7.9391E-1	3.4081E1	4.7429E0	3.1715E6	
1688	-7.9407E-1	3.3855E1	4.7503E0	3.1737E6	
1689	-7.9422E-1	3.3628E1	4.7576E0	3.1759E6	
1690	-7.9391E-1	3.4081E1	4.7651E0	3.1781E6	
1691	-7.9361E-1	3.4534E1	4.7725E0	3.1804E6	
1692	-7.9460E-1	3.3062E1	4.7800E0	3.1826E6	
1693	-7.9506E-1	3.2383E1	4.7874E0	3.1848E6	
1694	-7.9590E-1	3.1137E1	4.7949E0	3.1870E6	
1695	-7.9483E-1	3.2722E1	4.8023E0	3.1892E6	
1696	-7.9239E-1	3.6346E1	4.8097E0	3.1915E6	
1697	-7.9514E-1	3.2269E1	4.8172E0	3.1937E6	
1698	-7.9346E-1	3.4760E1	4.8246E0	3.1959E6	
1699	-7.9697E-1	2.9552E1	4.8320E0	3.1981E6	
1700	-7.9521E-1	3.2156E1	4.8395E0	3.2003E6	
1701	-7.9735E-1	2.8986E1	4.8470E0	3.2026E6	
1702	-7.9437E-1	3.3402E1	4.8544E0	3.2048E6	
1703	-7.9643E-1	3.0345E1	4.8618E0	3.2070E6	
1704	-8.0025E-1	2.4683E1	4.8692E0	3.2092E6	
1705	-7.9643E-1	3.0345E1	4.8767E0	3.2114E6	
1706	-7.9636E-1	3.0458E1	4.8842E0	3.2137E6	
1707	-7.9750E-1	2.8759E1	4.8916E0	3.2159E6	
1708	-7.9651E-1	3.0231E1	4.8990E0	3.2181E6	
1709	-7.9796E-1	2.8080E1	4.9065E0	3.2203E6	
1710	-7.9765E-1	2.8533E1	4.9139E0	3.2225E6	
1711	-7.9765E-1	2.8533E1	4.9214E0	3.2248E6	
1712	-7.9834E-1	2.7514E1	4.9289E0	3.2270E6	
1713	-7.9697E-1	2.9552E1	4.9363E0	3.2292E6	
1714	-8.0002E-1	2.5023E1	4.9438E0	3.2314E6	
1715	-8.0009E-1	2.4910E1	4.9513E0	3.2336E6	
1716	-7.9933E-1	2.6042E1	4.9588E0	3.2359E6	
1717	-8.0238E-1	2.1513E1	4.9662E0	3.2381E6	
1718	-8.0078E-1	2.3891E1	4.9736E0	3.2403E6	
1719	-8.0040E-1	2.4457E1	4.9811E0	3.2425E6	
1720	-8.0025E-1	2.4683E1	4.9886E0	3.2447E6	
1721	-8.0177E-1	2.2419E1	4.9960E0	3.2470E6	
1722	-8.0086E-1	2.3777E1	5.0034E0	3.2492E6	
1723	-8.0048E-1	2.4344E1	5.0110E0	3.2514E6	
1724	-7.9758E-1	2.8646E1	5.0184E0	3.2536E6	
1725	-8.0330E-1	2.0154E1	5.0260E0	3.2558E6	
1726	-8.0177E-1	2.2419E1	5.0334E0	3.2581E6	
1727	-7.9933E-1	2.6042E1	5.0408E0	3.2603E6	
1728	-8.0376E-1	1.9475E1	5.0483E0	3.2625E6	
1729	-8.0284E-1	2.0834E1	5.0558E0	3.2647E6	
1730	-7.9987E-1	2.5249E1	5.0632E0	3.2669E6	
1731	-8.0162E-1	2.2645E1	5.0707E0	3.2692E6	
1732	-8.0086E-1	2.3777E1	5.0782E0	3.2714E6	
1733	-8.0246E-1	2.1400E1	5.0858E0	3.2736E6	
1734	-8.0490E-1	1.7777E1	5.0931E0	3.2758E6	
1735	-8.0246E-1	2.1400E1	5.1006E0	3.2780E6	
1736	-8.0185E-1	2.2306E1	5.1081E0	3.2803E6	
1737	-8.0353E-1	1.9815E1	5.1156E0	3.2825E6	
1738	-8.0376E-1	1.9475E1	5.1231E0	3.2847E6	
1739	-8.0460E-1	1.8229E1	5.1305E0	3.2869E6	
1740	-8.0688E-1	1.4833E1	5.1381E0	3.2891E6	
1741	-8.0559E-1	1.6757E1	5.1455E0	3.2914E6	
1742	-8.0589E-1	1.6305E1	5.1530E0	3.2936E6	
1743	-8.0833E-1	1.2681E1	5.1604E0	3.2958E6	
1744	-8.0696E-1	1.4719E1	5.1680E0	3.2980E6	
1745	-8.0666E-1	1.5172E1	5.1754E0	3.3002E6	
1746	-8.0536E-1	1.7097E1	5.1830E0	3.3025E6	
1747	-8.0635E-1	1.5625E1	5.1904E0	3.3047E6	
1748	-8.0772E-1	1.3587E1	5.1979E0	3.3069E6	
1749	-8.0399E-1	1.9135E1	5.2053E0	3.3091E6	
1750	-8.0505E-1	1.7550E1	5.2128E0	3.3113E6	
1751	-8.0864E-1	1.2228E1	5.2202E0	3.3136E6	
1752	-8.0750E-1	1.3927E1	5.2278E0	3.3158E6	
1753	-8.0315E-1	2.0381E1	5.2352E0	3.3180E6	
1754	-8.0833E-1	1.2681E1	5.2427E0	3.3202E6	
1755	-8.0650E-1	1.5399E1	5.2501E0	3.3224E6	
1756	-8.0841E-1	1.2568E1	5.2577E0	3.3247E6	
1757	-8.0864E-1	1.2228E1	5.2651E0	3.3269E6	
1758	-8.0894E-1	1.1776E1	5.2725E0	3.3291E6	
1759	-8.0780E-1	1.3474E1	5.2800E0	3.3313E6	
1760	-8.0910E-1	1.1549E1	5.2876E0	3.3335E6	
1761	-8.1131E-1	8.2655E0	5.2950E0	3.3358E6	
1762	-8.0826E-1	1.2795E1	5.3025E0	3.3380E6	
1763	-8.1108E-1	8.6052E0	5.3099E0	3.3402E6	
1764	-8.0894E-1	1.1776E1	5.3174E0	3.3424E6	
1765	-8.1100E-1	8.7185E0	5.3247E0	3.3446E6	
1766	-8.1139E-1	8.1523E0	5.3323E0	3.3469E6	
1767	-8.1154E-1	7.9259E0	5.3397E0	3.3491E6	
1768	-8.0933E-1	1.1209E1	5.3472E0	3.3513E6	
1769	-8.1184E-1	7.4730E0	5.3546E0	3.3535E6	
1770	-8.1322E-1	5.4349E0	5.3621E0	3.3557E6	
1771	-8.1001E-1	1.0190E1	5.3696E0	3.3580E6	
1772	-8.1139E-1	8.1523E0	5.3769E0	3.3602E6	
1773	-8.1207E-1	7.1333E0	5.3844E0	3.3624E6	
1774	-8.1261E-1	6.3407E0	5.3919E0	3.3646E6	
1775	-8.1413E-1	4.0762E0	5.3993E0	3.3668E6	
1776	-8.1100E-1	8.7185E0	5.4067E0	3.3691E6	
1777	-8.1413E-1	4.0762E0	5.4143E0	3.3713E6	
1778	-8.1169E-1	7.6994E0	5.4216E0	3.3735E6	
1779	-8.1535E-1	2.2646E0	5.4292E0	3.3757E6	
1780	-8.1306E-1	5.6614E0	5.4365E0	3.3779E6	
1781	-8.1360E-1	4.8688E0	5.4440E0	3.3802E6	
1782	-8.1352E-1	4.9820E0	5.4514E0	3.3824E6	
1783	-8.1253E-1	6.4539E0	5.4590E0	3.3846E6	
1784	-8.1306E-1	5.6614E0	5.4664E0	3.3868E6	
1785	-8.1360E-1	4.8688E0	5.4738E0	3.3890E6	
1786	-8.1482E-1	3.0572E0	5.4812E0	3.3913E6	
1787	-8.1673E-1	2.2652E-1	5.4887E0	3.3935E6	
1788	-8.1635E-1	7.9265E-1	5.4961E0	3.3957E6	
1789	-8.1573E-1	1.6985E0	5.5037E0	3.3979E6	
1790	-8.1535E-1	2.2646E0	5.5111E0	3.4001E6	
1791	-8.1711E-1	-3.3961E-1	5.5185E0	3.4024E6	
1792	-8.1657E-1	4.5297E-1	5.5226E0	3.4035E6	
1793	-8.1657E-1	4.5297E-1	5.5226E0	3.4035E6	
1794	-8.1657E-1	4.5297E-1	5.5226E0	3.4035E6	
1795	-8.1657E-1	4.5297E-1	5.5226E0	3.4035E6	
1796	-8.1657E-1	4.5297E-1	5.5226E0	3.4035E6	
1797	-8.1657E-1	4.5297E-1	5.5226E0	3.4035E6	
1798	-8.1657E-1	4.5297E-1	5.5226E0	3.4035E6	
1799	-8.1657E-1	4.5297E-1	5.5226E0	3.4035E6	
1800	-8.1657E-1	4.5297E-1	5.5226E0	3.4035E6	
1801	-8.1657E-1	4.5297E-1	5.5226E0	3.4035E6	
1802	-8.1657E-1	4.5297E-1	5.5226E0	3.4035E6	
1803	-8.1657E-1	4.5297E-1	5.5226E0	3.4035E6	
1804	-8.1657E-1	4.5297E-1	5.5226E0	3.4035E6	
1805	-8.1657E-1	4.5297E-1	5.5226E0	3.4035E6	
1806	-8.1657E-1	4.5297E-1	5.5226E0	3.4035E6	
1807	-8.1657E-1	4.5297E-1	5.5226E0	3.4035E6	
1808	-8.1657E-1	4.5297E-1	5.5226E0	3.4035E6	
1809	-8.1657E-1	4.5297E-1	5.5226E0	3.4035E6	
1810	-8.1657E-1	4.5297E-1	5.5226E0	3.4035E6	
1811	-8.1657E-1	4.5297E-1	5.5226E0	3.4035E6	
1812	-8.1657E-1	4.5297E-1	5.5226E0	3.4035E6	
1813	-8.1657E-1	4.5297E-1	5.5226E0	3.4035E6	
1814	-8.1657E-1	4.5297E-1	5.5226E0	3.4035E6	
1815	-8.1657E-1	4.5297E-1	5.5226E0	3.4035E6	
1816	-8.1657E-1	4.5297E-1	5.5226E0	3.4035E6	
1817	-8.1657E-1	4.5297E-1	5.5226E0	3.4035E6	
1818	-8.1657E-1	4.5297E-1	5.5226E0	3.4035E6	
1819	-8.1657E-1	4.5297E-1	5.5226E0	3.4035E6	
1820	-8.1657E-1	4.5297E-1	5.5226E0	3.4035E6	
1821	-8.1657E-1	4.5297E-1	5.5226E0	3.4035E6	
1822	-8.1657E-1	4.5297E-1	5.5226E0	3.4035E6	
1823	-8.1657E-1	4.5297E-1	5.5226E0	3.4035E6	
1824	-8.1657E-1	4.5297E-1	5.5226E0	3.4035E6	
1825	-8.1657E-1	4.5297E-1	5.5226E0	3.4035E6	
1826	-8.1657E-1	4.5297E-1	5.5226E0	3.4035E6	
1827	-8.1657E-1	4.5297E-1	5.5226E0	3.4035E6	
1828	-8.1657E-1	4.5297E-1	5.5226E0	3.4035E6	
1829	-8.1657E-1	4.5297E-1	5.5226E0	3.4035E6	
1830	-8.1657E-1	4.5297E-1	5.5226E0	3.4035E6	
1831	-8.1657E-1	4.5297E-1	5.5226E0	3.4035E6	
1832	-8.1657E-1	4.5297E-1	5.5226E0	3.4035E6	
1833	-8.1657E-1	4.5297E-1	5.5226E0	3.4035E6	
1834	-8.1657E-1	4.5297E-1	5.5226E0	3.4035E6	
1835	-8.1657E-1	4.5297E-1	5.5226E0	3.4035E6	
1836	-8.1657E-1	4.5297E-1	5.5226E0	3.4035E6	
1837	-8.1657E-1	4.5297E-1	5.5226E0	3.4035E6	
1838	-8.1657E-1	4.5297E-1	5.5226E0	3.4035E6	
1839	-8.1657E-1	4.5297E-1	5.5226E0	3.4035E6	
1840	-8.1657E-1	4.5297E-1	5.5226E0	3.4035E6	
1841	-8.1657E-1	4.5297E-1	5.5226E0	3.4035E6	
1842	-8.1657E-1	4.5297E-1	5.5226E0	3.4035E6	
1843	-8.1657E-1	4.5297E-1	5.5226E0	3.4035E6	
1844	-8.1657E-1	4.5297E-1	5.5226E0	3.4035E6	
1845	-8.1657E-1	4.5297E-1	5.5226E0	3.4035E6	
1846	-8.1657E-1	4.5297E-1	5.5226E0	3.4035E6	
1847	-8.1657E-1	4.5297E-1	5.5226E0	3.4035E6	
1848	-8.1657E-1	4.5297E-1	5.5226E0	3.4035E6	
1849	-8.1657E-1	4.5297E-1	5.5226E0	3.4035E6	
1850	-8.1657E-1	4.5297E-1	5.5226E0	3.4035E6	
1851	-8.1657E-1	4.5297E-1	5.5226E0	3.4035E6	
1852	-8.1657E-1	4.5297E-1	5.5226E0	3.4035E6	
1853	-8.1657E-1	4.5297E-1	5.5226E0	3.4035E6	
1854	-8.1657E-1	4.5297E-1	5.5226E0	3.4035E6	
1855	-8.1657E-1	4.5297E-1	5.5226E0	3.4035E6	
1856	-8.1657E-1	4.5297E-1	5.5226E0	3.4035E6	
1857	-8.1657E-1	4.5297E-1	5.5226E0	3.4035E6	
1858	-8.1657E-1	4.5297E-1	5.5226E0	3.4035E6	
1859	-8.1657E-1	4.5297E-1	5.5226E0	3.4035E6	
1860	-8.1657E-1	4.5297E-1	5.5226E0	3.4035E6	
1861	-8.1657E-1	4.5297E-1	5.5226E0	3.4035E6	
1862	-8.1657E-1	4.5297E-1	5.5226E0	3.4035E6	
1863	-8.1657E-1	4.5297E-1	5.5226E0	3.4035E6	
1864	-8.1657E-1	4.5297E-1	5.5226E0	3.4035E6	
1865	-8.1657E-1	4.5297E-1	5.5226E0	3.4035E6	
1866	-8.1657E-1	4.5297E-1	5.5226E0	3.4035E6	
1867	-8.1657E-1	4.5297E-1	5.5226E0	3.4035E6	
1868	-8.1657E-1	4.5297E-1	5.5226E0	3.4035E6	
1869	-8.1657E-1	4.5297E-1	5.5226E0	3.4035E6	
1870	-8.1657E-1	4.5297E-1	5.5226E0	3.4035E6	
1871	-8.1657E-1	4.5297E-1	5.5226E0	3.4035E6	
1872	-8.1657E-1	4.5297E-1	5.5226E0	3.4035E6	
1873	-8.1657E-1	4.5297E-1	5.5226E0	3.4035E6	
1874	-8.1657E-1	4.5297E-1	5.5226E0	3.4035E6	
1875	-8.1657E-1	4.5297E-1	5.5226E0	3.4035E6	
1876	-8.1657E-1	4.5297E-1	5.5226E0	3.4035E6	
1877	-8.1657E-1	4.5297E-1	5.5226E0	3.4035E6	
1878	-8.1657E-1	4.5297E-1	5.5226E0	3.4035E6	
1879	-8.1657E-1	4.5297E-1	5.5226E0	3.4035E6	
1880	-8.1657E-1	4.5297E-1	5.5226E0	3.4035E6	
1881	-8.1657E-1	4.5297E-1	5.5226E0	3.4035E6	
1882	-8.1657E-1	4.5297E-1	5.5226E0	3.4035E6	
1883	-8.1657E-1	4.5297E-1	5.5226E0	3.4035E6	
1884	-8.1657E-1	4.5297E-1	5.5226E0	3.4035E6	
1885	-8.1657E-1	4.5297E-1	5.5226E0	3.4035E6	
1886	-8.1657E-1	4.5297E-1	5.5226E0	3.4035E6	
1887	-8.1657E-1	4.5297E-1	5.5226E0	3.4035E6	
1888	-8.1657E-1	4.5297E-1	5.5226E0	3.4035E6	
1889	-8.1657E-1	4.5297E-1	5.5226E0	3.4035E6	
1890	-8.1657E-1	4.5297E-1	5.5226E0	3.4035E6	
1891	-8.1657E-1	4.5297E-1	5.5226E0	3.4035E6	
1892	-8.1657E-1	4.5297E-1	5.5226E0	3.4035E6	
1893	-8.1657E-1	4.5297E-1	5.5226E0	3.4035E6	
1894	-8.1657E-1	4.5297E-1	5.5226E0	3.4035E6	
1895	-8.1657E-1	4.5297E-1	5.5226E0	3.4035E6	
1896	-8.1657E-1	4.5297E-1	5.5226E0	3.4035E6	
1897	-8.1657E-1	4.5297E-1	5.5226E0	3.4035E6	
1898	-8.1657E-1	4.5297E-1	5.5226E0	3.4035E6	
1899	-8.1657E-1	4.5297E-1	5.5226E0	3.4035E6	
1900	-8.1657E-1	4.5297E-1	5.5226E0	3.4035E6	
1901	-8.1657E-1	4.5297E-1	5.5226E0	3.4035E6	
1902	-8.1657E-1	4.5297E-1	5.5226E0	3.4035E6	
1903	-8.1657E-1	4.5297E-1	5.5226E0	3.4035E6	
1904	-8.1657E-1	4.5297E-1	5.5226E0	3.4035E6	
1905	-8.1657E-1	4.5297E-1	5.5226E0	3.4035E6	
1906	-8.1657E-1	4.5297E-1	5.5226E0	3.4035E6	
1907	-8.1657E-1	4.5297E-1	5.5226E0	3.4035E6	
1908	-8.1657E-1	4.5297E-1	5.5226E0	3.4035E6	
1909	-8.1657E-1	4.5297E-1	5.5226E0	3.4035E6	
1910	-8.1657E-1	4.5297E-1	5.5226E0	3.4035E6	
1911	-8.1657E-1	4.5297E-1	5.5226E0	3.4035E6	
1912	-8.1657E-1	4.5297E-1	5.5226E0	3.4035E6	
1913	-8.1657E-1	4.5297E-1	5.5226E0	3.4035E6	
1914	-8.1657E-1	4.5297E-1	5.5226E0	3.4035E6	
1915	-8.1657E-1	4.5297E-1	5.5226E0	3.4035E6	
1916	-8.1657E-1	4.5297E-1	5.5226E0	3.4035E6	
1917	-8.1657E-1	4.5297E-1	5.5226E0	3.4035E6	
1918	-8.1657E-1	4.5297E-1	5.5226E0	3.4035E6	
1919	-8.1657E-1	4.5297E-1	5.5226E0	3.4035E6	
1920	-8.1657E-1	4.5297E-1	5.5226E0	3.4035E6	
1921	-8.1657E-1	4.5297E-1	5.5226E0	3.4035E6	
1922	-8.1657E-1	4.5297E-1	5.5226E0	3.4035E6	
1923	-8.1657E-1	4.5297E-1	5.5226E0	3.4035E6	
1924	-8.1657E-1	4.5297E-1	5.5226E0	3.4035E6	
1925	-8.1657E-1	4.5297E-1	5.5226E0	3.4035E6	
1926	-8.1657E-1	4.5297E-1	5.5226E0	3.4035E6	
1927	-8.1657E-1	4.5297E-1	5.5226E0	3.4035E6	
1928	-8.1657E-1	4.5297E-1	5.5226E0	3.4035E6	
1929	-8.1657E-1	4.5297E-1	5.5226E0	3.4035E6	
1930	-8.1657E-1	4.5297E-1	5.5226E0	3.4035E6	
1931	-8.1657E-1	4.5297E-1	5.5226E0	3.4035E6	
1932	-8.1657E-1	4.5297E-1	5.5226E0	3.4035E6	
1933	-8.1657E-1	4.5297E-1	5.5226E0	3.4035E6	
1934	-8.1657E-1	4.5297E-1	5.5226E0	3.4035E6	
1935	-8.1657E-1	4.5297E-1	5.5226E0	3.4035E6	
1936	-8.1657E-1	4.5297E-1	5.5226E0	3.4035E6	
1937	-8.1657E-1	4.5297E-1	5.5226E0	3.4035E6	
1938	-8.1657E-1	4.5297E-1	5.5226E0	3.4035E6	
1939	-8.1657E-1	4.5297E-1	5.5226E0	3.4035E6	
1940	-8.1657E-1	4.5297E-1	5.5226E0	3.4035E6	
1941	-8.1657E-1	4.5297E-1	5.5226E0	3.4035E6	
1942	-8.1657E-1	4.5297E-1	5.5226E0	3.4035E6	
1943	-8.1657E-1	4.5297E-1	5.5226E0	3.4035E6	
1944	-8.1657E-1	4.5297E-1	5.5226E0	3.4035E6	
1945	-8.1657E-1	4.5297E-1	5.5226E0	3.4035E6	
1946	-8.1657E-1	4.5297E-1	5.5226E0	3.4035E6	
1947	-8.1657E-1	4.5297E-1	5.5226E0	3.4035E6	
1948	-8.1657E-1	4.5297E-1	5.5226E0	3.4035E6	
1949	-8.1657E-1	4.5297E-1	5.5226E0	3.4035E6	
1950	-8.1657E-1	4.5297E-1	5.5226E0	3.4035E6	
1951	-8.1657E-1	4.5297E-1	5.5226E0	3.4035E6	
1952	-8.1657E-1	4.5297E-1	5.5226E0	3.4035E6	
1953	-8.1657E-1	4.5297E-1	5.5226E0	3.4035E6	
1954	-8.1657E-1	4.5297E-1	5.5226E0	3.4035E6	
1955	-8.1657E-1	4.5297E-1	5.5226E0	3.4035E6	
1956	-8.1657E-1	4.5297E-1	5.5226E0	3.4035E6	
1957	-8.1657E-1	4.5297E-1	5.5226E0	3.4035E6	
1958	-8.1657E-1	4.5297E-1	5.5226E0	3.4035E6	
1959	-8.1657E-1	4.5297E-1	5.5226E0	3.4035E6	
1960	-8.1657E-1	4.5297E-1	5.5226E0	3.4035E6	
1961	-8.1657E-1	4.5297E-1	5.5226E0	3.4035E6	
1962	-8.1657E-1	4.5297E-1	5.5226E0	3.4035E6	
1963	-8.1657E-1	4.5297E-1	5.5226E0	3.4035E6	
1964	-8.1657E-1	4.5297E-1	5.5226E0	3.4035E6	
1965	-8.1657E-1	4.5297E-1	5.5226E0	3.4035E6	
1966	-8.1657E-1	4.5297E-1	5.5226E0	3.4035E6	
1967	-8.1657E-1	4.5297E-1	5.5226E0	3.4035E6	
1968	-8.1657E-1	4.5297E-1	5.5226E0	3.4035E6	
1969	-8.1657E-1	4.5297E-1	5.5226E0	3.4035E6	
1970	-8.1657E-1	4.5297E-1	5.5226E0	3.4035E6	
1971	-8.1657E-1	4.5297E-1	5.5226E0	3.4035E6	
1972	-8.1657E-1	4.5297E-1	5.5226E0	3.4035E6	
1973	-8.1657E-1	4.5297E-1	5.5226E0	3.4035E6	
1974	-8.1657E-1	4.5297E-1	5.5226E0	3.4035E6	
1975	-8.1657E-1	4.5297E-1	5.5226E0	3.4035E6	
1976	-8.1657E-1	4.5297E-1	5.5226E0	3.4035E6	
1977	-8.1657E-1	4.5297E-1	5.5226E0	3.4035E6	
1978	-8.1657E-1	4.5297E-1	5.5226E0	3.4035E6	
1979	-8.1657E-1	4.5297E-1	5.5226E0	3.4035E6	
1980	-8.1657E-1	4.5297E-1	5.5226E0	3.4035E6	
1981	-8.1657E-1	4.5297E-1	5.5226E0	3.4035E6	
1982	-8.1657E-1	4.5297E-1	5.5226E0	3.4035E6	
1983	-8.1657E-1	4.5297E-1	5.5226E0	3.4035E6	
1984	-8.1657E-1	4.5297E-1	5.5226E0	3.4035E6	
1985	-8.1657E-1	4.5297E-1	5.5226E0	3.4035E6	
1986	-8.1657E-1	4.5297E-1	5.5226E0	3.4035E6	
1987	-8.1657E-1	4.5297E-1	5.5226E0	3.4035E6	
1988	-8.1657E-1	4.5297E-1	5.5226E0	3.4035E6	
1989	-8.1657E-1	4.5297E-1	5.5226E0	3.4035E6	
1990	-8.1657E-1	4.5297E-1	5.5226E0	3.4035E6	
1991	-8.1657E-1	4.5297E-1	5.5226E0	3.4035E6	
1992	-8.1657E-1	4.5297E-1	5.5226E0	3.4035E6	
1993	-8.1657E-1	4.5297E-1	5.5226E0	3.4035E6	
1994	-8.1657E-1	4.5297E-1	5.5226E0	3.4035E6	
1995	-8.1657E-1	4.5297E-1	5.5226E0	3.4035E6	
1996	-8.1657E-1	4.5297E-1	5.5226E0	3.4035E6	
1997	-8.1657E-1	4.5297E-1	5.5226E0	3.4035E6	
1998	-8.1657E-1	4.5297E-1	5.5226E0	3.4035E6	
1999	-8.1657E-1	4.5297E-1	5.5226E0	3.4035E6	
2000	-8.1657E-1	4.5297E-1	5.5226E0	3.4035E6	
2001	-8.1657E-1	4.5297E-1	5.5226E0	3.4035E6	
2002	-8.1657E-1	4.5297E-1	5.5226E0	3.4035E6	
2003	-8.1657E-1	4.5297E-1	5.5226E0	3.4035E6	
2004	-8.1657E-1	4.5297E-1	5.5226E0	3.4035E6	
2005	-8.1657E-1	4.5297E-1	5.5226E0	3.4035E6	
2006	-8.1657E-1	4.5297E-1	5.5226E0	3.4035E6	
2007	-8.1657E-1	4.5297E-1	5.5226E0	3.4035E6	
2008	-8.1657E-1	4.5297E-1	5.5226E0	3.4035E6	
2009	-8.1657E-1	4.5297E-1	5.5226E0	3.4035E6	
2010	-8.1657E-1	4.5297E-1	5.5226E0	3.4035E6	
2011	-8.1657E-1	4.5297E-1	5.5226E0	3.4035E6	
2012	-8.1657E-1	4.5297E-1	5.5226E0	3.4035E6	
2013	-8.1657E-1	4.5297E-1	5.5226E0	3.4035E6	
2014	-8.1657E-1	4.5297E-1	5.5226E0	3.4035E6	
2015	-8.1657E-1	4.5297E-1	5.5226E0	3.4035E6	
2016	-8.1657E-1	4.5297E-1	5.5226E0	3.4035E6	
2017	-8.1657E-1	4.5297E-1	5.5226E0	3.4035E6	
2018	-8.1657E-1	4.5297E-1	5.5226E0	3.4035E6	
2019	-8.1657E-1	4.5297E-1	5.5226E0	3.4035E6	
2020	-8.1657E-1	4.5297E-1	5.5226E0	3.4035E6	
2021	-8.1657E-1	4.5297E-1	5.5226E0	3.4035E6	
2022	-8.1657E-1	4.5297E-1	5.5226E0	3.4035E6	
2023	-8.1657E-1	4.5297E-1	5.5226E0	3.4035E6	
2024	-8.1657E-1	4.5297E-1	5.5226E0	3.4035E6	
2025	-8.1657E-1	4.5297E-1	5.5226E0	3.4035E6	
2026	-8.1657E-1	4.5297E-1	5.5226E0	3.4035E6	
2027	-8.1657E-1	4.5297E-1	5.5226E0	3.4035E6	
2028	-8.1657E-1	4.5297E-1	5.5226E0	3.4035E6	
2029	-8.1657E-1	4.5297E-1	5.5226E0	3.4035E6	
2030	-8.1657E-1	4.5297E-1	5.5226E0	3.4035E6	
2031	-8.1657E-1	4.5297E-1	5.5226E0	3.4035E6	
2032	-8.1657E-1	4.5297E-1	5.5226E0	3.4035E6	
2033	-8.1657E-1	4.5297E-1	5.5226E0	3.4035E6	
2034	-8.1657E-1	4.5297E-1	5.5226E0	3.4035E6	
2035	-8.1657E-1	4.5297E-1	5.5226E0	3.4035E6	
2036	-8.1657E-1	4.5297E-1	5.5226E0	3.4035E6	
2037	-8.1657E-1	4.5297E-1	5.5226E0	3.4035E6	
2038	-8.1657E-1	4.5297E-1	5.5226E0	3.4035E6	
2039	-8.1657E-1	4.5297E-1	5.5226E0	3.4035E6	
2040	-8.1657E-1	4.5297E-1	5.5226E0	3.4035E6	
2041	-8.1657E-1	4.5297E-1	5.5226E0	3.4035E6	
2042	-8.1657E-1	4.5297E-1	5.5226E0	3.4035E6	
2043	-8.1657E-1	4.5297E-1	5.5226E0	3.4035E6	
2044	-8.1657E-1	4.5297E-1	5.5226E0	3.4035E6	
2045	-8.1657E-1	4.5297E-1	5.5226E0	3.4035E6	
2046	-8.1657E-1	4.5297E-1	5.5226E0	3.4035E6	
2047	-8.1657E-1	4.5297E-1	5.5226E0	3.4035E6	
2048	-8.1657E-1	4.5297E-1	5.5226E0	3.4035E6	
